mat_00,mat_10,mat_20,mat_30,mat_01,mat_11,mat_21,mat_31,mat_02,mat_12,mat_22,mat_32,mat_03,mat_13,mat_23,mat_33,ctw_00,ctw_10,ctw_20,ctw_30,ctw_01,ctw_11,ctw_21,ctw_31,ctw_02,ctw_12,ctw_22,ctw_32,ctw_03,ctw_13,ctw_23,ctw_33,opennessl,opennessr,eye_x,eye_y,eye_z,time,frame,ray_x,ray_y,ray_z,base_x,base_y,base_z
0.01045662,0.128655,-0.9916344,0,0.06714533,0.9893599,0.129068,0,-0.9976886,0.06793325,-0.001706779,0,11.21094,1.264419,-28.52877,1,0.01045662,0.06714535,-0.9976882,0,0.128655,0.9893599,0.06793321,0,-0.9916342,0.1290679,-0.001706779,0,-28.57,1.678422,11.05043,1,0.0,0.0,-0.003429817,-0.001386284,-0.0264461,4.04,1,0.03939606806013516,-0.042533589428930325,0.9983180072460339,0.03939606806013516,-0.042533589428930325,0.9983180072460339
0.00996834,0.1287738,-0.9916239,0,0.06639584,0.9893994,0.1291524,0,-0.9977436,0.06712715,-0.001312673,0,11.19897,1.276734,-28.53313,1,0.009968391,0.06639584,-0.9977436,0,0.1287739,0.9893995,0.06712715,0,-0.9916239,0.1291524,-0.001312624,0,-28.57018,1.678357,11.05054,1,0.0,0.0,-0.003429817,-0.001386284,-0.0264461,4.06,2,0.03939606806013516,-0.042533589428930325,0.9983180072460339,0.03939606806013516,-0.042533589428930325,0.9983180072460339
0.009131491,0.1288402,-0.9916233,0,0.06603578,0.9894223,0.1291624,0,-0.9977755,0.06666206,-0.0005268455,0,11.17605,1.283693,-28.54202,1,0.0091315,0.06603577,-0.9977755,0,0.1288402,0.9894222,0.06666206,0,-0.9916233,0.1291623,-0.000526836,0,-28.57038,1.678422,11.05058,1,0.5383886,0.0,-0.003448083,-0.001486794,-0.02636893,4.08,3,0.035446447349219395,-0.013122870937598882,0.9992854144981175,0.035446447349219395,-0.013122870937598882,0.9992854144981175
0.00805378,0.1286528,-0.991657,0,0.06615356,0.9894481,0.1289036,0,-0.997777,0.06663981,0.0005420446,0,11.14511,1.278549,-28.55449,1,0.008053783,0.06615356,-0.9977769,0,0.1286528,0.9894481,0.0666398,0,-0.991657,0.1289035,0.0005420458,0,-28.57051,1.678427,11.05061,1,0.7246051,0.3412351,-0.003470292,-0.00176651,-0.02583702,4.1,4,0.03796223453178614,0.017142187032783557,0.9991321304877984,0.03796223453178614,0.017142187032783557,0.9991321304877984
0.006761789,0.1285551,-0.9916794,0,0.0663045,0.989462,0.1287198,0,-0.9977766,0.0666232,0.00183332,0,11.10794,1.275881,-28.56911,1,0.00676172,0.06630452,-0.9977764,0,0.1285551,0.989462,0.06662317,0,-0.9916793,0.1287197,0.001833247,0,-28.57053,1.678466,11.05061,1,0.7798576,0.4672102,-0.003462615,-0.001933342,-0.02540681,4.12,5,0.046721787752350544,0.024310005974658863,0.9986120859266308,0.046721787752350544,0.024310005974658863,0.9986120859266308
0.006052494,0.1285428,-0.9916855,0,0.06639001,0.989464,0.12866,0,-0.9977754,0.06661673,0.002545238,0,11.08754,1.275578,-28.57711,1,0.006052491,0.06639002,-0.9977754,0,0.1285428,0.989464,0.06661672,0,-0.9916855,0.12866,0.002545232,0,-28.57058,1.678491,11.05063,1,0.8009522,0.5493376,-0.003463135,-0.001921051,-0.02543028,4.14,6,0.05007467833692301,0.027001811246811315,0.9983804028419455,0.05007467833692301,0.027001811246811315,0.9983804028419455
0.004470646,0.1283765,-0.9917155,0,0.06633464,0.9895029,0.1283891,0,-0.9977875,0.06635907,0.004092097,0,11.04255,1.27357,-28.59449,1,0.004470643,0.06633464,-0.9977872,0,0.1283765,0.9895028,0.06635905,0,-0.9917153,0.1283891,0.004092091,0,-28.57046,1.678517,11.05062,1,0.823842,0.6052458,-0.00345884,-0.001844101,-0.02564723,4.16,7,0.043291346123622836,0.02282557640575476,0.9988017082547214,0.043291346123622836,0.02282557640575476,0.9988017082547214
0.002996683,0.128048,-0.9917635,0,0.06576033,0.9895959,0.1279669,0,-0.997831,0.06560218,0.005455017,0,11.00181,1.272398,-28.61028,1,0.002996643,0.06576034,-0.9978309,0,0.128048,0.9895959,0.06560217,0,-0.9917633,0.1279669,0.005454977,0,-28.57052,1.678525,11.05054,1,0.8250138,0.6750175,-0.003448617,-0.001775093,-0.02585265,4.18,8,0.03914940053955347,0.023636942849460992,0.9989537623784822,0.03914940053955347,0.023636942849460992,0.9989537623784822
0.001599014,0.1285462,-0.9917022,0,0.06552037,0.9895591,0.128374,0,-0.9978499,0.06518197,0.006839991,0,10.96249,1.291276,-28.6246,1,0.001599097,0.06552035,-0.9978499,0,0.1285462,0.989559,0.06518197,0,-0.9917022,0.128374,0.006840074,0,-28.5706,1.678595,11.05055,1,0.8307322,0.6751848,-0.003444551,-0.001776848,-0.02585265,4.2,9,0.03880946793533926,0.02396260048592058,0.9989592679266397,0.03880946793533926,0.02396260048592058,0.9989592679266397
0.0001544356,0.1284459,-0.9917167,0,0.06572021,0.9895712,0.1281783,0,-0.9978382,0.06519563,0.008288622,0,10.92084,1.288251,-28.64068,1,0.000154485,0.06572022,-0.997838,0,0.1284459,0.9895713,0.06519561,0,-0.9917163,0.1281783,0.008288665,0,-28.57059,1.678577,11.05064,1,0.8351483,0.7138193,-0.003440185,-0.001781426,-0.02584468,4.22,10,0.039526987374425004,0.02572135088414207,0.9988873957447841,0.039526987374425004,0.02572135088414207,0.9988873957447841
-0.0005987883,0.1284283,-0.9917187,0,0.06570137,0.989581,0.1281118,0,-0.9978393,0.06508057,0.009030461,0,10.8994,1.288962,-28.64888,1,-0.0005987821,0.06570137,-0.997839,0,0.1284283,0.9895812,0.06508055,0,-0.9917186,0.1281118,0.009030463,0,-28.57064,1.678622,11.05067,1,0.8517412,0.7076936,-0.00343747,-0.001787987,-0.02582765,4.24,11,0.03994297871002428,0.02487735083724324,0.9988922243501004,0.03994297871002428,0.02487735083724324,0.9988922243501004
-0.001888275,0.128164,-0.9917512,0,0.06600828,0.989606,0.1277611,0,-0.9978173,0.06522255,0.01032853,0,10.86184,1.279783,-28.66367,1,-0.001888269,0.06600829,-0.9978173,0,0.128164,0.989606,0.06522255,0,-0.9917512,0.1277612,0.01032854,0,-28.57074,1.678652,11.05071,1,0.8515552,0.733021,-0.003433709,-0.001789154,-0.02582311,4.26,12,0.039706974308240044,0.024672793746477018,0.9989067070753048,0.039706974308240044,0.024672793746477018,0.9989067070753048
-0.002642632,0.1278292,-0.9917927,0,0.06649596,0.9896234,0.1273724,0,-0.9977832,0.06561361,0.01111543,0,10.83919,1.265811,-28.67309,1,-0.00264273,0.06649597,-0.9977832,0,0.1278292,0.9896234,0.06561362,0,-0.9917927,0.1273724,0.01111533,0,-28.57092,1.678721,11.05082,1,0.8583252,0.7496237,-0.00342314,-0.002031044,-0.02515494,4.28,13,0.04528300050806039,0.03187694636306735,0.9984654776984294,0.04528300050806039,0.03187694636306735,0.9984654776984294
-0.002901793,0.1275183,-0.991832,0,0.0667811,0.9896467,0.127042,0,-0.9977635,0.06586698,0.01138759,0,10.83124,1.25417,-28.6769,1,-0.002901815,0.0667811,-0.9977634,0,0.1275183,0.9896466,0.06586698,0,-0.991832,0.127042,0.01138757,0,-28.57117,1.678663,11.05097,1,0.8712218,0.7704301,-0.003420821,-0.002036743,-0.02513722,4.3,14,0.04572368685211749,0.031802877400575094,0.9984477559941198,0.04572368685211749,0.031802877400575094,0.9984477559941198
-0.002959847,0.1277183,-0.9918062,0,0.06699836,0.9896072,0.1272352,0,-0.9977488,0.06607278,0.01148605,0,10.82934,1.257707,-28.67784,1,-0.002959894,0.06699836,-0.9977486,0,0.1277183,0.9896073,0.06607277,0,-0.9918059,0.1272352,0.011486,0,-28.57143,1.678647,11.05126,1,0.8696513,0.7828488,-0.003418161,-0.002066757,-0.02507147,4.32,15,0.04135216715251629,0.03487041114988087,0.9985359546345983,0.04135216715251629,0.03487041114988087,0.9985359546345983
-0.002778888,0.1278519,-0.9917894,0,0.06763154,0.9895464,0.1273733,0,-0.9977065,0.06672227,0.01139665,0,10.83338,1.254471,-28.67673,1,-0.002778876,0.06763153,-0.9977065,0,0.1278519,0.9895465,0.0667223,0,-0.9917894,0.1273733,0.01139666,0,-28.57155,1.678613,11.05165,1,0.8785943,0.7669349,-0.003407517,-0.002071411,-0.02506768,4.36,16,0.04105476324119829,0.03385016844453837,0.9985833327827406,0.04105476324119829,0.03385016844453837,0.9985833327827406
-0.002300382,0.1278684,-0.9917885,0,0.06808678,0.9895096,0.1274167,0,-0.9976767,0.06723458,0.01098239,0,10.84614,1.249354,-28.67234,1,-0.002300375,0.06808678,-0.9976768,0,0.1278684,0.9895095,0.06723457,0,-0.9917884,0.1274167,0.0109824,0,-28.5717,1.678608,11.05183,1,0.8863882,0.8058188,-0.00340191,-0.002079544,-0.02505636,4.38,17,0.03910327699494074,0.03510840291067029,0.9986182122179221,0.03910327699494074,0.03510840291067029,0.9986182122179221
-0.002149224,0.1278705,-0.9917886,0,0.06828696,0.9894945,0.1274267,0,-0.9976634,0.06745236,0.01085854,0,10.85016,1.246984,-28.67115,1,-0.00214923,0.06828696,-0.9976634,0,0.1278705,0.9894944,0.06745235,0,-0.9917886,0.1274267,0.01085853,0,-28.57185,1.678661,11.05202,1,0.8878041,0.7977301,-0.003400314,-0.002081406,-0.02506362,4.4,18,0.03742289307040366,0.03508712494564905,0.9986833435765761,0.03742289307040366,0.03508712494564905,0.9986833435765761
-0.00220418,0.1275856,-0.9918251,0,0.06858446,0.9895114,0.1271356,0,-0.9976429,0.06774357,0.01093137,0,10.84791,1.235565,-28.6726,1,-0.002204101,0.06858446,-0.9976428,0,0.1275856,0.9895114,0.06774355,0,-0.991825,0.1271356,0.01093145,0,-28.57194,1.678704,11.05207,1,0.9018221,0.823902,-0.003395446,-0.002079094,-0.02506932,4.42,19,0.03776705714016122,0.03396842611563183,0.9987090644538071,0.03776705714016122,0.03396842611563183,0.9987090644538071
-0.002324343,0.1275522,-0.9918292,0,0.06858666,0.9895166,0.1270941,0,-0.9976426,0.06773085,0.01104832,0,10.84457,1.234727,-28.67402,1,-0.002324302,0.06858666,-0.9976423,0,0.1275522,0.9895165,0.06773083,0,-0.991829,0.127094,0.01104835,0,-28.57201,1.678721,11.05218,1,0.9121696,0.8107229,-0.0033935,-0.002079941,-0.02506865,4.44,20,0.037030193618577185,0.03402605180195641,0.9987346957822889,0.037030193618577185,0.03402605180195641,0.9987346957822889
-0.00243032,0.1276709,-0.9918137,0,0.06914126,0.9894645,0.1271991,0,-0.997604,0.06826612,0.01123202,0,10.8404,1.232251,-28.67582,1,-0.002430296,0.06914125,-0.9976038,0,0.1276709,0.9894644,0.06826609,0,-0.9918135,0.1271991,0.01123204,0,-28.57205,1.678751,11.05239,1,0.899693,0.8483731,-0.003393669,-0.002080261,-0.02507034,4.46,21,0.03714829460391281,0.03441698242097095,0.9987169146104694,0.03714829460391281,0.03441698242097095,0.9987169146104694
-0.002741575,0.127207,-0.9918724,0,0.0696238,0.9894934,0.1267095,0,-0.9975696,0.06871054,0.01156938,0,10.83041,1.213993,-28.68054,1,-0.00274155,0.06962378,-0.9975695,0,0.127207,0.9894934,0.06871054,0,-0.9918724,0.1267095,0.01156941,0,-28.57217,1.678804,11.05249,1,0.9110433,0.8413374,-0.003259698,-0.001692467,-0.02552126,4.48,22,0.0037825574986284517,0.07629549872209461,0.9970780757460854,0.0037825574986284517,0.07629549872209461,0.9970780757460854
-0.003172636,0.1264933,-0.9919624,0,0.06980123,0.9895759,0.1259658,0,-0.997556,0.06884056,0.01196885,0,10.81769,1.191906,-28.6864,1,-0.003172532,0.06980121,-0.9975557,0,0.1264933,0.9895759,0.06884054,0,-0.9919624,0.1259657,0.01196895,0,-28.57227,1.678933,11.05255,1,0.9077259,0.8480714,-0.003150918,-0.001325165,-0.02535161,4.5,23,-0.008968109734093954,0.13322345537821753,0.9910454499894974,-0.008968109734093954,0.13322345537821753,0.9910454499894974
-0.003648996,0.1255513,-0.9920805,0,0.07017885,0.9896731,0.1249886,0,-0.9975278,0.06916699,0.01242232,0,10.80331,1.161171,-28.69346,1,-0.003648955,0.07017885,-0.9975277,0,0.1255513,0.9896731,0.06916697,0,-0.9920803,0.1249886,0.01242236,0,-28.57258,1.67901,11.05273,1,0.8803414,0.750727,-0.003181838,-0.0009299927,-0.02545352,4.52,24,-0.0055232757885578755,0.20524278519382616,0.9786955055329746,-0.0055232757885578755,0.20524278519382616,0.9786955055329746
-0.003701091,0.1251636,-0.9921292,0,0.07040819,0.9897063,0.1245953,0,-0.9975114,0.06939289,0.01247549,0,10.80133,1.14748,-28.69487,1,-0.003701042,0.0704082,-0.9975114,0,0.1251636,0.9897064,0.06939288,0,-0.9921293,0.1245953,0.01247554,0,-28.57267,1.679077,11.05281,1,0.8803414,0.750727,-0.003233864,-0.0007059784,-0.0253929,4.54,25,0.023620291622399654,0.27870355706607863,0.9600866674953819,0.023620291622399654,0.27870355706607863,0.9600866674953819
-0.004223824,0.1247463,-0.9921797,0,0.07060975,0.9897492,0.1241401,0,-0.9974951,0.06953321,0.01298881,0,10.78594,1.13389,-28.70129,1,-0.004223798,0.07060975,-0.9974951,0,0.1247463,0.9897492,0.06953321,0,-0.9921798,0.1241401,0.01298883,0,-28.57273,1.679122,11.05288,1,0.9589227,0.8939785,-0.003233207,-0.0006933746,-0.02539384,4.56,26,0.024774549844537253,0.27542086685043937,0.9610044577333412,0.024774549844537253,0.27542086685043937,0.9610044577333412
-0.004299641,0.1245925,-0.9921988,0,0.07069202,0.9897634,0.1239804,0,-0.997489,0.06960746,0.01306331,0,10.78369,1.128664,-28.70254,1,-0.004299629,0.070692,-0.9974887,0,0.1245925,0.9897633,0.06960744,0,-0.9921986,0.1239803,0.01306332,0,-28.57288,1.679119,11.05299,1,1.0,1.0,-0.003277633,-0.0007102432,-0.02540228,4.58,27,0.01071251542893599,0.27183500508306974,0.9622842470001639,0.01071251542893599,0.27183500508306974,0.9622842470001639
-0.004519939,0.1246022,-0.9921965,0,0.07091356,0.9897486,0.1239717,0,-0.9974722,0.06979985,0.0133096,0,10.77691,1.126832,-28.70527,1,-0.004519947,0.07091358,-0.9974722,0,0.1246022,0.9897487,0.06979984,0,-0.9921964,0.1239717,0.01330959,0,-28.57297,1.679133,11.05307,1,1.0,1.0,-0.003271623,-0.0007266006,-0.02540042,4.6,28,0.01135233966946457,0.2736041602698304,0.9617753832715153,0.01135233966946457,0.2736041602698304,0.9617753832715153
-0.004443288,0.124165,-0.9922517,0,0.07079686,0.9898106,0.1235426,0,-0.9974809,0.06969936,0.0131886,0,10.77956,1.115317,-28.70492,1,-0.004443378,0.07079687,-0.9974808,0,0.1241651,0.9898106,0.06969937,0,-0.9922516,0.1235426,0.01318851,0,-28.57309,1.679168,11.05324,1,1.0,1.0,-0.003269111,-0.0007363586,-0.02539108,4.62,29,0.015529693054145772,0.27097448613515784,0.9624612493484769,0.015529693054145772,0.27097448613515784,0.9624612493484769
-0.004488111,0.1237458,-0.9923038,0,0.07096936,0.9898511,0.123119,0,-0.9974685,0.0698706,0.01322472,0,10.77796,1.101264,-28.70614,1,-0.004488109,0.07096936,-0.9974684,0,0.1237458,0.989851,0.06987058,0,-0.9923038,0.1231189,0.01322472,0,-28.57312,1.679278,11.05336,1,1.0,1.0,-0.003263085,-0.000736351,-0.02538873,4.66,30,0.016392871978875897,0.2715525112864196,0.9622840055629748,0.016392871978875897,0.2715525112864196,0.9622840055629748
-0.004361391,0.1233191,-0.9923576,0,0.07094146,0.9899048,0.1227025,0,-0.997471,0.06986415,0.0130657,0,10.78182,1.088947,-28.70541,1,-0.004361285,0.07094146,-0.9974709,0,0.1233191,0.9899048,0.06986412,0,-0.9923574,0.1227025,0.01306579,0,-28.57329,1.679394,11.05353,1,1.0,1.0,-0.003261604,-0.000736824,-0.02538851,4.68,31,0.016989582927724216,0.27183375746060373,0.9621942435791183,0.016989582927724216,0.27183375746060373,0.9621942435791183
-0.004061818,0.1224335,-0.9924686,0,0.07133171,0.9899839,0.1218351,0,-0.9974445,0.07029962,0.01275456,0,10.78956,1.058532,-28.70379,1,-0.004061844,0.07133173,-0.9974443,0,0.1224335,0.9899839,0.07029959,0,-0.9924682,0.1218351,0.01275452,0,-28.57337,1.679561,11.05367,1,1.0,1.0,-0.003094574,-0.0004127503,-0.02546207,4.7,32,-0.012473823647398869,0.33442998290168235,0.9423380445784804,-0.012473823647398869,0.33442998290168235,0.9423380445784804
-0.003523946,0.1207279,-0.9926795,0,0.07169849,0.9901612,0.1201671,0,-0.9974202,0.07075015,0.01214528,0,10.8042,1.004323,-28.70023,1,-0.003523943,0.07169849,-0.9974201,0,0.1207279,0.9901612,0.07075015,0,-0.9926793,0.1201671,0.01214528,0,-28.5733,1.679737,11.05384,1,1.0,1.0,-0.003097809,-0.0003899384,-0.02546836,4.72,33,-0.011788492690995238,0.3407920054133913,0.9400648065353758,-0.011788492690995238,0.3407920054133913,0.9400648065353758
-0.003119826,0.1200221,-0.9927663,0,0.0718416,0.9902328,0.1194901,0,-0.9974111,0.07094913,0.01171196,0,10.81542,0.9817126,-28.69684,1,-0.003119845,0.07184161,-0.9974113,0,0.1200222,0.9902328,0.07094914,0,-0.9927664,0.1194901,0.01171194,0,-28.57334,1.679866,11.05387,1,1.0,1.0,-0.003112732,-0.0004060135,-0.02547235,4.74,34,-0.014766700742789247,0.3411922013795663,0.9398775591889288,-0.014766700742789247,0.3411922013795663,0.9398775591889288
-0.001969218,0.1165435,-0.9931837,0,0.0723644,0.9905983,0.1160967,0,-0.9973764,0.07164253,0.01038432,0,10.84721,0.8738649,-28.68842,1,-0.001969234,0.0723644,-0.9973763,0,0.1165435,0.9905983,0.07164253,0,-0.9931836,0.1160966,0.01038431,0,-28.57335,1.680029,11.05405,1,1.0,1.0,-0.003106048,-0.0004198608,-0.02547245,4.76,35,-0.01633559907780349,0.33904615670827504,0.9406279029585063,-0.01633559907780349,0.33904615670827504,0.9406279029585063
-0.000939846,0.1110099,-0.9938189,0,0.07312915,0.9911659,0.1106444,0,-0.9973221,0.07257314,0.009049535,0,10.87483,0.7043259,-28.68216,1,-0.0009397754,0.07312914,-0.997322,0,0.1110099,0.9911659,0.07257313,0,-0.9938188,0.1106444,0.009049604,0,-28.57284,1.68015,11.05415,1,1.0,1.0,-0.003106842,-0.0004249879,-0.02547164,4.78,36,-0.014615896102735088,0.3360080264495983,0.9417457097022318,-0.014615896102735088,0.3360080264495983,0.9417457097022318
-0.0007798672,0.1075543,-0.9941989,0,0.07332765,0.9915289,0.1072079,0,-0.9973076,0.07281866,0.008659959,0,10.87891,0.6020806,-28.68246,1,-0.0007798641,0.07332765,-0.9973077,0,0.1075543,0.9915289,0.07281866,0,-0.994199,0.1072079,0.008659963,0,-28.57234,1.68028,11.05417,1,1.0,1.0,-0.003105133,-0.0004332886,-0.02547128,4.8,37,-0.014484826534944767,0.3363326478528907,0.9416318493915317,-0.014484826534944767,0.3363326478528907,0.9416318493915317
-0.001101494,0.1024296,-0.9947398,0,0.0729253,0.9920999,0.102077,0,-0.9973369,0.07242926,0.008562446,0,10.87082,0.4587734,-28.68706,1,-0.001101437,0.0729253,-0.9973367,0,0.1024296,0.9920998,0.07242924,0,-0.9947395,0.102077,0.008562497,0,-28.57117,1.680382,11.05427,1,1.0,1.0,-0.003105194,-0.0004390259,-0.02547127,4.82,38,-0.014084234615293659,0.3352304438170089,0.9420308826538292,-0.014084234615293659,0.3352304438170089,0.9420308826538292
-0.002042174,0.1033869,-0.9946392,0,0.0728077,0.9920168,0.1029649,0,-0.9973439,0.07220711,0.009553313,0,10.84421,0.488909,-28.69504,1,-0.002042252,0.07280771,-0.997344,0,0.1033869,0.9920167,0.07220712,0,-0.994639,0.1029649,0.009553238,0,-28.5696,1.680033,11.05423,1,1.0,1.0,-0.003132759,-0.000588791,-0.02543801,4.84,39,-0.016167467061576294,0.32036639222746305,0.9471557357372504,-0.016167467061576294,0.32036639222746305,0.9471557357372504
-0.003968716,0.1116331,-0.9937416,0,0.07300346,0.9911301,0.1110482,0,-0.9973239,0.07210586,0.01208305,0,10.78845,0.7281339,-28.70923,1,-0.003968652,0.07300345,-0.9973236,0,0.1116331,0.9911301,0.07210584,0,-0.9937416,0.1110482,0.01208311,0,-28.56802,1.678837,11.05397,1,1.0,1.0,-0.003151947,-0.0007365571,-0.0254267,4.86,40,-0.017158881157426604,0.3175022566884313,0.9481022570351674,-0.017158881157426604,0.3175022566884313,0.9481022570351674
-0.006878853,0.1270056,-0.9918782,0,0.07213321,0.9893806,0.1261855,0,-0.9973713,0.07067934,0.01596713,0,10.70701,1.187463,-28.72245,1,-0.006878859,0.07213321,-0.9973712,0,0.1270056,0.9893807,0.07067934,0,-0.9918782,0.1261855,0.01596712,0,-28.56633,1.677173,11.05355,1,1.0,1.0,-0.003404832,-0.001313583,-0.02491763,4.88,41,0.017804370949682378,0.28143429448274354,0.9594153127108649,0.017804370949682378,0.28143429448274354,0.9594153127108649
-0.008569837,0.1346141,-0.9908611,0,0.0715721,0.9884386,0.133666,0,-0.9973986,0.06977251,0.01810539,0,10.65985,1.417048,-28.72861,1,-0.008569852,0.0715721,-0.9973986,0,0.1346141,0.9884386,0.06977251,0,-0.990861,0.133666,0.01810537,0,-28.56546,1.676425,11.05339,1,1.0,1.0,-0.003953134,-0.002017464,-0.0249035,4.9,42,0.11650208201274971,0.1510368429894967,0.981639005412102,0.11650208201274971,0.1510368429894967,0.981639005412102
-0.01155508,0.1507749,-0.9885006,0,0.06940668,0.9863032,0.1496284,0,-0.9975215,0.06687959,0.02186155,0,10.57915,1.915486,-28.72713,1,-0.01155503,0.0694067,-0.9975216,0,0.1507749,0.9863033,0.06687958,0,-0.9885006,0.1496284,0.02186159,0,-28.56334,1.674878,11.05285,1,1.0,1.0,-0.004399491,-0.002592758,-0.0251181,4.92,43,0.19514585609445775,0.015586458141613323,0.9806503745840108,0.19514585609445775,0.015586458141613323,0.9806503745840108
-0.0144031,0.1658145,-0.9860518,0,0.06741279,0.9840713,0.1644967,0,-0.9976212,0.06410323,0.02535164,0,10.50182,2.380811,-28.7183,1,-0.01440305,0.06741279,-0.9976212,0,0.1658144,0.9840714,0.06410325,0,-0.9860517,0.1644967,0.0253517,0,-28.56125,1.673223,11.05228,1,1.0,1.0,-0.004789611,-0.003317436,-0.0254905,4.94,44,0.29753619811778914,-0.17980570820232722,0.9376257878852688,0.29753619811778914,-0.17980570820232722,0.9376257878852688
-0.01823139,0.180181,-0.9834646,0,0.06581098,0.9817111,0.1786397,0,-0.9976656,0.06146592,0.02975583,0,10.39507,2.825491,-28.71422,1,-0.01823137,0.06581097,-0.9976654,0,0.180181,0.9817111,0.0614659,0,-0.9834644,0.1786397,0.02975584,0,-28.55899,1.671574,11.05154,1,1.0,1.0,-0.004865762,-0.003311569,-0.02550934,4.96,45,0.28947603189626225,-0.20035838183376614,0.9359808469122373,0.28947603189626225,-0.20035838183376614,0.9359808469122373
-0.02276504,0.1935557,-0.9808252,0,0.06443311,0.9793237,0.191764,0,-0.9976625,0.05883212,0.03476572,0,10.26729,3.241749,-28.71383,1,-0.02276501,0.06443311,-0.9976622,0,0.1935557,0.9793237,0.05883209,0,-0.9808249,0.1917639,0.03476574,0,-28.55696,1.670001,11.05083,1,1.0,1.0,-0.004892488,-0.003184494,-0.02548557,4.98,46,0.28044523089040485,-0.18390589538170563,0.9420876254970557,0.28044523089040485,-0.18390589538170563,0.9420876254970557
-0.03088546,0.2132943,-0.9764997,0,0.06142147,0.9755244,0.2111386,0,-0.997634,0.05345694,0.0432303,0,10.03915,3.872675,-28.71285,1,-0.03088539,0.06142145,-0.9976339,0,0.2132943,0.9755244,0.05345693,0,-0.9764997,0.2111385,0.04323037,0,-28.55404,1.667882,11.04964,1,0.9901351,0.8132094,-0.004878501,-0.003022057,-0.02546444,5.02,47,0.2809992301237708,-0.14527486643583046,0.9486488527647624,0.2809992301237708,-0.14527486643583046,0.9486488527647624
-0.03741527,0.225551,-0.9735126,0,0.05947114,0.9729706,0.2231397,0,-0.9975286,0.04954708,0.04981768,0,9.854042,4.271,-28.71803,1,-0.03741522,0.05947114,-0.9975286,0,0.2255509,0.9729706,0.04954707,0,-0.9735126,0.2231397,0.04981773,0,-28.552,1.666544,11.04874,1,0.9901351,0.8132094,-0.00486396,-0.002956261,-0.02543174,5.04,48,0.27443163905323353,-0.14546298507137584,0.9505407910556392,0.27443163905323353,-0.14546298507137584,0.9505407910556392
-0.04506183,0.2364606,-0.9705956,0,0.05841064,0.970544,0.2337362,0,-0.9972751,0.04616053,0.05754626,0,9.63389,4.624751,-28.73532,1,-0.04506179,0.05841062,-0.9972751,0,0.2364606,0.970544,0.04616053,0,-0.9705957,0.2337362,0.0575463,0,-28.54983,1.665238,11.04777,1,0.9691108,0.7858221,-0.004851478,-0.002799645,-0.02552503,5.06,49,0.26408051315619013,-0.11335234005157493,0.9578166471595674,0.26408051315619013,-0.11335234005157493,0.9578166471595674
-0.0537802,0.2469076,-0.9675456,0,0.05756167,0.9681031,0.2438504,0,-0.9968924,0.04257922,0.06627715,0,9.381203,4.967381,-28.75922,1,-0.05378015,0.05756166,-0.9968923,0,0.2469076,0.9681031,0.04257921,0,-0.9675455,0.2438504,0.06627718,0,-28.54782,1.664013,11.04662,1,0.9576154,0.7885292,-0.004717048,-0.003490692,-0.0230151,5.08,50,0.30590839533600356,-0.09686099428463352,0.9471209011784839,0.30590839533600356,-0.09686099428463352,0.9471209011784839
-0.05828667,0.2521543,-0.9659302,0,0.05700579,0.9668369,0.2489512,0,-0.996671,0.04055309,0.07072806,0,9.250506,5.142053,-28.76965,1,-0.05828675,0.05700583,-0.9966709,0,0.2521543,0.9668369,0.04055307,0,-0.96593,0.2489512,0.07072794,0,-28.54688,1.663379,11.046,1,0.9424763,0.7902399,-0.004816567,-0.002827057,-0.0251109,5.1,51,0.2618758320495949,-0.10662875460742043,0.9591930761213837,0.2618758320495949,-0.10662875460742043,0.9591930761213837
-0.06863606,0.2627364,-0.9624234,0,0.05684035,0.9641612,0.2591572,0,-0.9960212,0.03691693,0.08111036,0,8.947083,5.489665,-28.79914,1,-0.06863616,0.05684036,-0.9960212,0,0.2627364,0.9641612,0.03691695,0,-0.9624233,0.2591572,0.08111025,0,-28.54521,1.662026,11.04473,1,0.9387084,0.8038562,-0.00476999,-0.002951981,-0.02455958,5.12,52,0.25984035625562296,-0.09281761343931488,0.9611804616701178,0.25984035625562296,-0.09281761343931488,0.9611804616701178
-0.08022773,0.273331,-0.9585687,0,0.05639894,0.9613726,0.2694102,0,-0.9951799,0.03244811,0.09254432,0,8.606455,5.847046,-28.83036,1,-0.0802277,0.05639895,-0.9951795,0,0.2733309,0.9613726,0.03244808,0,-0.9585685,0.2694101,0.09254429,0,-28.54358,1.660608,11.04333,1,0.929046,0.7940751,-0.004707473,-0.002707222,-0.02516582,5.14,53,0.24447028925108805,-0.0751120007212268,0.9667432260022016,0.24447028925108805,-0.0751120007212268,0.9667432260022016
-0.09232116,0.284629,-0.954182,0,0.05621444,0.958236,0.2803993,0,-0.9941413,0.02775207,0.1044657,0,8.248696,6.227671,-28.85306,1,-0.09232114,0.05621448,-0.994141,0,0.284629,0.958236,0.02775202,0,-0.9541818,0.2803992,0.1044657,0,-28.54211,1.659103,11.04169,1,0.9313872,0.8079977,-0.00459127,-0.002761856,-0.02532514,5.16,54,0.22064382655846543,-0.07467576595604251,0.9724915587194143,0.22064382655846543,-0.07467576595604251,0.9724915587194143
-0.1047913,0.2968772,-0.9491484,0,0.0566133,0.9546362,0.2923433,0,-0.9928815,0.02309939,0.1168447,0,7.876725,6.635665,-28.86375,1,-0.1047912,0.05661327,-0.9928815,0,0.2968772,0.9546362,0.0230994,0,-0.9491485,0.2923433,0.1168448,0,-28.54056,1.657553,11.03995,1,0.9298421,0.8431245,-0.004395539,-0.002798828,-0.02543604,5.18,55,0.18509247357675387,-0.09361079646076584,0.9782524188629537,0.18509247357675387,-0.09361079646076584,0.9782524188629537
-0.1113493,0.3032376,-0.9463871,0,0.05681872,0.9526939,0.2985733,0,-0.9921558,0.0205266,0.1233114,0,7.680512,6.849357,-28.86568,1,-0.1113493,0.05681875,-0.9921556,0,0.3032376,0.9526939,0.02052655,0,-0.9463868,0.2985733,0.1233114,0,-28.53987,1.656784,11.03914,1,0.9298421,0.8431245,-0.004361062,-0.002689636,-0.0257347,5.2,56,0.16418730898655215,-0.08759644296774005,0.9825321321703194,0.16418730898655215,-0.08759644296774005,0.9825321321703194
-0.1247255,0.3153091,-0.9407572,0,0.05722225,0.9488687,0.3104413,0,-0.99054,0.01511233,0.1363908,0,7.278645,7.261052,-28.86706,1,-0.1247254,0.05722227,-0.9905397,0,0.315309,0.9488687,0.0151123,0,-0.9407569,0.3104413,0.1363907,0,-28.53853,1.655241,11.03725,1,0.9201635,0.8005481,-0.004255486,-0.00261821,-0.02565696,5.22,57,0.1646624348063811,-0.07524706774785458,0.9834755519884488,0.1646624348063811,-0.07524706774785458,0.9834755519884488
-0.1389086,0.3263,-0.9350041,0,0.05740914,0.945223,0.3213372,0,-0.9886397,0.009041265,0.1500323,0,6.850935,7.648733,-28.86938,1,-0.1389087,0.05740915,-0.9886398,0,0.3263,0.945223,0.009041267,0,-0.9350042,0.3213372,0.1500323,0,-28.53712,1.653742,11.03529,1,0.9271132,0.8049107,-0.004231309,-0.002564003,-0.02576102,5.24,58,0.15340225880031153,-0.058994978811487485,0.9864012061377431,0.15340225880031153,-0.058994978811487485,0.9864012061377431
-0.1542075,0.3361022,-0.9291155,0,0.05801848,0.9418212,0.3310691,0,-0.9863337,0.002852589,0.164736,0,6.386078,8.003301,-28.87787,1,-0.1542075,0.05801852,-0.9863334,0,0.3361022,0.9418212,0.002852543,0,-0.9291153,0.331069,0.164736,0,-28.53602,1.652378,11.0332,1,0.9063385,0.8310968,-0.004140846,-0.002737618,-0.02502839,5.26,59,0.15072266975350992,-0.028459148823481786,0.9881663593093104,0.15072266975350992,-0.028459148823481786,0.9881663593093104
-0.1707623,0.3444055,-0.9231604,0,0.05872801,0.9388136,0.339382,0,-0.9835605,-0.003738284,0.1805402,0,5.880009,8.318751,-28.89436,1,-0.1707623,0.058728,-0.9835604,0,0.3444055,0.9388136,-0.003738278,0,-0.9231604,0.339382,0.1805402,0,-28.53506,1.651147,11.03103,1,0.9218048,0.8942334,-0.004009392,-0.002588982,-0.02507867,5.28,60,0.12804367598387237,-0.02340075576889802,0.9914924213880716,0.12804367598387237,-0.02340075576889802,0.9914924213880716
-0.1793456,0.3482562,-0.9200831,0,0.0591204,0.937372,0.3432762,0,-0.9820082,-0.007169336,0.1887026,0,5.616318,8.469257,-28.90224,1,-0.1793455,0.05912044,-0.982008,0,0.3482561,0.937372,-0.007169385,0,-0.920083,0.3432761,0.1887026,0,-28.53467,1.650564,11.02991,1,0.9057792,0.9281923,-0.003946892,-0.002511887,-0.02519583,5.3,61,0.11121963276091446,-0.009413061121173122,0.9937512704740843,0.11121963276091446,-0.009413061121173122,0.9937512704740843
-0.1967808,0.3560733,-0.9135038,0,0.05983044,0.9343459,0.3513091,0,-0.9786203,-0.01447557,0.2051654,0,5.078253,8.778685,-28.9078,1,-0.1967808,0.05983043,-0.9786203,0,0.3560733,0.9343459,-0.01447556,0,-0.9135038,0.3513091,0.2051653,0,-28.53394,1.64941,11.02764,1,0.9057792,0.9281923,-0.003871583,-0.002440346,-0.02532051,5.32,62,0.09952483669138161,-0.003369678165540178,0.9950293725064676,0.09952483669138161,-0.003369678165540178,0.9950293725064676
-0.2140538,0.3635651,-0.906643,0,0.0608031,0.9313151,0.3591034,0,-0.9749277,-0.0217407,0.2214575,0,4.540941,9.078462,-28.90294,1,-0.2140538,0.06080315,-0.9749275,0,0.3635651,0.9313152,-0.02174071,0,-0.906643,0.3591034,0.2214573,0,-28.53325,1.648131,11.02523,1,0.8969502,0.8371133,-0.003802047,-0.0024562,-0.02523746,5.34,63,0.08811419859293812,0.007358531838124246,0.9960831993440666,0.08811419859293812,0.007358531838124246,0.9960831993440666
-0.2317315,0.3710991,-0.8992142,0,0.0617204,0.9281222,0.3671237,0,-0.9708199,-0.02957423,0.2379797,0,3.987578,9.385773,-28.88467,1,-0.2317315,0.06172045,-0.9708197,0,0.3710991,0.9281222,-0.02957426,0,-0.899214,0.3671236,0.2379795,0,-28.5325,1.646983,11.02276,1,0.8940546,0.8051929,-0.003637879,-0.002625252,-0.02468946,5.36,64,0.06419571280102754,0.04038866958020393,0.9971196848059459,0.06419571280102754,0.04038866958020393,0.9971196848059459
-0.2498083,0.37745,-0.8916993,0,0.06283595,0.9252739,0.3740586,0,-0.9662545,-0.03741209,0.2548585,0,3.417427,9.658806,-28.86615,1,-0.2498082,0.06283601,-0.9662543,0,0.37745,0.9252739,-0.03741218,0,-0.891699,0.3740586,0.2548585,0,-28.53193,1.645852,11.02025,1,0.8825154,0.8258671,-0.003596069,-0.002553871,-0.02481657,5.38,65,0.05088108388835611,0.04247342848875037,0.9978011441037524,0.05088108388835611,0.04247342848875037,0.9978011441037524
-0.2593096,0.3801118,-0.8878478,0,0.06366786,0.924021,0.3770034,0,-0.9636935,-0.04123321,0.2638084,0,3.115622,9.779241,-28.85905,1,-0.2593095,0.06366786,-0.9636933,0,0.3801118,0.9240211,-0.04123325,0,-0.8878477,0.3770034,0.2638084,0,-28.53173,1.645369,11.01899,1,0.8747717,0.7954951,-0.003503418,-0.002518921,-0.02485059,5.4,66,0.043431969960324654,0.055415821420963386,0.9975182959332652,0.043431969960324654,0.055415821420963386,0.9975182959332652
-0.2783741,0.3851591,-0.8798639,0,0.06503537,0.9215299,0.3828223,0,-0.9582685,-0.04934546,0.281579,0,2.507241,10.01747,-28.8353,1,-0.278374,0.06503542,-0.9582683,0,0.385159,0.92153,-0.04934552,0,-0.8798637,0.3828222,0.281579,0,-28.5315,1.644331,11.01634,1,0.8793556,0.8219786,-0.003426797,-0.002424439,-0.02500308,5.42,67,0.028360754933106448,0.055886905334299034,0.9980342285672268,0.028360754933106448,0.055886905334299034,0.9980342285672268
-0.2983431,0.3898365,-0.871217,0,0.06564264,0.9190056,0.3887411,0,-0.9521989,-0.05878921,0.2997688,0,1.867026,10.25989,-28.79743,1,-0.2983429,0.06564265,-0.9521986,0,0.3898365,0.9190058,-0.05878923,0,-0.8712169,0.3887412,0.2997688,0,-28.53147,1.64329,11.01352,1,0.8775187,0.8560668,-0.003751014,-0.002515083,-0.02489313,5.44,68,0.09872787246306301,0.06427508406615716,0.9930365153241876,0.09872787246306301,0.06427508406615716,0.9930365153241876
-0.3197721,0.3943572,-0.8615267,0,0.06637099,0.9163576,0.3948209,0,-0.945167,-0.06907232,0.3191996,0,1.174235,10.50712,-28.74371,1,-0.3197722,0.06637101,-0.9451671,0,0.3943573,0.9163578,-0.06907233,0,-0.8615265,0.3948208,0.3191995,0,-28.53154,1.642402,11.01058,1,0.8755447,0.8181793,-0.004484101,-0.00255925,-0.02505972,5.46,69,0.19260031873371586,0.05596304235484112,0.9796801800149175,0.19260031873371586,0.05596304235484112,0.9796801800149175
-0.3426346,0.3985958,-0.8507193,0,0.06851918,0.913723,0.4005189,0,-0.936967,-0.07894099,0.3403846,0,0.4252586,10.74166,-28.6767,1,-0.3426345,0.06851923,-0.9369665,0,0.3985958,0.9137231,-0.078941,0,-0.850719,0.4005189,0.3403844,0,-28.53168,1.641516,11.00751,1,0.9255856,0.648247,-0.00505043,-0.002582604,-0.02526054,5.48,70,0.27339195931139404,0.044286381395884714,0.9608826947170687,0.27339195931139404,0.044286381395884714,0.9608826947170687
-0.3545154,0.4005634,-0.8449069,0,0.07003704,0.9124324,0.4031898,0,-0.9324235,-0.08376223,0.3515257,0,0.03214931,10.85329,-28.63724,1,-0.3545155,0.07003704,-0.9324235,0,0.4005634,0.9124324,-0.08376221,0,-0.8449069,0.4031898,0.3515256,0,-28.53183,1.6411,11.0058,1,0.9255856,0.648247,-0.005342628,-0.002577095,-0.02542629,5.5,71,0.3416552343436163,0.029949434058369334,0.939348035738188,0.3416552343436163,0.029949434058369334,0.939348035738188
-0.3786118,0.4037974,-0.8328271,0,0.0735673,0.9100953,0.4078166,0,-0.9226273,-0.09313528,0.3742791,0,-0.7720585,11.053,-28.54929,1,-0.3786117,0.07356735,-0.9226272,0,0.4037974,0.9100954,-0.09313532,0,-0.8328269,0.4078166,0.3742791,0,-28.5321,1.640389,11.0025,1,0.9590871,0.7179194,-0.005138391,-0.002578911,-0.02526455,5.52,72,0.2793589286761881,0.07661136339530468,0.9571255340693848,0.2793589286761881,0.07661136339530468,0.9571255340693848
-0.4027866,0.4065609,-0.8200434,0,0.07744837,0.9078602,0.4120578,0,-0.9120114,-0.1024603,0.3971615,0,-1.58816,11.23833,-28.44173,1,-0.4027866,0.07744842,-0.9120112,0,0.4065609,0.9078603,-0.1024603,0,-0.8200434,0.4120578,0.3971613,0,-28.53222,1.639801,10.99902,1,0.987694,0.7805465,-0.005019242,-0.002570908,-0.0251728,5.54,73,0.2798592746305062,0.07236045244520127,0.9573101646411222,0.2798592746305062,0.07236045244520127,0.9573101646411222
-0.4266893,0.4087753,-0.806746,0,0.08176516,0.905808,0.4157239,0,-0.9006946,-0.1114212,0.4199221,0,-2.405107,11.40386,-28.31746,1,-0.4266892,0.08176513,-0.9006945,0,0.4087752,0.905808,-0.1114212,0,-0.8067459,0.4157239,0.4199221,0,-28.53285,1.639188,10.99549,1,0.9847309,0.7330907,-0.004906342,-0.002503037,-0.02524041,5.56,74,0.2594343648814412,0.09009569112318636,0.961549050625915,0.2594343648814412,0.09009569112318636,0.961549050625915
-0.4499753,0.4109275,-0.7928814,0,0.08585338,0.9036373,0.4196056,0,-0.8889046,-0.1207406,0.4418939,0,-3.209312,11.57168,-28.16861,1,-0.4499752,0.0858534,-0.8889047,0,0.4109274,0.9036372,-0.1207406,0,-0.7928814,0.4196056,0.4418939,0,-28.53359,1.638638,10.99193,1,0.971656,0.7866366,-0.004618782,-0.002534371,-0.02495017,5.58,75,0.21713582008467297,0.09581031762682835,0.9714280306190484,0.21713582008467297,0.09581031762682835,0.9714280306190484
-0.4830409,0.4131101,-0.772018,0,0.0911644,0.90064,0.4248961,0,-0.8708392,-0.1348616,0.4727069,0,-4.3651,11.79456,-27.91867,1,-0.4830408,0.09116439,-0.8708389,0,0.4131101,0.90064,-0.1348616,0,-0.7720178,0.424896,0.4727068,0,-28.53468,1.637823,10.98668,1,0.969709,0.7463991,-0.004248147,-0.002413857,-0.02515785,5.62,76,0.1897006977471456,0.10806459667831046,0.9758768816910258,0.1897006977471456,0.10806459667831046,0.9758768816910258
-0.5030186,0.4149019,-0.7581747,0,0.0950873,0.898479,0.4285952,0,-0.8590289,-0.1434986,0.4914036,0,-5.074687,11.94444,-27.7336,1,-0.5030186,0.0950873,-0.8590289,0,0.4149019,0.898479,-0.1434985,0,-0.7581745,0.4285952,0.4914036,0,-28.53534,1.637198,10.9831,1,0.9646915,0.7648367,-0.00413163,-0.002374344,-0.02526753,5.64,77,0.1450103515079461,0.12554676195493703,0.981432630656925,0.1450103515079461,0.12554676195493703,0.981432630656925
-0.5209345,0.416767,-0.744938,0,0.09905989,0.8963251,0.4321903,0,-0.8478293,-0.1513493,0.5082115,0,-5.718784,12.08769,-27.5448,1,-0.5209343,0.09905994,-0.8478292,0,0.4167669,0.8963251,-0.1513493,0,-0.7449379,0.4321903,0.5082115,0,-28.53603,1.636599,10.9795,1,0.9567438,0.8066035,-0.003924332,-0.002342354,-0.02522313,5.66,78,0.11732239011244151,0.1383573171037712,0.9834087194967058,0.11732239011244151,0.1383573171037712,0.9834087194967058
-0.5377538,0.418257,-0.7320397,0,0.1019098,0.8941495,0.4360173,0,-0.8369202,-0.1598679,0.5234568,0,-6.326463,12.22749,-27.34855,1,-0.5377537,0.1019098,-0.8369201,0,0.4182569,0.8941495,-0.1598679,0,-0.7320395,0.4360172,0.5234567,0,-28.53653,1.635965,10.97582,1,0.9553527,0.8215221,-0.003784812,-0.002391083,-0.0250143,5.68,79,0.10210506007734338,0.13324268012376195,0.9858097914405388,0.10210506007734338,0.13324268012376195,0.9858097914405388
-0.5456744,0.4187023,-0.725898,0,0.1031686,0.8932059,0.4376523,0,-0.8316224,-0.1639257,0.5305966,0,-6.61445,12.28641,-27.25343,1,-0.5456743,0.1031687,-0.8316222,0,0.4187023,0.8932059,-0.1639257,0,-0.7258979,0.4376523,0.5305964,0,-28.53689,1.635639,10.97391,1,0.9525271,0.8478423,-0.003662948,-0.00226783,-0.02528428,5.7,80,0.07215003191316664,0.14553516430388116,0.9867187486036592,0.07215003191316664,0.14553516430388116,0.9867187486036592
-0.5600014,0.4198425,-0.7142344,0,0.10586,0.8912839,0.4409156,0,-0.8217007,-0.1713046,0.5435648,0,-7.140012,12.40338,-27.06635,1,-0.5600016,0.10586,-0.8217008,0,0.4198424,0.8912839,-0.1713046,0,-0.7142345,0.4409156,0.5435647,0,-28.5376,1.634888,10.97012,1,0.9246864,0.824558,-0.003520326,-0.002272385,-0.02512882,5.72,81,0.058034846116592716,0.1617717971280816,0.9851202171766521,0.058034846116592716,0.1617717971280816,0.9851202171766521
-0.5727324,0.4214081,-0.7031308,0,0.1087248,0.8892186,0.444375,0,-0.8125002,-0.1780602,0.5551019,0,-7.612477,12.52614,-26.88002,1,-0.5727323,0.1087248,-0.8125001,0,0.4214081,0.8892187,-0.1780602,0,-0.7031307,0.4443749,0.5551018,0,-28.53869,1.633989,10.96641,1,0.9274514,0.8303979,-0.002890152,-0.00183326,-0.02651138,5.74,82,-0.05041679178968383,0.13939784507857636,0.9889521666355178,-0.05041679178968383,0.13939784507857636,0.9889521666355178
-0.5836952,0.4235848,-0.6927307,0,0.1111346,0.8867929,0.4486061,0,-0.8043314,-0.1848629,0.5646918,0,-8.022429,12.66749,-26.69373,1,-0.5836953,0.1111347,-0.8043314,0,0.4235847,0.8867929,-0.1848628,0,-0.6927307,0.448606,0.5646917,0,-28.53998,1.633099,10.96279,1,0.9038827,0.8586272,-0.002233727,-0.001786522,-0.02644009,5.76,83,-0.15249078340186,0.1583232171745036,0.9755410395677888,-0.15249078340186,0.1583232171745036,0.9755410395677888
-0.593847,0.42487,-0.6832504,0,0.1118081,0.884542,0.4528624,0,-0.7967713,-0.1925381,0.5727866,0,-8.399837,12.79257,-26.51729,1,-0.593847,0.1118081,-0.7967713,0,0.4248701,0.884542,-0.1925381,0,-0.6832505,0.4528625,0.5727866,0,-28.54135,1.632292,10.95905,1,0.8669608,0.7993737,-0.001979829,-0.001990143,-0.02569696,5.78,84,-0.20437786921171008,0.16486927589693715,0.9649081865347089,-0.20437786921171008,0.16486927589693715,0.9649081865347089
-0.6088123,0.4233673,-0.6709007,0,0.1092384,0.8823764,0.4576887,0,-0.7857573,-0.2053584,0.5834496,0,-8.949153,12.89406,-26.28711,1,-0.6088124,0.1092383,-0.7857573,0,0.4233672,0.8823763,-0.2053584,0,-0.6709006,0.4576886,0.5834496,0,-28.54332,1.631489,10.95325,1,0.8598431,0.7556962,-0.001880897,-0.001966042,-0.02561375,5.82,85,-0.22272176656066162,0.17925009984978074,0.9582611420713781,-0.22272176656066162,0.17925009984978074,0.9582611420713781
-0.6178039,0.4215938,-0.6637599,0,0.1077691,0.8815529,0.4596197,0,-0.7789122,-0.212422,0.5900618,0,-9.282355,12.92214,-26.15714,1,-0.6178038,0.1077692,-0.7789121,0,0.4215938,0.8815529,-0.212422,0,-0.6637597,0.4596196,0.5900615,0,-28.54462,1.631142,10.94913,1,0.8716738,0.7179215,-0.001838699,-0.001935005,-0.0256119,5.84,86,-0.2420432896418713,0.18885757996586458,0.9517078650661548,-0.2420432896418713,0.18885757996586458,0.9517078650661548
-0.6256611,0.4198703,-0.6574627,0,0.1061799,0.8807902,0.4614483,0,-0.7728351,-0.2189009,0.5956579,0,-9.574581,12.94508,-26.03995,1,-0.6256611,0.1061799,-0.7728351,0,0.4198703,0.8807901,-0.2189009,0,-0.6574626,0.4614482,0.5956579,0,-28.54599,1.630815,10.94502,1,0.8648705,0.7416458,-0.001770874,-0.001915642,-0.0256095,5.86,87,-0.2420158700735965,0.18852591349932724,0.9517805937146251,-0.2420158700735965,0.18852591349932724,0.9517805937146251
-0.6327087,0.4172288,-0.6523803,0,0.1039586,0.8805819,0.4623508,0,-0.7673804,-0.2247127,0.6005262,0,-9.835834,12.93363,-25.94802,1,-0.6327085,0.1039586,-0.7673802,0,0.4172287,0.8805818,-0.2247128,0,-0.6523802,0.4623508,0.6005262,0,-28.54747,1.630491,10.94099,1,0.8677569,0.730786,-0.001642678,-0.001929398,-0.02564636,5.88,88,-0.26189670456454206,0.20130182073952935,0.9438684723546937,-0.26189670456454206,0.20130182073952935,0.9438684723546937
-0.6428593,0.4119605,-0.6457713,0,0.09865779,0.8805697,0.4635339,0,-0.7596043,-0.2342767,0.6067256,0,-10.20796,12.88736,-25.82619,1,-0.6428592,0.09865779,-0.7596042,0,0.4119604,0.8805696,-0.2342767,0,-0.6457712,0.4635338,0.6067255,0,-28.54918,1.630185,10.9346,1,0.8675685,0.7114756,-0.001539307,-0.001912003,-0.02566476,5.92,89,-0.2767891010036603,0.2010882343157008,0.9396548917476987,-0.2767891010036603,0.2010882343157008,0.9396548917476987
