mat_00,mat_10,mat_20,mat_30,mat_01,mat_11,mat_21,mat_31,mat_02,mat_12,mat_22,mat_32,mat_03,mat_13,mat_23,mat_33,ctw_00,ctw_10,ctw_20,ctw_30,ctw_01,ctw_11,ctw_21,ctw_31,ctw_02,ctw_12,ctw_22,ctw_32,ctw_03,ctw_13,ctw_23,ctw_33,opennessl,opennessr,eye_x,eye_y,eye_z,time,frame,ray_x,ray_y,ray_z,base_x,base_y,base_z
0.001141131,0.1431554,-0.9896996,0,0.07198432,0.9871209,0.1428654,0,-0.9974052,0.07140589,0.009178519,0,10.94382,1.676595,-28.76038,1,0.001141122,0.07198432,-0.9974051,0,0.1431554,0.9871209,0.07140587,0,-0.9896995,0.1428654,0.00917851,0,-28.71664,1.666078,11.05969,1,0.0,0.0,0.006113961,-0.009898979,-0.02102068,4.0,1,-0.43653486305416755,0.07392718864335475,0.8966449041385162,-0.43653486305416755,0.07392718864335475,0.8966449041385162
0.292819,0.1233048,-0.9481841,0,0.02793256,0.9901238,0.1373849,0,-0.9557599,0.06671414,-0.2864829,0,18.97165,1.148581,-24.27646,1,0.292819,0.02793257,-0.9557596,0,0.1233048,0.9901238,0.06671411,0,-0.9481838,0.1373849,-0.2864828,0,-28.71543,1.668055,11.10092,1,0.0,0.0,0.01860972,-0.004675271,-0.01151638,4.02,2,-0.24536466660727635,-0.02712948458174286,0.9690511707061858,-0.24536466660727635,-0.02712948458174286,0.9690511707061858
0.3060044,0.1230475,-0.9440449,0,0.02731581,0.9900693,0.1379006,0,-0.9516382,0.06798553,-0.2996045,0,19.30674,1.127257,-24.01246,1,0.3060044,0.02731581,-0.9516381,0,0.1230475,0.9900693,0.06798553,0,-0.9440448,0.1379006,-0.2996044,0,-28.71549,1.66789,11.10215,1,0.6837382,0.2767463,0.006202424,-0.01012611,-0.02109198,4.04,3,-0.5085093701892698,-0.008759294646977197,0.8610119018846368,-0.5085093701892698,-0.008759294646977197,0.8610119018846368
0.3483745,0.122318,-0.9293404,0,0.02259504,0.9900654,0.1387805,0,-0.9370831,0.0693461,-0.3421498,0,20.37365,1.091396,-23.11842,1,0.3483745,0.02259506,-0.937083,0,0.122318,0.9900653,0.06934607,0,-0.9293402,0.1387805,-0.3421498,0,-28.71604,1.66749,11.10615,1,0.6764077,0.5263035,0.006107064,-0.01012164,-0.02096542,4.06,4,-0.40034308907623084,0.059211194427667785,0.9144503515682796,-0.40034308907623084,0.059211194427667785,0.9144503515682796
0.3774807,0.1232654,-0.9177767,0,0.01800698,0.9899363,0.1403634,0,-0.9258424,0.06951087,-0.3714623,0,21.09508,1.117249,-22.46314,1,0.3774807,0.01800699,-0.9258423,0,0.1232655,0.9899363,0.06951085,0,-0.9177765,0.1403634,-0.3714622,0,-28.71685,1.667138,11.10885,1,0.6954359,0.5361697,0.005896256,-0.01008396,-0.02080431,4.08,5,-0.36234698371996377,0.025317760377574085,0.9316993476430623,-0.36234698371996377,0.025317760377574085,0.9316993476430623
0.4029545,0.1253175,-0.9065998,0,0.01444969,0.9895867,0.143211,0,-0.915106,0.07080762,-0.3969476,0,21.71594,1.162834,-21.86345,1,0.4029545,0.0144497,-0.9151059,0,0.1253175,0.9895867,0.07080761,0,-0.9065998,0.143211,-0.3969476,0,-28.71766,1.666574,11.1114,1,0.7352473,0.6370239,0.005714851,-0.01007607,-0.02072172,4.1,6,-0.3436036171469029,0.017788865777025556,0.9389462767048664,-0.3436036171469029,0.017788865777025556,0.9389462767048664
0.4147983,0.126328,-0.9011014,0,0.01336424,0.9893628,0.1448535,0,-0.9098153,0.07212751,-0.4086977,0,22.00017,1.177819,-21.57736,1,0.4147983,0.01336424,-0.9098152,0,0.126328,0.9893629,0.0721275,0,-0.9011015,0.1448535,-0.4086977,0,-28.71781,1.666249,11.11252,1,0.7193133,0.6539231,0.005629295,-0.01008742,-0.02067172,4.12,7,-0.32290719693805575,0.011785388866823562,0.9463572511345099,-0.32290719693805575,0.011785388866823562,0.9463572511345099
0.4365381,0.1282331,-0.8905003,0,0.01219454,0.9888561,0.1483744,0,-0.8996031,0.07563034,-0.4301096,0,22.51506,1.194896,-21.04021,1,0.4365381,0.01219454,-0.8996031,0,0.1282331,0.988856,0.07563033,0,-0.8905002,0.1483744,-0.4301096,0,-28.71822,1.665689,11.11465,1,0.6581157,0.8681728,0.005447983,-0.0100693,-0.02064352,4.14,8,-0.29761500778115674,0.05415055771732063,0.9531490042182938,-0.29761500778115674,0.05415055771732063,0.9531490042182938
0.4551761,0.1302751,-0.8808196,0,0.01138927,0.9883059,0.1520582,0,-0.8903286,0.07924513,-0.4483694,0,22.95058,1.214831,-20.56504,1,0.4551761,0.01138926,-0.8903286,0,0.1302752,0.9883059,0.07924513,0,-0.8808197,0.1520582,-0.4483694,0,-28.71891,1.665067,11.11656,1,0.6581157,0.8681728,0.005169472,-0.01001328,-0.0205515,4.16,9,-0.260428891971671,0.05724178318488941,0.9637946723676273,-0.260428891971671,0.05724178318488941,0.9637946723676273
0.4696052,0.1321449,-0.8729311,0,0.01165878,0.9877208,0.1557938,0,-0.8827996,0.08333892,-0.4622982,0,23.28265,1.224517,-20.18975,1,0.4696053,0.0116588,-0.8827995,0,0.1321449,0.9877208,0.0833389,0,-0.8729311,0.1557938,-0.4622982,0,-28.71973,1.66451,11.11818,1,0.7098293,0.8313637,0.005050316,-0.009958573,-0.020523,4.18,10,-0.23622739513657282,0.06815307414279942,0.9693047901830855,-0.23622739513657282,0.06815307414279942,0.9693047901830855
0.4794204,0.1337719,-0.86733,0,0.01278141,0.9871448,0.1593164,0,-0.8774923,0.08746523,-0.4715475,0,23.50488,1.226697,-19.93149,1,0.4794204,0.01278141,-0.8774923,0,0.1337719,0.9871448,0.08746522,0,-0.8673298,0.1593164,-0.4715475,0,-28.71999,1.66406,11.11941,1,0.8134289,0.8267645,0.004750411,-0.009870445,-0.0204657,4.2,11,-0.21209814313639622,0.06340950742038871,0.9751890134977919,-0.21209814313639622,0.06340950742038871,0.9751890134977919
0.4840005,0.135829,-0.8644617,0,0.01453824,0.9864953,0.1631434,0,-0.874947,0.09152922,-0.4754894,0,23.60616,1.242056,-19.8112,1,0.4840004,0.01453826,-0.874947,0,0.135829,0.9864953,0.09152923,0,-0.8644617,0.1631434,-0.4754894,0,-28.72012,1.66359,11.12044,1,0.8460763,0.8548205,0.004689834,-0.009839394,-0.02046192,4.22,12,-0.1934828443786465,0.06138202844479159,0.9791816151844106,-0.1934828443786465,0.06138202844479159,0.9791816151844106
0.4857261,0.1367754,-0.8633439,0,0.01563808,0.9861643,0.1650314,0,-0.8739712,0.09366109,-0.4768668,0,23.6432,1.246209,-19.76672,1,0.4857261,0.01563808,-0.8739712,0,0.1367754,0.9861643,0.0936611,0,-0.8633439,0.1650314,-0.4768668,0,-28.72005,1.663428,11.12066,1,0.8780338,0.8969692,0.004587257,-0.009798859,-0.0204831,4.24,13,-0.17852213361201338,0.0700336942761739,0.9814403341399038,-0.17852213361201338,0.0700336942761739,0.9814403341399038
0.4850956,0.1377539,-0.8635428,0,0.01912396,0.9856068,0.1679687,0,-0.874252,0.09799523,-0.4754791,0,23.62276,1.22738,-19.79231,1,0.4850956,0.01912397,-0.874252,0,0.1377539,0.9856068,0.09799524,0,-0.8635427,0.1679687,-0.4754792,0,-28.71988,1.663014,11.12113,1,0.864146,0.8625543,0.004458191,-0.009855615,-0.02025375,4.26,14,-0.18414882478716169,0.08523075652845036,0.9791960623241371,-0.18414882478716169,0.08523075652845036,0.9791960623241371
0.480145,0.1378906,-0.8662834,0,0.02319346,0.9852265,0.1696786,0,-0.8768824,0.1015624,-0.4698535,0,23.50301,1.192464,-19.93612,1,0.480145,0.02319347,-0.8768824,0,0.1378906,0.9852265,0.1015624,0,-0.8662834,0.1696786,-0.4698534,0,-28.71961,1.662768,11.12121,1,0.9246818,0.8720632,0.004309067,-0.0099477,-0.01994845,4.28,15,-0.18424153484386085,0.09193854045217499,0.9785715924846287,-0.18424153484386085,0.09193854045217499,0.9785715924846287
0.4731253,0.136959,-0.8702843,0,0.02806393,0.984998,0.1702686,0,-0.8805481,0.104982,-0.4621839,0,23.33385,1.128275,-20.13714,1,0.4731253,0.02806394,-0.8805479,0,0.136959,0.9849979,0.104982,0,-0.8702843,0.1702686,-0.4621838,0,-28.7194,1.662533,11.12107,1,0.9110755,0.8134959,0.004303749,-0.009903885,-0.02000144,4.3,16,-0.18183153518654596,0.08966073707016013,0.9792334987324216,-0.18183153518654596,0.08966073707016013,0.9792334987324216
0.4634461,0.1357806,-0.8756605,0,0.03259896,0.9849092,0.1699739,0,-0.8855253,0.1073194,-0.452026,0,23.10324,1.06854,-20.40389,1,0.4634461,0.03259895,-0.8855252,0,0.1357806,0.9849093,0.1073194,0,-0.8756606,0.1699739,-0.4520259,0,-28.71907,1.662572,11.12074,1,0.9238907,0.8242658,0.004306558,-0.009855485,-0.02007195,4.32,17,-0.17983585956700693,0.10192600170949935,0.978401836562724,-0.17983585956700693,0.10192600170949935,0.978401836562724
0.4583272,0.1348108,-0.8785,0,0.03466891,0.9849656,0.1692359,0,-0.8881071,0.1080221,-0.4467628,0,22.98115,1.032758,-20.54265,1,0.4583272,0.03466892,-0.8881071,0,0.1348108,0.9849657,0.1080221,0,-0.8785,0.1692359,-0.4467628,0,-28.71883,1.662591,11.12047,1,0.9091533,0.7746261,0.004318581,-0.009821976,-0.02010851,4.34,18,-0.1781593822830728,0.10013601152494502,0.9788932596051472,-0.1781593822830728,0.10013601152494502,0.9788932596051472
0.4472445,0.1334735,-0.8843966,0,0.03815961,0.9850546,0.1679624,0,-0.8935974,0.1088685,-0.4354669,0,22.71746,0.9847436,-20.83521,1,0.4472444,0.03815961,-0.8935973,0,0.1334735,0.9850545,0.1088684,0,-0.8843966,0.1679624,-0.4354669,0,-28.71828,1.662616,11.12001,1,0.9052511,0.8786787,0.004351349,-0.00984665,-0.02014383,4.36,19,-0.1809034071646954,0.10192103533812676,0.9782055304647427,-0.1809034071646954,0.10192103533812676,0.9782055304647427
0.4358436,0.1325349,-0.8902106,0,0.04094499,0.9851543,0.1667167,0,-0.8990906,0.1091121,-0.4239466,0,22.44593,0.954972,-21.1282,1,0.4358436,0.040945,-0.8990905,0,0.1325349,0.9851543,0.1091121,0,-0.8902105,0.1667167,-0.4239466,0,-28.71803,1.662581,11.11949,1,0.8905528,0.7996278,0.004542222,-0.009825226,-0.02031055,4.38,20,-0.18277221641334768,0.11989498793013265,0.9758173542095805,-0.18277221641334768,0.11989498793013265,0.9758173542095805
0.4241104,0.1320438,-0.8959325,0,0.04325099,0.9852309,0.1656786,0,-0.9045772,0.109016,-0.4121357,0,22.1653,0.9416983,-21.42206,1,0.4241103,0.04325099,-0.9045771,0,0.1320438,0.985231,0.1090159,0,-0.8959323,0.1656786,-0.4121355,0,-28.71759,1.662715,11.11877,1,0.8969975,0.8532052,0.004529916,-0.009839875,-0.02027416,4.4,21,-0.19711953868497176,0.10854051830720547,0.9743525251951817,-0.19711953868497176,0.10854051830720547,0.9743525251951817
0.4126789,0.1325501,-0.9011807,0,0.04468128,0.9852186,0.1653718,0,-0.9097801,0.1085114,-0.4006564,0,21.89172,0.9619973,-21.69974,1,0.4126788,0.04468128,-0.90978,0,0.1325501,0.9852186,0.1085114,0,-0.9011807,0.1653718,-0.4006564,0,-28.71715,1.662597,11.11812,1,0.8603562,0.8775237,0.004756875,-0.009847481,-0.02034641,4.42,22,-0.20441829099061645,0.11343631164827474,0.9722887253836235,-0.20441829099061645,0.11343631164827474,0.9722887253836235
0.395013,0.1351713,-0.9086768,0,0.04544454,0.9850301,0.1662846,0,-0.9175509,0.106979,-0.3829569,0,21.46827,1.054825,-22.11304,1,0.395013,0.04544454,-0.9175508,0,0.1351713,0.98503,0.106979,0,-0.9086767,0.1662846,-0.3829569,0,-28.71643,1.662409,11.11704,1,0.8676149,0.9051905,0.004886688,-0.009908279,-0.02038435,4.46,23,-0.21606299472349405,0.11688462904572068,0.9693579141906046,-0.21606299472349405,0.11688462904572068,0.9693579141906046
0.3819488,0.1379842,-0.9138246,0,0.04630135,0.9846926,0.1680375,0,-0.9230229,0.106493,-0.3697134,0,21.1515,1.14184,-22.41061,1,0.3819489,0.04630135,-0.9230229,0,0.1379842,0.9846926,0.106493,0,-0.9138247,0.1680375,-0.3697133,0,-28.71572,1.662118,11.11622,1,0.8446795,0.9127999,0.004380981,-0.009977898,-0.02035932,4.48,24,-0.17120884066366437,0.09229091324766672,0.9809026048545879,-0.17120884066366437,0.09229091324766672,0.9809026048545879
0.366337,0.1418654,-0.9196039,0,0.04659649,0.9842719,0.1704039,0,-0.9293147,0.1052756,-0.3539648,0,20.77143,1.267773,-22.75509,1,0.366337,0.04659649,-0.9293148,0,0.1418654,0.9842719,0.1052756,0,-0.9196039,0.1704039,-0.3539648,0,-28.71486,1.661848,11.11523,1,0.9271841,0.7608461,0.003451522,-0.01060454,-0.01887479,4.5,25,-0.07710794480045453,0.06268975511276209,0.9950499281204698,-0.07710794480045453,0.06268975511276209,0.9950499281204698
0.3452709,0.1459315,-0.927088,0,0.04711467,0.9838961,0.1724203,0,-0.9373198,0.1032112,-0.3328352,0,20.25323,1.408458,-23.20784,1,0.3452709,0.04711469,-0.9373197,0,0.1459315,0.983896,0.1032111,0,-0.9270877,0.1724202,-0.3328352,0,-28.7141,1.661501,11.11399,1,0.9233102,0.994217,0.002188752,-0.009981621,-0.02052347,4.52,26,0.15775657863038964,0.011836424750469433,0.9874070897800765,0.15775657863038964,0.011836424750469433,0.9874070897800765
0.333211,0.147901,-0.9311798,0,0.04829278,0.9836464,0.1735154,0,-0.9416147,0.1027865,-0.3206193,0,19.95188,1.47036,-23.46284,1,0.333211,0.04829277,-0.9416146,0,0.147901,0.9836464,0.1027865,0,-0.9311798,0.1735154,-0.3206192,0,-28.71377,1.661317,11.11321,1,1.0,1.0,0.002086502,-0.01007439,-0.02030244,4.54,27,0.17998983525840628,0.014421534267392285,0.9835627476440059,0.17998983525840628,0.014421534267392285,0.9835627476440059
0.3083202,0.1517745,-0.939097,0,0.05305789,0.9829099,0.1762752,0,-0.9498019,0.1041757,-0.2949982,0,19.31842,1.56783,-23.97902,1,0.3083202,0.05305789,-0.9498017,0,0.1517745,0.98291,0.1041757,0,-0.939097,0.1762752,-0.2949981,0,-28.71284,1.660875,11.11157,1,1.0,1.0,0.002142021,-0.00997912,-0.02046219,4.56,28,0.15554375422092828,0.006518133541236999,0.9878074986848389,0.15554375422092828,0.006518133541236999,0.9878074986848389
0.2819123,0.1557088,-0.9467208,0,0.05984274,0.981968,0.1793258,0,-0.9575721,0.1072085,-0.2675108,0,18.63313,1.649131,-24.50764,1,0.2819123,0.05984275,-0.957572,0,0.1557088,0.981968,0.1072085,0,-0.9467208,0.1793258,-0.2675108,0,-28.71158,1.6604,11.10971,1,1.0,1.0,0.002224998,-0.009961861,-0.02046269,4.58,29,0.13275386434120207,-0.002761017671358931,0.9911451903146665,0.13275386434120207,-0.002761017671358931,0.9911451903146665
0.250195,0.1608735,-0.9547367,0,0.06790484,0.9807552,0.1830525,0,-0.9658113,0.1106301,-0.234456,0,17.79836,1.762001,-25.11039,1,0.2501951,0.06790484,-0.9658113,0,0.1608735,0.9807552,0.1106301,0,-0.9547366,0.1830525,-0.234456,0,-28.71033,1.659835,11.10764,1,1.0,1.0,0.002626626,-0.01055077,-0.01921172,4.6,30,0.1268517528477834,0.05432690997059181,0.990432844594974,0.1268517528477834,0.05432690997059181,0.990432844594974
0.2141342,0.1674869,-0.9623381,0,0.07644196,0.9792957,0.1874476,0,-0.9738086,0.113702,-0.1968977,0,16.83516,1.920819,-25.75216,1,0.2141342,0.07644196,-0.9738086,0,0.1674869,0.9792956,0.113702,0,-0.9623381,0.1874476,-0.1968977,0,-28.70898,1.659219,11.10528,1,1.0,1.0,0.00262497,-0.01032431,-0.0196368,4.62,31,0.11017701721343716,0.03869365003598536,0.9931585101708804,0.11017701721343716,0.03869365003598536,0.9931585101708804
0.1946326,0.1710974,-0.9658384,0,0.08204801,0.9783782,0.1898528,0,-0.9774386,0.1161967,-0.1763862,0,16.30495,1.998647,-26.08402,1,0.1946326,0.08204801,-0.9774385,0,0.1710974,0.9783783,0.1161967,0,-0.9658384,0.1898528,-0.1763861,0,-28.70839,1.658904,11.10399,1,1.0,1.0,0.002696617,-0.01025516,-0.01981855,4.64,32,0.08766062606273084,0.04090672202422422,0.9953101299251019,0.08766062606273084,0.04090672202422422,0.9953101299251019
0.1550901,0.1789003,-0.9715667,0,0.09603685,0.9760779,0.1950612,0,-0.9832214,0.1235583,-0.134199,0,15.20794,2.14572,-26.72476,1,0.1550901,0.09603684,-0.9832211,0,0.1789003,0.9760779,0.1235582,0,-0.9715666,0.1950612,-0.1341989,0,-28.70735,1.658052,11.10122,1,1.0,1.0,0.002722382,-0.01025434,-0.01989114,4.66,33,0.0696659472931245,0.045349640345591795,0.9965390438453865,0.0696659472931245,0.045349640345591795,0.9965390438453865
0.1193641,0.1866885,-0.9751409,0,0.1125118,0.9732925,0.2001069,0,-0.986455,0.1336005,-0.09517151,0,14.18831,2.263353,-27.26801,1,0.1193641,0.1125118,-0.9864548,0,0.1866885,0.9732925,0.1336004,0,-0.9751407,0.2001068,-0.09517149,0,-28.70626,1.657258,11.09861,1,1.0,1.0,0.003162675,-0.009976838,-0.02037184,4.68,34,-0.007945965064063547,0.0366210759381695,0.9992976325581542,-0.007945965064063547,0.0366210759381695,0.9992976325581542
0.08649313,0.1953557,-0.9769111,0,0.1267314,0.9704621,0.2052865,0,-0.9881591,0.1415612,-0.05918062,0,13.23763,2.429308,-27.72592,1,0.08649313,0.1267314,-0.9881588,0,0.1953557,0.970462,0.1415611,0,-0.9769109,0.2052865,-0.05918059,0,-28.7053,1.656582,11.09615,1,1.0,1.0,0.003263534,-0.01000127,-0.02026766,4.7,35,-0.025570035969516687,0.04226531543447833,0.998779162964337,-0.025570035969516687,0.04226531543447833,0.998779162964337
0.05975097,0.1993805,-0.9780988,0,0.1322591,0.9696294,0.2057337,0,-0.9894126,0.1416553,-0.03156644,0,12.4729,2.545426,-28.06654,1,0.05975101,0.1322591,-0.9894127,0,0.1993805,0.9696293,0.1416553,0,-0.9780988,0.2057336,-0.03156641,0,-28.70462,1.656457,11.09431,1,1.0,1.0,0.002764313,-0.01071768,-0.01890718,4.72,36,0.13439582039145923,0.05908786075703546,0.9891644899471795,0.13439582039145923,0.05908786075703546,0.9891644899471795
0.05043072,0.2001141,-0.9784738,0,0.1321284,0.969772,0.2051444,0,-0.9899489,0.1396298,-0.02246553,0,12.21083,2.58867,-28.17694,1,0.05043071,0.1321284,-0.9899489,0,0.2001141,0.9697722,0.1396298,0,-0.9784739,0.2051444,-0.02246553,0,-28.70423,1.656525,11.09363,1,1.0,1.0,0.002819824,-0.01024502,-0.01958283,4.74,37,0.12767939338022058,0.02789350874789976,0.9914231814294991,0.12767939338022058,0.02789350874789976,0.9914231814294991
0.04290009,0.1996938,-0.9789189,0,0.1242864,0.9711429,0.2035543,0,-0.9913186,0.1303988,-0.01684284,0,12.02216,2.676474,-28.2492,1,0.04290004,0.1242864,-0.9913185,0,0.1996938,0.9711428,0.1303988,0,-0.9789187,0.2035543,-0.01684288,0,-28.7039,1.656815,11.09299,1,1.0,1.0,0.003191583,-0.009895332,-0.0202544,4.76,38,0.08828828877931429,0.019329370495668848,0.9959074020714285,0.08828828877931429,0.019329370495668848,0.9959074020714285
0.04398984,0.1999447,-0.9788193,0,0.118117,0.9718547,0.2038304,0,-0.9920249,0.1245816,-0.01913488,0,12.07139,2.746905,-28.22117,1,0.04398984,0.118117,-0.9920248,0,0.1999447,0.9718547,0.1245816,0,-0.9788192,0.2038304,-0.01913487,0,-28.70367,1.656903,11.0929,1,1.0,1.0,0.003520241,-0.009868714,-0.02039748,4.78,39,0.07532887222355446,0.024760604975177694,0.9968512795050175,0.07532887222355446,0.024760604975177694,0.9968512795050175
0.04765427,0.201753,-0.9782766,0,0.1054485,0.9729002,0.2057809,0,-0.9932824,0.1129641,-0.02508825,0,12.21142,2.925931,-28.14237,1,0.04765422,0.1054485,-0.9932822,0,0.201753,0.9729003,0.1129641,0,-0.9782764,0.2057809,-0.02508829,0,-28.70325,1.656846,11.09282,1,1.0,1.0,0.003644296,-0.009893158,-0.02044838,4.8,40,0.06114265458248024,0.030707306277900758,0.9976565727402203,0.06114265458248024,0.030707306277900758,0.9976565727402203
0.05241656,0.2055531,-0.9772413,0,0.09360751,0.9732665,0.2097379,0,-0.9942285,0.1024709,-0.03177398,0,12.37824,3.151143,-28.04495,1,0.05241657,0.09360751,-0.9942284,0,0.2055531,0.9732665,0.1024709,0,-0.9772412,0.2097379,-0.03177397,0,-28.70323,1.656489,11.0928,1,1.0,1.0,0.003660591,-0.009954171,-0.02058769,4.82,41,0.055514492193668906,0.04572792938468587,0.997410195271067,0.055514492193668906,0.04572792938468587,0.997410195271067
0.05823129,0.2111705,-0.9757132,0,0.08226669,0.9730324,0.2155,0,-0.9949077,0.09281754,-0.03928864,0,12.57157,3.420202,-27.92712,1,0.05823129,0.08226669,-0.9949077,0,0.2111705,0.9730324,0.09281753,0,-0.9757132,0.2155,-0.03928864,0,-28.70316,1.656104,11.09288,1,1.0,1.0,0.003543938,-0.01003017,-0.02047904,4.84,42,0.05460887335013519,0.04836399633300879,0.9973358485536001,0.05460887335013519,0.04836399633300879,0.9973358485536001
0.06347734,0.2156517,-0.974405,0,0.07128982,0.9728999,0.2199628,0,-0.9954339,0.08342782,-0.04638332,0,12.74633,3.653451,-27.81775,1,0.06347733,0.07128983,-0.9954336,0,0.2156517,0.9728999,0.0834278,0,-0.9744049,0.2199628,-0.04638331,0,-28.70272,1.655743,11.09305,1,1.0,1.0,0.003484505,-0.01001479,-0.02043153,4.86,43,0.04873747731634999,0.04292969434780416,0.9978886208630914,0.04873747731634999,0.04292969434780416,0.9978886208630914
0.06526619,0.2167341,-0.9740466,0,0.06740752,0.9729405,0.2210046,0,-0.9955886,0.08008219,-0.04889059,0,12.80586,3.721608,-27.78101,1,0.06526616,0.06740753,-0.9955885,0,0.216734,0.9729405,0.0800822,0,-0.9740464,0.2210046,-0.04889061,0,-28.70238,1.655617,11.0931,1,1.0,1.0,0.003444679,-0.009988694,-0.02041939,4.88,44,0.048689893639472764,0.038325458537515185,0.9980783804317505,0.048689893639472764,0.038325458537515185,0.9980783804317505
0.06573021,0.2182965,-0.9736665,0,0.06355417,0.9728795,0.2224105,0,-0.9958115,0.07649966,-0.05007392,0,12.82785,3.806327,-27.75883,1,0.0657302,0.06355418,-0.9958113,0,0.2182965,0.9728795,0.07649964,0,-0.9736663,0.2224105,-0.05007392,0,-28.70192,1.655492,11.09294,1,1.0,1.0,0.00337832,-0.009978814,-0.02031483,4.9,45,0.04951209236846304,0.0334721642811585,0.9982124858604163,0.04951209236846304,0.0334721642811585,0.9982124858604163
0.0624882,0.2206378,-0.9733521,0,0.06451558,0.9723253,0.2245469,0,-0.9959584,0.0768279,-0.04652429,0,12.73443,3.870842,-27.79227,1,0.06248819,0.06451558,-0.9959583,0,0.2206378,0.9723252,0.0768279,0,-0.973352,0.2245469,-0.04652427,0,-28.70147,1.65538,11.09256,1,1.0,1.0,0.003164269,-0.009891342,-0.02038889,4.92,46,0.05015381880836341,0.04101089873228624,0.9978991435230857,0.05015381880836341,0.04101089873228624,0.9978991435230857
0.0568924,0.2249558,-0.9727067,0,0.06788595,0.9711581,0.2285683,0,-0.9960697,0.07903691,-0.03998017,0,12.56886,3.972509,-27.85251,1,0.05689238,0.06788595,-0.9960696,0,0.2249558,0.9711582,0.07903691,0,-0.9727065,0.2285683,-0.03998017,0,-28.70103,1.655016,11.09193,1,1.0,1.0,0.003097039,-0.00992289,-0.02032361,4.94,47,0.04664599099132332,0.03771349874555474,0.998199300509075,0.04664599099132332,0.03771349874555474,0.998199300509075
0.04929978,0.2305664,-0.9718069,0,0.07221533,0.9696206,0.2337112,0,-0.9961699,0.08170126,-0.03115165,0,12.34416,4.106902,-27.93251,1,0.04929978,0.07221532,-0.9961699,0,0.2305664,0.9696205,0.08170126,0,-0.9718069,0.2337112,-0.03115165,0,-28.70048,1.654566,11.09119,1,1.0,1.0,0.002955506,-0.00994619,-0.02021787,4.96,48,0.05452317756268703,0.05225448212167438,0.9971442685021377,0.05452317756268703,0.05225448212167438,0.9971442685021377
0.03562158,0.2400237,-0.9701132,0,0.07935861,0.9669845,0.2421636,0,-0.9962094,0.08561308,-0.01539761,0,11.93917,4.340091,-28.07166,1,0.03562162,0.07935859,-0.9962095,0,0.2400237,0.9669845,0.08561309,0,-0.9701132,0.2421636,-0.01539757,0,-28.69971,1.653659,11.09011,1,1.0,1.0,0.002911774,-0.009915832,-0.02021787,5.0,49,0.05093333125112862,0.050908128018158555,0.9974037087706008,0.05093333125112862,0.050908128018158555,0.9974037087706008
0.02630222,0.2475346,-0.968522,0,0.08393958,0.9648887,0.2488856,0,-0.9961237,0.08784357,-0.004600763,0,11.66235,4.534881,-28.15584,1,0.02630222,0.08393958,-0.9961236,0,0.2475346,0.9648887,0.08784357,0,-0.968522,0.2488855,-0.004600761,0,-28.69884,1.652994,11.08924,1,1.0,1.0,0.002914299,-0.009913856,-0.02021852,5.02,50,0.05106532573077744,0.0522237889322056,0.9973289368997443,0.05106532573077744,0.0522237889322056,0.9973289368997443
0.01676196,0.2560604,-0.9665155,0,0.08800929,0.9625214,0.2565286,0,-0.9959787,0.08936227,0.006402016,0,11.37941,4.767154,-28.23163,1,0.0167619,0.08800932,-0.9959786,0,0.2560605,0.9625215,0.08936227,0,-0.9665154,0.2565286,0.006401953,0,-28.69773,1.65224,11.08838,1,1.0,1.0,0.002917931,-0.009905815,-0.02021852,5.04,51,0.05135871586679312,0.054568396641811866,0.9971883334618672,0.05135871586679312,0.054568396641811866,0.9971883334618672
0.007627308,0.2661737,-0.963895,0,0.09056684,0.9597775,0.2657534,0,-0.9958612,0.0893239,0.01678598,0,11.11092,5.063045,-28.28532,1,0.007627322,0.09056684,-0.9958611,0,0.2661737,0.9597775,0.08932389,0,-0.9638949,0.2657534,0.01678599,0,-28.69647,1.651242,11.08748,1,1.0,1.0,0.002936448,-0.009850334,-0.02032159,5.06,52,0.040079382074288655,0.06496642495552969,0.9970822467384728,0.040079382074288655,0.06496642495552969,0.9970822467384728
0.003339469,0.2720158,-0.9622871,0,0.09090388,0.9582255,0.2711832,0,-0.9958541,0.08838125,0.02152729,0,10.98678,5.244112,-28.29987,1,0.003339508,0.09090388,-0.995854,0,0.2720158,0.9582254,0.08838122,0,-0.9622868,0.2711832,0.02152732,0,-28.69577,1.650665,11.08697,1,1.0,1.0,0.002977478,-0.009828873,-0.02032658,5.08,53,0.039346877990141374,0.07072702098533558,0.9967193745959635,0.039346877990141374,0.07072702098533558,0.9967193745959635
-0.004786611,0.2848726,-0.9585534,0,0.09120537,0.9546935,0.28327,0,-0.9958206,0.08606935,0.03055167,0,10.75192,5.645338,-28.31116,1,-0.00478662,0.09120539,-0.9958205,0,0.2848726,0.9546934,0.08606932,0,-0.9585534,0.28327,0.03055165,0,-28.6945,1.649502,11.08605,1,1.0,1.0,0.0030055,-0.009809846,-0.02034928,5.1,54,0.02675700445181525,0.07602905135960487,0.9967465304991657,0.02675700445181525,0.07602905135960487,0.9967465304991657
-0.01466966,0.2987964,-0.9542041,0,0.09122854,0.9507264,0.2963049,0,-0.9957219,0.08270399,0.04120553,0,10.4661,6.08944,-28.3246,1,-0.01466959,0.09122854,-0.9957219,0,0.2987964,0.9507264,0.08270396,0,-0.9542042,0.2963049,0.04120559,0,-28.69342,1.648519,11.08484,1,0.9807676,0.9428035,0.003078462,-0.009796342,-0.02035344,5.12,55,0.019506728495549887,0.0822961705432409,0.9964169949661231,0.019506728495549887,0.0822961705432409,0.9964169949661231
-0.0276891,0.311705,-0.9497754,0,0.09129107,0.9469576,0.3081188,0,-0.9954392,0.07817445,0.05467629,0,10.08788,6.516924,-28.36506,1,-0.02768911,0.09129104,-0.9954392,0,0.311705,0.9469576,0.07817447,0,-0.9497755,0.3081188,0.05467629,0,-28.69247,1.647625,11.08331,1,0.9604427,0.9650888,0.003180419,-0.009763131,-0.02025116,5.14,56,0.007495401593796165,0.08943363476542858,0.9959645796551159,0.007495401593796165,0.08943363476542858,0.9959645796551159
-0.04337204,0.3219903,-0.945749,0,0.09069522,0.944,0.3172356,0,-0.9949338,0.07201578,0.0701462,0,9.631577,6.885499,-28.43453,1,-0.04337203,0.09069524,-0.9949337,0,0.3219903,0.9439999,0.07201575,0,-0.9457489,0.3172355,0.07014616,0,-28.69124,1.646995,11.08149,1,1.0,1.0,0.003200896,-0.009770669,-0.02012184,5.16,57,-0.003449093949576014,0.09580682720820241,0.9953939700496606,-0.003449093949576014,0.09580682720820241,0.9953939700496606
-0.05227804,0.3265379,-0.9437374,0,0.09029148,0.9427044,0.3211789,0,-0.9945425,0.0684209,0.07876635,0,9.371449,7.058043,-28.47806,1,-0.05227802,0.09029153,-0.9945422,0,0.3265378,0.9427043,0.06842081,0,-0.943737,0.3211788,0.07876629,0,-28.6906,1.646738,11.0805,1,0.915518,0.9634981,0.003210074,-0.00976323,-0.01997525,5.18,58,-0.0166602978779936,0.11668609338601263,0.9930290983072586,-0.0166602978779936,0.11668609338601263,0.9930290983072586
-0.07311511,0.3342223,-0.9396541,0,0.08813842,0.9406546,0.3277201,0,-0.9934213,0.05885836,0.09823382,0,8.762776,7.388099,-28.58582,1,-0.07311501,0.08813843,-0.9934213,0,0.3342223,0.9406547,0.05885834,0,-0.9396539,0.3277201,0.09823389,0,-28.68936,1.646161,11.07837,1,1.0,1.0,0.003211532,-0.009777016,-0.01989039,5.2,59,-0.018258880114364183,0.12115868170190175,0.9924652070199874,-0.018258880114364183,0.12115868170190175,0.9924652070199874
-0.09651852,0.3408551,-0.9351481,0,0.08547305,0.9389024,0.3334017,0,-0.9916544,0.0477505,0.1197554,0,8.0741,7.704418,-28.70248,1,-0.09651852,0.08547302,-0.9916544,0,0.3408551,0.9389023,0.04775052,0,-0.9351481,0.3334016,0.1197554,0,-28.68786,1.645638,11.0761,1,0.9048064,0.9965477,0.003171967,-0.009530717,-0.02000478,5.22,60,-0.049936724036701026,0.1708145581753592,0.9840369456010476,-0.049936724036701026,0.1708145581753592,0.9840369456010476
-0.1239072,0.3471748,-0.9295787,0,0.08302858,0.9371402,0.3389316,0,-0.9888141,0.03518553,0.1449438,0,7.258748,8.027832,-28.82874,1,-0.1239072,0.08302857,-0.9888141,0,0.3471748,0.9371402,0.03518554,0,-0.9295788,0.3389316,0.1449438,0,-28.68624,1.645085,11.07364,1,0.9280708,0.979073,0.002655885,-0.009757813,-0.02031112,5.24,61,0.08256286804051369,0.09681569128968055,0.9918720153028949,0.08256286804051369,0.09681569128968055,0.9918720153028949
-0.1544663,0.3546542,-0.9221501,0,0.08228624,0.9347273,0.3457078,0,-0.9845656,0.02248007,0.1735671,0,6.333957,8.38733,-28.94184,1,-0.1544663,0.08228625,-0.9845653,0,0.3546542,0.9347273,0.02248006,0,-0.92215,0.3457078,0.173567,0,-28.68493,1.644355,11.07099,1,1.0,1.0,0.002008872,-0.009776772,-0.0206519,5.26,62,0.15423023592993207,0.042039141516606426,0.9871401850322699,0.15423023592993207,0.042039141516606426,0.9871401850322699
-0.1697217,0.3593149,-0.9176532,0,0.08305584,0.9330648,0.3499882,0,-0.9819859,0.01681589,0.1882045,0,5.865275,8.586661,-28.98094,1,-0.1697216,0.08305584,-0.9819858,0,0.3593149,0.9330649,0.01681586,0,-0.9176531,0.3499881,0.1882045,0,-28.6843,1.643928,11.06957,1,1.0,1.0,0.001977684,-0.009887246,-0.02039787,5.28,63,0.1717307426843483,0.04680216478740621,0.9840315591424366,0.1717307426843483,0.04680216478740621,0.9840315591424366
-0.1984403,0.3680258,-0.9083934,0,0.08634199,0.929786,0.3578312,0,-0.9763025,0.007424369,0.2162831,0,4.970838,8.946507,-29.03683,1,-0.1984403,0.08634199,-0.9763025,0,0.3680257,0.9297859,0.007424363,0,-0.9083933,0.3578312,0.2162831,0,-28.68299,1.642752,11.06679,1,1.0,1.0,0.002280777,-0.009783708,-0.0205709,5.3,64,0.12920038833945435,0.05941027795619597,0.9898371979907109,0.12920038833945435,0.05941027795619597,0.9898371979907109
-0.2260045,0.3758559,-0.898696,0,0.09198157,0.9266781,0.3644271,0,-0.9697739,0.0003013313,0.2440052,0,4.096354,9.255427,-29.07421,1,-0.2260044,0.09198157,-0.9697738,0,0.3758559,0.9266781,0.000301318,0,-0.8986959,0.3644271,0.2440052,0,-28.68179,1.641841,11.06401,1,1.0,1.0,0.002525146,-0.009863991,-0.02032053,5.32,65,0.11897224541532046,0.07648272837231053,0.9899474718799801,0.11897224541532046,0.07648272837231053,0.9899474718799801
-0.2540283,0.3834599,-0.8879349,0,0.09777974,0.923528,0.3708573,0,-0.9622416,-0.007386193,0.2720969,0,3.197464,9.564148,-29.08487,1,-0.2540283,0.09777976,-0.9622415,0,0.3834598,0.923528,-0.007386218,0,-0.8879347,0.3708572,0.2720969,0,-28.68069,1.64093,11.06128,1,1.0,1.0,0.00271808,-0.009996827,-0.01983053,5.34,66,0.10431561960249977,0.09936211843034384,0.9895683002845134,0.10431561960249977,0.09936211843034384,0.9895683002845134
-0.2821414,0.3916404,-0.8757935,0,0.1036084,0.9199807,0.3780222,0,-0.9537618,-0.01591611,0.3001419,0,2.285583,9.899514,-29.05666,1,-0.2821414,0.1036085,-0.9537617,0,0.3916404,0.9199808,-0.01591617,0,-0.8757933,0.3780222,0.3001419,0,-28.67982,1.639893,11.05858,1,1.0,1.0,0.002911926,-0.01014851,-0.01942231,5.36,67,0.08347336538286551,0.11614908669492219,0.9897179330150555,0.08347336538286551,0.11614908669492219,0.9897179330150555
-0.3085434,0.3986538,-0.8636413,0,0.1099364,0.9168001,0.383916,0,-0.944836,-0.02350914,0.3266991,0,1.417086,10.19033,-29.0096,1,-0.3085433,0.1099364,-0.9448358,0,0.3986538,0.9168002,-0.02350918,0,-0.8636411,0.3839161,0.3266992,0,-28.67907,1.638964,11.05589,1,0.9895099,0.7720252,0.002941453,-0.01010249,-0.01950209,5.38,68,0.0669120276861229,0.11524427995515861,0.9910809939094526,0.0669120276861229,0.11524427995515861,0.9910809939094526
-0.3209667,0.4017642,-0.8576514,0,0.1133487,0.9153509,0.3863738,0,-0.9402832,-0.02679944,0.3393366,0,1.003839,10.3184,-28.98075,1,-0.3209667,0.1133487,-0.9402831,0,0.4017641,0.9153509,-0.02679944,0,-0.8576514,0.3863738,0.3393366,0,-28.67875,1.638661,11.05465,1,1.0,1.0,0.003070031,-0.0100529,-0.01955745,5.4,69,0.04554061582427138,0.1235623165903265,0.9912912822320077,0.04554061582427138,0.1235623165903265,0.9912912822320077
-0.3454766,0.405632,-0.8462321,0,0.1192206,0.9134202,0.3891658,0,-0.9308236,-0.03355929,0.363925,0,0.1846609,10.50731,-28.92807,1,-0.3454765,0.1192206,-0.9308234,0,0.405632,0.9134202,-0.03355937,0,-0.8462319,0.3891657,0.363925,0,-28.67816,1.638213,11.05215,1,0.9639777,0.8264764,0.003136063,-0.009769204,-0.02009969,5.42,70,0.023857755555594416,0.12261504165360754,0.9921675055453758,0.023857755555594416,0.12261504165360754,0.9921675055453758
-0.3711834,0.4077108,-0.8342633,0,0.12359,0.9121472,0.3907852,0,-0.9202982,-0.04194632,0.3889629,0,-0.678194,10.66181,-28.86269,1,-0.3711832,0.12359,-0.9202979,0,0.4077106,0.9121472,-0.0419464,0,-0.8342628,0.3907851,0.3889627,0,-28.67774,1.637782,11.04959,1,0.910093,0.9386286,0.003199815,-0.009852838,-0.01971851,5.44,71,-0.027042676622356345,0.1352716971235188,0.9904394285358503,-0.027042676622356345,0.1352716971235188,0.9904394285358503
-0.3968459,0.4093053,-0.8215731,0,0.1274954,0.9109755,0.392261,0,-0.9089875,-0.05092037,0.4137014,0,-1.547679,10.80871,-28.77312,1,-0.3968459,0.1274954,-0.9089875,0,0.4093054,0.9109755,-0.05092036,0,-0.8215731,0.392261,0.4137014,0,-28.67747,1.637423,11.04704,1,0.8918046,0.977228,0.003383384,-0.009611199,-0.02010037,5.46,72,-0.02973756987771495,0.1198734507562172,0.9923437069592193,-0.02973756987771495,0.1198734507562172,0.9923437069592193
-0.4229245,0.4082893,-0.8089714,0,0.1315593,0.9109486,0.3909792,0,-0.896564,-0.05892701,0.4389768,0,-2.441679,10.86822,-28.68726,1,-0.4229245,0.1315593,-0.896564,0,0.4082893,0.9109486,-0.05892698,0,-0.8089713,0.3909792,0.4389768,0,-28.6772,1.636959,11.04435,1,0.9423299,0.9666506,0.003603509,-0.009598099,-0.02011822,5.48,73,-0.06833049684512224,0.14664649172028382,0.9868260989997333,-0.06833049684512224,0.14664649172028382,0.9868260989997333
-0.4686115,0.404839,-0.7851806,0,0.1390327,0.9115338,0.3870092,0,-0.8723951,-0.07219119,0.483441,0,-4.035005,10.91471,-28.48759,1,-0.4686115,0.1390327,-0.8723952,0,0.404839,0.9115337,-0.07219122,0,-0.7851806,0.3870092,0.4834411,0,-28.67746,1.636831,11.0399,1,0.9053122,0.8598498,0.003902665,-0.009571129,-0.0202012,5.52,74,-0.13344794586694594,0.15706172144036248,0.9785311754880796,-0.13344794586694594,0.15706172144036248,0.9785311754880796
-0.5011067,0.4017477,-0.7664795,0,0.1443175,0.9121013,0.3837235,0,-0.853267,-0.08167005,0.5150393,0,-5.189514,10.92991,-28.29352,1,-0.5011067,0.1443174,-0.853267,0,0.4017477,0.9121013,-0.08167004,0,-0.7664796,0.3837235,0.5150393,0,-28.67797,1.636641,11.03688,1,0.8966255,0.9058303,0.003391784,-0.009396393,-0.02046851,5.54,75,-0.06363408338476667,0.16924493409084462,0.9835175929877239,-0.06363408338476667,0.16924493409084462,0.9835175929877239
-0.5371122,0.3948081,-0.7454106,0,0.1490417,0.9142161,0.3768229,0,-0.8302391,-0.09129895,0.5498796,0,-6.487293,10.83375,-28.06132,1,-0.5371123,0.1490417,-0.8302391,0,0.3948082,0.9142162,-0.09129895,0,-0.7454106,0.3768229,0.5498796,0,-28.67887,1.636638,11.03345,1,0.9081677,0.9320472,0.002640907,-0.009540718,-0.02001869,5.56,76,0.062309438850556995,0.1713174460582555,0.9832435438416086,0.062309438850556995,0.1713174460582555,0.9832435438416086
-0.5778654,0.3856679,-0.719258,0,0.1528651,0.9168513,0.3688033,0,-0.8016883,-0.1031691,0.5887718,0,-7.981507,10.69795,-27.72576,1,-0.5778653,0.1528651,-0.8016881,0,0.3856679,0.9168515,-0.1031692,0,-0.7192579,0.3688032,0.5887718,0,-28.68007,1.637013,11.02916,1,1.0,1.0,0.001338608,-0.009477265,-0.02026562,5.58,77,0.2644930779380982,0.17387331238300582,0.9485839356450186,0.2644930779380982,0.17387331238300582,0.9485839356450186
-0.5989512,0.3811958,-0.7042351,0,0.1551264,0.9180039,0.3649721,0,-0.7856165,-0.109355,0.608973,0,-8.769455,10.63595,-27.51078,1,-0.5989512,0.1551263,-0.7856165,0,0.3811958,0.9180039,-0.109355,0,-0.7042353,0.3649721,0.6089731,0,-28.68091,1.637196,11.02699,1,1.0,1.0,0.0007443158,-0.009607002,-0.02046713,5.6,78,0.319152717655944,0.17598460574129446,0.9312201465576796,0.319152717655944,0.17598460574129446,0.9312201465576796
-0.6388329,0.3738774,-0.6723898,0,0.1618195,0.919724,0.3576621,0,-0.7521349,-0.1196805,0.6480507,0,-10.2981,10.53719,-27.01498,1,-0.6388329,0.1618195,-0.7521349,0,0.3738775,0.919724,-0.1196805,0,-0.67239,0.3576622,0.6480506,0,-28.68299,1.637365,11.02262,1,0.9990026,0.7360865,0.0006781621,-0.009720521,-0.02047392,5.62,79,0.32849392874145306,0.15919007041449762,0.9309942321311302,0.32849392874145306,0.15919007041449762,0.9309942321311302
-0.6759202,0.366919,-0.6391418,0,0.170886,0.9216452,0.3483794,0,-0.716889,-0.1262563,0.6856599,0,-11.76995,10.40698,-26.45928,1,-0.6759203,0.170886,-0.7168889,0,0.366919,0.921645,-0.1262563,0,-0.6391419,0.3483794,0.6856599,0,-28.6853,1.637648,11.01827,1,1.0,1.0,0.0009862669,-0.009679535,-0.0203466,5.64,80,0.28698956700773554,0.15249066955582866,0.9457185543950842,0.28698956700773554,0.15249066955582866,0.9457185543950842
-0.7130197,0.3592086,-0.6021397,0,0.179603,0.9237146,0.3383697,0,-0.6777505,-0.1331181,0.7231418,0,-13.28458,10.2579,-25.79314,1,-0.7130196,0.1796031,-0.6777503,0,0.3592086,0.9237147,-0.1331181,0,-0.6021395,0.3383696,0.7231416,0,-28.68796,1.638198,11.01398,1,0.9764587,0.7608238,0.001395362,-0.009592652,-0.02021395,5.66,81,0.24080488882597145,0.14554071271117647,0.959599346842751,0.24080488882597145,0.14554071271117647,0.959599346842751
-0.7486106,0.3508686,-0.5625599,0,0.1860486,0.925572,0.3297004,0,-0.6363712,-0.1421537,0.7581716,0,-14.77691,10.11517,-25.02812,1,-0.7486103,0.1860486,-0.6363711,0,0.3508686,0.925572,-0.1421537,0,-0.5625598,0.3297004,0.7581716,0,-28.69106,1.638689,11.00992,1,1.0,1.0,0.001625923,-0.009518357,-0.02013453,5.68,82,0.20416716809327948,0.12967619399639838,0.9703091528906541,0.20416716809327948,0.12967619399639838,0.9703091528906541
-0.7653656,0.3466179,-0.5422836,0,0.1890511,0.9264935,0.3253759,0,-0.6152033,-0.1465122,0.7746347,0,-15.49817,10.0398,-24.61999,1,-0.7653656,0.1890511,-0.6152034,0,0.346618,0.9264935,-0.1465122,0,-0.5422836,0.325376,0.7746348,0,-28.69276,1.638893,11.00793,1,1.0,1.0,0.001884796,-0.009546227,-0.02007066,5.7,83,0.16791971302822375,0.12050085105494109,0.9784081535185375,0.16791971302822375,0.12050085105494109,0.9784081535185375
-0.7966752,0.3373657,-0.501491,0,0.1945981,0.9287143,0.3156285,0,-0.572224,-0.1538642,0.8055344,0,-16.88384,9.851664,-23.7726,1,-0.7966751,0.1945981,-0.572224,0,0.3373657,0.9287143,-0.1538642,0,-0.5014909,0.3156285,0.8055342,0,-28.69629,1.639491,11.00412,1,1.0,1.0,0.002085548,-0.009552575,-0.02011772,5.72,84,0.11813232400341797,0.1235220147499797,0.9852852713288964,0.11813232400341797,0.1235220147499797,0.9852852713288964
-0.8256913,0.3276027,-0.45925,0,0.1988665,0.9308701,0.306485,0,-0.5279074,-0.1617326,0.8337606,0,-18.21633,9.654457,-22.85491,1,-0.8256912,0.1988664,-0.5279072,0,0.3276026,0.9308701,-0.1617326,0,-0.4592498,0.306485,0.8337603,0,-28.7,1.640258,11.00043,1,1.0,1.0,0.002785637,-0.009889366,-0.01952311,5.74,85,0.07288238073848724,0.1725045545521412,0.9823086771665298,0.07288238073848724,0.1725045545521412,0.9823086771665298
-0.8514246,0.3170247,-0.4178178,0,0.2005459,0.9328872,0.2991702,0,-0.4846212,-0.1709292,0.857861,0,-19.43875,9.448923,-21.91772,1,-0.8514243,0.2005458,-0.4846212,0,0.3170247,0.9328873,-0.1709292,0,-0.4178177,0.2991702,0.857861,0,-28.70378,1.640709,10.99703,1,1.0,1.0,0.002349656,-0.009561447,-0.02037415,5.76,86,0.08698385955693756,0.10317853292747865,0.9908521577508485,0.08698385955693756,0.10317853292747865,0.9908521577508485
-0.8732414,0.3072784,-0.3781929,0,0.2006211,0.9339976,0.2956342,0,-0.4440732,-0.1822865,0.877252,0,-20.51565,9.292646,-20.9866,1,-0.8732409,0.200621,-0.4440731,0,0.3072783,0.9339977,-0.1822865,0,-0.3781927,0.2956341,0.8772516,0,-28.70751,1.640916,10.99401,1,1.0,1.0,0.001559707,-0.01031236,-0.02029299,5.78,87,0.2539246631457127,0.09126259904864593,0.962908824064471,0.2539246631457127,0.09126259904864593,0.962908824064471
-0.8821911,0.3030577,-0.3604095,0,0.200446,0.9342531,0.294945,0,-0.4260991,-0.1879552,0.8849365,0,-20.97212,9.233709,-20.55882,1,-0.882191,0.200446,-0.426099,0,0.3030578,0.9342532,-0.1879552,0,-0.3604095,0.294945,0.8849363,0,-28.70936,1.640876,10.99257,1,1.0,1.0,0.001559707,-0.01031236,-0.02029299,5.8,88,0.2539246631457127,0.09126259904864593,0.962908824064471,0.2539246631457127,0.09126259904864593,0.962908824064471
-0.8975873,0.2948481,-0.3277219,0,0.1999153,0.9348198,0.293506,0,-0.3929006,-0.1979306,0.8980271,0,-21.78235,9.107239,-19.76055,1,-0.8975872,0.1999154,-0.3929006,0,0.2948481,0.9348198,-0.1979306,0,-0.3277219,0.293506,0.8980271,0,-28.71277,1.640837,10.98981,1,1.0,0.6478262,0.001984055,-0.01037621,-0.01981123,5.82,89,0.2036009601756137,0.08142949790179671,0.9756617681794391,0.2036009601756137,0.08142949790179671,0.9756617681794391
-0.910797,0.2851274,-0.2985823,0,0.1971432,0.9357979,0.2922617,0,-0.3627445,-0.2073276,0.9085329,0,-22.49218,8.930302,-19.03603,1,-0.9107968,0.1971432,-0.3627444,0,0.2851273,0.9357978,-0.2073276,0,-0.2985822,0.2922617,0.9085325,0,-28.7159,1.640725,10.98744,1,0.9599791,0.6714783,0.00219345,-0.01013503,-0.02008944,5.84,90,0.16490977692125078,0.06079461593762475,0.9844332278772288,0.16490977692125078,0.06079461593762475,0.9844332278772288
-0.9223474,0.2744825,-0.2719096,0,0.1921707,0.9364583,0.2934555,0,-0.3351805,-0.2184149,0.9164875,0,-23.12198,8.745993,-18.35823,1,-0.9223471,0.1921706,-0.3351804,0,0.2744825,0.9364584,-0.2184149,0,-0.2719096,0.2934555,0.9164873,0,-28.71889,1.640432,10.9853,1,1.0,1.0,0.002362319,-0.009984573,-0.02028331,5.86,91,0.12856735756283535,0.0431398967610919,0.9907620218179299,0.12856735756283535,0.0431398967610919,0.9907620218179299
