flag,xl,yl,zl,xr,yr,zr,xc,yc,zc,mat_00,mat_10,mat_20,mat_30,mat_01,mat_11,mat_21,mat_31,mat_02,mat_12,mat_22,mat_32,mat_03,mat_13,mat_23,mat_33,ctw_00,ctw_10,ctw_20,ctw_30,ctw_01,ctw_11,ctw_21,ctw_31,ctw_02,ctw_12,ctw_22,ctw_32,ctw_03,ctw_13,ctw_23,ctw_33,opennessl,opennessr,ray_x,ray_y,ray_z,eye_x,eye_y,eye_z,time,frame
0,-3,1.601636,6.354902,-3,1.532993,6.402586,-3,1.567335,6.378748,-0.02408612,-0.02563765,-0.9993812,0,0.01201381,0.9995915,-0.02593259,0,-0.9996378,0.01263099,0.02376819,0,6.316389,-1.778509,-7.025074,1,-0.02408603,0.01201381,-0.9996376,0,-0.02563765,0.9995915,0.01263099,0,-0.9993809,-0.02593259,0.02376827,0,-6.914186,1.51972,6.503538,1,0,0,0.007513309,-0.01393697,0.9998747,0.001402404,0.000643135,-0.02800212,2.62,1
0,-3,1.590346,6.300182,-3,1.504997,6.353788,-3,1.547692,6.326987,-0.03986764,-0.02244874,-0.9989529,0,0.007372638,0.9997138,-0.02276008,0,-0.9991778,0.008272305,0.03969061,0,6.218904,-1.726979,-7.139132,1,-0.03986752,0.007372636,-0.9991776,0,-0.02244874,0.9997137,0.008272306,0,-0.9989526,-0.02276008,0.03969071,0,-6.922491,1.518147,6.511434,1,0.9782994,0.9769551,0.006758933,-0.01534642,0.9998593,0.001401857,0.00064917,-0.02801004,2.64,2
0,-3,1.574236,6.316049,-3,1.504884,6.360739,-3,1.53958,6.338398,-0.03934419,-0.0221798,-0.9989796,0,0.007458281,0.9997193,-0.02248996,0,-0.999198,0.008335515,0.03916764,0,6.222835,-1.725365,-7.136256,1,-0.0393441,0.007458277,-0.9991978,0,-0.0221798,0.9997192,0.008335519,0,-0.9989794,-0.02248996,0.03916772,0,-6.922409,1.517975,6.511735,1,0.9839562,0.9851987,0.004460915,-0.01707277,0.9998443,0.001394867,0.000666565,-0.02801442,2.68,3
0,-3,1.574272,6.315985,-3,1.497623,6.360742,-3,1.535969,6.338368,-0.03940141,-0.02150808,-0.9989921,0,0.007460995,0.9997341,-0.02181832,0,-0.9991957,0.008313146,0.03923047,0,6.22258,-1.720489,-7.137702,1,-0.03940141,0.007460994,-0.9991955,0,-0.02150807,0.9997341,0.008313145,0,-0.9989918,-0.02181832,0.03923045,0,-6.922332,1.517873,6.511893,1,0.9744057,0.9739084,0.004445758,-0.01729329,0.9998406,0.00139476,0.0006684876,-0.02801658,2.7,4
0,-3,1.575988,6.315108,-3,1.49577,6.361039,-3,1.535901,6.338078,-0.03937089,-0.02087801,-0.9990065,0,0.007565153,0.9997468,-0.02119163,0,-0.9991961,0.008391972,0.03920305,0,6.222647,-1.716598,-7.138384,1,-0.03937096,0.007565153,-0.999196,0,-0.02087801,0.9997469,0.008391971,0,-0.9990065,-0.02119163,0.03920298,0,-6.92214,1.517814,6.511895,1,0.9834964,0.9785876,0.004552777,-0.01667484,0.9998506,0.001394722,0.0006702729,-0.02802081,2.72,5
0,-3,1.585263,6.304767,-3,1.49587,6.362022,-3,1.540586,6.333396,-0.03949893,-0.02140399,-0.9989904,0,0.007356198,0.9997372,-0.02171085,0,-0.9991926,0.008206323,0.03933108,0,6.222022,-1.719115,-7.137872,1,-0.03949891,0.007356195,-0.9991925,0,-0.02140399,0.9997372,0.008206326,0,-0.9989904,-0.02171085,0.03933109,0,-6.921699,1.517924,6.511846,1,0.9659478,0.9788735,0.005607449,-0.01604052,0.9998556,0.001398575,0.0006738816,-0.02802701,2.74,6
0,-3,1.593936,6.304768,-3,1.508118,6.35878,-3,1.551047,6.331776,-0.03937209,-0.02229223,-0.998976,0,0.007495747,0.9997164,-0.02260418,0,-0.9991965,0.008378043,0.03919387,0,6.222625,-1.726489,-7.13519,1,-0.03937213,0.007495744,-0.9991965,0,-0.02229223,0.9997164,0.008378045,0,-0.9989759,-0.02260418,0.03919382,0,-6.921372,1.518071,6.511744,1,0.9744074,0.9610832,0.00614099,-0.01432386,0.9998786,0.001398613,0.0006749573,-0.02803255,2.76,7
0,-3,1.609585,6.298327,-3,1.521673,6.356073,-3,1.565648,6.327201,-0.04006958,-0.02359128,-0.9989184,0,0.007539349,0.9996856,-0.02391183,0,-0.9991685,0.008489331,0.0398792,0,6.217417,-1.736365,-7.136808,1,-0.04006966,0.007539347,-0.9991684,0,-0.02359128,0.9996856,0.00848933,0,-0.9989183,-0.02391183,0.03987912,0,-6.920922,1.518289,6.511597,1,0.9744074,0.9610832,0.006599373,-0.01198864,0.9999063,0.001397721,0.0006764221,-0.02803433,2.78,8
0,-3,1.612503,6.288505,-3,1.519389,6.34983,-3,1.565963,6.319168,-0.04181314,-0.02352852,-0.9988485,0,0.008344713,0.9996796,-0.02389742,0,-0.9990907,0.009334324,0.04160333,0,6.203401,-1.741475,-7.147185,1,-0.04181305,0.008344708,-0.9990904,0,-0.02352851,0.9996796,0.009334327,0,-0.9988483,-0.02389741,0.04160339,0,-6.920545,1.518352,6.511362,1,0.981672,0.9665801,0.006851771,-0.01191945,0.9999055,0.001396804,0.0006822205,-0.02804682,2.8,9
0,-3,1.598305,6.270545,-3,1.496147,6.330807,-3,1.547241,6.300676,-0.04461265,-0.02278972,-0.9987445,0,0.009197574,0.999688,-0.02322209,0,-0.9989622,0.01022202,0.04438913,0,6.181634,-1.742064,-7.165277,1,-0.04461265,0.009197568,-0.9989619,0,-0.02278971,0.999688,0.01022202,0,-0.9987442,-0.02322209,0.04438911,0,-6.920201,1.518271,6.511085,1,0.9690086,0.9735011,0.008644793,-0.01599438,0.9998347,0.001384926,0.0007114792,-0.02804189,2.82,10
0,-3,1.599504,6.268703,-3,1.492521,6.31593,-3,1.546031,6.292319,-0.04793012,-0.02141368,-0.9986213,0,0.01027848,0.9997067,-0.02193028,0,-0.998798,0.01131543,0.04769599,0,6.155593,-1.739595,-7.187739,1,-0.04793014,0.01027848,-0.9987977,0,-0.02141367,0.9997067,0.01131543,0,-0.9986209,-0.02193028,0.04769595,0,-6.92004,1.518185,6.510703,1,0.9580978,0.9610138,0.007368952,-0.01499461,0.9998604,0.0013807,0.0007157288,-0.02802748,2.84,11
0,-3,1.61159,6.261719,-3,1.536274,6.327046,-3,1.57394,6.294382,-0.04985905,-0.02049905,-0.9985459,0,0.01065868,0.9997215,-0.02105539,0,-0.9986994,0.01169298,0.04962659,0,6.140895,-1.735613,-7.201376,1,-0.04985897,0.01065868,-0.9986994,0,-0.02049906,0.9997215,0.01169298,0,-0.9985459,-0.02105539,0.04962667,0,-6.920304,1.518048,6.510583,1,0.9504037,0.9454982,0.00497523,-0.007017355,0.999963,0.001377099,0.0007372513,-0.02806466,2.86,12
0,-3,1.604404,6.247674,-3,1.474464,6.273932,-3,1.539457,6.260808,-0.05363619,-0.01795602,-0.9983991,0,0.0112527,0.999764,-0.01858508,0,-0.9984972,0.01223152,0.05342138,0,6.112019,-1.721445,-7.22869,1,-0.05363609,0.0112527,-0.998497,0,-0.01795602,0.9997639,0.01223152,0,-0.9983991,-0.01858508,0.05342147,0,-6.920204,1.517916,6.510055,1,0.8918141,0.9115263,0.009473373,-0.0133164,0.9998664,0.001371193,0.0007789918,-0.02808725,2.88,13
0,-3,1.586891,6.244968,-3,1.464476,6.281249,-3,1.525705,6.263113,-0.05715728,-0.01619872,-0.9982339,0,0.0110735,0.9997966,-0.01685813,0,-0.9983039,0.0120175,0.0569663,0,6.086139,-1.707798,-7.253234,1,-0.05715729,0.01107349,-0.9983037,0,-0.01619872,0.9997966,0.0120175,0,-0.9982336,-0.01685813,0.05696626,0,-6.920218,1.51778,6.509528,1,0.8810463,0.8987468,0.005216336,-0.01500229,0.9998739,0.001378769,0.0008104325,-0.02814863,2.9,14
0,-3,1.589086,6.252791,-3,1.472327,6.277579,-3,1.530732,6.265194,-0.05961549,-0.01627031,-0.9980888,0,0.01050839,0.9998015,-0.01692589,0,-0.9981661,0.01149735,0.05943274,0,6.068529,-1.704841,-7.268287,1,-0.05961556,0.01050839,-0.9981661,0,-0.0162703,0.9998015,0.01149735,0,-0.9980888,-0.01692589,0.05943269,0,-6.920356,1.517709,6.508975,1,0.8672875,0.8870507,0.002109181,-0.0137509,0.9999032,0.001413125,0.0008312454,-0.02813837,2.92,15
0,-3,1.622005,6.258606,-3,1.514756,6.287805,-3,1.568405,6.273212,-0.06135809,-0.01618539,-0.9979845,0,0.009287588,0.9998159,-0.01678611,0,-0.9980725,0.01029883,0.06119645,0,6.057134,-1.696453,-7.279413,1,-0.06135806,0.009287588,-0.9980726,0,-0.01618539,0.9998159,0.01029883,0,-0.9979846,-0.01678611,0.06119648,0,-6.920546,1.517692,6.508406,1,0.8641497,0.8822209,-0.001713825,-0.004051328,0.9999904,0.001434028,0.0008529435,-0.02817632,2.94,16
0,-3,1.633826,6.253357,-3,1.517318,6.277554,-3,1.575599,6.265465,-0.06277227,-0.01597752,-0.9979001,0,0.006277154,0.9998457,-0.01640353,0,-0.9980083,0.007293656,0.06266236,0,6.050496,-1.67549,-7.288932,1,-0.06277232,0.00627715,-0.998008,0,-0.01597751,0.9998457,0.007293657,0,-0.9978998,-0.01640353,0.06266228,0,-6.92059,1.517688,6.507405,1,0.8380426,0.8768641,-0.001447757,-0.001859559,0.9999972,0.001444962,0.0008543549,-0.02817058,2.98,17
0,-3,1.488903,6.339122,-3,1.356802,6.369697,-3,1.422898,6.35442,-0.06338584,-0.01560415,-0.997867,0,0.004175219,0.9998649,-0.0159006,0,-0.9979803,0.005174187,0.06331217,0,6.048571,-1.659156,-7.293806,1,-0.0633859,0.004175218,-0.9979804,0,-0.01560415,0.9998649,0.005174187,0,-0.9978672,-0.0159006,0.06331214,0,-6.920745,1.517702,6.506727,1,0.8561932,0.8895031,-0.02493317,-0.03986716,0.9988939,0.001658615,0.0008596345,-0.0287048,3,18
0,-3,1.038281,6.545521,-3,0.9271557,6.490949,-3,0.9827875,6.518307,-0.06418991,-0.01485499,-0.9978272,0,0.00191892,0.9998855,-0.01500908,0,-0.997936,0.002878182,0.06415403,0,6.045304,-1.63904,-7.300294,1,-0.06418987,0.00191892,-0.9979358,0,-0.01485499,0.9998855,0.002878182,0,-0.997827,-0.01500908,0.06415404,0,-6.920731,1.517681,6.505886,1,0.8590959,0.892092,-0.0669737,-0.1488836,0.9865841,0.001826432,0.0003267746,-0.02858022,3.02,19
0,-3,0.900175,6.511386,-3,0.8328066,6.436002,-3,0.8665422,6.473798,-0.0649153,-0.01463436,-0.9977835,0,-0.0002888693,0.9998927,-0.0146465,0,-0.9978908,0.0006625508,0.06491256,0,6.042502,-1.623115,-7.305381,1,-0.06491528,-0.0002888713,-0.9978907,0,-0.01463436,0.9998927,0.0006625528,0,-0.9977834,-0.0146465,0.06491255,0,-6.920691,1.517688,6.505043,1,0.8590959,0.892092,-0.0562015,-0.1770279,0.9825999,0.001804931,9.347536E-05,-0.02843659,3.04,20
0,-3,0.8694533,6.510794,-3,0.8262175,6.435088,-3,0.8478667,6.473042,-0.06515825,-0.01476983,-0.9977657,0,-0.001031473,0.9998909,-0.01473393,0,-0.9978746,-6.913301E-05,0.06516647,0,6.041422,-1.619282,-7.306667,1,-0.06515832,-0.001031476,-0.9978743,0,-0.01476983,0.9998909,-6.913121E-05,0,-0.9977655,-0.01473393,0.06516636,0,-6.920608,1.517681,6.504616,1,0.8473839,0.870166,-0.05618333,-0.1816865,0.9817501,0.001791854,0.0001369019,-0.02856522,3.06,21
0,-3,0.8778715,6.520332,-3,0.8227803,6.396125,-3,0.8503776,6.458403,-0.06580698,-0.01432919,-0.9977296,0,-0.001617303,0.9998971,-0.01425365,0,-0.9978312,-0.0006756433,0.06582332,0,6.036798,-1.612232,-7.311606,1,-0.0658069,-0.001617304,-0.9978309,0,-0.01432919,0.9998971,-0.0006756409,0,-0.9977294,-0.01425365,0.06582337,0,-6.920844,1.517613,6.50389,1,0.8661955,0.8800079,-0.05326172,-0.1806099,0.9821116,0.001796479,0.0001401977,-0.0285616,3.08,22
0,-3,0.8472201,6.521954,-3,0.8061698,6.389304,-3,0.8267362,6.455826,-0.06694257,-0.01278277,-0.9976751,0,-0.00163787,0.999918,-0.01270161,0,-0.9977556,-0.0007837848,0.06695807,0,6.027701,-1.600724,-7.321091,1,-0.0669426,-0.001637872,-0.9977553,0,-0.01278277,0.999918,-0.0007837837,0,-0.9976747,-0.01270161,0.066958,0,-6.921019,1.517476,6.503122,1,0.8536266,0.8568854,-0.05386085,-0.1847715,0.9813045,0.001808717,0.0001256561,-0.02852088,3.1,23
0,-3,0.8816571,6.52928,-3,0.7982625,6.395304,-3,0.840044,6.462491,-0.06765175,-0.01097627,-0.9976486,0,-0.001700133,0.9999393,-0.01088618,0,-0.9977075,-0.0009596655,0.06766629,0,6.021807,-1.586919,-7.328448,1,-0.06765173,-0.001700132,-0.9977076,0,-0.01097627,0.9999393,-0.0009596663,0,-0.9976486,-0.01088618,0.06766631,0,-6.921249,1.517282,6.502369,1,0.8758002,0.8838812,-0.05643156,-0.1797351,0.9820951,0.001813323,0.0001063614,-0.02848612,3.12,24
0,-3,0.8641317,6.524148,-3,0.792316,6.405583,-3,0.8282924,6.465038,-0.06755316,-0.01064111,-0.997659,0,-0.001103214,0.9999433,-0.01059078,0,-0.9977151,-0.0003851922,0.06756103,0,6.020862,-1.588303,-7.328499,1,-0.06755312,-0.001103215,-0.997715,0,-0.01064111,0.9999433,-0.0003851907,0,-0.9976588,-0.01059078,0.06756107,0,-6.921515,1.517241,6.501614,1,0.8782813,0.855539,-0.05723096,-0.1822356,0.9815879,0.001827355,0.0001071854,-0.02847949,3.14,25
0,-3,0.875257,6.527975,-3,0.7881631,6.407077,-3,0.8317934,6.467701,-0.06724632,-0.0103306,-0.9976829,0,-0.0009048269,0.9999466,-0.01029305,0,-0.9977359,-0.0002105604,0.06725204,0,6.022424,-1.587342,-7.327061,1,-0.06724629,-0.0009048264,-0.997736,0,-0.0103306,0.9999467,-0.0002105605,0,-0.997683,-0.01029305,0.06725208,0,-6.921496,1.517289,6.501215,1,0.8637773,0.8687785,-0.05773691,-0.1811032,0.9817678,0.001830949,0.0001123505,-0.02847749,3.16,26
0,-3,0.8896992,6.525671,-3,0.7796203,6.410409,-3,0.8347615,6.468204,-0.06667292,-0.009218924,-0.9977323,0,-0.001360975,0.9999572,-0.009148536,0,-0.9977739,-0.0007479289,0.06668258,0,6.026647,-1.575976,-7.325767,1,-0.06667288,-0.001360974,-0.9977739,0,-0.009218925,0.9999573,-0.0007479289,0,-0.9977323,-0.009148535,0.06668261,0,-6.921869,1.517091,6.500554,1,0.8896086,0.8725458,-0.05739764,-0.1792343,0.9821306,0.001832139,0.0001190185,-0.02847219,3.18,27
0,-3,0.9105619,6.527611,-3,0.7709203,6.417617,-3,0.8408651,6.472767,-0.0657295,-0.008545553,-0.9978009,0,-0.002662975,0.9999613,-0.008388634,0,-0.997834,-0.002105739,0.06574965,0,6.034913,-1.562378,-7.321515,1,-0.06572944,-0.002662975,-0.9978339,0,-0.008545552,0.9999613,-0.002105738,0,-0.9978009,-0.008388632,0.0657497,0,-6.922094,1.51697,6.499938,1,0.885196,0.8780984,-0.05756159,-0.1770542,0.9825163,0.001830537,0.0001180115,-0.02847067,3.2,28
0,-3,0.9252161,6.534137,-3,0.7776772,6.425916,-3,0.8515732,6.480172,-0.06388581,-0.009506659,-0.9979119,0,-0.003618002,0.9999503,-0.009294454,0,-0.9979507,-0.003016664,0.06391704,0,6.049183,-1.563274,-7.308882,1,-0.06388583,-0.003618002,-0.9979506,0,-0.009506659,0.9999502,-0.003016663,0,-0.997912,-0.009294454,0.06391703,0,-6.922026,1.51715,6.499232,1,0.9021168,0.8643273,-0.05765045,-0.1754484,0.9827992,0.001829408,0.0001181335,-0.02847035,3.22,29
0,-3,0.9338482,6.542624,-3,0.7760746,6.435071,-3,0.8550938,6.488989,-0.06224442,-0.009426209,-0.9980164,0,-0.004430747,0.9999481,-0.009168116,0,-0.998051,-0.003851294,0.06228292,0,6.061687,-1.557426,-7.29895,1,-0.06224439,-0.004430747,-0.9980512,0,-0.009426209,0.9999482,-0.003851294,0,-0.9980165,-0.009168117,0.06228296,0,-6.921847,1.517285,6.498477,1,0.8998328,0.8929344,-0.05830417,-0.1745649,0.982918,0.00182547,0.0001262207,-0.02846394,3.24,30
0,-3,0.9200102,6.553923,-3,0.7738754,6.442224,-3,0.8470702,6.498225,-0.05968297,-0.006524842,-0.9981961,0,-0.006713761,0.9999586,-0.006134943,0,-0.9981948,-0.006335498,0.05972433,0,6.082922,-1.520956,-7.28795,1,-0.05968299,-0.006713762,-0.9981949,0,-0.006524842,0.9999587,-0.006335499,0,-0.998196,-0.006134942,0.0597243,0,-6.921679,1.517021,6.497573,1,0.9100947,0.8976074,-0.05791245,-0.1736243,0.9831077,0.001821496,0.0001274872,-0.02846216,3.28,31
0,-3,0.9182256,6.554476,-3,0.7885383,6.445694,-3,0.8534946,6.500232,-0.05814922,-0.005598157,-0.9982924,0,-0.007305294,0.9999599,-0.005181985,0,-0.9982813,-0.00699149,0.05818784,0,6.094416,-1.51015,-7.279894,1,-0.05814926,-0.007305293,-0.998281,0,-0.005598156,0.9999599,-0.006991488,0,-0.998292,-0.005181984,0.05818776,0,-6.921529,1.516886,6.496982,1,0.9142404,0.8752397,-0.05698667,-0.1711369,0.9835978,0.001820572,0.0001251297,-0.02846716,3.3,32
0,-3,0.887713,6.556295,-3,0.7775152,6.445196,-3,0.8327107,6.500897,-0.05657613,-0.003900136,-0.9983908,0,-0.007951578,0.9999624,-0.003455681,0,-0.9983667,-0.007743273,0.0566051,0,6.106287,-1.493424,-7.272556,1,-0.05657621,-0.007951579,-0.9983665,0,-0.003900136,0.9999625,-0.007743272,0,-0.9983906,-0.003455681,0.056605,0,-6.921206,1.516791,6.496411,1,0.9159055,0.8934205,-0.05555791,-0.1745092,0.9830869,0.001818786,0.0001414948,-0.02845155,3.32,33
0,-3,0.8822353,6.56381,-3,0.7687065,6.445996,-3,0.8255737,6.505065,-0.0549593,-0.001641748,-0.9984874,0,-0.008560858,0.9999627,-0.001172963,0,-0.9984519,-0.008483442,0.05497134,0,6.118603,-1.472744,-7.265674,1,-0.05495932,-0.008560856,-0.9984518,0,-0.001641749,0.9999627,-0.008483442,0,-0.9984871,-0.001172962,0.05497129,0,-6.920825,1.516548,6.49604,1,0.912943,0.8944926,-0.05497133,-0.1739948,0.9832111,0.001816864,0.0001446991,-0.02845211,3.34,34
0,-3,0.8657607,6.569488,-3,0.7692518,6.443155,-3,0.8175967,6.506497,-0.05386925,-0.0001607505,-0.9985481,0,-0.008494306,0.9999639,0.0002972679,0,-0.998512,-0.008497986,0.05386865,0,6.12631,-1.462355,-7.260909,1,-0.05386923,-0.008494306,-0.9985119,0,-0.0001607512,0.9999639,-0.008497986,0,-0.9985479,0.0002972688,0.05386866,0,-6.92058,1.516499,6.495902,1,0.9216344,0.9013752,-0.0542711,-0.1744774,0.9831644,0.001811295,0.0001437149,-0.0284553,3.36,35
0,-3,0.8546977,6.557671,-3,0.7644315,6.457964,-3,0.8096412,6.507955,-0.05184329,0.001975582,-0.9986534,0,-0.008382091,0.999962,0.002413312,0,-0.9986201,-0.008495917,0.05182481,0,6.14059,-1.447364,-7.251164,1,-0.05184333,-0.00838209,-0.99862,0,0.001975582,0.999962,-0.008495917,0,-0.9986532,0.002413312,0.05182475,0,-6.92019,1.51628,6.495609,1,0.9215432,0.8896759,-0.05270618,-0.1742816,0.9832843,0.001787971,0.0001549454,-0.02844667,3.38,36
0,-3,0.8419,6.563352,-3,0.7711319,6.452237,-3,0.8065785,6.507946,-0.04964101,0.005145857,-0.9987539,0,-0.008056149,0.9999521,0.005552445,0,-0.9987347,-0.008321739,0.04959714,0,6.155915,-1.426265,-7.241835,1,-0.04964097,-0.008056149,-0.9987345,0,0.005145857,0.9999522,-0.008321738,0,-0.9987538,0.005552445,0.04959717,0,-6.919885,1.516,6.49543,1,0.9168919,0.9020787,-0.05064145,-0.1718672,0.9838176,0.001785951,0.0001569748,-0.0284493,3.4,37
0,-3,0.8351955,6.575857,-3,0.7792751,6.47683,-3,0.8072825,6.526479,-0.04840875,0.006885591,-0.998804,0,-0.007859632,0.9999427,0.007274371,0,-0.9987968,-0.008202373,0.04835188,0,6.164423,-1.414846,-7.236588,1,-0.04840877,-0.007859631,-0.9987966,0,0.00688559,0.9999427,-0.008202374,0,-0.9988037,0.007274372,0.04835185,0,-6.919777,1.515857,6.495302,1,0.9175856,0.9038947,-0.05412474,-0.1699985,0.9839568,0.001798569,0.000151268,-0.02841817,3.42,38
0,-3,0.779369,6.814225,-3.173181,0.6390409,6.778126,-3,0.6892205,6.802054,-0.04609573,0.01049316,-0.998882,0,-0.006068122,0.9999234,0.01078413,0,-0.9989187,-0.006558439,0.04602849,0,6.178246,-1.400193,-7.22713,1,-0.04609568,-0.006068121,-0.9989184,0,0.01049316,0.9999235,-0.006558438,0,-0.9988818,0.01078413,0.04602851,0,-6.919566,1.515515,6.495034,1,0.9228362,0.8948772,-0.1197626,-0.1945691,0.9735501,0.00214901,1.126097E-05,-0.02852366,3.44,39
0,-3.317273,0.6540446,7.091169,-3.487547,0.5494284,7.035331,-3.471352,0.6178603,7.051196,-0.04363108,0.01602578,-0.9989192,0,-0.004652419,0.9998572,0.01624404,0,-0.9990368,-0.005356135,0.04355025,0,6.193692,-1.369107,-7.219338,1,-0.04363104,-0.00465242,-0.999037,0,0.01602578,0.9998571,-0.005356136,0,-0.9989191,0.01624404,0.04355029,0,-6.919357,1.514999,6.494798,1,0.8605887,0.8482536,-0.1939442,-0.232419,0.9530829,0.002612824,-0.0001864853,-0.02862512,3.46,40
0,-3,0.1501157,7.820297,-3,0.03645492,7.910092,-3,0.09333587,7.865181,-0.03967154,0.02418034,-0.9989203,0,-0.003795817,0.9996963,0.02434987,0,-0.9992056,-0.004757715,0.03956771,0,6.220741,-1.315627,-7.205473,1,-0.03967154,-0.003795817,-0.9992055,0,0.02418033,0.9996963,-0.004757715,0,-0.9989201,0.02434987,0.0395677,0,-6.919093,1.514293,6.494644,1,0.8801203,0.8414539,-0.344953,-0.3016426,0.8888303,0.003438988,-0.0005264969,-0.02896187,3.48,41
0,-3,0.06592178,7.885424,-3.011206,4.598977E-08,7.936671,-3,0.03084373,7.913064,-0.03481209,0.03408674,-0.9988125,0,-0.001956906,0.9994139,0.03417547,0,-0.9993921,-0.003144299,0.03472507,0,6.252791,-1.256252,-7.187865,1,-0.03481217,-0.0019569,-0.9993918,0,0.03408673,0.999414,-0.003144301,0,-0.9988123,0.03417547,0.03472498,0,-6.918833,1.513401,6.494637,1,0.8781272,0.7899175,-0.3493327,-0.3038057,0.8863796,0.003522209,-0.0005647507,-0.02899604,3.5,42
0,-3,0.08274317,7.858059,-5.540421,0.9519481,7.031024,-5.48316,0.9559673,7.016024,-0.03241837,0.03941189,-0.9986971,0,-0.0008266233,0.9992208,0.03945939,0,-0.9994741,-0.00210475,0.03236043,0,6.268182,-1.225454,-7.179443,1,-0.03241827,-0.0008266217,-0.999474,0,0.03941188,0.9992208,-0.002104755,0,-0.998697,0.03945938,0.03236053,0,-6.918587,1.512977,6.494636,1,0.8384644,0.6681478,-0.3453871,-0.3029541,0.8882154,0.003510285,-0.0005172653,-0.02897043,3.52,43
0,-3,0.05613923,7.863274,-5.536533,0.9464837,7.051417,-5.497756,0.9545245,7.021409,-0.02728212,0.05068089,-0.9983423,0,0.001470167,0.9987149,0.05065964,0,-0.9996268,8.563511E-05,0.02732158,0,6.301313,-1.15994,-7.160739,1,-0.02728212,0.001470175,-0.9996266,0,0.05068089,0.9987149,8.562773E-05,0,-0.9983421,0.05065964,0.02732156,0,-6.918168,1.511946,6.494703,1,0.8063598,0.6772706,-0.3470827,-0.2950532,0.8902118,0.003490401,-0.0004829407,-0.02895404,3.54,44
0,-5.519268,0.9625891,6.973339,-5.479385,0.9434431,7.062765,-5.507684,0.9562665,7.014907,-0.0222013,0.06292245,-0.9977716,0,0.003397273,0.9980164,0.06286231,0,-0.9997478,0.00199409,0.02237105,0,6.334432,-1.085547,-7.142631,1,-0.02220132,0.003397288,-0.9997477,0,0.06292245,0.9980165,0.001994077,0,-0.9977713,0.06286231,0.02237102,0,-6.917774,1.510876,6.494786,1,0.8127235,0.7069188,-0.3417237,-0.2844006,0.895735,0.003474838,-0.0004681625,-0.02894248,3.56,45
0,-5.541493,0.9503531,6.97006,-5.587334,0.958832,7.021208,-5.586978,0.9636165,6.987476,-0.01627016,0.07633285,-0.9969496,0,0.006271653,0.9970698,0.0762397,0,-0.9998479,0.005012088,0.01670122,0,6.371945,-1.009887,-7.119638,1,-0.01627016,0.00627165,-0.9998479,0,0.07633285,0.9970698,0.00501209,0,-0.9969497,0.07623971,0.01670122,0,-6.917161,1.509764,6.494944,1,0.8148236,0.7293641,-0.3367971,-0.2845123,0.8975637,0.00347548,-0.0004228668,-0.02892706,3.58,46
0,-5.572998,0.9662272,6.977733,-5.529472,0.9518541,7.031374,-5.551191,0.9589896,7.004744,-0.006736517,0.08945268,-0.9959683,0,0.008669134,0.9959587,0.08939319,0,-0.9999397,0.008031979,0.007484794,0,6.435314,-0.9359467,-7.072176,1,-0.00673654,0.008669131,-0.9999397,0,0.08945269,0.9959587,0.008031984,0,-0.9959682,0.08939318,0.007484769,0,-6.916588,1.50858,6.495377,1,0.8280708,0.7162444,-0.3324036,-0.2655379,0.9049848,0.003452081,-0.0003494263,-0.02889226,3.6,47
0,-5.52062,0.9572316,7.011305,-5.612376,0.9608943,7.019245,-5.558676,0.9554465,7.017967,0.009474218,0.1106418,-0.9938152,0,0.01094685,0.9937888,0.1107432,0,-0.9998953,0.01192836,-0.008204222,0,6.544541,-0.8095214,-6.986721,1,0.009474246,0.01094685,-0.9998951,0,0.1106418,0.9937888,0.01192835,0,-0.9938151,0.1107432,-0.008204191,0,-6.915946,1.506583,6.496191,1,0.8430489,0.7235456,-0.3275603,-0.2471112,0.9119431,0.003433312,-0.0002912598,-0.02886289,3.64,48
0,-5.548431,0.9569526,7.012346,-5.523803,0.9475861,7.047303,-5.536012,0.952215,7.030027,0.02087384,0.1215913,-0.9923608,0,0.01086882,0.9924908,0.1218358,0,-0.999723,0.01332897,-0.01939553,0,6.622914,-0.7400737,-6.91969,1,0.02087383,0.01086882,-0.999723,0,0.1215913,0.9924908,0.01332897,0,-0.9923608,0.1218358,-0.01939554,0,-6.915088,1.505599,6.496732,1,0.8591967,0.7255322,-0.3198522,-0.2329682,0.9183792,0.003386552,-0.000232544,-0.02883667,3.66,49
0,-5.489311,0.9575171,7.01024,-5.619678,0.96,7.067733,-5.526288,0.9465579,7.05114,0.03173721,0.1305385,-0.9909351,0,0.01051812,0.991336,0.1309282,0,-0.999441,0.01457807,-0.0300892,0,6.697224,-0.6838745,-6.853055,1,0.03173719,0.01051813,-0.9994408,0,0.1305385,0.9913361,0.01457807,0,-0.9909351,0.1309282,-0.03008921,0,-6.914212,1.504765,6.497246,1,0.8594527,0.7338912,-0.319651,-0.2243358,0.9205959,0.003298545,-8.325194E-05,-0.02878006,3.68,50
0,-3,0.02801132,7.997026,-5.664312,0.9496441,7.051943,-5.602898,0.9646573,7.030604,0.04080927,0.1406654,-0.9892159,0,0.01020585,0.9899302,0.1411881,0,-0.9991149,0.01585758,-0.03896272,0,6.758895,-0.6190658,-6.798202,1,0.04080927,0.01020586,-0.9991147,0,0.1406654,0.9899301,0.01585757,0,-0.9892157,0.141188,-0.03896271,0,-6.913632,1.503676,6.497851,1,0.8663465,0.7467217,-0.3162726,-0.2209949,0.9225686,0.003275535,-8.191678E-05,-0.02877352,3.7,51
0,-5.505513,0.9581957,7.007707,-5.653875,0.9576242,7.032744,-5.582358,0.9575505,7.019723,0.0451476,0.1462137,-0.9882222,0,0.010023,0.9891149,0.1468037,0,-0.99893,0.01653278,-0.04319066,0,6.788233,-0.5834345,-6.771816,1,0.04514759,0.01002299,-0.9989302,0,0.1462137,0.9891149,0.01653279,0,-0.9882222,0.1468037,-0.04319067,0,-6.913226,1.503173,6.498137,1,0.8787187,0.7417077,-0.301506,-0.2159629,0.9286841,0.003229477,-7.276153E-05,-0.0287498,3.72,52
0,-5.552393,0.9579046,7.008794,-5.505956,0.9314134,7.10766,-5.529178,0.9447065,7.05805,0.05311108,0.1556794,-0.9863788,0,0.009908959,0.9876422,0.1564123,0,-0.9985394,0.0180812,-0.05091214,0,6.841468,-0.5250466,-6.722597,1,0.0531111,0.009908938,-0.9985394,0,0.1556794,0.9876421,0.01808121,0,-0.9863788,0.1564123,-0.05091212,0,-6.912646,1.502263,6.498708,1,0.8831439,0.7466894,-0.304646,-0.2005984,0.9311022,0.003170341,-6.440736E-05,-0.02873474,3.74,53
0,-3,0.06232262,7.940264,-5.597927,0.9640589,7.046953,-5.486317,0.9470299,7.049378,0.06135923,0.1614343,-0.9849741,0,0.009673573,0.9866911,0.1623183,0,-0.9980689,0.01948794,-0.05898094,0,6.896386,-0.4925876,-6.668402,1,0.06135922,0.009673571,-0.9980689,0,0.1614342,0.9866909,0.01948794,0,-0.9849741,0.1623183,-0.05898095,0,-6.91184,1.501723,6.499359,1,0.8855453,0.7680398,-0.2842447,-0.1853912,0.9406567,0.003113953,6.0997E-05,-0.02869235,3.76,54
0,-3,0.04455578,7.949462,-5.648613,0.9593202,7.040065,-5.537168,0.9499273,7.038565,0.07060319,0.1661562,-0.9835686,0,0.009425342,0.9858742,0.1672222,0,-0.9974599,0.0210769,-0.06803983,0,6.95752,-0.4687523,-6.606346,1,0.07060324,0.009425335,-0.9974599,0,0.1661562,0.9858742,0.0210769,0,-0.9835687,0.1672222,-0.06803979,0,-6.911132,1.501282,6.500233,1,0.8789036,0.7788754,-0.2796088,-0.1896397,0.9411991,0.003100578,9.454344E-05,-0.02867126,3.78,55
0,-3,0.04937065,7.933719,-5.659876,0.9535932,7.039056,-5.55401,0.9519006,7.031201,0.08068222,0.1710839,-0.9819474,0,0.009143718,0.9849907,0.1723654,0,-0.9966979,0.02288547,-0.07790685,0,7.023571,-0.4447631,-6.538074,1,0.08068217,0.009143724,-0.9966979,0,0.1710839,0.9849907,0.02288547,0,-0.9819474,0.1723654,-0.07790688,0,-6.91063,1.500804,6.501196,1,0.8824818,0.7775481,-0.2694396,-0.1871706,0.9446531,0.003077056,0.0001105728,-0.02865816,3.8,56
0,-3,0.05853343,7.942552,-5.656319,0.954538,7.049773,-5.537815,0.9484328,7.044143,0.08611012,0.1727074,-0.9812019,0,0.008806534,0.9846896,0.1740942,0,-0.9962468,0.02363228,-0.08327079,0,7.059233,-0.4378215,-6.500297,1,0.08611012,0.008806555,-0.9962466,0,0.1727075,0.9846897,0.02363226,0,-0.9812019,0.1740942,-0.08327077,0,-6.91036,1.500615,6.501799,1,0.8824818,0.7775481,-0.2681701,-0.1833138,0.94577,0.00307228,0.0001105347,-0.0286566,3.82,57
0,-3,0.05559802,8.000675,-5.538655,0.9332892,7.10066,-3.05776,3.916162E-08,8.046327,0.09796143,0.1746114,-0.9797522,0,0.007839583,0.9843215,0.1762095,0,-0.9951593,0.02494258,-0.09505665,0,7.136876,-0.4325148,-6.416334,1,0.09796143,0.007839582,-0.9951593,0,0.1746114,0.9843215,0.02494259,0,-0.9797522,0.1762095,-0.09505665,0,-6.910034,1.500403,6.503201,1,0.8566507,0.7870554,-0.2641663,-0.1724611,0.9489327,0.003058458,0.0001219788,-0.02864875,3.84,58
0,-3.026535,2.792933E-08,8.334517,-5.479459,0.9062693,7.201499,-3.149636,2.512964E-08,8.275465,0.1112952,0.1769211,-0.9779121,0,0.007444859,0.9838495,0.1788426,0,-0.9937595,0.02718474,-0.1081806,0,7.221958,-0.4303578,-6.32166,1,0.1112953,0.007444848,-0.9937596,0,0.1769212,0.9838496,0.02718475,0,-0.9779123,0.1788426,-0.1081806,0,-6.909659,1.500223,6.504708,1,0.8825757,0.7650359,-0.3048965,-0.1715273,0.9368119,0.003335298,7.646944E-05,-0.02874506,3.86,59
0,-5.495444,0.9234385,7.137423,-5.691086,0.9762201,7.138552,-5.502363,0.9114232,7.182264,0.1247943,0.1798714,-0.9757422,0,0.007918432,0.9832181,0.1822623,0,-0.9921511,0.03047165,-0.1212757,0,7.305789,-0.4301952,-6.226106,1,0.1247943,0.007918439,-0.992151,0,0.1798714,0.9832181,0.03047165,0,-0.975742,0.1822623,-0.1212757,0,-6.909415,1.49991,6.506479,1,0.8829077,0.7895286,-0.2964715,-0.1798205,0.9379601,0.003294221,6.27136E-05,-0.02873407,3.88,60
0,-3.040589,2.944168E-08,8.285864,-5.739532,0.9778524,7.142919,-5.477086,0.9032035,7.212941,0.1391002,0.1829988,-0.9732229,0,0.008110434,0.9825336,0.1859087,0,-0.9902451,0.03375321,-0.1351864,0,7.393856,-0.4287158,-6.122994,1,0.1391002,0.008110442,-0.9902451,0,0.1829987,0.9825335,0.03375319,0,-0.9732227,0.1859087,-0.1351864,0,-6.90907,1.499578,6.508454,1,0.8916552,0.7806517,-0.2924762,-0.1733436,0.9404306,0.003194549,3.620147E-05,-0.02871555,3.9,61
0,-3.038696,2.765316E-08,8.328673,-5.73551,0.9666365,7.126,-5.498905,0.9068652,7.199275,0.1641364,0.1874693,-0.9684598,0,0.01091373,0.9813698,0.1918181,0,-0.9863772,0.04205383,-0.1590325,0,7.540502,-0.4496434,-5.942537,1,0.1641364,0.01091372,-0.9863774,0,0.1874693,0.9813698,0.04205384,0,-0.9684599,0.1918181,-0.1590325,0,-6.908485,1.498857,6.511632,1,0.8956428,0.7970961,-0.2678092,-0.1689073,0.9485508,0.003078285,9.161377E-05,-0.02866704,3.94,62
0,-3.186202,2.224188E-08,8.304963,-5.762793,0.9680048,7.152473,-5.693926,0.9729092,7.133968,0.1824087,0.1918577,-0.9643224,0,0.01439733,0.9801508,0.1977302,0,-0.9831175,0.04995139,-0.1760258,0,7.642513,-0.4685019,-5.811309,1,0.1824087,0.01439735,-0.9831173,0,0.1918577,0.9801507,0.04995137,0,-0.9643224,0.1977302,-0.1760258,0,-6.908151,1.498242,6.51395,1,0.905643,0.7891386,-0.2677348,-0.1686114,0.9486244,0.003049844,9.822083E-05,-0.02866,3.96,63
0,-5.490437,0.9085126,7.193127,-5.722119,0.9790049,7.138518,-5.512636,0.9034668,7.211958,0.2010281,0.197647,-0.9594392,0,0.01701103,0.9785817,0.2051547,0,-0.9794378,0.05756292,-0.1933603,0,7.74566,-0.4750056,-5.675052,1,0.2010281,0.01701103,-0.9794377,0,0.197647,0.9785817,0.05756291,0,-0.959439,0.2051547,-0.1933602,0,-6.908077,1.497334,6.516405,1,0.8691934,0.8325872,-0.2438662,-0.1564318,0.9571094,0.0029021,9.137727E-05,-0.02862434,3.98,64
0,-5.502478,0.9080185,7.194971,-5.747283,0.974876,7.144009,-5.701725,0.9731731,7.131067,0.2201672,0.2038947,-0.9539149,0,0.0195368,0.9767927,0.2132939,0,-0.9752666,0.0655968,-0.2110743,0,7.8493,-0.4807568,-5.532807,1,0.2201672,0.01953684,-0.9752663,0,0.2038947,0.9767927,0.06559677,0,-0.9539146,0.2132939,-0.2110742,0,-6.90796,1.496363,6.518862,1,0.8638646,0.8351071,-0.2330438,-0.1522163,0.9604794,0.002844138,0.0001044236,-0.02860495,4,65
0,-5.49499,0.9066316,7.200147,-5.742891,0.9653842,7.128061,-5.690536,0.9652095,7.127954,0.229925,0.2066515,-0.9510151,0,0.02123649,0.9758977,0.2171927,0,-0.9729767,0.07013426,-0.2199947,0,7.900429,-0.489615,-5.459988,1,0.2299249,0.02123652,-0.9729767,0,0.2066515,0.9758977,0.07013425,0,-0.951015,0.2171927,-0.2199947,0,-6.907856,1.495906,6.520103,1,0.8768913,0.8651954,-0.218698,-0.1503675,0.9641373,0.002763069,0.0001301117,-0.02858558,4.02,66
0,-3.265836,1.730842E-08,8.338193,-5.763035,0.9630988,7.145573,-5.719296,0.9756014,7.131645,0.2498481,0.211477,-0.9449093,0,0.0245795,0.9741589,0.2245224,0,-0.9679731,0.07932191,-0.2381938,0,8.002846,-0.5128596,-5.309325,1,0.2498481,0.02457951,-0.967973,0,0.2114769,0.9741589,0.07932191,0,-0.9449092,0.2245224,-0.2381937,0,-6.907867,1.494963,6.522572,1,0.8846133,0.82533,-0.2108198,-0.1412886,0.9672604,0.002675514,0.0001721725,-0.02855602,4.04,67
0,-5.778918,0.9518586,7.150603,-5.825003,0.8998809,7.225341,-5.802775,0.9261563,7.187558,0.2697018,0.218273,-0.9378795,0,0.02678499,0.9718937,0.2338916,0,-0.9625713,0.0882021,-0.2562751,0,8.103806,-0.519758,-5.156046,1,0.2697018,0.02678502,-0.9625713,0,0.218273,0.9718936,0.08820208,0,-0.9378793,0.2338915,-0.2562751,0,-6.907911,1.494044,6.524968,1,0.8833624,0.8345607,-0.2491706,-0.1756873,0.9523907,0.002896348,4.216767E-05,-0.02863426,4.06,68
0,-5.855186,0.8988276,7.229272,-5.927,0.8815166,7.259862,-5.903646,0.8970466,7.235919,0.2894243,0.2263713,-0.9300483,0,0.02623439,0.9693922,0.2441115,0,-0.9568414,0.09505107,-0.2746269,0,8.206063,-0.5038048,-4.996868,1,0.2894242,0.02623442,-0.9568412,0,0.2263713,0.9693923,0.09505104,0,-0.930048,0.2441115,-0.2746269,0,-6.908314,1.492896,6.527513,1,0.8785416,0.8233396,-0.2911724,-0.2027969,0.934929,0.003161552,-0.0001813812,-0.02875874,4.08,69
0,-5.927,0.8957653,7.202454,-6.003081,0.8946033,7.245037,-5.977707,0.9026955,7.214837,0.3106921,0.2324437,-0.9216509,0,0.02616212,0.9671791,0.2527454,0,-0.9501505,0.1026384,-0.2944137,0,8.312012,-0.507355,-4.82204,1,0.310692,0.02616213,-0.9501504,0,0.2324436,0.9671789,0.1026383,0,-0.9216509,0.2527454,-0.2944136,0,-6.908782,1.491991,6.530061,1,0.922802,0.8333939,-0.2867323,-0.2135976,0.9338954,0.003150558,-0.0002245789,-0.02876406,4.1,70
0,-5.97516,0.9110948,7.18349,-6.045648,0.8975337,7.234101,-6.011144,0.904382,7.208543,0.3212531,0.2349894,-0.9173748,0,0.02639085,0.9661257,0.2567189,0,-0.9466256,0.106682,-0.3041693,0,8.36294,-0.5142287,-4.734507,1,0.3212531,0.02639086,-0.9466256,0,0.2349894,0.9661257,0.106682,0,-0.9173747,0.2567189,-0.3041693,0,-6.909099,1.491542,6.53134,1,0.922802,0.8333939,-0.2863108,-0.2189506,0.9327844,0.003077355,-0.0001780624,-0.02873538,4.12,71
0,-6.012433,0.9147655,7.169791,-6.012143,0.8947635,7.24444,-6.012247,0.9047609,7.207129,0.3414174,0.2390929,-0.9089933,0,0.02738205,0.9641643,0.2638893,0,-0.9395129,0.1149865,-0.3226356,0,8.456904,-0.5364785,-4.566215,1,0.3414174,0.02738206,-0.9395128,0,0.2390929,0.9641642,0.1149865,0,-0.9089932,0.2638893,-0.3226355,0,-6.909724,1.490661,6.533834,1,0.8955798,0.8397864,-0.2668786,-0.2108932,0.9403722,0.002998718,-0.0001222839,-0.02868982,4.14,72
0,-5.908608,0.9009531,7.22134,-6.042671,0.9024497,7.215754,-5.979046,0.9022353,7.216554,0.3603753,0.2414465,-0.9010179,0,0.02749503,0.9627514,0.2689864,0,-0.9324021,0.1217096,-0.3403133,0,8.543645,-0.5616547,-4.402652,1,0.3603753,0.02749504,-0.9324021,0,0.2414465,0.9627514,0.1217096,0,-0.9010179,0.2689863,-0.3403132,0,-6.910177,1.490079,6.53619,1,0.8708951,0.8534534,-0.2403357,-0.1953218,0.9508355,0.002809197,-5.493924E-05,-0.02863602,4.16,73
0,-5.910188,0.9024211,7.215861,-6.044042,0.9012324,7.220297,-5.980323,0.9022696,7.216426,0.3778426,0.2419532,-0.8936966,0,0.02841706,0.9617655,0.272396,0,-0.9254337,0.128319,-0.3565204,0,8.619665,-0.5997782,-4.250624,1,0.3778426,0.02841705,-0.9254336,0,0.2419532,0.9617655,0.128319,0,-0.8936967,0.272396,-0.3565204,0,-6.910527,1.489754,6.538457,1,0.8708951,0.8534534,-0.2237259,-0.1916248,0.955629,0.002733444,3.246305E-05,-0.02860805,4.18,74
0,-5.904634,0.9032078,7.212925,-5.782731,0.7843966,7.373821,-5.927,0.8946038,7.234838,0.3938782,0.2409274,-0.8870254,0,0.03162,0.9609135,0.275037,0,-0.9186186,0.1363788,-0.3708647,0,8.683356,-0.6581504,-4.114243,1,0.3938781,0.03162001,-0.9186187,0,0.2409274,0.9609135,0.1363788,0,-0.8870253,0.275037,-0.3708647,0,-6.911055,1.489427,6.540624,1,0.9214814,0.8394885,-0.1979691,-0.1749137,0.9644758,0.002530983,3.415681E-05,-0.02857226,4.2,75
0,-5.852035,0.8991888,7.227924,-5.969945,0.8972064,7.235322,-5.913218,0.898528,7.23039,0.4158376,0.2376706,-0.8778336,0,0.03550253,0.9602693,0.2768077,0,-0.9087456,0.1462724,-0.3908783,0,8.767854,-0.7445341,-3.921694,1,0.4158376,0.03550253,-0.9087456,0,0.2376706,0.9602693,0.1462723,0,-0.8778335,0.2768077,-0.3908781,0,-6.911644,1.489227,6.543749,1,0.9019527,0.8672347,-0.1686884,-0.1668279,0.9714487,0.002377754,9.066009E-05,-0.02854863,4.24,76
0,-5.876038,0.9032536,7.212754,-5.974106,0.8968465,7.236666,-5.926433,0.9002312,7.224034,0.4288678,0.2360643,-0.8719782,0,0.03912169,0.9594944,0.2789983,0,-0.9025198,0.1537667,-0.402261,0,8.813821,-0.8033327,-3.809701,1,0.4288678,0.03912172,-0.9025198,0,0.2360644,0.9594945,0.1537667,0,-0.8719782,0.2789983,-0.402261,0,-6.912302,1.488882,6.545679,1,0.8899664,0.8704251,-0.1577341,-0.1673165,0.9732036,0.002353013,8.27942E-05,-0.02854991,4.26,77
0,-5.883272,0.9031066,7.213303,-5.985895,0.8979418,7.232578,-5.927,0.895318,7.228412,0.4412081,0.2350487,-0.866076,0,0.04301613,0.9584408,0.2820299,0,-0.8963733,0.1616891,-0.412761,0,8.855028,-0.8604984,-3.704307,1,0.4412081,0.04301615,-0.8963733,0,0.2350487,0.9584407,0.1616891,0,-0.8660758,0.2820299,-0.4127609,0,-6.912862,1.488553,6.54755,1,0.9193626,0.9084769,-0.1487761,-0.1661654,0.9748101,0.002241387,6.814578E-05,-0.02855432,4.28,78
0,-5.865074,0.8951079,7.243155,-6.012171,0.90581,7.203213,-5.927,0.8919406,7.230867,0.4539156,0.2337122,-0.8598484,0,0.04597115,0.9575615,0.2845395,0,-0.8898581,0.1686851,-0.4239081,0,8.897665,-0.9141527,-3.591532,1,0.4539155,0.04597115,-0.8898579,0,0.2337122,0.9575614,0.1686851,0,-0.8598485,0.2845394,-0.423908,0,-6.913313,1.488254,6.549382,1,0.9272844,0.9204511,-0.137757,-0.165034,0.9766201,0.002197769,8.707427E-05,-0.02853336,4.3,79
0,-5.830781,0.8927885,7.25181,-5.768317,0.780003,7.372644,-5.897823,0.894591,7.245083,0.4602032,0.2333131,-0.8566085,0,0.04744106,0.9570107,0.2861466,0,-0.8865452,0.172324,-0.4293507,0,8.918356,-0.9397379,-3.535819,1,0.4602032,0.04744106,-0.8865451,0,0.2333131,0.9570107,0.172324,0,-0.8566084,0.2861466,-0.4293508,0,-6.913814,1.488006,6.550358,1,0.9273252,0.9189669,-0.1280938,-0.1514777,0.9801258,0.002152672,0.0001175003,-0.02854959,4.32,80
0,-5.857875,0.8944558,7.245588,-5.770902,0.7864898,7.374382,-5.903999,0.8936814,7.248478,0.4722872,0.2325025,-0.8502279,0,0.05070267,0.9558213,0.2895424,0,-0.8799853,0.179856,-0.4396337,0,8.955842,-0.9927061,-3.429154,1,0.4722872,0.05070268,-0.8799852,0,0.2325024,0.9558213,0.179856,0,-0.8502277,0.2895424,-0.4396337,0,-6.914485,1.48765,6.551981,1,0.9324347,0.9062095,-0.1206289,-0.149198,0.9814217,0.002102127,0.0001286011,-0.02857139,4.34,81
0,-5.859544,0.8951265,7.243084,-5.989918,0.899192,7.227912,-5.927,0.897396,7.233964,0.4840289,0.2314509,-0.8438878,0,0.05354975,0.9547437,0.2925696,0,-0.873412,0.1868021,-0.4497294,0,8.991356,-1.04366,-3.323275,1,0.4840288,0.05354977,-0.873412,0,0.2314509,0.9547436,0.1868021,0,-0.8438876,0.2925696,-0.4497294,0,-6.91499,1.487232,6.553541,1,0.9163526,0.9073125,-0.109643,-0.1520199,0.9822771,0.002012314,0.0001530228,-0.02856164,4.36,82
0,-5.788243,0.825548,7.380437,-5.858189,0.7951645,7.376707,-5.820693,0.8083956,7.380252,0.4955409,0.2313473,-0.8372083,0,0.05447204,0.9537017,0.2957799,0,-0.8668749,0.1921755,-0.4599962,0,9.028337,-1.077799,-3.214261,1,0.4955408,0.05447203,-0.8668748,0,0.2313473,0.9537017,0.1921755,0,-0.8372083,0.2957799,-0.4599962,0,-6.91557,1.486821,6.555016,1,0.9157342,0.913908,-0.1360619,-0.1510168,0.9791226,0.002209617,0.0001557617,-0.02856638,4.38,83
0,-5.893797,0.838641,7.388357,-5.992434,0.8466486,7.390503,-5.943348,0.8423389,7.389348,0.5069622,0.2319862,-0.8301637,0,0.05408395,0.9526437,0.2992406,0,-0.8602699,0.1966022,-0.4704075,0,9.066109,-1.100625,-3.102068,1,0.5069621,0.05408395,-0.8602699,0,0.2319862,0.9526437,0.1966022,0,-0.8301636,0.2992406,-0.4704076,0,-6.916069,1.486438,6.55645,1,0.8611931,0.8738599,-0.1783398,-0.1534999,0.9719222,0.002451942,0.000175415,-0.02856042,4.4,84
0,-5.891801,0.8098505,7.569516,-5.979709,0.8100902,7.568622,-5.936687,0.8102074,7.568184,0.512779,0.232128,-0.8265436,0,0.0536407,0.9522096,0.3006984,0,-0.8568432,0.1985282,-0.4758216,0,9.085363,-1.111471,-3.04362,1,0.5127791,0.05364067,-0.8568433,0,0.2321279,0.9522096,0.1985282,0,-0.8265436,0.3006984,-0.4758216,0,-6.916466,1.48622,6.557171,1,0.8611931,0.8738599,-0.2534686,-0.135689,0.9577798,0.002864776,0.0001799088,-0.02863884,4.42,85
0,-5.987969,0.7592784,7.758234,-6.141665,0.7906042,7.643077,-6.068779,0.7761462,7.695283,0.524744,0.2314235,-0.819199,0,0.05226161,0.9517634,0.3023495,0,-0.8496544,0.2014688,-0.4873375,0,9.12443,-1.134874,-2.919427,1,0.5247439,0.05226162,-0.8496543,0,0.2314235,0.9517633,0.2014687,0,-0.8191989,0.3023494,-0.4873374,0,-6.916944,1.485961,6.558506,1,0.8093293,0.7952701,-0.3478152,-0.1551775,0.9246321,0.003433609,0.0001706238,-0.02880962,4.44,86
0,-5.96,0.7382648,7.814044,-6.072533,0.7632371,7.743461,-6.024836,0.7569305,7.766997,0.5357127,0.231083,-0.8121653,0,0.05070174,0.9512867,0.3041102,0,-0.8428767,0.2040939,-0.4979001,0,9.159474,-1.153719,-2.803837,1,0.5357128,0.05070175,-0.8428768,0,0.231083,0.9512867,0.2040939,0,-0.8121653,0.3041101,-0.4979001,0,-6.917422,1.485791,6.559745,1,0.8093293,0.7952701,-0.3416331,-0.1419595,0.9290503,0.003351754,0.0001834946,-0.0287932,4.46,87
0,-6.043202,0.7715519,7.712429,-6.067519,0.7651801,7.736209,-6.055368,0.7683753,7.724284,0.5460403,0.2307318,-0.8053589,0,0.04903497,0.9508748,0.3056676,0,-0.8363227,0.2063976,-0.507902,0,9.191708,-1.170587,-2.693362,1,0.5460402,0.04903501,-0.8363227,0,0.2307318,0.9508748,0.2063976,0,-0.8053588,0.3056676,-0.507902,0,-6.918073,1.48564,6.560876,1,0.8513345,0.8082999,-0.3286656,-0.1478174,0.932807,0.003300331,0.0001872482,-0.02876837,4.48,88
