flag,xl,yl,zl,xr,yr,zr,xc,yc,zc,mat_00,mat_10,mat_20,mat_30,mat_01,mat_11,mat_21,mat_31,mat_02,mat_12,mat_22,mat_32,mat_03,mat_13,mat_23,mat_33,ctw_00,ctw_10,ctw_20,ctw_30,ctw_01,ctw_11,ctw_21,ctw_31,ctw_02,ctw_12,ctw_22,ctw_32,ctw_03,ctw_13,ctw_23,ctw_33,opennessl,opennessr,ray_x,ray_y,ray_z,eye_x,eye_y,eye_z,time,frame
0,-3,1.892684,6.044558,-3,1.706352,6.565422,-3,1.799449,6.305163,-0.005782008,-0.0167608,-0.9998428,0,0.05095379,0.9985557,-0.01703388,0,-0.9986842,0.05104428,0.004919648,0,6.217855,-2.032462,-6.819582,1,-0.005782025,0.0509538,-0.9986843,0,-0.0167608,0.9985557,0.05104428,0,-0.9998428,-0.01703389,0.004919631,0,-6.816625,1.596539,6.346971,1,0,0,0.007878038,0.03648358,0.9993032,-0.0002410356,-0.00363794,-0.01913382,2.58,1
0,-3,1.767936,5.896576,-3,1.60134,6.417963,-3,1.684442,6.157822,-0.03832901,0.01283112,-0.9991829,0,0.0321973,0.9994142,0.011599,0,-0.9987465,0.03172641,0.03871977,0,6.009271,-1.705548,-7.039339,1,-0.03832909,0.0321973,-0.9987462,0,0.01283113,0.9994143,0.03172641,0,-0.9991827,0.01159899,0.03871967,0,-6.781372,1.592716,6.328408,1,1,1,0.00752301,0.03637382,0.99931,-0.0002394188,-0.003643311,-0.01912313,2.6,2
0,-3,1.766002,5.893936,-3,1.600982,6.416688,-3,1.683292,6.15588,-0.03911567,0.0125437,-0.9991561,0,0.0320427,0.9994227,0.01129261,0,-0.9987209,0.03157393,0.03949499,0,6.004205,-1.706623,-7.043015,1,-0.03911563,0.03204269,-0.9987206,0,0.01254369,0.9994227,0.03157393,0,-0.9991558,0.01129261,0.03949501,0,-6.780803,1.59278,6.328572,1,1,1,0.007284613,0.03576177,0.9993338,-0.0002364945,-0.003643456,-0.01911974,2.62,3
0,-3,1.765875,5.889653,-3,1.598746,6.412185,-3,1.682105,6.151495,-0.03977883,0.01270792,-0.9991277,0,0.03218748,0.9994165,0.01143009,0,-0.9986899,0.03170473,0.04016471,0,5.999429,-1.706338,-7.046776,1,-0.03977889,0.03218748,-0.9986899,0,0.01270792,0.9994165,0.03170473,0,-0.9991277,0.01143009,0.04016465,0,-6.780294,1.592781,6.3287,1,1,1,0.007807089,0.03557162,0.9993366,-0.000232948,-0.003647461,-0.01911255,2.64,4
0,-3,1.763434,5.885471,-3,1.597848,6.410212,-3,1.680432,6.148438,-0.04091823,0.01305872,-0.9990772,0,0.03167356,0.999429,0.01176609,0,-0.9986604,0.03116289,0.04130852,0,5.992529,-1.70054,-7.053805,1,-0.04091826,0.03167356,-0.9986602,0,0.01305872,0.999429,0.03116288,0,-0.999077,0.01176609,0.04130848,0,-6.779884,1.59276,6.328876,1,1,1,0.00750107,0.03548759,0.999342,-0.000230575,-0.003650307,-0.01910215,2.66,5
0,-3,1.760938,5.886646,-3,1.600489,6.414605,-3,1.680505,6.151245,-0.04194236,0.01323562,-0.9990323,0,0.03136323,0.9994369,0.01192425,0,-0.9986276,0.03083275,0.04233384,0,5.985951,-1.697165,-7.059944,1,-0.04194235,0.03136323,-0.9986277,0,0.01323562,0.9994369,0.03083275,0,-0.9990324,0.01192426,0.04233385,0,-6.779585,1.592655,6.328939,1,1,1,0.005759744,0.03575307,0.9993441,-0.0002292711,-0.003657486,-0.01908887,2.68,6
0,-3,1.75475,5.884789,-3,1.602696,6.409148,-3,1.678523,6.147592,-0.04290283,0.01341488,-0.9989892,0,0.03177789,0.9994223,0.01205596,0,-0.9985737,0.03122853,0.04330432,0,5.978714,-1.698422,-7.065802,1,-0.04290282,0.03177789,-0.9985738,0,0.01341488,0.9994223,0.03122853,0,-0.9989892,0.01205596,0.04330434,0,-6.779372,1.592635,6.329206,1,1,1,0.005826129,0.03536723,0.9993574,-0.0002244115,-0.003667008,-0.01907655,2.7,7
0,-3,1.750074,5.884837,-3,1.609966,6.408134,-3,1.679831,6.147122,-0.04380274,0.01336537,-0.9989508,0,0.03257568,0.9993979,0.01194295,0,-0.998509,0.03201837,0.04421175,0,5.971129,-1.703729,-7.070686,1,-0.04380272,0.03257568,-0.9985089,0,0.01336537,0.9993979,0.03201837,0,-0.9989507,0.01194295,0.04421175,0,-6.778944,1.592634,6.329384,1,1,1,0.005133209,0.03562304,0.9993521,-0.0002220087,-0.003677101,-0.01906347,2.72,8
0,-3,1.748558,5.885943,-3,1.614756,6.407213,-3,1.681476,6.147218,-0.04420638,0.01335229,-0.9989333,0,0.03310702,0.9993811,0.01189317,0,-0.9984738,0.03254595,0.04462099,0,5.967503,-1.707149,-7.072564,1,-0.04420629,0.03310701,-0.9984736,0,0.01335229,0.999381,0.03254594,0,-0.9989331,0.01189317,0.04462107,0,-6.778423,1.592641,6.32954,1,1,1,0.004778999,0.03601823,0.9993398,-0.0002191551,-0.003682007,-0.01905709,2.74,9
0,-3,1.746245,5.886027,-3,1.611497,6.404586,-3,1.678691,6.145935,-0.04413009,0.01344994,-0.9989353,0,0.03335506,0.9993717,0.01198229,0,-0.9984689,0.03279077,0.04455101,0,5.967702,-1.708033,-7.072058,1,-0.04413011,0.03335506,-0.9984687,0,0.01344995,0.9993718,0.03279077,0,-0.9989352,0.01198229,0.04455097,0,-6.7782,1.592646,6.329639,1,1,1,0.005200552,0.03536044,0.9993611,-0.0002162643,-0.003685379,-0.01904638,2.76,10
0,-3,1.742706,5.893697,-3,1.606606,6.409218,-3,1.674477,6.15207,-0.04387724,0.01378537,-0.9989419,0,0.03383923,0.9993516,0.01230469,0,-0.9984637,0.03326352,0.04431522,0,5.968877,-1.708656,-7.070817,1,-0.04387718,0.03383922,-0.9984636,0,0.01378537,0.9993515,0.03326352,0,-0.9989417,0.01230468,0.04431527,0,-6.777882,1.59257,6.329888,1,1,1,0.003881454,0.03464054,0.9993923,-0.0002048332,-0.003687714,-0.01903498,2.78,11
0,-3,1.738484,5.898045,-3,1.609154,6.407855,-3,1.673656,6.153533,-0.04281211,0.01426131,-0.9989814,0,0.03458256,0.9993201,0.01278409,0,-0.9984846,0.03400002,0.04327619,0,5.975148,-1.710003,-7.064892,1,-0.04281211,0.03458256,-0.9984844,0,0.01426131,0.9993201,0.03400002,0,-0.9989812,0.01278408,0.04327619,0,-6.777499,1.592523,6.329974,1,1,1,0.004591461,0.03489001,0.9993806,-0.0001982879,-0.003688172,-0.01903433,2.8,12
0,-3,1.729541,5.900257,-3,1.608861,6.411764,-3,1.669052,6.156582,-0.04163551,0.01474471,-0.999024,0,0.03462586,0.9993117,0.01330588,0,-0.9985327,0.03403807,0.04211748,0,5.9835,-1.706956,-7.058144,1,-0.04163559,0.03462587,-0.9985328,0,0.01474471,0.9993117,0.03403807,0,-0.9990241,0.01330589,0.04211741,0,-6.776961,1.592512,6.330093,1,1,1,0.0049569,0.03419308,0.9994029,-0.0001908634,-0.003691826,-0.01902726,2.82,13
0,-3,1.727964,5.903938,-3,1.607829,6.409215,-3,1.667755,6.157117,-0.04056644,0.0150677,-0.9990632,0,0.03461765,0.9993072,0.01366575,0,-0.9985769,0.03403085,0.04105997,0,5.991248,-1.704709,-7.051903,1,-0.04056647,0.03461765,-0.998577,0,0.0150677,0.9993071,0.03403085,0,-0.9990633,0.01366574,0.04105995,0,-6.776567,1.592495,6.330286,1,1,1,0.00592201,0.03418409,0.999398,-0.0001800396,-0.003695229,-0.01902577,2.84,14
0,-3,1.724676,5.907088,-3,1.595296,6.408871,-3,1.659839,6.158493,-0.0397414,0.01604377,-0.9990811,0,0.0351252,0.9992756,0.01464969,0,-0.9985924,0.03451073,0.04027617,0,5.996312,-1.700903,-7.048109,1,-0.03974142,0.03512521,-0.9985926,0,0.01604378,0.9992756,0.03451073,0,-0.9990813,0.01464969,0.04027615,0,-6.776042,1.592301,6.330443,1,1,1,0.006367519,0.03311585,0.9994312,-0.0001800396,-0.00369336,-0.01903019,2.88,15
0,-3,1.663668,5.87133,-3,1.468499,6.354868,-3,1.56583,6.113655,-0.04013038,0.01730503,-0.9990447,0,0.03517839,0.9992546,0.01589559,0,-0.9985751,0.03450688,0.04070926,0,5.993555,-1.692181,-7.052307,1,-0.04013041,0.03517839,-0.998575,0,0.01730503,0.9992546,0.03450688,0,-0.9990445,0.01589559,0.04070922,0,-6.775762,1.592176,6.3305,1,1,1,0.01695975,0.009268477,0.9998132,-0.0003916174,-0.003706398,-0.0196815,2.9,16
0,-3,1.343198,5.725027,-3,1.131597,6.14037,-3,1.237168,5.933086,-0.04077685,0.01842973,-0.9989983,0,0.03513988,0.9992378,0.01699982,0,-0.9985502,0.03441148,0.0413934,0,5.988996,-1.683715,-7.057875,1,-0.04077685,0.03513987,-0.99855,0,0.01842973,0.9992377,0.03441148,0,-0.9989982,0.01699982,0.04139338,0,-6.775562,1.591962,6.3304,1,1,1,0.06027129,-0.07680852,0.9952225,-0.0006522974,-0.004272087,-0.01956603,2.92,17
0,-3,1.242284,5.716521,-3,1.09223,6.078008,-3,1.167114,5.897555,-0.04161727,0.01936875,-0.9989459,0,0.03520184,0.9992198,0.01790751,0,-0.9985133,0.03441947,0.04226661,0,5.98281,-1.677254,-7.064278,1,-0.04161726,0.03520184,-0.9985133,0,0.01936875,0.9992198,0.03441947,0,-0.9989459,0.01790751,0.04226661,0,-6.775357,1.591843,6.330229,1,1,1,0.06781993,-0.09414904,0.9932454,-0.0006439984,-0.004391357,-0.01935529,2.94,18
0,-3,1.241828,5.748605,-3,1.087175,6.087881,-3,1.164359,5.918504,-0.04207182,0.01990196,-0.9989163,0,0.0352647,0.9992082,0.01842251,0,-0.9984921,0.03445143,0.04274035,0,5.979364,-1.673854,-7.067629,1,-0.04207182,0.0352647,-0.998492,0,0.01990196,0.9992082,0.03445142,0,-0.9989163,0.01842251,0.04274035,0,-6.775094,1.591872,6.330086,1,1,1,0.06189655,-0.09422553,0.9936249,-0.0006465996,-0.004358361,-0.01944947,2.96,19
0,-3,1.232373,5.737448,-3,1.084092,6.086735,-3,1.158085,5.912383,-0.04337907,0.02044858,-0.9988495,0,0.03442585,0.9992273,0.01896124,0,-0.9984655,0.03356373,0.0440495,0,5.971458,-1.664469,-7.076062,1,-0.04337905,0.03442585,-0.9984653,0,0.02044858,0.9992273,0.03356372,0,-0.9988494,0.01896124,0.04404951,0,-6.774848,1.591781,6.329856,1,1,1,0.06216221,-0.09523471,0.9935121,-0.0006446922,-0.004336655,-0.01948301,2.98,20
0,-3,1.23296,5.725448,-3,1.081024,6.090491,-3,1.156831,5.908298,-0.04483211,0.02150787,-0.998763,0,0.03343681,0.9992403,0.02001726,0,-0.9984348,0.03249803,0.04551721,0,5.96273,-1.650544,-7.086046,1,-0.0448321,0.03343681,-0.9984347,0,0.02150788,0.9992403,0.03249802,0,-0.998763,0.02001725,0.0455172,0,-6.774458,1.591759,6.329573,1,1,1,0.06181914,-0.09443181,0.9936101,-0.0006339643,-0.00432811,-0.01948599,3,21
0,-3,1.226507,5.716877,-3,1.078263,6.083585,-3,1.152223,5.900571,-0.04643297,0.02275247,-0.9986624,0,0.03276274,0.9992374,0.02124228,0,-0.9983841,0.03173257,0.04714298,0,5.952371,-1.637074,-7.097423,1,-0.04643295,0.03276274,-0.9983839,0,0.02275248,0.9992374,0.03173256,0,-0.9986622,0.02124227,0.04714299,0,-6.774294,1.591575,6.329293,1,1,1,0.06219679,-0.09430859,0.9935982,-0.0006316006,-0.004331475,-0.01948016,3.02,22
0,-3,1.220707,5.700423,-3,1.069447,6.078061,-3,1.144902,5.889613,-0.04807615,0.02394137,-0.9985567,0,0.03205198,0.9992349,0.02241447,0,-0.9983293,0.03092812,0.04880679,0,5.941727,-1.623767,-7.108937,1,-0.04807619,0.03205198,-0.9983292,0,0.02394137,0.9992349,0.03092812,0,-0.9985566,0.02241447,0.04880673,0,-6.774146,1.591424,6.328983,1,1,1,0.06333479,-0.09495479,0.9934648,-0.0006281361,-0.004333527,-0.01946939,3.04,23
0,-3,1.213564,5.696798,-3,1.054259,6.064594,-3,1.133724,5.88106,-0.05124557,0.02599718,-0.9983476,0,0.03138952,0.9992092,0.02440838,0,-0.9981927,0.03008683,0.05202115,0,5.919995,-1.60439,-7.130374,1,-0.05124563,0.03138952,-0.9981926,0,0.02599718,0.9992091,0.03008683,0,-0.9983477,0.02440838,0.05202108,0,-6.77351,1.591336,6.328496,1,1,1,0.06226762,-0.09574982,0.9934559,-0.0006179046,-0.004321373,-0.01948707,3.08,24
0,-3,1.120853,5.735505,-3,0.9908473,6.066351,-3,1.055707,5.901231,-0.05336595,0.02790065,-0.9981852,0,0.03148871,0.9991595,0.0262444,0,-0.9980785,0.03003101,0.05419958,0,5.904556,-1.590967,-7.145582,1,-0.05336587,0.03148871,-0.9980783,0,0.02790064,0.9991595,0.030031,0,-0.998185,0.0262444,0.05419964,0,-6.773123,1.591234,6.328276,1,1,1,0.05411948,-0.1136846,0.9920418,-0.0005658045,-0.00449997,-0.01975962,3.1,25
0,-3,0.8665977,5.702652,-3,0.7546039,6.04216,-3,0.8104714,5.872733,-0.05550992,0.0293911,-0.9980254,0,0.03160737,0.9991174,0.02766526,0,-0.9979577,0.03000926,0.05638993,0,5.888843,-1.580598,-7.160137,1,-0.05550995,0.03160737,-0.9979577,0,0.0293911,0.9991174,0.03000926,0,-0.9980255,0.02766526,0.05638991,0,-6.772655,1.591159,6.328008,1,1,1,0.05664371,-0.1739484,0.9831243,-0.0005318522,-0.004773888,-0.01948171,3.12,26
0,-3,0.8632749,5.691188,-3,0.7473522,6.038859,-3,0.8051729,5.865377,-0.05760348,0.03088329,-0.9978619,0,0.03151232,0.9990796,0.02910188,0,-0.9978422,0.02976857,0.05852365,0,5.873909,-1.568759,-7.174515,1,-0.05760345,0.03151232,-0.997842,0,0.03088329,0.9990797,0.02976857,0,-0.9978616,0.02910187,0.05852365,0,-6.772367,1.591007,6.327811,1,1,1,0.05639214,-0.173774,0.9831696,-0.0005218349,-0.004768524,-0.01948356,3.14,27
0,-3,0.8664489,5.689148,-3,0.7550683,6.037879,-3,0.8106201,5.863878,-0.05880535,0.03156847,-0.9977702,0,0.03162209,0.9990572,0.02974549,0,-0.9977686,0.02980238,0.05974817,0,5.865076,-1.564153,-7.18267,1,-0.05880534,0.03162209,-0.9977684,0,0.03156847,0.9990573,0.02980238,0,-0.9977701,0.02974549,0.05974815,0,-6.772377,1.590864,6.327754,1,1,1,0.0556245,-0.1717318,0.9835721,-0.0005153958,-0.004762451,-0.01948591,3.16,28
0,-3,0.8634266,5.680606,-3,0.7573311,6.033456,-3,0.8102412,5.857417,-0.06070971,0.03348048,-0.9975939,0,0.03186755,0.9989928,0.0315881,0,-0.9976467,0.02987316,0.06171548,0,5.850922,-1.551302,-7.196768,1,-0.06070968,0.03186755,-0.9976465,0,0.03348048,0.9989929,0.02987316,0,-0.9975938,0.03158809,0.0617155,0,-6.772305,1.590617,6.327645,1,1,1,0.05533279,-0.1699291,0.9839016,-0.0005128775,-0.004758858,-0.01948702,3.18,29
0,-3,0.8541899,5.676548,-3,0.7708871,6.031063,-3,0.8124244,5.854218,-0.06257701,0.036179,-0.9973843,0,0.03194539,0.9989033,0.03422982,0,-0.9975289,0.02971983,0.0636642,0,5.837345,-1.531697,-7.211659,1,-0.06257706,0.0319454,-0.9975286,0,0.036179,0.9989033,0.02971982,0,-0.9973841,0.03422981,0.06366412,0,-6.772095,1.590394,6.327564,1,1,1,0.0543189,-0.1667044,0.9845095,-0.0005063545,-0.004754364,-0.01948775,3.2,30
0,-3,0.8740258,5.670508,-3,0.7759378,6.032339,-3,0.8248451,5.851851,-0.06434214,0.0393905,-0.9971502,0,0.03200259,0.9987882,0.0373902,0,-0.9974146,0.02950562,0.06552482,0,5.824509,-1.508057,-7.22665,1,-0.06434218,0.03200258,-0.9974146,0,0.0393905,0.9987881,0.02950562,0,-0.9971501,0.0373902,0.06552476,0,-6.771891,1.590036,6.327471,1,1,1,0.05330569,-0.1603941,0.9856126,-0.0004942082,-0.004749695,-0.01948994,3.22,31
0,-3,0.8680462,5.66026,-3,0.7620195,6.035496,-3,0.8148773,5.848348,-0.06654179,0.04290028,-0.996861,0,0.03196867,0.998654,0.0408435,0,-0.9972714,0.02915053,0.06782365,0,5.808647,-1.481548,-7.244341,1,-0.06654175,0.03196867,-0.9972714,0,0.04290028,0.9986539,0.02915052,0,-0.9968609,0.0408435,0.06782369,0,-6.771524,1.589743,6.327323,1,1,1,0.0519237,-0.1593551,0.9858549,-0.0004894864,-0.004747086,-0.01949032,3.24,32
0,-3,0.8725616,5.664093,-3,0.7657962,6.0504,-3,0.819016,5.857751,-0.06759751,0.04471144,-0.9967105,0,0.03182331,0.9985837,0.0426372,0,-0.9972052,0.02883646,0.06892467,0,5.801275,-1.466966,-7.253105,1,-0.06759752,0.03182331,-0.9972048,0,0.04471144,0.9985836,0.02883645,0,-0.9967102,0.04263719,0.06892461,0,-6.771502,1.589525,6.327279,1,1,1,0.04856446,-0.1564475,0.9864916,-0.0004774481,-0.004739357,-0.01949547,3.26,33
0,-3,0.8628656,5.663601,-3,0.745491,6.042346,-3,0.8040032,5.853454,-0.07010734,0.04968044,-0.9963016,0,0.0315975,0.9983685,0.04756007,0,-0.9970389,0.02814632,0.07156265,0,5.783421,-1.428282,-7.274528,1,-0.07010725,0.0315975,-0.997039,0,0.04968044,0.9983685,0.02814633,0,-0.9963016,0.04756007,0.07156274,0,-6.771206,1.589187,6.327082,1,1,1,0.0470548,-0.1551818,0.9867646,-0.0004687887,-0.004730248,-0.01950126,3.28,34
0,-3,0.8475076,5.665235,-3,0.7367928,6.037892,-3,0.791985,5.852036,-0.07214296,0.05514757,-0.9958686,0,0.0310127,0.9981115,0.05302514,0,-0.9969122,0.02705919,0.073717,0,5.769689,-1.383456,-7.293517,1,-0.07214294,0.0310127,-0.9969118,0,0.05514756,0.9981115,0.02705918,0,-0.9958684,0.05302514,0.07371698,0,-6.770846,1.58865,6.326962,1,1,1,0.04540611,-0.1525848,0.9872468,-0.0004518591,-0.004704163,-0.01950989,3.3,35
0,-3,0.8556256,5.662511,-3,0.7233626,6.034023,-3,0.7893063,5.848714,-0.07337439,0.05843802,-0.9955908,0,0.03067718,0.9979416,0.05631512,0,-0.9968325,0.02640984,0.07501602,0,5.761325,-1.356519,-7.304839,1,-0.07337435,0.03067718,-0.9968325,0,0.05843803,0.9979416,0.02640984,0,-0.995591,0.05631512,0.07501608,0,-6.770627,1.588359,6.326882,1,1,1,0.0450791,-0.1499025,0.9876726,-0.0004470535,-0.004695587,-0.01951122,3.32,36
0,-3,0.823198,5.677202,-3,0.6863458,6.019332,-3,0.7545974,5.848629,-0.07636631,0.06533556,-0.994937,0,0.03028274,0.9975424,0.06318232,0,-0.99662,0.02530442,0.07815719,0,5.740278,-1.301576,-7.330791,1,-0.07636631,0.03028274,-0.9966197,0,0.06533556,0.9975425,0.02530441,0,-0.9949369,0.0631823,0.07815715,0,-6.770272,1.587722,6.326763,1,1,1,0.0419006,-0.151477,0.9875723,-0.0004353337,-0.004676628,-0.01951367,3.34,37
0,-3,0.7883253,5.66142,-3,0.6649712,6.024671,-3.06424,0.7409999,5.851715,-0.08004022,0.07279637,-0.99413,0,0.02952586,0.9970652,0.07063411,0,-0.9963543,0.02369897,0.08195472,0,5.714768,-1.239439,-7.360725,1,-0.08004023,0.02952586,-0.9963542,0,0.07279636,0.9970651,0.02369897,0,-0.9941298,0.07063409,0.08195469,0,-6.769878,1.586986,6.326553,1,1,1,0.03947441,-0.150779,0.987779,-0.0004133899,-0.004632195,-0.01952917,3.36,38
0,-3,0.7505303,5.629825,-3,0.7312908,6.036289,-3,0.7408708,5.833859,-0.08485425,0.08059286,-0.9931287,0,0.02875119,0.9965065,0.07841043,0,-0.9959785,0.02190018,0.08687496,0,5.680742,-1.173717,-7.396996,1,-0.08485424,0.02875119,-0.9959784,0,0.08059285,0.9965064,0.02190017,0,-0.9931285,0.07841042,0.08687493,0,-6.76954,1.58629,6.326214,1,1,1,0.03746085,-0.1392536,0.989548,-0.0003867559,-0.004521385,-0.01961206,3.38,39
0,-3.061419,0.741,5.621309,-3,0.7575094,5.999732,-3,0.7423959,5.805823,-0.09137702,0.08849734,-0.9918762,0,0.02765696,0.9958846,0.08630707,0,-0.9954322,0.0195458,0.09344852,0,5.634398,-1.103749,-7.441804,1,-0.091377,0.02765696,-0.9954323,0,0.08849735,0.9958847,0.0195458,0,-0.9918763,0.08630708,0.09344854,0,-6.768816,1.585657,6.325661,1,1,1,0.03833805,-0.1307273,0.9906768,-0.0003572833,-0.004550957,-0.01949632,3.4,40
0,-3.03725,0.741,5.602776,-3,0.748276,5.989415,-3,0.7405019,5.79354,-0.09532261,0.09253772,-0.9911359,0,0.0270807,0.9955423,0.09034464,0,-0.995078,0.01822877,0.09740376,0,5.606103,-1.067196,-7.46792,1,-0.0953227,0.02708071,-0.995078,0,0.09253773,0.9955423,0.01822877,0,-0.991136,0.09034465,0.09740368,0,-6.768579,1.585308,6.325366,1,1,1,0.03764077,-0.1269912,0.9911894,-0.0003511887,-0.004537155,-0.01948175,3.42,41
0,-3,0.7264814,5.557124,-3.04713,0.7343843,5.965652,-3.038842,0.7338845,5.765714,-0.1057161,0.1000281,-0.9893526,0,0.0258164,0.9948685,0.09782717,0,-0.9940613,0.01519961,0.107756,0,5.530533,-0.9957206,-7.532296,1,-0.1057161,0.0258164,-0.9940611,0,0.1000281,0.9948685,0.01519961,0,-0.9893525,0.09782716,0.107756,0,-6.767829,1.584696,6.324472,1,1,1,0.0359409,-0.1229234,0.9917651,-0.0003398973,-0.004477989,-0.01947212,3.44,42
0,-3,0.820749,5.511234,-3.180043,0.741,5.854792,-3,0.7596816,5.670909,-0.1193784,0.1061527,-0.9871578,0,0.02432858,0.9942821,0.1039767,0,-0.9925508,0.01160356,0.1212784,0,5.429924,-0.9302032,-7.612084,1,-0.1193784,0.02432857,-0.9925506,0,0.1061527,0.9942821,0.01160356,0,-0.9871577,0.1039767,0.1212784,0,-6.767369,1.584262,6.32345,1,1,1,0.04544036,-0.1076769,0.993147,-0.0007123714,-0.004331833,-0.01937962,3.46,43
0,-3,0.9788129,4.55667,-3.057238,0.899,4.765104,-3,0.9335736,4.648777,-0.1364975,0.1114102,-0.9843558,0,0.02339159,0.9937414,0.1092288,0,-0.9903643,0.008116189,0.1382493,0,5.300537,-0.8713861,-7.708051,1,-0.1364975,0.02339159,-0.990364,0,0.1114101,0.9937413,0.008116185,0,-0.9843557,0.1092288,0.1382492,0,-6.766872,1.583885,6.322166,1,1,1,0.2695718,-0.05633001,0.9613314,-0.002200997,-0.004011482,-0.01972759,3.48,44
0,-3,1.070364,3.920743,-3,1.093143,4.136579,-3,1.081812,4.029009,-0.1563814,0.1161896,-0.9808388,0,0.02379315,0.9932116,0.1138618,0,-0.9874101,0.005531393,0.1580843,0,5.145341,-0.8214636,-7.816563,1,-0.1563813,0.02379315,-0.9874101,0,0.1161896,0.9932116,0.005531391,0,-0.980839,0.1138618,0.1580843,0,-6.766708,1.583471,6.320782,1,1,1,0.3735015,-0.01557255,0.9274988,-0.002785531,-0.003870094,-0.01998721,3.5,45
0,-4.817839,1.341391,4.708876,-4.728688,1.351913,4.781413,-4.416905,1.304806,4.464499,-0.167592,0.1180256,-0.978766,0,0.02458727,0.9929994,0.1155319,0,-0.9855499,0.004702967,0.1693207,0,5.055734,-0.803278,-7.875899,1,-0.167592,0.02458728,-0.9855496,0,0.1180256,0.9929994,0.004702957,0,-0.978766,0.1155319,0.1693207,0,-6.766554,1.583266,6.320007,1,1,1,0.4729616,-0.00137518,0.881082,-0.003240547,-0.003756279,-0.02028714,3.52,46
0,-4.917422,1.414198,4.464499,-4.722885,1.353632,4.464499,-5.041562,1.406928,4.672014,-0.1914033,0.1215263,-0.9739591,0,0.02637126,0.9925838,0.1186678,0,-0.9811572,0.002971135,0.1931885,0,4.86258,-0.7677651,-7.998799,1,-0.1914032,0.02637126,-0.9811571,0,0.1215263,0.9925838,0.002971126,0,-0.973959,0.1186678,0.1931886,0,-6.766485,1.583038,6.318513,1,0.9211357,0.923034,0.5327852,0.01392226,0.8461359,-0.003521988,-0.003630013,-0.02049062,3.54,47
0,-5.040717,1.421839,4.648049,-4.850957,1.360107,4.681576,-4.727196,1.369274,4.464499,-0.215636,0.1249342,-0.9684486,0,0.02820602,0.9921644,0.1217133,0,-0.9760664,0.001070321,0.2174703,0,4.661861,-0.7317916,-8.11941,1,-0.215636,0.02820602,-0.9760662,0,0.1249342,0.9921644,0.001070319,0,-0.9684485,0.1217132,0.2174702,0,-6.766539,1.582805,6.316798,1,0.8691394,0.848071,0.4907439,0.01602785,0.8711565,-0.003404076,-0.003657975,-0.02035987,3.56,48
0,-5.045136,1.40565,4.648481,-4.863688,1.343844,4.656451,-5.008435,1.381621,4.699778,-0.2408562,0.1274341,-0.9621584,0,0.0300854,0.9918467,0.1238349,0,-0.9700944,-0.0008794777,0.2427262,0,4.448716,-0.7017559,-8.23968,1,-0.2408561,0.03008539,-0.9700944,0,0.1274341,0.9918467,-0.0008794845,0,-0.9621585,0.1238349,0.2427263,0,-6.76695,1.582553,6.315044,1,0.8918322,0.8610596,0.4721888,0.01237722,0.8814105,-0.003294266,-0.003678032,-0.02029397,3.58,49
0,-4.861546,1.392939,4.464499,-4.860294,1.34594,4.639306,-5.017861,1.386528,4.696589,-0.2671211,0.1300988,-0.9548408,0,0.03290735,0.9914986,0.1258875,0,-0.9631011,-0.002205916,0.2691313,0,4.220635,-0.6746706,-8.359889,1,-0.2671209,0.03290735,-0.9631008,0,0.1300988,0.9914986,-0.002205934,0,-0.9548404,0.1258875,0.2691313,0,-6.767167,1.582451,6.313316,1,0.9554251,0.9437299,0.4509263,0.01682457,0.8924026,-0.00318544,-0.003647301,-0.02021079,3.6,50
0,-5.047771,1.392227,4.643664,-4.834944,1.359925,4.697437,-4.715542,1.351115,4.464499,-0.2801859,0.1312892,-0.9509254,0,0.03386926,0.9913384,0.1268894,0,-0.9593481,-0.003345504,0.2822058,0,4.106105,-0.659132,-8.41736,1,-0.280186,0.03386927,-0.959348,0,0.1312892,0.9913386,-0.003345501,0,-0.9509253,0.1268895,0.2822058,0,-6.767271,1.582426,6.312406,1,0.9554251,0.9437299,0.4275868,0.01787835,0.9037974,-0.003084664,-0.003644959,-0.02014378,3.62,51
0,-5.017662,1.395495,4.694229,-4.481738,1.345034,4.464499,-4.853282,1.380591,4.659316,-0.3066844,0.1329832,-0.9424756,0,0.03562696,0.9911016,0.1282512,0,-0.9511442,-0.005755112,0.3086932,0,3.870315,-0.6319912,-8.529314,1,-0.3066844,0.03562696,-0.9511443,0,0.1329832,0.9911016,-0.005755114,0,-0.9424756,0.1282512,0.3086932,0,-6.767661,1.582375,6.310532,1,0.9818503,0.9798751,0.3830807,0.02650454,0.9233346,-0.00282801,-0.003645134,-0.01999594,3.64,52
0,-5.04484,1.400314,4.670188,-4.846598,1.36685,4.684913,-4.709526,1.358445,4.464499,-0.3333894,0.1330839,-0.9333489,0,0.03723907,0.9910731,0.128013,0,-0.9420534,-0.007921122,0.3353692,0,3.627686,-0.617599,-8.635407,1,-0.3333894,0.03723907,-0.9420536,0,0.1330839,0.9910731,-0.007921115,0,-0.9333488,0.1280129,0.3353693,0,-6.768223,1.582438,6.308633,1,1,1,0.374328,0.02514768,0.9269552,-0.002750603,-0.003633133,-0.01995608,3.66,53
0,-5.035982,1.41117,4.631639,-4.845813,1.374197,4.682616,-4.729672,1.371381,4.464499,-0.361015,0.1325418,-0.9230932,0,0.0382287,0.9911198,0.1273584,0,-0.9317763,-0.01068961,0.3628759,0,3.372315,-0.6039838,-8.738425,1,-0.3610148,0.03822871,-0.9317761,0,0.1325418,0.9911199,-0.01068963,0,-0.923093,0.1273583,0.3628759,0,-6.76887,1.582612,6.306751,1,1,1,0.35122,0.03034136,0.9358011,-0.002640441,-0.003608155,-0.01990618,3.68,54
0,-5.022319,1.403313,4.69121,-4.508779,1.40704,4.464499,-4.839254,1.408909,4.63397,-0.3898835,0.131028,-0.9114948,0,0.03892504,0.9912856,0.1258482,0,-0.9200413,-0.01358616,0.3915861,0,3.099647,-0.5963029,-8.83874,1,-0.3898833,0.03892502,-0.9200411,0,0.131028,0.9912856,-0.01358617,0,-0.9114946,0.1258482,0.3915861,0,-6.76983,1.582792,6.304829,1,1,1,0.3025223,0.04145487,0.9522403,-0.002371131,-0.003613846,-0.01981368,3.7,55
0,-5.005458,1.424287,4.687939,-4.435156,1.359554,4.464499,-4.844456,1.403905,4.67061,-0.404478,0.1303758,-0.9052071,0,0.03943191,0.9913522,0.1251636,0,-0.9136973,-0.01493188,0.406121,0,2.958927,-0.5923858,-8.886803,1,-0.4044779,0.03943191,-0.9136974,0,0.1303758,0.9913521,-0.01493188,0,-0.9052069,0.1251636,0.4061211,0,-6.770341,1.582891,6.303836,1,1,1,0.2777075,0.03983457,0.9598394,-0.00225901,-0.003590157,-0.01975762,3.72,56
0,-5.030226,1.410598,4.683921,-4.469187,1.347604,4.464499,-4.85086,1.389475,4.650462,-0.433603,0.128868,-0.8918415,0,0.04001192,0.9914984,0.1238148,0,-0.9002151,-0.01800218,0.435073,0,2.673631,-0.5835283,-8.976977,1,-0.4336032,0.04001192,-0.9002153,0,0.128868,0.9914983,-0.01800217,0,-0.8918417,0.1238148,0.435073,0,-6.771549,1.583073,6.301979,1,1,1,0.2532058,0.03471614,0.9667894,-0.00209404,-0.003585793,-0.01970398,3.74,57
0,-5.037153,1.421596,4.671682,-4.807101,1.391039,4.696966,-4.673494,1.383091,4.464499,-0.4637686,0.126549,-0.8768718,0,0.04059882,0.9917418,0.1216546,0,-0.8850257,-0.02081962,0.4650764,0,2.370363,-0.5819395,-9.061517,1,-0.4637686,0.04059882,-0.8850257,0,0.126549,0.9917418,-0.02081963,0,-0.8768718,0.1216546,0.4650764,0,-6.772844,1.583275,6.300014,1,1,1,0.2289749,0.03869729,0.9726629,-0.001938661,-0.003597618,-0.0196597,3.76,58
0,-5.161404,1.522817,4.464499,-4.933981,1.467001,4.464499,-5.050697,1.495926,4.464499,-0.4938247,0.1242178,-0.8606436,0,0.04042802,0.9919537,0.119973,0,-0.8686213,-0.02445149,0.4948732,0,2.061395,-0.5753437,-9.136932,1,-0.4938246,0.04042803,-0.8686211,0,0.1242178,0.9919537,-0.0244515,0,-0.8606433,0.119973,0.494873,0,-6.774204,1.583561,6.298124,1,1,1,0.2917787,0.06910639,0.9539862,-0.002406608,-0.003383507,-0.01978501,3.78,59
0,-5.612931,1.621059,4.571224,-5.47682,1.604403,4.636076,-5.567287,1.612347,4.632732,-0.5231571,0.1223973,-0.8434012,0,0.04085093,0.992097,0.118637,0,-0.8512566,-0.02761207,0.5240227,0,1.75035,-0.5680712,-9.201831,1,-0.5231571,0.04085093,-0.8512565,0,0.1223973,0.992097,-0.02761207,0,-0.8434011,0.118637,0.5240226,0,-6.775597,1.583756,6.296278,1,1,1,0.3795525,0.1085812,0.9187763,-0.002835578,-0.00322805,-0.01999915,3.8,60
0,-5.63592,1.658231,4.464499,-5.53403,1.620053,4.62949,-5.598372,1.638518,4.566546,-0.5375589,0.1210049,-0.8344989,0,0.04075339,0.9922217,0.1176232,0,-0.842241,-0.0292207,0.5383091,0,1.594985,-0.5675844,-9.230053,1,-0.5375588,0.0407534,-0.8422407,0,0.1210049,0.9922218,-0.02922071,0,-0.8344986,0.1176231,0.5383088,0,-6.776388,1.583836,6.295395,1,1,1,0.391906,0.1185856,0.9123306,-0.002819466,-0.003191368,-0.02002187,3.82,61
0,-5.663462,1.636055,4.464499,-5.604704,1.605364,4.631493,-5.578499,1.622354,4.464499,-0.5658249,0.1187166,-0.8159342,0,0.0412061,0.9924152,0.1158191,0,-0.8234952,-0.03191184,0.5664251,0,1.282514,-0.5665468,-9.278643,1,-0.5658248,0.04120609,-0.8234951,0,0.1187166,0.9924152,-0.03191184,0,-0.8159342,0.1158191,0.566425,0,-6.777825,1.584046,6.293719,1,1,1,0.3769383,0.1096179,0.919729,-0.002732735,-0.003200775,-0.01997039,3.84,62
0,-5.567791,1.63467,4.464499,-5.465776,1.608561,4.634326,-5.574779,1.619824,4.629586,-0.592846,0.1168214,-0.7967978,0,0.04099942,0.9925177,0.1150117,0,-0.8042717,-0.03551594,0.5931998,0,0.9765687,-0.5569476,-9.316364,1,-0.5928459,0.04099942,-0.8042714,0,0.1168214,0.9925177,-0.03551595,0,-0.7967974,0.1150116,0.5931996,0,-6.779237,1.584232,6.292109,1,1,1,0.3023972,0.1149561,0.9462246,-0.00238723,-0.003240669,-0.01981976,3.86,63
0,-5.58117,1.629113,4.464499,-5.499969,1.605116,4.635777,-5.598074,1.615465,4.631421,-0.6178014,0.1155996,-0.7777905,0,0.04100058,0.992525,0.1149478,0,-0.7852645,-0.03912506,0.617923,0,0.6857343,-0.542545,-9.343105,1,-0.6178014,0.04100059,-0.7852646,0,0.1155996,0.992525,-0.03912506,0,-0.7777905,0.1149478,0.617923,0,-6.780613,1.584343,6.290575,1,1,1,0.2798441,0.1145867,0.9531826,-0.002204467,-0.003258942,-0.01976252,3.88,64
0,-5.594629,1.628173,4.569318,-5.431888,1.598989,4.638355,-5.536112,1.613312,4.632327,-0.6416092,0.1140778,-0.7585012,0,0.04057596,0.9925417,0.1149544,0,-0.7659579,-0.04297885,0.6414527,0,0.4014158,-0.5284445,-9.360964,1,-0.641609,0.04057597,-0.7659577,0,0.1140777,0.9925418,-0.04297886,0,-0.7585011,0.1149544,0.6414526,0,-6.782465,1.584299,6.289371,1,1,1,0.2257497,0.1172566,0.9671028,-0.001871094,-0.003278503,-0.01966934,3.9,65
0,-5.6146,1.603174,4.563505,-5.450528,1.585951,4.643842,-5.561006,1.594422,4.640276,-0.6750968,0.110429,-0.7294174,0,0.03840319,0.9926532,0.1147379,0,-0.7367289,-0.04944726,0.6743778,0,-0.009243011,-0.5125311,-9.371208,1,-0.6750968,0.03840319,-0.736729,0,0.110429,0.9926534,-0.04944726,0,-0.7294173,0.1147379,0.6743779,0,-6.785163,1.584354,6.287582,1,1,1,0.1878314,0.1109376,0.9759161,-0.001636123,-0.003248719,-0.01957935,3.94,66
0,-5.613115,1.607412,4.574881,-5.467714,1.566199,4.640373,-5.567871,1.587003,4.643398,-0.6960756,0.1073964,-0.7098907,0,0.03619826,0.9927412,0.1146938,0,-0.7170554,-0.05413873,0.6949104,0,-0.2738333,-0.5036068,-9.368338,1,-0.6960756,0.03619826,-0.7170554,0,0.1073964,0.9927412,-0.05413873,0,-0.7098907,0.1146938,0.6949104,0,-6.78702,1.584354,6.286537,1,1,1,0.1603191,0.1092938,0.9809958,-0.001470634,-0.003247055,-0.0194371,3.96,67
0,-5.583313,1.620079,4.464499,-5.485279,1.594437,4.640271,-5.593554,1.605977,4.635414,-0.7164282,0.1044783,-0.6897936,0,0.03373589,0.9927545,0.1153272,0,-0.6968449,-0.05935286,0.714762,0,-0.5370927,-0.4903988,-9.358335,1,-0.716428,0.0337359,-0.6968447,0,0.1044783,0.9927545,-0.05935286,0,-0.6897935,0.1153272,0.7147618,0,-6.78887,1.584236,6.285604,1,1,1,0.1437114,0.1205002,0.9822559,-0.001288611,-0.0034375,-0.01883205,3.98,68
0,-5.607347,1.60858,4.464499,-5.564104,1.566025,4.639959,-5.604349,1.586797,4.580404,-0.7357644,0.1014243,-0.6696,0,0.03119902,0.9927486,0.1160898,0,-0.6765188,-0.06452388,0.7335935,0,-0.7941747,-0.4783137,-9.341573,1,-0.7357642,0.03119903,-0.6765186,0,0.1014243,0.9927486,-0.06452388,0,-0.6695998,0.1160898,0.7335932,0,-6.790928,1.584084,6.284778,1,1,1,0.1343089,0.112824,0.9844958,-0.001434288,-0.003469666,-0.01900743,4,69
0,-6.048282,1.575171,4.603835,-5.931515,1.579455,4.646575,-5.998704,1.57732,4.642453,-0.745506,0.09981211,-0.6589828,0,0.03000255,0.9927464,0.1164234,0,-0.6658232,-0.06702321,0.743093,0,-0.9267073,-0.4734332,-9.330072,1,-0.745506,0.03000256,-0.6658232,0,0.09981212,0.9927465,-0.06702323,0,-0.6589828,0.1164234,0.7430931,0,-6.791968,1.584042,6.284359,1,1,1,0.2733494,0.1009704,0.9566007,-0.002171876,-0.003546593,-0.01947836,4.02,70
0,-6.279666,1.493884,4.464499,-6.193364,1.529083,4.464499,-6.236698,1.511196,4.464499,-0.7648526,0.09683351,-0.6368862,0,0.02775865,0.9926739,0.1175922,0,-0.6436073,-0.07226156,0.7619373,0,-1.196269,-0.4604393,-9.301064,1,-0.7648523,0.02775864,-0.643607,0,0.09683349,0.9926739,-0.07226155,0,-0.636886,0.1175921,0.761937,0,-6.794101,1.584005,6.283626,1,1,1,0.38747,0.06073599,0.9198794,-0.002823937,-0.003669174,-0.01970828,4.04,71
0,-6.573048,1.534986,4.464499,-6.41621,1.517061,4.464499,-6.496148,1.526221,4.464499,-0.7834412,0.09329011,-0.6144243,0,0.02611554,0.9927376,0.1174313,0,-0.6209173,-0.07595444,0.7801878,0,-1.464678,-0.461375,-9.263735,1,-0.7834409,0.02611555,-0.620917,0,0.09329009,0.9927376,-0.07595443,0,-0.6144241,0.1174312,0.7801875,0,-6.796308,1.584127,6.282964,1,1,1,0.4807303,0.0603203,0.8747913,-0.003270539,-0.003754288,-0.01997889,4.06,72
0,-6.660799,1.529345,4.464499,-6.491894,1.534757,4.464499,-6.578102,1.531898,4.464499,-0.8008192,0.08881223,-0.5922846,0,0.02466672,0.9929957,0.1155468,0,-0.598398,-0.07792237,0.7974007,0,-1.724068,-0.4797613,-9.219183,1,-0.8008192,0.02466672,-0.598398,0,0.08881222,0.9929957,-0.07792237,0,-0.5922846,0.1155468,0.7974007,0,-6.798438,1.584175,6.28232,1,1,1,0.4934188,0.06107081,0.8676452,-0.003318109,-0.0037407,-0.02000964,4.08,73
0,-6.677038,1.534757,4.464499,-6.518756,1.529313,4.464499,-6.599333,1.53205,4.464499,-0.8171633,0.08478007,-0.5701373,0,0.02324867,0.9931669,0.1143633,0,-0.5759372,-0.08019857,0.8135506,0,-1.97612,-0.4932367,-9.16905,1,-0.8171633,0.02324867,-0.5759372,0,0.08478006,0.9931669,-0.08019858,0,-0.5701373,0.1143633,0.8135505,0,-6.800612,1.584412,6.281808,1,1,1,0.4783561,0.06196312,0.8759772,-0.003248681,-0.003727974,-0.01996794,4.1,74
0,-6.656866,1.513581,4.464499,-6.561261,1.553477,4.907999,-6.575398,1.528667,4.464499,-0.8245392,0.08285202,-0.5597062,0,0.02265753,0.9932622,0.1136521,0,-0.5653513,-0.08102902,0.8208609,0,-2.09287,-0.501289,-9.143385,1,-0.8245389,0.02265754,-0.5653511,0,0.082852,0.9932622,-0.08102901,0,-0.559706,0.1136521,0.8208606,0,-6.801727,1.584495,6.281619,1,1,1,0.4551008,0.06172245,0.8882982,-0.003101333,-0.003727814,-0.01988631,4.12,75
0,-6.685533,1.555138,4.907999,-6.467375,1.531358,4.464499,-6.615878,1.549372,4.907999,-0.8385285,0.08000915,-0.5389513,0,0.02221243,0.9933571,0.112908,0,-0.5444047,-0.08270516,0.8347355,0,-2.320828,-0.5103094,-9.089187,1,-0.8385285,0.02221243,-0.5444047,0,0.08000916,0.9933571,-0.08270516,0,-0.5389513,0.112908,0.8347355,0,-6.80388,1.584713,6.281392,1,1,1,0.4211955,0.06917708,0.9043278,-0.002974777,-0.003744812,-0.0198074,4.14,76
0,-6.593474,1.498709,4.464499,-6.456708,1.501561,4.464499,-6.525888,1.500057,4.464499,-0.8516653,0.07677598,-0.5184321,0,0.0219083,0.9935622,0.1111489,0,-0.5236281,-0.08330371,0.8478645,0,-2.542113,-0.5290039,-9.030283,1,-0.8516652,0.02190831,-0.5236281,0,0.07677598,0.9935622,-0.0833037,0,-0.518432,0.1111489,0.8478643,0,-6.806002,1.584998,6.281265,1,1,1,0.3837474,0.0495515,0.9221077,-0.002704514,-0.003687653,-0.0196577,4.16,77
0,-6.648267,1.553068,4.907999,-6.411914,1.533251,4.464499,-6.576425,1.549091,4.907999,-0.8638912,0.07286526,-0.4983799,0,0.02132748,0.993885,0.1083412,0,-0.5032266,-0.08296581,0.8601625,0,-2.754415,-0.5585847,-8.967648,1,-0.8638913,0.02132747,-0.5032266,0,0.07286526,0.9938849,-0.08296581,0,-0.4983799,0.1083412,0.8601626,0,-6.808109,1.585479,6.281197,1,1,1,0.3487955,0.06963862,0.934608,-0.002593163,-0.003724304,-0.0196126,4.18,78
0,-6.648307,1.560853,4.907999,-6.506542,1.555657,4.907999,-6.578468,1.558275,4.907999,-0.8750825,0.06861232,-0.4790856,0,0.0207586,0.99431,0.1044832,0,-0.4835284,-0.08148631,0.8715276,0,-2.955188,-0.5978552,-8.90259,1,-0.8750824,0.0207586,-0.4835285,0,0.06861231,0.99431,-0.08148631,0,-0.4790856,0.1044833,0.8715276,0,-6.810115,1.585971,6.281217,1,1,1,0.3279428,0.07360601,0.9418257,-0.002486236,-0.003707901,-0.01957546,4.2,79
0,-6.594629,1.517941,4.464499,-6.419231,1.527349,4.464499,-6.508248,1.52249,4.464499,-0.8804079,0.06649544,-0.4695321,0,0.02056387,0.9945422,0.1022889,0,-0.4737712,-0.08040056,0.8769702,0,-3.053307,-0.6196294,-8.868742,1,-0.8804077,0.02056387,-0.4737712,0,0.06649543,0.9945421,-0.08040056,0,-0.4695321,0.1022889,0.8769702,0,-6.811111,1.586209,6.281235,1,1,1,0.3195411,0.05721185,0.9458438,-0.002323264,-0.003712754,-0.01951793,4.22,80
0,-6.575883,1.565,4.762961,-6.38127,1.509382,4.464499,-6.452625,1.535546,4.464499,-0.8908707,0.06256942,-0.4499275,0,0.02012719,0.9949327,0.0985084,0,-0.4538112,-0.07870246,0.8876158,0,-3.250995,-0.6579918,-8.797071,1,-0.8908705,0.0201272,-0.453811,0,0.0625694,0.9949327,-0.07870243,0,-0.4499273,0.09850838,0.8876154,0,-6.813088,1.586676,6.281293,1,1,1,0.269415,0.06322654,0.9609463,-0.002124879,-0.003715927,-0.01944141,4.24,81
0,-6.562565,1.565,4.472363,-6.385088,1.530126,4.464499,-6.558343,1.556873,4.907999,-0.9010401,0.05858453,-0.4297614,0,0.01935987,0.9952809,0.09508542,0,-0.4333038,-0.07735565,0.8979222,0,-3.449534,-0.6944382,-8.719874,1,-0.90104,0.01935988,-0.4333037,0,0.05858451,0.9952809,-0.07735562,0,-0.4297613,0.09508541,0.8979219,0,-6.814949,1.587076,6.281351,1,1,1,0.2578366,0.06699979,0.9638627,-0.002058715,-0.003726036,-0.0194254,4.26,82
0,-6.639476,1.550617,4.907999,-6.483854,1.549703,4.907999,-6.562743,1.550128,4.907999,-0.9105741,0.05589795,-0.4095494,0,0.01944635,0.99551,0.09263752,0,-0.4128887,-0.07638907,0.9075725,0,-3.644553,-0.7193373,-8.63986,1,-0.9105737,0.01944635,-0.4128886,0,0.05589794,0.9955099,-0.07638906,0,-0.4095492,0.0926375,0.9075723,0,-6.816873,1.587356,6.281553,1,1,1,0.2378172,0.06056891,0.9694197,-0.001951691,-0.003747124,-0.01938758,4.28,83
0,-6.56375,1.5658,4.464499,-6.359014,1.527213,4.464499,-6.550407,1.556225,4.907999,-0.9199058,0.05337375,-0.3884904,0,0.01945962,0.9956866,0.09071658,0,-0.3916566,-0.07589082,0.9169765,0,-3.843214,-0.7400499,-8.553373,1,-0.9199055,0.01945962,-0.3916565,0,0.05337375,0.9956866,-0.07589082,0,-0.3884904,0.09071656,0.9169764,0,-6.818798,1.587578,6.281859,1,1,1,0.2058992,0.06423574,0.9764627,-0.001731362,-0.003823403,-0.01934606,4.3,84
0,-6.618134,1.558961,4.907999,-6.359191,1.523299,4.464499,-6.451777,1.536847,4.464499,-0.9244394,0.05238492,-0.3777134,0,0.01964232,0.9957457,0.09002571,0,-0.3808225,-0.07580414,0.9215356,0,-3.94331,-0.7474624,-8.507937,1,-0.9244395,0.01964233,-0.3808226,0,0.05238493,0.9957458,-0.07580415,0,-0.3777135,0.09002571,0.9215356,0,-6.819758,1.587671,6.282005,1,1,1,0.1881005,0.05882075,0.9803868,-0.001615426,-0.003814759,-0.01924079,4.32,85
0,-6.554905,1.577705,4.464499,-6.377378,1.502194,4.464499,-6.554135,1.55152,4.907999,-0.9331311,0.05058745,-0.3559596,0,0.02014957,0.9958541,0.08870538,0,-0.3589711,-0.07560132,0.9302818,0,-4.142266,-0.7612672,-8.413442,1,-0.9331311,0.02014957,-0.3589711,0,0.05058745,0.995854,-0.07560132,0,-0.3559595,0.08870536,0.9302817,0,-6.821611,1.587893,6.282364,1,1,1,0.1722645,0.05990058,0.9832277,-0.001581361,-0.003846268,-0.01919119,4.34,86
0,-6.688716,1.601051,4.464499,-6.573945,1.582308,4.464499,-6.631623,1.591766,4.464499,-0.9413667,0.04870712,-0.333851,0,0.02070216,0.9959987,0.08693674,0,-0.3367496,-0.07492791,0.9386083,0,-4.340576,-0.7785532,-8.313017,1,-0.9413666,0.02070215,-0.3367496,0,0.04870713,0.9959987,-0.07492792,0,-0.333851,0.08693673,0.9386083,0,-6.823461,1.588004,6.282644,1,1,1,0.2347646,0.08271009,0.968527,-0.002041817,-0.003508583,-0.01936725,4.36,87
0,-6.937511,1.702516,4.464499,-6.772432,1.676131,4.464499,-6.855785,1.689512,4.464499,-0.9491557,0.04687922,-0.3112974,0,0.0211888,0.9961211,0.08540362,0,-0.3140935,-0.0744653,0.9464673,0,-4.538558,-0.7942635,-8.207027,1,-0.9491554,0.02118879,-0.3140935,0,0.04687922,0.9961211,-0.0744653,0,-0.3112973,0.08540361,0.9464672,0,-6.825388,1.588259,6.283006,1,1,1,0.3283946,0.1293988,0.9356351,-0.002427605,-0.003385491,-0.01954788,4.38,88
0,-6.924902,1.693085,4.464499,-6.764927,1.684259,4.464499,-6.845579,1.688717,4.464499,-0.9563692,0.04560021,-0.2885805,0,0.02217402,0.9962246,0.08393329,0,-0.2913184,-0.07387222,0.9537697,0,-4.734118,-0.8069499,-8.096447,1,-0.9563692,0.02217402,-0.2913183,0,0.04560021,0.9962246,-0.07387222,0,-0.2885805,0.08393329,0.9537696,0,-6.827244,1.588439,6.283399,1,1,1,0.299761,0.1286239,0.9453038,-0.002317841,-0.003408325,-0.01950202,4.4,89
0,-6.920706,1.671547,4.464499,-6.761208,1.663204,4.464499,-6.841584,1.667413,4.464499,-0.9597812,0.04492755,-0.2771316,0,0.02261152,0.9962761,0.08320285,0,-0.2798378,-0.07359014,0.9572229,0,-4.831063,-0.8134331,-8.03929,1,-0.9597809,0.02261151,-0.2798376,0,0.04492755,0.996276,-0.07359014,0,-0.2771316,0.08320282,0.9572225,0,-6.828158,1.588533,6.283616,1,1,1,0.2857685,0.1169666,0.9511337,-0.002199097,-0.003412934,-0.01944621,4.42,90
0,-6.913097,1.68401,4.464499,-6.760896,1.65687,4.464499,-6.83752,1.670582,4.464499,-0.9660293,0.043615,-0.254726,0,0.02328576,0.9963366,0.08228648,0,-0.2573817,-0.07355966,0.963506,0,-5.017611,-0.8226513,-7.925317,1,-0.9660291,0.02328576,-0.2573817,0,0.043615,0.9963367,-0.07355966,0,-0.254726,0.08228648,0.9635059,0,-6.830062,1.588623,6.284134,1,1,1,0.2604685,0.1187402,0.9581529,-0.002076515,-0.003419419,-0.01940246,4.44,91
0,-6.883191,1.667709,4.464499,-6.715467,1.662195,4.464499,-6.799907,1.664968,4.464499,-0.9716303,0.04182573,-0.2327779,0,0.02334631,0.996393,0.0815837,0,-0.2353506,-0.07383468,0.9691021,0,-5.196102,-0.8332743,-7.810307,1,-0.97163,0.02334631,-0.2353505,0,0.04182572,0.996393,-0.07383467,0,-0.2327778,0.08158369,0.9691018,0,-6.831903,1.588772,6.284553,1,1,1,0.2177,0.1167918,0.9690028,-0.001845993,-0.00342659,-0.01934338,4.46,92
0,-6.893117,1.66683,4.464499,-6.713006,1.674723,4.464499,-6.803667,1.670723,4.464499,-0.9767307,0.03954261,-0.2107928,0,0.02292589,0.9964748,0.0806991,0,-0.2132408,-0.07398868,0.974194,0,-5.370895,-0.8480655,-7.691616,1,-0.9767306,0.02292589,-0.2132408,0,0.0395426,0.9964748,-0.07398867,0,-0.2107928,0.0806991,0.974194,0,-6.83372,1.588915,6.285085,1,1,1,0.196768,0.1198836,0.9730931,-0.001744109,-0.003440483,-0.01930821,4.48,93
