flag,xl,yl,zl,xr,yr,zr,xc,yc,zc,mat_00,mat_10,mat_20,mat_30,mat_01,mat_11,mat_21,mat_31,mat_02,mat_12,mat_22,mat_32,mat_03,mat_13,mat_23,mat_33,ctw_00,ctw_10,ctw_20,ctw_30,ctw_01,ctw_11,ctw_21,ctw_31,ctw_02,ctw_12,ctw_22,ctw_32,ctw_03,ctw_13,ctw_23,ctw_33,opennessl,opennessr,ray_x,ray_y,ray_z,eye_x,eye_y,eye_z,time,frame
0,-3,1.148122,6.062885,-3,1.238842,6.577661,-3,1.193686,6.32129,-0.06176043,0.0801537,-0.9948675,0,0.001425166,0.9967762,0.08021902,0,-0.9980901,-0.0035365,0.06167555,0,6.021633,-0.9695285,-7.325762,1,-0.06176041,0.001425174,-0.99809,0,0.08015368,0.9967762,-0.003536509,0,-0.9948673,0.08021901,0.06167554,0,-6.838551,1.545486,6.458523,1,0,0,-0.02621526,-0.01086102,0.9995973,0.001191796,-0.0003335953,-0.02586648,2.64,1
0,-3,1.14882,6.066467,-3,1.242783,6.579108,-3,1.196012,6.323793,-0.06110227,0.08006076,-0.9949154,0,0.001578607,0.9967844,0.0801142,0,-0.9981303,-0.003324583,0.06103218,0,6.026159,-0.9715368,-7.32162,1,-0.06110227,0.001578604,-0.9981303,0,0.08006074,0.9967844,-0.003324579,0,-0.9949154,0.08011421,0.06103218,0,-6.838399,1.545465,6.458516,1,0,0,-0.02622217,-0.01036402,0.9996024,0.001191376,-0.0003388443,-0.02585548,2.66,2
0,-3,1.147854,6.07153,-3,1.23717,6.586956,-3,1.192705,6.330225,-0.0592761,0.08024547,-0.9950111,0,0.001791582,0.9967707,0.08028065,0,-0.99824,-0.002976075,0.05922842,0,6.03891,-0.9727287,-7.309794,1,-0.05927607,0.001791585,-0.99824,0,0.08024548,0.9967707,-0.002976081,0,-0.995011,0.08028065,0.05922845,0,-6.837306,1.545603,6.458334,1,1,1,-0.0261237,-0.01110579,0.9995971,0.001190941,-0.0003433228,-0.02584444,2.7,3
0,-3,1.146186,6.076228,-3,1.236982,6.590805,-3,1.191778,6.334482,-0.05816197,0.08017011,-0.9950829,0,0.00112455,0.9967749,0.0802407,0,-0.9983066,-0.003547929,0.05806458,0,6.047851,-0.9695862,-7.302292,1,-0.058162,0.00112456,-0.9983065,0,0.08017012,0.9967749,-0.003547937,0,-0.9950829,0.0802407,0.05806455,0,-6.836899,1.545599,6.458174,1,1,1,-0.02609343,-0.01141143,0.9995944,0.00118988,-0.0003485642,-0.02581955,2.72,4
0,-3,1.326971,6.042562,-3,1.309969,6.590329,-3,1.318439,6.317374,-0.05753541,0.07940233,-0.9951808,0,0.001049701,0.9968364,0.07947373,0,-0.9983429,-0.003527913,0.0574367,0,6.052418,-0.9750463,-7.297536,1,-0.05753537,0.001049696,-0.9983429,0,0.07940233,0.9968364,-0.003527911,0,-0.9951809,0.07947373,0.05743674,0,-6.83672,1.545571,6.458095,1,1,1,-0.02108816,0.02040863,0.9995692,0.001140373,-0.0002795563,-0.02522743,2.74,5
0,-3,1.46178,6.056742,-3,1.479785,6.605284,-3,1.47082,6.331972,-0.05683458,0.07842162,-0.9952989,0,0.001332439,0.9969153,0.0784729,0,-0.9983827,-0.003133796,0.05676377,0,6.056991,-0.9844553,-7.292231,1,-0.05683459,0.001332443,-0.9983827,0,0.07842163,0.9969154,-0.003133798,0,-0.9952989,0.07847291,0.05676375,0,-6.836501,1.545591,6.458044,1,1,1,-0.02416085,0.05865377,0.997986,0.001096214,4.516603E-05,-0.02534707,2.76,6
0,-3,1.245916,6.24115,-3,1.245916,6.24115,-3,1.245916,6.24115,-0.05629861,0.07773553,-0.9953833,0,0.00161536,0.9969702,0.0777681,0,-0.9984127,-0.002770334,0.05625355,0,6.060336,-0.991644,-7.288065,1,-0.05629855,0.001615355,-0.9984126,0,0.07773553,0.9969702,-0.002770333,0,-0.9953831,0.07776809,0.0562536,0,-6.836143,1.545629,6.457948,1,0.9148465,0.9762207,0,0,1,0,0,0,2.8,7
0,-3,1.247763,6.243919,-3,1.247763,6.243919,-3,1.247763,6.243919,-0.05556083,0.0772444,-0.9954628,0,0.001317535,0.9970077,0.07729074,0,-0.9984544,-0.002982788,0.05549634,0,6.065942,-0.9936722,-7.282833,1,-0.05556082,0.001317527,-0.9984545,0,0.07724439,0.9970077,-0.002982781,0,-0.9954629,0.07729074,0.05549635,0,-6.836005,1.545602,6.457774,1,0.8018013,0.8514409,0,0,1,0,0,0,2.82,8
0,-3,1.250052,6.245923,-3,1.250052,6.245923,-3,1.250052,6.245923,-0.05499804,0.07664804,-0.9955403,0,0.001505967,0.9970545,0.07668143,0,-0.9984853,-0.002718076,0.05495143,0,6.069586,-0.9994492,-7.27904,1,-0.054998,0.001505965,-0.9984854,0,0.07664803,0.9970545,-0.002718077,0,-0.9955401,0.07668143,0.05495147,0,-6.836156,1.545532,6.45767,1,0.0681043,0.1117309,0,0,1,0,0,0,2.84,9
0,-3,1.249382,6.248302,-3,1.249382,6.248302,-3,1.249382,6.248302,-0.05439258,0.07675901,-0.995565,0,0.001007628,0.9970446,0.07681805,0,-0.9985192,-0.003175162,0.05430913,0,6.074613,-0.9955732,-7.275629,1,-0.05439252,0.001007635,-0.998519,0,0.076759,0.9970446,-0.003175172,0,-0.9955648,0.07681803,0.05430916,0,-6.836527,1.545409,6.457588,1,0.05413686,0.09774146,0,0,1,0,0,0,2.86,10
0,-3,1.248607,6.249084,-3,1.248607,6.249084,-3,1.248607,6.249084,-0.05421495,0.07692888,-0.9955615,0,0.0006272234,0.9970303,0.07700823,0,-0.9985291,-0.003550552,0.05410218,0,6.076465,-0.9919241,-7.274632,1,-0.05421493,0.0006272275,-0.9985291,0,0.07692888,0.9970303,-0.003550558,0,-0.9955614,0.07700822,0.0541022,0,-6.836599,1.545373,6.457579,1,0.1447095,0.1354896,0,0,1,0,0,0,2.88,11
0,-3,1.24544,6.249885,-3,1.24544,6.249885,-3,1.24544,6.249885,-0.05404317,0.07764575,-0.9955152,0,-0.0002203807,0.9969712,0.07777128,0,-0.9985386,-0.004422404,0.05386233,0,6.078897,-0.9810913,-7.2742,1,-0.05404313,-0.0002203891,-0.9985386,0,0.07764575,0.9969712,-0.0044224,0,-0.9955152,0.07777128,0.05386238,0,-6.836876,1.545183,6.457479,1,0.2745045,0.2067876,0,0,1,0,0,0,2.9,12
0,-3,1.24136,6.250597,-3,1.24136,6.250597,-3,1.24136,6.250597,-0.05386591,0.07862645,-0.9954478,0,-0.0008781441,0.996891,0.07878796,0,-0.9985479,-0.005118132,0.0536294,0,6.081012,-0.9696302,-7.273969,1,-0.05386591,-0.0008781435,-0.9985477,0,0.07862644,0.9968909,-0.005118131,0,-0.9954478,0.07878796,0.05362939,0,-6.837059,1.545057,6.457317,1,0.7043652,0.6180822,0,0,1,0,0,0,2.92,13
0,-3,1.236397,6.250237,-3,1.236397,6.250237,-3,1.236397,6.250237,-0.05395365,0.07984643,-0.995346,0,-0.001178734,0.9967921,0.08002634,0,-0.9985428,-0.005490951,0.05368638,0,6.080725,-0.9585718,-7.275661,1,-0.05395357,-0.00117873,-0.9985427,0,0.07984643,0.9967921,-0.00549096,0,-0.9953459,0.08002633,0.05368644,0,-6.837184,1.544909,6.457204,1,0.7785081,0.6974933,0,0,1,0,0,0,2.94,14
0,-3,0.8865763,6.230176,-3,0.871829,6.558386,-3,0.8791862,6.394584,-0.05435455,0.08124101,-0.9952114,0,-0.001771148,0.9966753,0.08145726,0,-0.9985203,-0.006190233,0.05402994,0,6.078537,-0.9441491,-7.279392,1,-0.05435453,-0.001771143,-0.99852,0,0.08124101,0.9966753,-0.006190238,0,-0.9952111,0.08145725,0.05402993,0,-6.837432,1.544735,6.457001,1,0.8683336,0.8159516,-0.03732611,-0.0894204,0.9952943,0.001303948,-0.0005095596,-0.02664346,2.96,15
0,-3,0.8266791,6.209218,-3,0.8184444,6.531729,-3,0.8225523,6.370777,-0.05519938,0.08218896,-0.995087,0,-0.002072819,0.9965948,0.08242849,0,-0.9984732,-0.006612644,0.05484104,0,6.072694,-0.9346663,-7.285295,1,-0.05519936,-0.002072827,-0.9984731,0,0.08218896,0.9965949,-0.006612636,0,-0.9950869,0.08242849,0.05484105,0,-6.837473,1.544587,6.456775,1,0.8968408,0.8489219,-0.03197077,-0.1024844,0.9942207,0.001246491,-0.0006398697,-0.02643192,3,16
0,-3,0.690403,6.080838,-3.180349,0.7509999,6.500509,-3.10846,0.7249843,6.296253,-0.05523503,0.08224665,-0.9950802,0,-0.001955904,0.9965908,0.08248007,0,-0.9984715,-0.006502062,0.05488586,0,6.072187,-0.9349465,-7.285679,1,-0.05523504,-0.001955895,-0.9984714,0,0.08224664,0.9965908,-0.00650207,0,-0.9950801,0.08248007,0.05488585,0,-6.837541,1.544559,6.456707,1,0.9245538,0.8876416,-0.01176295,-0.1320883,0.9911682,0.001094254,-0.0008278809,-0.02634521,3.02,17
0,-3.16162,0.751,6.136816,-3,0.6422745,6.477868,-3.305941,0.747848,6.3136,-0.05506718,0.08199243,-0.9951105,0,-0.002054241,0.9966113,0.08222976,0,-0.9984806,-0.006572362,0.05471218,0,6.073502,-0.9363648,-7.284541,1,-0.05506722,-0.002054242,-0.9984805,0,0.08199243,0.9966113,-0.006572357,0,-0.9951105,0.08222976,0.05471214,0,-6.837698,1.544674,6.456672,1,0.9596322,0.936993,-0.0139955,-0.1377717,0.9903651,0.001082024,-0.0008332062,-0.02633842,3.04,18
0,-3.215465,0.751,6.139165,-3,0.6552696,6.484559,-3.305965,0.7482135,6.315817,-0.0548079,0.08134517,-0.995178,0,-0.002362855,0.9966626,0.08159666,0,-0.9984941,-0.006823596,0.05443287,0,6.075789,-0.9392651,-7.282317,1,-0.05480798,-0.002362841,-0.9984941,0,0.08134517,0.9966627,-0.006823603,0,-0.9951778,0.08159666,0.05443278,0,-6.837794,1.544699,6.456627,1,0.9734858,0.9391928,-0.01429738,-0.1383153,0.990285,0.001083603,-0.0008154984,-0.02639457,3.06,19
0,-3.170928,0.751,6.136833,-3,0.6610565,6.492911,-3.285506,0.751,6.319452,-0.05438817,0.08071396,-0.9952523,0,-0.002434969,0.9967139,0.08096556,0,-0.9985169,-0.006826971,0.05401289,0,6.078884,-0.9436263,-7.279294,1,-0.05438816,-0.002434964,-0.998517,0,0.08071396,0.9967139,-0.006826978,0,-0.9952523,0.08096555,0.05401291,0,-6.837951,1.544699,6.456603,1,1,1,-0.01510566,-0.1370008,0.9904557,0.001086257,-0.0008129502,-0.0264026,3.08,20
0,-3.147977,0.751,6.134546,-3.306139,0.7390316,6.49681,-3.256768,0.751,6.320369,-0.05358517,0.07968502,-0.9953789,0,-0.002585374,0.9967965,0.07993769,0,-0.99856,-0.006856896,0.05320752,0,6.084851,-0.9507211,-7.273322,1,-0.05358518,-0.002585367,-0.9985598,0,0.079685,0.9967965,-0.0068569,0,-0.9953786,0.07993769,0.05320748,0,-6.837893,1.54482,6.456563,1,1,1,-0.01485974,-0.1363848,0.9905446,0.001087014,-0.0008168488,-0.0263962,3.1,21
0,-3.079154,0.751,6.13474,-3,0.7068102,6.492356,-3.142487,0.751,6.316223,-0.0532819,0.07880238,-0.9954655,0,-0.002592605,0.9968671,0.07905212,0,-0.9985762,-0.006792892,0.05291069,0,6.087072,-0.957297,-7.27063,1,-0.0532819,-0.002592601,-0.998576,0,0.07880238,0.9968671,-0.006792894,0,-0.9954652,0.0790521,0.05291066,0,-6.837891,1.544838,6.456595,1,1,1,-0.01463864,-0.130856,0.9912933,0.001082367,-0.0008439103,-0.02637322,3.12,22
0,-3.076968,0.751,6.140308,-3.290321,0.7509999,6.498868,-3.186972,0.751,6.324249,-0.05269551,0.07839999,-0.9955283,0,-0.002732955,0.9968984,0.07865255,0,-0.9986069,-0.00686536,0.05231774,0,6.091455,-0.9596992,-7.266538,1,-0.05269544,-0.00273295,-0.9986069,0,0.07839999,0.9968984,-0.00686537,0,-0.9955282,0.07865255,0.05231781,0,-6.837811,1.544902,6.45655,1,1,1,-0.01571726,-0.1337365,0.9908923,0.001073455,-0.0008402634,-0.02644334,3.14,23
0,-3.068115,0.751,6.134425,-3,0.6957553,6.488772,-3.162021,0.751,6.315487,-0.05253279,0.07848448,-0.9955302,0,-0.002532393,0.9968931,0.07872555,0,-0.998616,-0.006656751,0.05217087,0,6.092237,-0.9604943,-7.265442,1,-0.05253283,-0.002532393,-0.998616,0,0.07848448,0.9968932,-0.006656747,0,-0.9955302,0.07872556,0.05217083,0,-6.837541,1.544914,6.456456,1,0.9975786,0.9521877,-0.01355833,-0.1322783,0.9911199,0.001075241,-0.0008131256,-0.02657386,3.16,24
0,-3.088252,0.751,6.134908,-3.205806,0.7455619,6.469343,-3.160986,0.751,6.30514,-0.052616,0.0785502,-0.9955207,0,-0.002453636,0.9968884,0.0787878,0,-0.9986118,-0.006588139,0.05225956,0,6.091487,-0.9604608,-7.265951,1,-0.05261602,-0.002453629,-0.9986118,0,0.0785502,0.9968884,-0.006588144,0,-0.9955206,0.0787878,0.05225955,0,-6.83745,1.544887,6.456419,1,0.9975786,0.9521877,-0.0109494,-0.1321257,0.9911724,0.001080551,-0.0008054657,-0.02663035,3.18,25
0,-3.098732,0.751,6.131525,-3.191702,0.751,6.455785,-3.10846,0.7429907,6.293997,-0.05269873,0.07910985,-0.995472,0,-0.002405182,0.9968442,0.07934622,0,-0.9986076,-0.006575737,0.05234218,0,6.090697,-0.9565958,-7.266718,1,-0.05269875,-0.002405181,-0.9986076,0,0.07910984,0.9968442,-0.006575736,0,-0.9954719,0.07934622,0.05234215,0,-6.837165,1.544813,6.456282,1,1,1,-0.008739791,-0.1307192,0.991381,0.001082016,-0.0007995835,-0.02665163,3.2,26
0,-3.215372,0.7296085,6.143655,-3.143281,0.751,6.442451,-3,0.7009532,6.284231,-0.0527395,0.07976786,-0.9954172,0,-0.002732217,0.9967893,0.08002257,0,-0.9986045,-0.006940052,0.05235219,0,6.09078,-0.9496371,-7.267184,1,-0.05273947,-0.002732225,-0.9986046,0,0.07976786,0.9967892,-0.006940047,0,-0.9954174,0.08002257,0.05235223,0,-6.836907,1.544768,6.456144,1,0.9857864,0.9489794,-0.007437649,-0.1346458,0.9908659,0.001064187,-0.0008531571,-0.02651042,3.22,27
0,-3.215346,0.7276642,6.144399,-3.206063,0.7468168,6.441007,-3.272776,0.751,6.295662,-0.05285573,0.08020116,-0.9953764,0,-0.002883419,0.9967533,0.08046522,0,-0.998598,-0.007123128,0.0524528,0,6.090071,-0.945379,-7.267899,1,-0.05285567,-0.002883418,-0.998598,0,0.08020116,0.9967532,-0.007123135,0,-0.9953763,0.08046521,0.05245287,0,-6.836579,1.544683,6.456021,1,0.9844485,0.9542249,-0.0073383,-0.136735,0.9905805,0.001066406,-0.0008521423,-0.02650028,3.24,28
0,-3.215448,0.7274338,6.141448,-3.253777,0.751,6.437796,-3,0.687111,6.279853,-0.05260992,0.08100937,-0.9953241,0,-0.003284182,0.9966848,0.08129372,0,-0.99861,-0.007545665,0.05216956,0,6.092271,-0.9370185,-7.266546,1,-0.05261001,-0.003284157,-0.9986095,0,0.08100936,0.9966847,-0.007545679,0,-0.9953238,0.08129372,0.05216944,0,-6.836144,1.544645,6.455822,1,0.9984996,0.9343815,-0.006148315,-0.1367729,0.9905833,0.001072228,-0.0008647385,-0.02643667,3.26,29
0,-3.215238,0.7256356,6.147518,-3.206149,0.7460684,6.431549,-3,0.6891328,6.280091,-0.05229783,0.08218089,-0.9952444,0,-0.004239149,0.9965809,0.08251402,0,-0.9986227,-0.008534282,0.05177069,0,6.095809,-0.9223674,-7.264853,1,-0.05229787,-0.004239134,-0.9986224,0,0.08218089,0.9965809,-0.008534292,0,-0.9952443,0.08251402,0.05177063,0,-6.835705,1.544507,6.455646,1,0.9821841,0.9446298,-0.005742704,-0.1350645,0.9908202,0.001078309,-0.0009004822,-0.02632451,3.3,30
0,-3.215197,0.725472,6.148694,-3.159833,0.751,6.420073,-3,0.6969283,6.27507,-0.05173838,0.08216655,-0.9952748,0,-0.005054358,0.9965752,0.08253667,0,-0.998648,-0.00930078,0.05114591,0,6.100842,-0.9174944,-7.260861,1,-0.05173839,-0.005054348,-0.9986477,0,0.08216655,0.9965752,-0.009300786,0,-0.9952747,0.08253664,0.05114588,0,-6.835516,1.544475,6.455421,1,1,1,-0.0038258,-0.1331145,0.9910933,0.001090302,-0.0009585877,-0.02610402,3.32,31
0,-3.215091,0.7222902,6.151746,-3.193747,0.751,6.422253,-3,0.6914074,6.277529,-0.0514195,0.08302777,-0.9952198,0,-0.006583635,0.9964882,0.08347373,0,-0.9986554,-0.01084433,0.0506922,0,6.105196,-0.901584,-7.258535,1,-0.0514194,-0.006583637,-0.9986554,0,0.08302775,0.9964882,-0.01084434,0,-0.9952198,0.08347373,0.0506923,0,-6.835056,1.544509,6.455162,1,1,1,-0.003858738,-0.1335859,0.9910297,0.001089096,-0.0009570618,-0.02610402,3.34,32
0,-3.214965,0.723581,6.15539,-3.19548,0.751,6.424977,-3,0.6919007,6.280883,-0.05078435,0.08305284,-0.9952504,0,-0.007349763,0.9964781,0.08353033,0,-0.9986827,-0.01155689,0.04999506,0,6.110791,-0.896812,-7.25389,1,-0.05078433,-0.007349761,-0.9986824,0,0.08305283,0.9964781,-0.01155689,0,-0.9952502,0.08353033,0.04999506,0,-6.83462,1.544486,6.455033,1,1,1,-0.003951393,-0.1334402,0.991049,0.001088432,-0.0009572983,-0.02609696,3.36,33
0,-3.214784,0.7061799,6.160608,-3.256806,0.751,6.428325,-3.30578,0.7445082,6.2984,-0.0503751,0.08361864,-0.9952238,0,-0.008254129,0.99642,0.08413695,0,-0.9986963,-0.01245311,0.04950452,0,6.114903,-0.8870839,-7.250833,1,-0.05037505,-0.008254125,-0.9986961,0,0.08361863,0.99642,-0.01245311,0,-0.9952237,0.08413694,0.04950456,0,-6.833985,1.544444,6.454833,1,1,1,-0.004384245,-0.1368735,0.9905788,0.001087929,-0.0009425507,-0.02609589,3.38,34
0,-3.214683,0.7053468,6.163538,-3.271302,0.751,6.430576,-3.305806,0.7425329,6.300828,-0.049932,0.08469331,-0.9951552,0,-0.008807372,0.996322,0.08523452,0,-0.9987139,-0.01302062,0.04900241,0,6.118763,-0.8758562,-7.248153,1,-0.04993198,-0.008807365,-0.9987137,0,0.08469331,0.996322,-0.01302063,0,-0.9951552,0.08523452,0.04900242,0,-6.833336,1.544318,6.454665,1,0.9991925,0.960446,-0.004530801,-0.1363321,0.9906528,0.001086952,-0.0009392548,-0.02610201,3.4,35
0,-3.214884,0.7145607,6.157726,-3.272376,0.751,6.438656,-3.305818,0.7468759,6.301993,-0.04897058,0.08606707,-0.9950851,0,-0.00936434,0.996197,0.08662408,0,-0.9987563,-0.01356035,0.0479784,0,6.126278,-0.8627124,-7.242892,1,-0.0489706,-0.00936434,-0.9987563,0,0.08606706,0.996197,-0.01356035,0,-0.9950851,0.08662408,0.04797838,0,-6.833035,1.544209,6.454463,1,0.9993181,0.9691606,-0.003857819,-0.1338032,0.9910004,0.00108052,-0.0009122391,-0.02616348,3.42,36
0,-3.214534,0.7128889,6.167831,-3.305502,0.7356405,6.465535,-3.30601,0.734772,6.320152,-0.04661822,0.08884521,-0.9949539,0,-0.0094948,0.9959524,0.08937925,0,-0.9988677,-0.01361359,0.04558599,0,6.143137,-0.8429338,-7.229717,1,-0.04661825,-0.0094948,-0.9988676,0,0.0888452,0.9959524,-0.01361359,0,-0.9949539,0.08937924,0.04558596,0,-6.831962,1.544037,6.454278,1,0.9967301,0.9584969,-0.006528064,-0.1343928,0.9909067,0.001086021,-0.0009160691,-0.02614426,3.46,37
0,-3.214298,0.7123597,6.174642,-3,0.6694477,6.470317,-3.306077,0.7361559,6.326391,-0.04438543,0.09056585,-0.994901,0,-0.009078268,0.9958047,0.09105313,0,-0.9989733,-0.0130734,0.04337704,0,6.158481,-0.8343001,-7.216823,1,-0.04438543,-0.009078254,-0.9989731,0,0.09056583,0.9958046,-0.01307341,0,-0.9949008,0.09105311,0.04337703,0,-6.831117,1.543822,6.454294,1,1,1,-0.006158118,-0.1323772,0.9911803,0.001087021,-0.0009145051,-0.026162,3.48,38
0,-3,0.6947386,6.176635,-3,0.6564516,6.482468,-3.306216,0.7446209,6.339595,-0.04117787,0.09195458,-0.9949114,0,-0.008430474,0.9956886,0.09237533,0,-0.9991163,-0.01219139,0.04022503,0,6.180356,-0.8302899,-7.198042,1,-0.04117778,-0.008430479,-0.9991162,0,0.09195457,0.9956886,-0.01219139,0,-0.9949114,0.09237533,0.04022511,0,-6.830572,1.543735,6.454313,1,1,1,-0.006826254,-0.1288704,0.9916379,0.001087159,-0.0009018631,-0.02624186,3.5,39
0,-3.235401,0.751,6.207207,-3.306139,0.7258589,6.495636,-3.306365,0.7462147,6.353668,-0.03729749,0.09337318,-0.9949324,0,-0.007794451,0.9955676,0.093725,0,-0.9992738,-0.01125065,0.03640437,0,6.207145,-0.8262922,-7.175139,1,-0.03729748,-0.007794443,-0.9992738,0,0.09337318,0.9955676,-0.01125066,0,-0.9949324,0.093725,0.03640438,0,-6.830113,1.543501,6.454547,1,0.9948792,0.9651001,-0.007003131,-0.1271078,0.9918642,0.00108667,-0.0008996277,-0.02626556,3.52,40
0,-3.1736,0.751,6.212749,-3.306139,0.7275633,6.500104,-3.294704,0.751,6.360024,-0.03503108,0.09424993,-0.9949322,0,-0.007321373,0.9954922,0.09456077,0,-0.9993595,-0.01059682,0.03418314,0,6.222575,-0.8243105,-7.161744,1,-0.03503109,-0.00732136,-0.9993593,0,0.09424993,0.9954923,-0.01059683,0,-0.994932,0.09456076,0.03418312,0,-6.829773,1.543372,6.454664,1,1,1,-0.006723965,-0.1243078,0.9922209,0.001085862,-0.0008942948,-0.02629025,3.54,41
0,-3.206157,0.7484988,6.229987,-3.306139,0.7217559,6.516241,-3.212319,0.7249066,6.373767,-0.02953196,0.09675613,-0.9948699,0,-0.006470397,0.9952646,0.09698659,0,-0.9995429,-0.009301405,0.02876604,0,6.260284,-0.8151097,-7.129266,1,-0.02953193,-0.006470397,-0.9995428,0,0.09675612,0.9952646,-0.009301406,0,-0.9948699,0.09698658,0.02876606,0,-6.828947,1.5432,6.454922,1,1,1,-0.005751598,-0.1239249,0.9922749,0.001088639,-0.0008826752,-0.02630061,3.56,42
0,-3.23508,0.751,6.241786,-3.306139,0.7109506,6.519472,-3,0.6692272,6.376209,-0.02347279,0.09961872,-0.9947488,0,-0.005929161,0.9949915,0.09978294,0,-0.9997069,-0.008240208,0.02276456,0,6.30222,-0.8017719,-7.093137,1,-0.02347278,-0.00592916,-0.9997068,0,0.09961872,0.9949916,-0.008240208,0,-0.9947488,0.09978295,0.02276457,0,-6.828087,1.542897,6.455238,1,1,1,-0.001711432,-0.1230527,0.9923987,0.001096047,-0.000825615,-0.02632134,3.58,43
0,-3,0.7487872,6.201999,-3.203045,0.6954321,6.574214,-3.239083,0.751,6.394547,-0.01743078,0.1023141,-0.9945994,0,-0.005716272,0.9947241,0.1024271,0,-0.9998317,-0.007470783,0.01675391,0,6.34427,-0.7877313,-7.056774,1,-0.01743073,-0.005716275,-0.9998317,0,0.1023141,0.9947242,-0.007470785,0,-0.9945994,0.1024271,0.01675396,0,-6.827481,1.542646,6.455546,1,0.9946614,0.959595,0.000529998,-0.1132126,0.9935707,0.001005287,-0.000871399,-0.0260657,3.6,44
0,-3.08719,0.751,6.226476,-3.306139,0.7419785,6.538683,-3,0.7026902,6.382585,-0.01091778,0.1050967,-0.9944021,0,-0.005570836,0.9944395,0.1051619,0,-0.9999249,-0.006687783,0.01027155,0,6.389441,-0.7731116,-7.016984,1,-0.01091773,-0.005570839,-0.9999249,0,0.1050967,0.9944394,-0.006687785,0,-0.9944021,0.1051619,0.0102716,0,-6.826694,1.542326,6.455867,1,0.999747,0.9568039,0.008913506,-0.1093848,0.9939595,0.001017746,-0.0008621216,-0.02611122,3.62,45
0,-3.051538,0.751,6.203306,-3.259752,0.7509999,6.534235,-3.158547,0.751,6.372583,-0.007742405,0.1062716,-0.9943071,0,-0.005419798,0.9943177,0.1063149,0,-0.9999555,-0.006212067,0.007122517,0,6.41131,-0.7678577,-6.997442,1,-0.007742478,-0.005419779,-0.9999552,0,0.1062716,0.9943177,-0.006212075,0,-0.9943069,0.1063149,0.007122438,0,-6.826364,1.542175,6.456091,1,0.999747,0.9568039,0.01545624,-0.1046618,0.9943877,0.0009875875,-0.0008693924,-0.02605198,3.64,46
0,-3.058424,0.751,6.215536,-3.155946,0.7509999,6.536531,-3,0.7281706,6.37547,-0.001312494,0.1094024,-0.9939967,0,-0.005226053,0.9939832,0.1094079,0,-0.9999855,-0.005338278,0.0007328987,0,6.455416,-0.7514359,-6.957973,1,-0.001312539,-0.00522605,-0.9999855,0,0.1094024,0.9939832,-0.005338277,0,-0.9939967,0.1094079,0.0007328542,0,-6.82552,1.541908,6.45641,1,0.99946,0.9689717,0.02012794,-0.09878185,0.9949055,0.0009161448,-0.000931778,-0.02582314,3.66,47
0,-3.169677,0.751,6.249975,-3.163289,0.7509999,6.547164,-3.166488,0.751,6.398432,0.004757345,0.1127968,-0.9936068,0,-0.005418058,0.9936063,0.1127708,0,-0.9999741,-0.004846916,-0.005338073,0,6.497348,-0.7306121,-6.920504,1,0.004757351,-0.005418044,-0.9999739,0,0.1127968,0.9936063,-0.004846929,0,-0.9936066,0.1127707,-0.005338066,0,-6.824758,1.541574,6.456695,1,0.98087,0.9704281,0.02097858,-0.09862181,0.9949038,0.0008843606,-0.0009119568,-0.02585553,3.68,48
0,-3.199268,0.7433405,6.270181,-3.272984,0.7509999,6.553042,-3.253677,0.751,6.412875,0.0105257,0.11574,-0.9932238,0,-0.006059792,0.993268,0.1156809,0,-0.9999262,-0.004801109,-0.0111562,0,6.537723,-0.7100493,-6.88406,1,0.0105257,-0.006059794,-0.9999262,0,0.11574,0.993268,-0.004801106,0,-0.9932238,0.1156809,-0.0111562,0,-6.824045,1.541241,6.457032,1,0.9767647,0.976799,0.02326093,-0.1006471,0.9946502,0.000852745,-0.0007901078,-0.02621077,3.7,49
0,-3,0.7020262,6.279027,-3,0.6840535,6.587193,-3.26238,0.751,6.434499,0.01622695,0.1192742,-0.9927287,0,-0.006184019,0.9928524,0.119188,0,-0.9998492,-0.004204996,-0.0168485,0,6.576581,-0.6888409,-6.848624,1,0.0162269,-0.006184013,-0.9998492,0,0.1192742,0.9928525,-0.004204996,0,-0.9927288,0.119188,-0.01684856,0,-6.823383,1.540861,6.457303,1,0.9785134,0.9769639,0.02305639,-0.09761878,0.9949568,0.0007711258,-0.0007786942,-0.02613186,3.72,50
0,-3,0.6930649,6.274521,-3,0.6666874,6.587423,-3.30614,0.7485405,6.432745,0.02398461,0.125018,-0.9918645,0,-0.005869325,0.9921504,0.1249121,0,-0.9996951,-0.002825603,-0.02453011,0,6.628352,-0.6569518,-6.800865,1,0.02398461,-0.005869321,-0.9996952,0,0.125018,0.9921504,-0.002825608,0,-0.9918646,0.1249121,-0.02453011,0,-6.822384,1.540209,6.457649,1,0.9661978,0.9747924,0.03116536,-0.09504621,0.9949849,0.0007382818,-0.0007414017,-0.0262105,3.76,51
0,-3.305773,0.7464509,6.297769,-3.141471,0.6390409,6.578135,-3.306085,0.7129256,6.43559,0.02891546,0.1291344,-0.9912055,0,-0.005416296,0.9916257,0.1290312,0,-0.9995673,-0.001637667,-0.02937275,0,6.660645,-0.6353413,-6.770693,1,0.02891546,-0.005416298,-0.9995671,0,0.1291344,0.9916257,-0.001637665,0,-0.9912054,0.1290312,-0.02937275,0,-6.8217,1.539728,6.457847,1,0.9665205,0.976808,0.0350955,-0.1003832,0.9943297,0.0007176287,-0.0006989288,-0.02627249,3.78,52
0,-3.306139,0.7338654,6.260869,-3.211787,0.6390409,6.592299,-3.306296,0.6983147,6.424762,0.03333086,0.1336475,-0.9904683,0,-0.004712872,0.9910289,0.1335646,0,-0.9994333,-0.0002161339,-0.03366166,0,6.688976,-0.6123235,-6.74401,1,0.03333081,-0.004712871,-0.9994332,0,0.1336475,0.991029,-0.000216129,0,-0.9904683,0.1335646,-0.03366171,0,-6.820841,1.539115,6.458038,1,0.9685278,0.9760824,0.04222907,-0.09968717,0.9941224,0.0006589508,-0.0007012101,-0.02615616,3.8,53
0,-3,0.6684799,6.268886,-3.368852,0.6718867,6.607657,-3.305898,0.6972084,6.445173,0.03782833,0.1384188,-0.9896511,0,-0.003913842,0.9903728,0.1383701,0,-0.9992767,0.001360983,-0.03800589,0,6.717652,-0.5883976,-6.717107,1,0.03782831,-0.003913831,-0.9992765,0,0.1384188,0.9903728,0.001360972,0,-0.989651,0.1383701,-0.03800589,0,-6.820263,1.538472,6.458302,1,0.9605581,0.9840878,0.0408592,-0.0950838,0.9946304,0.0006398158,-0.000650589,-0.02626562,3.82,54
0,-3,0.6385599,6.277299,-3.3703,0.6693217,6.614402,-3.305755,0.6818555,6.452556,0.03993231,0.1411456,-0.9891832,0,-0.003495716,0.9899865,0.1411191,0,-0.9991963,0.002177313,-0.04002583,0,6.730966,-0.5742041,-6.704696,1,0.03993229,-0.003495708,-0.9991964,0,0.1411456,0.9899865,0.002177309,0,-0.9891831,0.1411191,-0.04002585,0,-6.819909,1.538144,6.458445,1,0.9605581,0.9840878,0.04078604,-0.09637943,0.9945086,0.0006172713,-0.0005975647,-0.02637542,3.84,55
0,-3.532499,0.6640766,6.405753,-3.493012,0.6207444,6.685576,-3.47599,0.6326366,6.545699,0.04453307,0.1470639,-0.988124,0,-0.002362885,0.989118,0.1471054,0,-0.9990051,0.004216239,-0.04439598,0,6.759577,-0.5451707,-6.677647,1,0.0445331,-0.002362882,-0.9990051,0,0.1470639,0.9891181,0.004216232,0,-0.988124,0.1471054,-0.04439596,0,-6.819193,1.537528,6.45869,1,0.9547136,0.9871899,0.01808333,-0.1152178,0.9931757,0.0009775013,-0.0008263703,-0.02636893,3.86,56
0,-3.066875,0.1772631,6.955472,-3,0.1810966,7.288135,-3,0.1670898,7.126266,0.04949504,0.1533135,-0.9869374,0,-0.00117147,0.9881566,0.1534442,0,-0.9987738,0.006438576,-0.04908848,0,6.79037,-0.514776,-6.648149,1,0.04949505,-0.001171455,-0.9987735,0,0.1533135,0.9881566,0.006438557,0,-0.9869372,0.1534442,-0.04908844,0,-6.818472,1.536753,6.459009,1,0.9735116,0.9577119,-0.1155154,-0.1842728,0.9760634,0.002045235,-0.001391411,-0.02643212,3.88,57
0,-3.180546,7.178568E-08,7.177189,-3.327735,4.629092E-08,7.613252,-3.25525,5.886046E-08,7.398179,0.05513448,0.1600433,-0.9855692,0,0.0001861379,0.9870688,0.1602972,0,-0.9984791,0.009021379,-0.05439168,0,6.82513,-0.4832145,-6.614303,1,0.05513442,0.0001861686,-0.9984788,0,0.1600433,0.9870687,0.009021354,0,-0.9855689,0.1602972,-0.05439172,0,-6.817816,1.53595,6.459344,1,0.9556046,0.8862076,-0.1851602,-0.2329756,0.9546926,0.002511903,-0.001594811,-0.02655605,3.9,58
0,-3.591643,4.400839E-08,7.401563,-5.67287,0.9670289,6.974528,-3.638561,3.303677E-08,7.605646,0.06087112,0.1674995,-0.9839911,0,0.001845278,0.9857987,0.1679213,0,-0.9981439,0.01203729,-0.05969757,0,6.859849,-0.4491525,-6.58021,1,0.0608711,0.001845278,-0.9981439,0,0.1674995,0.9857987,0.0120373,0,-0.9839912,0.1679213,-0.05969759,0,-6.817203,1.535073,6.4597,1,0.9726419,0.8627566,-0.2558878,-0.2583368,0.9315491,0.002937944,-0.001804894,-0.02671425,3.92,59
0,-5.437446,0.824807,6.935831,-5.681921,0.9451221,7.056499,-5.650372,0.9310127,6.964878,0.06397986,0.1715961,-0.9830877,0,0.002923317,0.9850695,0.1721323,0,-0.9979469,0.01388688,-0.06252301,0,6.878334,-0.4316795,-6.561895,1,0.0639799,0.00292331,-0.997947,0,0.1715961,0.9850695,0.01388688,0,-0.9830877,0.1721323,-0.06252299,0,-6.816919,1.534641,6.459939,1,0.9726419,0.8627566,-0.303238,-0.2691859,0.9141037,0.003251458,-0.001913155,-0.02684502,3.94,60
0,-5.486067,0.8283356,6.921206,-5.735639,0.9537355,7.024353,-5.656444,0.9148356,6.960543,0.07045424,0.1794997,-0.9812319,0,0.004836008,0.9836033,0.1802808,0,-0.9975033,0.01744679,-0.06843096,0,6.916963,-0.3978174,-6.522824,1,0.07045423,0.004836004,-0.9975033,0,0.1794997,0.9836033,0.01744679,0,-0.9812319,0.1802808,-0.06843096,0,-6.816324,1.533784,6.460271,1,0.9290151,0.7619795,-0.2958539,-0.2723832,0.9155752,0.003255202,-0.001921074,-0.02683518,3.96,61
0,-5.471651,0.825849,6.931513,-5.752121,0.9539943,7.023387,-5.667829,0.9185107,6.961528,0.07710385,0.186564,-0.9794125,0,0.007109731,0.982209,0.1876564,0,-0.9969977,0.02143238,-0.07440567,0,6.955905,-0.3726882,-6.48208,1,0.07710385,0.00710973,-0.9969978,0,0.186564,0.982209,0.02143239,0,-0.9794126,0.1876564,-0.07440569,0,-6.815428,1.533007,6.460706,1,0.9622828,0.7626094,-0.2947073,-0.2654406,0.9179809,0.00322393,-0.001854637,-0.02680434,3.98,62
0,-5.434649,0.8218846,6.947943,-5.771071,0.9589893,7.019615,-5.673161,0.92498,6.963262,0.0842551,0.1930071,-0.9775732,0,0.008842528,0.9808782,0.1944217,0,-0.9964051,0.02502524,-0.08093733,0,6.998635,-0.3492831,-6.437066,1,0.08425508,0.008842524,-0.9964049,0,0.1930071,0.9808781,0.02502524,0,-0.9775731,0.1944217,-0.08093731,0,-6.814959,1.532224,6.461216,1,0.9456869,0.7841128,-0.2921473,-0.2555204,0.9216069,0.003217705,-0.001799362,-0.02677907,4,63
0,-5.448499,0.8279658,6.92274,-5.780068,0.9598766,7.016739,-5.66073,0.9159421,6.96084,0.09140915,0.1992016,-0.9756861,0,0.01050724,0.9795404,0.200973,0,-0.9957581,0.02862256,-0.08744591,0,7.041121,-0.3277996,-6.391264,1,0.09140915,0.01050726,-0.9957579,0,0.1992016,0.9795405,0.02862253,0,-0.9756858,0.2009729,-0.08744588,0,-6.814191,1.531581,6.461745,1,0.957298,0.7946456,-0.2816043,-0.2507503,0.9261875,0.003191101,-0.001744492,-0.02674767,4.02,64
0,-5.45989,0.823476,6.941347,-5.752404,0.9535015,7.025226,-5.672851,0.9224637,6.962587,0.1023697,0.2097687,-0.9723773,0,0.0124574,0.9771657,0.2121131,0,-0.9946685,0.03382725,-0.09741902,0,7.106268,-0.2848827,-6.31984,1,0.1023697,0.01245739,-0.9946683,0,0.2097686,0.9771656,0.03382725,0,-0.9723772,0.2121131,-0.097419,0,-6.812976,1.530373,6.462344,1,0.9452199,0.7971358,-0.2775614,-0.2383054,0.9306826,0.003161148,-0.001732346,-0.02673754,4.06,65
0,-3.76579,2.982105E-08,7.551984,-5.793252,0.9615178,7.013443,-5.671965,0.9246097,6.963162,0.1090776,0.2156136,-0.9703674,0,0.01340617,0.9757842,0.2183242,0,-0.9939428,0.03682319,-0.1035457,0,7.146173,-0.2617648,-6.275259,1,0.1090776,0.01340617,-0.9939428,0,0.2156136,0.9757842,0.0368232,0,-0.9703673,0.2183242,-0.1035457,0,-6.812355,1.529664,6.46275,1,0.9675028,0.7877682,-0.272514,-0.2300871,0.9342355,0.003128876,-0.001681717,-0.02671098,4.08,66
0,-5.428691,0.8194999,6.957827,-5.731654,0.9489613,7.04217,-5.678233,0.9337475,6.965611,0.1153687,0.2211514,-0.9683916,0,0.01409485,0.9744385,0.2242115,0,-0.9932228,0.03951635,-0.1093026,0,7.183619,-0.2389505,-6.232804,1,0.1153687,0.01409487,-0.9932227,0,0.2211514,0.9744385,0.03951633,0,-0.9683915,0.2242115,-0.1093026,0,-6.811715,1.529057,6.463114,1,0.9388914,0.811694,-0.2710976,-0.2198483,0.9371088,0.003044838,-0.001596504,-0.02666753,4.1,67
0,-3.750815,2.928968E-08,7.579116,-5.790167,0.9649731,7.024406,-5.685767,0.9360844,6.966237,0.1209236,0.2272713,-0.9662946,0,0.01432648,0.9729369,0.2306264,0,-0.9925585,0.0417318,-0.1143951,0,7.217065,-0.2087874,-6.194496,1,0.1209236,0.01432649,-0.9925584,0,0.2272713,0.9729369,0.04173178,0,-0.9662945,0.2306264,-0.1143951,0,-6.81097,1.528356,6.463452,1,0.9474832,0.8125671,-0.2688695,-0.2139111,0.9391226,0.003026765,-0.001591026,-0.02666075,4.12,68
0,-5.415733,0.8208866,6.95208,-5.784296,0.9655123,7.030027,-5.684809,0.9344561,6.965801,0.1236489,0.2300869,-0.9652829,0,0.01445147,0.972227,0.2335933,0,-0.9922208,0.04283331,-0.1168897,0,7.233438,-0.1954232,-6.175574,1,0.1236489,0.01445146,-0.9922207,0,0.2300869,0.972227,0.0428333,0,-0.9652829,0.2335933,-0.1168897,0,-6.810618,1.528035,6.463676,1,0.9361321,0.8057981,-0.2659138,-0.2116484,0.9404758,0.00300859,-0.001580719,-0.0266529,4.14,69
0,-5.438593,0.8209606,6.951773,-5.784942,0.9646889,7.026955,-5.690669,0.9321243,6.965176,0.1287678,0.235528,-0.9632993,0,0.01509218,0.9708083,0.2393814,0,-0.99156,0.04536291,-0.1214542,0,7.263278,-0.1720697,-6.140438,1,0.1287678,0.01509219,-0.9915597,0,0.2355279,0.9708083,0.04536287,0,-0.9632992,0.2393814,-0.1214542,0,-6.809827,1.527334,6.463997,1,0.9460971,0.8154933,-0.2627112,-0.208817,0.9420076,0.002981584,-0.00154316,-0.02663657,4.16,70
0,-5.469172,0.8243576,6.937694,-5.801898,0.9666311,7.025309,-5.699376,0.9276628,6.96398,0.1332831,0.2417214,-0.9611485,0,0.01547384,0.9691753,0.2458858,0,-0.9909573,0.04764508,-0.1254343,0,7.289751,-0.1416227,-6.1088,1,0.133283,0.01547385,-0.9909571,0,0.2417214,0.9691753,0.04764508,0,-0.9611484,0.2458858,-0.1254343,0,-6.808831,1.526524,6.464325,1,0.966147,0.8186587,-0.2601649,-0.2076551,0.9429706,0.002934571,-0.001501328,-0.02661625,4.18,71
0,-5.470519,0.8284684,6.920656,-5.78135,0.9611064,7.019044,-5.669444,0.916302,6.960936,0.1368785,0.2489707,-0.9587899,0,0.01550697,0.9672427,0.2533795,0,-0.9904665,0.04955013,-0.1285339,0,7.310899,-0.1011671,-6.082917,1,0.1368784,0.01550699,-0.9904665,0,0.2489707,0.9672427,0.04955012,0,-0.9587897,0.2533795,-0.1285339,0,-6.807755,1.525769,6.464352,1,0.948324,0.8145448,-0.247267,-0.1987025,0.9483545,0.002916138,-0.001512581,-0.02660566,4.2,72
0,-5.500261,0.8288702,6.918991,-5.784029,0.9619625,7.019764,-5.681719,0.9158949,6.960827,0.1396749,0.2560861,-0.9565097,0,0.01541294,0.9652995,0.2606901,0,-0.9900775,0.05115449,-0.1308811,0,7.327538,-0.05944836,-6.062418,1,0.1396749,0.01541294,-0.9900774,0,0.2560861,0.9652995,0.05115449,0,-0.9565098,0.2606901,-0.1308811,0,-6.807012,1.524859,6.464416,1,0.9628755,0.8328369,-0.247914,-0.1950887,0.9489358,0.002904587,-0.001519554,-0.02660479,4.22,73
0,-5.499556,0.8312836,6.908989,-5.740755,0.9531525,7.026528,-5.655977,0.9111192,6.959548,0.1406324,0.2597867,-0.9553708,0,0.01527805,0.9642764,0.2644573,0,-0.989944,0.05178746,-0.1316394,0,7.333377,-0.03650153,-6.054988,1,0.1406323,0.01527806,-0.989944,0,0.2597867,0.9642764,0.05178746,0,-0.9553708,0.2644573,-0.1316395,0,-6.806586,1.524444,6.464447,1,0.9628755,0.8328369,-0.239759,-0.186837,0.9526844,0.00288308,-0.001471718,-0.02659445,4.24,74
0,-5.523153,0.8328984,6.902295,-5.772537,0.9595835,7.020367,-5.671312,0.9087734,6.958919,0.1420465,0.2669968,-0.9531713,0,0.01503536,0.9622424,0.2717784,0,-0.9897458,0.05293644,-0.1326688,0,7.341975,0.00888443,-6.043685,1,0.1420465,0.01503535,-0.9897457,0,0.2669968,0.9622424,0.05293644,0,-0.9531713,0.2717783,-0.1326688,0,-6.805941,1.523605,6.46441,1,0.992684,0.8204656,-0.2417859,-0.1854518,0.9524428,0.002857217,-0.001430756,-0.02658341,4.26,75
0,-5.474285,0.8287601,6.919447,-5.790487,0.9597312,7.011377,-5.668427,0.9115863,6.959673,0.1426275,0.274467,-0.9509603,0,0.01481624,0.9600831,0.2793223,0,-0.9896656,0.05392871,-0.1328676,0,7.345455,0.05713499,-6.037653,1,0.1426274,0.01481628,-0.9896654,0,0.274467,0.960083,0.05392867,0,-0.95096,0.2793222,-0.1328676,0,-6.804913,1.522764,6.464252,1,0.9938341,0.8186979,-0.2415415,-0.1752348,0.9544373,0.002833732,-0.001402512,-0.02657385,4.28,76
0,-5.453096,0.8279493,6.922808,-5.802306,0.9600487,7.009111,-5.668001,0.9123505,6.959877,0.1420064,0.2820917,-0.9488195,0,0.01413107,0.9578581,0.2868939,0,-0.9897649,0.05414861,-0.1320357,0,7.342623,0.1115232,-6.038981,1,0.1420064,0.01413107,-0.9897649,0,0.2820917,0.9578581,0.05414861,0,-0.9488196,0.2868939,-0.1320357,0,-6.804063,1.521965,6.464071,1,0.9910447,0.8405484,-0.2422224,-0.167168,0.9557108,0.002828599,-0.001369789,-0.02656895,4.3,77
0,-5.469694,0.831376,6.908606,-5.81567,0.9614297,6.995637,-5.657722,0.9012875,6.956913,0.1399364,0.2901732,-0.9466876,0,0.01316409,0.9554653,0.2948096,0,-0.990073,0.05371692,-0.1298846,0,7.331629,0.1735069,-6.049351,1,0.1399365,0.01316411,-0.9900728,0,0.2901732,0.9554653,0.05371688,0,-0.9466874,0.2948096,-0.1298845,0,-6.803154,1.521113,6.463809,1,1,1,-0.2389162,-0.1635832,0.9571622,0.002813439,-0.001323761,-0.0265529,4.32,78
0,-5.593622,0.8025839,6.772141,-5.729071,0.828525,6.937417,-5.71648,0.8481626,6.839033,0.1347477,0.3029666,-0.9434269,0,0.01148093,0.9515689,0.3072211,0,-0.9908134,0.05222876,-0.1247434,0,7.303065,0.2770548,-6.077777,1,0.1347477,0.01148094,-0.9908134,0,0.3029665,0.9515689,0.05222876,0,-0.9434268,0.3072211,-0.1247434,0,-6.801948,1.519738,6.463342,1,0.9671212,0.8500716,-0.1740007,-0.2130522,0.9614221,0.00227681,-0.00164772,-0.02654083,4.36,79
0,-4.554425,2.154598E-08,6.952661,-5.846572,0.8534975,6.816921,-5.715771,0.7729221,6.772091,0.1297042,0.3126797,-0.9409613,0,0.01036799,0.948498,0.3166133,0,-0.9914985,0.05082197,-0.1197823,0,7.274253,0.3574817,-6.10627,1,0.1297042,0.01036801,-0.9914985,0,0.3126797,0.948498,0.05082196,0,-0.9409614,0.3166133,-0.1197824,0,-6.801043,1.518836,6.46282,1,0.9945795,0.8781139,-0.1273432,-0.2544338,0.9586695,0.001857025,-0.001847878,-0.02656192,4.38,80
0,-4.788464,2.238209E-08,6.699493,-4.93239,0.01,6.916931,-4.855408,1.456878E-08,6.811297,0.1234943,0.3226309,-0.9384341,0,0.009228364,0.9452586,0.3261917,0,-0.9923024,0.04894303,-0.1137567,0,7.238359,0.442966,-6.141416,1,0.1234943,0.009228369,-0.9923023,0,0.3226309,0.9452586,0.04894302,0,-0.938434,0.3261916,-0.1137567,0,-6.800124,1.517763,6.462333,1,0.9900416,0.9077063,-0.04824647,-0.3131978,0.9484616,0.001268052,-0.002148605,-0.02662154,4.4,81
0,-4.95958,0.01,6.552931,-5.0892,6.634739E-09,6.759016,-5.019894,1.407042E-08,6.658212,0.1162087,0.3332433,-0.9356519,0,0.008738533,0.9416549,0.3364666,0,-0.9931864,0.04727657,-0.1065164,0,7.194526,0.5320343,-6.183692,1,0.1162087,0.008738535,-0.9931865,0,0.3332432,0.9416548,0.04727656,0,-0.9356518,0.3364666,-0.1065164,0,-6.799146,1.516743,6.461689,1,0.9632189,0.8736631,-0.001063175,-0.3474937,0.9376817,0.0008460842,-0.002317665,-0.02670097,4.42,82
0,-5.114338,0.01,6.380463,-5.180161,8.366147E-09,6.628444,-5.141991,1.541591E-08,6.505334,0.1120818,0.3389049,-0.9341205,0,0.008491591,0.9396828,0.3419418,0,-0.9936627,0.04625763,-0.1024435,0,7.169528,0.5804734,-6.207305,1,0.1120818,0.008491586,-0.9936627,0,0.338905,0.9396828,0.04625764,0,-0.9341206,0.3419418,-0.1024435,0,-6.79867,1.516196,6.461343,1,0.9632189,0.8736631,0.05666449,-0.3783654,0.9239203,0.0004699556,-0.00237513,-0.02676985,4.44,83
0,-5.170207,2.426484E-08,6.274678,-5.259464,9.094309E-09,6.532483,-5.225983,0.01,6.405363,0.1030595,0.3505321,-0.9308631,0,0.008206651,0.9355147,0.3531924,0,-0.9946414,0.0440391,-0.09353697,0,7.114178,0.6809232,-6.258423,1,0.1030595,0.008206663,-0.9946413,0,0.3505321,0.9355148,0.04403909,0,-0.930863,0.3531924,-0.09353694,0,-6.797603,1.51503,6.460674,1,0.9389367,0.8877135,0.09292113,-0.3895197,0.9163188,0.0001760786,-0.002440559,-0.02685018,4.46,84
0,-5.152344,2.553932E-08,6.263384,-5.266455,8.803974E-09,6.532134,-5.221074,0.01,6.40027,0.0929268,0.3614647,-0.9277434,0,0.00817208,0.931467,0.363734,0,-0.9956394,0.04138222,-0.08360434,0,7.051059,0.7792397,-6.315945,1,0.09292682,0.00817207,-0.9956394,0,0.3614647,0.9314669,0.04138223,0,-0.9277435,0.363734,-0.08360434,0,-6.796477,1.513866,6.460026,1,0.9406477,0.8589477,0.08780588,-0.3774989,0.9218377,0.0002061231,-0.002365227,-0.02681118,4.48,85
0,-5.183736,2.474382E-08,6.250191,-5.239566,1.090079E-08,6.511053,-5.222422,0.01,6.381907,0.08236235,0.3718006,-0.9246517,0,0.00838688,0.9275125,0.373698,0,-0.9965672,0.03853361,-0.07327384,0,6.9842,0.874522,-6.37543,1,0.08236232,0.008386911,-0.996567,0,0.3718006,0.9275125,0.03853359,0,-0.9246516,0.373698,-0.07327385,0,-6.795434,1.512779,6.459373,1,0.9337214,0.8516315,0.08811297,-0.3679104,0.9256771,0.0002394486,-0.002311302,-0.02678053,4.5,86
0,-5.196963,2.372109E-08,6.260361,-5.231263,1.079341E-08,6.521812,-5.224725,0.01,6.391876,0.07113975,0.3817939,-0.9215056,0,0.008504465,0.9235805,0.3833101,0,-0.9974301,0.03510551,-0.06245631,0,6.912639,0.9711614,-6.437077,1,0.07113972,0.008504487,-0.99743,0,0.3817939,0.9235806,0.0351055,0,-0.9215056,0.3833102,-0.06245632,0,-6.794349,1.511663,6.458744,1,0.9317883,0.8536714,0.0752089,-0.3585418,0.9304791,0.0003323136,-0.002157852,-0.02670273,4.52,87
0,-5.161867,2.556239E-08,6.253334,-5.254763,1.009621E-08,6.514263,-5.219678,0.01,6.386035,0.05294377,0.3967144,-0.916414,0,0.008314937,0.9174941,0.3976624,0,-0.9985629,0.02867363,-0.04527694,0,6.795485,1.1243,-6.533137,1,0.05294375,0.008314905,-0.9985629,0,0.3967144,0.9174941,0.02867367,0,-0.9164141,0.3976624,-0.04527694,0,-6.792863,1.509941,6.45768,1,0.9474031,0.8823524,0.0645413,-0.3419969,0.9374821,0.0004318235,-0.002071877,-0.02665111,4.56,88
0,-5.192428,2.392E-08,6.260346,-5.282928,8.148771E-09,6.53065,-5.248839,0.01,6.397756,0.04085082,0.4059023,-0.913003,0,0.007723406,0.9136102,0.4065178,0,-0.9991354,0.02365808,-0.03418678,0,6.717267,1.22551,-6.593543,1,0.04085083,0.007723408,-0.9991354,0,0.4059023,0.9136102,0.02365808,0,-0.913003,0.4065178,-0.03418678,0,-6.791768,1.508873,6.457054,1,0.9502683,0.8921338,0.05065229,-0.3411915,0.9386281,0.0004721833,-0.002022049,-0.02662601,4.58,89
