flag,xl,yl,zl,xr,yr,zr,xc,yc,zc,mat_00,mat_10,mat_20,mat_30,mat_01,mat_11,mat_21,mat_31,mat_02,mat_12,mat_22,mat_32,mat_03,mat_13,mat_23,mat_33,ctw_00,ctw_10,ctw_20,ctw_30,ctw_01,ctw_11,ctw_21,ctw_31,ctw_02,ctw_12,ctw_22,ctw_32,ctw_03,ctw_13,ctw_23,ctw_33,opennessl,opennessr,ray_x,ray_y,ray_z,eye_x,eye_y,eye_z,time,frame
0,-3,1.259676,6.921721,-3,1.263756,7.112608,-3,1.261697,7.016847,0.1944267,-0.06577221,-0.9787095,0,0.02759106,0.9977214,-0.06156874,0,-0.980529,0.01503303,-0.1957984,0,7.503259,-2.169721,-5.272014,1,0.1944267,0.02759106,-0.9805289,0,-0.06577221,0.9977214,0.01503303,0,-0.9787095,-0.06156874,-0.1957984,0,-6.761311,1.633163,6.357528,1,0,0,0.01949003,-0.1563873,0.9875035,-0.0006198352,-0.004785012,-0.022153,2.14,1
0,-3,1.26725,6.924181,-3,1.2639,7.113787,-3,1.265574,7.018676,0.1946303,-0.06592364,-0.9786589,0,0.02740038,0.997715,-0.06175805,0,-0.980494,0.01479563,-0.1959919,0,7.50466,-2.169225,-5.270269,1,0.1946303,0.02740037,-0.9804938,0,-0.06592364,0.997715,0.01479564,0,-0.9786588,-0.06175805,-0.1959918,0,-6.761433,1.633157,6.357439,1,0,0,0.01925847,-0.1555633,0.9876382,-0.0006200336,-0.004777695,-0.02216309,2.16,2
0,-3,1.26725,6.924181,-3,1.2639,7.113787,-3,1.265574,7.018676,0.1946303,-0.06592364,-0.9786589,0,0.02740038,0.997715,-0.06175805,0,-0.980494,0.01479563,-0.1959919,0,7.50466,-2.169225,-5.270269,1,0.1946303,0.02740037,-0.9804938,0,-0.06592364,0.997715,0.01479564,0,-0.9786588,-0.06175805,-0.1959918,0,-6.761433,1.633157,6.357439,1,1,1,0.01925847,-0.1555633,0.9876382,-0.0006200336,-0.004777695,-0.02216309,2.18,3
0,-3,1.310205,6.936031,-3,1.274276,7.117903,-3,1.292311,7.026706,0.1953937,-0.06739451,-0.9784066,0,0.02666265,0.9976323,-0.06339413,0,-0.9803625,0.01370009,-0.196728,0,7.509638,-2.172176,-5.260998,1,0.1953937,0.02666264,-0.9803623,0,-0.0673945,0.9976323,0.0137001,0,-0.9784064,-0.06339413,-0.196728,0,-6.761123,1.63329,6.356939,1,1,1,0.01810226,-0.1503135,0.9884726,-0.0006217882,-0.004758171,-0.02220892,2.22,4
0,-3,1.29111,6.939565,-3,1.294288,7.119297,-3,1.292683,7.029158,0.1953862,-0.06809276,-0.9783598,0,0.02567659,0.9976,-0.06430404,0,-0.9803903,0.01255681,-0.1966656,0,7.511147,-2.16967,-5.259804,1,0.1953862,0.02567658,-0.9803901,0,-0.06809275,0.9976,0.01255682,0,-0.9783596,-0.06430403,-0.1966656,0,-6.761292,1.633376,6.356677,1,1,1,0.01749532,-0.1510879,0.9883655,-0.0006228331,-0.004748917,-0.02222553,2.24,5
0,-3,1.293039,6.938736,-3,1.302488,7.119933,-3,1.297733,7.029054,0.1949013,-0.06874157,-0.978411,0,0.02525556,0.9975619,-0.06505613,0,-0.9804977,0.01203078,-0.1961623,0,7.509112,-2.170716,-5.262059,1,0.1949013,0.02525555,-0.9804976,0,-0.06874157,0.997562,0.01203079,0,-0.978411,-0.06505612,-0.1961623,0,-6.761211,1.633447,6.356564,1,1,1,0.01706998,-0.1505402,0.9884565,-0.0006240616,-0.004748162,-0.02222553,2.26,6
0,-3,1.285996,6.94069,-3,1.312741,7.119298,-3,1.299296,7.029715,0.194432,-0.06882749,-0.9784983,0,0.02506933,0.9975581,-0.06518676,0,-0.9805956,0.0118559,-0.1956827,0,7.506756,-2.170316,-5.265643,1,0.194432,0.02506932,-0.9805956,0,-0.06882747,0.9975581,0.0118559,0,-0.9784983,-0.06518676,-0.1956827,0,-6.761353,1.633577,6.356428,1,1,1,0.01642627,-0.1502767,0.9885074,-0.0006308286,-0.004752251,-0.02221629,2.28,7
0,-3,1.287955,6.930147,-3,1.321592,7.118045,-3,1.304679,7.023776,0.1938507,-0.06915891,-0.9785903,0,0.024547,0.9975417,-0.06563568,0,-0.9807239,0.01129793,-0.1950718,0,7.504336,-2.168929,-5.269588,1,0.1938507,0.024547,-0.9807239,0,-0.06915891,0.9975417,0.01129793,0,-0.9785903,-0.0656357,-0.1950718,0,-6.761489,1.633515,6.356238,1,1,1,0.01739185,-0.1493587,0.9886301,-0.0006321557,-0.004752495,-0.0222107,2.3,8
0,-3,1.285214,6.926421,-3,1.32025,7.116775,-3,1.302633,7.021267,0.1935748,-0.06894534,-0.97866,0,0.02424689,0.9975592,-0.06548084,0,-0.9807859,0.01105402,-0.194774,0,7.503251,-2.165878,-5.272436,1,0.1935748,0.02424689,-0.9807858,0,-0.06894533,0.9975592,0.01105402,0,-0.9786599,-0.06548083,-0.194774,0,-6.761689,1.633418,6.356091,1,1,1,0.01773645,-0.1497105,0.9885707,-0.0006325608,-0.004753083,-0.02220951,2.32,9
0,-3,1.285193,6.924482,-3,1.328468,7.108407,-3,1.306713,7.016135,0.193432,-0.06950633,-0.9786486,0,0.02443944,0.9975192,-0.06601606,0,-0.9808093,0.01114799,-0.1946508,0,7.502059,-2.170198,-5.272387,1,0.193432,0.02443943,-0.9808092,0,-0.06950632,0.9975192,0.01114801,0,-0.9786484,-0.06601607,-0.1946508,0,-6.761793,1.633406,6.356008,1,1,1,0.01889761,-0.149238,0.9886207,-0.0006323624,-0.004759499,-0.02220306,2.34,10
0,-3,1.27358,6.910486,-3,1.331979,7.095684,-3,1.302618,7.002764,0.1928337,-0.06965967,-0.9787558,0,0.02447956,0.9975079,-0.06617136,0,-0.9809261,0.01119944,-0.1940584,0,7.498796,-2.171541,-5.276797,1,0.1928337,0.02447956,-0.980926,0,-0.06965968,0.997508,0.01119944,0,-0.9787556,-0.06617135,-0.1940584,0,-6.761984,1.633389,6.356077,1,1,1,0.02170414,-0.1505438,0.9883651,-0.0006309133,-0.004763932,-0.02219908,2.36,11
0,-3,1.269989,6.903522,-3,1.320587,7.089667,-3,1.295148,6.996272,0.1924806,-0.06986463,-0.9788106,0,0.02453455,0.9974931,-0.06637348,0,-0.980994,0.01123907,-0.1937122,0,7.496773,-2.173136,-5.279326,1,0.1924806,0.02453455,-0.980994,0,-0.06986463,0.9974933,0.01123907,0,-0.9788105,-0.06637348,-0.1937122,0,-6.762269,1.633351,6.356043,1,1,1,0.02295451,-0.1526923,0.9880072,-0.0006256253,-0.004763932,-0.02216304,2.4,12
0,-3,1.249616,6.899909,-3,1.321055,7.087377,-3,1.285133,6.993303,0.1925521,-0.06949761,-0.9788228,0,0.02420297,0.9975218,-0.0660641,0,-0.9809883,0.01096962,-0.1937571,0,7.49778,-2.169075,-5.279683,1,0.1925521,0.02420296,-0.9809881,0,-0.06949759,0.9975218,0.01096963,0,-0.9788225,-0.0660641,-0.193757,0,-6.762332,1.633434,6.356051,1,1,1,0.02374854,-0.1549874,0.987631,-0.0006233286,-0.004763932,-0.02216259,2.42,13
0,-3,1.243358,6.889116,-3,1.317769,7.085493,-3,1.280343,6.986924,0.1921173,-0.0701323,-0.9788629,0,0.02453797,0.9974747,-0.06664981,0,-0.9810653,0.01121473,-0.193353,0,7.494812,-2.174931,-5.281991,1,0.1921172,0.02453796,-0.981065,0,-0.07013229,0.9974746,0.01121473,0,-0.9788628,-0.06664981,-0.193353,0,-6.762759,1.633487,6.356,1,0.937937,0.8791391,0.02488266,-0.1568547,0.9873082,-0.0006178888,-0.004750176,-0.02214424,2.44,14
0,-3,1.040123,6.88958,-3,1.289842,7.090713,-3,1.164061,6.98964,0.1916084,-0.07006258,-0.9789677,0,0.02498413,0.9974738,-0.06649701,0,-0.9811535,0.01171725,-0.1928748,0,7.491368,-2.177653,-5.2863,1,0.1916084,0.02498411,-0.9811532,0,-0.07006256,0.9974738,0.01171726,0,-0.9789674,-0.06649701,-0.1928748,0,-6.763097,1.633464,6.356102,1,0.9238666,0.845956,0.0228489,-0.1861946,0.9822472,-0.0006118091,-0.004668778,-0.02216932,2.46,15
0,-3,1.085424,6.890367,-3,1.242245,7.119542,-3,1.163264,7.004361,0.1913958,-0.07016544,-0.9790018,0,0.02517999,0.9974642,-0.06656594,0,-0.9811899,0.0119108,-0.1926773,0,7.489849,-2.179718,-5.287424,1,0.1913958,0.02517998,-0.9811898,0,-0.07016544,0.9974642,0.01191081,0,-0.9790018,-0.06656594,-0.1926772,0,-6.762864,1.633634,6.35616,1,0.8809838,0.7871984,0.01885987,-0.1863577,0.9823009,-0.0006092452,-0.004620301,-0.02225303,2.48,16
0,-3,1.092005,6.895499,-3,1.250672,7.106486,-3,1.17081,7.000508,0.1911467,-0.07035674,-0.9790367,0,0.02535675,0.9974489,-0.06672926,0,-0.9812339,0.01207012,-0.1924431,0,7.488235,-2.181998,-5.28881,1,0.1911467,0.02535675,-0.9812338,0,-0.07035674,0.9974489,0.01207011,0,-0.9790367,-0.06672926,-0.1924431,0,-6.762808,1.633635,6.356252,1,0.8411705,0.7504283,0.01964584,-0.184681,0.9826021,-0.000618957,-0.004486489,-0.02247833,2.5,17
0,-3,1.888544,7.097569,-3,1.888544,7.097569,-3,1.888544,7.097569,0.1915315,-0.07000311,-0.9789869,0,0.02558638,0.9974704,-0.066319,0,-0.9811529,0.01234655,-0.1928381,0,7.490073,-2.181407,-5.28655,1,0.1915315,0.02558638,-0.9811529,0,-0.07000311,0.9974704,0.01234656,0,-0.9789869,-0.066319,-0.1928381,0,-6.762753,1.633646,6.356391,1,0.8234316,0.7051587,0,0,1,0,0,0,2.52,18
0,-3,1.889274,7.098742,-3,1.889274,7.098742,-3,1.889274,7.098742,0.1918183,-0.0701123,-0.9789229,0,0.02537731,0.9974658,-0.06646773,0,-0.9811023,0.01209269,-0.1931114,0,7.492103,-2.180666,-5.284169,1,0.1918183,0.0253773,-0.9811024,0,-0.07011229,0.9974658,0.0120927,0,-0.9789228,-0.06646773,-0.1931115,0,-6.762807,1.633783,6.356457,1,0.2574733,0.04270058,0,0,1,0,0,0,2.54,19
0,-3,1.89106,7.101239,-3,1.89106,7.101239,-3,1.89106,7.101239,0.1923295,-0.07073864,-0.9787775,0,0.02625426,0.9974124,-0.06692648,0,-0.9809792,0.01282514,-0.193689,0,7.493508,-2.189458,-5.27888,1,0.1923295,0.02625426,-0.9809791,0,-0.07073864,0.9974124,0.01282515,0,-0.9787775,-0.06692649,-0.193689,0,-6.76295,1.633759,6.356594,1,0.02071419,0,0,0,1,0,0,0,2.56,20
0,-3,1.890481,7.102974,-3,1.890481,7.102974,-3,1.890481,7.102974,0.1927024,-0.07067837,-0.9787086,0,0.02663678,0.9974118,-0.0667844,0,-0.9808957,0.01320012,-0.1940863,0,7.495028,-2.191384,-5.276132,1,0.1927024,0.02663678,-0.9808957,0,-0.07067837,0.9974118,0.01320013,0,-0.9787084,-0.0667844,-0.1940863,0,-6.762988,1.633705,6.356742,1,0,0,0,0,1,0,0,0,2.6,21
0,-3,1.888969,7.102973,-3,1.888969,7.102973,-3,1.888969,7.102973,0.1926798,-0.07028006,-0.9787416,0,0.02651641,0.9974405,-0.06640261,0,-0.9809034,0.01315828,-0.1940501,0,7.495282,-2.188438,-5.277068,1,0.1926797,0.0265164,-0.9809033,0,-0.07028005,0.9974405,0.01315828,0,-0.9787416,-0.06640261,-0.1940502,0,-6.762878,1.633677,6.356927,1,0.04878769,0,0,0,1,0,0,0,2.62,22
0,-3,1.887756,7.10436,-3,1.887756,7.10436,-3,1.887756,7.10436,0.1929386,-0.07007226,-0.9787056,0,0.02683127,0.9974505,-0.06612492,0,-0.980844,0.01350186,-0.1943269,0,7.496434,-2.189082,-5.275592,1,0.1929386,0.02683126,-0.9808437,0,-0.07007226,0.9974506,0.01350186,0,-0.9787055,-0.06612492,-0.1943268,0,-6.762997,1.633514,6.357197,1,0.05937165,0.07523818,0,0,1,0,0,0,2.64,23
0,-3,1.885948,7.106103,-3,1.885948,7.106103,-3,1.885948,7.106103,0.1933125,-0.06970964,-0.9786578,0,0.02732299,0.9974684,-0.06565246,0,-0.9807568,0.01404841,-0.1947278,0,7.497767,-2.190132,-5.273633,1,0.1933125,0.02732298,-0.9807566,0,-0.06970963,0.9974684,0.01404841,0,-0.9786577,-0.06565245,-0.1947277,0,-6.763165,1.633499,6.35733,1,0.1256378,0.1838837,0,0,1,0,0,0,2.66,24
0,-3,1.883505,7.106245,-3,1.883505,7.106245,-3,1.883505,7.106245,0.1933309,-0.06903961,-0.9787017,0,0.027091,0.9975165,-0.06501535,0,-0.9807597,0.01394452,-0.194721,0,7.498486,-2.185039,-5.275113,1,0.1933308,0.02709099,-0.9807594,0,-0.06903961,0.9975165,0.01394453,0,-0.9787015,-0.06501535,-0.194721,0,-6.763303,1.633508,6.357504,1,0.2210353,0.2805423,0,0,1,0,0,0,2.68,25
0,-3,1.883994,7.107106,-3,1.883994,7.107106,-3,1.883994,7.107106,0.1935546,-0.06903811,-0.9786575,0,0.02644316,0.9975258,-0.06513934,0,-0.9807332,0.01327076,-0.1949013,0,7.50102,-2.180763,-5.273198,1,0.1935546,0.02644314,-0.980733,0,-0.06903809,0.9975257,0.01327077,0,-0.9786573,-0.06513932,-0.1949013,0,-6.763066,1.633524,6.357686,1,0.4563228,0.4161453,0,0,1,0,0,0,2.7,26
0,-3,0.9549019,6.737478,-3,0.9001498,6.847775,-3,0.9275841,6.79257,0.1933196,-0.06836958,-0.9787508,0,0.02612643,0.9975741,-0.06452405,0,-0.9807879,0.01309749,-0.1946369,0,7.500364,-2.175227,-5.276506,1,0.1933196,0.02612643,-0.980788,0,-0.06836957,0.997574,0.0130975,0,-0.9787508,-0.06452406,-0.1946369,0,-6.763072,1.633531,6.357754,1,0.5343033,0.5183606,0.07319245,-0.2454247,0.9666486,-0.000958533,-0.005108529,-0.02235,2.72,27
0,-3,0.7884846,6.819301,-3,0.8459727,6.871242,-3,0.8171732,6.845279,0.1930684,-0.06715029,-0.9788849,0,0.02600395,0.9976552,-0.06330908,0,-0.9808408,0.01323189,-0.1943618,0,7.499344,-2.167886,-5.281003,1,0.1930683,0.02600394,-0.9808405,0,-0.06715029,0.9976552,0.01323189,0,-0.9788846,-0.06330907,-0.1943618,0,-6.762952,1.633455,6.35792,1,0.6122689,0.6595998,0.0584864,-0.2705193,0.9609363,-0.0009146202,-0.005220383,-0.02237701,2.74,28
0,-3,0.8143359,6.814427,-3,0.7745931,6.853158,-3,0.7944753,6.833799,0.1928599,-0.06628649,-0.9789848,0,0.02633938,0.9977058,-0.06236522,0,-0.9808728,0.0137581,-0.1941634,0,7.49779,-2.165347,-5.284369,1,0.1928599,0.02633937,-0.9808726,0,-0.06628649,0.9977058,0.0137581,0,-0.9789847,-0.06236522,-0.1941634,0,-6.762872,1.633332,6.358138,1,0.625327,0.6956667,0.06094928,-0.2752135,0.9594491,-0.000930436,-0.005230194,-0.0223828,2.78,29
0,-3,0.8177272,6.805798,-3,0.8253339,6.852808,-3,0.8215228,6.829311,0.1926891,-0.06518957,-0.9790921,0,0.02640286,0.9977739,-0.06123725,0,-0.9809046,0.01405107,-0.1939814,0,7.49693,-2.159828,-5.288095,1,0.1926892,0.02640286,-0.9809046,0,-0.06518957,0.997774,0.01405108,0,-0.979092,-0.06123726,-0.1939814,0,-6.762907,1.633252,6.358329,1,0.6309587,0.7006396,0.06222574,-0.2676429,0.9615067,-0.0009274669,-0.005244942,-0.02238785,2.8,30
0,-3,0.7883952,6.78375,-3,0.8529038,6.869082,-3,0.820556,6.826384,0.1928042,-0.06450967,-0.9791145,0,0.02653708,0.9978144,-0.06051613,0,-0.9808784,0.01431507,-0.1940947,0,7.497408,-2.156944,-5.288589,1,0.1928042,0.02653707,-0.9808782,0,-0.06450966,0.9978144,0.01431507,0,-0.9791144,-0.06051612,-0.1940947,0,-6.762809,1.633225,6.358434,1,0.6368277,0.7218544,0.06306706,-0.2672321,0.9615662,-0.0009215772,-0.005240906,-0.02238985,2.82,31
0,-3,0.7750756,6.797561,-3,0.8457907,6.876314,-3,0.8103365,6.836915,0.1930437,-0.06329159,-0.9791468,0,0.026552,0.9978889,-0.05926822,0,-0.9808309,0.01455694,-0.1943167,0,7.49889,-2.150254,-5.2893,1,0.1930437,0.02655199,-0.9808307,0,-0.06329159,0.9978889,0.01455694,0,-0.9791467,-0.05926822,-0.1943166,0,-6.762706,1.633117,6.358644,1,0.6740766,0.7469776,0.0605781,-0.268366,0.9614104,-0.0009197323,-0.005238731,-0.02238933,2.84,32
0,-3,0.7705684,6.797255,-3,0.8481209,6.872778,-3,0.8092407,6.834999,0.1930807,-0.06220236,-0.9792093,0,0.02688721,0.9979491,-0.05809115,0,-0.9808145,0.01511192,-0.1943572,0,7.498758,-2.146299,-5.291273,1,0.1930807,0.0268872,-0.9808143,0,-0.06220235,0.9979491,0.01511193,0,-0.9792091,-0.05809115,-0.1943572,0,-6.762633,1.632901,6.358927,1,0.6720289,0.7609363,0.06108904,-0.2675036,0.9616184,-0.0009128265,-0.005234398,-0.02238801,2.86,33
0,-3,0.7886042,6.810626,-3,0.8360077,6.872825,-3,0.8122556,6.841725,0.1932169,-0.05940539,-0.9793561,0,0.02667028,0.9981145,-0.05528147,0,-0.9807936,0.01543839,-0.194437,0,7.500072,-2.12951,-5.296208,1,0.1932169,0.02667028,-0.9807934,0,-0.05940539,0.9981145,0.01543839,0,-0.9793559,-0.05528146,-0.1944369,0,-6.762518,1.632684,6.359118,1,0.7092469,0.7852613,0.05964078,-0.2639439,0.9626923,-0.0009104926,-0.00523079,-0.02238606,2.9,34
0,-3,0.783699,6.808817,-3,0.8432238,6.874427,-3,0.8133945,6.841618,0.192884,-0.0573948,-0.9795416,0,0.02631187,0.9982314,-0.05330876,0,-0.9808688,0.01549116,-0.194053,0,7.49905,-2.116317,-5.30314,1,0.192884,0.02631186,-0.9808687,0,-0.05739479,0.9982314,0.01549117,0,-0.9795415,-0.05330876,-0.194053,0,-6.762558,1.632556,6.359278,1,0.6959969,0.7800981,0.05946665,-0.2617171,0.963311,-0.0009106752,-0.00522776,-0.0223857,2.92,35
0,-3,0.7961833,6.798052,-3,0.8343936,6.880012,-3,0.8152382,6.839008,0.1921808,-0.05472778,-0.9798324,0,0.02547617,0.9983855,-0.05076725,0,-0.9810289,0.01520588,-0.1932648,0,7.496893,-2.096419,-5.314097,1,0.1921808,0.02547617,-0.9810287,0,-0.05472779,0.9983855,0.01520588,0,-0.9798324,-0.05076725,-0.1932648,0,-6.762415,1.63226,6.359518,1,0.6972599,0.7773086,0.05968242,-0.2587354,0.9641027,-0.0009130323,-0.005222245,-0.02238593,2.94,36
0,-3,0.7831342,6.80771,-3,0.8270725,6.878162,-3,0.8050537,6.842927,0.1912332,-0.05093909,-0.980222,0,0.02424711,0.9985929,-0.04716336,0,-0.9812452,0.01474835,-0.1921992,0,7.494214,-2.067991,-5.329277,1,0.1912332,0.02424711,-0.981245,0,-0.05093909,0.9985928,0.01474835,0,-0.980222,-0.04716336,-0.1921992,0,-6.762358,1.632021,6.359877,1,0.6765459,0.7768639,0.05800172,-0.257547,0.9645234,-0.0009135818,-0.005221093,-0.02238809,2.96,37
0,-3,0.7754135,6.804619,-3,0.8194247,6.87681,-3,0.7973688,6.840703,0.1904551,-0.04906432,-0.9804692,0,0.02400002,0.9986845,-0.04531386,0,-0.9814026,0.01490102,-0.1913822,0,7.490546,-2.056272,-5.339057,1,0.1904551,0.02400002,-0.9814023,0,-0.04906431,0.9986845,0.01490102,0,-0.9804689,-0.04531386,-0.1913821,0,-6.762282,1.63186,6.36008,1,0.6976593,0.7735875,0.05782652,-0.2575925,0.9645218,-0.0009139562,-0.005220879,-0.02238809,2.98,38
0,-3,0.7739823,6.79953,-3,0.8036485,6.873061,-3,0.788781,6.836284,0.1888382,-0.04446691,-0.981001,0,0.0240746,0.9988837,-0.04064325,0,-0.9817131,0.01594221,-0.1896979,0,7.481742,-2.031795,-5.360661,1,0.1888382,0.0240746,-0.981713,0,-0.04446691,0.9988836,0.0159422,0,-0.9810009,-0.04064325,-0.1896979,0,-6.761999,1.631532,6.360409,1,0.7090822,0.7915937,0.05732988,-0.255144,0.965202,-0.0009147646,-0.00521798,-0.02238835,3,39
0,-3,0.7617009,6.786859,-3,0.8133242,6.871536,-3,0.7874473,6.829171,0.1872165,-0.03939771,-0.9815283,0,0.02408389,0.9990791,-0.03550843,0,-0.9820234,0.01699125,-0.187993,0,7.47295,-2.004272,-5.383032,1,0.1872166,0.02408389,-0.9820234,0,-0.03939771,0.9990792,0.01699126,0,-0.9815282,-0.03550843,-0.187993,0,-6.761622,1.631306,6.360695,1,0.7268127,0.8018218,0.05757864,-0.2505486,0.9663902,-0.0009179767,-0.005217408,-0.0223934,3.02,40
0,-3,0.7516446,6.613823,-3,0.7056464,6.721618,-3.094159,0.7509999,6.659955,0.1854802,-0.03495575,-0.9820262,0,0.02394091,0.9992312,-0.03104633,0,-0.9823564,0.01775211,-0.1861745,0,7.463744,-1.978949,-5.404958,1,0.1854802,0.02394091,-0.9823563,0,-0.03495574,0.9992312,0.01775211,0,-0.982026,-0.03104633,-0.1861745,0,-6.761361,1.630935,6.36092,1,0.709916,0.7941207,0.09640466,-0.2620921,0.9602156,-0.001295242,-0.0053014,-0.02243461,3.04,41
0,-3.23248,0.751,6.34998,-3.106139,0.7474793,6.409626,-3,0.7079041,6.380816,0.1840753,-0.03109263,-0.9824203,0,0.02352611,0.9993526,-0.02722046,0,-0.9826306,0.01810191,-0.1846876,0,7.456775,-1.954976,-5.423011,1,0.1840752,0.0235261,-0.9826304,0,-0.03109263,0.9993526,0.01810191,0,-0.9824202,-0.02722045,-0.1846876,0,-6.761068,1.630665,6.36108,1,0.7176586,0.7946059,0.1676894,-0.2654592,0.949427,-0.001572457,-0.005352913,-0.02250604,3.06,42
0,-3.270925,0.751,6.326378,-3.083445,0.751,6.415414,-3.180154,0.751,6.370479,0.1831097,-0.02872681,-0.9826727,0,0.02282939,0.9994277,-0.02496262,0,-0.9828274,0.01786292,-0.1836607,0,7.452755,-1.937486,-5.434768,1,0.1831097,0.02282939,-0.9828273,0,-0.0287268,0.9994276,0.01786292,0,-0.9826728,-0.02496262,-0.1836607,0,-6.760928,1.630569,6.361227,1,0.7176586,0.7946059,0.1694249,-0.2633613,0.9497031,-0.001634003,-0.005364067,-0.02251344,3.08,43
0,-3,0.8016536,6.40392,-3.082538,0.751,6.469133,-3,0.7666565,6.437417,0.1817417,-0.02506376,-0.983027,0,0.02198382,0.9995288,-0.02142014,0,-0.9831007,0.01771775,-0.182207,0,7.446721,-1.911922,-5.451743,1,0.1817416,0.02198381,-0.9831004,0,-0.02506375,0.9995288,0.01771775,0,-0.9830266,-0.02142014,-0.182207,0,-6.760508,1.630536,6.361404,1,0.7451843,0.801991,0.152416,-0.245135,0.9574332,-0.001602418,-0.005337326,-0.02249333,3.1,44
0,-3,0.7811597,6.412786,-3.097255,0.751,6.464598,-3,0.7546119,6.439693,0.1804653,-0.02300653,-0.9833123,0,0.02096925,0.9995892,-0.01953892,0,-0.9833578,0.01709323,-0.1808736,0,7.441436,-1.894004,-5.464688,1,0.1804652,0.02096925,-0.9833577,0,-0.02300653,0.9995891,0.01709323,0,-0.9833121,-0.01953892,-0.1808735,0,-6.75999,1.63041,6.361551,1,0.7499416,0.80154,0.1506849,-0.2460867,0.957463,-0.001599763,-0.005328308,-0.02249043,3.12,45
0,-3,0.7764803,6.4063,-3.060276,0.751,6.427053,-3,0.7566926,6.416992,0.1802519,-0.02361444,-0.983337,0,0.0209685,0.9995769,-0.02016077,0,-0.983397,0.01698508,-0.1806708,0,7.440219,-1.897437,-5.465056,1,0.1802519,0.0209685,-0.9833968,0,-0.02361443,0.9995768,0.01698508,0,-0.9833369,-0.02016077,-0.1806707,0,-6.759912,1.630444,6.36154,1,0.7499416,0.80154,0.1562647,-0.2463092,0.9565108,-0.001573676,-0.005319932,-0.0224852,3.14,46
0,-3,0.7672409,6.397122,-3.106139,0.7506151,6.422835,-3,0.7463558,6.410474,0.1781288,-0.02104247,-0.9837822,0,0.01988486,0.9996442,-0.01778129,0,-0.9838063,0.01639501,-0.1784838,0,7.430324,-1.876219,-5.48556,1,0.1781288,0.01988485,-0.9838061,0,-0.02104247,0.9996442,0.016395,0,-0.9837821,-0.01778129,-0.1784839,0,-6.759631,1.63026,6.361675,1,0.8282404,0.8919067,0.1559874,-0.2463612,0.9565427,-0.001566315,-0.005312119,-0.02248273,3.16,47
0,-3,0.759602,6.382591,-3.154853,0.751,6.419919,-3.060825,0.751,6.401231,0.1756396,-0.0182052,-0.9842862,0,0.01872888,0.9997098,-0.01514843,0,-0.9842764,0.01577391,-0.1759296,0,7.418461,-1.853119,-5.50916,1,0.1756396,0.01872888,-0.9842763,0,-0.0182052,0.9997098,0.01577391,0,-0.9842862,-0.01514843,-0.1759296,0,-6.759301,1.630187,6.361822,1,0.8761712,0.8956034,0.1559077,-0.2460257,0.9566421,-0.001563644,-0.005287995,-0.02248051,3.18,48
0,-3,0.7562747,6.376916,-3.267454,0.751,6.410965,-3,0.7205054,6.394765,0.1729217,-0.01563352,-0.9848115,0,0.01787371,0.9997592,-0.01273239,0,-0.9847734,0.01540053,-0.1731595,0,7.404689,-1.833388,-5.53378,1,0.1729218,0.01787372,-0.9847734,0,-0.01563352,0.9997593,0.01540053,0,-0.9848114,-0.01273239,-0.1731595,0,-6.758824,1.630139,6.361949,1,0.928303,0.9194747,0.1550897,-0.2475393,0.9563847,-0.001563407,-0.005270042,-0.02247617,3.2,49
0,-3,0.7408423,6.371699,-3.275386,0.751,6.410758,-3,0.7117217,6.392061,0.1703716,-0.01490955,-0.9852672,0,0.01804365,0.9997651,-0.01200885,0,-0.9852147,0.01573185,-0.1706006,0,7.390094,-1.830648,-5.553998,1,0.1703716,0.01804365,-0.9852147,0,-0.01490955,0.999765,0.01573185,0,-0.985267,-0.01200885,-0.1706006,0,-6.758526,1.630176,6.362113,1,0.9602886,0.9255676,0.1531849,-0.2490076,0.9563104,-0.001565522,-0.005256081,-0.02247033,3.22,50
0,-3,0.7706565,6.363338,-3.275615,0.751,6.416156,-3,0.7266115,6.390766,0.1657823,-0.01510301,-0.9860467,0,0.01717721,0.9997752,-0.01242531,0,-0.9860128,0.01487763,-0.1660044,0,7.365887,-1.826622,-5.587489,1,0.1657823,0.01717721,-0.9860128,0,-0.01510301,0.9997753,0.01487763,0,-0.9860467,-0.01242532,-0.1660044,0,-6.758245,1.63026,6.362486,1,0.9747271,0.9413691,0.1495693,-0.2456425,0.9577519,-0.00156781,-0.005242478,-0.02245922,3.26,51
0,-3,0.7717566,6.352866,-3.206323,0.7484502,6.412308,-3,0.7349126,6.383211,0.1620448,-0.01407085,-0.9866832,0,0.01557067,0.9998103,-0.01170085,0,-0.9866607,0.01346726,-0.1622331,0,7.347566,-1.81082,-5.61673,1,0.1620447,0.01557067,-0.9866605,0,-0.01407085,0.9998103,0.01346726,0,-0.986683,-0.01170085,-0.1622331,0,-6.758046,1.63035,6.36272,1,0.9953232,0.9542518,0.148406,-0.2427146,0.958679,-0.001564392,-0.005221329,-0.02244662,3.28,52
0,-3,0.7623113,6.358015,-3.206234,0.7462874,6.422049,-3,0.7290495,6.390925,0.157771,-0.01112829,-0.987413,0,0.01381026,0.9998636,-0.009061977,0,-0.9873792,0.01220671,-0.1579031,0,7.326186,-1.782928,-5.652844,1,0.157771,0.01381026,-0.9873793,0,-0.01112829,0.9998636,0.01220672,0,-0.987413,-0.00906198,-0.1579031,0,-6.757392,1.630283,6.362885,1,0.9675735,0.953923,0.1426731,-0.2413105,0.9599029,-0.001547088,-0.005198861,-0.02243067,3.3,53
0,-3,0.7597167,6.347686,-3.299475,0.751,6.409819,-3,0.7178986,6.37955,0.1528966,-0.006089654,-0.9882235,0,0.012068,0.999918,-0.004294574,0,-0.9881685,0.01126925,-0.1529576,0,7.301183,-1.742764,-5.696888,1,0.1528966,0.012068,-0.9881685,0,-0.006089654,0.9999179,0.01126925,0,-0.9882234,-0.004294574,-0.1529576,0,-6.756737,1.630045,6.363057,1,0.9665925,0.9501667,0.141166,-0.239182,0.9606582,-0.001545669,-0.005198861,-0.02242992,3.32,54
0,-3,0.7499288,6.351489,-3.277875,0.751,6.43471,-3,0.7159319,6.394795,0.150368,-0.002524712,-0.9886269,0,0.01128731,0.9999359,-0.0008368166,0,-0.9885657,0.01103311,-0.1503869,0,7.287985,-1.716985,-5.721315,1,0.150368,0.01128731,-0.9885656,0,-0.002524711,0.999936,0.0110331,0,-0.9886268,-0.0008368176,-0.1503868,0,-6.75646,1.629826,6.363184,1,0.9714113,0.9496297,0.1350262,-0.2361296,0.9622945,-0.001519364,-0.005206055,-0.02242099,3.34,55
0,-3.10846,0.7499719,6.334311,-3.306548,0.7374349,6.411829,-3.212319,0.744141,6.373287,0.1450998,0.005257465,-0.9894031,0,0.009282801,0.9999346,0.006674787,0,-0.9893736,0.01015294,-0.1450415,0,7.261025,-1.658236,-5.772014,1,0.1450997,0.0092828,-0.9893734,0,0.005257466,0.9999347,0.01015294,0,-0.989403,0.006674786,-0.1450415,0,-6.755703,1.629252,6.36352,1,0.9678766,0.9687833,0.1355304,-0.2344572,0.9626325,-0.001513969,-0.0052053,-0.02241899,3.36,56
0,-3.194315,0.751,6.321544,-3.106139,0.7452248,6.44861,-3,0.7116968,6.385525,0.1393166,0.01573628,-0.9901229,0,0.007743127,0.9998258,0.01698,0,-0.9902177,0.01003224,-0.1391705,0,7.230113,-1.585856,-5.830052,1,0.1393166,0.007743128,-0.9902175,0,0.01573628,0.9998258,0.01003224,0,-0.9901229,0.01697999,-0.1391705,0,-6.754787,1.628591,6.363923,1,0.9623523,0.9689705,0.1276542,-0.2193231,0.9672651,-0.001434457,-0.005168877,-0.02239585,3.38,57
0,-3.10846,0.745313,6.304932,-3.205802,0.7486333,6.469772,-3,0.7088456,6.388984,0.1333592,0.02966274,-0.9906238,0,0.00612772,0.9995082,0.03075369,0,-0.9910489,0.01017155,-0.1331119,0,7.198114,-1.491109,-5.893189,1,0.1333592,0.00612772,-0.9910487,0,0.02966274,0.9995082,0.01017155,0,-0.9906236,0.03075369,-0.1331118,0,-6.753637,1.627505,6.364396,1,0.9759852,0.9523847,0.1214849,-0.2062806,0.9709221,-0.00142353,-0.005146798,-0.02238205,3.4,58
0,-3.21423,0.6390409,6.290973,-3.305532,0.716686,6.463981,-3.114253,0.6390409,6.378659,0.1272734,0.04666259,-0.9907696,0,0.003833652,0.9988621,0.0475362,0,-0.9918603,0.009848362,-0.1269497,0,7.166305,-1.372046,-5.959481,1,0.1272734,0.003833653,-0.9918602,0,0.04666258,0.9988621,0.009848359,0,-0.9907694,0.04753619,-0.1269497,0,-6.752528,1.626302,6.364931,1,0.9640183,0.9417428,0.1179395,-0.2139814,0.9696918,-0.001408402,-0.005112389,-0.02235855,3.42,59
0,-3.305795,0.7006319,6.299788,-3.305807,0.6773876,6.449896,-3.212319,0.6638995,6.375009,0.1242539,0.05566646,-0.9906877,0,0.00300294,0.9983994,0.05647641,0,-0.9922459,0.009992393,-0.1238879,0,7.149943,-1.31077,-5.9923,1,0.1242539,0.00300294,-0.992246,0,0.05566646,0.9983994,0.009992393,0,-0.9906878,0.05647641,-0.1238879,0,-6.751941,1.625625,6.365227,1,0.9640183,0.9417428,0.1161882,-0.205484,0.971739,-0.001376312,-0.005063652,-0.0223514,3.44,60
0,-3.374218,0.6615953,6.29705,-3.306626,0.6591259,6.407774,-3.36935,0.6683422,6.352224,0.1180513,0.07074981,-0.9904839,0,0.001938269,0.9974403,0.07147773,0,-0.9930057,0.01035787,-0.117612,0,7.115172,-1.208663,-6.05414,1,0.1180513,0.001938274,-0.9930056,0,0.07074981,0.9974403,0.01035786,0,-0.9904838,0.07147772,-0.117612,0,-6.75097,1.624514,6.365886,1,0.9433939,0.9303656,0.116614,-0.2007252,0.9726822,-0.001325615,-0.005034004,-0.02234587,3.46,61
0,-3.306075,0.6831919,6.326229,-3,0.6722803,6.390436,-3.306417,0.716235,6.358536,0.110905,0.08154972,-0.9904797,0,0.001284078,0.9966151,0.08219866,0,-0.9938303,0.01038811,-0.1104249,0,7.073678,-1.133943,-6.1162,1,0.110905,0.001284091,-0.99383,0,0.08154971,0.9966152,0.01038809,0,-0.9904795,0.08219865,-0.1104248,0,-6.750003,1.623765,6.366433,1,0.9521568,0.9238759,0.1088321,-0.172762,0.9789325,-0.001273606,-0.004833252,-0.02229447,3.48,62
0,-3.291062,0.751,6.31118,-3,0.6541108,6.389076,-3.306332,0.7436677,6.350467,0.1033081,0.08598661,-0.9909258,0,0.001514677,0.9962415,0.08660581,0,-0.9946483,0.01044803,-0.1027896,0,7.027859,-1.103372,-6.173812,1,0.1033081,0.00151469,-0.9946482,0,0.08598661,0.9962415,0.01044801,0,-0.9909256,0.08660579,-0.1027896,0,-6.748948,1.623268,6.367171,1,0.9845704,0.9518168,0.1041279,-0.1610604,0.9814361,-0.001267501,-0.004746201,-0.02226365,3.5,63
0,-3,0.7548238,6.317564,-3.306598,0.7119001,6.409207,-3.234375,0.751,6.364061,0.09653717,0.08758684,-0.9914683,0,0.001234882,0.9961094,0.08811708,0,-0.9953287,0.009730928,-0.09605342,0,6.987547,-1.087771,-6.221885,1,0.09653715,0.001234891,-0.9953285,0,0.08758681,0.9961093,0.009730916,0,-0.991468,0.08811706,-0.09605341,0,-6.748083,1.623165,6.367857,1,0.9617501,0.9516451,0.09422722,-0.1528035,0.9837542,-0.001231865,-0.004606293,-0.02221199,3.52,64
0,-3,0.7751257,6.341508,-3.306749,0.7403178,6.401482,-3,0.7189111,6.371628,0.08593482,0.09175767,-0.9920664,0,-0.001787197,0.9957625,0.09194471,0,-0.9962992,0.00612824,-0.08573467,0,6.928029,-1.035942,-6.296597,1,0.08593482,-0.001787191,-0.9962991,0,0.09175766,0.9957625,0.006128233,0,-0.9920664,0.09194471,-0.08573465,0,-6.746945,1.622872,6.368901,1,0.9701275,0.9735681,0.08309257,-0.1423518,0.9863223,-0.001155556,-0.004580628,-0.02218765,3.56,65
0,-3.058737,0.6975377,6.269961,-3.306485,0.7234446,6.364969,-3.306006,0.7412265,6.319733,0.07861173,0.09654966,-0.992219,0,-0.005401995,0.9953257,0.09642398,0,-0.9968908,0.002220102,-0.07876587,0,6.888914,-0.97773,-6.348588,1,0.07861175,-0.00540199,-0.9968906,0,0.09654965,0.9953256,0.002220094,0,-0.9922188,0.09642398,-0.07876582,0,-6.746339,1.62253,6.369613,1,0.9675364,0.9803746,0.09129558,-0.1512437,0.9842716,-0.001266099,-0.004731377,-0.02223177,3.58,66
0,-3.401601,0.5724842,6.02272,-3.468584,0.5517094,6.118671,-3.465587,0.5716021,6.073561,0.07178658,0.1035164,-0.9920339,0,-0.007429741,0.9946278,0.1032494,0,-0.9973925,4.137307E-05,-0.07217002,0,6.850032,-0.9152732,-6.399733,1,0.07178655,-0.007429732,-0.9973922,0,0.1035164,0.9946278,4.136638E-05,0,-0.9920337,0.1032494,-0.07217,0,-6.745745,1.622019,6.370337,1,0.9682493,0.9150481,0.1554976,-0.2013402,0.9671001,-0.001514931,-0.005008561,-0.02234759,3.6,67
0,-3.398591,0.4959231,6.042521,-3.469603,0.5114029,6.148602,-3.468312,0.5150777,6.098578,0.06576562,0.1133624,-0.9913747,0,-0.007451218,0.9935537,0.1131173,0,-0.9978073,5.2277E-05,-0.06618637,0,6.812911,-0.8464809,-6.448853,1,0.06576563,-0.007451219,-0.9978072,0,0.1133624,0.9935536,5.227989E-05,0,-0.9913748,0.1131173,-0.06618636,0,-6.745326,1.621265,6.37119,1,0.9684573,0.9357255,0.1424713,-0.2070285,0.9679056,-0.001478371,-0.005012672,-0.02233761,3.62,68
0,-3.400444,0.5420422,6.032316,-3.491668,0.4854228,6.149756,-3.46803,0.5205677,6.09317,0.0596109,0.1204362,-0.9909298,0,-0.007645972,0.992721,0.1201939,0,-0.9981925,-0.000411734,-0.06009787,0,6.774878,-0.7940319,-6.49543,1,0.05961092,-0.007645957,-0.9981923,0,0.1204362,0.9927211,-0.0004117523,0,-0.9909297,0.1201939,-0.06009783,0,-6.74474,1.620764,6.371942,1,0.9615976,0.9368081,0.1385772,-0.1984901,0.9702567,-0.001426337,-0.004993195,-0.02233148,3.64,69
0,-3.438154,0.4854228,6.010097,-3.522728,0.4854228,6.180918,-3.480874,0.4854228,6.096107,0.05678195,0.1229156,-0.9907914,0,-0.007618252,0.992417,0.1226807,0,-0.9983577,-0.0005820431,-0.05728775,0,6.757174,-0.775615,-6.516098,1,0.05678192,-0.007618241,-0.9983574,0,0.1229156,0.9924169,-0.0005820502,0,-0.9907913,0.1226807,-0.05728776,0,-6.744443,1.62061,6.37233,1,0.9615976,0.9368081,0.1351073,-0.2065563,0.9690617,-0.001410292,-0.004980278,-0.02231674,3.66,70
0,-3.468088,0.5848024,6.107553,-3.468459,0.5707535,6.167583,-3.468894,0.5779785,6.137614,0.05093533,0.1272485,-0.9905621,0,-0.007364701,0.9918705,0.1270378,0,-0.9986748,-0.0008244887,-0.05145842,0,6.72017,-0.7438954,-6.557845,1,0.05093536,-0.007364712,-0.9986749,0,0.1272485,0.9918705,-0.0008244811,0,-0.9905622,0.1270378,-0.0514584,0,-6.743588,1.620434,6.373195,1,0.9998657,0.9426396,0.118623,-0.1766533,0.9770988,-0.001372239,-0.004851914,-0.02228424,3.68,71
0,-3.467522,0.6072479,6.095698,-3.467172,0.5995221,6.169739,-3.468606,0.6037742,6.132805,0.04546326,0.1320273,-0.990203,0,-0.007192474,0.9912454,0.1318361,0,-0.9989402,-0.001128301,-0.04601485,0,6.685502,-0.7084896,-6.597162,1,0.04546325,-0.007192463,-0.9989401,0,0.1320273,0.9912454,-0.00112831,0,-0.9902028,0.1318361,-0.04601485,0,-6.742933,1.620116,6.374049,1,1,1,0.1152436,-0.1648424,0.9795642,-0.001361039,-0.004833496,-0.02227165,3.7,72
0,-3.468268,0.6001849,6.118575,-3.468613,0.5919065,6.157052,-3.468783,0.596153,6.137842,0.04058635,0.1375187,-0.9896674,0,-0.00667832,0.9904987,0.1373603,0,-0.9991539,-0.001034357,-0.0411191,0,6.653877,-0.6706652,-6.632662,1,0.04058632,-0.00667831,-0.9991535,0,0.1375187,0.9904986,-0.001034361,0,-0.9896672,0.1373603,-0.04111911,0,-6.741955,1.619794,6.374822,1,0.9947518,0.9618171,0.1092256,-0.1615325,0.9808043,-0.00133545,-0.00482579,-0.02227315,3.72,73
0,-3.467359,0.5881976,6.091438,-3.468523,0.6024835,6.12921,-3.46809,0.5953888,6.110334,0.03827298,0.140093,-0.9893985,0,-0.006560192,0.9901377,0.1399439,0,-0.9992459,-0.001134552,-0.03881454,0,6.639073,-0.6519089,-6.64937,1,0.03827296,-0.006560168,-0.9992458,0,0.1400929,0.9901378,-0.001134575,0,-0.9893982,0.1399439,-0.03881455,0,-6.741644,1.619572,6.375234,1,0.9947518,0.9618171,0.1149844,-0.158999,0.98056,-0.001306159,-0.004811363,-0.02227506,3.74,74
0,-3.468877,0.517683,6.121543,-3.469443,0.4948702,6.171277,-3.46958,0.5064263,6.146444,0.03461075,0.1462291,-0.9886451,0,-0.00617978,0.9892502,0.1461023,0,-0.9993818,-0.001052894,-0.0351423,0,6.615511,-0.6093462,-6.676767,1,0.0346107,-0.006179766,-0.9993817,0,0.1462291,0.9892502,-0.0010529,0,-0.988645,0.1461023,-0.03514235,0,-6.740816,1.619169,6.376142,1,0.9932439,0.9485124,0.1007176,-0.1771659,0.9790139,-0.001247238,-0.004942169,-0.02229935,3.76,75
0,-3,0.2196646,6.003713,-3,0.1687181,6.151363,-3,0.194232,6.077467,0.03165275,0.1534762,-0.9876453,0,-0.006432153,0.9881512,0.1533487,0,-0.9994782,-0.001498781,-0.03226489,0,6.597555,-0.5553765,-6.699192,1,0.03165275,-0.006432157,-0.9994783,0,0.1534762,0.9881512,-0.001498778,0,-0.9876452,0.1533487,-0.03226488,0,-6.740018,1.618545,6.377132,1,0.9884983,0.9539517,0.106165,-0.2052328,0.9729381,-0.001223281,-0.00506398,-0.02232033,3.78,76
0,-3.218674,1.171825E-07,6.100504,-3.136056,1.177248E-07,6.170715,-3.177843,1.174351E-07,6.135556,0.02974981,0.1610941,-0.9864906,0,-0.006259307,0.9869381,0.1609784,0,-0.9995378,-0.001385666,-0.03036958,0,6.585602,-0.5021529,-6.714766,1,0.02974983,-0.006259306,-0.9995377,0,0.1610941,0.9869381,-0.001385672,0,-0.9864905,0.1609784,-0.03036956,0,-6.739079,1.617747,6.377938,1,0.9268039,0.9494113,0.09123641,-0.2582503,0.9617602,-0.001056001,-0.005289482,-0.02236713,3.8,77
0,-3.326097,1.092192E-07,6.175258,-3.374168,1.037011E-07,6.253426,-3.350271,1.064518E-07,6.214396,0.02813548,0.1647908,-0.9859272,0,-0.005412497,0.9863283,0.1647034,0,-0.9995896,-0.0007022992,-0.02864277,0,6.574573,-0.4803406,-6.726992,1,0.0281355,-0.005412481,-0.9995894,0,0.1647908,0.9863282,-0.0007023178,0,-0.9859271,0.1647034,-0.02864274,0,-6.738147,1.617317,6.378857,1,0.8694388,0.971146,0.07132762,-0.27304,0.9593547,-0.0009944458,-0.005310326,-0.02237819,3.82,78
0,-3.120106,1.194107E-07,6.148095,-3.235982,1.110773E-07,6.222865,-3.178874,1.152033E-07,6.185583,0.02523828,0.1675453,-0.9855413,0,-0.004632607,0.9858643,0.1674816,0,-0.9996707,-0.0003386587,-0.02565771,0,6.555638,-0.4633961,-6.746362,1,0.0252383,-0.004632591,-0.9996707,0,0.1675453,0.9858642,-0.0003386791,0,-0.9855412,0.1674816,-0.02565769,0,-6.736631,1.617106,6.380227,1,0.7810044,0.8699847,0.07445534,-0.2524475,0.9647417,-0.0009840783,-0.005172501,-0.02235172,3.86,79
0,-3.152277,1.177977E-07,6.152825,-3.228701,1.120212E-07,6.208552,-3.190845,1.14895E-07,6.180663,0.02276599,0.1706513,-0.9850686,0,-0.004678018,0.9853312,0.1705888,0,-0.99973,-0.0007245392,-0.02323037,0,6.540171,-0.4390254,-6.762775,1,0.02276601,-0.004678013,-0.9997297,0,0.1706513,0.9853311,-0.000724546,0,-0.9850683,0.1705887,-0.02323035,0,-6.735769,1.616834,6.380983,1,0.7498168,0.8306006,0.07382463,-0.2506193,0.9652668,-0.0009864662,-0.00516726,-0.02235037,3.88,80
0,-3.352472,1.084111E-07,6.16737,-3.182865,1.13586E-07,6.21859,-3.269625,1.109082E-07,6.19309,0.02050924,0.1751289,-0.9843318,0,-0.00489974,0.9845448,0.1750647,0,-0.9997777,-0.001232527,-0.02105033,0,6.526343,-0.4041868,-6.77807,1,0.02050923,-0.004899739,-0.9997777,0,0.1751289,0.9845448,-0.001232526,0,-0.9843319,0.1750647,-0.02105036,0,-6.734936,1.616518,6.381714,1,0.7469629,0.8133116,0.06977378,-0.2544387,0.9645687,-0.0009695431,-0.005154213,-0.0223457,3.9,81
0,-3.400558,1.065782E-07,6.161218,-3.159324,1.131517E-07,6.252066,-3.283878,1.097139E-07,6.206161,0.01836628,0.1813495,-0.9832472,0,-0.004914172,0.9834176,0.1812891,0,-0.9998192,-0.001502246,-0.01895285,0,6.512912,-0.358501,-6.793009,1,0.01836622,-0.004914168,-0.9998193,0,0.1813494,0.9834176,-0.001502241,0,-0.9832472,0.1812891,-0.0189529,0,-6.73381,1.61606,6.38245,1,0.7170164,0.799291,0.06482401,-0.249919,0.9660944,-0.0009805225,-0.005137711,-0.02234051,3.92,82
0,-3.430544,1.056157E-07,6.153252,-3.309969,1.048036E-07,6.292405,-3.371289,1.05193E-07,6.222175,0.01735866,0.1853073,-0.9825274,0,-0.004828922,0.9826794,0.1852506,0,-0.9998378,-0.001528822,-0.01795286,0,6.506436,-0.3303505,-6.800236,1,0.01735869,-0.004828903,-0.9998375,0,0.1853072,0.9826794,-0.001528845,0,-0.9825273,0.1852506,-0.01795283,0,-6.733144,1.615796,6.382791,1,0.7134193,0.7708356,0.06066526,-0.2556038,0.9648764,-0.0009713527,-0.005117196,-0.02233786,3.94,83
0,-3.4207,1.079589E-07,6.109488,-3.362221,1.014814E-07,6.316154,-3.391718,1.047358E-07,6.212205,0.01563472,0.1937983,-0.9809169,0,-0.004993364,0.9810396,0.193743,0,-0.9998654,-0.001868956,-0.01630598,0,6.495943,-0.2679242,-6.812177,1,0.01563472,-0.004993362,-0.9998652,0,0.1937983,0.9810396,-0.001868958,0,-0.9809167,0.193743,-0.01630598,0,-6.731818,1.615092,6.383487,1,0.6660427,0.6879156,0.06225948,-0.2495027,0.9663706,-0.0009562075,-0.005101639,-0.02233214,3.96,84
0,-3.635583,9.63289E-08,6.160668,-3.29814,1.034739E-07,6.334654,-3.474864,9.966767E-08,6.245005,0.01415104,0.2009985,-0.9794894,0,-0.004359722,0.9795905,0.2009563,0,-0.9998904,-0.001426548,-0.0147385,0,6.485743,-0.2195835,-6.82256,1,0.01415102,-0.004359705,-0.9998903,0,0.2009985,0.9795905,-0.001426561,0,-0.9794892,0.2009563,-0.01473852,0,-6.730268,1.614414,6.384164,1,0.6167635,0.6470312,0.05283744,-0.252115,0.9662537,-0.0009619528,-0.005021279,-0.02230953,3.98,85
0,-3.21136,1.153399E-07,6.14997,-3.352698,1.075491E-07,6.186864,-3.283311,1.113982E-07,6.168194,0.01266897,0.205911,-0.9784888,0,-0.003685862,0.9785702,0.2058805,0,-0.9999131,-0.0009982511,-0.01315641,0,6.475454,-0.1874268,-6.832097,1,0.01266895,-0.003685827,-0.9999127,0,0.205911,0.9785702,-0.0009982814,0,-0.9784886,0.2058804,-0.01315643,0,-6.728573,1.613873,6.384815,1,0.5839782,0.6061145,0.06975155,-0.2257024,0.971696,-0.001040184,-0.00491745,-0.02230682,4,86
0,-3.189322,1.276385E-07,5.89065,-3.545045,1.081856E-07,5.979956,-3.375591,1.175153E-07,5.935973,0.01109713,0.2096773,-0.9777076,0,-0.00337451,0.9777701,0.2096524,0,-0.9999326,-0.0009727553,-0.01155806,0,6.465081,-0.1609951,-6.84127,1,0.01109718,-0.003374533,-0.9999329,0,0.2096774,0.9777702,-0.0009727431,0,-0.9777077,0.2096525,-0.01155801,0,-6.726749,1.613522,6.385419,1,0.4983521,0.4195349,0.1310087,-0.2309829,0.9640973,-0.001460954,-0.0044404,-0.02222164,4.02,87
0,-3,0.8075419,6.427635,-3,0.8075419,6.427635,-3,0.8075419,6.427635,0.01061738,0.2114101,-0.9773398,0,-0.002979651,0.9773972,0.2113901,0,-0.9999393,-0.0006676987,-0.01100731,0,6.461504,-0.150767,-6.844192,1,0.01061737,-0.002979624,-0.9999391,0,0.2114101,0.9773973,-0.0006677233,0,-0.9773398,0.2113901,-0.01100732,0,-6.725831,1.613407,6.385674,1,0.4983521,0.4195349,0,0,1,0,0,0,4.04,88
0,-3,0.7981902,6.425413,-3,0.7981902,6.425413,-3,0.7981902,6.425413,0.009922802,0.2138118,-0.9768246,0,-0.002640367,0.9768748,0.213796,0,-0.9999474,-0.0004577115,-0.01025784,0,6.456951,-0.1353552,-6.847512,1,0.009922766,-0.002640351,-0.9999472,0,0.2138118,0.9768747,-0.0004577195,0,-0.9768244,0.213796,-0.01025787,0,-6.723947,1.613244,6.386307,1,0.01840192,0.02197297,0,0,1,0,0,0,4.06,89
0,-3,0.7911571,6.424748,-3,0.7911571,6.424748,-3,0.7911571,6.424748,0.009468675,0.215734,-0.9764063,0,-0.003377572,0.9764513,0.2157112,0,-0.9999495,-0.001255371,-0.00997436,0,6.455502,-0.1172588,-6.847605,1,0.009468681,-0.003377561,-0.9999495,0,0.215734,0.9764514,-0.001255383,0,-0.9764063,0.2157113,-0.009974358,0,-6.721872,1.613407,6.386728,1,0,0,0,0,1,0,0,0,4.08,90
0,-3,0.7829618,6.42478,-3,0.7829618,6.42478,-3,0.7829618,6.42478,0.008901179,0.2178798,-0.975935,0,-0.005320534,0.9759702,0.2178391,0,-0.9999462,-0.003253475,-0.009846509,0,6.455304,-0.08960533,-6.846786,1,0.008901166,-0.005320536,-0.9999462,0,0.2178798,0.9759702,-0.003253471,0,-0.975935,0.2178391,-0.009846523,0,-6.719954,1.613296,6.387249,1,0,0,0,0,1,0,0,0,4.1,91
0,-3,0.7738241,6.422741,-3,0.7738241,6.422741,-3,0.7738241,6.422741,0.007720172,0.2202846,-0.9754052,0,-0.007452212,0.9754198,0.2202289,0,-0.9999425,-0.005568698,-0.009172022,0,6.451299,-0.05818295,-6.84923,1,0.007720182,-0.007452191,-0.9999423,0,0.2202846,0.9754198,-0.00556872,0,-0.975405,0.2202289,-0.009172015,0,-6.717762,1.613228,6.387782,1,0,0.00194454,0,0,1,0,0,0,4.12,92
