flag,xl,yl,zl,xr,yr,zr,xc,yc,zc,mat_00,mat_10,mat_20,mat_30,mat_01,mat_11,mat_21,mat_31,mat_02,mat_12,mat_22,mat_32,mat_03,mat_13,mat_23,mat_33,ctw_00,ctw_10,ctw_20,ctw_30,ctw_01,ctw_11,ctw_21,ctw_31,ctw_02,ctw_12,ctw_22,ctw_32,ctw_03,ctw_13,ctw_23,ctw_33,opennessl,opennessr,ray_x,ray_y,ray_z,eye_x,eye_y,eye_z,time,frame
0,-3,2.350961,7.902767,-3,2.060048,7.51083,-3,2.203197,7.703177,0.3140301,-0.0174543,-0.9492527,0,-0.001960403,0.999817,-0.01903259,0,-0.9494111,-0.007837724,-0.3139383,0,8.172375,-1.666255,-4.486081,1,0.31403,-0.001960405,-0.949411,0,-0.0174543,0.9998169,-0.007837722,0,-0.9492526,-0.01903259,-0.3139383,0,-6.853878,1.596589,6.33753,1,0,0,-0.02149985,0.1284246,0.9914862,0.001750572,-0.004693504,-0.01808437,2.06,1
0,-3.209506,3.9,7.355484,-2.999999,3.707591,7.083821,-3,3.865519,7.2451,0.2162344,-0.3750943,-0.9014139,0,-0.007946759,0.92255,-0.3857957,0,-0.9763092,-0.09058566,-0.1965063,0,7.706933,-3.504918,-4.322874,1,0.2162344,-0.007946786,-0.976309,0,-0.3750942,0.92255,-0.09058562,0,-0.9014139,-0.3857956,-0.1965063,0,-6.877878,1.626961,6.35738,1,1,1,-0.01041789,0.1166317,0.9931206,0.001807618,-0.004426361,-0.01868669,2.08,2
0,-3.218425,3.9,7.372573,-5.163001,2.540052,6.704937,-3,3.860566,7.265969,0.2166545,-0.3730747,-0.9021509,0,-0.008451656,0.9233483,-0.3838703,0,-0.9762118,-0.09079191,-0.1968945,0,7.70995,-3.490913,-4.328757,1,0.2166546,-0.008451647,-0.9762117,0,-0.3730747,0.9233484,-0.09079191,0,-0.9021508,-0.3838703,-0.1968945,0,-6.877959,1.626809,6.357288,1,1,1,-0.01473751,0.1172382,0.9929945,0.00181671,-0.004358795,-0.01873333,2.1,3
0,-3.121729,3.9,7.379817,-5.163001,2.530244,6.711154,-3,3.819469,7.263518,0.2178804,-0.3639066,-0.9055939,0,-0.01043424,0.9269642,-0.3750046,0,-0.9759197,-0.09115534,-0.1981702,0,7.719302,-3.430915,-4.359056,1,0.2178804,-0.01043425,-0.9759197,0,-0.3639066,0.9269642,-0.09115531,0,-0.9055938,-0.3750046,-0.1981702,0,-6.877952,1.626214,6.356837,1,1,1,-0.0141548,0.119037,0.9927889,0.001822936,-0.004278992,-0.01876396,2.12,4
0,-3.005568,3.9,7.451727,-5.19247,2.466082,6.700662,-3,3.72922,7.277495,0.2183655,-0.3304623,-0.9182109,0,-0.01715629,0.9394726,-0.3421944,0,-0.9757162,-0.09047657,-0.1994789,0,7.730998,-3.222985,-4.491617,1,0.2183655,-0.01715632,-0.9757162,0,-0.3304623,0.9394726,-0.09047654,0,-0.9182109,-0.3421944,-0.1994789,0,-6.87751,1.623535,6.355673,1,1,1,-0.02003035,0.1364306,0.9904471,0.001824607,-0.004128899,-0.01869823,2.14,5
0,-3.102189,3.9,7.614325,-5.231229,2.397689,6.688539,-5.163001,2.538368,6.800907,0.215665,-0.2951037,-0.9308075,0,-0.02177335,0.9515493,-0.3067245,0,-0.9762247,-0.08641656,-0.1987904,0,7.721837,-3.022435,-4.640529,1,0.2156649,-0.02177338,-0.9762246,0,-0.2951037,0.9515492,-0.08641653,0,-0.9308073,-0.3067245,-0.1987904,0,-6.876699,1.620762,6.354566,1,1,1,-0.04364155,0.1654703,0.9852487,0.001716377,-0.004196877,-0.01777597,2.22,6
0,-3,3.883778,7.577808,-5.245885,2.378019,6.693382,-5.162322,2.515514,6.790165,0.212391,-0.2794701,-0.9363689,0,-0.02309656,0.9565277,-0.2907256,0,-0.9769118,-0.08337443,-0.1967031,0,7.705277,-2.940916,-4.717842,1,0.212391,-0.02309658,-0.9769117,0,-0.2794701,0.9565276,-0.08337439,0,-0.9363686,-0.2907256,-0.196703,0,-6.876069,1.619435,6.354165,1,1,1,-0.04216667,0.1725858,0.9840916,0.001754249,-0.003611099,-0.01875303,2.26,7
0,-3,3.873866,7.5353,-5.163076,2.511501,6.732522,-3,3.752486,7.350045,0.2107439,-0.2692858,-0.9397193,0,-0.02305156,0.9596726,-0.2801733,0,-0.9772696,-0.08070683,-0.1960377,0,7.695928,-2.891996,-4.762348,1,0.2107439,-0.02305158,-0.9772693,0,-0.2692858,0.9596726,-0.08070679,0,-0.9397191,-0.2801733,-0.1960377,0,-6.875913,1.61849,6.353991,1,1,1,-0.04558352,0.2035256,0.9780079,0.001829757,-0.003133339,-0.01889981,2.3,8
0,-3,2.72952,7.161531,-3,1.805139,7.348545,-3,2.251649,7.25769,0.2098873,-0.2600561,-0.9425063,0,-0.02153625,0.9625148,-0.2703727,0,-0.9774884,-0.07704587,-0.196419,0,7.688759,-2.855606,-4.794991,1,0.2098873,-0.02153626,-0.9774884,0,-0.2600561,0.9625149,-0.07704587,0,-0.9425063,-0.2703727,-0.196419,0,-6.8757,1.617715,6.353833,1,0.8761011,0.8835431,-0.0169882,-0.11524,0.9931924,-0.01507937,-0.001855621,-0.01019413,2.32,9
0,-3,2.689843,7.163427,-3,1.662029,7.368865,-3,2.157404,7.2693,0.2096588,-0.2517959,-0.9447973,0,-0.01957384,0.9649987,-0.2615234,0,-0.9775787,-0.07332399,-0.1973919,0,7.684442,-2.825831,-4.818769,1,0.2096588,-0.01957384,-0.9775786,0,-0.2517959,0.9649987,-0.07332399,0,-0.9447973,-0.2615234,-0.1973919,0,-6.875404,1.617116,6.353759,1,0.6923129,0.6386145,-0.01937197,-0.1290096,0.9914541,-0.01503982,-0.001872612,-0.01041329,2.34,10
0,-3,2.650662,7.1668,-3,1.824337,7.295509,-3,2.225005,7.23264,0.2099148,-0.2434534,-0.9469246,0,-0.01806473,0.9673721,-0.2527151,0,-0.9775528,-0.07015459,-0.1986678,0,7.683554,-2.791752,-4.839352,1,0.2099148,-0.01806475,-0.9775528,0,-0.2434534,0.9673721,-0.07015456,0,-0.9469246,-0.252715,-0.1986678,0,-6.875054,1.616488,6.353802,1,0.6731786,0.441563,-0.01034591,-0.102833,0.9946448,-0.01498324,-0.002014237,-0.01022463,2.36,11
0,-3,2.030406,7.572591,-3,1.680094,7.370733,-3,1.852383,7.469468,0.2104286,-0.2391979,-0.9478946,0,-0.01748874,0.9685286,-0.2482872,0,-0.9774528,-0.06882421,-0.1996228,0,7.685558,-2.772435,-4.846955,1,0.2104286,-0.01748874,-0.9774528,0,-0.2391979,0.9685285,-0.06882422,0,-0.9478946,-0.2482872,-0.1996228,0,-6.874824,1.616156,6.353897,1,0.6731786,0.441563,-0.06930438,-0.1900197,0.9793311,0.002101197,-0.003625656,-0.02042343,2.38,12
0,-3,1.94148,7.591228,-3,1.904915,7.405036,-3,1.923085,7.497369,0.2113228,-0.2307343,-0.9497918,0,-0.01591922,0.9707958,-0.2393788,0,-0.9772868,-0.06570616,-0.2014782,0,7.688134,-2.736934,-4.862551,1,0.2113228,-0.01591923,-0.9772866,0,-0.2307343,0.9707958,-0.06570614,0,-0.9497917,-0.2393788,-0.2014782,0,-6.874592,1.615402,6.353979,1,0.6927743,0.5258048,-0.07508536,-0.1637434,0.9836414,0.002144746,-0.003831154,-0.02033459,2.4,13
0,-3,2.011896,7.677664,-3,1.832621,7.433057,-3,1.921182,7.553497,0.2125527,-0.2216183,-0.9516863,0,-0.01433007,0.9731295,-0.2298123,0,-0.9770446,-0.06248496,-0.2036654,0,7.692591,-2.697696,-4.877201,1,0.2125526,-0.01433008,-0.9770444,0,-0.2216183,0.9731295,-0.06248494,0,-0.9516861,-0.2298123,-0.2036654,0,-6.874503,1.614602,6.354121,1,0.7771087,0.6222126,-0.08682694,-0.1544859,0.9841723,0.002105949,-0.003974022,-0.01965991,2.42,14
0,-3,2.068676,7.747685,-3,1.829786,7.438372,-3,1.947428,7.590195,0.2142786,-0.2118414,-0.9535241,0,-0.01304108,0.975491,-0.2196524,0,-0.9766856,-0.0595018,-0.2062641,0,7.700291,-2.652448,-4.889714,1,0.2142785,-0.01304112,-0.9766855,0,-0.2118413,0.975491,-0.05950176,0,-0.9535239,-0.2196523,-0.2062642,0,-6.874364,1.613823,6.354363,1,0.9180195,0.795051,-0.0934966,-0.1378011,0.9860371,0.002095977,-0.003964493,-0.01960008,2.44,15
0,-3,2.073025,7.723021,-3,1.875823,7.429756,-3,1.973109,7.573994,0.2161187,-0.2017219,-0.9553016,0,-0.01180204,0.9778133,-0.2091455,0,-0.9762959,-0.05647478,-0.208943,0,7.70866,-2.605037,-4.901912,1,0.2161186,-0.01180205,-0.9762956,0,-0.2017219,0.9778133,-0.05647475,0,-0.9553015,-0.2091455,-0.2089429,0,-6.874282,1.613005,6.354592,1,0.959419,0.85137,-0.08776534,-0.1206811,0.9888039,0.002101433,-0.003892014,-0.01956419,2.46,16
0,-3,2.082935,7.758249,-3,1.928308,7.435217,-3,2.004627,7.594235,0.2198722,-0.1865756,-0.9575206,0,-0.01061726,0.9810244,-0.1935934,0,-0.9754709,-0.05273207,-0.2137191,0,7.727833,-2.52859,-4.912024,1,0.2198723,-0.01061727,-0.9754709,0,-0.1865756,0.9810244,-0.05273206,0,-0.9575207,-0.1935934,-0.2137191,0,-6.874275,1.611722,6.355145,1,0.9781328,0.9250916,-0.08843501,-0.09717366,0.9913307,0.002074692,-0.003758217,-0.01963803,2.5,17
0,-3,2.08182,7.740614,-3,1.876952,7.442173,-3,1.978028,7.588978,0.2225858,-0.1760946,-0.9588777,0,-0.009594887,0.9831085,-0.1827718,0,-0.9748659,-0.04988274,-0.2171364,0,7.741551,-2.477074,-4.917358,1,0.2225858,-0.009594901,-0.9748659,0,-0.1760946,0.9831086,-0.04988273,0,-0.9588775,-0.1827718,-0.2171364,0,-6.874503,1.610757,6.355674,1,1,1,-0.08422913,-0.09239108,0.9921538,0.002075401,-0.003757027,-0.01958455,2.52,18
0,-3,2.066292,7.809834,-3,1.912809,7.414534,-3,1.988431,7.608823,0.2253367,-0.1652845,-0.9601586,0,-0.008177288,0.9851492,-0.1715055,0,-0.9742467,-0.04649798,-0.2206387,0,7.754776,-2.426744,-4.922232,1,0.2253367,-0.008177288,-0.9742466,0,-0.1652844,0.9851493,-0.04649797,0,-0.9601585,-0.1715055,-0.2206386,0,-6.874661,1.609928,6.356191,1,1,1,-0.08576787,-0.07837506,0.9932276,0.002033829,-0.00376046,-0.01935122,2.54,19
0,-3,1.688743,7.646391,-3,1.533442,7.304261,-3,1.610077,7.472632,0.2277075,-0.154338,-0.9614204,0,-0.00632067,0.9871036,-0.159958,0,-0.9737091,-0.04250048,-0.2237954,0,7.765148,-2.379139,-4.929355,1,0.2277075,-0.006320679,-0.9737091,0,-0.154338,0.9871035,-0.04250046,0,-0.9614202,-0.159958,-0.2237954,0,-6.874556,1.609048,6.356714,1,0.9823591,0.9991051,-0.05090724,-0.1580895,0.9861116,0.001904671,-0.003980889,-0.01977272,2.56,20
0,-3,1.170345,7.523985,-3,1.016979,7.14136,-3,1.092572,7.329416,0.2287299,-0.1489437,-0.9620284,0,-0.005296268,0.9880212,-0.1542272,0,-0.9734756,-0.04037155,-0.2252011,0,7.769406,-2.356555,-4.933798,1,0.2287299,-0.005296291,-0.9734755,0,-0.1489436,0.9880213,-0.04037153,0,-0.9620281,-0.1542272,-0.2252011,0,-6.874541,1.60855,6.357092,1,1,1,-0.01465536,-0.2772573,0.9606839,0.00170826,-0.004524277,-0.01953718,2.58,21
0,-3,0.8072329,7.436935,-3.26016,0.7774342,7.018595,-3.29797,0.8265409,7.179034,0.2307433,-0.1373557,-0.963271,0,-0.003201783,0.9898735,-0.1419161,0,-0.9730095,-0.03583037,-0.2279669,0,7.777432,-2.307855,-4.944455,1,0.2307433,-0.003201796,-0.9730093,0,-0.1373557,0.9898735,-0.03583035,0,-0.9632709,-0.141916,-0.2279668,0,-6.874437,1.607689,6.35765,1,1,1,0.007138667,-0.3420734,0.9396462,0.001630272,-0.004788826,-0.01962586,2.6,22
0,-3.214187,0.8017395,7.386797,-3.286437,0.7779488,7.034725,-3.357041,0.8132018,7.181375,0.2323334,-0.1249195,-0.964581,0,-0.0007653497,0.9916943,-0.1286152,0,-0.9726359,-0.03061985,-0.2303081,0,7.782537,-2.25726,-4.959607,1,0.2323333,-0.0007653589,-0.9726359,0,-0.1249195,0.9916943,-0.03061984,0,-0.9645809,-0.1286152,-0.230308,0,-6.874062,1.606587,6.358221,1,1,1,0.004177021,-0.3355514,0.9420127,0.001581688,-0.004758255,-0.01962686,2.62,23
0,-3.191261,0.750365,7.390699,-3.269276,0.6892674,7.03543,-3.349219,0.747535,7.180623,0.2335702,-0.1118712,-0.965883,0,0.00176736,0.9934065,-0.1146317,0,-0.9723384,-0.02506748,-0.2322279,0,7.78553,-2.204444,-4.978335,1,0.2335702,0.00176735,-0.9723384,0,-0.1118712,0.9934065,-0.02506747,0,-0.9658828,-0.1146316,-0.2322279,0,-6.873569,1.605474,6.358801,1,1,1,0.005620369,-0.3379094,0.9411618,0.001580597,-0.004711365,-0.01961243,2.64,24
0,-3.154351,0.7121943,7.396819,-3.25916,0.6629886,7.033588,-3.34637,0.7211943,7.177397,0.2347277,-0.1004614,-0.966856,0,0.004071388,0.994738,-0.1023701,0,-0.9720527,-0.02009265,-0.2339016,0,7.788429,-2.158619,-4.993642,1,0.2347277,0.00407139,-0.9720526,0,-0.1004614,0.9947381,-0.02009265,0,-0.9668559,-0.1023701,-0.2339016,0,-6.87315,1.604352,6.35937,1,1,1,0.007344937,-0.3324601,0.9430888,0.001575874,-0.004697228,-0.0196073,2.66,25
0,-3.151246,0.7647389,7.390808,-3.262988,0.6881249,7.032224,-3.351415,0.7592593,7.172638,0.2354428,-0.09561803,-0.9671732,0,0.005121566,0.9952568,-0.09714772,0,-0.9718748,-0.01791929,-0.2348157,0,7.790722,-2.13948,-4.998202,1,0.2354427,0.005121559,-0.9718746,0,-0.09561802,0.9952568,-0.01791928,0,-0.967173,-0.09714772,-0.2348157,0,-6.872968,1.603868,6.359611,1,1,1,0.008868492,-0.3184223,0.9479074,0.001570671,-0.004617165,-0.01958193,2.68,26
0,-3.205609,0.8106209,7.384868,-3.272174,0.6770799,7.038634,-3.351722,0.7686796,7.181028,0.2364993,-0.086677,-0.9677579,0,0.005608309,0.9961182,-0.08784655,0,-0.9716155,-0.01534817,-0.2360674,0,7.795953,-2.094934,-5.008634,1,0.2364992,0.0056083,-0.9716154,0,-0.08667699,0.9961182,-0.01534816,0,-0.9677577,-0.08784653,-0.2360674,0,-6.872464,1.603088,6.36014,1,1,1,0.007731181,-0.3070139,0.9516737,0.001568352,-0.00457074,-0.01956365,2.7,27
0,-3,0.8211689,7.39029,-3.278222,0.7050118,7.039274,-3.356361,0.8074246,7.156901,0.2371312,-0.07868527,-0.9682859,0,0.005057253,0.996801,-0.07976397,0,-0.9714645,-0.01401766,-0.2367706,0,7.800605,-2.04894,-5.020237,1,0.2371312,0.005057251,-0.9714645,0,-0.07868526,0.9968009,-0.01401766,0,-0.9682857,-0.07976396,-0.2367706,0,-6.872013,1.602502,6.360645,1,1,1,0.01471402,-0.2900935,0.9568852,0.001545121,-0.004453965,-0.01953788,2.72,28
0,-3,0.8948743,7.39749,-3.28215,0.7015507,7.043033,-3.30185,0.8265409,7.174719,0.2374696,-0.07153957,-0.9687572,0,0.00459018,0.9973559,-0.07252632,0,-0.9713842,-0.01277604,-0.2371702,0,7.803535,-2.007946,-5.032176,1,0.2374696,0.00459017,-0.971384,0,-0.07153957,0.9973559,-0.01277602,0,-0.968757,-0.07252631,-0.23717,0,-6.871705,1.601853,6.361094,1,1,1,0.01390955,-0.2751653,0.9612963,0.001529357,-0.004390862,-0.01952188,2.74,29
0,-3,0.8482478,7.398238,-3.275108,0.6969762,7.037961,-3.35765,0.8162208,7.159252,0.2376584,-0.06474497,-0.9691886,0,0.00472164,0.9978413,-0.06550126,0,-0.9713373,-0.01099077,-0.2374511,0,7.804654,-1.972935,-5.044114,1,0.2376584,0.004721635,-0.9713372,0,-0.06474497,0.9978412,-0.01099077,0,-0.9691887,-0.06550126,-0.2374511,0,-6.871277,1.601429,6.361537,1,1,1,0.01483758,-0.2740707,0.9615951,0.00150953,-0.004299179,-0.01949581,2.76,30
0,-3,0.8280782,7.400808,-3.307132,0.8175985,7.046851,-3.179879,0.8265409,7.208896,0.2372569,-0.05420892,-0.9699333,0,0.005451109,0.9985004,-0.05447212,0,-0.9714317,-0.007636676,-0.2371966,0,7.801898,-1.921873,-5.067858,1,0.2372569,0.005451107,-0.9714317,0,-0.05420892,0.9985004,-0.007636672,0,-0.9699332,-0.05447211,-0.2371966,0,-6.87072,1.600405,6.362255,1,1,1,0.01223727,-0.2511104,0.9678811,0.001491371,-0.004251061,-0.01948874,2.8,31
0,-3,0.7886645,7.399229,-3.30295,0.8193144,7.045379,-3.26129,0.8265409,7.188371,0.2370795,-0.04686996,-0.970359,0,0.006691869,0.9988906,-0.04661312,0,-0.9714673,-0.004557505,-0.2371301,0,7.799244,-1.891002,-5.083533,1,0.2370794,0.006691861,-0.971467,0,-0.04686996,0.9988907,-0.004557499,0,-0.970359,-0.04661312,-0.2371301,0,-6.870523,1.599753,6.362632,1,1,1,0.01232508,-0.2476392,0.9687739,0.00148587,-0.004213013,-0.01948172,2.82,32
0,-3,0.7778217,7.40112,-3.287331,0.7635352,7.03769,-3.357889,0.8161485,7.161766,0.2375402,-0.03967271,-0.9705673,0,0.008432771,0.9992122,-0.03877973,0,-0.9713412,-0.001027172,-0.2376876,0,7.799117,-1.863945,-5.093498,1,0.2375401,0.00843277,-0.971341,0,-0.03967271,0.9992122,-0.001027172,0,-0.9705672,-0.03877972,-0.2376876,0,-6.870133,1.599184,6.363026,1,1,1,0.013598,-0.2479582,0.9686753,0.001482269,-0.004178429,-0.01947626,2.84,33
0,-3,0.7711713,7.403701,-3.285594,0.7819152,7.03342,-3.353598,0.821498,7.161631,0.2382823,-0.03632217,-0.9705166,0,0.009856726,0.9993394,-0.03498085,0,-0.971146,0.001230795,-0.238483,0,7.800931,-1.855074,-5.0941,1,0.2382823,0.009856721,-0.9711458,0,-0.03632217,0.9993393,0.001230798,0,-0.9705164,-0.03498084,-0.2384829,0,-6.870112,1.598761,6.363269,1,1,1,0.01442084,-0.2426261,0.9700127,0.001483323,-0.004160484,-0.0194732,2.86,34
0,-3,0.7773364,7.408831,-3.285187,0.7927963,7.031402,-3.339034,0.8265409,7.166203,0.239197,-0.02978078,-0.9705143,0,0.01126494,0.9995474,-0.02789527,0,-0.9709058,0.004260315,-0.2394242,0,7.803729,-1.829168,-5.098993,1,0.239197,0.01126494,-0.9709057,0,-0.02978078,0.9995474,0.004260319,0,-0.9705142,-0.02789528,-0.2394242,0,-6.869747,1.598194,6.363656,1,1,1,0.01482804,-0.2335729,0.9722262,0.001483895,-0.004135986,-0.01947062,2.88,35
0,-3,0.8263443,7.41328,-3.273557,0.8265409,7.068072,-3.142865,0.8265409,7.231301,0.2410135,-0.02293838,-0.9702507,0,0.01331866,0.9997047,-0.02032632,0,-0.9704304,0.008023515,-0.2412478,0,7.810314,-1.805736,-5.09701,1,0.2410135,0.01331865,-0.9704303,0,-0.02293837,0.9997047,0.008023515,0,-0.9702505,-0.02032632,-0.2412478,0,-6.869187,1.597576,6.364211,1,1,1,0.01143081,-0.2155731,0.9764208,0.001555741,-0.004084473,-0.0194755,2.9,36
0,-3.286328,0.7084,7.435312,-3.400156,0.6181167,7.123847,-3.25668,0.6390409,7.297428,0.243345,-0.01751373,-0.9697817,0,0.01458473,0.99979,-0.01439595,0,-0.9698302,0.01064082,-0.2435493,0,7.820865,-1.784896,-5.088051,1,0.243345,0.01458472,-0.9698302,0,-0.01751373,0.99979,0.01064082,0,-0.9697816,-0.01439595,-0.2435493,0,-6.868727,1.597209,6.364712,1,1,1,-0.01065892,-0.2602656,0.9654782,0.001664948,-0.004243416,-0.01951147,2.92,37
0,-3.29584,0.6968589,7.445962,-3.530628,0.6280228,7.119209,-3.321538,0.6351057,7.299599,0.2445582,-0.01490957,-0.96952,0,0.01489271,0.9998216,-0.01161892,0,-0.9695203,0.01159727,-0.2447366,0,7.827003,-1.772885,-5.082835,1,0.2445582,0.01489271,-0.9695202,0,-0.01490957,0.9998216,0.01159727,0,-0.96952,-0.01161892,-0.2447366,0,-6.8685,1.596946,6.365042,1,1,1,-0.01433242,-0.2623486,0.9648668,0.001643936,-0.004233307,-0.01950362,2.94,38
0,-3.304058,0.6938106,7.456551,-3.536888,0.6162996,7.121328,-3.387047,0.6430852,7.290452,0.2475761,-0.009001093,-0.9688267,0,0.01558517,0.9998645,-0.005306787,0,-0.9687431,0.0137855,-0.2476828,0,7.842152,-1.745767,-5.06902,1,0.2475761,0.01558517,-0.9687431,0,-0.009001094,0.9998645,0.0137855,0,-0.9688267,-0.005306787,-0.2476828,0,-6.868245,1.596409,6.365588,1,1,1,-0.01351324,-0.2584492,0.9659303,0.001639038,-0.004212426,-0.01950154,2.96,39
0,-3.294038,0.6628734,7.450177,-3.539518,0.6103106,7.130698,-3.39454,0.6279354,7.289212,0.2513594,-0.002568906,-0.9678905,0,0.01635006,0.9998651,0.001592311,0,-0.9677558,0.0162253,-0.2513675,0,7.861313,-1.716425,-5.049994,1,0.2513594,0.01635006,-0.9677556,0,-0.002568904,0.9998651,0.0162253,0,-0.9678904,0.001592309,-0.2513674,0,-6.868264,1.595702,6.366275,1,1,1,-0.01002241,-0.2559887,0.9666278,0.001638016,-0.004179474,-0.01949594,2.98,40
0,-3.311546,0.6525979,7.475396,-3.542689,0.5875357,7.153254,-3.48083,0.6325537,7.29265,0.2580352,0.00447536,-0.9661252,0,0.01825935,0.999788,0.009508053,0,-0.965963,0.02009423,-0.2578988,0,7.893557,-1.691868,-5.008867,1,0.2580352,0.01825935,-0.9659629,0,0.004475361,0.9997881,0.02009423,0,-0.966125,0.009508051,-0.2578987,0,-6.868435,1.595003,6.367099,1,1,1,-0.01069614,-0.2526066,0.9675099,0.001637634,-0.004176697,-0.01949633,3,41
0,-3.321539,0.6283305,7.518916,-3.497779,0.5390674,7.202975,-3.550858,0.6223444,7.314749,0.2697217,0.01158714,-0.9628686,0,0.02041841,0.999634,0.01774925,0,-0.9627219,0.02444761,-0.2693864,0,7.951037,-1.669815,-4.92642,1,0.2697217,0.02041841,-0.9627218,0,0.01158714,0.999634,0.0244476,0,-0.9628686,0.01774924,-0.2693863,0,-6.868713,1.594296,6.368349,1,1,1,-0.01046713,-0.2514616,0.9678108,0.001638925,-0.004171799,-0.01949723,3.02,42
0,-3.403754,0.6317925,7.520341,-3.541612,0.5328525,7.217499,-3.48875,0.5850842,7.359225,0.2771283,0.01516818,-0.9607132,0,0.02138365,0.9995304,0.0219494,0,-0.960595,0.02662636,-0.2766739,0,7.987659,-1.658528,-4.871995,1,0.2771284,0.02138366,-0.960595,0,0.01516818,0.9995304,0.02662636,0,-0.9607131,0.0219494,-0.2766739,0,-6.86904,1.593881,6.369113,1,1,1,-0.01019487,-0.2516508,0.9677644,0.001640746,-0.004169197,-0.01949831,3.04,43
0,-3,0.5195947,7.738398,-3.570866,0.5373721,7.277131,-3.552027,0.6010798,7.408545,0.2954003,0.02318636,-0.9550922,0,0.02311399,0.9992394,0.03140702,0,-0.955094,0.03135363,-0.2946396,0,8.077245,-1.632366,-4.734233,1,0.2954003,0.02311399,-0.9550939,0,0.02318636,0.9992394,0.03135363,0,-0.9550922,0.03140702,-0.2946396,0,-6.869801,1.593115,6.370815,1,1,1,-0.009809173,-0.2415809,0.9703311,0.001648208,-0.00415921,-0.01949748,3.06,44
0,-3.312505,0.6729498,7.638633,-3.602646,0.4854228,7.335951,-3.553458,0.6009877,7.449217,0.3196775,0.03376376,-0.9469247,0,0.02688543,0.9986393,0.04468412,0,-0.947145,0.03974299,-0.3183348,0,8.189564,-1.611392,-4.54836,1,0.3196775,0.02688543,-0.9471449,0,0.03376376,0.9986393,0.03974298,0,-0.9469246,0.04468411,-0.3183347,0,-6.870566,1.592259,6.372844,1,1,1,0.003431245,-0.2280801,0.9736363,0.001771232,-0.004122398,-0.01951039,3.08,45
0,-3.063861,0.163093,8.365695,-3,0.1029307,7.927839,-3,0.1208382,8.158612,0.3501968,0.04599646,-0.9355461,0,0.03064291,0.9976963,0.06052246,0,-0.9361748,0.04986262,-0.3479806,0,8.325946,-1.589195,-4.306496,1,0.3501968,0.0306429,-0.9361748,0,0.04599646,0.9976963,0.04986262,0,-0.9355461,0.06052246,-0.3479806,0,-6.871547,1.591043,6.375205,1,1,1,-0.07978074,-0.2640837,0.9611945,0.002326515,-0.004344246,-0.01961227,3.1,46
0,-5.845541,0.9248347,7.132212,-5.860939,0.9201207,7.149805,-5.853266,0.922501,7.140922,0.3829457,0.06058364,-0.9217822,0,0.03160868,0.9964035,0.07861963,0,-0.92323,0.05924337,-0.3796535,0,8.469901,-1.545071,-4.038965,1,0.3829456,0.03160868,-0.9232299,0,0.06058364,0.9964034,0.05924335,0,-0.921782,0.07861961,-0.3796534,0,-6.872951,1.589333,6.377794,1,1,1,-0.232785,-0.3799471,0.8952382,0.003429565,-0.004849083,-0.0199651,3.12,47
0,-5.743601,0.8494123,7.391242,-5.653298,0.8017896,7.378481,-5.700675,0.8266243,7.385136,0.4256728,0.08468699,-0.9009056,0,0.02843583,0.9938672,0.1068614,0,-0.9044303,0.07110598,-0.4206542,0,8.653039,-1.448361,-3.679374,1,0.4256729,0.02843584,-0.9044303,0,0.08468699,0.9938672,0.07110596,0,-0.9009054,0.1068613,-0.4206541,0,-6.875475,1.586605,6.381314,1,1,1,-0.2486908,-0.3332961,0.909432,0.003125549,-0.004755142,-0.01990443,3.16,48
0,-5.707845,0.8530498,7.408293,-5.881577,0.8976096,7.233818,-5.716345,0.8229538,7.384152,0.4494172,0.09986937,-0.8877221,0,0.02659423,0.9917951,0.1250412,0,-0.8929262,0.07980397,-0.4430738,0,8.748512,-1.394432,-3.474859,1,0.4494171,0.02659424,-0.892926,0,0.09986939,0.9917951,0.07980396,0,-0.8877219,0.1250412,-0.4430737,0,-6.877178,1.584831,6.383437,1,1,1,-0.2284754,-0.3210953,0.9190738,0.00288372,-0.004690926,-0.01983462,3.18,49
0,-5.690928,0.8205159,7.383499,-5.825337,0.893146,7.250476,-5.678433,0.8063366,7.3797,0.4689423,0.1123709,-0.8760513,0,0.02545466,0.9897421,0.1405796,0,-0.882862,0.08822332,-0.4612716,0,8.822638,-1.357506,-3.303083,1,0.4689423,0.02545466,-0.8828619,0,0.1123709,0.9897421,0.08822331,0,-0.8760513,0.1405796,-0.4612716,0,-6.878434,1.58335,6.385316,1,1,1,-0.1918463,-0.308134,0.9317985,0.002469445,-0.004521469,-0.01967813,3.2,50
0,-5.71364,0.8355685,7.387533,-5.909684,0.9126878,7.177545,-5.842716,0.8931142,7.250595,0.4837696,0.1218111,-0.866677,0,0.02511368,0.987927,0.1528709,0,-0.874835,0.09571974,-0.47487,0,8.875896,-1.336257,-3.171113,1,0.4837696,0.02511369,-0.874835,0,0.1218111,0.987927,0.09571971,0,-0.866677,0.1528709,-0.4748698,0,-6.879449,1.581989,6.386984,1,0.9299343,0.9912264,-0.1785011,-0.3049116,0.9355032,0.002260415,-0.004359757,-0.01964629,3.22,51
0,-5.666798,0.8481899,7.390914,-5.8064,0.9006156,7.222599,-4.301607,-3.2772E-08,8.448129,0.4895449,0.1257637,-0.8628612,0,0.0254676,0.9870601,0.158315,0,-0.8716062,0.09947733,-0.4800074,0,8.895239,-1.33121,-3.120589,1,0.4895448,0.02546761,-0.8716061,0,0.1257637,0.9870602,0.09947731,0,-0.8628611,0.158315,-0.4800072,0,-6.879836,1.58148,6.387664,1,0.9277356,0.9711708,-0.1566663,-0.2794152,0.9473029,0.002099824,-0.004263764,-0.01959679,3.24,52
0,-5.79398,0.9298301,7.236577,-5.804949,0.9067533,7.206954,-5.803907,0.9209457,7.217994,0.4988883,0.1327992,-0.8564315,0,0.0266161,0.9853768,0.168298,0,-0.8662575,0.1067568,-0.4880583,0,8.925086,-1.32563,-3.040589,1,0.4988883,0.0266161,-0.8662575,0,0.1327992,0.9853767,0.1067568,0,-0.8564314,0.168298,-0.4880583,0,-6.880633,1.580419,6.388958,1,0.9401566,0.9542584,-0.1312145,-0.2710135,0.9535903,0.001981507,-0.00416639,-0.0195615,3.26,53
0,-5.782085,0.9582846,7.221018,-5.808185,0.9073392,7.197506,-5.801386,0.9362896,7.204194,0.5060865,0.1384325,-0.8513007,0,0.02820513,0.9838508,0.1767545,0,-0.8620214,0.1134641,-0.4940091,0,8.946587,-1.32637,-2.980639,1,0.5060865,0.02820514,-0.8620213,0,0.1384325,0.9838507,0.1134641,0,-0.8513007,0.1767545,-0.494009,0,-6.881553,1.579452,6.390182,1,0.9508837,0.9429862,-0.1154762,-0.2552179,0.9599631,0.001834885,-0.004085549,-0.01953584,3.28,54
0,-5.760914,0.9694452,7.232002,-5.800104,0.920814,7.170628,-5.792617,0.9515378,7.191381,0.5113735,0.1432052,-0.8473426,0,0.03038873,0.9823874,0.1843682,0,-0.8588211,0.1200307,-0.498015,0,8.960466,-1.332398,-2.93978,1,0.5113735,0.03038875,-0.8588211,0,0.1432052,0.9823874,0.1200307,0,-0.8473426,0.1843682,-0.4980151,0,-6.882339,1.578635,6.391311,1,0.988194,0.9601113,-0.09991965,-0.2386349,0.9659552,0.001792366,-0.004033417,-0.01952564,3.3,55
0,-5.777042,0.9556663,7.239033,-5.798003,0.9209375,7.165411,-5.797222,0.9436866,7.193938,0.5154527,0.1477174,-0.8440901,0,0.03325176,0.9808404,0.1919545,0,-0.8562727,0.1270109,-0.5006649,0,8.969057,-1.342686,-2.912238,1,0.5154527,0.03325177,-0.8562726,0,0.1477174,0.9808403,0.1270109,0,-0.84409,0.1919544,-0.5006649,0,-6.882977,1.577741,6.392437,1,1,1,-0.0990327,-0.2357177,0.9667624,0.001722022,-0.003999489,-0.01948455,3.32,56
0,-5.77808,0.9613619,7.223868,-5.797627,0.9212286,7.164801,-5.795516,0.9454949,7.187921,0.5167673,0.1498464,-0.8429103,0,0.03523422,0.9800068,0.1958196,0,-0.8554007,0.1308925,-0.5011556,0,8.970036,-1.351139,-2.907059,1,0.5167671,0.03523425,-0.8554006,0,0.1498464,0.9800068,0.1308924,0,-0.8429102,0.1958196,-0.5011556,0,-6.883346,1.577332,6.392938,1,1,1,-0.09417707,-0.2311437,0.9683508,0.001716178,-0.003985008,-0.01948491,3.34,57
0,-5.786721,0.9603984,7.204697,-5.806931,0.9208148,7.147214,-5.796037,0.9399704,7.175725,0.5194067,0.1538157,-0.8405697,0,0.03892265,0.978387,0.203086,0,-0.8536403,0.1382014,-0.5021938,0,8.97255,-1.367213,-2.895947,1,0.5194067,0.03892265,-0.8536403,0,0.1538156,0.9783869,0.1382014,0,-0.8405697,0.203086,-0.5021939,0,-6.884348,1.576554,6.393955,1,1,1,-0.08561648,-0.2286946,0.969726,0.001712829,-0.003971031,-0.0194855,3.36,58
0,-5.77267,0.9333403,7.261575,-5.836262,0.9139672,7.172771,-5.804577,0.9231983,7.215163,0.5220661,0.1558838,-0.8385388,0,0.0430054,0.9770943,0.208416,0,-0.8518201,0.1448686,-0.503404,0,8.974077,-1.393059,-2.882618,1,0.5220661,0.04300541,-0.8518201,0,0.1558838,0.9770943,0.1448686,0,-0.8385386,0.208416,-0.503404,0,-6.885093,1.575999,6.394989,1,1,1,-0.1080132,-0.2274365,0.9677839,0.001958587,-0.004070602,-0.01955139,3.38,59
0,-5.819684,0.8035368,7.37895,-6.048531,0.9203983,7.148769,-5.995778,0.906192,7.201787,0.5257263,0.1566144,-0.8361123,0,0.04671168,0.9761074,0.2122084,0,-0.8493703,0.1506197,-0.5058496,0,8.979425,-1.422692,-2.856548,1,0.5257263,0.04671167,-0.8493702,0,0.1566144,0.9761074,0.1506197,0,-0.8361123,0.2122084,-0.5058495,0,-6.886301,1.57544,6.396159,1,1,1,-0.1792871,-0.2787857,0.9434695,0.002282966,-0.00424672,-0.01962142,3.4,60
0,-5.811432,0.7937247,7.376321,-6.058641,0.9177967,7.158478,-6.00658,0.9072817,7.197721,0.5300376,0.1578067,-0.8331611,0,0.05017584,0.9749729,0.2165876,0,-0.8464884,0.1566041,-0.5088542,0,8.986776,-1.450687,-2.823647,1,0.5300375,0.05017585,-0.8464882,0,0.1578067,0.974973,0.1566041,0,-0.8331609,0.2165876,-0.5088542,0,-6.886952,1.575029,6.39756,1,1,1,-0.1783939,-0.2768272,0.9442152,0.002340424,-0.004222344,-0.01962601,3.42,61
0,-5.825517,0.8104358,7.380799,-6.052181,0.916146,7.164639,-5.993663,0.9020593,7.217211,0.5325265,0.1584534,-0.8314494,0,0.05171049,0.9743953,0.2188148,0,-0.8448323,0.1595193,-0.5106975,0,8.991667,-1.463772,-2.803442,1,0.5325264,0.05171049,-0.8448322,0,0.1584534,0.9743953,0.1595193,0,-0.8314493,0.2188148,-0.5106975,0,-6.887281,1.574764,6.398239,1,1,1,-0.1802939,-0.2699384,0.9458475,0.002346793,-0.004217903,-0.01963037,3.44,62
0,-5.836276,0.8072585,7.379948,-6.064164,0.9170546,7.161248,-6.007537,0.9033692,7.212322,0.5384317,0.1596994,-0.827398,0,0.05451308,0.9732198,0.2233196,0,-0.8409041,0.1653464,-0.5153067,0,9.004421,-1.490208,-2.753011,1,0.5384316,0.05451309,-0.8409041,0,0.1596994,0.9732198,0.1653463,0,-0.8273979,0.2233196,-0.5153067,0,-6.888116,1.574242,6.39961,1,1,1,-0.1784164,-0.2686139,0.9465803,0.002351196,-0.004216881,-0.01963177,3.46,63
0,-5.851839,0.8039539,7.379062,-6.080323,0.9187299,7.154995,-6.025686,0.9051241,7.205773,0.5450237,0.1619971,-0.8226216,0,0.0560261,0.971926,0.2285191,0,-0.8365467,0.1706366,-0.5206466,0,9.021252,-1.505841,-2.69373,1,0.5450236,0.05602612,-0.8365467,0,0.1619971,0.971926,0.1706366,0,-0.8226214,0.2285191,-0.5206466,0,-6.888773,1.573709,6.401168,1,1,1,-0.1764837,-0.2681744,0.947067,0.002354454,-0.004215302,-0.01963207,3.48,64
0,-5.853586,0.8145083,7.38189,-6.091464,0.9188386,7.15459,-6.023244,0.9025934,7.215218,0.5518286,0.1642467,-0.8176236,0,0.05692992,0.9707076,0.2334218,0,-0.8320121,0.1753561,-0.5263137,0,9.039569,-1.518358,-2.630211,1,0.5518286,0.05692995,-0.8320121,0,0.1642468,0.9707077,0.1753561,0,-0.8176236,0.2334218,-0.5263136,0,-6.88943,1.573209,6.402968,1,1,1,-0.1725147,-0.2620488,0.9495099,0.002358628,-0.00421344,-0.01963071,3.5,65
0,-5.866966,0.8126131,7.381382,-6.107419,0.9185793,7.155557,-6.039166,0.9029417,7.213918,0.5594739,0.1654861,-0.8121597,0,0.05789045,0.9696708,0.2374598,0,-0.8268239,0.1798688,-0.5329254,0,9.059423,-1.536875,-2.556082,1,0.5594738,0.05789047,-0.8268239,0,0.1654861,0.9696708,0.1798688,0,-0.8121596,0.2374598,-0.5329254,0,-6.890126,1.572776,6.404782,1,0.9329678,0.9997157,-0.1708715,-0.262051,0.9498064,0.002353455,-0.004209709,-0.01963022,3.52,66
0,-5.974997,0.8974876,7.234273,-6.110922,0.9190434,7.153825,-6.046522,0.9094852,7.189497,0.563436,0.1658144,-0.8093488,0,0.05872649,0.9691351,0.2394335,0,-0.8240699,0.1824357,-0.5363079,0,9.068769,-1.550053,-2.517969,1,0.563436,0.05872652,-0.8240697,0,0.1658144,0.969135,0.1824357,0,-0.8093488,0.2394335,-0.5363079,0,-6.890565,1.57252,6.405676,1,1,1,-0.1571219,-0.2638885,0.9516699,0.002340186,-0.004173126,-0.01960813,3.54,67
0,-5.98863,0.899793,7.225669,-6.090193,0.9117757,7.180949,-6.041103,0.9064118,7.200967,0.5716004,0.1662015,-0.8035235,0,0.06049207,0.9680708,0.2432686,0,-0.8182993,0.1876592,-0.5432957,0,9.087141,-1.579002,-2.438633,1,0.5716004,0.06049208,-0.8182993,0,0.1662015,0.9680709,0.1876593,0,-0.8035235,0.2432687,-0.5432959,0,-6.89128,1.572129,6.407416,1,0.9372403,0.9727721,-0.1516912,-0.257793,0.9542183,0.002324287,-0.004161324,-0.01960484,3.56,68
0,-6.007649,0.9008373,7.221772,-6.065714,0.9090288,7.1912,-6.037136,0.9052579,7.205274,0.5799397,0.166002,-0.7975672,0,0.06270493,0.9670188,0.2468659,0,-0.8122427,0.1931787,-0.5504034,0,9.104079,-1.613864,-2.357076,1,0.5799396,0.06270494,-0.8122426,0,0.166002,0.9670188,0.1931787,0,-0.7975672,0.2468659,-0.5504033,0,-6.891839,1.571648,6.409142,1,0.9621468,0.974437,-0.1431036,-0.2528722,0.9568579,0.002256585,-0.004124893,-0.01959997,3.58,69
0,-6.01188,0.8991135,7.228205,-6.078849,0.9121444,7.179573,-6.046071,0.9061196,7.202058,0.5887091,0.1652569,-0.7912723,0,0.06510524,0.9660057,0.2501884,0,-0.8057189,0.1988041,-0.5579373,0,9.120895,-1.653324,-2.270083,1,0.5887091,0.06510524,-0.8057189,0,0.1652569,0.9660057,0.1988041,0,-0.7912723,0.2501884,-0.5579372,0,-6.892584,1.571251,6.411002,1,0.9725274,0.9889895,-0.1363076,-0.2520363,0.9580699,0.002233727,-0.004116234,-0.01959806,3.6,70
0,-6.007362,0.8937467,7.248234,-6.078385,0.9109392,7.184071,-6.043737,0.9029775,7.213784,0.5983002,0.1646827,-0.7841662,0,0.0673829,0.964844,0.2540385,0,-0.7984337,0.2048307,-0.5661696,0,9.138571,-1.694018,-2.173645,1,0.5983002,0.06738294,-0.7984337,0,0.1646827,0.964844,0.2048306,0,-0.784166,0.2540385,-0.5661696,0,-6.893133,1.570869,6.412879,1,0.9928787,0.9960296,-0.1309533,-0.2467748,0.960184,0.002214295,-0.004113693,-0.01959575,3.62,71
0,-6.004909,0.8910927,7.258139,-6.086593,0.912922,7.176671,-6.04701,0.9028695,7.214188,0.6035916,0.1639869,-0.7802472,0,0.06867002,0.9642903,0.2557903,0,-0.794331,0.2079724,-0.5707765,0,9.147743,-1.71803,-2.119342,1,0.6035915,0.06867003,-0.794331,0,0.1639869,0.9642903,0.2079724,0,-0.7802471,0.2557902,-0.5707765,0,-6.893375,1.570611,6.413968,1,0.9928787,0.9960296,-0.1270208,-0.2458885,0.9609395,0.002198951,-0.004107926,-0.01959451,3.64,72
0,-5.74293,0.7012162,7.974924,-5.934348,0.7926469,7.633721,-5.847065,0.752464,7.783665,0.6147946,0.1617214,-0.7719287,0,0.07113547,0.9633916,0.2584887,0,-0.7854728,0.2138289,-0.5807838,0,9.166417,-1.769809,-2.001148,1,0.6147946,0.07113548,-0.7854727,0,0.1617215,0.9633916,0.2138289,0,-0.7719287,0.2584886,-0.5807837,0,-6.89399,1.570236,6.416173,1,1,1,-0.2552759,-0.1674032,0.952266,0.002821029,-0.003816613,-0.01962688,3.66,73
0,-5.058978,1.411694E-08,9.618065,-5.915017,0.7259158,7.882745,-5.049159,2.552689E-08,9.366854,0.6278955,0.1583926,-0.76201,0,0.07324339,0.9627021,0.2604613,0,-0.7748437,0.2193546,-0.5928751,0,9.187727,-1.827252,-1.857392,1,0.6278954,0.0732434,-0.7748437,0,0.1583925,0.9627021,0.2193547,0,-0.7620097,0.2604612,-0.5928751,0,-6.89486,1.569938,6.418667,1,1,1,-0.3243051,-0.1482787,0.9342589,0.003276176,-0.003676255,-0.01971507,3.68,74
0,-5.845641,0.529922,8.753733,-5.100399,9.52479E-09,9.6817,-5.545003,0.310988,9.143733,0.6430703,0.154765,-0.7500055,0,0.07417434,0.9621737,0.262145,0,-0.7622065,0.2242088,-0.6072658,0,9.212252,-1.883033,-1.683847,1,0.6430703,0.07417435,-0.7622064,0,0.1547651,0.9621737,0.2242088,0,-0.7500056,0.262145,-0.6072658,0,-6.895593,1.569904,6.421287,1,1,1,-0.3940073,-0.1173459,0.9115856,0.003693528,-0.003624016,-0.01985894,3.7,75
0,-5.919494,0.5685188,8.753733,-5.537023,0.2317122,9.143733,-5.331963,-7.718759E-09,9.844622,0.6604179,0.150426,-0.7356766,0,0.07461394,0.9617339,0.2636297,0,-0.747182,0.2289975,-0.6239225,0,9.237478,-1.943416,-1.479179,1,0.660418,0.07461394,-0.747182,0,0.1504261,0.9617339,0.2289975,0,-0.7356766,0.2636297,-0.6239224,0,-6.896453,1.569759,6.424222,1,1,1,-0.401343,-0.1190389,0.9081594,0.003863639,-0.003643067,-0.01990363,3.72,76
0,-5.890497,0.5717238,8.753733,-5.524405,0.25823,9.143733,-5.282896,-7.291018E-09,9.883904,0.6702646,0.1467654,-0.727465,0,0.07581571,0.961579,0.263852,0,-0.7382393,0.2320039,-0.6333852,0,9.247698,-1.988059,-1.361489,1,0.6702647,0.07581572,-0.7382393,0,0.1467654,0.961579,0.2320039,0,-0.727465,0.263852,-0.6333852,0,-6.897062,1.569787,6.425905,1,1,1,-0.384434,-0.112564,0.9162641,0.0038246,-0.003643196,-0.01988006,3.74,77
0,-5.933377,0.565101,8.753733,-5.552551,0.2800547,9.144629,-5.846234,0.5172631,8.753733,0.6918475,0.1368475,-0.7089569,0,0.07959323,0.9614372,0.2632553,0,-0.7176434,0.2385607,-0.6542758,0,9.261585,-2.099317,-1.097161,1,0.6918474,0.07959324,-0.7176433,0,0.1368475,0.9614373,0.2385606,0,-0.7089568,0.2632552,-0.6542758,0,-6.898158,1.570036,6.429484,1,1,1,-0.3698176,-0.1115897,0.9223788,0.003787659,-0.00361853,-0.01984902,3.76,78
0,-5.980039,0.6085805,8.766771,-5.452201,-3.931305E-09,9.637736,-5.925811,0.5261903,8.753733,0.7153329,0.1256676,-0.6873912,0,0.08304882,0.9614354,0.2621925,0,-0.6938313,0.2446419,-0.6773098,0,9.268888,-2.216332,-0.797183,1,0.7153327,0.08304885,-0.6938313,0,0.1256676,0.9614354,0.2446419,0,-0.6873912,0.2621925,-0.6773098,0,-6.899795,1.570105,6.433312,1,1,1,-0.3658198,-0.1129795,0.9238027,0.003764383,-0.003598519,-0.01983393,3.78,79
0,-5.962342,0.5806091,8.766771,-5.371791,-3.358466E-09,9.705042,-5.900162,0.5233771,8.753733,0.738938,0.1167184,-0.6635869,0,0.08405662,0.9612174,0.26267,0,-0.6685097,0.2498757,-0.7004691,0,9.271313,-2.312129,-0.4832053,1,0.7389379,0.08405665,-0.6685097,0,0.1167184,0.9612175,0.2498757,0,-0.6635869,0.26267,-0.7004691,0,-6.901705,1.570067,6.437236,1,1,1,-0.3271232,-0.1114789,0.9383832,0.003576843,-0.00362835,-0.0197629,3.8,80
0,-6.036005,0.6046079,8.766771,-5.463506,-5.991637E-09,9.673567,-5.965292,0.530755,8.753733,0.7619941,0.1094352,-0.6382703,0,0.08417192,0.9605194,0.2651747,0,-0.6420904,0.255786,-0.7226987,0,9.264238,-2.39983,-0.1677299,1,0.7619941,0.08417191,-0.6420903,0,0.1094352,0.9605193,0.2557859,0,-0.6382703,0.2651746,-0.7226987,0,-6.903727,1.569772,6.441102,1,1,1,-0.3161243,-0.1102189,0.9422936,0.003415413,-0.0036689,-0.01974346,3.82,81
0,-6.0118,0.5833361,8.766771,-5.471923,-7.179917E-09,9.692334,-5.958481,0.522614,8.753733,0.773513,0.1061142,-0.6248341,0,0.08417499,0.9599492,0.2672305,0,-0.6281658,0.2593016,-0.733601,0,9.256182,-2.444598,-0.007245541,1,0.7735128,0.08417504,-0.6281659,0,0.1061142,0.9599492,0.2593016,0,-0.6248339,0.2672304,-0.733601,0,-6.904896,1.569487,6.442991,1,1,1,-0.2973491,-0.1106209,0.9483388,0.003241013,-0.003691086,-0.01970454,3.84,82
0,-5.990644,0.5983372,8.766771,-5.503107,-8.79449E-09,9.698088,-5.959674,0.5309016,8.753733,0.7954307,0.1001305,-0.5977156,0,0.08341973,0.9587795,0.2716303,0,-0.6002759,0.2659244,-0.7542899,0,9.233314,-2.527094,0.3078799,1,0.7954307,0.08341975,-0.6002759,0,0.1001305,0.9587795,0.2659243,0,-0.5977156,0.2716303,-0.7542897,0,-6.907398,1.569055,6.446781,1,1,1,-0.2648559,-0.1041212,0.9586502,0.003043777,-0.003704384,-0.01964448,3.86,83
0,-5.952467,0.5291279,8.753733,-5.498862,-4.692446E-09,9.608489,-5.486985,-1.110985E-08,9.767179,0.815705,0.09494552,-0.570623,0,0.08194312,0.9575257,0.2764596,0,-0.5726348,0.2722681,-0.7732784,0,9.201448,-2.602112,0.6117196,1,0.815705,0.08194313,-0.5726348,0,0.09494552,0.9575257,0.2722681,0,-0.570623,0.2764596,-0.7732784,0,-6.909547,1.568478,6.450572,1,1,1,-0.2200311,-0.1163578,0.9685283,0.002667688,-0.003704193,-0.01954981,3.88,84
0,-5.966719,0.5742378,8.753733,-5.538751,6.74703E-10,9.445814,-5.487995,-1.022003E-08,9.745812,0.8342207,0.09023812,-0.5439972,0,0.08008516,0.9562339,0.2814306,0,-0.5455843,0.2783414,-0.7904834,0,9.16164,-2.671923,0.9008799,1,0.8342207,0.08008517,-0.5455842,0,0.09023814,0.9562339,0.2783413,0,-0.5439971,0.2814306,-0.7904832,0,-6.911644,1.567737,6.454284,1,1,1,-0.1871817,-0.114621,0.9756152,0.002470582,-0.003678253,-0.01955807,3.9,85
0,-6.055025,0.5621488,8.753733,-5.561111,-3.829861E-10,9.44765,-5.571712,-1.316807E-08,9.729539,0.8510363,0.08641473,-0.5179477,0,0.07764374,0.9548154,0.286878,0,-0.5193349,0.284359,-0.805873,0,9.116009,-2.735075,1.173731,1,0.8510363,0.07764374,-0.5193348,0,0.08641472,0.9548154,0.2843589,0,-0.5179476,0.2868779,-0.8058729,0,-6.913772,1.566973,6.457881,1,1,1,-0.1751641,-0.1148066,0.9778225,0.002249878,-0.003619843,-0.01959168,3.92,86
0,-5.570055,-1.977092E-08,9.882251,-5.500564,1.606338E-09,9.462687,-5.532635,-8.572506E-09,9.663481,0.8588638,0.08462302,-0.5051652,0,0.07641418,0.9540516,0.2897351,0,-0.506472,0.2874448,-0.812934,0,9.090941,-2.766166,1.304241,1,0.8588638,0.07641419,-0.5064719,0,0.08462305,0.9540515,0.2874448,0,-0.5051653,0.2897351,-0.812934,0,-6.914942,1.566504,6.459689,1,1,1,-0.1449671,-0.1178645,0.9823912,0.002129249,-0.003568817,-0.01965152,3.94,87
0,,,,-6.109551,0.0649718,9.143733,,,,0.8735837,0.08182463,-0.479746,0,0.07358809,0.9522222,0.2964081,0,-0.4810783,0.2942409,-0.8258245,0,9.036709,-2.826452,1.554916,1,0.8735837,0.07358808,-0.4810782,0,0.08182465,0.9522222,0.2942409,0,-0.479746,0.2964081,-0.8258244,0,-6.917083,1.565526,6.463109,1,1,1,-0.2330905,-0.1509376,0.9606699,0.002594994,-0.003878396,-0.0196242,3.96,88
0,,,,-6.433741,0.02092922,9.143732,,,,0.8873427,0.07972687,-0.4541658,0,0.07038743,0.9499766,0.3042863,0,-0.4557067,0.3019738,-0.837343,0,8.976521,-2.887226,1.796097,1,0.8873426,0.07038748,-0.4557067,0,0.07972687,0.9499765,0.3019738,0,-0.4541658,0.3042863,-0.837343,0,-6.919334,1.564434,6.466476,1,1,1,-0.3090465,-0.1841287,0.9330525,0.003023194,-0.004028358,-0.01978194,3.98,89
0,-6.723102,0.2865976,8.791707,,,,,,,0.8999116,0.0784399,-0.4289595,0,0.06651393,0.947488,0.3127977,0,-0.4309697,0.3100221,-0.8474381,0,8.91301,-2.944046,2.024636,1,0.8999117,0.06651396,-0.4309698,0,0.0784399,0.947488,0.3100221,0,-0.4289595,0.3127977,-0.8474382,0,-6.921503,1.563307,6.469711,1,1,1,-0.3208677,-0.1910281,0.9276595,0.003064126,-0.004042351,-0.01979883,4,90
0,,,,,,,,,,0.9109048,0.07920563,-0.4049431,0,0.06118204,0.9446267,0.3223929,0,-0.4080554,0.3184445,-0.855619,0,8.852615,-2.988289,2.230774,1,0.9109048,0.06118206,-0.4080554,0,0.07920565,0.9446267,0.3184445,0,-0.4049431,0.3223929,-0.855619,0,-6.923865,1.562011,6.472654,1,1,1,-0.2687114,-0.1697929,0.9481374,0.002780488,-0.003999772,-0.01971642,4.02,91
0,,,,,,,,,,0.9159475,0.07939521,-0.3933658,0,0.05879588,0.9431042,0.3272575,0,-0.3969676,0.322879,-0.8591658,0,8.821054,-3.012997,2.327348,1,0.9159474,0.05879587,-0.3969676,0,0.07939521,0.9431043,0.322879,0,-0.3933658,0.3272575,-0.8591658,0,-6.924905,1.561287,6.474083,1,1,1,-0.2426318,-0.189601,0.9514102,0.002645919,-0.003985146,-0.0196759,4.04,92
