flag,xl,yl,zl,xr,yr,zr,xc,yc,zc,mat_00,mat_10,mat_20,mat_30,mat_01,mat_11,mat_21,mat_31,mat_02,mat_12,mat_22,mat_32,mat_03,mat_13,mat_23,mat_33,ctw_00,ctw_10,ctw_20,ctw_30,ctw_01,ctw_11,ctw_21,ctw_31,ctw_02,ctw_12,ctw_22,ctw_32,ctw_03,ctw_13,ctw_23,ctw_33,opennessl,opennessr,ray_x,ray_y,ray_z,eye_x,eye_y,eye_z,time,frame
0,-3,2.268024,6.162363,-3,2.043363,6.711321,-3,2.154954,6.438501,-0.005000353,-0.2123893,-0.9771724,0,0.05901742,0.9754186,-0.2123101,0,-0.9982445,0.0587318,-0.00765723,0,6.231474,-3.501363,-6.345606,1,-0.005000351,0.0590174,-0.9982443,0,-0.2123893,0.9754185,0.05873181,0,-0.9771723,-0.2123101,-0.007657232,0,-6.913243,1.700293,6.377585,1,0,0,-0.01294458,-0.09688271,0.9952117,-0.002243851,-0.0001215515,-0.02312462,2.6,1
0,-3,1.530917,6.120551,-3,1.29992,6.646109,-3,1.415194,6.383809,-0.00224793,-0.031077,-0.9995145,0,0.1516713,0.9879429,-0.03105832,0,-0.9884285,0.1516675,-0.002492666,0,6.025455,-2.844658,-6.838037,1,-0.002247926,0.1516713,-0.9884284,0,-0.031077,0.9879429,0.1516675,0,-0.9995145,-0.03105833,-0.002492663,0,-6.909576,1.684093,6.370128,1,1,1,-0.01542864,-0.09766376,0.9950998,-0.002280464,-0.0001161118,-0.02304821,2.62,2
0,-3,1.534052,6.131001,-3,1.299778,6.654107,-3,1.416695,6.393014,-0.0004990101,-0.03202575,-0.999487,0,0.1543875,0.9875011,-0.03171876,0,-0.9880104,0.1543241,-0.004451632,0,6.030828,-2.86756,-6.824174,1,-0.0004989768,0.1543875,-0.9880101,0,-0.03202573,0.9875011,0.1543241,0,-0.9994868,-0.03171878,-0.004451601,0,-6.909498,1.68418,6.370674,1,1,1,-0.01599203,-0.09787188,0.9950705,-0.002286246,-0.0001301498,-0.02303756,2.64,3
0,-3,1.53541,6.12788,-3,1.289089,6.653038,-3,1.41203,6.390895,0.001369715,-0.03190146,-0.9994901,0,0.1541092,0.9875576,-0.03130939,0,-0.988053,0.1539878,-0.006268978,0,6.044711,-2.864593,-6.813344,1,0.001369714,0.1541092,-0.9880528,0,-0.03190144,0.9875576,0.1539878,0,-0.99949,-0.0313094,-0.006268981,0,-6.909533,1.684083,6.370893,1,1,1,-0.01370899,-0.09897056,0.994996,-0.002295632,-0.0001782455,-0.02299341,2.66,4
0,-3,1.545999,6.131767,-3,1.296503,6.664916,-3,1.42106,6.398723,0.006230891,-0.03578561,-0.9993401,0,0.1449455,0.9888378,-0.03450579,0,-0.9894201,0.1446348,-0.01134825,0,6.102742,-2.834561,-6.774914,1,0.006230835,0.1449455,-0.9894199,0,-0.0357856,0.9888377,0.1446348,0,-0.9993399,-0.03450579,-0.0113483,0,-6.909904,1.684583,6.371268,1,0.8476357,0.9686285,-0.009804591,-0.1005696,0.9948817,-0.002352028,-0.0001002502,-0.02310828,2.68,5
0,-3,1.545999,6.131767,-3,1.296503,6.664916,-3,1.42106,6.398723,0.006230891,-0.03578561,-0.9993401,0,0.1449455,0.9888378,-0.03450579,0,-0.9894201,0.1446348,-0.01134825,0,6.102742,-2.834561,-6.774914,1,0.006230835,0.1449455,-0.9894199,0,-0.0357856,0.9888377,0.1446348,0,-0.9993399,-0.03450579,-0.0113483,0,-6.909904,1.684583,6.371268,1,0.8476357,0.9686285,-0.009804591,-0.1005696,0.9948817,-0.002352028,-0.0001002502,-0.02310828,2.7,6
0,-3,1.519445,6.13196,-3,1.293766,6.672035,-3,1.406435,6.402379,0.007429779,-0.03755498,-0.999267,0,0.1327396,0.9904883,-0.0362381,0,-0.9911232,0.132373,-0.01234412,0,6.141967,-2.771872,-6.765622,1,0.00742976,0.1327395,-0.991123,0,-0.03755496,0.9904882,0.132373,0,-0.999267,-0.0362381,-0.01234414,0,-6.910393,1.685051,6.37085,1,0.8501413,0.9810365,-0.009330717,-0.1061298,0.9943085,-0.002385391,-0.0001436538,-0.02305492,2.74,7
0,-3,1.499749,6.140181,-3,1.290138,6.66433,-3,1.39479,6.402616,0.007910252,-0.03590664,-0.9993239,0,0.1249526,0.9915579,-0.03463851,0,-0.9921313,0.1245941,-0.01233011,0,6.164573,-2.712648,-6.768959,1,0.007910267,0.1249525,-0.9921311,0,-0.03590662,0.9915579,0.1245941,0,-0.9993237,-0.03463852,-0.0123301,0,-6.910547,1.685002,6.370583,1,0.868436,0.9867877,-0.008800718,-0.1075042,0.9941657,-0.00239788,-0.000162674,-0.02299016,2.8,8
0,-3,1.491624,6.143425,-3,1.281186,6.660299,-3,1.386246,6.402225,0.007717788,-0.03262744,-0.9994379,0,0.1170018,0.992632,-0.03150175,0,-0.9931018,0.1166928,-0.01147842,0,6.182374,-2.641063,-6.780482,1,0.007717822,0.1170017,-0.9931017,0,-0.03262743,0.992632,0.1166928,0,-0.9994377,-0.03150175,-0.01147839,0,-6.910554,1.684658,6.370091,1,0.8902786,0.979154,-0.008680452,-0.1064338,0.9942819,-0.002403641,-0.0001910172,-0.02295243,2.84,9
0,-3,1.518637,6.141366,-3,1.276671,6.654847,-3,1.397456,6.398494,0.00777638,-0.03155678,-0.9994718,0,0.1130847,0.9931179,-0.03047629,0,-0.993555,0.1127879,-0.01129144,0,6.191963,-2.609458,-6.783611,1,0.007776374,0.1130847,-0.9935548,0,-0.03155676,0.9931177,0.1127879,0,-0.9994716,-0.0304763,-0.01129145,0,-6.910524,1.684544,6.369773,1,0.906922,0.9876761,-0.007147073,-0.1026998,0.9946867,-0.002403412,-0.0002355423,-0.02294465,2.86,10
0,-3,1.51379,6.137681,-3,1.27328,6.660237,-3,1.393343,6.399343,0.008019626,-0.03059436,-0.9994998,0,0.1096186,0.9935349,-0.02953224,0,-0.9939414,0.109327,-0.01132149,0,6.201767,-2.581335,-6.784842,1,0.008019619,0.1096186,-0.9939413,0,-0.03059435,0.9935349,0.109327,0,-0.9994997,-0.02953224,-0.01132149,0,-6.910157,1.684446,6.369588,1,0.9176716,0.9953247,-0.007030187,-0.1027823,0.994679,-0.002402749,-0.0002371903,-0.02293656,2.88,11
0,-3,1.508089,6.133348,-3,1.272139,6.661405,-3,1.389931,6.397753,0.008328497,-0.02999755,-0.9995154,0,0.1067069,0.9938693,-0.02893895,0,-0.9942557,0.1064142,-0.01147836,0,6.210393,-2.559241,-6.784602,1,0.008328479,0.1067069,-0.9942556,0,-0.02999753,0.9938693,0.1064142,0,-0.9995152,-0.02893896,-0.01147838,0,-6.909806,1.68452,6.369181,1,1,1,-0.006309352,-0.1031474,0.9946461,-0.002398522,-0.0002371903,-0.02293463,2.9,12
0,-3,1.515687,6.133269,-3,1.280487,6.664865,-3,1.397908,6.39944,0.008850992,-0.0308596,-0.9994845,0,0.1044267,0.994087,-0.02976819,0,-0.9944932,0.1041094,-0.01202124,0,6.219136,-2.550882,-6.779232,1,0.008851013,0.1044267,-0.9944931,0,-0.0308596,0.9940869,0.1041094,0,-0.9994845,-0.0297682,-0.01202122,0,-6.909502,1.684549,6.368964,1,1,1,-0.005894572,-0.1020022,0.9947667,-0.002396255,-0.0002366639,-0.02292085,2.92,13
0,-3,1.516155,6.138392,-3,1.287241,6.669785,-3,1.401535,6.404439,0.009951413,-0.03159768,-0.9994511,0,0.1027743,0.9942397,-0.03040961,0,-0.994655,0.1024152,-0.01314151,0,6.230412,-2.545446,-6.770594,1,0.009951407,0.1027743,-0.9946549,0,-0.03159768,0.9942398,0.1024152,0,-0.9994512,-0.03040961,-0.01314152,0,-6.909309,1.684567,6.368827,1,1,1,-0.005888095,-0.1017277,0.9947948,-0.002394234,-0.0002226181,-0.02290536,2.94,14
0,-3,1.516155,6.138392,-3,1.287241,6.669785,-3,1.401535,6.404439,0.009951413,-0.03159768,-0.9994511,0,0.1027743,0.9942397,-0.03040961,0,-0.994655,0.1024152,-0.01314151,0,6.230412,-2.545446,-6.770594,1,0.009951407,0.1027743,-0.9946549,0,-0.03159768,0.9942398,0.1024152,0,-0.9994512,-0.03040961,-0.01314152,0,-6.909309,1.684567,6.368827,1,1,1,-0.005888095,-0.1017277,0.9947948,-0.002394234,-0.0002226181,-0.02290536,2.96,15
0,-3,1.513915,6.145909,-3,1.308132,6.678211,-3,1.410897,6.412364,0.01102847,-0.03004926,-0.9994875,0,0.1022131,0.9943465,-0.02876687,0,-0.9947014,0.1018435,-0.01403755,0,6.238974,-2.531116,-6.76778,1,0.01102847,0.1022131,-0.9947014,0,-0.03004926,0.9943464,0.1018435,0,-0.9994876,-0.02876687,-0.01403755,0,-6.909177,1.684413,6.368691,1,1,1,-0.00656944,-0.09761876,0.9952022,-0.002391274,-0.0002027664,-0.02290331,2.98,16
0,-3,1.500797,6.148042,-3,1.286363,6.690552,-3,1.393467,6.419564,0.01240849,-0.02558339,-0.9995958,0,0.1014312,0.9945483,-0.02419508,0,-0.9947653,0.10109,-0.01493579,0,6.250147,-2.495423,-6.770428,1,0.01240848,0.1014312,-0.994765,0,-0.02558337,0.9945482,0.10109,0,-0.9995956,-0.02419508,-0.0149358,0,-6.909086,1.684047,6.368568,1,1,1,-0.00743356,-0.09729927,0.9952275,-0.002386124,-0.0002001648,-0.02291901,3,17
0,-3,1.47906,6.150189,-3,1.23845,6.67531,-3,1.358629,6.413002,0.01402068,-0.02115659,-0.999678,0,0.1002945,0.9947639,-0.01964593,0,-0.9948592,0.09998669,-0.01606917,0,6.26375,-2.457739,-6.771187,1,0.0140207,0.1002944,-0.9948589,0,-0.02115657,0.9947638,0.09998667,0,-0.9996778,-0.01964594,-0.01606915,0,-6.908824,1.683624,6.368481,1,1,1,-0.005025505,-0.1017078,0.9948016,-0.002255402,-0.0002546921,-0.02306163,3.02,18
0,-3,1.402072,6.196142,-3,1.178949,6.699212,-3,1.290428,6.447846,0.01652938,-0.01712865,-0.9997168,0,0.1000029,0.9948681,-0.0153921,0,-0.9948499,0.09972011,-0.01815748,0,6.281576,-2.42801,-6.765244,1,0.01652939,0.1000028,-0.9948497,0,-0.01712863,0.994868,0.09972009,0,-0.9997166,-0.01539212,-0.01815746,0,-6.908745,1.683243,6.368506,1,1,1,-0.01302193,-0.1137073,0.9934289,-0.002145363,-0.0004888382,-0.022807,3.04,19
0,-3,0.7821829,6.497837,-3.254577,0.6390409,6.845561,-3.253522,0.7395549,6.666766,0.01931721,-0.0123255,-0.9997374,0,0.1003702,0.9948966,-0.01032643,0,-0.9947626,0.1001444,-0.02045572,0,6.299632,-2.397256,-6.759038,1,0.01931719,0.1003702,-0.9947627,0,-0.01232549,0.9948965,0.1001444,0,-0.9997374,-0.01032643,-0.02045574,0,-6.908503,1.68293,6.36845,1,0.9082535,0.9894075,-0.0837958,-0.2501653,0.9645702,-0.001703575,-0.0009930421,-0.02313741,3.06,20
0,-3.106139,0.7390929,6.495327,-3,0.5168556,6.921697,-3.089382,0.6390409,6.702994,0.0216319,-0.008368243,-0.999731,0,0.09865889,0.995102,-0.006194741,0,-0.9948862,0.09849834,-0.02235156,0,6.319288,-2.359468,-6.753647,1,0.02163191,0.09865887,-0.9948861,0,-0.008368242,0.995102,0.09849834,0,-0.9997309,-0.006194743,-0.02235154,0,-6.908273,1.68262,6.368421,1,0.8646803,0.9682644,-0.08799964,-0.2594505,0.9617388,-0.001663109,-0.001002281,-0.02313604,3.08,21
0,-3.173665,0.7509999,6.517525,-3,0.5284441,6.916431,-3.077497,0.6390409,6.714218,0.02377284,-0.004859135,-0.9997057,0,0.09551617,0.9954246,-0.00256696,0,-0.9951441,0.09542702,-0.02412814,0,6.340871,-2.315836,-6.74803,1,0.02377278,0.09551616,-0.9951439,0,-0.004859121,0.9954246,0.09542701,0,-0.9997054,-0.002566967,-0.02412819,0,-6.908035,1.682262,6.368255,1,0.8479167,0.9627939,-0.08764578,-0.2553185,0.9628763,-0.001672073,-0.0009952012,-0.02313378,3.1,22
0,-3.06353,0.7509999,6.531521,-3,0.5386652,6.903789,-3,0.637132,6.719273,0.02560407,-0.001700521,-0.9996707,0,0.09357119,0.9956123,0.0007029846,0,-0.9952834,0.09355838,-0.02565086,0,6.357687,-2.28209,-6.743431,1,0.02560408,0.09357119,-0.9952833,0,-0.001700513,0.9956124,0.09355839,0,-0.9996707,0.0007029755,-0.02565085,0,-6.907874,1.681921,6.368234,1,0.837897,0.9587833,-0.08460728,-0.2481536,0.9650188,-0.001700982,-0.0009821091,-0.02312364,3.12,23
0,-3.106139,0.7474217,6.520675,-3,0.5372076,6.897503,-3.036455,0.6390409,6.708474,0.02744502,0.001396939,-0.9996223,0,0.09254959,0.9957003,0.003932446,0,-0.9953297,0.09262256,-0.02719772,0,6.372368,-2.254486,-6.738466,1,0.02744501,0.09254961,-0.9953299,0,0.001396943,0.9957004,0.09262257,0,-0.9996223,0.003932443,-0.02719773,0,-6.907661,1.681531,6.368154,1,0.8460026,0.9642024,-0.08088972,-0.2472159,0.9655781,-0.001706055,-0.000975998,-0.02311926,3.14,24
0,-3.163812,0.7509999,6.504222,-3,0.5246851,6.903251,-3.079523,0.6390409,6.700472,0.02899939,0.004551183,-0.9995691,0,0.09173939,0.995757,0.007195368,0,-0.9953608,0.09190851,-0.02845883,0,6.384552,-2.227863,-6.735465,1,0.0289994,0.09173937,-0.9953607,0,0.004551191,0.9957571,0.09190851,0,-0.999569,0.007195359,-0.02845882,0,-6.907571,1.68116,6.368008,1,0.8485172,0.9642929,-0.07838772,-0.2469889,0.9658425,-0.001709472,-0.0009702301,-0.02311659,3.18,25
0,-3.190791,0.7509999,6.502227,-3,0.5095385,6.917925,-3.119231,0.6390409,6.703718,0.03039348,0.007430401,-0.9995105,0,0.09069085,0.9958273,0.01016079,0,-0.9954153,0.09095526,-0.02959281,0,6.396195,-2.201745,-6.732692,1,0.0303935,0.09069084,-0.9954151,0,0.007430405,0.9958272,0.09095527,0,-0.9995104,0.01016078,-0.02959278,0,-6.907438,1.680891,6.367891,1,0.8667175,0.9676489,-0.07866485,-0.2466114,0.9659165,-0.001721429,-0.0009620057,-0.02311336,3.2,26
0,-3.203045,0.7458714,6.50626,-3.318331,0.6149094,6.842707,-3.113345,0.6390409,6.689043,0.03131545,0.01015145,-0.9994581,0,0.08976533,0.9958791,0.01292766,0,-0.9954705,0.09012151,-0.03027511,0,6.404471,-2.177485,-6.732765,1,0.0313154,0.08976533,-0.9954705,0,0.01015145,0.9958791,0.09012152,0,-0.9994578,0.01292766,-0.03027515,0,-6.907568,1.680651,6.367865,1,0.8587375,0.9553348,-0.07372616,-0.2440834,0.9669476,-0.001737984,-0.0009275895,-0.02309792,3.22,27
0,-3.239483,0.751,6.454177,-3.321544,0.6264779,6.820169,-3.252767,0.6804606,6.640909,0.03180701,0.01205539,-0.9994214,0,0.0897217,0.9958559,0.01486782,0,-0.9954589,0.09014268,-0.03059357,0,6.407822,-2.164326,-6.733828,1,0.03180701,0.0897217,-0.9954588,0,0.0120554,0.9958559,0.09014268,0,-0.9994212,0.01486781,-0.03059356,0,-6.907652,1.680553,6.367809,1,0.8482007,0.9601741,-0.06371567,-0.2424117,0.9680789,-0.001875642,-0.0009936066,-0.02311682,3.24,28
0,-3.321541,0.6342832,6.320479,-3.366816,0.5051383,6.671366,-3,0.4627907,6.509054,0.03189343,0.0123921,-0.9994146,0,0.09017324,0.9958097,0.01522503,0,-0.9954154,0.09060602,-0.03064239,0,6.407282,-2.164775,-6.734352,1,0.03189346,0.09017323,-0.9954151,0,0.0123921,0.9958097,0.090606,0,-0.9994143,0.01522502,-0.03064234,0,-6.907932,1.68047,6.36769,1,0.8589614,0.9465562,-0.0300695,-0.2793454,0.9597197,-0.002068725,-0.00112986,-0.02315069,3.26,29
0,-3.321541,0.6118514,6.308764,-3.376025,0.4854228,6.645642,-3,0.4379987,6.488856,0.03131288,0.01305491,-0.9994245,0,0.09044237,0.9957757,0.0158409,0,-0.9954094,0.09088634,-0.02999991,0,6.402677,-2.161964,-6.739666,1,0.0313129,0.09044237,-0.9954092,0,0.01305491,0.9957756,0.09088632,0,-0.9994243,0.01584089,-0.02999989,0,-6.908049,1.680521,6.367588,1,0.8603799,0.9305136,-0.02633324,-0.2846693,0.958264,-0.002107414,-0.001139519,-0.02315401,3.28,30
0,-3.321541,0.6165025,6.30572,-3.357831,0.4854228,6.64703,-3,0.4438664,6.48729,0.03035992,0.01230799,-0.9994634,0,0.09107555,0.9957306,0.01502856,0,-0.9953812,0.09148294,-0.02910936,0,6.394686,-2.170979,-6.744408,1,0.03035993,0.09107555,-0.995381,0,0.01230799,0.9957306,0.09148293,0,-0.9994631,0.01502855,-0.02910934,0,-6.908209,1.68067,6.367431,1,0.8714963,0.8999909,-0.02696889,-0.2841078,0.9584129,-0.00210759,-0.00113765,-0.02315173,3.3,31
0,-3.458883,0.6691614,6.30106,-3.34233,0.4854228,6.6443,-3,0.4534891,6.481874,0.02951521,0.0115699,-0.9994974,0,0.09158222,0.9956958,0.01423033,0,-0.99536,0.0919562,-0.0283286,0,6.387643,-2.179163,-6.748612,1,0.02951523,0.09158221,-0.99536,0,0.0115699,0.9956958,0.09195619,0,-0.9994974,0.01423032,-0.02832857,0,-6.908539,1.680824,6.367213,1,0.8810816,0.9236132,-0.02647009,-0.282795,0.958815,-0.00210897,-0.001135521,-0.02315039,3.32,32
0,-3.460201,0.6670396,6.298009,-3.320484,0.4854228,6.643911,-3,0.4559981,6.479138,0.02924377,0.01137805,-0.9995076,0,0.09160291,0.995697,0.01401481,0,-0.9953662,0.09196764,-0.0280757,0,6.385684,-2.18066,-6.750033,1,0.0292438,0.0916029,-0.9953661,0,0.01137806,0.9956971,0.09196764,0,-0.9995075,0.0140148,-0.02807567,0,-6.908638,1.68093,6.367132,1,0.8810816,0.9236132,-0.02604292,-0.2825032,0.9589128,-0.002109771,-0.001134972,-0.0231499,3.34,33
0,-3.321362,0.6382192,6.300897,-3,0.3889688,6.666438,-3,0.4670123,6.481986,0.02874249,0.01066304,-0.9995301,0,0.09126582,0.9957384,0.01324703,0,-0.9954118,0.09160368,-0.02764684,0,6.382942,-2.183479,-6.751672,1,0.02874249,0.09126582,-0.9954116,0,0.01066304,0.9957384,0.09160367,0,-0.9995299,0.01324703,-0.02764683,0,-6.908677,1.681069,6.367007,1,0.8858965,0.9335467,-0.02691641,-0.2807208,0.959412,-0.00211126,-0.001134628,-0.02314888,3.36,34
0,-3.320134,0.6390409,6.297995,-3,0.3939614,6.66556,-3,0.4701407,6.479988,0.02797896,0.009920783,-0.9995593,0,0.09132458,0.9957435,0.01243921,0,-0.9954281,0.09163237,-0.02695388,0,6.377487,-2.18892,-6.754917,1,0.02797898,0.09132457,-0.995428,0,0.009920782,0.9957435,0.09163237,0,-0.9995593,0.0124392,-0.02695385,0,-6.908659,1.681208,6.366834,1,0.8798085,0.9240126,-0.0271579,-0.2808093,0.9593793,-0.002112114,-0.001133034,-0.02314706,3.38,35
0,-3.376268,0.6587749,6.294139,-3,0.3969146,6.666269,-3,0.473538,6.47788,0.02729177,0.009511206,-0.9995824,0,0.09099466,0.9957796,0.01195947,0,-0.9954774,0.09128304,-0.0263111,0,6.373401,-2.189579,-6.758418,1,0.02729175,0.09099466,-0.9954774,0,0.009511208,0.9957796,0.09128304,0,-0.9995822,0.01195947,-0.02631112,0,-6.90871,1.68122,6.366626,1,0.8982045,0.93249,-0.02718768,-0.2805102,0.959466,-0.002108238,-0.00113192,-0.02314388,3.4,36
0,-3.375504,0.6601301,6.288423,-3,0.4036384,6.664391,-3.308535,0.5721248,6.46548,0.02658379,0.009437308,-0.9996021,0,0.09035951,0.9958392,0.01180485,0,-0.9955544,0.09063737,-0.02562046,0,6.369821,-2.186104,-6.762939,1,0.02658381,0.0903595,-0.9955543,0,0.009437312,0.9958392,0.09063736,0,-0.999602,0.01180484,-0.02562043,0,-6.90895,1.68127,6.366375,1,0.8922278,0.9321774,-0.02666452,-0.2797609,0.9596993,-0.002105331,-0.00113192,-0.02314388,3.42,37
0,-3.376133,0.6590086,6.289516,-3,0.4020882,6.664135,-3,0.4762752,6.474287,0.02601349,0.009561658,-0.9996159,0,0.08941263,0.9959241,0.01185318,0,-0.9956549,0.08968663,-0.02505255,0,6.367989,-2.179389,-6.766921,1,0.0260135,0.08941264,-0.9956548,0,0.00956166,0.9959242,0.08968662,0,-0.9996158,0.01185317,-0.02505253,0,-6.909136,1.681337,6.366252,1,0.8897038,0.9369467,-0.02710767,-0.2800134,0.9596133,-0.002104347,-0.00113192,-0.02314388,3.44,38
0,-3.376096,0.6590813,6.293221,-3,0.4019129,6.66607,-3.308376,0.5706573,6.468703,0.02596128,0.009839199,-0.9996146,0,0.08867805,0.9959868,0.01210658,0,-0.9957221,0.08895817,-0.02498454,0,6.369182,-2.172877,-6.767729,1,0.02596124,0.08867805,-0.9957218,0,0.00983921,0.9959868,0.08895815,0,-0.9996144,0.01210657,-0.02498456,0,-6.909092,1.681284,6.36614,1,0.8897038,0.9369467,-0.02770268,-0.2797129,0.959684,-0.002102738,-0.001133682,-0.0231443,3.46,39
0,-3.376318,0.6582928,6.296114,-3,0.4021108,6.676141,-3.308535,0.5703643,6.474799,0.02554733,0.01121644,-0.9996107,0,0.08797637,0.9960321,0.01342472,0,-0.995795,0.08828508,-0.02445918,0,6.367824,-2.158977,-6.77308,1,0.02554733,0.08797637,-0.9957949,0,0.01121644,0.9960321,0.08828507,0,-0.9996107,0.01342472,-0.02445917,0,-6.908908,1.681119,6.365988,1,0.891138,0.9240698,-0.02954275,-0.2783299,0.9600311,-0.002095458,-0.001148567,-0.02314611,3.48,40
0,-3.456923,0.6728901,6.295846,-3,0.3877478,6.677175,-3,0.4637938,6.483785,0.02526927,0.01321357,-0.9995934,0,0.08765434,0.9960322,0.01538237,0,-0.9958305,0.08800739,-0.02401084,0,6.366622,-2.143191,-6.77903,1,0.02526933,0.08765433,-0.9958304,0,0.01321358,0.9960322,0.08800739,0,-0.9995933,0.01538236,-0.02401078,0,-6.908834,1.680902,6.365922,1,0.89002,0.9293287,-0.02991899,-0.2790808,0.9598014,-0.002092233,-0.001152794,-0.02314717,3.5,41
0,-3.457945,0.671069,6.297475,-3,0.3851819,6.684106,-3,0.4613343,6.488158,0.02516901,0.01478199,-0.9995741,0,0.08732401,0.9960361,0.01692848,0,-0.9958621,0.08771288,-0.02377838,0,6.366735,-2.1302,-6.783091,1,0.02516896,0.08732399,-0.9958618,0,0.014782,0.9960362,0.08771286,0,-0.9995738,0.01692847,-0.02377842,0,-6.908956,1.680615,6.365943,1,0.8955473,0.9231663,-0.03100972,-0.277972,0.9600885,-0.002088478,-0.00115834,-0.02314739,3.52,42
0,-3.462462,0.6630028,6.298541,-3.354808,0.4904832,6.671213,-3,0.4499636,6.495839,0.02564615,0.01710245,-0.9995248,0,0.08756876,0.9959717,0.01928853,0,-0.9958284,0.08802183,-0.02404523,0,6.369374,-2.115829,-6.78498,1,0.02564618,0.08756875,-0.9958282,0,0.01710245,0.9959717,0.08802181,0,-0.9995247,0.01928852,-0.0240452,0,-6.908919,1.68042,6.365895,1,0.9002346,0.9228602,-0.03270806,-0.2780394,0.9600127,-0.002082848,-0.001161903,-0.02314739,3.54,43
0,-3.468197,0.6488403,6.303837,-3.458414,0.5082542,6.672788,-3,0.4316711,6.504152,0.02757728,0.02185788,-0.9993807,0,0.08800411,0.9958259,0.02420855,0,-0.9957384,0.08861722,-0.02553856,0,6.381485,-2.08614,-6.782848,1,0.02757725,0.08800411,-0.9957383,0,0.02185788,0.9958259,0.08861721,0,-0.9993806,0.02420855,-0.02553859,0,-6.909032,1.680038,6.365932,1,0.8931902,0.934325,-0.03333916,-0.2772262,0.9602261,-0.002078613,-0.001161903,-0.02314777,3.58,44
0,-3,0.4939481,6.306462,-3.493955,0.5035719,6.676191,-3,0.414712,6.511249,0.02954024,0.02561124,-0.9992355,0,0.08721329,0.9957932,0.02810129,0,-0.9957516,0.08797673,-0.02718228,0,6.396507,-2.055846,-6.777704,1,0.02954018,0.08721329,-0.9957515,0,0.02561124,0.9957932,0.08797673,0,-0.9992353,0.02810128,-0.02718233,0,-6.908823,1.679799,6.365964,1,0.8870679,0.928975,-0.03325997,-0.2772224,0.96023,-0.00207457,-0.001157547,-0.02314562,3.6,45
0,-3,0.4714004,6.320303,-3.513134,0.4854228,6.677053,-3.476114,0.5454325,6.501117,0.03179801,0.02992706,-0.9990463,0,0.08654025,0.9957154,0.03258172,0,-0.9957408,0.08749374,-0.02907187,0,6.413516,-2.022512,-6.771913,1,0.031798,0.08654024,-0.9957408,0,0.02992706,0.9957154,0.08749374,0,-0.999046,0.03258172,-0.02907187,0,-6.908861,1.67946,6.366284,1,0.8919389,0.9338608,-0.03329441,-0.2784689,0.959868,-0.002066193,-0.001140297,-0.02313846,3.62,46
0,-3,0.4630258,6.339959,-3.590216,0.4854228,6.679698,-3.478309,0.5286719,6.514239,0.03729099,0.03541829,-0.9986765,0,0.08717742,0.9954463,0.03855896,0,-0.9954945,0.08849995,-0.03403354,0,6.449337,-1.990329,-6.747846,1,0.03729104,0.08717743,-0.9954947,0,0.03541828,0.9954463,0.08849996,0,-0.9986767,0.03855897,-0.03403351,0,-6.908925,1.679219,6.366772,1,0.8906936,0.9329399,-0.03214537,-0.2771231,0.9602966,-0.002059379,-0.001125015,-0.02313313,3.64,47
0,-3.547431,0.611725,6.353844,-3.607104,0.4854228,6.688621,-3.479956,0.5152673,6.526745,0.04096895,0.03874684,-0.998409,0,0.08770823,0.9952509,0.04222334,0,-0.9953035,0.08929852,-0.03737599,0,6.472918,-1.971918,-6.730927,1,0.04096896,0.08770822,-0.9953033,0,0.03874684,0.9952509,0.08929851,0,-0.9984087,0.04222332,-0.03737596,0,-6.909,1.679028,6.367031,1,0.8979776,0.9370114,-0.0324952,-0.2769765,0.9603271,-0.00205667,-0.001115082,-0.02312838,3.66,48
0,-3.553396,0.584812,6.38555,-3.621543,0.4786575,6.704443,-3.480908,0.4946814,6.551746,0.05052257,0.0465393,-0.997638,0,0.08985637,0.9946507,0.05095047,0,-0.9946725,0.09221828,-0.04607046,0,6.532297,-1.93541,-6.685016,1,0.05052257,0.08985637,-0.9946725,0,0.0465393,0.9946507,0.09221827,0,-0.9976379,0.05095046,-0.04607045,0,-6.909181,1.678693,6.367995,1,0.8862201,0.9394563,-0.03118221,-0.2737392,0.9612984,-0.002033967,-0.001084831,-0.02311105,3.68,49
0,-3.600549,0.2362651,7.000862,-3.370695,5.747239E-08,7.314489,-3.219548,6.843531E-08,7.214834,0.06211734,0.05385324,-0.9966149,0,0.09314112,0.9938728,0.0595104,0,-0.9937133,0.09652246,-0.05672079,0,6.601731,-1.910597,-6.624441,1,0.06211735,0.09314112,-0.9937133,0,0.05385324,0.9938728,0.09652247,0,-0.996615,0.05951041,-0.05672079,0,-6.909207,1.678221,6.3689,1,0.822583,0.9363182,-0.1842846,-0.3330663,0.9247195,-0.00079602,-0.001460136,-0.02339438,3.7,50
0,-5.431334,0.8552121,6.809816,-5.582263,0.8732878,6.94941,-5.454508,0.8330546,6.901649,0.06980139,0.05937044,-0.9957927,0,0.09491982,0.9933029,0.06587553,0,-0.9930348,0.09911866,-0.06369853,0,6.64819,-1.887658,-6.584944,1,0.06980143,0.09491983,-0.9930347,0,0.05937044,0.9933029,0.09911866,0,-0.9957926,0.06587552,-0.06369849,0,-6.90922,1.677758,6.369534,1,0.802016,0.9589176,-0.2840861,-0.3913324,0.8753023,-0.0001528403,-0.001685013,-0.02366243,3.72,51
0,-5.6041,0.8316556,6.907447,-5.912714,0.9376295,6.966651,-5.750998,0.8742105,6.949658,0.08909333,0.07308665,-0.9933383,0,0.09982006,0.991628,0.08191378,0,-0.9910088,0.1064531,-0.08105189,0,6.761951,-1.835822,-6.484179,1,0.08909328,0.09982006,-0.9910087,0,0.07308666,0.991628,0.106453,0,-0.993338,0.08191375,-0.08105191,0,-6.909252,1.676617,6.371026,1,0.7729548,1,-0.3569775,-0.4198712,0.8344311,0.000278946,-0.001817673,-0.0238835,3.74,52
0,-5.712352,0.8372295,6.884346,-5.997744,0.932228,6.965204,-5.832468,0.8621488,6.946426,0.1103582,0.08815767,-0.9899744,0,0.104611,0.9894954,0.0997766,0,-0.9883712,0.1145734,-0.09997666,0,6.885831,-1.778758,-6.369961,1,0.1103582,0.104611,-0.9883712,0,0.08815765,0.9894955,0.1145734,0,-0.9899743,0.0997766,-0.09997664,0,-6.909194,1.675312,6.372708,1,0.6958475,0.9207115,-0.3592928,-0.4323642,0.8270247,0.0003488241,-0.001804779,-0.02390021,3.76,53
0,-5.632232,0.8285983,6.937436,-5.927,0.8979338,6.979424,-5.809155,0.877319,6.950491,0.1338105,0.1036912,-0.9855673,0,0.10863,0.9869834,0.1185889,0,-0.9850352,0.1229307,-0.1208048,0,7.021901,-1.719237,-6.237937,1,0.1338105,0.1086301,-0.9850352,0,0.1036912,0.9869834,0.1229306,0,-0.9855673,0.1185888,-0.1208048,0,-6.909242,1.673819,6.374594,1,0.6897003,0.9406868,-0.3390584,-0.4010933,0.8509781,0.0002208939,-0.001717789,-0.02379514,3.78,54
0,-5.759798,0.8392869,6.875818,-5.994421,0.9145846,6.960476,-5.843286,0.8473786,6.942468,0.1595356,0.1193522,-0.9799507,0,0.111995,0.9840677,0.1380863,0,-0.9808188,0.1317793,-0.143627,0,7.169265,-1.661256,-6.085848,1,0.1595356,0.111995,-0.9808188,0,0.1193522,0.9840677,0.1317793,0,-0.9799507,0.1380863,-0.143627,0,-6.90931,1.672239,6.376576,1,0.6891786,0.9285077,-0.3223235,-0.4105982,0.8529459,0.0001502074,-0.001641556,-0.02374812,3.8,55
0,-5.71831,0.8336165,6.899319,-5.927,0.8974363,6.986033,-5.824162,0.8639491,6.946908,0.1725736,0.1274534,-0.976716,0,0.1134158,0.9824268,0.1482378,0,-0.9784454,0.1363569,-0.1550857,0,7.242903,-1.631109,-6.007059,1,0.1725736,0.1134158,-0.9784452,0,0.1274534,0.9824269,0.1363569,0,-0.9767159,0.1482378,-0.1550857,0,-6.909233,1.671459,6.377588,1,0.6722732,0.9484292,-0.3102351,-0.3871239,0.868268,7.638521E-05,-0.001571381,-0.02368882,3.82,56
0,-5.738685,0.8684534,6.948115,-5.994667,0.9336699,6.96559,-5.874732,0.9018462,6.957063,0.2003466,0.1438131,-0.9691126,0,0.1146413,0.9789313,0.1689702,0,-0.9729947,0.1449529,-0.1796386,0,7.400377,-1.565662,-5.831994,1,0.2003465,0.1146413,-0.9729945,0,0.1438131,0.9789312,0.1449529,0,-0.9691125,0.1689702,-0.1796386,0,-6.909335,1.66972,6.379823,1,0.6805955,0.9514842,-0.308912,-0.3615267,0.8796998,-3.747549E-05,-0.001524086,-0.02364747,3.84,57
0,-5.696735,0.8284732,6.920636,-6.006055,0.9304107,6.964717,-5.853631,0.8749374,6.949852,0.2288573,0.1599225,-0.9602339,0,0.1137432,0.9752636,0.1895346,0,-0.9667921,0.1525965,-0.2050061,0,7.561698,-1.495707,-5.642535,1,0.2288573,0.1137432,-0.966792,0,0.1599225,0.9752636,0.1525965,0,-0.9602339,0.1895346,-0.2050061,0,-6.909506,1.668072,6.382075,1,0.7469444,0.9477695,-0.2725018,-0.3543524,0.8945262,-0.0002062451,-0.001397575,-0.02353982,3.86,58
0,-5.741524,0.8278234,6.923329,-6.016513,0.9483786,6.969531,-5.880079,0.885641,6.952721,0.2590885,0.1750374,-0.9498606,0,0.1121015,0.9713455,0.2095739,0,-0.959326,0.160779,-0.2320424,0,7.72808,-1.435695,-5.430991,1,0.2590885,0.1121015,-0.9593261,0,0.1750374,0.9713454,0.160779,0,-0.9498606,0.2095739,-0.2320424,0,-6.90964,1.66642,6.384358,1,0.7318804,0.9388656,-0.2553285,-0.3389639,0.9054893,-0.0003166124,-0.001314354,-0.02348084,3.88,59
0,-5.762846,0.8285149,6.920463,-6.06707,0.9515018,6.970368,-5.917436,0.8868446,6.953043,0.2901496,0.1875275,-0.9384278,0,0.110801,0.9674345,0.2275822,0,-0.9505453,0.1700116,-0.2599224,0,7.891363,-1.40066,-5.203421,1,0.2901495,0.110801,-0.9505453,0,0.1875275,0.9674345,0.1700116,0,-0.9384277,0.2275822,-0.2599224,0,-6.910048,1.664882,6.386741,1,0.7123115,0.9560849,-0.2394774,-0.3342454,0.911554,-0.0004376071,-0.001231789,-0.02343143,3.9,60
0,-5.727116,0.8616196,6.946284,-6.068822,0.9612142,6.97297,-5.913665,0.9147806,6.960528,0.3064975,0.1929058,-0.9321195,0,0.1098831,0.9655321,0.2359522,0,-0.9455079,0.1747429,-0.274736,0,7.974944,-1.390119,-5.078771,1,0.3064974,0.1098831,-0.9455078,0,0.1929058,0.9655321,0.1747429,0,-0.9321194,0.2359522,-0.274736,0,-6.910159,1.66424,6.387964,1,0.7123115,0.9560849,-0.2280787,-0.3088128,0.9233714,-0.0005530091,-0.001132164,-0.02337948,3.92,61
0,-6.085435,0.9468608,6.969124,-6.267462,0.9495709,7.039895,-6.19587,0.9620171,6.993446,0.3400341,0.2032063,-0.9181961,0,0.1074555,0.9615847,0.2526025,0,-0.9342538,0.1845587,-0.305136,0,8.141686,-1.37396,-4.81545,1,0.3400342,0.1074555,-0.9342537,0,0.2032063,0.9615847,0.1845587,0,-0.918196,0.2526025,-0.305136,0,-6.910781,1.662704,6.39061,1,0.7063904,0.9605004,-0.3327413,-0.3499342,0.8756878,0.0001462707,-0.001252731,-0.02360442,3.94,62
0,-6.22079,0.9482624,6.9695,-6.309173,0.930192,7.112218,-6.277489,0.952346,7.029539,0.3756944,0.2101713,-0.9025972,0,0.104684,0.958087,0.2666656,0,-0.9208122,0.1946723,-0.3379464,0,8.309766,-1.383833,-4.520965,1,0.3756944,0.104684,-0.9208121,0,0.2101713,0.958087,0.1946723,0,-0.9025971,0.2666656,-0.3379463,0,-6.911701,1.661518,6.393283,1,0.692476,0.973269,-0.3626012,-0.3615163,0.8589681,0.0004143985,-0.001302864,-0.0237132,3.96,63
0,-6.279571,0.9655313,6.974127,-6.364031,0.9261838,7.127177,-6.322845,0.9469167,7.049801,0.4119414,0.2117539,-0.8862644,0,0.102828,0.9556075,0.2761171,0,-0.9053899,0.2048769,-0.3718801,0,8.467886,-1.43362,-4.20656,1,0.4119413,0.102828,-0.9053897,0,0.2117539,0.9556076,0.2048768,0,-0.8862644,0.2761171,-0.37188,0,-6.912822,1.660745,6.396117,1,0.6544857,0.9305651,-0.3663777,-0.365944,0.8554837,0.0003850628,-0.001195,-0.0236718,3.98,64
0,-6.143306,0.9474104,7.047958,-6.324035,0.9242919,7.134238,-6.237809,0.935663,7.0918,0.4492823,0.2079381,-0.868854,0,0.1017684,0.9542937,0.2810102,0,-0.8875746,0.2146748,-0.4075857,0,8.616882,-1.520522,-3.865608,1,0.4492823,0.1017684,-0.8875746,0,0.2079381,0.9542937,0.2146748,0,-0.8688539,0.2810102,-0.4075858,0,-6.913887,1.660373,6.398977,1,0.6105542,0.9037108,-0.3130594,-0.3262654,0.8919331,8.239038E-05,-0.00101207,-0.02350314,4,65
0,-6.145771,0.9393159,7.078168,-6.272106,0.9100555,7.187369,-6.209945,0.924544,7.133297,0.5094176,0.1953217,-0.8380591,0,0.09958223,0.9539751,0.282869,0,-0.8547381,0.2275543,-0.4665211,0,8.831015,-1.69033,-3.278342,1,0.5094177,0.09958222,-0.854738,0,0.1953217,0.9539751,0.2275543,0,-0.8380592,0.282869,-0.4665211,0,-6.915961,1.660462,6.40343,1,0.7192463,0.9201084,-0.2645143,-0.3114595,0.9127021,-0.0002003172,-0.0009319306,-0.02340532,4.04,66
0,-6.147647,0.9258133,7.12856,-6.282405,0.8954746,7.241786,-6.216003,0.9104998,7.185711,0.5489929,0.184282,-0.8152589,0,0.09760065,0.9545848,0.2814995,0,-0.8301091,0.234111,-0.5060742,0,8.953817,-1.810329,-2.865179,1,0.5489928,0.09760067,-0.8301089,0,0.1842821,0.9545848,0.234111,0,-0.8152589,0.2814994,-0.5060741,0,-6.917832,1.66076,6.406468,1,0.7499779,0.9381195,-0.2552502,-0.3079024,0.9165388,-0.0002804417,-0.0009207382,-0.02338757,4.06,67
0,-6.114262,0.9286382,7.118018,-6.2845,0.9037935,7.210739,-6.201601,0.9160439,7.16502,0.586709,0.1723474,-0.7912453,0,0.09620948,0.9553342,0.2794283,0,-0.8040624,0.2400684,-0.5439218,0,9.053581,-1.933068,-2.453213,1,0.5867089,0.09620947,-0.8040624,0,0.1723473,0.9553342,0.2400684,0,-0.791245,0.2794282,-0.5439217,0,-6.919751,1.661183,6.409357,1,0.7728664,0.9481812,-0.1974777,-0.3114735,0.929509,-0.0007090308,-0.0009462052,-0.02331986,4.08,68
0,-6.108792,0.9274355,7.122506,-6.283036,0.8937248,7.248316,-6.197381,0.9103676,7.186204,0.6219593,0.1610113,-0.7663172,0,0.09517004,0.9558338,0.2780728,0,-0.7772447,0.2458804,-0.5791662,0,9.130399,-2.050179,-2.052525,1,0.6219593,0.09517005,-0.7772447,0,0.1610114,0.9558338,0.2458804,0,-0.7663172,0.2780728,-0.5791662,0,-6.921519,1.661442,6.4119,1,0.7572919,0.9817848,-0.1681016,-0.3104181,0.9356187,-0.0009349752,-0.001001625,-0.02329864,4.1,69
0,-6.143203,0.9344104,7.096475,-6.260865,0.8984033,7.230855,-6.202023,0.9164097,7.163654,0.6387168,0.1554973,-0.7535658,0,0.09472669,0.9560256,0.2775643,0,-0.7635887,0.2486678,-0.5958999,0,9.16113,-2.106737,-1.856178,1,0.6387168,0.09472668,-0.7635886,0,0.1554973,0.9560255,0.2486677,0,-0.7535657,0.2775642,-0.5958998,0,-6.922528,1.6615,6.413116,1,0.7614541,0.9651309,-0.1401376,-0.3171218,0.937974,-0.001162582,-0.00107544,-0.0233079,4.12,70
0,-6.115683,0.9156234,7.166589,-6.28292,0.8932267,7.250175,-6.200933,0.9043003,7.208848,0.6705658,0.1454487,-0.7274519,0,0.09417847,0.9559669,0.2779525,0,-0.7358478,0.2548957,-0.6273407,0,9.207682,-2.216538,-1.47436,1,0.6705658,0.09417848,-0.7358477,0,0.1454487,0.955967,0.2548957,0,-0.7274519,0.2779524,-0.6273406,0,-6.924489,1.661574,6.415512,1,0.7543125,0.9509274,-0.1261978,-0.3110419,0.9419804,-0.001387107,-0.001131767,-0.02330869,4.14,71
0,-6.15517,0.8961434,7.239289,-6.345185,0.8903081,7.261067,-6.253666,0.8933693,7.249642,0.700253,0.1359738,-0.7008259,0,0.0943673,0.9554485,0.2796657,0,-0.7076302,0.2619718,-0.6562243,0,9.23492,-2.326829,-1.107498,1,0.700253,0.09436732,-0.7076302,0,0.1359738,0.9554485,0.2619717,0,-0.7008259,0.2796657,-0.6562242,0,-6.926556,1.66142,6.417705,1,0.741888,0.9505491,-0.1410824,-0.3161396,0.9381639,-0.001159425,-0.001258186,-0.02336771,4.16,72
0,-6.322338,0.8201065,7.373701,-6.540839,0.8519187,7.382226,-6.436284,0.8363644,7.378057,0.7276171,0.1281721,-0.6739029,0,0.09335388,0.9547489,0.282382,0,-0.6796016,0.2683775,-0.6827263,0,9.24894,-2.420751,-0.7555289,1,0.7276172,0.09335387,-0.6796016,0,0.1281721,0.9547488,0.2683774,0,-0.673903,0.282382,-0.6827263,0,-6.928567,1.661132,6.41945,1,0.7425714,0.9836705,-0.268413,-0.3380654,0.9020346,-0.0004992904,-0.001352799,-0.02354718,4.18,73
0,-6.352209,0.8383332,7.378584,-6.552508,0.8572009,7.394537,-6.458098,0.8516683,7.382158,0.7530701,0.1214285,-0.646638,0,0.09155496,0.9539191,0.2857553,0,-0.6515391,0.2743967,-0.7072505,0,9.250685,-2.504517,-0.4146633,1,0.75307,0.09155498,-0.6515391,0,0.1214285,0.9539191,0.2743967,0,-0.646638,0.2857554,-0.7072505,0,-6.93043,1.660652,6.421144,1,0.7728529,0.9460803,-0.2523634,-0.3296799,0.9097383,-0.0005816882,-0.001359673,-0.02352367,4.2,74
0,-6.306574,0.843541,7.37998,-6.541478,0.8536901,7.3827,-6.429072,0.848376,7.381276,0.7646167,0.1188813,-0.633426,0,0.09028638,0.9533896,0.2879179,0,-0.6381298,0.2773366,-0.7182442,0,9.247935,-2.539977,-0.2560854,1,0.7646167,0.0902864,-0.6381298,0,0.1188813,0.9533895,0.2773366,0,-0.633426,0.2879179,-0.7182443,0,-6.931381,1.660356,6.42188,1,0.7728529,0.9460803,-0.2187687,-0.3251829,0.919998,-0.0007617269,-0.001382858,-0.02348581,4.22,75
0,-6.253441,0.8065453,7.370066,-6.511446,0.8367684,7.378166,-6.38833,0.8220324,7.374217,0.7857018,0.1152395,-0.6077768,0,0.08669957,0.9522836,0.2926416,0,-0.6124997,0.282623,-0.7382197,0,9.237668,-2.596858,0.04207563,1,0.7857018,0.08669956,-0.6124997,0,0.1152395,0.9522836,0.282623,0,-0.6077767,0.2926416,-0.7382197,0,-6.933219,1.65973,6.423061,1,0.7621306,0.983101,-0.1613218,-0.3317617,0.9294673,-0.001121871,-0.001407494,-0.02345087,4.24,76
0,-6.306297,0.8007047,7.368502,-6.515678,0.8294806,7.376213,-6.414461,0.8153714,7.372432,0.8042412,0.1124235,-0.5835726,0,0.08290698,0.9511192,0.2974871,0,-0.5884917,0.2876337,-0.7556087,0,9.22049,-2.646196,0.313477,1,0.8042413,0.08290697,-0.5884917,0,0.1124235,0.9511193,0.2876337,0,-0.5835726,0.2974871,-0.7556086,0,-6.935067,1.65915,6.424184,1,0.7599846,0.9536547,-0.1493159,-0.3373016,0.9294796,-0.001301316,-0.001396179,-0.02343472,4.26,77
0,-6.361583,0.8895692,7.263825,-6.527294,0.8283203,7.375902,-6.415204,0.8130535,7.371811,0.8204646,0.1091518,-0.5611807,0,0.07943129,0.9503192,0.3009719,0,-0.5661525,0.2915121,-0.7710332,0,9.197191,-2.692096,0.5618105,1,0.8204646,0.07943128,-0.5661524,0,0.1091518,0.9503192,0.2915121,0,-0.5611807,0.300972,-0.7710332,0,-6.936845,1.658717,6.424965,1,0.7676331,0.9651337,-0.1246851,-0.3367567,0.9332998,-0.001474639,-0.001367737,-0.02340355,4.28,78
0,-6.287415,0.8161087,7.372629,-6.528988,0.8260419,7.375292,-6.412638,0.8209307,7.373922,0.8341014,0.1057082,-0.5413876,0,0.07598928,0.9500889,0.3025836,0,-0.5463519,0.2935251,-0.7844378,0,9.171972,-2.728319,0.7822044,1,0.8341014,0.07598928,-0.5463519,0,0.1057083,0.9500889,0.2935251,0,-0.5413876,0.3025836,-0.7844378,0,-6.938474,1.658492,6.425545,1,0.7723757,0.950448,-0.1016637,-0.3309307,0.9381628,-0.001730544,-0.00132254,-0.0233615,4.3,79
0,-6.369102,0.8533905,7.408756,-6.545032,0.8581588,7.390962,-6.459628,0.8560416,7.398863,0.8505266,0.09959591,-0.5164158,0,0.0723794,0.950397,0.302501,0,-0.5209278,0.294663,-0.8011292,0,9.130575,-2.778671,1.062321,1,0.8505266,0.07237941,-0.5209278,0,0.09959595,0.950397,0.294663,0,-0.5164158,0.302501,-0.8011292,0,-6.940453,1.658622,6.426198,1,0.7908832,0.9185359,-0.1124926,-0.3115309,0.9435539,-0.001594033,-0.0011576,-0.02331572,4.34,80
0,-6.432033,0.8211168,7.529204,-6.591001,0.7768501,7.586765,-6.523449,0.8214052,7.528129,0.8591053,0.0941482,-0.5030647,0,0.07159251,0.9511634,0.3002712,0,-0.5067667,0.2939802,-0.8104092,0,9.101647,-2.81356,1.217904,1,0.8591054,0.0715925,-0.5067667,0,0.0941482,0.9511633,0.2939802,0,-0.5030647,0.3002712,-0.8104092,0,-6.941698,1.658845,6.426543,1,0.7670857,0.9189874,-0.1756853,-0.2947096,0.9392982,-0.001157357,-0.0009918823,-0.02331594,4.36,81
0,-6.415513,0.778247,7.685357,-6.563417,0.5826142,7.939615,-6.534137,0.7848095,7.664706,0.8666382,0.08869879,-0.4909895,0,0.07101397,0.952124,0.2973499,0,-0.4938574,0.2925619,-0.8188482,0,9.073087,-2.84421,1.360272,1,0.8666383,0.07101396,-0.4938574,0,0.08869875,0.952124,0.2925618,0,-0.4909895,0.2973498,-0.8188481,0,-6.942928,1.659248,6.426775,1,0.742637,0.9664953,-0.1999534,-0.2722587,0.9412193,-0.001008125,-0.0009092408,-0.02332099,4.38,82
0,-6.409432,0.773115,7.706597,-6.553237,0.5816396,7.943654,-6.147743,-1.288092E-07,8.799067,0.8734006,0.0848377,-0.479556,0,0.06918406,0.9531081,0.2946161,0,-0.4820632,0.2904955,-0.8265758,0,9.048304,-2.859677,1.493404,1,0.8734006,0.06918407,-0.4820632,0,0.0848377,0.9531081,0.2904955,0,-0.479556,0.294616,-0.8265756,0,-6.944015,1.659602,6.426989,1,0.7699828,0.9458225,-0.1857682,-0.2725563,0.9440356,-0.001072816,-0.0009246827,-0.02330592,4.4,83
0,-6.406556,0.770976,7.714581,-6.556831,0.5903478,7.907562,-6.528688,0.7850217,7.663914,0.876376,0.08266623,-0.4744802,0,0.06888817,0.9535155,0.2933642,0,-0.4766756,0.2897834,-0.8299434,0,9.035386,-2.870955,1.552092,1,0.8763759,0.06888817,-0.4766755,0,0.08266625,0.9535155,0.2897834,0,-0.4744802,0.2933641,-0.8299433,0,-6.944627,1.659741,6.427051,1,0.7766138,0.965674,-0.1784694,-0.2764931,0.9442989,-0.001109054,-0.0009359208,-0.02330341,4.42,84
0,-6.374161,0.7596714,7.75677,-6.544853,0.5869477,7.921654,-6.43,0.6209862,7.916297,0.8816463,0.07843011,-0.4653478,0,0.0686424,0.9542919,0.2908868,0,-0.4668919,0.2884019,-0.8359643,0,9.010546,-2.893007,1.657849,1,0.8816462,0.06864239,-0.4668919,0,0.07843012,0.9542918,0.2884019,0,-0.4653477,0.2908868,-0.8359643,0,-6.945739,1.660021,6.427202,1,0.8038418,0.9505339,-0.1627235,-0.2727079,0.948236,-0.001197052,-0.0009807739,-0.02330227,4.44,85
0,-6.414858,0.8084937,7.576314,-6.542972,0.5975631,7.877658,-6.523943,0.8058159,7.586308,0.8863688,0.07486598,-0.4568868,0,0.06844954,0.9548036,0.2892486,0,-0.4578921,0.2876545,-0.8411835,0,8.986991,-2.913938,1.752423,1,0.8863688,0.06844953,-0.457892,0,0.07486599,0.9548036,0.2876546,0,-0.4568868,0.2892485,-0.8411835,0,-6.946974,1.660198,6.427388,1,0.8171213,0.9767939,-0.1398525,-0.2954233,0.9450748,-0.001299422,-0.001039192,-0.02330711,4.46,86
0,-6.416522,0.7997245,7.609041,-6.542622,0.597823,7.87658,-6.525438,0.8017282,7.601564,0.8904542,0.07194161,-0.4493504,0,0.06833691,0.9550892,0.2883308,0,-0.4499127,0.2874526,-0.845547,0,8.965157,-2.933557,1.833986,1,0.8904542,0.06833692,-0.4499126,0,0.07194161,0.9550892,0.2874526,0,-0.4493504,0.2883308,-0.8455469,0,-6.947914,1.660363,6.427517,1,0.8228562,0.9848134,-0.1362954,-0.2936845,0.9461359,-0.001326729,-0.001045395,-0.02330777,4.48,87
0,-6.426486,0.7862681,7.659261,-6.555745,0.5990897,7.871331,-6.537139,0.7960846,7.622626,0.8937892,0.07047556,-0.4429154,0,0.0675618,0.9551482,0.2883183,0,-0.4433692,0.28762,-0.8489397,0,8.948383,-2.944819,1.900383,1,0.8937892,0.0675618,-0.4433691,0,0.07047556,0.9551482,0.2876199,0,-0.4429154,0.2883183,-0.8489396,0,-6.948722,1.660254,6.427736,1,0.8283756,0.9765542,-0.1410093,-0.2909189,0.9462994,-0.001374274,-0.001069786,-0.02331306,4.5,88
0,-6.449602,0.7960571,7.622728,-6.539378,0.5905049,7.90691,-6.539268,0.796332,7.621703,0.8952243,0.0703259,-0.4400314,0,0.06694683,0.9550355,0.2888343,0,-0.4405582,0.2880302,-0.8502629,0,8.941579,-2.948303,1.92807,1,0.8952243,0.06694683,-0.4405582,0,0.07032592,0.9550355,0.2880302,0,-0.4400315,0.2888343,-0.850263,0,-6.948966,1.66023,6.427853,1,0.8283756,0.9765542,-0.139017,-0.29096,0.9465815,-0.001400856,-0.001079315,-0.02331687,4.52,89
