flag,xl,yl,zl,xr,yr,zr,xc,yc,zc,mat_00,mat_10,mat_20,mat_30,mat_01,mat_11,mat_21,mat_31,mat_02,mat_12,mat_22,mat_32,mat_03,mat_13,mat_23,mat_33,ctw_00,ctw_10,ctw_20,ctw_30,ctw_01,ctw_11,ctw_21,ctw_31,ctw_02,ctw_12,ctw_22,ctw_32,ctw_03,ctw_13,ctw_23,ctw_33,opennessl,opennessr,ray_x,ray_y,ray_z,eye_x,eye_y,eye_z,time,frame
0,-3,2.132924,6.400841,-3,2.093679,6.746984,-3,2.11332,6.573776,0.01966882,-0.1224763,-0.9922765,0,-0.005419832,0.9924409,-0.122604,0,-0.9997919,-0.007789448,-0.01885635,0,6.512184,-2.46533,-6.592454,1,0.01966883,-0.005419831,-0.9997919,0,-0.1224763,0.9924408,-0.007789449,0,-0.9922765,-0.122604,-0.01885634,0,-6.971569,1.673728,6.367316,1,0,0,-0.03258314,-0.01333817,0.99938,0.0003804257,0.001890427,-0.02132627,2.14,1
0,-3,1.810634,6.300125,-3,1.750035,6.64134,-3,1.780339,6.470713,-0.004917979,-0.04195156,-0.9991075,0,-0.01760072,0.9989685,-0.04185908,0,-0.999833,-0.01737915,0.005651236,0,6.360267,-1.845108,-6.881583,1,-0.004917931,-0.01760072,-0.999833,0,-0.04195156,0.9989685,-0.01737915,0,-0.9991076,-0.04185908,0.005651284,0,-6.921568,1.667093,6.366028,1,0.7051365,0.7728721,-0.03201406,-0.01397351,0.9993897,0.0003795093,0.001933052,-0.02134148,2.16,2
0,-3,1.820205,6.299507,-3,1.740804,6.639838,-3,1.780505,6.469671,-0.005259752,-0.04172739,-0.9991152,0,-0.01795454,0.9989719,-0.04162689,0,-0.9998249,-0.01771971,0.006003499,0,6.358423,-1.841387,-6.883903,1,-0.005259711,-0.01795454,-0.9998251,0,-0.04172739,0.9989719,-0.01771971,0,-0.9991152,-0.04162688,0.006003541,0,-6.921205,1.667101,6.36601,1,0.7051365,0.7728721,-0.03210795,-0.01371542,0.9993903,0.0003801035,0.001944412,-0.02135088,2.18,3
0,-3,1.822104,6.293378,-3,1.730956,6.61169,-3,1.776525,6.452547,-0.005867958,-0.04159448,-0.9991174,0,-0.01888823,0.9989609,-0.04147703,0,-0.9998044,-0.01862817,0.006647468,0,6.35563,-1.834721,-6.887866,1,-0.005867919,-0.01888823,-0.9998044,0,-0.04159448,0.998961,-0.01862817,0,-0.9991174,-0.04147704,0.006647507,0,-6.920806,1.667173,6.365997,1,0.700766,0.7694129,-0.02838273,-0.01456071,0.999491,0.0003554681,0.001979858,-0.02141484,2.2,4
0,-3,1.838273,6.236537,-3,1.727729,6.551082,-3,1.782975,6.393869,-0.005897045,-0.0415973,-0.999117,0,-0.01927605,0.9989535,-0.04147672,0,-0.9997967,-0.01901443,0.006692767,0,6.35594,-1.832415,-6.887753,1,-0.005897108,-0.01927605,-0.9997969,0,-0.04159731,0.9989535,-0.01901444,0,-0.9991172,-0.04147673,0.006692707,0,-6.920414,1.667334,6.365904,1,0.6950614,0.7753761,-0.01357681,-0.01268178,0.9998273,0.0002291342,0.001917854,-0.02104385,2.22,5
0,-3,1.842807,6.223997,-3,1.747301,6.541921,-3,1.795034,6.383011,-0.006098509,-0.04178546,-0.999108,0,-0.01918346,0.9989476,-0.04166166,0,-0.9997974,-0.01891228,0.006893635,0,6.354411,-1.83428,-6.888467,1,-0.006098463,-0.01918346,-0.9997974,0,-0.04178546,0.9989476,-0.01891228,0,-0.999108,-0.04166166,0.00689368,0,-6.920216,1.667264,6.365921,1,0.686577,0.7715405,-0.01107601,-0.009740609,0.9998912,0.0002310788,0.001915596,-0.0210396,2.24,6
0,-3,1.844093,6.231936,-3,1.735963,6.540599,-3,1.790003,6.386324,-0.006040812,-0.04154684,-0.9991183,0,-0.01900006,0.9989609,-0.04142543,0,-0.9998012,-0.01873307,0.006823897,0,6.354457,-1.833738,-6.888268,1,-0.006040782,-0.01900006,-0.9998013,0,-0.04154685,0.9989609,-0.01873307,0,-0.9991183,-0.04142542,0.006823928,0,-6.919994,1.667219,6.365849,1,0.6796359,0.762991,-0.01184813,-0.01077921,0.9998717,0.0002330551,0.00191246,-0.02102918,2.26,7
0,-3,1.846281,6.227895,-3,1.727924,6.545189,-3,1.787072,6.386608,-0.005963445,-0.04137502,-0.9991258,0,-0.01965005,0.9989556,-0.04125068,0,-0.9997891,-0.01938687,0.006770253,0,6.355971,-1.828394,-6.887935,1,-0.005963461,-0.01965005,-0.9997892,0,-0.04137501,0.9989555,-0.01938687,0,-0.9991259,-0.04125068,0.006770238,0,-6.919661,1.667248,6.365817,1,0.6815508,0.7744312,-0.01185772,-0.01136069,0.9998652,0.000233735,0.001910576,-0.02102003,2.28,8
0,-3,1.839734,6.228121,-3,1.731535,6.547359,-3,1.78561,6.387797,-0.005744338,-0.04092908,-0.9991455,0,-0.02018401,0.9989632,-0.04080557,0,-0.9997797,-0.01993237,0.006564498,0,6.358297,-1.821827,-6.887184,1,-0.005744341,-0.02018402,-0.9997799,0,-0.04092908,0.9989632,-0.01993237,0,-0.9991455,-0.04080557,0.006564497,0,-6.919341,1.667239,6.365796,1,0.6949952,0.7678169,-0.01195648,-0.01129156,0.9998648,0.000234589,0.001908959,-0.02100736,2.3,9
0,-3,1.835043,6.225557,-3,1.728379,6.550735,-3,1.781688,6.388202,-0.005377293,-0.04041539,-0.9991685,0,-0.0198641,0.9989901,-0.04030127,0,-0.9997882,-0.01963087,0.006174684,0,6.360295,-1.820226,-6.88545,1,-0.005377299,-0.0198641,-0.9997882,0,-0.04041539,0.9989901,-0.01963087,0,-0.9991685,-0.04030127,0.006174678,0,-6.919088,1.667237,6.365731,1,0.6829902,0.7631873,-0.01168192,-0.0117728,0.9998625,0.0002353368,0.001909676,-0.02100457,2.32,10
0,-3,1.83411,6.223699,-3,1.727764,6.55374,-3,1.780916,6.388773,-0.00495255,-0.03998724,-0.9991879,0,-0.01978455,0.9990085,-0.039882,0,-0.999792,-0.01957097,0.005738735,0,6.363064,-1.817671,-6.883405,1,-0.004952516,-0.01978455,-0.999792,0,-0.03998724,0.9990085,-0.01957096,0,-0.9991879,-0.03988199,0.005738769,0,-6.918986,1.667235,6.365669,1,0.6877444,0.7717283,-0.01141497,-0.01154401,0.9998682,0.0002371445,0.001909927,-0.02100229,2.34,11
0,-3,1.831688,6.220776,-3,1.72708,6.561669,-3,1.779365,6.391273,-0.004258394,-0.03931344,-0.9992177,0,-0.0201817,0.9990268,-0.03921992,0,-0.9997872,-0.0199989,0.00504756,0,6.368471,-1.810234,-6.880192,1,-0.004258292,-0.02018169,-0.9997873,0,-0.03931344,0.9990268,-0.0199989,0,-0.9992179,-0.03921992,0.005047663,0,-6.918859,1.667159,6.365643,1,0.6909188,0.7609519,-0.01136996,-0.0112621,0.9998719,0.0002374956,0.001911247,-0.02099828,2.36,12
0,-3,1.83993,6.210542,-3,1.726621,6.56343,-3,1.783253,6.387044,-0.004096627,-0.03876282,-0.99924,0,-0.02116501,0.999028,-0.03866783,0,-0.9997677,-0.02099052,0.004912972,0,6.371072,-1.800138,-6.880305,1,-0.004096539,-0.02116501,-0.9997676,0,-0.03876283,0.999028,-0.02099052,0,-0.9992401,-0.03866783,0.00491306,0,-6.918756,1.667186,6.365609,1,0.6925275,0.74878,-0.01019393,-0.009720184,0.9999008,0.0002400894,0.001914902,-0.02098802,2.38,13
0,-3,1.844957,6.209005,-3,1.729659,6.571687,-3,1.787286,6.390403,-0.003172874,-0.0389104,-0.9992378,0,-0.02193736,0.999005,-0.03883168,0,-0.9997544,-0.02179744,0.004023314,0,6.378462,-1.795942,-6.874243,1,-0.003172878,-0.02193737,-0.9997543,0,-0.0389104,0.9990049,-0.02179743,0,-0.9992375,-0.03883168,0.004023308,0,-6.918644,1.667143,6.365405,1,0.6859027,0.7597545,-0.01022515,-0.008857902,0.9999084,0.0002417834,0.001916641,-0.02096084,2.4,14
0,-3,1.842097,6.211415,-3,1.736274,6.573115,-3,1.78917,6.392308,-0.002257705,-0.03908762,-0.9992333,0,-0.0225215,0.9989843,-0.039027,0,-0.9997439,-0.02241612,0.0031358,0,6.385522,-1.79323,-6.868221,1,-0.002257781,-0.0225215,-0.9997438,0,-0.03908762,0.9989843,-0.02241612,0,-0.9992331,-0.03902699,0.003135723,0,-6.918631,1.667175,6.365226,1,0.6775193,0.7562322,-0.009872454,-0.008582317,0.9999144,0.0002420805,0.00192234,-0.02094122,2.42,15
0,-3,1.844857,6.210956,-3,1.739456,6.574319,-3,1.792142,6.392679,-0.001648545,-0.03964273,-0.9992126,0,-0.02359164,0.9989374,-0.03959288,0,-0.9997203,-0.02350779,0.002581954,0,6.391001,-1.790062,-6.863287,1,-0.001648469,-0.02359164,-0.9997204,0,-0.03964272,0.9989373,-0.02350779,0,-0.9992126,-0.03959288,0.00258203,0,-6.91831,1.667197,6.364855,1,0.6777701,0.752052,-0.009505813,-0.00839904,0.9999195,0.0002414929,0.00192923,-0.02092783,2.46,16
0,-3,1.846246,6.210554,-3,1.746502,6.572726,-3,1.79636,6.39168,-0.00180757,-0.04006533,-0.9991955,0,-0.02462494,0.9988958,-0.04000877,0,-0.9996952,-0.02453281,0.002792239,0,6.391235,-1.786402,-6.863401,1,-0.001807628,-0.02462495,-0.9996951,0,-0.04006533,0.9988958,-0.02453281,0,-0.9991953,-0.04000877,0.002792181,0,-6.917898,1.667217,6.364625,1,0.6896427,0.7663713,-0.009528421,-0.007757498,0.9999245,0.0002414854,0.001937493,-0.02091746,2.48,17
0,-3,1.849827,6.213356,-3,1.760801,6.566411,-3,1.805303,6.389919,-0.002135515,-0.04024833,-0.9991875,0,-0.02542412,0.9988689,-0.04018116,0,-0.9996746,-0.02531767,0.003156424,0,6.389907,-1.78264,-6.865055,1,-0.002135559,-0.02542413,-0.9996743,0,-0.04024833,0.9988689,-0.02531765,0,-0.9991874,-0.04018115,0.003156377,0,-6.917578,1.667235,6.364363,1,0.6937216,0.7668686,-0.009557016,-0.005672182,0.9999382,0.000239769,0.001942886,-0.02090343,2.5,18
0,-3,1.845717,6.211886,-3,1.756854,6.564839,-3,1.801275,6.388395,-0.002245545,-0.03965913,-0.9992108,0,-0.02587778,0.9988809,-0.03958789,0,-0.9996626,-0.02576846,0.003269315,0,6.389536,-1.775648,-6.866719,1,-0.002245537,-0.02587778,-0.9996625,0,-0.03965913,0.998881,-0.02576846,0,-0.9992107,-0.03958789,0.003269322,0,-6.917371,1.66717,6.364073,1,0.6938782,0.7709922,-0.00934256,-0.006084254,0.9999379,0.0002355501,0.001945259,-0.02088395,2.52,19
0,-3,1.820597,6.282434,-3,1.751896,6.554409,-3,1.78625,6.418409,-0.002609968,-0.03930918,-0.9992238,0,-0.02599913,0.998892,-0.03922822,0,-0.9996586,-0.02587656,0.003629088,0,6.387058,-1.772522,-6.869619,1,-0.002609976,-0.02599913,-0.9996585,0,-0.03930918,0.9988919,-0.02587656,0,-0.9992236,-0.03922822,0.00362908,0,-6.917293,1.667133,6.36394,1,0.6979185,0.7682568,-0.01725091,-0.009744459,0.9998037,0.0002078936,0.001989723,-0.021164,2.54,20
0,-3,1.466383,6.272969,-3,1.390762,6.474484,-3,1.42857,6.373731,-0.003272653,-0.03782607,-0.9992791,0,-0.02650666,0.9989365,-0.0377263,0,-0.9996434,-0.02636409,0.004271746,0,6.383007,-1.759094,-6.87659,1,-0.003272583,-0.02650666,-0.9996432,0,-0.03782606,0.9989365,-0.02636408,0,-0.9992789,-0.03772629,0.004271814,0,-6.917282,1.666987,6.363728,1,0.7102788,0.7856065,-0.004228862,-0.09837612,0.9951403,0.0001886291,0.001625717,-0.02176683,2.56,21
0,-3,0.7765004,6.292071,-3.306361,0.728067,6.42141,-3.158287,0.751,6.358122,-0.00399673,-0.03614815,-0.9993385,0,-0.02688448,0.9989891,-0.036028,0,-0.9996306,-0.02672271,0.004964471,0,6.37829,-1.745238,-6.884098,1,-0.003996687,-0.02688449,-0.9996306,0,-0.03614815,0.9989891,-0.0267227,0,-0.9993384,-0.03602799,0.004964514,0,-6.917138,1.666931,6.363472,1,0.7399918,0.8252993,0.003807065,-0.2703348,0.9627588,0.0001417771,0.0007434387,-0.02130875,2.58,22
0,-3.30582,0.6813873,6.302192,-3.539584,0.651266,6.403152,-3.455154,0.6739406,6.353409,-0.004716396,-0.03323261,-0.9994367,0,-0.02721654,0.9990817,-0.03309238,0,-0.9996186,-0.02704513,0.005616546,0,6.373595,-1.722955,-6.893453,1,-0.004716398,-0.02721654,-0.9996183,0,-0.0332326,0.9990817,-0.02704513,0,-0.9994363,-0.03309236,0.00561654,0,-6.916765,1.66672,6.363282,1,0.7281603,0.8277085,0.005651593,-0.3057407,0.952098,9.468105E-05,0.0006579743,-0.02133801,2.6,23
0,-3.305762,0.7479027,6.296741,-3.542452,0.6458505,6.398368,-3.306303,0.6613988,6.34772,-0.005684733,-0.03018495,-0.9995282,0,-0.02778916,0.999163,-0.03001588,0,-0.9995977,-0.02760541,0.006518841,0,6.367474,-1.698094,-6.904808,1,-0.005684784,-0.02778916,-0.9995976,0,-0.03018496,0.9991631,-0.02760542,0,-0.9995282,-0.03001588,0.00651879,0,-6.916609,1.666366,6.363046,1,0.7193031,0.7825106,0.005999028,-0.2954611,0.955336,0.0001173858,0.0006724015,-0.021345,2.62,24
0,-3,0.6417278,6.288116,-3.552773,0.618636,6.3817,-3.321541,0.6361502,6.336294,-0.007322669,-0.02425908,-0.999679,0,-0.02839574,0.9993076,-0.02404208,0,-0.9995701,-0.02821057,0.008006454,0,6.356632,-1.653036,-6.924935,1,-0.007322667,-0.02839574,-0.9995698,0,-0.02425908,0.9993077,-0.02821057,0,-0.9996787,-0.02404208,0.008006452,0,-6.916264,1.665903,6.362709,1,0.7095339,0.772398,0.007764391,-0.2968586,0.9548898,0.0001297155,0.0006834184,-0.02134597,2.66,25
0,-3.069884,0.6390409,6.285471,-3.552626,0.6031162,6.376769,-3.321541,0.6181442,6.332057,-0.008283973,-0.01978639,-0.9997699,0,-0.02886479,0.9993923,-0.01953974,0,-0.999549,-0.02869629,0.008850098,0,6.350392,-1.618827,-6.937925,1,-0.008284001,-0.02886479,-0.999549,0,-0.01978638,0.9993923,-0.02869628,0,-0.9997698,-0.01953975,0.008850069,0,-6.915752,1.665581,6.362474,1,0.7155802,0.7847229,0.008163306,-0.2969191,0.9548677,0.000135391,0.0006867218,-0.0213458,2.68,26
0,-3.156602,0.6390409,6.275644,-3.551355,0.5911119,6.364728,-3,0.5062623,6.316718,-0.009097099,-0.01501424,-0.9998459,0,-0.02895745,0.9994719,-0.01474515,0,-0.9995393,-0.02881884,0.009527087,0,6.344569,-1.584766,-6.95006,1,-0.009097118,-0.02895744,-0.9995393,0,-0.01501424,0.9994718,-0.02881884,0,-0.9998459,-0.01474515,0.00952707,0,-6.915066,1.665172,6.362189,1,0.7262906,0.7856122,0.01053924,-0.2964214,0.954999,0.0001418758,0.0006932679,-0.02134534,2.7,27
0,-3.367592,0.6742368,6.277029,-3.551839,0.5849972,6.367659,-3,0.4904742,6.317489,-0.01023805,-0.00899604,-0.9999071,0,-0.02990355,0.9995151,-0.008686332,0,-0.9995004,-0.02981184,0.0105021,0,6.337822,-1.536487,-6.96621,1,-0.01023805,-0.02990355,-0.9995003,0,-0.008996042,0.9995151,-0.02981184,0,-0.9999071,-0.008686329,0.0105021,0,-6.914498,1.664754,6.36201,1,0.7353016,0.797281,0.009590596,-0.2941554,0.9557095,0.0001418153,0.0006974259,-0.02134387,2.72,28
0,-3.373128,0.6643524,6.2779,-3.552792,0.5889655,6.37639,-3,0.4862993,6.323013,-0.0107547,-0.005626597,-0.9999263,0,-0.03022603,0.9995291,-0.005299265,0,-0.9994853,-0.03016681,0.01091969,0,6.334537,-1.510802,-6.974343,1,-0.01075469,-0.03022602,-0.9994853,0,-0.005626595,0.999529,-0.03016681,0,-0.9999263,-0.005299265,0.01091971,0,-6.914204,1.6646,6.361858,1,0.7318951,0.7921295,0.00783942,-0.2919064,0.9564148,0.0001346665,0.0007034378,-0.02134424,2.74,29
0,-3.372917,0.6647273,6.276705,-3.55304,0.6010139,6.380854,-3,0.4935248,6.324963,-0.01118696,-0.00162836,-0.999936,0,-0.03086651,0.9995227,-0.001282363,0,-0.9994609,-0.03085019,0.01123178,0,6.332348,-1.478428,-6.982669,1,-0.01118686,-0.03086651,-0.999461,0,-0.001628358,0.9995226,-0.03085019,0,-0.9999362,-0.001282362,0.01123188,0,-6.913792,1.664225,6.361753,1,0.7295451,0.8045313,0.007060035,-0.2864373,0.958073,0.0001352616,0.0007172623,-0.02134435,2.76,30
0,-3.464179,0.659883,6.269512,-3.553141,0.5829229,6.380284,-3,0.4657648,6.319793,-0.01243877,0.00946806,-0.9998778,0,-0.03154941,0.9994536,0.009856526,0,-0.9994248,-0.03166815,0.01213324,0,6.324343,-1.395615,-7.005569,1,-0.01243875,-0.03154941,-0.9994248,0,0.00946806,0.9994535,-0.03166816,0,-0.9998779,0.009856528,0.01213327,0,-6.912834,1.663432,6.36151,1,0.7428641,0.8028359,0.007455469,-0.2818862,0.959419,0.000142647,0.0007301942,-0.02134451,2.78,31
0,-3.463984,0.6602207,6.264378,-3.553716,0.548458,6.388601,-3,0.4459054,6.321721,-0.01250219,0.02144079,-0.9996921,0,-0.03028507,0.9993033,0.0218112,0,-0.9994632,-0.03054843,0.01184416,0,6.321973,-1.318896,-7.021593,1,-0.0125022,-0.03028507,-0.999463,0,0.02144079,0.9993033,-0.03054843,0,-0.9996918,0.0218112,0.01184414,0,-6.912113,1.662588,6.361453,1,0.7376163,0.8026043,0.006677025,-0.2747789,0.9614842,0.0001533888,0.0007588196,-0.02134435,2.8,32
0,-3.545012,0.6342684,6.288177,-3.554031,0.5213697,6.39356,-3,0.4015181,6.337483,-0.01101315,0.04113273,-0.9990929,0,-0.02734431,0.9987676,0.04142074,0,-0.9995653,-0.02777568,0.009874821,0,6.328278,-1.198331,-7.036529,1,-0.01101314,-0.02734431,-0.9995655,0,0.04113272,0.9987675,-0.02777568,0,-0.9990931,0.04142075,0.009874834,0,-6.911162,1.661355,6.361729,1,0.7426233,0.8032448,0.003740545,-0.2657438,0.9640365,0.0001617661,0.0007638856,-0.02134403,2.82,33
0,-3.54932,0.6185258,6.288018,-3.583413,0.4854228,6.398522,-3.365521,0.4854228,6.342244,-0.009367704,0.0530889,-0.9985459,0,-0.02569705,0.9982471,0.05331409,0,-0.999626,-0.02615911,0.007987022,0,6.337612,-1.124352,-7.039998,1,-0.009367669,-0.02569705,-0.9996258,0,0.05308889,0.9982471,-0.02615911,0,-0.9985458,0.05331408,0.007987055,0,-6.910701,1.66057,6.362057,1,0.7426233,0.8032448,0.004426694,-0.2623005,0.9649761,0.0001683421,0.0007672653,-0.02134474,2.84,34
0,-3.462374,0.4854228,6.308804,-3,0.1424891,6.425014,-3.621541,0.461207,6.364926,-0.002523899,0.08439527,-0.9964292,0,-0.02157683,0.9961957,0.08443016,0,-0.9997641,-0.02171287,0.0006933212,0,6.379956,-0.9309081,-7.029286,1,-0.002523904,-0.02157682,-0.9997639,0,0.08439526,0.9961957,-0.02171288,0,-0.996429,0.08443016,0.0006933145,0,-6.909519,1.65851,6.36311,1,0.7432944,0.8002359,0.004416565,-0.2602477,0.9655318,0.0001755981,0.0007730179,-0.02134578,2.86,35
0,-3,0.04041469,6.939563,-3.143541,7.903309E-08,7.048392,-3.300939,0.1167604,6.95705,0.01294988,0.1274554,-0.9917599,0,-0.01677034,0.9917311,0.1272328,0,-0.9997756,-0.01498448,-0.01498032,0,6.480648,-0.6657888,-6.966114,1,0.01294992,-0.01677033,-0.9997754,0,0.1274554,0.991731,-0.0149845,0,-0.9917595,0.1272328,-0.01498027,0,-6.907775,1.655284,6.364861,1,0.6998698,0.7677104,-0.1306316,-0.2697634,0.9540247,0.001220635,0.0004547653,-0.02151238,2.88,36
0,-3.787875,4.343028E-08,7.218555,-3.780378,3.536635E-08,7.410534,-3.784135,3.940437E-08,7.314398,0.02313966,0.1488393,-0.9885906,0,-0.01408283,0.9888058,0.148542,0,-0.9996331,-0.01048495,-0.02497673,0,6.546598,-0.5402727,-6.914555,1,0.02313968,-0.01408284,-0.9996331,0,0.1488393,0.9888058,-0.01048495,0,-0.9885907,0.148542,-0.02497671,0,-6.906737,1.653521,6.365829,1,0.6998698,0.7677104,-0.2322825,-0.320861,0.918201,0.001870567,0.0002311172,-0.02170611,2.9,37
0,-5.624316,0.8464463,6.846146,-5.751075,0.9011741,6.956883,-5.61244,0.8258331,6.936695,0.04780012,0.1907686,-0.9804707,0,-0.00779292,0.981634,0.190615,0,-0.9988266,0.001470707,-0.04840887,0,6.703351,-0.3115298,-6.776345,1,0.04780012,-0.007792905,-0.9988264,0,0.1907686,0.9816339,0.001470692,0,-0.9804704,0.190615,-0.04840886,0,-6.904997,1.64972,6.367908,1,0.6480312,0.5991145,-0.3034815,-0.3391685,0.8904289,0.002388528,3.089143E-05,-0.02188869,2.92,38
0,-5.835145,0.9007488,6.956769,-5.989374,0.9650121,6.982268,-5.920326,0.9371893,6.966533,0.08046854,0.2294209,-0.9699954,0,-0.003495887,0.97321,0.2298912,0,-0.9967511,0.01510804,-0.07911479,0,6.910816,-0.1143525,-6.570577,1,0.08046851,-0.003495852,-0.996751,0,0.2294208,0.97321,0.01510801,0,-0.9699952,0.2298912,-0.07911479,0,-6.903296,1.645966,6.37026,1,0.6804326,0.5823599,-0.3761196,-0.3322527,0.8649521,0.002788376,0.0001534958,-0.02199977,2.94,39
0,-5.841634,0.8956485,6.955402,-6.037201,0.9648871,6.982734,-5.927,0.9182131,6.980224,0.1118714,0.2640798,-0.9579909,0,-0.003584817,0.9641435,0.2653572,0,-0.9937162,0.02625166,-0.1088068,0,7.11063,0.07157254,-6.353811,1,0.1118714,-0.003584826,-0.9937163,0,0.2640798,0.9641435,0.02625167,0,-0.957991,0.2653572,-0.1088068,0,-6.901271,1.642514,6.372733,1,0.6900718,0.5610412,-0.3591074,-0.308831,0.8807186,0.002713058,0.0004275589,-0.02186273,2.96,40
0,-5.826962,0.8993047,6.956382,-5.969638,0.9548477,7.020202,-5.927,0.9462265,6.97323,0.1407813,0.2880785,-0.9472018,0,-0.008723199,0.957054,0.2897784,0,-0.9900022,0.03253275,-0.1372483,0,7.296989,0.2109746,-6.135489,1,0.1407814,-0.008723221,-0.9900024,0,0.2880785,0.957054,0.03253277,0,-0.9472018,0.2897784,-0.1372483,0,-6.899603,1.639672,6.375087,1,0.7111687,0.6042767,-0.3329991,-0.2689857,0.9037468,0.00253363,0.0008679962,-0.02166633,2.98,41
0,-5.826492,0.914535,6.960463,-5.927,0.9430852,7.045295,-5.927,0.9628752,6.973656,0.18314,0.3169375,-0.9305969,0,-0.01652846,0.9474658,0.3194299,0,-0.982948,0.0431191,-0.1787574,0,7.560046,0.3606591,-5.800317,1,0.18314,-0.01652841,-0.9829478,0,0.3169374,0.9474657,0.04311904,0,-0.9305967,0.3194298,-0.1787573,0,-6.896608,1.636038,6.378729,1,0.7092552,0.7225514,-0.2965986,-0.2279999,0.9273862,0.002149277,0.001285225,-0.02147193,3.02,42
0,-5.81452,0.9513367,6.970324,-5.924496,0.9496568,7.039575,-5.887896,0.9616178,6.994936,0.2124504,0.3319573,-0.9190589,0,-0.01942894,0.9417785,0.3356722,0,-0.9769787,0.05345735,-0.2065307,0,7.730747,0.4088781,-5.56763,1,0.2124503,-0.01942892,-0.9769786,0,0.3319572,0.9417784,0.05345735,0,-0.9190589,0.3356722,-0.2065308,0,-6.895109,1.634026,6.38103,1,0.7168773,0.7378082,-0.271806,-0.1939956,0.942596,0.002030822,0.001384056,-0.02142838,3.04,43
0,-5.82907,0.9605891,6.972803,-5.849941,0.9322683,7.104469,-5.848526,0.9524034,7.032767,0.2405981,0.3433323,-0.9078742,0,-0.02249515,0.9370714,0.3484123,0,-0.9703642,0.06340456,-0.2331809,0,7.889459,0.4324112,-5.339047,1,0.2405981,-0.02249516,-0.970364,0,0.3433323,0.9370714,0.06340457,0,-0.9078742,0.3484123,-0.2331809,0,-6.893832,1.632464,6.383267,1,0.7227058,0.7540912,-0.2559518,-0.1672887,0.9521046,0.001821754,0.001545761,-0.02137453,3.06,44
0,-5.833209,0.9615905,6.973071,-5.825834,0.9281267,7.119926,-5.845024,0.9550244,7.036187,0.2662126,0.3507001,-0.8978533,0,-0.02609266,0.9337462,0.3569835,0,-0.9635612,0.0716062,-0.2577257,0,8.030323,0.4366778,-5.125268,1,0.2662126,-0.02609258,-0.963561,0,0.3507001,0.9337462,0.07160611,0,-0.8978531,0.3569834,-0.2577257,0,-6.892653,1.631422,6.385524,1,0.7166506,0.7772594,-0.2326099,-0.1535507,0.9603722,0.001681334,0.001634827,-0.02133401,3.08,45
0,-5.790278,0.951887,6.970471,-5.831029,0.9311027,7.108819,-5.83612,0.9577397,7.024209,0.2790212,0.3537014,-0.8927723,0,-0.02799696,0.9322963,0.3606102,0,-0.9598767,0.07562296,-0.270033,0,8.099099,0.434118,-5.01642,1,0.2790212,-0.02799698,-0.9598768,0,0.3537015,0.9322963,0.07562298,0,-0.8927724,0.3606102,-0.270033,0,-6.891891,1.630996,6.386709,1,0.7273182,0.7994331,-0.2103658,-0.1456582,0.9667109,0.001556701,0.001716286,-0.02133398,3.1,46
0,-5.77734,0.9650658,6.982067,-5.793664,0.9241499,7.134768,-5.820027,0.9662893,7.036893,0.3057703,0.3573363,-0.8825052,0,-0.03075832,0.9301222,0.3659599,0,-0.9516084,0.08475532,-0.2953948,0,8.237081,0.4045131,-4.790518,1,0.3057703,-0.03075829,-0.9516083,0,0.3573363,0.9301222,0.08475529,0,-0.8825051,0.3659599,-0.2953948,0,-6.890858,1.630249,6.389095,1,0.7305986,0.8055117,-0.1877909,-0.1264304,0.974038,0.001465493,0.001807793,-0.02141869,3.12,47
0,-5.727155,0.9563107,7.014742,-5.780627,0.926924,7.124414,-5.799229,0.9690382,7.042615,0.3334605,0.3591284,-0.8716828,0,-0.03227487,0.92841,0.370153,0,-0.9422114,0.09529796,-0.3211789,0,8.372288,0.3522291,-4.556088,1,0.3334605,-0.03227487,-0.9422115,0,0.3591284,0.92841,0.09529795,0,-0.8716828,0.370153,-0.3211789,0,-6.889788,1.629651,6.39158,1,0.7284856,0.8167696,-0.1581312,-0.1111167,0.9811461,0.001387941,0.001866264,-0.02171175,3.14,48
0,-5.868998,0.9191468,7.15344,-5.819707,0.8005844,7.378159,-5.8995,0.9020509,7.217242,0.362864,0.3599393,-0.8595192,0,-0.03343749,0.9268227,0.3740075,0,-0.931242,0.1069737,-0.3483461,0,8.508862,0.2858269,-4.30304,1,0.362864,-0.03343749,-0.9312419,0,0.3599394,0.9268228,0.1069737,0,-0.8595192,0.3740076,-0.3483461,0,-6.888986,1.628973,6.394287,1,0.7365366,0.8144849,-0.256721,-0.1540682,0.9541265,0.001889778,0.00145739,-0.02150631,3.16,49
0,-6.066688,0.89179,7.255537,-6.149391,0.8583596,7.383949,-6.053296,0.8225561,7.384048,0.3941428,0.3593968,-0.8458636,0,-0.03513144,0.9255874,0.3769003,0,-0.9183775,0.1188361,-0.3774397,0,8.647139,0.2081699,-4.025767,1,0.3941429,-0.03513148,-0.9183775,0,0.3593968,0.9255873,0.1188361,0,-0.8458637,0.3769004,-0.3774397,0,-6.888274,1.62842,6.397115,1,0.7415547,0.8080553,-0.3570631,-0.2134994,0.9093536,0.002421036,0.001164909,-0.02172945,3.18,50
0,-6.15194,0.8134761,7.371923,-6.264584,0.846119,7.435893,-6.225223,0.8483595,7.38127,0.4101179,0.3587274,-0.8385214,0,-0.0365403,0.9251232,0.3779048,0,-0.9113003,0.1243457,-0.3925176,0,8.715353,0.1690488,-3.879441,1,0.4101178,-0.03654025,-0.9113001,0,0.3587274,0.9251232,0.1243457,0,-0.8385212,0.3779047,-0.3925175,0,-6.887958,1.628129,6.398533,1,0.7415547,0.8080553,-0.4155037,-0.2518215,0.8740382,0.002777893,0.001015533,-0.0219064,3.2,51
0,-6.099001,0.7834896,7.423562,-6.234084,0.8427637,7.448415,-6.205626,0.8554438,7.383168,0.4416594,0.3577342,-0.8227778,0,-0.03950801,0.9239333,0.380508,0,-0.8963125,0.1355487,-0.4221972,0,8.843848,0.09216595,-3.583034,1,0.4416594,-0.03950797,-0.8963125,0,0.3577342,0.9239333,0.1355486,0,-0.8227777,0.380508,-0.4221972,0,-6.88698,1.62762,6.401612,1,0.7650862,0.7699191,-0.3817596,-0.2339268,0.8941688,0.00269857,0.001011498,-0.02184515,3.22,52
0,-6.150484,0.836927,7.378207,-6.276213,0.845201,7.43932,-6.230809,0.8597219,7.385127,0.4728319,0.3578085,-0.8052348,0,-0.04266277,0.922067,0.3846717,0,-0.8801193,0.1475315,-0.4512478,0,8.962124,0.01895833,-3.280398,1,0.4728319,-0.04266274,-0.8801193,0,0.3578085,0.922067,0.1475315,0,-0.8052347,0.3846717,-0.4512478,0,-6.885852,1.626744,6.404669,1,0.7679627,0.778618,-0.3664034,-0.2306348,0.901419,0.002557403,0.001005974,-0.02180038,3.24,53
0,-6.146108,0.8314134,7.376729,-6.296243,0.8407195,7.456045,-6.242474,0.8590863,7.387498,0.5036527,0.3594183,-0.7855905,0,-0.04508509,0.9190431,0.39157,0,-0.862729,0.1617969,-0.4790829,0,9.069218,-0.05604577,-2.975394,1,0.5036526,-0.04508506,-0.862729,0,0.3594183,0.9190431,0.1617969,0,-0.7855905,0.39157,-0.4790829,0,-6.885033,1.62547,6.407885,1,0.7806959,0.8044174,-0.3444348,-0.2223208,0.9121064,0.002426445,0.000989769,-0.02176246,3.26,54
0,-6.099001,0.7732973,7.42954,-6.242905,0.8250395,7.514563,-6.221091,0.8554845,7.400941,0.5345148,0.3623713,-0.763532,0,-0.04819864,0.9150175,0.4005245,0,-0.8437837,0.1772851,-0.5065562,0,9.167544,-0.1279032,-2.659369,1,0.5345148,-0.04819858,-0.8437836,0,0.3623713,0.9150175,0.177285,0,-0.7635319,0.4005245,-0.5065562,0,-6.884352,1.624038,6.410979,1,0.781821,0.8216219,-0.309895,-0.2003568,0.9294204,0.002192604,0.0009256363,-0.0217207,3.28,55
0,-6.099001,0.7642904,7.42608,-6.284186,0.8541808,7.405807,-6.220545,0.8400778,7.379051,0.5496912,0.3644376,-0.7516813,0,-0.04996774,0.9125537,0.4058928,0,-0.8338721,0.1855559,-0.5198328,0,9.212463,-0.1623535,-2.500039,1,0.5496913,-0.04996774,-0.8338723,0,0.3644376,0.9125537,0.1855559,0,-0.7516814,0.4058928,-0.519833,0,-6.884076,1.62323,6.412541,1,0.79,0.8363976,-0.2824367,-0.2057711,0.9369567,0.002078201,0.0009392471,-0.02168521,3.3,56
0,-6.182424,0.8135071,7.371932,-6.327944,0.8541837,7.382832,-6.25701,0.8339528,7.37741,0.5795996,0.3668512,-0.727657,0,-0.05301049,0.9080206,0.415558,0,-0.8131754,0.2022838,-0.5457353,0,9.292801,-0.2449019,-2.181356,1,0.5795994,-0.05301045,-0.8131754,0,0.3668512,0.9080207,0.2022838,0,-0.7276567,0.415558,-0.5457352,0,-6.883539,1.621472,6.415774,1,0.7920333,0.8340283,-0.2682973,-0.206413,0.9409624,0.002019256,0.0009540253,-0.02166571,3.32,57
0,-6.190892,0.8175534,7.373015,-6.321697,0.8584355,7.389928,-6.25921,0.8401625,7.379074,0.6072767,0.3693799,-0.7034013,0,-0.05701841,0.9033289,0.4251421,0,-0.7924417,0.2180721,-0.5696321,0,9.358992,-0.3203638,-1.873633,1,0.6072767,-0.05701843,-0.7924417,0,0.3693798,0.9033288,0.2180721,0,-0.7034014,0.4251421,-0.5696321,0,-6.883078,1.619589,6.419037,1,0.7753519,0.8370532,-0.2413073,-0.1886518,0.9519355,0.001872292,0.001019013,-0.02161527,3.34,58
0,-6.162162,0.807171,7.370234,-6.321428,0.8517957,7.382192,-6.243876,0.8297014,7.376271,0.6325468,0.37316,-0.6787019,0,-0.06197184,0.8978596,0.4358987,0,-0.7720389,0.233666,-0.5910636,0,9.412043,-0.3847036,-1.580607,1,0.6325468,-0.06197178,-0.7720389,0,0.37316,0.8978595,0.2336659,0,-0.6787017,0.4358987,-0.5910636,0,-6.882761,1.617675,6.422116,1,0.7591707,0.8405151,-0.2017543,-0.1748676,0.9636993,0.001581733,0.001122604,-0.02155746,3.36,59
0,-6.177907,0.8146679,7.372242,-6.321685,0.8526836,7.411394,-6.259103,0.8436688,7.380013,0.6558448,0.3753703,-0.6549541,0,-0.06698008,0.8931223,0.4447992,0,-0.7519184,0.2478503,-0.6108919,0,9.45318,-0.4522674,-1.301719,1,0.6558449,-0.06698008,-0.7519183,0,0.3753702,0.8931223,0.2478503,0,-0.654954,0.4447991,-0.6108918,0,-6.882618,1.616108,6.424904,1,0.7552759,0.8329991,-0.1850907,-0.1574846,0.9700206,0.001425301,0.001194191,-0.02153577,3.38,60
0,-6.176894,0.8218163,7.374158,-6.324854,0.8596838,7.384305,-6.252465,0.8408378,7.379255,0.6666235,0.3757802,-0.6437409,0,-0.06877786,0.8909493,0.4488641,0,-0.7422147,0.2549482,-0.6197731,0,9.468653,-0.4913859,-1.172776,1,0.6666235,-0.06877787,-0.7422147,0,0.3757802,0.8909492,0.2549482,0,-0.6437408,0.448864,-0.6197731,0,-6.882338,1.615451,6.426196,1,0.7552759,0.8329991,-0.1680048,-0.1510902,0.9741387,0.001273811,0.001309105,-0.02155395,3.4,61
0,-6.150105,0.8107124,7.371182,-6.315862,0.8552044,7.401987,-6.240279,0.8397232,7.378956,0.6859738,0.3746234,-0.6237766,0,-0.07061446,0.8875047,0.455356,0,-0.7241917,0.2683146,-0.6352588,0,9.490339,-0.5793853,-0.9439635,1,0.6859738,-0.07061446,-0.7241916,0,0.3746234,0.8875046,0.2683146,0,-0.6237766,0.455356,-0.6352587,0,-6.881895,1.614202,6.42862,1,0.7338727,0.8316374,-0.1384197,-0.1376309,0.9807638,0.001119239,0.001414436,-0.02168186,3.42,62
0,-6.170235,0.8336846,7.377338,-6.293136,0.849556,7.423067,-6.243897,0.8553246,7.383137,0.7032642,0.3724154,-0.6055793,0,-0.07198356,0.8847384,0.4604958,0,-0.7072749,0.2802584,-0.6490126,0,9.504122,-0.666609,-0.7365353,1,0.7032642,-0.07198357,-0.707275,0,0.3724154,0.8847384,0.2802585,0,-0.6055794,0.4604958,-0.6490127,0,-6.881684,1.613086,6.43083,1,0.7303373,0.840453,-0.1229007,-0.1200486,0.9851313,0.001120551,0.001596275,-0.02213673,3.44,63
0,-6.290825,0.853555,7.408142,-6.381546,0.8310139,7.492268,-6.336032,0.8422915,7.450179,0.7195594,0.3693464,-0.5880626,0,-0.07359105,0.8826152,0.4643004,0,-0.6905206,0.2908156,-0.6622746,0,9.512151,-0.752085,-0.5351925,1,0.7195594,-0.07359101,-0.6905205,0,0.3693464,0.8826152,0.2908155,0,-0.5880624,0.4643003,-0.6622745,0,-6.881505,1.6123,6.432609,1,0.7172401,0.8378798,-0.1808542,-0.1303572,0.9748327,0.001400841,0.001491509,-0.02169386,3.46,64
0,-6.405135,0.8026459,7.598139,-6.43,0.659068,7.915388,-6.430001,0.7587606,7.712677,0.7338644,0.3675941,-0.5712421,0,-0.07568525,0.8799431,0.4690117,0,-0.6750665,0.3009564,-0.6735804,0,9.51528,-0.8251197,-0.3528819,1,0.7338645,-0.07568526,-0.6750664,0,0.3675942,0.8799431,0.3009564,0,-0.5712421,0.4690116,-0.6735803,0,-6.881198,1.611731,6.434077,1,0.7199514,0.8022508,-0.2891906,-0.1240669,0.9491976,0.001960746,0.001485649,-0.02174072,3.48,65
0,-6.363991,0.7984823,7.613677,-6.43,0.6828245,7.858956,-6.41802,0.7825905,7.672987,0.750347,0.3649,-0.5512053,0,-0.07926194,0.8774885,0.4730026,0,-0.656275,0.3112265,-0.6873436,0,9.514031,-0.9059124,-0.1308579,1,0.7503471,-0.07926198,-0.656275,0,0.3649,0.8774886,0.3112265,0,-0.5512053,0.4730026,-0.6873435,0,-6.880387,1.610924,6.435821,1,0.7094831,0.8229564,-0.2537653,-0.1104846,0.9609351,0.001736579,0.001519676,-0.02169673,3.52,66
0,-6.376009,0.8161002,7.547926,-6.43,0.7211324,7.806468,-6.413686,0.7908274,7.642246,0.7579035,0.3628248,-0.5421628,0,-0.07992193,0.8764511,0.4748114,0,-0.6474526,0.3165305,-0.6932631,0,9.51025,-0.952843,-0.03257799,1,0.7579035,-0.07992197,-0.6474525,0,0.3628248,0.8764511,0.3165305,0,-0.5421628,0.4748114,-0.6932629,0,-6.8798,1.610667,6.436454,1,0.736176,0.8176712,-0.2341913,-0.1090837,0.9660513,0.001630342,0.00156749,-0.02167659,3.54,67
0,-6.350916,0.8128343,7.560114,-6.430001,0.7395773,7.743823,-6.400717,0.7961721,7.622299,0.7639061,0.3608134,-0.5350339,0,-0.0792833,0.875282,0.4770699,0,-0.6404387,0.3220173,-0.6972397,0,9.504919,-1.000256,0.039083,1,0.763906,-0.07928326,-0.6404387,0,0.3608135,0.8752819,0.3220173,0,-0.5350339,0.4770698,-0.6972396,0,-6.879048,1.610442,6.436668,1,0.7294994,0.8225126,-0.2152036,-0.1040282,0.9710126,0.001470374,0.001591271,-0.02170647,3.56,68
0,-6.356671,0.8165877,7.546106,-6.430001,0.7486513,7.732082,-6.400905,0.7978074,7.616196,0.768217,0.3592177,-0.5299107,0,-0.07877298,0.87449,0.4786044,0,-0.6353247,0.3259294,-0.7000947,0,9.500076,-1.035266,0.09060478,1,0.7682169,-0.07877292,-0.6353247,0,0.3592177,0.87449,0.3259293,0,-0.5299106,0.4786044,-0.7000946,0,-6.878222,1.610314,6.436489,1,0.7441065,0.8365985,-0.2091204,-0.1019637,0.9725596,0.001445954,0.001584953,-0.02171373,3.58,69
0,-6.334472,0.8047644,7.590232,-6.422264,0.7744147,7.701747,-6.378177,0.790052,7.64514,0.770032,0.3587323,-0.5276,0,-0.07888588,0.874141,0.4792228,0,-0.6331096,0.3273967,-0.7014155,0,9.498201,-1.047567,0.1141939,1,0.7700321,-0.07888588,-0.6331095,0,0.3587323,0.874141,0.3273967,0,-0.5276,0.4792227,-0.7014154,0,-6.877875,1.610271,6.436469,1,0.7541609,0.8345519,-0.2026013,-0.09174567,0.9749541,0.001427101,0.001608193,-0.02174694,3.6,70
0,-6.31613,0.8025129,7.598634,-6.420677,0.7754302,7.697957,-6.368308,0.7893897,7.647611,0.7721475,0.3569782,-0.5256947,0,-0.07868585,0.8746345,0.4783545,0,-0.6305528,0.3279955,-0.703436,0,9.495031,-1.064614,0.1420281,1,0.7721474,-0.07868586,-0.6305528,0,0.3569782,0.8746345,0.3279954,0,-0.5256946,0.4783545,-0.7034359,0,-6.876857,1.610334,6.436214,1,0.7479268,0.8275223,-0.1960719,-0.08961612,0.9764859,0.001427536,0.00162455,-0.02176179,3.62,71
0,-6.303254,0.8030815,7.596512,-6.413252,0.7731816,7.706349,-6.359644,0.7910798,7.646959,0.7742034,0.3546838,-0.5242217,0,-0.07815441,0.8754696,0.4769118,0,-0.6280931,0.3282565,-0.7055117,0,9.491312,-1.083851,0.1681771,1,0.7742034,-0.07815437,-0.6280931,0,0.3546838,0.8754696,0.3282565,0,-0.5242217,0.4769118,-0.7055117,0,-6.87562,1.610461,6.43586,1,0.7672113,0.8447872,-0.1899036,-0.08803774,0.9778476,0.001413613,0.001639916,-0.02178922,3.64,72
0,-6.300385,0.7990302,7.611632,-6.400441,0.7753908,7.698104,-6.355871,0.7961128,7.641671,0.7764626,0.3531595,-0.5219043,0,-0.07791916,0.8756552,0.4766095,0,-0.6253275,0.3294032,-0.7074314,0,9.487385,-1.102133,0.1970649,1,0.7764627,-0.07791917,-0.6253274,0,0.3531595,0.8756551,0.3294032,0,-0.5219045,0.4766096,-0.7074314,0,-6.874521,1.610414,6.435179,1,0.7669603,0.8434939,-0.1848853,-0.08557379,0.9790273,0.001426995,0.001636597,-0.02184693,3.66,73
0,-6.306134,0.8012693,7.603275,-6.381415,0.7689367,7.722191,-6.351851,0.7983896,7.642722,0.778286,0.3527842,-0.5194364,0,-0.0783374,0.8753371,0.477125,0,-0.6230041,0.3306485,-0.7088988,0,9.484579,-1.112118,0.222527,1,0.778286,-0.07833743,-0.6230041,0,0.3527842,0.8753369,0.3306485,0,-0.5194365,0.477125,-0.7088988,0,-6.873789,1.610303,6.434402,1,0.7716619,0.8369384,-0.1813461,-0.08202239,0.9799928,0.001437683,0.001600899,-0.0218614,3.68,74
0,-6.307133,0.8032766,7.595784,-6.390052,0.7707931,7.715262,-6.354679,0.7973838,7.639936,0.7787767,0.3529482,-0.5185889,0,-0.07875387,0.8751678,0.477367,0,-0.6223381,0.3309214,-0.7093563,0,9.483788,-1.11248,0.2307928,1,0.7787768,-0.07875385,-0.6223381,0,0.3529482,0.8751677,0.3309214,0,-0.5185888,0.4773669,-0.7093563,0,-6.873418,1.610318,6.43398,1,0.7716619,0.8369384,-0.1813315,-0.0835716,0.9798646,0.001445037,0.001578125,-0.02187082,3.7,75
0,-6.310061,0.8036631,7.594342,-6.402702,0.7757246,7.696858,-6.35924,0.7948612,7.637865,0.7800683,0.3527085,-0.5168077,0,-0.0793203,0.8750559,0.4774782,0,-0.6206462,0.3314723,-0.7105803,0,9.481626,-1.117361,0.2505658,1,0.7800683,-0.07932024,-0.6206462,0,0.3527085,0.8750559,0.3314723,0,-0.5168076,0.4774782,-0.7105803,0,-6.872718,1.6102,6.433156,1,0.7790707,0.8554006,-0.1814791,-0.0860313,0.9796244,0.001441741,0.001563461,-0.021876,3.72,76
0,-6.30606,0.8007702,7.605138,-6.398827,0.7751241,7.6991,-6.356988,0.7956244,7.640681,0.7820538,0.3521469,-0.5141832,0,-0.07987064,0.8748852,0.4776993,0,-0.6180716,0.3325184,-0.7123335,0,9.478678,-1.127474,0.2792408,1,0.7820539,-0.07987061,-0.6180716,0,0.3521469,0.8748852,0.3325184,0,-0.5141832,0.4776993,-0.7123335,0,-6.872219,1.610085,6.43232,1,0.7813654,0.8459874,-0.1788317,-0.08349524,0.9803305,0.001445824,0.001553772,-0.02188345,3.74,77
0,-6.315156,0.8041065,7.592687,-6.400584,0.7839509,7.66791,-6.359091,0.7962337,7.627056,0.7830656,0.3527781,-0.5122069,0,-0.08061004,0.8741871,0.4788517,0,-0.616693,0.3336833,-0.7129833,0,9.476648,-1.129288,0.2947166,1,0.7830656,-0.08061002,-0.616693,0,0.3527781,0.874187,0.3336833,0,-0.5122067,0.4788517,-0.7129833,0,-6.871494,1.609996,6.431135,1,0.7826924,0.8575342,-0.1748114,-0.08552242,0.9808807,0.001431618,0.001564514,-0.02200563,3.76,78
0,-6.099001,0.8060569,7.513793,-6.240957,0.8274732,7.505481,-6.184529,0.8319981,7.488593,0.7827843,0.3530431,-0.5124543,0,-0.08027966,0.8739029,0.4794257,0,-0.6170932,0.3341472,-0.7124196,0,9.475041,-1.129821,0.2881236,1,0.7827843,-0.08027964,-0.6170931,0,0.3530431,0.8739029,0.3341472,0,-0.5124542,0.4794257,-0.7124195,0,-6.870389,1.609874,6.429774,1,0.7841926,0.8691842,-0.03625923,-0.05685459,0.9977239,0.0004795231,0.001675186,-0.02210037,3.78,79
0,-6.017495,0.8350145,7.387386,-6.199121,0.8539326,7.382763,-6.099002,0.8329039,7.399106,0.7806356,0.353117,-0.5156708,0,-0.07841104,0.8739073,0.4797268,0,-0.6200482,0.3340575,-0.7098914,0,9.473738,-1.12825,0.2485375,1,0.7806356,-0.07841104,-0.6200482,0,0.3531171,0.8739073,0.3340575,0,-0.5156709,0.4797268,-0.7098914,0,-6.868968,1.609602,6.427509,1,0.737522,0.8546898,0.04009967,-0.05658528,0.9975922,-2.192706E-05,0.001727608,-0.02209042,3.82,80
0,-6.022123,0.8256933,7.384888,-6.193887,0.8525955,7.382405,-6.099002,0.8281751,7.397064,0.778636,0.353919,-0.5181383,0,-0.07780875,0.8738363,0.4799541,0,-0.6226329,0.3333938,-0.7079384,0,9.474094,-1.117783,0.2179489,1,0.7786359,-0.0778087,-0.622633,0,0.353919,0.8738363,0.3333938,0,-0.5181382,0.4799541,-0.7079384,0,-6.868338,1.609321,6.425839,1,0.7485384,0.8645951,0.03706432,-0.05933578,0.9975497,-1.016166E-05,0.001708229,-0.02204195,3.84,81
0,-6.020483,0.8169199,7.382537,-6.192236,0.852609,7.382409,-6.099002,0.8255421,7.393896,0.7764537,0.3551975,-0.5205328,0,-0.07734573,0.8734843,0.4806692,0,-0.6254097,0.3329564,-0.7056931,0,9.474628,-1.105033,0.1849654,1,0.7764538,-0.07734573,-0.6254097,0,0.3551975,0.8734843,0.3329564,0,-0.5205327,0.4806692,-0.7056931,0,-6.867825,1.609144,6.423981,1,0.7503729,0.8641444,0.03426546,-0.06062449,0.9975723,1.936406E-05,0.001704666,-0.02201527,3.86,82
0,-6.019072,0.8128177,7.381438,-6.183817,0.8474026,7.381014,-6.099002,0.8260691,7.386174,0.7737579,0.3566516,-0.5235439,0,-0.07656935,0.8730505,0.4815808,0,-0.6288368,0.3325395,-0.7028383,0,9.475056,-1.091259,0.1436379,1,0.773758,-0.0765694,-0.6288368,0,0.3566516,0.8730504,0.3325395,0,-0.5235439,0.4815807,-0.7028383,0,-6.867001,1.60905,6.422104,1,0.7545053,0.8765602,0.0323086,-0.06124717,0.9975996,6.414019E-05,0.001704964,-0.02202134,3.88,83
0,-6.01405,0.8100151,7.380687,-6.184423,0.8465566,7.380787,-6.097717,0.8250629,7.38472,0.772175,0.357682,-0.5251756,0,-0.07654169,0.8728564,0.4819368,0,-0.630783,0.3319417,-0.7013755,0,9.475823,-1.079717,0.1220598,1,0.772175,-0.07654171,-0.6307829,0,0.3576819,0.8728564,0.3319417,0,-0.5251756,0.4819368,-0.7013755,0,-6.866696,1.608908,6.421201,1,0.7569517,0.8686922,0.03097481,-0.06137135,0.9976343,7.865112E-05,0.001706703,-0.0220079,3.9,84
0,-6.014417,0.8114064,7.38106,-6.181419,0.8460747,7.380658,-6.096313,0.8254889,7.384834,0.7685699,0.3593121,-0.5293345,0,-0.07653107,0.8730826,0.4815286,0,-0.6351718,0.3295778,-0.6985236,0,9.477593,-1.053258,0.0749433,1,0.76857,-0.07653107,-0.6351718,0,0.3593121,0.8730826,0.3295779,0,-0.5293345,0.4815285,-0.6985236,0,-6.866076,1.608824,6.419381,1,0.7556199,0.8895419,0.02576529,-0.06120415,0.9977927,9.233132E-05,0.001709053,-0.02201814,3.92,85
0,-6.001404,0.8048331,7.379299,-6.175079,0.8464497,7.380758,-6.086811,0.8225081,7.384035,0.7654951,0.3600753,-0.533257,0,-0.07610965,0.8736098,0.4806384,0,-0.6389246,0.3273403,-0.6961492,0,9.478004,-1.034209,0.0333941,1,0.7654951,-0.07610958,-0.6389245,0,0.3600753,0.8736098,0.3273402,0,-0.5332569,0.4806383,-0.6961492,0,-6.865165,1.608812,6.417514,1,0.7628857,0.8712797,0.0255023,-0.06169371,0.9977692,0.0001097405,0.001720444,-0.02201904,3.94,86
0,-6.015247,0.8067809,7.379821,-6.170026,0.8453425,7.380462,-6.09075,0.8228717,7.384132,0.7623007,0.3610709,-0.5371457,0,-0.07567242,0.8739535,0.4800822,0,-0.6427841,0.3253199,-0.6935384,0,9.477993,-1.014679,-0.009969473,1,0.7623006,-0.07567242,-0.6427841,0,0.361071,0.8739536,0.3253199,0,-0.5371457,0.4800822,-0.6935385,0,-6.864064,1.608791,6.415484,1,0.7628857,0.8712797,0.01756404,-0.06325296,0.997843,0.0001740567,0.0017118,-0.02198918,3.96,87
0,-6.072441,0.9051813,7.20556,-6.099002,0.8029,7.381929,-6.124693,0.8941999,7.246543,0.7583677,0.3622224,-0.5419164,0,-0.07478568,0.874242,0.4796957,0,-0.6475226,0.3232582,-0.690086,0,9.477917,-0.9936123,-0.0650332,1,0.7583677,-0.07478569,-0.6475226,0,0.3622224,0.8742421,0.3232582,0,-0.5419163,0.4796957,-0.6900859,0,-6.86308,1.608667,6.41348,1,0.7549645,0.8757765,0.05509143,-0.06653801,0.9962619,-0.0001076506,0.001610893,-0.02190894,3.98,88
