flag,xl,yl,zl,xr,yr,zr,xc,yc,zc,mat_00,mat_10,mat_20,mat_30,mat_01,mat_11,mat_21,mat_31,mat_02,mat_12,mat_22,mat_32,mat_03,mat_13,mat_23,mat_33,ctw_00,ctw_10,ctw_20,ctw_30,ctw_01,ctw_11,ctw_21,ctw_31,ctw_02,ctw_12,ctw_22,ctw_32,ctw_03,ctw_13,ctw_23,ctw_33,opennessl,opennessr,ray_x,ray_y,ray_z,eye_x,eye_y,eye_z,time,frame
0,-3,1.76463,6.023713,-3,1.739057,6.678675,-3,1.751846,6.351144,0.0006237626,0.02929935,-0.9995705,0,-0.03257315,0.9990408,0.02926349,0,-0.9994692,-0.03254091,-0.001577556,0,6.37502,-1.232791,-7.02723,1,0.0006237822,-0.03257316,-0.9994691,0,0.02929935,0.9990409,-0.03254091,0,-0.9995705,0.0292635,-0.001577536,0,-6.992068,1.644904,6.320433,1,0,0,-0.008442081,0.05608835,0.9983901,0.002180733,-0.00221019,-0.01805535,2.06,1
0,-3,1.772371,6.024609,-3,1.763896,6.692454,-3,1.768135,6.35847,0.0009991527,0.02986457,-0.9995536,0,-0.0329045,0.9990137,0.02981555,0,-0.9994581,-0.03286001,-0.001980841,0,6.37809,-1.226737,-7.025773,1,0.0009991481,-0.03290449,-0.9994579,0,0.02986456,0.9990137,-0.03286001,0,-0.9995534,0.02981554,-0.001980845,0,-6.992372,1.644872,6.320405,1,0,0,-0.01003871,0.06065506,0.9981083,0.002168915,-0.002260597,-0.01796144,2.08,2
0,-3,1.776881,6.010159,-3,1.789946,6.703201,-3,1.783413,6.35664,0.000408709,0.03123354,-0.999512,0,-0.03465246,0.9989123,0.03120063,0,-0.9993994,-0.0346228,-0.001490593,0,6.376253,-1.205936,-7.031948,1,0.0004087184,-0.03465246,-0.9993993,0,0.03123354,0.9989123,-0.0346228,0,-0.999512,0.03120063,-0.001490583,0,-6.993456,1.644979,6.320188,1,1,1,-0.01039871,0.06579029,0.9977793,0.002144264,-0.002329598,-0.01781747,2.12,3
0,-3,1.711755,6.219701,-3,1.799168,6.793335,-3,1.755462,6.506518,-0.001339555,0.03197502,-0.9994878,0,-0.03522766,0.9988668,0.03200236,0,-0.9993785,-0.03525248,0.0002115965,0,6.364442,-1.196608,-7.044675,1,-0.001339519,-0.03522765,-0.9993783,0,0.03197502,0.9988668,-0.03525247,0,-0.9994878,0.03200236,0.000211632,0,-6.994279,1.644902,6.319792,1,1,1,-0.04935803,0.05822112,0.9970828,0.002476579,-0.002376679,-0.0178411,2.14,4
0,-3,1.738506,6.22639,-3,1.785313,6.790516,-3,1.761907,6.50842,-0.001912594,0.03246403,-0.9994712,0,-0.03515206,0.998853,0.03251122,0,-0.9993802,-0.03519564,0.0007692575,0,6.36013,-1.193529,-7.048883,1,-0.001912628,-0.03515205,-0.99938,0,0.03246402,0.998853,-0.03519564,0,-0.9994709,0.03251122,0.0007692226,0,-6.994242,1.644899,6.319602,1,1,1,-0.05049906,0.06029228,0.9969025,0.002476189,-0.002387276,-0.01786673,2.2,5
0,-3,1.743558,6.225304,-3,1.798743,6.7908,-3,1.771147,6.508024,-0.001663089,0.03162444,-0.9994985,0,-0.03486475,0.9988903,0.03166321,0,-0.9993907,-0.03489992,0.0005586147,0,6.36137,-1.201293,-7.045843,1,-0.001663038,-0.03486475,-0.9993906,0,0.03162444,0.9988904,-0.03489992,0,-0.9994984,0.03166321,0.0005586653,0,-6.993739,1.644841,6.319505,1,1,1,-0.05025265,0.06178702,0.9968235,0.00247786,-0.002389519,-0.01785733,2.22,6
0,-3,1.73477,6.228323,-3,1.734048,6.791286,-3,1.734409,6.509792,-0.001194477,0.03107043,-0.9995165,0,-0.03453107,0.9989198,0.03109315,0,-0.9994029,-0.03455152,0.0001202822,0,6.364064,-1.207458,-7.042121,1,-0.001194468,-0.03453108,-0.999403,0,0.03107043,0.9989198,-0.03455152,0,-0.9995165,0.03109314,0.0001202918,0,-6.993599,1.644873,6.319392,1,1,1,-0.04994117,0.05207966,0.9973934,0.002482033,-0.002279121,-0.01802333,2.26,7
0,-3,1.717018,6.240911,-3,1.755966,6.742784,-3,1.736495,6.491881,-0.0003970861,0.03471462,-0.9993972,0,-0.03575585,0.9987577,0.03470661,0,-0.9993604,-0.03574807,-0.0008446574,0,6.371569,-1.173735,-7.041375,1,-0.0003970864,-0.03575584,-0.9993605,0,0.03471462,0.9987577,-0.03574808,0,-0.9993972,0.03470661,-0.0008446579,0,-6.993854,1.64448,6.319588,1,0.9501037,0.9085969,-0.04470506,0.05641884,0.9974058,0.002518989,-0.002246727,-0.01816621,2.3,8
0,-3,1.749538,6.247382,-3,1.750123,6.742526,-3,1.749831,6.49493,-0.0002082586,0.03592791,-0.9993544,0,-0.0357189,0.9987164,0.03591242,0,-0.9993619,-0.03570331,-0.001075327,0,6.37292,-1.165354,-7.041624,1,-0.0002082453,-0.0357189,-0.9993618,0,0.03592791,0.9987164,-0.03570331,0,-0.9993543,0.03591242,-0.001075314,0,-6.993881,1.644374,6.319674,1,0.9334776,0.8547964,-0.04536594,0.06092731,0.9971107,0.002518989,-0.002226242,-0.01829785,2.32,9
0,-3,1.718066,6.26069,-3,1.754149,6.734421,-3,1.736108,6.497559,0.0003278255,0.03615649,-0.9993461,0,-0.03440087,0.998755,0.03612382,0,-0.9994081,-0.03436653,-0.001571238,0,6.374804,-1.172312,-7.038508,1,0.0003278313,-0.03440087,-0.999408,0,0.03615649,0.998755,-0.03436653,0,-0.9993461,0.03612382,-0.001571232,0,-6.993608,1.644409,6.319683,1,0.9430191,0.8416986,-0.04533941,0.05776772,0.9972999,0.002517959,-0.002193565,-0.01830895,2.34,10
0,-3,1.758516,6.241063,-3,1.740641,6.728061,-3,1.749581,6.484511,0.0009329915,0.03662198,-0.9993288,0,-0.0337319,0.9987617,0.0365697,0,-0.9994305,-0.03367514,-0.002167165,0,6.378115,-1.173473,-7.035208,1,0.0009329916,-0.0337319,-0.9994305,0,0.03662197,0.9987617,-0.03367514,0,-0.9993287,0.0365697,-0.002167165,0,-6.993461,1.644441,6.319719,1,0.9495957,0.8468922,-0.04157554,0.06173065,0.9972265,0.002481133,-0.002248879,-0.01833201,2.36,11
0,-3,1.466435,6.10401,-3,1.335915,6.610872,-3,1.401221,6.357287,0.00145936,0.03726945,-0.9993042,0,-0.03357956,0.9987435,0.0371995,0,-0.999435,-0.0335019,-0.002709031,0,6.38166,-1.169915,-7.032587,1,0.001459373,-0.03357956,-0.999435,0,0.03726945,0.9987435,-0.0335019,0,-0.9993042,0.0371995,-0.002709018,0,-6.993405,1.644347,6.319808,1,1,1,-0.006374605,-0.02294929,0.9997163,0.002155257,-0.003004601,-0.01839622,2.4,12
0,-3,0.7824985,6.053141,-3.106139,0.7397515,6.660339,-3,0.7489024,6.36076,0.00195241,0.03935944,-0.9992233,0,-0.0329964,0.9986835,0.03927371,0,-0.9994536,-0.03289409,-0.003248572,0,6.384317,-1.158859,-7.03192,1,0.001952423,-0.0329964,-0.9994536,0,0.03935944,0.9986835,-0.03289409,0,-0.9992232,0.03927371,-0.003248559,0,-6.99331,1.644162,6.319866,1,1,1,-0.001349014,-0.1786089,0.9839193,0.002009048,-0.004169907,-0.01840331,2.42,13
0,-3,0.8012949,6.096269,-3.051519,0.7509999,6.659146,-3,0.770383,6.379531,0.00267452,0.04191056,-0.9991179,0,-0.03251082,0.9985968,0.04180167,0,-0.9994679,-0.03237034,-0.004033327,0,6.388708,-1.143802,-7.030381,1,0.002674533,-0.03251081,-0.9994677,0,0.04191054,0.9985968,-0.03237034,0,-0.9991177,0.04180168,-0.004033313,0,-6.993327,1.643781,6.319926,1,1,1,-0.005482092,-0.171125,0.9852341,0.002008575,-0.004176804,-0.01837454,2.44,14
0,-3,0.8194503,6.094523,-3,0.7700845,6.665931,-3,0.7947857,6.380042,0.003366411,0.04390191,-0.9990301,0,-0.03131948,0.9985504,0.04377528,0,-0.9995037,-0.03114174,-0.004736543,0,6.391881,-1.137442,-7.028331,1,0.003366438,-0.03131948,-0.9995037,0,0.04390191,0.9985504,-0.03114174,0,-0.9990302,0.04377528,-0.004736516,0,-6.993097,1.643651,6.319997,1,1,1,-0.005363386,-0.1634123,0.9865434,0.002005058,-0.004176628,-0.01835843,2.46,15
0,-3,0.8232133,6.096649,-3,0.7920893,6.652446,-3,0.807662,6.374384,0.003832936,0.04633275,-0.9989188,0,-0.03128529,0.9984426,0.04619062,0,-0.9995033,-0.03107441,-0.005276501,0,6.395135,-1.120474,-7.027863,1,0.003832937,-0.03128529,-0.999503,0,0.04633275,0.9984426,-0.03107441,0,-0.9989187,0.04619063,-0.0052765,0,-6.992861,1.643424,6.320056,1,1,1,-0.003625368,-0.1579061,0.9874474,0.002005074,-0.004172936,-0.01835257,2.48,16
0,-3,0.8221049,6.100191,-3,0.7788867,6.652831,-3,0.8005137,6.376312,0.00481081,0.04865975,-0.9988039,0,-0.03099463,0.9983428,0.048488,0,-0.999508,-0.03072428,-0.006311059,0,6.401618,-1.105992,-7.02417,1,0.004810841,-0.03099462,-0.9995079,0,0.04865975,0.9983427,-0.03072428,0,-0.9988038,0.048488,-0.006311027,0,-6.992747,1.643163,6.320158,1,1,1,-0.003123982,-0.1572564,0.9875529,0.002003082,-0.004170426,-0.01834206,2.5,17
0,-3,0.8525695,6.100413,-3,0.7999136,6.652778,-3,0.826267,6.37636,0.005859613,0.05062381,-0.9987007,0,-0.03079278,0.9982533,0.05042047,0,-0.9995087,-0.03045732,-0.007408202,0,6.408674,-1.093581,-7.019472,1,0.005859588,-0.03079277,-0.9995085,0,0.0506238,0.9982533,-0.03045732,0,-0.9987004,0.05042046,-0.007408224,0,-6.992541,1.642937,6.320214,1,1,1,-0.002340595,-0.1491957,0.9888049,0.00200312,-0.004167404,-0.01830219,2.52,18
0,-3,0.8630844,6.099636,-3,0.797046,6.652804,-3,0.8301013,6.375956,0.006424725,0.05076996,-0.9986898,0,-0.0304382,0.9982575,0.05055216,0,-0.9995161,-0.03007352,-0.007958889,0,6.412167,-1.095044,-7.016032,1,0.006424738,-0.03043818,-0.9995159,0,0.05076995,0.9982575,-0.03007353,0,-0.9986895,0.05055217,-0.007958874,0,-6.992439,1.642986,6.320291,1,1,1,-0.001770856,-0.1481553,0.9889625,0.002001885,-0.004165703,-0.01828306,2.54,19
0,-3,0.8866544,6.101195,-3,0.8090631,6.644444,-3,0.8479046,6.372539,0.00696516,0.04967564,-0.9987411,0,-0.03135062,0.9982852,0.04943432,0,-0.9994842,-0.03096684,-0.00851059,0,6.417315,-1.097185,-7.011231,1,0.00696517,-0.03135062,-0.9994842,0,0.04967563,0.9982852,-0.03096684,0,-0.9987411,0.04943432,-0.008510578,0,-6.992599,1.643086,6.320358,1,1,1,-0.0003455726,-0.1450157,0.9894293,0.001997827,-0.004165734,-0.01820174,2.56,20
0,-3,0.8896304,6.11719,-3,0.8050111,6.644053,-3,0.8473713,6.38035,0.006687284,0.04960607,-0.9987466,0,-0.03224593,0.9982601,0.049366,0,-0.9994577,-0.03187538,-0.008275211,0,6.416756,-1.091972,-7.012894,1,0.00668725,-0.03224592,-0.9994574,0,0.04960606,0.99826,-0.03187538,0,-0.9987463,0.04936599,-0.008275239,0,-6.992844,1.643185,6.320434,1,1,1,-0.002327554,-0.1452874,0.9893868,0.001997284,-0.00416745,-0.01813363,2.6,21
0,-3,0.8824332,6.127121,-3,0.7997721,6.640777,-3,0.8411503,6.383692,0.006512403,0.04962592,-0.9987468,0,-0.03231665,0.9982566,0.04939084,0,-0.9994565,-0.03195449,-0.008104801,0,6.415738,-1.091446,-7.013923,1,0.006512411,-0.03231664,-0.9994563,0,0.0496259,0.9982565,-0.03195449,0,-0.9987465,0.04939084,-0.008104791,0,-6.992749,1.643302,6.320527,1,1,1,-0.003227429,-0.1468013,0.9891607,0.001995576,-0.004167977,-0.01807748,2.62,22
0,-3,0.8573918,6.124637,-3,0.7951099,6.62566,-3,0.8262817,6.374936,0.006437004,0.04830247,-0.9988121,0,-0.03189372,0.9983345,0.04807383,0,-0.9994706,-0.03154638,-0.007966876,0,6.414743,-1.103396,-7.013052,1,0.006437052,-0.03189372,-0.9994705,0,0.04830246,0.9983344,-0.03154638,0,-0.998812,0.04807383,-0.007966828,0,-6.992715,1.643293,6.320667,1,1,1,-0.001092882,-0.1515607,0.9884473,0.001992196,-0.004192589,-0.01786411,2.64,23
0,-3,0.8607848,6.120337,-3,0.7941405,6.623477,-3,0.8274953,6.371696,0.006099999,0.04805211,-0.9988263,0,-0.03139454,0.9983616,0.04783802,0,-0.9994885,-0.03106588,-0.007598579,0,6.411751,-1.108246,-7.014904,1,0.006099999,-0.03139453,-0.9994884,0,0.0480521,0.9983616,-0.03106588,0,-0.9988262,0.04783802,-0.007598578,0,-6.992528,1.643303,6.320739,1,1,1,-0.0007226039,-0.1515035,0.9884565,0.001992889,-0.004205864,-0.01781616,2.66,24
0,-3,1.062211,5.993742,-3,0.9887213,6.474269,-3,1.025497,6.233832,0.006187916,0.04843632,-0.9988071,0,-0.03099396,0.9983556,0.04822241,0,-0.9995005,-0.03065859,-0.007678986,0,6.411771,-1.10803,-7.014846,1,0.006187927,-0.03099396,-0.9995004,0,0.04843631,0.9983556,-0.03065859,0,-0.998807,0.04822241,-0.007678973,0,-6.992485,1.643207,6.320731,1,1,1,0.03180423,-0.1027121,0.9942026,0.001641853,-0.003837052,-0.0176884,2.68,25
0,-3,1.046042,5.983695,-3,1.004574,6.463115,-3,1.025321,6.223269,0.006194174,0.04952369,-0.9987538,0,-0.03054867,0.9983161,0.04931253,0,-0.9995142,-0.03020515,-0.007696629,0,6.411237,-1.103141,-7.016145,1,0.006194175,-0.03054867,-0.999514,0,0.04952369,0.9983162,-0.03020515,0,-0.9987537,0.04931253,-0.007696625,0,-6.992482,1.643122,6.3208,1,1,1,0.03435966,-0.1015757,0.9942343,0.001644813,-0.00386879,-0.01765904,2.7,26
0,-3,1.051703,5.99638,-3,0.9820658,6.468512,-3,1.016918,6.232249,0.006816745,0.05119376,-0.9986655,0,-0.03047618,0.9982354,0.05096368,0,-0.9995123,-0.03008811,-0.008364856,0,6.415434,-1.091967,-7.013821,1,0.006816694,-0.03047618,-0.9995122,0,0.05119375,0.9982353,-0.0300881,0,-0.9986654,0.05096368,-0.008364906,0,-6.99229,1.643008,6.32078,1,1,1,0.0327983,-0.1020088,0.9942427,0.001645118,-0.003859711,-0.01776876,2.72,27
0,-3,1.044102,5.995126,-3,0.9700564,6.468081,-3,1.007118,6.231389,0.007354379,0.05274178,-0.9985812,0,-0.03060376,0.9981522,0.05249373,0,-0.9995046,-0.03017427,-0.008954883,0,6.419333,-1.080318,-7.011902,1,0.007354373,-0.03060375,-0.9995044,0,0.05274177,0.9981522,-0.03017428,0,-0.9985809,0.05249373,-0.008954884,0,-6.992184,1.642859,6.320763,1,1,1,0.03361522,-0.1028037,0.9941335,0.001645028,-0.003860825,-0.01776997,2.74,28
0,-3,1.043469,5.998549,-3,0.9677514,6.467348,-3,1.005651,6.23273,0.007561505,0.05366731,-0.9985302,0,-0.0308999,0.9980945,0.0534099,0,-0.9994939,-0.03045062,-0.009205401,0,6.421226,-1.071965,-7.011384,1,0.007561496,-0.03089989,-0.9994938,0,0.05366731,0.9980944,-0.03045062,0,-0.9985303,0.0534099,-0.00920541,0,-6.992105,1.642815,6.32079,1,1,1,0.0335513,-0.1022362,0.9941941,0.001645698,-0.003861603,-0.01777014,2.76,29
0,-3,1.042593,6.001226,-3,0.9531834,6.47543,-3,0.9979429,6.238079,0.007691741,0.05581509,-0.9984115,0,-0.03198854,0.9979438,0.05554251,0,-0.9994586,-0.0315105,-0.009461403,0,6.423678,-1.049712,-7.01222,1,0.007691776,-0.03198854,-0.9994586,0,0.0558151,0.9979438,-0.03151051,0,-0.9984115,0.0555425,-0.009461368,0,-6.991901,1.642514,6.320778,1,1,1,0.03258071,-0.1019218,0.9942588,0.001646043,-0.003860817,-0.01775127,2.8,30
0,-3,1.014764,6.009461,-3,0.9490525,6.471435,-3,0.9819398,6.240259,0.007458329,0.05665005,-0.9983664,0,-0.03172357,0.9979049,0.05638687,0,-0.9994689,-0.03125118,-0.009239852,0,6.421762,-1.045346,-7.014653,1,0.007458336,-0.03172356,-0.9994689,0,0.05665002,0.9979048,-0.03125119,0,-0.9983661,0.05638686,-0.009239844,0,-6.991868,1.642412,6.320869,1,1,1,0.03190093,-0.1049596,0.9939647,0.001646027,-0.003872871,-0.01763722,2.82,31
0,-3,1.039993,5.994061,-3,0.9528412,6.474762,-3,0.9964649,6.234185,0.0069803,0.05761587,-0.9983144,0,-0.03109245,0.9978685,0.05737273,0,-0.9994921,-0.03063956,-0.008756876,0,6.417544,-1.042284,-7.018935,1,0.006980336,-0.03109245,-0.9994922,0,0.05761586,0.9978685,-0.03063956,0,-0.9983144,0.05737273,-0.008756841,0,-6.991848,1.642295,6.320886,1,1,1,0.03273256,-0.1004293,0.9944056,0.001650711,-0.00388543,-0.01760383,2.84,32
0,-3,1.029431,5.991697,-3,0.9590619,6.475993,-3,0.9942796,6.233648,0.006309092,0.0589607,-0.9982404,0,-0.03139227,0.9977799,0.05873509,0,-0.9994872,-0.03096646,-0.008145988,0,6.413313,-1.030525,-7.024373,1,0.006309085,-0.03139226,-0.9994872,0,0.0589607,0.9977798,-0.03096646,0,-0.9982404,0.05873509,-0.008145995,0,-6.991714,1.642143,6.320891,1,1,1,0.0322689,-0.09958014,0.9945062,0.001647147,-0.003881775,-0.01758244,2.86,33
0,-3,1.028021,5.991882,-3,0.9602321,6.474282,-3,0.9941577,6.232891,0.006074607,0.05975443,-0.9981946,0,-0.03130167,0.9977353,0.05953645,0,-0.9994915,-0.0308835,-0.007931292,0,6.411505,-1.025443,-7.026481,1,0.006074635,-0.03130167,-0.9994915,0,0.05975443,0.9977352,-0.0308835,0,-0.9981947,0.05953644,-0.007931263,0,-6.991468,1.642143,6.320846,1,1,1,0.03220132,-0.09882982,0.9945832,0.001647384,-0.003874443,-0.01757671,2.88,34
0,-3,1.029413,5.986616,-3,0.9546218,6.471138,-3,0.9920526,6.228682,0.005308092,0.06094194,-0.9981273,0,-0.03118597,0.9976658,0.06074792,0,-0.9994996,-0.0308051,-0.007196248,0,6.405947,-1.017424,-7.032243,1,0.005308103,-0.03118596,-0.9994994,0,0.06094193,0.9976659,-0.0308051,0,-0.9981271,0.06074792,-0.007196234,0,-6.991073,1.642019,6.320792,1,1,1,0.03246691,-0.09811411,0.9946454,0.001647384,-0.003873268,-0.01757615,2.9,35
0,-3,0.9682206,5.831931,-3,0.9059566,6.236601,-3,0.9371178,6.034107,0.005097568,0.0628057,-0.9980128,0,-0.03098618,0.9975564,0.06261872,0,-0.9995069,-0.03060539,-0.007031202,0,6.404109,-1.005349,-7.035361,1,0.00509755,-0.03098617,-0.9995067,0,0.0628057,0.9975564,-0.0306054,0,-0.9980127,0.06261871,-0.007031219,0,-6.990883,1.641876,6.320714,1,1,1,0.08026838,-0.1077859,0.9909284,0.001174087,-0.003878647,-0.01763515,2.92,36
0,-3,0.9385779,5.750826,-3,0.9125721,6.151659,-3,0.9255834,5.951135,0.004624844,0.06525084,-0.9978582,0,-0.03081792,0.9974042,0.06507831,0,-0.9995143,-0.03045094,-0.006623685,0,6.400546,-0.9888659,-7.040448,1,0.004624797,-0.03081792,-0.9995143,0,0.06525084,0.9974042,-0.03045094,0,-0.9978582,0.06507832,-0.006623734,0,-6.990446,1.641731,6.320691,1,1,1,0.0999999,-0.1073352,0.989181,0.001109496,-0.00387722,-0.01763849,2.94,37
0,-3,0.9315028,5.758087,-3,0.8902841,6.159553,-3,0.9109093,5.95869,0.004374027,0.0679099,-0.9976819,0,-0.03123175,0.997214,0.06774112,0,-0.9995026,-0.03086305,-0.00648278,0,6.399458,-0.9671729,-7.044169,1,0.004374021,-0.03123175,-0.9995025,0,0.0679099,0.997214,-0.03086305,0,-0.9976819,0.06774112,-0.006482786,0,-6.99015,1.641524,6.320759,1,1,1,0.09806547,-0.1082173,0.9892786,0.001117896,-0.003876145,-0.01764142,2.96,38
0,-3,0.9543389,5.762667,-3,0.8858275,6.163124,-3,0.9201183,5.962725,0.004468501,0.06835517,-0.9976511,0,-0.03133846,0.9971805,0.06818256,0,-0.9994988,-0.03096017,-0.006598055,0,6.400215,-0.9633808,-7.043743,1,0.004468509,-0.03133846,-0.9994988,0,0.06835515,0.9971805,-0.03096017,0,-0.997651,0.06818256,-0.006598047,0,-6.989944,1.641498,6.320706,1,1,1,0.09715793,-0.1056077,0.9896501,0.001120178,-0.003875397,-0.01763556,2.98,39
0,-3,0.9599987,5.767848,-3,0.8894947,6.171021,-3,0.9247831,5.969262,0.004188955,0.06783485,-0.9976879,0,-0.03125161,0.9972181,0.0676717,0,-0.9995029,-0.03089587,-0.006297231,0,6.398105,-0.9674426,-7.044803,1,0.004188935,-0.0312516,-0.9995027,0,0.06783483,0.997218,-0.03089587,0,-0.9976876,0.06767169,-0.006297248,0,-6.989687,1.641436,6.32067,1,1,1,0.09526453,-0.1050751,0.9898909,0.001121184,-0.00385923,-0.01763354,3,40
0,-3,0.962337,5.766992,-3,0.897212,6.171797,-3,0.929806,5.969231,0.004095376,0.06701493,-0.9977437,0,-0.03154042,0.9972642,0.06685327,0,-0.9994941,-0.03119546,-0.00619787,0,6.397835,-0.9714656,-7.044295,1,0.004095394,-0.03154042,-0.999494,0,0.06701491,0.9972641,-0.03119546,0,-0.9977435,0.06685326,-0.006197849,0,-6.989498,1.641532,6.320632,1,1,1,0.09520799,-0.1046867,0.9899374,0.001121247,-0.003853378,-0.01763628,3.02,41
0,-3,0.97265,5.768871,-3,0.9066266,6.171433,-3,0.9396702,5.969991,0.003975093,0.06642573,-0.9977835,0,-0.03187089,0.9972929,0.0662661,0,-0.9994842,-0.03153683,-0.006081402,0,6.397555,-0.9734461,-7.044344,1,0.003975115,-0.03187088,-0.9994839,0,0.06642573,0.9972929,-0.03153683,0,-0.9977834,0.0662661,-0.006081379,0,-6.989499,1.641508,6.320714,1,1,1,0.09494496,-0.1028754,0.9901526,0.001121804,-0.003844338,-0.01763766,3.04,42
0,-3,0.9808568,5.77943,-3,0.9211117,6.173611,-3,0.9510115,5.976373,0.003783941,0.06664158,-0.9977698,0,-0.03232159,0.9972638,0.06648521,0,-0.9994703,-0.03199793,-0.005927563,0,6.396887,-0.9689472,-7.045679,1,0.003783955,-0.03232159,-0.9994704,0,0.06664159,0.9972638,-0.03199793,0,-0.9977698,0.06648522,-0.00592755,0,-6.989599,1.641487,6.320732,1,1,1,0.0932403,-0.09995691,0.9906135,0.001122307,-0.003818489,-0.01764661,3.06,43
0,-3,0.97239,5.781484,-3,0.9059924,6.17429,-3,0.9392236,5.977728,0.00377351,0.06733068,-0.9977236,0,-0.03275311,0.9972037,0.06717172,0,-0.9994564,-0.03242507,-0.005968273,0,6.39742,-0.9613496,-7.046059,1,0.003773536,-0.0327531,-0.9994562,0,0.06733069,0.9972037,-0.03242507,0,-0.9977236,0.06717172,-0.005968247,0,-6.989432,1.641493,6.320717,1,1,1,0.09302149,-0.1020936,0.990416,0.00112243,-0.003801506,-0.01764315,3.08,44
0,-3,0.9708997,5.783533,-3,0.9023569,6.17519,-3,0.9366627,5.979199,0.003527701,0.06877337,-0.9976261,0,-0.03318616,0.9970908,0.06861912,0,-0.9994429,-0.03286532,-0.005799711,0,6.396353,-0.9482126,-7.048457,1,0.003527649,-0.03318616,-0.999443,0,0.06877337,0.9970909,-0.03286531,0,-0.9976261,0.06861912,-0.005799762,0,-6.989076,1.641384,6.320747,1,1,1,0.09252208,-0.1012454,0.9905499,0.001122504,-0.003798187,-0.01764772,3.1,45
0,-3,0.9821424,5.785,-3,0.900671,6.175538,-3,0.9414526,5.980087,0.003480971,0.06945944,-0.9975787,0,-0.03292195,0.997052,0.06930789,0,-0.9994519,-0.03260098,-0.005757451,0,6.395703,-0.9449469,-7.049383,1,0.003480973,-0.03292194,-0.9994518,0,0.06945943,0.9970519,-0.03260097,0,-0.9975786,0.06930787,-0.005757448,0,-6.988942,1.641298,6.320804,1,1,1,0.09221184,-0.09943429,0.9907622,0.001120767,-0.003793045,-0.01767687,3.12,46
0,-3,0.9731357,5.784864,-3,0.8897217,6.173941,-3,0.9314783,5.979211,0.003112793,0.07303506,-0.9973245,0,-0.0332074,0.9967868,0.07289205,0,-0.9994436,-0.03289165,-0.005528092,0,6.393561,-0.9174101,-7.054668,1,0.00311279,-0.0332074,-0.9994437,0,0.07303508,0.9967869,-0.03289166,0,-0.9973245,0.07289205,-0.005528095,0,-6.988692,1.641005,6.32083,1,1,1,0.09216444,-0.09819573,0.9908901,0.00112085,-0.003786522,-0.01771484,3.16,47
0,-3,0.9585987,5.784784,-3,0.8715687,6.170075,-3,0.9151387,5.977229,0.003054917,0.07620232,-0.9970878,0,-0.03345465,0.996542,0.07605811,0,-0.9994356,-0.03312486,-0.005593657,0,6.393508,-0.8930928,-7.057704,1,0.003054899,-0.03345465,-0.9994355,0,0.07620232,0.996542,-0.03312487,0,-0.9970877,0.0760581,-0.005593674,0,-6.988626,1.640693,6.320837,1,1,1,0.09270164,-0.09886637,0.9907734,0.00112127,-0.003783219,-0.01772355,3.18,48
0,-3,0.954021,5.784819,-3,0.8674541,6.170054,-3,0.9107933,5.977232,0.002929389,0.07920376,-0.9968541,0,-0.03388145,0.996294,0.07905969,0,-0.9994215,-0.03354326,-0.005602062,0,6.393289,-0.8687799,-7.060769,1,0.00292938,-0.03388145,-0.9994216,0,0.07920377,0.996294,-0.03354327,0,-0.9968541,0.07905969,-0.005602072,0,-6.988475,1.640396,6.320894,1,1,1,0.09268696,-0.09683467,0.9909753,0.00112127,-0.00377327,-0.0177384,3.2,49
0,-3,0.925453,6.191995,-3,0.8429359,6.671047,-3,0.8842363,6.431314,0.003178596,0.08426222,-0.9964385,0,-0.03477766,0.9958501,0.08410152,0,-0.99939,-0.03438647,-0.006095827,0,6.396345,-0.8268397,-7.063055,1,0.003178575,-0.03477765,-0.99939,0,0.08426223,0.9958501,-0.03438647,0,-0.9964387,0.08410153,-0.006095849,0,-6.988561,1.639872,6.320956,1,1,1,-0.01805069,-0.1020938,0.994611,0.002281503,-0.003850739,-0.01764655,3.24,50
0,-3,0.9457864,6.182598,-3,0.830551,6.658564,-3,0.8882561,6.420271,0.003261626,0.08928756,-0.9960006,0,-0.03569743,0.9953814,0.08911517,0,-0.9993575,-0.03526399,-0.006433904,0,6.398307,-0.7849989,-7.065811,1,0.003261632,-0.03569741,-0.9993572,0,0.08928756,0.9953814,-0.03526399,0,-0.9960005,0.08911516,-0.006433896,0,-6.988329,1.639447,6.321052,1,1,1,-0.01511932,-0.09597202,0.9952692,0.002308366,-0.003836586,-0.01773183,3.26,51
0,-3,0.9308439,6.189568,-3,0.8223818,6.660686,-3,0.8766965,6.424818,0.003540993,0.09373627,-0.9955907,0,-0.03613707,0.9949587,0.09354823,0,-0.9993406,-0.03564648,-0.006910503,0,6.40099,-0.7503427,-7.066958,1,0.003541,-0.03613707,-0.9993406,0,0.09373627,0.9949587,-0.03564648,0,-0.9955907,0.09354823,-0.006910495,0,-6.98813,1.638975,6.321186,1,1,1,-0.01573834,-0.09425285,0.9954239,0.002299583,-0.003844841,-0.01770718,3.28,52
0,-3,0.9368328,6.179028,-3,0.8218102,6.654365,-3,0.8794201,6.416348,0.003971756,0.09715821,-0.9952611,0,-0.03573163,0.9946471,0.09695569,0,-0.9993535,-0.03517722,-0.00742209,0,6.403677,-0.7286859,-7.066685,1,0.003971728,-0.03573162,-0.9993535,0,0.09715821,0.9946471,-0.03517721,0,-0.995261,0.09695568,-0.007422116,0,-6.987831,1.638754,6.321454,1,1,1,-0.01328112,-0.09007745,0.9958462,0.002297416,-0.003830231,-0.01770191,3.3,53
0,-3,0.9270015,6.179549,-3,0.8202134,6.655089,-3,0.8736988,6.416971,0.004703224,0.1009875,-0.9948766,0,-0.0348212,0.9943008,0.1007645,0,-0.9993825,-0.03416888,-0.008192897,0,6.407662,-0.7073685,-7.065053,1,0.004703195,-0.03482119,-0.9993825,0,0.1009875,0.9943008,-0.03416888,0,-0.9948765,0.1007645,-0.008192925,0,-6.987556,1.638366,6.321652,1,1,1,-0.01279227,-0.08754303,0.9960787,0.002296745,-0.003814141,-0.01770781,3.32,54
0,-3,0.9067093,6.177544,-3,0.8187634,6.656081,-3,0.8628035,6.4165,0.005027294,0.1033869,-0.9946285,0,-0.03433434,0.9940725,0.1031556,0,-0.9993978,-0.03363132,-0.008547246,0,6.409317,-0.6934751,-7.064918,1,0.005027324,-0.03433434,-0.9993978,0,0.1033869,0.9940724,-0.03363131,0,-0.9946284,0.1031556,-0.008547216,0,-6.987494,1.63821,6.321749,1,1,1,-0.01233157,-0.08771813,0.996069,0.002295646,-0.003797653,-0.01770927,3.34,55
0,-3,0.87666,6.181193,-3,0.7958136,6.662283,-3,0.8363002,6.421417,0.006075978,0.1090572,-0.994017,0,-0.03364084,0.9934949,0.1087943,0,-0.9994156,-0.03277852,-0.009705245,0,6.415765,-0.657816,-7.062172,1,0.006075994,-0.03364082,-0.9994154,0,0.1090572,0.9934949,-0.03277853,0,-0.9940168,0.1087943,-0.009705228,0,-6.98716,1.637693,6.321912,1,1,1,-0.0123745,-0.08831913,0.9960153,0.002294784,-0.003789421,-0.01771133,3.36,56
0,-3,0.8833331,6.183128,-3,0.8020259,6.661551,-3,0.8427491,6.421988,0.007122517,0.1175951,-0.9930361,0,-0.03290261,0.9925511,0.1173017,0,-0.9994332,-0.03183799,-0.01093864,0,6.422255,-0.6018565,-7.061037,1,0.007122515,-0.0329026,-0.9994331,0,0.1175951,0.9925511,-0.03183799,0,-0.9930361,0.1173017,-0.01093865,0,-6.986831,1.636954,6.322214,1,1,1,-0.01162521,-0.07808735,0.9968787,0.002284775,-0.003741722,-0.01771153,3.38,57
0,-3,0.8408171,6.18673,-3,0.747085,6.663647,-3,0.7940508,6.424755,0.008383155,0.1301103,-0.9914641,0,-0.03272713,0.9910035,0.1297732,0,-0.9994292,-0.03135986,-0.01256591,0,6.430979,-0.5136921,-7.059944,1,0.00838319,-0.03272712,-0.999429,0,0.1301103,0.9910035,-0.03135986,0,-0.991464,0.1297732,-0.01256587,0,-6.986756,1.635729,6.322483,1,1,1,-0.01063356,-0.07692149,0.9969804,0.002281861,-0.003731797,-0.01771442,3.4,58
0,-3,0.7911272,6.205482,-3.200509,0.7509999,6.653666,-3,0.7479047,6.437048,0.009780943,0.1477533,-0.9889759,0,-0.03325983,0.988524,0.1473568,0,-0.9993988,-0.03145187,-0.01458299,0,6.441743,-0.3842884,-7.058167,1,0.00978099,-0.03325983,-0.9993989,0,0.1477533,0.988524,-0.03145188,0,-0.9889759,0.1473568,-0.01458295,0,-6.986584,1.634199,6.322856,1,1,1,-0.0116793,-0.06994488,0.9974825,0.002266471,-0.003701248,-0.01774712,3.42,59
0,-3,0.745875,6.210174,-3.253175,0.7204861,6.65488,-3.206109,0.7503601,6.435963,0.01050693,0.1582718,-0.9873397,0,-0.03383863,0.986885,0.1578388,0,-0.9993721,-0.03175182,-0.01572484,0,6.447703,-0.3052948,-7.056323,1,0.01050694,-0.03383863,-0.9993721,0,0.1582718,0.9868849,-0.03175182,0,-0.9873396,0.1578388,-0.01572483,0,-6.986413,1.633234,6.323001,1,1,1,-0.0116793,-0.06994488,0.9974825,0.002266471,-0.003701248,-0.01774712,3.44,60
0,-3.206182,0.749844,6.22657,-3.252947,0.6653881,6.64709,-3.306096,0.7261826,6.435034,0.0119558,0.1814746,-0.983323,0,-0.03621054,0.9828268,0.1809427,0,-0.9992727,-0.03344334,-0.01832175,0,6.46126,-0.1239256,-7.04872,1,0.01195578,-0.03621054,-0.9992726,0,0.1814746,0.9828268,-0.03344334,0,-0.983323,0.1809428,-0.01832177,0,-6.985929,1.631178,6.323271,1,1,1,-0.009753864,-0.05822218,0.998256,0.002233016,-0.003649193,-0.0177197,3.46,61
0,-3.306139,0.7295915,6.23079,-3.25314,0.6466908,6.653695,-3.306006,0.6951465,6.43967,0.01323408,0.2004313,-0.9796184,0,-0.03828066,0.9790875,0.1998055,0,-0.9991794,-0.0348562,-0.02062994,0,6.473025,0.02532578,-7.037975,1,0.01323406,-0.03828065,-0.9991793,0,0.2004313,0.9790874,-0.03485619,0,-0.9796184,0.1998055,-0.02062996,0,-6.98527,1.629222,6.323402,1,1,1,-0.008893162,-0.04658278,0.9988748,0.002209999,-0.003413262,-0.01799851,3.48,62
0,-3.234597,0.751,6.219631,-3.253217,0.6732494,6.656343,-3.306079,0.7273147,6.435916,0.01451159,0.2142355,-0.9766743,0,-0.03943766,0.9761397,0.2135322,0,-0.9991167,-0.03541905,-0.02261424,0,6.483545,0.1312999,-7.026307,1,0.01451155,-0.03943765,-0.9991166,0,0.2142355,0.9761397,-0.03541905,0,-0.9766743,0.2135323,-0.02261428,0,-6.984628,1.627872,6.323573,1,1,1,-0.006710792,-0.02415089,0.9996858,0.002202964,-0.003028114,-0.01832217,3.5,63
0,-3.306139,0.7371258,6.232231,-3.253347,0.6850873,6.660787,-3.305922,0.7177401,6.44395,0.01496762,0.2249719,-0.9742503,0,-0.03986716,0.9737189,0.2242367,0,-0.9990929,-0.03548431,-0.02354324,0,6.487291,0.2117605,-7.020096,1,0.01496762,-0.03986716,-0.9990929,0,0.2249719,0.973719,-0.0354843,0,-0.9742504,0.2242367,-0.02354325,0,-6.984071,1.626598,6.323645,1,1,1,-0.008162711,-0.01546452,0.9998471,0.002180299,-0.002860726,-0.01809378,3.52,64
0,-3.306139,0.7219819,6.230516,-3.253449,0.7018456,6.664276,-3.305902,0.7183694,6.444966,0.01474577,0.2329226,-0.9723834,0,-0.03857886,0.9718976,0.2322212,0,-0.9991468,-0.03408918,-0.02331728,0,6.483897,0.2621264,-7.020119,1,0.01474577,-0.03857887,-0.9991467,0,0.2329227,0.9718976,-0.03408916,0,-0.9723834,0.2322212,-0.02331727,0,-6.982913,1.625602,6.32361,1,1,1,-0.008982346,-0.00701354,0.999935,0.002168336,-0.002711777,-0.01820084,3.56,65
0,-3.306139,0.7404792,6.220873,-3.253,0.7049036,6.648886,-3.306146,0.7292571,6.432457,0.01396626,0.2358995,-0.9716771,0,-0.03703193,0.9712272,0.235258,0,-0.9992165,-0.03269739,-0.02230024,0,6.476258,0.2752529,-7.025952,1,0.01396628,-0.03703192,-0.9992164,0,0.2358994,0.9712272,-0.03269741,0,-0.9716771,0.235258,-0.02230023,0,-6.982338,1.625406,6.323503,1,1,1,-0.006965498,-0.001086785,0.9999752,0.002155175,-0.00258165,-0.01828636,3.58,66
0,-3,0.2372725,6.938919,-3,0.06023574,7.325287,-3.60094,0.3710114,7.009276,0.0128507,0.2395231,-0.9708058,0,-0.03521017,0.9703921,0.2389549,0,-0.9992974,-0.03111147,-0.02090389,0,6.466053,0.2921306,-7.034263,1,0.01285072,-0.03521015,-0.9992973,0,0.239523,0.9703921,-0.03111149,0,-0.9708055,0.2389549,-0.02090386,0,-6.981967,1.625061,6.323554,1,1,1,-0.1629964,-0.1150689,0.9798936,0.003610466,-0.003964615,-0.01823203,3.6,67
0,-5.435449,0.8550819,6.810355,-5.569745,0.8991151,6.956331,-3.746505,3.071521E-08,7.550813,0.01254922,0.2453217,-0.9693605,0,-0.03399018,0.9689813,0.2447857,0,-0.9993435,-0.02987686,-0.02049851,0,6.462238,0.3275602,-7.03607,1,0.01254925,-0.03399017,-0.9993433,0,0.2453217,0.9689811,-0.02987687,0,-0.9693604,0.2447857,-0.02049849,0,-6.981941,1.624582,6.323552,1,1,1,-0.2955383,-0.2115902,0.9316044,0.004341141,-0.004550926,-0.01855846,3.62,68
0,-5.439788,0.8375589,6.88298,-5.806273,0.960481,6.972774,-5.597296,0.8808721,6.951443,0.01239151,0.2477415,-0.9687468,0,-0.03321964,0.9683885,0.2472249,0,-0.9993712,-0.02911793,-0.0202297,0,6.460059,0.340817,-7.03733,1,0.01239153,-0.03321965,-0.9993713,0,0.2477415,0.9683885,-0.02911793,0,-0.968747,0.2472249,-0.02022968,0,-6.981876,1.624361,6.323559,1,1,1,-0.3452208,-0.2284409,0.9102952,0.004664147,-0.004635842,-0.01871003,3.64,69
0,-3.690361,3.402245E-08,7.531296,-5.769444,0.93556,6.966096,-5.561049,0.8687346,6.948191,0.01309764,0.2511,-0.9678726,0,-0.03142601,0.9675807,0.2505991,0,-0.9994203,-0.02713413,-0.02056408,0,6.462537,0.3532892,-7.034358,1,0.01309762,-0.03142601,-0.9994202,0,0.2511,0.9675808,-0.02713411,0,-0.9678724,0.2505991,-0.0205641,0,-6.981716,1.624059,6.323721,1,0.9549195,0.9307968,-0.3363544,-0.22163,0.9152846,0.004686249,-0.00462999,-0.01869169,3.66,70
0,-3.625456,3.421445E-08,7.591808,-5.74865,0.9576673,6.97202,-5.558268,0.893351,6.954787,0.01435232,0.2528019,-0.9674118,0,-0.03036786,0.9671752,0.2522895,0,-0.9994359,-0.02575725,-0.02155823,0,6.469815,0.3572047,-7.027266,1,0.01435229,-0.03036782,-0.9994356,0,0.2528018,0.9671752,-0.02575728,0,-0.9674115,0.2522895,-0.02155825,0,-6.981417,1.6239,6.323868,1,0.9189029,0.9089398,-0.3411115,-0.2063139,0.9171028,0.004695732,-0.004594399,-0.01869621,3.68,71
0,-3.577832,3.651895E-08,7.586712,-5.710576,0.9634529,6.97357,-5.523263,0.8954133,6.955339,0.01618361,0.254302,-0.9669895,0,-0.0299579,0.9668052,0.2537522,0,-0.9994201,-0.02486233,-0.02326477,0,6.481997,0.362649,-7.015426,1,0.01618363,-0.02995789,-0.9994202,0,0.254302,0.9668052,-0.02486235,0,-0.9669895,0.2537521,-0.02326476,0,-6.980967,1.623755,6.324043,1,0.9269612,0.8990616,-0.3343294,-0.1951921,0.9220216,0.004719003,-0.004563301,-0.01868533,3.7,72
0,-3.570217,3.656371E-08,7.593303,-5.709439,0.9629215,6.973428,-5.523602,0.8963778,6.955597,0.01806855,0.2552342,-0.9667106,0,-0.02993075,0.966573,0.2546385,0,-0.9993888,-0.02433338,-0.02510393,0,6.495095,0.3663729,-7.003103,1,0.01806856,-0.02993071,-0.9993885,0,0.2552341,0.9665731,-0.02433342,0,-0.9667103,0.2546385,-0.02510392,0,-6.980839,1.623536,6.324233,1,0.9321463,0.9059007,-0.3329971,-0.1936489,0.9228289,0.004722816,-0.004564758,-0.01868501,3.72,73
0,-3.561908,3.679853E-08,7.59624,-5.707093,0.9607535,6.972847,-5.521588,0.8957064,6.955418,0.0190599,0.2558156,-0.9665377,0,-0.02987339,0.9664274,0.2551973,0,-0.999372,-0.0240097,-0.02606207,0,6.501871,0.368636,-6.996624,1,0.01905989,-0.02987337,-0.9993719,0,0.2558156,0.9664274,-0.02400973,0,-0.9665377,0.2551973,-0.02606208,0,-6.980728,1.623492,6.324291,1,0.9212541,0.9214646,-0.3316987,-0.192864,0.9234606,0.004726417,-0.004564697,-0.01868628,3.74,74
0,-3.562732,3.666567E-08,7.598455,-5.707887,0.9597577,6.97258,-5.522956,0.8955571,6.955378,0.02093309,0.2573575,-0.9660896,0,-0.029613,0.9660369,0.2567018,0,-0.9993423,-0.02323521,-0.02784324,0,6.514387,0.3751024,-6.984154,1,0.02093307,-0.02961295,-0.9993421,0,0.2573574,0.9660369,-0.02323524,0,-0.9660895,0.2567018,-0.02784326,0,-6.980219,1.623392,6.324356,1,0.9074648,0.9039382,-0.3305055,-0.1916231,0.9241465,0.004728402,-0.004563301,-0.01868407,3.76,75
0,-3.526084,3.770312E-08,7.611369,-5.713515,0.9581815,6.972158,-5.524036,0.8973042,6.955846,0.02319825,0.2595252,-0.9654577,0,-0.02956212,0.9654734,0.258819,0,-0.9992937,-0.02253683,-0.03006941,0,6.529911,0.3868594,-6.968567,1,0.02319825,-0.02956212,-0.9992937,0,0.2595252,0.9654734,-0.02253683,0,-0.9654577,0.2588191,-0.0300694,0,-6.979738,1.623134,6.324477,1,0.9173524,0.9198504,-0.3292657,-0.1887171,0.9251865,0.004737664,-0.004534088,-0.0186675,3.78,76
0,-3.25482,3.498259E-08,7.944871,-5.622197,0.9525113,7.086339,-5.539897,0.9519917,7.03086,0.02599078,0.2624794,-0.9645875,0,-0.02944131,0.9646959,0.2617155,0,-0.9992285,-0.02159654,-0.03280091,0,6.54893,0.4028915,-6.949438,1,0.02599076,-0.02944131,-0.9992285,0,0.2624793,0.9646958,-0.02159653,0,-0.9645875,0.2617155,-0.03280094,0,-6.979303,1.622917,6.32463,1,0.9173524,0.9198504,-0.3721131,-0.1596464,0.9143549,0.005032738,-0.004285279,-0.0187194,3.8,77
0,-3.079191,3.541782E-08,8.110543,-3.401485,8.600558E-09,8.401756,-3.24624,2.157093E-08,8.260275,0.02929068,0.2664032,-0.9634165,0,-0.02864628,0.9636579,0.265599,0,-0.9991603,-0.01981872,-0.03585768,0,6.570433,0.4210271,-6.927813,1,0.02929071,-0.02864628,-0.9991604,0,0.2664032,0.9636579,-0.01981873,0,-0.9634165,0.265599,-0.03585766,0,-6.978985,1.622513,6.324845,1,0.8859206,0.8208767,-0.3940293,-0.13331,0.9093786,0.005141549,-0.004211136,-0.01875968,3.82,78
0,-3.156248,3.293781E-08,8.090222,-3.573893,0.01379919,8.353754,-3.359119,1.772374E-08,8.235409,0.03566867,0.2748348,-0.9608296,0,-0.02840178,0.9613318,0.2739241,0,-0.99896,-0.01751877,-0.04209524,0,6.613885,0.4698347,-6.883135,1,0.03566869,-0.02840179,-0.9989599,0,0.2748348,0.961332,-0.01751877,0,-0.9608297,0.2739241,-0.04209523,0,-6.978556,1.621636,6.32549,1,0.8822035,0.7761439,-0.3931474,-0.1342456,0.9096226,0.005149674,-0.004204514,-0.01875854,3.86,79
0,-3.254118,2.963395E-08,8.067936,-5.490571,0.8970643,7.235853,-3.448008,1.528076E-08,8.202409,0.04133642,0.2825306,-0.9583672,0,-0.02839494,0.9591318,0.2815312,0,-0.9987417,-0.01557529,-0.04766953,0,6.652555,0.515437,-6.842505,1,0.04133644,-0.02839495,-0.9987418,0,0.2825306,0.9591318,-0.01557529,0,-0.9583673,0.2815313,-0.04766952,0,-6.978252,1.620906,6.326034,1,0.8909843,0.789669,-0.3894275,-0.1343983,0.9111989,0.005149803,-0.004199463,-0.01875417,3.88,80
0,-3.19639,3.097291E-08,8.095032,-5.50066,0.8986038,7.230107,-3.429676,1.568826E-08,8.211418,0.04897583,0.2902142,-0.9557077,0,-0.02914169,0.9568638,0.2890719,0,-0.9983749,-0.01369341,-0.0553205,0,6.705595,0.5614463,-6.787149,1,0.04897579,-0.02914168,-0.9983746,0,0.2902142,0.9568638,-0.01369341,0,-0.9557076,0.2890719,-0.05532051,0,-6.977881,1.620158,6.326915,1,0.8978254,0.8131403,-0.3828471,-0.124624,0.9153671,0.005153342,-0.004150994,-0.01872746,3.9,81
0,-3.250811,2.813591E-08,8.105515,-5.520879,0.9012641,7.220179,-5.483006,0.9249901,7.131632,0.05871177,0.2976123,-0.9528798,0,-0.03117982,0.9546074,0.2962307,0,-0.997788,-0.0123184,-0.06532621,0,6.774221,0.6084977,-6.715077,1,0.05871179,-0.03117983,-0.9977878,0,0.2976122,0.9546072,-0.01231839,0,-0.9528797,0.2962307,-0.06532618,0,-6.977484,1.619555,6.32806,1,0.8945446,0.8124523,-0.3766319,-0.1209677,0.9184308,0.005159104,-0.004118263,-0.01870311,3.92,82
0,-3.301881,2.64049E-08,8.094046,-5.490956,0.8997902,7.22568,-5.479637,0.9253188,7.130405,0.06487495,0.3014075,-0.951286,0,-0.03251965,0.9534263,0.2998679,0,-0.9973635,-0.01148154,-0.07165515,0,6.817293,0.6318575,-6.669471,1,0.06487495,-0.03251962,-0.9973633,0,0.3014074,0.9534262,-0.01148157,0,-0.9512857,0.2998679,-0.07165512,0,-6.97729,1.619226,6.328671,1,0.9122304,0.8074899,-0.3695672,-0.1161691,0.9219137,0.005156059,-0.004053352,-0.01868575,3.94,83
0,-3.337305,2.388359E-08,8.116302,-5.495849,0.89631,7.238667,-5.485384,0.9217705,7.143648,0.07908952,0.3088085,-0.9478303,0,-0.03433836,0.9510883,0.3070047,0,-0.996276,-0.008266047,-0.08582509,0,6.913964,0.6675527,-6.566505,1,0.07908951,-0.03433832,-0.9962759,0,0.3088085,0.9510883,-0.008266078,0,-0.9478302,0.3070047,-0.08582509,0,-6.9769,1.61846,6.330163,1,0.9042842,0.8052023,-0.3632004,-0.1103672,0.9251511,0.005135658,-0.004023758,-0.01866753,3.96,84
0,-3.150719,3.019433E-08,8.158516,-5.701299,0.9854906,7.151787,-3.435864,1.257165E-08,8.27653,0.0971936,0.3135775,-0.9445753,0,-0.03642404,0.9495536,0.3114823,0,-0.9945987,-0.004131168,-0.1037123,0,7.03458,0.6775339,-6.437117,1,0.09719362,-0.03642406,-0.9945987,0,0.3135775,0.9495536,-0.004131165,0,-0.9445753,0.3114823,-0.1037123,0,-6.976518,1.617921,6.331775,1,0.9098727,0.8147867,-0.3515231,-0.09842378,0.9309911,0.00505947,-0.003929298,-0.01861698,3.98,85
0,-3.214023,2.558114E-08,8.200748,-5.709793,0.9780446,7.135455,-3.4973,1.055818E-08,8.261157,0.1179286,0.3158472,-0.9414529,0,-0.03921328,0.94881,0.3134035,0,-0.9922476,4.181266E-05,-0.1242772,0,7.17066,0.6682692,-6.287538,1,0.1179286,-0.03921325,-0.9922475,0,0.3158472,0.9488101,4.177408E-05,0,-0.9414527,0.3134035,-0.1242772,0,-6.976116,1.617661,6.333643,1,0.9245248,0.8321478,-0.3348537,-0.1002085,0.9369264,0.00509543,-0.00387146,-0.01861234,4,86
0,-3.229287,1.966471E-08,8.320837,-3.577223,-5.215099E-09,8.542085,-3.409309,6.840928E-09,8.434189,0.139466,0.3182434,-0.9376942,0,-0.0425715,0.9480003,0.3154094,0,-0.9893113,0.004069835,-0.1457619,0,7.309602,0.6609715,-6.127843,1,0.139466,-0.04257151,-0.9893113,0,0.3182434,0.9480003,0.004069837,0,-0.9376941,0.3154095,-0.1457619,0,-6.975833,1.617359,6.335575,1,0.9296296,0.879623,-0.3395233,-0.08648519,0.9366131,0.004938904,-0.003820854,-0.01856438,4.02,87
0,-3.280315,1.687239E-08,8.33369,-3.51,0.01936853,8.544303,-3.375552,7.467577E-09,8.453609,0.1503849,0.3194015,-0.9356105,0,-0.04402556,0.9475979,0.3164174,0,-0.9876468,0.006393626,-0.1565662,0,7.378665,0.6553022,-6.046593,1,0.1503849,-0.04402553,-0.9876467,0,0.3194015,0.9475979,0.006393627,0,-0.9356105,0.3164174,-0.1565662,0,-6.9762,1.617134,6.336632,1,0.9296296,0.879623,-0.329721,-0.08115308,0.9405839,0.004840744,-0.003802407,-0.01852824,4.04,88
0,-3.129276,2.041773E-08,8.40362,-3.65786,-7.851668E-09,8.521765,-3.599829,0.08655998,8.350042,0.172168,0.3223915,-0.930818,0,-0.04707685,0.9465411,0.3191297,0,-0.9839422,0.01112397,-0.1781412,0,7.514109,0.6483576,-5.880578,1,0.1721679,-0.04707681,-0.9839419,0,0.3223914,0.946541,0.01112395,0,-0.9308178,0.3191297,-0.1781412,0,-6.97646,1.61671,6.33866,1,0.934642,0.8847998,-0.3140561,-0.07874168,0.9461335,0.004750527,-0.003802017,-0.01849698,4.06,89
0,-5.704629,0.9669081,7.12444,-5.66412,0.8452499,7.390126,-5.78359,0.961772,7.184147,0.1940268,0.326112,-0.9252051,0,-0.0498163,0.9451867,0.322708,0,-0.9797305,0.0165237,-0.1996373,0,7.646225,0.6425463,-5.710511,1,0.1940269,-0.04981631,-0.9797306,0,0.326112,0.9451866,0.01652371,0,-0.9252052,0.3227079,-0.1996373,0,-6.97651,1.616408,6.340592,1,0.9433126,0.9210827,-0.350353,-0.1306381,0.9274624,0.005002809,-0.004225723,-0.0186507,4.08,90
0,-5.862288,0.9151614,7.168313,-5.905307,0.8342482,7.38718,-5.908325,0.8917109,7.255832,0.215422,0.3296902,-0.9191833,0,-0.05239619,0.94383,0.3262507,0,-0.9751143,0.02211989,-0.2205963,0,7.772248,0.6346209,-5.540566,1,0.215422,-0.05239619,-0.9751143,0,0.3296901,0.9438301,0.02211988,0,-0.9191831,0.3262507,-0.2205963,0,-6.976336,1.615876,6.342564,1,0.9179642,0.8431423,-0.3925742,-0.1917749,0.8995042,0.005170067,-0.004541893,-0.01881072,4.1,91
