flag,xl,yl,zl,xr,yr,zr,xc,yc,zc,mat_00,mat_10,mat_20,mat_30,mat_01,mat_11,mat_21,mat_31,mat_02,mat_12,mat_22,mat_32,mat_03,mat_13,mat_23,mat_33,ctw_00,ctw_10,ctw_20,ctw_30,ctw_01,ctw_11,ctw_21,ctw_31,ctw_02,ctw_12,ctw_22,ctw_32,ctw_03,ctw_13,ctw_23,ctw_33,opennessl,opennessr,ray_x,ray_y,ray_z,eye_x,eye_y,eye_z,time,frame
0,-3,1.999833,5.071505,-3,1.999833,5.071505,-3,1.999833,5.071505,-0.3320735,-0.07165175,-0.9405283,0,0.0402788,0.995124,-0.09003228,0,-0.9423932,0.06778067,0.3275682,0,3.70258,-2.548787,-8.62107,1,-0.3320734,0.0402788,-0.9423931,0,-0.07165175,0.995124,0.06778067,0,-0.9405282,-0.09003228,0.3275682,0,-7.061456,1.611049,6.486032,1,0,0,0,0,1,0,0,0,2.62,1
0,-3,2.000035,5.07082,-3,2.000035,5.07082,-3,2.000035,5.07082,-0.3322194,-0.07164275,-0.9404773,0,0.04037221,0.9951171,-0.09006634,0,-0.9423377,0.06789093,0.3277048,0,3.701021,-2.54946,-8.621659,1,-0.3322193,0.0403722,-0.9423377,0,-0.07164276,0.9951172,0.06789093,0,-0.9404773,-0.09006634,0.3277048,0,-7.061574,1.611072,6.486057,1,0,0,0,0,1,0,0,0,2.64,2
0,-3,2.00042,5.071369,-3,2.00042,5.071369,-3,2.00042,5.071369,-0.332091,-0.07182477,-0.9405088,0,0.04013722,0.9951175,-0.09016747,0,-0.9423931,0.06769321,0.3275867,0,3.702659,-2.549424,-8.621187,1,-0.3320909,0.04013722,-0.9423929,0,-0.07182477,0.9951175,0.0676932,0,-0.9405087,-0.09016746,0.3275867,0,-7.061795,1.611012,6.486125,1,0.06964663,0,0,0,1,0,0,0,2.66,3
0,-3,2.000139,5.072997,-3,2.000139,5.072997,-3,2.000139,5.072997,-0.3316407,-0.07225305,-0.9406349,0,0.03870976,0.995181,-0.09009085,0,-0.9426113,0.06628954,0.3272456,0,3.709517,-2.543546,-8.620268,1,-0.3316407,0.03870976,-0.9426113,0,-0.07225306,0.9951811,0.06628954,0,-0.9406348,-0.09009085,0.3272456,0,-7.062076,1.611087,6.486188,1,0.1424757,0,0,0,1,0,0,0,2.68,4
0,-3,1.999682,5.072899,-3,1.999682,5.072899,-3,1.999682,5.072899,-0.331677,-0.07212136,-0.9406323,0,0.0388299,0.9951849,-0.08999592,0,-0.9425936,0.06637421,0.3272793,0,3.709004,-2.543127,-8.620933,1,-0.3316768,0.03882989,-0.9425936,0,-0.07212134,0.9951849,0.06637422,0,-0.940632,-0.08999592,0.3272794,0,-7.062349,1.611013,6.486335,1,0.4082447,0.3793442,0,0,1,0,0,0,2.7,5
0,-3,2.000072,5.071467,-3,2.000072,5.071467,-3,2.000072,5.071467,-0.332049,-0.07188466,-0.9405192,0,0.03968665,0.9951443,-0.09007102,0,-0.942427,0.06723402,0.3275838,0,3.703965,-2.54699,-8.622151,1,-0.3320489,0.03968663,-0.9424267,0,-0.07188465,0.9951443,0.06723402,0,-0.9405189,-0.09007102,0.3275837,0,-7.062489,1.611019,6.486436,1,0.5447696,0.6184927,0,0,1,0,0,0,2.72,6
0,-3,1.999049,5.072019,-3,1.999049,5.072019,-3,1.999049,5.072019,-0.3319507,-0.07161883,-0.940574,0,0.03982574,0.9951605,-0.0898307,0,-0.9424556,0.06727841,0.3274919,0,3.704688,-2.545469,-8.622572,1,-0.3319506,0.03982574,-0.9424556,0,-0.07161885,0.9951605,0.06727841,0,-0.940574,-0.0898307,0.3274919,0,-7.062697,1.611036,6.486581,1,0.8334928,0.8318239,0,0,1,0,0,0,2.74,7
0,-3,1.608578,4.603368,-3,1.307406,4.683916,-3,1.457089,4.643692,-0.3318174,-0.07183574,-0.9406046,0,0.04000096,0.9951281,-0.09011097,0,-0.9424952,0.06752547,0.3273273,0,3.705632,-2.548557,-8.62151,1,-0.3318173,0.04000097,-0.9424951,0,-0.07183575,0.9951282,0.06752548,0,-0.9406045,-0.09011097,0.3273273,0,-7.062915,1.611019,6.486688,1,0.8334928,0.8318239,0.0855004,-0.1271041,0.9881974,-0.0007223515,0.0005186615,-0.02067481,2.76,8
0,-3,1.662305,4.521633,-3,1.413398,4.649935,-3,1.536969,4.586014,-0.3311837,-0.07186154,-0.9408259,0,0.04055561,0.9950901,-0.09028245,0,-0.9426944,0.06805583,0.3266431,0,3.710517,-2.552179,-8.618563,1,-0.3311836,0.04055561,-0.9426944,0,-0.07186155,0.9950901,0.06805583,0,-0.9408258,-0.09028245,0.3266432,0,-7.063108,1.611061,6.486769,1,0.9552906,0.8955145,0.09849499,-0.1099523,0.9890447,-0.0007113572,0.0004726257,-0.02062926,2.78,9
0,-3,1.677482,4.510467,-3,1.483801,4.669153,-3,1.579919,4.590169,-0.3306187,-0.07111307,-0.9410813,0,0.040752,0.9951513,-0.08951579,0,-0.9428841,0.06794654,0.3261176,0,3.715453,-2.546297,-8.618345,1,-0.3306187,0.040752,-0.9428842,0,-0.07111307,0.9951513,0.06794656,0,-0.9410815,-0.0895158,0.3261177,0,-7.063242,1.611061,6.486849,1,0.9624172,0.9332948,0.09865064,-0.09973264,0.9901118,-0.0007108077,0.0004677124,-0.02071973,2.8,10
0,-3,1.707208,4.508594,-3,1.487278,4.663184,-3,1.596406,4.586239,-0.3301518,-0.07086628,-0.941264,0,0.04087728,0.9951689,-0.08926256,0,-0.9430423,0.06794649,0.32566,0,3.719608,-2.544531,-8.617496,1,-0.3301518,0.04087728,-0.9430424,0,-0.07086627,0.995169,0.06794651,0,-0.9412638,-0.08926256,0.32566,0,-7.063623,1.610971,6.487013,1,0.9901323,0.9564142,0.1000735,-0.09587011,0.9903506,-0.0007088929,0.0004476624,-0.0206657,2.82,11
0,-3,1.728771,4.50089,-3,1.505288,4.658851,-3,1.616164,4.58024,-0.3299178,-0.07131732,-0.9413119,0,0.04103586,0.9951162,-0.08977628,0,-0.9431173,0.06824633,0.32538,0,3.721504,-2.549686,-8.615652,1,-0.3299178,0.04103586,-0.9431173,0,-0.07131732,0.9951162,0.06824633,0,-0.9413119,-0.08977627,0.32538,0,-7.064063,1.611038,6.487182,1,0.9938648,0.9700562,0.1016859,-0.09209044,0.9905449,-0.0007066568,0.0004281235,-0.02064495,2.84,12
0,-3,1.73226,4.494098,-3,1.531096,4.652661,-3,1.630923,4.57374,-0.3298473,-0.07197334,-0.9412867,0,0.04132848,0.9950326,-0.09056531,0,-0.9431292,0.06877467,0.3252343,0,3.721585,-2.557698,-8.613968,1,-0.3298473,0.04132848,-0.9431292,0,-0.07197334,0.9950325,0.06877467,0,-0.9412866,-0.09056529,0.3252343,0,-7.064744,1.611059,6.487398,1,1,1,0.1031643,-0.08969435,0.990612,-0.0007059705,0.0004166031,-0.0206319,2.88,13
0,-3,1.734265,4.490901,-3,1.531996,4.649822,-3,1.632372,4.570724,-0.3300267,-0.07199996,-0.9412218,0,0.04170114,0.9950015,-0.09073585,0,-0.9430501,0.06919527,0.3253746,0,3.719292,-2.560601,-8.614344,1,-0.3300267,0.04170114,-0.94305,0,-0.07199996,0.9950016,0.06919528,0,-0.9412217,-0.09073586,0.3253746,0,-7.064905,1.611074,6.487549,1,1,1,0.1035998,-0.08960207,0.9905749,-0.0007057041,0.0004153138,-0.0206118,2.9,14
0,-3,1.512244,4.661107,-3,1.361995,4.855726,-3,1.436477,4.75899,-0.3301212,-0.07112781,-0.9412551,0,0.04254621,0.9950224,-0.09011284,0,-0.9429793,0.06979498,0.3254517,0,3.716873,-2.558321,-8.616398,1,-0.3301211,0.0425462,-0.9429792,0,-0.07112779,0.9950224,0.06979498,0,-0.9412549,-0.09011284,0.3254516,0,-7.065176,1.610999,6.487713,1,1,1,0.06331346,-0.1314149,0.9893036,-0.0004976038,0.0002518616,-0.02095918,2.92,15
0,-3,1.15857,4.992804,-3,1.034939,5.160818,-3,1.096288,5.077217,-0.3302368,-0.06968406,-0.9413224,0,0.04303223,0.9951227,-0.08876344,0,-0.9429167,0.06982014,0.3256274,0,3.714878,-2.548359,-8.620348,1,-0.3302367,0.04303221,-0.9429166,0,-0.06968405,0.9951227,0.06982015,0,-0.9413223,-0.08876345,0.3256274,0,-7.065317,1.610899,6.487769,1,1,1,-0.007948964,-0.2052457,0.9786782,-1.931004E-05,-0.0002250595,-0.02079809,2.94,16
0,-3,0.8179413,5.181946,-3,0.7014694,5.344879,-3,0.7592679,5.263798,-0.3302038,-0.0683696,-0.9414305,0,0.04314813,0.9952374,-0.0874113,0,-0.9429231,0.06948449,0.3256811,0,3.715025,-2.536955,-8.623698,1,-0.3302036,0.04314812,-0.9429228,0,-0.06836959,0.9952374,0.06948448,0,-0.9414303,-0.08741129,0.325681,0,-7.065346,1.610768,6.487835,1,1,1,-0.05178022,-0.2781183,0.9591502,0.000285767,-0.0006188965,-0.02088051,2.96,17
0,-3,0.6406804,5.187297,-3.529748,0.6544164,5.470812,-3,0.5760938,5.250739,-0.3301717,-0.06544958,-0.9416493,0,0.04311132,0.9955066,-0.08430914,0,-0.942936,0.06843222,0.3258665,0,3.71541,-2.509638,-8.631697,1,-0.3301716,0.04311131,-0.9429358,0,-0.06544957,0.9955066,0.06843222,0,-0.941649,-0.08430913,0.3258664,0,-7.06556,1.610454,6.487913,1,1,1,-0.05022459,-0.3140403,0.9480803,0.0003030393,-0.000783226,-0.02094692,2.98,18
0,-3,0.6443209,5.196538,-3.545186,0.6194509,5.46065,-3,0.5552587,5.246745,-0.3306562,-0.06137329,-0.9417538,0,0.04317934,0.9958544,-0.08005955,0,-0.9427631,0.06713647,0.3266354,0,3.710864,-2.472744,-8.644361,1,-0.3306561,0.04317933,-0.9427628,0,-0.06137327,0.9958544,0.06713647,0,-0.9417534,-0.08005954,0.3266352,0,-7.065597,1.610196,6.488029,1,1,1,-0.04999351,-0.3142739,0.948015,0.0003132857,-0.0007922821,-0.02094726,3,19
0,-3,0.619353,5.193422,-3.545639,0.5962145,5.444326,-3,0.5293628,5.235636,-0.3318714,-0.05708382,-0.9415959,0,0.04319187,0.996201,-0.07561748,0,-0.9423353,0.06576457,0.3281451,0,3.699375,-2.433715,-8.660118,1,-0.3318715,0.04319186,-0.9423354,0,-0.05708381,0.9962009,0.06576458,0,-0.9415959,-0.07561748,0.3281451,0,-7.06554,1.60983,6.487879,1,1,1,-0.04903513,-0.3152874,0.9477285,0.0003092419,-0.000782219,-0.02094713,3.02,20
0,-3,0.5937351,5.173484,-3.471029,0.573966,5.397339,-3,0.516152,5.211959,-0.334321,-0.05295475,-0.9409705,0,0.04311281,0.9965157,-0.07139837,0,-0.9414727,0.06443784,0.3308731,0,3.676546,-2.396116,-8.680244,1,-0.334321,0.0431128,-0.9414725,0,-0.05295474,0.9965158,0.06443784,0,-0.9409703,-0.07139837,0.330873,0,-7.065592,1.609506,6.487827,1,1,1,-0.04649834,-0.3137253,0.9483746,0.0003097607,-0.0007761917,-0.02094666,3.04,21
0,-3,0.5792675,5.156836,-3.544321,0.5856739,5.427222,-3,0.5035227,5.207761,-0.3358343,-0.05034863,-0.9405745,0,0.04326373,0.9966919,-0.06879999,0,-0.940927,0.06379815,0.332545,0,3.661933,-2.373681,-8.692456,1,-0.3358343,0.04326373,-0.940927,0,-0.05034863,0.9966919,0.06379815,0,-0.9405745,-0.06879999,0.332545,0,-7.065612,1.609359,6.487681,1,1,1,-0.04729978,-0.3137556,0.9483249,0.0003064582,-0.0007703782,-0.02094553,3.06,22
0,-3,0.5655086,5.15266,-3,0.3965278,5.232737,-3,0.4806398,5.19274,-0.3399435,-0.04467026,-0.9393844,0,0.04322799,0.9970733,-0.06305682,0,-0.9394519,0.06204345,0.3370175,0,3.623182,-2.322316,-8.722193,1,-0.3399434,0.04322799,-0.9394518,0,-0.04467025,0.9970734,0.06204345,0,-0.9393843,-0.06305683,0.3370176,0,-7.065553,1.608902,6.487422,1,1,1,-0.04846427,-0.3126841,0.94862,0.0003028717,-0.0007636033,-0.02094219,3.08,23
0,-3,0.5571133,4.966266,-3,0.420501,5.006603,-3,0.4886348,4.986406,-0.3459767,-0.03864816,-0.9374469,0,0.04272495,0.9974658,-0.05689075,0,-0.93727,0.05973524,0.3434488,0,3.566935,-2.264997,-8.760109,1,-0.3459767,0.04272494,-0.9372697,0,-0.03864815,0.9974658,0.05973523,0,-0.9374467,-0.05689075,0.3434486,0,-7.065596,1.608491,6.487127,1,1,1,-0.01063629,-0.3031878,0.9528715,-4.919432E-05,-0.0007181092,-0.02093527,3.1,24
0,-3.365604,0.5680001,4.528318,-3.017,0.2769145,4.346657,-3.017,0.3737279,4.346841,-0.3550028,-0.03345565,-0.9342665,0,0.04195871,0.9977822,-0.05167359,0,-0.9339233,0.05754488,0.3528117,0,3.48209,-2.214173,-8.806713,1,-0.3550027,0.0419587,-0.9339231,0,-0.03345564,0.9977822,0.05754488,0,-0.9342663,-0.05167359,0.3528116,0,-7.065741,1.608083,6.48653,1,1,1,0.1071029,-0.3127598,0.9437745,-0.0008786926,-0.0006848908,-0.02098714,3.12,25
0,-4.760746,0.8800166,4.759363,-4.768921,0.7821621,4.773942,-4.765915,0.831288,4.767361,-0.3667938,-0.02883386,-0.9298553,0,0.04094812,0.9980505,-0.04710106,0,-0.9294007,0.0553522,0.364898,0,3.370191,-2.167394,-8.86126,1,-0.3667937,0.04094812,-0.9294007,0,-0.02883387,0.9980505,0.05535221,0,-0.9298554,-0.04710105,0.364898,0,-7.06602,1.607791,6.485683,1,1,1,0.2415317,-0.3125318,0.9186873,-0.001532715,-0.0007851029,-0.02110401,3.14,26
0,-5.22561,0.9537345,4.696363,-5.187763,0.8289607,4.840479,-5.214579,0.8940608,4.775941,-0.3729718,-0.02658791,-0.9274618,0,0.04054199,0.9981676,-0.04491851,0,-0.9269567,0.05435447,0.3712105,0,3.310897,-2.14508,-8.888679,1,-0.3729716,0.04054197,-0.9269563,0,-0.0265879,0.9981676,0.05435446,0,-0.9274616,-0.04491851,0.3712103,0,-7.066071,1.607653,6.48522,1,1,1,0.3286721,-0.3235332,0.8872998,-0.002206397,-0.0008270493,-0.02136797,3.16,27
0,-5.431415,0.9615465,4.682439,-5.385991,0.8042147,4.764619,-5.518927,0.9304463,4.839992,-0.3866478,-0.02135045,-0.9219803,0,0.03854572,0.9984843,-0.03928686,0,-0.9214216,0.05072857,0.3852389,0,3.180705,-2.084511,-8.949663,1,-0.3866479,0.03854572,-0.9214215,0,-0.02135045,0.9984843,0.05072857,0,-0.9219803,-0.03928685,0.3852388,0,-7.066105,1.607145,6.484271,1,1,1,0.3759874,-0.3329464,0.8647428,-0.002685097,-0.0009341584,-0.02157581,3.18,28
0,-5.540555,0.953621,4.787879,-5.467059,0.8302096,4.841253,-5.532706,0.9054267,4.845006,-0.4010239,-0.01506651,-0.9159437,0,0.03540987,0.9988626,-0.03193382,0,-0.9153829,0.04523967,0.4000342,0,3.043986,-2.004543,-9.014263,1,-0.4010239,0.03540987,-0.9153831,0,-0.01506651,0.9988625,0.04523968,0,-0.9159437,-0.03193382,0.4000342,0,-7.066048,1.606616,6.483112,1,1,1,0.3638588,-0.3361253,0.8686925,-0.002633194,-0.0009412919,-0.02155111,3.2,29
0,-5.548497,0.9270687,4.750336,-5.520391,0.8275363,4.850652,-5.557367,0.8878543,4.825637,-0.4155831,-0.007568384,-0.9095238,0,0.03284308,0.9991884,-0.0233213,0,-0.9089621,0.0395635,0.4149973,0,2.902591,-1.914589,-9.079152,1,-0.4155831,0.03284308,-0.908962,0,-0.007568379,0.9991883,0.0395635,0,-0.9095236,-0.02332129,0.4149972,0,-7.065926,1.605967,6.481915,1,1,1,0.3615582,-0.3345523,0.8702587,-0.002622521,-0.0009319916,-0.02154235,3.22,30
0,-5.340617,0.8751178,4.464499,-5.522006,0.8212836,4.85033,-5.56532,0.9046063,4.809636,-0.43098,0.0005550757,-0.9023614,0,0.02824397,0.9995182,-0.01287486,0,-0.9019195,0.03103507,0.430788,0,2.754311,-1.801483,-9.146944,1,-0.43098,0.02824397,-0.9019193,0,0.0005550792,0.9995182,0.03103507,0,-0.9023612,-0.01287486,0.4307879,0,-7.065795,1.605057,6.480468,1,1,1,0.3554174,-0.3162988,0.8795643,-0.002510605,-0.0009116364,-0.02149499,3.24,31
0,-5.47356,0.9109958,4.647707,-5.484101,0.7706648,4.849926,-5.553643,0.8747259,4.831211,-0.4390033,0.005437927,-0.8984692,0,0.0248729,0.999672,-0.006102756,0,-0.8981412,0.02502666,0.4389946,0,2.677864,-1.727769,-9.183009,1,-0.4390032,0.02487289,-0.898141,0,0.005437929,0.9996721,0.02502665,0,-0.8984689,-0.006102758,0.4389945,0,-7.065661,1.604554,6.47963,1,1,1,0.3376395,-0.3210838,0.8848191,-0.002433549,-0.0008843766,-0.0214442,3.26,32
0,-5.376452,0.8171508,4.464499,-5.551843,0.7639303,4.833906,-5.568123,0.8376491,4.77031,-0.4559528,0.01632588,-0.8898542,0,0.01741662,0.999804,0.009418981,0,-0.8898336,0.01120364,0.4561477,0,2.514921,-1.560191,-9.256791,1,-0.4559528,0.01741662,-0.8898336,0,0.01632588,0.999804,0.01120364,0,-0.8898543,0.00941898,0.4561478,0,-7.065038,1.603273,6.477805,1,1,1,0.3418538,-0.3143125,0.8856317,-0.002329552,-0.0008418503,-0.02141237,3.28,33
0,-5.730033,0.9353543,4.861747,-5.551936,0.7391282,4.833765,-5.565699,0.7998843,4.760039,-0.4740089,0.02991951,-0.8800117,0,0.009003001,0.999535,0.02913381,0,-0.8804742,-0.005886937,0.4740579,0,2.338627,-1.351228,-9.33324,1,-0.4740088,0.009003003,-0.8804739,0,0.0299195,0.999535,-0.005886937,0,-0.8800115,0.0291338,0.4740577,0,-7.0644,1.601458,6.47564,1,1,1,0.3266256,-0.3062129,0.8941753,-0.002241387,-0.0007857666,-0.02134784,3.3,34
0,-5.751422,0.9120868,4.858067,-5.544642,0.7393243,4.838873,-5.475919,0.73478,4.648324,-0.4938859,0.04774271,-0.8682152,0,0.001450989,0.9985353,0.05408356,0,-0.8695257,-0.02545132,0.4932318,0,2.137701,-1.094782,-9.412442,1,-0.4938857,0.001450996,-0.8695255,0,0.04774271,0.9985355,-0.02545133,0,-0.8682149,0.05408355,0.4932317,0,-7.063975,1.599135,6.473437,1,1,1,0.3104183,-0.2858562,0.9066018,-0.002212921,-0.0007845307,-0.02131867,3.32,35
0,-5.344648,0.7053306,4.464499,-5.535676,0.7309376,4.844864,-5.568546,0.7838851,4.800769,-0.5048834,0.05813865,-0.8612275,0,-0.001627686,0.9976633,0.06830319,0,-0.8631861,-0.03588695,0.5036091,0,2.022953,-0.9512843,-9.452052,1,-0.5048834,-0.001627678,-0.863186,0,0.05813865,0.9976634,-0.03588695,0,-0.8612273,0.06830319,0.5036089,0,-7.063704,1.59796,6.472184,1,1,1,0.2873906,-0.2762261,0.9171181,-0.002180893,-0.0007542114,-0.02127087,3.34,36
0,-5.75265,0.8918849,4.857823,-5.544333,0.666,4.772679,-5.444007,0.666,4.574796,-0.5266035,0.07414448,-0.8468717,0,-0.005861986,0.9958489,0.09083272,0,-0.8500909,-0.05279716,0.5239828,0,1.789665,-0.7240464,-9.51656,1,-0.5266033,-0.005861988,-0.8500909,0,0.07414449,0.995849,-0.05279717,0,-0.8468714,0.09083272,0.5239828,0,-7.063175,1.595947,6.469664,1,1,1,0.2856876,-0.2631586,0.9214826,-0.002111564,-0.0006608735,-0.02122365,3.36,37
0,-5.739832,0.8822052,4.860373,-5.564737,0.7037896,4.811886,-5.422301,0.666,4.569399,-0.549107,0.08778702,-0.8311288,0,-0.008220453,0.9938526,0.1104056,0,-0.8357117,-0.06745674,0.5450097,0,1.539574,-0.5281567,-9.570415,1,-0.5491069,-0.008220456,-0.8357117,0,0.08778701,0.9938526,-0.06745674,0,-0.8311287,0.1104056,0.5450097,0,-7.06249,1.594193,6.466981,1,1,1,0.2578339,-0.241285,0.9355764,-0.00192682,-0.0003380203,-0.02108076,3.38,38
0,-5.776843,0.8826426,4.840064,-5.524036,0.666,4.702953,-5.727666,0.8216769,4.861276,-0.5729324,0.1008585,-0.8133733,0,-0.009750582,0.9914905,0.1298133,0,-0.8195447,-0.08230509,0.5670736,0,1.267304,-0.3346198,-9.616163,1,-0.5729324,-0.009750586,-0.8195447,0,0.1008585,0.9914905,-0.08230509,0,-0.8133732,0.1298133,0.5670736,0,-7.061701,1.592435,6.464144,1,1,1,0.2490152,-0.2217428,0.9427733,-0.00183844,-0.0002486114,-0.02103601,3.4,39
0,-5.879752,0.8825083,4.87556,-5.742897,0.730673,4.859763,-5.783126,0.7905599,4.830661,-0.5851928,0.1076995,-0.8037103,0,-0.009912424,0.9901166,0.1398959,0,-0.8108337,-0.08983278,0.5783416,0,1.123614,-0.2347541,-9.635606,1,-0.5851927,-0.00991242,-0.8108335,0,0.1076995,0.9901165,-0.08983276,0,-0.8037102,0.1398959,0.5783414,0,-7.06142,1.591553,6.462646,1,1,1,0.2609052,-0.2267606,0.9383539,-0.001944306,-0.00026828,-0.02106329,3.42,40
0,-6.151184,0.8315382,4.801455,-5.953315,0.666,4.720029,-6.099195,0.7883044,4.835264,-0.6099359,0.1214222,-0.7830932,0,-0.009519026,0.9869976,0.1604527,0,-0.7923937,-0.1053201,0.6008495,0,0.8268328,-0.03107876,-9.665802,1,-0.6099359,-0.009519007,-0.7923936,0,0.1214222,0.9869976,-0.1053201,0,-0.7830931,0.1604527,0.6008494,0,-7.061134,1.589449,6.459595,1,1,1,0.3430917,-0.2426355,0.9074228,-0.00246035,-0.0004045639,-0.02127921,3.44,41
0,-6.510499,0.7309089,4.801512,-6.415797,0.666,4.898588,-6.457897,0.690732,4.835391,-0.6341189,0.1341242,-0.7615143,0,-0.007861331,0.983672,0.1797987,0,-0.7731956,-0.1200002,0.6227107,0,0.5270782,0.1609316,-9.682735,1,-0.6341189,-0.007861324,-0.7731956,0,0.1341242,0.983672,-0.1200002,0,-0.7615142,0.1797987,0.6227106,0,-7.060894,1.586782,6.456388,1,1,1,0.4479764,-0.3076421,0.8394483,-0.003308296,-0.0007809983,-0.02177985,3.46,42
0,-6.564876,0.666,4.654099,-6.364816,0.3331996,4.464499,-6.557287,0.666,4.838492,-0.6577984,0.1404986,-0.7399742,0,-0.005853221,0.9814647,0.1915535,0,-0.7531716,-0.1303348,0.6447835,0,0.2251906,0.2788498,-9.689123,1,-0.6577981,-0.005853215,-0.7531713,0,0.1404985,0.9814647,-0.1303348,0,-0.7399739,0.1915535,0.6447834,0,-7.060745,1.583622,6.453337,1,1,1,0.4598421,-0.3182195,0.8290244,-0.003361167,-0.0008731842,-0.02186034,3.48,43
0,-6.556,0.666,4.620946,-6.371171,0.3867866,4.464499,-6.543725,0.666,4.786764,-0.6813656,0.1407294,-0.7182871,0,-0.006282821,0.9801818,0.1980007,0,-0.7319164,-0.1394237,0.666978,0,-0.07970715,0.3444611,-9.686591,1,-0.6813655,-0.006282821,-0.7319162,0,0.1407294,0.9801818,-0.1394237,0,-0.718287,0.1980007,0.6669778,0,-7.060537,1.579816,6.450428,1,1,1,0.4400983,-0.2971011,0.8473751,-0.003075195,-0.0007711411,-0.02169363,3.5,44
0,-6.531265,0.666,4.649854,-6.390237,0.3683116,4.464499,-6.544401,0.666,4.814924,-0.7187991,0.1451569,-0.6798952,0,-0.01224136,0.9751655,0.2211386,0,-0.6951101,-0.1672771,0.6991712,0,-0.5742064,0.5680826,-9.656958,1,-0.718799,-0.01224135,-0.6951101,0,0.1451569,0.9751655,-0.1672771,0,-0.6798951,0.2211386,0.6991712,0,-7.060919,1.574523,6.447758,1,1,1,0.3970979,-0.2742637,0.8758382,-0.002832878,-0.0007267228,-0.02153796,3.54,45
0,-6.636791,0.6823846,4.77323,-6.544118,0.5193305,4.732028,-6.62223,0.666,4.863534,-0.7440422,0.1502773,-0.6510131,0,-0.016083,0.9700662,0.2423075,0,-0.6679392,-0.1907572,0.7193533,0,-0.9227567,0.7667469,-9.615938,1,-0.7440422,-0.01608295,-0.6679389,0,0.1502772,0.9700661,-0.1907572,0,-0.651013,0.2423074,0.7193531,0,-7.061895,1.571377,6.447172,1,1,1,0.3944573,-0.2686529,0.8787656,-0.002762765,-0.0006957551,-0.02150838,3.56,46
0,-6.652425,0.7019209,4.783676,-6.501231,0.4797859,4.70379,-6.614726,0.666,4.868101,-0.7689036,0.1539194,-0.6205611,0,-0.01572788,0.965743,0.2590233,0,-0.6391712,-0.2089241,0.7401425,0,-1.285131,0.9187423,-9.561991,1,-0.7689036,-0.0157279,-0.6391712,0,0.1539194,0.9657431,-0.2089241,0,-0.6205611,0.2590234,0.7401425,0,-7.063353,1.569298,6.447765,1,1,1,0.3597521,-0.2496006,0.8990428,-0.002479478,-0.0004986954,-0.02133695,3.58,47
0,-6.594356,0.666,4.697462,-6.442892,0.3732768,4.464499,-6.594164,0.666,4.833563,-0.791224,0.1556898,-0.5913758,0,-0.01106551,0.9632452,0.2683957,0,-0.6114263,-0.218905,0.76042,0,-1.629465,1.001082,-9.50251,1,-0.7912241,-0.01106553,-0.6114263,0,0.1556898,0.9632451,-0.218905,0,-0.5913758,0.2683957,0.7604199,0,-7.064684,1.568115,6.448742,1,1,1,0.325362,-0.2290059,0.9174398,-0.002396012,-0.0003574448,-0.02123901,3.6,48
0,-6.653742,0.7373819,4.784435,-6.562002,0.6533334,4.908,-6.59222,0.666,4.792708,-0.8012937,0.1556011,-0.577682,0,-0.006884448,0.9631237,0.2689708,0,-0.5982314,-0.2195017,0.7706738,0,-1.79241,1.005107,-9.473635,1,-0.8012938,-0.006884452,-0.5982315,0,0.1556012,0.9631237,-0.2195017,0,-0.5776821,0.2689708,0.7706739,0,-7.065392,1.56775,6.449429,1,1,1,0.3157389,-0.2193754,0.9231378,-0.002217735,-0.0001781616,-0.02114524,3.62,49
0,-6.572165,0.666,4.600626,-6.567092,0.666,4.859124,-6.570738,0.666,4.73575,-0.8199838,0.1511057,-0.5520813,0,0.000643149,0.9647674,0.2631035,0,-0.5723865,-0.2153855,0.7911909,0,-2.102905,0.9454761,-9.417871,1,-0.8199835,0.0006431422,-0.5723864,0,0.1511057,0.9647675,-0.2153855,0,-0.5520812,0.2631035,0.7911907,0,-7.066644,1.567062,6.4513,1,1,1,0.2854639,-0.2102437,0.9350443,-0.002032196,-8.278654E-05,-0.0210632,3.64,50
0,-6.69982,0.7848389,4.784106,-6.586212,0.666,4.84832,-6.630137,0.700268,4.76557,-0.8380451,0.1455194,-0.5258368,0,0.00480289,0.965706,0.2595936,0,-0.5455797,-0.2150256,0.8100041,0,-2.409748,0.9036069,-9.350221,1,-0.8380452,0.004802909,-0.5455797,0,0.1455194,0.9657061,-0.2150256,0,-0.5258369,0.2595936,0.8100042,0,-7.06766,1.566213,6.453307,1,1,1,0.2805634,-0.2082387,0.9369743,-0.001877296,-8.150484E-05,-0.02103323,3.66,51
0,-6.557202,0.666,4.551056,-6.552529,0.666,4.834501,-6.556161,0.666,4.700088,-0.8557293,0.1396804,-0.4982137,0,0.005311944,0.9651942,0.2614805,0,-0.5173966,-0.22111,0.826687,0,-2.717022,0.903697,-9.267391,1,-0.8557292,0.005311974,-0.5173965,0,0.1396804,0.9651942,-0.22111,0,-0.4982136,0.2614805,0.8266867,0,-7.068404,1.565431,6.455268,1,1,1,0.2267345,-0.1984158,0.9535317,-0.001609054,-0.0001528244,-0.02097181,3.68,52
0,-6.676063,0.7596444,4.788875,-6.60237,0.666,4.896187,-6.615387,0.666,4.754463,-0.8730075,0.1359186,-0.4683848,0,0.004542828,0.962606,0.2708674,0,-0.4876859,-0.2343414,0.8409798,0,-3.029307,0.9678448,-9.164974,1,-0.8730073,0.004542881,-0.4876857,0,0.1359186,0.9626059,-0.2343414,0,-0.4683846,0.2708673,0.8409794,0,-7.068888,1.564601,6.457011,1,1,1,0.2160814,-0.2022897,0.9551898,-0.001436645,-0.0001861267,-0.02094656,3.7,53
0,-6.696057,0.7543737,4.785049,-6.650268,0.666,4.829484,-6.668331,0.7000255,4.787337,-0.8812654,0.1354193,-0.4528059,0,0.00513941,0.9607611,0.2773295,0,-0.4725941,-0.2420737,0.8473815,0,-3.185889,1.018,-9.106994,1,-0.8812651,0.005139412,-0.472594,0,0.1354193,0.9607611,-0.2420737,0,-0.4528058,0.2773295,0.8473813,0,-7.069169,1.563957,6.457895,1,1,1,0.22288,-0.1909825,0.9559551,-0.001279503,-0.0002417908,-0.02088154,3.72,54
0,-6.712633,0.6968209,4.775545,-6.687978,0.6649965,4.908,-6.694489,0.666,4.816353,-0.8969625,0.1383394,-0.4199053,0,0.008640088,0.9550866,0.2962008,0,-0.4420222,-0.262053,0.8578722,0,-3.499506,1.179096,-8.973045,1,-0.8969625,0.00864007,-0.4420222,0,0.1383394,0.9550866,-0.262053,0,-0.4199053,0.2962009,0.8578721,0,-7.06987,1.561921,6.459852,1,1,1,0.1986075,-0.1932328,0.9608414,-0.001162041,-0.0002570191,-0.0208774,3.74,55
0,-6.687747,0.666,4.787127,-6.634422,0.5221845,4.720489,-6.691066,0.666,4.879311,-0.9112028,0.1447829,-0.3856783,0,0.0154649,0.9475685,0.3191782,0,-0.4116682,-0.2848715,0.8656662,0,-3.80689,1.387272,-8.818531,1,-0.9112024,0.0154649,-0.411668,0,0.1447829,0.9475685,-0.2848715,0,-0.3856781,0.3191782,0.8656659,0,-7.070815,1.559021,6.461921,1,1,1,0.1559398,-0.1811807,0.9710079,-0.0009992449,-0.0003337326,-0.02089762,3.76,56
0,-6.721163,0.666,4.813624,-6.644958,0.5031423,4.759826,-6.711416,0.656321,4.908,-0.9234654,0.1541119,-0.351371,0,0.02543309,0.9383597,0.3447234,0,-0.3828384,-0.3094036,0.8704623,0,-4.09591,1.629744,-8.647413,1,-0.923465,0.0254331,-0.3828382,0,0.1541118,0.9383597,-0.3094035,0,-0.3513709,0.3447233,0.8704619,0,-7.072041,1.555851,6.463422,1,1,1,0.1297964,-0.165634,0.9776085,-0.0009581372,-0.0003111573,-0.02090293,3.78,57
0,-7.173615,0.4828835,4.768656,-7.045418,0.3467157,4.750904,-7.110819,0.4068404,4.745553,-0.9341203,0.1607637,-0.3187073,0,0.03515289,0.9299316,0.3660484,0,-0.3552233,-0.3307297,0.8743194,0,-4.365795,1.831019,-8.474701,1,-0.9341202,0.03515288,-0.3552233,0,0.1607637,0.9299317,-0.3307297,0,-0.3187072,0.3660483,0.8743193,0,-7.073488,1.552898,6.464335,1,1,1,0.2910832,-0.2409153,0.9258674,-0.002145653,-0.0006884537,-0.02124086,3.8,58
0,-7.663358,0.2301424,4.464499,-7.436976,0.4013268,4.942354,-7.489372,0.4623386,4.923848,-0.948701,0.1515819,-0.2774696,0,0.0404013,0.9285079,0.369108,0,-0.3135828,-0.338963,0.8870006,0,-4.748128,1.823758,-8.269742,1,-0.9487009,0.04040132,-0.3135828,0,0.1515819,0.928508,-0.3389629,0,-0.2774696,0.369108,0.8870004,0,-7.075604,1.550884,6.46452,1,1,1,0.4278271,-0.2823058,0.8586428,-0.002945024,-0.0004691849,-0.02154421,3.84,59
0,-7.692833,0.3947486,4.70363,-7.522508,0.3779796,4.92807,-7.634761,0.3202872,4.726689,-0.9567989,0.1439558,-0.2526122,0,0.04176961,0.9278702,0.3705568,0,-0.2877351,-0.3439968,0.8937981,0,-4.976009,1.804359,-8.14048,1,-0.9567986,0.04176961,-0.287735,0,0.1439557,0.9278701,-0.3439967,0,-0.2526121,0.3705567,0.8937978,0,-7.07717,1.550145,6.464865,1,1,1,0.4437013,-0.2805859,0.8511174,-0.003033393,-0.0004057999,-0.02157497,3.86,60
0,-7.661372,0.4121882,4.637179,-7.497693,0.3964126,4.93398,-7.663274,0.2013047,4.496704,-0.9631308,0.1397705,-0.2298768,0,0.04497105,0.9260727,0.3746557,0,-0.2652484,-0.3505046,0.8982148,0,-5.172725,1.820609,-8.015431,1,-0.9631307,0.04497103,-0.2652484,0,0.1397705,0.9260728,-0.3505046,0,-0.2298768,0.3746557,0.8982148,0,-7.079038,1.549634,6.465653,1,1,1,0.4147622,-0.2582535,0.8725122,-0.002913353,-0.0005717926,-0.02153727,3.88,61
0,-7.65622,0.3904771,4.650138,-7.493812,0.4250532,4.931986,-7.552374,0.4543851,4.866124,-0.9678948,0.1372143,-0.2105991,0,0.0495841,0.9256185,0.3751957,0,-0.2464167,-0.3527076,0.902705,0,-5.33718,1.81787,-7.91022,1,-0.9678947,0.0495841,-0.2464166,0,0.1372143,0.9256184,-0.3527076,0,-0.2105991,0.3751957,0.9027049,0,-7.081151,1.549865,6.466601,1,1,1,0.3963572,-0.2547786,0.8820368,-0.002824563,-0.0005683747,-0.0214856,3.9,62
0,-7.654347,0.3974703,4.636955,-7.459306,0.4378458,4.93426,-7.528546,0.4768764,4.88068,-0.9701719,0.1344855,-0.2016935,0,0.05060227,0.9260256,0.3740534,0,-0.2370781,-0.3526899,0.9052093,0,-5.416283,1.797773,-7.862205,1,-0.9701717,0.05060228,-0.237078,0,0.1344855,0.9260257,-0.3526899,0,-0.2016934,0.3740533,0.9052092,0,-7.082253,1.550177,6.466915,1,1,1,0.3812833,-0.2486616,0.8903878,-0.002685928,-0.0005098648,-0.02141692,3.92,63
0,-7.673079,0.4246871,4.63107,-7.501307,0.4317344,4.929887,-7.678776,0.2122146,4.464499,-0.9745356,0.1269293,-0.1848503,0,0.05095378,0.9281526,0.3686958,0,-0.2183676,-0.3498883,0.9109852,0,-5.57075,1.72252,-7.773111,1,-0.9745353,0.05095379,-0.2183676,0,0.1269293,0.9281526,-0.3498883,0,-0.1848503,0.3686957,0.9109849,0,-7.084393,1.551003,6.467406,1,1,1,0.3801881,-0.2465925,0.891431,-0.002554329,-0.0004533463,-0.02136488,3.94,64
0,-7.660319,0.315024,4.464499,-7.486172,0.4488083,4.930197,-7.528718,0.4823908,4.862712,-0.978645,0.1172155,-0.1688638,0,0.04876863,0.9304289,0.3632131,0,-0.1996899,-0.3472213,0.916276,0,-5.719419,1.63251,-7.68641,1,-0.9786445,0.04876862,-0.1996899,0,0.1172155,0.9304289,-0.3472213,0,-0.1688637,0.363213,0.9162756,0,-7.086589,1.551798,6.467602,1,1,1,0.3519815,-0.2447215,0.9034492,-0.00244529,-0.0004872437,-0.02131898,3.96,65
0,-7.6582,0.325726,4.464499,-7.455197,0.4364463,4.934569,-7.509756,0.4868179,4.874333,-0.9820559,0.1105456,-0.1527949,0,0.04867789,0.93132,0.3609344,0,-0.1822006,-0.34702,0.9199893,0,-5.858812,1.582452,-7.593491,1,-0.9820555,0.04867788,-0.1822005,0,0.1105456,0.9313199,-0.3470199,0,-0.1527948,0.3609343,0.919989,0,-7.088858,1.552177,6.467592,1,1,1,0.3299854,-0.2448019,0.9116916,-0.002365479,-0.0005451966,-0.02128844,3.98,66
0,-7.66005,0.409254,4.637912,-7.475206,0.4409108,4.933587,-7.544493,0.4715931,4.863015,-0.9848479,0.1065787,-0.1368045,0,0.0503218,0.9305506,0.3626891,0,-0.1659584,-0.3503094,0.9218141,0,-5.988657,1.577065,-7.494865,1,-0.984848,0.0503218,-0.1659585,0,0.1065787,0.9305506,-0.3503093,0,-0.1368046,0.3626891,0.921814,0,-7.091331,1.552127,6.467464,1,1,1,0.329143,-0.2447528,0.9120092,-0.00232032,-0.0005745316,-0.02128186,4,67
0,-7.682191,0.3066288,4.464499,-7.512775,0.4095488,4.929785,-7.549833,0.4635766,4.869258,-0.9861609,0.1047477,-0.1285097,0,0.05126365,0.9297971,0.3644851,0,-0.1576669,-0.3528531,0.9222993,0,-6.054326,1.582047,-7.441942,1,-0.9861608,0.05126366,-0.1576669,0,0.1047477,0.9297971,-0.352853,0,-0.1285097,0.3644851,0.9222992,0,-7.092616,1.551861,6.46736,1,1,1,0.3235545,-0.2468026,0.9134555,-0.002230522,-0.0006062088,-0.02125523,4.02,68
0,-7.637167,0.360958,4.603359,-7.46415,0.421976,4.937689,-7.514536,0.4755872,4.902753,-0.9885375,0.1011063,-0.1121218,0,0.05263685,0.9268538,0.371714,0,-0.1415031,-0.3615515,0.9215517,0,-6.180333,1.618341,-7.331668,1,-0.9885373,0.05263685,-0.1415031,0,0.1011063,0.9268539,-0.3615514,0,-0.1121218,0.371714,0.9215515,0,-7.095154,1.550631,6.467088,1,1,1,0.2960648,-0.240577,0.9243745,-0.002121872,-0.0007337952,-0.02125618,4.04,69
0,-7.646052,0.3834456,4.628525,-7.47382,0.4233379,4.936039,-7.52918,0.4719795,4.891541,-0.9907571,0.09649719,-0.09533542,0,0.05336777,0.9234214,0.3800589,0,-0.1247094,-0.3714582,0.9200362,0,-6.308168,1.656463,-7.214762,1,-0.9907569,0.05336777,-0.1247094,0,0.09649717,0.9234215,-0.3714581,0,-0.09533539,0.3800589,0.920036,0,-7.097527,1.549074,6.46646,1,1,1,0.2877116,-0.2279489,0.9301943,-0.00204271,-0.0007338257,-0.02123107,4.06,70
0,-7.653375,0.3690356,4.661532,-7.473234,0.397103,4.938671,-7.534296,0.4480653,4.90028,-0.9926815,0.09147646,-0.07883939,0,0.05390787,0.919856,0.3885344,0,-0.1080626,-0.3814408,0.9180554,0,-6.432598,1.692184,-7.096601,1,-0.9926814,0.05390787,-0.1080626,0,0.09147645,0.919856,-0.3814408,0,-0.07883937,0.3885343,0.9180551,0,-7.099807,1.547475,6.465415,1,1,1,0.274101,-0.2287804,0.9340922,-0.001975525,-0.0006931305,-0.02119207,4.08,71
0,-7.642802,0.3704416,4.714572,-7.477409,0.4261326,4.935073,-7.541182,0.4404481,4.88872,-0.9942813,0.08710811,-0.06178286,0,0.05542806,0.9154255,0.3986527,0,-0.09128348,-0.3929483,0.9150187,0,-6.55706,1.743632,-6.969938,1,-0.9942811,0.05542806,-0.09128346,0,0.08710809,0.9154255,-0.3929483,0,-0.06178285,0.3986526,0.9150184,0,-7.102068,1.545863,6.464228,1,1,1,0.2612437,-0.215862,0.9408269,-0.001851524,-0.0005858613,-0.02113632,4.1,72
0,-7.658277,0.3761921,4.739537,-7.464353,0.438726,4.934067,-7.548118,0.4338556,4.876956,-0.9949174,0.08533485,-0.05345627,0,0.05663338,0.9131535,0.4036624,0,-0.08326025,-0.3985834,0.9133451,0,-6.616469,1.771579,-6.906881,1,-0.9949172,0.05663338,-0.08326024,0,0.08533485,0.9131535,-0.3985833,0,-0.05345625,0.4036624,0.9133449,0,-7.103232,1.545038,6.463597,1,1,1,0.2557933,-0.2090341,0.9438615,-0.00176651,-0.0005500641,-0.0211119,4.12,73
0,-7.67169,0.3671357,4.692529,-7.488211,0.3994166,4.935535,-7.60743,0.3074945,4.711514,-0.9958147,0.08308505,-0.03808516,0,0.06011865,0.9093019,0.4117715,0,-0.06884296,-0.4077584,0.9104912,0,-6.723486,1.821823,-6.789827,1,-0.9958143,0.06011865,-0.06884293,0,0.08308504,0.9093019,-0.4077583,0,-0.03808514,0.4117714,0.9104908,0,-7.105301,1.543476,6.462073,1,1,1,0.2466897,-0.2031685,0.9475583,-0.001722442,-0.0005019074,-0.02108724,4.14,74
0,-7.534349,0.4766018,4.870891,-7.519806,0.3981918,4.927435,-7.522849,0.4486551,4.91549,-0.9963127,0.08238696,-0.02395072,0,0.06487928,0.9061152,0.4180263,0,-0.05614203,-0.414931,0.9081192,0,-6.816889,1.867055,-6.680995,1,-0.9963123,0.06487928,-0.05614201,0,0.08238693,0.9061152,-0.4149309,0,-0.02395072,0.4180262,0.908119,0,-7.105587,1.543339,6.459123,1,1,1,0.2209802,-0.1968002,0.9552159,-0.001325097,-0.0004417115,-0.02093904,4.16,75
0,-7.413482,0.4965712,4.892565,-7.340755,0.3685963,4.901736,-7.375383,0.4408648,4.907754,-0.996635,0.08117156,-0.01139554,0,0.06866071,0.9026662,0.4248288,0,-0.04477039,-0.4226168,0.905202,0,-6.900133,1.913615,-6.580735,1,-0.996635,0.06866073,-0.04477039,0,0.08117156,0.9026662,-0.4226168,0,-0.01139554,0.4248287,0.905202,0,-7.107236,1.542098,6.456698,1,1,1,0.1350138,-0.186051,0.9732195,-0.0009120256,-0.0003137436,-0.02089039,4.18,76
0,-7.407467,0.4893229,4.90493,-7.338299,0.3669294,4.900621,-7.372167,0.4323654,4.90755,-0.9968426,0.07940096,0.0003968496,0,0.0716778,0.8977093,0.4347186,0,-0.03416082,-0.4333745,0.9005662,0,-6.976525,1.978374,-6.479265,1,-0.9968428,0.07167782,-0.03416082,0,0.07940096,0.8977093,-0.4333745,0,0.000396849,0.4347186,0.9005663,0,-7.109013,1.540714,6.454062,1,1,1,0.1218618,-0.1778925,0.9764752,-0.0008493345,-0.0003251114,-0.02088149,4.2,77
0,-7.386856,0.4794816,4.901667,-7.368612,0.3889528,4.914085,-7.377243,0.4359498,4.909825,-0.9969056,0.07839343,0.005829504,0,0.07294318,0.8948497,0.4403673,0,-0.02930537,-0.4394298,0.8977989,0,-7.011256,2.014835,-6.429881,1,-0.9969054,0.07294317,-0.02930537,0,0.07839343,0.8948497,-0.4394298,0,0.005829501,0.4403673,0.8977987,0,-7.110025,1.539958,6.45265,1,1,1,0.1197185,-0.1707168,0.97802,-0.0007352596,-0.0003519516,-0.02083939,4.22,78
0,-7.401181,0.4610144,4.913437,-7.368609,0.3880221,4.9464,-7.386785,0.4167703,4.919252,-0.9970404,0.07530252,0.01549965,0,0.07419128,0.889539,0.4507949,0,-0.02015844,-0.4506106,0.8924931,0,-7.074853,2.073338,-6.339515,1,-0.9970402,0.07419127,-0.02015844,0,0.07530252,0.8895391,-0.4506106,0,0.01549965,0.4507948,0.8924929,0,-7.11178,1.538398,6.449623,1,1,1,0.1148491,-0.1695336,0.9788095,-0.0007106168,-0.0003444367,-0.02085013,4.24,79
0,-7.404918,0.4710521,4.912155,-7.349594,0.3834578,4.947764,-7.379803,0.4165877,4.915179,-0.9971384,0.07149834,0.02456197,0,0.07478253,0.8852123,0.459137,0,-0.01108497,-0.4596598,0.888026,0,-7.136378,2.111423,-6.255174,1,-0.9971381,0.07478251,-0.01108498,0,0.07149833,0.8852123,-0.4596598,0,0.02456197,0.4591369,0.8880258,0,-7.113279,1.5366,6.446186,1,1,1,0.103087,-0.1583275,0.9819906,-0.0006076051,-0.0002316208,-0.02082939,4.26,80
0,-7.408111,0.4660534,4.914857,-7.347527,0.3713342,4.948741,-7.380343,0.4081222,4.91718,-0.9971511,0.06801588,0.0326112,0,0.07536722,0.8807922,0.4674665,0,-0.003071452,-0.4685926,0.8834091,0,-7.190253,2.150959,-6.176641,1,-0.9971511,0.0753672,-0.003071452,0,0.06801587,0.8807921,-0.4685925,0,0.0326112,0.4674664,0.883409,0,-7.11464,1.534734,6.442339,1,1,1,0.09574439,-0.1527095,0.9836223,-0.0005684663,-0.0001740189,-0.0208913,4.28,81
0,-7.398567,0.4688769,4.910171,-7.334407,0.3680358,4.897996,-7.366176,0.4207136,4.90634,-0.9970635,0.0649671,0.0405474,0,0.07643615,0.8769002,0.4745561,0,0.004725493,-0.4762618,0.8792911,0,-7.242637,2.18466,-6.099754,1,-0.997063,0.07643614,0.004725485,0,0.06496709,0.8769003,-0.4762617,0,0.04054739,0.4745561,0.8792907,0,-7.115968,1.532545,6.438152,1,1,1,0.08173876,-0.1355183,0.9873974,-0.0004952466,-0.0001427002,-0.02088743,4.3,82
0,-7.398259,0.467007,4.910567,-7.339852,0.381681,4.926457,-7.370543,0.4180372,4.909442,-0.9968691,0.05873171,0.05294239,0,0.07708146,0.8710761,0.4850617,0,0.01762835,-0.4876238,0.872876,0,-7.32707,2.221892,-5.978902,1,-0.9968687,0.07708145,0.01762834,0,0.0587317,0.8710762,-0.4876238,0,0.05294237,0.4850616,0.8728757,0,-7.118085,1.52948,6.43145,1,1,1,0.07261828,-0.1252475,0.9894643,-0.0004288629,-5.01938E-05,-0.02102417,4.34,83
0,-7.413565,0.4589246,4.919077,-7.343479,0.383775,4.934151,-7.380359,0.4138049,4.91606,-0.9965808,0.05468391,0.06193979,0,0.07817326,0.8667777,0.4925297,0,0.02675458,-0.4956876,0.868089,0,-7.386436,2.251195,-5.890308,1,-0.9965805,0.07817325,0.02675457,0,0.05468389,0.8667777,-0.4956875,0,0.06193976,0.4925295,0.8680885,0,-7.119439,1.527287,6.426819,1,1,1,0.06940772,-0.1203461,0.9903027,-0.0004010927,1.50298E-06,-0.02106513,4.36,84
0,-7.805239,0.4590079,4.777918,-7.72434,0.3266087,4.776597,-7.769635,0.3854949,4.765242,-0.9961194,0.05192428,0.07106481,0,0.08049571,0.8639938,0.4970263,0,0.03559183,-0.5008179,0.8648207,0,-7.444805,2.267916,-5.805738,1,-0.9961193,0.08049571,0.03559182,0,0.05192428,0.8639938,-0.5008178,0,0.0710648,0.4970262,0.8648205,0,-7.121089,1.525414,6.421709,1,1,1,0.232884,-0.08858917,0.9684611,-0.001542838,3.395847E-05,-0.02099503,4.38,85
0,-7.960533,0.5042893,4.793235,-7.789193,0.4120625,4.775961,-7.862626,0.4770059,4.812808,-0.9955536,0.04945485,0.08017232,0,0.08302644,0.8627193,0.4988207,0,0.04449711,-0.5032591,0.8629893,0,-7.502925,2.266659,-5.726424,1,-0.9955533,0.08302642,0.0444971,0,0.04945484,0.8627193,-0.503259,0,0.0801723,0.4988206,0.8629891,0,-7.122559,1.523908,6.416416,1,1,1,0.2799131,-0.06401878,0.9578885,-0.002028741,1.98441E-05,-0.02117681,4.4,86
0,-7.926217,0.5035315,4.7885,-7.849375,0.3820763,4.818609,-7.876853,0.4588321,4.826777,-0.9952202,0.04922881,0.08434112,0,0.0849642,0.862265,0.4992797,0,0.04814546,-0.5040591,0.8623263,0,-7.527545,2.270134,-5.690443,1,-0.9952202,0.08496419,0.04814545,0,0.0492288,0.8622649,-0.5040591,0,0.08434112,0.4992796,0.8623261,0,-7.123382,1.523237,6.413716,1,1,1,0.2819583,-0.07473333,0.9565116,-0.001970025,7.422635E-05,-0.02109701,4.42,87
0,-7.94199,0.503916,4.751913,-7.847631,0.3863669,4.817093,-7.876467,0.4707928,4.823422,-0.9944395,0.04780856,0.09383447,0,0.0886209,0.8612613,0.5003752,0,0.05689379,-0.5059084,0.8607091,0,-7.584738,2.272114,-5.608656,1,-0.9944391,0.08862088,0.05689377,0,0.04780856,0.8612614,-0.5059083,0,0.09383445,0.5003752,0.8607087,0,-7.124901,1.521714,6.408425,1,1,1,0.274002,-0.06739162,0.9593651,-0.001911926,2.373505E-05,-0.02109104,4.44,88
0,-7.9299,0.503615,4.786396,-7.863541,0.4037187,4.826172,-7.885647,0.4691849,4.829353,-0.9933794,0.04718427,0.1047432,0,0.09381038,0.8594556,0.5025292,0,0.06631065,-0.5090281,0.8581918,0,-7.64656,2.289173,-5.512496,1,-0.9933793,0.09381039,0.06631065,0,0.04718427,0.8594557,-0.5090282,0,0.1047432,0.5025293,0.8581918,0,-7.126551,1.520074,6.403081,1,1,1,0.2684799,-0.06694242,0.9609564,-0.001855286,-5.73502E-05,-0.02109346,4.46,89
0,-7.935965,0.5037453,4.791215,-7.865911,0.3697128,4.830606,-7.889212,0.4536726,4.835075,-0.9921477,0.04499517,0.1166986,0,0.09850506,0.8560616,0.5074005,0,0.07707062,-0.5149116,0.8537718,0,-7.714958,2.315063,-5.400792,1,-0.9921475,0.09850507,0.07707062,0,0.04499518,0.8560617,-0.5149115,0,0.1166986,0.5074005,0.8537717,0,-7.128278,1.51849,6.397693,1,1,1,0.2580538,-0.06846584,0.9637016,-0.001706886,-0.0002041779,-0.02108749,4.48,90
0,-7.929384,0.5015669,4.821406,-7.872029,0.3687621,4.83474,-7.894724,0.4443605,4.84017,-0.9910477,0.0408914,0.1270942,0,0.1011377,0.8513688,0.5147255,0,0.08715618,-0.5229715,0.8478827,0,-7.776893,2.343203,-5.294411,1,-0.9910471,0.1011377,0.08715613,0,0.0408914,0.8513688,-0.5229713,0,0.1270941,0.5147254,0.8478823,0,-7.130195,1.516775,6.392269,1,1,1,0.2507294,-0.06435766,0.9659156,-0.001636376,-0.0002386932,-0.02107668,4.5,91
0,-7.935475,0.5014812,4.825506,-7.879282,0.3591786,4.840353,-7.901328,0.4397081,4.84498,-0.9905454,0.03867976,0.1316201,0,0.1020657,0.8488626,0.5186664,0,0.09166552,-0.5271965,0.8447849,0,-7.804167,2.357552,-5.245402,1,-0.9905452,0.1020657,0.09166551,0,0.03867975,0.8488626,-0.5271965,0,0.1316201,0.5186663,0.8447847,0,-7.13117,1.515914,6.389502,1,1,1,0.2496835,-0.06269974,0.9662955,-0.001563942,-0.0002469482,-0.02106436,4.52,92
0,-7.949668,0.5009955,4.836437,-7.881441,0.3634095,4.841426,-7.91007,0.4408638,4.849895,-0.9895279,0.03293712,0.1405345,0,0.1027856,0.8443497,0.5258409,0,0.1013406,-0.5347791,0.8388931,0,-7.860984,2.370547,-5.148996,1,-0.9895276,0.1027856,0.1013406,0,0.03293713,0.8443498,-0.534779,0,0.1405345,0.5258408,0.8388929,0,-7.133128,1.513978,6.383812,1,1,1,0.2464386,-0.0542697,0.9676378,-0.001550019,-0.0002447891,-0.02106088,4.54,93
