flag,xl,yl,zl,xr,yr,zr,xc,yc,zc,mat_00,mat_10,mat_20,mat_30,mat_01,mat_11,mat_21,mat_31,mat_02,mat_12,mat_22,mat_32,mat_03,mat_13,mat_23,mat_33,ctw_00,ctw_10,ctw_20,ctw_30,ctw_01,ctw_11,ctw_21,ctw_31,ctw_02,ctw_12,ctw_22,ctw_32,ctw_03,ctw_13,ctw_23,ctw_33,opennessl,opennessr,ray_x,ray_y,ray_z,eye_x,eye_y,eye_z,time,frame
0,-3,1.194445,5.883711,-3,0.9560007,5.838658,-3,1.075351,5.861244,-0.1586289,0.01956186,-0.9871445,0,0.01785805,0.999697,0.01694091,0,-0.9871768,0.01494116,0.1589302,0,5.269813,-1.558027,-7.771977,1,-0.1586289,0.01785805,-0.9871767,0,0.01956186,0.9996969,0.01494115,0,-0.9871445,0.01694091,0.1589302,0,-6.805641,1.595111,6.460717,1,0,0,-0.005201515,-0.1152646,0.9933212,-0.0008200072,-0.002922485,-0.02745286,2.46,1
0,-3,1.191544,5.88254,-3,0.9649404,5.842522,-3,1.078347,5.86258,-0.1581231,0.01951394,-0.9872267,0,0.0177592,0.9996992,0.01691601,0,-0.9872598,0.01485755,0.1584221,0,5.273865,-1.557803,-7.768851,1,-0.1581231,0.0177592,-0.9872595,0,0.01951395,0.9996992,0.01485754,0,-0.9872265,0.01691601,0.1584221,0,-6.805297,1.595093,6.460576,1,0,0,-0.00502999,-0.1145534,0.9934043,-0.0008209841,-0.002924012,-0.02743733,2.48,2
0,-3,1.191544,5.88254,-3,0.9649404,5.842522,-3,1.078347,5.86258,-0.1581231,0.01951394,-0.9872267,0,0.0177592,0.9996992,0.01691601,0,-0.9872598,0.01485755,0.1584221,0,5.273865,-1.557803,-7.768851,1,-0.1581231,0.0177592,-0.9872595,0,0.01951395,0.9996992,0.01485754,0,-0.9872265,0.01691601,0.1584221,0,-6.805297,1.595093,6.460576,1,1,1,-0.00502999,-0.1145534,0.9934043,-0.0008209841,-0.002924012,-0.02743733,2.5,3
0,-3,1.194178,5.864389,-3,0.9433804,5.850817,-3,1.068831,5.85762,-0.1561196,0.01965704,-0.9875427,0,0.01751891,0.9996998,0.01712948,0,-0.987583,0.01462643,0.1564171,0,5.289841,-1.555297,-7.757514,1,-0.1561196,0.01751891,-0.9875826,0,0.01965704,0.9996998,0.01462642,0,-0.9875425,0.01712948,0.156417,0,-6.804454,1.59504,6.460311,1,1,1,-0.001824286,-0.1167852,0.9931556,-0.0008205557,-0.002919579,-0.02741894,2.54,4
0,-3,1.196221,5.868056,-3,0.9336309,5.833886,-3,1.065031,5.85101,-0.1551266,0.01941359,-0.987704,0,0.01792312,0.9996976,0.01683437,0,-0.9877321,0.01509127,0.1554276,0,5.29681,-1.560002,-7.751627,1,-0.1551265,0.01792311,-0.9877318,0,0.0194136,0.9996977,0.01509127,0,-0.9877037,0.01683437,0.1554276,0,-6.804351,1.595089,6.460186,1,1,1,0.0007317507,-0.1180613,0.9930061,-0.0008188626,-0.002903908,-0.02746136,2.56,5
0,-3,1.187403,5.865749,-3,0.9002236,5.82838,-3,1.043932,5.847106,-0.1541744,0.01865147,-0.9878676,0,0.0178546,0.9997112,0.01608856,0,-0.9878824,0.01515754,0.1544629,0,5.304331,-1.565695,-7.745027,1,-0.1541745,0.0178546,-0.9878823,0,0.01865147,0.9997112,0.01515754,0,-0.9878676,0.01608855,0.1544629,0,-6.804066,1.595142,6.460106,1,1,1,0.002566182,-0.1241349,0.992262,-0.0008181604,-0.002872101,-0.02748186,2.58,6
0,-3,1.169194,5.873998,-3,0.8426245,5.82289,-3,1.006088,5.848507,-0.1531469,0.01704401,-0.9880565,0,0.01748571,0.9997414,0.01453532,0,-0.9880488,0.01505083,0.1534053,0,5.312897,-1.576217,-7.736048,1,-0.1531469,0.01748571,-0.9880487,0,0.01704401,0.9997415,0.01505083,0,-0.9880564,0.01453532,0.1534053,0,-6.803133,1.595356,6.459875,1,1,1,0.003094121,-0.1352421,0.9908078,-0.0008218465,-0.002860413,-0.02746765,2.62,7
0,-3,1.086483,5.886493,-3,1.005321,5.845976,-3,1.045919,5.866257,-0.152523,0.01633322,-0.9881651,0,0.01793289,0.9997445,0.01375668,0,-0.9881373,0.01562244,0.1527771,0,5.31705,-1.584772,-7.730959,1,-0.1525231,0.01793289,-0.9881371,0,0.01633322,0.9997446,0.01562244,0,-0.9881648,0.01375668,0.1527769,0,-6.802605,1.595369,6.459844,1,1,1,-0.0006237553,-0.1261041,0.9920168,-0.0008510351,-0.002824799,-0.0275246,2.64,8
0,-3,1.544211,5.874643,-3.291697,0.7409999,5.896845,-3,1.104024,5.860787,-0.1518283,0.01597565,-0.9882779,0,0.01871339,0.9997366,0.01328597,0,-0.9882299,0.01647684,0.1520872,0,5.321116,-1.592673,-7.726254,1,-0.1518282,0.01871339,-0.9882296,0,0.01597565,0.9997367,0.01647684,0,-0.9882776,0.01328596,0.1520872,0,-6.802344,1.595328,6.459792,1,0.5206476,0.9929,0.005512666,-0.1124505,0.993642,-0.01601143,-0.002400055,-0.01399205,2.66,9
0,-3,1.317274,5.702179,-3.296904,0.6974815,5.893284,-3,0.9691639,5.772461,-0.1514026,0.01586314,-0.988345,0,0.01905669,0.9997323,0.01312666,0,-0.9882886,0.01684717,0.1516644,0,5.323793,-1.595922,-7.723496,1,-0.1514026,0.01905669,-0.9882884,0,0.01586314,0.9997323,0.01684717,0,-0.9883447,0.01312666,0.1516643,0,-6.802125,1.595425,6.459709,1,0.3055321,0.8218081,0.02346226,-0.1458135,0.9890339,-0.0008553313,-0.002694344,-0.0276031,2.68,10
0,-3,1.290276,5.78935,-3,0.7426342,5.735044,-3,1.016879,5.762289,-0.1509061,0.01527316,-0.9884303,0,0.01925753,0.9997363,0.01250777,0,-0.9883607,0.01714722,0.1511605,0,5.327317,-1.601848,-7.719699,1,-0.1509061,0.01925753,-0.9883604,0,0.01527316,0.9997364,0.01714722,0,-0.9884299,0.01250776,0.1511604,0,-6.801992,1.595391,6.459689,1,0.3129992,0.8393176,0.02674649,-0.134557,0.9905449,-0.0008610459,-0.002714684,-0.02753102,2.7,11
0,-3,1.179137,5.865549,-3.038677,0.7396089,5.765288,-3,0.955544,5.811888,-0.150045,0.01389942,-0.9885815,0,0.019345,0.999751,0.01112031,0,-0.9884899,0.01745556,0.1502765,0,5.333827,-1.613292,-7.712422,1,-0.150045,0.019345,-0.9884898,0,0.01389942,0.999751,0.01745556,0,-0.9885814,0.01112031,0.1502765,0,-6.80162,1.595472,6.459591,1,0.2876003,0.8220738,0.014816,-0.1513028,0.9883764,-0.0008604741,-0.002719421,-0.02750292,2.72,12
0,-3,1.296634,5.78899,-3,0.7386899,5.787067,-3,1.017759,5.78804,-0.1494838,0.01278451,-0.9886815,0,0.0192954,0.9997637,0.01001044,0,-0.9885759,0.01758061,0.1496952,0,5.338229,-1.621693,-7.70712,1,-0.1494838,0.0192954,-0.988576,0,0.01278451,0.9997637,0.01758061,0,-0.9886815,0.01001044,0.1496952,0,-6.801176,1.595458,6.459474,1,0.3787334,0.8304985,0.02169642,-0.1369142,0.9903452,-0.0008621057,-0.002713867,-0.02749175,2.74,13
0,-3,1.20454,5.822571,-3,0.7432076,5.764003,-3,0.9741702,5.793365,-0.1491891,0.01249021,-0.9887298,0,0.01933462,0.9997659,0.009712229,0,-0.9886197,0.01766776,0.1493957,0,5.340357,-1.624238,-7.704631,1,-0.1491891,0.01933462,-0.9886196,0,0.01249021,0.9997659,0.01766776,0,-0.9887298,0.009712229,0.1493957,0,-6.800788,1.595433,6.459316,1,0.3154812,0.8586978,0.02037619,-0.1480734,0.9887664,-0.0008598799,-0.002716316,-0.0274906,2.76,14
0,-3,1.20432,5.866911,-3,0.7526889,5.770309,-3,0.9789553,5.818771,-0.1490411,0.0124901,-0.9887522,0,0.0194183,0.9997644,0.009702167,0,-0.9886404,0.01775387,0.1492485,0,5.341312,-1.624833,-7.703295,1,-0.149041,0.0194183,-0.9886403,0,0.0124901,0.9997644,0.01775387,0,-0.988752,0.009702164,0.1492485,0,-6.800279,1.595469,6.459189,1,0.357806,0.8769829,0.01415811,-0.1469735,0.9890391,-0.0008636322,-0.002717072,-0.02749056,2.78,15
0,-3,1.184806,5.884655,-3,0.7649914,5.775745,-3,0.975359,5.83039,-0.148958,0.01269087,-0.9887622,0,0.0191704,0.9997668,0.00994408,0,-0.9886578,0.01747371,0.1491666,0,5.342364,-1.621565,-7.702967,1,-0.148958,0.01917039,-0.9886575,0,0.01269087,0.9997668,0.01747371,0,-0.988762,0.009944079,0.1491665,0,-6.800034,1.595371,6.459128,1,0.357806,0.8769829,0.01133949,-0.1476302,0.9889777,-0.0008673482,-0.002727402,-0.02748354,2.8,16
0,-3,1.205617,5.882932,-3,0.7634493,5.78371,-3,0.9849985,5.833494,-0.1492845,0.01378804,-0.9886982,0,0.01861463,0.9997647,0.01113173,0,-0.9886191,0.01674246,0.1495061,0,5.340816,-1.609122,-7.706217,1,-0.1492845,0.01861463,-0.9886189,0,0.01378804,0.9997649,0.01674246,0,-0.9886981,0.01113173,0.149506,0,-6.799634,1.59511,6.459098,1,0.3406477,0.8682988,0.0103866,-0.1440084,0.989522,-0.000872842,-0.002728569,-0.02748441,2.82,17
0,-3,1.042062,5.732363,-3.296865,0.6810328,5.86904,-3,0.8230458,5.774372,-0.1494724,0.01640221,-0.9886299,0,0.01818272,0.9997389,0.01383745,0,-0.9885988,0.01590766,0.1497315,0,5.340103,-1.585627,-7.710977,1,-0.1494723,0.01818271,-0.9885986,0,0.01640221,0.9997389,0.01590766,0,-0.9886298,0.01383745,0.1497315,0,-6.799096,1.594816,6.459019,1,0.404402,0.8917028,0.02416561,-0.1808811,0.9832081,-0.0008281553,-0.003256996,-0.02767128,2.84,18
0,-3,0.725668,5.970167,-3.553463,0.5852048,5.96023,-3.376905,0.6713497,5.973695,-0.1497391,0.01956505,-0.9885321,0,0.01889694,0.9996782,0.01692322,0,-0.9885451,0.01614617,0.1500607,0,5.336755,-1.565385,-7.716597,1,-0.1497391,0.01889695,-0.9885449,0,0.01956505,0.9996783,0.01614617,0,-0.9885318,0.01692322,0.1500607,0,-6.798354,1.594622,6.458854,1,1,1,-0.01368409,-0.238794,0.9709738,-0.0008665016,-0.003524208,-0.02765258,2.86,19
0,-3.376099,0.6574527,5.918099,-3.550528,0.6279912,5.942323,-3.533867,0.6616682,5.940558,-0.1501462,0.02121739,-0.9884362,0,0.01949404,0.9996389,0.01849667,0,-0.9884717,0.01649141,0.1505057,0,5.332508,-1.556055,-7.720551,1,-0.1501462,0.01949404,-0.9884715,0,0.02121739,0.9996389,0.01649141,0,-0.988436,0.01849667,0.1505056,0,-6.797599,1.594345,6.45868,1,1,1,0.00136431,-0.2509633,0.9679956,-0.0007893071,-0.003413521,-0.02761959,2.88,20
0,-3,0.7771674,5.946361,-3.541126,0.6486119,5.890598,-3.269314,0.7030802,5.910894,-0.1505215,0.02230135,-0.9883552,0,0.01914774,0.9996238,0.01963951,0,-0.9884214,0.0159686,0.1508919,0,5.329996,-1.545077,-7.723857,1,-0.1505215,0.01914774,-0.9884212,0,0.02230134,0.9996238,0.01596859,0,-0.988355,0.01963951,0.1508919,0,-6.797177,1.594131,6.45842,1,0.7699672,0.9970896,-0.00164879,-0.2205785,0.9753678,-0.0007826081,-0.003364357,-0.02761352,2.92,21
0,-3,0.767649,5.938914,-3.551053,0.6261832,5.906631,-3.241815,0.6778898,5.910836,-0.1505069,0.02283547,-0.9883453,0,0.01839038,0.9996248,0.02029557,0,-0.988438,0.01512142,0.1508703,0,5.331314,-1.53588,-7.724227,1,-0.1505068,0.01839038,-0.9884378,0,0.02283547,0.9996248,0.01512142,0,-0.9883451,0.02029557,0.1508703,0,-6.796731,1.594026,6.458254,1,1,1,-0.002680784,-0.2246099,0.974445,-0.000777252,-0.003347244,-0.02760749,2.94,22
0,-3,0.7391489,5.935808,-3.550809,0.62699,5.912146,-3.231479,0.6622757,5.9108,-0.150368,0.02349594,-0.988351,0,0.01789042,0.9996185,0.02104196,0,-0.9884683,0.01451797,0.150731,0,5.333152,-1.527334,-7.723955,1,-0.1503679,0.01789041,-0.9884681,0,0.02349594,0.9996185,0.01451797,0,-0.9883507,0.02104195,0.1507309,0,-6.796154,1.593866,6.458064,1,1,1,-0.002920479,-0.2271689,0.973851,-0.0007717591,-0.00333017,-0.02760671,2.96,23
0,-3.067053,0.7409999,5.949161,-3.543232,0.6449112,5.922502,-3.201876,0.6593487,5.914923,-0.1500394,0.02443355,-0.9883781,0,0.0181619,0.999594,0.02195377,0,-0.9885133,0.0146569,0.1504223,0,5.335282,-1.52165,-7.723156,1,-0.1500394,0.01816191,-0.988513,0,0.02443354,0.999594,0.01465689,0,-0.988378,0.02195377,0.1504222,0,-6.795715,1.593686,6.458033,1,1,1,-0.004906619,-0.2251375,0.9743146,-0.0007730015,-0.00332444,-0.02760788,2.98,24
0,-3.10504,0.7378708,5.95473,-3.543375,0.644644,5.916391,-3.201862,0.6534562,5.911886,-0.1499074,0.02527598,-0.988377,0,0.01816025,0.9995749,0.02280799,0,-0.9885334,0.01453009,0.1503026,0,5.336416,-1.515019,-7.723444,1,-0.1499073,0.01816025,-0.988533,0,0.02527598,0.9995749,0.01453009,0,-0.9883767,0.02280798,0.1503026,0,-6.795412,1.593621,6.45809,1,1,1,-0.00398282,-0.2257724,0.9741719,-0.0007733759,-0.00332251,-0.0276075,3,25
0,-3.148072,0.7334346,5.961102,-3.545025,0.6417015,5.918098,-3.201841,0.6444908,5.913082,-0.1495211,0.02761348,-0.9883729,0,0.01845009,0.9995138,0.02513361,0,-0.9885864,0.01447756,0.1499579,0,5.339006,-1.49846,-7.72422,1,-0.1495211,0.01845009,-0.9885865,0,0.02761349,0.9995139,0.01447756,0,-0.9883729,0.02513361,0.1499579,0,-6.794737,1.593364,6.458072,1,1,1,-0.004012938,-0.2257477,0.9741775,-0.0007739328,-0.003320412,-0.02760725,3.02,26
0,-3.095771,0.707121,5.957169,-3.296826,0.6641119,5.891891,-3.201937,0.6858624,5.923326,-0.1488224,0.02995159,-0.9884103,0,0.01923147,0.9994398,0.02739018,0,-0.988677,0.01493231,0.1493151,0,5.343204,-1.485085,-7.723453,1,-0.1488224,0.01923147,-0.9886769,0,0.02995159,0.9994397,0.01493231,0,-0.9884101,0.02739018,0.1493151,0,-6.794269,1.593042,6.458106,1,1,1,-0.005985123,-0.2132104,0.976988,-0.0007784795,-0.003310402,-0.0276087,3.04,27
0,-3.086192,0.6912731,5.958894,-3.296901,0.696647,5.901085,-3.20196,0.6959391,5.929442,-0.1480327,0.03214442,-0.98846,0,0.02010457,0.9993629,0.0294881,0,-0.9887782,0.01550736,0.1485846,0,5.347923,-1.473608,-7.722003,1,-0.1480327,0.02010457,-0.9887781,0,0.03214442,0.9993629,0.01550736,0,-0.9884599,0.0294881,0.1485846,0,-6.793854,1.592859,6.458132,1,1,1,-0.006959596,-0.208649,0.9779659,-0.0007818975,-0.003308098,-0.02760751,3.06,28
0,-3.094104,0.6702091,5.957388,-3.296882,0.6880705,5.901413,-3.201924,0.6803629,5.928379,-0.1474277,0.03421657,-0.9884808,0,0.02067651,0.9992896,0.03150691,0,-0.9888567,0.01579334,0.1480305,0,5.351743,-1.46107,-7.721233,1,-0.1474278,0.02067651,-0.9888567,0,0.03421657,0.9992896,0.01579335,0,-0.9884808,0.03150691,0.1480304,0,-6.793303,1.592649,6.45816,1,1,1,-0.006279927,-0.2105952,0.9775532,-0.0007823939,-0.003304772,-0.02760605,3.08,29
0,-3.069165,0.6629167,5.961961,-3.296896,0.6941203,5.901034,-3.20193,0.6829227,5.931936,-0.1474354,0.03540082,-0.988438,0,0.02081774,0.9992489,0.03268284,0,-0.9888526,0.01575844,0.1480616,0,5.351519,-1.452546,-7.72274,1,-0.1474354,0.02081774,-0.9888525,0,0.03540082,0.9992489,0.01575843,0,-0.988438,0.03268284,0.1480616,0,-6.793025,1.59245,6.458194,1,1,1,-0.007222398,-0.2087896,0.9779339,-0.0007823939,-0.003297783,-0.02760491,3.1,30
0,-3,0.7716796,5.988592,-3.296942,0.7140633,5.901468,-3.150367,0.7409999,5.94168,-0.1469227,0.03888231,-0.9883836,0,0.02170376,0.9991133,0.03607816,0,-0.9889099,0.01615093,0.1476363,0,5.354137,-1.430753,-7.724413,1,-0.1469227,0.02170376,-0.9889099,0,0.0388823,0.9991133,0.01615094,0,-0.9883834,0.03607816,0.1476363,0,-6.792407,1.591962,6.458271,1,0.7015538,0.993356,-0.01102592,-0.1877058,0.9821635,-0.0007825308,-0.003259491,-0.02760987,3.12,31
0,-3.092015,0.7146499,5.957877,-3.296829,0.6651546,5.896461,-3.201948,0.6905009,5.926255,-0.1467468,0.04379449,-0.9882042,0,0.02305436,0.9988995,0.04084495,0,-0.9889055,0.01678856,0.1475949,0,5.353463,-1.400703,-7.729769,1,-0.1467468,0.02305436,-0.9889053,0,0.04379449,0.9988995,0.01678855,0,-0.988204,0.04084494,0.1475949,0,-6.791642,1.591462,6.458458,1,1,1,-0.005436567,-0.1987684,0.9800314,-0.000776642,-0.003234436,-0.02760418,3.14,32
0,-3.046643,0.7409999,5.947722,-3.296831,0.6659359,5.883379,-3.20199,0.7087256,5.917492,-0.1464695,0.04920006,-0.987991,0,0.02421143,0.9986415,0.0461411,0,-0.9889189,0.01716241,0.1474618,0,5.353976,-1.365447,-7.735095,1,-0.1464695,0.02421143,-0.9889187,0,0.04920006,0.9986415,0.0171624,0,-0.9879907,0.0461411,0.1474617,0,-6.790829,1.59087,6.458712,1,1,1,-0.002929107,-0.1888656,0.9819986,-0.0007719798,-0.003232834,-0.02760416,3.16,33
0,-3,0.7734895,5.895346,-3.367403,0.6630988,5.88442,-3.296001,0.7406303,5.904532,-0.1464326,0.05587921,-0.9876412,0,0.02607702,0.9982744,0.05261451,0,-0.9888769,0.01805026,0.1476371,0,5.351329,-1.324515,-7.743307,1,-0.1464326,0.02607702,-0.9888768,0,0.0558792,0.9982743,0.01805025,0,-0.987641,0.05261451,0.1476371,0,-6.789985,1.590093,6.458912,1,1,1,0.004146343,-0.1799637,0.9836646,-0.0007656021,-0.003228745,-0.02760598,3.18,34
0,-3,0.8832128,5.890716,-3.36921,0.6572347,5.875123,-3.067868,0.736463,5.860877,-0.1465966,0.05956345,-0.9874015,0,0.02719326,0.9980509,0.05616856,0,-0.9888226,0.01861655,0.1479305,0,5.348284,-1.302387,-7.748852,1,-0.1465965,0.02719326,-0.9888226,0,0.05956344,0.9980509,0.01861654,0,-0.9874014,0.05616856,0.1479305,0,-6.789613,1.589653,6.459042,1,1,1,0.006024471,-0.163883,0.9864614,-0.0007612538,-0.00322287,-0.02760854,3.2,35
0,-3,0.9309014,5.885137,-3.527104,0.6730872,5.892491,-3.049733,0.741,5.848959,-0.147941,0.06866939,-0.9866094,0,0.03046595,0.9974295,0.06485415,0,-0.9885269,0.02046341,0.1496528,0,5.332451,-1.250534,-7.7674,1,-0.147941,0.03046596,-0.9885268,0,0.06866938,0.9974296,0.02046341,0,-0.9866093,0.06485416,0.1496528,0,-6.788627,1.58861,6.459274,1,1,1,0.006423237,-0.1529769,0.9882088,-0.0007529063,-0.003211349,-0.02761035,3.22,36
0,-3,0.8858519,5.847072,-3.547961,0.6322276,5.877038,-3.25588,0.7409999,5.854356,-0.1502073,0.08067044,-0.9853579,0,0.03548982,0.9964631,0.07616957,0,-0.9880175,0.02352896,0.152539,0,5.306287,-1.18606,-7.794417,1,-0.1502073,0.03548983,-0.9880172,0,0.08067043,0.9964631,0.02352894,0,-0.9853578,0.07616956,0.152539,0,-6.787567,1.587243,6.459562,1,0.6428252,0.9957985,0.01029559,-0.1535366,0.9880893,-0.0007448355,-0.003191742,-0.02761568,3.24,37
0,-3,0.9068861,5.82945,-3,0.4306394,5.763301,-3.295162,0.741,5.848444,-0.1512054,0.08813144,-0.9845659,0,0.03863117,0.9957836,0.08320278,0,-0.9877473,0.02545422,0.1539725,0,5.293075,-1.145991,-7.808941,1,-0.1512054,0.03863117,-0.9877471,0,0.08813146,0.9957836,0.02545421,0,-0.9845657,0.08320277,0.1539725,0,-6.787077,1.586407,6.459752,1,0.6428252,0.9957985,0.01195725,-0.1488554,0.9887867,-0.0007356331,-0.003162285,-0.02765111,3.26,38
0,-3,0.8371744,5.815237,-3.388392,0.4854228,5.8223,-3.201861,0.6528951,5.817228,-0.1530361,0.1075783,-0.9823477,0,0.04573872,0.9937628,0.1017029,0,-0.9871616,0.0293671,0.1570021,0,5.266157,-1.034154,-7.841632,1,-0.1530361,0.04573873,-0.9871616,0,0.1075783,0.9937628,0.0293671,0,-0.9823475,0.1017029,0.1570021,0,-6.786044,1.584353,6.460071,1,1,1,0.01167507,-0.1468275,0.9890932,-0.0007221904,-0.003095673,-0.02787944,3.28,39
0,-3,0.7856923,5.827496,-3.554013,0.5086104,5.895106,-3.369145,0.6570032,5.873927,-0.1551496,0.1302345,-0.9792689,0,0.05272613,0.990951,0.1234345,0,-0.986483,0.03248224,0.1606123,0,5.236831,-0.8939425,-7.877237,1,-0.1551495,0.05272612,-0.9864829,0,0.1302345,0.990951,0.03248224,0,-0.9792689,0.1234345,0.1606124,0,-6.785019,1.582059,6.460263,1,0.5988563,0.9862463,8.507775E-05,-0.1349679,0.99085,-0.0006401977,-0.003038887,-0.02789594,3.3,40
0,-3.196647,0.7409999,5.838624,-3.554157,0.4854228,5.823412,-3,0.4990951,5.758243,-0.1578915,0.1518839,-0.9757058,0,0.05890303,0.9877891,0.144233,0,-0.9856982,0.03469887,0.16491,0,5.203815,-0.7540083,-7.912308,1,-0.1578915,0.05890304,-0.985698,0,0.1518839,0.987789,0.03469886,0,-0.9757056,0.144233,0.1649099,0,-6.783923,1.579496,6.460371,1,0.4173507,0.9232056,0.007845058,-0.1276918,0.9917829,-0.000574722,-0.002950264,-0.02788363,3.32,41
0,-3.296901,0.6963574,5.885111,-3,0.1809003,5.669572,-3,0.4039066,5.755559,-0.1605808,0.1719873,-0.9719231,0,0.06321041,0.9844723,0.1637643,0,-0.9849967,0.03513826,0.1689588,0,5.174892,-0.6128881,-7.942335,1,-0.1605808,0.06321041,-0.9849964,0,0.1719872,0.9844723,0.03513825,0,-0.9719228,0.1637643,0.1689586,0,-6.782939,1.576935,6.460712,1,0.3785297,0.8959264,0.003324576,-0.1299187,0.9915191,-0.0005071936,-0.002785248,-0.02782647,3.34,42
0,-3,0.1598203,5.898344,-3.55353,0.4945863,5.902182,-3,0.2354627,5.849567,-0.1616913,0.1807722,-0.970143,0,0.06504594,0.9828933,0.172307,0,-0.9846953,0.03524332,0.1706839,0,5.162793,-0.5504317,-7.954247,1,-0.1616914,0.06504595,-0.9846954,0,0.1807722,0.9828934,0.03524332,0,-0.970143,0.172307,0.1706838,0,-6.782475,1.575769,6.460839,1,0.3018397,0.8856658,-0.02359413,-0.1596836,0.9868863,-0.0004541632,-0.002695213,-0.02755595,3.36,43
0,-3.469225,0.5521299,5.978849,-3,0.1586827,5.618807,-3.591797,0.4854228,5.877268,-0.1632961,0.1956057,-0.9669917,0,0.06765052,0.9800611,0.1868252,0,-0.984255,0.03490966,0.173273,0,5.1455,-0.4415345,-7.971334,1,-0.1632961,0.06765051,-0.984255,0,0.1956057,0.980061,0.03490965,0,-0.9669917,0.1868252,0.173273,0,-6.781606,1.573881,6.461114,1,0.3018397,0.8856658,-0.005639774,-0.1336332,0.9910149,-0.0004181517,-0.00242926,-0.02796477,3.38,44
0,-3.458998,1.189857E-07,5.818928,-3,0.170038,5.712264,-3.050803,1.405891E-07,5.732894,-0.1639218,0.209883,-0.9638875,0,0.06937502,0.9771377,0.2009701,0,-0.984031,0.03392633,0.1747348,0,5.13771,-0.3322757,-7.980983,1,-0.1639218,0.06937502,-0.9840307,0,0.209883,0.9771377,0.03392631,0,-0.9638872,0.2009701,0.1747348,0,-6.780846,1.572189,6.461493,1,0.008156036,0.8038533,-0.0007613282,-0.1873993,0.9822835,-0.0003893198,-0.002274994,-0.02795214,3.4,45
0,-3,0.111953,6.118036,-3.621066,0.4848957,5.86802,-3,0.1922504,5.932394,-0.1637448,0.2245125,-0.9606154,0,0.07076253,0.9739231,0.2155607,0,-0.9839616,0.03267865,0.1753619,0,5.136898,-0.2183175,-7.984724,1,-0.1637447,0.07076253,-0.9839616,0,0.2245124,0.973923,0.03267863,0,-0.9606152,0.2155606,0.1753619,0,-6.780092,1.570317,6.461862,1,0.03657348,0.8277843,-0.04775336,-0.1244279,0.9910788,-0.0004027328,-0.002376778,-0.02815647,3.42,46
0,-3,0.1476431,5.526688,-3.285994,1.29572E-07,5.749743,-3,0.01059639,5.607595,-0.1633096,0.2364475,-0.9578219,0,0.07199571,0.9711233,0.2274557,0,-0.9839445,0.03181336,0.1756169,0,5.138397,-0.1259636,-7.98539,1,-0.1633095,0.07199568,-0.9839444,0,0.2364474,0.9711233,0.03181336,0,-0.9578217,0.2274557,0.1756169,0,-6.779647,1.568706,6.462274,1,0,0.8179666,0.02663907,-0.1531313,0.9878467,-0.0004572375,-0.002897949,-0.02790415,3.44,47
0,-3.721987,1.023325E-07,5.936918,-3.719489,1.058913E-07,5.858001,-3.720751,1.041046E-07,5.897614,-0.162871,0.2419485,-0.9565219,0,0.07240277,0.9697838,0.2329747,0,-0.9839873,0.03131002,0.1754674,0,5.141213,-0.08284223,-7.983926,1,-0.162871,0.07240277,-0.9839872,0,0.2419484,0.9697838,0.03131,0,-0.9565218,0.2329747,0.1754674,0,-6.7794,1.568154,6.4624,1,0.007718643,0.8251134,-0.01581601,-0.22657,0.9738665,-0.0004520649,-0.003220513,-0.02788944,3.46,48
0,-3.297683,1.288301E-07,5.755028,-4.26241,7.794971E-08,5.954308,-3.847854,1.000073E-07,5.864247,-0.1617203,0.250767,-0.9544437,0,0.07265231,0.9675756,0.2419071,0,-0.9841588,0.03022127,0.1746954,0,5.150314,-0.01171386,-7.978187,1,-0.1617202,0.07265231,-0.9841585,0,0.2507669,0.9675756,0.03022125,0,-0.9544434,0.241907,0.1746953,0,-6.77888,1.567132,6.462831,1,0.3813874,0.8016443,0.0005012728,-0.2339064,0.972259,-0.0004662089,-0.00330249,-0.02791785,3.48,49
0,-3.588178,1.117046E-07,5.856318,-4.2339,8.054848E-08,5.923366,-3.94185,9.477355E-08,5.889984,-0.1601536,0.259935,-0.9522523,0,0.07290095,0.9651849,0.2512044,0,-0.9843964,0.02918881,0.1735274,0,5.162672,0.061643,-7.969664,1,-0.1601536,0.07290096,-0.9843965,0,0.259935,0.9651849,0.0291888,0,-0.9522524,0.2512044,0.1735274,0,-6.778334,1.566154,6.463272,1,0.5446343,0.7747616,-0.001077003,-0.2374815,0.9713915,-0.0005334169,-0.003386536,-0.02793556,3.5,50
0,-3.856125,9.422117E-08,5.988346,-4.272913,7.797122E-08,5.943314,-4.077384,8.568315E-08,5.962414,-0.1578642,0.270665,-0.9496417,0,0.07368593,0.9622483,0.2620088,0,-0.9847077,0.02861343,0.1718488,0,5.179635,0.143728,-7.957203,1,-0.1578642,0.07368595,-0.9847076,0,0.2706649,0.9622482,0.02861341,0,-0.9496416,0.2620088,0.1718487,0,-6.777715,1.564889,6.463748,1,0.5602325,0.7941377,-0.0148669,-0.2465757,0.9690095,-0.0005440293,-0.00337944,-0.02793406,3.52,51
0,-3.935946,9.069306E-08,5.989238,-4.3602,7.395555E-08,5.947894,-4.1617,8.187876E-08,5.965132,-0.1555468,0.2832468,-0.9463491,0,0.07517587,0.9586254,0.2745649,0,-0.984964,0.02843495,0.1704044,0,5.195352,0.2371392,-7.9444,1,-0.1555467,0.07517588,-0.9849636,0,0.2832468,0.9586254,0.02843492,0,-0.9463489,0.2745649,0.1704044,0,-6.777224,1.563361,6.46425,1,0.5343848,0.7971619,-0.01033493,-0.2468396,0.9690012,-0.0005666958,-0.003382103,-0.02793694,3.54,52
0,-3.98652,8.807692E-08,5.998515,-4.211348,8.074284E-08,5.941471,-4.102531,8.434012E-08,5.967992,-0.1534026,0.2906859,-0.9444414,0,0.07655638,0.9563773,0.2819248,0,-0.9851938,0.02905506,0.1689646,0,5.209532,0.2878468,-7.933273,1,-0.1534026,0.07655641,-0.9851937,0,0.2906858,0.9563772,0.02905502,0,-0.9444412,0.2819248,0.1689646,0,-6.777028,1.562473,6.464477,1,0.5343848,0.7971619,-0.01269742,-0.2301074,0.9730824,-0.0005911095,-0.003382775,-0.02793994,3.56,53
0,-4.108333,8.188896E-08,6.018267,-4.35577,7.469345E-08,5.935443,-4.236502,7.821566E-08,5.974133,-0.1488475,0.3073144,-0.9398949,0,0.08060354,0.9510908,0.2982103,0,-0.9855697,0.03137103,0.1663381,0,5.237338,0.3954899,-7.909605,1,-0.1488475,0.08060355,-0.9855697,0,0.3073144,0.9510908,0.03137101,0,-0.9398947,0.2982102,0.1663381,0,-6.776171,1.56043,6.465023,1,0.5778079,0.8175078,-0.00636571,-0.2348536,0.9720099,-0.0005951682,-0.003377381,-0.02793803,3.58,54
0,-4.227904,7.556969E-08,6.043263,-4.461878,6.882727E-08,5.963538,-4.348971,7.21334E-08,6.00081,-0.1413563,0.3264399,-0.9345884,0,0.08579724,0.9445555,0.3169445,0,-0.9862339,0.03538299,0.1615266,0,5.285427,0.5112301,-7.870167,1,-0.1413563,0.08579724,-0.9862338,0,0.3264399,0.9445555,0.03538298,0,-0.9345884,0.3169445,0.1615265,0,-6.775124,1.558046,6.465818,1,0.5565267,0.808716,-0.005913359,-0.2350715,0.9719601,-0.0005936055,-0.003377037,-0.02793757,3.6,55
0,-4.238604,7.550764E-08,6.033983,-4.551089,6.23636E-08,6.022198,-4.40262,6.86806E-08,6.026151,-0.1317123,0.3466943,-0.9286847,0,0.09010912,0.9371551,0.3370766,0,-0.9871841,0.03928587,0.1546752,0,5.351673,0.6367102,-7.8153,1,-0.1317123,0.09010918,-0.9871839,0,0.3466942,0.9371551,0.03928581,0,-0.9286844,0.3370766,0.1546752,0,-6.77381,1.555423,6.466904,1,0.563982,0.8105392,-0.005807141,-0.2242722,0.9745093,-0.0005497364,-0.003347565,-0.02792809,3.62,56
0,-3.834747,9.453477E-08,6.00255,-4.521512,6.339573E-08,6.028163,-4.213542,7.750559E-08,6.013338,-0.1190044,0.3697257,-0.9214884,0,0.0924293,0.9281787,0.3604734,0,-0.9885823,0.04227464,0.1446308,0,5.444971,0.7896659,-7.735857,1,-0.1190043,0.0924293,-0.9885821,0,0.3697257,0.9281787,0.04227461,0,-0.9214885,0.3604733,0.1446308,0,-6.772488,1.552344,6.468262,1,0.4904311,0.7891153,0.000740906,-0.1672376,0.9859163,-0.0005403068,-0.003175469,-0.02791405,3.64,57
0,-4.367264,6.821999E-08,6.072044,-4.869657,4.039237E-08,6.206274,-4.640569,5.320048E-08,6.142345,-0.09496176,0.4069325,-0.9085088,0,0.09171344,0.9123279,0.3990569,0,-0.9912472,0.04542732,0.1239574,0,5.629305,1.049776,-7.570492,1,-0.0949617,0.09171341,-0.9912471,0,0.4069325,0.9123279,0.04542732,0,-0.9085087,0.3990569,0.1239575,0,-6.770477,1.547034,6.470762,1,0.3765337,0.7728906,-0.006856543,-0.2075351,0.9782036,-0.0002291715,-0.003505203,-0.02797752,3.68,58
0,-4.953142,0.01,6.369979,-5.284566,0.01,6.399188,-5.13011,0.01,6.383459,-0.07719791,0.4300635,-0.8994921,0,0.09086214,0.9014647,0.4232086,0,-0.992867,0.049059,0.1086677,0,5.763644,1.202581,-7.445356,1,-0.07719791,0.09086218,-0.9928666,0,0.4300635,0.9014646,0.04905895,0,-0.8994918,0.4232085,0.1086676,0,-6.769282,1.543157,6.472602,1,0.6785403,0.7862678,-0.07809435,-0.2983076,0.9512696,7.201359E-05,-0.003828659,-0.02811015,3.7,59
0,-5.250191,1.046699E-08,6.510352,-5.500615,2.15895E-09,6.449995,-5.382162,6.164839E-09,6.476803,-0.0585804,0.4546059,-0.8887643,0,0.08914763,0.8891184,0.4489111,0,-0.9942943,0.05293387,0.09261191,0,5.903929,1.365311,-7.305964,1,-0.05858034,0.08914765,-0.9942942,0,0.4546058,0.8891184,0.05293383,0,-0.8887641,0.4489111,0.09261193,0,-6.768103,1.539484,6.474591,1,0.8503292,0.7222752,-0.1053356,-0.3504001,0.9306579,0.0001795581,-0.004083817,-0.02822978,3.72,60
0,-5.391259,5.014465E-09,6.494023,-5.551593,-2.012818E-09,6.494455,-5.474277,1.425656E-09,6.493107,-0.04043138,0.4781789,-0.8773315,0,0.08521457,0.8765005,0.4737989,0,-0.995542,0.05560513,0.07618594,0,6.043313,1.529824,-7.157731,1,-0.04043135,0.08521462,-0.9955419,0,0.4781788,0.8765005,0.05560507,0,-0.8773312,0.4737988,0.07618591,0,-6.766891,1.535454,6.476623,1,0.8762438,0.67471,-0.09823927,-0.3557312,0.9294108,9.805989E-05,-0.003996124,-0.02818737,3.74,61
0,-4.017883,7.51861E-08,6.262059,-5.518761,1.23131E-09,6.45307,-4.98053,0.01,6.379848,-0.03200996,0.4898143,-0.8712389,0,0.08268198,0.8699956,0.4860775,0,-0.9960618,0.05647646,0.06834733,0,6.108786,1.614357,-7.08303,1,-0.03200995,0.08268199,-0.9960617,0,0.4898143,0.8699956,0.05647644,0,-0.871239,0.4860775,0.06834734,0,-6.766205,1.533331,6.477662,1,0.9118885,0.6264016,-0.02976047,-0.191834,0.980976,-0.01539195,-0.003044579,-0.01422133,3.76,62
0,-4.197186,6.483258E-08,6.319617,-5.530475,8.637695E-10,6.449765,-5.03563,0.01,6.397377,-0.01577103,0.5135087,-0.8579395,0,0.07794817,0.8560662,0.5109547,0,-0.9968328,0.05881657,0.05352819,0,6.233408,1.783594,-6.931942,1,-0.01577107,0.07794824,-0.9968325,0,0.5135087,0.8560663,0.05881653,0,-0.8579393,0.5109546,0.0535281,0,-6.764769,1.52915,6.479813,1,0.8585088,0.6567472,-0.02076113,-0.1789131,0.9836459,-0.0154238,-0.003015427,-0.01420663,3.78,63
0,-5.244818,1.173091E-08,6.48681,-5.518685,5.855867E-10,6.467918,-5.389331,5.927944E-09,6.475054,3.004074E-05,0.5362189,-0.844079,0,0.07357268,0.8417902,0.5347676,0,-0.9972898,0.06211723,0.03942573,0,6.352394,1.9401,-6.780025,1,3.009082E-05,0.07357267,-0.9972899,0,0.5362188,0.8417901,0.06211721,0,-0.844079,0.5347675,0.03942577,0,-6.763386,1.525217,6.481972,1,0.7906603,0.6967584,-0.0505293,-0.2616429,0.9638411,-0.000226967,-0.003615898,-0.02802101,3.8,64
0,-5.161624,1.687978E-08,6.452212,-5.556911,-5.209166E-09,6.56226,-5.374912,5.065365E-09,6.509206,0.01510882,0.556464,-0.8307345,0,0.06857242,0.8282965,0.5560781,0,-0.9975318,0.06536718,0.02564347,0,6.465972,2.078871,-6.629532,1,0.01510885,0.06857242,-0.9975317,0,0.5564639,0.8282965,0.06536715,0,-0.8307343,0.556078,0.02564349,0,-6.761889,1.521228,6.484126,1,0.74788,0.6775058,-0.05178498,-0.2316835,0.9714119,-0.0003998717,-0.003505959,-0.02798683,3.82,65
0,-5.420832,4.583228E-09,6.474316,-5.568095,-1.976597E-09,6.477124,-5.496597,1.250156E-09,6.474802,0.0277983,0.5750505,-0.8176457,0,0.06251785,0.8153602,0.5755687,0,-0.9976568,0.06711736,0.0132854,0,6.5641,2.215173,-6.487036,1,0.02779826,0.06251798,-0.9976565,0,0.5750503,0.8153602,0.06711726,0,-0.8176454,0.5755686,0.01328529,0,-6.760402,1.517196,6.486222,1,0.5559584,0.710845,-0.02397408,-0.2537718,0.9669669,-0.0003601843,-0.003337777,-0.02793163,3.84,66
0,-5.454677,2.636082E-09,6.485017,-5.598934,-3.792193E-09,6.487822,-5.528853,-6.28237E-10,6.485519,0.03305769,0.5846942,-0.81058,0,0.05952668,0.8084316,0.5855722,0,-0.9976792,0.06760883,0.008080006,0,6.60545,2.288828,-6.41903,1,0.03305773,0.0595267,-0.9976792,0,0.5846942,0.8084317,0.0676088,0,-0.81058,0.5855722,0.008080026,0,-6.759762,1.515244,6.487241,1,0.4512812,0.7165695,-0.02397408,-0.2537718,0.9669669,-0.0003601843,-0.003337777,-0.02793163,3.86,67
0,-5.227918,1.117319E-08,6.516469,-5.479511,1.117311E-09,6.494928,-5.359569,5.977933E-09,6.503673,0.04082251,0.6023109,-0.7972171,0,0.05356571,0.7954156,0.6036927,0,-0.9977295,0.06734774,-0.000207603,0,6.669131,2.430941,-6.299226,1,0.04082246,0.05356573,-0.9977296,0,0.6023108,0.7954155,0.06734775,0,-0.7972171,0.6036927,-0.0002076483,0,-6.758283,1.511952,6.488963,1,0.3413494,0.7513682,-0.01820673,-0.1706117,0.9851701,-0.0005729897,-0.003158012,-0.02794565,3.88,68
0,-5.269343,1.06796E-08,6.486336,-5.512926,1.146534E-09,6.460845,-5.396618,5.763313E-09,6.471532,0.04539496,0.6153671,-0.7869326,0,0.04843593,0.7854623,0.6170114,0,-0.9977943,0.06612507,-0.005850136,0,6.709805,2.543338,-6.210194,1,0.04539497,0.04843597,-0.9977942,0,0.6153669,0.7854621,0.06612499,0,-0.7869324,0.6170113,-0.005850156,0,-6.75668,1.509068,6.490496,1,0.2364493,0.7182737,0.004005868,-0.1683991,0.9857107,-0.0006789397,-0.00295295,-0.02798523,3.9,69
0,-5.225375,1.446601E-08,6.443681,-5.500354,1.071284E-09,6.475137,-5.369719,7.503502E-09,6.458621,0.04660404,0.6266164,-0.7779332,0,0.04454932,0.7767007,0.6282925,0,-0.9979196,0.06393743,-0.008282006,0,6.726057,2.647775,-6.147562,1,0.04660404,0.0445494,-0.9979195,0,0.6266164,0.7767007,0.06393736,0,-0.7779332,0.6282924,-0.008282054,0,-6.754993,1.506296,6.491857,1,0.1378291,0.7372717,0.01511264,-0.1452146,0.9892848,-0.0007221755,-0.002859421,-0.02797949,3.92,70
0,-5.596332,-1.997385E-09,6.449363,-5.573124,-2.561265E-09,6.485471,-5.584805,-2.285363E-09,6.467477,0.04612809,0.6390109,-0.7678133,0,0.04215893,0.7667013,0.6406183,0,-0.9980456,0.0619207,-0.008426428,0,6.728642,2.761009,-6.093557,1,0.04612808,0.04215896,-0.9980454,0,0.6390108,0.7667013,0.06192068,0,-0.7678133,0.6406182,-0.008426451,0,-6.753407,1.503102,6.493179,1,0.005284802,0.6818448,0.008766672,-0.2093146,0.9778091,-0.0007381057,-0.003148484,-0.02789086,3.94,71
0,-5.530965,0.01,6.383739,-5.643291,-6.002827E-09,6.494037,-5.584347,-1.030097E-09,6.439219,0.0452435,0.6463633,-0.7616873,0,0.04165062,0.7605845,0.6479015,0,-0.9981073,0.06103814,-0.007490098,0,6.724509,2.826518,-6.067454,1,0.04524355,0.04165065,-0.9981073,0,0.6463634,0.7605846,0.06103808,0,-0.7616873,0.6479015,-0.007490074,0,-6.752701,1.501227,6.493811,1,0.005284802,0.6818448,0.02359955,-0.2003707,0.9794359,-0.0007192241,-0.003290901,-0.02792937,3.96,72
0,-5.752142,-1.001458E-08,6.476965,-5.86166,-1.43385E-08,6.466366,-5.808091,-1.219123E-08,6.470812,0.04303348,0.6637391,-0.7467252,0,0.04171467,0.7455721,0.6651182,0,-0.9982024,0.05977178,-0.004396915,0,6.711442,2.976892,-6.008677,1,0.04303351,0.04171468,-0.9982023,0,0.6637391,0.745572,0.05977174,0,-0.7467251,0.6651182,-0.004396902,0,-6.751528,1.497027,6.495024,1,0.06619177,0.673724,0.001693315,-0.2714672,0.9624462,-0.0007201154,-0.003935303,-0.02812791,3.98,73
0,-5.943565,-1.738014E-08,6.454046,-6.076868,-2.354096E-08,6.461687,-6.012127,-2.050817E-08,6.457045,0.04029661,0.6839776,-0.7283893,0,0.04157999,0.727202,0.685163,0,-0.9983223,0.05789626,-0.0008639097,0,6.695169,3.155957,-5.934104,1,0.04029661,0.04158011,-0.9983222,0,0.6839775,0.727202,0.05789617,0,-0.7283891,0.685163,-0.0008639925,0,-6.750734,1.492424,6.496091,1,0.7564395,0.4543253,0.004365346,-0.341873,0.939736,-0.0006917333,-0.004360565,-0.02829611,4,74
0,-6.001865,-2.072642E-08,6.4723,-6.245207,-3.302677E-08,6.510357,-6.130232,-2.714063E-08,6.490674,0.03602189,0.7039231,-0.7093623,0,0.04020193,0.7082276,0.7048386,0,-0.9985421,0.05390742,0.002787352,0,6.670948,3.347625,-5.854806,1,0.03602196,0.04020197,-0.9985421,0,0.703923,0.7082276,0.05390735,0,-0.7093621,0.7048386,0.002787376,0,-6.749949,1.487628,6.49708,1,0.9262813,0.3742905,-0.01855206,-0.3745643,0.9270154,-0.0007328028,-0.004872246,-0.0285176,4.02,75
0,-6.047052,-2.098611E-08,6.433054,-6.250003,-3.122556E-08,6.464354,-6.153079,-2.627421E-08,6.448005,0.029553,0.721081,-0.6922204,0,0.03966856,0.6911311,0.7216401,0,-0.9987759,0.0487861,0.008179307,0,6.630915,3.524556,-5.795034,1,0.02955302,0.03966867,-0.9987757,0,0.721081,0.6911311,0.048786,0,-0.6922201,0.7216399,0.008179249,0,-6.748893,1.482958,6.498246,1,1,0.3754969,0.00598397,-0.3651665,0.930923,-0.0007543638,-0.004831551,-0.02849967,4.04,76
0,-6.086164,-2.21905E-08,6.421495,-6.234454,-2.952524E-08,6.441005,-6.162689,-2.593083E-08,6.43054,0.02612042,0.7286484,-0.6843899,0,0.03972197,0.6833261,0.7290319,0,-0.9988694,0.04622796,0.01109457,0,6.608795,3.60497,-5.770157,1,0.02612044,0.03972199,-0.9988692,0,0.7286481,0.6833263,0.04622793,0,-0.6843897,0.7290319,0.01109458,0,-6.748415,1.480744,6.498689,1,1,0.377768,0.01566017,-0.360512,0.932623,-0.0007948298,-0.004663162,-0.02842682,4.06,77
0,-6.122996,-2.430504E-08,6.433039,-6.28539,0.01000001,6.415362,-6.205277,-2.743551E-08,6.422374,0.01898015,0.7415804,-0.6705956,0,0.04143903,0.6695566,0.7416042,0,-0.9989608,0.0418646,0.01802206,0,6.559582,3.74292,-5.737284,1,0.01898018,0.04143901,-0.9989606,0,0.7415804,0.6695565,0.04186458,0,-0.6705954,0.7416041,0.01802208,0,-6.747574,1.476875,6.499466,1,1,0.3724028,0.01681454,-0.3658625,0.930517,-0.000796563,-0.004587807,-0.02840086,4.08,78
0,-6.165847,0.01,6.3757,-6.238973,0.01000001,6.413597,-6.202963,0.01,6.394447,0.01109147,0.7516256,-0.6594968,0,0.04387808,0.6585362,0.7512687,0,-0.9989754,0.03727016,0.02567577,0,6.503578,3.85845,-5.723366,1,0.01109148,0.04387812,-0.9989753,0,0.7516254,0.6585363,0.03727013,0,-0.6594968,0.7512688,0.02567575,0,-6.746785,1.473493,6.500061,1,1,0.3918132,0.03021101,-0.3489447,0.9366562,-0.0007080222,-0.004205917,-0.02823866,4.1,79
0,-6.03925,-2.002364E-08,6.418837,-6.238243,-2.949301E-08,6.436479,-6.142825,-2.489563E-08,6.426721,0.002390444,0.7598935,-0.6500431,0,0.04654211,0.649256,0.7591445,0,-0.9989134,0.03206903,0.03381503,0,6.441225,3.96305,-5.721134,1,0.002390422,0.04654207,-0.9989135,0,0.7598937,0.649256,0.03206907,0,-0.6500431,0.7591445,0.03381504,0,-6.745878,1.470346,6.500595,1,1,0.4835512,0.004686013,-0.3058884,0.9520559,-0.0007724687,-0.004286713,-0.02824842,4.12,80
0,-6.040907,0.01000001,6.412014,-6.18296,-2.746402E-08,6.445344,-6.111653,-2.359085E-08,6.428042,-0.006729722,0.7678609,-0.6405814,0,0.04930684,0.6400715,0.7667316,0,-0.9987611,0.02642515,0.04216838,0,6.37543,4.068547,-5.720106,1,-0.006729772,0.0493069,-0.9987609,0,0.7678607,0.6400715,0.02642515,0,-0.6405813,0.7667317,0.04216829,0,-6.745365,1.467273,6.501225,1,1,1,-0.001704735,-0.2769523,0.9608821,-0.0007469105,-0.004209618,-0.02821014,4.14,81
0,-6.083651,0.01000001,6.412946,-6.202034,-2.81867E-08,6.442802,-6.142041,-2.488517E-08,6.427266,-0.01903236,0.7796571,-0.6259176,0,0.05156466,0.6259631,0.7781461,0,-0.9984884,0.01746532,0.05211639,0,6.288317,4.22944,-5.698627,1,-0.01903236,0.05156475,-0.9984881,0,0.7796569,0.6259632,0.01746526,0,-0.6259173,0.778146,0.05211629,0,-6.7447,1.462634,6.501933,1,1,1,-0.007225703,-0.275085,0.9613928,-0.000705353,-0.004213753,-0.02821197,4.18,82
0,-6.065196,0.009999999,6.357034,-6.198394,-2.73164E-08,6.426533,-6.135617,0.01,6.392266,-0.0272665,0.7879321,-0.6151583,0,0.05214864,0.6156702,0.7862765,0,-0.9982671,0.01064077,0.05787671,0,6.231164,4.346661,-5.672756,1,-0.02726637,0.05214866,-0.9982669,0,0.7879321,0.6156702,0.01064065,0,-0.6151581,0.7862764,0.05787675,0,-6.744614,1.459298,6.502434,1,1,1,0.01149404,-0.2555019,0.9667402,-0.0006211633,-0.004283684,-0.02823099,4.2,83
0,-6.046288,0.01,6.398881,-6.217854,-2.854763E-08,6.435239,-6.136924,0.01000001,6.416964,-0.03670228,0.7972234,-0.6025676,0,0.05248898,0.6036794,0.7954974,0,-0.9979468,0.002431601,0.06400192,0,6.165564,4.482365,-5.638495,1,-0.03670231,0.05248903,-0.9979468,0,0.7972236,0.6036794,0.002431598,0,-0.6025676,0.7954973,0.06400185,0,-6.74473,1.455872,6.50288,1,1,1,-0.007435564,-0.2405639,0.9706048,-0.0005842363,-0.004290123,-0.02823148,4.22,84
0,-6.103306,0.01,6.386725,-6.240086,0.01000001,6.417696,-6.173506,0.01,6.401787,-0.04697907,0.8070675,-0.5885874,0,0.05280665,0.5904206,0.8053664,0,-0.9974992,-0.006753892,0.07035601,0,6.093318,4.630284,-5.597136,1,-0.04697899,0.05280679,-0.9974989,0,0.8070674,0.5904206,-0.006754037,0,-0.5885873,0.8053663,0.07035592,0,-6.745098,1.452162,6.503144,1,1,1,-0.0008356987,-0.2436471,0.9698635,-0.0005843341,-0.004302544,-0.02823569,4.24,85
0,-6.14426,0.01,6.384498,-6.225136,-2.837318E-08,6.423966,-6.18724,0.01,6.404428,-0.05190277,0.8122727,-0.5809641,0,0.05320942,0.5831711,0.8106049,0,-0.9972336,-0.01115981,0.07348883,0,6.057942,4.705924,-5.572519,1,-0.05190275,0.05320952,-0.9972336,0,0.8122727,0.5831711,-0.01115987,0,-0.5809639,0.8106048,0.07348875,0,-6.745502,1.450412,6.503218,1,1,1,-0.004146084,-0.2421068,0.9702408,-0.0005751345,-0.004302544,-0.028235,4.26,86
0,-6.163604,0.01,6.378549,-6.23903,-3.029125E-08,6.453953,-6.20376,0.01000001,6.41665,-0.06073987,0.8218247,-0.5664935,0,0.05461249,0.5694274,0.8202255,0,-0.9966585,-0.01888272,0.07946885,0,5.992871,4.842988,-5.52563,1,-0.06073983,0.05461252,-0.9966584,0,0.8218247,0.5694274,-0.01888278,0,-0.5664935,0.8202255,0.07946884,0,-6.746315,1.447246,6.50341,1,1,1,-0.01560879,-0.2342519,0.9720507,-0.0005469518,-0.004263084,-0.0282238,4.28,87
0,-6.107477,0.01,6.384692,-6.268425,-3.058131E-08,6.431193,-6.192186,0.01,6.408071,-0.0690639,0.8295691,-0.5541168,0,0.05761972,0.5578328,0.8279508,0,-0.9959469,-0.02525339,0.08632565,0,5.927902,4.955732,-5.495997,1,-0.06906383,0.05761975,-0.9959468,0,0.829569,0.5578328,-0.02525346,0,-0.5541166,0.8279507,0.08632564,0,-6.747142,1.444381,6.50347,1,0.9048142,0.5375708,-0.01622339,-0.2125544,0.9770146,-0.0005328208,-0.004170937,-0.02818923,4.3,88
0,-6.172169,0.01,6.405171,-6.218628,-2.798546E-08,6.421605,-6.197506,0.01000001,6.413571,-0.07777476,0.8356508,-0.5437269,0,0.06133679,0.5483564,0.8339922,0,-0.9950824,-0.03151304,0.09390438,0,5.858364,5.053513,-5.482097,1,-0.0777747,0.06133678,-0.9950824,0,0.8356507,0.5483565,-0.03151308,0,-0.5437268,0.8339922,0.09390442,0,-6.748102,1.441567,6.5036,1,0.8459208,0.5919357,-0.02594212,-0.2035292,0.9787251,-0.0004942631,-0.003929444,-0.02811196,4.32,89
