mat_00,mat_10,mat_20,mat_30,mat_01,mat_11,mat_21,mat_31,mat_02,mat_12,mat_22,mat_32,mat_03,mat_13,mat_23,mat_33,ctw_00,ctw_10,ctw_20,ctw_30,ctw_01,ctw_11,ctw_21,ctw_31,ctw_02,ctw_12,ctw_22,ctw_32,ctw_03,ctw_13,ctw_23,ctw_33,opennessl,opennessr,eye_x,eye_y,eye_z,time,frame,ray_x,ray_y,ray_z,base_x,base_y,base_z
-0.1782674,0.03335936,-0.9834166,0,-0.03464067,0.9985929,0.04015361,0,-0.9833722,-0.04122428,0.1768609,0,5.993586,-0.1443204,-30.6833,1,-0.1782673,-0.03464067,-0.9833722,0,0.03335936,0.9985929,-0.04122428,0,-0.9834163,0.04015361,0.1768609,0,-29.10118,1.583784,11.31465,1,0.0,0.0,0.001663011,-0.003109802,-0.01985848,3.78,1,-0.08484542352491761,-0.13277402761489188,0.9875081324717268,-0.06723567510086657,-0.07552673363048139,0.9948744023749135
-0.1744235,0.03387484,-0.984088,0,-0.03460236,0.9985799,0.04050675,0,-0.9840627,-0.04111708,0.1730037,0,6.113554,-0.1304297,-30.65978,1,-0.1744235,-0.03460235,-0.9840625,0,0.03387484,0.9985799,-0.04111708,0,-0.9840878,0.04050675,0.1730036,0,-29.10115,1.583716,11.31501,1,0.0,0.0,0.001633964,-0.003120308,-0.01978912,3.8,2,-0.0782908514869632,-0.1381052408490292,0.9873183301364751,-0.060685525786283785,-0.08086675386542648,0.9948757887692868
-0.1575264,0.03523218,-0.9868862,0,-0.03121022,0.9986865,0.04063522,0,-0.9870216,-0.03720205,0.1562198,0,6.634875,-0.1354439,-30.55144,1,-0.1575263,-0.03121021,-0.9870213,0,0.03523217,0.9986864,-0.03720205,0,-0.9868859,0.04063521,0.1562198,0,-29.10085,1.583806,11.31646,1,1.0,1.0,0.001482346,-0.002942818,-0.02013928,3.84,3,-0.050476284277841996,-0.13698286334531093,0.9892865307256649,-0.03284030355060583,-0.07966134087875641,0.996280876676905
-0.1523612,0.03433552,-0.9877284,0,-0.03001912,0.9987745,0.03935008,0,-0.987869,-0.03564615,0.1511437,0,6.793386,-0.1793215,-30.51647,1,-0.1523611,-0.03001911,-0.9878688,0,0.03433551,0.9987745,-0.03564615,0,-0.9877281,0.03935007,0.1511437,0,-29.10077,1.583859,11.31695,1,1.0,1.0,0.001438201,-0.002918488,-0.02019742,3.88,4,-0.04700388838928156,-0.13524126813196674,0.989697142498828,-0.029361142332404378,-0.07790253661716143,0.9965285335149959
-0.1473876,0.03209624,-0.9885579,0,-0.0283287,0.9989263,0.0366565,0,-0.9886731,-0.03340728,0.1463201,0,6.944991,-0.2701883,-30.48199,1,-0.1473876,-0.0283287,-0.9886729,0,0.03209623,0.9989263,-0.03340727,0,-0.9885579,0.0366565,0.1463201,0,-29.10093,1.584004,11.31743,1,1.0,1.0,0.001386551,-0.002939492,-0.02010229,3.9,5,-0.04269279580872295,-0.13728369878897914,0.9896112929998584,-0.0250522639591017,-0.07995094828859828,0.9964839336077013
-0.1443015,0.02849749,-0.9891234,0,-0.0278749,0.9990715,0.03285073,0,-0.9891412,-0.03231212,0.1433733,0,7.039868,-0.3879223,-30.45921,1,-0.1443016,-0.02787489,-0.9891409,0,0.02849749,0.9990715,-0.03231211,0,-0.9891233,0.03285072,0.1433731,0,-29.101,1.584405,11.31792,1,1.0,1.0,0.001349929,-0.002958252,-0.02006148,3.94,6,-0.0404508535059693,-0.13576821947938178,0.9899145008686544,-0.022805274785318234,-0.07842281207109343,0.9966593108925579
-0.1428232,0.0264901,-0.9893937,0,-0.0279393,0.9991355,0.03078409,0,-0.9893539,-0.03203965,0.1419597,0,7.085531,-0.4498518,-30.44779,1,-0.1428232,-0.0279393,-0.9893538,0,0.0264901,0.9991355,-0.03203965,0,-0.9893936,0.03078409,0.1419596,0,-29.10096,1.584735,11.31804,1,1.0,1.0,0.001273887,-0.003009575,-0.01974295,3.96,7,-0.04431235665396238,-0.14106597243745772,0.9890079911042409,-0.02668231782605474,-0.08376004920615593,0.9961286604010607
-0.1425202,0.02454375,-0.9894876,0,-0.02783396,0.9991978,0.02879366,0,-0.9894005,-0.03164503,0.1417227,0,7.094876,-0.5112684,-30.44475,1,-0.1425201,-0.02783396,-0.9894004,0,0.02454375,0.9991979,-0.03164504,0,-0.9894874,0.02879366,0.1417227,0,-29.10099,1.584953,11.31821,1,1.0,1.0,0.001263961,-0.003010445,-0.01974408,3.98,8,-0.04356651280284382,-0.1412445022661317,0.989015646762877,-0.02593645597637678,-0.08393860692237819,0.9961333296900148
-0.1425948,0.023719,-0.9894969,0,-0.0277777,0.9992232,0.02795514,0,-0.9893913,-0.0314722,0.1418252,0,7.09251,-0.5373313,-30.44489,1,-0.1425948,-0.02777769,-0.9893912,0,0.02371899,0.9992231,-0.0314722,0,-0.9894969,0.02795514,0.1418252,0,-29.10102,1.585018,11.31821,1,1.0,1.0,0.001244323,-0.003015709,-0.01974134,4.0,9,-0.03888104585582463,-0.14103042093779605,0.9892414693305497,-0.021247709031928783,-0.08371667580724494,0.9962630441066651
-0.1434575,0.02225438,-0.9894063,0,-0.02760327,0.9992682,0.0264785,0,-0.9892715,-0.03110939,0.1427383,0,7.065768,-0.5842479,-30.4504,1,-0.1434576,-0.02760326,-0.9892714,0,0.02225438,0.9992682,-0.03110938,0,-0.9894061,0.0264785,0.1427382,0,-29.10117,1.585139,11.31822,1,1.0,1.0,0.001234031,-0.003017464,-0.01973628,4.02,10,-0.03713087244799387,-0.14188218609289446,0.9891869103363387,-0.01949878567630154,-0.08457196773857126,0.9962265704296265
-0.1448724,0.02108997,-0.9892256,0,-0.02747431,0.9993016,0.02532841,0,-0.9890689,-0.03084767,0.1441919,0,7.021979,-0.621332,-30.45991,1,-0.1448725,-0.0274743,-0.9890688,0,0.02108997,0.9993016,-0.03084767,0,-0.9892254,0.02532841,0.1441918,0,-29.10132,1.585323,11.31812,1,1.0,1.0,0.001220574,-0.003016068,-0.01976881,4.04,11,-0.03006372484654384,-0.14436453992614753,0.9890677691949441,-0.012434883076622645,-0.08706432212637638,0.9961250812501137
-0.1467961,0.02021844,-0.9889603,0,-0.02728617,0.9993278,0.02448061,0,-0.9887905,-0.03057859,0.1461457,0,6.962571,-0.6498606,-30.47283,1,-0.146796,-0.02728616,-0.9887902,0,0.02021843,0.9993278,-0.03057859,0,-0.98896,0.02448061,0.1461457,0,-29.10119,1.585399,11.31812,1,1.0,1.0,0.001212945,-0.003013863,-0.01983534,4.06,12,-0.029034561975926562,-0.1445541091886134,0.9890708284685947,-0.011405829092002046,-0.0872544570646836,0.9961207591377018
-0.1487095,0.01993486,-0.9886801,0,-0.02713108,0.9993382,0.02423061,0,-0.9885088,-0.03042728,0.1480703,0,6.90344,-0.6599894,-30.48575,1,-0.1487096,-0.02713107,-0.9885085,0,0.01993486,0.9993382,-0.03042728,0,-0.9886799,0.02423061,0.1480702,0,-29.10089,1.585539,11.31806,1,1.0,1.0,0.001204194,-0.003022599,-0.01984214,4.08,13,-0.027947901754634633,-0.14454832068481446,0.9891029763248683,-0.010318768559852256,-0.08724794120735163,0.9961331837512927
-0.1495823,0.01971451,-0.9885528,0,-0.02717859,0.9993414,0.02404218,0,-0.9883758,-0.03046374,0.148948,0,6.87653,-0.6660133,-30.49166,1,-0.1495822,-0.02717858,-0.9883755,0,0.01971451,0.9993414,-0.03046375,0,-0.9885526,0.02404218,0.1489479,0,-29.10087,1.585555,11.31797,1,1.0,1.0,0.001200173,-0.003029526,-0.01984214,4.1,14,-0.028374150829652615,-0.145617779621478,0.9889339562492566,-0.010747961706397479,-0.0883249279225698,0.9960337285587425
-0.1515901,0.0194647,-0.9882518,0,-0.02742019,0.9993385,0.0238891,0,-0.9880631,-0.0307194,0.150956,0,6.814833,-0.6703934,-30.50527,1,-0.15159,-0.02742019,-0.988063,0,0.0194647,0.9993384,-0.0307194,0,-0.9882517,0.0238891,0.1509561,0,-29.10077,1.585557,11.31785,1,1.0,1.0,0.001209861,-0.003038574,-0.01981464,4.12,15,-0.02702957759213802,-0.15115479883615984,0.9881404903777551,-0.009417740609035155,-0.09389986478370453,0.9955371020486493
-0.1531413,0.0193496,-0.9880149,0,-0.02760813,0.9993343,0.0238505,0,-0.9878187,-0.03092973,0.152505,0,6.767049,-0.671321,-30.5158,1,-0.1531412,-0.02760812,-0.9878185,0,0.01934959,0.9993342,-0.03092973,0,-0.9880148,0.0238505,0.1525051,0,-29.10076,1.585517,11.31767,1,1.0,1.0,0.001215057,-0.00305539,-0.01978083,4.14,16,-0.02659347284161554,-0.15197052632052768,0.9880271991863806,-0.008983723819121913,-0.09472121516091003,0.995463301234547
-0.1542741,0.01924703,-0.9878407,0,-0.02769093,0.9993333,0.02379552,0,-0.9876401,-0.03102526,0.1536384,0,6.732151,-0.6731995,-30.52337,1,-0.1542742,-0.02769092,-0.9876398,0,0.01924702,0.9993333,-0.03102526,0,-0.9878404,0.02379552,0.1536382,0,-29.10067,1.58549,11.31761,1,1.0,1.0,0.001215057,-0.003069504,-0.01974096,4.16,17,-0.03305771948074723,-0.1519165744204543,0.9878403421601522,-0.01545027371938349,-0.09467148452873655,0.9953886673350874
-0.1549115,0.01920845,-0.9877417,0,-0.02777354,0.9993311,0.02378967,0,-0.987538,-0.03111837,0.1542743,0,6.712507,-0.6732681,-30.52752,1,-0.1549114,-0.02777354,-0.9875378,0,0.01920845,0.9993311,-0.03111837,0,-0.9877415,0.02378966,0.1542744,0,-29.10052,1.585487,11.31752,1,1.0,1.0,0.001225418,-0.003076424,-0.01971201,4.18,18,-0.036018233455904956,-0.15308129600636064,0.9875569875565303,-0.01841536671619915,-0.09584756363566409,0.995225662256463
-0.1550244,0.01947364,-0.9877188,0,-0.02755453,0.9993315,0.02402733,0,-0.9875264,-0.03094094,0.1543843,0,6.70867,-0.6675445,-30.52841,1,-0.1550244,-0.02755452,-0.9875261,0,0.01947363,0.9993315,-0.03094093,0,-0.9877186,0.02402733,0.1543841,0,-29.10047,1.585469,11.31743,1,1.0,1.0,0.001232231,-0.003078331,-0.0197073,4.2,19,-0.04025823525750172,-0.15323582832540933,0.9873692599080532,-0.022658040432762493,-0.09600830606811553,0.9951226147413584
-0.1554083,0.0204673,-0.9876384,0,-0.02728457,0.999315,0.0250026,0,-0.9874735,-0.03083289,0.1547433,0,6.696465,-0.6396582,-30.53163,1,-0.1554082,-0.02728457,-0.9874734,0,0.0204673,0.999315,-0.0308329,0,-0.9876381,0.0250026,0.1547433,0,-29.10043,1.5853,11.31742,1,1.0,1.0,0.001246521,-0.003080231,-0.01969997,4.22,20,-0.0420885272761333,-0.15381272843924296,0.9872032214502755,-0.024491000475872927,-0.09659193898821082,0.9950227073882226
-0.1554879,0.02165882,-0.9876004,0,-0.02726021,0.9992848,0.02620691,0,-0.9874617,-0.03099705,0.1547862,0,6.694107,-0.6027527,-30.53309,1,-0.1554878,-0.02726021,-0.9874615,0,0.02165881,0.9992848,-0.03099705,0,-0.9876002,0.02620691,0.1547862,0,-29.10058,1.584982,11.31759,1,1.0,1.0,0.001257698,-0.003041771,-0.01978947,4.24,21,-0.04475618076969602,-0.15574598565780248,0.9867826874415611,-0.027165723869945504,-0.09854348534238519,0.994761883539572
-0.1553741,0.02354033,-0.9875753,0,-0.02698816,0.9992417,0.02806444,0,-0.9874871,-0.03101332,0.154621,0,6.697326,-0.5475948,-30.53332,1,-0.1553741,-0.02698815,-0.9874868,0,0.02354033,0.9992418,-0.03101332,0,-0.987575,0.02806444,0.1546209,0,-29.10046,1.584828,11.31763,1,1.0,1.0,0.001267975,-0.003044884,-0.01980573,4.26,22,-0.04553975871430841,-0.153871052828438,0.9870409462011748,-0.02794457552805495,-0.09665597656269952,0.9949254861009782
-0.1550032,0.02530066,-0.9875901,0,-0.02687365,0.9991941,0.02981578,0,-0.9875485,-0.03116169,0.1541983,0,6.708633,-0.4944232,-30.53162,1,-0.1550031,-0.02687365,-0.9875482,0,0.02530066,0.9991941,-0.03116168,0,-0.9875898,0.02981578,0.1541983,0,-29.10035,1.584634,11.31762,1,1.0,1.0,0.001269821,-0.003044335,-0.01980819,4.28,23,-0.04662115875312864,-0.1540740086891338,0.9869587972164675,-0.029027267676421345,-0.09686222008887951,0.9948744282826325
-0.1548895,0.02600621,-0.9875895,0,-0.02650883,0.9991841,0.03046907,0,-0.9875762,-0.03089918,0.1540736,0,6.711676,-0.4767298,-30.53112,1,-0.1548893,-0.02650883,-0.987576,0,0.02600621,0.9991842,-0.03089918,0,-0.9875894,0.03046907,0.1540737,0,-29.10025,1.584514,11.3176,1,1.0,1.0,0.001273621,-0.003044236,-0.01981222,4.3,24,-0.04707709211993232,-0.15358721114795523,0.9870130272541112,-0.029482162337389633,-0.09637263730009309,0.9949085972508915
-0.1549511,0.02715319,-0.9875491,0,-0.02656447,0.9991462,0.03164015,0,-0.987565,-0.03113638,0.1540976,0,6.70985,-0.4404958,-30.53178,1,-0.1549511,-0.02656446,-0.9875649,0,0.02715318,0.9991462,-0.03113639,0,-0.9875488,0.03164015,0.1540975,0,-29.09996,1.584393,11.31757,1,1.0,1.0,0.001275688,-0.003044236,-0.01981222,4.32,25,-0.04586299454804737,-0.1531702013827119,0.9871349832416358,-0.028266084408414046,-0.09595053721142313,0.9949846847469841
-0.155123,0.02886578,-0.9874735,0,-0.02634016,0.9990968,0.03334335,0,-0.9875441,-0.03118253,0.1542226,0,6.704231,-0.3898917,-30.53359,1,-0.155123,-0.02634015,-0.9875439,0,0.02886577,0.9990968,-0.03118253,0,-0.9874732,0.03334335,0.1542225,0,-29.09987,1.584222,11.31753,1,1.0,1.0,0.001465973,-0.003383995,-0.01964265,4.34,26,-0.06604670750222517,-0.20308302714805662,0.9769314799475433,-0.048628407706110585,-0.1463478846995153,0.9880372334117504
-0.155399,0.03014007,-0.9873919,0,-0.02629364,0.9990541,0.03463423,0,-0.9875019,-0.03134425,0.1544595,0,6.69556,-0.3507898,-30.53582,1,-0.1553989,-0.02629364,-0.9875017,0,0.03014007,0.9990541,-0.03134425,0,-0.9873919,0.03463424,0.1544595,0,-29.09977,1.584093,11.31743,1,1.0,1.0,0.001642937,-0.003732743,-0.01991483,4.36,27,-0.08881152081537448,-0.2894017435221856,0.9530787714647616,-0.07181463495841793,-0.23387488839739257,0.9696108470839713
-0.1556627,0.03139858,-0.9873113,0,-0.02657033,0.999,0.03595947,0,-0.987453,-0.03183072,0.1546726,0,6.687706,-0.3084861,-30.53769,1,-0.1556625,-0.02657032,-0.9874527,0,0.03139857,0.999,-0.03183072,0,-0.9873109,0.03595946,0.1546727,0,-29.09949,1.583991,11.31732,1,1.0,1.0,0.001652657,-0.003912743,-0.01990575,4.38,28,-0.09360396911977509,-0.33309136456770366,0.9382368783070986,-0.07687078811591927,-0.2783426506727587,0.9574007785409934
-0.1572932,0.03315468,-0.9869954,0,-0.02770269,0.9988948,0.03796926,0,-0.9871635,-0.03331473,0.1562009,0,6.638697,-0.2403207,-30.54862,1,-0.1572931,-0.02770268,-0.9871631,0,0.03315467,0.9988949,-0.03331473,0,-0.9869952,0.03796926,0.1562008,0,-29.09915,1.583873,11.31719,1,1.0,1.0,0.001647629,-0.003888428,-0.0198961,4.42,29,-0.09284516327288936,-0.33353617298214727,0.9381542500939031,-0.07611357508487941,-0.2787922628644108,0.9573304538427365
-0.1588262,0.0354693,-0.9866693,0,-0.02898891,0.9987561,0.04057021,0,-0.986881,-0.03504607,0.1576004,0,6.592838,-0.1529948,-30.55872,1,-0.1588262,-0.0289889,-0.9868808,0,0.03546931,0.9987562,-0.03504608,0,-0.9866692,0.04057021,0.1576004,0,-29.09881,1.583697,11.31705,1,1.0,1.0,0.001645874,-0.003883927,-0.01989377,4.44,30,-0.09321712378108953,-0.332979005215255,0.9383152721339666,-0.07648260730684475,-0.27822635568621756,0.9574656681997079
-0.1602032,0.03883404,-0.98632,0,-0.02944055,0.9985933,0.04409916,0,-0.9866451,-0.03610263,0.1588346,0,6.550707,-0.04243755,-30.56777,1,-0.1602032,-0.02944054,-0.9866448,0,0.03883403,0.9985932,-0.03610262,0,-0.9863198,0.04409916,0.1588345,0,-29.0985,1.583247,11.31691,1,1.0,1.0,0.001644684,-0.003885231,-0.01989482,4.46,31,-0.09344561722429523,-0.33203381913620694,0.9386274338476343,-0.076705502103906,-0.2772645087422241,0.9577268181161687
-0.1612436,0.04354265,-0.9859536,0,-0.02905319,0.9983838,0.04884297,0,-0.986487,-0.03652071,0.1597179,0,6.517922,0.100036,-30.57402,1,-0.1612436,-0.02905319,-0.9864869,0,0.04354264,0.9983839,-0.03652071,0,-0.9859536,0.04884298,0.1597179,0,-29.09795,1.582818,11.31672,1,1.0,1.0,0.001650437,-0.00388929,-0.01989777,4.48,32,-0.09238254562087052,-0.33116695955757186,0.9390388224999012,-0.07563526880258772,-0.2763764637766157,0.9580685551584986
-0.1621696,0.05353188,-0.9853099,0,-0.02762277,0.9978898,0.0587617,0,-0.9863763,-0.03674634,0.1603487,0,6.487427,0.3948762,-30.5771,1,-0.1621695,-0.02762276,-0.9863761,0,0.05353187,0.9978899,-0.03674634,0,-0.9853097,0.0587617,0.1603486,0,-29.09699,1.58192,11.31655,1,1.0,1.0,0.001680665,-0.003885056,-0.01990217,4.52,33,-0.0941098576973833,-0.32844165954320026,0.9398241383156141,-0.07734831319679536,-0.27360864343438757,0.9587260029245084
-0.1619737,0.06134037,-0.9848869,0,-0.02698117,0.9974177,0.06655812,0,-0.9864262,-0.03735406,0.1599004,0,6.492719,0.6304477,-30.57131,1,-0.1619737,-0.02698117,-0.9864261,0,0.06134035,0.9974177,-0.03735406,0,-0.9848865,0.06655811,0.1599004,0,-29.09629,1.58113,11.3165,1,1.0,1.0,0.001683144,-0.003885124,-0.01990336,4.54,34,-0.09375892183993058,-0.32705373212202693,0.9403430867935739,-0.07698818598222525,-0.27219346417669826,0.9591577228374146
-0.1612753,0.07075262,-0.9843701,0,-0.0263353,0.9967632,0.07595806,0,-0.9865581,-0.03817383,0.15889,0,6.513557,0.9153011,-30.55878,1,-0.1612753,-0.02633529,-0.986558,0,0.07075261,0.9967632,-0.03817383,0,-0.98437,0.07595805,0.1588899,0,-29.09543,1.580383,11.31642,1,1.0,1.0,0.001687455,-0.003879975,-0.01990328,4.56,35,-0.09772183178550682,-0.32587137712178016,0.9403500886187227,-0.08095034197736725,-0.27100860090897594,0.9591670242283702
-0.1598749,0.08164549,-0.9837551,0,-0.02563247,0.9958943,0.08681863,0,-0.9868044,-0.0390962,0.1571258,0,6.556108,1.244956,-30.5368,1,-0.159875,-0.02563247,-0.9868044,0,0.0816455,0.9958944,-0.0390962,0,-0.9837551,0.08681864,0.1571258,0,-29.09422,1.579368,11.31639,1,1.0,1.0,0.001687623,-0.003877236,-0.01989838,4.58,36,-0.09796767321657689,-0.3239089889739667,0.9410022857923315,-0.08118452296080417,-0.2690116206682364,0.9597092378304356
-0.1592529,0.08749341,-0.9833533,0,-0.02551133,0.9953678,0.09269393,0,-0.9869083,-0.03984841,0.1562831,0,6.57524,1.424901,-30.52427,1,-0.1592529,-0.02551132,-0.9869081,0,0.08749339,0.9953678,-0.03984842,0,-0.9833529,0.09269392,0.1562831,0,-29.09367,1.578856,11.31636,1,1.0,1.0,0.001690025,-0.003870911,-0.01989787,4.6,37,-0.09752518535718234,-0.3230584347416439,0.9413405791547107,-0.08073607734964158,-0.26814343084023734,0.9599899928183729
-0.1575553,0.1010401,-0.9823275,0,-0.02488905,0.9940295,0.1062357,0,-0.9871964,-0.04118719,0.1540998,0,6.626956,1.837394,-30.48973,1,-0.1575553,-0.02488905,-0.9871966,0,0.1010401,0.9940294,-0.0411872,0,-0.9823274,0.1062357,0.1540999,0,-29.09244,1.577613,11.31625,1,1.0,1.0,0.001609567,-0.004354737,-0.02004486,4.62,38,-0.07115558105442933,-0.41861977772758185,0.9053697393772981,-0.05501161937976705,-0.3656468937703731,0.9291265095826797
-0.1558642,0.1173509,-0.980783,0,-0.02381543,0.9921828,0.1224996,0,-0.9874914,-0.04245104,0.1518511,0,6.677996,2.330624,-30.44346,1,-0.1558642,-0.02381541,-0.9874914,0,0.1173508,0.9921828,-0.04245106,0,-0.9807828,0.1224995,0.151851,0,-29.09107,1.575945,11.31627,1,1.0,1.0,0.001533623,-0.00470781,-0.02017874,4.64,39,-0.052452451365552974,-0.5065749299303758,0.8605989662507033,-0.037109223683838934,-0.4560563453109037,0.8891768752161994
-0.1546891,0.1270381,-0.9797616,0,-0.0232784,0.9909544,0.1321647,0,-0.987689,-0.0432517,0.1503326,0,6.713667,2.624276,-30.41083,1,-0.154689,-0.02327838,-0.9876888,0,0.1270381,0.9909543,-0.04325171,0,-0.9797614,0.1321647,0.1503326,0,-29.09021,1.574984,11.31625,1,1.0,1.0,0.001471909,-0.00493235,-0.02028966,4.66,40,-0.05051744470762402,-0.5431262321259449,0.8381299921592629,-0.03557489594068802,-0.4938443545428546,0.8688222949861268
-0.1521326,0.1489075,-0.9770785,0,-0.02142132,0.9878564,0.1538854,0,-0.988128,-0.04434129,0.1470954,0,6.790217,3.279595,-30.32825,1,-0.1521326,-0.02142131,-0.9881278,0,0.1489075,0.9878565,-0.0443413,0,-0.9770783,0.1538854,0.1470954,0,-29.08842,1.572761,11.31617,1,1.0,1.0,0.001464867,-0.004976799,-0.02030708,4.68,41,-0.048608105921571464,-0.5382038058494399,0.8414118583713303,-0.03360738115504198,-0.48874285177481375,0.8717803443361878
-0.1481979,0.1785651,-0.9727036,0,-0.01873943,0.9828805,0.1832884,0,-0.9887804,-0.04539084,0.1423147,0,6.908101,4.164505,-30.19093,1,-0.1481979,-0.0187394,-0.9887799,0,0.1785651,0.9828807,-0.04539085,0,-0.9727033,0.1832884,0.1423146,0,-29.08668,1.569889,11.31623,1,1.0,1.0,0.001487702,-0.004956749,-0.0202971,4.7,42,-0.04596265974389515,-0.5264216266787172,0.8489803913366905,-0.03082749229703261,-0.47654660194026927,0.8786085601095968
-0.1424338,0.2102298,-0.967221,0,-0.01571233,0.9765805,0.214578,0,-0.9896798,-0.04576042,0.1357949,0,7.081458,5.10228,-30.00444,1,-0.1424337,-0.0157123,-0.9896795,0,0.2102297,0.9765804,-0.04576042,0,-0.9672206,0.214578,0.1357948,0,-29.08493,1.566771,11.3163,1,1.0,1.0,0.001439956,-0.004927254,-0.02026738,4.72,43,-0.05199486794248973,-0.5057930982022355,0.8610864506648718,-0.036643026489965105,-0.45524817686092484,0.8896102439127259
-0.1364318,0.2402056,-0.9610868,0,-0.01386652,0.9696001,0.2443018,0,-0.9905525,-0.04665744,0.1289535,0,7.263377,5.997796,-29.79253,1,-0.1364317,-0.0138665,-0.9905523,0,0.2402055,0.9696001,-0.04665745,0,-0.9610866,0.2443018,0.1289535,0,-29.08295,1.563621,11.31645,1,0.9828289,0.9981205,0.001448136,-0.004656342,-0.02016998,4.74,44,-0.04843363889590179,-0.48189878300498845,0.8748872759170819,-0.032836447763453444,-0.4306015389315417,0.9019446115854709
-0.127407,0.2840662,-0.9503021,0,-0.01348853,0.9575253,0.2880338,0,-0.9917589,-0.04951566,0.1181637,0,7.53955,7.328239,-29.42005,1,-0.1274069,-0.01348851,-0.9917586,0,0.2840661,0.9575253,-0.04951568,0,-0.9503018,0.2880338,0.1181637,0,-29.07904,1.558692,11.31666,1,0.9841862,0.9938011,0.001406663,-0.004385429,-0.02005956,4.78,45,-0.04615626073463773,-0.44298588537582206,0.8953396589857925,-0.030194992852438256,-0.3905764685345463,0.920075151622803
-0.120164,0.315264,-0.9413657,0,-0.01312192,0.9476493,0.3190433,0,-0.9926674,-0.05069004,0.1097366,0,7.760454,8.266849,-29.10947,1,-0.1201641,-0.01312188,-0.9926673,0,0.3152639,0.9476493,-0.05069005,0,-0.9413655,0.3190433,0.1097365,0,-29.07637,1.554943,11.31697,1,0.9909679,0.9601172,0.001382569,-0.004302452,-0.02002666,4.8,46,-0.045149413966075747,-0.4322773914450147,0.9006096753111268,-0.029094400211270487,-0.3795829644174271,0.924700107602689
-0.1118898,0.3489954,-0.9304209,0,-0.01288234,0.9357121,0.3525294,0,-0.9936372,-0.0514304,0.1002009,0,8.012077,9.277419,-28.73134,1,-0.1118899,-0.01288226,-0.993637,0,0.3489954,0.935712,-0.05143044,0,-0.9304206,0.3525293,0.1002008,0,-29.07354,1.550862,11.31714,1,0.9631433,0.9040301,0.001360825,-0.004171066,-0.019975,4.82,47,-0.03507370878952991,-0.39588808977525636,0.9176287132200287,-0.018717034740949403,-0.3422832683210994,0.93941036657998
-0.1036243,0.3807107,-0.9188696,0,-0.01365063,0.9232117,0.3840492,0,-0.9945228,-0.05233994,0.09047019,0,8.264019,10.23186,-28.32984,1,-0.1036242,-0.01365061,-0.9945228,0,0.3807108,0.9232118,-0.05233999,0,-0.9188696,0.3840492,0.09047026,0,-29.07046,1.546686,11.3173,1,0.9694732,0.8587112,0.001346772,-0.004110153,-0.01995761,4.84,48,-0.04020979276338256,-0.3759918920697135,0.9257501118896841,-0.023707589130165237,-0.32194662931224505,0.9464609437753463
-0.09947419,0.3959595,-0.9128642,0,-0.01472259,0.9167283,0.3992399,0,-0.9949312,-0.05315375,0.08536124,0,8.39114,10.69566,-28.11865,1,-0.09947415,-0.01472256,-0.9949312,0,0.3959594,0.9167283,-0.05315378,0,-0.9128641,0.3992399,0.08536124,0,-29.06885,1.544607,11.31736,1,0.9630991,0.847456,0.001308853,-0.004070496,-0.01995275,4.86,49,-0.03829583121918414,-0.3798473984322071,0.9242561242510192,-0.02182055263243204,-0.32588382849692943,0.9451579729373281
-0.09242237,0.4253899,-0.9002786,0,-0.01789874,0.9032926,0.4286515,0,-0.995559,-0.0557308,0.07587051,0,8.608348,11.60354,-27.68591,1,-0.09242236,-0.0178987,-0.995559,0,0.4253898,0.9032926,-0.05573083,0,-0.9002786,0.4286515,0.07587051,0,-29.06546,1.54029,11.31734,1,0.9319908,0.8579735,0.001281311,-0.004408928,-0.02007834,4.88,50,-0.033609027170981826,-0.4489088198334478,0.8929452977469344,-0.017692416204262783,-0.3966404968125382,0.9178035163896237
-0.08676052,0.4574789,-0.8849779,0,-0.02236658,0.8872091,0.4608251,0,-0.9959782,-0.05977532,0.06674254,0,8.784519,12.6095,-27.18253,1,-0.08676054,-0.02236653,-0.995978,0,0.4574789,0.8872091,-0.05977535,0,-0.8849778,0.4608251,0.06674246,0,-29.06236,1.535603,11.31715,1,1.0,1.0,0.001159348,-0.004845398,-0.02024977,4.9,51,-0.02296883681041057,-0.5145109426447015,0.8571761326789479,-0.007691281223729661,-0.464206806395587,0.8856934487107532
-0.08290648,0.48992,-0.8678163,0,-0.02744251,0.8693615,0.4934142,0,-0.9961795,-0.06472225,0.05863106,0,8.906494,13.63872,-26.63756,1,-0.08290644,-0.02744249,-0.9961792,0,0.48992,0.8693615,-0.06472227,0,-0.8678161,0.4934141,0.05863106,0,-29.05998,1.530789,11.31698,1,0.9021993,0.9891796,0.001078545,-0.005206841,-0.02045846,4.92,52,0.018072648681938606,-0.5805037835360245,0.814056961563489,0.03257535332442447,-0.5326182209090962,0.8457284890030714
-0.08113277,0.5177536,-0.8516741,0,-0.03277819,0.8526428,0.5214651,0,-0.9961643,-0.07022421,0.05220628,0,8.965707,14.53768,-26.13426,1,-0.08113277,-0.03277815,-0.9961641,0,0.5177536,0.8526429,-0.07022423,0,-0.851674,0.5214651,0.05220624,0,-29.05739,1.526536,11.31658,1,0.8756434,0.9631429,0.0009986265,-0.0051045,-0.02040192,4.94,53,-0.001064016845670729,-0.5521545169462155,0.8337411212624958,0.013792475553948962,-0.5031614918593632,0.8640823344612213
-0.08079636,0.5299731,-0.8441567,0,-0.03509535,0.8448877,0.5337912,0,-0.9961126,-0.07275431,0.04966426,0,8.978239,14.93416,-25.90362,1,-0.08079632,-0.03509531,-0.9961125,0,0.5299731,0.8448878,-0.07275436,0,-0.8441566,0.5337912,0.04966426,0,-29.05601,1.524525,11.31635,1,0.8756434,0.9631429,0.000974861,-0.005000671,-0.02035077,4.96,54,0.015620476080615559,-0.5398064029306113,0.8416442526876361,0.030615144366156005,-0.4903953826323119,0.8709621585513047
-0.08075106,0.550578,-0.8308688,0,-0.03822938,0.8312669,0.5545573,0,-0.9960009,-0.0765447,0.04607749,0,8.982462,15.59788,-25.50418,1,-0.08075111,-0.03822935,-0.9960008,0,0.5505781,0.8312669,-0.07654468,0,-0.830869,0.5545573,0.04607743,0,-29.05314,1.52092,11.31564,1,0.8969007,0.9721652,0.0009462042,-0.004779907,-0.02024681,4.98,55,0.013804691721439081,-0.5224981907325323,0.8525286336350857,0.02899359565024299,-0.4724865221172513,0.8808608617873849
-0.08077383,0.571086,-0.8169066,0,-0.04020563,0.8170508,0.5751622,0,-0.9959213,-0.07930225,0.04303539,0,8.983223,16.24779,-25.09116,1,-0.08077375,-0.04020561,-0.9959211,0,0.5710859,0.8170506,-0.07930229,0,-0.8169066,0.5751622,0.04303544,0,-29.05041,1.517397,11.31488,1,0.9235732,0.9878829,0.0008800821,-0.00453215,-0.0201639,5.0,56,0.01717220657416842,-0.5050787198767468,0.8629024290434235,0.03254542514423782,-0.4545013544672334,0.8901512871920317
-0.08120596,0.5886282,-0.8043151,0,-0.04172084,0.8042654,0.5928041,0,-0.9958239,-0.0816958,0.04075313,0,8.971034,16.80489,-24.72264,1,-0.0812059,-0.04172071,-0.9958236,0,0.5886281,0.8042653,-0.0816959,0,-0.8043149,0.592804,0.04075307,0,-29.04811,1.514366,11.31398,1,0.9474251,0.9653345,0.0008587651,-0.004507081,-0.02014652,5.02,57,0.011464367447189771,-0.4701076924612212,0.8825346031560584,0.027188315373524542,-0.4184506814075038,0.9078324860549689
-0.08336949,0.6027373,-0.7935724,0,-0.04341558,0.7933917,0.6071612,0,-0.9955724,-0.08507213,0.03997648,0,8.906961,17.27015,-24.42016,1,-0.08336951,-0.04341558,-0.9955726,0,0.6027374,0.7933917,-0.08507213,0,-0.7935725,0.6071611,0.03997648,0,-29.04596,1.511674,11.31297,1,0.95715,0.9463485,0.0008504028,-0.004306977,-0.02006824,5.04,58,0.02476564487547373,-0.43714843839782075,0.8990483333170962,0.04078173696350611,-0.38460777488586645,0.9221787838741369
-0.08900011,0.6201771,-0.7793968,0,-0.04499087,0.7792002,0.6251583,0,-0.995015,-0.09070483,0.04144657,0,8.737917,17.86275,-24.04754,1,-0.08900005,-0.04499083,-0.995015,0,0.6201771,0.7792002,-0.09070489,0,-0.7793967,0.6251583,0.04144659,0,-29.04296,1.507986,11.31129,1,0.9630282,0.935733,0.0007679285,-0.004492829,-0.02013676,5.08,59,0.04805580655958737,-0.44907669171771714,0.8921999576394172,0.06394617059410006,-0.3969349830593598,0.9156164625486023
-0.09320855,0.6304814,-0.7705879,0,-0.04529807,0.7704703,0.6358644,0,-0.9946157,-0.09417403,0.04325485,0,8.610446,18.21498,-23.82554,1,-0.09320847,-0.04529797,-0.9946155,0,0.6304812,0.7704704,-0.09417412,0,-0.7705876,0.6358643,0.04325482,0,-29.04131,1.505743,11.31003,1,0.9792284,0.9188519,0.0005945284,-0.004928719,-0.02036063,5.1,60,0.08107211377357337,-0.5334115979109628,0.8419616259559328,0.0960620456240105,-0.48406017776254767,0.8697458408610077
-0.09790158,0.6406105,-0.7615994,0,-0.04576743,0.7615678,0.6464672,0,-0.9941432,-0.09814659,0.04523957,0,8.468393,18.56836,-23.60036,1,-0.09790153,-0.04576743,-0.9941431,0,0.6406105,0.7615678,-0.0981466,0,-0.7615993,0.6464672,0.04523959,0,-29.04003,1.50337,11.30889,1,0.9183536,0.9827142,0.0005159751,-0.005132859,-0.02047611,5.12,61,0.08649881618159941,-0.5608842008842232,0.8233631446680425,0.10115648254805958,-0.512565014366734,0.852669028454613
-0.1026568,0.6501354,-0.7528518,0,-0.04678348,0.7528571,0.6565193,0,-0.9936162,-0.1026171,0.04687035,0,8.324524,18.90932,-23.37762,1,-0.1026568,-0.04678341,-0.993616,0,0.6501353,0.7528571,-0.1026172,0,-0.7528515,0.6565192,0.04687033,0,-29.03892,1.501294,11.30752,1,0.8997647,0.9772654,0.0005344916,-0.005144226,-0.02047989,5.14,62,0.08792059973738268,-0.5573062156357975,0.8256389950550571,0.10261859344814526,-0.5088632204647271,0.8547091008857871
-0.1052867,0.6540015,-0.7491307,0,-0.0471223,0.7491904,0.6606764,0,-0.9933249,-0.1048612,0.04806173,0,8.244763,19.05275,-23.28821,1,-0.1052867,-0.04712228,-0.9933248,0,0.6540015,0.7491904,-0.1048612,0,-0.7491307,0.6606764,0.04806174,0,-29.03838,1.500346,11.30689,1,0.906227,0.9953021,0.0005545272,-0.005169556,-0.02048489,5.16,63,0.08975597988720788,-0.5521132300608204,0.8289239080074206,0.10451221562934115,-0.5034913569952559,0.8576559043202127
-0.1099634,0.6605498,-0.7426858,0,-0.04782268,0.7428355,0.6677637,0,-0.9927846,-0.1089467,0.05009544,0,8.1025,19.29887,-23.1326,1,-0.1099633,-0.04782264,-0.9927844,0,0.6605498,0.7428356,-0.1089468,0,-0.7426857,0.6677637,0.05009547,0,-29.03714,1.49871,11.30542,1,0.9175927,0.9796178,0.0005655745,-0.005113358,-0.02044533,5.18,64,0.08435011556100165,-0.5325991107273379,0.8421539320440738,0.09934295364445626,-0.4832413229146354,0.8698326283768094
-0.1149195,0.6658053,-0.7372224,0,-0.04904342,0.7374314,0.6736391,0,-0.9921635,-0.1135702,0.05209184,0,7.95193,19.51229,-23.00373,1,-0.1149195,-0.04904343,-0.9921634,0,0.6658053,0.7374314,-0.1135702,0,-0.7372223,0.6736391,0.05209192,0,-29.03642,1.497223,11.30394,1,1.0,1.0,0.0005739285,-0.005089417,-0.02044068,5.2,65,0.08661358351011109,-0.528754690874312,0.8443438659870443,0.1016450843709546,-0.47927935661045756,0.8717566031584089
-0.1200514,0.6701431,-0.7324588,0,-0.05074477,0.7326881,0.6786702,0,-0.99147,-0.1186437,0.05395401,0,7.796207,19.70315,-22.8927,1,-0.1200514,-0.05074473,-0.9914698,0,0.6701431,0.7326881,-0.1186437,0,-0.7324587,0.67867,0.05395395,0,-29.03594,1.495945,11.30251,1,0.96876,0.9959252,0.0005761562,-0.0050626,-0.02042776,5.22,66,0.08106177278599946,-0.5232659116387821,0.8483052367571622,0.09616474224543257,-0.47356559658799374,0.8754929857383935
-0.1242684,0.6732501,-0.7288977,0,-0.05197108,0.7291671,0.6823595,0,-0.9908867,-0.1226773,0.05562294,0,7.667604,19.84454,-22.81273,1,-0.1242684,-0.05197105,-0.9908866,0,0.67325,0.7291671,-0.1226773,0,-0.7288975,0.6823594,0.05562288,0,-29.03563,1.494984,11.30111,1,1.0,1.0,0.0005767448,-0.005057564,-0.02042051,5.24,67,0.07993505862380282,-0.5074526094678103,0.8579640059740964,0.09521031530940707,-0.45722053438379084,0.8842422625030338
-0.1261404,0.6743197,-0.7275862,0,-0.0524309,0.7278876,0.683689,0,-0.990626,-0.1243887,0.05646086,0,7.610379,19.89697,-22.78583,1,-0.1261403,-0.05243079,-0.9906257,0,0.6743197,0.7278876,-0.1243887,0,-0.7275861,0.6836889,0.05646081,0,-29.03559,1.494685,11.3005,1,1.0,1.0,0.0005847011,-0.005038979,-0.02038814,5.26,68,0.077138048740485,-0.504470626403745,0.8599762255622673,0.09244960497994117,-0.4541246164027708,0.886128604275976
-0.129634,0.676144,-0.7252755,0,-0.05288947,0.7256911,0.6859848,0,-0.9901505,-0.1272863,0.05831337,0,7.502749,19.98622,-22.74249,1,-0.1296339,-0.05288941,-0.9901502,0,0.6761439,0.7256911,-0.1272864,0,-0.7252753,0.6859847,0.05831333,0,-29.03551,1.493996,11.29901,1,1.0,1.0,0.0006066291,-0.0050364,-0.02038663,5.28,69,0.0749705384466036,-0.5009130458053285,0.8622444774581366,0.09032285650115887,-0.45043994299970774,0.8882261194897902
-0.1331204,0.6774919,-0.7233837,0,-0.05358222,0.7238925,0.687829,0,-0.9896505,-0.1303245,0.06006336,0,7.395332,20.06256,-22.70955,1,-0.1331204,-0.05358218,-0.9896504,0,0.6774918,0.7238925,-0.1303246,0,-0.7233834,0.6878288,0.06006333,0,-29.03547,1.493405,11.29745,1,1.0,1.0,0.0006244434,-0.005037796,-0.02038561,5.3,70,0.07490393562471673,-0.48772607939418067,0.8697773691621952,0.09039049186099184,-0.43684051197885926,0.8949859921111482
-0.1372894,0.677555,-0.7225448,0,-0.05437839,0.7231964,0.6884984,0,-0.9890373,-0.1338143,0.0624429,0,7.266924,20.10498,-22.71308,1,-0.1372894,-0.05437832,-0.9890372,0,0.6775549,0.7231964,-0.1338143,0,-0.7225446,0.6884983,0.06244285,0,-29.03577,1.493231,11.29586,1,1.0,1.0,0.0006304169,-0.005043381,-0.02038297,5.32,71,0.07461729060783114,-0.4861119463336938,0.8707051369861178,0.09012042412727099,-0.4351752760811398,0.8958240833125801
-0.1424407,0.6768215,-0.7222351,0,-0.05538413,0.7230821,0.6885383,0,-0.9882528,-0.1380762,0.06551123,0,7.108109,20.13208,-22.73896,1,-0.1424407,-0.05538403,-0.9882525,0,0.6768215,0.7230821,-0.1380762,0,-0.7222349,0.6885382,0.06551111,0,-29.03621,1.493171,11.29402,1,1.0,1.0,0.0006507263,-0.004952232,-0.02033708,5.34,72,0.06422056481966046,-0.4881755976745058,0.8703794028407283,0.07971954479921158,-0.43724359114112893,0.8958029002983948
-0.1506877,0.6754379,-0.7218565,0,-0.05599186,0.7231908,0.6883749,0,-0.9869946,-0.1441477,0.07115698,0,6.852203,20.16065,-22.79218,1,-0.1506877,-0.05599185,-0.9869944,0,0.675438,0.7231909,-0.1441477,0,-0.7218565,0.6883748,0.07115694,0,-29.03741,1.493232,11.29102,1,0.9485482,0.9473722,0.0006548762,-0.005010147,-0.02035624,5.38,73,0.0523744981831041,-0.46726206050535396,0.8825661894455049,0.068092513695461,-0.41565000274237957,0.9069721521628398
-0.1563679,0.6735434,-0.7224186,0,-0.05567104,0.7242427,0.6872942,0,-0.9861289,-0.1476884,0.07575142,0,6.674658,20.1443,-22.85949,1,-0.1563678,-0.055671,-0.9861286,0,0.6735433,0.7242427,-0.1476885,0,-0.7224184,0.6872941,0.07575142,0,-29.03847,1.493419,11.28879,1,0.9319144,0.8805532,0.0006766133,-0.005017899,-0.02036158,5.4,74,0.058543403209791685,-0.4689130433622389,0.8813020070925623,0.07423791299426766,-0.41737746912001333,0.9056957439147144
-0.1624644,0.6707925,-0.7236319,0,-0.05500463,0.7260778,0.6854091,0,-0.9851801,-0.1511576,0.08106518,0,6.483453,20.10105,-22.95304,1,-0.1624644,-0.05500453,-0.98518,0,0.6707923,0.7260778,-0.1511576,0,-0.7236316,0.685409,0.08106507,0,-29.03984,1.493914,11.28648,1,0.9294756,0.8574372,0.0006946949,-0.005016358,-0.02035572,5.42,75,0.05814285718054257,-0.46720616592097597,0.8822345531004238,0.07385404747392403,-0.4156192506375938,0.9065352823642135
-0.1690011,0.6677357,-0.7249606,0,-0.0541822,0.7281343,0.6832897,0,-0.9841255,-0.1547567,0.08687615,0,6.277737,20.05004,-23.05522,1,-0.1690011,-0.05418216,-0.9841254,0,0.6677356,0.7281342,-0.1547567,0,-0.7249605,0.6832896,0.08687609,0,-29.0413,1.494411,11.2839,1,0.9189235,0.9031697,0.0006987313,-0.005016228,-0.02035625,5.44,76,0.0590391506038898,-0.46922000523578805,0.8811055358936852,0.07473008078475304,-0.4176957579815828,0.9055085139246871
-0.1724842,0.6661599,-0.7255896,0,-0.05362198,0.7291874,0.6822099,0,-0.9835517,-0.1565779,0.09005249,0,6.167883,20.02338,-23.10835,1,-0.1724842,-0.05362197,-0.9835517,0,0.6661599,0.7291875,-0.1565779,0,-0.7255895,0.6822098,0.09005247,0,-29.04209,1.494677,11.28262,1,0.9342588,0.9063836,0.0007317895,-0.005023506,-0.02035737,5.46,77,0.053674549430419084,-0.4702647552454257,0.880891652087475,0.06936252017429416,-0.41874558911242526,0.9054507012499126
-0.1792198,0.6629456,-0.7269,0,-0.0521968,0.7314147,0.6799325,0,-0.9824235,-0.1597991,0.09648037,0,5.954525,19.96333,-23.21686,1,-0.1792197,-0.05219673,-0.9824233,0,0.6629456,0.7314147,-0.1597992,0,-0.7268999,0.6799324,0.09648036,0,-29.04377,1.495225,11.27996,1,0.9402258,0.9105759,0.0007315911,-0.00500901,-0.02035211,5.48,78,0.054404150209087156,-0.4798547513725641,0.8756595263144241,0.06999877455370818,-0.42862205645564366,0.9007681745492089
-0.1859701,0.6586836,-0.7290755,0,-0.05056256,0.734621,0.676591,0,-0.9812536,-0.1626896,0.1033127,0,5.739705,19.86775,-23.35347,1,-0.18597,-0.05056258,-0.9812536,0,0.6586836,0.734621,-0.1626896,0,-0.7290754,0.676591,0.1033128,0,-29.04559,1.495701,11.27709,1,0.9553818,0.9327669,0.000736679,-0.005012115,-0.02035166,5.5,79,0.05128038208648552,-0.4832731347257991,0.8739664751381278,0.06684533413112587,-0.432129161271901,0.8993309120025518
-0.192735,0.6547592,-0.7308515,0,-0.0491381,0.7374414,0.6736214,0,-0.9800199,-0.165743,0.1099571,0,5.523891,19.78425,-23.4768,1,-0.1927348,-0.04913806,-0.9800196,0,0.654759,0.7374414,-0.165743,0,-0.7308512,0.6736212,0.1099571,0,-29.04732,1.496181,11.27406,1,0.9588246,0.9204555,0.0007863855,-0.005003563,-0.02035242,5.52,80,0.05164988300012752,-0.48772286874088344,0.8714692724894183,0.06717027905380167,-0.43671585690752074,0.8970882977373879
-0.1996158,0.6510476,-0.7323189,0,-0.04790607,0.7399819,0.6709186,0,-0.9787027,-0.1690084,0.116523,0,5.303891,19.70962,-23.59062,1,-0.1996157,-0.04790597,-0.9787023,0,0.6510474,0.7399819,-0.1690084,0,-0.7323186,0.6709185,0.1165229,0,-29.049,1.496713,11.27087,1,0.9556925,0.9278105,0.0008035433,-0.005009926,-0.02035675,5.54,81,0.047779595457978115,-0.4933431794661432,0.868521512417573,0.06324808024263406,-0.4424928032791746,0.8945388752825439
-0.2028382,0.6487523,-0.7334694,0,-0.04760981,0.7416204,0.6691282,0,-0.9780543,-0.170645,0.119542,0,5.200694,19.65902,-23.65599,1,-0.2028381,-0.04760972,-0.978054,0,0.6487522,0.7416204,-0.1706451,0,-0.7334691,0.6691282,0.1195419,0,-29.04987,1.49696,11.26916,1,0.9805515,0.9078875,0.0007703556,-0.004819595,-0.02027689,5.56,82,0.06173736359359119,-0.45532256055600534,0.8881834629091195,0.07755398603412748,-0.40341610517422294,0.9117240949630971
-0.209504,0.6440139,-0.735768,0,-0.0471181,0.7449434,0.6654617,0,-0.9766721,-0.1740847,0.125724,0,4.987006,19.55525,-23.7881,1,-0.2095039,-0.04711798,-0.9766717,0,0.6440137,0.7449434,-0.1740848,0,-0.7357677,0.6654616,0.1257239,0,-29.05157,1.497492,11.26567,1,0.9424685,0.8753594,0.0006693266,-0.004443497,-0.0201432,5.58,83,0.06990548493459217,-0.35886574330279375,0.930767748399026,0.08647961432018683,-0.3046728213947408,0.9485229297230511
-0.2162815,0.6394235,-0.7378076,0,-0.04747143,0.7479129,0.6620972,0,-0.9751763,-0.1782242,0.1314054,0,4.769888,19.46391,-23.90739,1,-0.2162815,-0.04747148,-0.9751763,0,0.6394234,0.7479129,-0.1782242,0,-0.7378075,0.6620972,0.1314054,0,-29.0531,1.498137,11.26198,1,0.9420208,0.8552359,-0.01559951,-0.002306786,-0.01043134,5.6,84,0.046277620643379924,-0.2018598393187525,0.9783204930378361,0.06370283750011137,-0.14516206604789095,0.9873550136982858
-0.2224171,0.6343739,-0.7403381,0,-0.04762951,0.7513821,0.6581463,0,-0.9737875,-0.1816449,0.1369053,0,4.572074,19.35058,-24.03837,1,-0.2224171,-0.04762949,-0.9737874,0,0.6343738,0.751382,-0.1816449,0,-0.7403381,0.6581463,0.1369053,0,-29.05511,1.498847,11.25814,1,0.9587557,0.9307032,-0.01555898,-0.002337692,-0.009938241,5.62,85,0.04505195951660694,-0.1545515699013361,0.9869570067559915,0.06263126387279978,-0.09743329203468819,0.993269388629781
-0.2284372,0.6279988,-0.7439316,0,-0.04683307,0.7561631,0.6527052,0,-0.9724317,-0.1839426,0.1433246,0,4.376441,19.18381,-24.20851,1,-0.228437,-0.046833,-0.9724315,0,0.6279988,0.7561632,-0.1839427,0,-0.7439314,0.6527051,0.1433246,0,-29.05714,1.499889,11.25418,1,0.9873413,0.9888345,0.0008143773,-0.00375428,-0.01952258,5.64,86,0.055550681593108234,-0.14609530516903144,0.9877096150094463,0.07314172970900816,-0.08895849377689244,0.993346200355204
-0.2368468,0.6152865,-0.7518817,0,-0.04499865,0.7661237,0.641116,0,-0.9705044,-0.1856799,0.1537669,0,4.101017,18.81803,-24.54196,1,-0.2368468,-0.04499866,-0.9705044,0,0.6152865,0.7661236,-0.1856799,0,-0.7518817,0.6411159,0.1537669,0,-29.05982,1.501843,11.24793,1,1.0,1.0,0.0008359458,-0.003674195,-0.0197051,5.68,87,0.04637109403344863,-0.15020916651295432,0.9875661638258089,0.06396104344221494,-0.0930643472339996,0.9936035488038942
-0.2428045,0.6046802,-0.7585564,0,-0.04390109,0.7743058,0.631287,0,-0.9690813,-0.1865808,0.1614588,0,3.905641,18.50702,-24.80924,1,-0.2428045,-0.04390109,-0.9690813,0,0.6046801,0.7743058,-0.1865808,0,-0.7585564,0.6312869,0.1614588,0,-29.06173,1.503124,11.24361,1,1.0,1.0,0.0008455962,-0.003653458,-0.01978156,5.7,88,0.04333591828812376,-0.15177887506985377,0.9874640101131051,0.060924529324041354,-0.09463421466645275,0.9936460975322692
-0.2497078,0.5930934,-0.7654321,0,-0.04244593,0.7830092,0.6205602,0,-0.9673905,-0.1874482,0.1703491,0,3.679039,18.16617,-25.09461,1,-0.2497078,-0.04244595,-0.9673905,0,0.5930934,0.7830092,-0.1874482,0,-0.7654321,0.6205602,0.1703491,0,-29.06377,1.5046,11.23913,1,1.0,1.0,0.0008499986,-0.003645409,-0.01981218,5.72,89,0.041086087906398866,-0.15325455802929905,0.9873322509792697,0.0586727083461422,-0.09611272702379728,0.9936397018031121
