mat_00,mat_10,mat_20,mat_30,mat_01,mat_11,mat_21,mat_31,mat_02,mat_12,mat_22,mat_32,mat_03,mat_13,mat_23,mat_33,ctw_00,ctw_10,ctw_20,ctw_30,ctw_01,ctw_11,ctw_21,ctw_31,ctw_02,ctw_12,ctw_22,ctw_32,ctw_03,ctw_13,ctw_23,ctw_33,opennessl,opennessr,eye_x,eye_y,eye_z,time,frame,ray_x,ray_y,ray_z,base_x,base_y,base_z
-0.1323463,-0.04437232,-0.99021,0,0.05198776,0.9973117,-0.05163897,0,-0.9898394,0.05831302,0.1296837,0,7.023859,-3.608087,-29.7674,1,-0.1323463,0.05198774,-0.9898391,0,-0.04437231,0.9973118,0.05831301,0,-0.9902096,-0.05163897,0.1296836,0,-28.70648,1.696075,11.02323,1,0.0,0.0,-0.002152465,-0.0003692093,-0.02239293,4.04,1,-0.04095001915098723,-0.10795269756798655,0.9933122927958399,-0.023243816370681465,-0.05045715358486598,0.9984557079072858
0.3922095,-0.07584499,-0.9167439,0,0.1029489,0.9939533,-0.03818823,0,-0.914097,0.07939999,-0.3976461,0,21.18549,-4.731779,-21.86793,1,0.3922094,0.1029489,-0.9140969,0,-0.07584497,0.9939534,0.0794,0,-0.9167438,-0.03818825,-0.397646,0,-28.71532,1.687047,11.0456,1,0.0,0.0,-0.002154457,-0.0003621751,-0.02236922,4.06,2,-0.04113903187816316,-0.11032028798708944,0.9930443162893451,-0.023437574126714295,-0.05283606096159349,0.9983281177955059
0.3911655,-0.07567622,-0.9172038,0,0.1005649,0.9941604,-0.03913718,0,-0.9148095,0.07692938,-0.3964916,0,21.16679,-4.700048,-21.89227,1,0.3911655,0.1005649,-0.9148093,0,-0.0756762,0.9941604,0.07692938,0,-0.9172037,-0.0391372,-0.3964916,0,-28.71507,1.687164,11.04505,1,1.0,1.0,-0.00215599,-0.000361908,-0.02236199,4.08,3,-0.04150369471728213,-0.109867678342184,0.9930793203871043,-0.02380155533539172,-0.05238181151804931,0.9983434438036362
0.3900057,-0.0760982,-0.9176626,0,0.09902689,0.9942657,-0.04036427,0,-0.9154721,0.07513096,-0.3953051,0,21.1429,-4.692542,-21.91651,1,0.3900057,0.09902687,-0.9154721,0,-0.0760982,0.9942657,0.07513098,0,-0.9176626,-0.04036428,-0.395305,0,-28.71491,1.687274,11.04459,1,1.0,1.0,-0.002159958,-0.0003614349,-0.022359,4.1,4,-0.04020357097374494,-0.10927708394829509,0.993197962042168,-0.022499523950676923,-0.05178669518521548,0.9984046822925994
0.3870488,-0.07618608,-0.9189064,0,0.09551433,0.9945321,-0.04222496,0,-0.9170988,0.07142559,-0.3922094,0,21.08067,-4.654737,-21.98276,1,0.3870488,0.09551432,-0.9170988,0,-0.07618608,0.994532,0.07142559,0,-0.9189063,-0.04222496,-0.3922093,0,-28.71397,1.687559,11.04368,1,1.0,1.0,-0.002161919,-0.0003659516,-0.02234172,4.12,5,-0.040966214889531,-0.10969626444649545,0.9931205862351806,-0.023263425531859575,-0.05220885583574567,0.998365187897117
0.3870488,-0.07618608,-0.9189064,0,0.09551433,0.9945321,-0.04222496,0,-0.9170988,0.07142559,-0.3922094,0,21.08067,-4.654737,-21.98276,1,0.3870488,0.09551432,-0.9170988,0,-0.07618608,0.994532,0.07142559,0,-0.9189063,-0.04222496,-0.3922093,0,-28.71397,1.687559,11.04368,1,1.0,1.0,-0.002161919,-0.0003659516,-0.02234172,4.14,6,-0.040966214889531,-0.10969626444649545,0.9931205862351806,-0.023263425531859575,-0.05220885583574567,0.998365187897117
0.3862399,-0.07570968,-0.9192861,0,0.09421002,0.9946519,-0.04233404,0,-0.9175747,0.07025485,-0.3913068,0,21.06447,-4.628348,-22.00319,1,0.3862398,0.09421001,-0.9175746,0,-0.07570966,0.9946519,0.07025485,0,-0.919286,-0.04233406,-0.3913068,0,-28.71357,1.687627,11.04338,1,1.0,1.0,-0.002146073,-0.0003871308,-0.02233298,4.18,7,-0.039387886092764425,-0.11036876228631612,0.9931099288299003,-0.02168553722711743,-0.05288247086590127,0.9983652546790119
0.3827282,-0.07358029,-0.9209263,0,0.09068774,0.9950013,-0.04180979,0,-0.9193992,0.06751493,-0.3874879,0,20.98846,-4.537309,-22.09293,1,0.3827281,0.09068774,-0.9193991,0,-0.07358028,0.9950014,0.06751494,0,-0.9209261,-0.0418098,-0.3874878,0,-28.71268,1.687532,11.04236,1,1.0,1.0,-0.002119332,-0.0004160004,-0.0222956,4.2,8,-0.04020519995890509,-0.1108978830281128,0.9930182281489838,-0.022504355331826816,-0.05341515858126296,0.9983187741522431
0.3808254,-0.07174421,-0.9218594,0,0.08746827,0.9953097,-0.04132687,0,-0.9205006,0.06489513,-0.3853146,0,20.95098,-4.456083,-22.1445,1,0.3808254,0.08746827,-0.9205005,0,-0.07174422,0.9953097,0.06489513,0,-0.9218594,-0.04132687,-0.3853145,0,-28.71248,1.687474,11.04197,1,1.0,1.0,-0.002092209,-0.0004165345,-0.02234679,4.24,9,-0.042637031837131585,-0.11193000341633091,0.9928009658795359,-0.024939672479233458,-0.05445558958997887,0.9982046891790463
0.3792256,-0.06965637,-0.9226787,0,0.08486143,0.9955782,-0.04028135,0,-0.9214047,0.06302411,-0.3834599,0,20.91919,-4.375808,-22.19015,1,0.3792256,0.08486142,-0.9214045,0,-0.06965637,0.9955782,0.0630241,0,-0.9226787,-0.04028135,-0.3834598,0,-28.71227,1.687378,11.04179,1,1.0,1.0,-0.002080192,-0.0004122239,-0.02237571,4.28,10,-0.04671469155741205,-0.11141936884964075,0.9926749023914341,-0.029018931103742717,-0.0539488834200649,0.9981219462647459
0.3779682,-0.06777244,-0.9233348,0,0.08327015,0.9957635,-0.03900195,0,-0.9220663,0.06214473,-0.3820103,0,20.89286,-4.312175,-22.22709,1,0.3779681,0.08327015,-0.9220662,0,-0.06777243,0.9957635,0.06214472,0,-0.9233346,-0.03900195,-0.3820103,0,-28.71212,1.687256,11.0416,1,1.0,1.0,-0.002065224,-0.0004109879,-0.02238538,4.3,11,-0.047087417113899015,-0.11148734737948421,0.9926496595092489,-0.029392047282699247,-0.05401782130017457,0.9981073001128256
0.3766631,-0.06621618,-0.9239807,0,0.08245888,0.9958791,-0.03775413,0,-0.922673,0.06196982,-0.3805711,0,20.86333,-4.265557,-22.26367,1,0.3766632,0.08245887,-0.922673,0,-0.06621618,0.9958791,0.06196982,0,-0.9239807,-0.03775413,-0.3805711,0,-28.7121,1.687067,11.04146,1,1.0,1.0,-0.002033677,-0.0003838654,-0.02244448,4.32,12,-0.04597503699607649,-0.11317161673940362,0.9925111995024531,-0.02828231097662217,-0.055708414262976805,0.9980464335220711
0.3761715,-0.06564855,-0.9242215,0,0.0822401,0.9959155,-0.03726815,0,-0.9228931,0.06198884,-0.380034,0,20.85198,-4.249486,-22.2773,1,0.3761715,0.08224008,-0.922893,0,-0.06564855,0.9959155,0.06198885,0,-0.9242215,-0.03726815,-0.380034,0,-28.71205,1.687026,11.04144,1,1.0,1.0,-0.002024568,-0.0003802186,-0.02246356,4.34,13,-0.04807853253773049,-0.111661614893073,0.9925825600263635,-0.030384200985347526,-0.05419464925283489,0.9980680038568737
0.3750821,-0.06534486,-0.9246857,0,0.08168337,0.995962,-0.03724837,0,-0.9233858,0.06156023,-0.3789051,0,20.82694,-4.236116,-22.30305,1,0.3750821,0.08168337,-0.9233858,0,-0.06534486,0.9959621,0.06156024,0,-0.9246855,-0.03724837,-0.3789051,0,-28.71193,1.687044,11.04134,1,1.0,1.0,-0.002014312,-0.0003755188,-0.02247153,4.36,14,-0.05014228536452393,-0.11143991462294271,0.9925053635357614,-0.032449001707027005,-0.053975648355555274,0.998014875476721
0.3742759,-0.0652041,-0.9250222,0,0.08153529,0.9959754,-0.0372153,0,-0.9237259,0.06149316,-0.378086,0,20.80779,-4.231332,-22.32175,1,0.3742759,0.08153529,-0.9237259,0,-0.06520409,0.9959753,0.06149317,0,-0.9250221,-0.0372153,-0.3780861,0,-28.71186,1.687023,11.04135,1,1.0,1.0,-0.001988541,-0.0003574753,-0.02250966,4.38,15,-0.052927150119267144,-0.11074996267870293,0.9924379892703212,-0.03523462484575513,-0.053287867706282736,0.9979573760273014
0.3734659,-0.06514203,-0.9253539,0,0.08188517,0.9959524,-0.0370637,0,-0.9240228,0.06193072,-0.3772884,0,20.78727,-4.234351,-22.3403,1,0.3734659,0.08188516,-0.9240227,0,-0.06514202,0.9959524,0.06193072,0,-0.9253538,-0.0370637,-0.3772884,0,-28.71185,1.687029,11.04141,1,1.0,1.0,-0.001976426,-0.0003468476,-0.02250948,4.4,16,-0.052213653082287245,-0.11094501873822762,0.9924539975479855,-0.03452095584033532,-0.05348240930375902,0.9979719111793351
0.3728541,-0.06505666,-0.9256065,0,0.08231922,0.9959249,-0.03683907,0,-0.9242312,0.06245961,-0.3766901,0,20.77129,-4.237647,-22.35408,1,0.3728541,0.08231922,-0.9242312,0,-0.06505666,0.9959249,0.06245961,0,-0.9256065,-0.03683907,-0.3766901,0,-28.71143,1.686999,11.04159,1,1.0,1.0,-0.00196965,-0.0003424988,-0.02249429,4.42,17,-0.055464224287780695,-0.11108458325651131,0.9922620294997092,-0.037774431610474606,-0.05362947007181134,0.9978461666290663
0.3726411,-0.06498636,-0.9256972,0,0.08220436,0.9959349,-0.0368257,0,-0.9243274,0.06237357,-0.3764685,0,20.7665,-4.234704,-22.35902,1,0.3726411,0.08220435,-0.9243273,0,-0.06498635,0.9959348,0.06237357,0,-0.9256972,-0.03682571,-0.3764684,0,-28.71133,1.687006,11.04171,1,1.0,1.0,-0.001960288,-0.0003399582,-0.02247077,4.44,18,-0.05826608994162154,-0.11105667548087274,0.9921045698887042,-0.040578658168024036,-0.05360780860456723,0.9977372276095038
0.3719536,-0.06455776,-0.9260038,0,0.08225614,0.9959465,-0.03639361,0,-0.9245997,0.06263275,-0.3757561,0,20.74984,-4.225239,-22.37631,1,0.3719535,0.08225612,-0.9245996,0,-0.06455775,0.9959464,0.06263275,0,-0.9260036,-0.0363936,-0.3757561,0,-28.71129,1.686955,11.0419,1,1.0,1.0,-0.001948152,-0.0003409043,-0.0224679,4.46,19,-0.0629583014583952,-0.1082618443384315,0.9921268191808518,-0.045269728251532505,-0.05081152412265703,0.9976817331796572
0.3714387,-0.06385634,-0.926259,0,0.08272313,0.9959405,-0.03548742,0,-0.9247649,0.06344163,-0.3752133,0,20.73605,-4.213984,-22.39088,1,0.3714387,0.08272312,-0.9247649,0,-0.06385634,0.9959404,0.06344164,0,-0.9262589,-0.03548742,-0.3752132,0,-28.71102,1.686931,11.04196,1,1.0,1.0,-0.001997857,-0.0003492585,-0.02272754,4.48,20,-0.051982816319073914,-0.12017493110711149,0.9913908274444232,-0.034309100215112,-0.06275850006940156,0.9974388484069929
0.3707445,-0.06272438,-0.9266144,0,0.08330914,0.9959407,-0.03408468,0,-0.9249909,0.06455874,-0.374465,0,20.7177,-4.19361,-22.41143,1,0.3707445,0.08330914,-0.9249908,0,-0.06272437,0.9959406,0.06455874,0,-0.9266143,-0.03408468,-0.374465,0,-28.71077,1.686726,11.04212,1,1.0,1.0,-0.002283525,-0.0007054214,-0.02246246,4.5,21,-0.020184439324571948,-0.16577006142890938,0.98595784653453,-0.0026125813785721026,-0.10862368836663815,0.9940795082608672
0.3700125,-0.0612602,-0.9270048,0,0.08361242,0.9959701,-0.03244393,0,-0.9252566,0.06550445,-0.3736435,0,20.6991,-4.161905,-22.43411,1,0.3700125,0.0836124,-0.9252566,0,-0.0612602,0.9959701,0.06550445,0,-0.9270049,-0.03244394,-0.3736435,0,-28.71041,1.68658,11.04225,1,1.0,1.0,-0.002362854,-0.0009527131,-0.02257607,4.52,22,0.004773795488472042,-0.23409957188073574,0.9722009058429694,0.022096557731207268,-0.17765834766660538,0.983844120600821
0.3686917,-0.05967681,-0.9276342,0,0.08354886,0.9960254,-0.03086976,0,-0.9257894,0.06612134,-0.3722123,0,20.66721,-4.12313,-22.47012,1,0.3686917,0.08354884,-0.9257894,0,-0.05967681,0.9960254,0.06612135,0,-0.9276341,-0.03086977,-0.3722123,0,-28.70993,1.686373,11.04245,1,1.0,1.0,-0.002368828,-0.0009490433,-0.02257254,4.56,23,0.0016928484379352894,-0.22935685514948584,0.9733409306404944,0.01903641379049286,-0.17285462473354443,0.9847633693726746
0.3678336,-0.05879521,-0.928031,0,0.08420604,0.9960049,-0.02972583,0,-0.9260712,0.06721165,-0.3713149,0,20.64461,-4.109684,-22.49305,1,0.3678336,0.08420603,-0.9260712,0,-0.05879519,0.9960049,0.06721166,0,-0.928031,-0.02972584,-0.371315,0,-28.70965,1.686241,11.04259,1,1.0,1.0,-0.002366639,-0.0009433365,-0.02257199,4.58,24,0.0011249537843818892,-0.2287437100655661,0.9734860294757305,0.01847119479787841,-0.17223355017971,0.9848829469308685
0.3667876,-0.05765493,-0.9285164,0,0.08487572,0.9959891,-0.02831648,0,-0.9264248,0.06842236,-0.37021,0,20.6175,-4.090174,-22.52153,1,0.3667877,0.08487573,-0.9264249,0,-0.05765493,0.9959891,0.06842238,0,-0.9285163,-0.02831648,-0.37021,0,-28.70967,1.686113,11.04272,1,1.0,1.0,-0.002370598,-0.0009276734,-0.02257192,4.6,25,-0.0016052567276722799,-0.2279077802252691,0.973681399053935,0.015744899022478765,-0.17138494107856198,0.9850783218233308
0.3655698,-0.05670078,-0.9290553,0,0.08524895,0.9959872,-0.02724144,0,-0.9268719,0.06924234,-0.3689365,0,20.58686,-4.071826,-22.55257,1,0.3655697,0.08524893,-0.9268717,0,-0.05670076,0.9959871,0.06924233,0,-0.9290553,-0.02724145,-0.3689364,0,-28.70939,1.686114,11.04286,1,1.0,1.0,-0.002368309,-0.000926506,-0.02257191,4.62,26,-0.001475491958630894,-0.22784843458535414,0.9736954933553321,0.015874894333448214,-0.17132501487828103,0.9850866596431295
0.3651316,-0.05610827,-0.9292636,0,0.08511059,0.9960138,-0.02669645,0,-0.9270573,0.06934245,-0.3684515,0,20.57654,-4.055964,-22.56468,1,0.3651316,0.08511058,-0.9270572,0,-0.05610826,0.9960137,0.06934245,0,-0.9292636,-0.02669646,-0.3684515,0,-28.70925,1.686118,11.04289,1,1.0,1.0,-0.002365227,-0.000924736,-0.02257207,4.64,27,-0.0013165280171476754,-0.2275856371282176,0.9737571794482048,0.016034932212824187,-0.171059261338541,0.9851302503015746
0.3640451,-0.05537745,-0.9297336,0,0.08522715,0.9960234,-0.02595443,0,-0.9274738,0.06978996,-0.3673171,0,20.54964,-4.039881,-22.59142,1,0.3640451,0.08522715,-0.9274737,0,-0.05537745,0.9960235,0.06978997,0,-0.9297335,-0.02595443,-0.3673171,0,-28.70872,1.686082,11.04298,1,1.0,1.0,-0.002362031,-0.0009232636,-0.02257224,4.66,28,-0.0022902733774491624,-0.22704715064316552,0.9738810738651184,0.01506354911108404,-0.17051352672225453,0.9852401873111536
0.3630797,-0.05465703,-0.9301537,0,0.08555109,0.9960167,-0.02513289,0,-0.9278223,0.07045041,-0.3663095,0,20.5251,-4.02632,-22.61541,1,0.3630797,0.08555109,-0.9278222,0,-0.05465702,0.9960167,0.07045041,0,-0.9301534,-0.02513289,-0.3663094,0,-28.70811,1.685947,11.04306,1,1.0,1.0,-0.002355767,-0.0009148941,-0.02257268,4.68,29,-0.003390559026640347,-0.22267801660466477,0.9748861497787829,0.013981347468367263,-0.16609258113854533,0.9860110427443014
0.3621168,-0.05342114,-0.9306007,0,0.08637878,0.9959837,-0.0235626,0,-0.9281219,0.07185175,-0.3652768,0,20.49934,-4.005988,-22.64194,1,0.3621167,0.0863788,-0.9281218,0,-0.05342112,0.9959838,0.07185175,0,-0.9306006,-0.0235626,-0.3652768,0,-28.70777,1.685688,11.04314,1,1.0,1.0,-0.002347016,-0.0009016114,-0.02257749,4.7,30,-0.0029505599589849736,-0.22394720862047257,0.9745968099409246,0.01441612096942308,-0.16737679624787086,0.9857875955468265
0.3611034,-0.05079467,-0.9311414,0,0.086987,0.9959965,-0.02059839,0,-0.9284598,0.07355905,-0.3640762,0,20.47295,-3.94918,-22.67541,1,0.3611034,0.08698701,-0.9284599,0,-0.05079468,0.9959965,0.07355905,0,-0.9311414,-0.02059839,-0.3640762,0,-28.70746,1.685413,11.04323,1,1.0,1.0,-0.002339905,-0.0008870774,-0.02257793,4.72,31,-0.0037122396724629083,-0.2219177987134464,0.9750583110208293,0.013662785613890234,-0.16532337114261428,0.9861447719494894
0.3589224,-0.04377428,-0.9323404,0,0.08529348,0.9962584,-0.01393992,0,-0.9294621,0.07451919,-0.361313,0,20.4241,-3.758115,-22.75087,1,0.3589223,0.08529346,-0.9294621,0,-0.04377427,0.9962583,0.0745192,0,-0.9323403,-0.01393993,-0.361313,0,-28.70673,1.684866,11.04329,1,1.0,1.0,-0.002333931,-0.000882042,-0.02258149,4.76,32,-0.005716254209882486,-0.22036478873006882,0.9754007813846368,0.011665191685542402,-0.1637511397605984,0.986432708059726
0.3561743,-0.0367851,-0.9336953,0,0.08360084,0.9964721,-0.007367335,0,-0.9306723,0.07543364,-0.357993,0,20.36124,-3.56736,-22.83705,1,0.3561742,0.08360083,-0.9306722,0,-0.03678509,0.9964721,0.07543365,0,-0.9336951,-0.007367343,-0.3579929,0,-28.70622,1.68431,11.04324,1,0.9994307,0.9887877,-0.002331162,-0.000879921,-0.02258326,4.78,33,-0.0062539006574216655,-0.21986166855190342,0.9755110124586702,0.01112959479242112,-0.16324194854469626,0.9865232882983996
0.3527218,-0.02911642,-0.9352751,0,0.08266262,0.9965776,0.0001498312,0,-0.9320698,0.07736515,-0.3539214,0,20.279,-3.368052,-22.93959,1,0.3527218,0.08266262,-0.93207,0,-0.02911642,0.9965776,0.07736515,0,-0.9352752,0.000149838,-0.3539215,0,-28.70574,1.683647,11.0432,1,1.0,1.0,-0.00287777,-0.001073883,-0.02265555,4.8,34,0.06890882866355885,-0.24826070155618157,0.9662392029901544,0.08611517747451489,-0.19220556289617075,0.9775690245707969
0.3486494,-0.01952976,-0.9370498,0,0.08165123,0.9966146,0.009608898,0,-0.9336899,0.0798614,-0.3490637,0,20.1813,-3.119692,-23.05942,1,0.3486493,0.08165123,-0.9336898,0,-0.01952974,0.9966147,0.0798614,0,-0.9370496,0.009608892,-0.3490637,0,-28.70494,1.682879,11.04301,1,0.9910967,0.9634026,-0.003472901,-0.00130645,-0.02281076,4.82,35,0.1819761322344832,-0.29199669771296627,0.9389476107971628,0.19867822420860162,-0.23755857684163048,0.9508379913498912
0.3460637,-0.01399868,-0.9381066,0,0.08071771,0.9966255,0.01490452,0,-0.9347324,0.08087973,-0.3460259,0,20.11998,-2.971719,-23.13188,1,0.3460638,0.0807177,-0.9347323,0,-0.01399868,0.9966255,0.08087973,0,-0.9381065,0.01490451,-0.3460259,0,-28.70457,1.682421,11.04292,1,0.9883654,0.9352894,-0.003953996,-0.001404244,-0.02295051,4.84,36,0.26404138776867925,-0.320041190811443,0.9098658042421329,0.2802122454645972,-0.2673175671553788,0.9219666023136727
0.339474,-0.0001772754,-0.9406155,0,0.07804462,0.9965572,0.02797898,0,-0.9373721,0.08290812,-0.3383191,0,19.96403,-2.596182,-23.31026,1,0.339474,0.07804462,-0.937372,0,-0.0001772613,0.9965572,0.0829081,0,-0.9406154,0.02797898,-0.3383191,0,-28.70372,1.681356,11.04266,1,0.9582235,0.8947175,-0.003996758,-0.001399964,-0.02295895,4.86,37,0.27429182879431196,-0.3250530954680531,0.9050439093123097,0.2903751383295769,-0.2726096918023579,0.9172601784529307
0.3316339,0.01462841,-0.9432947,0,0.07431194,0.9963679,0.04157729,0,-0.9404768,0.0838865,-0.3293424,0,19.77917,-2.180402,-23.50858,1,0.3316339,0.07431194,-0.9404768,0,0.01462841,0.9963681,0.0838865,0,-0.9432947,0.0415773,-0.3293424,0,-28.70307,1.680078,11.04238,1,0.9530082,0.90235,-0.003980492,-0.001329315,-0.02292121,4.88,38,0.257963602144429,-0.30685351049376797,0.9161308329416283,0.27424706052514763,-0.2537843506338802,0.9275678159394363
0.3273379,0.02171948,-0.9446577,0,0.07250027,0.9962113,0.04802721,0,-0.9421219,0.08420906,-0.324523,0,19.67677,-1.979596,-23.61143,1,0.3273379,0.07250027,-0.9421219,0,0.02171948,0.9962113,0.08420906,0,-0.9446577,0.04802721,-0.324523,0,-28.70268,1.679516,11.04216,1,0.9549315,0.9131079,-0.003949364,-0.001226669,-0.02287522,4.9,39,0.24584818252586232,-0.2949372805507739,0.9233475357036721,0.26226215793338314,-0.24145939134179145,0.9342996964834018
0.3181611,0.03561566,-0.9473674,0,0.06898807,0.995775,0.06060427,0,-0.9455233,0.08463898,-0.3143598,0,19.45619,-1.583749,-23.82185,1,0.3181611,0.06898807,-0.9455232,0,0.03561566,0.9957749,0.08463897,0,-0.9473674,0.06060426,-0.3143598,0,-28.70184,1.678519,11.04169,1,0.9520217,0.9158913,-0.003936738,-0.001180428,-0.02286237,4.92,40,0.24283178471410277,-0.28595054394467545,0.9269654851990486,0.2593107067975859,-0.232275902140831,0.9374464585376594
0.3074003,0.04961572,-0.9502859,0,0.06518231,0.9951962,0.07304585,0,-0.9493452,0.08439615,-0.3026896,0,19.19518,-1.177361,-24.05438,1,0.3074004,0.06518232,-0.9493452,0,0.04961573,0.9951963,0.08439615,0,-0.9502859,0.07304586,-0.3026896,0,-28.70073,1.677593,11.0412,1,0.9621554,0.9208407,-0.003895386,-0.001067772,-0.02281646,4.94,41,0.2365461145425006,-0.27626951053892385,0.9315154820191822,0.25310711038866784,-0.2223421708281548,0.9415416877346018
0.2947406,0.06397903,-0.9534332,0,0.06107551,0.9944548,0.08561239,0,-0.9536235,0.08346486,-0.2891986,0,18.88511,-0.7526177,-24.31372,1,0.2947406,0.06107552,-0.9536235,0,0.06397903,0.9944548,0.08346485,0,-0.953433,0.08561239,-0.2891986,0,-28.69956,1.676582,11.04061,1,0.9732323,0.9296156,-0.003832566,-0.001008293,-0.02280007,4.96,42,0.23634150477059718,-0.26846888574140354,0.9338453568506612,0.25294404883580335,-0.2144199784839714,0.9434211048018185
0.2803783,0.07899555,-0.9566335,0,0.05744035,0.9934412,0.0988701,0,-0.9581694,0.08267039,-0.2740018,0,18.52829,-0.3101249,-24.59466,1,0.2803783,0.05744034,-0.9581693,0,0.07899556,0.9934411,0.08267038,0,-0.9566336,0.0988701,-0.2740018,0,-28.69851,1.675497,11.03989,1,0.9830357,0.9457526,-0.003782242,-0.0009625398,-0.02276733,4.98,43,0.2158940385303148,-0.2571627884795339,0.9419432383899262,0.23264412409887814,-0.20264476630835757,0.9512159640218919
0.2724183,0.0864857,-0.9582842,0,0.05578269,0.9928573,0.1054637,0,-0.9605606,0.08218591,-0.2656481,0,18.32851,-0.08832121,-24.74489,1,0.2724182,0.05578269,-0.9605604,0,0.08648571,0.9928573,0.08218589,0,-0.9582841,0.1054637,-0.265648,0,-28.69802,1.674964,11.03947,1,0.9830357,0.9457526,-0.003785804,-0.0009079438,-0.02274989,5.0,44,0.206356063176743,-0.24189595718147075,0.9481052268020972,0.22321746273839488,-0.1870382445557178,0.9566559775604546
0.2549728,0.1014177,-0.961615,0,0.05257924,0.9915589,0.1185172,0,-0.9655177,0.08077966,-0.2474881,0,17.88681,0.3588963,-25.06193,1,0.2549728,0.05257924,-0.9655175,0,0.1014177,0.9915589,0.08077963,0,-0.961615,0.1185172,-0.247488,0,-28.69698,1.673927,11.03851,1,0.9998705,0.9622601,-0.003762917,-0.0008809358,-0.02273323,5.02,45,0.19383458154435942,-0.22987617999126722,0.9537217082934336,0.21079804847021114,-0.17470176090196826,0.9617918056933641
0.2354563,0.1158299,-0.964958,0,0.04990369,0.990122,0.1310273,0,-0.9706029,0.07900618,-0.2273501,0,17.38615,0.7955184,-25.40036,1,0.2354563,0.04990371,-0.9706029,0,0.1158299,0.990122,0.07900617,0,-0.9649579,0.1310273,-0.2273501,0,-28.6961,1.672848,11.03742,1,0.97346,0.9379672,-0.003821785,-0.001323685,-0.02287827,5.04,46,0.22529512987034794,-0.30422769242350656,0.9255742085966804,0.24175204524978125,-0.2505848332081569,0.937423698219534
0.2137708,0.131631,-0.9679749,0,0.04712801,0.9883368,0.1448079,0,-0.9757464,0.07657443,-0.205074,0,16.82386,1.279749,-25.7551,1,0.2137707,0.04712801,-0.9757463,0,0.131631,0.9883368,0.07657442,0,-0.9679748,0.1448079,-0.205074,0,-28.6952,1.671844,11.03612,1,0.9551825,0.9090819,-0.003817482,-0.001386131,-0.02290407,5.06,47,0.22846419924170103,-0.3350875635981838,0.9140680687928449,0.2447155850792981,-0.2820600406726929,0.9276618003750157
0.18934,0.1481584,-0.9706696,0,0.04465715,0.9862287,0.1592441,0,-0.9808956,0.07349862,-0.1801162,0,16.18219,1.792699,-26.13112,1,0.18934,0.04465715,-0.9808955,0,0.1481584,0.9862286,0.07349861,0,-0.9706696,0.1592441,-0.1801162,0,-28.69422,1.670566,11.03464,1,0.9482926,0.934178,-0.003623185,-0.001260414,-0.02283139,5.08,48,0.19250564020169364,-0.30717788884192293,0.9319781773717425,0.2090818730018622,-0.2531271766452697,0.9445694272130702
0.1470157,0.1723803,-0.9739978,0,0.04243891,0.9826912,0.1803246,0,-0.9882234,0.06784597,-0.1371554,0,15.04944,2.557664,-26.73433,1,0.1470157,0.04243893,-0.9882233,0,0.1723802,0.9826912,0.06784593,0,-0.9739975,0.1803246,-0.1371554,0,-28.69257,1.668781,11.03192,1,0.9435858,0.9334987,-0.003521615,-0.001178604,-0.02278665,5.12,49,0.18148800054456105,-0.2998505129274164,0.936563812858207,0.19814769343649657,-0.24553626840396767,0.9489201402036164
0.1160811,0.187966,-0.9752918,0,0.04179306,0.9801358,0.1938739,0,-0.9923602,0.06326552,-0.1059195,0,14.20646,3.060815,-27.13751,1,0.116081,0.04179306,-0.9923599,0,0.187966,0.9801358,0.0632655,0,-0.9752916,0.1938739,-0.1059195,0,-28.69141,1.667509,11.02989,1,0.94785,0.9537146,-0.003438026,-0.001105736,-0.02274407,5.14,50,0.15985452303189668,-0.28518501592552986,0.9450481671099098,0.17666883223506058,-0.23038374473531903,0.9569281341242045
0.08316261,0.203112,-0.9756175,0,0.04111882,0.9774756,0.2070039,0,-0.9956873,0.05733123,-0.07293767,0,13.29743,3.566538,-27.53157,1,0.08316258,0.04111884,-0.9956873,0,0.203112,0.9774757,0.05733123,0,-0.9756175,0.2070039,-0.0729377,0,-28.69053,1.666162,11.02752,1,0.9543903,0.9639881,-0.003198044,-0.000970398,-0.02268607,5.16,51,0.11723472287404514,-0.25400861352693865,0.9600706453208369,0.1343234823299635,-0.19834924367578644,0.9708835046636624
0.04693788,0.2187186,-0.9746585,0,0.04011848,0.9745338,0.2206227,0,-0.9980919,0.04945741,-0.03696793,0,12.28355,4.107109,-27.92231,1,0.04693792,0.0401185,-0.9980918,0,0.2187185,0.9745338,0.04945737,0,-0.9746583,0.2206226,-0.03696789,0,-28.68958,1.66498,11.02475,1,0.9543903,0.9639881,-0.003491547,-0.001038376,-0.02273269,5.18,52,0.15086582132062465,-0.25683827456950015,0.9546065182437292,0.16785187665042378,-0.20152381286639567,0.9649942488702826
0.02851343,0.2257605,-0.9737655,0,0.04012602,0.9731178,0.2267854,0,-0.9987878,0.04553978,-0.01868808,0,11.76123,4.355251,-28.10793,1,0.02851346,0.04012603,-0.9987877,0,0.2257606,0.9731179,0.04553976,0,-0.9737654,0.2267853,-0.01868806,0,-28.68913,1.664363,11.02335,1,0.9648952,0.958745,-0.004082565,-0.001040955,-0.02283709,5.2,53,0.25238411010533945,-0.2649627068230407,0.9306433392870456,0.268927050777728,-0.2111207462735413,0.939737341948747
-0.01050854,0.2388274,-0.9710052,0,0.03986175,0.970387,0.2382439,0,-0.9991499,0.03620236,0.01971745,0,10.64319,4.838533,-28.47007,1,-0.01050857,0.03986175,-0.9991499,0,0.2388274,0.970387,0.03620237,0,-0.9710052,0.2382439,0.01971743,0,-28.68831,1.663315,11.02033,1,0.9492667,0.9363981,-0.004520255,-0.0009020921,-0.02294395,5.22,54,0.35034362196354757,-0.2506134730471244,0.9024700735629525,0.3663689940179002,-0.19852050889581788,0.9090453056751667
-0.0520463,0.2503313,-0.9667603,0,0.03975702,0.9678243,0.2484665,0,-0.9978531,0.02550375,0.06032407,0,9.434133,5.291765,-28.81183,1,-0.05204627,0.03975702,-0.9978529,0,0.2503313,0.9678242,0.02550374,0,-0.9667603,0.2484665,0.06032409,0,-28.68781,1.662202,11.01696,1,0.9264357,0.9037918,-0.004932746,-0.0007375717,-0.02306869,5.24,55,0.4234471457076666,-0.2047004523934572,0.8824909288949909,0.4391049054616763,-0.15391100365528218,0.8851543848127941
-0.09624147,0.2600223,-0.9607945,0,0.03865629,0.9655234,0.25743,0,-0.9946072,0.01236532,0.1029749,0,8.128807,5.719172,-29.12473,1,-0.09624146,0.03865629,-0.994607,0,0.2600223,0.9655234,0.01236531,0,-0.9607944,0.25743,0.1029749,0,-28.68766,1.661355,11.01337,1,0.9108326,0.9221695,-0.004683427,-0.0006138076,-0.02293961,5.26,56,0.3719786763381532,-0.17036102401106723,0.9124741014667845,0.38817887388275407,-0.11784702286907896,0.9140181842129902
-0.1431999,0.2680432,-0.952705,0,0.0370464,0.963403,0.2654847,0,-0.9890003,-0.002723083,0.1478893,0,6.718933,6.119792,-29.39998,1,-0.1431999,0.03704641,-0.9890001,0,0.2680432,0.9634031,-0.002723091,0,-0.9527049,0.2654847,0.1478893,0,-28.68772,1.660506,11.00963,1,0.9185715,0.9217731,-0.004509308,-0.0005640946,-0.0228667,5.28,57,0.33943445220612184,-0.1685417053036722,0.9254069084618181,0.3558702647411846,-0.11525159171629704,0.9274014369623863
-0.1666397,0.271947,-0.9477743,0,0.03651264,0.9622567,0.2696828,0,-0.9853417,-0.0103341,0.1702796,0,6.005192,6.317866,-29.51162,1,-0.1666396,0.03651263,-0.9853415,0,0.271947,0.9622567,-0.01033412,0,-0.9477742,0.2696828,0.1702796,0,-28.68777,1.660101,11.00768,1,0.9575033,0.9424363,-0.004389901,-0.0005256424,-0.022816,5.3,58,0.3153713186925119,-0.15213636096514074,0.9366938982498128,0.3320120730862785,-0.09819802117682869,0.9381498451536977
-0.2147727,0.2792224,-0.9358994,0,0.03622621,0.9598793,0.2780635,0,-0.9759921,-0.02581631,0.216271,0,4.517846,6.701868,-29.69041,1,-0.2147727,0.03622626,-0.975992,0,0.2792225,0.9598795,-0.02581635,0,-0.9358993,0.2780635,0.216271,0,-28.68823,1.659168,11.00357,1,0.9648715,0.9862346,-0.004242134,-0.0004734574,-0.02275381,5.32,59,0.2809004415673357,-0.1478268744221197,0.948283795667659,0.2977531877143775,-0.09319201794408878,0.950083305293507
-0.2641846,0.285329,-0.9213003,0,0.03647251,0.9575099,0.2860847,0,-0.9637824,-0.04197702,0.2633661,0,2.961211,7.059625,-29.80241,1,-0.2641846,0.03647253,-0.9637821,0,0.2853289,0.9575099,-0.04197702,0,-0.9212999,0.2860847,0.263366,0,-28.68897,1.658349,10.99924,1,1.0,1.0,-0.003823699,-0.0004033814,-0.02262144,5.34,60,0.19416312738897468,-0.12038857622125924,0.9735539382478768,0.21147993005119792,-0.06425319105517537,0.9752680486024177
-0.3164128,0.2887273,-0.9036149,0,0.03603107,0.955526,0.2926975,0,-0.9479373,-0.060055,0.3127439,0,1.284621,7.359843,-29.84838,1,-0.3164127,0.0360311,-0.9479368,0,0.2887273,0.9555261,-0.06005502,0,-0.9036145,0.2926974,0.3127437,0,-28.68994,1.657736,10.99463,1,1.0,1.0,-0.003590668,-0.0003965072,-0.02239262,5.36,61,0.16584304225946642,-0.11010835016647766,0.9799858348760665,0.18327895038387831,-0.05359011271839743,0.981599167769112
-0.3699117,0.2906393,-0.8824367,0,0.03486905,0.9534833,0.2994223,0,-0.9284125,-0.07999005,0.362839,0,-0.4678717,7.637973,-29.80202,1,-0.3699116,0.03486908,-0.9284122,0,0.2906392,0.9534833,-0.07999006,0,-0.8824364,0.2994223,0.3628388,0,-28.69135,1.657023,10.98991,1,1.0,1.0,-0.003162788,-0.0005220643,-0.02161626,5.38,62,0.08760570461972134,-0.08106905076124143,0.992850970451635,0.10528327654006499,-0.02377694898765801,0.9941579795876643
-0.4500978,0.2909553,-0.8442496,0,0.03219314,0.9501024,0.3102724,0,-0.892399,-0.1124738,0.4370059,0,-3.167676,8.010855,-29.53829,1,-0.4500977,0.03219317,-0.8923987,0,0.2909552,0.9501024,-0.1124738,0,-0.8442491,0.3102723,0.4370056,0,-28.69424,1.655757,10.98258,1,1.0,1.0,-0.004095138,-0.0005876618,-0.02252159,5.42,63,0.24346420667178825,-0.12038657577899152,0.9624096074135408,0.26057460250206677,-0.06494443079143951,0.9632668879599598
-0.5024816,0.289345,-0.8147343,0,0.03031491,0.947655,0.317854,0,-0.8640565,-0.1350171,0.4849507,0,-4.984311,8.217256,-29.2298,1,-0.5024815,0.03031494,-0.8640562,0,0.2893449,0.9476549,-0.1350171,0,-0.8147341,0.3178539,0.4849505,0,-28.69666,1.654783,10.97775,1,0.9964988,0.9863921,-0.004356285,-0.0006775055,-0.02260616,5.44,64,0.2858582654300816,-0.1376431291017369,0.9483350784909242,0.30271113823204737,-0.08302735825148155,0.9494590167943209
-0.5531676,0.2864063,-0.7822898,0,0.02884068,0.9450653,0.3256069,0,-0.8325707,-0.1575534,0.5310397,0,-6.787366,8.385479,-28.81675,1,-0.5531675,0.02884071,-0.8325706,0,0.2864062,0.9450653,-0.1575534,0,-0.7822895,0.3256069,0.5310395,0,-28.69924,1.653857,10.97303,1,0.9723705,0.9613955,-0.005095208,-0.0009277344,-0.02291277,5.46,65,0.42094092382500103,-0.196738169499243,0.8854958110072805,0.4366526250879053,-0.14578613661176654,0.8877392000895625
-0.6010461,0.2807412,-0.7482834,0,0.02794851,0.9430842,0.3313775,0,-0.7987256,-0.1782597,0.5746834,0,-8.536613,8.454047,-28.32855,1,-0.601046,0.02794852,-0.7987255,0,0.2807412,0.9430842,-0.1782597,0,-0.7482834,0.3313774,0.5746832,0,-28.70208,1.653151,10.96855,1,0.9723705,0.9613955,-0.005110283,-0.0008997116,-0.0229304,5.48,66,0.4412568488634557,-0.205354133446934,0.8735685852910188,0.4567527949269944,-0.15509635502035443,0.8759691803858051
-0.623438,0.2774976,-0.7309721,0,0.02806502,0.9422387,0.3337641,0,-0.781369,-0.1875665,0.5952154,0,-9.372529,8.46469,-28.06052,1,-0.6234381,0.028065,-0.7813689,0,0.2774976,0.9422387,-0.1875665,0,-0.7309721,0.3337641,0.5952154,0,-28.70358,1.652875,10.96634,1,0.9557384,0.9317741,-0.004773904,-0.0007984161,-0.02278511,5.5,67,0.39507771258836755,-0.1823440891541389,0.9003689433596045,0.4110585425089246,-0.13053185825773692,0.9022152229984932
-0.6653174,0.271107,-0.695596,0,0.02870794,0.9403355,0.3390354,0,-0.7460086,-0.205597,0.6334046,0,-10.96848,8.482679,-27.47158,1,-0.6653173,0.02870799,-0.7460083,0,0.271107,0.9403356,-0.205597,0,-0.6955959,0.3390354,0.6334044,0,-28.70636,1.652155,10.96205,1,0.9653643,0.9435747,-0.004494919,-0.0007073135,-0.0226657,5.52,68,0.34174666201000276,-0.1756225438456814,0.9232366658112061,0.35814343617008226,-0.12244815713302336,0.9256023595167705
-0.7031986,0.2652591,-0.6596587,0,0.02984735,0.9379938,0.3453647,0,-0.7103669,-0.2231708,0.6675133,0,-12.45322,8.512065,-26.82322,1,-0.7031985,0.02984741,-0.7103667,0,0.265259,0.9379938,-0.2231708,0,-0.6596586,0.3453646,0.667513,0,-28.70915,1.65122,10.95813,1,0.993451,0.9925467,-0.004157753,-0.0006714477,-0.02257942,5.54,69,0.3040208566067844,-0.1548867940284349,0.939990106215842,0.32072214779455677,-0.10074215588705217,0.9418005744005868
-0.7371759,0.2593374,-0.623952,0,0.03167471,0.935662,0.351473,0,-0.6749583,-0.2393339,0.697962,0,-13.82413,8.52357,-26.14074,1,-0.7371757,0.03167474,-0.6749581,0,0.2593373,0.9356621,-0.2393339,0,-0.6239518,0.351473,0.6979617,0,-28.71186,1.65046,10.95451,1,1.0,1.0,-0.003732263,-0.0006042786,-0.02245742,5.56,70,0.22553761311175857,-0.13176052519846615,0.965283351701082,0.24270206199474387,-0.07611533190654884,0.9671102136531572
-0.7674394,0.2531053,-0.5890455,0,0.03357716,0.93338,0.3573154,0,-0.6402417,-0.2544394,0.7248112,0,-15.08096,8.514533,-25.44131,1,-0.7674394,0.03357714,-0.6402417,0,0.2531053,0.9333801,-0.2544394,0,-0.5890454,0.3573154,0.7248111,0,-28.71488,1.649649,10.95111,1,1.0,1.0,-0.003442291,-0.0005597992,-0.02229409,5.58,71,0.18639141837923667,-0.12981767156340732,0.9738611868764622,0.20371492976808198,-0.07364089243978438,0.9762567522687142
-0.781513,0.2502848,-0.5714852,0,0.03478265,0.9320586,0.3606341,0,-0.6229189,-0.2619624,0.7371215,0,-15.67875,8.518453,-25.07675,1,-0.7815126,0.03478263,-0.6229188,0,0.2502848,0.9320586,-0.2619624,0,-0.571485,0.3606341,0.7371212,0,-28.71617,1.649182,10.94953,1,1.0,1.0,-0.003186248,-0.0005742187,-0.02199705,5.6,72,0.14393787677360126,-0.11066045111814131,0.9833799632838961,0.1614377422794324,-0.053923081888841984,0.9854086241794968
-0.8069527,0.2450132,-0.5373976,0,0.03654745,0.9288641,0.3686133,0,-0.5894845,-0.2778129,0.758504,0,-16.78224,8.546564,-24.34389,1,-0.8069525,0.03654747,-0.5894843,0,0.2450131,0.9288641,-0.2778129,0,-0.5373974,0.3686132,0.7585038,0,-28.71884,1.64823,10.94641,1,1.0,1.0,-0.002950928,-0.0002561951,-0.02287239,5.62,73,0.09271447259817174,-0.1088677348992066,0.989723114243958,0.11033549854766629,-0.051714970161361444,0.9925480540615892
-0.8296769,0.2396015,-0.5042101,0,0.03852791,0.92563,0.3764634,0,-0.5569132,-0.2929167,0.7772051,0,-17.79849,8.562672,-23.60765,1,-0.8296766,0.03852787,-0.556913,0,0.2396014,0.9256299,-0.2929167,0,-0.5042099,0.3764633,0.7772049,0,-28.72183,1.647288,10.94392,1,1.0,1.0,-0.003085443,-0.000569191,-0.02203689,5.64,74,0.12030773628811522,-0.10078635617182302,0.9876072898671999,0.13788667969609197,-0.04379739232752912,0.9894791821901538
-0.8498006,0.2326261,-0.4729948,0,0.04037807,0.9234385,0.3816163,0,-0.5255555,-0.3051991,0.7941315,0,-18.72588,8.500627,-22.90376,1,-0.8498006,0.04037808,-0.5255555,0,0.2326261,0.9234385,-0.3051991,0,-0.4729948,0.3816163,0.7941316,0,-28.72409,1.646759,10.9415,1,1.0,1.0,-0.00377675,-0.0004139023,-0.02248689,5.66,75,0.24089599547678295,-0.10168689279374302,0.9652092494362057,0.25805668551173117,-0.04611180334448073,0.9650287294454085
-0.8677287,0.2247481,-0.4433233,0,0.0418397,0.9217923,0.3854198,0,-0.4952743,-0.3158913,0.8092691,0,-19.57741,8.393972,-22.22212,1,-0.8677284,0.04183971,-0.4952742,0,0.224748,0.9217924,-0.3158912,0,-0.4433231,0.3854198,0.8092688,0,-28.72598,1.646457,10.93906,1,1.0,1.0,-0.004597329,-0.0003066101,-0.0227231,5.68,76,0.3778405966844714,-0.08163340360627357,0.9222648594155464,0.39421432376909615,-0.02870855872409535,0.9185700221492422
-0.8913425,0.2126127,-0.4003806,0,0.04425969,0.9197923,0.3899015,0,-0.451165,-0.329815,0.8292601,0,-20.74609,8.201074,-21.2135,1,-0.8913423,0.04425969,-0.4511649,0,0.2126127,0.9197924,-0.329815,0,-0.4003805,0.3899015,0.8292599,0,-28.72899,1.646106,10.93644,1,1.0,1.0,-0.004320029,-0.0002797776,-0.02263445,5.72,77,0.3415794175069753,-0.07204787414250438,0.9370872986905441,0.3582230208272242,-0.018247066878233374,0.9334577183245952
-0.9046596,0.2045836,-0.3738135,0,0.04593977,0.9189283,0.3917402,0,-0.4236514,-0.3372186,0.8407159,0,-21.43431,8.052828,-20.57818,1,-0.9046596,0.04593976,-0.4236514,0,0.2045836,0.9189282,-0.3372186,0,-0.3738135,0.3917402,0.8407158,0,-28.73063,1.646016,10.93529,1,1.0,1.0,-0.004128784,-0.0002492141,-0.02256505,5.74,78,0.31226873202164407,-0.07771168761536264,0.9468099770331777,0.3290902360872409,-0.023310731244049806,0.9440107130329144
-0.9164138,0.196583,-0.348627,0,0.04747359,0.9183036,0.39302,0,-0.3974065,-0.3436184,0.8508786,0,-22.06319,7.893855,-19.96751,1,-0.9164139,0.04747358,-0.3974065,0,0.196583,0.9183036,-0.3436184,0,-0.3486271,0.3930201,0.8508787,0,-28.73203,1.646096,10.93435,1,1.0,1.0,-0.003982369,-0.0002024841,-0.02251151,5.76,79,0.2697859337268324,-0.062173840667323385,0.9609110070655947,0.28686544712959045,-0.006942030632149563,0.9579457309544432
-0.9266155,0.1892126,-0.3249349,0,0.04889812,0.917463,0.3948045,0,-0.3728177,-0.3499432,0.8593876,0,-22.62884,7.752957,-19.38264,1,-0.9266152,0.04889813,-0.3728176,0,0.1892125,0.917463,-0.3499432,0,-0.3249348,0.3948045,0.8593873,0,-28.73328,1.645808,10.93385,1,1.0,1.0,-0.003725204,-0.0001916047,-0.02240521,5.78,80,0.2370484159591941,-0.05745230543519887,0.9697975464453482,0.25429147513051764,-0.00168231967710073,0.967126163164067
-0.9381921,0.1848809,-0.2926003,0,0.05461601,0.9138715,0.4023134,0,-0.3417791,-0.3614665,0.8674845,0,-23.31165,7.761867,-18.55459,1,-0.9381917,0.05461603,-0.341779,0,0.1848808,0.9138715,-0.3614665,0,-0.2926002,0.4023133,0.8674842,0,-28.7349,1.644599,10.93403,1,1.0,1.0,-0.003418496,-9.869382e-05,-0.02278385,5.82,81,0.18932979242404704,-0.05225978178590756,0.9805218737531337,0.206771523195323,0.004168956063611429,0.9783803743947573
-0.943529,0.1859534,-0.2741795,0,0.06038491,0.9102798,0.4095662,0,-0.3257403,-0.3698812,0.8701042,0,-23.6504,7.891827,-18.06623,1,-0.943529,0.06038496,-0.3257402,0,0.1859533,0.9102798,-0.3698812,0,-0.2741795,0.4095661,0.870104,0,-28.73574,1.643675,10.93465,1,1.0,1.0,-0.003303161,-0.0005716476,-0.02143292,5.84,82,0.16676589449072507,-0.03227282111798187,0.9854682143284963,0.18429934589409375,0.024431043612606815,0.9825664736856272
-0.9478378,0.1858083,-0.2589959,0,0.06435391,0.9073449,0.415432,0,-0.3121893,-0.3770947,0.8719734,0,-23.92893,7.972537,-17.66031,1,-0.9478377,0.06435391,-0.3121893,0,0.1858083,0.9073449,-0.3770947,0,-0.2589959,0.415432,0.8719732,0,-28.73605,1.642736,10.93536,1,1.0,1.0,-0.003031509,-0.0004356995,-0.02144554,5.86,83,0.13700389985319938,-0.017718417553271155,0.9904120299675393,0.1546301697291941,0.03927686610861996,0.9871913889404658
-0.9515827,0.1843631,-0.2459696,0,0.06648457,0.904677,0.4208793,0,-0.3001176,-0.3841482,0.8731322,0,-24.17165,8.013802,-17.30792,1,-0.9515822,0.06648457,-0.3001176,0,0.1843631,0.9046771,-0.3841481,0,-0.2459695,0.4208792,0.8731319,0,-28.73599,1.641684,10.93625,1,1.0,1.0,-0.002931,-0.0002499467,-0.02181401,5.88,84,0.12396473480468542,-0.01761416436892818,0.992130276595966,0.14162369210206824,0.039493417790456745,0.9891324480506172
-0.9532328,0.1834963,-0.2401592,0,0.06697313,0.903093,0.4241906,0,-0.2947235,-0.3882681,0.8731471,0,-24.27856,8.037294,-17.14669,1,-0.9532326,0.06697315,-0.2947235,0,0.1834963,0.903093,-0.3882682,0,-0.2401592,0.4241906,0.8731471,0,-28.73587,1.641051,10.93674,1,1.0,1.0,-0.002867059,-0.0002510682,-0.02175626,5.9,85,0.10271961860192023,-0.004509974908213861,0.9947001257065381,0.12042774076112499,0.05274580627964907,0.9913198470600095
-0.9561719,0.1826738,-0.2288358,0,0.06853019,0.899435,0.4316484,0,-0.2846738,-0.3970478,0.8725331,0,-24.4746,8.11758,-16.82708,1,-0.9561717,0.06853019,-0.2846737,0,0.1826738,0.899435,-0.3970478,0,-0.2288358,0.4316483,0.872533,0,-28.73542,1.639394,10.93797,1,1.0,1.0,-0.003241836,-0.0004942322,-0.02196726,5.92,86,0.1388696858976559,-0.0436749726490029,0.9893471115350744,0.1564766839037398,0.013300188515423023,0.9875920981761362
-0.9589905,0.181047,-0.2180814,0,0.06899869,0.8953843,0.4399162,0,-0.2749121,-0.406828,0.8711569,0,-24.6619,8.186623,-16.51682,1,-0.9589903,0.0689987,-0.2749121,0,0.181047,0.8953843,-0.406828,0,-0.2180814,0.4399162,0.8711569,0,-28.7347,1.637482,10.93943,1,1.0,1.0,-0.003978287,-0.001089493,-0.02236683,5.94,87,0.30494387394886135,-0.18262671571511804,0.9346960556502687,0.32155068459915487,-0.12874211267614408,0.9380994753529595
-0.9620196,0.1778976,-0.2070527,0,0.06797001,0.8907024,0.4494767,0,-0.2643832,-0.418332,0.8689649,0,-24.86111,8.231878,-16.19186,1,-0.9620195,0.06797,-0.2643832,0,0.1778976,0.8907025,-0.418332,0,-0.2070527,0.4494767,0.8689648,0,-28.73388,1.635518,10.94095,1,1.0,1.0,-0.00412204,-0.001318573,-0.02245512,5.96,88,0.3204386311554608,-0.24745531027191014,0.9143768113209384,0.3366809157798974,-0.1946503364023969,0.9212802003126103
-0.9656388,0.173196,-0.1937653,0,0.06654492,0.885493,0.4598629,0,-0.2512242,-0.4311673,0.8665918,0,-25.10537,8.24789,-15.80146,1,-0.9656388,0.06654493,-0.2512242,0,0.1731959,0.8854931,-0.4311672,0,-0.1937653,0.4598628,0.8665916,0,-28.73299,1.633692,10.94256,1,0.9931543,0.9826597,-0.004116127,-0.001295349,-0.02242925,5.98,89,0.30481714947003147,-0.25014799985267483,0.9189736032980874,0.3211438239280251,-0.19705744396064248,0.9263017910662723
