mat_00,mat_10,mat_20,mat_30,mat_01,mat_11,mat_21,mat_31,mat_02,mat_12,mat_22,mat_32,mat_03,mat_13,mat_23,mat_33,ctw_00,ctw_10,ctw_20,ctw_30,ctw_01,ctw_11,ctw_21,ctw_31,ctw_02,ctw_12,ctw_22,ctw_32,ctw_03,ctw_13,ctw_23,ctw_33,opennessl,opennessr,eye_x,eye_y,eye_z,time,frame,ray_x,ray_y,ray_z,base_x,base_y,base_z
-0.01288545,-0.1068094,-0.9941961,0,0.03607417,0.9935817,-0.107211,0,-0.9992661,0.03724625,0.008949757,0,10.81768,-5.080936,-28.4675,1,-0.01288552,0.03607415,-0.999266,0,-0.1068094,0.9935816,0.03724625,0,-0.9941959,-0.107211,0.008949685,0,-28.70557,1.606058,11.25376,1,0.0,0.0,0.0006035082,0.0003999328,-0.02108613,3.84,1,-0.052238645374749704,-0.2012700027901753,0.9781418659408531,-0.03480097015697124,-0.1444822764659061,0.9888952241078743
-0.01261985,-0.1078476,-0.9940874,0,0.03590266,0.9934766,-0.1082372,0,-0.9992756,0.03705632,0.008665442,0,10.82566,-5.108545,-28.45966,1,-0.01261979,0.03590267,-0.9992756,0,-0.1078477,0.9934766,0.03705632,0,-0.9940873,-0.1082372,0.00866551,0,-28.70571,1.606158,11.25374,1,0.0,0.0,0.000602928,0.0003974076,-0.02108807,3.86,2,-0.052396235366351955,-0.20282587459451099,0.9778119957918319,-0.034964413041057386,-0.14605441714472425,0.9886584835286699
-0.01226902,-0.1095491,-0.9939056,0,0.03570223,0.9932987,-0.1099229,0,-0.9992871,0.0368333,0.008275628,0,10.83624,-5.154687,-28.44741,1,-0.012269,0.03570224,-0.9992873,0,-0.1095491,0.9932987,0.0368333,0,-0.9939057,-0.1099229,0.008275656,0,-28.70579,1.606243,11.25381,1,1.0,1.0,0.0006026225,0.0003913346,-0.02108959,3.88,3,-0.05228927816501902,-0.204207226960197,0.9775301733686832,-0.034862494577894275,-0.1474498302649598,0.9884549327241182
-0.01214159,-0.1092456,-0.9939407,0,0.03548888,0.9933406,-0.1096131,0,-0.9992964,0.03660472,0.008183718,0,10.84045,-5.143518,-28.44793,1,-0.01214158,0.03548888,-0.9992963,0,-0.1092456,0.9933407,0.03660473,0,-0.9939405,-0.1096131,0.008183725,0,-28.70584,1.606284,11.25391,1,1.0,1.0,0.000603416,0.0003830414,-0.02108907,3.9,4,-0.05204949973385799,-0.2047199425153139,0.9774357240831651,-0.03462443719543509,-0.14796738483448937,0.9883859576977717
-0.01206124,-0.1090028,-0.9939683,0,0.03508041,0.9933825,-0.1093642,0,-0.9993117,0.03618788,0.008157611,0,10.84353,-5.131977,-28.44882,1,-0.01206129,0.0350804,-0.9993117,0,-0.1090028,0.9933825,0.03618788,0,-0.9939684,-0.1093642,0.008157562,0,-28.70584,1.606338,11.25386,1,1.0,1.0,0.0006046984,0.0003732071,-0.02109477,3.92,5,-0.05164812085443122,-0.2054144715003208,0.9773112945783701,-0.034225339235381166,-0.1486683449576735,0.9882946672737687
-0.0121994,-0.1089443,-0.993973,0,0.03432448,0.9934155,-0.1093044,0,-0.9993362,0.03545105,0.008379579,0,10.84097,-5.12205,-28.4515,1,-0.01219936,0.03432449,-0.9993363,0,-0.1089443,0.9934155,0.03545106,0,-0.993973,-0.1093044,0.00837962,0,-28.70579,1.606339,11.25377,1,1.0,1.0,0.0006054686,0.0003666,-0.0210958,3.94,6,-0.0508380758892856,-0.21056147145210916,0.9762578331464479,-0.03343419437078145,-0.15386835354974326,0.9875255360863677
-0.01232195,-0.108714,-0.9939967,0,0.03348552,0.9934697,-0.1090715,0,-0.9993632,0.03462847,0.008601189,0,10.83907,-5.106173,-28.4549,1,-0.012322,0.03348551,-0.9993632,0,-0.108714,0.9934697,0.03462847,0,-0.9939967,-0.1090715,0.008601137,0,-28.70563,1.606258,11.25373,1,1.0,1.0,0.0006038668,0.0003454285,-0.02109892,3.96,7,-0.049891455482175294,-0.21038073922230355,0.976345628982968,-0.0324861598348355,-0.1536838325772989,0.9875859096926902
-0.01281011,-0.108018,-0.9940665,0,0.03369891,0.9935366,-0.1083947,0,-0.99935,0.03488749,0.009087324,0,10.82451,-5.089221,-28.46325,1,-0.01281021,0.03369888,-0.9993498,0,-0.108018,0.9935366,0.03488749,0,-0.9940664,-0.1083947,0.009087221,0,-28.70542,1.606287,11.25367,1,1.0,1.0,0.0006033406,0.0003353501,-0.02109761,3.98,8,-0.04893661680646058,-0.21064441820070642,0.9763371019358137,-0.03153162469989365,-0.1539485455826938,0.9875756183486702
-0.01353121,-0.1074358,-0.99412,0,0.0337809,0.9935943,-0.1078388,0,-0.9993377,0.03504146,0.009815335,0,10.80348,-5.074269,-28.47364,1,-0.01353129,0.0337809,-0.9993376,0,-0.1074358,0.9935943,0.03504146,0,-0.9941199,-0.1078388,0.009815251,0,-28.70519,1.606251,11.25361,1,1.0,1.0,0.0005970458,0.0003288727,-0.02108356,4.0,9,-0.04882310648832853,-0.21150616652570137,0.9761564658365129,-0.03142135113455443,-0.15481939178557885,0.98744298803527
-0.01385212,-0.107022,-0.9941602,0,0.03386189,0.9936351,-0.1074373,0,-0.9993305,0.03515239,0.01014006,0,10.79403,-5.063671,-28.47907,1,-0.0138522,0.03386189,-0.9993305,0,-0.107022,0.993635,0.03515238,0,-0.9941601,-0.1074373,0.01013998,0,-28.70515,1.60622,11.25358,1,1.0,1.0,0.0005952148,0.000328064,-0.02108295,4.02,10,-0.04874522330022978,-0.21187841445292369,0.9760796282549522,-0.03134484947063135,-0.1551955306535169,0.9873863720331757
-0.01446354,-0.1058009,-0.9942822,0,0.03396403,0.9937603,-0.1062395,0,-0.9993184,0.03530643,0.01077998,0,10.77603,-5.030495,-28.49147,1,-0.01446365,0.03396402,-0.9993184,0,-0.1058009,0.9937603,0.03530643,0,-0.994282,-0.1062395,0.01077987,0,-28.70493,1.606189,11.25343,1,1.0,1.0,0.0005936436,0.0003277588,-0.02108207,4.04,11,-0.04931619066533887,-0.21164791250122267,0.976100955061583,-0.03191534616446248,-0.1549635958962154,0.9874045243091186
-0.01462877,-0.1045166,-0.9944156,0,0.03357836,0.9939097,-0.1049574,0,-0.999329,0.03492624,0.0110302,0,10.77195,-4.989382,-28.49995,1,-0.01462879,0.03357835,-0.9993291,0,-0.1045166,0.9939097,0.03492624,0,-0.9944156,-0.1049574,0.01103018,0,-28.70469,1.60601,11.25335,1,1.0,1.0,0.0005914159,0.0003265229,-0.02106876,4.06,12,-0.04960783428762976,-0.2120628645130414,0.9759961087380493,-0.03220881172575122,-0.15538360302603396,0.9873289868923443
-0.01454258,-0.1035941,-0.9945133,0,0.03250574,0.9940438,-0.1040206,0,-0.9993657,0.03384012,0.01108861,0,10.77659,-4.950733,-28.5048,1,-0.01454263,0.03250574,-0.9993657,0,-0.1035941,0.9940437,0.03384012,0,-0.9945133,-0.1040206,0.01108856,0,-28.70455,1.60586,11.25337,1,1.0,1.0,0.0005905386,0.0003270569,-0.0210457,4.08,13,-0.05016510142359602,-0.2124772964794127,0.9758774826175465,-0.0327681041684219,-0.15580361255920416,0.9872443900386108
-0.01467884,-0.1023772,-0.9946373,0,0.03199254,0.9941871,-0.102803,0,-0.9993803,0.03332999,0.01131809,0,10.77368,-4.910264,-28.51279,1,-0.01467872,0.03199255,-0.9993804,0,-0.1023772,0.9941872,0.03333001,0,-0.9946374,-0.102803,0.0113182,0,-28.70444,1.605844,11.25337,1,1.0,1.0,0.0005934983,0.0003278733,-0.02103597,4.1,14,-0.050283010698335545,-0.212281988682508,0.9759139183945018,-0.03288534547854487,-0.15560640776895546,0.9872715937947361
-0.01469886,-0.1018241,-0.9946938,0,0.03185292,0.9942487,-0.1022492,0,-0.9993845,0.03318685,0.0113709,0,10.77334,-4.892871,-28.51579,1,-0.01469883,0.03185292,-0.9993845,0,-0.1018241,0.9942487,0.03318685,0,-0.9946939,-0.1022492,0.01137093,0,-28.70433,1.605852,11.25334,1,1.0,1.0,0.0005972749,0.0003296891,-0.02102358,4.12,15,-0.050753952965353,-0.21203554597308993,0.9759431148905575,-0.033355692726171796,-0.15535820780577597,0.98729490276722
-0.01509237,-0.1009531,-0.9947767,0,0.03201583,0.9943311,-0.1013936,0,-0.9993734,0.03337889,0.01177478,0,10.76157,-4.870085,-28.52398,1,-0.01509244,0.03201584,-0.9993735,0,-0.1009531,0.9943311,0.03337888,0,-0.9947768,-0.1013936,0.01177472,0,-28.70422,1.605787,11.25324,1,1.0,1.0,0.0005980674,0.0003338852,-0.02099877,4.14,16,-0.05143337998394367,-0.2130822760399835,0.9756795329723009,-0.034039708604617816,-0.1564176956948936,0.9871042511870832
-0.01570165,-0.09898913,-0.9949647,0,0.03203073,0.9945268,-0.09945105,0,-0.9993636,0.03343098,0.01244497,0,10.74383,-4.814428,-28.5399,1,-0.0157016,0.03203072,-0.9993635,0,-0.09898912,0.9945267,0.03343098,0,-0.9949646,-0.09945104,0.01244502,0,-28.70407,1.605622,11.25312,1,1.0,1.0,0.0004742127,0.000328888,-0.02126646,4.16,17,-0.03876879127960822,-0.21866465051730521,0.9750296156716795,-0.02138871143080359,-0.16204126773098482,0.9865521529931731
-0.01660192,-0.09590068,-0.9952524,0,0.03241897,0.9948146,-0.09639928,0,-0.9993364,0.03386547,0.01340687,0,10.717,-4.730832,-28.5639,1,-0.01660196,0.03241897,-0.9993365,0,-0.09590068,0.9948146,0.03386547,0,-0.9952524,-0.09639928,0.01340683,0,-28.70406,1.605327,11.25305,1,1.0,1.0,-2.142414e-05,1.757813e-05,-0.0211171,4.18,18,0.025748044893886657,-0.27324739980900675,0.9615991351294774,0.04287856552448953,-0.21737386993444505,0.9751461579108461
-0.0176146,-0.0928013,-0.9955289,0,0.0325017,0.995104,-0.09333678,0,-0.9993166,0.03400047,0.01451218,0,10.6876,-4.643658,-28.58917,1,-0.01761462,0.0325017,-0.9993163,0,-0.09280129,0.995104,0.03400047,0,-0.9955287,-0.09333675,0.01451216,0,-28.70402,1.605137,11.25307,1,1.0,1.0,-0.0002405774,-0.0002720947,-0.02121101,4.2,19,0.0535025305482288,-0.33253645257187214,0.9415715516814698,0.07027177575944596,-0.27774755182845584,0.9580804637319944
-0.01823962,-0.09143997,-0.9956436,0,0.03222072,0.9952382,-0.091993,0,-0.9993144,0.03375826,0.01520658,0,10.67006,-4.601965,-28.60228,1,-0.01823969,0.0322207,-0.9993143,0,-0.09143995,0.9952381,0.03375827,0,-0.9956434,-0.091993,0.0152065,0,-28.70386,1.605046,11.25304,1,1.0,1.0,-0.0002358397,-0.000314827,-0.02121904,4.22,20,0.05414229590220375,-0.3360901043348819,0.9402723294676955,0.07088828886886447,-0.28137085935475603,0.9569771627406846
-0.01910639,-0.08777922,-0.9959567,0,0.03203723,0.9955733,-0.08836003,0,-0.999304,0.03359593,0.0162096,0,10.64538,-4.495276,-28.6279,1,-0.01910638,0.03203723,-0.9993041,0,-0.08777922,0.9955732,0.03359593,0,-0.9959567,-0.08836003,0.01620961,0,-28.70335,1.604766,11.25304,1,1.0,1.0,-0.0002139816,-0.0003076859,-0.02121993,4.24,21,0.058378154105343874,-0.3426466580234934,0.9376487929222665,0.07507672609763795,-0.28807212582283015,0.9546611626762532
-0.02004933,-0.08319737,-0.9963314,0,0.03154306,0.995983,-0.08380303,0,-0.9993013,0.03310753,0.01734447,0,10.61901,-4.358628,-28.65829,1,-0.02004931,0.03154306,-0.9993013,0,-0.08319738,0.995983,0.03310754,0,-0.9963314,-0.08380303,0.0173445,0,-28.70288,1.604512,11.25296,1,1.0,1.0,-0.0002022786,-0.0002859192,-0.02121529,4.26,22,0.0577400910366581,-0.33855996119314297,0.9391715682259422,0.07446589846636803,-0.28390377214028895,0.9559568390519058
-0.02131677,-0.07865072,-0.9966742,0,0.03000175,0.9964015,-0.07927087,0,-0.9993225,0.03159177,0.01888037,0,10.58531,-4.211236,-28.69238,1,-0.02131674,0.03000175,-0.9993225,0,-0.07865072,0.9964015,0.03159177,0,-0.9966744,-0.07927088,0.0188804,0,-28.70254,1.604034,11.25291,1,1.0,1.0,-0.0002024537,-0.0002823105,-0.02121456,4.28,23,0.0577537696280625,-0.3380128310761895,0.9393677810749141,0.07448307117701002,-0.2833462531040776,0.9561208987151784
-0.02279234,-0.07274856,-0.9970899,0,0.02885911,0.9968854,-0.07339333,0,-0.9993236,0.03044794,0.0206219,0,10.54477,-4.029305,-28.73304,1,-0.02279234,0.02885911,-0.9993236,0,-0.07274855,0.9968854,0.03044793,0,-0.9970897,-0.07339332,0.02062189,0,-28.70221,1.603629,11.25285,1,1.0,1.0,-0.0002021259,-0.0002727967,-0.02121363,4.3,24,0.05513333689069132,-0.3358145366257696,0.9403131989683634,0.07187990075938093,-0.281094412121063,0.9569844363108188
-0.02519524,-0.06313355,-0.9976871,0,0.02889337,0.9975409,-0.06385396,0,-0.9992651,0.03043535,0.02330911,0,10.47504,-3.753466,-28.79534,1,-0.0251952,0.02889336,-0.9992648,0,-0.06313355,0.9975409,0.03043535,0,-0.9976869,-0.06385396,0.02330914,0,-28.70178,1.60288,11.25277,1,1.0,1.0,-0.0001948848,-0.0002629013,-0.02121063,4.34,25,0.05447776016271303,-0.3319318471626723,0.9417289538326993,0.07124965526629476,-0.2771358790325349,0.958185363683509
-0.02678347,-0.05863636,-0.99792,0,0.02843854,0.9978294,-0.05939431,0,-0.9992366,0.02997018,0.02505779,0,10.42987,-3.619245,-28.82862,1,-0.02678346,0.02843854,-0.9992367,0,-0.05863637,0.9978294,0.02997017,0,-0.9979202,-0.05939431,0.0250578,0,-28.70153,1.602523,11.25276,1,1.0,1.0,-0.0001823958,-0.0002566605,-0.0212074,4.36,26,0.05626315309400827,-0.32977731800949084,0.942380697027686,0.0730463780595156,-0.2749491910004042,0.958679909573894
-0.02819383,-0.0555324,-0.9980587,0,0.02816438,0.9980151,-0.05632558,0,-0.9992056,0.02969774,0.02657378,0,10.38949,-3.527048,-28.85438,1,-0.02819377,0.02816438,-0.9992056,0,-0.05553241,0.9980152,0.02969774,0,-0.9980587,-0.05632558,0.02657383,0,-28.70131,1.602194,11.25275,1,1.0,1.0,-0.0001724167,-0.000241867,-0.02120008,4.38,27,0.05513946392141716,-0.3239922225219758,0.9444515229823757,0.0719597670690616,-0.2690531658597162,0.9604333323371437
-0.0297147,-0.05146933,-0.9982324,0,0.0275378,0.9982522,-0.05229007,0,-0.9991791,0.02904291,0.02824533,0,10.34653,-3.403146,-28.88445,1,-0.02971461,0.0275378,-0.9991789,0,-0.05146933,0.9982522,0.02904291,0,-0.9982324,-0.05229007,0.02824541,0,-28.70111,1.601907,11.25273,1,1.0,1.0,-0.0001651384,-0.0002234726,-0.02119408,4.4,28,0.05531369319694854,-0.3206501065146125,0.9455812522131988,0.07215409917913919,-0.2656516513659184,0.9613651679243467
-0.03049111,-0.04880818,-0.9983426,0,0.02694851,0.9984038,-0.04963423,0,-0.9991716,0.02841725,0.02912712,0,10.32506,-3.319833,-28.90151,1,-0.0304911,0.02694852,-0.9991719,0,-0.04880819,0.9984039,0.02841725,0,-0.9983426,-0.04963423,0.02912714,0,-28.70082,1.601784,11.25267,1,1.0,1.0,-0.0001614913,-0.0001959305,-0.02118407,4.42,29,0.05039630563537573,-0.3158016364276711,0.9474859042792725,0.0672714310893643,-0.2606963760057722,0.9630742204506598
-0.03248668,-0.04266381,-0.9985613,0,0.02533007,0.9987324,-0.0434952,0,-0.9991512,0.02670664,0.0313648,0,10.27011,-3.124288,-28.94244,1,-0.03248664,0.02533007,-0.999151,0,-0.0426638,0.9987325,0.02670664,0,-0.998561,-0.0434952,0.03136482,0,-28.70045,1.601328,11.25261,1,1.0,1.0,-0.0005455697,-0.0004193039,-0.02125471,4.44,30,0.11455308842029568,-0.3718113774626182,0.9212132703791898,0.13094987917833903,-0.31819369621481547,0.9389381773217724
-0.03467786,-0.03846051,-0.9986583,0,0.02450778,0.998926,-0.03932184,0,-0.9990981,0.02583849,0.03369808,0,10.20795,-2.993762,-28.97818,1,-0.0346779,0.02450777,-0.9990979,0,-0.03846051,0.998926,0.02583849,0,-0.9986581,-0.03932184,0.03369803,0,-28.70044,1.600897,11.25261,1,1.0,1.0,-0.001021828,-0.0006766816,-0.02144762,4.46,31,0.19699538888761015,-0.42195844544698846,0.8849541723010178,0.21273299429015038,-0.3704327038251758,0.9041704955798525
-0.03655565,-0.03784289,-0.9986149,0,0.0244665,0.9989493,-0.03875119,0,-0.9990321,0.02584919,0.03559136,0,10.15329,-2.976254,-28.999,1,-0.03655565,0.0244665,-0.999032,0,-0.03784288,0.9989493,0.02584919,0,-0.9986148,-0.03875119,0.03559135,0,-28.7003,1.600966,11.25251,1,1.0,1.0,-0.001132034,-0.0006973343,-0.02147395,4.48,32,0.23371563527605974,-0.43499994321555907,0.8695700381395212,0.24917328279013498,-0.38437727122666343,0.8889132626459859
-0.03851259,-0.03795076,-0.9985372,0,0.0241641,0.998951,-0.03889847,0,-0.9989659,0.02562684,0.0375551,0,10.09663,-2.976898,-29.01836,1,-0.03851254,0.0241641,-0.9989659,0,-0.03795075,0.9989508,0.02562683,0,-0.9985371,-0.03889846,0.03755514,0,-28.70003,1.60103,11.25227,1,1.0,1.0,-0.00113076,-0.0006739579,-0.02145698,4.5,33,0.22839392626657165,-0.4303040472757535,0.8733124534452981,0.24391910430765634,-0.379467936264407,0.8924727199757888
-0.03945541,-0.03813418,-0.9984934,0,0.0243299,0.9989386,-0.03911258,0,-0.9989251,0.02583645,0.03848577,0,10.06882,-2.984505,-29.02708,1,-0.03945544,0.0243299,-0.998925,0,-0.03813418,0.9989386,0.02583644,0,-0.9984933,-0.03911258,0.03848573,0,-28.69989,1.60104,11.25224,1,1.0,1.0,-0.001118675,-0.0006738816,-0.02144849,4.52,34,0.22740611733403593,-0.4269517786707735,0.8752134805228501,0.24296532635986026,-0.37601061938774755,0.8941945338093322
-0.0415169,-0.03749369,-0.9984341,0,0.02419023,0.998965,-0.03851951,0,-0.998845,0.02575156,0.04056704,0,10.00892,-2.965205,-29.04969,1,-0.04151698,0.02419023,-0.9988447,0,-0.03749368,0.998965,0.02575156,0,-0.998434,-0.03851951,0.04056694,0,-28.69983,1.601039,11.25218,1,1.0,1.0,-0.001116783,-0.0006789932,-0.02144593,4.54,35,0.22783116895082323,-0.4263661703857154,0.875388397915531,0.2433934273218114,-0.3754163368253214,0.894327799848131
-0.04267538,-0.03684905,-0.9984093,0,0.02431069,0.9989854,-0.03790944,0,-0.9987932,0.02588982,0.04173625,0,9.974902,-2.948289,-29.06332,1,-0.04267535,0.02431069,-0.998793,0,-0.03684905,0.9989854,0.02588981,0,-0.9984092,-0.03790943,0.04173625,0,-28.70004,1.601027,11.25219,1,1.0,1.0,-0.001116691,-0.0006821289,-0.02144355,4.56,36,0.22720505642435282,-0.4257520756066486,0.8758498915064368,0.24277563749602238,-0.37477601119572085,0.8947641763451557
-0.04458976,-0.03544079,-0.9983765,0,0.02365259,0.9990529,-0.03652117,0,-0.9987254,0.02524266,0.04370928,0,9.920265,-2.900665,-29.08689,1,-0.04458977,0.02365259,-0.9987254,0,-0.03544078,0.9990529,0.02524266,0,-0.9983765,-0.03652118,0.04370926,0,-28.70013,1.60099,11.25221,1,1.0,1.0,-0.001117211,-0.0006846009,-0.02144091,4.58,37,0.22505911920993363,-0.4247544836080173,0.8768876903659527,0.24064853339062867,-0.37371803538874215,0.8957807284163453
-0.04697096,-0.03340965,-0.9983374,0,0.02288227,0.9991422,-0.03451318,0,-0.9986342,0.02446534,0.04616618,0,9.852077,-2.833661,-29.11646,1,-0.04697096,0.02288227,-0.9986342,0,-0.03340965,0.9991423,0.02446535,0,-0.9983373,-0.03451318,0.04616618,0,-28.69996,1.600891,11.25214,1,1.0,1.0,-0.00111618,-0.0006861801,-0.02143806,4.6,38,0.22228717660269467,-0.4239290078268506,0.8779935121861348,0.23789673537463785,-0.37282732392018114,0.8968862413018754
-0.04990244,-0.03007049,-0.9983014,0,0.02212764,0.999268,-0.03120571,0,-0.9985091,0.02364729,0.04920053,0,9.767726,-2.728573,-29.15448,1,-0.04990244,0.02212764,-0.9985089,0,-0.03007048,0.999268,0.02364729,0,-0.9983012,-0.03120571,0.04920051,0,-28.69957,1.600653,11.2521,1,1.0,1.0,-0.001113747,-0.0006883392,-0.02143359,4.62,39,0.21929518640775936,-0.4228728091789056,0.8792543479992162,0.23492768688157456,-0.3716971094229035,0.8981370946482118
-0.05341661,-0.02636847,-0.9982243,0,0.02177645,0.9993828,-0.02756437,0,-0.998335,0.02321017,0.05280948,0,9.665484,-2.617174,-29.19862,1,-0.05341663,0.02177645,-0.9983346,0,-0.02636846,0.9993829,0.02321017,0,-0.9982239,-0.02756437,0.05280941,0,-28.69947,1.600237,11.25209,1,1.0,1.0,-0.001107094,-0.0006890946,-0.02143176,4.64,40,0.21958643901892483,-0.4221194491063626,0.879543612611182,0.23522404761906296,-0.37092862356403605,0.8983772056561734
-0.05547667,-0.02459166,-0.9981572,0,0.02145062,0.9994366,-0.02581538,0,-0.9982297,0.02284323,0.05491793,0,9.605666,-2.561975,-29.22334,1,-0.05547669,0.02145061,-0.9982294,0,-0.02459165,0.9994366,0.02284324,0,-0.998157,-0.02581538,0.05491789,0,-28.69959,1.600072,11.25207,1,1.0,1.0,-0.001097702,-0.0006888505,-0.02142565,4.66,41,0.21769916939634293,-0.4213395154039541,0.880386326792564,0.23335209384896305,-0.37009945809531986,0.8992069791843562
-0.0599556,-0.02153922,-0.9979687,0,0.0212599,0.9995129,-0.02284979,0,-0.9979747,0.02258668,0.05946851,0,9.474546,-2.471386,-29.27387,1,-0.05995562,0.0212599,-0.9979745,0,-0.02153921,0.9995129,0.02258668,0,-0.9979684,-0.02284979,0.05946845,0,-28.69958,1.599852,11.25205,1,1.0,1.0,-0.001095589,-0.0006870804,-0.02142348,4.68,42,0.21714515452479188,-0.4213931370739094,0.8804974763697019,0.23280014749730849,-0.3701460124079564,0.8993308739411322
-0.06528556,-0.0181518,-0.9977016,0,0.02111922,0.9995854,-0.01956803,0,-0.9976432,0.02234819,0.06487513,0,9.318157,-2.371392,-29.33224,1,-0.06528553,0.02111922,-0.9976429,0,-0.0181518,0.9995854,0.02234819,0,-0.9977015,-0.01956803,0.06487513,0,-28.69952,1.599643,11.25212,1,1.0,1.0,-0.001280609,-0.0004521942,-0.02135388,4.7,43,0.24976315535075871,-0.3894154506026454,0.8865517317456275,0.2655208495884414,-0.3379059768001544,0.9029497379569726
-0.07099712,-0.01485681,-0.9973659,0,0.02087535,0.999648,-0.01637681,0,-0.9972581,0.02198307,0.07066202,0,9.150207,-2.272572,-29.3926,1,-0.07099715,0.02087535,-0.9972579,0,-0.01485681,0.999648,0.02198306,0,-0.9973658,-0.01637681,0.07066198,0,-28.6993,1.599401,11.25201,1,1.0,1.0,-0.001552529,-0.0002713318,-0.02140897,4.72,44,0.2780637094936854,-0.3668053918933426,0.887769326987919,0.2938386066604095,-0.3152924216324301,0.9023577794295493
-0.07641351,-0.01184349,-0.9970059,0,0.02106713,0.9996871,-0.01348999,0,-0.9968536,0.02203486,0.07614017,0,8.989939,-2.18649,-29.44833,1,-0.07641359,0.02106713,-0.9968536,0,-0.01184349,0.999687,0.02203487,0,-0.9970059,-0.01348999,0.07614009,0,-28.6991,1.599156,11.25203,1,1.0,1.0,-0.001554214,-0.0002678223,-0.02140678,4.74,45,0.2765681081983105,-0.3619540940378255,0.8902243061930316,0.2923869877714373,-0.3103061078568119,0.9045551220399463
-0.07910991,-0.01033808,-0.9968123,0,0.02092343,0.9997087,-0.01202866,0,-0.9966462,0.02180832,0.07887053,0,8.910446,-2.140717,-29.47587,1,-0.07910989,0.02092343,-0.9966463,0,-0.01033808,0.9997087,0.02180832,0,-0.9968123,-0.01202866,0.07887056,0,-28.69913,1.599101,11.25203,1,1.0,1.0,-0.001546479,-0.0002728272,-0.02140756,4.76,46,0.2773221319588206,-0.3568984355147657,0.892029114913256,0.2931730514660111,-0.30515557365444207,0.9060516749952708
-0.08495235,-0.007864308,-0.9963541,0,0.01936941,0.9997668,-0.009542742,0,-0.9961969,0.02010947,0.08478022,0,8.740257,-2.050553,-29.53308,1,-0.08495232,0.01936941,-0.9961966,0,-0.007864305,0.9997668,0.02010947,0,-0.9963539,-0.009542742,0.0847802,0,-28.69902,1.598955,11.25207,1,1.0,1.0,-0.001528709,-0.0002712402,-0.02139227,4.78,47,0.26647282292347335,-0.3505492010271214,0.8978348914485569,0.2824289173298012,-0.2984709993538259,0.9116737186080581
-0.09166658,-0.005040951,-0.995777,0,0.01807858,0.999814,-0.006725616,0,-0.9956256,0.01861875,0.09155846,0,8.543351,-1.952556,-29.59718,1,-0.09166663,0.01807858,-0.9956256,0,-0.005040948,0.9998139,0.01861875,0,-0.995777,-0.006725616,0.09155839,0,-28.69889,1.598682,11.2522,1,1.0,1.0,-0.001498779,-0.0002670593,-0.02138834,4.8,48,0.2649574489964533,-0.34763812814319367,0.8994138547311733,0.2809419193358634,-0.29547217184357055,0.913108883773411
-0.09867537,-0.001889199,-0.9951179,0,0.01766919,0.9998372,-0.003650225,0,-0.9949628,0.01794311,0.0986259,0,8.335533,-1.854254,-29.66267,1,-0.09867535,0.01766919,-0.9949628,0,-0.001889199,0.9998373,0.01794311,0,-0.9951178,-0.003650226,0.09862593,0,-28.69885,1.598394,11.25233,1,1.0,1.0,-0.001486565,-0.0002650757,-0.02138712,4.82,49,0.26535971565633243,-0.34691932786351076,0.89957278819533,0.2813469541429214,-0.29474581715732684,0.9132189193521785
-0.1066722,0.002184282,-0.9942919,0,0.01719987,0.999852,0.0003512148,0,-0.9941455,0.01706423,0.106694,0,8.097757,-1.72723,-29.73599,1,-0.1066722,0.01719987,-0.9941454,0,0.002184281,0.999852,0.01706423,0,-0.9942918,0.0003512156,0.1066939,0,-28.69868,1.598138,11.25247,1,1.0,1.0,-0.001472946,-0.0002635269,-0.02138609,4.84,50,0.26188829624381466,-0.3464531592987931,0.9007689652193823,0.2778974004041375,-0.29420788633722106,0.9144477866262278
-0.1196582,0.01054268,-0.9927593,0,0.01640767,0.999828,0.008640115,0,-0.9926797,0.015255,0.1198106,0,7.710066,-1.466209,-29.8523,1,-0.1196582,0.01640767,-0.9926795,0,0.01054268,0.9998281,0.015255,0,-0.9927591,0.00864011,0.1198106,0,-28.69811,1.59738,11.25261,1,1.0,1.0,-0.001377053,-0.0002422943,-0.02135257,4.88,51,0.25720904246307047,-0.34695802444998547,0.9019221905158967,0.273239438712162,-0.29464060863684455,0.9157112650144544
-0.1295285,0.0179328,-0.9914135,0,0.01586485,0.999746,0.01601077,0,-0.9914488,0.01365478,0.1297802,0,7.413876,-1.235326,-29.93736,1,-0.1295286,0.01586485,-0.9914487,0,0.0179328,0.999746,0.01365478,0,-0.9914135,0.01601077,0.1297801,0,-28.69784,1.596712,11.25262,1,1.0,1.0,-0.001308464,-0.0002315445,-0.02132317,4.9,52,0.24516347062168278,-0.3433330382759368,0.9066516958021671,0.2612800537629936,-0.2907365768159685,0.920437383208081
-0.1397506,0.02411214,-0.9898932,0,0.01498269,0.9996405,0.02223435,0,-0.9900734,0.011724,0.1400616,0,7.106561,-1.03556,-30.01923,1,-0.1397506,0.01498269,-0.9900734,0,0.02411214,0.9996405,0.011724,0,-0.9898931,0.02223435,0.1400616,0,-28.69771,1.59617,11.2527,1,1.0,1.0,-0.001236168,-0.0001981278,-0.02129341,4.92,53,0.2346639298979435,-0.3275762933123227,0.9152194338324618,0.25093484743504607,-0.2745012545067458,0.9282676142239225
-0.1508137,0.02878192,-0.9881431,0,0.01408491,0.9995372,0.02696412,0,-0.9884619,0.009851349,0.1511493,0,6.7724,-0.8799245,-30.10104,1,-0.1508137,0.01408491,-0.9884619,0,0.02878192,0.9995372,0.009851347,0,-0.9881431,0.02696412,0.1511493,0,-28.69744,1.595777,11.25268,1,1.0,1.0,-0.001104821,-0.0001778641,-0.02121986,4.94,54,0.24050793232688927,-0.31604870161643006,0.9177522283788871,0.2568230535528155,-0.26285281299892055,0.9300270522207202
-0.1566422,0.03110671,-0.9871655,0,0.01353335,0.9994777,0.02934723,0,-0.9875627,0.008762639,0.1569813,0,6.595917,-0.8005838,-30.14218,1,-0.1566422,0.01353335,-0.9875628,0,0.03110671,0.9994777,0.008762641,0,-0.9871653,0.02934723,0.1569814,0,-28.69721,1.59549,11.25266,1,1.0,1.0,-0.001058998,-0.0001520157,-0.02120516,4.96,55,0.2347495893085285,-0.31345546850796885,0.9201295015278702,0.25110798509657195,-0.26012090620130157,0.9323528806078488
-0.1687993,0.03706355,-0.9849535,0,0.01269959,0.9992916,0.03542667,0,-0.9855688,0.00652852,0.1691504,0,6.225945,-0.603712,-30.22495,1,-0.1687992,0.0126996,-0.9855686,0,0.03706355,0.9992917,0.006528513,0,-0.9849532,0.03542666,0.1691504,0,-28.69685,1.594986,11.2526,1,1.0,1.0,-0.001039101,-0.0001435699,-0.0211964,4.98,56,0.22898637431469746,-0.3123041604272985,0.9219714484505522,0.24537850653070278,-0.2588593863470162,0.934227598946214
-0.1813886,0.04327738,-0.9824588,0,0.0117859,0.9990551,0.04183245,0,-0.983341,0.003991239,0.1817273,0,5.841019,-0.3959255,-30.30475,1,-0.1813886,0.01178591,-0.9833408,0,0.04327737,0.9990551,0.003991231,0,-0.9824587,0.04183244,0.1817273,0,-28.69654,1.594432,11.25249,1,1.0,1.0,-0.001006287,-7.29599e-05,-0.02121777,5.0,57,0.20562843848551382,-0.3162126974540376,0.9261352359428133,0.22209847319138823,-0.26249733481037174,0.9390247160876576
-0.1948692,0.04972069,-0.9795683,0,0.01103682,0.9987622,0.04849935,0,-0.9807672,0.001360293,0.1951767,0,5.426394,-0.1802958,-30.38339,1,-0.1948691,0.01103682,-0.9807671,0,0.04972069,0.9987622,0.001360289,0,-0.9795681,0.04849934,0.1951767,0,-28.6962,1.593757,11.25241,1,1.0,1.0,-0.0009367066,-7.836916e-05,-0.02117554,5.02,58,0.20660240812512634,-0.30749811806502586,0.9288489394639831,0.22312064332156425,-0.2536417886499319,0.9412135897734556
-0.2090809,0.05579187,-0.9763055,0,0.01011771,0.9984412,0.05489007,0,-0.9778461,-0.00159849,0.2093195,0,4.987085,0.02833605,-30.45881,1,-0.2090809,0.01011771,-0.977846,0,0.05579187,0.9984412,-0.001598492,0,-0.9763054,0.05489007,0.2093195,0,-28.69598,1.593137,11.25227,1,1.0,1.0,-0.0009062197,-6.614684e-05,-0.02117295,5.04,59,0.1908208066631257,-0.2955331338282586,0.9360809722209305,0.20747041412424444,-0.24126350495612262,0.9480231792732715
-0.2167015,0.05891484,-0.9744586,0,0.009801421,0.9982584,0.05817409,0,-0.9761887,-0.00305533,0.2169015,0,4.750095,0.1349282,-30.49618,1,-0.2167015,0.009801424,-0.9761887,0,0.05891483,0.9982584,-0.003055334,0,-0.9744585,0.05817409,0.2169015,0,-28.69586,1.592836,11.25207,1,1.0,1.0,-0.0008706208,-4.886629e-05,-0.02115767,5.06,60,0.17481861760884213,-0.29567814835220624,0.9391554096763451,0.19152554871275942,-0.24121456420484422,0.9513850420338462
-0.2324355,0.06479591,-0.9704512,0,0.008773258,0.9978775,0.06452584,0,-0.9725724,-0.006484067,0.2325107,0,4.259264,0.3435203,-30.5664,1,-0.2324355,0.008773269,-0.9725721,0,0.0647959,0.9978775,-0.006484072,0,-0.9704509,0.06452583,0.2325105,0,-28.69545,1.592163,11.25168,1,1.0,1.0,-0.0008005751,2.695466e-05,-0.02111481,5.08,61,0.1685568168321059,-0.29779942430558043,0.939629768782733,0.18527319465620673,-0.24329852406955615,0.9520922599871604
-0.2496839,0.07062318,-0.9657487,0,0.00749106,0.9974478,0.07100455,0,-0.9682986,-0.01049421,0.2495757,0,3.717954,0.5571654,-30.6332,1,-0.2496839,0.007491065,-0.9682983,0,0.07062317,0.9974479,-0.01049421,0,-0.9657484,0.07100455,0.2495756,0,-28.695,1.591501,11.25123,1,1.0,1.0,-0.0007242281,8.660887e-05,-0.02108144,5.1,62,0.1454082008359122,-0.2945958452450578,0.9444944378311675,0.16221493683279395,-0.23979599522272732,0.957175111953646
-0.268011,0.07658339,-0.9603673,0,0.006414484,0.9969553,0.07771097,0,-0.9633946,-0.01466712,0.2676861,0,3.138085,0.7765911,-30.69263,1,-0.2680109,0.006414484,-0.9633945,0,0.07658339,0.9969553,-0.01466713,0,-0.9603671,0.07771096,0.2676862,0,-28.69463,1.590798,11.2506,1,1.0,1.0,-0.0006580129,0.0001162644,-0.02106085,5.12,63,0.1399781100916345,-0.2896869824625214,0.9468302809305017,0.15682733029785575,-0.23475503860202288,0.959320207398244
-0.2873466,0.08263116,-0.9542558,0,0.004887242,0.9963853,0.0848076,0,-0.9578143,-0.01970549,0.2867117,0,2.52223,1.008499,-30.74214,1,-0.2873465,0.004887245,-0.9578142,0,0.08263116,0.9963855,-0.01970549,0,-0.9542557,0.0848076,0.2867118,0,-28.69444,1.589987,11.24984,1,1.0,1.0,-0.0005385056,0.0001653901,-0.02103216,5.14,64,0.11431260156679354,-0.284461646393327,0.9518477823970748,0.13125530285017875,-0.22922271883034032,0.9644837949109019
-0.3207914,0.09185436,-0.9426854,0,0.002054587,0.9953515,0.09628693,0,-0.9471476,-0.02895119,0.3194889,0,1.445962,1.379851,-30.79604,1,-0.3207914,0.002054581,-0.9471477,0,0.09185436,0.9953515,-0.02895119,0,-0.9426854,0.09628693,0.3194889,0,-28.69387,1.588848,11.24848,1,1.0,1.0,-0.001494934,0.0001904145,-0.02120852,5.18,65,0.25624132195000576,-0.26039518785466276,0.9308784727704515,0.272787840030745,-0.20655123461550998,0.9396400277820062
-0.343941,0.09695209,-0.9339726,0,-0.0003578961,0.9946417,0.1033817,0,-0.9389912,-0.03589147,0.3420633,0,0.6928968,1.606021,-30.81044,1,-0.343941,-0.0003579001,-0.9389911,0,0.0969521,0.9946417,-0.03589147,0,-0.9339728,0.1033817,0.3420633,0,-28.6935,1.588068,11.24739,1,1.0,1.0,-0.0020831,0.0002296829,-0.02139653,5.2,66,0.34603440656157275,-0.24000231020004434,0.9070055570801218,0.3621412799689307,-0.18766106389020534,0.9130372492084106
-0.3672158,0.1014666,-0.924585,0,-0.002597615,0.9939163,0.1101069,0,-0.9301323,-0.04283469,0.3647182,0,-0.07200432,1.815441,-30.80581,1,-0.3672157,-0.002597599,-0.9301322,0,0.1014666,0.9939163,-0.0428347,0,-0.9245847,0.1101069,0.3647181,0,-28.69323,1.587348,11.24623,1,1.0,1.0,-0.002772165,0.000194931,-0.02172082,5.22,67,0.4607053373334183,-0.23719938931626028,0.8552701572371704,0.47587213830218617,-0.18796367521223195,0.859194602397161
-0.3905362,0.1069016,-0.9143598,0,-0.003896333,0.993034,0.1177639,0,-0.9205796,-0.04955369,0.3873992,0,-0.8476286,2.049093,-30.77889,1,-0.390536,-0.003896325,-0.9205791,0,0.1069015,0.9930339,-0.04955368,0,-0.9143596,0.1177638,0.387399,0,-28.69305,1.586519,11.24494,1,1.0,1.0,-0.00269136,0.0001696396,-0.02169131,5.24,68,0.4515154901537445,-0.22738516723516475,0.8628034236560838,0.4668179844663481,-0.1777219789943289,0.8663116457494471
-0.4135305,0.1125296,-0.9035096,0,-0.005305756,0.9920184,0.1259816,0,-0.9104748,-0.05689102,0.4096328,0,-1.619931,2.295475,-30.72981,1,-0.4135305,-0.005305762,-0.9104748,0,0.1125296,0.9920184,-0.05689101,0,-0.9035096,0.1259816,0.4096328,0,-28.69288,1.585641,11.24362,1,1.0,1.0,-0.002613518,0.0001641846,-0.02165307,5.26,69,0.43823529811043366,-0.22049851661842584,0.8713955632542164,0.4536930031073945,-0.17033772492451651,0.8747272251387478
-0.4249605,0.1151277,-0.8978611,0,-0.006044086,0.9914963,0.1299948,0,-0.9051918,-0.06066936,0.420651,0,-2.006708,2.413725,-30.69748,1,-0.4249605,-0.006044069,-0.9051916,0,0.1151277,0.9914962,-0.06066937,0,-0.8978608,0.1299947,0.4206508,0,-28.69272,1.585182,11.2429,1,1.0,1.0,-0.002518029,0.0001614227,-0.02159895,5.28,70,0.4174069077342983,-0.2123367421214592,0.8835635694849213,0.4330847397303934,-0.16146653022923238,0.8867728952941613
-0.4482127,0.1198763,-0.8858527,0,-0.009346664,0.9902851,0.1387376,0,-0.8938781,-0.07046371,0.4427379,0,-2.797167,2.662847,-30.61423,1,-0.4482127,-0.009346668,-0.893878,0,0.1198763,0.990285,-0.07046369,0,-0.8858527,0.1387375,0.4427379,0,-28.69263,1.584221,11.24139,1,1.0,1.0,-0.002354141,0.0001958924,-0.02152348,5.3,71,0.3937919535581038,-0.1975864674904944,0.8977123621614662,0.40972565034564257,-0.14590072566076862,0.9004653628543972
-0.4716074,0.1255363,-0.8728272,0,-0.01215708,0.9887949,0.1487844,0,-0.881725,-0.08077883,0.4647969,0,-3.602157,2.944619,-30.50344,1,-0.4716074,-0.01215708,-0.8817247,0,0.1255363,0.9887949,-0.08077883,0,-0.8728271,0.1487843,0.4647968,0,-28.69269,1.583018,11.23965,1,1.0,1.0,-0.002224816,0.0002239151,-0.02147637,5.32,72,0.37675055024395215,-0.19320204961631782,0.9059425980242528,0.39283360616315777,-0.1410315422554175,0.9087309073416109
-0.4959027,0.132423,-0.8582218,0,-0.01433321,0.9869215,0.1605633,0,-0.8682598,-0.09192486,0.4875189,0,-4.448775,3.271628,-30.35738,1,-0.4959026,-0.01433322,-0.8682598,0,0.132423,0.9869214,-0.09192485,0,-0.8582218,0.1605633,0.4875189,0,-28.69276,1.581676,11.23785,1,1.0,1.0,-0.002121323,0.0002519531,-0.02144139,5.34,73,0.3663079208939278,-0.18462418890935173,0.9119936490787267,0.38250045765871166,-0.13210832616673787,0.914462022201195
-0.5209699,0.1401426,-0.8419921,0,-0.01559322,0.9847027,0.1735437,0,-0.8534328,-0.1035404,0.5108153,0,-5.334434,3.628393,-30.17286,1,-0.5209697,-0.01559319,-0.8534325,0,0.1401426,0.9847028,-0.1035404,0,-0.8419918,0.1735437,0.510815,0,-28.69287,1.58024,11.23585,1,1.0,1.0,-0.0019496,0.0003348007,-0.02135059,5.36,74,0.3235180827362145,-0.17070120791634288,0.9306971299829957,0.34005068805368,-0.11708611387878222,0.9330896910217065
-0.5340787,0.1445467,-0.8329865,0,-0.01566714,0.9834143,0.1806954,0,-0.8452898,-0.109556,0.522956,0,-5.802873,3.824971,-30.06142,1,-0.5340785,-0.01566711,-0.8452895,0,0.1445467,0.9834144,-0.109556,0,-0.8329863,0.1806954,0.5229558,0,-28.69282,1.579514,11.23473,1,1.0,1.0,-0.002038362,0.0001888352,-0.02140051,5.38,75,0.33813611223795054,-0.19706121586254585,0.9202341260806288,0.354479957779259,-0.1440205650780638,0.9239058590394422
-0.5605509,0.1529066,-0.813881,0,-0.01668493,0.9805208,0.1957054,0,-0.8279518,-0.1232824,0.5470806,0,-6.757565,4.225064,-29.80668,1,-0.5605509,-0.01668491,-0.8279518,0,0.1529066,0.9805207,-0.1232824,0,-0.8138809,0.1957054,0.5470806,0,-28.69309,1.577814,11.23259,1,1.0,1.0,-0.002389488,-0.0002846146,-0.02163311,5.4,76,0.3913307512211725,-0.29821226851107296,0.8705915724713583,0.4067815769832695,-0.24792030333035095,0.8792407359896328
-0.5864506,0.1605499,-0.7939142,0,-0.01792195,0.977347,0.2108833,0,-0.8097869,-0.1379011,0.5702883,0,-7.704922,4.615115,-29.51703,1,-0.5864503,-0.01792194,-0.8097866,0,0.1605499,0.977347,-0.1379011,0,-0.793914,0.2108833,0.5702881,0,-28.69349,1.575994,11.2303,1,1.0,1.0,-0.002438262,-0.000796753,-0.02184626,5.42,77,0.41218360900950224,-0.4003704718622402,0.8184180824766206,0.4267014514302521,-0.3529382144344276,0.8326827055602597
-0.6115273,0.1676046,-0.7732678,0,-0.01953614,0.9738102,0.2265217,0,-0.7909822,-0.1536309,0.5922371,0,-8.635279,5.001259,-29.19423,1,-0.6115272,-0.01953613,-0.7909821,0,0.1676046,0.9738101,-0.1536309,0,-0.7732677,0.2265217,0.5922371,0,-28.6939,1.574151,11.22791,1,1.0,1.0,-0.002394256,-0.00135257,-0.0221115,5.44,78,0.4002664548738046,-0.5334641999893948,0.7451192605431907,0.41348008729004926,-0.4900245671143551,0.7674048091059906
-0.6355362,0.1722024,-0.7526222,0,-0.02084653,0.9706267,0.2396859,0,-0.7717897,-0.1680186,0.6132785,0,-9.539614,5.300968,-28.85698,1,-0.6355361,-0.02084653,-0.7717896,0,0.1722024,0.9706267,-0.1680187,0,-0.7526221,0.2396859,0.6132784,0,-28.69401,1.572483,11.22545,1,1.0,1.0,-0.00220137,-0.001458656,-0.0221233,5.46,79,0.3712167935416532,-0.5848903034262989,0.7211805773525419,0.3840084778835073,-0.542715525765505,0.7469922000976071
-0.646713,0.1736334,-0.742707,0,-0.02185252,0.9691262,0.2455948,0,-0.7624203,-0.1750594,0.6229522,0,-9.96486,5.423953,-28.6892,1,-0.646713,-0.02185253,-0.7624202,0,0.1736334,0.9691262,-0.1750594,0,-0.7427072,0.2455948,0.6229522,0,-28.69386,1.571666,11.2241,1,0.7922035,0.9673619,-0.002086106,-0.001397881,-0.02203002,5.48,80,0.3537296711850746,-0.5729373298692187,0.7393362805690175,0.36684764602314457,-0.5297176277210364,0.7647365817645153
-0.6676909,0.1775576,-0.7229539,0,-0.02292638,0.9657744,0.2583683,0,-0.7440857,-0.1890848,0.6407681,0,-10.77311,5.700593,-28.34064,1,-0.6676908,-0.02292636,-0.7440855,0,0.1775576,0.9657744,-0.1890848,0,-0.7229537,0.2583683,0.6407679,0,-28.69426,1.569846,11.22155,1,0.7613694,0.9240343,-0.00197734,-0.001331139,-0.02194836,5.5,81,0.3336374267683554,-0.568691995873199,0.7518480440149775,0.3469815370933061,-0.5247372913347639,0.7773381426374378
-0.6872624,0.1827485,-0.7030458,0,-0.02378741,0.9616561,0.2732246,0,-0.7260197,-0.2045006,0.6565629,0,-11.53822,6.030464,-27.96787,1,-0.6872624,-0.02378741,-0.7260196,0,0.1827485,0.961656,-0.2045006,0,-0.7030458,0.2732246,0.656563,0,-28.69454,1.567813,11.21892,1,0.7136341,0.8907855,-0.001709717,-0.001219803,-0.02182284,5.52,82,0.3177242230386707,-0.559775219617418,0.7653123686422063,0.3313107789123863,-0.5150426571950177,0.7905467911806127
-0.7051367,0.1887387,-0.6834913,0,-0.02402624,0.9570109,0.2890553,0,-0.7086645,-0.2202452,0.6702888,0,-12.24756,6.387902,-27.58338,1,-0.7051364,-0.02402624,-0.7086643,0,0.1887387,0.9570109,-0.2202452,0,-0.6834911,0.2890553,0.6702885,0,-28.69484,1.565566,11.21632,1,0.7187704,0.903223,-0.001622879,-0.001184013,-0.02175939,5.54,83,0.2930999878329229,-0.5518174888091457,0.7807623557630763,0.30696575455305775,-0.5061820289440832,0.8059477520942181
-0.7217535,0.19351,-0.6645494,0,-0.02382286,0.9526089,0.3032635,0,-0.6917402,-0.2347129,0.6829388,0,-12.91669,6.695309,-27.20166,1,-0.7217534,-0.02382282,-0.69174,0,0.1935099,0.9526089,-0.2347129,0,-0.6645493,0.3032634,0.6829387,0,-28.69511,1.563544,11.21355,1,0.7172516,0.866411,-0.001556762,-0.001140831,-0.02171103,5.56,84,0.27498953656243513,-0.5462165587165394,0.7912194548701632,0.28904451232901895,-0.4999688596829923,0.8163849638741321
-0.7292497,0.1952879,-0.6557877,0,-0.02400099,0.9505166,0.3097452,0,-0.6838266,-0.2416211,0.6884769,0,-13.22132,6.827752,-27.02118,1,-0.7292498,-0.024001,-0.6838266,0,0.1952879,0.9505166,-0.2416211,0,-0.6557878,0.3097452,0.6884769,0,-28.69518,1.562465,11.2121,1,0.7172516,0.866411,-0.001385964,-0.001052475,-0.02161041,5.58,85,0.283499699943647,-0.5282875695891787,0.8003375312637916,0.2977157983680781,-0.48155271026400126,0.8243010922226494
-0.7434441,0.1998418,-0.6382432,0,-0.02368979,0.9458458,0.3237505,0,-0.6683786,-0.2558102,0.6984493,0,-13.80448,7.125963,-26.64891,1,-0.7434438,-0.0236898,-0.6683785,0,0.1998418,0.9458458,-0.2558102,0,-0.6382431,0.3237505,0.6984492,0,-28.6954,1.560509,11.20918,1,0.7290526,0.8555468,-0.001213607,-0.0009914857,-0.02152678,5.6,86,0.26803435512352153,-0.5119888201830339,0.8161035672517934,0.2825338418830065,-0.46435613305881285,0.8393735818343905
-0.7561376,0.204662,-0.6215862,0,-0.02323671,0.9408426,0.3380462,0,-0.654,-0.2700531,0.7066507,0,-14.33291,7.433055,-26.28272,1,-0.7561375,-0.02323668,-0.6539999,0,0.204662,0.9408426,-0.270053,0,-0.6215862,0.3380462,0.7066507,0,-28.69589,1.558388,11.2063,1,0.7431228,0.8431385,-0.001136284,-0.0009359208,-0.021485,5.62,87,0.2625503610320791,-0.49650434881237143,0.8273758151724812,0.2772515771821284,-0.44824184467636,0.849829872169222
-0.7677935,0.2077585,-0.6060776,0,-0.02354526,0.9361763,0.3507415,0,-0.640265,-0.2835672,0.7138983,0,-14.82294,7.681472,-25.93599,1,-0.7677931,-0.02354521,-0.6402646,0,0.2077585,0.9361764,-0.2835671,0,-0.6060773,0.3507414,0.7138979,0,-28.69605,1.556602,11.20325,1,0.7541776,0.8270676,-0.001089607,-0.0009046555,-0.02146751,5.64,88,0.2423274590986848,-0.4948622232554054,0.8344991207673572,0.25715881525764966,-0.4461709455004492,0.8572052444581268
-0.7789646,0.2084928,-0.5913923,0,-0.02570875,0.9316959,0.3623283,0,-0.6265407,-0.2974449,0.7203981,0,-15.29615,7.865439,-25.60273,1,-0.7789646,-0.02570876,-0.6265406,0,0.2084929,0.9316959,-0.2974449,0,-0.5913923,0.3623283,0.7203981,0,-28.6963,1.555149,11.20004,1,0.7661477,0.8618667,-0.000964066,-0.0007685852,-0.02138234,5.66,89,0.20404367689683559,-0.4703229469800425,0.8585816812991224,0.21931023530104335,-0.420244581526764,0.8805098025516785
