mat_00,mat_10,mat_20,mat_30,mat_01,mat_11,mat_21,mat_31,mat_02,mat_12,mat_22,mat_32,mat_03,mat_13,mat_23,mat_33,ctw_00,ctw_10,ctw_20,ctw_30,ctw_01,ctw_11,ctw_21,ctw_31,ctw_02,ctw_12,ctw_22,ctw_32,ctw_03,ctw_13,ctw_23,ctw_33,opennessl,opennessr,eye_x,eye_y,eye_z,time,frame,ray_x,ray_y,ray_z,base_x,base_y,base_z
0.1480384,0.07385935,-0.9862198,0,-0.03583365,0.9969532,0.0692843,0,-0.9883323,-0.02508312,-0.150234,0,15.27321,0.8550389,-26.73407,1,0.1480384,-0.03583365,-0.9883322,0,0.07385935,0.9969532,-0.02508312,0,-0.9862198,0.06928431,-0.150234,0,-28.68984,1.547112,11.10009,1,0.0,0.0,0.00337671,-0.0006747665,-0.02672467,3.8,1,-0.3441475384412028,-0.14972012512921554,0.9269014812352783,-0.3275765629256697,-0.0956727173980757,0.9399682582765617
0.3341494,0.004166011,-0.9425109,0,-0.04941593,0.9986923,-0.01310514,0,-0.9412238,-0.05095413,-0.3339183,0,20.09047,-0.8676467,-23.27499,1,0.3341495,-0.04941593,-0.9412238,0,0.004166014,0.9986923,-0.05095413,0,-0.942511,-0.01310514,-0.3339183,0,-28.64653,1.554279,11.09347,1,1.0,1.0,0.003316666,-0.0006724778,-0.02672135,3.82,2,-0.3447114339840564,-0.13902135632410187,0.9283571994477462,-0.32811442968808013,-0.08490723834951532,0.9408143716516688
0.343743,0.007009948,-0.9390376,0,-0.0504749,0.9986645,-0.01102172,0,-0.9377063,-0.05118646,-0.3436378,0,20.32862,-0.783492,-23.0701,1,0.343743,-0.0504749,-0.9377063,0,0.007009949,0.9986645,-0.05118646,0,-0.9390376,-0.01102172,-0.3436378,0,-28.64602,1.554258,11.09441,1,1.0,1.0,0.003258072,-0.0006468506,-0.02669336,3.86,3,-0.33418638039409987,-0.13631656137268408,0.9325970503141305,-0.3175154978012189,-0.08197329286179306,0.9447032803549688
0.3474764,0.008326285,-0.9376518,0,-0.05112699,0.9986413,-0.01007885,0,-0.9362938,-0.05144148,-0.34743,0,20.42126,-0.7428202,-22.9894,1,0.3474764,-0.051127,-0.9362939,0,0.008326283,0.9986413,-0.05144148,0,-0.9376517,-0.01007885,-0.34743,0,-28.64577,1.554182,11.09488,1,1.0,1.0,0.003227333,-0.0006354065,-0.02667811,3.88,4,-0.32625032548222666,-0.13460011793423773,0.9356513952187696,-0.30952627791556536,-0.08009174921222526,0.9475118970165294
0.3505796,0.009775229,-0.9364819,0,-0.0521008,0.9986005,-0.009080717,0,-0.9350826,-0.05197497,-0.3505983,0,20.49872,-0.6953018,-22.92185,1,0.3505796,-0.05210079,-0.9350825,0,0.009775227,0.9986005,-0.05197496,0,-0.936482,-0.009080716,-0.3505983,0,-28.64553,1.554181,11.0955,1,1.0,1.0,0.003167708,-0.0006229019,-0.02665165,3.9,5,-0.31399724800250656,-0.1394231132670974,0.9391309406753471,-0.29721314427712336,-0.08471868059695681,0.9510452628696578
0.3530568,0.01118141,-0.9355351,0,-0.05245028,0.9985926,-0.007858884,0,-0.9341306,-0.05184371,-0.3531464,0,20.55988,-0.6564342,-22.86797,1,0.3530567,-0.05245028,-0.9341304,0,0.0111814,0.9985927,-0.05184371,0,-0.935535,-0.00785888,-0.3531464,0,-28.64525,1.554165,11.09583,1,1.0,1.0,0.003151695,-0.0006193237,-0.02665008,3.92,6,-0.311654327469146,-0.13907570388216664,0.9399625145501463,-0.294855778020488,-0.08432630887068131,0.9518136076985763
0.3540682,0.01180589,-0.9351451,0,-0.05250359,0.9985943,-0.007272191,0,-0.9337447,-0.05167332,-0.3541903,0,20.58485,-0.6404066,-22.84596,1,0.3540682,-0.05250359,-0.9337447,0,0.01180589,0.9985942,-0.05167332,0,-0.9351451,-0.007272191,-0.3541903,0,-28.64517,1.554145,11.09609,1,1.0,1.0,0.003130676,-0.0006087875,-0.02664335,3.94,7,-0.3131117044904311,-0.1350672652272005,0.9400627076823874,-0.2963111383277462,-0.08031726646551293,0.9517083828623256
0.355961,0.0127001,-0.9344145,0,-0.05254507,0.9985977,-0.006444365,0,-0.9330224,-0.05139282,-0.3561292,0,20.6315,-0.6179771,-22.80468,1,0.3559611,-0.05254508,-0.9330224,0,0.0127001,0.9985977,-0.05139282,0,-0.9344145,-0.006444362,-0.3561292,0,-28.64519,1.554233,11.09648,1,1.0,1.0,0.003121444,-0.000608101,-0.0266238,3.96,8,-0.3100190854012193,-0.1386865471762727,0.9405605819506336,-0.2932101386933149,-0.08390499594476039,0.9523590532057521
0.3575881,0.01311195,-0.9337874,0,-0.05255957,0.9985991,-0.006105343,0,-0.9323992,-0.05126265,-0.3577763,0,20.67172,-0.6076302,-22.76875,1,0.3575881,-0.05255956,-0.9323992,0,0.01311195,0.9985991,-0.05126265,0,-0.9337873,-0.00610534,-0.3577763,0,-28.64517,1.554265,11.09703,1,1.0,1.0,0.00311425,-0.0006057816,-0.02661056,3.98,9,-0.3063046473050545,-0.13749523390803717,0.9419514444449353,-0.2894715067374493,-0.08263928587468325,0.9536126022747776
0.3588628,0.0131636,-0.9332976,0,-0.05205715,0.9986265,-0.00593151,0,-0.9319376,-0.05071341,-0.3590552,0,20.7028,-0.6122345,-22.74039,1,0.3588627,-0.05205715,-0.9319374,0,0.01316359,0.9986266,-0.05071341,0,-0.9332975,-0.005931508,-0.3590551,0,-28.64495,1.554237,11.09761,1,1.0,1.0,0.003096551,-0.0005799561,-0.02659824,4.0,10,-0.3055467535998917,-0.13728725783482723,0.9422278865543944,-0.28870880747642347,-0.08241649523099277,0.953863064490591
0.3594602,0.01391164,-0.9330568,0,-0.05215412,0.9986255,-0.005203124,0,-0.9317019,-0.05053306,-0.3596917,0,20.71786,-0.5927004,-22.72726,1,0.3594601,-0.05215412,-0.9317018,0,0.01391164,0.9986255,-0.05053306,0,-0.9330567,-0.005203121,-0.3596916,0,-28.64482,1.554155,11.09812,1,1.0,1.0,0.003092973,-0.0005813904,-0.02659255,4.02,11,-0.30337169519150564,-0.13634594192378502,0.9430670170658858,-0.2865191420428048,-0.0814305971634232,0.9546076885761309
0.3599298,0.01458381,-0.9328654,0,-0.05211085,0.9986312,-0.004494103,0,-0.931523,-0.05022997,-0.3601971,0,20.72947,-0.5767539,-22.71711,1,0.3599298,-0.05211084,-0.9315229,0,0.01458382,0.9986312,-0.05022996,0,-0.9328654,-0.004494103,-0.3601971,0,-28.64475,1.554102,11.09837,1,1.0,1.0,0.003090166,-0.0005793,-0.02659358,4.04,12,-0.30171393123709445,-0.13477459022048083,0.9438244082075643,-0.2848481454361111,-0.07981989329828391,0.9552435912768317
0.3598492,0.01640291,-0.9328663,0,-0.05249661,0.9986175,-0.002691308,0,-0.9315324,-0.04994078,-0.3602128,0,20.72835,-0.5275792,-22.71959,1,0.3598492,-0.05249661,-0.9315324,0,0.01640291,0.9986175,-0.04994078,0,-0.9328663,-0.002691306,-0.3602128,0,-28.64477,1.553872,11.09889,1,1.0,1.0,0.003085883,-0.000580452,-0.02659366,4.06,13,-0.3019408696871967,-0.13405761612139222,0.9438539435592715,-0.28507452156895324,-0.07910217620909885,0.9552357629775056
0.3591875,0.01866187,-0.9330789,0,-0.05284325,0.9986027,-0.0003695711,0,-0.9317683,-0.04943966,-0.3596717,0,20.7129,-0.4681152,-22.73492,1,0.3591874,-0.05284325,-0.9317681,0,0.01866186,0.9986028,-0.04943966,0,-0.9330788,-0.0003695706,-0.3596717,0,-28.64455,1.553596,11.09937,1,1.0,1.0,0.003017738,-0.0005711289,-0.02662438,4.08,14,-0.2970791672697016,-0.1395742435166021,0.9445967387838626,-0.2802003552668642,-0.0845717894305987,0.9562088544564047
0.3577155,0.02108128,-0.9335927,0,-0.05277629,0.9986036,0.002327509,0,-0.9323381,-0.04843897,-0.3583286,0,20.67736,-0.409674,-22.76857,1,0.3577155,-0.0527763,-0.9323381,0,0.02108128,0.9986036,-0.04843897,0,-0.9335926,0.002327512,-0.3583286,0,-28.64454,1.553371,11.09982,1,1.0,1.0,0.002509552,-0.0009896469,-0.02549393,4.1,15,-0.2219169555312202,-0.1683929243392402,0.960414851967749,-0.2047682160507406,-0.11250768237603201,0.9723229911412006
0.3551269,0.02392654,-0.9345118,0,-0.0524519,0.9986076,0.005635178,0,-0.9333454,-0.04701572,-0.3558874,0,20.61423,-0.3437474,-22.82703,1,0.355127,-0.0524519,-0.9333455,0,0.02392654,0.9986075,-0.04701572,0,-0.9345118,0.005635178,-0.3558874,0,-28.64458,1.553159,11.10018,1,1.0,1.0,0.001889648,-0.0009544297,-0.02572972,4.12,16,-0.11844220407019346,-0.18753157354266253,0.9750914588999369,-0.10104837260544601,-0.13087456560611666,0.9862358107832027
0.3532388,0.02556557,-0.9351838,0,-0.05240465,0.9985977,0.007504793,0,-0.9340643,-0.046357,-0.3540832,0,20.56818,-0.3039348,-22.86914,1,0.3532388,-0.05240465,-0.9340643,0,0.02556556,0.9985977,-0.046357,0,-0.9351838,0.007504795,-0.3540832,0,-28.64456,1.553005,11.10034,1,1.0,1.0,0.001289268,-0.0009561616,-0.02595416,4.14,17,-0.021153810347585674,-0.20563962043871772,0.9783991326721412,-0.0037164862247903935,-0.14886173069880695,0.9888510367408716
0.3481521,0.0292212,-0.9369826,0,-0.05271067,0.998543,0.01155549,0,-0.935955,-0.04536591,-0.3491851,0,20.44409,-0.2097071,-22.98102,1,0.3481521,-0.05271067,-0.935955,0,0.02922119,0.998543,-0.04536591,0,-0.9369825,0.01155549,-0.3491851,0,-28.64434,1.55258,11.10061,1,1.0,1.0,0.000169334,-0.0009389191,-0.02647576,4.16,18,0.12632180439190185,-0.2591442296434895,0.9575422027136227,0.14336406711770133,-0.2036314393215265,0.9684941823156786
0.3405235,0.03293389,-0.9396591,0,-0.05274008,0.9984819,0.01588305,0,-0.9387558,-0.04414914,-0.3417435,0,20.25664,-0.1163966,-23.14671,1,0.3405235,-0.05274007,-0.9387556,0,0.03293388,0.9984819,-0.04414913,0,-0.9396589,0.01588305,-0.3417435,0,-28.64404,1.552197,11.10065,1,1.0,1.0,5.293265e-05,-0.0009265976,-0.02647942,4.18,19,0.13533371967068514,-0.256877826172189,0.9569214005032738,0.15236348959393156,-0.2014138632731695,0.967583496510837
0.3309398,0.03667436,-0.942939,0,-0.05191702,0.9984387,0.02061182,0,-0.9422227,-0.04213331,-0.3323271,0,20.01903,-0.03122461,-23.35242,1,0.3309397,-0.05191701,-0.9422226,0,0.03667435,0.9984386,-0.04213331,0,-0.9429389,0.02061182,-0.3323271,0,-28.64386,1.55184,11.10043,1,1.0,1.0,4.689768e-05,-0.0009180069,-0.02647385,4.2,20,0.1329014053449778,-0.25765216441238853,0.9570541147871113,0.14993392626184965,-0.20217676119957587,0.9678038928349875
0.3202936,0.03989377,-0.9464779,0,-0.05140542,0.9983727,0.02468524,0,-0.9459226,-0.04074757,-0.3218231,0,19.75408,0.04614127,-23.57675,1,0.3202935,-0.05140542,-0.9459226,0,0.03989377,0.9983727,-0.04074757,0,-0.9464779,0.02468523,-0.3218232,0,-28.64381,1.551398,11.10017,1,1.0,1.0,5.343556e-05,-0.0009011765,-0.0264588,4.22,21,0.1249399257172022,-0.25327432228825536,0.9592925167180263,0.14201359645721598,-0.19766895867797643,0.9699273793415936
0.3040411,0.04415903,-0.9516349,0,-0.05087597,0.9982523,0.03006769,0,-0.9512994,-0.03927353,-0.3057564,0,19.34688,0.152554,-23.91092,1,0.3040411,-0.05087596,-0.9512994,0,0.04415903,0.9982523,-0.03927353,0,-0.9516349,0.03006769,-0.3057564,0,-28.64345,1.55095,11.09975,1,1.0,1.0,0.0001569521,-0.0008524552,-0.02642526,4.26,22,0.11600048718402853,-0.23517963987261598,0.9650048828697472,0.13317736512828413,-0.1792658319725239,0.9747448645182423
0.2932554,0.0472608,-0.9548653,0,-0.05038313,0.9981534,0.03392982,0,-0.9547057,-0.03815899,-0.2950951,0,19.07462,0.2293987,-24.12758,1,0.2932554,-0.05038312,-0.9547055,0,0.0472608,0.9981534,-0.03815899,0,-0.9548652,0.03392981,-0.2950951,0,-28.64316,1.550708,11.09947,1,1.0,1.0,0.0002145916,-0.0008493576,-0.02637364,4.28,23,0.11525645261511303,-0.23279008674344623,0.9656731981599982,0.1324453573110521,-0.1768409563467771,0.9752873953277081
0.2830293,0.05026202,-0.9577934,0,-0.05040401,0.9980254,0.03747881,0,-0.9577859,-0.03766902,-0.2850039,0,18.81576,0.3104119,-24.329,1,0.2830293,-0.05040401,-0.9577859,0,0.05026202,0.9980255,-0.03766902,0,-0.9577933,0.03747882,-0.2850038,0,-28.64316,1.550413,11.09931,1,1.0,1.0,0.0003503645,-0.0009311676,-0.0260667,4.3,24,0.09987209304978653,-0.22503827565053106,0.9692179009500858,0.11712660289276985,-0.16888185165936262,0.9786522768966026
0.2742621,0.05306461,-0.9601898,0,-0.05038424,0.9978979,0.04075712,0,-0.9603342,-0.0372003,-0.2763592,0,18.5927,0.3859982,-24.4988,1,0.2742621,-0.05038424,-0.9603341,0,0.05306461,0.997898,-0.0372003,0,-0.9601898,0.04075712,-0.2763592,0,-28.64325,1.550092,11.09909,1,1.0,1.0,0.0004275814,-0.0009180146,-0.02602563,4.32,25,0.09546285700470551,-0.2349830737327572,0.9673002625822059,0.11268389675005418,-0.17891613846874152,0.9773900730049683
0.2703001,0.05456923,-0.9612284,0,-0.05031773,0.9978287,0.04249755,0,-0.9614604,-0.03687974,-0.272459,0,18.4915,0.4258066,-24.57452,1,0.2703001,-0.05031773,-0.9614602,0,0.05456922,0.9978287,-0.03687974,0,-0.9612284,0.04249755,-0.2724589,0,-28.64322,1.549925,11.099,1,1.0,1.0,0.000459793,-0.0009184723,-0.02598512,4.34,26,0.09257519961334039,-0.22718606953219442,0.9694412422767371,0.10983484766393597,-0.17100569521002218,0.9791288773416793
0.2633331,0.05749052,-0.9629904,0,-0.04959125,0.9977096,0.04600235,0,-0.9634295,-0.03564196,-0.265581,0,18.31251,0.4962924,-24.7065,1,0.2633332,-0.04959126,-0.9634296,0,0.05749052,0.9977096,-0.03564196,0,-0.9629905,0.04600235,-0.265581,0,-28.64294,1.549542,11.09892,1,1.0,1.0,0.0005451813,-0.000913498,-0.02593807,4.36,27,0.08727662344792556,-0.23085398275790148,0.9690661637083112,0.10453042927054884,-0.17468368628677808,0.9790602632635937
0.2572221,0.0594513,-0.9645218,0,-0.04871189,0.9976346,0.04850164,0,-0.9651238,-0.03450799,-0.2595097,0,18.15469,0.5401379,-24.82143,1,0.2572221,-0.04871189,-0.9651238,0,0.0594513,0.9976345,-0.03450798,0,-0.9645218,0.04850165,-0.2595097,0,-28.64271,1.549369,11.09876,1,1.0,1.0,0.0006499477,-0.000812172,-0.02611092,4.38,28,0.07116740237028114,-0.227521401778908,0.9711689927980747,0.08846123586725606,-0.1712188498927577,0.9812536446761555
0.2521118,0.06093651,-0.9657776,0,-0.04807268,0.9975718,0.05039343,0,-0.9665034,-0.03372273,-0.254429,0,18.0226,0.5743263,-24.91679,1,0.2521118,-0.04807267,-0.9665033,0,0.0609365,0.9975717,-0.03372273,0,-0.9657776,0.05039343,-0.254429,0,-28.64278,1.549105,11.09872,1,1.0,1.0,0.000704743,-0.0008265229,-0.02600476,4.4,29,0.0676263816076842,-0.22931664477342004,0.9709997677345308,0.08491776190855115,-0.17301722391892907,0.9812512491405194
0.2477953,0.06253071,-0.9667923,0,-0.04781418,0.9974881,0.05226098,0,-0.9676318,-0.03327635,-0.2501627,0,17.91099,0.6153467,-24.99613,1,0.2477953,-0.04781417,-0.9676318,0,0.0625307,0.9974881,-0.03327636,0,-0.9667922,0.05226098,-0.2501628,0,-28.64281,1.548921,11.09862,1,1.0,1.0,0.0007312167,-0.0008242569,-0.02600131,4.42,30,0.06529725259663534,-0.22717008570435707,0.9716635327953839,0.08260083023253882,-0.17083357149686143,0.9818314487194439
0.2453451,0.06327213,-0.9673688,0,-0.04753619,0.9974527,0.05318362,0,-0.9682697,-0.03293669,-0.2477278,0,17.84742,0.6329919,-25.04108,1,0.245345,-0.04753618,-0.9682695,0,0.06327212,0.9974526,-0.03293669,0,-0.9673688,0.05318362,-0.2477278,0,-28.64279,1.548794,11.09859,1,1.0,1.0,0.0007541049,-0.0008178864,-0.02602988,4.44,31,0.05464738793016968,-0.22586025264537596,0.9726257292851019,0.07196980168342391,-0.1694594949150326,0.982905807912839
0.2413841,0.06483889,-0.9682611,0,-0.04700768,0.9973754,0.05506965,0,-0.9692905,-0.03222277,-0.2437984,0,17.74433,0.6702189,-25.11334,1,0.241384,-0.04700767,-0.9692904,0,0.06483888,0.9973753,-0.03222277,0,-0.9682611,0.05506964,-0.2437985,0,-28.64293,1.548642,11.09841,1,1.0,1.0,0.0007792814,-0.0008346481,-0.02595691,4.46,32,0.04976207398390884,-0.2217431407718389,0.9738345421648691,0.06710680304966504,-0.16527451526970452,0.9839618953937279
0.2376684,0.06623386,-0.9690856,0,-0.04692248,0.9972907,0.05665383,0,-0.9702123,-0.03200707,-0.2401323,0,17.64782,0.7081695,-25.18011,1,0.2376684,-0.04692248,-0.9702124,0,0.06623385,0.9972906,-0.03200706,0,-0.9690855,0.05665384,-0.2401323,0,-28.64292,1.548379,11.09824,1,1.0,1.0,0.0006791987,-0.0008409043,-0.02616856,4.48,33,0.06260389512776783,-0.23046530471762902,0.971064619701615,0.07989722843067323,-0.17415507186674045,0.9814715705674758
0.2330381,0.06706212,-0.9701526,0,-0.04712158,0.9972262,0.05761463,0,-0.9713253,-0.03228871,-0.2355518,0,17.5276,0.7352691,-25.26309,1,0.2330381,-0.04712157,-0.9713253,0,0.06706211,0.9972261,-0.03228871,0,-0.9701525,0.05761462,-0.2355518,0,-28.64295,1.548221,11.09797,1,1.0,1.0,0.0004142839,-0.0009658127,-0.02610877,4.5,34,0.10017605758641443,-0.2506806137622758,0.9628727783929774,0.11731745626441015,-0.19484768377401762,0.9737920694807226
0.227865,0.06714068,-0.9713751,0,-0.04740952,0.9972016,0.05780447,0,-0.9725379,-0.03288081,-0.2304105,0,17.39286,0.7441516,-25.35559,1,0.2278651,-0.04740952,-0.9725379,0,0.06714068,0.9972016,-0.03288081,0,-0.9713751,0.05780447,-0.2304105,0,-28.64298,1.548185,11.09749,1,1.0,1.0,-0.000659897,-0.001000908,-0.02639674,4.52,35,0.2928889480287136,-0.23363633617618176,0.9271624056985935,0.30936343150483514,-0.18008884041883846,0.9337356568130786
0.2250655,0.06689614,-0.9720445,0,-0.04783095,0.997196,0.05755237,0,-0.973169,-0.03354075,-0.2276341,0,17.32017,0.7445536,-25.40529,1,0.2250655,-0.04783094,-0.9731688,0,0.06689613,0.997196,-0.03354075,0,-0.9720444,0.05755237,-0.2276341,0,-28.64305,1.548109,11.09731,1,1.0,1.0,-0.001205894,-0.001028481,-0.02659146,4.54,36,0.38447936114923636,-0.2413248885242554,0.8910319405212311,0.4002954989291823,-0.18994197617365036,0.8964851137772928
0.2195661,0.06621734,-0.9733478,0,-0.0488981,0.9971869,0.05680878,0,-0.9743714,-0.03512158,-0.2221863,0,17.17715,0.742704,-25.50229,1,0.2195661,-0.0488981,-0.9743715,0,0.06621735,0.9971869,-0.03512157,0,-0.9733479,0.05680878,-0.2221864,0,-28.6433,1.54807,11.09675,1,1.0,1.0,-0.001672341,-0.001032532,-0.02679935,4.56,37,0.4629358067032825,-0.24488375647024108,0.8518934115774135,0.478042083756327,-0.1958322471027023,0.8562274797929665
0.2132275,0.06498349,-0.974839,0,-0.05075841,0.9971749,0.05536999,0,-0.9756832,-0.03767488,-0.2159235,0,17.01257,0.7355968,-25.61279,1,0.2132274,-0.05075841,-0.9756832,0,0.0649835,0.997175,-0.03767489,0,-0.974839,0.05537,-0.2159235,0,-28.64369,1.548192,11.09619,1,1.0,1.0,-0.001948875,-0.001061691,-0.02693825,4.58,38,0.5003311985431976,-0.24762269966815864,0.829669627245315,0.515035535688347,-0.19988646963124654,0.8335369195402049
0.2019955,0.06081967,-0.9774962,0,-0.05419897,0.9972346,0.05084781,0,-0.9778857,-0.04270826,-0.2047333,0,16.7196,0.6716411,-25.80647,1,0.2019954,-0.05419896,-0.9778855,0,0.06081967,0.9972347,-0.04270825,0,-0.9774961,0.05084781,-0.2047332,0,-28.64386,1.548604,11.0951,1,1.0,1.0,-0.001944596,-0.00107795,-0.02692292,4.62,39,0.48971399931277737,-0.23857235590557946,0.8386080311294105,0.5045792943803348,-0.1903248943349917,0.8421259824272243
0.1933597,0.05546188,-0.9795591,0,-0.05616152,0.9973896,0.04538544,0,-0.9795192,-0.04623781,-0.1959698,0,16.49262,0.5566219,-25.95475,1,0.1933597,-0.05616152,-0.9795192,0,0.05546187,0.9973897,-0.0462378,0,-0.9795591,0.04538545,-0.1959698,0,-28.64409,1.54905,11.09423,1,1.0,1.0,-0.00194162,-0.001072159,-0.02691763,4.64,40,0.4874611888487759,-0.2393709202602117,0.8396922959631802,0.502346161964568,-0.1910572966647053,0.8432943987425996
0.1835589,0.04905713,-0.9817839,0,-0.0581725,0.9975457,0.03896851,0,-0.9812859,-0.0499598,-0.1859622,0,16.23375,0.413794,-26.12001,1,0.1835589,-0.05817249,-0.9812859,0,0.04905713,0.9975457,-0.0499598,0,-0.9817837,0.0389685,-0.1859622,0,-28.64436,1.549437,11.09329,1,1.0,1.0,-0.001934082,-0.001071304,-0.02691766,4.66,41,0.48662980996621646,-0.2394964706206238,0.8401386008347127,0.5015228677267564,-0.19115605008791395,0.8437619200117517
0.172395,0.04125335,-0.9841637,0,-0.06042702,0.9976838,0.03123513,0,-0.9831727,-0.05408529,-0.1744885,0,15.93737,0.2350544,-26.30376,1,0.172395,-0.06042702,-0.9831727,0,0.04125335,0.9976839,-0.0540853,0,-0.9841636,0.03123514,-0.1744885,0,-28.64442,1.550139,11.09219,1,1.0,1.0,-0.001893928,-0.001103577,-0.0268961,4.68,42,0.4803138478991438,-0.23832707822105093,0.8440964466830405,0.4952784327714264,-0.18975390651625285,0.8477574706207553
0.1665047,0.03715889,-0.9853402,0,-0.06165586,0.9977266,0.02720727,0,-0.9841112,-0.05622186,-0.1684172,0,15.78045,0.1410616,-26.39873,1,0.1665047,-0.06165586,-0.9841112,0,0.03715889,0.9977266,-0.05622187,0,-0.9853403,0.02720727,-0.1684172,0,-28.64449,1.550454,11.09165,1,1.0,1.0,-0.001859688,-0.001122292,-0.02688044,4.7,43,0.47383164596424576,-0.24439526786542548,0.8460227682088705,0.4888315848770356,-0.1956942657632427,0.8501455381133225
0.1536863,0.02750416,-0.9877369,0,-0.06474183,0.9977449,0.01770937,0,-0.9859965,-0.06122621,-0.1551204,0,15.43784,-0.08082879,-26.60028,1,0.1536863,-0.06474183,-0.9859963,0,0.02750415,0.9977449,-0.0612262,0,-0.9877368,0.01770937,-0.1551204,0,-28.64443,1.551195,11.09046,1,1.0,1.0,-0.001822243,-0.001163033,-0.02687387,4.72,44,0.47099436323314653,-0.2463547093425662,0.8470381732763538,0.48601284598691374,-0.19758898308093614,0.8513225636036801
0.140386,0.01683591,-0.9899537,0,-0.06767389,0.9976802,0.007370435,0,-0.9877813,-0.06595931,-0.1411997,0,15.07998,-0.3347288,-26.80234,1,0.140386,-0.06767389,-0.9877814,0,0.01683591,0.9976802,-0.06595932,0,-0.9899538,0.00737043,-0.1411997,0,-28.64446,1.552018,11.08916,1,1.0,1.0,-0.001788742,-0.00118779,-0.02685651,4.74,45,0.4594576915149612,-0.24873043317566,0.8526615983612674,0.47457820900297654,-0.19962465482966782,0.857277971677602
0.1267208,0.00650065,-0.9919171,0,-0.07080528,0.997487,-0.002508465,0,-0.9894081,-0.07055084,-0.1268626,0,14.71012,-0.5804172,-27.00257,1,0.1267208,-0.07080528,-0.9894081,0,0.00650065,0.997487,-0.07055084,0,-0.9919171,-0.002508467,-0.1268627,0,-28.64462,1.552778,11.08775,1,1.0,1.0,-0.001692925,-0.0012453,-0.02681846,4.76,46,0.4405954390896279,-0.26182549556479806,0.858675182432604,0.4558261065760984,-0.21233180180580946,0.8643713128659314
0.1122263,-0.006046768,-0.9936643,0,-0.07381085,0.9971682,-0.01440443,0,-0.9909376,-0.07495976,-0.1114622,0,14.31526,-0.8913749,-27.20517,1,0.1122263,-0.07381084,-0.9909375,0,-0.006046767,0.9971681,-0.07495975,0,-0.9936643,-0.01440443,-0.1114622,0,-28.64474,1.553597,11.08636,1,1.0,1.0,-0.001596192,-0.001232391,-0.02678836,4.78,47,0.4362654661914142,-0.2622555674625508,0.860752264210605,0.4515338323890296,-0.2126369452153649,0.8665464371501123
0.1050289,-0.01282063,-0.9943865,0,-0.07534833,0.9969401,-0.02081198,0,-0.9916106,-0.07711122,-0.1037415,0,14.11826,-1.061797,-27.30165,1,0.1050289,-0.07534832,-0.9916106,0,-0.01282063,0.9969401,-0.07711121,0,-0.9943865,-0.02081198,-0.1037415,0,-28.64483,1.554134,11.08562,1,1.0,1.0,-0.001434082,-0.001116432,-0.02669245,4.8,48,0.39967787815796085,-0.24861905001167134,0.8822959603684264,0.4153359376077594,-0.19774332793922847,0.8879153310913164
0.09034598,-0.02589576,-0.9955738,0,-0.07893632,0.9963307,-0.03307874,0,-0.9927773,-0.08157546,-0.08797032,0,13.7148,-1.386887,-27.49202,1,0.09034593,-0.07893632,-0.9927772,0,-0.02589576,0.9963307,-0.08157545,0,-0.9955736,-0.03307874,-0.08797035,0,-28.64532,1.554992,11.08412,1,1.0,1.0,-0.0009102784,-0.0008819886,-0.02647753,4.82,49,0.3205328931401778,-0.2086820470571696,0.9239645380918124,0.3369460052420505,-0.15538887443810573,0.9286127757317808
0.07552326,-0.03713311,-0.9964525,0,-0.08211239,0.9956808,-0.04332783,0,-0.9937575,-0.08509335,-0.07214797,0,13.30461,-1.669632,-27.67704,1,0.07552324,-0.08211239,-0.9937574,0,-0.03713311,0.9956808,-0.08509335,0,-0.9964523,-0.04332783,-0.07214797,0,-28.64565,1.555708,11.08263,1,1.0,1.0,-0.0005067596,-0.0008544617,-0.02637872,4.84,50,0.24763647904964928,-0.20567543162009808,0.9467701891545692,0.26446753571532744,-0.1509973945887685,0.9525002411443609
0.06063253,-0.04778449,-0.9970158,0,-0.08503951,0.9949745,-0.05285826,0,-0.9945311,-0.08799066,-0.05626422,0,12.88978,-1.942394,-27.85488,1,0.06063249,-0.08503951,-0.994531,0,-0.0477845,0.9949746,-0.08799066,0,-0.9970157,-0.05285825,-0.05626424,0,-28.6461,1.556412,11.08114,1,1.0,1.0,-0.0004460989,-0.000938797,-0.02638493,4.86,51,0.23939235176586238,-0.21099682158653563,0.9477191795022347,0.25624162727472344,-0.156246738805639,0.9539010352569097
0.04550886,-0.05968492,-0.9971793,0,-0.0874319,0.994145,-0.06349349,0,-0.9951305,-0.09007481,-0.04002404,0,12.46557,-2.259947,-28.0233,1,0.04550886,-0.08743189,-0.9951304,0,-0.05968492,0.9941449,-0.09007479,0,-0.9971793,-0.06349348,-0.04002404,0,-28.64644,1.557306,11.0797,1,1.0,1.0,-0.0002892986,-0.0009894944,-0.02635504,4.88,52,0.2160943080495365,-0.23261659382176483,0.9482577552054884,0.23295687936684462,-0.17777553628159726,0.9560998645829064
0.02173692,-0.07932986,-0.9966114,0,-0.09033594,0.9926134,-0.08098192,0,-0.9956741,-0.09179013,-0.01441002,0,11.79296,-2.802785,-28.26436,1,0.02173692,-0.09033594,-0.9956741,0,-0.07932986,0.9926134,-0.09179012,0,-0.9966114,-0.08098193,-0.01441002,0,-28.64727,1.558508,11.07738,1,1.0,1.0,-0.0001188358,-0.001062599,-0.02633222,4.92,53,0.1946350217208811,-0.2489534762108856,0.9487567522828113,0.2115098916632882,-0.19403440735311517,0.9579218206574633
0.006083727,-0.09249739,-0.9956943,0,-0.09097081,0.9915327,-0.09266663,0,-0.9958349,-0.09114288,0.002382278,0,11.34598,-3.186532,-28.40623,1,0.006083795,-0.09097079,-0.9958349,0,-0.09249738,0.9915327,-0.09114289,0,-0.9956944,-0.09266663,0.002382349,0,-28.6477,1.559394,11.07596,1,1.0,1.0,-8.888263e-05,-0.001083427,-0.02633202,4.94,54,0.18051274843012644,-0.25280197114776953,0.9505294898308015,0.1974214487240812,-0.1977597706576261,0.960164488352453
-0.01007473,-0.1068864,-0.9942202,0,-0.08968484,0.9903601,-0.1055626,0,-0.9959193,-0.08810295,0.01956367,0,10.88066,-3.631718,-28.53462,1,-0.0100747,-0.08968481,-0.9959192,0,-0.1068864,0.99036,-0.08810295,0,-0.9942202,-0.1055626,0.01956371,0,-28.64826,1.560348,11.07453,1,1.0,1.0,4.230533e-05,-0.001130302,-0.02632127,4.96,55,0.16871681742538935,-0.26089350085322394,0.95050997718614,0.1856270428500451,-0.20582683802426824,0.9608214785857356
-0.02665281,-0.1198761,-0.992431,0,-0.08853433,0.9891655,-0.117104,0,-0.9957165,-0.08474307,0.03697717,0,10.40033,-4.040382,-28.65862,1,-0.02665279,-0.08853433,-0.9957165,0,-0.1198761,0.9891654,-0.08474307,0,-0.9924309,-0.117104,0.03697719,0,-28.64885,1.561355,11.0731,1,1.0,1.0,9.926688e-05,-0.00117762,-0.02631188,4.98,56,0.15065718839784908,-0.27147380061814785,0.9505810786892368,0.1675715480736275,-0.21636687233272037,0.9618238678849492
-0.03457141,-0.1263353,-0.991385,0,-0.08804184,0.9885063,-0.1228982,0,-0.9955167,-0.08303459,0.04529691,0,10.16987,-4.243796,-28.71191,1,-0.03457147,-0.08804183,-0.9955166,0,-0.1263352,0.9885063,-0.0830346,0,-0.9913849,-0.1228982,0.04529684,0,-28.64911,1.56175,11.07245,1,1.0,1.0,0.0001778333,-0.001228951,-0.02632272,5.0,57,0.13925188510417924,-0.29133794802373647,0.9464307225234455,0.15609410093341164,-0.236425548642487,0.9590295050742126
-0.05022252,-0.1400064,-0.9888762,0,-0.08601674,0.9870529,-0.1353797,0,-0.9950271,-0.07826081,0.06161511,0,9.711571,-4.687298,-28.8017,1,-0.05022243,-0.08601674,-0.9950269,0,-0.1400064,0.9870529,-0.07826076,0,-0.988876,-0.1353797,0.06161516,0,-28.64982,1.562803,11.07106,1,1.0,1.0,0.000255852,-0.001276604,-0.02631734,5.02,58,0.12131865384942825,-0.3016342283510028,0.9456736099285301,0.13815022602361438,-0.24672992041004074,0.9591865623662997
-0.06553507,-0.1528151,-0.9860795,0,-0.0829632,0.9856168,-0.1472297,0,-0.9943954,-0.0721596,0.07727051,0,9.259652,-5.120778,-28.87707,1,-0.06553507,-0.0829632,-0.9943954,0,-0.1528151,0.9856169,-0.0721596,0,-0.9860794,-0.1472297,0.07727049,0,-28.65078,1.563774,11.06959,1,1.0,1.0,0.0003630295,-0.001278336,-0.02630297,5.04,59,0.11583876646032316,-0.3093645983041503,0.9438617088859268,0.13263892264223784,-0.254546267437418,0.9579212462065891
-0.08033824,-0.1644661,-0.9831056,0,-0.07905656,0.984238,-0.1581951,0,-0.9936276,-0.06501184,0.09207404,0,8.819588,-5.53265,-28.93916,1,-0.08033822,-0.07905657,-0.9936277,0,-0.1644661,0.9842379,-0.06501184,0,-0.9831057,-0.1581951,0.09207408,0,-28.65163,1.564658,11.06824,1,1.0,1.0,0.0009038849,-0.0003246841,-0.02658927,5.06,60,0.02393753248368941,-0.1471802380313553,0.9888199897208924,0.04155338539741081,-0.08994511220187738,0.9950794907709665
-0.09447503,-0.173528,-0.9802871,0,-0.07518584,0.9831226,-0.166784,0,-0.9926841,-0.0579468,0.1059273,0,8.396755,-5.86969,-28.99907,1,-0.09447496,-0.07518586,-0.9926839,0,-0.173528,0.9831228,-0.05794677,0,-0.9802868,-0.166784,0.1059274,0,-28.65268,1.565362,11.06699,1,1.0,1.0,0.001159446,-0.0002590637,-0.02604495,5.08,61,-0.0035592872515267065,-0.09537327161027503,0.9954352166447666,0.014178807154099343,-0.037814678264331526,0.9991841729808634
-0.1011145,-0.1771121,-0.9789827,0,-0.0732311,0.9826816,-0.1702176,0,-0.992176,-0.05448052,0.1123334,0,8.197247,-6.010506,-29.02762,1,-0.1011144,-0.07323108,-0.9921759,0,-0.1771121,0.9826815,-0.05448051,0,-0.9789827,-0.1702176,0.1123335,0,-28.65322,1.565694,11.06643,1,1.0,1.0,0.001335572,-0.0002569275,-0.02613522,5.1,62,-0.026696376099173007,-0.07829359236592515,0.9965728357213082,-0.008934337164545248,-0.02067405344771888,0.9997463483971677
-0.1146942,-0.1830225,-0.9763954,0,-0.06947519,0.9819528,-0.1759031,0,-0.9909684,-0.04766019,0.1253397,0,7.787827,-6.254923,-29.08924,1,-0.1146941,-0.06947517,-0.9909685,0,-0.1830224,0.9819527,-0.04766018,0,-0.9763954,-0.1759031,0.1253399,0,-28.65417,1.566212,11.06542,1,1.0,1.0,0.001384277,-0.0003440399,-0.02601934,5.12,63,-0.024362952602774976,-0.07874103700589542,0.9965973588323976,-0.006600847168534335,-0.021121737254112816,0.9997551205330362
-0.1274111,-0.1869306,-0.9740757,0,-0.06648143,0.9814805,-0.1796557,0,-0.9896196,-0.04186784,0.1374789,0,7.402791,-6.43084,-29.15179,1,-0.1274111,-0.06648145,-0.9896193,0,-0.1869306,0.9814805,-0.0418678,0,-0.9740756,-0.1796557,0.1374789,0,-28.65497,1.566609,11.06446,1,1.0,1.0,0.001519867,-0.0005661164,-0.02570072,5.14,64,-0.049626694121876085,-0.09742371397686447,0.9940049351917161,-0.031906771653841384,-0.039896839096800314,0.9986942475816678
-0.1392702,-0.1885747,-0.9721336,0,-0.06462546,0.9813387,-0.1811019,0,-0.9881436,-0.03760251,0.148858,0,7.042624,-6.525246,-29.22006,1,-0.1392701,-0.06462548,-0.9881433,0,-0.1885746,0.9813387,-0.03760247,0,-0.9721333,-0.1811019,0.1488579,0,-28.65546,1.566803,11.06339,1,1.0,1.0,0.001568771,-0.0004887924,-0.02613587,5.16,65,-0.05914774192616006,-0.10703765719147158,0.9924940728125267,-0.04145322967246389,-0.04957211434646859,0.997909933425328
-0.1499665,-0.1874897,-0.9707512,0,-0.06331442,0.9816607,-0.1798156,0,-0.9866619,-0.03449626,0.1590869,0,6.716786,-6.529042,-29.29603,1,-0.1499664,-0.06331443,-0.9866616,0,-0.1874897,0.9816606,-0.03449623,0,-0.9707509,-0.1798156,0.1590869,0,-28.65598,1.56669,11.06258,1,1.0,1.0,0.001703339,-0.00067556,-0.02608671,5.18,66,-0.08257572942749082,-0.10433385131266523,0.9911083171781903,-0.06490219014155256,-0.04692863571326746,0.9967875444972821
-0.163793,-0.1815471,-0.9696456,0,-0.06312142,0.9828347,-0.173354,0,-0.9844733,-0.03281125,0.172441,0,6.294878,-6.378945,-29.42282,1,-0.163793,-0.06312145,-0.9844732,0,-0.1815471,0.9828348,-0.03281124,0,-0.9696454,-0.173354,0.1724409,0,-28.65673,1.566226,11.06153,1,1.0,1.0,0.001830017,-0.0006801758,-0.02637846,5.22,67,-0.0991464217885825,-0.10803977400306186,0.989190272030557,-0.08150442899072466,-0.05072195645236491,0.9953814902782451
-0.1716156,-0.1783492,-0.9688858,0,-0.06429502,0.9834076,-0.1696339,0,-0.9830638,-0.0331827,0.180235,0,6.056292,-6.283774,-29.49346,1,-0.1716156,-0.06429501,-0.9830636,0,-0.1783492,0.9834076,-0.03318271,0,-0.9688857,-0.1696339,0.180235,0,-28.65714,1.565809,11.06096,1,1.0,1.0,0.002088655,-0.0002382203,-0.02698381,5.24,68,-0.12913307025228568,-0.05135777226114724,0.9902964351120277,-0.11146660594038679,0.005960308801282112,0.993750305901399
-0.1774665,-0.1752217,-0.9684024,0,-0.06623618,0.9839172,-0.1658907,0,-0.9818954,-0.03470326,0.1862184,0,5.878064,-6.177803,-29.5518,1,-0.1774665,-0.06623621,-0.9818953,0,-0.1752217,0.9839171,-0.03470323,0,-0.9684023,-0.1658907,0.1862183,0,-28.65736,1.565419,11.06034,1,1.0,1.0,0.002262368,-0.0001365738,-0.02657158,5.26,69,-0.161864979211443,-0.009171310482783078,0.986770295240441,-0.14425614992175104,0.047906882926729365,0.9883800350968234
-0.1816471,-0.1701977,-0.9685231,0,-0.06869732,0.9846983,-0.1601559,0,-0.9809613,-0.03744308,0.1905596,0,5.751334,-6.004158,-29.61263,1,-0.181647,-0.0686973,-0.9809613,0,-0.1701977,0.9846982,-0.03744309,0,-0.9685232,-0.1601559,0.1905597,0,-28.65771,1.564745,11.06,1,1.0,1.0,0.002402085,1.181031e-05,-0.02721063,5.28,70,-0.16516149529447788,-0.01081231734768173,0.9862072673964968,-0.14756217514055917,0.046239530658890145,0.9879713104499709
-0.1833805,-0.1667064,-0.9688037,0,-0.07004496,0.985227,-0.1562739,0,-0.9805434,-0.03920225,0.1923484,0,5.698948,-5.885203,-29.6467,1,-0.1833805,-0.07004498,-0.9805433,0,-0.1667064,0.9852269,-0.03920223,0,-0.9688036,-0.1562739,0.1923483,0,-28.65786,1.564437,11.05985,1,1.0,1.0,0.002446885,-4.892732e-05,-0.02707933,5.3,71,-0.1746818598228723,-0.014523584582419896,0.9845178075279795,-0.15711113239696542,0.04244680952646811,0.9866683132836318
-0.1862456,-0.1574497,-0.9698052,0,-0.0726215,0.9865819,-0.1462269,0,-0.9798157,-0.0431946,0.1951807,0,5.612555,-5.577078,-29.72267,1,-0.1862455,-0.07262148,-0.9798156,0,-0.1574497,0.9865819,-0.0431946,0,-0.9698052,-0.1462269,0.1951807,0,-28.658,1.563582,11.05966,1,1.0,1.0,0.002445886,-6.721471e-06,-0.02726956,5.32,72,-0.18811729604935679,-0.01206395232366417,0.9820724738945751,-0.17058800857612066,0.04477515801505932,0.9843245991819771
-0.1888142,-0.1478939,-0.9708124,0,-0.07519905,0.9878691,-0.1358668,0,-0.9791294,-0.04735059,0.1976452,0,5.535146,-5.258464,-29.795,1,-0.1888142,-0.07519906,-0.9791294,0,-0.1478939,0.9878691,-0.04735059,0,-0.9708123,-0.1358668,0.1976452,0,-28.65793,1.562761,11.05947,1,1.0,1.0,0.002505349,0.0001006317,-0.0277225,5.34,73,-0.18087473356683328,-0.007330725732473877,0.9834788209297453,-0.16332153647241668,0.04957415426467828,0.9853265849215836
-0.1908568,-0.1398879,-0.9715992,0,-0.07751579,0.9888506,-0.1271449,0,-0.9785525,-0.05104781,0.1995724,0,5.473701,-4.988983,-29.85247,1,-0.1908569,-0.0775158,-0.9785525,0,-0.139888,0.9888507,-0.05104782,0,-0.9715992,-0.1271449,0.1995724,0,-28.65784,1.562068,11.05936,1,1.0,1.0,0.002531121,0.0001413345,-0.02764275,5.36,74,-0.1831819507679049,-0.0020315711675753037,0.9830769276264475,-0.165635548643699,0.05484368782361178,0.9846608730580325
-0.1927942,-0.1332287,-0.9721525,0,-0.0794212,0.9896077,-0.1198703,0,-0.9780197,-0.05409922,0.2013719,0,5.415157,-4.764902,-29.89941,1,-0.1927943,-0.07942121,-0.9780198,0,-0.1332287,0.9896077,-0.05409923,0,-0.9721525,-0.1198703,0.2013718,0,-28.6576,1.561411,11.05925,1,1.0,1.0,0.002531899,0.0001577224,-0.02757324,5.38,75,-0.1856994019130023,0.011452021391102036,0.9825398634840271,-0.16816216997186698,0.06827646085816005,0.9833919917728825
-0.1936115,-0.1299288,-0.9724367,0,-0.08031018,0.9899641,-0.1162809,0,-0.9777857,-0.05558324,0.2021031,0,5.390499,-4.654137,-29.92113,1,-0.1936116,-0.0803102,-0.9777856,0,-0.1299288,0.9899642,-0.05558324,0,-0.9724367,-0.116281,0.202103,0,-28.65745,1.561084,11.05921,1,1.0,1.0,0.002534234,0.0001906891,-0.02759313,5.4,76,-0.18826453021126655,0.019879767748210597,0.9819171357597382,-0.17073798731167208,0.07665691139642258,0.9823300146203008
-0.1951041,-0.123266,-0.9730057,0,-0.082095,0.9906417,-0.1090388,0,-0.9773408,-0.05860499,0.2033979,0,5.345515,-4.430211,-29.96268,1,-0.1951041,-0.08209502,-0.9773406,0,-0.123266,0.9906417,-0.05860497,0,-0.9730055,-0.1090388,0.2033978,0,-28.65702,1.560496,11.0591,1,1.0,1.0,0.002463989,-0.0001709976,-0.02631783,5.42,77,-0.20227555561847266,0.03529675089211804,0.9786923617642562,-0.1848042500314117,0.09187669631943142,0.9784712882061254
-0.1969182,-0.1168011,-0.9734377,0,-0.08375596,0.9912527,-0.1019956,0,-0.9768359,-0.06144641,0.2049785,0,5.290475,-4.213698,-30.00321,1,-0.1969181,-0.08375594,-0.9768356,0,-0.1168011,0.9912527,-0.06144639,0,-0.9734375,-0.1019956,0.2049785,0,-28.65662,1.559755,11.05902,1,1.0,1.0,0.002456209,-0.0003806763,-0.02570927,5.44,78,-0.22036962409302124,0.05263886530872191,0.973995060888971,-0.20297914632223651,0.10893769932693319,0.9731043334728556
-0.1986775,-0.1092788,-0.9739537,0,-0.08617947,0.9918628,-0.09370849,0,-0.9762687,-0.06531703,0.2064785,0,5.23754,-3.955446,-30.04704,1,-0.1986775,-0.08617947,-0.9762684,0,-0.1092788,0.9918628,-0.06531701,0,-0.9739534,-0.09370846,0.2064784,0,-28.65608,1.558967,11.05895,1,1.0,1.0,0.002486496,-0.000303894,-0.02598419,5.46,79,-0.21715451766804977,0.05660433857368839,0.9744946712583871,-0.19975564786383498,0.11292207661950614,0.9733171557916968
-0.2003907,-0.1012003,-0.9744754,0,-0.08835937,0.9924641,-0.08489824,0,-0.9757236,-0.06909122,0.2078226,0,5.18585,-3.682269,-30.09006,1,-0.2003906,-0.08835936,-0.9757233,0,-0.1012003,0.9924641,-0.06909119,0,-0.9744752,-0.08489823,0.2078225,0,-28.65547,1.558145,11.05893,1,1.0,1.0,0.002531097,-0.0002899551,-0.02606947,5.48,80,-0.22603016969084655,0.06737437155015985,0.9717875572612298,-0.20867812841994807,0.12352721583016037,0.9701517745530318
-0.2031623,-0.08790214,-0.9751915,0,-0.08948594,0.9934609,-0.07090627,0,-0.9750475,-0.07286046,0.2096997,0,5.100753,-3.259586,-30.1525,1,-0.2031622,-0.08948596,-0.9750473,0,-0.08790214,0.993461,-0.07286044,0,-0.9751914,-0.07090626,0.2096998,0,-28.6547,1.556716,11.05895,1,1.0,1.0,0.002621993,-0.0002775727,-0.02615032,5.52,81,-0.250121246189707,0.07627623198017752,0.9652053142411794,-0.2328826681346151,0.1320594890578663,0.9634967328601991
-0.2051322,-0.07860188,-0.9755731,0,-0.08962923,0.9940902,-0.06124763,0,-0.9746218,-0.074876,0.210965,0,5.039974,-2.970818,-30.19173,1,-0.2051322,-0.08962921,-0.9746215,0,-0.07860189,0.9940901,-0.07487597,0,-0.9755728,-0.0612476,0.2109649,0,-28.65388,1.555818,11.05902,1,1.0,1.0,0.002703727,0.0001434555,-0.02753106,5.54,82,-0.22857891666696906,0.0618901896330932,0.9715561143251243,-0.21123059478623488,0.11804143498052463,0.9702823586224743
-0.2074662,-0.06949344,-0.9757707,0,-0.08981944,0.9946133,-0.05173817,0,-0.9741099,-0.07690925,0.2125905,0,4.967819,-2.687068,-30.22932,1,-0.2074662,-0.08981943,-0.97411,0,-0.06949342,0.9946133,-0.07690925,0,-0.9757707,-0.05173818,0.2125906,0,-28.65296,1.55479,11.05901,1,1.0,1.0,0.002677231,-0.0001302567,-0.02639471,5.56,83,-0.2451610211344411,0.08882225525228489,0.9654049309425636,-0.2279196736637796,0.14459104573665305,0.96288423595455
-0.2099522,-0.0604116,-0.9758434,0,-0.08932343,0.9951004,-0.04238585,0,-0.9736228,-0.07826668,0.2143197,0,4.890621,-2.411422,-30.26427,1,-0.2099522,-0.08932343,-0.9736229,0,-0.0604116,0.9951004,-0.07826669,0,-0.9758435,-0.04238585,0.2143197,0,-28.65207,1.553677,11.05912,1,1.0,1.0,0.002691436,-5.853272e-05,-0.02654566,5.58,84,-0.24135663767605312,0.08318283521088919,0.9668648247692062,-0.2240898805659551,0.13904127819878284,0.9645990091145565
-0.2111585,-0.0555798,-0.9758705,0,-0.08880588,0.9953438,-0.03747312,0,-0.9734095,-0.07875027,0.2151111,0,4.852941,-2.267508,-30.28107,1,-0.2111584,-0.08880587,-0.9734091,0,-0.0555798,0.9953438,-0.07875024,0,-0.9758702,-0.0374731,0.2151111,0,-28.65168,1.553194,11.05912,1,1.0,1.0,0.002687615,-4.744719e-05,-0.02658994,5.6,85,-0.25497851248740533,0.09484958894994988,0.9622834892305571,-0.23779122686660703,0.15043845647810433,0.9595955414849319
-0.2129819,-0.045941,-0.9759755,0,-0.08702768,0.9958156,-0.02788332,0,-0.9731726,-0.07899824,0.2160889,0,4.795479,-1.988115,-30.309,1,-0.2129819,-0.08702768,-0.9731725,0,-0.045941,0.9958157,-0.07899823,0,-0.9759755,-0.02788333,0.2160889,0,-28.65083,1.552019,11.05921,1,1.0,1.0,0.002702866,-8.415987e-05,-0.02644028,5.62,86,-0.24830871357764864,0.10348261852852154,0.9631376487418055,-0.23110726675569368,0.15909951535166444,0.9598316391261429
-0.2143133,-0.03656571,-0.9760804,0,-0.08539101,0.9961745,-0.01856958,0,-0.9730254,-0.07936878,0.2166158,0,4.753334,-1.714901,-30.3313,1,-0.2143132,-0.085391,-0.9730251,0,-0.03656571,0.9961745,-0.07936876,0,-0.9760804,-0.01856958,0.2166157,0,-28.64979,1.550993,11.05924,1,1.0,1.0,0.002730514,9.618379e-05,-0.02686685,5.64,87,-0.24737063046364807,0.10076661471964636,0.9636668825595074,-0.23015990223203145,0.15641758291201702,0.9604998485999381
-0.2161928,-0.02790659,-0.9759519,0,-0.08412489,0.9964065,-0.009856142,0,-0.9727199,-0.07997102,0.2177637,0,4.694403,-1.459506,-30.35299,1,-0.2161929,-0.08412489,-0.9727196,0,-0.0279066,0.9964065,-0.07997099,0,-0.9759517,-0.009856127,0.2177635,0,-28.64889,1.550015,11.05939,1,1.0,1.0,0.002795571,6.828306e-05,-0.02669084,5.66,88,-0.2477569751693235,0.13085979832424735,0.9599438496274062,-0.2306125258328078,0.186246414026254,0.9550550435400955
-0.2179908,-0.0199376,-0.9757473,0,-0.08294603,0.9965523,-0.00183183,0,-0.9724199,-0.08053504,0.2188931,0,4.63798,-1.224271,-30.37126,1,-0.2179908,-0.08294602,-0.9724195,0,-0.01993761,0.9965524,-0.08053502,0,-0.975747,-0.001831824,0.2188929,0,-28.64804,1.549117,11.05952,1,1.0,1.0,0.002760102,0.0001215439,-0.02669176,5.68,89,-0.2588331600810863,0.13173675696087458,0.9568964531796896,-0.24174125335053315,0.1869575838742039,0.9521596653190227
