mat_00,mat_10,mat_20,mat_30,mat_01,mat_11,mat_21,mat_31,mat_02,mat_12,mat_22,mat_32,mat_03,mat_13,mat_23,mat_33,ctw_00,ctw_10,ctw_20,ctw_30,ctw_01,ctw_11,ctw_21,ctw_31,ctw_02,ctw_12,ctw_22,ctw_32,ctw_03,ctw_13,ctw_23,ctw_33,opennessl,opennessr,eye_x,eye_y,eye_z,time,frame,ray_x,ray_y,ray_z,base_x,base_y,base_z
-0.3874948,-0.09546477,-0.9169157,0,0.01802025,0.9936492,-0.1110694,0,-0.9216959,0.05956184,0.3833137,0,-1.108447,-5.008954,-30.22835,1,-0.3874947,0.01802024,-0.9216956,0,-0.09546476,0.9936493,0.05956184,0,-0.9169155,-0.1110694,0.3833135,0,-28.62454,1.639674,10.86363,1,0.0,0.0,-0.0006143805,-0.004332192,-0.02265676,3.78,1,0.0249192000329638,-0.22810233352570844,0.973318220783852,0.04225867310525923,-0.17162736747988908,0.9842551758966299
-0.4048786,-0.1005991,-0.9088196,0,0.03326711,0.9916506,-0.1245883,0,-0.913765,0.08067697,0.3981515,0,-1.69816,-5.386659,-30.1601,1,-0.4048786,0.03326713,-0.9137651,0,-0.1005991,0.9916507,0.08067697,0,-0.9088196,-0.1245883,0.3981515,0,-28.63953,1.64058,10.89115,1,0.9816049,0.8677388,-0.0006049192,-0.004337051,-0.02265789,3.8,2,0.02222136117643234,-0.23494112446083504,0.9717555655330946,0.039533417832395924,-0.1785421067048517,0.9831377446766462
-0.4054878,-0.1005851,-0.9085497,0,0.03302764,0.9916664,-0.1245272,0,-0.9135038,0.0805015,0.3987865,0,-1.717958,-5.384329,-30.15948,1,-0.4054877,0.03302761,-0.9135035,0,-0.1005851,0.9916663,0.08050149,0,-0.9085494,-0.1245272,0.3987864,0,-28.63957,1.640523,10.89127,1,0.9940422,0.8933115,-0.0005973512,-0.004340981,-0.02265804,3.82,3,0.022765589246135285,-0.2371956056624102,0.971195125914828,0.04006757309584377,-0.18082570982475807,0.9826986579071846
-0.4061887,-0.1008027,-0.9082124,0,0.03305536,0.9916255,-0.1248444,0,-0.9131913,0.08073167,0.3994551,0,-1.741426,-5.393022,-30.15669,1,-0.4061887,0.03305535,-0.9131911,0,-0.1008027,0.9916255,0.08073166,0,-0.9082122,-0.1248444,0.399455,0,-28.63965,1.640528,10.89137,1,0.9918364,0.8783231,-0.0004127733,-0.004732232,-0.02264532,3.84,4,-0.007344169923642628,-0.29000292956776297,0.9569975778497287,0.009709610168563764,-0.23433283277901737,0.9721079399697009
-0.4066963,-0.1014693,-0.9079108,0,0.03304614,0.9915282,-0.1256174,0,-0.9129655,0.08109106,0.3998977,0,-1.758333,-5.41593,-30.15162,1,-0.4066963,0.03304613,-0.9129655,0,-0.1014693,0.9915283,0.08109107,0,-0.9079108,-0.1256174,0.3998977,0,-28.63964,1.640587,10.89145,1,0.9670842,0.8939056,-0.0004129643,-0.004769593,-0.02264866,3.86,5,0.0008065442731043872,-0.3140632710406532,0.9494017122744095,0.017723680557066954,-0.2587994813848597,0.9657684502935674
-0.406857,-0.1016709,-0.9078165,0,0.03296481,0.9915056,-0.1258176,0,-0.9128971,0.08111574,0.4000494,0,-1.763436,-5.421936,-30.15034,1,-0.4068569,0.0329648,-0.9128968,0,-0.1016709,0.9915056,0.08111572,0,-0.9078162,-0.1258176,0.4000493,0,-28.63969,1.640569,10.89159,1,0.9453189,0.8680126,-0.000403,-0.004771797,-0.02264294,3.88,6,0.00037820192225110073,-0.3108444771681324,0.9504607135370594,0.01731427641786936,-0.25552454272870734,0.9666475179171622
-0.4067667,-0.1015735,-0.9078678,0,0.03328385,0.9914918,-0.1258422,0,-0.9129258,0.08140571,0.399925,0,-1.760993,-5.422269,-30.15068,1,-0.4067665,0.03328383,-0.9129254,0,-0.1015735,0.9914917,0.08140571,0,-0.9078676,-0.1258421,0.3999249,0,-28.6399,1.640521,10.89176,1,0.9171012,0.8700006,-0.0003998186,-0.004775979,-0.02263453,3.9,7,0.005132390700382614,-0.32090354696351986,0.947097973871727,0.022007790163747137,-0.265765651008319,0.9637864265054955
-0.4065322,-0.1005664,-0.9080848,0,0.03386508,0.9915819,-0.1249741,0,-0.9130086,0.08155835,0.3997042,0,-1.754253,-5.395191,-30.15612,1,-0.4065322,0.03386508,-0.9130087,0,-0.1005664,0.9915819,0.08155836,0,-0.9080849,-0.1249741,0.3997043,0,-28.64005,1.640448,10.8919,1,0.9236127,0.8506708,-0.0003974605,-0.004782051,-0.02262933,3.92,8,0.004543225119077053,-0.3110178029177573,0.9503932267086759,0.02147743580069103,-0.2557057512086987,0.9665160570576272
-0.4063573,-0.09944543,-0.9082866,0,0.034044,0.9917216,-0.1238114,0,-0.9130799,0.08123334,0.3996078,0,-1.748672,-5.359756,-30.16301,1,-0.4063572,0.03404398,-0.9130797,0,-0.09944542,0.9917216,0.08123334,0,-0.9082865,-0.1238114,0.3996077,0,-28.64025,1.640394,10.89209,1,0.9490627,0.8854775,-0.0003938451,-0.004801247,-0.02262868,3.94,9,0.003755838914122267,-0.3090709512377155,0.9510315666554211,0.020701549103593644,-0.25372452409399665,0.9670549683125497
-0.4059916,-0.09957722,-0.9084358,0,0.03327847,0.9917758,-0.123585,0,-0.9132709,0.08040581,0.3993388,0,-1.734745,-5.354703,-30.16479,1,-0.4059914,0.03327845,-0.9132706,0,-0.09957719,0.9917759,0.08040581,0,-0.9084354,-0.123585,0.3993387,0,-28.64026,1.640479,10.89223,1,0.9493993,0.8861839,-0.0003923187,-0.004811089,-0.02262577,3.96,10,0.004403753728758106,-0.3078533422170112,0.9514236315327216,0.021356347202196275,-0.2524870009966481,0.9673645748950588
-0.4060671,-0.09954856,-0.9084051,0,0.03312899,0.991792,-0.1234956,0,-0.9132427,0.08024205,0.3994362,0,-1.736917,-5.352146,-30.16511,1,-0.4060671,0.03312898,-0.9132425,0,-0.09954856,0.991792,0.08024205,0,-0.9084049,-0.1234956,0.3994361,0,-28.64024,1.640498,10.89228,1,0.9246587,0.8685586,-0.0003904654,-0.004814499,-0.02262123,3.98,11,0.0045795061223267595,-0.3075291765531182,0.9515276315968111,0.021533924855270017,-0.2521575588328829,0.9674465647278763
-0.406069,-0.0994627,-0.9084136,0,0.03287876,0.9918255,-0.1232926,0,-0.9132509,0.07993281,0.3994794,0,-1.736382,-5.346354,-30.1662,1,-0.4060689,0.03287875,-0.9132506,0,-0.09946268,0.9918256,0.07993282,0,-0.9084134,-0.1232926,0.3994793,0,-28.64023,1.640472,10.89237,1,0.9220191,0.8654479,-0.000389412,-0.004814949,-0.02261654,4.0,12,0.004687955802597627,-0.3073029853925423,0.9516001777213072,0.021643650006990554,-0.25192767257790954,0.9675040052650182
-0.4060754,-0.09887949,-0.9084745,0,0.03286824,0.9919053,-0.1226518,0,-0.9132485,0.07966584,0.3995383,0,-1.736356,-5.32687,-30.16951,1,-0.4060752,0.03286824,-0.9132482,0,-0.09887947,0.9919054,0.07966583,0,-0.9084743,-0.1226518,0.3995382,0,-28.64003,1.640477,10.89252,1,0.9342556,0.8647164,-0.0004000934,-0.004812035,-0.02261084,4.02,13,0.0031318841046916626,-0.31026359905694484,0.9506454072903239,0.020070812435644576,-0.25493681164336635,0.9667493907716145
-0.4060779,-0.09796143,-0.9085728,0,0.03296325,0.9920205,-0.1216913,0,-0.9132439,0.07936564,0.3996085,0,-1.736431,-5.297416,-30.17463,1,-0.4060778,0.03296323,-0.9132437,0,-0.09796142,0.9920205,0.07936563,0,-0.9085726,-0.1216913,0.3996083,0,-28.63991,1.640394,10.89268,1,0.9144722,0.8598402,-0.0004037246,-0.004812035,-0.0226068,4.04,14,0.0018943846302287726,-0.3122166792855548,0.9500090296848623,0.018822169908376114,-0.2569220630438452,0.966248818597588
-0.4061593,-0.09717607,-0.9086208,0,0.0333927,0.9920871,-0.1210295,0,-0.9131921,0.07949851,0.3997004,0,-1.739957,-5.276434,-30.17821,1,-0.4061591,0.03339268,-0.9131919,0,-0.09717606,0.9920872,0.07949853,0,-0.9086205,-0.1210295,0.3997003,0,-28.63998,1.640332,10.89279,1,0.9201874,0.8711242,-0.0004101722,-0.004813347,-0.0226008,4.06,15,0.0005706791048679753,-0.31018869238727415,0.9506748389646336,0.017510538513998215,-0.2548577007561044,0.9668200108635845
-0.4062729,-0.09617452,-0.9086766,0,0.03414382,0.9921532,-0.1202755,0,-0.9131138,0.07989036,0.3998013,0,-1.744972,-5.252147,-30.18211,1,-0.4062728,0.0341438,-0.9131135,0,-0.09617449,0.9921532,0.07989036,0,-0.9086762,-0.1202755,0.399801,0,-28.63982,1.640345,10.89308,1,0.9414992,0.8699148,-0.0004158104,-0.004815315,-0.02259815,4.1,16,0.00027419065699987736,-0.3105840786079174,0.9505458720833806,0.01721179909529063,-0.2552595604552716,0.9667193547085343
-0.4062623,-0.09556144,-0.9087459,0,0.03444493,0.9922079,-0.119737,0,-0.9131072,0.0799463,0.3998051,0,-1.745095,-5.23523,-30.18506,1,-0.4062622,0.03444492,-0.913107,0,-0.09556145,0.9922081,0.07994629,0,-0.9087458,-0.119737,0.399805,0,-28.6398,1.640278,10.89322,1,0.9451946,0.8782755,-0.0004176022,-0.004816117,-0.02259728,4.12,17,-0.0010637289171886515,-0.31070083675686166,0.9505071585839722,0.01587340211001845,-0.25537698166006184,0.9667112455866281
-0.4058298,-0.0942452,-0.9090765,0,0.03499879,0.9923369,-0.1185011,0,-0.9132784,0.07990783,0.3994215,0,-1.731585,-5.197237,-30.19239,1,-0.4058298,0.03499878,-0.9132783,0,-0.09424517,0.9923369,0.07990784,0,-0.9090764,-0.1185011,0.3994214,0,-28.63973,1.640183,10.89337,1,0.9466994,0.8908425,-0.000420372,-0.004817116,-0.02259258,4.14,18,-0.0017575465289387643,-0.30442890285283836,0.9525334399054006,0.015215800695315435,-0.24899793845635224,0.968384482555192
-0.4052871,-0.0923131,-0.9095168,0,0.0357803,0.9925246,-0.1166821,0,-0.9134891,0.07983251,0.3989545,0,-1.714866,-5.141186,-30.20295,1,-0.4052871,0.03578028,-0.9134889,0,-0.09231308,0.9925246,0.07983252,0,-0.9095166,-0.1166821,0.3989544,0,-28.6397,1.63997,10.89352,1,0.9448178,0.8700581,-0.0004203646,-0.004817307,-0.0225914,4.16,19,-0.0016211931719620303,-0.29983235350531373,0.9539905301019311,0.015378096102371766,-0.24432516390839115,0.9695714148227577
-0.4049361,-0.09127063,-0.9097783,0,0.03575191,0.992664,-0.1154988,0,-0.9136458,0.07929594,0.3987024,0,-1.703011,-5.105629,-30.20959,1,-0.404936,0.03575191,-0.9136457,0,-0.09127062,0.992664,0.07929594,0,-0.9097782,-0.1154988,0.3987023,0,-28.63963,1.639889,10.89354,1,0.9437079,0.8794369,-0.0004187617,-0.004817558,-0.02258933,4.18,20,-0.001704532273374509,-0.2959209103222991,0.9552109240391624,0.015316516271775106,-0.24034977737442448,0.9705654995132276
-0.4043152,-0.08947465,-0.9102328,0,0.03568012,0.9929029,-0.1134497,0,-0.9139236,0.07834664,0.3982533,0,-1.681927,-5.044181,-30.2209,1,-0.4043151,0.03568009,-0.9139233,0,-0.08947462,0.9929029,0.07834663,0,-0.9102325,-0.1134497,0.3982531,0,-28.6394,1.639841,10.89361,1,0.939509,0.8989152,-0.000417999,-0.004820114,-0.02258767,4.2,21,-0.0020623957392859418,-0.2951763151328029,0.9554405735096424,0.014962801717093615,-0.23959281216186884,0.9707581567646713
-0.4038308,-0.08906781,-0.9104878,0,0.03563964,0.9929621,-0.1129431,0,-0.9141394,0.07805935,0.3978143,0,-1.665541,-5.029416,-30.22422,1,-0.4038306,0.03563962,-0.9141392,0,-0.08906779,0.9929621,0.07805935,0,-0.9104874,-0.1129431,0.3978142,0,-28.63933,1.63976,10.89368,1,0.9436707,0.8618423,-0.0004176712,-0.004818039,-0.0225859,4.22,22,-0.0019573995486268665,-0.29333320625989145,0.9560082628786735,0.015077896819909427,-0.2377201458769488,0.9712166541363108
-0.4034806,-0.08801007,-0.9107458,0,0.0357058,0.9930906,-0.1117859,0,-0.9142914,0.07762235,0.3975505,0,-1.653957,-4.994548,-30.2308,1,-0.4034806,0.03570577,-0.9142911,0,-0.08801003,0.9930906,0.07762235,0,-0.9107454,-0.1117859,0.3975503,0,-28.63947,1.639717,10.89375,1,0.9493156,0.8873352,-0.0004177634,-0.004815148,-0.02258483,4.24,23,-0.0009925633498012603,-0.2935055212969341,0.9559568629316971,0.01604166394410154,-0.2378961292901453,0.9711581213616406
-0.4030632,-0.08739401,-0.91099,0,0.03573843,0.9931676,-0.1110899,0,-0.9144742,0.07733357,0.3971859,0,-1.639973,-4.973821,-30.235,1,-0.403063,0.03573843,-0.914474,0,-0.087394,0.9931676,0.07733356,0,-0.9109896,-0.1110898,0.3971858,0,-28.63947,1.639645,10.89385,1,0.9323878,0.8694125,-0.0004222868,-0.004798576,-0.02258067,4.26,24,-0.002076169963263544,-0.2932633781981591,0.9560294349684464,0.01495952252497541,-0.23764909120677363,0.9712358735829414
-0.4031382,-0.08528174,-0.9111567,0,0.03535403,0.9934537,-0.1086268,0,-0.914456,0.07600467,0.3974841,0,-1.64149,-4.899164,-30.24696,1,-0.4031382,0.03535403,-0.914456,0,-0.08528176,0.9934538,0.07600467,0,-0.9111569,-0.1086268,0.3974841,0,-28.63928,1.639496,10.89397,1,0.9358538,0.8826843,-0.0003531948,-0.004863083,-0.02256442,4.3,25,-0.01047563258197919,-0.311062376632425,0.9503317625786243,0.006459867402027161,-0.2557383615201824,0.9667244491374576
-0.402971,-0.08402255,-0.9113479,0,0.03503795,0.9936305,-0.1071014,0,-0.914542,0.07509051,0.3974603,0,-1.635145,-4.853203,-30.25457,1,-0.4029709,0.03503793,-0.9145417,0,-0.08402252,0.9936305,0.07509051,0,-0.9113475,-0.1071014,0.3974602,0,-28.63912,1.639276,10.89401,1,0.9377183,0.8782646,-0.0002515642,-0.004950783,-0.0225893,4.32,26,-0.02527944581817371,-0.31905083993148187,0.9474003964312775,-0.0083938290809681,-0.26386733891419106,0.9645224575341431
-0.4032302,-0.08265839,-0.911358,0,0.03465254,0.9938186,-0.1054694,0,-0.9144424,0.0741093,0.3978733,0,-1.642858,-4.80359,-30.26183,1,-0.40323,0.03465253,-0.9144421,0,-0.08265837,0.9938186,0.07410929,0,-0.9113577,-0.1054694,0.3978732,0,-28.63886,1.639129,10.89406,1,0.9044877,0.8749624,-0.0002663573,-0.004998932,-0.0226284,4.34,27,-0.022788913983596865,-0.34201293162104063,0.9394188735614319,-0.00604591437181253,-0.2872539858977496,0.9578353692077071
-0.4037809,-0.08101228,-0.9112619,0,0.03331795,0.9941086,-0.1031407,0,-0.9142489,0.0720076,0.398703,0,-1.658616,-4.733804,-30.27185,1,-0.4037809,0.03331794,-0.9142488,0,-0.08101226,0.9941086,0.0720076,0,-0.9112617,-0.1031407,0.3987029,0,-28.6388,1.638918,10.89396,1,0.9048064,0.8973628,-0.000270226,-0.004993493,-0.02262725,4.36,28,-0.023548620997155788,-0.3383694434998464,0.9407186519649412,-0.006782340187168774,-0.2835408362001829,0.9589361783082784
-0.4036338,-0.07939012,-0.9114698,0,0.03240436,0.9943626,-0.1009601,0,-0.9143467,0.07028648,0.3987858,0,-1.651862,-4.668839,-30.2822,1,-0.4036337,0.03240435,-0.9143465,0,-0.07939011,0.9943627,0.07028648,0,-0.9114695,-0.1009601,0.3987857,0,-28.63871,1.638754,10.89389,1,0.9056351,0.8943672,-0.0002719574,-0.004991409,-0.02262592,4.38,29,-0.024633968239148887,-0.3380485152460125,0.9408062334767765,-0.007865954506604522,-0.2832142768511127,0.9590244001835414
-0.4038932,-0.07638779,-0.9116115,0,0.03207121,0.9947127,-0.09756048,0,-0.914244,0.06864049,0.3993078,0,-1.659945,-4.565126,-30.29731,1,-0.403893,0.0320712,-0.9142436,0,-0.07638777,0.9947128,0.06864048,0,-0.9116112,-0.09756047,0.3993077,0,-28.63853,1.638406,10.89371,1,0.9445028,0.9308448,-0.000275352,-0.004986839,-0.02262295,4.4,30,-0.027504166982728413,-0.3358450687274207,0.9415155923350713,-0.010723057580356073,-0.28097064674365085,0.9596564550424194
-0.404487,-0.07483496,-0.9114768,0,0.03164068,0.9949048,-0.09572585,0,-0.9139962,0.06755961,0.4000582,0,-1.67912,-4.509075,-30.30438,1,-0.404487,0.03164069,-0.9139963,0,-0.07483495,0.9949047,0.06755961,0,-0.9114769,-0.09572586,0.4000583,0,-28.63836,1.638315,10.89344,1,1.0,1.0,-0.0002805945,-0.004982178,-0.02262019,4.42,31,-0.029675698901597693,-0.33631655864468557,0.9412813210066889,-0.012898419178062445,-0.28145262850586655,0.9594884307222499
-0.4041172,-0.072641,-0.9118183,0,0.03017668,0.9952403,-0.09266119,0,-0.9142093,0.06496163,0.4000018,0,-1.663841,-4.418252,-30.31838,1,-0.4041173,0.03017668,-0.9142093,0,-0.072641,0.9952403,0.06496163,0,-0.9118181,-0.09266119,0.4000017,0,-28.63818,1.638095,10.89332,1,1.0,1.0,-0.0002612537,-0.004897309,-0.02256655,4.44,32,-0.03144428564628367,-0.3323046001821844,0.9426478184337741,-0.014642375688567768,-0.27736673798816197,0.9606525352550741
-0.4037299,-0.06997649,-0.9121984,0,0.02958895,0.9955502,-0.08946635,0,-0.9143998,0.06311122,0.3998629,0,-1.649692,-4.32205,-30.33271,1,-0.4037298,0.02958894,-0.9143995,0,-0.06997646,0.9955502,0.06311121,0,-0.9121979,-0.08946633,0.3998628,0,-28.63791,1.637874,10.89321,1,1.0,1.0,-0.0002486343,-0.004896943,-0.02256503,4.46,33,-0.030156590126306847,-0.3293798296269399,0.9437157982713238,-0.013335854421892206,-0.2743865790124624,0.9615269940280803
-0.4035213,-0.06849701,-0.9124027,0,0.0290262,0.9957336,-0.08759013,0,-0.9145097,0.06182807,0.3998116,0,-1.641582,-4.265809,-30.34093,1,-0.4035214,0.0290262,-0.9145097,0,-0.068497,0.9957336,0.06182807,0,-0.9124027,-0.08759012,0.3998115,0,-28.63776,1.637692,10.89316,1,1.0,1.0,-0.0002404638,-0.004895768,-0.02256615,4.48,34,-0.03013696776645577,-0.32810376247240675,0.9441608359942145,-0.013308305108760516,-0.27308699505868084,0.9618972825333026
-0.402346,-0.06430635,-0.9132265,0,0.0287314,0.9961516,-0.08280403,0,-0.9150369,0.05955413,0.3989501,0,-1.601725,-4.121461,-30.36275,1,-0.402346,0.02873139,-0.9150366,0,-0.06430633,0.9961516,0.05955413,0,-0.9132262,-0.08280402,0.3989499,0,-28.63754,1.637462,10.89303,1,1.0,1.0,-0.0002331855,-0.004890976,-0.0225643,4.5,35,-0.02886025851985529,-0.3268816719231558,0.9446245063721823,-0.012023536482025782,-0.2718415153016786,0.962266919897464
-0.4000525,-0.05734261,-0.9146967,0,0.02682866,0.9968803,-0.07422854,0,-0.9160995,0.0542354,0.3972661,0,-1.52133,-3.864752,-30.40038,1,-0.4000525,0.02682865,-0.9160993,0,-0.05734259,0.9968802,0.05423539,0,-0.9146965,-0.07422853,0.397266,0,-28.63734,1.636935,10.89295,1,1.0,1.0,-0.0002275622,-0.004880112,-0.02256031,4.54,36,-0.028046406694605917,-0.3231457645503373,0.9459335145371995,-0.011186488826467032,-0.26803718494681844,0.9633436198748192
-0.3974732,-0.05174199,-0.916154,0,0.02589689,0.9973788,-0.06756472,0,-0.9172484,0.0505807,0.3950914,0,-1.43335,-3.664928,-30.42909,1,-0.3974731,0.02589688,-0.9172481,0,-0.05174198,0.9973788,0.05058069,0,-0.9161537,-0.06756471,0.3950912,0,-28.63707,1.636508,10.8929,1,1.0,1.0,-0.0002251212,-0.004871796,-0.02255809,4.56,37,-0.028626041795514232,-0.3188917254314034,0.9473587584344718,-0.011740635665801451,-0.2637074511134999,0.9645312528380737
-0.3947971,-0.04423286,-0.917703,0,0.02529037,0.9979388,-0.05898014,0,-0.9184203,0.04649423,0.3928646,0,-1.342825,-3.405771,-30.46288,1,-0.394797,0.02529036,-0.9184201,0,-0.04423286,0.9979388,0.04649423,0,-0.9177029,-0.05898014,0.3928646,0,-28.63666,1.636006,10.89286,1,1.0,1.0,-0.0001926729,-0.004771316,-0.02246125,4.58,38,-0.015240907130434415,-0.31190159916324206,0.9499921616462178,0.0016892981253595622,-0.2565908718519746,0.966518634457757
-0.3909974,-0.03530644,-0.9197144,0,0.02466507,0.9985031,-0.04881685,0,-0.9200613,0.04177207,0.3895413,0,-1.214963,-3.098925,-30.50042,1,-0.3909974,0.02466506,-0.9200612,0,-0.03530643,0.9985031,0.04177207,0,-0.9197143,-0.04881685,0.3895413,0,-28.63613,1.635319,10.89278,1,1.0,1.0,-0.000194679,-0.004767738,-0.02235763,4.6,39,-0.009545584090033777,-0.31015420763922297,0.9506383378067947,0.007395231055135888,-0.25481498267569186,0.9669615479229916
-0.388561,-0.03044122,-0.9209202,0,0.02412614,0.9987754,-0.0431942,0,-0.9211072,0.03900182,0.3873507,0,-1.132805,-2.929485,-30.52003,1,-0.3885609,0.02412614,-0.9211071,0,-0.03044121,0.9987754,0.03900183,0,-0.9209198,-0.0431942,0.3873507,0,-28.63584,1.634939,10.89277,1,0.9004582,0.9775329,-0.0002256781,-0.004647118,-0.02256429,4.62,40,-0.011225756877538472,-0.3383097776699494,0.940967840425716,0.005543007704474965,-0.2834795644420059,0.9589622576563475
-0.3838505,-0.02087544,-0.9231593,0,0.02266015,0.9992304,-0.03201776,0,-0.9231172,0.03320896,0.383082,0,-0.9734459,-2.59235,-30.55555,1,-0.3838505,0.02266015,-0.9231171,0,-0.02087545,0.9992304,0.03320896,0,-0.9231592,-0.03201775,0.3830819,0,-28.63542,1.634093,10.89277,1,0.7669169,0.8018624,0.0,0.0,0.0,4.64,41,-0.007234466116049729,-0.09206229417272015,0.9957269688482235,0.010509410486905789,-0.03448861217731114,0.9993498326018276
-0.3806229,-0.00976436,-0.9246788,0,0.02167918,0.9995752,-0.01947898,0,-0.9244761,0.02746043,0.3802495,0,-0.8644991,-2.211332,-30.58822,1,-0.3806229,0.02167918,-0.9244763,0,-0.00976436,0.9995752,0.02746043,0,-0.9246789,-0.01947899,0.3802495,0,-28.63492,1.633307,10.89267,1,0.3830462,0.3380188,0.0,0.0,0.0,4.66,42,-0.007234466116049729,-0.09206229417272015,0.9957269688482235,0.010509410486905789,-0.03448861217731114,0.9993498326018276
-0.3771958,0.004614973,-0.9261221,0,0.02114928,0.9997697,-0.00363182,0,-0.9258921,0.02095672,0.3772066,0,-0.7499228,-1.727924,-30.62162,1,-0.3771957,0.02114928,-0.9258919,0,0.004614972,0.9997697,0.02095672,0,-0.926122,-0.003631821,0.3772065,0,-28.63425,1.632175,10.89254,1,0.2418079,0.157155,0.0,0.0,0.0,4.68,43,-0.007234466116049729,-0.09206229417272015,0.9957269688482235,0.010509410486905789,-0.03448861217731114,0.9993498326018276
-0.3731714,0.02213891,-0.9274984,0,0.02153828,0.9996526,0.01519545,0,-0.9275126,0.01430621,0.3735186,0,-0.6173372,-1.152328,-30.65062,1,-0.3731712,0.02153827,-0.9275121,0,0.02213891,0.9996525,0.0143062,0,-0.9274981,0.01519545,0.3735184,0,-28.63326,1.630974,10.89247,1,0.2120899,0.1811028,0.0,0.0,0.0,4.7,44,-0.007234466116049729,-0.09206229417272015,0.9957269688482235,0.010509410486905789,-0.03448861217731114,0.9993498326018276
-0.3709954,0.03165755,-0.9280952,0,0.02271425,0.9994291,0.02501101,0,-0.9283571,0.01180202,0.3715026,0,-0.5475311,-0.8514379,-30.66128,1,-0.3709952,0.02271425,-0.9283567,0,0.03165754,0.999429,0.01180201,0,-0.9280947,0.025011,0.3715025,0,-28.63275,1.630258,10.89249,1,0.2120899,0.1811028,0.0,0.0,0.0,4.72,45,-0.007234466116049729,-0.09206229417272015,0.9957269688482235,0.010509410486905789,-0.03448861217731114,0.9993498326018276
-0.3665874,0.05241151,-0.9289063,0,0.02631801,0.9985967,0.04595739,0,-0.9300114,0.007599564,0.3674524,0,-0.4088345,-0.2088004,-30.6734,1,-0.3665874,0.02631801,-0.9300112,0,0.05241151,0.9985967,0.007599562,0,-0.9289061,0.04595738,0.3674523,0,-28.63164,1.628936,10.89237,1,0.3162884,0.3777761,-0.0005093608,-0.005263352,-0.02271394,4.74,46,0.03821092689504023,-0.4396099985434114,0.8973756037727367,0.054195078145983344,-0.38717550329144435,0.9204118769093366
-0.3610135,0.07582676,-0.9294728,0,0.03058673,0.9971154,0.06946498,0,-0.9320589,0.003351733,0.3622915,0,-0.2334862,0.5120133,-30.67063,1,-0.3610135,0.03058673,-0.9320588,0,0.07582676,0.9971154,0.003351733,0,-0.9294726,0.06946498,0.3622914,0,-28.63063,1.62714,10.89237,1,0.3162884,0.3777761,-0.0005387571,-0.005225174,-0.02270303,4.76,47,0.03212802044495843,-0.4140316446312182,0.9096953267694942,0.048332660995686255,-0.3609231185403106,0.9313422874454982
-0.352952,0.1020292,-0.9300619,0,0.03355693,0.9947774,0.09639399,0,-0.9350396,-0.002812412,0.3545325,0,0.02540398,1.335132,-30.64583,1,-0.3529519,0.03355694,-0.9350393,0,0.1020292,0.9947774,-0.00281242,0,-0.9300617,0.09639397,0.3545324,0,-28.62977,1.625062,10.89245,1,0.5003146,0.6014352,-0.0005727317,-0.00517881,-0.02268432,4.78,48,0.04174144093550316,-0.43568068816779554,0.899132910123005,0.05775634486243016,-0.38315503479787694,0.9218765773883019
-0.3434316,0.1285574,-0.9303374,0,0.03554328,0.9916567,0.12391,0,-0.9385049,-0.009487379,0.3451356,0,0.3331823,2.174438,-30.59481,1,-0.3434316,0.03554328,-0.9385049,0,0.1285574,0.9916567,-0.009487374,0,-0.9303374,0.12391,0.3451356,0,-28.62861,1.622865,10.89268,1,0.6042677,0.683713,-0.0005381322,-0.005056259,-0.02259783,4.8,49,0.03868129297386605,-0.3797075740755001,0.9242975255639109,0.05514508773166558,-0.32582095048716836,0.9438218727719258
-0.3274465,0.1691153,-0.9296124,0,0.03733362,0.9853996,0.1661138,0,-0.9441321,-0.01968755,0.3289794,0,0.8505459,3.459842,-30.46409,1,-0.3274463,0.03733364,-0.9441317,0,0.1691153,0.9853997,-0.01968757,0,-0.9296119,0.1661138,0.3289792,0,-28.62639,1.619423,10.89319,1,0.7859299,0.8835506,-0.0006761933,-0.004841888,-0.02257404,4.84,50,0.04170393529309919,-0.3388385520500554,0.9399197930811388,0.058445621281847104,-0.2841222785800569,0.9570050366468588
-0.3148159,0.1990109,-0.9280547,0,0.03821269,0.9796365,0.1971095,0,-0.9483833,-0.02658973,0.3160099,0,1.257952,4.402565,-30.32691,1,-0.3148159,0.0382127,-0.9483832,0,0.1990109,0.9796364,-0.02658974,0,-0.9280547,0.1971095,0.3160098,0,-28.62517,1.616738,10.89369,1,0.8737009,0.94969,-0.0006837538,-0.00482,-0.02257259,4.86,51,0.042950084938031256,-0.3181508398766638,0.947066699493541,0.05981892286338731,-0.2630581893216391,0.9629237173827867
-0.2984664,0.2309017,-0.9260683,0,0.03947051,0.9724501,0.2297453,0,-0.9536037,-0.03201885,0.2993575,0,1.781976,5.388862,-30.1399,1,-0.2984664,0.03947052,-0.9536035,0,0.2309017,0.9724501,-0.03201886,0,-0.9260679,0.2297452,0.2993574,0,-28.62404,1.613764,10.89445,1,1.0,1.0,0.0002284395,-0.005093438,-0.02264344,4.88,52,-0.08442239276485737,-0.34470085533632433,0.9349086479064478,-0.06774997480751829,-0.2901341594381919,0.9545847843123598
-0.2794373,0.2604438,-0.9241667,0,0.04128701,0.9648781,0.2594331,0,-0.959276,-0.03433917,0.2803758,0,2.386872,6.27446,-29.92482,1,-0.2794372,0.04128702,-0.9592757,0,0.2604438,0.9648782,-0.0343392,0,-0.9241666,0.2594331,0.2803758,0,-28.62268,1.610851,10.89533,1,1.0,1.0,0.0007117689,-0.005253533,-0.02272582,4.9,53,-0.16302984542838328,-0.3929511378853239,0.9049920843489332,-0.14687802638681047,-0.33994833852469747,0.92890364005047
-0.2699875,0.2742757,-0.9229735,0,0.04199797,0.9610131,0.2732946,0,-0.9619476,-0.03502306,0.2709805,0,2.686054,6.685264,-29.80966,1,-0.2699873,0.04199798,-0.9619473,0,0.2742756,0.9610132,-0.03502308,0,-0.922973,0.2732945,0.2709804,0,-28.62191,1.60938,10.89581,1,1.0,1.0,0.001066941,-0.005384041,-0.02285927,4.92,54,-0.24156387238689053,-0.39743615255881,0.8852634637195305,-0.22575112630267638,-0.3454827292402117,0.9108666822152448
-0.2520307,0.3007694,-0.9197928,0,0.04276332,0.9530076,0.2999131,0,-0.9667741,-0.03625388,0.2530491,0,3.252664,7.472045,-29.5644,1,-0.2520306,0.04276336,-0.9667737,0,0.3007693,0.9530076,-0.03625391,0,-0.9197922,0.299913,0.253049,0,-28.6207,1.606739,10.89672,1,0.8112236,0.9697998,0.001266892,-0.005413048,-0.0229119,4.94,55,-0.26408190693650757,-0.3973125558719562,0.8788648811821252,-0.24837960119583172,-0.34570513750419396,0.904873213004455
-0.2344667,0.3260618,-0.9158108,0,0.04264228,0.9446146,0.3253997,0,-0.9711886,-0.03724308,0.2353847,0,3.805005,8.222256,-29.29741,1,-0.2344666,0.04264231,-0.9711882,0,0.3260617,0.9446145,-0.03724311,0,-0.9158105,0.3253996,0.2353846,0,-28.6197,1.604251,10.89776,1,0.7894692,0.9110485,0.001157959,-0.005210671,-0.02280169,4.96,56,-0.2503949083769986,-0.3650047614290993,0.8967016861771593,-0.23437694401846082,-0.3124367150723379,0.9205708811315803
-0.2170722,0.347197,-0.9123235,0,0.04182862,0.9370585,0.3466579,0,-0.9752591,-0.03708853,0.2179322,0,4.349809,8.839479,-29.03992,1,-0.2170722,0.04182866,-0.9752587,0,0.3471969,0.9370586,-0.03708857,0,-0.9123233,0.3466578,0.2179321,0,-28.61861,1.601859,10.89876,1,0.8347905,0.9706776,0.001057274,-0.005162369,-0.02273862,4.98,57,-0.25226587706244097,-0.3635252197010861,0.8967783125785294,-0.23624625025696944,-0.3109532948028192,0.9205953278671322
-0.2005998,0.361699,-0.910458,0,0.04128063,0.9316438,0.3610203,0,-0.9788033,-0.03483626,0.2018187,0,4.862013,9.239688,-28.83237,1,-0.2005997,0.04128067,-0.9788031,0,0.361699,0.9316439,-0.03483631,0,-0.9104578,0.3610203,0.2018187,0,-28.61733,1.600266,10.89974,1,1.0,1.0,0.001012474,-0.00505468,-0.02269458,5.0,58,-0.23769772807087144,-0.35519344817106546,0.9040671459832473,-0.22155053546611883,-0.3022300893305489,0.9271312384651508
-0.1933818,0.3673602,-0.9097528,0,0.0409545,0.9294702,0.3666167,0,-0.9802685,-0.03363851,0.1947877,0,5.085691,9.392536,-28.74375,1,-0.1933818,0.04095453,-0.9802684,0,0.3673602,0.9294703,-0.03363851,0,-0.9097525,0.3666167,0.1947876,0,-28.61666,1.599572,10.90022,1,1.0,1.0,0.0009775786,-0.004891991,-0.02266457,5.02,59,-0.233020078575255,-0.32447327173871554,0.9167435513315354,-0.21664774943363121,-0.270834930496984,0.9379297378205024
-0.1795447,0.3793769,-0.9076546,0,0.04067576,0.9247217,0.3784643,0,-0.9829086,-0.03103171,0.1814604,0,5.512046,9.716115,-28.55591,1,-0.1795447,0.04067579,-0.9829085,0,0.3793769,0.9247218,-0.03103172,0,-0.9076545,0.3784643,0.1814603,0,-28.61531,1.598482,10.90111,1,1.0,1.0,0.0008378439,-0.004754425,-0.02259696,5.04,60,-0.2171936546241463,-0.3107162525295348,0.9253552435713592,-0.20067038761011974,-0.2566205238549252,0.9454508460373963
-0.1663549,0.3930577,-0.9043406,0,0.0408273,0.9190788,0.3919532,0,-0.9852205,-0.02828151,0.1689408,0,5.915502,10.08751,-28.34485,1,-0.1663549,0.04082735,-0.9852202,0,0.3930577,0.9190788,-0.02828154,0,-0.9043404,0.3919532,0.1689407,0,-28.61429,1.597118,10.90196,1,1.0,1.0,0.0007002791,-0.004716354,-0.02255259,5.06,61,-0.20160380034373654,-0.29085414361548206,0.9352859321237903,-0.18490605487551368,-0.23623489204730502,0.9539406829828424
-0.1538236,0.4072592,-0.9002657,0,0.04133038,0.9129639,0.4059417,0,-0.9872336,-0.02523504,0.1572676,0,6.29625,10.47158,-28.12213,1,-0.1538236,0.04133042,-0.9872335,0,0.4072592,0.9129639,-0.0252351,0,-0.9002656,0.4059417,0.1572676,0,-28.61352,1.595547,10.90282,1,1.0,1.0,0.0006092079,-0.004914269,-0.02257837,5.08,62,-0.19077832390096655,-0.3106906912879103,0.9311685805892389,-0.17415566372482202,-0.25628695562653664,0.950782204907227
-0.1428726,0.4187375,-0.896798,0,0.04161562,0.9078336,0.4172604,0,-0.988866,-0.02229421,0.1471306,0,6.627719,10.777,-27.9294,1,-0.1428725,0.04161567,-0.9888656,0,0.4187374,0.9078336,-0.02229426,0,-0.8967978,0.4172603,0.1471305,0,-28.61283,1.594289,10.90345,1,1.0,1.0,0.0006652223,-0.005013466,-0.02262875,5.1,63,-0.20856569403387634,-0.34077240675247095,0.9167194325791811,-0.19219767725056594,-0.2871334599368442,0.9384105866006542
-0.1334479,0.4271281,-0.8942893,0,0.04126944,0.9039724,0.4255946,0,-0.9901963,-0.01988789,0.1382606,0,6.913037,10.99765,-27.77349,1,-0.1334479,0.04126944,-0.990196,0,0.4271281,0.9039724,-0.01988788,0,-0.8942893,0.4255945,0.1382605,0,-28.61241,1.59338,10.90396,1,1.0,1.0,0.0006190259,-0.004917427,-0.02258999,5.12,64,-0.19760287883925307,-0.3192197012106383,0.9268505190339109,-0.18105607810914812,-0.2650437355016692,0.947085273273244
-0.1296314,0.4308273,-0.8930755,0,0.04111633,0.9022359,0.4292783,0,-0.9907095,-0.0189279,0.1346722,0,7.028343,11.09591,-27.70512,1,-0.1296314,0.04111638,-0.9907093,0,0.4308271,0.9022358,-0.01892796,0,-0.8930753,0.4292782,0.1346721,0,-28.61209,1.593094,10.90417,1,1.0,1.0,0.0005675126,-0.00485685,-0.02255174,5.14,65,-0.18609746061650123,-0.3149771024501202,0.9306756470888319,-0.16948432713192677,-0.2605994655310897,0.9504540922220012
-0.1224076,0.4360013,-0.8915825,0,0.04160488,0.8998026,0.4343091,0,-0.9916076,-0.0160685,0.1282824,0,7.244568,11.21704,-27.59993,1,-0.1224075,0.04160489,-0.9916074,0,0.4360012,0.8998026,-0.01606853,0,-0.8915824,0.434309,0.1282824,0,-28.61146,1.592362,10.90459,1,1.0,1.0,0.0005280301,-0.004819672,-0.02254696,5.16,66,-0.1827634692373048,-0.30202374556222533,0.9356170003954123,-0.16606281576085244,-0.24738617626140053,0.9545801281277233
-0.1164645,0.4384172,-0.8911938,0,0.0426271,0.8986797,0.4365292,0,-0.9922797,-0.01285112,0.1233526,0,7.42059,11.25281,-27.53802,1,-0.1164644,0.04262709,-0.9922798,0,0.4384171,0.8986796,-0.01285114,0,-0.8911938,0.4365291,0.1233527,0,-28.6109,1.592157,10.9048,1,1.0,1.0,0.0004842682,-0.00474469,-0.02252782,5.18,67,-0.16879965772554428,-0.30160527710955426,0.9383714255940488,-0.15205214052386876,-0.24682393473565042,0.9570569950654563
-0.1120794,0.4401687,-0.8908927,0,0.04325978,0.8978529,0.4381652,0,-0.9927571,-0.01056945,0.1196723,0,7.550375,11.27921,-27.49137,1,-0.1120793,0.04325975,-0.9927573,0,0.4401687,0.8978529,-0.01056946,0,-0.8908927,0.4381652,0.1196724,0,-28.61037,1.592061,10.90486,1,1.0,1.0,0.0004463736,-0.004712174,-0.02251177,5.2,68,-0.16265718235744456,-0.30524084221800857,0.9382806985489883,-0.14591225704153668,-0.25046499268192574,0.9570668214319663
-0.1107388,0.4410945,-0.8906025,0,0.04340263,0.8974053,0.4390671,0,-0.9929014,-0.009967238,0.1185222,0,7.590109,11.29983,-27.47176,1,-0.1107387,0.04340262,-0.9929013,0,0.4410944,0.8974053,-0.00996725,0,-0.8906023,0.439067,0.1185222,0,-28.61018,1.591988,10.90487,1,1.0,1.0,0.0004302748,-0.004710594,-0.02251445,5.22,69,-0.16244846718645092,-0.2899632707242,0.9431499335416912,-0.14561681074956134,-0.23493230360501047,0.961042432543938
-0.1084256,0.4423845,-0.8902472,0,0.04348257,0.89678,0.4403349,0,-0.9931532,-0.009033263,0.1164699,0,7.658839,11.3274,-27.44076,1,-0.1084255,0.04348261,-0.9931531,0,0.4423844,0.8967801,-0.009033349,0,-0.890247,0.4403349,0.1164699,0,-28.6097,1.591912,10.90475,1,1.0,1.0,0.0003883354,-0.00473687,-0.02249955,5.24,70,-0.15771903938802315,-0.29714127252427663,0.9417174569780324,-0.1409136589475922,-0.24218581532270195,0.959942379301216
-0.1076472,0.4419042,-0.89058,0,0.04376729,0.8970232,0.4398111,0,-0.9932253,-0.008366153,0.1159029,0,7.681252,11.3058,-27.44303,1,-0.1076471,0.04376726,-0.9932254,0,0.4419043,0.8970233,-0.008366154,0,-0.8905799,0.4398111,0.115903,0,-28.60943,1.591996,10.90453,1,1.0,1.0,0.0003833165,-0.004736893,-0.0225057,5.26,71,-0.1506358308533119,-0.2874278783794008,0.9458826889173143,-0.13375735528376478,-0.23225570015376806,0.9634138568930675
-0.1079415,0.4401348,-0.8914204,0,0.04368512,0.897893,0.4380409,0,-0.9931971,-0.00834094,0.1161473,0,7.672246,11.25318,-27.46674,1,-0.1079415,0.04368517,-0.9931968,0,0.4401348,0.897893,-0.008340986,0,-0.8914201,0.4380409,0.1161472,0,-28.60916,1.592243,10.9041,1,1.0,1.0,0.0003725747,-0.004714584,-0.0225062,5.28,72,-0.14913728026396564,-0.2806046525532711,0.9481661777351718,-0.1322183534301185,-0.22531370491590597,0.9652730398147958
-0.1094244,0.4381898,-0.8921973,0,0.04358439,0.8988391,0.4361064,0,-0.9930391,-0.008834809,0.1174531,0,7.627892,11.20106,-27.50012,1,-0.1094244,0.04358436,-0.9930392,0,0.4381898,0.8988391,-0.008834785,0,-0.8921973,0.4361064,0.1174531,0,-28.60905,1.592575,10.90373,1,1.0,1.0,0.0003672028,-0.004707329,-0.02250974,5.3,73,-0.1485432976928752,-0.27908118401385695,0.9487089023720338,-0.13161479442585666,-0.22376208894240757,0.9657163524764243
-0.1121062,0.4349413,-0.8934532,0,0.04421449,0.9004137,0.432782,0,-0.9927122,-0.009013906,0.1201726,0,7.546152,11.10722,-27.56063,1,-0.1121061,0.04421451,-0.9927119,0,0.4349412,0.9004137,-0.009013969,0,-0.8934529,0.4327819,0.1201726,0,-28.60913,1.593001,10.90331,1,1.0,1.0,0.0003642272,-0.004716393,-0.02251409,5.32,74,-0.14034716582330672,-0.28018028731858047,0.9496323918461516,-0.12340350830744662,-0.22481453748893646,0.9665557396607034
-0.1203464,0.4228596,-0.8981685,0,0.04621236,0.9061496,0.4204251,0,-0.9916559,-0.00909014,0.1285933,0,7.294606,10.75197,-27.76805,1,-0.1203465,0.04621243,-0.9916556,0,0.4228595,0.9061496,-0.009090173,0,-0.8981683,0.4204251,0.1285932,0,-28.60908,1.594393,10.90226,1,1.0,1.0,0.0002831351,-0.004593689,-0.02256501,5.36,75,-0.13822261339207534,-0.29023018268971945,0.9469218289821799,-0.1213275923519636,-0.23500618029387443,0.9643918864018708
-0.1321435,0.410625,-0.902178,0,0.0483488,0.9117463,0.4078983,0,-0.9900508,-0.01028189,0.1403346,0,6.93499,10.40471,-27.99117,1,-0.1321435,0.0483488,-0.9900507,0,0.410625,0.9117463,-0.01028188,0,-0.902178,0.4078982,0.1403346,0,-28.60904,1.59579,10.9011,1,1.0,1.0,0.0,0.0,0.0,5.38,76,-0.007234466116049729,-0.09206229417272015,0.9957269688482235,0.010509410486905789,-0.03448861217731114,0.9993498326018276
-0.1487188,0.3960072,-0.9061244,0,0.05171512,0.9181747,0.3927859,0,-0.9875265,-0.01155427,0.1570294,0,6.42632,9.988743,-28.26246,1,-0.1487187,0.05171515,-0.9875261,0,0.3960072,0.9181747,-0.01155432,0,-0.9061241,0.3927858,0.1570294,0,-28.60919,1.597344,10.89961,1,0.2076579,0.1752619,0.0,0.0,0.0,5.4,77,-0.007234466116049729,-0.09206229417272015,0.9957269688482235,0.010509410486905789,-0.03448861217731114,0.9993498326018276
-0.1696324,0.3800792,-0.909266,0,0.05732095,0.9248806,0.3759124,0,-0.983839,-0.01164694,0.1786762,0,5.776872,9.521742,-28.56189,1,-0.1696324,0.05732095,-0.9838389,0,0.3800792,0.9248805,-0.01164695,0,-0.909266,0.3759124,0.1786762,0,-28.60942,1.599159,10.89774,1,0.02777644,0.008344859,0.0,0.0,0.0,5.42,78,-0.007234466116049729,-0.09206229417272015,0.9957269688482235,0.010509410486905789,-0.03448861217731114,0.9993498326018276
-0.1807919,0.3719563,-0.9104741,0,0.05987926,0.9281741,0.3672972,0,-0.981697,-0.01188581,0.1900789,0,5.42922,9.286039,-28.70736,1,-0.1807919,0.0598793,-0.9816968,0,0.3719563,0.9281741,-0.01188583,0,-0.9104738,0.3672972,0.1900788,0,-28.60974,1.599973,10.89688,1,0.02777644,0.008344859,0.0,0.0,0.0,5.44,79,-0.007234466116049729,-0.09206229417272015,0.9957269688482235,0.010509410486905789,-0.03448861217731114,0.9993498326018276
-0.2075237,0.3544059,-0.9117732,0,0.0665552,0.9350198,0.3482936,0,-0.9759634,-0.01159592,0.2176263,0,4.588874,8.767975,-29.01509,1,-0.2075237,0.06655519,-0.9759631,0,0.3544059,0.9350198,-0.01159593,0,-0.9117732,0.3482936,0.2176263,0,-28.61031,1.602128,10.89469,1,0.00426293,0.004515446,0.0,0.0,0.0,5.46,80,-0.007234466116049729,-0.09206229417272015,0.9957269688482235,0.010509410486905789,-0.03448861217731114,0.9993498326018276
-0.2390465,0.3372864,-0.9105464,0,0.07346293,0.9413275,0.3294021,0,-0.9682252,-0.01185097,0.249799,0,3.588997,8.269152,-29.30095,1,-0.2390464,0.07346293,-0.9682252,0,0.3372864,0.9413275,-0.01185099,0,-0.9105464,0.329402,0.249799,0,-28.61101,1.604155,10.8923,1,0.0,0.0,0.0,0.0,0.0,5.48,81,-0.007234466116049729,-0.09206229417272015,0.9957269688482235,0.010509410486905789,-0.03448861217731114,0.9993498326018276
-0.2720904,0.3221798,-0.9067344,0,0.08182821,0.9466187,0.3117967,0,-0.9587863,-0.0106404,0.2839292,0,2.524444,7.813827,-29.53598,1,-0.2720903,0.08182821,-0.9587861,0,0.3221797,0.9466187,-0.01064044,0,-0.9067342,0.3117966,0.2839292,0,-28.61187,1.605935,10.88967,1,0.02064782,0.09329395,0.0,0.0,0.0,5.5,82,-0.007234466116049729,-0.09206229417272015,0.9957269688482235,0.010509410486905789,-0.03448861217731114,0.9993498326018276
-0.306307,0.3081669,-0.9006715,0,0.09054033,0.9512923,0.2946953,0,-0.9476172,-0.008720145,0.319289,0,1.406776,7.383251,-29.72048,1,-0.3063069,0.09054031,-0.9476174,0,0.3081668,0.9512922,-0.008720127,0,-0.9006715,0.2946953,0.319289,0,-28.61276,1.607487,10.88689,1,0.07190458,0.102547,0.0,0.0,0.0,5.52,83,-0.007234466116049729,-0.09206229417272015,0.9957269688482235,0.010509410486905789,-0.03448861217731114,0.9993498326018276
-0.3238722,0.3018982,-0.8966405,0,0.09430557,0.9533035,0.2869129,0,-0.9413889,-0.008364901,0.3372192,0,0.828722,7.196321,-29.78819,1,-0.3238723,0.09430559,-0.9413891,0,0.3018982,0.9533034,-0.008364906,0,-0.8966406,0.2869128,0.3372192,0,-28.61345,1.608182,10.8855,1,0.168184,0.2954878,0.0,0.0,0.0,5.54,84,-0.007234466116049729,-0.09206229417272015,0.9957269688482235,0.010509410486905789,-0.03448861217731114,0.9993498326018276
-0.359568,0.2915192,-0.8864127,0,0.1010754,0.9565247,0.2735767,0,-0.9276285,-0.008774906,0.3734012,0,-0.3565826,6.897823,-29.8686,1,-0.359568,0.1010754,-0.9276285,0,0.2915191,0.9565247,-0.008774914,0,-0.8864126,0.2735766,0.3734011,0,-28.61497,1.609455,10.88272,1,0.3088311,0.5244102,0.0,0.0,0.0,5.56,85,-0.007234466116049729,-0.09206229417272015,0.9957269688482235,0.010509410486905789,-0.03448861217731114,0.9993498326018276
-0.3956209,0.2824621,-0.873899,0,0.1068325,0.9592246,0.2616772,0,-0.9121794,-0.01016414,0.4096655,0,-1.568789,6.648855,-29.88647,1,-0.3956209,0.1068325,-0.9121791,0,0.282462,0.9592246,-0.01016415,0,-0.8738988,0.2616772,0.4096654,0,-28.61645,1.61046,10.88002,1,0.6913107,0.8878955,0.0,0.0,0.0,5.58,86,-0.007234466116049729,-0.09206229417272015,0.9957269688482235,0.010509410486905789,-0.03448861217731114,0.9993498326018276
-0.4319482,0.2732618,-0.859505,0,0.1111918,0.9618599,0.2499236,0,-0.895018,-0.01238411,0.4458582,0,-2.805364,6.404866,-29.84973,1,-0.4319483,0.1111918,-0.8950179,0,0.2732618,0.96186,-0.01238412,0,-0.8595049,0.2499236,0.4458581,0,-28.61796,1.611498,10.87721,1,0.7888544,0.96372,0.0,0.0,0.0,5.6,87,-0.007234466116049729,-0.09206229417272015,0.9957269688482235,0.010509410486905789,-0.03448861217731114,0.9993498326018276
-0.4671924,0.2638281,-0.8438758,0,0.1145362,0.9644593,0.2381169,0,-0.8767058,-0.01459214,0.480806,0,-4.021784,6.154069,-29.76373,1,-0.4671923,0.1145362,-0.8767055,0,0.2638281,0.9644594,-0.01459214,0,-0.8438754,0.2381169,0.4808058,0,-28.61944,1.612537,10.87445,1,1.0,1.0,-0.01650049,-0.002489846,-0.01146069,5.62,88,0.14303795940430714,-0.09864544813150111,0.9847889203948157,0.1605630738103875,-0.04184591008359686,0.9861381339030731
-0.4847429,0.2588264,-0.8354839,0,0.1159316,0.9657984,0.231934,0,-0.8669397,-0.01556934,0.4981701,0,-4.634123,6.019165,-29.70245,1,-0.4847428,0.1159316,-0.8669394,0,0.2588263,0.9657984,-0.01556934,0,-0.8354838,0.2319339,0.4981699,0,-28.62019,1.612946,10.87308,1,1.0,1.0,-0.002425042,-0.004376953,-0.02283476,5.64,89,0.2895999266746969,-0.08160248751711056,0.9536628945812192,0.3065471410729025,-0.026776626572850126,0.9514787767309411
