mat_00,mat_10,mat_20,mat_30,mat_01,mat_11,mat_21,mat_31,mat_02,mat_12,mat_22,mat_32,mat_03,mat_13,mat_23,mat_33,ctw_00,ctw_10,ctw_20,ctw_30,ctw_01,ctw_11,ctw_21,ctw_31,ctw_02,ctw_12,ctw_22,ctw_32,ctw_03,ctw_13,ctw_23,ctw_33,opennessl,opennessr,eye_x,eye_y,eye_z,time,frame,ray_x,ray_y,ray_z,base_x,base_y,base_z
0.1462114,0.1250035,-0.9813238,0,0.03156477,0.9908897,0.130925,0,-0.9887497,0.050118,-0.1409336,0,15.05613,1.440684,-26.68825,1,0.1462114,0.03156479,-0.9887496,0,0.1250035,0.9908896,0.05011798,0,-0.9813238,0.130925,-0.1409336,0,-28.57128,1.591357,11.05327,1,0.0,0.0,-0.0001321249,-0.003552658,-0.01912904,4.04,1,0.014028060434460993,-0.051941227531931394,0.9985516122879793,0.031818893165171766,0.005706702465256168,0.9994773592156634
0.09052205,0.04543237,-0.9948577,0,0.03692767,0.9981188,0.04894134,0,-0.9952097,0.04116804,-0.08867407,0,13.54384,-0.7532207,-27.53994,1,0.09052206,0.03692767,-0.9952095,0,0.04543236,0.9981188,0.04116804,0,-0.9948575,0.04894134,-0.08867404,0,-28.59011,1.599503,11.06789,1,1.0,1.0,-0.0001310278,-0.003553383,-0.01913589,4.06,2,0.015059338993526464,-0.05160929532210091,0.9985538027294443,0.032850047020729044,0.006037148837240561,0.9994420579726735
0.09087169,0.04524116,-0.9948344,0,0.03690553,0.9981284,0.04876204,0,-0.9951785,0.04114597,-0.08903199,0,13.55354,-0.7584405,-27.5352,1,0.09087174,0.03690553,-0.9951787,0,0.04524116,0.9981284,0.04114599,0,-0.9948344,0.04876204,-0.08903199,0,-28.59028,1.599493,11.06788,1,1.0,1.0,-0.0001304392,-0.003553429,-0.01914394,4.08,3,0.015620844341624151,-0.05244153407735346,0.9985018150838125,0.033410536858359756,0.005202720533942689,0.9994281703683771
0.09121794,0.04532732,-0.994799,0,0.03694746,0.9981217,0.04886661,0,-0.9951454,0.04121281,-0.08937186,0,13.56313,-0.7566501,-27.53094,1,0.09121791,0.03694747,-0.9951451,0,0.04532732,0.9981218,0.0412128,0,-0.9947988,0.04886661,-0.08937185,0,-28.59064,1.599449,11.06798,1,1.0,1.0,-0.0001304392,-0.003553436,-0.01914844,4.1,4,0.01609520958963381,-0.054748093353989835,0.9983704675632029,0.0338824863278353,0.0028919389985393824,0.9994216396541916
0.09133387,0.04554149,-0.9947785,0,0.03684653,0.9981151,0.04907724,0,-0.9951385,0.04113656,-0.08948368,0,13.56655,-0.7496973,-27.52957,1,0.09133385,0.03684653,-0.9951383,0,0.04554148,0.9981151,0.04113654,0,-0.9947783,0.04907724,-0.08948365,0,-28.59076,1.599479,11.06798,1,1.0,1.0,-0.0001307987,-0.003553696,-0.01915241,4.12,5,0.01521221877087057,-0.05704951353842834,0.9982554489734056,0.032997586199190104,0.0005886243231788966,0.9994552580413157
0.09152895,0.04575029,-0.9947509,0,0.03697705,0.998099,0.0493066,0,-0.9951156,0.04129593,-0.08966321,0,13.57166,-0.7454903,-27.52717,1,0.09152891,0.03697705,-0.9951156,0,0.04575028,0.9980989,0.04129593,0,-0.9947509,0.0493066,-0.08966324,0,-28.59076,1.599504,11.06798,1,1.0,1.0,-0.0001307987,-0.003553543,-0.01915659,4.14,6,0.015785899422622165,-0.05721608920687081,0.9982370081875798,0.03357084717450435,0.0004206730800654938,0.9994362517210119
0.0914709,0.04585334,-0.9947516,0,0.03739679,0.9980764,0.04944537,0,-0.9951054,0.04172333,-0.08958018,0,13.56924,-0.7471294,-27.52847,1,0.09147087,0.03739679,-0.9951051,0,0.04585334,0.9980765,0.04172333,0,-0.9947513,0.04944536,-0.08958016,0,-28.59092,1.599402,11.06799,1,1.0,1.0,-0.0001317151,-0.003556458,-0.01916319,4.16,7,0.0156660333396349,-0.056643467713403825,0.9982715527173965,0.03345161566692922,0.0009944565976139623,0.9994398433449346
0.09133267,0.04635778,-0.9947409,0,0.03722404,0.9980588,0.04993016,0,-0.9951245,0.04158853,-0.08942974,0,13.56569,-0.7311532,-27.5307,1,0.09133264,0.03722404,-0.9951244,0,0.04635778,0.9980588,0.04158853,0,-0.9947407,0.04993015,-0.08942974,0,-28.59101,1.599376,11.06789,1,1.0,1.0,-0.0001343619,-0.003556091,-0.01916651,4.18,8,0.015035395684753202,-0.056622017582160726,0.9982824670410315,0.032821272618430306,0.00101714838086043,0.9994607193246156
0.09084868,0.04681643,-0.9947637,0,0.03664724,0.9980606,0.05031847,0,-0.9951903,0.04102671,-0.08895677,0,13.55334,-0.7117208,-27.53721,1,0.09084864,0.03664724,-0.9951901,0,0.04681642,0.9980606,0.0410267,0,-0.9947636,0.05031847,-0.0889568,0,-28.591,1.599278,11.06773,1,1.0,1.0,-0.0001352392,-0.003555085,-0.01917353,4.2,9,0.01659298644926018,-0.05661695117007229,0.9982580796772447,0.034378181531135886,0.0010191996374685822,0.9994083759238319
0.09063512,0.04699944,-0.9947745,0,0.03638715,0.9980625,0.05047006,0,-0.9952191,0.04077137,-0.08874935,0,13.5479,-0.7036856,-27.54008,1,0.09063514,0.03638715,-0.9952193,0,0.04699943,0.9980624,0.04077138,0,-0.9947745,0.05047006,-0.08874936,0,-28.59101,1.599302,11.06766,1,1.0,1.0,-0.0001391359,-0.003555,-0.01917443,4.22,10,0.014684898881075504,-0.05723138904104657,0.9982529348082504,0.03247030523167959,0.00040744840352851023,0.9994726175658643
0.0903855,0.04711079,-0.994792,0,0.03633541,0.9980595,0.05056692,0,-0.9952438,0.04071669,-0.08849829,0,13.54096,-0.6998444,-27.54366,1,0.09038549,0.03633542,-0.9952438,0,0.04711079,0.9980595,0.0407167,0,-0.9947919,0.05056692,-0.08849831,0,-28.59114,1.599268,11.06748,1,1.0,1.0,-0.0001406018,-0.00355378,-0.01917397,4.24,11,0.01405234000680851,-0.057004201923546986,0.9982750386057905,0.031838240652589736,0.0006361819348144898,0.9994928322427798
0.09008223,0.0472486,-0.994813,0,0.03609929,0.9980627,0.05067182,0,-0.99528,0.04047668,-0.08820206,0,13.53296,-0.6932135,-27.54793,1,0.09008219,0.0360993,-0.9952798,0,0.04724861,0.9980628,0.04047667,0,-0.9948128,0.05067181,-0.08820206,0,-28.59136,1.599244,11.06735,1,1.0,1.0,-0.0001428686,-0.003552933,-0.0191741,4.26,12,0.014000266555436862,-0.05548685925533641,0.998361257755105,0.03178771179653973,0.00215602427159355,0.9994923175983298
0.08958077,0.04695842,-0.994872,0,0.03562839,0.9980975,0.05031874,0,-0.9953422,0.03995328,-0.08773732,0,13.52005,-0.6957382,-27.55453,1,0.08958078,0.03562839,-0.995342,0,0.04695841,0.9980974,0.03995327,0,-0.9948719,0.05031873,-0.08773728,0,-28.59169,1.599226,11.06731,1,1.0,1.0,-0.0001429375,-0.003552315,-0.0191729,4.28,13,0.013873584625532438,-0.05637928884613736,0.9983130267800986,0.03166019055834835,0.0012624290842768152,0.9994978932477128
0.08904213,0.04674561,-0.9949304,0,0.0353865,0.998119,0.05006238,0,-0.9953992,0.03966477,-0.08722049,0,13.50564,-0.6986293,-27.56182,1,0.08904212,0.0353865,-0.9953989,0,0.04674561,0.9981191,0.03966475,0,-0.9949301,0.05006237,-0.08722046,0,-28.592,1.599208,11.06725,1,1.0,1.0,-0.0001406781,-0.00355098,-0.01916561,4.3,14,0.01366069136766591,-0.05595965087860073,0.9983395729835125,0.031447804124565215,0.0016831180885117304,0.9995039783458808
0.08844417,0.04659494,-0.9949908,0,0.0354108,0.9981268,0.04988946,0,-0.9954516,0.03964585,-0.08662856,0,13.48904,-0.7027316,-27.56998,1,0.08844419,0.03541081,-0.9954515,0,0.04659495,0.9981268,0.03964585,0,-0.9949906,0.04988944,-0.08662853,0,-28.59215,1.599208,11.0672,1,1.0,1.0,-0.0001391135,-0.00355098,-0.01915997,4.32,15,0.013864559154008357,-0.056283417674248035,0.9983185618300257,0.03165126514811335,0.0013584691279602329,0.9994980500111804
0.08815432,0.04671725,-0.9950107,0,0.03507636,0.9981345,0.04997155,0,-0.9954891,0.03930656,-0.08635116,0,13.48164,-0.6955123,-27.57364,1,0.08815429,0.03507636,-0.9954891,0,0.04671725,0.9981345,0.03930655,0,-0.9950107,0.04997155,-0.08635119,0,-28.59204,1.599226,11.06715,1,1.0,1.0,-0.0001368336,-0.00355381,-0.01914747,4.34,16,0.014753366625496072,-0.056284273729337836,0.9983057741513741,0.03253970364288014,0.0013559638389076198,0.9994695238219627
0.08760327,0.04642509,-0.9950731,0,0.03487119,0.9981583,0.04963899,0,-0.995545,0.03904792,-0.08582306,0,13.46681,-0.7011189,-27.58056,1,0.08760328,0.03487119,-0.9955448,0,0.04642508,0.9981583,0.03904791,0,-0.9950729,0.04963898,-0.08582301,0,-28.59185,1.599295,11.06714,1,1.0,1.0,-0.0001331177,-0.003555519,-0.01913338,4.36,17,0.01371794236232462,-0.058197671048283696,0.9982108239955624,0.031502751868265504,-0.0005586599521028449,0.9995035090102408
0.08682936,0.0468867,-0.9951192,0,0.03482804,0.9981384,0.05006788,0,-0.9956142,0.03900542,-0.08503473,0,13.4456,-0.6873847,-27.59148,1,0.08682935,0.03482805,-0.9956143,0,0.0468867,0.9981384,0.03900542,0,-0.9951193,0.05006789,-0.08503476,0,-28.59206,1.599268,11.0672,1,1.0,1.0,-0.0003128424,-0.003880425,-0.01915359,4.38,18,0.04583293519086071,-0.07589638339191572,0.9960617857541857,0.06357435241299844,-0.018384831094649123,0.9978077468635373
0.08638418,0.04786906,-0.9951113,0,0.03480726,0.9980901,0.05103393,0,-0.9956537,0.03904562,-0.084553,0,13.43331,-0.6596042,-27.59816,1,0.08638416,0.03480726,-0.9956536,0,0.04786906,0.9980901,0.03904562,0,-0.9951111,0.05103392,-0.084553,0,-28.59208,1.59921,11.06717,1,1.0,1.0,-0.0005178973,-0.00421244,-0.01915434,4.4,19,0.07652246745522243,-0.1360518164317134,0.9877419780591467,0.09411076258208115,-0.07895140391977264,0.9924262391660733
0.08589625,0.0491405,-0.9950916,0,0.03508575,0.9980142,0.05231344,0,-0.9956862,0.03940707,-0.08400154,0,13.41931,-0.6270856,-27.6056,1,0.08589623,0.03508576,-0.9956861,0,0.0491405,0.9980142,0.03940706,0,-0.9950914,0.05231342,-0.08400153,0,-28.59194,1.599157,11.06722,1,0.9481572,0.9949231,-0.0005226824,-0.004252106,-0.01924788,4.42,20,0.08272700624398531,-0.16890567645903443,0.9821543233615699,0.10021475059993327,-0.11207914462150752,0.9886330305543631
0.08543885,0.05016357,-0.9950799,0,0.03539855,0.9979484,0.05334754,0,-0.9957144,0.03978234,-0.08348787,0,13.40616,-0.601739,-27.61262,1,0.08543885,0.03539854,-0.9957142,0,0.05016356,0.9979483,0.03978233,0,-0.9950798,0.05334754,-0.08348782,0,-28.59198,1.599011,11.06733,1,1.0,1.0,-0.0005222466,-0.004233276,-0.01928242,4.46,21,0.07836432787387679,-0.16732574447283902,0.9827823397647546,0.09586395542809954,-0.11046114788628288,0.9892463984555739
0.08534348,0.0515091,-0.9950193,0,0.03551259,0.997871,0.05470266,0,-0.9957185,0.04000423,-0.0833326,0,13.40338,-0.5655282,-27.61464,1,0.08534352,0.0355126,-0.9957185,0,0.0515091,0.997871,0.04000423,0,-0.9950193,0.05470266,-0.08333256,0,-28.59186,1.598929,11.06742,1,1.0,1.0,-0.0005196836,-0.004214798,-0.01931154,4.48,22,0.07576211824067254,-0.16536446005503677,0.9833182072912064,0.09327170749721464,-0.108469555660937,0.9897144760360297
0.08510602,0.05289797,-0.9949668,0,0.03544264,0.997797,0.05608009,0,-0.9957414,0.04003701,-0.08304369,0,13.39709,-0.525898,-27.61851,1,0.08510602,0.03544264,-0.9957412,0,0.05289797,0.997797,0.040037,0,-0.9949666,0.05608008,-0.08304367,0,-28.59185,1.598759,11.06754,1,1.0,1.0,-0.0005150754,-0.004204438,-0.01933757,4.5,23,0.07433308671789035,-0.16472588672909805,0.9835344297279597,0.09184675569901124,-0.107818109343279,0.9899189000949558
0.08488852,0.05442934,-0.9949027,0,0.03570751,0.9976993,0.05762903,0,-0.9957504,0.04041754,-0.08274966,0,13.39065,-0.4860595,-27.62218,1,0.0848885,0.03570751,-0.9957504,0,0.05442934,0.9976994,0.04041754,0,-0.9949027,0.05762903,-0.08274968,0,-28.59164,1.598634,11.06767,1,1.0,1.0,-0.0005125497,-0.004204384,-0.01934083,4.52,24,0.07387405260550359,-0.16474545707637928,0.9835657368596843,0.09138835232451305,-0.10783537027202432,0.9899594446126093
0.08469051,0.05527527,-0.994873,0,0.03576957,0.9976479,0.05847441,0,-0.9957651,0.04053841,-0.08251411,0,13.38509,-0.4630926,-27.62507,1,0.08469045,0.03576957,-0.9957649,0,0.05527528,0.9976479,0.0405384,0,-0.9948729,0.0584744,-0.08251411,0,-28.59142,1.598584,11.06771,1,1.0,1.0,-0.0005103685,-0.004203987,-0.01933636,4.54,25,0.0730667929709991,-0.1651914643638047,0.9835512309311979,0.09058096237829154,-0.10828064217904472,0.9899850462425763
0.0845266,0.0575173,-0.9947599,0,0.0358104,0.9975123,0.06071933,0,-0.9957775,0.04075515,-0.08225662,0,13.38046,-0.4009907,-27.62794,1,0.08452659,0.03581041,-0.9957774,0,0.05751729,0.9975123,0.04075514,0,-0.9947597,0.06071932,-0.08225658,0,-28.5911,1.598384,11.06772,1,1.0,1.0,-0.0005062781,-0.004199051,-0.01934789,4.56,26,0.07046920470425887,-0.163327751701844,0.984051897367395,0.08799270783654155,-0.10638849375216902,0.9904235315079796
0.08400619,0.06069873,-0.9946149,0,0.0359953,0.9973067,0.06390322,0,-0.995815,0.04116973,-0.08159506,0,13.36575,-0.3139828,-27.63601,1,0.08400618,0.03599531,-0.9958149,0,0.06069873,0.9973068,0.04116973,0,-0.9946147,0.06390321,-0.08159506,0,-28.59093,1.598063,11.06778,1,1.0,1.0,-0.0005048998,-0.004198807,-0.01935048,4.58,27,0.06982736917725041,-0.16361428030178363,0.9840500524846858,0.08735094133916584,-0.10667399233826984,0.9904496314330054
0.08335704,0.06460836,-0.9944232,0,0.03609627,0.9970455,0.06780449,0,-0.9958659,0.04154696,-0.0807786,0,13.34763,-0.2056917,-27.64547,1,0.08335698,0.03609628,-0.9958657,0,0.06460835,0.9970454,0.04154695,0,-0.9944231,0.06780448,-0.08077861,0,-28.59062,1.597771,11.06783,1,1.0,1.0,-0.0005008094,-0.004193116,-0.0193485,4.6,28,0.06897092366101949,-0.16376047966111545,0.9840861329124129,0.08649527471202673,-0.10681698793997842,0.9905093126972213
0.08278179,0.06883123,-0.9941878,0,0.03645375,0.9967352,0.07204294,0,-0.9959007,0.04220571,-0.08000237,0,13.33098,-0.09138072,-27.65355,1,0.08278181,0.03645374,-0.9959008,0,0.06883124,0.9967352,0.04220572,0,-0.9941879,0.07204293,-0.08000237,0,-28.59011,1.597362,11.06784,1,1.0,1.0,-0.0004983824,-0.004191529,-0.01934156,4.62,29,0.06907275055992443,-0.1630098785792898,0.9842036042484559,0.08659917865031168,-0.10606096732864286,0.9905814724021461
0.08220887,0.07162567,-0.994038,0,0.03634933,0.9965349,0.07481176,0,-0.9959521,0.04228281,-0.07932043,0,13.31531,-0.01181412,-27.66092,1,0.08220882,0.03634934,-0.995952,0,0.07162566,0.9965351,0.04228281,0,-0.9940378,0.07481176,-0.07932046,0,-28.5898,1.597133,11.06783,1,1.0,1.0,-0.0004971605,-0.004189407,-0.01934087,4.64,30,0.06811649042828503,-0.15988143338169522,0.984783260921685,0.08565339916887531,-0.10290332323473332,0.990996670669516
0.08121341,0.07837495,-0.9936105,0,0.03622165,0.9960129,0.08152505,0,-0.9960384,0.04261114,-0.07805073,0,13.28796,0.1789646,-27.67294,1,0.08121341,0.03622165,-0.9960383,0,0.07837497,0.996013,0.04261114,0,-0.9936105,0.08152506,-0.07805073,0,-28.58931,1.596475,11.0678,1,1.0,1.0,-0.0004973765,-0.004190079,-0.01933664,4.66,31,0.06604850328042502,-0.15940255201958706,0.9850017368634728,0.0835896333466213,-0.1024105165994545,0.9912239198520232
0.08007079,0.08802118,-0.9928952,0,0.03579794,0.995197,0.09111211,0,-0.9961461,0.04283901,-0.07653522,0,13.25719,0.4543946,-27.68374,1,0.08007078,0.03579793,-0.9961461,0,0.08802118,0.995197,0.04283902,0,-0.9928952,0.09111211,-0.07653523,0,-28.58857,1.595533,11.06785,1,1.0,1.0,-0.001168679,-0.00473346,-0.01933841,4.68,32,0.19484542342103378,-0.23027949651454313,0.9534183837418316,0.2118033249565718,-0.17512293446550317,0.9614943106235897
0.0789966,0.1011637,-0.9917286,0,0.0357532,0.99391,0.1042342,0,-0.9962336,0.04369163,-0.0748986,0,13.22768,0.8240154,-27.68859,1,0.0789966,0.03575321,-0.9962334,0,0.1011637,0.99391,0.04369161,0,-0.9917284,0.1042342,-0.07489856,0,-28.58786,1.594168,11.06801,1,1.0,1.0,-0.001217278,-0.004885689,-0.01929129,4.7,33,0.21008632785392403,-0.2856791494013649,0.9350139883692469,0.22671386410937067,-0.23150723839600104,0.9460471565365307
0.07815927,0.119084,-0.9898032,0,0.03524622,0.9918895,0.1221183,0,-0.9963177,0.0444315,-0.07332814,0,13.20555,1.332892,-27.67806,1,0.07815929,0.03524622,-0.9963175,0,0.119084,0.9918896,0.04443149,0,-0.989803,0.1221182,-0.07332808,0,-28.58669,1.59247,11.06812,1,0.9153559,0.985317,-0.001192184,-0.004824387,-0.0193738,4.72,34,0.21078403893745626,-0.2878853437080382,0.934179917257547,0.22739660221473798,-0.23375857013061574,0.9453294220490983
0.07677925,0.1541993,-0.9850521,0,0.03416927,0.9869812,0.1571646,0,-0.9964625,0.04572551,-0.0705108,0,13.16955,2.33321,-27.62642,1,0.07677925,0.03416929,-0.9964624,0,0.1541993,0.9869811,0.04572549,0,-0.985052,0.1571645,-0.07051078,0,-28.58439,1.589066,11.06831,1,0.8802233,0.9639029,-0.001188462,-0.004737519,-0.01931848,4.76,35,0.19691794381551642,-0.2579558420848946,0.9458763697956207,0.21374112614449076,-0.20319021841658313,0.9555252305063986
0.07636917,0.1686784,-0.9827083,0,0.03475049,0.9845374,0.171693,0,-0.996474,0.04726167,-0.06932664,0,13.15714,2.735346,-27.59448,1,0.07636915,0.03475051,-0.9964737,0,0.1686784,0.9845374,0.04726164,0,-0.9827081,0.171693,-0.06932662,0,-28.58352,1.587511,11.06843,1,0.8568794,0.93632,-0.001132064,-0.004732689,-0.01905824,4.78,36,0.20902699601052493,-0.2527495428257076,0.9446826893408238,0.22582698576657412,-0.19807385361316798,0.9538180754286494
0.07599169,0.1974291,-0.9773674,0,0.03622115,0.9790082,0.2005767,0,-0.9964503,0.05064353,-0.06724536,0,13.14394,3.531071,-27.50832,1,0.07599168,0.03622114,-0.9964504,0,0.197429,0.9790082,0.05064354,0,-0.9773673,0.2005767,-0.06724538,0,-28.5817,1.584493,11.06866,1,0.7904311,0.776505,0.0,0.0,0.0,4.8,37,-0.014713347346787777,-0.13854510720483285,0.9902468231100032,0.002934066671294839,-0.08120236451728052,0.9966933165470566
0.07527852,0.2300024,-0.9702743,0,0.03820658,0.9716554,0.233294,0,-0.9964304,0.05463291,-0.06435716,0,13.12047,4.432675,-27.38689,1,0.07527851,0.03820661,-0.9964303,0,0.2300024,0.9716554,0.05463289,0,-0.970274,0.233294,-0.06435717,0,-28.58001,1.580877,11.06893,1,0.6891435,0.4706182,0.0,0.0,0.0,4.82,38,-0.014713347346787777,-0.13854510720483285,0.9902468231100032,0.002934066671294839,-0.08120236451728052,0.9966933165470566
0.07363153,0.2671525,-0.9608371,0,0.03958259,0.9619104,0.2704842,0,-0.9964997,0.05794859,-0.06025231,0,13.07219,5.476575,-27.21877,1,0.0736315,0.0395826,-0.9964997,0,0.2671525,0.9619103,0.05794858,0,-0.9608371,0.2704842,-0.06025233,0,-28.57841,1.576843,11.06908,1,0.4647836,0.2359997,0.0,0.0,0.0,4.84,39,-0.014713347346787777,-0.13854510720483285,0.9902468231100032,0.002934066671294839,-0.08120236451728052,0.9966933165470566
0.07197201,0.3039132,-0.9499773,0,0.04101926,0.9507396,0.3072648,0,-0.9965628,0.06108186,-0.05596036,0,13.02339,6.513371,-27.01079,1,0.07197203,0.04101929,-0.9965628,0,0.3039133,0.9507396,0.06108183,0,-0.9499772,0.3072648,-0.05596034,0,-28.57645,1.572734,11.06924,1,0.0,0.0,0.0,0.0,0.0,4.86,40,-0.014713347346787777,-0.13854510720483285,0.9902468231100032,0.002934066671294839,-0.08120236451728052,0.9966933165470566
0.07162881,0.3211268,-0.9443235,0,0.04204558,0.9449418,0.3245263,0,-0.9965448,0.06295007,-0.05418307,0,13.01187,6.995378,-26.89418,1,0.07162879,0.0420456,-0.9965448,0,0.3211268,0.9449416,0.06295006,0,-0.9443235,0.3245263,-0.05418308,0,-28.57524,1.570552,11.06934,1,0.0,0.0,0.0,0.0,0.0,4.88,41,-0.014713347346787777,-0.13854510720483285,0.9902468231100032,0.002934066671294839,-0.08120236451728052,0.9966933165470566
0.07090443,0.351706,-0.9334215,0,0.04475494,0.9337125,0.3552153,0,-0.9964787,0.06696162,-0.0504638,0,12.98645,7.845525,-26.66839,1,0.07090446,0.04475499,-0.9964785,0,0.3517059,0.9337125,0.06696154,0,-0.9334213,0.3552153,-0.05046377,0,-28.57296,1.566348,11.06958,1,0.08321014,0.0,0.0,0.0,0.0,4.9,42,-0.014713347346787777,-0.13854510720483285,0.9902468231100032,0.002934066671294839,-0.08120236451728052,0.9966933165470566
0.0699352,0.3833399,-0.9209558,0,0.04643607,0.9209644,0.3868698,0,-0.9964701,0.06982136,-0.04660708,0,12.95624,8.740728,-26.40091,1,0.06993523,0.04643604,-0.9964702,0,0.3833399,0.9209645,0.06982139,0,-0.9209558,0.3868698,-0.04660704,0,-28.57084,1.562178,11.06975,1,0.193751,0.01355704,0.0,0.0,0.0,4.92,43,-0.014713347346787777,-0.13854510720483285,0.9902468231100032,0.002934066671294839,-0.08120236451728052,0.9966933165470566
0.06938303,0.4153036,-0.9070331,0,0.04749845,0.9068177,0.4188384,0,-0.9964588,0.07214296,-0.04319143,0,12.93885,9.65344,-26.08716,1,0.06938299,0.04749848,-0.9964586,0,0.4153036,0.9068176,0.07214292,0,-0.907033,0.4188384,-0.04319147,0,-28.56876,1.55782,11.06986,1,0.3012684,0.1469169,0.0,0.0,0.0,4.94,44,-0.014713347346787777,-0.13854510720483285,0.9902468231100032,0.002934066671294839,-0.08120236451728052,0.9966933165470566
0.06898844,0.4447258,-0.8930058,0,0.04813361,0.8926123,0.4482482,0,-0.9964556,0.07390752,-0.04017371,0,12.92666,10.49953,-25.76171,1,0.06898847,0.04813357,-0.9964557,0,0.4447258,0.8926122,0.07390755,0,-0.893006,0.4482482,-0.04017368,0,-28.56656,1.553421,11.06991,1,0.3571,0.2108089,0.0,0.0,0.0,4.96,45,-0.014713347346787777,-0.13854510720483285,0.9902468231100032,0.002934066671294839,-0.08120236451728052,0.9966933165470566
0.06913644,0.4583319,-0.886088,0,0.04911901,0.8855721,0.4618976,0,-0.9963973,0.07545771,-0.0387125,0,12.92876,10.88322,-25.59963,1,0.06913645,0.049119,-0.9963973,0,0.4583319,0.8855721,0.07545772,0,-0.886088,0.4618976,-0.0387125,0,-28.5655,1.551484,11.06993,1,0.4372352,0.2799463,0.0,0.0,0.0,4.98,46,-0.014713347346787777,-0.13854510720483285,0.9902468231100032,0.002934066671294839,-0.08120236451728052,0.9966933165470566
0.0696978,0.4812598,-0.8738027,0,0.05059439,0.8731002,0.4849085,0,-0.9962842,0.07800655,-0.03650415,0,12.9414,11.53152,-25.30575,1,0.06969782,0.05059435,-0.9962844,0,0.4812598,0.8731002,0.07800657,0,-0.8738028,0.4849085,-0.03650412,0,-28.56388,1.548033,11.07002,1,0.4711523,0.3697285,-0.01585147,-0.0033368,-0.01029231,5.0,47,-0.015522127380942429,-0.3466722267183382,0.9378578947706943,0.0011919036170743966,-0.29200299931180396,0.9564166601218729
0.0695048,0.4992948,-0.86364,0,0.05037959,0.862872,0.5029054,0,-0.9963088,0.0784642,-0.03481948,0,12.93655,12.05906,-25.05887,1,0.0695048,0.05037961,-0.9963085,0,0.4992948,0.8628719,0.07846414,0,-0.8636398,0.5029053,-0.03481947,0,-28.56201,1.54508,11.07006,1,0.6298196,0.5160532,-0.01586661,-0.003247894,-0.01023388,5.02,48,-0.018193845677474337,-0.32761614928424965,0.9446357195806352,-0.0013586173248436111,-0.2725850844715467,0.9621307218266156
0.06853098,0.5162129,-0.8537141,0,0.0492405,0.8529328,0.5196933,0,-0.9964331,0.07765242,-0.03303373,0,12.91201,12.56817,-24.81776,1,0.06853098,0.04924053,-0.996433,0,0.5162129,0.8529328,0.07765239,0,-0.853714,0.5196933,-0.03303373,0,-28.56,1.542024,11.07018,1,0.6298196,0.5160532,-0.0001105107,-0.005488534,-0.01952179,5.04,49,0.030515360851078633,-0.45209714411922136,0.8914465688034099,0.046395085221687705,-0.39997582436954593,0.9153506628539549
0.06718045,0.5353584,-0.841949,0,0.04719873,0.8412055,0.5386516,0,-0.9966238,0.07592575,-0.03124434,0,12.87906,13.15395,-24.52756,1,0.06718045,0.0471987,-0.996624,0,0.5353584,0.8412055,0.0759258,0,-0.841949,0.5386518,-0.03124433,0,-28.55825,1.538761,11.07051,1,0.6766707,0.5879612,-5.360506e-05,-0.005464341,-0.01955326,5.06,50,0.031111023607002578,-0.4280358465658684,0.9032261169080336,0.0472005516246186,-0.37527598025796627,0.9257105630637226
0.06689841,0.5461805,-0.8349919,0,0.0468294,0.8342256,0.5494312,0,-0.9966604,0.07585827,-0.030231,0,12.87218,13.47577,-24.35501,1,0.06689836,0.04682945,-0.9966601,0,0.5461805,0.8342257,0.07585824,0,-0.8349918,0.5494312,-0.03023105,0,-28.55757,1.536771,11.07067,1,0.7040406,0.6073375,-4.966743e-05,-0.005484337,-0.01941068,5.08,51,0.02497761384050878,-0.41994241879080013,0.9072069685066174,0.04113904992272701,-0.36696018549839154,0.9293265307901425
0.06647116,0.5704006,-0.8186727,0,0.04633346,0.8178376,0.5735808,0,-0.9967121,0.07605858,-0.02793396,0,12.8615,14.19293,-23.94823,1,0.06647116,0.04633353,-0.9967119,0,0.5704005,0.8178376,0.0760585,0,-0.8186724,0.5735807,-0.02793397,0,-28.55633,1.532813,11.07075,1,0.7465693,0.6550905,-5.062856e-05,-0.005492729,-0.01941199,5.1,52,0.02780897895724239,-0.4135587755846872,0.9100526357449055,0.04402067207799808,-0.3604259960250157,0.9317485078169842
0.06556058,0.5954674,-0.8007,0,0.04628921,0.7997475,0.5985492,0,-0.9967744,0.07630503,-0.02486819,0,12.83647,14.93628,-23.50377,1,0.06556058,0.04628924,-0.9967743,0,0.5954673,0.7997475,0.07630499,0,-0.8006999,0.5985492,-0.0248682,0,-28.5551,1.528721,11.07086,1,0.7544472,0.6425934,-5.452707e-05,-0.005506126,-0.01936472,5.12,53,0.028825926674437848,-0.4066161433343976,0.9131442262486361,0.045092546980665275,-0.3533177035195933,0.9344160008189272
0.06404078,0.6186531,-0.7830499,0,0.04594851,0.7820005,0.6215819,0,-0.996889,0.07578662,-0.02165371,0,12.79508,15.63354,-23.06727,1,0.06404079,0.04594856,-0.9968888,0,0.6186531,0.7820004,0.07578655,0,-0.7830499,0.6215817,-0.02165373,0,-28.55397,1.52485,11.07096,1,0.7481772,0.6188323,-6.410293e-05,-0.005483475,-0.01939017,5.14,54,0.036135736476267666,-0.379464430316481,0.9245003811107414,0.05260355004494564,-0.3255638990544506,0.9440556202656347
0.06150264,0.6391103,-0.7666522,0,0.0452171,0.7655336,0.6418052,0,-0.9970822,0.07413852,-0.01818359,0,12.72589,16.26314,-22.66526,1,0.06150262,0.04521713,-0.9970821,0,0.6391101,0.7655334,0.07413847,0,-0.7666522,0.6418051,-0.01818362,0,-28.55299,1.521273,11.07089,1,0.7443488,0.6215434,-8.126721e-05,-0.006233582,-0.01971592,5.16,55,0.0008036413654504439,-0.5043142359376885,0.8635198350884253,0.016190460227571077,-0.453685723369872,0.8910146650914201
0.05645514,0.6612015,-0.7480812,0,0.04483521,0.7468413,0.6634892,0,-0.997398,0.07099777,-0.01251793,0,12.58569,16.95946,-22.2268,1,0.05645516,0.04483523,-0.9973979,0,0.6612015,0.7468413,0.07099774,0,-0.748081,0.6634892,-0.01251792,0,-28.5516,1.516934,11.07062,1,0.6723044,0.457632,-6.455928e-05,-0.006422676,-0.0198141,5.2,56,0.008912112327493053,-0.5496122125813309,0.8353723660950942,0.02379608776791643,-0.500539613172599,0.8653865274268873
0.05278629,0.6695377,-0.7409002,0,0.04541457,0.7395573,0.6715598,0,-0.9975727,0.06909683,-0.008631706,0,12.48181,17.23003,-22.07524,1,0.05278629,0.04541459,-0.9975725,0,0.6695375,0.7395573,0.0690968,0,-0.7409,0.6715598,-0.008631719,0,-28.55058,1.515392,11.07042,1,0.6548314,0.4346143,-1.816638e-05,-0.006277123,-0.01976204,5.22,57,0.00976232342575869,-0.5414183327554126,0.8406966670551752,0.02474103689839289,-0.49205324731952277,0.8702134697276899
0.04780942,0.6716955,-0.7392831,0,0.04513755,0.7379205,0.6733764,0,-0.9978361,0.06556317,-0.004960835,0,12.3428,17.33305,-22.07141,1,0.04780939,0.04513757,-0.9978361,0,0.6716954,0.7379205,0.06556317,0,-0.7392832,0.6733765,-0.004960865,0,-28.54966,1.514827,11.07019,1,0.7478672,0.5422453,-3.784895e-06,-0.006080559,-0.01967111,5.24,58,0.011319053564632543,-0.5070153765054147,0.8618626845463688,0.02667467436131238,-0.4564887245064234,0.8893292450753078
0.04143757,0.6708537,-0.7404312,0,0.04403922,0.7391211,0.6721314,0,-0.9981702,0.06045958,-0.001083493,0,12.16602,17.36328,-22.14466,1,0.0414376,0.04403929,-0.9981699,0,0.6708536,0.7391211,0.06045948,0,-0.740431,0.6721313,-0.001083507,0,-28.54894,1.514775,11.06999,1,0.7553398,0.6070004,8.553267e-06,-0.00599556,-0.01963176,5.26,59,0.00813845756756561,-0.5067834178608057,0.8620349951653591,0.023497653723428238,-0.45624394821695835,0.8895444451992802
0.03855276,0.6702837,-0.7411031,0,0.04331407,0.7398363,0.6713912,0,-0.9983175,0.05798417,0.0005099773,0,12.0862,17.37304,-22.18014,1,0.03855276,0.04331407,-0.9983172,0,0.6702836,0.7398363,0.05798416,0,-0.7411028,0.6713912,0.0005099783,0,-28.54858,1.514842,11.06981,1,0.7553398,0.6070004,9.842217e-06,-0.005965676,-0.01960346,5.28,60,0.011680391746574799,-0.4867963321597272,0.8734374044225969,0.027242203586373415,-0.4356363087464951,0.8997104361101337
0.0333215,0.6702702,-0.7413687,0,0.04307339,0.7401283,0.6710848,0,-0.9985161,0.05429482,0.004208684,0,11.93924,17.4129,-22.22802,1,0.03332146,0.04307343,-0.998516,0,0.6702702,0.7401283,0.05429481,0,-0.7413687,0.6710848,0.004208624,0,-28.54833,1.514843,11.06964,1,0.7859911,0.6333093,2.389587e-05,-0.006041657,-0.01963728,5.3,61,0.019654940626630372,-0.4800719124041993,0.8770089179874616,0.03527912668896305,-0.4287253430515569,0.9027457911535167
0.02872401,0.6710873,-0.7408217,0,0.04355752,0.7395833,0.6716542,0,-0.9986379,0.05156097,0.007987142,0,11.80854,17.46727,-22.25481,1,0.02872398,0.04355755,-0.9986379,0,0.6710873,0.7395832,0.05156096,0,-0.7408218,0.6716542,0.007987095,0,-28.5481,1.51469,11.06958,1,0.8304171,0.6429129,4.059635e-05,-0.006157608,-0.01967267,5.32,62,0.008289095851189174,-0.46705122336752963,0.8841914078076439,0.024043070295429122,-0.41530050567826504,0.9093664941893044
0.02427489,0.6725955,-0.7396123,0,0.04423276,0.7383829,0.6729295,0,-0.9987264,0.04905042,0.01182663,0,11.68162,17.54014,-22.26447,1,0.02427488,0.04423282,-0.9987261,0,0.6725954,0.738383,0.04905036,0,-0.7396119,0.6729294,0.01182658,0,-28.54806,1.514363,11.0697,1,0.8327864,0.6463308,5.684607e-05,-0.006174813,-0.01967844,5.34,63,0.011532597270443699,-0.46991554931288937,0.882636038078076,0.02725834181956662,-0.4182530794608071,0.9079214417133231
0.01994854,0.6747114,-0.737812,0,0.04504406,0.736603,0.6748237,0,-0.9987858,0.04669583,0.0156976,0,11.55751,17.62951,-22.25841,1,0.01994856,0.04504409,-0.9987859,0,0.6747114,0.736603,0.04669581,0,-0.7378121,0.6748237,0.01569759,0,-28.5479,1.513955,11.06966,1,0.8442603,0.6391196,8.104742e-05,-0.006235291,-0.01968697,5.36,64,0.008589763964775569,-0.47094383055304323,0.88212137737335,0.024306805072087996,-0.41930630043166517,0.9075193692949467
0.0126611,0.6775085,-0.735406,0,0.04706213,0.7342461,0.6772501,0,-0.9988117,0.04318446,0.02258861,0,11.34684,17.75223,-22.26914,1,0.01266109,0.04706209,-0.9988117,0,0.6775085,0.7342462,0.04318451,0,-0.7354059,0.6772502,0.02258863,0,-28.54781,1.513263,11.06976,1,0.8480381,0.6181431,0.0001173541,-0.006321953,-0.01972026,5.4,65,0.010465220151274046,-0.47394606820056995,0.8804916828706595,0.026152924182789538,-0.4223994361366051,0.9060324171397883
0.005533636,0.6779953,-0.7350456,0,0.04871604,0.7340012,0.6773988,0,-0.9987975,0.03955707,0.02896762,0,11.14069,17.80669,-22.32946,1,0.005533644,0.04871614,-0.9987972,0,0.6779952,0.7340012,0.03955697,0,-0.7350453,0.6773987,0.02896754,0,-28.54766,1.513088,11.06974,1,0.834937,0.6241199,-0.0001173932,-0.006307183,-0.01973373,5.42,66,0.0032659599774418646,-0.4776274583515444,0.8785563980383214,0.01892032243963491,-0.42617888917191,0.9044410294889199
-0.004967213,0.6774127,-0.7355865,0,0.05116144,0.7348043,0.676347,0,-0.9986782,0.03427416,0.03830743,0,10.83555,17.84706,-22.44648,1,-0.004967241,0.05116153,-0.9986778,0,0.6774126,0.7348043,0.03427409,0,-0.7355863,0.6763469,0.03830732,0,-28.54733,1.513146,11.06939,1,0.7686952,0.5509031,-0.001317565,-0.006160019,-0.01986773,5.44,67,0.2241091648994699,-0.478976502509639,0.8487382354128368,0.23919713846479426,-0.4294719220807148,0.8708263874588038
-0.01880217,0.6766748,-0.7360418,0,0.05506545,0.7357554,0.675005,0,-0.9983057,0.02783892,0.05109525,0,10.42974,17.89553,-22.59884,1,-0.0188022,0.05506547,-0.9983057,0,0.6766749,0.7357555,0.02783892,0,-0.7360418,0.6750049,0.0510952,0,-28.54704,1.513275,11.06857,1,0.6752204,0.5191997,-0.002047188,-0.006158386,-0.02010409,5.46,68,0.35742900289637614,-0.4586826354723942,0.813544557971228,0.3718686979389362,-0.41137807331862136,0.8321548847936057
-0.02687705,0.6762497,-0.7361821,0,0.05687532,0.7362896,0.6742722,0,-0.9980196,0.02374825,0.05825126,0,10.19282,17.92774,-22.68077,1,-0.026877,0.05687542,-0.9980193,0,0.6762497,0.7362896,0.02374814,0,-0.7361819,0.674272,0.05825119,0,-28.54684,1.513277,11.06806,1,0.5830386,0.4937566,-0.002549753,-0.006109756,-0.02039735,5.48,69,0.4803744788238684,-0.4448387793385342,0.7558828087020496,0.49376718684796933,-0.4010083365830537,0.7716127780066467
-0.04614961,0.6752948,-0.7361026,0,0.0609284,0.7374187,0.6726823,0,-0.9970746,0.01380554,0.07517624,0,9.624813,18.00882,-22.86337,1,-0.04614963,0.06092842,-0.9970747,0,0.6752949,0.7374187,0.01380553,0,-0.7361027,0.6726822,0.07517622,0,-28.54687,1.513321,11.06682,1,0.5830386,0.4937566,-0.002859398,-0.006102448,-0.02060607,5.5,70,0.5386221905180375,-0.43869811652427493,0.7193261419131134,0.5513542521908991,-0.39704558394233697,0.7337324395601595
-0.06814814,0.6739991,-0.7355822,0,0.06583092,0.7387273,0.6707819,0,-0.995501,0.002711535,0.09471285,0,8.970276,18.09264,-23.06167,1,-0.0681481,0.06583092,-0.9955009,0,0.673999,0.7387273,0.002711517,0,-0.7355821,0.6707819,0.09471285,0,-28.54687,1.513303,11.0651,1,0.6349172,0.4611906,-0.002893968,-0.006119706,-0.02058044,5.52,71,0.5230677638054781,-0.42960478925535,0.7360977105767974,0.5361011454114027,-0.3869843675215159,0.7502257401492929
-0.09218669,0.6730597,-0.7338206,0,0.07242548,0.7395388,0.6692061,0,-0.9931045,-0.008544534,0.1169224,0,8.245796,18.18905,-23.25442,1,-0.09218664,0.07242556,-0.993104,0,0.6730595,0.7395389,-0.008544585,0,-0.7338203,0.6692061,0.1169223,0,-28.54672,1.513279,11.06331,1,0.6278706,0.4991517,-0.002822061,-0.006173325,-0.02053887,5.54,72,0.5008084271731241,-0.44482469939253033,0.7425105427418027,0.5139596122772625,-0.4017863148204144,0.7579005701085314
-0.118677,0.6717447,-0.7312146,0,0.08011636,0.740496,0.6672683,0,-0.9896954,-0.02060708,0.1416976,0,7.438058,18.28345,-23.45077,1,-0.118677,0.08011644,-0.9896954,0,0.6717447,0.7404961,-0.02060716,0,-0.7312145,0.6672683,0.1416976,0,-28.54663,1.513222,11.0611,1,0.6569135,0.5531231,-0.002759681,-0.00619944,-0.02046295,5.56,73,0.474802486576795,-0.41835279520117763,0.7743019678961521,0.48852428783552115,-0.3734986671761268,0.7885700766656403
-0.1323335,0.6711034,-0.7294576,0,0.08426604,0.7408825,0.6663275,0,-0.987617,-0.02670881,0.1545948,0,7.017785,18.33207,-23.54177,1,-0.1323334,0.08426613,-0.9876168,0,0.6711034,0.7408826,-0.02670895,0,-0.7294573,0.6663275,0.1545948,0,-28.54674,1.513256,11.05995,1,0.6569135,0.5531231,-0.002706361,-0.006196381,-0.02044773,5.58,74,0.47626592077063384,-0.4086264977326128,0.7785853569540588,0.4900638148285873,-0.3635430824701683,0.7922587232613728
-0.1588852,0.6698379,-0.7253089,0,0.09359986,0.7415516,0.6643346,0,-0.9828504,-0.03766406,0.1805184,0,6.19083,18.41611,-23.7068,1,-0.1588852,0.09359993,-0.98285,0,0.6698377,0.7415515,-0.03766413,0,-0.7253086,0.6643344,0.1805183,0,-28.54692,1.513288,11.0578,1,0.6802958,0.584594,-0.002680138,-0.00619011,-0.0204208,5.6,75,0.46848975235498963,-0.40653846894828155,0.7843747989345066,0.48239204233043004,-0.361116722067642,0.7980555309872854
-0.1833123,0.6686168,-0.7206582,0,0.1028905,0.7421034,0.6623414,0,-0.9776554,-0.04726645,0.204831,0,5.419921,18.48642,-23.83953,1,-0.1833123,0.1028905,-0.9776554,0,0.6686168,0.7421034,-0.04726646,0,-0.7206582,0.6623414,0.204831,0,-28.54694,1.513409,11.05568,1,0.6964121,0.6035099,-0.002480293,-0.006199425,-0.02030917,5.62,76,0.42780993443448484,-0.39761835994940403,0.8117131881584209,0.44220582225408145,-0.3505933403646605,0.825553341981329
-0.2064607,0.6662685,-0.7165616,0,0.1111496,0.7435696,0.6593558,0,-0.9721214,-0.05648541,0.2275734,0,4.683465,18.51885,-23.96921,1,-0.2064606,0.1111497,-0.9721211,0,0.6662683,0.7435696,-0.05648551,0,-0.7165613,0.6593557,0.2275733,0,-28.54698,1.513612,11.05369,1,0.7197359,0.6754044,-0.002335617,-0.006181908,-0.0202474,5.64,77,0.4105950591629927,-0.4018448246996786,0.8184940037978428,0.4251145066276902,-0.35440410367387687,0.832871771375289
-0.2285306,0.6631025,-0.7127895,0,0.1184414,0.7456638,0.6557112,0,-0.9663051,-0.06542626,0.2489458,0,3.976509,18.52381,-24.09215,1,-0.2285306,0.1184415,-0.9663049,0,0.6631026,0.7456638,-0.0654263,0,-0.7127895,0.6557112,0.2489458,0,-28.54706,1.513977,11.0521,1,0.7332845,0.7148897,-0.002078835,-0.006147019,-0.02012747,5.66,78,0.3757790830235936,-0.38163636954674385,0.8444783965271866,0.39076707065265764,-0.3326952583397352,0.8582627578846689
-0.2577776,0.6579897,-0.7075311,0,0.1279747,0.7490788,0.6500027,0,-0.9576916,-0.07701004,0.2773017,0,3.029914,18.49997,-24.24638,1,-0.2577775,0.1279747,-0.9576917,0,0.6579897,0.7490787,-0.07701004,0,-0.7075311,0.6500027,0.2773017,0,-28.54682,1.514529,11.04997,1,0.7734608,0.74459,-0.001873466,-0.006135811,-0.02002323,5.7,79,0.3309840148902248,-0.3904773586244441,0.8590558854281977,0.3462388689303551,-0.3406349736785295,0.8741203923652943
-0.2765881,0.654905,-0.7032771,0,0.1329606,0.7508675,0.6469308,0,-0.951746,-0.08542517,0.2947576,0,2.418389,18.5019,-24.31327,1,-0.276588,0.1329606,-0.951746,0,0.654905,0.7508675,-0.08542519,0,-0.7032769,0.6469308,0.2947575,0,-28.54705,1.514976,11.04874,1,0.8041308,0.7635924,-0.001821572,-0.006146744,-0.02001449,5.72,80,0.3294873115702263,-0.39338019406441155,0.8583065503839932,0.34472905093723794,-0.3435746463967368,0.8735664507026746
-0.2949398,0.6510361,-0.6994017,0,0.1372121,0.7532333,0.6432825,0,-0.9456128,-0.09376308,0.3114885,0,1.819023,18.47956,-24.38198,1,-0.2949396,0.1372122,-0.9456126,0,0.6510361,0.7532334,-0.0937632,0,-0.6994016,0.6432824,0.3114884,0,-28.54716,1.515486,11.0475,1,0.810334,0.768656,-0.002278977,-0.005887741,-0.02007536,5.74,81,0.3884676776786659,-0.36033991033091883,0.8480849087335827,0.4035179147238098,-0.3112393303185769,0.8604088398893818
-0.3130349,0.6462255,-0.69599,0,0.1407058,0.756289,0.6389279,0,-0.9392611,-0.1020769,0.3276725,0,1.225748,18.42893,-24.45679,1,-0.3130347,0.1407058,-0.9392607,0,0.6462254,0.7562891,-0.1020769,0,-0.6959897,0.6389279,0.3276724,0,-28.54722,1.516056,11.04628,1,0.810334,0.768656,-0.002540147,-0.005724205,-0.02022423,5.76,82,0.48879021139975243,-0.3163003764293671,0.8130425579946144,0.5032001053299621,-0.26939669956643136,0.8211060054941927
-0.3226389,0.6435043,-0.6941229,0,0.1423883,0.7579925,0.6365319,0,-0.9357509,-0.106535,0.3361853,0,0.9096298,18.39783,-24.49391,1,-0.3226388,0.1423883,-0.9357508,0,0.6435041,0.7579924,-0.1065349,0,-0.6941229,0.6365319,0.3361853,0,-28.54737,1.516223,11.04569,1,0.7529537,0.7149646,-0.002569839,-0.005716713,-0.02020068,5.78,83,0.471795698512311,-0.3102623727032945,0.8253157450029669,0.48642698494458464,-0.2626436162136849,0.8333109378736844
-0.3423544,0.6369423,-0.6907228,0,0.1448598,0.7621392,0.6309987,0,-0.9283367,-0.1159673,0.353189,0,0.2597485,18.30785,-24.57637,1,-0.3423544,0.1448598,-0.9283368,0,0.6369421,0.7621391,-0.1159673,0,-0.6907228,0.6309988,0.3531891,0,-28.54757,1.516898,11.04435,1,0.747493,0.6890572,-0.002513261,-0.005681999,-0.02015925,5.8,84,0.46238070355411104,-0.3150381346046819,0.8288275204924167,0.47707606065827146,-0.2671992685419245,0.8372592091087717
-0.3625627,0.6303273,-0.6864662,0,0.1470505,0.7660488,0.6257358,0,-0.920285,-0.1259232,0.3704307,0,-0.4109936,18.22265,-24.63726,1,-0.3625627,0.1470506,-0.920285,0,0.6303272,0.7660488,-0.1259232,0,-0.6864662,0.6257358,0.3704307,0,-28.54789,1.517407,11.04282,1,0.7557409,0.7215787,-0.002413193,-0.005559457,-0.02004487,5.82,85,0.4258056719042664,-0.3465113146060518,0.8358345761118895,0.44063169377974437,-0.29817846351326566,0.846719147258205
-0.3844734,0.6236534,-0.6806151,0,0.1497598,0.7696568,0.6206451,0,-0.9109074,-0.1366927,0.3893108,0,-1.146,18.14501,-24.67085,1,-0.3844733,0.1497599,-0.9109073,0,0.6236532,0.7696569,-0.1366927,0,-0.6806149,0.620645,0.3893107,0,-28.54815,1.518028,11.04102,1,0.748482,0.6946316,-0.01692903,-0.003373421,-0.01024716,5.84,86,0.20303654703257334,-0.27962154532295413,0.9383964790856221,0.21972547472968873,-0.2252574387677208,0.949199558593776
-0.4089594,0.6158046,-0.6734515,0,0.1528604,0.773787,0.6147255,0,-0.8996588,-0.1484537,0.4105796,0,-1.975981,18.04383,-24.69189,1,-0.4089594,0.1528604,-0.8996589,0,0.6158044,0.7737869,-0.1484537,0,-0.6734516,0.6147255,0.4105796,0,-28.54836,1.5187,11.03895,1,0.5630984,0.2486544,0.0,0.0,0.0,5.86,87,-0.014713347346787777,-0.13854510720483285,0.9902468231100032,0.002934066671294839,-0.08120236451728052,0.9966933165470566
-0.4362994,0.6073611,-0.6638943,0,0.1564294,0.777786,0.6087519,0,-0.8860998,-0.1617455,0.4343567,0,-2.914018,17.94276,-24.67186,1,-0.4362993,0.1564294,-0.8860996,0,0.6073609,0.777786,-0.1617455,0,-0.6638941,0.6087518,0.4343566,0,-28.54861,1.51925,11.03644,1,0.1212066,0.0,0.0,0.0,0.0,5.88,88,-0.014713347346787777,-0.13854510720483285,0.9902468231100032,0.002934066671294839,-0.08120236451728052,0.9966933165470566
-0.4507756,0.6031585,-0.6580284,0,0.1579983,0.7794467,0.6062173,0,-0.8785431,-0.1693006,0.4466537,0,-3.414407,17.90329,-24.63601,1,-0.4507756,0.1579984,-0.8785429,0,0.6031584,0.7794467,-0.1693005,0,-0.6580283,0.6062171,0.4466535,0,-28.54884,1.51958,11.03509,1,0.0,0.0,0.0,0.0,0.0,5.9,89,-0.014713347346787777,-0.13854510720483285,0.9902468231100032,0.002934066671294839,-0.08120236451728052,0.9966933165470566
