flag,xl,yl,zl,xr,yr,zr,xc,yc,zc,mat_00,mat_10,mat_20,mat_30,mat_01,mat_11,mat_21,mat_31,mat_02,mat_12,mat_22,mat_32,mat_03,mat_13,mat_23,mat_33,ctw_00,ctw_10,ctw_20,ctw_30,ctw_01,ctw_11,ctw_21,ctw_31,ctw_02,ctw_12,ctw_22,ctw_32,ctw_03,ctw_13,ctw_23,ctw_33,opennessl,opennessr,ray_x,ray_y,ray_z,eye_x,eye_y,eye_z,time,frame
25,0.2078989,0.07021072,0.9999629,0.07948616,0.05739088,0.9999789,0.1436928,0.06380081,0.999971,-0.9585055,-0.06036502,0.2786105,0,-0.03857379,0.9957986,0.08304867,0,0.2824532,-0.06885552,0.956807,0,-0.1104787,-1.829769,0.857457,1,-0.958505,-0.03857379,0.282453,0,-0.06036501,0.9957986,-0.06885552,0,0.2786103,0.08304865,0.9568065,0,-0.4552449,1.74661,-0.9152051,1,1.0,1.0,0.1387341,0.06672824,0.9880791,0.0004041372,-0.005118317,-0.02054649,68.56667,4304
25,0.2070914,0.06945278,0.9999834,0.07912543,0.05758017,1.000003,0.1431088,0.06351649,0.9999933,-0.9586365,-0.06045162,0.2781397,0,-0.03872181,0.9957994,0.08297105,0,0.281987,-0.06876901,0.9569505,0,-0.1105557,-1.829697,0.8574955,1,-0.9586365,-0.03872181,0.281987,0,-0.06045161,0.9957994,-0.068769,0,0.2781397,0.08297104,0.9569504,0,-0.4550944,1.746583,-0.9152318,1,1.0,1.0,0.138179,0.06645748,0.9881751,0.0004042052,-0.005118035,-0.02054456,68.58889,4305
25,0.2084452,0.06938495,0.9999561,0.07858783,0.05806725,0.9999926,0.1435172,0.06372619,0.9999743,-0.958721,-0.06033992,0.2778726,0,-0.03861793,0.9958012,0.08299755,0,0.2817139,-0.06884063,0.9570259,0,-0.1109289,-1.829729,0.8573806,1,-0.9587209,-0.03861793,0.2817139,0,-0.06033991,0.9958012,-0.06884062,0,0.2778725,0.08299752,0.9570255,0,-0.454998,1.746602,-0.9152446,1,1.0,1.0,0.1385658,0.06665739,0.9881075,0.0004054187,-0.005118775,-0.02054875,68.6,4306
25,0.2092768,0.06874247,0.9999741,0.07819372,0.05625362,0.9999828,0.1437354,0.06249822,0.9999785,-0.9588552,-0.06020223,0.2774397,0,-0.03855091,0.9958162,0.08284907,0,0.2812667,-0.06874469,0.9571643,0,-0.1112457,-1.829645,0.8576114,1,-0.9588548,-0.03855091,0.2812666,0,-0.06020222,0.9958162,-0.06874469,0,0.2774396,0.08284906,0.957164,0,-0.4547525,1.74665,-0.9153635,1,1.0,1.0,0.1387817,0.06547144,0.9881565,0.0004077908,-0.005118225,-0.02054501,68.62222,4307
25,0.2086905,0.06878893,0.9998971,0.07818574,0.05584756,0.9999108,0.1434383,0.06231826,0.9999039,-0.9588974,-0.05997767,0.277342,0,-0.03830622,0.9958203,0.08291295,0,0.2811557,-0.06888109,0.9571869,0,-0.1116784,-1.829681,0.857554,1,-0.9588973,-0.03830622,0.2811557,0,-0.05997766,0.9958203,-0.06888108,0,0.2773419,0.08291296,0.9571869,0,-0.4546638,1.746654,-0.9154708,1,1.0,1.0,0.1385107,0.06530406,0.9882056,0.0004077908,-0.005117028,-0.02054767,68.63333,4308
25,0.2089532,0.06887685,1.000001,0.07978094,0.05533399,1.000006,0.1443672,0.06210542,1.000003,-0.9589134,-0.05989182,0.2773051,0,-0.03823552,0.9958275,0.08285952,0,0.2811106,-0.06885221,0.9572023,0,-0.1116225,-1.829603,0.8576383,1,-0.9589134,-0.03823552,0.2811106,0,-0.05989181,0.9958274,-0.06885219,0,0.277305,0.08285952,0.9572022,0,-0.4544419,1.746637,-0.9155272,1,1.0,1.0,0.13938,0.06508225,0.9880978,0.0004077908,-0.005115723,-0.02055611,68.64445,4309
25,0.2090646,0.06924864,0.9999692,0.0802367,0.05411512,0.9999945,0.144651,0.06168195,0.9999818,-0.9589869,-0.0596403,0.2771057,0,-0.03799179,0.9958375,0.08285078,0,0.2808935,-0.06892505,0.957261,0,-0.1122572,-1.829458,0.8575869,1,-0.9589866,-0.0379918,0.2808934,0,-0.05964029,0.9958376,-0.06892505,0,0.2771056,0.08285075,0.9572606,0,-0.4544046,1.746526,-0.9154973,1,1.0,1.0,0.1396546,0.06466671,0.9880865,0.0004073409,-0.0051101,-0.02057332,68.66667,4310
25,0.2089153,0.0711593,1.000016,0.07919052,0.05290154,0.999985,0.1440524,0.06203022,1.0,-0.9589227,-0.0596564,0.2773235,0,-0.03802441,0.9958454,0.0827412,0,0.2811074,-0.06879735,0.9572072,0,-0.1120291,-1.829378,0.8578669,1,-0.9589228,-0.03802441,0.2811073,0,-0.0596564,0.9958454,-0.06879735,0,0.2773235,0.08274118,0.9572071,0,-0.4544679,1.746536,-0.9155204,1,1.0,1.0,0.1390841,0.06500535,0.9881447,0.0004037404,-0.005108765,-0.02057357,68.67778,4311
25,0.2084979,0.07035446,1.000071,0.07781973,0.05204226,1.000027,0.143158,0.06119815,1.000049,-0.9587984,-0.05950851,0.2777852,0,-0.0379293,0.9958752,0.08242521,0,0.2815444,-0.06849296,0.9571007,0,-0.1116026,-1.829127,0.8585361,1,-0.9587982,-0.0379293,0.2815443,0,-0.0595085,0.9958752,-0.06849294,0,0.2777851,0.0824252,0.9571004,0,-0.4543415,1.746584,-0.9155664,1,1.0,1.0,0.1382419,0.0642052,0.9883152,0.0003954703,-0.005106865,-0.02058495,68.7,4312
25,0.2088448,0.07098094,0.9999909,0.07679665,0.05276176,0.9999484,0.1428198,0.06187125,0.9999697,-0.9587133,-0.05949068,0.278082,0,-0.03793512,0.9958881,0.08226763,0,0.2818326,-0.06832201,0.9570279,0,-0.111219,-1.829025,0.8589632,1,-0.9587134,-0.03793512,0.2818327,0,-0.05949067,0.995888,-0.068322,0,0.2780819,0.08226763,0.9570279,0,-0.4542992,1.74662,-0.9156692,1,1.0,1.0,0.1379303,0.06486364,0.9883157,0.0003895489,-0.005109017,-0.02059009,68.71111,4313
25,0.2092221,0.0715076,0.9999928,0.07676032,0.05168471,0.9999904,0.1429912,0.06159633,0.9999916,-0.9586679,-0.05940251,0.278258,0,-0.03795609,0.9959223,0.08184137,0,0.281985,-0.0678971,0.9570135,0,-0.1109027,-1.828636,0.8597552,1,-0.9586676,-0.03795609,0.2819849,0,-0.0594025,0.9959224,-0.06789708,0,0.2782579,0.08184136,0.9570131,0,-0.4541781,1.746606,-0.9156832,1,1.0,1.0,0.138097,0.06459495,0.98831,0.0003852081,-0.005107979,-0.02058716,68.73334,4314
25,0.2092766,0.07133691,1.00006,0.07766864,0.051867,1.000041,0.1434723,0.06160189,1.00005,-0.9586315,-0.05938574,0.2783869,0,-0.03797168,0.9959336,0.08169713,0,0.2821065,-0.06774662,0.9569883,0,-0.1106462,-1.828496,0.8600198,1,-0.9586312,-0.03797168,0.2821064,0,-0.05938573,0.9959337,-0.06774659,0,0.2783868,0.08169711,0.9569879,0,-0.4540736,1.746598,-0.9156889,1,1.0,1.0,0.1385481,0.06459226,0.9882471,0.0003830492,-0.005107925,-0.02058773,68.74445,4315
25,0.2092427,0.07132526,1.000142,0.077674,0.05191728,1.000087,0.1434574,0.06162087,1.000115,-0.9585229,-0.05932356,0.2787735,0,-0.03790998,0.9959447,0.08159096,0,0.2824833,-0.06763849,0.9568847,0,-0.1103105,-1.828387,0.8602359,1,-0.9585228,-0.03790998,0.2824832,0,-0.05932355,0.9959446,-0.06763847,0,0.2787734,0.08159094,0.9568844,0,-0.4540125,1.746603,-0.9156548,1,1.0,1.0,0.1385253,0.06460746,0.9882492,0.0003830492,-0.005108368,-0.02058762,68.75555,4316
25,0.2093632,0.07207069,0.9998745,0.07722762,0.051907,0.9999079,0.143296,0.06198904,0.9998911,-0.9585296,-0.05976476,0.2786567,0,-0.03832816,0.9959151,0.08175635,0,0.2824046,-0.06768546,0.9569048,0,-0.1097222,-1.828566,0.8599452,1,-0.9585292,-0.03832816,0.2824044,0,-0.05976475,0.9959151,-0.06768545,0,0.2786566,0.08175632,0.9569044,0,-0.4540851,1.746585,-0.9156666,1,1.0,1.0,0.1383998,0.06498457,0.9882421,0.0003830492,-0.005115357,-0.0205766,68.77778,4317
25,0.2093072,0.0733017,1.000027,0.07723805,0.05201029,0.9999942,0.1432721,0.06265567,1.000011,-0.9584626,-0.05976773,0.2788862,0,-0.03834676,0.9959233,0.08164677,0,0.2826291,-0.06756099,0.9568472,0,-0.1094,-1.828468,0.8602183,1,-0.9584624,-0.03834675,0.2826291,0,-0.05976773,0.9959233,-0.06756099,0,0.2788862,0.08164676,0.956847,0,-0.4540422,1.746585,-0.9157108,1,1.0,1.0,0.138355,0.06562161,0.9882063,0.0003830492,-0.005116875,-0.02057912,68.78889,4318
25,0.2092126,0.07254482,1.000004,0.0766342,0.0516463,0.9999903,0.1429231,0.06209573,0.999997,-0.958431,-0.05992789,0.2789598,0,-0.03852024,0.9959201,0.08160456,0,0.2827121,-0.06746674,0.9568292,0,-0.1089785,-1.8285,0.8603814,1,-0.9584311,-0.03852024,0.2827121,0,-0.05992789,0.9959201,-0.06746674,0,0.2789598,0.08160456,0.9568291,0,-0.4540384,1.746631,-0.9157915,1,1.0,1.0,0.1380288,0.06508654,0.9882873,0.0003837273,-0.005118111,-0.02058652,68.81111,4319
25,0.2090224,0.07381203,0.9999947,0.07752693,0.05218648,0.9999825,0.1432743,0.06299925,0.9999885,-0.9584011,-0.0599887,0.2790504,0,-0.03856994,0.9959163,0.0816278,0,0.2828076,-0.06746921,0.9568011,0,-0.1088409,-1.828488,0.8603803,1,-0.9584007,-0.03856993,0.2828074,0,-0.05998869,0.9959162,-0.06746918,0,0.2790502,0.08162778,0.9568005,0,-0.4540911,1.746592,-0.9157979,1,1.0,1.0,0.1383515,0.06595764,0.9881844,0.0003871303,-0.005120682,-0.02059419,68.82223,4320
25,0.2095284,0.07320757,1.000005,0.07819086,0.05088618,0.9999859,0.1438593,0.0620468,0.9999957,-0.9583751,-0.05981524,0.2791767,0,-0.03842629,0.9959345,0.08147267,0,0.282915,-0.06735364,0.9567773,0,-0.108952,-1.828304,0.8607191,1,-0.9583749,-0.03842629,0.2829149,0,-0.05981524,0.9959345,-0.06735364,0,0.2791766,0.08147267,0.9567771,0,-0.45407,1.74656,-0.9158351,1,1.0,1.0,0.1389096,0.06503626,0.9881672,0.0003921809,-0.00512381,-0.02059039,68.83334,4321
25,0.2086369,0.07395273,0.999988,0.07917392,0.05092112,0.9999679,0.1439051,0.0624368,0.9999779,-0.9583142,-0.05983455,0.2793815,0,-0.03832272,0.9959084,0.08183983,0,0.2831353,-0.06772161,0.9566861,0,-0.108915,-1.828615,0.8601735,1,-0.9583139,-0.0383227,0.2831352,0,-0.05983454,0.9959084,-0.06772159,0,0.2793814,0.08183982,0.956686,0,-0.4541057,1.746563,-0.915915,1,1.0,1.0,0.1389506,0.06541671,0.9881364,0.0003941804,-0.005126877,-0.02058918,68.85556,4322
25,0.2084343,0.07496323,0.999959,0.07825282,0.05080518,0.9999453,0.1433434,0.06288408,0.9999521,-0.9582871,-0.05980599,0.2794809,0,-0.03828637,0.99591,0.08183764,0,0.2832322,-0.06772363,0.9566574,0,-0.1088896,-1.828607,0.8602595,1,-0.9582865,-0.03828636,0.2832321,0,-0.05980597,0.99591,-0.06772362,0,0.2794808,0.08183764,0.9566572,0,-0.4541351,1.746558,-0.9159723,1,1.0,1.0,0.1384159,0.06585711,0.9881821,0.0003949814,-0.005129586,-0.02058642,68.86667,4323
25,0.2084652,0.0754775,1.000014,0.07832277,0.05088694,0.999996,0.1433936,0.06318215,1.000005,-0.9581685,-0.0599695,0.2798518,0,-0.03836256,0.9958887,0.08206183,0,0.2836224,-0.06789322,0.9565297,0,-0.1083167,-1.828695,0.8599743,1,-0.9581683,-0.03836256,0.2836224,0,-0.05996949,0.9958887,-0.06789321,0,0.2798517,0.08206183,0.9565294,0,-0.4541169,1.74645,-0.9160256,1,1.0,1.0,0.1384541,0.0661407,0.9881579,0.0003951872,-0.0051297,-0.02058642,68.88889,4324
25,0.2083616,0.07519156,0.9999911,0.08244929,0.0520517,0.9999748,0.1454051,0.0636215,0.999983,-0.9581451,-0.05984598,0.2799584,0,-0.0382711,0.9959046,0.08191083,0,0.2837139,-0.06776814,0.9565115,0,-0.1082282,-1.828575,0.8603117,1,-0.9581447,-0.0382711,0.2837138,0,-0.05984596,0.9959046,-0.06776813,0,0.2799583,0.08191083,0.9565112,0,-0.4539825,1.746475,-0.9161111,1,1.0,1.0,0.1403864,0.0666427,0.9878514,0.0004068837,-0.005210518,-0.0203205,68.9,4325
25,0.2075841,0.07451467,0.9999925,0.08381724,0.05218429,0.9999869,0.1457005,0.06334953,0.9999896,-0.9581403,-0.0597455,0.2799967,0,-0.03806999,0.9958862,0.08222717,0,0.2837576,-0.06812567,0.9564731,0,-0.1084024,-1.828803,0.8598155,1,-0.9581398,-0.03806999,0.2837575,0,-0.05974549,0.9958863,-0.06812567,0,0.2799967,0.08222715,0.9564728,0,-0.4538728,1.746453,-0.9162186,1,1.0,1.0,0.140668,0.06637663,0.9878292,0.00040715,-0.005209885,-0.02032185,68.92223,4326
25,0.2077806,0.07472298,0.999981,0.08396998,0.05153879,0.9999625,0.145875,0.06313069,0.9999717,-0.9580909,-0.05988041,0.2801363,0,-0.03820785,0.9958832,0.08220035,0,0.2839052,-0.06805199,0.9564345,0,-0.1079358,-1.828763,0.8599418,1,-0.9580908,-0.03820785,0.2839051,0,-0.0598804,0.9958832,-0.06805199,0,0.2801362,0.08220033,0.9564343,0,-0.4538202,1.746423,-0.9162853,1,1.0,1.0,0.1408378,0.0661658,0.9878192,0.0004075849,-0.005210213,-0.02031909,68.93333,4327
25,0.2076988,0.07441317,0.9999009,0.08268252,0.05206354,0.999916,0.1451909,0.06323847,0.9999084,-0.9581275,-0.05978417,0.2800317,0,-0.03808694,0.9958798,0.08229679,0,0.2837979,-0.06818525,0.9564568,0,-0.1082851,-1.828824,0.8598167,1,-0.9581274,-0.03808694,0.2837979,0,-0.05978417,0.9958799,-0.06818526,0,0.2800316,0.08229679,0.9564568,0,-0.4538615,1.746405,-0.9163453,1,1.0,1.0,0.1401954,0.06627963,0.987903,0.0004081419,-0.005210213,-0.02031909,68.94444,4328
25,0.2074592,0.07499256,0.9999663,0.08201793,0.051952,0.9999331,0.1447379,0.0634722,0.9999497,-0.9580286,-0.05995039,0.2803341,0,-0.03812645,0.9958474,0.08266997,0,0.2841261,-0.06851205,0.9563359,0,-0.1077529,-1.829192,0.85937,1,-0.9580286,-0.03812645,0.2841261,0,-0.0599504,0.9958474,-0.06851205,0,0.2803341,0.08266997,0.956336,0,-0.4538018,1.746444,-0.9165527,1,1.0,1.0,0.1397564,0.06650387,0.9879501,0.0004085237,-0.005208466,-0.0203256,68.96667,4329
25,0.208304,0.07570589,0.9999374,0.0815883,0.05111712,0.9999504,0.1449463,0.06341151,0.9999438,-0.9580646,-0.05987378,0.280228,0,-0.03807589,0.9958553,0.0825987,0,0.284012,-0.06846495,0.9563733,0,-0.1079779,-1.829079,0.8595244,1,-0.9580643,-0.03807588,0.2840119,0,-0.05987377,0.9958553,-0.06846494,0,0.2802279,0.08259869,0.9563732,0,-0.4538263,1.746391,-0.9165868,1,1.0,1.0,0.1399522,0.06644309,0.9879265,0.0004114602,-0.005207413,-0.02033236,68.97778,4330
25,0.2080984,0.07576922,0.99997,0.08099097,0.05171337,0.9999635,0.1445446,0.06374134,0.9999668,-0.9580088,-0.05980716,0.280433,0,-0.0379573,0.9958503,0.08271339,0,0.2842161,-0.06859566,0.9563034,0,-0.1078423,-1.829182,0.8594198,1,-0.9580085,-0.03795728,0.284216,0,-0.05980715,0.9958502,-0.06859566,0,0.2804329,0.08271337,0.9563031,0,-0.4537216,1.746412,-0.9166892,1,1.0,1.0,0.1395642,0.06676245,0.9879598,0.0004116967,-0.005206757,-0.0203346,69.0,4331
25,0.2071417,0.07497924,0.9999741,0.08098,0.05242198,0.9999574,0.1440606,0.06370042,0.9999658,-0.9579597,-0.05993351,0.2805731,0,-0.03804295,0.9958372,0.08283192,0,0.2843695,-0.06867582,0.9562519,0,-0.1074762,-1.82931,0.8592783,1,-0.9579598,-0.03804295,0.2843695,0,-0.05993351,0.9958371,-0.06867581,0,0.2805731,0.08283193,0.9562519,0,-0.4536852,1.74643,-0.9167529,1,1.0,1.0,0.1391048,0.06672531,0.9880272,0.0004116967,-0.005205056,-0.02033633,69.01112,4332
25,0.2075772,0.07502645,0.9999472,0.08183232,0.05239401,0.9999308,0.1447045,0.06371016,0.9999391,-0.957955,-0.05965877,0.2806475,0,-0.037788,0.9958569,0.08271014,0,0.2844192,-0.06862748,0.9562405,0,-0.1076762,-1.829148,0.8596054,1,-0.9579549,-0.037788,0.2844192,0,-0.05965877,0.995857,-0.06862749,0,0.2806475,0.08271014,0.9562406,0,-0.4535198,1.746403,-0.9168942,1,1.0,1.0,0.1397203,0.06673236,0.9879398,0.0004116967,-0.005206314,-0.02033235,69.03333,4333
25,0.2076137,0.07534483,0.9999492,0.0818508,0.05234854,0.9999557,0.1447324,0.06384681,0.9999524,-0.9579766,-0.05950513,0.2806071,0,-0.03760675,0.9958569,0.08279271,0,0.2843712,-0.06876074,0.9562454,0,-0.1079296,-1.829183,0.8594843,1,-0.9579763,-0.03760675,0.284371,0,-0.05950513,0.9958569,-0.06876074,0,0.280607,0.08279268,0.9562451,0,-0.4534171,1.746387,-0.9169616,1,1.0,1.0,0.1397441,0.06686343,0.9879276,0.0004116893,-0.005206757,-0.02032929,69.04445,4334
25,0.2083232,0.07554045,0.9998901,0.08162504,0.05239798,0.9999029,0.1449742,0.06396934,0.9998966,-0.9580086,-0.05944508,0.2805102,0,-0.03755108,0.9958589,0.08279436,0,0.2842703,-0.06878424,0.9562737,0,-0.1081602,-1.829188,0.859552,1,-0.9580084,-0.03755108,0.2842703,0,-0.05944508,0.995859,-0.06878424,0,0.2805102,0.08279436,0.9562735,0,-0.4534677,1.746386,-0.9170394,1,1.0,1.0,0.1399793,0.06697989,0.9878864,0.0004115067,-0.005204231,-0.0203364,69.05556,4335
25,0.2094043,0.0759988,0.9998734,0.08187681,0.05207699,0.9998765,0.1456406,0.06403796,0.9998749,-0.9580525,-0.05969778,0.2803063,0,-0.03793686,0.9958744,0.08243124,0,0.2840708,-0.06833951,0.9563648,0,-0.1075787,-1.828919,0.86048,1,-0.9580525,-0.03793685,0.2840708,0,-0.05969778,0.9958745,-0.06833952,0,0.2803062,0.08243124,0.9563648,0,-0.4534464,1.746362,-0.9173602,1,1.0,1.0,0.1406131,0.06703779,0.9877924,0.0004114993,-0.005200722,-0.02034417,69.07778,4336
25,0.2089447,0.07608695,0.9998481,0.08188847,0.0515751,0.9998614,0.1454168,0.06383128,0.9998548,-0.9580591,-0.06008522,0.2802014,0,-0.03835959,0.9958616,0.08239011,0,0.2839922,-0.06818617,0.9563991,0,-0.1068447,-1.828917,0.8606672,1,-0.9580588,-0.03835958,0.2839921,0,-0.06008521,0.9958616,-0.06818616,0,0.2802013,0.08239008,0.9563988,0,-0.4534145,1.746339,-0.9175049,1,1.0,1.0,0.1404046,0.06684046,0.9878355,0.0004114611,-0.005199715,-0.02034967,69.08889,4337
25,0.2093841,0.0757113,0.9998825,0.08242917,0.0512053,0.999898,0.1459069,0.06345843,0.9998901,-0.9580621,-0.06088665,0.2800187,0,-0.03914398,0.9958138,0.08259955,0,0.2838757,-0.06817442,0.9564347,0,-0.1054161,-1.829148,0.8604189,1,-0.9580616,-0.03914398,0.2838755,0,-0.06088664,0.9958138,-0.06817441,0,0.2800186,0.08259952,0.9564342,0,-0.453299,1.746294,-0.91771,1,1.0,1.0,0.1408684,0.06647326,0.9877942,0.0004117889,-0.005198402,-0.02034773,69.11111,4338
25,0.2105294,0.07444252,0.9997941,0.07761368,0.05082446,0.9998425,0.1440724,0.06263375,0.9998183,-0.9581468,-0.06094991,0.2797143,0,-0.03911721,0.9957826,0.08298767,0,0.2835928,-0.06857271,0.95649,0,-0.1057905,-1.829475,0.8597689,1,-0.9581465,-0.0391172,0.2835927,0,-0.0609499,0.9957826,-0.06857269,0,0.2797142,0.08298766,0.9564897,0,-0.4533587,1.74627,-0.9178107,1,1.0,1.0,0.1391217,0.06560843,0.9880995,0.0003991704,-0.005121369,-0.02060765,69.12222,4339
25,0.211187,0.0741959,0.9998268,0.07767466,0.05025025,0.9998466,0.1444312,0.06222332,0.9998367,-0.9582069,-0.06060866,0.2795827,0,-0.03874956,0.9957905,0.08306464,0,0.2834403,-0.06875939,0.9565219,0,-0.106532,-1.829496,0.8597434,1,-0.9582065,-0.03874955,0.2834402,0,-0.06060864,0.9957905,-0.06875938,0,0.2795826,0.08306462,0.9565216,0,-0.4533322,1.746252,-0.9179626,1,1.0,1.0,0.1394622,0.06520592,0.9880781,0.0003994675,-0.005119476,-0.02061514,69.13333,4340
25,0.2111348,0.07382929,0.9998455,0.07758427,0.05106819,0.9998405,0.1443594,0.06244886,0.9998431,-0.9581782,-0.06024399,0.2797594,0,-0.03821736,0.9957716,0.08353682,0,0.283609,-0.06935149,0.956429,0,-0.107334,-1.829863,0.8591858,1,-0.9581782,-0.03821735,0.283609,0,-0.06024399,0.9957715,-0.06935149,0,0.2797594,0.08353683,0.9564289,0,-0.4534487,1.74625,-0.918213,1,1.0,1.0,0.1393903,0.06542277,0.988074,0.0003993763,-0.005119476,-0.02062313,69.15556,4341
25,0.2100864,0.07442407,0.9999576,0.07708588,0.05111773,0.9999453,0.1435859,0.06277083,0.9999515,-0.9581454,-0.06027085,0.2798658,0,-0.03818884,0.995759,0.08370004,0,0.2837235,-0.06950905,0.9563835,0,-0.1072396,-1.829998,0.8589633,1,-0.9581453,-0.03818884,0.2837236,0,-0.06027085,0.9957589,-0.06950906,0,0.2798658,0.08370004,0.9563836,0,-0.4534411,1.746246,-0.9182734,1,1.0,1.0,0.1386394,0.06573686,0.9881588,0.0003985213,-0.005122536,-0.02062313,69.16667,4342
25,0.2101105,0.07492308,0.9998837,0.0772025,0.05123584,0.9998924,0.1436567,0.0630794,0.999888,-0.9581742,-0.06035031,0.2797502,0,-0.03820295,0.9957365,0.08396037,0,0.2836245,-0.06976138,0.9563946,0,-0.1072836,-1.830231,0.8586966,1,-0.9581741,-0.03820293,0.2836245,0,-0.06035031,0.9957365,-0.06976138,0,0.2797502,0.08396038,0.9563946,0,-0.4534719,1.746233,-0.918504,1,1.0,1.0,0.1387147,0.06604285,0.9881278,0.0003964081,-0.00512764,-0.02061921,69.18889,4343
25,0.2103533,0.07344262,0.9999003,0.07621261,0.05099329,0.9998913,0.1432828,0.06221777,0.9998958,-0.9581742,-0.06002103,0.2798209,0,-0.0378368,0.9957452,0.08402308,0,0.2836735,-0.06992122,0.9563684,0,-0.1076945,-1.830278,0.858707,1,-0.9581742,-0.0378368,0.2836734,0,-0.06002104,0.9957452,-0.06992121,0,0.2798209,0.08402307,0.9563682,0,-0.4533294,1.746264,-0.9186652,1,1.0,1.0,0.1383702,0.06521651,0.988231,0.0003937148,-0.005128678,-0.02060954,69.2,4344
25,0.210324,0.0756247,0.999773,0.07575178,0.04971332,0.9998113,0.1430386,0.06266946,0.9997922,-0.9582545,-0.05983252,0.2795866,0,-0.03757411,0.995731,0.08430855,0,0.2834374,-0.07028382,0.9564118,0,-0.1083556,-1.830537,0.8582993,1,-0.9582543,-0.03757411,0.2834373,0,-0.05983251,0.9957311,-0.07028382,0,0.2795865,0.08430855,0.9564117,0,-0.4533267,1.74629,-0.9188326,1,1.0,1.0,0.1381511,0.06567235,0.9882315,0.0003924938,-0.005140297,-0.02059211,69.21111,4345
25,0.2141832,0.07463275,0.9998128,0.08374617,0.05682798,0.9998218,0.1489648,0.06573031,0.9998173,-0.9583112,-0.05970212,0.2794198,0,-0.03746551,0.9957392,0.08426076,0,0.2832598,-0.07027942,0.9564648,0,-0.1084955,-1.830397,0.8585969,1,-0.958311,-0.03746551,0.2832597,0,-0.05970211,0.9957392,-0.07027942,0,0.2794197,0.08426075,0.9564646,0,-0.45316,1.746187,-0.9191245,1,1.0,1.0,0.1437616,0.06858765,0.9872326,0.0003846129,-0.005156098,-0.0205061,69.23334,4346
25,0.211934,0.07281276,0.999792,0.08442673,0.05826681,0.9998286,0.148181,0.06554005,0.9998103,-0.9583884,-0.05973064,0.2791485,0,-0.03749527,0.9957321,0.0843303,0,0.2829943,-0.07035442,0.9565378,0,-0.108587,-1.830423,0.8585631,1,-0.9583884,-0.03749527,0.2829943,0,-0.05973064,0.9957322,-0.07035442,0,0.2791485,0.0843303,0.9565377,0,-0.4530675,1.746137,-0.9192969,1,1.0,1.0,0.1430183,0.06839716,0.9873538,0.0003841026,-0.005143196,-0.02053363,69.24445,4347
25,0.2118674,0.07296363,0.9997731,0.08566487,0.05838361,0.9998066,0.1487667,0.06567363,0.9997899,-0.9585071,-0.05986084,0.2787136,0,-0.03755852,0.9956995,0.08468658,0,0.2825844,-0.0707046,0.9566332,0,-0.1087304,-1.830729,0.8581259,1,-0.9585067,-0.03755852,0.2825843,0,-0.05986082,0.9956996,-0.07070459,0,0.2787135,0.08468656,0.9566329,0,-0.4529791,1.746101,-0.919627,1,1.0,1.0,0.1435744,0.06852502,0.9872642,0.0003852155,-0.005145966,-0.02052875,69.26667,4348
25,0.2121237,0.07278033,0.9998434,0.08566549,0.05789725,0.9998531,0.1488948,0.06533881,0.9998481,-0.9585174,-0.06004347,0.2786383,0,-0.03775761,0.995693,0.08467446,0,0.2825224,-0.07064122,0.9566562,0,-0.1084924,-1.830679,0.8582749,1,-0.9585173,-0.03775761,0.2825223,0,-0.06004347,0.995693,-0.07064121,0,0.2786382,0.08467444,0.956656,0,-0.4530603,1.746024,-0.9197437,1,1.0,1.0,0.1436914,0.06819817,0.9872698,0.0003858954,-0.005146309,-0.0205204,69.27778,4349
25,0.2093323,0.0727547,0.9997783,0.0851928,0.05921145,0.9998074,0.1472631,0.06598327,0.9997928,-0.9585803,-0.06004591,0.2784217,0,-0.03772163,0.9956785,0.08486124,0,0.282314,-0.07084378,0.9567028,0,-0.1087239,-1.830843,0.8580567,1,-0.95858,-0.03772163,0.2823139,0,-0.06004589,0.9956785,-0.07084376,0,0.2784216,0.08486122,0.9567024,0,-0.4530567,1.746014,-0.9199145,1,1.0,1.0,0.1421462,0.06883951,0.987449,0.0003859028,-0.00514769,-0.02052024,69.28889,4350
25,0.2094011,0.07259854,0.9998091,0.0845944,0.05992749,0.9998183,0.1469979,0.06626284,0.9998136,-0.9586501,-0.05986034,0.2782208,0,-0.03746222,0.9956645,0.08513978,0,0.2821111,-0.0711965,0.9567364,0,-0.109237,-1.831061,0.8578522,1,-0.9586501,-0.03746221,0.282111,0,-0.05986033,0.9956645,-0.07119648,0,0.2782207,0.08513977,0.9567361,0,-0.4530002,1.745993,-0.9202862,1,1.0,1.0,0.1418901,0.06911297,0.9874668,0.0003857957,-0.005150246,-0.02051518,69.31111,4351
25,0.2120381,0.07250856,0.9998389,0.08457577,0.05924762,0.9998486,0.1483071,0.0658781,0.9998438,-0.9586631,-0.059993,0.2781478,0,-0.03759968,0.9956576,0.08516002,0,0.2820489,-0.0711815,0.9567559,0,-0.1089608,-1.831053,0.8579455,1,-0.9586628,-0.03759968,0.2820489,0,-0.05999299,0.9956576,-0.07118149,0,0.2781477,0.08516002,0.9567557,0,-0.4529426,1.745942,-0.920449,1,1.0,1.0,0.1431314,0.06872944,0.9873143,0.0003857426,-0.005152023,-0.02050991,69.32223,4352
25,0.2120185,0.07271469,0.9998206,0.08475938,0.05874343,0.9998239,0.148389,0.06572905,0.9998222,-0.9586778,-0.06063314,0.2779583,0,-0.03829613,0.995636,0.08510232,0,0.2819053,-0.07094097,0.9568162,0,-0.1077515,-1.831087,0.8583558,1,-0.9586775,-0.03829613,0.2819052,0,-0.06063313,0.995636,-0.07094096,0,0.2779582,0.08510231,0.9568158,0,-0.4529105,1.745922,-0.9208117,1,1.0,1.0,0.1432139,0.06858563,0.9873124,0.0003848188,-0.005151283,-0.020514,69.34444,4353
25,0.2122259,0.0728045,0.9996917,0.08557519,0.05893206,0.9997107,0.1489009,0.06586829,0.9997011,-0.9586934,-0.06097688,0.2778293,0,-0.03856643,0.9955975,0.08543035,0,0.2818154,-0.07118661,0.9568243,0,-0.1072967,-1.831385,0.8579924,1,-0.9586931,-0.03856642,0.2818154,0,-0.06097687,0.9955974,-0.0711866,0,0.2778292,0.08543033,0.9568241,0,-0.4529121,1.745885,-0.92108,1,1.0,1.0,0.1437143,0.06872214,0.9872301,0.0003847806,-0.005150101,-0.02051524,69.35556,4354
25,0.2126074,0.07320233,0.999761,0.08717519,0.05949906,0.9997808,0.1498916,0.0663507,0.9997709,-0.9586986,-0.06138066,0.2777221,0,-0.03897054,0.9955749,0.08551009,0,0.2817419,-0.07115541,0.9568484,0,-0.1065428,-1.831461,0.8581694,1,-0.9586985,-0.03897054,0.2817417,0,-0.06138065,0.9955748,-0.07115539,0,0.2777221,0.08551007,0.956848,0,-0.4528913,1.745822,-0.9214385,1,1.0,1.0,0.1446377,0.06917022,0.987064,0.0003851708,-0.00514843,-0.02051824,69.37778,4355
25,0.2128847,0.07335033,0.9997393,0.08723727,0.05951446,0.9997568,0.1500612,0.06643252,0.9997481,-0.9587452,-0.06120133,0.2776008,0,-0.03871422,0.9955617,0.08578011,0,0.2816186,-0.07149416,0.9568594,0,-0.1070228,-1.831662,0.8578708,1,-0.9587449,-0.03871422,0.2816185,0,-0.06120132,0.9955616,-0.07149415,0,0.2776008,0.0857801,0.9568591,0,-0.4528533,1.745801,-0.921675,1,1.0,1.0,0.1448007,0.06924769,0.9870347,0.0003846055,-0.005147751,-0.02052147,69.38889,4356
25,0.2126438,0.07326926,0.9997644,0.08721942,0.05871847,0.9997816,0.1499318,0.06599388,0.9997731,-0.9588014,-0.06090308,0.2774719,0,-0.03840625,0.9955711,0.08580828,0,0.281469,-0.07161644,0.956894,0,-0.1076534,-1.831616,0.8580002,1,-0.9588014,-0.03840624,0.2814691,0,-0.06090308,0.9955712,-0.07161645,0,0.2774719,0.08580829,0.9568942,0,-0.4528403,1.745746,-0.9218882,1,1.0,1.0,0.1446784,0.06882219,0.9870825,0.0003842469,-0.005144486,-0.02053,69.4,4357
25,0.213748,0.07290355,0.9997437,0.08744299,0.05880027,0.9997663,0.1505959,0.06585181,0.999755,-0.9589305,-0.06058963,0.2770948,0,-0.03798588,0.9955508,0.08623128,0,0.2810866,-0.0721641,0.9569656,0,-0.1086066,-1.831942,0.8575356,1,-0.9589302,-0.03798588,0.2810865,0,-0.06058961,0.9955507,-0.0721641,0,0.2770947,0.08623127,0.9569653,0,-0.4527614,1.745719,-0.9223044,1,1.0,1.0,0.1453098,0.0686771,0.9869998,0.0003847051,-0.005142166,-0.02053558,69.42223,4358
25,0.2137875,0.07298583,0.9997709,0.08745927,0.0585239,0.9997855,0.1506237,0.06575481,0.9997782,-0.9589574,-0.06058031,0.2770031,0,-0.03786452,0.9955202,0.08663605,0,0.2810106,-0.07259169,0.9569553,0,-0.1088049,-1.832302,0.8569627,1,-0.9589573,-0.03786453,0.2810106,0,-0.06058031,0.9955203,-0.0725917,0,0.277003,0.08663605,0.9569553,0,-0.452722,1.745731,-0.9225096,1,1.0,1.0,0.1453327,0.06857862,0.9870032,0.0003848346,-0.005139221,-0.02054328,69.43333,4359
25,0.2140761,0.07443909,0.9997069,0.08760324,0.05916979,0.9997342,0.1508401,0.06680463,0.9997205,-0.9591031,-0.06048167,0.2765203,0,-0.03773614,0.995506,0.0868545,0,0.2805307,-0.07286759,0.9570754,0,-0.109516,-1.832453,0.8569316,1,-0.9591029,-0.03773615,0.2805306,0,-0.06048167,0.995506,-0.07286758,0,0.2765202,0.08685449,0.9570749,0,-0.4528258,1.745657,-0.9229516,1,1.0,1.0,0.1455341,0.06958912,0.9869028,0.0003853003,-0.005138169,-0.02055004,69.45556,4360
25,0.2137223,0.07357341,0.9997196,0.08692384,0.05905829,0.9997668,0.1503238,0.06631617,0.9997431,-0.9592088,-0.06038508,0.2761738,0,-0.03760635,0.9954939,0.08704893,0,0.2801858,-0.07311221,0.9571575,0,-0.1100285,-1.832591,0.856702,1,-0.959209,-0.03760635,0.2801858,0,-0.06038507,0.9954939,-0.07311221,0,0.2761738,0.08704893,0.9571576,0,-0.4528002,1.74562,-0.9231552,1,1.0,1.0,0.1450465,0.06912176,0.9870074,0.0003855294,-0.005136986,-0.020552,69.46667,4361
25,0.2123142,0.07323024,0.9996599,0.08575931,0.05932987,0.9996968,0.1490373,0.06628019,0.9996784,-0.9593002,-0.06016537,0.2759048,0,-0.03732894,0.9954832,0.08729083,0,0.2799104,-0.07343888,0.9572132,0,-0.1108944,-1.832796,0.8564748,1,-0.9593001,-0.03732894,0.2799104,0,-0.06016536,0.9954833,-0.07343886,0,0.2759047,0.08729082,0.957213,0,-0.4529572,1.745616,-0.9233868,1,1.0,1.0,0.1438365,0.06910402,0.9871857,0.0003860779,-0.00513723,-0.02055196,69.47778,4362
25,0.2127008,0.07338211,0.999708,0.08525842,0.05942408,0.9997581,0.1489805,0.06640312,0.9997329,-0.959524,-0.05972979,0.27522,0,-0.03679858,0.9954629,0.08774678,0,0.2792124,-0.07406744,0.9573685,0,-0.1122997,-1.833161,0.8558821,1,-0.9595239,-0.03679858,0.2792124,0,-0.0597298,0.9954629,-0.07406744,0,0.27522,0.08774679,0.9573685,0,-0.4528045,1.745611,-0.9238167,1,1.0,1.0,0.1437736,0.06921978,0.9871868,0.0003864281,-0.005137596,-0.02055245,69.5,4363
25,0.2127572,0.07378253,0.9997271,0.08538988,0.05958432,0.9997689,0.1490741,0.0666835,0.9997479,-0.9596202,-0.05955993,0.2749213,0,-0.03655491,0.9954441,0.08806071,0,0.2789136,-0.07445511,0.9574255,0,-0.1129605,-1.833442,0.8554385,1,-0.9596201,-0.0365549,0.2789136,0,-0.05955993,0.9954441,-0.0744551,0,0.2749212,0.0880607,0.9574255,0,-0.4527771,1.74563,-0.9240215,1,1.0,1.0,0.1438572,0.0694875,0.9871559,0.0003863834,-0.005137665,-0.02055415,69.51112,4364
25,0.2144807,0.07443481,0.9997911,0.08572474,0.05939817,0.9997965,0.1501028,0.06691673,0.9997938,-0.959728,-0.05923575,0.2746154,0,-0.03614909,0.9954303,0.0883846,0,0.278596,-0.07489806,0.9574835,0,-0.1138117,-1.833612,0.8551635,1,-0.9597276,-0.03614908,0.2785959,0,-0.05923573,0.9954302,-0.07489805,0,0.2746153,0.08838458,0.9574833,0,-0.4526846,1.745535,-0.9244312,1,1.0,1.0,0.1448233,0.06969839,0.9869997,0.0003860099,-0.005137329,-0.02055468,69.53333,4365
25,0.2155298,0.07422385,0.9997261,0.08629361,0.05919676,0.9997619,0.1509123,0.0667105,0.9997438,-0.9598111,-0.05905212,0.2743637,0,-0.03590245,0.9954157,0.08864818,0,0.2783408,-0.07523518,0.9575312,0,-0.1144333,-1.833839,0.8548344,1,-0.9598111,-0.03590244,0.2783408,0,-0.05905212,0.9954157,-0.07523518,0,0.2743637,0.08864818,0.9575313,0,-0.452662,1.745545,-0.9246485,1,1.0,1.0,0.1455996,0.06949371,0.9868999,0.0003847741,-0.00513604,-0.02055864,69.54445,4366
25,0.2149361,0.07464594,0.9997095,0.08642101,0.05980991,0.9997407,0.1506791,0.06722794,0.9997251,-0.9598945,-0.05893041,0.2740985,0,-0.03568922,0.9953901,0.08902224,0,0.2780811,-0.07566959,0.9575727,0,-0.1147762,-1.834072,0.8545392,1,-0.9598942,-0.03568922,0.2780809,0,-0.05893039,0.99539,-0.07566956,0,0.2740984,0.08902222,0.9575723,0,-0.4524835,1.745448,-0.9251495,1,1.0,1.0,0.1453793,0.06999528,0.9868969,0.0003811037,-0.005135689,-0.02056198,69.56667,4367
25,0.2154078,0.07537989,0.9998133,0.08701918,0.06008691,0.9998161,0.1512135,0.06773335,0.9998148,-0.9599007,-0.058883,0.2740865,0,-0.03559415,0.995379,0.08918373,0,0.2780713,-0.07585164,0.9575609,0,-0.1147923,-1.83417,0.854415,1,-0.9599007,-0.03559415,0.2780713,0,-0.05888301,0.995379,-0.07585165,0,0.2740865,0.08918373,0.9575609,0,-0.4523742,1.745408,-0.9253587,1,1.0,1.0,0.1458687,0.07047007,0.9867909,0.0003800197,-0.005135689,-0.02056198,69.57778,4368
25,0.2146221,0.07534838,0.9997602,0.0882374,0.06006075,0.9997616,0.1514298,0.06770462,0.9997609,-0.9598893,-0.05900472,0.2741006,0,-0.035592,0.9953397,0.08962172,0,0.2781114,-0.07627113,0.957516,0,-0.1146618,-1.834548,0.8538312,1,-0.9598891,-0.035592,0.2781113,0,-0.05900473,0.9953398,-0.07627114,0,0.2741007,0.08962173,0.957516,0,-0.4523453,1.745396,-0.9255913,1,1.0,1.0,0.1460834,0.07044391,0.986761,0.0003776094,-0.005135689,-0.02056198,69.58889,4369
25,0.2167799,0.0756736,0.9998193,0.08752123,0.05991882,0.9998156,0.1521505,0.0677962,0.9998174,-0.9599024,-0.05886134,0.2740857,0,-0.03538561,0.9953288,0.08982469,0,0.2780925,-0.07652424,0.9575014,0,-0.1149074,-1.834646,0.8538014,1,-0.9599023,-0.0353856,0.2780925,0,-0.05886133,0.9953288,-0.07652422,0,0.2740856,0.08982467,0.957501,0,-0.4523042,1.745317,-0.9259557,1,1.0,1.0,0.1467612,0.07051855,0.9866551,0.0003722534,-0.005133294,-0.02056671,69.61111,4370
25,0.2169761,0.07639802,0.9997805,0.08702561,0.05991702,0.9997965,0.1520011,0.06815766,0.9997886,-0.9599309,-0.05891673,0.2739743,0,-0.03542362,0.9953185,0.08992338,0,0.2779897,-0.07661505,0.9575239,0,-0.1148911,-1.834732,0.8537878,1,-0.9599304,-0.03542361,0.2779896,0,-0.05891672,0.9953185,-0.07661505,0,0.2739742,0.08992337,0.9575238,0,-0.4522996,1.745297,-0.9261517,1,1.0,1.0,0.1466234,0.07086597,0.9866506,0.0003662333,-0.005130616,-0.02058502,69.62222,4371
25,0.2160963,0.07583722,0.9998574,0.08703092,0.06009472,0.9998482,0.1515634,0.06796584,0.9998527,-0.9599401,-0.05885614,0.2739547,0,-0.0353248,0.9953103,0.09005297,0,0.2779701,-0.07676805,0.9575173,0,-0.1150389,-1.834806,0.8538719,1,-0.9599399,-0.0353248,0.2779701,0,-0.05885614,0.9953103,-0.07676805,0,0.2739547,0.09005297,0.9575173,0,-0.4523422,1.745244,-0.9264743,1,1.0,1.0,0.1462032,0.07067885,0.9867265,0.0003640288,-0.0051288,-0.02059079,69.64445,4372
25,0.2137137,0.07572296,0.9997944,0.08711064,0.06070829,0.9998019,0.1504124,0.06821581,0.9997981,-0.9599591,-0.05878188,0.2739039,0,-0.03521902,0.9953038,0.09016674,0,0.2779177,-0.07690976,0.9575212,0,-0.1152875,-1.834869,0.8538411,1,-0.9599589,-0.03521901,0.2779177,0,-0.05878188,0.9953037,-0.07690975,0,0.2739038,0.09016673,0.957521,0,-0.4523987,1.745204,-0.9266497,1,1.0,1.0,0.145117,0.07090965,0.9868702,0.0003586197,-0.005106453,-0.02064355,69.65556,4373
25,0.213379,0.07601058,0.9998319,0.08680633,0.06048723,0.9998212,0.1500925,0.06824879,0.9998266,-0.9599303,-0.05893017,0.273973,0,-0.03524356,0.9952643,0.0905919,0,0.2780142,-0.07730611,0.9574612,0,-0.1151798,-1.835192,0.8534494,1,-0.9599302,-0.03524356,0.2780141,0,-0.05893017,0.9952642,-0.07730611,0,0.273973,0.09059189,0.9574611,0,-0.4525348,1.745126,-0.9269946,1,1.0,1.0,0.1448104,0.07094084,0.986913,0.0003573988,-0.005105286,-0.02064803,69.67778,4374
25,0.2132141,0.07533746,0.9997883,0.08722672,0.06121951,0.9998277,0.150221,0.06827851,0.9998081,-0.9600095,-0.05896282,0.2736885,0,-0.03520036,0.9952341,0.09093963,0,0.2777462,-0.07766895,0.9575096,0,-0.1155801,-1.835494,0.8528851,1,-0.9600093,-0.03520036,0.2777461,0,-0.05896281,0.9952341,-0.07766895,0,0.2736885,0.0909396,0.9575095,0,-0.4526087,1.745117,-0.9271047,1,1.0,1.0,0.1449341,0.07096621,0.986893,0.0003567506,-0.005101685,-0.02065594,69.68889,4375
25,0.2131914,0.07478139,0.9997953,0.0717054,0.0393477,0.999803,0.1424485,0.05706461,0.9997991,-0.9600123,-0.05892212,0.2736874,0,-0.03507823,0.9952132,0.09121555,0,0.2777519,-0.07796757,0.9574838,0,-0.1159306,-1.83567,0.8525665,1,-0.960012,-0.03507822,0.2777518,0,-0.05892211,0.9952132,-0.07796756,0,0.2736873,0.09121554,0.9574835,0,-0.452793,1.745049,-0.9272412,1,1.0,1.0,0.1376007,0.05989644,0.9886751,0.0003130492,-0.004805909,-0.02145914,69.7,4376
25,0.213048,0.07498896,0.9997879,0.07168412,0.04124005,0.9998109,0.1423666,0.05811476,0.9997993,-0.9600581,-0.05915222,0.2734773,0,-0.03518902,0.9951631,0.09171734,0,0.2775798,-0.07843056,0.9574959,0,-0.1158054,-1.836193,0.8519269,1,-0.9600578,-0.03518901,0.2775797,0,-0.0591522,0.9951631,-0.07843054,0,0.2734772,0.09171732,0.9574956,0,-0.4527773,1.7451,-0.9275846,1,1.0,1.0,0.1375129,0.06090577,0.9886257,0.0003121411,-0.004802773,-0.02147554,69.72222,4377
25,0.2130252,0.07468689,0.9999484,0.07168427,0.04168756,0.9999415,0.1423545,0.05818705,0.9999449,-0.9600214,-0.05948771,0.273533,0,-0.03551501,0.9951462,0.09177614,0,0.2776648,-0.07839253,0.9574742,0,-0.1149613,-1.836233,0.85189,1,-0.9600214,-0.035515,0.2776648,0,-0.05948771,0.9951462,-0.07839252,0,0.2735329,0.09177613,0.9574741,0,-0.4526185,1.745054,-0.9276888,1,1.0,1.0,0.1374804,0.06096389,0.9886266,0.0003120955,-0.00480053,-0.02148495,69.73334,4378
25,0.2128882,0.0751817,0.9999617,0.07177004,0.04064392,0.9999086,0.1423281,0.05791246,0.9999352,-0.9598379,-0.06058662,0.2739357,0,-0.03655817,0.9950887,0.09198929,0,0.2781636,-0.0782802,0.9573387,0,-0.1126662,-1.836456,0.8517797,1,-0.9598376,-0.03655817,0.2781636,0,-0.06058661,0.9950887,-0.0782802,0,0.2739356,0.09198928,0.9573385,0,-0.4527386,1.744963,-0.92786,1,1.0,1.0,0.1374593,0.06069442,0.9886461,0.0003101807,-0.00479512,-0.02149758,69.75555,4379
25,0.2130142,0.07556249,0.9999024,0.07148162,0.03996395,0.9998969,0.1422478,0.05776303,0.9998996,-0.9598016,-0.06096282,0.2739792,0,-0.03693306,0.9950712,0.09202862,0,0.2782392,-0.07821031,0.9573225,0,-0.1119494,-1.83653,0.8518209,1,-0.9598014,-0.03693307,0.2782391,0,-0.06096281,0.9950712,-0.07821031,0,0.2739792,0.09202861,0.9573222,0,-0.4527904,1.744951,-0.927954,1,1.0,1.0,0.1373874,0.0605462,0.9886652,0.0003094487,-0.004789238,-0.02151364,69.76667,4380
25,0.2129177,0.0749872,0.9998702,0.07065505,0.03956562,0.9998574,0.1417861,0.05727634,0.9998637,-0.9597596,-0.06093118,0.2741339,0,-0.03677555,0.9950414,0.09241243,0,0.2784054,-0.07861228,0.9572413,0,-0.1121317,-1.83685,0.851287,1,-0.9597591,-0.03677554,0.2784052,0,-0.06093117,0.9950414,-0.07861227,0,0.2741338,0.09241242,0.957241,0,-0.4529073,1.744949,-0.9280677,1,1.0,1.0,0.1369558,0.060073,0.988754,0.0003082734,-0.004780876,-0.02153431,69.77778,4381
25,0.2129703,0.07520581,0.9999478,0.07097965,0.03983907,0.9999171,0.1419743,0.05752219,0.9999326,-0.9596698,-0.06053087,0.274536,0,-0.03621199,0.9950256,0.09280468,0,0.2787879,-0.07912035,0.957088,0,-0.1127472,-1.837093,0.8509086,1,-0.9596697,-0.03621199,0.2787878,0,-0.06053087,0.9950256,-0.07912034,0,0.274536,0.09280467,0.9570879,0,-0.4530059,1.744903,-0.9283132,1,1.0,1.0,0.1371227,0.06030175,0.9887169,0.0003080824,-0.004777764,-0.02154471,69.8,4382
25,0.2128932,0.07519725,0.9999613,0.07073992,0.03911572,0.9999114,0.1418156,0.05715591,0.9999365,-0.9595723,-0.06046813,0.2748903,0,-0.0360854,0.9950203,0.0929115,0,0.2791396,-0.07923576,0.9569758,0,-0.1126039,-1.837131,0.8508902,1,-0.9595721,-0.03608539,0.2791396,0,-0.06046813,0.9950202,-0.07923577,0,0.2748903,0.0929115,0.9569759,0,-0.4530409,1.744862,-0.9284157,1,1.0,1.0,0.1369716,0.05993777,0.98876,0.0003074417,-0.004767387,-0.02157035,69.81111,4383
25,0.2127167,0.07535469,0.9999794,0.07041028,0.03845292,0.9999491,0.1415629,0.05690342,0.9999643,-0.9594377,-0.06047674,0.2753576,0,-0.03613919,0.9950454,0.09262066,0,0.2795947,-0.07891256,0.9568697,0,-0.112197,-1.836989,0.8516968,1,-0.9594377,-0.03613919,0.2795947,0,-0.06047674,0.9950454,-0.07891256,0,0.2753575,0.09262066,0.9568697,0,-0.4532623,1.744948,-0.9285547,1,1.0,1.0,0.1367279,0.05968824,0.9888088,0.0003067246,-0.004761757,-0.02159275,69.83334,4384
25,0.2125041,0.0740996,1.000064,0.06994268,0.0386578,1.000019,0.1412224,0.05637836,1.000041,-0.9593624,-0.06058773,0.2755958,0,-0.03633621,0.9950708,0.09227093,0,0.2798278,-0.07850714,0.9568349,0,-0.1116498,-1.836709,0.8523935,1,-0.9593623,-0.03633622,0.2798278,0,-0.06058773,0.9950707,-0.07850715,0,0.2755958,0.09227093,0.9568349,0,-0.4533108,1.744947,-0.9285519,1,1.0,1.0,0.1363986,0.05917933,0.9888849,0.000307099,-0.00476075,-0.02158958,69.84444,4385
25,0.2115943,0.07461045,0.9999635,0.06825036,0.03806357,0.9999523,0.1399221,0.05633695,0.999958,-0.9593389,-0.06046248,0.2757055,0,-0.03627481,0.9950976,0.09200485,0,0.2799168,-0.07826266,0.9568291,0,-0.1116962,-1.83657,0.8530151,1,-0.9593386,-0.0362748,0.2799166,0,-0.06046248,0.9950977,-0.07826264,0,0.2757054,0.09200485,0.9568288,0,-0.4533789,1.745033,-0.9286585,1,1.0,1.0,0.1351772,0.0591621,0.9890535,0.0003073653,-0.004767685,-0.02156382,69.86667,4386
25,0.2120116,0.07394192,0.9999458,0.06755772,0.03935495,0.9999615,0.139785,0.05664868,0.9999536,-0.9593794,-0.06043715,0.2755699,0,-0.03631628,0.9951138,0.09181248,0,0.2797723,-0.07807532,0.9568865,0,-0.1116585,-1.836463,0.8533784,1,-0.9593792,-0.03631629,0.2797722,0,-0.06043713,0.9951138,-0.07807531,0,0.2755698,0.09181247,0.9568864,0,-0.4532787,1.745084,-0.9287296,1,1.0,1.0,0.1350438,0.05947002,0.9890533,0.0003100578,-0.004773003,-0.02155267,69.87778,4387
25,0.2109584,0.07368775,0.9999228,0.06617963,0.03924355,0.9999406,0.1385695,0.05646578,0.9999316,-0.9594016,-0.060659,0.2754439,0,-0.03657124,0.995109,0.09176394,0,0.279663,-0.07796513,0.9569275,0,-0.1113411,-1.836477,0.8534964,1,-0.9594012,-0.03657124,0.2796629,0,-0.06065898,0.995109,-0.07796512,0,0.2754437,0.09176392,0.9569272,0,-0.4533099,1.745102,-0.9287771,1,1.0,1.0,0.1338929,0.05930978,0.9892195,0.0003115609,-0.004778069,-0.02153522,69.88889,4388
25,0.2115569,0.073724,0.9999459,0.06659541,0.04088763,0.9999692,0.1390768,0.05730607,0.9999576,-0.9594694,-0.06085592,0.2751636,0,-0.03678256,0.995096,0.0918208,0,0.279402,-0.07797802,0.9570025,0,-0.1110742,-1.836554,0.8533542,1,-0.9594693,-0.03678255,0.2794021,0,-0.06085592,0.995096,-0.07797804,0,0.2751637,0.09182081,0.9570027,0,-0.4531495,1.745106,-0.9288388,1,1.0,1.0,0.1343574,0.06012907,0.989107,0.0003219368,-0.004791123,-0.02152171,69.91111,4389
