flag,xl,yl,zl,xr,yr,zr,xc,yc,zc,mat_00,mat_10,mat_20,mat_30,mat_01,mat_11,mat_21,mat_31,mat_02,mat_12,mat_22,mat_32,mat_03,mat_13,mat_23,mat_33,ctw_00,ctw_10,ctw_20,ctw_30,ctw_01,ctw_11,ctw_21,ctw_31,ctw_02,ctw_12,ctw_22,ctw_32,ctw_03,ctw_13,ctw_23,ctw_33,opennessl,opennessr,ray_x,ray_y,ray_z,eye_x,eye_y,eye_z,time,frame
0,-0.1606024,0.1171331,1,-0.1627954,0.1301515,1,-0.161699,0.1236423,1,-0.7783337,-0.01125762,0.6277501,0,0.03568475,0.9974298,0.06213193,0,0.6268361,-0.07076047,0.7759315,0,0.5762839,-1.739253,0.5649758,1,-0.7783335,0.03568474,0.6268359,0,-0.01125761,0.9974298,-0.07076046,0,0.62775,0.06213193,0.7759313,0,0.07429771,1.679115,-0.9226882,1,0,0,-0.1587574,0.1291257,0.9788374,0.003619012,-0.01082009,-0.01928926,0,1
0,-0.1605907,0.1176346,1,-0.1630174,0.1289604,1,-0.1618041,0.1232975,1,-0.7783337,-0.01125762,0.6277501,0,0.03568475,0.9974298,0.06213193,0,0.6268361,-0.07076047,0.7759315,0,0.5762839,-1.739253,0.5649758,1,-0.7783335,0.03568474,0.6268359,0,-0.01125761,0.9974298,-0.07076046,0,0.62775,0.06213193,0.7759313,0,0.07429771,1.679115,-0.9226882,1,0.1030694,0,-0.158864,0.1287922,0.978864,0.003621438,-0.01081474,-0.01929552,0.01111111,2
0,-0.1507708,0.1030805,1.000125,-0.1469775,0.1180467,1.000107,-0.1488739,0.1105636,1.000116,-0.7793996,-0.01115992,0.6264279,0,0.03635933,0.9973506,0.06300616,0,0.6254714,-0.07188346,0.7769289,0,0.5740637,-1.74009,0.5645736,1,-0.7793995,0.03635933,0.6254712,0,-0.01115993,0.9973506,-0.07188346,0,0.6264278,0.06300616,0.7769288,0,0.07434098,1.679036,-0.9227776,1,0.6929025,0.6670746,-0.1468623,0.1168676,0.9822288,0.003578858,-0.01075338,-0.01950478,0.02222222,3
0,-0.1507482,0.1030663,1,-0.1469654,0.1180328,1,-0.1488568,0.1105497,1,-0.7793996,-0.01115992,0.6264279,0,0.03635933,0.9973506,0.06300616,0,0.6254714,-0.07188346,0.7769289,0,0.5740637,-1.74009,0.5645736,1,-0.7793995,0.03635933,0.6254712,0,-0.01115993,0.9973506,-0.07188346,0,0.6264278,0.06300616,0.7769288,0,0.07434098,1.679036,-0.9227776,1,0.6929025,0.6670746,-0.1468623,0.1168676,0.9822288,0.003578858,-0.01075338,-0.01950478,0.03333334,4
0,-0.1507537,0.1040169,0.995673,-0.1422366,0.1130222,0.9952664,-0.1464879,0.1085207,0.9954697,-0.7885817,-0.01754085,0.6146801,0,0.05184834,0.994137,0.09488621,0,0.6127406,-0.1066957,0.7830487,0,0.5445665,-1.76471,0.5216125,1,-0.7885813,0.05184834,0.6127405,0,-0.01754085,0.994137,-0.1066956,0,0.6146799,0.09488621,0.7830486,0,0.07785571,1.676635,-0.9304127,1,0.6929025,0.6670746,-0.145278,0.1154577,0.9826311,0.003575584,-0.01074034,-0.01952936,0.3555556,5
0,-0.1526432,0.103243,1.002666,-0.1418331,0.1145805,1.002618,-0.1472375,0.1089118,1.002642,-0.7944531,-0.01618016,0.6071101,0,0.04882993,0.994707,0.09040798,0,0.6053596,-0.10147,0.789458,0,0.5440462,-1.761265,0.5350684,1,-0.7944528,0.04882991,0.6053593,0,-0.01618016,0.994707,-0.10147,0,0.60711,0.09040798,0.7894578,0,0.0788761,1.677002,-0.9304729,1,0.6689555,0.5967758,-0.144991,0.1150362,0.9827229,0.003573593,-0.01074237,-0.01952966,0.3888889,6
0,-0.1521467,0.1033304,0.9999627,-0.1415903,0.1157427,0.9999695,-0.1468684,0.1095365,0.999966,-0.7941622,-0.01612837,0.6074921,0,0.04882564,0.9947227,0.09023776,0,0.6057415,-0.1013246,0.7891836,0,0.5444252,-1.761109,0.5350487,1,-0.7941619,0.04882562,0.6057414,0,-0.01612836,0.9947227,-0.1013246,0,0.6074919,0.09023774,0.7891834,0,0.07892023,1.676952,-0.930476,1,0.6913328,0.6620281,-0.1449959,0.1159269,0.9826176,0.003569869,-0.01074196,-0.01953484,0.4,7
0,-0.1303651,0.104921,1.000016,-0.1105494,0.09706543,1.000034,-0.1204578,0.1009934,1.000025,-0.7931947,-0.01568827,0.6087662,0,0.0493144,0.9947301,0.08988921,0,0.6069683,-0.1013206,0.7882409,0,0.5449585,-1.761145,0.5345309,1,-0.7931944,0.0493144,0.6069682,0,-0.01568827,0.9947301,-0.1013206,0,0.6087661,0.08988921,0.7882408,0,0.07922443,1.676941,-0.9305517,1,0.7149439,0.6217903,-0.1199129,0.1079474,0.9868983,0.003483047,-0.01058099,-0.02002529,0.4222222,8
0,-0.05276763,0.08115079,0.9998897,-0.04225525,0.08680921,0.9998944,-0.04751152,0.08398012,0.999892,-0.7929044,-0.01576094,0.6091426,0,0.04929961,0.994729,0.08990955,0,0.6073489,-0.1013201,0.7879479,0,0.5451708,-1.761035,0.5342764,1,-0.792904,0.04929959,0.6073486,0,-0.01576093,0.994729,-0.1013201,0,0.6091424,0.08990953,0.7879477,0,0.0790621,1.676839,-0.9305189,1,0.7287105,0.6183109,-0.04931277,0.09230343,0.9945092,0.003068984,-0.01069711,-0.02018701,0.4333333,9
0,0.01678988,0.0404314,0.9999753,0.002568901,0.07300107,0.9999578,0.009679615,0.05671641,0.9999666,-0.7926716,-0.01582661,0.6094434,0,0.04953096,0.9946864,0.09025332,0,0.6076335,-0.1017276,0.7876757,0,0.5451086,-1.761339,0.5334396,1,-0.7926716,0.04953096,0.6076335,0,-0.01582661,0.9946864,-0.1017276,0,0.6094434,0.09025333,0.7876757,0,0.07911478,1.676836,-0.9305804,1,0.5991613,0.6838078,0.006736232,0.06595834,0.9977996,0.002790483,-0.01073923,-0.0204804,0.4444444,10
0,0.02128169,0.03113338,1.000071,-0.01153964,0.06771713,1.000049,0.00487119,0.04942542,1.00006,-0.7922558,-0.01574564,0.6099859,0,0.05008246,0.9946162,0.09072174,0,0.6081303,-0.1024244,0.7872019,0,0.5446432,-1.76191,0.532154,1,-0.7922561,0.05008245,0.6081302,0,-0.01574563,0.9946162,-0.1024244,0,0.6099859,0.09072174,0.7872018,0,0.07914804,1.676869,-0.9305891,1,0.8152492,0.5760425,0.002033284,0.05885656,0.9982644,0.002792252,-0.01074693,-0.02050843,0.4666667,11
0,0.0195342,-0.01635817,1.000062,-0.03720188,0.02299024,1.000053,-0.008833826,0.003316164,1.000057,-0.7921692,-0.01568528,0.6100999,0,0.05018711,0.9946097,0.090735,0,0.6082345,-0.1024966,0.787112,0,0.5445784,-1.761917,0.5319803,1,-0.7921692,0.05018711,0.6082344,0,-0.01568528,0.9946097,-0.1024966,0,0.6100999,0.090735,0.7871119,0,0.07920092,1.67682,-0.93055,1,0.8352467,0.548633,-0.01140322,0.01387389,0.9998387,0.002807313,-0.01084756,-0.02064965,0.4777778,12
0,0.02002123,-0.01474329,1.000146,-0.03709042,0.01552527,0.9998767,-0.008534372,0.0003931373,1.000011,-0.7898486,-0.0163634,0.6130837,0,0.05100746,0.994428,0.09225558,0,0.6111771,-0.1041398,0.784613,0,0.5456026,-1.762997,0.5268338,1,-0.7898485,0.05100746,0.6111771,0,-0.01636339,0.9944281,-0.1041398,0,0.6130835,0.09225558,0.7846128,0,0.07910167,1.67674,-0.9304185,1,0.8521813,0.554601,-0.01111234,0.01100691,0.9998778,0.002808983,-0.01084316,-0.02065919,0.6444445,13
0,0.01979056,-0.01470814,1.000037,-0.03684282,0.01478416,1.000009,-0.008526057,3.817677E-05,1.000023,-0.7892494,-0.01698503,0.6138379,0,0.05103845,0.9943443,0.09313702,0,0.6119482,-0.1048377,0.7839187,0,0.546252,-1.763347,0.5246613,1,-0.7892494,0.05103844,0.6119481,0,-0.01698503,0.9943444,-0.1048377,0,0.6138378,0.09313702,0.7839187,0,0.07912155,1.676629,-0.9304348,1,0.8433642,0.5199658,-0.01110498,0.0106562,0.9998816,0.002809783,-0.0108401,-0.0206614,0.6666667,14
0,0.01772165,-0.01569575,0.99989,-0.03668824,0.01301124,0.999782,-0.009483099,-0.001341544,0.9998361,-0.7880912,-0.01821218,0.6152893,0,0.05113237,0.9941709,0.09491955,0,0.6134314,-0.1062664,0.7825661,0,0.5472178,-1.764197,0.5204969,1,-0.788091,0.05113235,0.6134312,0,-0.01821217,0.9941708,-0.1062664,0,0.6152892,0.09491954,0.7825659,0,0.07887143,1.676528,-0.9304786,1,0.8508283,0.5641416,-0.01204494,0.009297756,0.9998842,0.002810272,-0.01083096,-0.02066969,0.6888889,15
0,0.01733246,-0.01600004,0.9999666,-0.03624067,0.01191659,0.9999092,-0.009454012,-0.002041362,0.999938,-0.7876363,-0.01849994,0.6158628,0,0.05133223,0.9941039,0.09551151,0,0.6139986,-0.1068419,0.7820427,0,0.5473297,-1.764501,0.5190295,1,-0.7876363,0.05133222,0.6139984,0,-0.01849994,0.9941038,-0.1068419,0,0.6158627,0.0955115,0.7820425,0,0.07880258,1.676429,-0.9304855,1,0.8508283,0.5641416,-0.01201502,0.00860351,0.9998908,0.002810059,-0.0108236,-0.02067326,0.7,16
0,0.01727301,-0.01539691,0.9998919,-0.0356645,0.01073544,0.9998304,-0.009195685,-0.002330258,0.9998611,-0.787187,-0.01918485,0.6164161,0,0.05122707,0.9940278,0.09635626,0,0.6145834,-0.1074276,0.781503,0,0.5479088,-1.764784,0.5172028,1,-0.7871867,0.05122704,0.6145831,0,-0.01918485,0.9940278,-0.1074276,0,0.6164159,0.09635624,0.7815027,0,0.0786374,1.676341,-0.9305173,1,0.8525186,0.5325214,-0.01176359,0.008314344,0.9998963,0.002811066,-0.01081609,-0.02067715,0.7111111,17
0,0.002114594,-0.01104926,0.9997733,-0.05601835,-0.01209699,0.9997256,-0.02695179,-0.01157301,0.9997494,-0.7863042,-0.02029109,0.6175064,0,0.05120804,0.9938814,0.09786461,0,0.615714,-0.1085726,0.7804542,0,0.5487332,-1.765352,0.5139652,1,-0.7863041,0.05120801,0.6157137,0,-0.02029108,0.9938814,-0.1085726,0,0.6175063,0.09786459,0.7804538,0,0.07827348,1.676152,-0.9306574,1,0.8582581,0.5365031,-0.02928415,-0.0005801725,0.9995709,0.002940742,-0.01098073,-0.02058182,0.7333333,18
0,-0.007220149,-0.03497205,0.9999571,-0.05969954,-0.009739012,0.9998891,-0.03345969,-0.02235518,0.9999231,-0.7858106,-0.02095146,0.6181122,0,0.05126426,0.9937802,0.09885769,0,0.6163388,-0.1093705,0.7798489,0,0.549108,-1.765814,0.5117646,1,-0.7858106,0.05126426,0.6163389,0,-0.02095144,0.9937803,-0.1093705,0,0.6181122,0.09885769,0.779849,0,0.07817068,1.676089,-0.9306636,1,0.8415089,0.5349829,-0.03564739,-0.01107668,0.9993031,0.002940522,-0.01104464,-0.02048094,0.7444445,19
0,-0.005341411,-0.03690998,0.9999726,-0.05982822,-0.01189359,0.9999095,-0.03258461,-0.02440138,0.999941,-0.7848859,-0.02240867,0.6192353,0,0.05117645,0.9935874,0.1008222,0,0.6175237,-0.1108241,0.778706,0,0.5502207,-1.766664,0.5074452,1,-0.7848856,0.05117643,0.6175234,0,-0.02240865,0.9935874,-0.1108241,0,0.6192351,0.1008222,0.7787057,0,0.0780439,1.676015,-0.9307136,1,0.807261,0.4040413,-0.0347909,-0.01309057,0.9993089,0.002941017,-0.01103479,-0.02048055,0.7666667,20
0,-0.0007108748,-0.02847899,1.000127,-0.0574047,-0.0130822,1.000055,-0.02905756,-0.02078031,1.000091,-0.7843113,-0.02333732,0.6199284,0,0.05114564,0.9934578,0.1021066,0,0.6182556,-0.11179,0.7779865,0,0.5508945,-1.767118,0.5044806,1,-0.7843112,0.05114565,0.6182556,0,-0.02333732,0.9934578,-0.11179,0,0.6199283,0.1021065,0.7779865,0,0.07809117,1.67587,-0.9306187,1,0.818859,0.4808295,-0.03134632,-0.009564925,0.9994628,0.002952881,-0.01101277,-0.02055421,0.7777778,21
0,-0.0006735921,-0.02761605,1.000037,-0.05718392,-0.01364127,0.9999715,-0.02892852,-0.02062843,1.000004,-0.7837586,-0.024086,0.6205986,0,0.05116399,0.9933472,0.1031681,0,0.6189548,-0.1126112,0.777312,0,0.5514174,-1.76748,0.5020158,1,-0.7837583,0.05116396,0.6189545,0,-0.02408599,0.9933471,-0.1126112,0,0.6205984,0.1031681,0.7773119,0,0.07805626,1.675717,-0.9305632,1,0.8221419,0.4666463,-0.0312243,-0.009418865,0.999468,0.002954384,-0.01101112,-0.02055005,0.7888889,22
0,-0.0006834567,-0.02608132,0.9999398,-0.05744529,-0.01402971,0.9998679,-0.02906412,-0.02005535,0.9999039,-0.7824827,-0.026016,0.6221287,0,0.05122006,0.9930515,0.1059492,0,0.6205622,-0.1147689,0.7757131,0,0.5525259,-1.768548,0.4958935,1,-0.7824826,0.05122004,0.6205621,0,-0.02601598,0.9930515,-0.1147689,0,0.6221285,0.1059492,0.775713,0,0.07782185,1.675419,-0.930522,1,0.8268668,0.4718688,-0.03136098,-0.008860278,0.9994688,0.002954887,-0.01100907,-0.02054506,0.8111112,23
0,-0.001416206,-0.0233769,0.9999746,-0.05738384,-0.01480302,0.999909,-0.02939996,-0.01908979,0.9999418,-0.7818847,-0.02685362,0.6228447,0,0.0513419,0.9929044,0.1072603,0,0.6213056,-0.1158432,0.7749581,0,0.5529302,-1.769088,0.4929966,1,-0.7818844,0.05134189,0.6213054,0,-0.02685362,0.9929045,-0.1158432,0,0.6228445,0.1072603,0.7749578,0,0.07776095,1.675268,-0.9305269,1,0.831414,0.4632448,-0.03168955,-0.007919286,0.9994664,0.002956107,-0.01100407,-0.02054368,0.8222222,24
0,-0.002819747,-0.02195438,0.9999672,-0.05993599,-0.01517113,0.9999121,-0.0313777,-0.01856264,0.9999396,-0.7808831,-0.02867315,0.6240191,0,0.05138228,0.9926127,0.1099083,0,0.6225607,-0.117889,0.7736412,0,0.5536858,-1.770091,0.487476,1,-0.7808828,0.05138227,0.6225606,0,-0.02867314,0.9926127,-0.117889,0,0.6240189,0.1099083,0.7736409,0,0.07741543,1.674988,-0.9305086,1,0.831414,0.4632448,-0.03362662,-0.007406685,0.9994071,0.002957923,-0.01100049,-0.02054603,0.8444445,25
0,-0.003669739,-0.01884577,0.9997919,-0.05985218,-0.01536892,0.999745,-0.03176084,-0.01710722,0.9997684,-0.780411,-0.02947057,0.624572,0,0.05145031,0.9924745,0.111118,0,0.6231465,-0.1188521,0.7730217,0,0.5538719,-1.770542,0.4850613,1,-0.7804109,0.05145032,0.6231465,0,-0.02947058,0.9924745,-0.1188521,0,0.624572,0.111118,0.7730218,0,0.07711309,1.674822,-0.9305389,1,0.8421327,0.4727628,-0.03400841,-0.005985166,0.9994036,0.002958816,-0.01099738,-0.02054649,0.8555556,26
0,-0.004263878,-0.01414555,0.9999594,-0.06200719,-0.01161148,0.9999074,-0.03313553,-0.01287852,0.9999333,-0.7798829,-0.03041046,0.6251862,0,0.05143669,0.9923271,0.1124333,0,0.6238084,-0.1198423,0.7723347,0,0.5543284,-1.771028,0.4822297,1,-0.7798829,0.0514367,0.6238084,0,-0.03041047,0.992327,-0.1198423,0,0.6251863,0.1124332,0.7723348,0,0.0769701,1.674708,-0.9304816,1,0.8556936,0.5158865,-0.03535,-0.001849211,0.9993733,0.002961136,-0.01099036,-0.02054717,0.8666667,27
0,-0.005665958,-0.01620081,1.000019,-0.06061459,-0.01502526,0.999964,-0.03314024,-0.01561303,0.9999915,-0.7788467,-0.03270302,0.6263611,0,0.051406,0.9919518,0.1157115,0,0.6251042,-0.1223203,0.7708973,0,0.5554203,-1.7724,0.4755048,1,-0.7788467,0.05140599,0.6251041,0,-0.03270302,0.9919517,-0.1223203,0,0.6263612,0.1157115,0.7708973,0,0.07678667,1.674562,-0.9305613,1,0.823723,0.4593711,-0.0353597,-0.004549164,0.9993643,0.002968788,-0.0109676,-0.02054717,0.8888889,28
0,-0.007452399,-0.01388813,0.9999652,-0.05865741,-0.01742559,0.9999341,-0.03305489,-0.01565679,0.9999498,-0.7783722,-0.0341404,0.6268741,0,0.05130385,0.9917215,0.117713,0,0.6257034,-0.1237856,0.7701769,0,0.556012,-1.773055,0.4715041,1,-0.7783721,0.05130384,0.6257033,0,-0.03414042,0.9917215,-0.1237856,0,0.6268742,0.117713,0.7701769,0,0.07667767,1.674349,-0.9305189,1,0.8524997,0.5218761,-0.03528658,-0.004622053,0.9993665,0.002978638,-0.01093684,-0.02057407,0.9,29
0,-0.007008612,-0.009336293,0.999917,-0.05776596,-0.02026822,0.9999179,-0.0323872,-0.01480232,0.9999175,-0.7775077,-0.03727143,0.6277682,0,0.05142507,0.9911308,0.1225361,0,0.6267675,-0.1275557,0.7686952,0,0.5566022,-1.774888,0.4622441,1,-0.7775075,0.05142505,0.6267673,0,-0.0372714,0.9911309,-0.1275557,0,0.627768,0.1225361,0.7686949,0,0.07642784,1.673882,-0.9305818,1,0.8314568,0.4731505,-0.03463875,-0.003800308,0.9993926,0.002983024,-0.01092146,-0.0205771,0.9222223,30
0,0.005946368,-0.004446633,0.9999664,-0.05779314,-0.01727588,0.9999641,-0.02592328,-0.01086133,0.9999652,-0.7771523,-0.03892176,0.628108,0,0.05148304,0.990808,0.1250966,0,0.6272033,-0.129556,0.7680048,0,0.5570038,-1.775974,0.4573421,1,-0.7771522,0.05148304,0.6272032,0,-0.03892175,0.990808,-0.129556,0,0.6281078,0.1250966,0.7680047,0,0.07649253,1.673761,-0.9306836,1,0.8119678,0.4652877,-0.02828897,6.846094E-05,0.9995998,0.002959649,-0.01093131,-0.0206312,0.9333333,31
0,0.01609498,-0.04231229,1.000089,-0.05766988,-0.0168555,0.9999978,-0.02078766,-0.02958323,1.000043,-0.7766079,-0.04257883,0.6285442,0,0.05149794,0.9900836,0.1306994,0,0.6278763,-0.1338708,0.766714,0,0.5574827,-1.778065,0.4468402,1,-0.7766075,0.05149793,0.627876,0,-0.04257882,0.9900837,-0.1338708,0,0.6285439,0.1306993,0.7667137,0,0.07637864,1.673323,-0.9306595,1,0.8438798,0.4933664,-0.02323374,-0.01819252,0.9995645,0.002933144,-0.01100974,-0.02048927,0.9555556,32
0,0.008102119,-0.0415595,1.000052,-0.05755866,-0.01691784,0.9999262,-0.02472848,-0.02923783,0.9999892,-0.7761352,-0.04475198,0.6289766,0,0.05134911,0.9896799,0.1337792,0,0.6284725,-0.1361281,0.7658275,0,0.5582027,-1.779062,0.4409199,1,-0.776135,0.0513491,0.6284723,0,-0.04475196,0.98968,-0.1361281,0,0.6289765,0.1337792,0.7658272,0,0.07629589,1.673053,-0.9306638,1,0.7987487,0.4500398,-0.02709908,-0.01785691,0.9994732,0.002940238,-0.01100579,-0.02049089,0.9666667,33
0,0.007937968,-0.03244638,0.9999949,-0.05597097,-0.02071308,0.9999166,-0.0240165,-0.02657961,0.9999557,-0.7755426,-0.04912357,0.6293812,0,0.05150184,0.9887214,0.1406324,0,0.629191,-0.1414807,0.7642657,0,0.5586163,-1.781508,0.4281596,1,-0.7755424,0.05150184,0.629191,0,-0.04912357,0.9887214,-0.1414807,0,0.6293811,0.1406324,0.7642656,0,0.07624116,1.672432,-0.930753,1,0.8274436,0.4852905,-0.02640448,-0.01525989,0.9995348,0.002940238,-0.01100104,-0.02049266,0.9888889,34
0,0.005824924,-0.03118021,0.9999797,-0.0435468,-0.01091689,0.9998844,-0.01886055,-0.02104796,0.9999321,-0.7751609,-0.05113497,0.6296911,0,0.05161486,0.988261,0.1437919,0,0.629652,-0.1439633,0.7634219,0,0.5587721,-1.782574,0.4221974,1,-0.7751607,0.05161485,0.6296519,0,-0.05113497,0.9882609,-0.1439633,0,0.6296911,0.1437919,0.7634219,0,0.07613238,1.672099,-0.9307718,1,0.8274436,0.4852905,-0.02134189,-0.009804714,0.9997241,0.002923028,-0.01104063,-0.02049302,1,35
0,0.005657226,-0.02151006,0.9998888,-0.04393721,-0.0112122,0.9998327,-0.01913995,-0.01636111,0.9998608,-0.7749031,-0.05334902,0.6298248,0,0.05164617,0.987756,0.1472102,0,0.6299667,-0.1466016,0.7626598,0,0.5589396,-1.783757,0.4159578,1,-0.7749029,0.05164619,0.6299667,0,-0.05334904,0.987756,-0.1466016,0,0.6298248,0.1472101,0.7626598,0,0.07598171,1.671816,-0.9308493,1,0.8226098,0.4792471,-0.02161554,-0.005226962,0.9997526,0.002921791,-0.01102648,-0.02053919,1.011111,36
0,0.008127332,-0.01413658,0.9997973,-0.04323822,-0.01132102,0.9997478,-0.01755527,-0.01272874,0.9997728,-0.7741365,-0.0576485,0.6303882,0,0.051861,0.9867211,0.1539218,0,0.6308907,-0.1518491,0.7608671,0,0.5592453,-1.785946,0.4034822,1,-0.7741366,0.051861,0.6308907,0,-0.05764849,0.9867211,-0.151849,0,0.6303881,0.1539218,0.7608671,0,0.07562476,1.671123,-0.9310133,1,0.8347477,0.492465,-0.02008026,-0.00173502,0.9997969,0.00293795,-0.01095859,-0.02059344,1.033333,37
0,0.01126084,-0.002061695,0.9998367,-0.04442716,-0.01357579,0.9998446,-0.01658317,-0.007818624,0.9998407,-0.7737212,-0.0600947,0.6306699,0,0.0519696,0.9861152,0.1577216,0,0.6313913,-0.1548082,0.7598552,0,0.559442,-1.787193,0.3963569,1,-0.7737209,0.05196957,0.6313911,0,-0.06009468,0.9861151,-0.1548082,0,0.6306697,0.1577216,0.7598548,0,0.075481,1.67079,-0.9310724,1,0.8248682,0.4856722,-0.01912353,0.003073868,0.9998124,0.002934151,-0.01095661,-0.0205742,1.044444,38
0,0.009977043,-0.004245587,0.9998427,-0.04508549,-0.008390948,0.9998195,-0.01755404,-0.006318271,0.9998311,-0.7728891,-0.06459607,0.6312447,0,0.05217422,0.9849671,0.1646745,0,0.6323925,-0.1602098,0.7579001,0,0.5597389,-1.789328,0.3833908,1,-0.772889,0.05217421,0.6323925,0,-0.06459607,0.984967,-0.1602098,0,0.6312447,0.1646745,0.7579001,0,0.07501908,1.670091,-0.9312146,1,0.8741036,0.5593801,-0.02006977,0.004541212,0.9997883,0.002928566,-0.01095358,-0.02053652,1.066667,39
0,0.01102385,-0.003700405,0.99977,-0.04572499,-0.01146434,0.9997635,-0.01735055,-0.007582381,0.9997666,-0.7725847,-0.0662431,0.6314465,0,0.05239936,0.984497,0.167392,0,0.6327458,-0.1624119,0.7571362,0,0.5596653,-1.7902,0.3783765,1,-0.7725848,0.05239935,0.6327457,0,-0.0662431,0.984497,-0.1624118,0,0.6314465,0.1673919,0.7571361,0,0.07487602,1.669783,-0.9313579,1,0.8487049,0.5562568,-0.01987042,0.003284835,0.9997972,0.002927216,-0.01093472,-0.02053034,1.077778,40
0,0.01142979,-0.004013836,0.9998329,-0.04627228,-0.01317713,0.9998459,-0.01742125,-0.008595347,0.9998394,-0.7722162,-0.0692727,0.6315724,0,0.05269865,0.9836301,0.1723215,0,0.6331707,-0.1663524,0.7559245,0,0.5593128,-1.791831,0.3694361,1,-0.772216,0.05269863,0.6331707,0,-0.06927267,0.9836301,-0.1663524,0,0.6315722,0.1723214,0.7559243,0,0.07445986,1.669362,-0.9314815,1,0.9008447,0.554499,-0.01993833,0.002271068,0.9997987,0.002927025,-0.0109136,-0.02053226,1.1,41
0,0.01164854,0.0009488463,0.9997392,-0.04591304,-0.01269881,0.9997426,-0.01713213,-0.005875051,0.999741,-0.7719218,-0.07071222,0.6317728,0,0.05268966,0.9832587,0.1744309,0,0.6335306,-0.1679349,0.755273,0,0.5595577,-1.792458,0.3655598,1,-0.7719215,0.05268964,0.6335303,0,-0.07071222,0.9832588,-0.1679349,0,0.6317726,0.1744309,0.7552727,0,0.07423525,1.669202,-0.9316104,1,0.9047727,0.5731847,-0.01965657,0.004929461,0.9997947,0.002927086,-0.01090561,-0.02054193,1.111111,42
0,0.0123156,0.005165882,0.9998211,-0.04602379,-0.01198988,0.9998488,-0.01685411,-0.003411815,0.999835,-0.7717927,-0.07228482,0.6317524,0,0.05250858,0.9828795,0.1766087,0,0.6337027,-0.1694777,0.7547836,0,0.5598738,-1.792971,0.3616429,1,-0.7717925,0.05250858,0.6337026,0,-0.07228482,0.9828796,-0.1694777,0,0.6317524,0.1766087,0.7547836,0,0.07403298,1.669008,-0.9316244,1,0.9073051,0.5967872,-0.01938152,0.00732784,0.9997854,0.002926574,-0.01089126,-0.02055275,1.122222,43
0,0.01155403,0.001707762,0.9998189,-0.04443818,-0.009826541,0.9998226,-0.01644206,-0.004059389,0.9998206,-0.7714072,-0.07537312,0.631862,0,0.05222159,0.9821126,0.1809082,0,0.6341953,-0.1725507,0.7536727,0,0.5605548,-1.793938,0.3538998,1,-0.7714074,0.0522216,0.6341953,0,-0.07537314,0.9821127,-0.1725507,0,0.6318621,0.1809082,0.7536727,0,0.07358546,1.668553,-0.9317712,1,0.9029763,0.5846177,-0.01897855,0.006675346,0.9997976,0.002927666,-0.01087251,-0.02058595,1.144444,44
0,-0.005894929,-0.03820948,0.9999182,-0.04439217,-0.009966463,0.9998571,-0.02514306,-0.02408746,0.9998876,-0.77144,-0.07688325,0.6316401,0,0.05209921,0.9817084,0.1831238,0,0.6341655,-0.174177,0.7533237,0,0.5607755,-1.794554,0.3500651,1,-0.7714401,0.05209919,0.6341655,0,-0.07688323,0.9817083,-0.174177,0,0.6316401,0.1831238,0.7533236,0,0.0735184,1.668408,-0.9319068,1,0.8427201,0.5590598,-0.02749016,-0.01284502,0.9995396,0.002918961,-0.01097538,-0.02044816,1.155556,45
0,0.0006250143,-0.03558156,0.9999264,-0.04433054,-0.01013789,0.9998964,-0.0218527,-0.02285954,0.9999114,-0.7714803,-0.07876513,0.631359,0,0.05243681,0.981061,0.1864666,0,0.6340888,-0.1769617,0.752739,0,0.5602579,-1.795649,0.3442073,1,-0.7714803,0.0524368,0.6340887,0,-0.07876512,0.981061,-0.1769617,0,0.631359,0.1864666,0.752739,0,0.07347514,1.668079,-0.9321125,1,0.8427201,0.5590598,-0.02426993,-0.01165001,0.9996375,0.002920785,-0.01096759,-0.02046537,1.177778,46
0,0.003374875,-0.03659235,0.9999579,-0.04488891,-0.01169279,0.9999366,-0.02075699,-0.02414247,0.9999472,-0.7716341,-0.07945477,0.6310846,0,0.05255143,0.9808117,0.1877413,0,0.6338921,-0.178032,0.7526523,0,0.5598222,-1.79605,0.3421097,1,-0.7716342,0.05255141,0.6338921,0,-0.07945479,0.9808117,-0.178032,0,0.6310846,0.1877413,0.7526523,0,0.073373,1.667939,-0.9321108,1,0.8306605,0.4924315,-0.02319868,-0.01291592,0.9996474,0.002923653,-0.01095823,-0.02046993,1.188889,47
0,0.003894299,-0.03519663,0.9998466,-0.04908586,-0.02207839,0.9998362,-0.02259573,-0.02863745,0.9998413,-0.7716422,-0.08012402,0.6309901,0,0.0524167,0.9806494,0.188625,0,0.6338935,-0.1786254,0.7525107,0,0.5601324,-1.79622,0.3406963,1,-0.7716421,0.05241667,0.6338933,0,-0.08012398,0.9806494,-0.1786253,0,0.63099,0.1886249,0.7525104,0,0.0733256,1.667838,-0.932292,1,0.851648,0.5334522,-0.02500118,-0.01731509,0.9995375,0.00292501,-0.01096289,-0.02046988,1.2,48
0,0.002826393,-0.03599669,0.999911,-0.04899395,-0.0224368,0.9999048,-0.02308372,-0.02921675,0.9999077,-0.771753,-0.0822859,0.6305765,0,0.0512876,0.9803089,0.1906937,0,0.6338512,-0.1795091,0.752336,0,0.5619062,-1.796203,0.3373401,1,-0.7717527,0.05128757,0.6338509,0,-0.08228587,0.9803088,-0.1795091,0,0.6305764,0.1906936,0.7523358,0,0.07313177,1.667686,-0.9323925,1,0.8462503,0.5158966,-0.02547523,-0.01788787,0.9995154,0.00292315,-0.01095586,-0.02047393,1.222222,49
0,0.002903998,-0.0318509,0.9999827,-0.04940003,-0.02145793,0.9999718,-0.02324799,-0.02665448,0.9999774,-0.7717471,-0.0834374,0.6304322,0,0.05084597,0.9800853,0.1919572,0,0.6338937,-0.1801973,0.7521355,0,0.562695,-1.796307,0.3351158,1,-0.7717471,0.05084596,0.6338936,0,-0.0834374,0.9800853,-0.1801973,0,0.6304321,0.1919572,0.7521355,0,0.07311122,1.667595,-0.9324309,1,0.8695871,0.5854099,-0.02563463,-0.01539013,0.9995529,0.002922615,-0.01094267,-0.02048286,1.233333,50
0,0.00331381,-0.02889885,0.9998523,-0.04938215,-0.02144149,0.9998556,-0.02303419,-0.02517022,0.9998539,-0.7717636,-0.0856351,0.6301174,0,0.04997653,0.9796584,0.1943498,0,0.6339429,-0.1814831,0.7517848,0,0.5641068,-1.796416,0.3311281,1,-0.7717633,0.04997651,0.6339428,0,-0.0856351,0.9796584,-0.1814832,0,0.6301172,0.1943498,0.7517847,0,0.07287114,1.667327,-0.9325677,1,0.883127,0.596871,-0.02542805,-0.01394582,0.9995794,0.002922881,-0.01093424,-0.02052332,1.255556,51
0,0.00462389,-0.02702267,0.9999326,-0.04924411,-0.02301301,0.999939,-0.02231008,-0.02501778,0.9999359,-0.7719375,-0.08652535,0.6297824,0,0.0501423,0.9793194,0.1960085,0,0.6337178,-0.182885,0.7516347,0,0.5635929,-1.797002,0.3283603,1,-0.7719374,0.0501423,0.6337178,0,-0.08652537,0.9793193,-0.182885,0,0.6297825,0.1960085,0.7516348,0,0.07277667,1.667218,-0.9326107,1,0.8858999,0.5779205,-0.02471757,-0.01380593,0.9995992,0.002924079,-0.01092363,-0.02056331,1.266667,52
0,0.006174386,-0.02687514,0.9998245,-0.04911983,-0.02472982,0.9998364,-0.02147278,-0.02580254,0.9998305,-0.7722956,-0.08762942,0.6291907,0,0.05060767,0.9788057,0.1984394,0,0.6332447,-0.1850958,0.7514926,0,0.5622188,-1.797927,0.3247697,1,-0.7722952,0.05060767,0.6332444,0,-0.0876294,0.9788057,-0.1850957,0,0.6291906,0.1984394,0.7514923,0,0.07230558,1.666921,-0.9328725,1,0.8834422,0.5913566,-0.02389994,-0.01458263,0.999608,0.002924026,-0.01091721,-0.02056294,1.288889,53
0,0.00673008,-0.02618982,0.9998851,-0.04898322,-0.0248827,0.9998918,-0.02112657,-0.02553627,0.9998883,-0.7724001,-0.08836307,0.6289597,0,0.05067284,0.9785448,0.1997059,0,0.6331118,-0.186124,0.7513505,0,0.5618296,-1.798223,0.322692,1,-0.7724,0.0506728,0.6331116,0,-0.08836306,0.9785448,-0.186124,0,0.6289595,0.1997058,0.7513503,0,0.07210043,1.666728,-0.9328479,1,0.8895091,0.6184178,-0.0235562,-0.01432255,0.99962,0.002920487,-0.01091536,-0.02055731,1.3,54
0,0.008286506,-0.02616885,0.9999533,-0.04810005,-0.02464926,0.9999579,-0.01990676,-0.02540918,0.9999557,-0.7724714,-0.08916669,0.6287587,0,0.05063551,0.9782931,0.2009446,0,0.6330278,-0.1870614,0.7511884,0,0.5618433,-1.798521,0.3205704,1,-0.7724711,0.05063554,0.6330277,0,-0.08916668,0.9782931,-0.1870614,0,0.6287585,0.2009446,0.7511883,0,0.07207815,1.666614,-0.932905,1,0.8920758,0.6480168,-0.02235802,-0.01420072,0.9996491,0.002917451,-0.01091225,-0.02055696,1.311111,55
0,0.008099735,-0.0255357,0.9998176,-0.04875505,-0.02483234,0.9998301,-0.02032769,-0.02518404,0.9998238,-0.7726986,-0.09035452,0.6283097,0,0.05070354,0.9778695,0.2029787,0,0.632745,-0.1886988,0.7510171,0,0.5613325,-1.799054,0.3174048,1,-0.7726983,0.05070351,0.6327448,0,-0.09035451,0.9778695,-0.1886988,0,0.6283097,0.2029787,0.751017,0,0.0717596,1.666352,-0.9330361,1,0.8903519,0.62262,-0.0227695,-0.01398641,0.9996429,0.002913794,-0.01090789,-0.02054934,1.333333,56
0,0.008402497,-0.02852604,0.9998361,-0.04740578,-0.02375838,0.9998457,-0.01950175,-0.02614233,0.9998408,-0.7728707,-0.09070423,0.6280476,0,0.05086182,0.9776924,0.203791,0,0.632522,-0.1894477,0.7510163,0,0.5608733,-1.799407,0.3162549,1,-0.7728705,0.05086184,0.6325221,0,-0.09070425,0.9776924,-0.1894477,0,0.6280476,0.203791,0.7510163,0,0.07164537,1.66629,-0.933171,1,0.9005672,0.595942,-0.02195404,-0.01492783,0.9996476,0.002907052,-0.01090523,-0.02051671,1.344445,57
0,0.01008117,-0.03173217,0.9999073,-0.04692626,-0.02363427,0.9999207,-0.01842245,-0.02768336,0.9999141,-0.7731104,-0.09096788,0.6277143,0,0.05106157,0.9775233,0.2045508,0,0.6322129,-0.1901924,0.7510884,0,0.5602536,-1.799707,0.3151939,1,-0.7731103,0.05106158,0.6322128,0,-0.09096789,0.9775232,-0.1901924,0,0.6277142,0.2045508,0.7510884,0,0.07157066,1.666174,-0.9332286,1,0.9165588,0.6589174,-0.02089301,-0.01644881,0.9996464,0.002904716,-0.01089268,-0.02051594,1.355556,58
0,0.01035893,-0.02895476,0.9999433,-0.04638243,-0.02557375,0.9999563,-0.01801172,-0.02726431,0.9999498,-0.7735047,-0.09113857,0.6272034,0,0.05159408,0.9772677,0.2056351,0,0.631687,-0.1914197,0.751219,0,0.5589237,-1.800306,0.3136247,1,-0.7735048,0.0515941,0.631687,0,-0.09113859,0.9772677,-0.1914197,0,0.6272035,0.2056352,0.7512191,0,0.07154626,1.666051,-0.9332797,1,0.9224285,0.6162379,-0.02048845,-0.01604072,0.9996613,0.002902718,-0.01089014,-0.02050805,1.377778,59
0,0.01046854,-0.02066937,1.000022,-0.04539138,-0.02826589,1.000036,-0.01746151,-0.02446769,1.000029,-0.7736616,-0.0911034,0.6270151,0,0.0517225,0.9772247,0.2058072,0,0.6314843,-0.1916559,0.7513292,0,0.5586356,-1.800447,0.3134336,1,-0.7736617,0.05172249,0.6314843,0,-0.0911034,0.9772248,-0.1916559,0,0.6270149,0.2058072,0.7513291,0,0.07164044,1.666041,-0.9333279,1,0.9016907,0.6561336,-0.0199473,-0.01330945,0.9997125,0.002901108,-0.01088145,-0.02050584,1.388889,60
0,0.0107491,-0.0171866,1.000035,-0.04360288,-0.0288602,1.00004,-0.01642686,-0.02302329,1.000037,-0.773751,-0.09153047,0.6268425,0,0.05147614,0.9771503,0.206222,0,0.631395,-0.1918319,0.7513593,0,0.5589803,-1.800401,0.3128205,1,-0.773751,0.05147612,0.6313949,0,-0.09153046,0.9771503,-0.1918319,0,0.6268425,0.206222,0.7513593,0,0.07163073,1.665978,-0.9333524,1,0.9134831,0.6377479,-0.01893368,-0.01191064,0.9997498,0.002900232,-0.01086541,-0.02050389,1.411111,61
0,0.01081231,-0.0186884,0.9999788,-0.04318303,-0.02829838,0.9999947,-0.01618537,-0.02349326,0.9999868,-0.7739174,-0.09159619,0.6266274,0,0.05156285,0.9770856,0.2065066,0,0.6311839,-0.1921298,0.7514606,0,0.5585907,-1.800552,0.3124801,1,-0.7739174,0.05156287,0.6311839,0,-0.09159622,0.9770856,-0.1921298,0,0.6266275,0.2065066,0.7514607,0,0.07157076,1.665961,-0.9333295,1,0.9181209,0.6488112,-0.01869744,-0.01237735,0.9997486,0.00289975,-0.01085939,-0.02050504,1.422222,62
0,0.01052895,-0.01567286,0.9999316,-0.04262209,-0.02783871,0.9999306,-0.01604649,-0.0217559,0.9999311,-0.773904,-0.09156529,0.6266487,0,0.05167998,0.9770615,0.2065914,0,0.6311909,-0.1922671,0.7514197,0,0.558444,-1.800599,0.3123693,1,-0.7739038,0.05167998,0.6311908,0,-0.09156527,0.9770616,-0.1922671,0,0.6266487,0.2065915,0.7514196,0,0.07156397,1.665902,-0.933401,1,0.913996,0.6994919,-0.01856084,-0.01068952,0.9997706,0.002897751,-0.0108457,-0.02050951,1.433333,63
0,0.009633243,-0.01125289,0.9999999,-0.04184523,-0.02785069,1.000013,-0.01610598,-0.01955172,1.000006,-0.7740021,-0.09160912,0.626521,0,0.05177386,0.9770085,0.2068183,0,0.6310627,-0.1925152,0.7514637,0,0.5581611,-1.800745,0.3120154,1,-0.7740021,0.05177389,0.6310629,0,-0.09160913,0.9770086,-0.1925152,0,0.626521,0.2068183,0.7514638,0,0.07156891,1.665915,-0.9333738,1,0.9354758,0.6811549,-0.01861588,-0.008542562,0.9997903,0.002895622,-0.010832,-0.02051608,1.455556,64
0,0.008914232,-0.006993175,0.9999137,-0.04173675,-0.02851519,0.9999028,-0.0164113,-0.01775424,0.9999083,-0.7738767,-0.09167717,0.6266659,0,0.05164571,0.9770378,0.2067122,0,0.6312271,-0.1923343,0.751372,0,0.5583836,-1.800535,0.3121833,1,-0.7738766,0.05164572,0.6312271,0,-0.0916772,0.9770377,-0.1923343,0,0.6266659,0.2067122,0.751372,0,0.07141744,1.66582,-0.9333373,1,0.9486799,0.6734039,-0.0189145,-0.006791996,0.9997981,0.002893273,-0.01082177,-0.02051631,1.466667,65
0,0.008705139,-0.00689052,0.9999613,-0.0419406,-0.02711459,0.9999501,-0.01661769,-0.01700249,0.9999557,-0.7738261,-0.0913048,0.6267827,0,0.05179826,0.9771191,0.2062892,0,0.6312765,-0.1920982,0.7513908,0,0.5582773,-1.800647,0.3129696,1,-0.7738261,0.05179826,0.6312765,0,-0.09130481,0.9771191,-0.1920982,0,0.6267827,0.2062892,0.7513909,0,0.07143781,1.665967,-0.9334911,1,0.914268,0.672448,-0.01911269,-0.006060199,0.999799,0.002890206,-0.0108168,-0.02051703,1.488889,66
0,0.008405596,-0.005967468,0.9999824,-0.04228532,-0.02641477,0.9999732,-0.01693967,-0.01619099,0.9999779,-0.7737292,-0.09122628,0.6269138,0,0.05189008,0.9771267,0.2062301,0,0.6313879,-0.1920968,0.7512977,0,0.5582774,-1.800703,0.3129904,1,-0.7737291,0.05189005,0.6313878,0,-0.09122625,0.9771266,-0.1920968,0,0.6269138,0.20623,0.7512976,0,0.07146619,1.665998,-0.9335477,1,0.9165166,0.6788111,-0.01942566,-0.005266467,0.9997975,0.002888015,-0.01081548,-0.02051567,1.5,67
0,0.008342028,-0.004607141,1.000036,-0.04248953,-0.02730192,1.000027,-0.01707357,-0.01595452,1.000031,-0.7737151,-0.09025449,0.6270719,0,0.05255313,0.9772455,0.2054979,0,0.6313503,-0.1919514,0.7513665,0,0.5572,-1.80085,0.3140851,1,-0.773715,0.05255314,0.6313502,0,-0.09025448,0.9772455,-0.1919514,0,0.6270718,0.2054979,0.7513664,0,0.07162533,1.666046,-0.933457,1,0.9258108,0.6357691,-0.01955537,-0.005036032,0.9997961,0.002887443,-0.01081414,-0.02051978,1.522222,68
0,0.008217573,-0.00459142,1.000001,-0.04192984,-0.02726994,0.9999769,-0.01685616,-0.01593094,0.9999889,-0.7735668,-0.08976343,0.6273253,0,0.05287316,0.9773237,0.2050433,0,0.6315053,-0.1917834,0.7512791,0,0.5568452,-1.800896,0.3147423,1,-0.7735668,0.05287315,0.6315052,0,-0.08976341,0.9773238,-0.1917834,0,0.6273252,0.2050433,0.751279,0,0.07165664,1.666081,-0.9334919,1,0.9337984,0.6842948,-0.0193425,-0.005013119,0.9998003,0.002886924,-0.0108142,-0.02052164,1.533333,69
0,0.008139372,-0.006213576,1.000024,-0.04269254,-0.02705371,1.000007,-0.01727659,-0.01663357,1.000015,-0.7735147,-0.08866635,0.6275456,0,0.05344525,0.977513,0.2039903,0,0.631521,-0.1913288,0.751382,0,0.5558854,-1.800981,0.3165348,1,-0.7735147,0.05344523,0.6315208,0,-0.08866633,0.977513,-0.1913288,0,0.6275454,0.2039903,0.7513816,0,0.07165918,1.666203,-0.9334711,1,0.9194251,0.6507655,-0.01975361,-0.005701098,0.9997886,0.002886924,-0.01081477,-0.02052144,1.555556,70
0,0.007861823,-0.007383898,0.9998935,-0.04262877,-0.02823722,0.9998899,-0.01738334,-0.01781063,0.9998916,-0.7736509,-0.08824793,0.6274368,0,0.05336533,0.9776596,0.2033074,0,0.631361,-0.1907723,0.7516578,0,0.5557722,-1.800787,0.318038,1,-0.7736508,0.0533653,0.6313608,0,-0.0882479,0.9776596,-0.1907723,0,0.6274366,0.2033074,0.7516575,0,0.07150922,1.666238,-0.9334887,1,0.9261812,0.6953432,-0.0198606,-0.006853261,0.9997793,0.002886971,-0.0108164,-0.02052144,1.566667,71
0,0.007842869,-0.009739786,1.000026,-0.04272413,-0.02903371,1.000017,-0.01744053,-0.01938686,1.000022,-0.7736988,-0.08764224,0.6274625,0,0.05367678,0.9777568,0.2027571,0,0.6312758,-0.1905531,0.7517849,0,0.5551384,-1.800886,0.3190402,1,-0.7736987,0.0536768,0.6312757,0,-0.08764222,0.9777569,-0.1905531,0,0.6274624,0.2027571,0.7517848,0,0.07149043,1.666343,-0.9334593,1,0.9195223,0.6704163,-0.01991381,-0.008395619,0.9997664,0.002886993,-0.01081675,-0.02052135,1.577778,72
0,0.008627504,-0.01069817,1.000052,-0.04344016,-0.0298034,1.000037,-0.01740637,-0.02025072,1.000045,-0.7736405,-0.08675469,0.6276578,0,0.05382904,0.9780025,0.201528,0,0.6313344,-0.1896964,0.7519524,0,0.555065,-1.800671,0.3211532,1,-0.7736402,0.05382903,0.6313342,0,-0.08675469,0.9780025,-0.1896964,0,0.6276577,0.201528,0.7519523,0,0.07162966,1.66646,-0.9335042,1,0.9303555,0.6512464,-0.01988214,-0.009235253,0.9997597,0.002889221,-0.01082379,-0.02051907,1.6,73
0,0.009272516,-0.01079959,1.000014,-0.04365426,-0.0293119,1.00001,-0.01719078,-0.02005573,1.000012,-0.7736927,-0.08640969,0.627641,0,0.05394572,0.9780731,0.2011538,0,0.6312604,-0.1894898,0.7520666,0,0.5548825,-1.800708,0.3218663,1,-0.7736925,0.05394567,0.6312602,0,-0.08640965,0.9780731,-0.1894898,0,0.6276408,0.2011538,0.7520664,0,0.07169349,1.666546,-0.9335557,1,0.9280705,0.6982244,-0.01967536,-0.00903721,0.9997656,0.002892838,-0.01083146,-0.02051805,1.611111,74
0,0.009164512,-0.01662275,0.9999753,-0.04481959,-0.03132133,0.999974,-0.01782748,-0.02397211,0.9999745,-0.7737552,-0.08576529,0.6276525,0,0.05411397,0.9782228,0.2003793,0,0.6311695,-0.1890092,0.7522639,0,0.5545694,-1.800628,0.3233606,1,-0.773755,0.05411398,0.6311693,0,-0.08576527,0.9782228,-0.1890092,0,0.6276522,0.2003792,0.7522636,0,0.07171146,1.666611,-0.9336149,1,0.9211894,0.6334751,-0.02030001,-0.01287,0.9997111,0.002894165,-0.01083505,-0.02051403,1.633333,75
0,0.009217471,-0.02063832,0.9998788,-0.04585958,-0.03222646,0.9998668,-0.01832104,-0.02643248,0.9998727,-0.7736819,-0.0853945,0.6277931,0,0.05433072,0.9782832,0.2000256,0,0.6312405,-0.1888646,0.7522404,0,0.5542213,-1.800658,0.3240337,1,-0.7736819,0.05433069,0.6312404,0,-0.08539449,0.9782831,-0.1888646,0,0.6277931,0.2000256,0.7522403,0,0.07159857,1.666627,-0.9336787,1,0.9175446,0.6786348,-0.02078726,-0.01527531,0.9996672,0.002896797,-0.01084097,-0.02050656,1.644444,76
0,0.009230971,-0.02171059,0.9999714,-0.045937,-0.03243531,0.9999733,-0.0183529,-0.02707282,0.9999722,-0.7737439,-0.08513115,0.6277524,0,0.05447485,0.978318,0.1998159,0,0.631152,-0.1888031,0.7523301,0,0.5538862,-1.800716,0.3244931,1,-0.7737439,0.05447485,0.631152,0,-0.08513117,0.978318,-0.1888031,0,0.6277525,0.1998159,0.7523301,0,0.0715678,1.666661,-0.9336929,1,0.91875,0.6782199,-0.02081748,-0.01589376,0.9996569,0.002898064,-0.01084787,-0.02050814,1.655556,77
0,0.00865376,-0.02247453,0.9999587,-0.0462333,-0.03428718,0.9999587,-0.01878983,-0.02838098,0.9999587,-0.7737465,-0.08470272,0.6278072,0,0.05469704,0.9783875,0.1994143,0,0.6311297,-0.1886353,0.752391,0,0.5535294,-1.800819,0.3253087,1,-0.7737464,0.05469704,0.6311296,0,-0.08470273,0.9783875,-0.1886353,0,0.6278071,0.1994143,0.7523909,0,0.07152598,1.666752,-0.9338062,1,0.8998804,0.6399241,-0.02124503,-0.01716737,0.9996269,0.002898064,-0.01085586,-0.02050606,1.677778,78
0,0.008669406,-0.02439526,0.9999684,-0.04683965,-0.03501894,0.9999633,-0.01908514,-0.02970709,0.9999658,-0.7737726,-0.08415297,0.627849,0,0.05503833,0.9784575,0.1989766,0,0.631068,-0.1885184,0.7524719,0,0.5529183,-1.800852,0.3261318,1,-0.7737724,0.05503833,0.6310681,0,-0.08415297,0.9784575,-0.1885184,0,0.627849,0.1989766,0.752472,0,0.07152438,1.666733,-0.9338279,1,0.9080359,0.6671754,-0.02153435,-0.01845752,0.9995977,0.002898445,-0.01086481,-0.02050189,1.688889,79
0,0.009337157,-0.02527492,0.9999866,-0.04684001,-0.0343193,0.999974,-0.01875132,-0.02979717,0.9999804,-0.7735668,-0.08377746,0.6281527,0,0.05533161,0.9785082,0.1986454,0,0.6312945,-0.1884222,0.752306,0,0.5528299,-1.800937,0.3265753,1,-0.7735668,0.05533161,0.6312945,0,-0.08377747,0.9785084,-0.1884222,0,0.6281527,0.1986454,0.752306,0,0.07163385,1.66677,-0.9340194,1,0.9225509,0.6379768,-0.02120579,-0.01854245,0.9996032,0.002897369,-0.01086756,-0.0205105,1.711111,80
0,0.008929729,-0.02516879,0.999963,-0.04673105,-0.03486399,0.9999593,-0.0189006,-0.03001627,0.9999612,-0.7735635,-0.08350711,0.628193,0,0.05550017,0.9785438,0.1984235,0,0.6312841,-0.188358,0.7523311,0,0.5525261,-1.800957,0.3269975,1,-0.7735632,0.05550016,0.6312839,0,-0.08350709,0.9785437,-0.188358,0,0.6281927,0.1984235,0.7523308,0,0.07160369,1.666766,-0.9340358,1,0.916194,0.668802,-0.02135124,-0.01875583,0.9995961,0.002896331,-0.01086932,-0.0205111,1.722222,81
0,0.00894329,-0.02601382,0.9999385,-0.04662138,-0.0347065,0.999923,-0.01883909,-0.03036016,0.9999307,-0.773437,-0.08316947,0.6283932,0,0.05564141,0.9786201,0.1980073,0,0.6314263,-0.1881108,0.7522733,0,0.5524391,-1.800968,0.3276762,1,-0.773437,0.05564142,0.6314263,0,-0.08316947,0.9786201,-0.1881108,0,0.6283932,0.1980073,0.7522733,0,0.07158185,1.666842,-0.9341081,1,0.907366,0.6512102,-0.02129018,-0.01909205,0.999591,0.002895233,-0.01086996,-0.02051057,1.733333,82
0,0.009269893,-0.02502112,0.9999307,-0.04665244,-0.0326355,0.9999323,-0.01869139,-0.02882847,0.9999314,-0.7734861,-0.08257721,0.6284111,0,0.05580644,0.9787526,0.1973042,0,0.6313518,-0.1876815,0.7524433,0,0.5520648,-1.800867,0.329152,1,-0.773486,0.05580642,0.6313516,0,-0.08257718,0.9787527,-0.1876814,0,0.6284109,0.1973042,0.752443,0,0.07146104,1.666851,-0.9342044,1,0.9213676,0.6104556,-0.02114496,-0.01758978,0.9996217,0.002894158,-0.01087248,-0.02052049,1.755556,83
0,0.009034425,-0.02446088,0.9998717,-0.04632419,-0.03348936,0.999868,-0.01864481,-0.02897501,0.9998699,-0.7734977,-0.08222085,0.6284433,0,0.05594358,0.9788225,0.1969181,0,0.6313253,-0.187473,0.7525172,0,0.5517756,-1.800833,0.3299814,1,-0.7734977,0.0559436,0.6313254,0,-0.08222087,0.9788225,-0.1874731,0,0.6284434,0.1969181,0.7525173,0,0.07135645,1.666848,-0.9342743,1,0.9213676,0.6104556,-0.02109951,-0.01773379,0.99962,0.002893166,-0.0108728,-0.02052281,1.766667,84
