flag,xl,yl,zl,xr,yr,zr,xc,yc,zc,mat_00,mat_10,mat_20,mat_30,mat_01,mat_11,mat_21,mat_31,mat_02,mat_12,mat_22,mat_32,mat_03,mat_13,mat_23,mat_33,ctw_00,ctw_10,ctw_20,ctw_30,ctw_01,ctw_11,ctw_21,ctw_31,ctw_02,ctw_12,ctw_22,ctw_32,ctw_03,ctw_13,ctw_23,ctw_33,opennessl,opennessr,ray_x,ray_y,ray_z,eye_x,eye_y,eye_z,time,frame
6,-0.113026,-0.1144578,1.000053,-0.2197068,-0.1218631,1.000062,-0.1663664,-0.1181603,1.000058,0.09160477,-0.06993627,-0.9933366,0,0.03682204,0.9970864,-0.06680458,0,-0.9951144,0.03045707,-0.09391302,0,-0.9894052,-1.65302,-0.7558277,1,0.09160472,0.03682205,-0.9951144,0,-0.06993628,0.9970864,0.03045706,0,-0.9933366,-0.06680457,-0.09391306,0,-0.7757632,1.634143,-1.005207,1,1.0,1.0,-0.1602113,-0.1086948,0.9810799,0.0004816977,-0.004962746,-0.02166448,5.366667,306
6,-0.1138371,-0.1143064,0.9999807,-0.2205968,-0.1217779,0.9999691,-0.1672171,-0.1180421,0.9999749,0.09136993,-0.06959935,-0.9933819,0,0.03651819,0.9971178,-0.06650221,0,-0.9951473,0.0302002,-0.0936482,0,-0.9890484,-1.6531,-0.7559874,1,0.09136989,0.03651819,-0.9951472,0,-0.06959935,0.9971179,0.0302002,0,-0.9933817,-0.06650221,-0.09364821,0,-0.7756695,1.634179,-1.005121,1,1.0,1.0,-0.1610226,-0.1085741,0.9809604,0.0004817732,-0.004966248,-0.02165874,5.388889,307
6,-0.1136836,-0.1130741,0.9999545,-0.2212952,-0.1224818,0.9999563,-0.1674894,-0.1177778,0.9999554,0.09136558,-0.06974088,-0.9933724,0,0.03694024,0.9970954,-0.06660468,0,-0.9951322,0.03061003,-0.09367639,0,-0.9897146,-1.652792,-0.7558041,1,0.09136551,0.03694023,-0.995132,0,-0.06974088,0.9970955,0.03061003,0,-0.9933721,-0.06660467,-0.09367643,0,-0.7756362,1.634212,-1.005106,1,1.0,1.0,-0.1612873,-0.1083114,0.9809461,0.0004815599,-0.004978394,-0.02164031,5.4,308
6,-0.1122524,-0.1120231,0.9999962,-0.2232154,-0.1252833,1.000016,-0.1677337,-0.1186532,1.000006,0.09151244,-0.06972136,-0.9933602,0,0.03725403,0.9970873,-0.06655097,0,-0.9951069,0.03091642,-0.09384328,0,-0.9900777,-1.652458,-0.7560219,1,0.09151242,0.03725402,-0.9951068,0,-0.06972136,0.9970873,0.03091642,0,-0.9933601,-0.06655096,-0.09384329,0,-0.7756093,1.634215,-1.005093,1,1.0,1.0,-0.1614953,-0.1091279,0.9808213,0.0004814994,-0.004984566,-0.02162782,5.411111,309
6,-0.1133274,-0.112068,0.9999545,-0.2234723,-0.1259522,0.9999841,-0.1683996,-0.11901,0.9999694,0.09200555,-0.06956272,-0.9933258,0,0.03747378,0.9970921,-0.06635551,0,-0.9950532,0.03111859,-0.09434479,0,-0.9899635,-1.652069,-0.7566607,1,0.09200555,0.03747378,-0.9950531,0,-0.06956271,0.9970921,0.0311186,0,-0.9933256,-0.0663555,-0.09434478,0,-0.7754507,1.634154,-1.005043,1,1.0,1.0,-0.1621185,-0.1094571,0.9806818,0.0004814453,-0.004987038,-0.0216209,5.433333,310
6,-0.1132981,-0.1117915,0.9999034,-0.2235853,-0.1263214,0.9999302,-0.1684413,-0.1190564,0.9999169,0.09222478,-0.06934018,-0.9933211,0,0.03739724,0.9971098,-0.06613253,0,-0.9950358,0.0310484,-0.09455138,0,-0.9897084,-1.652071,-0.7570839,1,0.09222479,0.03739724,-0.9950356,0,-0.06934018,0.9971098,0.0310484,0,-0.9933209,-0.06613252,-0.09455135,0,-0.7753066,1.634241,-1.005084,1,1.0,1.0,-0.1621661,-0.1095049,0.9806685,0.0004811473,-0.004989075,-0.02161042,5.444445,311
6,-0.1132799,-0.1097372,0.9999978,-0.2245194,-0.1291022,0.9999998,-0.1688997,-0.1194197,0.9999987,0.09198338,-0.06823079,-0.9934202,0,0.03630919,0.997216,-0.06512953,0,-0.9950985,0.03007944,-0.09420472,0,-0.9882362,-1.652264,-0.7582484,1,0.09198339,0.03630918,-0.9950982,0,-0.06823077,0.997216,0.03007944,0,-0.9934201,-0.06512953,-0.09420467,0,-0.7750932,1.634162,-1.005123,1,1.0,1.0,-0.1625761,-0.1098336,0.9805639,0.0004810486,-0.004989602,-0.02160549,5.466667,312
6,-0.1135824,-0.1082677,1.000113,-0.2228796,-0.1296784,1.000107,-0.1682311,-0.1189731,1.000111,0.09186387,-0.06776877,-0.9934629,0,0.03597495,0.997256,-0.06470098,0,-0.9951216,0.02979609,-0.09404981,0,-0.9878365,-1.652097,-0.7589086,1,0.09186389,0.03597494,-0.9951214,0,-0.06776877,0.997256,0.02979608,0,-0.9934627,-0.06470097,-0.09404976,0,-0.7751614,1.633998,-1.005166,1,1.0,1.0,-0.1619427,-0.1094095,0.9807162,0.0004808502,-0.004990486,-0.02159915,5.477778,313
6,-0.1137407,-0.1083368,0.9999723,-0.2226761,-0.1294732,0.9999214,-0.1682091,-0.1189053,0.9999469,0.09127837,-0.06708477,-0.9935632,0,0.03577298,0.9973053,-0.06405099,0,-0.9951826,0.02969625,-0.09343225,0,-0.988014,-1.651719,-0.7593949,1,0.09127841,0.03577299,-0.9951827,0,-0.06708479,0.9973053,0.02969625,0,-0.9935633,-0.06405098,-0.09343223,0,-0.7751279,1.633973,-1.005157,1,1.0,1.0,-0.1619481,-0.1093624,0.9807205,0.0004804842,-0.004990463,-0.02159818,5.488889,314
6,-0.1122456,-0.108467,0.9998762,-0.2227485,-0.1300113,0.999801,-0.1674979,-0.1192394,0.9998385,0.09017372,-0.06650454,-0.9937031,0,0.03605551,0.9973319,-0.06347553,0,-0.9952732,0.03010465,-0.09233099,0,-0.9895004,-1.650966,-0.7592326,1,0.09017374,0.03605551,-0.9952732,0,-0.06650455,0.9973319,0.03010465,0,-0.9937031,-0.06347553,-0.09233098,0,-0.7750217,1.634046,-1.005222,1,1.0,1.0,-0.1612937,-0.1097023,0.9807904,0.0004797056,-0.004990845,-0.0215959,5.511111,315
6,-0.1126652,-0.1088806,0.9998144,-0.2234491,-0.1305383,0.9997507,-0.1680578,-0.1197097,0.9997825,0.0895347,-0.06636427,-0.9937703,0,0.03649483,0.9973262,-0.0633137,0,-0.9953149,0.0305987,-0.09171724,0,-0.9907207,-1.65034,-0.7587952,1,0.08953468,0.03649482,-0.9953147,0,-0.06636426,0.9973262,0.0305987,0,-0.9937702,-0.0633137,-0.09171723,0,-0.7748878,1.634041,-1.005175,1,1.0,1.0,-0.1618148,-0.1101459,0.9806548,0.0004762039,-0.004990387,-0.02159325,5.522223,316
6,-0.1123534,-0.1090242,0.9998615,-0.22459,-0.1296639,0.9998252,-0.1684722,-0.1193443,0.9998434,0.08858842,-0.06679889,-0.993826,0,0.03748948,0.9972655,-0.06368831,0,-0.9953626,0.03161598,-0.09085041,0,-0.9930689,-1.649535,-0.7571953,1,0.0885884,0.03748948,-0.9953625,0,-0.0667989,0.9972655,0.03161598,0,-0.9938259,-0.06368829,-0.09085041,0,-0.774733,1.634029,-1.005103,1,1.0,1.0,-0.1621952,-0.1097862,0.9806323,0.0004718704,-0.004990128,-0.02159222,5.544445,317
6,-0.1123794,-0.1097554,0.9999809,-0.2251486,-0.1295797,0.999966,-0.1687642,-0.1196676,0.9999735,0.08844745,-0.06688741,-0.9938326,0,0.03778187,0.9972501,-0.06375497,0,-0.9953641,0.03190988,-0.09073132,0,-0.9935544,-1.649254,-0.756973,1,0.0884474,0.03778186,-0.995364,0,-0.0668874,0.9972501,0.03190989,0,-0.9938325,-0.06375498,-0.09073135,0,-0.7747414,1.633997,-1.005002,1,1.0,1.0,-0.1624427,-0.1100755,0.9805589,0.0004707491,-0.004989395,-0.02158682,5.555556,318
6,-0.1129555,-0.1109068,1.000078,-0.2279639,-0.1273869,1.000132,-0.170459,-0.1191467,1.000105,0.08903456,-0.06702706,-0.9937707,0,0.03828907,0.997226,-0.06382969,0,-0.9952923,0.03236751,-0.09135401,0,-0.9937431,-1.648799,-0.7573919,1,0.08903459,0.03828907,-0.9952923,0,-0.06702706,0.997226,0.03236751,0,-0.9937708,-0.06382969,-0.09135398,0,-0.7747106,1.633931,-1.004888,1,1.0,1.0,-0.1640157,-0.1095422,0.9803568,0.0004707491,-0.004986702,-0.0215781,5.577778,319
6,-0.1129395,-0.1113655,1.000039,-0.2289195,-0.1277956,1.000135,-0.1709281,-0.1195803,1.000087,0.08984709,-0.06705506,-0.9936958,0,0.03847511,0.9972199,-0.06381407,0,-0.9952123,0.03249905,-0.09217721,0,-0.9932782,-1.648662,-0.7581336,1,0.08984704,0.0384751,-0.9952121,0,-0.06705505,0.9972198,0.03249905,0,-0.9936956,-0.06381406,-0.09217723,0,-0.774662,1.633915,-1.004825,1,1.0,1.0,-0.1644498,-0.1099485,0.9802386,0.0004707491,-0.004985962,-0.02157222,5.588889,320
6,-0.1133061,-0.1068871,1.000257,-0.2300285,-0.1281012,1.000349,-0.1716661,-0.1174937,1.000303,0.0906232,-0.06703272,-0.9936267,0,0.03851014,0.9972218,-0.06376295,0,-0.9951404,0.0324863,-0.09295285,0,-0.9925155,-1.648665,-0.7591089,1,0.09062319,0.03851014,-0.9951404,0,-0.06703272,0.9972218,0.0324863,0,-0.9936268,-0.06376296,-0.09295287,0,-0.7748405,1.633904,-1.004695,1,1.0,1.0,-0.165142,-0.1079353,0.9803459,0.0004709549,-0.004986649,-0.02156773,5.6,321
6,-0.1137181,-0.1037954,1.00009,-0.2296473,-0.1273462,1.000202,-0.1716811,-0.1155702,1.000146,0.09240383,-0.06664667,-0.9934887,0,0.03806321,0.9972646,-0.06335972,0,-0.9949939,0.03196068,-0.09468788,0,-0.990227,-1.649016,-0.761326,1,0.09240384,0.0380632,-0.9949937,0,-0.06664665,0.9972646,0.03196069,0,-0.9934886,-0.06335972,-0.09468784,0,-0.7747692,1.633959,-1.004654,1,1.0,1.0,-0.1652188,-0.1061266,0.9805304,0.0004769135,-0.004986542,-0.02156673,5.622222,322
6,-0.1165403,-0.1037825,1.000069,-0.2284505,-0.1272655,1.00016,-0.1724941,-0.1155234,1.000115,0.0931856,-0.06633821,-0.9934364,0,0.03763878,0.9972994,-0.0630656,0,-0.9949371,0.03151492,-0.09543085,0,-0.9888944,-1.649244,-0.7624659,1,0.09318561,0.03763878,-0.9949371,0,-0.0663382,0.9972994,0.03151493,0,-0.9934362,-0.0630656,-0.09543082,0,-0.7747184,1.633926,-1.004675,1,1.0,1.0,-0.1659938,-0.1060721,0.9804054,0.0004880065,-0.00498584,-0.02156644,5.633334,323
6,-0.1167939,-0.103862,1.000027,-0.2284624,-0.1272692,1.000056,-0.1726278,-0.1155655,1.000041,0.0938257,-0.06579499,-0.9934122,0,0.03715866,0.9973501,-0.06254625,0,-0.9948949,0.03104543,-0.09602189,0,-0.9875594,-1.64933,-0.7638521,1,0.09382568,0.03715866,-0.994895,0,-0.06579499,0.99735,0.03104543,0,-0.9934122,-0.06254625,-0.09602193,0,-0.7746791,1.633879,-1.00466,1,1.0,1.0,-0.1661292,-0.106117,0.9803776,0.0004880065,-0.004985756,-0.02156559,5.655556,324
6,-0.1168092,-0.1046053,0.9999458,-0.2285269,-0.1273716,0.9999442,-0.1726681,-0.1159886,0.999945,0.09382081,-0.06583825,-0.9934098,0,0.03713564,0.9973481,-0.06259204,0,-0.9948963,0.03101847,-0.096017,0,-0.987546,-1.649379,-0.7637218,1,0.09382087,0.03713564,-0.9948962,0,-0.06583825,0.9973481,0.03101847,0,-0.9934098,-0.06259206,-0.09601694,0,-0.7746285,1.633875,-1.004675,1,1.0,1.0,-0.1661748,-0.1065274,0.9803253,0.0004880065,-0.004985749,-0.02156487,5.666667,325
6,-0.1167869,-0.1046794,0.9999011,-0.2281894,-0.1273667,0.9998351,-0.172489,-0.1160235,0.9998682,0.09297514,-0.06585099,-0.9934884,0,0.03729578,0.9973406,-0.06261601,0,-0.9949697,0.03123119,-0.09518385,0,-0.9885232,-1.649146,-0.7628403,1,0.09297515,0.03729578,-0.9949697,0,-0.06585098,0.9973406,0.0312312,0,-0.9934884,-0.06261601,-0.09518385,0,-0.7745628,1.633862,-1.004656,1,1.0,1.0,-0.1660192,-0.1065717,0.980347,0.0004880065,-0.004985359,-0.02156487,5.688889,326
6,-0.1165887,-0.1049019,0.9999542,-0.2275209,-0.1273719,0.9998739,-0.1720558,-0.1161374,0.9999139,0.0922817,-0.06596355,-0.9935456,0,0.03721841,0.9973345,-0.06275821,0,-0.9950371,0.03118675,-0.09449083,0,-0.9890225,-1.64921,-0.7620037,1,0.09228174,0.03721841,-0.9950371,0,-0.06596354,0.9973345,0.03118675,0,-0.9935456,-0.06275821,-0.09449079,0,-0.7746045,1.633802,-1.004683,1,1.0,1.0,-0.1656039,-0.1066846,0.9804049,0.000485695,-0.004983612,-0.02156184,5.7,327
6,-0.1156956,-0.1054723,0.9998917,-0.2293244,-0.1265134,0.999802,-0.1725111,-0.1159933,0.9998469,0.09150058,-0.06599478,-0.9936157,0,0.03720364,0.9973315,-0.06281555,0,-0.9951098,0.03121846,-0.09371167,0,-0.9896613,-1.64919,-0.7611667,1,0.0915006,0.03720364,-0.9951097,0,-0.0659948,0.9973315,0.03121846,0,-0.9936159,-0.06281555,-0.09371165,0,-0.7745906,1.633795,-1.004667,1,1.0,1.0,-0.1660301,-0.1065473,0.9803478,0.0004721684,-0.004983513,-0.02155773,5.711111,328
6,-0.1146727,-0.105521,0.9998937,-0.2299496,-0.1263847,0.9998295,-0.172312,-0.1159532,0.9998617,0.09018511,-0.06609186,-0.9937297,0,0.03703946,0.9973279,-0.06296968,0,-0.9952362,0.03112828,-0.09239209,0,-0.9905511,-1.649364,-0.7596664,1,0.09018505,0.03703946,-0.995236,0,-0.06609184,0.9973279,0.03112828,0,-0.9937295,-0.06296968,-0.09239211,0,-0.7745795,1.63381,-1.004677,1,1.0,1.0,-0.1658349,-0.1065121,0.9803846,0.0004623486,-0.004983994,-0.02154836,5.733334,329
6,-0.1148363,-0.1051439,0.9999338,-0.2301905,-0.1268481,0.999876,-0.1725143,-0.1159962,0.9999049,0.08964974,-0.06605794,-0.9937804,0,0.03737425,0.9973184,-0.06292155,0,-0.9952719,0.03150089,-0.09187818,0,-0.9915637,-1.648963,-0.7592535,1,0.08964971,0.03737425,-0.9952719,0,-0.06605793,0.9973184,0.03150089,0,-0.9937803,-0.06292155,-0.0918782,0,-0.7745649,1.633827,-1.00469,1,1.0,1.0,-0.1660126,-0.1065459,0.9803509,0.0004579239,-0.004983986,-0.02154324,5.744444,330
6,-0.1147712,-0.1051109,0.9999473,-0.2302592,-0.127565,0.9998984,-0.172516,-0.1163382,0.9999228,0.08885777,-0.06581767,-0.9938675,0,0.03736343,0.9973324,-0.06270661,0,-0.9953434,0.03156231,-0.09107989,0,-0.9922455,-1.648797,-0.7586545,1,0.08885775,0.03736341,-0.9953432,0,-0.06581765,0.9973323,0.03156232,0,-0.9938673,-0.06270661,-0.09107989,0,-0.7743532,1.6339,-1.004683,1,1.0,1.0,-0.1660074,-0.1068694,0.9803165,0.0004579239,-0.004984177,-0.02153141,5.766667,331
6,-0.1141498,-0.1037524,1.000039,-0.2302952,-0.1271297,1.000054,-0.1722222,-0.115441,1.000047,0.08899134,-0.06573864,-0.9938607,0,0.0371282,0.997345,-0.06264462,0,-0.9953402,0.03132542,-0.09119582,0,-0.9917147,-1.64892,-0.7588866,1,0.08899132,0.03712819,-0.9953401,0,-0.06573863,0.997345,0.03132543,0,-0.9938605,-0.06264461,-0.09119582,0,-0.7743711,1.633823,-1.004647,1,1.0,1.0,-0.1657308,-0.1060115,0.9804564,0.0004579239,-0.004984497,-0.02152112,5.777778,332
6,-0.1146833,-0.1045053,0.9999961,-0.2303185,-0.1250983,0.9999923,-0.1725009,-0.1148018,0.9999942,0.08896714,-0.06573305,-0.9938632,0,0.03700849,0.9973491,-0.06265073,0,-0.9953468,0.03120752,-0.09116399,0,-0.9914879,-1.649073,-0.7588468,1,0.08896714,0.03700849,-0.9953467,0,-0.06573305,0.9973491,0.03120752,0,-0.9938631,-0.06265074,-0.09116398,0,-0.7743786,1.633853,-1.00459,1,1.0,1.0,-0.1660116,-0.1054048,0.9804744,0.0004579239,-0.004986168,-0.02151087,5.788889,333
6,-0.1141928,-0.1035381,0.9999414,-0.2313424,-0.1241267,0.9999285,-0.1727678,-0.1138325,0.9999349,0.08899081,-0.06634247,-0.9938206,0,0.03652232,0.9973257,-0.06330609,0,-0.9953627,0.03066297,-0.09117579,0,-0.9907118,-1.650089,-0.7578005,1,0.08899079,0.03652232,-0.9953625,0,-0.06634247,0.9973257,0.03066297,0,-0.9938206,-0.06330609,-0.09117578,0,-0.7744245,1.633886,-1.004614,1,1.0,1.0,-0.1662892,-0.1044846,0.9805259,0.0004607541,-0.004987702,-0.02150881,5.811111,334
6,-0.1164418,-0.1034351,0.9998336,-0.2313218,-0.1241962,0.999826,-0.173882,-0.1138156,0.9998299,0.08897978,-0.06657648,-0.9938059,0,0.03637737,0.9973152,-0.06355454,0,-0.995369,0.03049697,-0.09116274,0,-0.9904996,-1.650455,-0.7572318,1,0.08897975,0.03637736,-0.9953688,0,-0.06657646,0.9973151,0.03049697,0,-0.9938058,-0.06355454,-0.09116275,0,-0.7742885,1.63393,-1.00461,1,1.0,1.0,-0.1673513,-0.1044581,0.9803479,0.0004661866,-0.004990509,-0.02150639,5.822222,335
6,-0.1183229,-0.1040127,0.9999087,-0.2320383,-0.1261487,0.9998958,-0.1751807,-0.1150808,0.9999022,0.08914208,-0.067441,-0.9937332,0,0.03610823,0.997268,-0.06444183,0,-0.9953643,0.03013745,-0.09133375,0,-0.9899217,-1.651424,-0.7557163,1,0.0891421,0.03610822,-0.9953641,0,-0.06744098,0.997268,0.03013746,0,-0.993733,-0.06444184,-0.0913337,0,-0.7741103,1.633957,-1.004585,1,1.0,1.0,-0.1685377,-0.1056287,0.9800192,0.0004743654,-0.004991127,-0.02150364,5.844445,336
6,-0.1189779,-0.1045788,0.9998603,-0.2313827,-0.1240089,0.9998643,-0.1751803,-0.1142938,0.9998623,0.08919561,-0.06765031,-0.9937142,0,0.03632788,0.9972478,-0.0646301,0,-0.9953516,0.0303348,-0.09140772,0,-0.9902545,-1.651389,-0.7553402,1,0.08919559,0.03632787,-0.9953513,0,-0.06765031,0.9972479,0.03033481,0,-0.9937139,-0.06463009,-0.09140769,0,-0.7739827,1.634,-1.0046,1,1.0,1.0,-0.1685624,-0.1048842,0.9800949,0.0004802328,-0.004992905,-0.02150364,5.855556,337
6,-0.1188654,-0.1048487,0.9998505,-0.2318423,-0.1255071,0.9998299,-0.1753539,-0.1151779,0.9998403,0.08893502,-0.06802411,-0.9937119,0,0.03643683,0.9972196,-0.0650032,0,-0.9953709,0.03042664,-0.09116632,0,-0.9906621,-1.651544,-0.7542968,1,0.088935,0.03643681,-0.9953707,0,-0.06802409,0.9972196,0.03042664,0,-0.9937118,-0.0650032,-0.09116632,0,-0.773794,1.634017,-1.004591,1,1.0,1.0,-0.1687141,-0.1057217,0.9799788,0.0004817815,-0.004993599,-0.0215052,5.877778,338
6,-0.1184742,-0.104951,0.9999494,-0.2319649,-0.1257635,0.9999331,-0.1752197,-0.1153573,0.9999413,0.08878136,-0.06807368,-0.9937223,0,0.03668125,0.9972085,-0.06503531,0,-0.9953756,0.03067704,-0.09103054,0,-0.9911574,-1.651314,-0.7540843,1,0.08878132,0.03668124,-0.9953754,0,-0.06807367,0.9972086,0.03067704,0,-0.9937221,-0.06503532,-0.09103054,0,-0.773765,1.634019,-1.004561,1,0.9920285,0.9944159,-0.1685712,-0.1058827,0.9799861,0.00048404,-0.004994354,-0.02151052,5.888889,339
6,-0.1183429,-0.103865,0.9999449,-0.2326716,-0.1252787,0.9999443,-0.1755071,-0.1145719,0.9999445,0.08874869,-0.0680492,-0.9937268,0,0.03696255,0.9972014,-0.06498605,0,-0.995368,0.03096325,-0.09101564,0,-0.9916477,-1.650942,-0.7540945,1,0.08874873,0.03696256,-0.995368,0,-0.0680492,0.9972014,0.03096326,0,-0.9937267,-0.06498604,-0.09101559,0,-0.7737017,1.63397,-1.00457,1,1.0,1.0,-0.1688522,-0.1051307,0.9800186,0.0004859474,-0.004995018,-0.02151911,5.9,340
6,-0.1179021,-0.103792,1.000044,-0.2328401,-0.1251677,1.000051,-0.1753709,-0.1144799,1.000047,0.08859485,-0.06782074,-0.9937562,0,0.03758045,0.9971966,-0.06470518,0,-0.9953586,0.03161326,-0.09089524,0,-0.9927183,-1.650118,-0.7544398,1,0.08859486,0.03758045,-0.9953585,0,-0.06782074,0.9971966,0.03161326,0,-0.9937562,-0.06470518,-0.09089521,0,-0.7736916,1.633982,-1.00452,1,1.0,1.0,-0.1687118,-0.105033,0.9800533,0.000487702,-0.004997429,-0.02152316,5.922222,341
6,-0.1177544,-0.1045149,1.000062,-0.2333421,-0.1242586,1.000054,-0.1755484,-0.1143867,1.000058,0.08851898,-0.0677902,-0.9937652,0,0.03764781,0.9971963,-0.06467079,0,-0.9953629,0.03168847,-0.09082294,0,-0.9928106,-1.64999,-0.7544962,1,0.08851894,0.03764779,-0.9953626,0,-0.06779017,0.9971962,0.03168848,0,-0.9937648,-0.06467079,-0.09082292,0,-0.7737624,1.633947,-1.004447,1,1.0,1.0,-0.168874,-0.1049374,0.9800355,0.0004869075,-0.004999459,-0.02153659,5.933333,342
6,-0.117027,-0.1048164,1.00005,-0.2335922,-0.1235669,1.000039,-0.1753097,-0.1141916,1.000044,0.08837968,-0.06797041,-0.9937652,0,0.03784096,0.997178,-0.06483849,0,-0.995368,0.03187461,-0.09070235,0,-0.9931546,-1.649903,-0.7541144,1,0.08837966,0.03784095,-0.9953676,0,-0.0679704,0.9971781,0.03187462,0,-0.9937649,-0.06483848,-0.09070232,0,-0.7737823,1.633933,-1.004364,1,1.0,1.0,-0.1686565,-0.1047522,0.9800928,0.0004879683,-0.005004173,-0.02154686,5.955556,343
6,-0.1169693,-0.104973,0.9999677,-0.2334594,-0.1224449,0.9999791,-0.175214,-0.113709,0.9999733,0.08848697,-0.06805129,-0.99375,0,0.03789264,0.9971713,-0.0649115,0,-0.9953564,0.03191199,-0.09081531,0,-0.9931405,-1.649916,-0.7540593,1,0.08848695,0.03789263,-0.9953563,0,-0.06805129,0.9971713,0.03191198,0,-0.9937499,-0.06491148,-0.09081531,0,-0.7737453,1.633934,-1.004357,1,1.0,1.0,-0.1685857,-0.104298,0.9801535,0.0004882207,-0.005008652,-0.02155496,5.966667,344
6,-0.1160585,-0.1047568,0.9999979,-0.2336643,-0.1232154,1.000011,-0.1748613,-0.1139859,1.000005,0.08859324,-0.06807509,-0.9937389,0,0.03783296,0.9971719,-0.0649374,0,-0.9953492,0.03184307,-0.09091818,0,-0.9929289,-1.650055,-0.7540723,1,0.08859325,0.03783296,-0.9953491,0,-0.0680751,0.997172,0.03184307,0,-0.9937389,-0.06493741,-0.09091818,0,-0.7737119,1.633987,-1.004327,1,1.0,1.0,-0.1682499,-0.1045619,0.9801831,0.0004911115,-0.005010254,-0.02155538,5.988889,345
6,-0.115574,-0.1064727,0.9999627,-0.2335391,-0.1222754,0.9999747,-0.1745564,-0.114374,0.9999687,0.08870959,-0.06820368,-0.9937198,0,0.03786434,0.9971628,-0.06505983,0,-0.9953377,0.03185511,-0.09104037,0,-0.9928469,-1.650095,-0.7539427,1,0.08870956,0.03786433,-0.9953375,0,-0.06820367,0.9971626,0.03185511,0,-0.9937196,-0.06505983,-0.09104038,0,-0.7736752,1.633955,-1.004293,1,1.0,1.0,-0.167967,-0.1049365,0.9801915,0.0004934845,-0.005012757,-0.02155557,6.0,346
6,-0.1155825,-0.1075578,0.9999553,-0.2336625,-0.12197,0.9999644,-0.1746223,-0.1147638,0.9999598,0.08863527,-0.06794581,-0.9937441,0,0.03786989,0.9971793,-0.06480294,0,-0.9953442,0.03188913,-0.09095836,0,-0.9929648,-1.649886,-0.7542011,1,0.08863524,0.03786986,-0.9953437,0,-0.06794579,0.9971793,0.03188914,0,-0.9937438,-0.06480294,-0.09095831,0,-0.7735739,1.633961,-1.004329,1,1.0,1.0,-0.1680249,-0.1053052,0.9801421,0.0004954915,-0.005013146,-0.02155691,6.022223,347
6,-0.1168068,-0.1087888,0.9999399,-0.2326408,-0.1219111,0.9999235,-0.174724,-0.1153501,0.9999318,0.08848286,-0.06784447,-0.9937645,0,0.03785886,0.9971859,-0.06470717,0,-0.995358,0.03189731,-0.09080237,0,-0.9931518,-1.649788,-0.7541634,1,0.08848286,0.03785885,-0.9953579,0,-0.06784448,0.9971859,0.03189731,0,-0.9937645,-0.06470717,-0.09080236,0,-0.7735129,1.633945,-1.004398,1,1.0,1.0,-0.1681158,-0.1058628,0.9800664,0.0004971242,-0.005013146,-0.02155577,6.033333,348
6,-0.1165829,-0.1091215,0.9999524,-0.2326485,-0.1219477,0.9999626,-0.1746155,-0.1155344,0.9999576,0.08858883,-0.06790774,-0.9937508,0,0.03770048,0.997187,-0.0647817,0,-0.9953547,0.03172594,-0.09089977,0,-0.9928348,-1.650004,-0.7540787,1,0.0885888,0.03770047,-0.9953544,0,-0.06790774,0.9971871,0.03172594,0,-0.9937508,-0.06478171,-0.09089977,0,-0.7734603,1.633942,-1.00442,1,1.0,1.0,-0.1680095,-0.1060376,0.9800658,0.0004986804,-0.005012787,-0.02155371,6.044445,349
6,-0.1162723,-0.1081064,0.9999272,-0.2328531,-0.1219289,0.9999119,-0.1745629,-0.1150178,0.9999196,0.08811098,-0.06827797,-0.993768,0,0.03756696,0.9971661,-0.06518062,0,-0.9954021,0.0315897,-0.09042633,0,-0.9930279,-1.650307,-0.7530628,1,0.088111,0.03756695,-0.9954019,0,-0.06827796,0.9971661,0.03158971,0,-0.9937678,-0.06518062,-0.09042625,0,-0.7735525,1.63385,-1.004426,1,1.0,1.0,-0.1679757,-0.1055527,0.9801238,0.0004990464,-0.005012619,-0.02155236,6.066667,350
6,-0.1162346,-0.1092327,1.000011,-0.2319235,-0.1219184,0.9999943,-0.1740793,-0.1155755,1.000003,0.08797425,-0.06823479,-0.9937829,0,0.037371,0.9971749,-0.06515943,0,-0.9954215,0.03140631,-0.0902757,0,-0.9928489,-1.650545,-0.7529837,1,0.08797425,0.037371,-0.9954215,0,-0.0682348,0.9971749,0.03140631,0,-0.993783,-0.06515944,-0.09027571,0,-0.7735819,1.633922,-1.004442,1,1.0,1.0,-0.167502,-0.1060817,0.9801478,0.0004989998,-0.005012512,-0.02155235,6.077778,351
6,-0.1178853,-0.1076727,0.999846,-0.2321175,-0.1200372,0.9998286,-0.1750016,-0.1138549,0.9998373,0.08769071,-0.06810749,-0.9938168,0,0.03708706,0.9971915,-0.06506633,0,-0.9954572,0.03115202,-0.08997035,0,-0.9926574,-1.650682,-0.7526806,1,0.08769071,0.03708706,-0.9954571,0,-0.06810748,0.9971915,0.03115203,0,-0.9938167,-0.06506635,-0.08997033,0,-0.7734035,1.633887,-1.004445,1,1.0,1.0,-0.1684165,-0.1044534,0.980166,0.0004978031,-0.005008752,-0.02155119,6.1,352
6,-0.117911,-0.1083839,0.9999591,-0.232133,-0.1204037,0.9999499,-0.1750221,-0.114394,0.9999545,0.08757967,-0.06799106,-0.9938345,0,0.0373068,0.997192,-0.06493317,0,-0.9954587,0.03138996,-0.08987027,0,-0.9931094,-1.650332,-0.752767,1,0.08757966,0.0373068,-0.9954586,0,-0.06799106,0.997192,0.03138996,0,-0.9938346,-0.06493317,-0.08987027,0,-0.7733575,1.633868,-1.004447,1,1.0,1.0,-0.1684075,-0.1049555,0.9801139,0.0004973067,-0.005006318,-0.0215496,6.111111,353
6,-0.1171237,-0.1087853,0.999944,-0.2323433,-0.1185955,0.9999417,-0.1747334,-0.1136905,0.9999428,0.08755785,-0.06788285,-0.9938439,0,0.0371965,0.9972025,-0.06483524,0,-0.9954648,0.03129067,-0.08983791,0,-0.9929972,-1.650327,-0.7528383,1,0.08755783,0.03719649,-0.9954646,0,-0.06788284,0.9972025,0.03129067,0,-0.9938437,-0.06483523,-0.08983789,0,-0.7732878,1.633835,-1.004487,1,1.0,1.0,-0.1681519,-0.1042953,0.9802282,0.0004967274,-0.005004814,-0.0215471,6.122222,354
6,-0.1167833,-0.1086978,0.9999534,-0.2330245,-0.1175583,0.9999614,-0.1749036,-0.1131279,0.9999573,0.08753908,-0.06792549,-0.9938426,0,0.03704522,0.9972044,-0.06489226,0,-0.9954721,0.03113651,-0.08981067,0,-0.9927403,-1.650494,-0.7527074,1,0.08753908,0.03704521,-0.9954721,0,-0.06792548,0.9972044,0.03113651,0,-0.9938425,-0.06489227,-0.08981066,0,-0.7732797,1.633812,-1.004456,1,1.0,1.0,-0.1683166,-0.1037595,0.9802568,0.0004953463,-0.005002411,-0.02154655,6.144444,355
6,-0.1166108,-0.1091758,1.00006,-0.2299506,-0.1173049,1.000045,-0.1732809,-0.1132405,1.000053,0.08742547,-0.06811431,-0.9938397,0,0.03697643,0.997194,-0.06509149,0,-0.9954847,0.03105799,-0.08969873,0,-0.992736,-1.650773,-0.7523625,1,0.08742543,0.03697643,-0.9954846,0,-0.06811432,0.997194,0.03105799,0,-0.9938397,-0.06509148,-0.08969878,0,-0.7733787,1.633877,-1.00447,1,1.0,1.0,-0.1667851,-0.1038904,0.9805048,0.0004942324,-0.004995758,-0.02154523,6.155556,356
6,-0.116324,-0.1101809,1.000094,-0.2273364,-0.1140244,1.00008,-0.1718303,-0.1121024,1.000087,0.08735597,-0.06839369,-0.9938266,0,0.03653572,0.9971892,-0.06541367,0,-0.995507,0.03059589,-0.08960927,0,-0.9920583,-1.651457,-0.7517989,1,0.08735599,0.03653572,-0.9955069,0,-0.06839369,0.9971891,0.0305959,0,-0.9938265,-0.06541365,-0.08960924,0,-0.7734447,1.633883,-1.004441,1,1.0,1.0,-0.1654444,-0.1028317,0.9808434,0.0004941411,-0.004994736,-0.02154432,6.177778,357
6,-0.1160974,-0.1125848,0.999958,-0.226855,-0.1135498,0.9999471,-0.1714764,-0.1130674,0.9999526,0.08726728,-0.06827547,-0.9938426,0,0.03637402,0.9972017,-0.0653123,0,-0.9955207,0.03045041,-0.08950651,0,-0.9918668,-1.651519,-0.7518312,1,0.08726723,0.03637401,-0.9955206,0,-0.06827546,0.9972018,0.03045042,0,-0.9938424,-0.06531232,-0.08950651,0,-0.7734024,1.633872,-1.004428,1,1.0,1.0,-0.1651196,-0.1037722,0.9807991,0.0004947884,-0.004989029,-0.02154427,6.188889,358
6,-0.1157521,-0.112891,0.9999001,-0.2253951,-0.1125834,0.9999142,-0.1705735,-0.1127371,0.9999072,0.08739322,-0.06799159,-0.9938509,0,0.03641748,0.9972193,-0.0650197,0,-0.995508,0.03051127,-0.08962631,0,-0.9918234,-1.651257,-0.7522885,1,0.08739325,0.03641748,-0.995508,0,-0.06799159,0.9972193,0.03051126,0,-0.9938509,-0.0650197,-0.08962628,0,-0.7732555,1.633872,-1.004411,1,1.0,1.0,-0.1642885,-0.1034793,0.9809695,0.0004945835,-0.004987618,-0.02154376,6.2,359
6,-0.1162172,-0.1114254,0.9998697,-0.2253666,-0.1117698,0.9998704,-0.1707919,-0.1115976,0.9998701,0.0875417,-0.06730742,-0.9938844,0,0.03675288,0.9972537,-0.06429839,0,-0.9954827,0.03089933,-0.08977503,0,-0.9922786,-1.650332,-0.7533424,1,0.08754169,0.03675288,-0.9954826,0,-0.06730741,0.9972537,0.03089932,0,-0.9938843,-0.06429838,-0.08977502,0,-0.7729492,1.63383,-1.004433,1,1.0,1.0,-0.1645146,-0.102396,0.9810454,0.0004931875,-0.004987656,-0.0215502,6.222222,360
6,-0.1163797,-0.1112916,0.9997869,-0.2255172,-0.1107216,0.9998025,-0.1709482,-0.1110066,0.9997948,0.08767921,-0.06668293,-0.9939144,0,0.03688645,0.99729,-0.06365544,0,-0.9954657,0.03108071,-0.08990127,0,-0.9923903,-1.649668,-0.7542413,1,0.08767918,0.03688644,-0.9954656,0,-0.06668293,0.9972901,0.03108071,0,-0.9939143,-0.06365544,-0.08990128,0,-0.7726439,1.633792,-1.004425,1,1.0,1.0,-0.1646827,-0.101838,0.9810753,0.0004937435,-0.004989075,-0.02154831,6.233334,361
6,-0.1174002,-0.1114758,1.000038,-0.2249503,-0.1097408,1.000059,-0.1711751,-0.1106084,1.000049,0.08787549,-0.06605984,-0.9939387,0,0.03687943,0.9973303,-0.0630247,0,-0.9954486,0.03111756,-0.09007716,0,-0.9921124,-1.649065,-0.7553776,1,0.0878755,0.03687943,-0.9954484,0,-0.06605984,0.9973304,0.03111756,0,-0.9939385,-0.06302471,-0.09007712,0,-0.7725534,1.633643,-1.004324,1,1.0,1.0,-0.1648621,-0.1014289,0.9810874,0.0004942399,-0.004991295,-0.02154831,6.255556,362
6,-0.1177806,-0.1085599,0.9999455,-0.2244691,-0.1096579,0.9999512,-0.1711249,-0.1091089,0.9999483,0.08791912,-0.06590962,-0.9939449,0,0.03702141,0.9973355,-0.06285974,0,-0.9954395,0.03127066,-0.09012491,0,-0.9922695,-1.648771,-0.7556211,1,0.08791908,0.0370214,-0.9954394,0,-0.0659096,0.9973354,0.03127066,0,-0.9939445,-0.06285974,-0.09012491,0,-0.772476,1.633615,-1.004286,1,1.0,1.0,-0.1648539,-0.1000064,0.9812349,0.0004930571,-0.004999237,-0.02154656,6.266667,363
6,-0.1178388,-0.1085511,0.9999998,-0.2246483,-0.1096523,1.000038,-0.1712433,-0.1091017,1.000019,0.08848155,-0.06572424,-0.9939072,0,0.03705793,0.9973472,-0.06265267,0,-0.9953883,0.03128853,-0.09068245,0,-0.9918004,-1.64863,-0.7565064,1,0.08848156,0.03705792,-0.9953882,0,-0.06572422,0.9973471,0.03128853,0,-0.9939071,-0.06265267,-0.09068241,0,-0.772496,1.633614,-1.004245,1,1.0,1.0,-0.1649533,-0.09999114,0.9812197,0.0004925225,-0.004999237,-0.02154553,6.288889,364
6,-0.117757,-0.1091666,0.999935,-0.2228196,-0.1086786,0.9999702,-0.1702878,-0.1089225,0.9999527,0.08880472,-0.0653988,-0.9938998,0,0.03724621,0.9973623,-0.0622987,0,-0.9953525,0.03148657,-0.09100634,0,-0.9918514,-1.648196,-0.7572621,1,0.08880471,0.0372462,-0.9953524,0,-0.0653988,0.9973623,0.03148658,0,-0.9938997,-0.0622987,-0.09100633,0,-0.7723516,1.633615,-1.004261,1,1.0,1.0,-0.1640733,-0.09984212,0.9813825,0.0004929043,-0.004999237,-0.02154861,6.3,365
6,-0.1183113,-0.1081215,0.9999595,-0.2223003,-0.1082015,0.9999745,-0.1703055,-0.1081615,0.9999671,0.08894229,-0.06508439,-0.9939082,0,0.03734999,0.9973789,-0.06196932,0,-0.9953363,0.03161076,-0.09114003,0,-0.9918,-1.64781,-0.7578479,1,0.08894224,0.03734998,-0.9953361,0,-0.06508438,0.9973789,0.03161076,0,-0.993908,-0.06196931,-0.09114005,0,-0.7722649,1.633572,-1.004156,1,0.9820382,0.9989248,-0.1640985,-0.0991167,0.9814518,0.0004920959,-0.004998314,-0.02155212,6.311111,366
6,-0.1181269,-0.1084608,0.99986,-0.2221575,-0.1083989,0.9998939,-0.1701419,-0.1084299,0.9998769,0.08982998,-0.06444377,-0.99387,0,0.03748411,0.9974161,-0.06128574,0,-0.9952515,0.03174904,-0.09201348,0,-0.9912814,-1.647195,-0.7594411,1,0.08982996,0.03748411,-0.9952514,0,-0.06444377,0.9974162,0.03174904,0,-0.99387,-0.06128574,-0.09201349,0,-0.7718904,1.633553,-1.004156,1,1.0,1.0,-0.1639543,-0.09938402,0.9814489,0.000491241,-0.004997574,-0.02155257,6.333333,367
6,-0.1183016,-0.1084817,1.000048,-0.2206456,-0.1084239,1.000093,-0.169473,-0.1084527,1.00007,0.09027535,-0.06389187,-0.9938654,0,0.03740199,0.9974535,-0.06072523,0,-0.9952143,0.03169054,-0.09243512,0,-0.9907553,-1.646881,-0.7607123,1,0.09027532,0.03740198,-0.9952142,0,-0.06389187,0.9974535,0.03169054,0,-0.9938652,-0.06072523,-0.09243513,0,-0.7718272,1.633549,-1.00414,1,1.0,1.0,-0.1632977,-0.09939792,0.9815569,0.000490143,-0.004997361,-0.02155299,6.344445,368
6,-0.1164831,-0.1085441,0.9999712,-0.2206309,-0.1084633,1.000012,-0.1685566,-0.1085035,0.9999917,0.09090221,-0.06359521,-0.9938273,0,0.03741267,0.9974725,-0.06040645,0,-0.9951569,0.03169065,-0.09305173,0,-0.9902601,-1.646613,-0.7615694,1,0.09090219,0.03741267,-0.9951567,0,-0.0635952,0.9974725,0.03169065,0,-0.993827,-0.06040645,-0.0930517,0,-0.7715681,1.633496,-1.004147,1,1.0,1.0,-0.1624514,-0.09946842,0.9816902,0.0004899064,-0.004997361,-0.02155257,6.366667,369
6,-0.1165231,-0.1084074,1.000041,-0.2202468,-0.1086535,1.000054,-0.1683848,-0.1085304,1.000047,0.09101385,-0.06326221,-0.9938384,0,0.03757895,0.9974875,-0.0600531,0,-0.9951405,0.03188172,-0.09316248,0,-0.9903927,-1.646169,-0.7622546,1,0.09101379,0.03757893,-0.9951402,0,-0.06326219,0.9974875,0.03188173,0,-0.993838,-0.06005309,-0.09316248,0,-0.7715585,1.633476,-1.00411,1,1.0,1.0,-0.1622817,-0.09949138,0.9817159,0.0004896317,-0.004997361,-0.02155075,6.377778,370
6,-0.1158139,-0.1084015,0.9999221,-0.2195972,-0.1086341,0.9999371,-0.1677056,-0.108518,0.9999295,0.09115756,-0.06344488,-0.9938135,0,0.03761049,0.9974758,-0.06022887,0,-0.9951261,0.03188749,-0.09331363,0,-0.9903063,-1.646276,-0.7620245,1,0.09115754,0.03761048,-0.9951259,0,-0.06344488,0.9974757,0.03188749,0,-0.9938134,-0.06022886,-0.09331363,0,-0.7714841,1.633471,-1.004091,1,1.0,1.0,-0.1616638,-0.09949919,0.981817,0.00048838,-0.004999588,-0.02154628,6.388889,371
6,-0.116442,-0.1083904,0.9998809,-0.2194044,-0.1091114,0.9998529,-0.1679233,-0.1087509,0.9998668,0.0910365,-0.06358251,-0.9938158,0,0.03720387,0.9974802,-0.06040897,0,-0.9951525,0.03147436,-0.09317261,0,-0.9898524,-1.64674,-0.7615727,1,0.09103648,0.03720386,-0.9951522,0,-0.0635825,0.9974801,0.03147437,0,-0.9938157,-0.06040896,-0.09317259,0,-0.7714541,1.633411,-1.004182,1,1.0,1.0,-0.1618733,-0.09972015,0.9817601,0.0004845886,-0.005005119,-0.02152524,6.411111,372
6,-0.1177537,-0.1066744,0.9998001,-0.2203455,-0.1094183,0.9997709,-0.16905,-0.1080461,0.9997855,0.09077114,-0.06365338,-0.9938355,0,0.03694957,0.9974833,-0.06051226,0,-0.9951862,0.03122902,-0.09289467,0,-0.9897364,-1.647117,-0.7609831,1,0.09077113,0.03694956,-0.995186,0,-0.06365338,0.9974834,0.03122902,0,-0.9938353,-0.06051226,-0.09289465,0,-0.771297,1.633494,-1.004225,1,0.9976515,0.9992499,-0.1629482,-0.09903573,0.9816515,0.0004760511,-0.005012711,-0.02149268,6.422223,373
6,-0.1184311,-0.1072214,0.9999003,-0.2197278,-0.1095366,0.9998878,-0.1690795,-0.1083791,0.999894,0.09032255,-0.0637195,-0.9938721,0,0.03694582,0.9974785,-0.06059309,0,-0.995227,0.03124649,-0.09244895,0,-0.990199,-1.647162,-0.760191,1,0.09032252,0.03694583,-0.9952271,0,-0.06371949,0.9974787,0.0312465,0,-0.9938719,-0.06059311,-0.09244898,0,-0.7710516,1.63353,-1.004284,1,1.0,1.0,-0.1629511,-0.0993401,0.9816203,0.000469909,-0.005016297,-0.021475,6.444445,374
6,-0.1190765,-0.1069247,0.9998873,-0.219493,-0.1102533,0.9998725,-0.169285,-0.1085891,0.99988,0.09017003,-0.06362246,-0.9938922,0,0.03698329,0.997483,-0.06049704,0,-0.9952395,0.03130237,-0.092296,0,-0.9904777,-1.647037,-0.760104,1,0.09016998,0.03698328,-0.9952394,0,-0.06362244,0.997483,0.03130237,0,-0.993892,-0.06049705,-0.09229601,0,-0.7709385,1.633539,-1.004361,1,1.0,1.0,-0.1631378,-0.09953877,0.9815692,0.0004633106,-0.005017288,-0.02146246,6.455556,375
6,-0.1177845,-0.107821,0.9999188,-0.2189484,-0.1096902,0.9999141,-0.1683667,-0.1087556,0.9999164,0.08996731,-0.06362329,-0.9939105,0,0.03721247,0.9974753,-0.06048307,0,-0.9952493,0.03154436,-0.09210777,0,-0.9910755,-1.646799,-0.7598035,1,0.08996731,0.03721246,-0.9952492,0,-0.06362328,0.9974753,0.03154436,0,-0.9939104,-0.06048307,-0.09210774,0,-0.7707869,1.633566,-1.004404,1,1.0,1.0,-0.1622706,-0.09970558,0.981696,0.0004628142,-0.005019981,-0.0214591,6.477778,376
6,-0.1178195,-0.1079026,0.9999431,-0.2193161,-0.1094917,0.9999483,-0.1685679,-0.1086971,0.9999455,0.09002745,-0.0635142,-0.993912,0,0.03704583,0.9974874,-0.0603871,0,-0.9952502,0.03138379,-0.0921542,0,-0.9907864,-1.646913,-0.759935,1,0.09002746,0.03704582,-0.99525,0,-0.06351418,0.9974872,0.0313838,0,-0.9939119,-0.06038709,-0.09215417,0,-0.7707126,1.633589,-1.004425,1,1.0,1.0,-0.1624545,-0.09964397,0.9816719,0.0004619062,-0.005019981,-0.02145834,6.488889,377
6,-0.1178281,-0.1066762,1.000128,-0.2193507,-0.109415,1.000149,-0.1685893,-0.1080456,1.000139,0.09023803,-0.06369714,-0.9938812,0,0.0370419,0.9974768,-0.06056441,0,-0.9952312,0.03135003,-0.09236979,0,-0.9906051,-1.647043,-0.7599613,1,0.09023802,0.03704189,-0.9952311,0,-0.06369714,0.9974768,0.03135003,0,-0.9938811,-0.06056441,-0.09236979,0,-0.7708329,1.633554,-1.004444,1,1.0,1.0,-0.162455,-0.09900443,0.9817365,0.0004619062,-0.005021011,-0.02145905,6.5,378
6,-0.1191789,-0.106443,0.9999897,-0.2194575,-0.1095447,1.000007,-0.169318,-0.1079938,0.9999983,0.09058714,-0.06394564,-0.9938335,0,0.03694795,0.9974652,-0.06081155,0,-0.995203,0.03121137,-0.09272021,0,-0.9900685,-1.647267,-0.760016,1,0.09058715,0.03694795,-0.9952028,0,-0.06394565,0.9974653,0.03121136,0,-0.9938334,-0.06081154,-0.09272016,0,-0.7709773,1.633455,-1.004374,1,0.9931224,0.9975063,-0.1631592,-0.09895785,0.9816244,0.0004619062,-0.005020493,-0.02145834,6.522223,379
6,-0.1185905,-0.1064974,0.999985,-0.2211471,-0.1101218,0.9999908,-0.1698687,-0.1083096,0.9999879,0.09064507,-0.06395496,-0.9938277,0,0.03692478,0.9974654,-0.06082122,0,-0.9951986,0.03118371,-0.09277683,0,-0.9899639,-1.647433,-0.760032,1,0.09064505,0.03692477,-0.9951984,0,-0.06395496,0.9974656,0.03118372,0,-0.9938275,-0.06082122,-0.09277684,0,-0.7709668,1.633586,-1.004351,1,1.0,1.0,-0.1636743,-0.09925114,0.981509,0.0004647449,-0.005020523,-0.02145458,6.533333,380
6,-0.1181449,-0.1067037,0.9998118,-0.2228861,-0.1103461,0.9998352,-0.1705152,-0.1085249,0.9998236,0.0908941,-0.06395308,-0.9938051,0,0.03683437,0.9974689,-0.06081996,0,-0.9951792,0.03107801,-0.09301966,0,-0.9896724,-1.647563,-0.7599881,1,0.09089403,0.03683437,-0.9951791,0,-0.06395306,0.9974689,0.03107801,0,-0.9938047,-0.06081995,-0.09301969,0,-0.7706912,1.633624,-1.004392,1,1.0,1.0,-0.164303,-0.09945936,0.981383,0.0004669949,-0.00502234,-0.02145454,6.555556,381
6,-0.1170614,-0.1065942,0.9999737,-0.2231999,-0.1106428,1.000004,-0.1701302,-0.1086186,0.9999889,0.09117699,-0.06394309,-0.9937797,0,0.03690761,0.9974678,-0.0607942,0,-0.9951506,0.031135,-0.09330606,0,-0.9895735,-1.647482,-0.7602363,1,0.09117696,0.0369076,-0.9951504,0,-0.06394309,0.9974677,0.031135,0,-0.9937797,-0.0607942,-0.09330608,0,-0.7706262,1.633615,-1.004415,1,1.0,1.0,-0.1639206,-0.0995376,0.9814389,0.000471931,-0.005023514,-0.0214543,6.566667,382
6,-0.1161377,-0.1067576,0.9999724,-0.2218211,-0.1109192,0.9999713,-0.1689794,-0.1088384,0.9999717,0.09127307,-0.06359736,-0.9937931,0,0.03700152,0.9974861,-0.06043536,0,-0.9951383,0.03125573,-0.09339684,0,-0.9896554,-1.647032,-0.7608865,1,0.09127308,0.03700151,-0.9951382,0,-0.06359735,0.9974861,0.03125573,0,-0.9937929,-0.06043535,-0.0933968,0,-0.7705815,1.633526,-1.004429,1,1.0,1.0,-0.1628495,-0.09976615,0.981594,0.0004781038,-0.005023964,-0.02145286,6.588889,383
6,-0.1150536,-0.1060999,1.000038,-0.222153,-0.1138159,1.000029,-0.1686035,-0.1099577,1.000033,0.09119809,-0.06369711,-0.9937935,0,0.03708318,0.9974773,-0.06053019,0,-0.995142,0.03133278,-0.09333014,0,-0.9898587,-1.647069,-0.7607202,1,0.09119812,0.03708318,-0.9951421,0,-0.06369711,0.9974773,0.03133279,0,-0.9937935,-0.06053019,-0.09333012,0,-0.7706391,1.633575,-1.004441,1,1.0,1.0,-0.1624725,-0.1008288,0.9815478,0.0004800027,-0.005026589,-0.02145249,6.6,384
6,-0.115047,-0.1055832,0.999929,-0.2229437,-0.1139089,0.9999194,-0.1689956,-0.109746,0.9999241,0.09109932,-0.06369591,-0.9938027,0,0.03722031,0.9974728,-0.06051925,0,-0.9951461,0.03147637,-0.0932399,0,-0.9901329,-1.646912,-0.7605922,1,0.09109934,0.0372203,-0.995146,0,-0.06369591,0.9974729,0.03147637,0,-0.9938026,-0.06051925,-0.09323987,0,-0.7705796,1.633572,-1.004406,1,1.0,1.0,-0.1628596,-0.1006253,0.9815046,0.0004800027,-0.005033226,-0.02145143,6.611111,385
6,-0.1133381,-0.10799,0.9999465,-0.222001,-0.1164002,0.9999293,-0.1676697,-0.1121952,0.999938,0.0907073,-0.06362557,-0.9938431,0,0.03731094,0.9974735,-0.06045265,0,-0.9951785,0.03159772,-0.09285206,0,-0.990698,-1.64676,-0.7602337,1,0.09070728,0.03731094,-0.9951783,0,-0.06362557,0.9974735,0.03159772,0,-0.9938428,-0.06045265,-0.09285203,0,-0.7704654,1.633606,-1.004477,1,1.0,1.0,-0.1615798,-0.1029683,0.9814731,0.0004803538,-0.005040024,-0.02144356,6.633334,386
6,-0.1134064,-0.1084053,0.9999216,-0.222122,-0.1169795,0.9998969,-0.1677645,-0.1126923,0.9999093,0.09048396,-0.06366977,-0.9938606,0,0.0373091,0.9974704,-0.0605043,0,-0.9951988,0.03160537,-0.09263051,0,-0.9909045,-1.646785,-0.7598919,1,0.09048392,0.03730909,-0.9951988,0,-0.06366976,0.9974704,0.03160536,0,-0.9938605,-0.06050429,-0.09263054,0,-0.770416,1.633612,-1.004489,1,1.0,1.0,-0.1616649,-0.1034423,0.9814093,0.0004800567,-0.005040062,-0.02144314,6.644444,387
6,-0.1134226,-0.108359,0.9999391,-0.2233217,-0.1171834,0.9999228,-0.1683723,-0.112771,0.999931,0.09019262,-0.06373005,-0.9938833,0,0.03738117,0.9974639,-0.06056741,0,-0.9952227,0.03168978,-0.09234619,0,-0.9913425,-1.646644,-0.7594563,1,0.09019261,0.03738117,-0.9952225,0,-0.06373005,0.9974638,0.03168978,0,-0.9938831,-0.0605674,-0.09234617,0,-0.7703398,1.633527,-1.004558,1,1.0,1.0,-0.1622284,-0.1035051,0.9813097,0.0004792335,-0.005040581,-0.02144125,6.666667,388
6,-0.1125719,-0.1081507,0.9998671,-0.2232644,-0.1174015,0.99986,-0.1679183,-0.112776,0.9998636,0.09011191,-0.06349897,-0.9939052,0,0.03735359,0.9974787,-0.06034062,0,-0.9952309,0.03168852,-0.09225667,0,-0.9913883,-1.646462,-0.7596052,1,0.09011196,0.03735359,-0.995231,0,-0.06349897,0.9974787,0.03168852,0,-0.9939053,-0.06034062,-0.09225664,0,-0.7701883,1.633508,-1.004565,1,1.0,1.0,-0.1618141,-0.1035229,0.9813762,0.0004792335,-0.00504142,-0.02143974,6.677778,389
6,-0.1125283,-0.1085648,0.9998666,-0.2241866,-0.117858,0.9998727,-0.1683573,-0.1132114,0.9998697,0.09010881,-0.06355041,-0.9939023,0,0.03721958,0.9974798,-0.06040477,0,-0.9952363,0.03154962,-0.09224707,0,-0.9911935,-1.646618,-0.7593019,1,0.09010884,0.03721958,-0.9952362,0,-0.06355041,0.9974799,0.03154963,0,-0.9939023,-0.06040477,-0.09224703,0,-0.7699999,1.633495,-1.004565,1,1.0,1.0,-0.1622173,-0.1039292,0.9812666,0.0004792335,-0.005041565,-0.02143723,6.7,390
