flag,xl,yl,zl,xr,yr,zr,xc,yc,zc,mat_00,mat_10,mat_20,mat_30,mat_01,mat_11,mat_21,mat_31,mat_02,mat_12,mat_22,mat_32,mat_03,mat_13,mat_23,mat_33,ctw_00,ctw_10,ctw_20,ctw_30,ctw_01,ctw_11,ctw_21,ctw_31,ctw_02,ctw_12,ctw_22,ctw_32,ctw_03,ctw_13,ctw_23,ctw_33,opennessl,opennessr,ray_x,ray_y,ray_z,eye_x,eye_y,eye_z,time,frame
6,-0.08742926,-0.1718696,0.9999295,-0.2694357,-0.2158215,0.9999359,-0.1784321,-0.1938455,0.9999326,-0.8572946,0.05898599,-0.5114361,0,0.03732099,0.9979215,0.05253502,0,-0.5134718,-0.02595069,0.8577141,0,-1.275116,-1.665165,0.4633773,1,-0.8572944,0.03732098,-0.5134718,0,0.05898598,0.9979214,-0.02595068,0,-0.511436,0.05253502,0.8577139,0,-0.7579409,1.684949,-1.095394,1,1.0,1.0,-0.1681375,-0.1818574,0.9688435,-0.0008979645,-0.001825211,-0.02305736,45.43333,2759
6,-0.08802906,-0.1714195,0.9999263,-0.2699252,-0.2158156,0.9999662,-0.1789759,-0.1936171,0.9999464,-0.8571424,0.05864821,-0.5117296,0,0.03714463,0.9979479,0.05215572,0,-0.5137383,-0.02569688,0.8575621,0,-1.275054,-1.665215,0.463662,1,-0.8571426,0.03714463,-0.5137383,0,0.05864821,0.9979479,-0.02569688,0,-0.5117295,0.05215571,0.857562,0,-0.7579719,1.684977,-1.095454,1,1.0,1.0,-0.1686428,-0.1816308,0.9687982,-0.0008975444,-0.001824158,-0.02305634,45.44445,2760
6,-0.08767352,-0.1713809,0.999948,-0.2696915,-0.2158923,0.9999821,-0.1786814,-0.1936362,0.9999651,-0.8570056,0.05847176,-0.5119792,0,0.03712163,0.9979654,0.05183678,0,-0.5139686,-0.02541891,0.8574325,0,-1.275224,-1.665039,0.4638876,1,-0.8570054,0.03712162,-0.5139684,0,0.05847175,0.9979653,-0.0254189,0,-0.5119791,0.05183677,0.8574322,0,-0.7580153,1.684943,-1.095501,1,1.0,1.0,-0.1683698,-0.1816555,0.968841,-0.0008963309,-0.001822952,-0.02305545,45.45555,2761
6,-0.08665839,-0.1707041,0.9999079,-0.2689606,-0.2160646,0.9999985,-0.1778067,-0.1933834,0.9999533,-0.8565016,0.05829033,-0.5128425,0,0.03676551,0.9979686,0.05202806,0,-0.5148334,-0.0257072,0.8569047,0,-1.275164,-1.665642,0.4625394,1,-0.8565015,0.03676551,-0.5148334,0,0.05829032,0.9979686,-0.0257072,0,-0.5128424,0.05202806,0.8569047,0,-0.7578791,1.685076,-1.095668,1,1.0,1.0,-0.1675743,-0.1814509,0.9690172,-0.0008959118,-0.001822662,-0.02305458,45.47778,2762
6,-0.08692959,-0.1710169,1.000017,-0.2696503,-0.2152623,1.000096,-0.1782876,-0.1931388,1.000057,-0.8562971,0.05825847,-0.5131875,0,0.03664555,0.9979669,0.05214576,0,-0.5151821,-0.02584622,0.8566911,0,-1.275241,-1.665794,0.4618821,1,-0.8562969,0.03664556,-0.5151819,0,0.05825847,0.9979669,-0.02584622,0,-0.5131874,0.05214575,0.8566908,0,-0.7579059,1.685054,-1.095726,1,1.0,1.0,-0.1680094,-0.1811972,0.9689894,-0.0008945158,-0.001821724,-0.02305412,45.48889,2763
6,-0.08705449,-0.1709816,0.9999795,-0.2697781,-0.2153081,1.000031,-0.1784147,-0.1931444,1.000005,-0.8562028,0.05789869,-0.5133855,0,0.03611511,0.9979772,0.0523188,0,-0.5153762,-0.02625453,0.8565619,0,-1.274499,-1.66656,0.4613689,1,-0.8562026,0.03611511,-0.5153761,0,0.05789869,0.9979771,-0.02625453,0,-0.5133854,0.0523188,0.8565618,0,-0.7578779,1.68508,-1.095792,1,1.0,1.0,-0.1681339,-0.181207,0.968966,-0.0008947449,-0.001821724,-0.02305379,45.5,2764
6,-0.08747837,-0.1705038,1.000102,-0.2691229,-0.215684,1.000112,-0.1783004,-0.1930937,1.000107,-0.8562418,0.05786853,-0.513324,0,0.03585027,0.9979665,0.05270424,0,-0.5153301,-0.02672476,0.8565753,0,-1.274112,-1.667052,0.4607409,1,-0.8562415,0.03585027,-0.5153298,0,0.05786851,0.9979665,-0.02672476,0,-0.5133238,0.05270423,0.8565748,0,-0.7579681,1.685056,-1.095798,1,1.0,1.0,-0.1680145,-0.1811472,0.9689978,-0.0008947449,-0.001821724,-0.02305371,45.52222,2765
6,-0.08749396,-0.1709011,1.000035,-0.2691845,-0.2161067,0.9999975,-0.1783403,-0.1935042,1.000016,-0.8564894,0.05785222,-0.5129123,0,0.03533129,0.9979393,0.05356107,0,-0.514954,-0.02775264,0.8567685,0,-1.273092,-1.668045,0.4598993,1,-0.8564895,0.03533129,-0.5149539,0,0.05785222,0.9979393,-0.02775263,0,-0.5129122,0.05356107,0.8567684,0,-0.7580021,1.684955,-1.095904,1,1.0,1.0,-0.1680534,-0.1815368,0.9689182,-0.0008947449,-0.001821724,-0.02305399,45.53333,2766
6,-0.08681792,-0.1708263,1.000041,-0.2683846,-0.2152703,0.9999628,-0.1776036,-0.1930489,1.000002,-0.8569742,0.05840557,-0.5120392,0,0.03604784,0.9979172,0.05349562,0,-0.5140972,-0.02738646,0.8572947,0,-1.273979,-1.667153,0.4611509,1,-0.8569741,0.03604784,-0.5140971,0,0.05840556,0.9979172,-0.02738646,0,-0.5120392,0.05349562,0.8572946,0,-0.7582686,1.684936,-1.095948,1,1.0,1.0,-0.1673901,-0.1811409,0.969107,-0.0008947449,-0.001824303,-0.02305509,45.55556,2767
6,-0.08613753,-0.1712035,0.9999354,-0.2673443,-0.2157845,0.9998778,-0.1767428,-0.1934946,0.9999067,-0.8570995,0.05881767,-0.5117821,0,0.03657854,0.9979016,0.05342663,0,-0.5138506,-0.02707169,0.8574525,0,-1.274764,-1.666523,0.4616637,1,-0.8570995,0.03657854,-0.5138506,0,0.05881767,0.9979017,-0.0270717,0,-0.5117821,0.05342662,0.8574523,0,-0.7583076,1.68499,-1.096009,1,1.0,1.0,-0.1665965,-0.1815901,0.9691597,-0.0008979039,-0.001824303,-0.02305628,45.56667,2768
6,-0.08480316,-0.1718732,0.9997823,-0.2683872,-0.2157061,0.9996787,-0.1765984,-0.1937905,0.9997305,-0.8572683,0.05881593,-0.5114997,0,0.03704999,0.9979253,0.05265328,0,-0.5135353,-0.02618692,0.8576689,0,-1.275354,-1.66554,0.4634731,1,-0.8572682,0.03704999,-0.5135352,0,0.05881593,0.9979253,-0.02618693,0,-0.5114995,0.05265327,0.8576687,0,-0.7582936,1.684933,-1.096061,1,1.0,1.0,-0.1664748,-0.1818944,0.9691236,-0.0009052511,-0.001824303,-0.02305635,45.57778,2769
6,-0.08496127,-0.1727579,1.000175,-0.2686478,-0.2154953,1.000198,-0.176804,-0.1941265,1.000186,-0.8572206,0.05950292,-0.5115001,0,0.03773118,0.9978893,0.0528512,0,-0.5135652,-0.02600564,0.8576565,0,-1.276649,-1.664745,0.4629635,1,-0.8572205,0.03773117,-0.5135652,0,0.05950291,0.9978893,-0.02600564,0,-0.5115,0.0528512,0.8576564,0,-0.7585065,1.684932,-1.095999,1,1.0,1.0,-0.1665833,-0.1821206,0.9690624,-0.000907165,-0.001824303,-0.02305641,45.6,2770
6,-0.08494598,-0.1728463,1.000021,-0.2687249,-0.2156739,1.000043,-0.1768348,-0.1942601,1.000032,-0.8571329,0.05958781,-0.5116371,0,0.03789297,0.9978892,0.05273801,0,-0.5136997,-0.02581603,0.8575816,0,-1.277018,-1.664478,0.4629399,1,-0.8571329,0.03789297,-0.5136997,0,0.05958782,0.9978893,-0.02581604,0,-0.5116371,0.05273802,0.8575816,0,-0.758534,1.68494,-1.095983,1,1.0,1.0,-0.1666316,-0.1822673,0.9690267,-0.000907165,-0.001824745,-0.02305592,45.61111,2771
6,-0.08416089,-0.1727423,1.000066,-0.2689523,-0.2164189,1.000144,-0.1765542,-0.1945798,1.000105,-0.8568726,0.05928185,-0.5121084,0,0.03706748,0.99788,0.05349271,0,-0.5141939,-0.02685386,0.8572534,0,-1.275988,-1.665844,0.4609435,1,-0.8568727,0.03706748,-0.514194,0,0.05928185,0.9978799,-0.02685386,0,-0.5121084,0.0534927,0.8572534,0,-0.7585516,1.684953,-1.095985,1,1.0,1.0,-0.1663533,-0.1825564,0.96902,-0.000907165,-0.001824967,-0.02305287,45.63334,2772
6,-0.0841229,-0.1731072,1.000107,-0.269206,-0.2164737,1.000186,-0.1766621,-0.1947895,1.000146,-0.8567141,0.05892223,-0.5124153,0,0.03648945,0.9978881,0.05373918,0,-0.5144995,-0.02734135,0.8570548,0,-1.275275,-1.666621,0.4600432,1,-0.8567138,0.03648944,-0.5144994,0,0.05892222,0.9978881,-0.02734135,0,-0.5124152,0.05373918,0.8570546,0,-0.7586116,1.684913,-1.095978,1,1.0,1.0,-0.1664404,-0.1827386,0.9689707,-0.000907165,-0.001824967,-0.02305217,45.64445,2773
6,-0.0842748,-0.1731498,1.000043,-0.2680171,-0.2161382,1.000063,-0.1761454,-0.1946437,1.000053,-0.8567481,0.05833482,-0.5124256,0,0.03561159,0.9979024,0.05406113,0,-0.5145044,-0.02806848,0.8570285,0,-1.273883,-1.667911,0.4594798,1,-0.8567479,0.03561159,-0.5145042,0,0.05833482,0.9979025,-0.02806848,0,-0.5124254,0.05406111,0.8570281,0,-0.7586498,1.684937,-1.096021,1,1.0,1.0,-0.1659884,-0.1826352,0.9690677,-0.000901253,-0.001824967,-0.02305214,45.65556,2774
6,-0.08361152,-0.1741781,1.000022,-0.2687239,-0.2156547,1.000023,-0.1761677,-0.1949163,1.000023,-0.8567852,0.05789687,-0.5124133,0,0.03505759,0.997918,0.05413502,0,-0.5144808,-0.0284181,0.8570311,0,-1.272992,-1.668654,0.459358,1,-0.8567848,0.03505759,-0.5144806,0,0.05789685,0.997918,-0.0284181,0,-0.5124132,0.05413501,0.8570308,0,-0.7586897,1.684941,-1.096034,1,1.0,1.0,-0.1660087,-0.1828893,0.9690164,-0.0008981852,-0.001825035,-0.02305203,45.67778,2775
6,-0.08516157,-0.1741408,1.000204,-0.2687123,-0.2160306,1.000208,-0.1769368,-0.1950856,1.000206,-0.8567358,0.0564203,-0.5126604,0,0.03387045,0.9980076,0.05323185,0,-0.5146424,-0.02824158,0.8569398,0,-1.271544,-1.669659,0.4602493,1,-0.8567356,0.03387045,-0.5146422,0,0.05642029,0.9980075,-0.02824158,0,-0.5126604,0.05323184,0.8569397,0,-0.7592224,1.6849,-1.09595,1,1.0,1.0,-0.166684,-0.1829912,0.9688811,-0.0008979486,-0.001825035,-0.02305189,45.68889,2776
6,-0.08517003,-0.1740021,1.00017,-0.2692748,-0.2160027,1.000102,-0.1772242,-0.1950032,1.000136,-0.8570099,0.05519166,-0.5123361,0,0.03337545,0.9981052,0.05169263,0,-0.5142183,-0.02720164,0.8572282,0,-1.270781,-1.66964,0.4632297,1,-0.8570098,0.03337545,-0.514218,0,0.05519165,0.9981052,-0.02720164,0,-0.5123358,0.05169261,0.8572277,0,-0.7595919,1.684944,-1.095968,1,1.0,1.0,-0.1669618,-0.1829193,0.9688469,-0.0008979486,-0.001825035,-0.02305243,45.71111,2777
6,-0.08536047,-0.1736004,0.9998947,-0.2690646,-0.2185717,0.9998689,-0.1772134,-0.1960862,0.9998817,-0.8570062,0.05522408,-0.5123388,0,0.03369334,0.9981186,0.05122544,0,-0.5142037,-0.02663811,0.8572545,0,-1.271339,-1.669063,0.4640661,1,-0.857006,0.03369335,-0.5142035,0,0.05522406,0.9981186,-0.02663811,0,-0.5123386,0.05122543,0.8572542,0,-0.7596134,1.684987,-1.09601,1,1.0,1.0,-0.1669583,-0.1839532,0.9686517,-0.0008988716,-0.001824852,-0.02305251,45.72223,2778
6,-0.08587331,-0.1734821,1.00001,-0.2688906,-0.2186404,0.9999985,-0.1773823,-0.1960612,1.000004,-0.8570739,0.0559535,-0.5121461,0,0.03461789,0.9980928,0.05111177,0,-0.5140292,-0.02607715,0.8573763,0,-1.272879,-1.667896,0.4645282,1,-0.8570739,0.0346179,-0.5140291,0,0.0559535,0.9980928,-0.02607715,0,-0.5121461,0.05111177,0.8573762,0,-0.7597207,1.685036,-1.096066,1,1.0,1.0,-0.1670943,-0.1839051,0.9686373,-0.0009006271,-0.001824776,-0.02305103,45.74445,2779
6,-0.08560839,-0.173871,1.00002,-0.2686328,-0.2186948,0.9999965,-0.1771213,-0.1962831,1.000008,-0.8571376,0.05634908,-0.5119963,0,0.03499644,0.9980721,0.05125755,0,-0.5138975,-0.02601672,0.857457,0,-1.273494,-1.667489,0.4644775,1,-0.8571374,0.03499645,-0.5138974,0,0.05634907,0.9980721,-0.02601672,0,-0.5119962,0.05125755,0.8574569,0,-0.7597871,1.685034,-1.096097,1,1.0,1.0,-0.1668467,-0.1841151,0.9686402,-0.0009011459,-0.001824776,-0.02305075,45.75556,2780
6,-0.08449581,-0.1737054,1.000027,-0.2671892,-0.2188441,1.000049,-0.1758418,-0.1962745,1.000038,-0.8570677,0.05715646,-0.5120239,0,0.03576208,0.9980301,0.05154712,0,-0.5139615,-0.02586833,0.8574233,0,-1.274833,-1.666604,0.4639592,1,-0.8570673,0.03576207,-0.5139613,0,0.05715645,0.9980301,-0.02586833,0,-0.5120237,0.05154711,0.8574231,0,-0.7598027,1.684996,-1.096137,1,1.0,1.0,-0.1656639,-0.1841388,0.9688387,-0.0009012986,-0.001824776,-0.02305198,45.76667,2781
6,-0.08449954,-0.1735123,0.9999499,-0.2669753,-0.2209665,0.9999544,-0.1757373,-0.1972394,0.9999522,-0.8569992,0.05784713,-0.512061,0,0.03645403,0.9979954,0.05173233,0,-0.5140271,-0.02566787,0.85739,0,-1.276291,-1.665569,0.4633549,1,-0.8569988,0.03645402,-0.514027,0,0.05784712,0.9979954,-0.02566787,0,-0.5120608,0.05173233,0.8573897,0,-0.7601658,1.684785,-1.096075,1,1.0,1.0,-0.1655528,-0.1850388,0.9686862,-0.0009012986,-0.001824776,-0.02305304,45.78889,2782
6,-0.08444035,-0.1710965,0.9998141,-0.2669142,-0.221086,0.9998875,-0.1756752,-0.1960904,0.9998506,-0.8568146,0.05801191,-0.5123507,0,0.03651611,0.9979828,0.0519319,0,-0.5143299,-0.02578696,0.8572047,0,-1.276493,-1.66568,0.4628431,1,-0.8568147,0.03651611,-0.5143299,0,0.05801191,0.9979828,-0.02578696,0,-0.5123507,0.0519319,0.8572046,0,-0.7599506,1.684896,-1.096242,1,1.0,1.0,-0.1655441,-0.1840015,0.9688853,-0.0009012986,-0.001830544,-0.02305486,45.8,2783
6,-0.08353961,-0.1729834,0.999937,-0.2673153,-0.221867,0.999979,-0.1754262,-0.1974249,0.9999582,-0.8566611,0.05802,-0.5126065,0,0.03663567,0.9979887,0.05173355,0,-0.514577,-0.02553843,0.8570638,0,-1.276874,-1.665387,0.4628792,1,-0.8566611,0.03663568,-0.5145771,0,0.05802001,0.9979888,-0.02553843,0,-0.5126064,0.05173355,0.8570637,0,-0.7599474,1.68487,-1.096298,1,1.0,1.0,-0.1652598,-0.1852061,0.9687042,-0.0009016795,-0.001836304,-0.02305501,45.81111,2784
6,-0.08318773,-0.1744293,1.000013,-0.2671497,-0.2231747,1.000051,-0.1751676,-0.1988018,1.000032,-0.8565767,0.05811743,-0.512737,0,0.0366443,0.9979797,0.05190063,0,-0.5147174,-0.02566797,0.8569758,0,-1.276994,-1.665437,0.4624316,1,-0.8565763,0.03664429,-0.5147172,0,0.05811742,0.9979797,-0.02566797,0,-0.5127367,0.05190061,0.8569754,0,-0.7599461,1.684867,-1.096331,1,1.0,1.0,-0.1649711,-0.1864586,0.9685132,-0.0009007333,-0.001836739,-0.02305501,45.83334,2785
6,-0.08316746,-0.1748127,1.000054,-0.2666663,-0.2235623,1.000131,-0.1749145,-0.1991865,1.000093,-0.8564535,0.05766896,-0.5129928,0,0.03587923,0.9979872,0.05228922,0,-0.5149757,-0.0263775,0.8567988,0,-1.275988,-1.666495,0.461428,1,-0.8564535,0.03587923,-0.5149758,0,0.05766896,0.9979872,-0.0263775,0,-0.5129929,0.05228922,0.8567989,0,-0.7600102,1.684795,-1.096412,1,1.0,1.0,-0.164719,-0.1868072,0.9684888,-0.0008993456,-0.001837296,-0.02305501,45.84444,2786
6,-0.08319589,-0.1750785,0.9999741,-0.267288,-0.2236622,0.999968,-0.1752421,-0.1993702,0.999971,-0.856504,0.05632382,-0.5130581,0,0.03409827,0.9980312,0.05264048,0,-0.5150129,-0.02759239,0.8567382,0,-1.273233,-1.668854,0.4607101,1,-0.856504,0.03409827,-0.5150129,0,0.05632383,0.9980313,-0.02759239,0,-0.5130581,0.05264049,0.8567383,0,-0.7601621,1.684731,-1.096487,1,1.0,1.0,-0.1650341,-0.1869853,0.9684008,-0.000898757,-0.001837738,-0.02305458,45.86667,2787
6,-0.08246303,-0.1754476,0.9998225,-0.2661174,-0.223611,0.9998266,-0.1742901,-0.1995294,0.9998245,-0.8565341,0.05564935,-0.5130814,0,0.03332042,0.9980583,0.05262561,0,-0.5150137,-0.02797954,0.8567252,0,-1.271885,-1.669837,0.4608802,1,-0.8565341,0.03332042,-0.5150137,0,0.05564935,0.9980583,-0.02797955,0,-0.5130814,0.05262561,0.8567252,0,-0.7600182,1.684721,-1.096607,1,1.0,1.0,-0.1641749,-0.1871849,0.9685084,-0.000898757,-0.001836922,-0.02305441,45.87778,2788
6,-0.0818927,-0.1748862,0.9999516,-0.2664778,-0.2234464,0.9999382,-0.1741857,-0.1991663,0.999945,-0.8565943,0.05561328,-0.5129848,0,0.03320955,0.9980556,0.05274625,0,-0.5149207,-0.02814614,0.8567756,0,-1.271686,-1.669999,0.4608674,1,-0.8565943,0.03320956,-0.5149207,0,0.05561327,0.9980556,-0.02814615,0,-0.5129848,0.05274626,0.8567756,0,-0.760027,1.684674,-1.096681,1,1.0,1.0,-0.1640686,-0.1868351,0.9685938,-0.0009016255,-0.001836861,-0.02305397,45.88889,2789
6,-0.08307984,-0.1745695,0.9999155,-0.2662075,-0.2235206,0.9998645,-0.1746449,-0.1990456,0.9998899,-0.8568677,0.05651495,-0.5124295,0,0.03400445,0.9980044,0.05320703,0,-0.5144139,-0.0281665,0.8570795,0,-1.272595,-1.669229,0.4610147,1,-0.8568674,0.03400446,-0.5144138,0,0.05651494,0.9980044,-0.02816649,0,-0.5124294,0.05320702,0.8570792,0,-0.7598712,1.684642,-1.096783,1,1.0,1.0,-0.1645006,-0.1867229,0.9685422,-0.0009049978,-0.001835533,-0.02305351,45.91111,2790
6,-0.08320573,-0.1739885,0.9999415,-0.2665767,-0.2248297,0.9999067,-0.1748923,-0.1994096,0.9999241,-0.8569323,0.05696929,-0.512271,0,0.03455251,0.9979867,0.05318558,0,-0.5142695,-0.02787619,0.8571754,0,-1.273433,-1.668512,0.4613168,1,-0.8569322,0.0345525,-0.5142696,0,0.05696929,0.9979867,-0.0278762,0,-0.512271,0.05318558,0.8571755,0,-0.759873,1.684618,-1.096829,1,1.0,1.0,-0.1647076,-0.1870418,0.9684455,-0.0009101033,-0.001835655,-0.02305361,45.92222,2791
6,-0.08340451,-0.1734785,0.999905,-0.2663749,-0.2235502,0.9998904,-0.17489,-0.1985143,0.9998977,-0.8570291,0.05715371,-0.5120887,0,0.03501075,0.9979917,0.05279106,0,-0.5140775,-0.02731485,0.8573089,0,-1.274029,-1.667802,0.4622363,1,-0.8570288,0.03501074,-0.5140774,0,0.05715371,0.9979916,-0.02731485,0,-0.5120886,0.05279104,0.8573086,0,-0.7598522,1.684655,-1.096784,1,1.0,1.0,-0.1647339,-0.1862285,0.9685978,-0.0009122007,-0.001835663,-0.02305387,45.94445,2792
6,-0.08377033,-0.1737672,0.9999368,-0.2662879,-0.2236916,0.9999253,-0.1750296,-0.1987296,0.999931,-0.8570676,0.05721525,-0.5120174,0,0.03505271,0.9979873,0.05284499,0,-0.5140104,-0.02734412,0.8573481,0,-1.274012,-1.667842,0.4623092,1,-0.8570674,0.03505271,-0.5140103,0,0.05721524,0.9979873,-0.02734412,0,-0.5120173,0.05284498,0.857348,0,-0.7597775,1.684712,-1.096821,1,1.0,1.0,-0.1648502,-0.1864171,0.9685417,-0.0009130025,-0.001834076,-0.02305307,45.95555,2793
6,-0.08334509,-0.1732063,0.9999729,-0.2662012,-0.2237517,0.9999932,-0.1747727,-0.1984786,0.9999831,-0.856988,0.05721858,-0.5121502,0,0.03512544,0.9979913,0.05272198,0,-0.5141382,-0.02719259,0.8572763,0,-1.274192,-1.667679,0.462354,1,-0.8569877,0.03512544,-0.514138,0,0.05721857,0.9979913,-0.02719259,0,-0.5121501,0.05272197,0.8572761,0,-0.7597503,1.684709,-1.096824,1,1.0,1.0,-0.1646129,-0.1861874,0.9686263,-0.0009130025,-0.001832764,-0.02305409,45.96667,2794
6,-0.08334821,-0.1732102,1.0,-0.2662027,-0.2237526,1.0,-0.1747755,-0.1984814,1.0,-0.856988,0.05721858,-0.5121502,0,0.03512544,0.9979913,0.05272198,0,-0.5141382,-0.02719259,0.8572763,0,-1.274192,-1.667679,0.462354,1,-0.8569877,0.03512544,-0.514138,0,0.05721857,0.9979913,-0.02719259,0,-0.5121501,0.05272197,0.8572761,0,-0.7597503,1.684709,-1.096824,1,1.0,1.0,-0.1646129,-0.1861874,0.9686263,-0.0009130025,-0.001832764,-0.02305409,45.97778,2795
6,-0.0827404,-0.172535,0.9999995,-0.2665752,-0.2254159,1.000103,-0.1746548,-0.198974,1.000051,-0.856486,0.05827506,-0.5128702,0,0.03615208,0.9979389,0.05301771,0,-0.5149027,-0.0268676,0.8568275,0,-1.276354,-1.666469,0.4609783,1,-0.856486,0.03615208,-0.5149027,0,0.05827506,0.9979389,-0.0268676,0,-0.5128701,0.05301771,0.8568274,0,-0.7596438,1.684737,-1.096951,1,1.0,1.0,-0.1644812,-0.1866297,0.9685636,-0.0009115916,-0.001835876,-0.02305332,46.01111,2796
6,-0.08295834,-0.1714237,0.9999593,-0.2650433,-0.2264517,0.9999877,-0.174,-0.1989374,0.9999736,-0.8563644,0.05824506,-0.5130765,0,0.03624368,0.9979475,0.05279468,0,-0.5150985,-0.02661571,0.8567177,0,-1.276618,-1.66627,0.4610966,1,-0.8563644,0.03624368,-0.5150984,0,0.05824506,0.9979474,-0.02661571,0,-0.5130765,0.05279468,0.8567176,0,-0.7596206,1.684776,-1.096963,1,1.0,1.0,-0.1638938,-0.1866263,0.9686638,-0.0009082956,-0.001837319,-0.02305296,46.02222,2797
6,-0.08297721,-0.1718702,0.9999052,-0.2646009,-0.226197,0.9999385,-0.1737883,-0.1990331,0.9999219,-0.8562646,0.05764461,-0.5133111,0,0.03567727,0.9979803,0.05255878,0,-0.5153041,-0.02669068,0.8565918,0,-1.27572,-1.666976,0.4612519,1,-0.8562644,0.03567727,-0.515304,0,0.0576446,0.9979803,-0.02669068,0,-0.513311,0.05255877,0.8565916,0,-0.7594956,1.68488,-1.096981,1,1.0,1.0,-0.1637054,-0.1867297,0.9686757,-0.0009061592,-0.001836708,-0.02305347,46.03333,2798
6,-0.08336481,-0.1727733,0.99991,-0.2668149,-0.2259016,0.9998984,-0.1750902,-0.1993373,0.9999042,-0.856349,0.05661406,-0.5132848,0,0.03495444,0.9980474,0.05176527,0,-0.5152131,-0.02638755,0.8566558,0,-1.27442,-1.667562,0.4627647,1,-0.8563491,0.03495444,-0.5152131,0,0.05661406,0.9980474,-0.02638755,0,-0.5132847,0.05176526,0.8566557,0,-0.7594106,1.684897,-1.097031,1,1.0,1.0,-0.164899,-0.1869745,0.9684259,-0.0009057997,-0.001835198,-0.02305377,46.05556,2799
6,-0.0834721,-0.1748588,0.999952,-0.2678901,-0.2259423,0.999927,-0.1756818,-0.2004008,0.9999394,-0.8564188,0.05648086,-0.5131829,0,0.03483381,0.9980543,0.05171378,0,-0.5151053,-0.02641253,0.85672,0,-1.274148,-1.66771,0.463029,1,-0.8564188,0.03483381,-0.5151052,0,0.05648086,0.9980542,-0.02641253,0,-0.5131829,0.05171378,0.8567198,0,-0.759392,1.684904,-1.097055,1,1.0,1.0,-0.1654073,-0.1879223,0.9681557,-0.0009054719,-0.001834801,-0.02305398,46.06667,2800
6,-0.08304024,-0.1746645,0.999999,-0.2681019,-0.2258446,0.9999751,-0.1755717,-0.2002549,0.9999869,-0.8564645,0.05715591,-0.5130321,0,0.03539315,0.9980145,0.05210095,0,-0.5149913,-0.02646479,0.8567868,0,-1.274928,-1.667183,0.4626253,1,-0.8564644,0.03539314,-0.5149912,0,0.05715592,0.9980145,-0.02646479,0,-0.513032,0.05210095,0.8567867,0,-0.759299,1.684893,-1.09707,1,1.0,1.0,-0.1653025,-0.1877817,0.968201,-0.0009061433,-0.001837105,-0.02305422,46.08889,2801
6,-0.08143449,-0.1746289,1.000039,-0.2680916,-0.2251479,1.000063,-0.1747622,-0.1998881,1.000051,-0.8564333,0.05750729,-0.5130451,0,0.03560172,0.9979895,0.05243435,0,-0.515029,-0.02664123,0.8567588,0,-1.27528,-1.667046,0.4620455,1,-0.8564329,0.03560171,-0.5150289,0,0.05750727,0.9979895,-0.02664123,0,-0.513045,0.05243434,0.8567586,0,-0.759274,1.68487,-1.097079,1,1.0,1.0,-0.1645584,-0.1874574,0.9683906,-0.0009062197,-0.00183979,-0.02305502,46.1,2802
6,-0.08269617,-0.1755677,1.000026,-0.2680384,-0.2265368,0.9999998,-0.175368,-0.2010527,1.000013,-0.8565263,0.0577795,-0.5128592,0,0.03579463,0.9979712,0.05265234,0,-0.514861,-0.02674051,0.8568568,0,-1.275552,-1.666894,0.4619247,1,-0.8565261,0.03579463,-0.5148607,0,0.0577795,0.9979712,-0.0267405,0,-0.512859,0.05265233,0.8568563,0,-0.7593291,1.684849,-1.097108,1,1.0,1.0,-0.1650851,-0.1885084,0.9680969,-0.0009090193,-0.001840721,-0.02305552,46.11111,2803
6,-0.08283427,-0.1744782,0.9999545,-0.2673769,-0.2256259,0.9999455,-0.1751057,-0.200052,0.9999501,-0.8565547,0.05759535,-0.5128322,0,0.03561256,0.9979805,0.05259991,0,-0.514826,-0.02679143,0.856876,0,-1.27519,-1.667119,0.4620886,1,-0.8565546,0.03561257,-0.514826,0,0.05759535,0.9979805,-0.02679143,0,-0.5128322,0.0525999,0.856876,0,-0.7592773,1.68486,-1.097118,1,1.0,1.0,-0.1648821,-0.1876114,0.9683056,-0.0009093853,-0.001843117,-0.02305634,46.12222,2804
6,-0.08266446,-0.1751027,0.9999136,-0.267404,-0.2251514,0.9999551,-0.1750329,-0.2001266,0.9999342,-0.8564267,0.05751841,-0.5130545,0,0.0355715,0.9979869,0.05250559,0,-0.5150417,-0.02671708,0.8567487,0,-1.275262,-1.667128,0.4620284,1,-0.8564267,0.03557149,-0.5150417,0,0.0575184,0.9979868,-0.02671707,0,-0.5130545,0.05250559,0.8567486,0,-0.759232,1.684876,-1.097196,1,1.0,1.0,-0.1648156,-0.1876837,0.968303,-0.0009088982,-0.001842743,-0.02305634,46.14445,2805
6,-0.08129847,-0.1745428,1.000026,-0.2678828,-0.2268198,1.000044,-0.1745903,-0.2006813,1.000035,-0.856326,0.05808365,-0.513159,0,0.0361515,0.9979595,0.05263022,0,-0.5151688,-0.02651715,0.8566785,0,-1.276248,-1.666373,0.4616558,1,-0.856326,0.03615149,-0.5151687,0,0.05808365,0.9979594,-0.02651715,0,-0.5131589,0.05263021,0.8566784,0,-0.7591928,1.684814,-1.097161,1,1.0,1.0,-0.1643766,-0.1881849,0.9682804,-0.0009091347,-0.001844505,-0.02305634,46.16667,2806
6,-0.08135244,-0.1745792,0.9999181,-0.2693242,-0.2270305,0.9999586,-0.175337,-0.2008042,0.9999384,-0.8562117,0.05815981,-0.5133411,0,0.03622346,0.997956,0.05264722,0,-0.5153538,-0.02648217,0.8565683,0,-1.276332,-1.666254,0.4614692,1,-0.8562116,0.03622346,-0.5153537,0,0.05815981,0.997956,-0.02648217,0,-0.5133411,0.05264722,0.8565682,0,-0.7590098,1.684786,-1.097168,1,1.0,1.0,-0.1650753,-0.1882888,0.9681412,-0.00090886,-0.00184745,-0.02305642,46.17778,2807
6,-0.08141404,-0.1756439,1.000013,-0.2687778,-0.2263921,1.000068,-0.1750941,-0.2010173,1.000041,-0.8560048,0.05844097,-0.5136539,0,0.03634267,0.9979343,0.05297487,0,-0.5156888,-0.02667919,0.8563606,0,-1.276541,-1.666239,0.4605056,1,-0.8560048,0.03634267,-0.5156887,0,0.05844098,0.9979344,-0.02667919,0,-0.5136539,0.05297487,0.8563604,0,-0.7588085,1.684795,-1.097111,1,1.0,1.0,-0.164831,-0.1884717,0.9681473,-0.0009079203,-0.001848747,-0.02305601,46.2,2808
6,-0.08129299,-0.1745686,0.999969,-0.2692991,-0.2264218,1.000001,-0.175295,-0.2004948,0.999985,-0.8559085,0.05823487,-0.5138378,0,0.03616863,0.997947,0.0528538,0,-0.5158609,-0.02665321,0.8562577,0,-1.276274,-1.666381,0.4604826,1,-0.8559085,0.03616863,-0.5158609,0,0.05823488,0.997947,-0.02665321,0,-0.5138379,0.05285381,0.8562577,0,-0.758719,1.684783,-1.097086,1,1.0,1.0,-0.1650405,-0.1879992,0.9682034,-0.0009071957,-0.001848518,-0.02305546,46.21111,2809
6,-0.08090767,-0.1747714,1.000067,-0.2687933,-0.2265237,1.000123,-0.1748486,-0.2006468,1.000095,-0.8557773,0.05846163,-0.5140309,0,0.03629401,0.9979309,0.05307285,0,-0.51607,-0.0267623,0.8561283,0,-1.276574,-1.666314,0.459815,1,-0.855777,0.03629399,-0.5160699,0,0.05846162,0.9979308,-0.0267623,0,-0.5140308,0.05307284,0.8561282,0,-0.7586879,1.684794,-1.097056,1,1.0,1.0,-0.1646089,-0.188135,0.9682505,-0.0009066919,-0.001845367,-0.02305506,46.22223,2810
6,-0.08127698,-0.1748531,1.000033,-0.2683522,-0.2269029,1.000075,-0.1748132,-0.2008775,1.000054,-0.855639,0.05866847,-0.5142373,0,0.03648692,0.9979202,0.05314049,0,-0.5162855,-0.02670614,0.8560001,0,-1.276932,-1.666091,0.4594221,1,-0.855639,0.03648692,-0.5162855,0,0.05866847,0.9979203,-0.02670614,0,-0.5142373,0.05314049,0.8560001,0,-0.7585936,1.684803,-1.097021,1,1.0,1.0,-0.1645747,-0.188354,0.9682138,-0.0009076381,-0.001844826,-0.02305492,46.24445,2811
6,-0.08141765,-0.175238,1.000069,-0.2682768,-0.2269911,1.000105,-0.1748462,-0.2011141,1.000087,-0.855558,0.0590595,-0.5143275,0,0.03679158,0.997896,0.05338605,0,-0.5163983,-0.02675193,0.8559307,0,-1.277578,-1.665766,0.458847,1,-0.8555577,0.03679158,-0.5163981,0,0.05905949,0.9978959,-0.02675193,0,-0.5143274,0.05338604,0.8559306,0,-0.7586645,1.684769,-1.097042,1,1.0,1.0,-0.1645927,-0.1885638,0.9681699,-0.0009079659,-0.001844177,-0.0230547,46.25556,2812
6,-0.08170629,-0.1742349,1.000026,-0.2681438,-0.2267795,1.000022,-0.1749252,-0.2005071,1.000024,-0.8554419,0.05969727,-0.5144468,0,0.03729901,0.9978564,0.05377071,0,-0.5165541,-0.02680936,0.855835,0,-1.278468,-1.665218,0.4579502,1,-0.8554418,0.03729901,-0.5165539,0,0.05969727,0.9978566,-0.02680936,0,-0.5144467,0.05377071,0.8558347,0,-0.7586551,1.68471,-1.096971,1,1.0,1.0,-0.1646898,-0.1880183,0.9682595,-0.0009113839,-0.001844689,-0.02305475,46.27778,2813
6,-0.0817056,-0.174505,1.000076,-0.2686602,-0.224477,1.00011,-0.1751818,-0.1994905,1.000093,-0.8552607,0.05992541,-0.5147217,0,0.03779462,0.9978591,0.05337424,0,-0.5168182,-0.02619517,0.8556945,0,-1.279447,-1.664376,0.4581328,1,-0.8552604,0.03779462,-0.5168179,0,0.0599254,0.9978591,-0.02619517,0,-0.5147215,0.05337422,0.8556942,0,-0.758711,1.684717,-1.096861,1,1.0,1.0,-0.1649425,-0.1870714,0.9683999,-0.0009146268,-0.001843414,-0.02305495,46.3,2814
6,-0.08166856,-0.1744405,1.000001,-0.2702953,-0.2245811,0.9999917,-0.1759821,-0.1995111,0.9999961,-0.8551065,0.06012909,-0.514954,0,0.03834838,0.9978665,0.05283747,0,-0.5170324,-0.02543401,0.855588,0,-1.280455,-1.66341,0.4586755,1,-0.8551064,0.03834838,-0.5170323,0,0.06012909,0.9978666,-0.02543401,0,-0.5149539,0.05283746,0.8555878,0,-0.7587091,1.684729,-1.096781,1,1.0,1.0,-0.1656907,-0.1870841,0.9682696,-0.0009170314,-0.001842323,-0.02305566,46.32222,2815
6,-0.08178008,-0.1740807,1.000187,-0.2703632,-0.2239234,1.00029,-0.1760684,-0.1990009,1.000238,-0.8548033,0.06049629,-0.5154141,0,0.03873553,0.9978493,0.05287967,0,-0.5175047,-0.02523687,0.8553083,0,-1.281542,-1.662779,0.4578098,1,-0.8548031,0.03873553,-0.5175045,0,0.06049627,0.9978492,-0.02523687,0,-0.5154141,0.05287966,0.8553081,0,-0.7589129,1.684635,-1.096736,1,1.0,1.0,-0.1657477,-0.1865756,0.968358,-0.0009177858,-0.001841415,-0.02305561,46.33334,2816
6,-0.08176327,-0.1735204,0.9999625,-0.2697388,-0.2236197,0.9999551,-0.1757515,-0.1985702,0.9999589,-0.8547885,0.06032933,-0.5154583,0,0.03846337,0.9978532,0.05300482,0,-0.5175495,-0.02548165,0.855274,0,-1.281054,-1.663244,0.4575415,1,-0.8547882,0.03846335,-0.5175494,0,0.06032932,0.9978532,-0.02548164,0,-0.5154582,0.05300481,0.8552737,0,-0.7588435,1.684695,-1.096714,1,1.0,1.0,-0.1655105,-0.1862388,0.9684634,-0.0009181518,-0.001841263,-0.02305556,46.35556,2817
6,-0.0814997,-0.1759458,1.000074,-0.2705065,-0.2240992,1.000118,-0.1760016,-0.2000221,1.000096,-0.8547188,0.05985273,-0.5156293,0,0.03782674,0.997871,0.05312749,0,-0.5177114,-0.02590449,0.8551631,0,-1.280094,-1.664093,0.4570473,1,-0.8547186,0.03782674,-0.5177113,0,0.05985273,0.9978711,-0.02590449,0,-0.5156292,0.05312749,0.855163,0,-0.7588524,1.68469,-1.096676,1,1.0,1.0,-0.1656762,-0.18754,0.968184,-0.0009195413,-0.001835297,-0.02305499,46.36667,2818
6,-0.08154586,-0.1759661,0.9999116,-0.270469,-0.2242783,0.9999088,-0.1760076,-0.2001221,0.9999102,-0.8547792,0.05949328,-0.5155705,0,0.03730956,0.9978817,0.05329206,0,-0.5176489,-0.02631724,0.8551883,0,-1.279106,-1.664842,0.4569554,1,-0.8547792,0.03730957,-0.5176489,0,0.05949328,0.9978817,-0.02631724,0,-0.5155705,0.05329207,0.8551884,0,-0.7587139,1.684686,-1.096725,1,1.0,1.0,-0.1657068,-0.1876628,0.9681549,-0.0009196252,-0.001835297,-0.02305499,46.37778,2819
6,-0.08201188,-0.1763235,1.000121,-0.2707332,-0.2242919,1.000092,-0.1763735,-0.200308,1.000107,-0.854902,0.05937504,-0.5153806,0,0.03698128,0.9978765,0.05361783,0,-0.5174698,-0.02677855,0.8552824,0,-1.278407,-1.665318,0.456526,1,-0.854902,0.03698128,-0.5174697,0,0.05937504,0.9978765,-0.02677855,0,-0.5153806,0.05361782,0.8552823,0,-0.7587496,1.684581,-1.09659,1,1.0,1.0,-0.1660073,-0.1877881,0.9680791,-0.0009206692,-0.001835297,-0.02305451,46.4,2820
6,-0.08230215,-0.1763982,1.000249,-0.2692328,-0.2248909,1.000272,-0.1757668,-0.2006443,1.00026,-0.8548453,0.05965849,-0.5154419,0,0.03721661,0.9978595,0.05377201,0,-0.5175465,-0.02678375,0.8552358,0,-1.278931,-1.664937,0.4559532,1,-0.8548453,0.03721661,-0.5175465,0,0.05965849,0.9978594,-0.02678375,0,-0.5154419,0.053772,0.8552358,0,-0.7589433,1.684453,-1.096447,1,1.0,1.0,-0.1654149,-0.188087,0.9681225,-0.0009218063,-0.001835297,-0.0230538,46.41111,2821
6,-0.08696005,-0.1754952,1.000054,-0.2685888,-0.2269657,1.000016,-0.1777756,-0.2012309,1.000035,-0.8549584,0.06027775,-0.5151826,0,0.03814282,0.9978417,0.05345123,0,-0.5172926,-0.02604805,0.8554122,0,-1.280283,-1.663713,0.4567122,1,-0.8549581,0.03814281,-0.5172924,0,0.06027774,0.9978417,-0.02604805,0,-0.5151824,0.05345122,0.8554121,0,-0.7590138,1.684543,-1.096294,1,1.0,1.0,-0.1672675,-0.1885978,0.9677048,-0.0009362185,-0.001841278,-0.02304634,46.43333,2822
6,-0.08716986,-0.1757633,1.00014,-0.2696623,-0.228451,1.000144,-0.178416,-0.2021071,1.000142,-0.8550354,0.06083858,-0.5149884,0,0.03891139,0.9978215,0.05327387,0,-0.5171075,-0.02551214,0.85554,0,-1.28139,-1.662711,0.4570997,1,-0.8550355,0.03891139,-0.5171077,0,0.06083858,0.9978216,-0.02551213,0,-0.5149884,0.05327388,0.8555402,0,-0.7590762,1.684598,-1.096103,1,1.0,1.0,-0.1678103,-0.1893586,0.9674622,-0.0009397129,-0.001841477,-0.02304631,46.46667,2823
6,-0.08695778,-0.1762326,1.000046,-0.2698815,-0.2284897,1.000035,-0.1784201,-0.2023613,1.000041,-0.855037,0.06098218,-0.514969,0,0.03914879,0.9978184,0.05315949,0,-0.5170873,-0.02529291,0.855559,0,-1.281718,-1.662341,0.4572588,1,-0.8550369,0.03914878,-0.5170872,0,0.06098218,0.9978184,-0.02529291,0,-0.514969,0.05315948,0.8555588,0,-0.7590684,1.684584,-1.096017,1,1.0,1.0,-0.167822,-0.1896084,0.9674112,-0.0009397129,-0.001841477,-0.02304542,46.47778,2824
6,-0.08748269,-0.1754201,1.000123,-0.2699874,-0.2290684,1.000151,-0.178734,-0.2022439,1.000137,-0.8549503,0.06112885,-0.5150958,0,0.03930667,0.9978114,0.05317422,0,-0.5172189,-0.02521461,0.8554819,0,-1.282034,-1.662132,0.4569449,1,-0.85495,0.03930667,-0.5172186,0,0.06112883,0.9978113,-0.0252146,0,-0.5150956,0.0531742,0.8554814,0,-0.7591009,1.684589,-1.09591,1,1.0,1.0,-0.1680999,-0.1894756,0.967389,-0.0009397129,-0.001841477,-0.02304321,46.48889,2825
6,-0.08573848,-0.1748938,1.000113,-0.271727,-0.2306338,1.000182,-0.1787305,-0.2027628,1.000148,-0.8545744,0.0612069,-0.5157095,0,0.03958407,0.9978186,0.05283177,0,-0.5178182,-0.0247348,0.8551331,0,-1.282937,-1.661513,0.4564399,1,-0.8545744,0.03958407,-0.5178181,0,0.06120689,0.9978185,-0.0247348,0,-0.5157095,0.05283177,0.8551331,0,-0.759279,1.684558,-1.095742,1,1.0,1.0,-0.1680838,-0.1899481,0.9672992,-0.00093544,-0.001840736,-0.02303966,46.51111,2826
6,-0.08561414,-0.1750576,1.000129,-0.271671,-0.2309236,1.000276,-0.1786382,-0.2029887,1.000203,-0.854121,0.06122242,-0.5164583,0,0.03969712,0.9978245,0.05263367,0,-0.5185571,-0.02445362,0.8546933,0,-1.283593,-1.661213,0.4556274,1,-0.854121,0.03969712,-0.5185571,0,0.06122243,0.9978246,-0.02445361,0,-0.5164583,0.05263367,0.8546932,0,-0.7593279,1.684573,-1.095661,1,1.0,1.0,-0.1679855,-0.1901479,0.9672769,-0.0009334115,-0.001839623,-0.02303955,46.52222,2827
6,-0.08548075,-0.175916,1.0001,-0.2715608,-0.229934,1.000162,-0.1785188,-0.2029243,1.000131,-0.8536704,0.06041036,-0.5172982,0,0.03881485,0.9978675,0.05247736,0,-0.5193653,-0.02471951,0.8541948,0,-1.282428,-1.662379,0.4546621,1,-0.8536704,0.03881486,-0.5193653,0,0.06041037,0.9978676,-0.02471951,0,-0.5172983,0.05247736,0.8541947,0,-0.7591496,1.684752,-1.095511,1,1.0,1.0,-0.1678914,-0.1901065,0.9673014,-0.0009308252,-0.001838532,-0.02303948,46.54445,2828
6,-0.08444083,-0.1761375,1.00018,-0.2708321,-0.2290025,1.000246,-0.1776345,-0.2025692,1.000213,-0.8534927,0.05979322,-0.5176629,0,0.03819767,0.9979014,0.05228556,0,-0.5197029,-0.02485183,0.8539855,0,-1.281625,-1.663092,0.4542972,1,-0.8534928,0.03819767,-0.5197029,0,0.05979322,0.9979014,-0.02485183,0,-0.5176629,0.05228556,0.8539855,0,-0.7592429,1.684804,-1.095358,1,1.0,1.0,-0.1670824,-0.1897958,0.9675025,-0.0009246143,-0.00183783,-0.02303891,46.55556,2829
6,-0.08438203,-0.1758503,0.9998888,-0.27255,-0.2297983,0.9999422,-0.1784642,-0.2028236,0.9999155,-0.8533778,0.05947831,-0.5178885,0,0.03793721,0.9979212,0.05209593,0,-0.5199106,-0.02481027,0.8538604,0,-1.281179,-1.663447,0.4543138,1,-0.853378,0.03793721,-0.5199105,0,0.05947831,0.9979211,-0.02481026,0,-0.5178885,0.05209593,0.8538602,0,-0.7591068,1.684925,-1.095289,1,1.0,1.0,-0.167885,-0.1900566,0.9673123,-0.0009216312,-0.001834274,-0.02304382,46.57778,2830
6,-0.08357891,-0.176423,1.00009,-0.2726023,-0.2289647,1.000117,-0.1780898,-0.2026936,1.000104,-0.8532706,0.05960659,-0.5180506,0,0.0381618,0.9979195,0.05196451,0,-0.5200702,-0.02457005,0.8537701,0,-1.281654,-1.66309,0.4542137,1,-0.8532705,0.0381618,-0.5200701,0,0.05960659,0.9979196,-0.02457005,0,-0.5180505,0.05196451,0.85377,0,-0.7591605,1.684937,-1.095206,1,1.0,1.0,-0.1675146,-0.1899174,0.9674038,-0.0009224778,-0.001832771,-0.02304392,46.58889,2831
6,-0.08356878,-0.1764069,1.0,-0.2725745,-0.2289387,1.0,-0.1780716,-0.202673,1.0,-0.8532706,0.05960659,-0.5180506,0,0.0381618,0.9979195,0.05196451,0,-0.5200702,-0.02457005,0.8537701,0,-1.281654,-1.66309,0.4542137,1,-0.8532705,0.0381618,-0.5200701,0,0.05960659,0.9979196,-0.02457005,0,-0.5180505,0.05196451,0.85377,0,-0.7591605,1.684937,-1.095206,1,1.0,1.0,-0.1675146,-0.1899174,0.9674038,-0.0009224778,-0.001832771,-0.02304392,46.6,2832
6,-0.08314124,-0.1761741,1.000216,-0.2716919,-0.2278381,1.00017,-0.1774178,-0.2020066,1.000193,-0.8535489,0.06035362,-0.5175056,0,0.03886724,0.9978763,0.05227069,0,-0.5195613,-0.02450157,0.854082,0,-1.282641,-1.66223,0.454015,1,-0.8535485,0.03886723,-0.5195612,0,0.06035361,0.9978763,-0.02450157,0,-0.5175054,0.05227068,0.8540817,0,-0.7595196,1.684821,-1.094904,1,1.0,1.0,-0.1669026,-0.1892927,0.967632,-0.0009238515,-0.001835976,-0.0230467,46.62222,2833
6,-0.08016101,-0.175942,1.000217,-0.2703669,-0.2276815,1.000215,-0.1752639,-0.2018119,1.000216,-0.8535552,0.06001664,-0.5175344,0,0.03854857,0.9978952,0.05214531,0,-0.5195747,-0.02455868,0.8540722,0,-1.282225,-1.662465,0.4539566,1,-0.8535549,0.03854856,-0.5195745,0,0.06001663,0.9978952,-0.02455868,0,-0.5175343,0.0521453,0.8540719,0,-0.7597358,1.684722,-1.094751,1,1.0,1.0,-0.1649228,-0.1891747,0.9679946,-0.0009242781,-0.00183625,-0.02304904,46.63334,2834
6,-0.07901865,-0.1755404,1.000272,-0.2690711,-0.2277042,1.000285,-0.1740445,-0.2016222,1.000278,-0.8535619,0.05979032,-0.5175493,0,0.03832088,0.9979072,0.05208382,0,-0.5195803,-0.02462382,0.8540667,0,-1.281937,-1.662774,0.4536744,1,-0.8535618,0.03832088,-0.5195803,0,0.05979032,0.9979072,-0.02462382,0,-0.5175493,0.05208383,0.8540668,0,-0.7599962,1.68479,-1.094481,1,1.0,1.0,-0.1637956,-0.1890238,0.9682153,-0.0009251935,-0.001839081,-0.02305145,46.65556,2835
6,-0.0789938,-0.1753252,1.000065,-0.2685606,-0.2266184,1.000085,-0.1737764,-0.2009716,1.000075,-0.8534683,0.05956621,-0.5177295,0,0.03823768,0.9979262,0.05178002,0,-0.5197402,-0.02439582,0.8539761,0,-1.281899,-1.662725,0.4538459,1,-0.8534682,0.03823768,-0.5197401,0,0.05956621,0.9979263,-0.02439583,0,-0.5177295,0.05178002,0.8539759,0,-0.760048,1.684794,-1.094391,1,1.0,1.0,-0.1635976,-0.1884681,0.9683572,-0.0009251935,-0.001843315,-0.02305649,46.66667,2836
6,-0.07900476,-0.1749372,1.000081,-0.2684512,-0.2276568,1.000073,-0.1737283,-0.2012971,1.000077,-0.8535265,0.05923137,-0.5176721,0,0.03798263,0.9979474,0.05155893,0,-0.5196633,-0.02434436,0.8540243,0,-1.281245,-1.663077,0.4543137,1,-0.8535265,0.03798264,-0.5196633,0,0.05923136,0.9979473,-0.02434436,0,-0.5176719,0.05155892,0.8540241,0,-0.7598847,1.684904,-1.094297,1,1.0,1.0,-0.1635436,-0.188765,0.9683084,-0.0009248266,-0.001844887,-0.02305674,46.68889,2837
6,-0.07943368,-0.1756472,1.000067,-0.2678837,-0.2262456,1.000081,-0.1736583,-0.2009462,1.000074,-0.8534803,0.0592899,-0.5177414,0,0.03805988,0.9979454,0.05154067,0,-0.5197335,-0.02428377,0.8539833,0,-1.281378,-1.66304,0.4541826,1,-0.8534802,0.03805987,-0.5197334,0,0.05928991,0.9979454,-0.02428377,0,-0.5177414,0.05154067,0.8539833,0,-0.7598801,1.684984,-1.094224,1,1.0,1.0,-0.1634912,-0.1884461,0.9683794,-0.0009235693,-0.001845848,-0.02305723,46.7,2838
6,-0.0793871,-0.175665,1.000077,-0.2671013,-0.2273035,1.000069,-0.1732447,-0.2014845,1.000073,-0.8536242,0.05909837,-0.5175263,0,0.03786662,0.9979547,0.05150202,0,-0.5195115,-0.0243664,0.8541162,0,-1.280969,-1.663273,0.454366,1,-0.8536239,0.03786661,-0.5195113,0,0.05909836,0.9979547,-0.02436639,0,-0.5175261,0.05150201,0.8541159,0,-0.7600226,1.684976,-1.094087,1,1.0,1.0,-0.1630962,-0.1889492,0.968348,-0.0009215167,-0.001845848,-0.02305734,46.72223,2839
6,-0.07989505,-0.1757626,1.000029,-0.2668621,-0.2265455,1.000029,-0.1733786,-0.2011539,1.000029,-0.8536527,0.05875542,-0.517518,0,0.0374482,0.997969,0.05153122,0,-0.5194947,-0.02460965,0.8541192,0,-1.280239,-1.663863,0.4543022,1,-0.8536526,0.0374482,-0.5194947,0,0.05875542,0.997969,-0.02460965,0,-0.517518,0.05153122,0.8541193,0,-0.7600086,1.685016,-1.094053,1,1.0,1.0,-0.1632391,-0.1886521,0.9683818,-0.0009185867,-0.001845726,-0.02305462,46.73333,2840
6,-0.08236954,-0.175969,1.000095,-0.2666452,-0.2269246,1.000078,-0.1745077,-0.201447,1.000087,-0.8537093,0.05888011,-0.5174105,0,0.03753456,0.9979604,0.05163486,0,-0.5193954,-0.02466039,0.8541782,0,-1.280287,-1.663804,0.4541883,1,-0.8537093,0.03753456,-0.5193954,0,0.05888011,0.9979604,-0.02466038,0,-0.5174103,0.05163486,0.8541781,0,-0.7600262,1.685014,-1.093963,1,1.0,1.0,-0.1642648,-0.1888762,0.9681647,-0.0009156419,-0.001846001,-0.02305391,46.74445,2841
6,-0.08262253,-0.1767797,1.000228,-0.2682141,-0.2269789,1.000242,-0.175418,-0.201879,1.000235,-0.8536954,0.05917685,-0.5173995,0,0.03771535,0.9979394,0.05190859,0,-0.5194051,-0.02480022,0.8541682,0,-1.280627,-1.663627,0.4535459,1,-0.8536954,0.03771536,-0.5194052,0,0.05917685,0.9979395,-0.02480022,0,-0.5173995,0.0519086,0.8541682,0,-0.7601523,1.684956,-1.093827,1,1.0,1.0,-0.1650674,-0.1892184,0.9679613,-0.0009154808,-0.001845635,-0.02305391,46.76667,2842
6,-0.08271331,-0.1768204,1.000171,-0.2681441,-0.2269111,1.000175,-0.1754284,-0.2018658,1.000173,-0.8536916,0.05944219,-0.5173753,0,0.03793653,0.9979233,0.0520563,0,-0.5193952,-0.0248126,0.8541738,0,-1.280815,-1.663401,0.4531757,1,-0.8536917,0.03793653,-0.5193953,0,0.05944219,0.9979233,-0.0248126,0,-0.5173754,0.0520563,0.8541738,0,-0.7600825,1.684945,-1.093613,1,1.0,1.0,-0.1650878,-0.1892167,0.9679582,-0.0009147106,-0.001845635,-0.02305433,46.77778,2843
6,-0.08248103,-0.1764316,1.00002,-0.2686901,-0.2268851,0.9999981,-0.1755862,-0.2016585,1.000009,-0.8537132,0.05938858,-0.5173463,0,0.03802428,0.9979328,0.05181053,0,-0.5193537,-0.0245596,0.8542066,0,-1.280878,-1.663216,0.4535807,1,-0.8537129,0.03802429,-0.5193536,0,0.05938856,0.9979328,-0.0245596,0,-0.5173461,0.05181051,0.8542063,0,-0.7600681,1.684982,-1.093528,1,1.0,1.0,-0.1652642,-0.1890508,0.9679605,-0.0009140708,-0.001845963,-0.02305531,46.78889,2844
