flag,xl,yl,zl,xr,yr,zr,xc,yc,zc,mat_00,mat_10,mat_20,mat_30,mat_01,mat_11,mat_21,mat_31,mat_02,mat_12,mat_22,mat_32,mat_03,mat_13,mat_23,mat_33,ctw_00,ctw_10,ctw_20,ctw_30,ctw_01,ctw_11,ctw_21,ctw_31,ctw_02,ctw_12,ctw_22,ctw_32,ctw_03,ctw_13,ctw_23,ctw_33,opennessl,opennessr,ray_x,ray_y,ray_z,eye_x,eye_y,eye_z,time,frame,u,v
25.0,0.2326418,0.1123687,1.000011,0.04851191,0.1063231,0.9999905,0.1405762,0.109346,1.000001,0.2693791,0.1005819,-0.9577674,0.0,0.01919436,0.9937726,0.1097617,0.0,-0.9628429,0.04795124,-0.2657709,0.0,-0.3641865,-1.415348,-1.156956,1.0,0.2693791,0.01919437,-0.962843,0.0,0.1005819,0.9937726,0.04795123,0.0,-0.9577672,0.1097617,-0.2657709,0.0,-0.8676322,1.540514,-0.5902721,1.0,1.0,1.0,0.1354341,0.1047461,0.9852339,-0.0004309854,0.0002895356,-0.02577524,52.83334,3304.0,0.175,0.104
25.0,0.234151,0.1146606,0.999882,0.04861093,0.1083146,0.9998975,0.1413814,0.1114877,0.9998898,0.2694569,0.1007078,-0.9577322,0.0,0.01920466,0.9937572,0.1098991,0.0,-0.962821,0.04800601,-0.2658406,0.0,-0.364322,-1.415204,-1.157095,1.0,0.2694568,0.01920467,-0.9628209,0.0,0.1007078,0.9937571,0.04800599,0.0,-0.9577321,0.1098991,-0.2658407,0.0,-0.8674958,1.54053,-0.5904414,1.0,1.0,1.0,0.1361817,0.1067922,0.9849111,-0.0004304117,0.0002801514,-0.02574144,52.84444,3305.0,0.175,0.104
25.0,0.234488,0.1142204,0.9999313,0.04848561,0.1102725,0.9999672,0.1414878,0.1122467,0.9999492,0.2695927,0.100883,-0.9576755,0.0,0.01936388,0.9937283,0.1101319,0.0,-0.9627797,0.04823507,-0.2659484,0.0,-0.3645836,-1.414821,-1.157485,1.0,0.2695927,0.01936387,-0.9627797,0.0,0.100883,0.9937283,0.04823507,0.0,-0.9576756,0.1101319,-0.2659484,0.0,-0.8674749,1.540483,-0.590601,1.0,1.0,1.0,0.1362658,0.1075103,0.9848214,-0.0004294431,0.000277298,-0.02571643,52.86667,3306.0,0.175,0.104
25.0,0.2359172,0.1144805,0.9999444,0.04855883,0.1074573,0.9999632,0.1422386,0.110969,0.999954,0.2696766,0.1010047,-0.9576391,0.0,0.01926742,0.9937187,0.110236,0.0,-0.9627582,0.0481793,-0.2660366,0.0,-0.3644166,-1.414743,-1.157645,1.0,0.2696766,0.01926743,-0.9627581,0.0,0.1010047,0.9937186,0.04817929,0.0,-0.9576391,0.110236,-0.2660365,0.0,-0.8674359,1.540492,-0.5906596,1.0,1.0,1.0,0.1369886,0.1062812,0.9848545,-0.0004291916,0.0002814484,-0.02573077,52.87778,3307.0,0.175,0.104
25.0,0.2362129,0.1151922,1.000005,0.04959428,0.1056938,1.00001,0.1429038,0.1104428,1.000007,0.2696511,0.100875,-0.9576599,0.0,0.01941161,0.9937266,0.1101398,0.0,-0.9627624,0.04828905,-0.2660013,0.0,-0.3648446,-1.414799,-1.157508,1.0,0.2696511,0.01941161,-0.9627625,0.0,0.100875,0.9937266,0.04828905,0.0,-0.9576599,0.1101398,-0.2660013,0.0,-0.8674001,1.540493,-0.5908381,1.0,1.0,1.0,0.1376166,0.1057628,0.9848228,-0.0004301984,0.0002861023,-0.02573052,52.9,3308.0,0.175,0.104
25.0,0.2380044,0.1166316,1.000019,0.04957417,0.1052165,1.000031,0.1437897,0.1109239,1.000025,0.2696779,0.1009729,-0.9576421,0.0,0.01909729,0.9937308,0.110156,0.0,-0.9627612,0.047995,-0.2660589,0.0,-0.364439,-1.414938,-1.157586,1.0,0.2696779,0.01909729,-0.9627612,0.0,0.1009729,0.9937308,0.04799499,0.0,-0.9576421,0.110156,-0.2660589,0.0,-0.8674018,1.540543,-0.590944,1.0,1.0,1.0,0.1384429,0.1062056,0.9846593,-0.0004304815,0.0002862397,-0.0257254,52.91111,3309.0,0.175,0.104
25.0,0.2380567,0.1167468,1.000025,0.04909609,0.1056865,1.000002,0.1435758,0.1112168,1.000013,0.2695456,0.1010462,-0.9576716,0.0,0.01892985,0.9937315,0.1101789,0.0,-0.9628016,0.04782681,-0.2659431,0.0,-0.3643461,-1.415022,-1.157578,1.0,0.2695455,0.01892985,-0.9628016,0.0,0.1010462,0.9937314,0.0478268,0.0,-0.9576715,0.1101789,-0.2659431,0.0,-0.8673891,1.540589,-0.5909669,1.0,1.0,1.0,0.1382402,0.1064875,0.9846573,-0.0004318161,0.0002865906,-0.02572373,52.92222,3310.0,0.175,0.104
25.0,0.2384045,0.1167529,1.000009,0.04855672,0.1078545,1.000019,0.1434809,0.1123037,1.000014,0.2696622,0.1009077,-0.9576534,0.0,0.01853873,0.9937661,0.1099331,0.0,-0.9627765,0.04739849,-0.2661105,0.0,-0.3637394,-1.415427,-1.157256,1.0,0.2696622,0.01853873,-0.9627765,0.0,0.1009077,0.9937661,0.04739848,0.0,-0.9576533,0.1099331,-0.2661105,0.0,-0.8673353,1.540567,-0.5910684,1.0,1.0,1.0,0.1381365,0.1075202,0.9845597,-0.0004324494,0.0002869873,-0.02572067,52.94445,3311.0,0.175,0.104
25.0,0.2384629,0.1169221,1.000026,0.0486476,0.107217,1.000049,0.1435559,0.1120695,1.000038,0.2697812,0.1008471,-0.9576262,0.0,0.01854138,0.9937722,0.1098771,0.0,-0.9627431,0.04739849,-0.2662312,0.0,-0.3637483,-1.415492,-1.157266,1.0,0.2697812,0.01854138,-0.9627431,0.0,0.1008471,0.9937722,0.04739849,0.0,-0.9576262,0.1098771,-0.2662312,0.0,-0.8673472,1.540578,-0.5912042,1.0,1.0,1.0,0.1382086,0.1072945,0.9845741,-0.0004323423,0.0002878266,-0.02571101,52.95555,3312.0,0.175,0.104
25.0,0.2384671,0.1166113,1.000002,0.04878846,0.1072148,1.000015,0.1436282,0.1119131,1.000008,0.2698292,0.1006992,-0.9576282,0.0,0.01871533,0.9937803,0.1097741,0.0,-0.9627263,0.04754259,-0.2662663,0.0,-0.3641484,-1.415543,-1.157156,1.0,0.2698292,0.01871533,-0.9627263,0.0,0.1006992,0.9937804,0.04754259,0.0,-0.9576284,0.1097741,-0.2662663,0.0,-0.8673236,1.54058,-0.5913883,1.0,1.0,1.0,0.1382826,0.1071476,0.9845797,-0.0004323199,0.0002884216,-0.02570994,52.97778,3313.0,0.175,0.104
25.0,0.2385631,0.1166197,1.000064,0.04934907,0.1073367,1.000082,0.1439567,0.1119783,1.000074,0.2699277,0.1007126,-0.9575991,0.0,0.01879311,0.9937744,0.1098147,0.0,-0.9626972,0.04763827,-0.2663545,0.0,-0.3642821,-1.415526,-1.157337,1.0,0.2699277,0.01879311,-0.9626971,0.0,0.1007126,0.9937744,0.04763827,0.0,-0.9575991,0.1098146,-0.2663545,0.0,-0.8673735,1.540651,-0.591522,1.0,1.0,1.0,0.138583,0.1071987,0.9845319,-0.0004321905,0.0002884216,-0.02570518,52.98889,3314.0,0.175,0.104
25.0,0.2382367,0.1167686,0.9999958,0.05006777,0.1090099,1.000022,0.1441532,0.1128893,1.000009,0.2702417,0.1006072,-0.9575217,0.0,0.01887531,0.9937806,0.1097441,0.0,-0.9626075,0.04773096,-0.2666619,0.0,-0.3641817,-1.415471,-1.157447,1.0,0.2702417,0.01887532,-0.9626076,0.0,0.1006072,0.9937806,0.04773096,0.0,-0.9575216,0.1097441,-0.2666619,0.0,-0.8674567,1.540565,-0.5916492,1.0,1.0,1.0,0.1387682,0.1080834,0.9844092,-0.0004316643,0.0002755279,-0.02566239,53.01111,3315.0,0.175,0.104
25.0,0.2375145,0.1176601,0.9999732,0.04914452,0.1091625,1.000006,0.1433305,0.1134114,0.9999894,0.2704192,0.1004374,-0.9574893,0.0,0.01890301,0.9937977,0.1095847,0.0,-0.9625571,0.04773324,-0.2668434,0.0,-0.3640274,-1.41571,-1.157277,1.0,0.2704192,0.01890301,-0.9625571,0.0,0.1004374,0.9937977,0.04773324,0.0,-0.9574895,0.1095847,-0.2668434,0.0,-0.8674505,1.54063,-0.5916326,1.0,1.0,1.0,0.1379917,0.1085994,0.9844615,-0.0004313961,0.0002708969,-0.02563838,53.02222,3316.0,0.175,0.104
25.0,0.2372991,0.1174868,0.9999285,0.0491809,0.1102549,0.9999552,0.1432408,0.1138708,0.9999418,0.2705597,0.1004628,-0.957447,0.0,0.01894382,0.993792,0.1096296,0.0,-0.9625168,0.04779907,-0.2669769,0.0,-0.3639807,-1.41562,-1.157356,1.0,0.2705597,0.01894383,-0.9625168,0.0,0.1004628,0.993792,0.04779906,0.0,-0.9574469,0.1096296,-0.2669769,0.0,-0.8674109,1.540607,-0.5916593,1.0,1.0,1.0,0.1379069,0.1090431,0.9844244,-0.0004311902,0.0002690735,-0.02563708,53.03333,3317.0,0.175,0.104
25.0,0.2363875,0.1173512,1.000059,0.05009224,0.1095104,1.000098,0.1432411,0.1134309,1.000079,0.2708372,0.1001766,-0.9573985,0.0,0.01884759,0.9938279,0.1093202,0.0,-0.9624407,0.04765262,-0.2672775,0.0,-0.3637623,-1.416,-1.157155,1.0,0.2708372,0.01884759,-0.9624407,0.0,0.1001766,0.9938278,0.04765262,0.0,-0.9573985,0.1093202,-0.2672775,0.0,-0.8674883,1.540616,-0.5919052,1.0,1.0,1.0,0.1378946,0.1086119,0.9844738,-0.0004298473,0.0002690735,-0.02563388,53.05556,3318.0,0.175,0.104
25.0,0.2361003,0.1162973,0.9999951,0.05050302,0.1096361,1.000047,0.1433032,0.1129668,1.000021,0.2711141,0.09993789,-0.9573451,0.0,0.01881955,0.9938549,0.1090788,0.0,-0.9623632,0.0475896,-0.2675673,0.0,-0.3635105,-1.416283,-1.156943,1.0,0.2711141,0.01881956,-0.9623632,0.0,0.09993789,0.993855,0.04758959,0.0,-0.9573451,0.1090788,-0.2675673,0.0,-0.8675005,1.540619,-0.591989,1.0,1.0,1.0,0.1379674,0.1081769,0.9845114,-0.0004295725,0.0002690735,-0.02563199,53.06667,3319.0,0.175,0.104
25.0,0.2363018,0.1152167,1.000041,0.05067666,0.1090708,1.000093,0.1434909,0.1121439,1.000067,0.2714584,0.09981394,-0.9572604,0.0,0.01858709,0.9938786,0.108903,0.0,-0.9622707,0.04735533,-0.2679415,0.0,-0.3629129,-1.416531,-1.157089,1.0,0.2714584,0.01858709,-0.9622707,0.0,0.09981393,0.9938785,0.04735533,0.0,-0.9572604,0.108903,-0.2679414,0.0,-0.8677307,1.540615,-0.5921724,1.0,1.0,1.0,0.1381498,0.1073875,0.9845723,-0.0004293136,0.0002707367,-0.02563051,53.08889,3320.0,0.175,0.104
25.0,0.2362281,0.1148666,0.9999658,0.05013378,0.1093495,1.000012,0.1431822,0.1121081,0.9999889,0.2716905,0.09972208,-0.9572041,0.0,0.01847442,0.9938933,0.1087881,0.0,-0.9622073,0.0472405,-0.2681891,0.0,-0.3626096,-1.416738,-1.157022,1.0,0.2716906,0.01847442,-0.9622073,0.0,0.09972209,0.9938933,0.0472405,0.0,-0.9572042,0.1087881,-0.2681891,0.0,-0.8677082,1.540655,-0.5922788,1.0,1.0,1.0,0.1378699,0.107364,0.9846141,-0.0004292298,0.0002726364,-0.02563055,53.1,3321.0,0.175,0.104
25.0,0.23625,0.1141721,0.9999825,0.05012816,0.1087224,1.000005,0.1431898,0.1114471,0.999994,0.271809,0.09975503,-0.9571671,0.0,0.0184843,0.9938884,0.1088311,0.0,-0.9621738,0.04727384,-0.2683039,0.0,-0.3625566,-1.416652,-1.15714,1.0,0.2718089,0.01848431,-0.9621736,0.0,0.09975503,0.9938884,0.04727384,0.0,-0.957167,0.1088311,-0.2683039,0.0,-0.8677117,1.540628,-0.5923368,1.0,1.0,1.0,0.137885,0.1067292,0.984681,-0.0004289774,0.0002797547,-0.02563407,53.11111,3322.0,0.175,0.104
25.0,0.2356281,0.1145521,1.00001,0.04958765,0.1082486,1.000032,0.1426085,0.1114003,1.000021,0.2721329,0.09990241,-0.9570596,0.0,0.01833872,0.9938769,0.1089601,0.0,-0.9620849,0.04720287,-0.2686346,0.0,-0.3621193,-1.416597,-1.157477,1.0,0.2721329,0.01833872,-0.9620849,0.0,0.09990242,0.9938769,0.04720288,0.0,-0.9570597,0.1089601,-0.2686346,0.0,-0.8677091,1.540682,-0.5924605,1.0,1.0,1.0,0.1373346,0.1066874,0.9847624,-0.0004292522,0.0002824554,-0.0256366,53.13334,3323.0,0.175,0.104
25.0,0.2357429,0.1149156,1.00006,0.04920438,0.1094827,1.000077,0.1424742,0.1121992,1.000069,0.2722452,0.09969683,-0.9570492,0.0,0.0185097,0.9938913,0.1088,0.0,-0.9620499,0.04733499,-0.2687368,0.0,-0.3623301,-1.416707,-1.157347,1.0,0.2722452,0.0185097,-0.9620497,0.0,0.09969684,0.9938914,0.04733498,0.0,-0.9570491,0.1088,-0.2687367,0.0,-0.8677538,1.540679,-0.5925414,1.0,1.0,1.0,0.1371898,0.1074337,0.9847015,-0.0004303278,0.0002901535,-0.02565221,53.14445,3324.0,0.175,0.104
25.0,0.2350159,0.1160211,1.000056,0.0488171,0.1071021,1.000072,0.141917,0.1115619,1.000064,0.2724609,0.09953327,-0.9570048,0.0,0.01868045,0.9939003,0.1086889,0.0,-0.9619855,0.04749076,-0.2689396,0.0,-0.362493,-1.416808,-1.157403,1.0,0.2724609,0.01868045,-0.9619855,0.0,0.09953328,0.9939003,0.04749076,0.0,-0.9570048,0.1086889,-0.2689396,0.0,-0.8678551,1.540734,-0.5926992,1.0,1.0,1.0,0.1366745,0.1068285,0.9848389,-0.0004327465,0.0002972641,-0.02566927,53.16667,3325.0,0.175,0.104
25.0,0.2354384,0.1166863,1.000257,0.04844671,0.1064662,1.000273,0.1419431,0.1115761,1.000265,0.2725562,0.09920819,-0.9570115,0.0,0.01865626,0.9939378,0.1083494,0.0,-0.961959,0.04738557,-0.2690531,0.0,-0.3623658,-1.417133,-1.157193,1.0,0.2725562,0.01865626,-0.9619589,0.0,0.0992082,0.9939378,0.04738557,0.0,-0.9570113,0.1083494,-0.2690531,0.0,-0.8680909,1.540684,-0.5927758,1.0,1.0,1.0,0.136672,0.1068141,0.9848409,-0.000433784,0.0003035507,-0.02568421,53.17778,3326.0,0.175,0.104
25.0,0.23415,0.1167034,1.000082,0.04829769,0.1079683,1.000091,0.1412243,0.1123358,1.000086,0.2726656,0.09899326,-0.9570025,0.0,0.01854437,0.993967,0.1081005,0.0,-0.9619302,0.0472223,-0.2691849,0.0,-0.3622143,-1.417528,-1.157041,1.0,0.2726656,0.01854437,-0.96193,0.0,0.09899326,0.9939671,0.04722229,0.0,-0.9570025,0.1081005,-0.2691848,0.0,-0.8682017,1.54077,-0.5929437,1.0,1.0,1.0,0.1360084,0.1075601,0.9848516,-0.0004364466,0.0003058243,-0.0256936,53.2,3327.0,0.175,0.104
25.0,0.2338257,0.1168923,0.9999497,0.04772411,0.1069541,0.9999705,0.1407754,0.1119232,0.9999601,0.2727758,0.09894941,-0.9569757,0.0,0.01854248,0.9939714,0.10806,0.0,-0.9618989,0.04722087,-0.2692966,0.0,-0.3621256,-1.417575,-1.156992,1.0,0.2727758,0.01854248,-0.9618989,0.0,0.09894942,0.9939715,0.04722087,0.0,-0.9569755,0.10806,-0.2692966,0.0,-0.8681662,1.540768,-0.5929633,1.0,1.0,1.0,0.135608,0.1071768,0.9849485,-0.0004398571,0.0003145828,-0.02571605,53.21111,3328.0,0.175,0.104
25.0,0.2343486,0.1173252,1.00011,0.04684475,0.1052129,1.000099,0.1405963,0.1112689,1.000105,0.2727259,0.09891278,-0.9569938,0.0,0.01857563,0.9939742,0.1080287,0.0,-0.9619126,0.047239,-0.2692451,0.0,-0.3622627,-1.417603,-1.157023,1.0,0.2727258,0.01857564,-0.9619124,0.0,0.09891277,0.9939742,0.04723899,0.0,-0.9569936,0.1080287,-0.2692451,0.0,-0.868246,1.540782,-0.5930215,1.0,1.0,1.0,0.1354287,0.1065255,0.9850439,-0.0004439391,0.000329628,-0.02575433,53.22223,3329.0,0.175,0.104
25.0,0.2344686,0.117287,1.000044,0.0458495,0.1041896,1.000069,0.1401598,0.1107384,1.000056,0.2730512,0.09882401,-0.95691,0.0,0.01880639,0.993971,0.1080178,0.0,-0.9618156,0.04749042,-0.2695465,0.0,-0.3623475,-1.417502,-1.157163,1.0,0.2730513,0.01880639,-0.9618158,0.0,0.09882402,0.9939711,0.04749043,0.0,-0.9569101,0.1080178,-0.2695465,0.0,-0.8682779,1.540764,-0.593103,1.0,1.0,1.0,0.1350304,0.1060223,0.9851528,-0.0004468309,0.0003374634,-0.0257806,53.24445,3330.0,0.175,0.104
25.0,0.2343997,0.1177079,1.000071,0.04556303,0.1044097,1.000064,0.1399812,0.1110588,1.000067,0.2730302,0.0986323,-0.9569359,0.0,0.01887108,0.9939896,0.1078357,0.0,-0.9618204,0.04750083,-0.2695279,0.0,-0.362485,-1.417667,-1.156937,1.0,0.2730301,0.0188711,-0.9618203,0.0,0.09863229,0.9939896,0.04750082,0.0,-0.9569357,0.1078357,-0.2695278,0.0,-0.8683168,1.540746,-0.5931317,1.0,1.0,1.0,0.1348572,0.1063296,0.9851434,-0.0004479373,0.0003358689,-0.0257791,53.25556,3331.0,0.175,0.104
25.0,0.2343932,0.1177277,1.000124,0.04555343,0.102361,1.000138,0.1399738,0.1100443,1.000131,0.2734173,0.09850708,-0.9568383,0.0,0.01918387,0.9939861,0.1078133,0.0,-0.9617043,0.04783389,-0.2698832,0.0,-0.3624524,-1.417652,-1.157253,1.0,0.2734173,0.01918389,-0.9617042,0.0,0.09850708,0.9939861,0.04783387,0.0,-0.9568381,0.1078133,-0.2698832,0.0,-0.8685543,1.540847,-0.5930834,1.0,1.0,1.0,0.1348564,0.1053612,0.9852476,-0.0004479373,0.0003349915,-0.02577643,53.27778,3332.0,0.175,0.104
25.0,0.2345774,0.1177611,1.000128,0.04530078,0.1044203,1.000181,0.1399408,0.1110909,1.000154,0.2736851,0.09844135,-0.9567684,0.0,0.01908876,0.9939967,0.1077321,0.0,-0.9616299,0.04774819,-0.270163,0.0,-0.3620623,-1.417818,-1.157418,1.0,0.2736851,0.01908875,-0.96163,0.0,0.09844135,0.9939967,0.04774819,0.0,-0.9567683,0.1077321,-0.270163,0.0,-0.8687176,1.540909,-0.5931632,1.0,1.0,1.0,0.1348084,0.1063542,0.9851474,-0.0004483638,0.0003337174,-0.0257757,53.28889,3333.0,0.175,0.104
25.0,0.2347765,0.1180671,1.000074,0.04542261,0.1050038,1.000092,0.1401001,0.1115355,1.000083,0.2740923,0.0983026,-0.9566661,0.0,0.01918925,0.994005,0.1076372,0.0,-0.961512,0.04786025,-0.2705628,0.0,-0.3619077,-1.417893,-1.157618,1.0,0.2740923,0.01918925,-0.9615119,0.0,0.0983026,0.994005,0.04786024,0.0,-0.9566661,0.1076372,-0.2705628,0.0,-0.868875,1.54094,-0.5933261,1.0,1.0,1.0,0.1349628,0.1067888,0.9850793,-0.0004480062,0.0003270416,-0.02576392,53.31111,3334.0,0.175,0.104
25.0,0.2350475,0.1179188,1.000027,0.04538552,0.1044045,1.000076,0.1402181,0.1111618,1.000051,0.2743328,0.09832224,-0.9565951,0.0,0.01913879,0.994004,0.1076559,0.0,-0.9614443,0.04784161,-0.2708061,0.0,-0.3617346,-1.417824,-1.157818,1.0,0.2743328,0.01913879,-0.9614444,0.0,0.09832224,0.994004,0.04784161,0.0,-0.9565952,0.1076559,-0.2708061,0.0,-0.8689237,1.540892,-0.5935009,1.0,1.0,1.0,0.1350825,0.10644,0.9851006,-0.000447128,0.0003226242,-0.02576221,53.32222,3335.0,0.175,0.104
25.0,0.2355246,0.1173454,1.000042,0.04635952,0.1050302,1.000087,0.1409434,0.1111879,1.000064,0.2745758,0.09815326,-0.9565427,0.0,0.01920272,0.9940184,0.1075109,0.0,-0.9613737,0.04788812,-0.2710487,0.0,-0.3615976,-1.417926,-1.157775,1.0,0.2745759,0.01920272,-0.9613737,0.0,0.09815326,0.9940184,0.04788812,0.0,-0.9565428,0.1075109,-0.2710486,0.0,-0.8690014,1.540861,-0.5935421,1.0,1.0,1.0,0.1357633,0.1064563,0.9850053,-0.0004460756,0.0003198013,-0.02576145,53.33334,3336.0,0.175,0.104
25.0,0.2355483,0.1172854,1.000081,0.04638146,0.1057759,1.000089,0.140965,0.1115305,1.000085,0.2747883,0.09824479,-0.9564725,0.0,0.01889559,0.9940223,0.1075303,0.0,-0.9613191,0.04762119,-0.2712893,0.0,-0.36089,-1.418015,-1.158091,1.0,0.2747883,0.01889559,-0.961319,0.0,0.09824478,0.9940222,0.04762118,0.0,-0.9564723,0.1075303,-0.2712892,0.0,-0.8692008,1.540888,-0.5935804,1.0,1.0,1.0,0.1357763,0.1067815,0.9849683,-0.0004460756,0.0003175507,-0.02576083,53.35556,3337.0,0.175,0.104
25.0,0.2357891,0.1172943,1.000111,0.0469889,0.1058495,1.000144,0.1413899,0.111572,1.000128,0.2749654,0.09800159,-0.9564464,0.0,0.01884808,0.9940509,0.1072733,0.0,-0.9612694,0.04752362,-0.2714825,0.0,-0.3606563,-1.418313,-1.157911,1.0,0.2749654,0.01884808,-0.9612693,0.0,0.09800159,0.9940509,0.04752361,0.0,-0.9564464,0.1072733,-0.2714824,0.0,-0.8693153,1.540886,-0.593637,1.0,1.0,1.0,0.1361706,0.1068105,0.9849107,-0.0004460756,0.0003175507,-0.02576063,53.36667,3338.0,0.175,0.104
25.0,0.2371805,0.1172472,1.000143,0.0469438,0.1059943,1.000174,0.1420632,0.1116207,1.000159,0.2753329,0.09765314,-0.9563764,0.0,0.01900106,0.9940803,0.1069732,0.0,-0.9611612,0.04762542,-0.2718475,0.0,-0.36049,-1.418603,-1.157876,1.0,0.2753329,0.01900106,-0.9611611,0.0,0.09765312,0.9940803,0.04762541,0.0,-0.9563763,0.1069732,-0.2718474,0.0,-0.8695797,1.540916,-0.5936932,1.0,1.0,1.0,0.1368002,0.1068443,0.9848197,-0.0004460299,0.0003175583,-0.02575945,53.38889,3339.0,0.175,0.104
25.0,0.2375482,0.117337,1.000134,0.04672115,0.1063098,1.000145,0.1421351,0.1118235,1.000139,0.2753955,0.09757023,-0.9563668,0.0,0.01902271,0.9940882,0.1068964,0.0,-0.9611428,0.04763148,-0.2719114,0.0,-0.3604631,-1.418701,-1.157927,1.0,0.2753955,0.01902271,-0.9611428,0.0,0.09757022,0.9940882,0.04763148,0.0,-0.9563667,0.1068964,-0.2719114,0.0,-0.8697097,1.540949,-0.5937352,1.0,1.0,1.0,0.1368678,0.1070362,0.9847896,-0.0004466102,0.0003186722,-0.02576351,53.4,3340.0,0.175,0.104
25.0,0.237924,0.1162606,1.000136,0.04700248,0.1052681,1.000161,0.142464,0.1107646,1.000148,0.2755508,0.09741375,-0.9563379,0.0,0.0192299,0.9940945,0.1068004,0.0,-0.9610941,0.04781923,-0.2720503,0.0,-0.3606278,-1.418708,-1.157994,1.0,0.2755508,0.01922991,-0.9610941,0.0,0.09741376,0.9940946,0.04781923,0.0,-0.956338,0.1068004,-0.2720503,0.0,-0.8698603,1.540939,-0.5937881,1.0,1.0,1.0,0.1371904,0.1060199,0.9848546,-0.000446205,0.0003241883,-0.02576802,53.41111,3341.0,0.175,0.104
25.0,0.2383478,0.1189918,1.000021,0.04696627,0.1036987,1.000027,0.1426572,0.1113452,1.000024,0.2757439,0.09745274,-0.9562783,0.0,0.01925167,0.994088,0.1068571,0.0,-0.9610384,0.04787515,-0.2722375,0.0,-0.3606283,-1.418643,-1.158312,1.0,0.2757439,0.01925167,-0.9610383,0.0,0.09745274,0.9940881,0.04787515,0.0,-0.9562783,0.1068571,-0.2722376,0.0,-0.8699769,1.540973,-0.5939957,1.0,1.0,1.0,0.1373798,0.1065775,0.984768,-0.0004467163,0.0003268585,-0.02577689,53.43333,3342.0,0.175,0.104
25.0,0.2374547,0.1188333,1.000095,0.04656903,0.10257,1.000129,0.142013,0.1107018,1.000112,0.2759343,0.09726961,-0.9562421,0.0,0.0192596,0.994107,0.1066788,0.0,-0.9609835,0.04785319,-0.2724348,0.0,-0.3604514,-1.41881,-1.158242,1.0,0.2759343,0.0192596,-0.9609836,0.0,0.09726959,0.9941069,0.04785318,0.0,-0.956242,0.1066788,-0.2724348,0.0,-0.870092,1.540951,-0.5940388,1.0,1.0,1.0,0.1367704,0.1059614,0.9849193,-0.000447724,0.0003318253,-0.0257844,53.44445,3343.0,0.175,0.104
25.0,0.2383288,0.1191624,1.00025,0.04564685,0.1027093,1.000309,0.1419896,0.1109361,1.00028,0.2765268,0.09716396,-0.9560817,0.0,0.0193114,0.9941129,0.1066144,0.0,-0.9608122,0.04794501,-0.2730225,0.0,-0.359889,-1.418723,-1.158849,1.0,0.2765268,0.0193114,-0.9608122,0.0,0.09716396,0.994113,0.04794502,0.0,-0.9560816,0.1066144,-0.2730225,0.0,-0.8705863,1.540871,-0.5941569,1.0,1.0,1.0,0.1367235,0.1061668,0.9849038,-0.000447724,0.0003324585,-0.02578525,53.46667,3344.0,0.175,0.104
25.0,0.2376026,0.1166228,1.000084,0.046174,0.1027006,1.000136,0.1418899,0.1096618,1.00011,0.276815,0.09703325,-0.9560116,0.0,0.01951887,0.9941155,0.1065525,0.0,-0.960725,0.04815559,-0.2732921,0.0,-0.3598805,-1.418692,-1.158994,1.0,0.276815,0.01951887,-0.9607249,0.0,0.09703323,0.9941155,0.04815557,0.0,-0.9560114,0.1065524,-0.273292,0.0,-0.8707311,1.540862,-0.5941721,1.0,1.0,1.0,0.1366688,0.1049734,0.9850392,-0.0004480369,0.0003338394,-0.02579097,53.47778,3345.0,0.175,0.104
25.0,0.2373843,0.1188227,1.000162,0.04602046,0.1031819,1.000161,0.1417023,0.1110024,1.000161,0.2770218,0.09693509,-0.9559616,0.0,0.01954702,0.9941239,0.1064692,0.0,-0.9606649,0.04818047,-0.2734991,0.0,-0.3597313,-1.41886,-1.159183,1.0,0.2770217,0.01954702,-0.9606647,0.0,0.09693509,0.9941239,0.04818047,0.0,-0.9559615,0.1064692,-0.2734991,0.0,-0.8709438,1.540971,-0.5942553,1.0,1.0,1.0,0.1364666,0.1062426,0.9849312,-0.0004483266,0.0003344651,-0.02579359,53.5,3346.0,0.175,0.104
25.0,0.2381814,0.1162843,1.000004,0.0456201,0.1017271,1.000071,0.141903,0.109006,1.000037,0.2773475,0.0968605,-0.9558747,0.0,0.01931538,0.9941419,0.1063426,0.0,-0.9605755,0.04795694,-0.2738519,0.0,-0.3590679,-1.419091,-1.159196,1.0,0.2773476,0.01931539,-0.9605755,0.0,0.09686051,0.9941419,0.04795693,0.0,-0.9558747,0.1063425,-0.2738519,0.0,-0.8710052,1.540986,-0.5943046,1.0,1.0,1.0,0.1366869,0.1043155,0.9851066,-0.0004485091,0.0003672943,-0.02589465,53.51111,3347.0,0.175,0.104
25.0,0.2382468,0.1151436,1.000121,0.04485886,0.1000078,1.000164,0.1415543,0.1075758,1.000143,0.2775754,0.09674424,-0.9558204,0.0,0.019345,0.9941521,0.1062419,0.0,-0.9605091,0.04798049,-0.2740806,0.0,-0.3588508,-1.419219,-1.159293,1.0,0.2775754,0.01934501,-0.9605091,0.0,0.09674425,0.9941522,0.04798048,0.0,-0.9558203,0.1062419,-0.2740806,0.0,-0.8711664,1.541027,-0.5943244,1.0,1.0,1.0,0.1363581,0.1029294,0.9852979,-0.000448647,0.0003854599,-0.0259437,53.52222,3348.0,0.175,0.104
25.0,0.2378753,0.1153346,1.000172,0.04454273,0.09967012,1.000205,0.1412101,0.1075023,1.000189,0.2780169,0.09652648,-0.955714,0.0,0.01929508,0.9941763,0.1060241,0.0,-0.9603823,0.04791706,-0.2745353,0.0,-0.3582423,-1.419475,-1.159519,1.0,0.2780169,0.01929508,-0.9603824,0.0,0.09652648,0.9941763,0.04791707,0.0,-0.9557141,0.1060241,-0.2745353,0.0,-0.8715539,1.541058,-0.5943613,1.0,1.0,1.0,0.136028,0.1028551,0.9853513,-0.000449012,0.0003893509,-0.02595329,53.54445,3349.0,0.175,0.104
25.0,0.2377797,0.1149719,1.000146,0.04427254,0.100316,1.000163,0.1410267,0.107644,1.000155,0.2781321,0.09639014,-0.9556943,0.0,0.01957588,0.9941767,0.1059685,0.0,-0.9603433,0.04818182,-0.2746256,0.0,-0.358627,-1.419454,-1.159631,1.0,0.2781322,0.01957589,-0.9603434,0.0,0.09639016,0.9941768,0.04818182,0.0,-0.9556943,0.1059685,-0.2746256,0.0,-0.8716855,1.541093,-0.5944775,1.0,1.0,1.0,0.1358582,0.1029959,0.98536,-0.0004495466,0.0003889923,-0.02595254,53.55556,3350.0,0.175,0.104
25.0,0.2386397,0.1155641,1.000199,0.04469708,0.1014241,1.000215,0.1416689,0.1084942,1.000207,0.2782906,0.09586444,-0.9557011,0.0,0.01946655,0.9942395,0.1053986,0.0,-0.9602997,0.04793566,-0.2748213,0.0,-0.3582875,-1.420099,-1.159283,1.0,0.2782905,0.01946657,-0.9602996,0.0,0.09586442,0.9942394,0.04793564,0.0,-0.9557009,0.1053986,-0.2748213,0.0,-0.8720827,1.54108,-0.5945857,1.0,1.0,1.0,0.1364451,0.1037901,0.9851956,-0.0004495466,0.000388443,-0.025952,53.57778,3351.0,0.175,0.104
25.0,0.238041,0.1166889,1.000343,0.04546914,0.101597,1.000356,0.1417555,0.109143,1.00035,0.2783695,0.09566958,-0.9556975,0.0,0.01945312,0.9942612,0.1051962,0.0,-0.960277,0.0478747,-0.2749109,0.0,-0.3581438,-1.42032,-1.15936,1.0,0.2783695,0.01945312,-0.960277,0.0,0.09566958,0.9942611,0.0478747,0.0,-0.9556975,0.1051962,-0.2749109,0.0,-0.8724197,1.541096,-0.5946406,1.0,1.0,1.0,0.1365012,0.1043944,0.9851239,-0.0004498139,0.0003861313,-0.0259403,53.58889,3352.0,0.175,0.104
25.0,0.2380813,0.1167628,1.000139,0.04582319,0.1017716,1.000194,0.141954,0.1092674,1.000166,0.2787611,0.09506376,-0.9556438,0.0,0.01961837,0.9943174,0.1046335,0.0,-0.9601601,0.04791593,-0.275312,0.0,-0.358003,-1.42092,-1.159071,1.0,0.2787611,0.01961837,-0.96016,0.0,0.09506376,0.9943173,0.04791592,0.0,-0.9556438,0.1046335,-0.275312,0.0,-0.8727835,1.541146,-0.5947614,1.0,1.0,1.0,0.1367114,0.1045301,0.9850804,-0.0004503559,0.0003843003,-0.0259359,53.61111,3353.0,0.175,0.104
25.0,0.2376083,0.1172153,1.000231,0.04633839,0.1036989,1.000224,0.1419731,0.1104572,1.000227,0.2787548,0.09474812,-0.955677,0.0,0.01965353,0.9943501,0.1043149,0.0,-0.9601612,0.0478607,-0.2753177,0.0,-0.3580279,-1.421279,-1.158803,1.0,0.2787547,0.01965354,-0.9601612,0.0,0.09474813,0.9943501,0.0478607,0.0,-0.955677,0.1043149,-0.2753177,0.0,-0.8729754,1.541166,-0.59478,1.0,1.0,1.0,0.1367131,0.1056884,0.9849566,-0.0004490735,0.0003554459,-0.02585877,53.62222,3354.0,0.175,0.104
25.0,0.2379823,0.1178281,1.000111,0.04728709,0.1060625,1.000095,0.1426342,0.1119453,1.000103,0.2787088,0.09441039,-0.9557239,0.0,0.01982283,0.9943787,0.1040096,0.0,-0.9601711,0.04793355,-0.2752706,0.0,-0.358296,-1.421565,-1.158404,1.0,0.2787088,0.01982283,-0.960171,0.0,0.09441039,0.9943787,0.04793355,0.0,-0.9557238,0.1040096,-0.2752706,0.0,-0.8730438,1.541161,-0.5947595,1.0,1.0,1.0,0.1373431,0.1071464,0.9847114,-0.0004483033,0.0003212357,-0.02575844,53.63334,3355.0,0.175,0.104
25.0,0.2381131,0.1176543,1.000265,0.04676431,0.1065545,1.000279,0.1424392,0.1121043,1.000272,0.2788386,0.09408097,-0.9557186,0.0,0.01990575,0.9944097,0.1036974,0.0,-0.9601317,0.04793914,-0.275407,0.0,-0.3581415,-1.421857,-1.158458,1.0,0.2788385,0.01990576,-0.9601316,0.0,0.09408096,0.9944096,0.04793912,0.0,-0.9557184,0.1036974,-0.275407,0.0,-0.8735268,1.541167,-0.594748,1.0,1.0,1.0,0.1371354,0.1072836,0.9847255,-0.0004480062,0.0003209992,-0.02575546,53.65556,3356.0,0.175,0.104
25.0,0.2380675,0.1170122,1.000373,0.04680851,0.1075706,1.000364,0.1424377,0.1122912,1.000369,0.278782,0.09395664,-0.9557472,0.0,0.01967547,0.994435,0.1034991,0.0,-0.9601529,0.04765845,-0.2753819,0.0,-0.3577659,-1.422159,-1.158504,1.0,0.278782,0.01967547,-0.9601527,0.0,0.09395665,0.994435,0.04765845,0.0,-0.9557472,0.1034991,-0.2753819,0.0,-0.8738769,1.541188,-0.594763,1.0,1.0,1.0,0.1371205,0.1074584,0.9847084,-0.0004478535,0.0003148422,-0.02574059,53.66667,3357.0,0.175,0.104
25.0,0.2372908,0.1164342,1.000319,0.04630965,0.1074261,1.00029,0.1417993,0.1119301,1.000305,0.2784561,0.09403361,-0.9558346,0.0,0.01922953,0.9944503,0.1034346,0.0,-0.9602565,0.04718223,-0.2751026,0.0,-0.3573033,-1.422435,-1.158835,1.0,0.2784561,0.01922953,-0.9602564,0.0,0.09403362,0.9944504,0.04718224,0.0,-0.9558347,0.1034346,-0.2751025,0.0,-0.8744043,1.541275,-0.5947875,1.0,1.0,1.0,0.1365331,0.1071347,0.9848253,-0.0004470749,0.0003121414,-0.0257318,53.68889,3358.0,0.175,0.104
25.0,0.2371879,0.1170201,1.00024,0.04630265,0.1068597,1.000242,0.1417453,0.11194,1.000241,0.2784767,0.09386565,-0.9558453,0.0,0.01921212,0.9944693,0.1032559,0.0,-0.9602509,0.04711818,-0.2751331,0.0,-0.3572257,-1.422641,-1.15881,1.0,0.2784766,0.01921214,-0.9602508,0.0,0.09386564,0.9944692,0.04711815,0.0,-0.9558451,0.1032559,-0.2751331,0.0,-0.8746272,1.54129,-0.5948211,1.0,1.0,1.0,0.1364897,0.1071547,0.9848291,-0.0004462432,0.0003088532,-0.02573041,53.7,3359.0,0.175,0.104
25.0,0.2370526,0.1167271,1.000255,0.0462209,0.1066167,1.000237,0.1416361,0.1116718,1.000246,0.278294,0.09331061,-0.9559527,0.0,0.01947379,0.9945172,0.102744,0.0,-0.9602985,0.04720908,-0.274951,0.0,-0.3576443,-1.423094,-1.158419,1.0,0.278294,0.0194738,-0.9602985,0.0,0.09331061,0.9945171,0.04720908,0.0,-0.9559528,0.102744,-0.274951,0.0,-0.8750734,1.541277,-0.5947708,1.0,1.0,1.0,0.13639,0.1069025,0.9848704,-0.000446083,0.0003076477,-0.02572927,53.72223,3360.0,0.175,0.104
25.0,0.236767,0.1153195,1.000238,0.04561584,0.1068473,1.000184,0.1411897,0.1110834,1.000211,0.278055,0.09306593,-0.9560461,0.0,0.01973635,0.9945318,0.1025524,0.0,-0.9603624,0.04738407,-0.2746978,0.0,-0.3581893,-1.423242,-1.158206,1.0,0.278055,0.01973635,-0.9603624,0.0,0.09306593,0.9945318,0.04738407,0.0,-0.956046,0.1025524,-0.2746978,0.0,-0.8752466,1.541306,-0.5947092,1.0,1.0,1.0,0.1359814,0.1063534,0.9849864,-0.0004453426,0.000308281,-0.02572763,53.73333,3361.0,0.175,0.104
25.0,0.2368876,0.1145111,1.000257,0.04544573,0.1071884,1.000227,0.1411657,0.1108497,1.000242,0.2778918,0.09307378,-0.9560928,0.0,0.0195789,0.9945396,0.1025072,0.0,-0.9604128,0.04720515,-0.274552,0.0,-0.3580423,-1.423335,-1.158306,1.0,0.2778918,0.01957891,-0.960413,0.0,0.09307379,0.9945396,0.04720516,0.0,-0.9560928,0.1025072,-0.2745521,0.0,-0.8754759,1.541308,-0.5946951,1.0,1.0,1.0,0.1359578,0.1061273,0.985014,-0.0004449002,0.0003098755,-0.02572681,53.74445,3362.0,0.175,0.104
25.0,0.2373044,0.1140855,1.000297,0.04564825,0.1061771,1.000258,0.1414751,0.1101313,1.000278,0.2775908,0.09264526,-0.9562219,0.0,0.01968853,0.9945816,0.1020774,0.0,-0.9604977,0.04716234,-0.2742626,0.0,-0.3584247,-1.423848,-1.157958,1.0,0.2775907,0.01968853,-0.9604976,0.0,0.09264527,0.9945816,0.04716233,0.0,-0.9562219,0.1020774,-0.2742626,0.0,-0.875857,1.541391,-0.5946987,1.0,1.0,1.0,0.136254,0.1054354,0.9850473,-0.0004440919,0.0003118668,-0.02572638,53.76667,3363.0,0.175,0.104
25.0,0.2362475,0.1136989,1.00024,0.04561271,0.1059334,1.000229,0.1409298,0.1098164,1.000234,0.2775416,0.09235376,-0.9562643,0.0,0.01964958,0.9946148,0.1017606,0.0,-0.9605127,0.04703298,-0.2742322,0.0,-0.358362,-1.424191,-1.157682,1.0,0.2775415,0.01964958,-0.9605127,0.0,0.09235376,0.9946148,0.04703298,0.0,-0.9562643,0.1017606,-0.2742323,0.0,-0.8760602,1.54137,-0.594701,1.0,1.0,1.0,0.13575,0.1051485,0.9851475,-0.0004435573,0.0003121033,-0.0257217,53.77778,3364.0,0.175,0.104
25.0,0.235192,0.1142631,1.000244,0.04460333,0.1067194,1.000244,0.1398977,0.1104912,1.000244,0.2774261,0.09206688,-0.9563255,0.0,0.01972928,0.994642,0.1014791,0.0,-0.9605444,0.04702056,-0.2741233,0.0,-0.3585539,-1.424524,-1.157537,1.0,0.2774262,0.01972928,-0.9605443,0.0,0.09206688,0.994642,0.04702055,0.0,-0.9563255,0.1014791,-0.2741233,0.0,-0.876358,1.541431,-0.5947327,1.0,1.0,1.0,0.1347663,0.1058043,0.9852124,-0.0004428178,0.0003105392,-0.02571984,53.8,3365.0,0.175,0.104
25.0,0.235028,0.1149263,1.000091,0.04492378,0.108394,1.00007,0.1399753,0.1116602,1.00008,0.277334,0.09178337,-0.9563795,0.0,0.01976623,0.9946707,0.10119,0.0,-0.9605703,0.04696746,-0.2740418,0.0,-0.3586353,-1.424829,-1.157124,1.0,0.277334,0.01976624,-0.9605702,0.0,0.09178337,0.9946707,0.04696745,0.0,-0.9563795,0.1011901,-0.2740418,0.0,-0.8764122,1.541414,-0.5946741,1.0,1.0,1.0,0.1348424,0.1069301,0.9850804,-0.000439941,0.0003105393,-0.02571263,53.81111,3366.0,0.175,0.104
1.0,-0.05855045,-0.1815008,1.000124,-0.2239362,-0.1729719,1.000065,-0.1412448,-0.1772362,1.000094,0.3820058,0.1308005,-0.9148567,0.0,0.02980492,0.9876747,0.1536569,0.0,-0.9236792,0.08596505,-0.373399,0.0,-0.2439025,-1.356994,-1.237825,1.0,0.3820058,0.02980492,-0.9236791,0.0,0.1308005,0.9876747,0.08596505,0.0,-0.9148567,0.1536569,-0.3733989,0.0,-0.8617645,1.537738,-0.5708359,1.0,0.9617907,0.9421507,-0.1361515,-0.1677395,0.9763843,0.001773049,-0.001037071,-0.0255321,67.28889,4218.0,-0.175,-0.246
1.0,-0.05995733,-0.1811654,1.00014,-0.222075,-0.1733486,1.000106,-0.141017,-0.177257,1.000123,0.3817543,0.1311164,-0.9149165,0.0,0.02934376,0.9876683,0.1537863,0.0,-0.923798,0.08555566,-0.3731992,0.0,-0.2435514,-1.356935,-1.238088,1.0,0.3817542,0.02934377,-0.9237979,0.0,0.1311164,0.9876684,0.08555565,0.0,-0.9149165,0.1537863,-0.3731991,0.0,-0.861854,1.537749,-0.5709522,1.0,0.9484305,0.9395031,-0.1359405,-0.1677602,0.9764101,0.001779725,-0.001035591,-0.0255334,67.3,4219.0,-0.175,-0.246
1.0,-0.05536193,-0.1790114,1.000008,-0.2208391,-0.1739299,0.9999444,-0.1381022,-0.1764704,0.9999764,0.3810257,0.1310711,-0.9152267,0.0,0.02899249,0.9877197,0.1535231,0.0,-0.9241098,0.08503094,-0.3725465,0.0,-0.2439637,-1.357349,-1.237734,1.0,0.3810256,0.0289925,-0.9241098,0.0,0.1310711,0.9877197,0.08503093,0.0,-0.9152265,0.1535231,-0.3725465,0.0,-0.8619413,1.537774,-0.571146,1.0,0.9503268,0.9365947,-0.1332641,-0.1671152,0.9768896,0.001794808,-0.001037567,-0.0255357,67.32223,4220.0,-0.175,-0.246
1.0,-0.05575544,-0.1770449,1.000091,-0.2199876,-0.1738712,1.000058,-0.1378725,-0.1754579,1.000075,0.3808191,0.1309739,-0.9153265,0.0,0.02888871,0.9877487,0.1533559,0.0,-0.9241982,0.08484346,-0.3723699,0.0,-0.2441351,-1.357552,-1.237594,1.0,0.3808192,0.02888871,-0.9241981,0.0,0.1309739,0.9877487,0.08484344,0.0,-0.9153266,0.1533559,-0.3723699,0.0,-0.862027,1.537765,-0.5712923,1.0,0.9454283,0.9429332,-0.133061,-0.166168,0.9770788,0.00179805,-0.00103627,-0.02553722,67.33334,4221.0,-0.175,-0.246
1.0,-0.05610162,-0.1776267,1.0001,-0.2198639,-0.1737637,1.000044,-0.1379843,-0.1756952,1.000072,0.3801257,0.1308435,-0.9156334,0.0,0.02890346,0.9877798,0.1531524,0.0,-0.9244831,0.08468214,-0.3716986,0.0,-0.2449251,-1.357772,-1.237507,1.0,0.3801256,0.02890347,-0.9244831,0.0,0.1308435,0.9877798,0.08468214,0.0,-0.9156334,0.1531524,-0.3716986,0.0,-0.862345,1.537787,-0.5714299,1.0,0.9454283,0.9429332,-0.1331606,-0.1663855,0.9770282,0.00179805,-0.00103582,-0.02554086,67.35556,4222.0,-0.175,-0.246
1.0,-0.057161,-0.1775932,1.000105,-0.2197413,-0.1743143,1.000011,-0.1384537,-0.1759536,1.000058,0.3796105,0.1306331,-0.915877,0.0,0.02915091,0.9878002,0.152974,0.0,-0.924687,0.08476917,-0.3711713,0.0,-0.2459801,-1.357993,-1.237309,1.0,0.3796106,0.02915091,-0.9246871,0.0,0.1306331,0.9878002,0.08476919,0.0,-0.9158771,0.152974,-0.3711713,0.0,-0.862448,1.537872,-0.5715925,1.0,0.9434671,0.9372069,-0.1335957,-0.1666189,0.976929,0.00179805,-0.00103392,-0.02554257,67.36667,4223.0,-0.175,-0.246
1.0,-0.05736834,-0.1791321,1.000023,-0.2201457,-0.1748581,0.9999218,-0.1387596,-0.176995,0.9999725,0.3790772,0.1300362,-0.9161829,0.0,0.02962403,0.9878644,0.1524673,0.0,-0.9248908,0.0849379,-0.3706247,0.0,-0.2473126,-1.358533,-1.236629,1.0,0.3790772,0.02962403,-0.9248907,0.0,0.1300361,0.9878644,0.08493788,0.0,-0.9161828,0.1524673,-0.3706247,0.0,-0.8625696,1.537918,-0.5716716,1.0,0.9433664,0.9503937,-0.1338703,-0.1675954,0.9767244,0.001798211,-0.001027473,-0.02554411,67.37778,4224.0,-0.175,-0.246
1.0,-0.05756482,-0.1794883,1.000006,-0.2206718,-0.1742232,0.9999052,-0.1391208,-0.1768556,0.9999558,0.3778514,0.129153,-0.916814,0.0,0.03025074,0.9879721,0.1516446,0.0,-0.925372,0.08503342,-0.3693997,0.0,-0.2498283,-1.359487,-1.235372,1.0,0.3778514,0.03025073,-0.9253719,0.0,0.129153,0.9879721,0.08503342,0.0,-0.9168139,0.1516446,-0.3693997,0.0,-0.8626265,1.53803,-0.5719283,1.0,0.9502891,0.9250579,-0.1342135,-0.1674638,0.9766998,0.001798797,-0.001024498,-0.02554552,67.4,4225.0,-0.175,-0.246
1.0,-0.05894905,-0.1794826,1.000028,-0.2235964,-0.1730234,0.9999241,-0.1412754,-0.1762528,0.9999759,0.3772547,0.1286577,-0.9171294,0.0,0.03034322,0.9880544,0.1510888,0.0,-0.9256124,0.08482762,-0.3688443,0.0,-0.2506962,-1.36018,-1.234634,1.0,0.3772546,0.03034324,-0.9256122,0.0,0.1286577,0.9880544,0.08482759,0.0,-0.9171292,0.1510888,-0.3688442,0.0,-0.8627453,1.538078,-0.5720544,1.0,0.9355892,0.9217489,-0.1362383,-0.1668566,0.9765235,0.001798958,-0.001023819,-0.02554748,67.41111,4226.0,-0.175,-0.246
1.0,-0.05898616,-0.179727,1.000065,-0.2241881,-0.1724152,0.9999783,-0.1415893,-0.176071,1.000021,0.3762531,0.1280018,-0.9176324,0.0,0.0303086,0.9881803,0.1502699,0.0,-0.926021,0.08435169,-0.3679263,0.0,-0.2518972,-1.361247,-1.233682,1.0,0.3762531,0.03030861,-0.9260212,0.0,0.1280018,0.9881803,0.08435168,0.0,-0.9176324,0.1502699,-0.3679263,0.0,-0.8630475,1.538177,-0.5723428,1.0,0.9519495,0.905902,-0.13653,-0.1666793,0.976513,0.001799476,-0.001018158,-0.02554888,67.43333,4227.0,-0.175,-0.246
1.0,-0.05875957,-0.1805309,1.000092,-0.2242656,-0.1724424,1.00003,-0.1415142,-0.1764866,1.000061,0.3758581,0.1277767,-0.9178256,0.0,0.03009567,0.9882423,0.1499044,0.0,-0.9261884,0.08396538,-0.3675934,0.0,-0.252104,-1.361694,-1.233275,1.0,0.3758581,0.03009568,-0.9261884,0.0,0.1277767,0.9882423,0.08396536,0.0,-0.9178255,0.1499044,-0.3675934,0.0,-0.8631831,1.538144,-0.5725044,1.0,0.95545,0.9277534,-0.1364461,-0.1670618,0.9764594,0.001800117,-0.001015488,-0.02555065,67.44444,4228.0,-0.175,-0.246
1.0,-0.05899093,-0.1822171,1.000092,-0.2242019,-0.1725883,1.000017,-0.1415982,-0.1774025,1.000054,0.3749908,0.1275112,-0.9182172,0.0,0.02950508,0.9883516,0.1493002,0.0,-0.9265589,0.08307826,-0.3668605,0.0,-0.2523311,-1.362569,-1.232645,1.0,0.3749907,0.02950508,-0.9265589,0.0,0.1275112,0.9883516,0.08307827,0.0,-0.9182171,0.1493002,-0.3668604,0.0,-0.863471,1.538176,-0.5728084,1.0,0.9585742,0.9225131,-0.1365065,-0.1679133,0.9763048,0.001801635,-0.001009842,-0.02555273,67.46667,4229.0,-0.175,-0.246
1.0,-0.05793154,-0.1805503,1.000094,-0.2244775,-0.172351,1.00003,-0.1412062,-0.1764504,1.000062,0.3745791,0.1271114,-0.9184406,0.0,0.02932229,0.9884388,0.148758,0.0,-0.9267312,0.08265242,-0.3665214,0.0,-0.2525454,-1.363315,-1.232024,1.0,0.3745791,0.02932229,-0.9267311,0.0,0.1271114,0.9884388,0.08265241,0.0,-0.9184406,0.148758,-0.3665213,0.0,-0.8636498,1.538232,-0.5729235,1.0,0.9628971,0.9131175,-0.1361647,-0.1670429,0.9765019,0.001807488,-0.001005554,-0.02555705,67.47778,4230.0,-0.175,-0.246
1.0,-0.05696756,-0.1802191,1.000095,-0.2247287,-0.1672066,1.000008,-0.1408504,-0.1737126,1.000052,0.3740244,0.126931,-0.9186916,0.0,0.02899538,0.988505,0.1483815,0.0,-0.9269655,0.08213612,-0.3660446,0.0,-0.2527226,-1.363898,-1.23158,1.0,0.3740244,0.02899537,-0.9269654,0.0,0.126931,0.9885051,0.08213612,0.0,-0.9186916,0.1483815,-0.3660445,0.0,-0.8637972,1.538292,-0.5730531,1.0,0.9599994,0.9279186,-0.1358996,-0.1645175,0.9769674,0.001815949,-0.001003372,-0.02556154,67.48889,4231.0,-0.175,-0.246
1.0,-0.0550712,-0.1799543,1.000049,-0.2258402,-0.166264,0.999983,-0.1404575,-0.173109,1.000016,0.3732798,0.1260413,-0.9191169,0.0,0.02866112,0.9886882,0.1472219,0.0,-0.927276,0.08129788,-0.3654448,0.0,-0.2530963,-1.36542,-1.230214,1.0,0.3732798,0.02866112,-0.9272759,0.0,0.1260412,0.9886881,0.08129787,0.0,-0.9191168,0.1472219,-0.3654448,0.0,-0.8641353,1.538343,-0.5732597,1.0,0.9532796,0.9221437,-0.1355572,-0.1639691,0.9771072,0.001824928,-0.001005096,-0.0255673,67.51112,4232.0,-0.175,-0.246
1.0,-0.05653423,-0.1798133,1.000147,-0.2259544,-0.1660722,1.000105,-0.1412454,-0.1729427,1.000126,0.3729623,0.1256531,-0.9192988,0.0,0.02834841,0.9887819,0.1466514,0.0,-0.9274133,0.08075611,-0.3652163,0.0,-0.2529939,-1.366252,-1.229628,1.0,0.3729623,0.02834842,-0.9274134,0.0,0.1256532,0.988782,0.08075612,0.0,-0.9192989,0.1466514,-0.3652163,0.0,-0.8643646,1.538424,-0.573377,1.0,0.94362,0.9231216,-0.1362869,-0.1637807,0.9770373,0.001828919,-0.001005157,-0.02557103,67.52222,4233.0,-0.175,-0.246
1.0,-0.05664974,-0.1799488,1.000151,-0.2259804,-0.1663872,1.000088,-0.1413168,-0.1731677,1.00012,0.3720357,0.1253584,-0.9197145,0.0,0.02794204,0.9888769,0.1460882,0.0,-0.9277977,0.08004874,-0.3643947,0.0,-0.2535233,-1.367081,-1.229079,1.0,0.3720357,0.02794205,-0.9277977,0.0,0.1253584,0.9888768,0.08004873,0.0,-0.9197145,0.1460882,-0.3643948,0.0,-0.8647065,1.538513,-0.5736549,1.0,0.9570214,0.9249397,-0.1363487,-0.1639878,0.9769939,0.001828942,-0.001005157,-0.02557705,67.54445,4234.0,-0.175,-0.246
1.0,-0.05717683,-0.1797594,1.000157,-0.2287143,-0.1685281,1.000126,-0.1429465,-0.1741436,1.000142,0.3718239,0.1250199,-0.9198462,0.0,0.02779399,0.9889462,0.1456466,0.0,-0.9278871,0.07972109,-0.364239,0.0,-0.2536477,-1.367681,-1.228671,1.0,0.371824,0.02779399,-0.9278871,0.0,0.1250199,0.9889461,0.07972109,0.0,-0.9198462,0.1456466,-0.364239,0.0,-0.8648888,1.538565,-0.5738533,1.0,0.9584378,0.9369585,-0.1378479,-0.1648533,0.9766378,0.001829338,-0.001005157,-0.02557989,67.55556,4235.0,-0.175,-0.246
1.0,-0.05721301,-0.1795615,1.000233,-0.2284713,-0.1657969,1.00018,-0.1428436,-0.172679,1.000206,0.3713106,0.1243952,-0.9201382,0.0,0.02757691,0.9890704,0.1448426,0.0,-0.9280992,0.07915615,-0.3638219,0.0,-0.2539294,-1.368678,-1.228044,1.0,0.3713106,0.02757692,-0.9280991,0.0,0.1243952,0.9890704,0.07915614,0.0,-0.9201381,0.1448426,-0.3638218,0.0,-0.8654263,1.538595,-0.5741215,1.0,0.9624106,0.9340928,-0.1377749,-0.1634878,0.9768776,0.001829651,-0.001005615,-0.02558373,67.57778,4236.0,-0.175,-0.246
