flag,xl,yl,zl,xr,yr,zr,xc,yc,zc,mat_00,mat_10,mat_20,mat_30,mat_01,mat_11,mat_21,mat_31,mat_02,mat_12,mat_22,mat_32,mat_03,mat_13,mat_23,mat_33,ctw_00,ctw_10,ctw_20,ctw_30,ctw_01,ctw_11,ctw_21,ctw_31,ctw_02,ctw_12,ctw_22,ctw_32,ctw_03,ctw_13,ctw_23,ctw_33,opennessl,opennessr,ray_x,ray_y,ray_z,eye_x,eye_y,eye_z,time,frame
0,-2.980232E-08,5.550683E-07,1,-2.980232E-08,5.550683E-07,1,-2.980232E-08,5.550683E-07,1,-0.9593911,-0.06241488,-0.2750875,0,-0.05311194,0.9977405,-0.04114596,0,-0.2770341,0.02486463,0.9605384,0,-0.6353918,-1.669184,0.9986471,1,-0.9593911,-0.05311194,-0.277034,0,-0.06241488,0.9977405,0.02486463,0,-0.2750875,-0.04114595,0.9605382,0,-0.4390558,1.672756,-1.09376,1,1,1,0,0,1,0,0,0,0,1
0,-2.980232E-08,5.550683E-07,1,-2.980232E-08,5.550683E-07,1,-2.980232E-08,5.550683E-07,1,-0.9593911,-0.06241488,-0.2750875,0,-0.05311194,0.9977405,-0.04114596,0,-0.2770341,0.02486463,0.9605384,0,-0.6353918,-1.669184,0.9986471,1,-0.9593911,-0.05311194,-0.277034,0,-0.06241488,0.9977405,0.02486463,0,-0.2750875,-0.04114595,0.9605382,0,-0.4390558,1.672756,-1.09376,1,0.1208867,0,0,0,1,0,0,0,0.01111111,2
0,0.2575305,-0.07950127,1.00017,0.1106734,-0.120794,1.00013,0.1841012,-0.100148,1.00015,-0.9594717,-0.0623506,-0.2748207,0,-0.05306583,0.9977449,-0.04109892,0,-0.2767635,0.02484966,0.9606167,0,-0.6352237,-1.669141,0.9986762,1,-0.9594718,-0.05306583,-0.2767635,0,-0.0623506,0.9977449,0.02484966,0,-0.2748208,-0.04109892,0.9606168,0,-0.4390942,1.672713,-1.093674,1,0.8809319,0.7275618,0.1737237,-0.09304238,0.9803894,0.002491082,-0.002882416,-0.02474523,0.02222222,3
0,0.2574935,-0.07948905,1,0.1106556,-0.1207797,0.9999999,0.1840745,-0.1001343,0.9999999,-0.9594717,-0.0623506,-0.2748207,0,-0.05306583,0.9977449,-0.04109892,0,-0.2767635,0.02484966,0.9606167,0,-0.6352237,-1.669141,0.9986762,1,-0.9594718,-0.05306583,-0.2767635,0,-0.0623506,0.9977449,0.02484966,0,-0.2748208,-0.04109892,0.9606168,0,-0.4390942,1.672713,-1.093674,1,0.8716269,0.7505954,0.1737237,-0.09304238,0.9803894,0.002491082,-0.002882416,-0.02474523,0.2777778,4
0,0.2591417,-0.0870219,0.9998651,0.115345,-0.1358806,0.9993779,0.187234,-0.1114568,0.9996214,-0.9612598,-0.06028551,-0.268971,0,-0.05393426,0.9980648,-0.03094761,0,-0.2703161,0.01524194,0.962651,0,-0.6235899,-1.678086,0.9892759,1,-0.9612597,-0.05393426,-0.2703161,0,-0.0602855,0.9980648,0.01524194,0,-0.2689709,-0.0309476,0.962651,0,-0.4345096,1.671821,-1.095317,1,0.8598526,0.7390051,0.1765084,-0.1037885,0.9788119,0.002512557,-0.002838974,-0.02473531,0.3555556,5
0,0.2049914,-0.008210675,0.9987777,0.004363805,-0.09341603,1.001426,0.1047654,-0.05075983,1.0001,-0.9585356,-0.0602958,-0.2785215,0,-0.05625534,0.9981632,-0.02248412,0,-0.2793656,0.005883504,0.9601668,0,-0.6273851,-1.687994,0.9677295,1,-0.9585353,-0.05625533,-0.2793655,0,-0.06029579,0.9981632,0.005883505,0,-0.2785214,-0.02248412,0.9601668,0,-0.4336163,1.671358,-1.09452,1,0.8557647,0.72852,0.09877438,-0.0465388,0.994021,0.002931717,-0.00278048,-0.02470865,0.3888889,6
0,0.1294189,-0.09487201,1.000044,-0.06512952,-0.0867089,1.000191,0.03214937,-0.09079079,1.000118,-0.9583201,-0.06053489,-0.2792102,0,-0.05638606,0.998147,-0.02287462,0,-0.2800775,0.006177641,0.9599576,0,-0.6277011,-1.687835,0.9676821,1,-0.9583199,-0.05638605,-0.2800775,0,-0.06053488,0.998147,0.006177643,0,-0.2792102,-0.02287461,0.9599574,0,-0.4335247,1.671449,-1.094312,1,0.8212416,0.7375804,0.0279613,-0.08558557,0.9959384,0.003375138,-0.002718071,-0.02477437,0.4,7
0,0.1143706,-0.09765445,1.000088,-0.05206269,-0.05718154,1.000183,0.0311563,-0.07741893,1.000135,-0.9580499,-0.0599798,-0.280255,0,-0.05584979,0.9981809,-0.02270719,0,-0.2811071,0.006102437,0.959657,0,-0.6293206,-1.687803,0.9663761,1,-0.95805,-0.05584979,-0.2811072,0,-0.05997979,0.9981809,0.006102436,0,-0.280255,-0.02270719,0.9596571,0,-0.4333229,1.671529,-1.093996,1,0.7812852,0.6007923,0.02696443,-0.07269645,0.9969895,0.00343586,-0.00268515,-0.02480674,0.4222222,8
0,0.1141409,-0.08414436,1.000258,-0.06083721,-0.06684423,1.000314,0.02665338,-0.07549457,1.000287,-0.9579805,-0.05956665,-0.2805803,0,-0.05544381,0.9982057,-0.02261628,0,-0.281424,0.006109511,0.9595641,0,-0.6304256,-1.687594,0.9656945,1,-0.9579804,-0.0554438,-0.281424,0,-0.05956665,0.9982057,0.006109513,0,-0.2805803,-0.02261628,0.9595641,0,-0.4335048,1.671453,-1.093752,1,0.7743305,0.6288602,0.02259779,-0.07082346,0.9972329,0.003425133,-0.002695664,-0.02476442,0.4333333,9
0,0.11559,-0.06454639,1.000027,-0.06525302,-0.06680606,1.00009,0.0251703,-0.06567631,1.000059,-0.9578903,-0.05889082,-0.2810312,0,-0.05457859,0.998241,-0.02315381,0,-0.2819004,0.006840518,0.9594195,0,-0.6323132,-1.686656,0.9660045,1,-0.9578899,-0.05457858,-0.2819003,0,-0.05889081,0.998241,0.006840521,0,-0.2810311,-0.0231538,0.9594191,0,-0.4335376,1.671545,-1.093515,1,0.8034387,0.6312644,0.02117844,-0.06132444,0.9978932,0.003421548,-0.002701096,-0.02470532,0.4555556,10
0,0.1200888,-0.0380261,1.000044,-0.05867201,-0.07965218,1.00005,0.03070852,-0.05883901,1.000047,-0.9578906,-0.05858402,-0.2810935,0,-0.05420618,0.9982572,-0.02333147,0,-0.2819704,0.007111997,0.9593967,0,-0.6330032,-1.686245,0.9661904,1,-0.9578905,-0.05420617,-0.2819704,0,-0.05858402,0.9982572,0.007111997,0,-0.2810935,-0.02333147,0.9593967,0,-0.433545,1.671536,-1.093455,1,0.8441641,0.8033082,0.0265692,-0.05461507,0.9981539,0.003438401,-0.00278318,-0.02444019,0.4666667,11
0,0.1200852,-0.03802384,0.9999999,-0.05867037,-0.07964758,0.9999999,0.03070739,-0.05883571,1,-0.9578906,-0.05858402,-0.2810935,0,-0.05420618,0.9982572,-0.02333147,0,-0.2819704,0.007111997,0.9593967,0,-0.6330032,-1.686245,0.9661904,1,-0.9578905,-0.05420617,-0.2819704,0,-0.05858402,0.9982572,0.007111997,0,-0.2810935,-0.02333147,0.9593967,0,-0.433545,1.671536,-1.093455,1,0.8441641,0.8033082,0.0265692,-0.05461507,0.9981539,0.003438401,-0.00278318,-0.02444019,0.4777778,12
0,0.1149221,-0.01275419,1.000082,-0.03706607,-0.07650118,1.000111,0.03892863,-0.04462723,1.000096,-0.9577183,-0.05850361,-0.2816975,0,-0.05421606,0.9982644,-0.02299758,0,-0.282554,0.00675267,0.9592278,0,-0.6332545,-1.686796,0.9643549,1,-0.9577179,-0.05421605,-0.2825539,0,-0.0585036,0.9982644,0.006752669,0,-0.2816974,-0.02299758,0.9592274,0,-0.4335065,1.671714,-1.092574,1,0.8377972,0.7415444,0.03458654,-0.04078086,0.9985694,0.003442725,-0.002786339,-0.02443611,0.6444445,13
0,0.1128659,-0.006654407,1.000061,-0.03558391,-0.07046156,1.000013,0.03864005,-0.03855875,1.000036,-0.9578665,-0.05727152,-0.2814463,0,-0.05288879,0.998332,-0.02315042,0,-0.2823027,0.007289659,0.9592978,0,-0.6352244,-1.685848,0.9647629,1,-0.9578662,-0.05288878,-0.2823026,0,-0.05727151,0.998332,0.007289659,0,-0.2814462,-0.02315042,0.9592975,0,-0.4334822,1.671774,-1.092531,1,0.8436786,0.7530825,0.03431124,-0.03488406,0.9988022,0.003446571,-0.002777908,-0.02444642,0.6555555,14
0,0.1118493,-0.005193128,1.000094,-0.03560743,-0.06653857,1.000072,0.03812057,-0.03586617,1.000083,-0.9578899,-0.05652458,-0.281517,0,-0.05185588,0.9983658,-0.02401271,0,-0.2824143,0.008403224,0.9592557,0,-0.637059,-1.684303,0.9659984,1,-0.95789,-0.05185588,-0.2824143,0,-0.05652458,0.9983658,0.008403226,0,-0.281517,-0.02401271,0.9592558,0,-0.4334919,1.671711,-1.092401,1,0.8595753,0.8252337,0.0338019,-0.03228306,0.9989071,0.003449676,-0.002754311,-0.02449845,0.6777778,15
0,0.1130233,-0.005192819,1.000137,-0.0361048,-0.06563328,1.000129,0.03845906,-0.03541324,1.000133,-0.9578943,-0.05638243,-0.2815308,0,-0.05164957,0.9983718,-0.02420976,0,-0.2824374,0.008649444,0.9592468,0,-0.637548,-1.683946,0.966171,1,-0.9578943,-0.05164957,-0.2824374,0,-0.05638242,0.9983717,0.008649443,0,-0.2815307,-0.02420975,0.9592466,0,-0.4336417,1.671666,-1.092299,1,0.8595753,0.8252337,0.03412855,-0.03183955,0.9989101,0.003451431,-0.002753525,-0.02450818,0.6888889,16
0,0.1136148,-0.007306435,1.000167,-0.04127923,-0.06301489,1.00015,0.03616743,-0.0351608,1.000158,-0.9579046,-0.05643378,-0.2814859,0,-0.05164054,0.998367,-0.02442366,0,-0.2824046,0.00885945,0.9592546,0,-0.6376797,-1.683721,0.9663917,1,-0.9579043,-0.05164054,-0.2824045,0,-0.05643377,0.9983671,0.008859451,0,-0.2814859,-0.02442367,0.9592544,0,-0.4338292,1.671645,-1.092182,1,0.8671235,0.914313,0.03189411,-0.03159185,0.9989918,0.003453209,-0.002757088,-0.02451703,0.7,17
0,0.1140641,-0.006944728,0.9999992,-0.04265192,-0.06192412,1.000037,0.03570697,-0.03443396,1.000018,-0.9577255,-0.05657036,-0.2820674,0,-0.05173697,0.9983587,-0.02456047,0,-0.2829938,0.008928875,0.9590805,0,-0.6380736,-1.683791,0.9661219,1,-0.9577251,-0.05173696,-0.2829937,0,-0.05657034,0.9983587,0.008928872,0,-0.2820672,-0.02456046,0.9590799,0,-0.4338404,1.671744,-1.092124,1,0.880208,0.9040089,0.03144853,-0.03088218,0.9990282,0.003455392,-0.002763473,-0.02451479,0.7222223,18
0,0.1139917,-0.01368326,0.9999958,-0.04759952,-0.06452999,1.000044,0.03319713,-0.03910598,1.00002,-0.9576324,-0.05665554,-0.2823662,0,-0.05179923,0.9983535,-0.0246405,0,-0.2832973,0.008970189,0.9589905,0,-0.6382882,-1.683779,0.9659957,1,-0.9576321,-0.05179923,-0.2832972,0,-0.05665553,0.9983535,0.008970187,0,-0.282366,-0.02464049,0.9589899,0,-0.4338763,1.671746,-1.092102,1,0.8730491,0.9729204,0.02898633,-0.03543544,0.9989515,0.003469704,-0.00276529,-0.02447125,0.7333333,19
0,0.113061,-0.01351623,1.000003,-0.04791483,-0.06315698,1.00004,0.03257385,-0.03833627,1.000021,-0.9575788,-0.05680837,-0.2825173,0,-0.05204099,0.9983479,-0.02435666,0,-0.2834342,0.008620938,0.9589531,0,-0.6380355,-1.684241,0.9654006,1,-0.9575785,-0.05204098,-0.2834341,0,-0.05680836,0.9983479,0.008620938,0,-0.2825172,-0.02435666,0.9589528,0,-0.4339058,1.671769,-1.092095,1,0.8843693,0.9273048,0.0283734,-0.0346797,0.9989957,0.003476265,-0.002771461,-0.02447125,0.7444445,20
0,0.1145934,-0.008559857,1.000046,-0.04613575,-0.06274886,1.000053,0.03422895,-0.03565424,1.000049,-0.9575145,-0.05719161,-0.2826575,0,-0.05231544,0.9983233,-0.02477528,0,-0.2836005,0.008935338,0.9589009,0,-0.6377519,-1.684123,0.9658905,1,-0.9575142,-0.05231543,-0.2836005,0,-0.05719159,0.9983232,0.008935339,0,-0.2826575,-0.02477528,0.9589008,0,-0.4339581,1.671865,-1.092012,1,0.8984373,0.9412464,0.02998162,-0.03206163,0.9990361,0.003482492,-0.002774819,-0.02447125,0.7666667,21
0,0.1144819,-0.00523485,1.000042,-0.0475125,-0.05827036,1.000036,0.03348461,-0.03175268,1.000039,-0.9575043,-0.05723974,-0.2826827,0,-0.05229079,0.9983183,-0.02502747,0,-0.2836398,0.009182202,0.9588871,0,-0.6378795,-1.683919,0.9662381,1,-0.957504,-0.05229078,-0.2836398,0,-0.05723973,0.9983182,0.009182201,0,-0.2826826,-0.02502746,0.9588867,0,-0.4340205,1.671915,-1.091979,1,1,1,0.02925497,-0.02824096,0.999173,0.003487679,-0.002796036,-0.02447111,0.7777778,22
0,0.1142035,-0.002804472,1.000155,-0.05167612,-0.05272008,1.000128,0.03126296,-0.0277625,1.000142,-0.9574344,-0.05799317,-0.282765,0,-0.05277151,0.9982666,-0.02605481,0,-0.2837858,0.01002383,0.9588352,0,-0.6373806,-1.683291,0.9676898,1,-0.9574344,-0.05277152,-0.2837859,0,-0.05799317,0.9982668,0.01002383,0,-0.282765,-0.02605481,0.9588354,0,-0.4342407,1.671951,-1.091862,1,0.8888273,0.9997826,0.02708814,-0.02433171,0.999337,0.003490052,-0.00281633,-0.02445806,0.8,23
0,0.1136916,-0.002710876,1.000068,-0.05232888,-0.05280782,0.9999766,0.03067914,-0.02776024,1.000022,-0.9575473,-0.05809746,-0.2823613,0,-0.05273119,0.9982551,-0.02657403,0,-0.2834125,0.01055664,0.95894,0,-0.6371282,-1.68276,0.9688225,1,-0.9575472,-0.05273119,-0.2834125,0,-0.05809746,0.9982551,0.01055664,0,-0.2823613,-0.02657403,0.9589399,0,-0.4342865,1.671973,-1.091848,1,1,1,0.0265219,-0.02433223,0.999352,0.003490357,-0.002816925,-0.0244568,0.8111112,24
0,0.1159829,-0.002004162,1.000074,-0.05247051,-0.05376544,1,0.03175429,-0.02788568,1.000037,-0.9576513,-0.05860314,-0.2819042,0,-0.05318942,0.9982241,-0.02682526,0,-0.2829756,0.01069492,0.9590676,0,-0.6360435,-1.682787,0.9695954,1,-0.9576511,-0.05318942,-0.2829756,0,-0.05860313,0.998224,0.01069492,0,-0.2819042,-0.02682526,0.9590675,0,-0.4343914,1.671978,-1.091895,1,0.9023606,0.9709162,0.02756898,-0.02445324,0.9993208,0.003490846,-0.002816925,-0.02445642,0.8333334,25
0,0.1161029,0.005755625,1.000009,-0.05275053,-0.05387406,0.9999905,0.03167567,-0.02405942,0.9999999,-0.957732,-0.0581485,-0.2817239,0,-0.05279757,0.9982521,-0.02655416,0,-0.2827755,0.01055743,0.9591281,0,-0.636525,-1.68284,0.9692999,1,-0.9577318,-0.05279757,-0.2827755,0,-0.0581485,0.9982522,0.01055743,0,-0.2817238,-0.02655416,0.959128,0,-0.4344,1.67203,-1.09191,1,0.8888431,0.9711202,0.02749665,-0.02072383,0.999407,0.003489777,-0.002816925,-0.02445642,0.8444445,26
0,0.1160195,0.01111199,0.9999866,-0.05340254,-0.05342267,0.9999712,0.03130814,-0.0211556,0.999979,-0.9578081,-0.05808717,-0.2814778,0,-0.05263591,0.9982515,-0.02689556,0,-0.282548,0.01094495,0.9591908,0,-0.6367397,-1.682359,0.9700588,1,-0.9578078,-0.05263591,-0.2825479,0,-0.05808716,0.9982516,0.01094495,0,-0.2814777,-0.02689556,0.9591906,0,-0.4345478,1.671992,-1.091967,1,0.9071984,0.9964777,0.02714181,-0.01789093,0.9994715,0.003488282,-0.002818047,-0.02445806,0.8666667,27
0,0.1167516,0.01087959,1.000058,-0.05670148,-0.05320995,1.000023,0.03002399,-0.02116571,1.00004,-0.9578675,-0.05798,-0.2812979,0,-0.05251228,0.9982567,-0.02694344,0,-0.2823697,0.01103665,0.9592423,0,-0.6368437,-1.682259,0.9702373,1,-0.9578671,-0.05251227,-0.2823696,0,-0.05798,0.9982568,0.01103665,0,-0.2812978,-0.02694343,0.959242,0,-0.4346235,1.672026,-1.091951,1,0.8958529,0.9853767,0.02588717,-0.01790141,0.9995046,0.003489343,-0.002817459,-0.02446212,0.8777778,28
0,0.1166915,0.01078837,1.00008,-0.05885777,-0.05609677,1.000023,0.02891532,-0.0226553,1.000052,-0.9578826,-0.05859039,-0.2811196,0,-0.05302782,0.9982181,-0.02736048,0,-0.2822217,0.01130097,0.9592828,0,-0.6359669,-1.682194,0.9710001,1,-0.9578825,-0.05302782,-0.2822216,0,-0.05859039,0.9982182,0.01130097,0,-0.2811195,-0.02736048,0.9592825,0,-0.4347749,1.67204,-1.091937,1,0.8958529,0.9853767,0.02480185,-0.01935506,0.999505,0.003492692,-0.002815819,-0.02446994,0.9,29
0,0.1160776,0.0175441,0.9999852,-0.06528941,-0.05698834,0.9999704,0.02539358,-0.01972232,0.9999777,-0.9578701,-0.05899527,-0.2810775,0,-0.05341922,0.9981944,-0.027466,0,-0.2821904,0.01129391,0.9592921,0,-0.6352988,-1.682371,0.9712262,1,-0.9578699,-0.05341921,-0.2821903,0,-0.05899526,0.9981943,0.01129391,0,-0.2810774,-0.02746599,0.9592918,0,-0.4347958,1.672071,-1.091964,1,0.8958529,0.9853767,0.02133084,-0.01652597,0.9996359,0.003532868,-0.002786347,-0.02449327,0.9111111,30
0,0.1155605,0.02227761,0.9999396,-0.05580911,0.003515873,0.9999479,0.02987596,0.01289693,0.9999437,-0.9578372,-0.05928839,-0.2811276,0,-0.05369614,0.9981769,-0.02756096,0,-0.2822491,0.01130345,0.9592745,0,-0.6348728,-1.682568,0.9714,1,-0.9578373,-0.05369614,-0.2822491,0,-0.05928839,0.9981769,0.01130345,0,-0.2811276,-0.02756096,0.9592746,0,-0.4347743,1.672184,-1.092013,1,0.9023144,0.9931232,0.02569724,0.01527461,0.9995531,0.003537537,-0.002758728,-0.02454727,0.9222223,31
0,0.1150343,0.02220982,1.000057,-0.0585371,-0.02873447,1.000109,0.02824998,-0.003261826,1.000083,-0.9577615,-0.05985732,-0.281265,0,-0.05425134,0.9981435,-0.02768331,0,-0.2823998,0.01125501,0.9592308,0,-0.6343033,-1.682782,0.9714118,1,-0.9577615,-0.05425133,-0.2823998,0,-0.05985731,0.9981434,0.01125501,0,-0.2812649,-0.02768331,0.9592307,0,-0.4350141,1.672138,-1.091995,1,0.902925,0.9546,0.02410998,-0.0004875738,0.9997092,0.003539284,-0.002762245,-0.02453188,0.9444445,32
0,0.1150761,0.02035042,0.9999552,-0.05720356,-0.02837688,0.999992,0.02893722,-0.004012765,0.9999738,-0.9576885,-0.05998445,-0.2814865,0,-0.05435316,0.9981353,-0.02777823,0,-0.2826278,0.01130322,0.9591631,0,-0.6344224,-1.682739,0.9714193,1,-0.9576885,-0.05435316,-0.2826279,0,-0.05998445,0.9981353,0.01130321,0,-0.2814864,-0.02777824,0.9591631,0,-0.4350758,1.672103,-1.092035,1,0.8820719,0.9653172,0.02478053,-0.001239114,0.9996921,0.003541229,-0.002743454,-0.02454716,0.9555556,33
0,0.1153181,0.01602715,1.000061,-0.05722347,-0.03157058,1.000076,0.02904764,-0.007771577,1.000068,-0.9576578,-0.06014916,-0.2815557,0,-0.05454482,0.9981268,-0.02770753,0,-0.2826949,0.01117693,0.9591447,0,-0.6343175,-1.682896,0.971181,1,-0.9576578,-0.05454482,-0.2826949,0,-0.06014916,0.9981268,0.01117693,0,-0.2815557,-0.02770753,0.9591448,0,-0.4352423,1.672054,-1.092012,1,0.8990334,0.9507143,0.02488481,-0.004925432,0.9996781,0.003541809,-0.002723648,-0.02455955,0.9666667,34
0,0.1122823,0.01489551,1.00002,-0.05698666,-0.03099868,1.000018,0.02764773,-0.008051588,1.000019,-0.9575938,-0.06024167,-0.281754,0,-0.05479692,0.9981278,-0.02717157,0,-0.2828633,0.01058008,0.959102,0,-0.6341903,-1.683566,0.9701418,1,-0.9575936,-0.05479692,-0.2828632,0,-0.06024166,0.9981278,0.01058008,0,-0.2817539,-0.02717157,0.9591017,0,-0.4353762,1.672023,-1.092041,1,1,1,0.02351975,-0.005197094,0.9997099,0.003542846,-0.002725411,-0.02455766,0.9888889,35
0,0.1106602,0.01578913,1.00004,-0.0600909,-0.03833652,1.000081,0.02528584,-0.01127333,1.00006,-0.957549,-0.06022862,-0.2819093,0,-0.05486759,0.9981318,-0.02687996,0,-0.2830015,0.01027119,0.9590646,0,-0.634376,-1.683866,0.9694852,1,-0.9575486,-0.05486758,-0.2830015,0,-0.06022861,0.9981318,0.01027119,0,-0.2819092,-0.02687995,0.9590644,0,-0.435556,1.671973,-1.092033,1,0.9378228,0.998939,0.02121432,-0.008339901,0.9997401,0.003543236,-0.002725266,-0.02457073,1,36
0,0.1082607,0.01884873,0.9999595,-0.0605883,-0.03839629,1.000005,0.0238373,-0.009773182,0.999982,-0.9574585,-0.06050269,-0.2821575,0,-0.05519958,0.9981179,-0.02671384,0,-0.2832428,0.01000242,0.9589963,0,-0.6342029,-1.684234,0.9690695,1,-0.9574583,-0.05519958,-0.2832427,0,-0.06050268,0.998118,0.01000242,0,-0.2821575,-0.02671384,0.9589959,0,-0.4356933,1.671944,-1.092121,1,1,1,0.0198025,-0.006877825,0.9997802,0.00354406,-0.002725266,-0.02457073,1.022222,37
0,0.1075608,0.02560433,0.9999462,-0.06036848,-0.03880003,0.999968,0.02359667,-0.006597587,0.9999571,-0.9574374,-0.06023761,-0.2822855,0,-0.05491572,0.998133,-0.0267346,0,-0.2833689,0.01009479,0.9589579,0,-0.634858,-1.684033,0.9690464,1,-0.9574373,-0.05491572,-0.2833689,0,-0.0602376,0.9981329,0.01009479,0,-0.2822855,-0.0267346,0.9589578,0,-0.4357311,1.671932,-1.092174,1,1,1,0.01956861,-0.003780088,0.9998013,0.00354406,-0.002724716,-0.02457073,1.033333,38
0,0.1070906,0.01872395,1.000149,-0.06203336,-0.03962244,1.000168,0.02252907,-0.0104488,1.000158,-0.9574398,-0.06005073,-0.2823174,0,-0.05480779,0.9981468,-0.02643935,0,-0.2833819,0.009840888,0.9589567,0,-0.6351887,-1.684176,0.9683819,1,-0.9574397,-0.05480778,-0.2833818,0,-0.06005072,0.9981468,0.009840889,0,-0.2823174,-0.02643934,0.9589566,0,-0.4358998,1.671844,-1.092063,1,1,1,0.01852323,-0.007535804,0.9998,0.00354406,-0.002725365,-0.02456706,1.044444,39
0,0.1070376,0.02779909,0.9998715,-0.06280142,-0.04785249,0.9998662,0.02211797,-0.01002689,0.9998689,-0.9573873,-0.06003565,-0.2824986,0,-0.05482858,0.9981491,-0.02630934,0,-0.2835552,0.009699229,0.958907,0,-0.6354085,-1.684368,0.9681997,1,-0.957387,-0.05482857,-0.2835552,0,-0.06003564,0.9981491,0.009699225,0,-0.2824985,-0.02630933,0.9589067,0,-0.435939,1.671884,-1.09225,1,1,1,0.01812778,-0.007129769,0.9998103,0.003543777,-0.002721779,-0.02455909,1.066667,40
0,0.1064942,0.02883844,0.9999694,-0.06294668,-0.0492802,0.9999622,0.02177367,-0.01022124,0.999966,-0.9574134,-0.0598926,-0.2824407,0,-0.05469426,0.9981577,-0.02626128,0,-0.2834932,0.009695012,0.9589255,0,-0.6356286,-1.684299,0.9682011,1,-0.9574131,-0.05469424,-0.2834931,0,-0.05989258,0.9981577,0.009695008,0,-0.2824405,-0.02626127,0.958925,0,-0.4359769,1.671857,-1.092299,1,1,1,0.01779037,-0.007319092,0.9998149,0.003543587,-0.002721565,-0.02454802,1.077778,41
0,0.1053659,0.0283689,1.000123,-0.06466421,-0.05304828,1.000145,0.02035135,-0.01233936,1.000134,-0.9573858,-0.05962925,-0.2825904,0,-0.05457046,0.9981779,-0.02574621,0,-0.2836108,0.009227958,0.9588953,0,-0.6361269,-1.684582,0.9671243,1,-0.9573854,-0.05457045,-0.2836106,0,-0.05962924,0.998178,0.009227958,0,-0.2825903,-0.0257462,0.9588948,0,-0.436169,1.671698,-1.092238,1,1,1,0.01640161,-0.009385214,0.9998214,0.003542396,-0.002721565,-0.02451565,1.1,42
0,0.08751431,0.02230952,0.999944,-0.06803349,-0.05817081,0.9999707,0.009740978,-0.01793008,0.9999573,-0.9573255,-0.05962038,-0.2827963,0,-0.05452723,0.9981775,-0.02585402,0,-0.2838224,0.009330604,0.9588317,0,-0.6364664,-1.684431,0.9671847,1,-0.9573252,-0.05452723,-0.2838222,0,-0.05962037,0.9981775,0.009330605,0,-0.2827962,-0.02585401,0.9588313,0,-0.4362155,1.671662,-1.092294,1,1,1,0.006050995,-0.01484601,0.9998714,0.003541145,-0.002719605,-0.02450432,1.111111,43
0,0.1001549,0.0251237,0.9999388,-0.06841108,-0.05908035,0.999957,0.01587239,-0.01697801,0.9999479,-0.9572755,-0.05957648,-0.2829742,0,-0.05456183,0.9981828,-0.02557659,0,-0.2839837,0.009044249,0.9587866,0,-0.6366517,-1.684746,0.9667676,1,-0.9572753,-0.05456183,-0.2839837,0,-0.05957647,0.9981828,0.009044248,0,-0.2829742,-0.02557658,0.9587862,0,-0.436252,1.671674,-1.092485,1,1,1,0.0120364,-0.01391738,0.9998307,0.003539483,-0.00271846,-0.02449631,1.133333,44
0,0.09207016,0.02089045,1.000018,-0.06871158,-0.0584749,1.000049,0.01168004,-0.01879159,1.000034,-0.957245,-0.05933612,-0.2831278,0,-0.05432647,0.9981971,-0.02551994,0,-0.2841316,0.009047499,0.9587427,0,-0.6373729,-1.684617,0.966524,1,-0.9572448,-0.05432646,-0.2841316,0,-0.05933611,0.998197,0.009047497,0,-0.2831278,-0.02551994,0.9587426,0,-0.4364307,1.671619,-1.092504,1,1,1,0.007946926,-0.01568613,0.9998454,0.003536805,-0.002718376,-0.02449216,1.144444,45
0,0.1003235,0.02715073,0.9999299,-0.0690507,-0.05828908,0.9999523,0.01563692,-0.01556879,0.9999411,-0.9572384,-0.05916827,-0.2831852,0,-0.05419859,0.9982081,-0.02535895,0,-0.2841782,0.008926325,0.95873,0,-0.6376954,-1.684663,0.9662768,1,-0.9572382,-0.05419859,-0.2841782,0,-0.05916827,0.9982082,0.008926326,0,-0.2831852,-0.02535895,0.9587299,0,-0.4364698,1.671586,-1.09258,1,1,1,0.01181094,-0.01253857,0.9998516,0.003535775,-0.002722618,-0.02447776,1.155556,46
0,0.09097505,0.02092632,0.9999244,-0.07051226,-0.06036375,0.9999638,0.01023233,-0.01971783,0.9999442,-0.9571421,-0.05914135,-0.2835165,0,-0.05428097,0.9982133,-0.02497596,0,-0.284487,0.008515992,0.9586422,0,-0.6379939,-1.685049,0.9654229,1,-0.9571418,-0.05428096,-0.2844869,0,-0.05914135,0.9982134,0.008515992,0,-0.2835163,-0.02497595,0.9586418,0,-0.4365935,1.67152,-1.092646,1,1,1,0.006536684,-0.01659122,0.999841,0.003534966,-0.002719208,-0.02446994,1.177778,47
0,0.08924621,0.0198768,1.000053,-0.07069924,-0.0581733,1.000063,0.009273797,-0.01914806,1.000058,-0.9571159,-0.05957844,-0.2835132,0,-0.05478004,0.9981897,-0.02483037,0,-0.2844793,0.008234677,0.9586469,0,-0.6372289,-1.685479,0.9651312,1,-0.9571157,-0.05478003,-0.2844793,0,-0.05957843,0.9981896,0.008234677,0,-0.2835132,-0.02483037,0.9586468,0,-0.4366926,1.671485,-1.092619,1,1,1,0.005602672,-0.01603398,0.9998558,0.003532845,-0.002718643,-0.02446612,1.188889,48
0,0.08848086,0.01484652,0.9999487,-0.07061821,-0.05818471,0.9999813,0.008932143,-0.02166845,0.999965,-0.9570073,-0.06062528,-0.2836581,0,-0.05595677,0.9981316,-0.02454001,0,-0.2846159,0.007612374,0.9586116,0,-0.6354721,-1.686514,0.9646472,1,-0.9570071,-0.05595677,-0.2846158,0,-0.06062527,0.9981316,0.007612373,0,-0.2836581,-0.02454001,0.9586113,0,-0.4367667,1.671476,-1.092749,1,1,1,0.005269913,-0.01849896,0.999815,0.003532449,-0.002714195,-0.02446224,1.211111,49
0,0.09038909,0.01789603,1.000015,-0.07024017,-0.05741514,0.9999826,0.01007369,-0.01976008,0.999999,-0.9570957,-0.06073555,-0.2833359,0,-0.05617825,0.9981277,-0.02418992,0,-0.2842746,0.007234752,0.9587158,0,-0.634851,-1.686955,0.9643284,1,-0.9570955,-0.05617825,-0.2842745,0,-0.06073553,0.9981276,0.007234754,0,-0.2833358,-0.02418992,0.9587155,0,-0.4368424,1.671459,-1.092784,1,1,1,0.006384188,-0.01663787,0.9998412,0.003532279,-0.00271331,-0.02445867,1.222222,50
0,0.08991465,0.01858475,0.9999422,-0.0694235,-0.05747419,0.9999306,0.01024544,-0.01944502,0.9999365,-0.9571828,-0.06049304,-0.2830932,0,-0.05602915,0.9981443,-0.02384605,0,-0.2840104,0.006963553,0.9587959,0,-0.6348861,-1.687203,0.9640427,1,-0.9571828,-0.05602915,-0.2840104,0,-0.06049305,0.9981444,0.006963553,0,-0.2830932,-0.02384605,0.9587959,0,-0.4368522,1.671488,-1.092885,1,1,1,0.006552075,-0.01633083,0.9998451,0.003532279,-0.002713616,-0.02445732,1.244444,51
0,0.08933356,0.01830209,0.9999747,-0.06934774,-0.0576027,0.9999781,0.009992957,-0.01965018,0.9999763,-0.9572015,-0.06001165,-0.2831326,0,-0.05551203,0.998172,-0.02389605,0,-0.2840491,0.007156064,0.9587831,0,-0.6358452,-1.686814,0.9641174,1,-0.9572015,-0.05551204,-0.284049,0,-0.06001165,0.998172,0.007156064,0,-0.2831325,-0.02389605,0.958783,0,-0.4368874,1.671472,-1.09292,1,1,1,0.006305519,-0.01653045,0.9998435,0.003532279,-0.002713471,-0.02445723,1.255556,52
0,0.08674371,0.01813034,1.00006,-0.06928891,-0.05782596,1.000048,0.008727193,-0.01984807,1.000054,-0.9572535,-0.05958924,-0.2830464,0,-0.0550808,0.9981966,-0.02386713,0,-0.2839582,0.007256469,0.9588094,0,-0.6365422,-1.686543,0.9640828,1,-0.9572532,-0.05508079,-0.2839581,0,-0.05958923,0.9981966,0.00725647,0,-0.2830463,-0.02386712,0.9588091,0,-0.4369517,1.67145,-1.092884,1,1,1,0.005070325,-0.01672254,0.9998474,0.003531737,-0.002713318,-0.02445639,1.266667,53
0,0.08425674,0.01760956,1.000006,-0.06764385,-0.05781856,0.9999683,0.008305699,-0.02010508,0.9999872,-0.9573896,-0.05885483,-0.2827391,0,-0.05430761,0.9982381,-0.02390049,0,-0.2836476,0.007527201,0.9588991,0,-0.6376435,-1.686017,0.9644021,1,-0.9573895,-0.05430761,-0.2836476,0,-0.05885483,0.9982382,0.0075272,0,-0.282739,-0.02390049,0.958899,0,-0.4370293,1.671467,-1.092939,1,1,1,0.004660324,-0.01697469,0.999845,0.003530702,-0.002713203,-0.02445545,1.288889,54
0,0.08260494,0.01933363,0.9999021,-0.06682181,-0.05530526,0.999887,0.007891208,-0.01798625,0.9998947,-0.9573826,-0.05880581,-0.2827729,0,-0.05416393,0.9982384,-0.02421244,0,-0.2836986,0.007864476,0.9588813,0,-0.6379328,-1.685597,0.9649886,1,-0.9573825,-0.05416393,-0.2836986,0,-0.05880581,0.9982385,0.007864476,0,-0.2827729,-0.02421244,0.9588812,0,-0.436996,1.671439,-1.093034,1,1,1,0.004256175,-0.0149089,0.9998798,0.003530892,-0.002712387,-0.02445966,1.3,55
0,0.08303583,0.0191157,0.9999398,-0.06674474,-0.0550135,0.9999373,0.008145571,-0.01794884,0.9999384,-0.9573561,-0.05877076,-0.2828704,0,-0.0540433,0.9982381,-0.02449369,0,-0.2838116,0.008161927,0.9588455,0,-0.6382228,-1.685305,0.9654329,1,-0.9573557,-0.05404329,-0.2838115,0,-0.05877075,0.9982381,0.008161929,0,-0.2828703,-0.02449368,0.9588452,0,-0.4369605,1.671491,-1.09308,1,1,1,0.004502119,-0.01487006,0.9998794,0.003532913,-0.002714104,-0.02446807,1.311111,56
0,0.07922857,0.01974243,0.9999814,-0.06716841,-0.05404648,1.000017,0.006030828,-0.01715133,0.9999993,-0.9572372,-0.05879943,-0.2832661,0,-0.05399464,0.9982345,-0.02474684,0,-0.2842211,0.008393745,0.9587221,0,-0.6387047,-1.685017,0.9655415,1,-0.9572371,-0.05399464,-0.284221,0,-0.05879943,0.9982346,0.008393745,0,-0.283266,-0.02474684,0.9587219,0,-0.4369648,1.671449,-1.093075,1,1,1,0.002434495,-0.0140916,0.9998977,0.003536431,-0.00271418,-0.02447457,1.344445,57
0,0.07736337,0.02091864,0.9999843,-0.06690109,-0.0540321,1.000027,0.005232006,-0.01655603,1.000006,-0.9571352,-0.0588148,-0.2836072,0,-0.05396333,0.9982325,-0.02489588,0,-0.2845702,0.008524328,0.9586173,0,-0.6391572,-1.684851,0.965517,1,-0.9571351,-0.05396332,-0.2845702,0,-0.0588148,0.9982325,0.008524329,0,-0.2836072,-0.02489587,0.9586173,0,-0.4370263,1.671419,-1.093084,1,1,1,0.001652904,-0.01351039,0.9999074,0.003538399,-0.002713738,-0.02447621,1.355556,58
0,0.07791403,0.02093383,0.9999224,-0.06636077,-0.05344877,0.9999205,0.005776525,-0.01625748,0.9999214,-0.9571229,-0.05892614,-0.2836258,0,-0.0540573,0.9982256,-0.02496988,0,-0.2845939,0.008567199,0.9586101,0,-0.6389679,-1.684829,0.965702,1,-0.9571228,-0.0540573,-0.2845939,0,-0.05892613,0.9982256,0.008567198,0,-0.2836257,-0.02496988,0.9586096,0,-0.4369533,1.671412,-1.093143,1,1,1,0.002181645,-0.01321899,0.9999103,0.003541397,-0.002715157,-0.02447437,1.366667,59
0,0.07778266,0.02386851,1.000031,-0.066255,-0.05362553,1.00002,0.00576365,-0.01487864,1.000026,-0.9570764,-0.05918121,-0.2837296,0,-0.05431582,0.998211,-0.02499194,0,-0.284701,0.008508187,0.9585787,0,-0.6386173,-1.685057,0.9656206,1,-0.9570763,-0.05431581,-0.284701,0,-0.05918121,0.998211,0.008508188,0,-0.2837295,-0.02499193,0.9585785,0,-0.4369541,1.671488,-1.093101,1,1,1,0.002167494,-0.01187155,0.9999272,0.003542794,-0.002716019,-0.02447404,1.388889,60
0,0.07839569,0.02471467,1.000024,-0.06603432,-0.05306404,1.000003,0.006180227,-0.01417507,1.000013,-0.9570781,-0.059325,-0.2836934,0,-0.05439864,0.9982008,-0.02521915,0,-0.2846791,0.008704158,0.9585834,0,-0.6384794,-1.684916,0.966005,1,-0.9570782,-0.05439864,-0.2846792,0,-0.059325,0.9982007,0.008704155,0,-0.2836934,-0.02521915,0.9585834,0,-0.436983,1.671514,-1.093092,1,1,1,0.002574304,-0.01118242,0.9999341,0.003542794,-0.002718353,-0.02447246,1.4,61
0,0.07858503,0.02457415,1.000051,-0.06604692,-0.05195068,0.9999722,0.006267488,-0.01368972,1.000011,-0.9571725,-0.05947217,-0.283344,0,-0.05439148,0.9981871,-0.02577194,0,-0.284363,0.009256695,0.9586719,0,-0.6381881,-1.684468,0.9672382,1,-0.9571726,-0.05439148,-0.284363,0,-0.05947217,0.9981871,0.009256695,0,-0.283344,-0.02577194,0.9586721,0,-0.436974,1.67163,-1.093149,1,1,1,0.002659371,-0.01070862,0.9999391,0.003542794,-0.002718849,-0.02446874,1.422222,62
0,0.08027965,0.02456921,1.000004,-0.06591976,-0.05219839,0.9999198,0.007178277,-0.01381617,0.9999617,-0.9572328,-0.0600087,-0.2830274,0,-0.05480406,0.9981512,-0.02627846,0,-0.284081,0.009643557,0.9587519,0,-0.6371285,-1.684326,0.968344,1,-0.9572327,-0.05480405,-0.284081,0,-0.0600087,0.9981512,0.009643557,0,-0.2830273,-0.02627846,0.9587517,0,-0.4368866,1.671741,-1.093155,1,1,1,0.003548479,-0.01082969,0.9999351,0.003542794,-0.002721466,-0.02446359,1.433333,63
0,0.08926748,0.001842392,1.000065,-0.06556448,-0.05263843,0.9999672,0.01184928,-0.02539934,1.000016,-0.9574156,-0.06039916,-0.2823248,0,-0.05495671,0.9981192,-0.02716425,0,-0.2834345,0.01049184,0.9589342,0,-0.6363899,-1.683643,0.9703032,1,-0.9574156,-0.05495671,-0.2834345,0,-0.06039916,0.9981191,0.01049184,0,-0.2823249,-0.02716425,0.9589342,0,-0.4370396,1.67186,-1.093167,1,1,1,0.008162335,-0.02212818,0.9997218,0.00348507,-0.002723892,-0.02443292,1.455556,64
0,0.08814397,0.007950249,0.9999053,-0.06554806,-0.05280306,0.9998009,0.01129568,-0.02242779,0.9998531,-0.9575168,-0.06093324,-0.2818671,0,-0.05534743,0.9980816,-0.02774449,0,-0.2830169,0.0109652,0.9590524,0,-0.635273,-1.683367,0.9717414,1,-0.9575165,-0.05534742,-0.2830169,0,-0.06093323,0.9980817,0.01096519,0,-0.281867,-0.02774449,0.9590521,0,-0.4369554,1.671937,-1.093285,1,1,1,0.007626079,-0.01923726,0.9997858,0.003482674,-0.00271959,-0.02443221,1.466667,65
0,0.08511931,0.005690172,1.000026,-0.05864203,-0.05261129,0.9999461,0.01323718,-0.0234616,0.9999864,-0.9576139,-0.06111256,-0.2814974,0,-0.05539575,0.9980654,-0.02822969,0,-0.2826779,0.01143939,0.9591466,0,-0.6349015,-1.682952,0.9728242,1,-0.957614,-0.05539574,-0.2826779,0,-0.06111256,0.9980652,0.01143939,0,-0.2814974,-0.02822969,0.9591467,0,-0.4369926,1.671988,-1.093302,1,1,1,0.009518809,-0.02023514,0.99975,0.003483596,-0.002728234,-0.02440683,1.477778,66
0,0.08303171,0.005640009,1.000018,-0.05868876,-0.05222122,0.9999623,0.0121704,-0.02329126,0.99999,-0.9578314,-0.06142022,-0.2806901,0,-0.05553735,0.9980391,-0.02887303,0,-0.281913,0.01206671,0.9593642,0,-0.634092,-1.682446,0.9744604,1,-0.957831,-0.05553734,-0.281913,0,-0.06142021,0.998039,0.01206671,0,-0.28069,-0.02887302,0.9593639,0,-0.4371679,1.672066,-1.093319,1,1,1,0.008497912,-0.02006095,0.9997627,0.003463134,-0.002737213,-0.02439411,1.5,67
0,0.08363366,0.003873143,1.000069,-0.0564591,-0.05261134,0.9999934,0.01358587,-0.02437001,1.000031,-0.9579533,-0.06154887,-0.2802446,0,-0.05562251,0.9980289,-0.02905954,0,-0.2814808,0.01224978,0.9594886,0,-0.6335667,-1.682333,0.9750731,1,-0.9579535,-0.05562252,-0.2814808,0,-0.06154887,0.9980289,0.01224978,0,-0.2802446,-0.02905954,0.9594887,0,-0.4372141,1.672111,-1.0933,1,1,1,0.009886878,-0.02110684,0.9997283,0.003454803,-0.002742852,-0.0243803,1.511111,68
0,0.08494346,0.004988864,1.000077,-0.05639857,-0.05397529,1.000002,0.01427105,-0.02449419,1.000039,-0.9581451,-0.06210166,-0.2794665,0,-0.05611154,0.9979918,-0.02939155,0,-0.2807305,0.01248007,0.9597056,0,-0.6320231,-1.682238,0.9762009,1,-0.9581448,-0.05611154,-0.2807304,0,-0.06210165,0.9979917,0.01248008,0,-0.2794664,-0.02939155,0.9597055,0,-0.4372241,1.672088,-1.093299,1,1,1,0.01055272,-0.0212209,0.9997191,0.003457694,-0.0027491,-0.02436966,1.533333,69
0,0.08548519,0.003676934,1.000106,-0.05638415,-0.05366843,1.000061,0.01454967,-0.02499646,1.000083,-0.9581969,-0.06248011,-0.2792044,0,-0.05647361,0.9979678,-0.02951352,0,-0.280481,0.01251208,0.9597781,0,-0.6312354,-1.682319,0.9765159,1,-0.9581968,-0.05647361,-0.280481,0,-0.06248011,0.9979678,0.01251208,0,-0.2792045,-0.02951353,0.9597781,0,-0.4373116,1.672073,-1.093239,1,1,1,0.01082064,-0.02170276,0.9997059,0.003461174,-0.002757095,-0.0243635,1.544444,70
0,0.08562359,0.002683033,0.9999816,-0.0563482,-0.05227989,0.999954,0.01463717,-0.02479875,0.9999677,-0.9582459,-0.06255293,-0.2790195,0,-0.05655439,0.9979634,-0.02950518,0,-0.2802969,0.01249344,0.9598321,0,-0.6309215,-1.682389,0.9766769,1,-0.958246,-0.0565544,-0.2802969,0,-0.06255293,0.9979635,0.01249344,0,-0.2790195,-0.02950518,0.959832,0,-0.4373045,1.672099,-1.093272,1,1,1,0.01090552,-0.02150468,0.9997092,0.003462982,-0.002764801,-0.02436136,1.555556,71
0,0.08624074,0.00113807,0.9999752,-0.05585828,-0.0505253,0.9999719,0.01519114,-0.02469356,0.9999736,-0.9582808,-0.0630049,-0.2787979,0,-0.05702217,0.9979362,-0.02952542,0,-0.2800828,0.01239598,0.9598958,0,-0.6298965,-1.682642,0.9770133,1,-0.9582807,-0.05702216,-0.2800828,0,-0.0630049,0.9979362,0.01239598,0,-0.2787979,-0.02952542,0.9598958,0,-0.4372431,1.672098,-1.093396,1,1,1,0.01144252,-0.02139005,0.9997058,0.003466683,-0.002777046,-0.02435556,1.577778,72
0,0.08585826,0.001196445,1.000029,-0.05624419,-0.04983662,1.000004,0.01480645,-0.02432047,1.000016,-0.9583012,-0.0631436,-0.2786967,0,-0.05709391,0.9979246,-0.0297793,0,-0.2799986,0.01262566,0.9599174,0,-0.6297374,-1.682375,0.9774845,1,-0.9583011,-0.0570939,-0.2799986,0,-0.0631436,0.9979246,0.01262565,0,-0.2786966,-0.02977929,0.9599173,0,-0.4372877,1.672038,-1.093389,1,1,1,0.01106047,-0.02101617,0.999718,0.003473152,-0.002786919,-0.02434963,1.588889,73
0,0.08509687,-9.129569E-05,0.9999573,-0.05611664,-0.0532529,0.9999759,0.01449037,-0.0266719,0.9999666,-0.9582523,-0.06307111,-0.278881,0,-0.05710569,0.997933,-0.02947168,0,-0.2801634,0.01231562,0.9598734,0,-0.6298326,-1.682619,0.9769283,1,-0.9582523,-0.05710568,-0.2801633,0,-0.0630711,0.997933,0.01231561,0,-0.278881,-0.02947168,0.9598733,0,-0.4372164,1.671966,-1.093461,1,1,1,0.01074359,-0.02330799,0.9996706,0.003481911,-0.002790314,-0.02434248,1.611111,74
0,0.08371036,0.0001260834,0.9999436,-0.0541172,-0.05217086,0.9999673,0.01479697,-0.02602213,0.9999554,-0.9582394,-0.06307124,-0.2789258,0,-0.05722133,0.9979381,-0.02907394,0,-0.2801844,0.01189929,0.9598726,0,-0.6295863,-1.683057,0.9762979,1,-0.9582391,-0.05722132,-0.2801843,0,-0.06307123,0.997938,0.01189929,0,-0.2789257,-0.02907394,0.9598724,0,-0.4371321,1.671946,-1.093494,1,1,1,0.01103148,-0.02267239,0.9996821,0.003493926,-0.002792023,-0.0243355,1.622222,75
0,0.08510767,-0.000830113,1.000025,-0.05387273,-0.05239489,1.000049,0.01561779,-0.02661218,1.000037,-0.9581498,-0.06307504,-0.2792325,0,-0.05730706,0.9979417,-0.02878054,0,-0.2804731,0.01157407,0.9597923,0,-0.6298373,-1.683304,0.9755388,1,-0.9581496,-0.05730705,-0.280473,0,-0.06307502,0.9979416,0.01157407,0,-0.2792325,-0.02878053,0.9597919,0,-0.4372506,1.671821,-1.093484,1,1,1,0.01182011,-0.02324545,0.99966,0.003505577,-0.002792427,-0.02433314,1.644444,76
0,0.08579975,-0.004968137,0.999896,-0.05350152,-0.04906888,0.9999366,0.01614976,-0.02701823,0.9999163,-0.9580806,-0.06301201,-0.2794839,0,-0.05726659,0.9979468,-0.0286837,0,-0.2807175,0.01147621,0.9597219,0,-0.6300904,-1.683364,0.9752731,1,-0.9580804,-0.05726658,-0.2807174,0,-0.063012,0.9979468,0.01147621,0,-0.2794838,-0.0286837,0.9597217,0,-0.4371763,1.671799,-1.093549,1,1,1,0.01233468,-0.02364445,0.9996443,0.003511504,-0.002792748,-0.02433199,1.655556,77
0,0.08590278,-0.002384167,0.9997486,-0.05266806,-0.04932736,0.9997763,0.01661775,-0.02585538,0.9997623,-0.9580146,-0.06301463,-0.2797097,0,-0.05722407,0.9979451,-0.02882868,0,-0.2809515,0.01161217,0.9596518,0,-0.6303331,-1.683158,0.9755704,1,-0.9580142,-0.05722405,-0.2809514,0,-0.06301461,0.997945,0.01161216,0,-0.2797096,-0.02882867,0.9596516,0,-0.4370552,1.671753,-1.093756,1,1,1,0.0127925,-0.02251236,0.9996647,0.003512619,-0.002793137,-0.02433199,1.666667,78
0,0.08587815,-0.002431189,0.999885,-0.05269983,-0.04686027,0.999907,0.01658949,-0.02464541,0.999896,-0.9579208,-0.06286503,-0.2800643,0,-0.05716501,0.9979584,-0.02848324,0,-0.2812831,0.01127481,0.9595587,0,-0.630613,-1.683413,0.9749199,1,-0.9579206,-0.057165,-0.281283,0,-0.06286502,0.9979583,0.0112748,0,-0.2800642,-0.02848323,0.9595585,0,-0.4368648,1.671696,-1.093893,1,1,1,0.01276355,-0.02132919,0.999691,0.003512619,-0.002793152,-0.02433199,1.688889,79
0,0.08564302,-0.002572849,0.9998838,-0.05379421,-0.0468469,0.999914,0.01592496,-0.02470942,0.9998989,-0.9578626,-0.06280892,-0.2802755,0,-0.05709602,0.9979615,-0.02851029,0,-0.2814949,0.01130632,0.9594963,0,-0.6308588,-1.683317,0.974902,1,-0.9578626,-0.05709603,-0.2814949,0,-0.06280892,0.9979616,0.01130632,0,-0.2802755,-0.02851029,0.959496,0,-0.4367622,1.671661,-1.093966,1,1,1,0.01211494,-0.02139119,0.9996977,0.003512619,-0.002793152,-0.02433199,1.7,80
0,0.08598734,-0.003170311,0.9998798,-0.0537613,-0.04443487,0.9999136,0.0161137,-0.0238022,0.9998967,-0.9577689,-0.06244788,-0.2806762,0,-0.05683012,0.9979878,-0.02811822,0,-0.2818674,0.0109799,0.9593906,0,-0.6316184,-1.683529,0.9741439,1,-0.9577687,-0.05683011,-0.2818674,0,-0.06244788,0.9979878,0.0109799,0,-0.2806761,-0.02811822,0.9593905,0,-0.4366582,1.671637,-1.094132,1,1,1,0.01229939,-0.02051454,0.9997139,0.003512619,-0.002784927,-0.02433478,1.722222,81
0,0.08547884,-0.005257629,0.9998409,-0.05394682,-0.04385648,0.9998359,0.01576585,-0.0245573,0.9998385,-0.9577887,-0.06235516,-0.2806293,0,-0.05675191,0.997994,-0.02805746,0,-0.2818159,0.01094687,0.9594061,0,-0.6315593,-1.683499,0.9742439,1,-0.9577884,-0.0567519,-0.2818159,0,-0.06235516,0.997994,0.01094687,0,-0.2806293,-0.02805746,0.959406,0,-0.4364736,1.671614,-1.09425,1,1,1,0.01196174,-0.0212571,0.9997025,0.003511535,-0.002780533,-0.02431149,1.733333,82
0,0.08704555,-0.006640456,0.9998857,-0.05356234,-0.04371128,0.9998808,0.01674169,-0.02517587,0.9998832,-0.9578087,-0.061875,-0.2806675,0,-0.05640216,0.9980282,-0.02754332,0,-0.2818183,0.01055098,0.95941,0,-0.6321061,-1.683665,0.973652,1,-0.9578084,-0.05640215,-0.2818182,0,-0.06187498,0.9980281,0.01055098,0,-0.2806674,-0.02754332,0.9594097,0,-0.4363409,1.671511,-1.094506,1,1,1,0.01291867,-0.02186135,0.9996775,0.003506234,-0.002779083,-0.02429469,1.755556,83
0,0.08799836,-0.008742784,0.9998636,-0.05497482,-0.04319141,0.9998713,0.01651189,-0.02596703,0.9998674,-0.9578239,-0.06162227,-0.2806707,0,-0.05622448,0.9980462,-0.02725156,0,-0.2818016,0.01032164,0.9594172,0,-0.6323538,-1.683817,0.9733115,1,-0.9578239,-0.05622448,-0.2818016,0,-0.06162226,0.9980461,0.01032163,0,-0.2806707,-0.02725156,0.9594171,0,-0.4362641,1.671498,-1.09463,1,1,1,0.01270018,-0.02263519,0.9996631,0.003500558,-0.002777474,-0.02428716,1.766667,84
0,0.08740878,-0.008186535,0.9998697,-0.05568317,-0.04270408,0.9998819,0.015863,-0.02544524,0.9998759,-0.9578375,-0.06125852,-0.2807048,0,-0.05592712,0.9980705,-0.02697224,0,-0.2818155,0.010136,0.9594153,0,-0.6328307,-1.683863,0.972959,1,-0.9578372,-0.05592711,-0.2818153,0,-0.0612585,0.9980704,0.010136,0,-0.2807047,-0.02697222,0.9594148,0,-0.4361855,1.671464,-1.094745,1,1,1,0.01207254,-0.02212426,0.9996824,0.003495049,-0.002779564,-0.02426899,1.777778,85
