flag,xl,yl,zl,xr,yr,zr,xc,yc,zc,mat_00,mat_10,mat_20,mat_30,mat_01,mat_11,mat_21,mat_31,mat_02,mat_12,mat_22,mat_32,mat_03,mat_13,mat_23,mat_33,ctw_00,ctw_10,ctw_20,ctw_30,ctw_01,ctw_11,ctw_21,ctw_31,ctw_02,ctw_12,ctw_22,ctw_32,ctw_03,ctw_13,ctw_23,ctw_33,opennessl,opennessr,ray_x,ray_y,ray_z,eye_x,eye_y,eye_z,time,frame
25,0.2896082,0.1792028,0.9999983,0.08274215,0.1011613,1.000003,0.1861753,0.1401821,1.000001,-0.9618714,-0.08112773,-0.2611931,0,-0.08099779,0.9966505,-0.01128105,0,-0.2612334,-0.01030514,0.9652207,0,-0.5766818,-1.711129,0.9637216,1,-0.9618713,-0.08099779,-0.2612334,0,-0.08112773,0.9966505,-0.01030514,0,-0.2611931,-0.01128105,0.9652205,0,-0.4417962,1.669559,-1.098486,1,1.0,1.0,0.1747813,0.1348648,0.9753271,0.002444641,-0.001588402,-0.02526653,37.56667,2321
25,0.2748279,0.1786867,0.9998841,0.08432136,0.106754,0.9998602,0.1795739,0.1427201,0.9998724,-0.9618291,-0.08149279,-0.2612355,0,-0.08143883,0.9966171,-0.01105088,0,-0.2612523,-0.01064565,0.965212,0,-0.5760054,-1.711577,0.9635211,1,-0.9618288,-0.08143882,-0.2612523,0,-0.08149279,0.9966171,-0.01064565,0,-0.2612354,-0.01105088,0.9652117,0,-0.4417939,1.669525,-1.098705,1,1.0,1.0,0.1686424,0.1374566,0.9760458,0.00244925,-0.001650536,-0.02526653,37.58889,2322
25,0.2581267,0.1654393,0.9998914,0.0840223,0.1076432,0.9998984,0.1710746,0.1365414,0.9998949,-0.9618387,-0.08135651,-0.2612428,0,-0.08133326,0.9966272,-0.01091951,0,-0.26125,-0.01074492,0.9652116,0,-0.5762156,-1.711624,0.9633864,1,-0.9618384,-0.08133324,-0.2612499,0,-0.0813565,0.9966272,-0.01074492,0,-0.2612427,-0.0109195,0.9652111,0,-0.4418004,1.669505,-1.098799,1,1.0,1.0,0.1608859,0.1318666,0.9781242,0.002451988,-0.001667015,-0.02526653,37.6,2323
25,0.2501208,0.1658672,0.9998604,0.0839819,0.1073465,0.999859,0.1670514,0.1366067,0.9998598,-0.9618387,-0.081223,-0.2612836,0,-0.08127867,0.9966349,-0.01061187,0,-0.2612664,-0.01102988,0.9652038,0,-0.5762638,-1.71183,0.9631011,1,-0.9618387,-0.08127867,-0.2612664,0,-0.08122301,0.996635,-0.01102988,0,-0.2612837,-0.01061187,0.9652038,0,-0.4416702,1.669451,-1.099028,1,1.0,1.0,0.1571461,0.1320226,0.9787109,0.002451988,-0.001677589,-0.02526997,37.62222,2324
25,0.2481297,0.1642334,0.9998142,0.08357464,0.1054544,0.9998428,0.1658528,0.1348444,0.9998282,-0.9618268,-0.08108621,-0.2613706,0,-0.08121908,0.9966429,-0.01031226,0,-0.2613294,-0.01130967,0.9651836,0,-0.5764483,-1.712071,0.9626602,1,-0.9618264,-0.08121907,-0.2613292,0,-0.0810862,0.9966429,-0.01130967,0,-0.2613705,-0.01031226,0.9651833,0,-0.4416575,1.669432,-1.099149,1,1.0,1.0,0.1560694,0.1304042,0.9791002,0.002451988,-0.001686012,-0.02526537,37.63334,2325
25,0.2367333,0.1612274,0.9998741,0.08251011,0.1056541,0.9998727,0.1596216,0.1334407,0.9998735,-0.9618068,-0.08143587,-0.2613353,0,-0.08168852,0.9966086,-0.009914946,0,-0.2612564,-0.01181183,0.9651972,0,-0.5756757,-1.71264,0.9622131,1,-0.9618066,-0.0816885,-0.2612563,0,-0.08143587,0.9966086,-0.01181182,0,-0.2613352,-0.009914943,0.9651971,0,-0.4416988,1.669346,-1.099354,1,1.0,1.0,0.1502758,0.1292022,0.9801653,0.002451936,-0.001689125,-0.02525708,37.65556,2326
25,0.2361793,0.1625075,0.9997565,0.0823102,0.1029297,0.9997911,0.1592456,0.132719,0.9997739,-0.9617622,-0.08159462,-0.2614496,0,-0.08194794,0.9965907,-0.009569755,0,-0.2613391,-0.01222143,0.9651697,0,-0.5753385,-1.713084,0.9617211,1,-0.9617621,-0.08194793,-0.2613391,0,-0.08159461,0.9965907,-0.01222142,0,-0.2614496,-0.009569756,0.9651698,0,-0.4416755,1.669299,-1.099519,1,1.0,1.0,0.1499517,0.1285465,0.9803012,0.002451478,-0.001693535,-0.0252588,37.66667,2327
25,0.2366038,0.1636585,0.9998645,0.08181965,0.1037522,0.9998946,0.1592124,0.1337057,0.9998795,-0.9617177,-0.08165447,-0.2615951,0,-0.08227527,0.9965726,-0.008597425,0,-0.2614005,-0.01325451,0.9651396,0,-0.5749761,-1.714104,0.9601452,1,-0.9617173,-0.08227525,-0.2614004,0,-0.08165445,0.9965726,-0.0132545,0,-0.2615949,-0.00859742,0.9651392,0,-0.4417596,1.669177,-1.099692,1,1.0,1.0,0.149887,0.1294622,0.9801905,0.002450165,-0.001694687,-0.02527204,37.68889,2328
25,0.2370508,0.1641641,0.9998384,0.08254905,0.1048495,0.9998676,0.1598005,0.134507,0.9998529,-0.9617207,-0.08137708,-0.2616702,0,-0.08208836,0.9965911,-0.008230255,0,-0.2614479,-0.01356487,0.9651225,0,-0.5753829,-1.714327,0.9595702,1,-0.9617205,-0.08208834,-0.2614478,0,-0.08137708,0.9965911,-0.01356486,0,-0.2616701,-0.008230251,0.9651221,0,-0.4417737,1.669148,-1.09979,1,1.0,1.0,0.1504247,0.130205,0.9800097,0.002449402,-0.001693756,-0.02528267,37.7,2329
25,0.2368567,0.166528,0.9998405,0.08095311,0.105139,0.9998811,0.1589057,0.135834,0.9998609,-0.9616807,-0.081309,-0.2618382,0,-0.08209152,0.9965929,-0.007967362,0,-0.261594,-0.01383264,0.9650789,0,-0.5756359,-1.714637,0.9590872,1,-0.9616805,-0.0820915,-0.2615939,0,-0.081309,0.9965929,-0.01383264,0,-0.2618382,-0.007967361,0.9650788,0,-0.4418676,1.669182,-1.099895,1,1.0,1.0,0.1495635,0.1314665,0.9799731,0.002448272,-0.00169278,-0.02528283,37.71111,2330
25,0.2365269,0.1661346,0.9999406,0.08212687,0.1044098,0.999918,0.1593264,0.1352719,0.9999293,-0.9617801,-0.08077385,-0.2616386,0,-0.08157684,0.9966365,-0.007809174,0,-0.2613893,-0.01383294,0.9651344,0,-0.5763445,-1.714436,0.9590732,1,-0.96178,-0.08157684,-0.2613893,0,-0.08077384,0.9966364,-0.01383294,0,-0.2616386,-0.007809174,0.9651343,0,-0.4418677,1.669143,-1.1,1,1.0,1.0,0.1499598,0.1309202,0.9799857,0.002446007,-0.001690262,-0.02528302,37.73333,2331
25,0.2367734,0.1669584,0.9999431,0.08179852,0.1048288,0.9999599,0.1592863,0.1358941,0.9999517,-0.9617543,-0.08070488,-0.261755,0,-0.08149324,0.9966429,-0.007860356,0,-0.2615106,-0.01377153,0.9651026,0,-0.5765939,-1.714365,0.9591067,1,-0.961754,-0.08149322,-0.2615105,0,-0.08070487,0.9966428,-0.01377153,0,-0.2617549,-0.007860353,0.9651021,0,-0.4418482,1.66916,-1.100031,1,1.0,1.0,0.1499085,0.1315005,0.9799159,0.00244407,-0.001689484,-0.0252881,37.74445,2332
25,0.2368055,0.1696635,0.999929,0.08129841,0.1051275,0.9999629,0.1590527,0.1373958,0.9999461,-0.9616368,-0.08080208,-0.262156,0,-0.0814902,0.9966398,-0.008264537,0,-0.261943,-0.01341567,0.9649901,0,-0.5771643,-1.71396,0.9595889,1,-0.9616367,-0.08149021,-0.2619429,0,-0.08080207,0.9966398,-0.01341567,0,-0.262156,-0.008264536,0.96499,0,-0.4419519,1.669098,-1.100172,1,1.0,1.0,0.1496658,0.1329146,0.9797621,0.002440064,-0.001687958,-0.02529292,37.76667,2333
25,0.238784,0.1739912,0.9998741,0.08071563,0.1056158,0.9999093,0.1597506,0.1398042,0.9998918,-0.9615644,-0.08106861,-0.2623392,0,-0.08179016,0.9966159,-0.008186981,0,-0.2621152,-0.01358446,0.964941,0,-0.5768312,-1.71422,0.9593906,1,-0.9615643,-0.08179016,-0.2621151,0,-0.08106861,0.9966159,-0.01358445,0,-0.2623392,-0.008186981,0.964941,0,-0.4419439,1.669094,-1.100238,1,1.0,1.0,0.1502827,0.1351653,0.9793597,0.002435906,-0.001685951,-0.0252941,37.77778,2334
25,0.238747,0.1743098,0.9997958,0.08089146,0.1065625,0.9998614,0.1598208,0.1404374,0.9998289,-0.9614679,-0.08102632,-0.262706,0,-0.08176941,0.9966182,-0.008121787,0,-0.2624756,-0.01367248,0.9648418,0,-0.5772482,-1.714316,0.9591088,1,-0.9614678,-0.08176941,-0.2624756,0,-0.08102631,0.9966182,-0.01367247,0,-0.2627059,-0.008121784,0.9648416,0,-0.4419467,1.669107,-1.10034,1,1.0,1.0,0.1503461,0.1357618,0.9792674,0.002433242,-0.001683868,-0.02530208,37.78889,2335
25,0.2384659,0.1753169,0.9997296,0.0815497,0.1075293,0.9997935,0.1600092,0.141424,0.9997615,-0.9613497,-0.08107853,-0.2631215,0,-0.0818761,0.9966108,-0.007951326,0,-0.2628744,-0.01389936,0.9647299,0,-0.5774325,-1.714623,0.9586608,1,-0.9613498,-0.08187611,-0.2628744,0,-0.08107852,0.9966108,-0.01389935,0,-0.2631215,-0.007951329,0.96473,0,-0.4418895,1.669157,-1.100473,1,1.0,1.0,0.1505121,0.1366907,0.9791127,0.002432312,-0.001683037,-0.02530885,37.81111,2336
25,0.2400085,0.1744117,0.9998492,0.0820308,0.1064074,0.9999335,0.1610215,0.1404108,0.9998912,-0.9612366,-0.0811287,-0.26352,0,-0.08201869,0.9966015,-0.007641331,0,-0.2632443,-0.01426844,0.9646239,0,-0.5776221,-1.714984,0.9578494,1,-0.9612362,-0.08201867,-0.2632442,0,-0.08112868,0.9966014,-0.01426843,0,-0.2635198,-0.007641322,0.9646234,0,-0.4419534,1.669099,-1.10049,1,1.0,1.0,0.1514506,0.1357053,0.9791051,0.002439644,-0.001684151,-0.02531634,37.82222,2337
25,0.2404473,0.1746968,0.9998735,0.0818786,0.1061211,0.9998881,0.1611632,0.1404093,0.9998808,-0.9612045,-0.0808078,-0.2637351,0,-0.08174882,0.9966253,-0.007423227,0,-0.263445,-0.01442479,0.9645667,0,-0.5782279,-1.715006,0.9574754,1,-0.9612042,-0.08174882,-0.2634449,0,-0.08080778,0.9966253,-0.01442479,0,-0.2637351,-0.007423228,0.9645665,0,-0.4418611,1.669057,-1.100618,1,1.0,1.0,0.1515827,0.1356985,0.9790856,0.002440201,-0.001681633,-0.02532498,37.84444,2338
25,0.2418848,0.1765231,0.9998442,0.08146214,0.1061674,0.9998971,0.1616746,0.1413461,0.9998705,-0.9611657,-0.08061044,-0.2639368,0,-0.0816358,0.9966369,-0.007099485,0,-0.2636215,-0.01472291,0.9645139,0,-0.5786531,-1.715258,0.9568399,1,-0.9611655,-0.0816358,-0.2636215,0,-0.08061043,0.9966369,-0.01472291,0,-0.2639368,-0.007099483,0.9645138,0,-0.4419038,1.669043,-1.100684,1,1.0,1.0,0.1520433,0.1365663,0.9788935,0.002439026,-0.001680817,-0.0253297,37.85556,2339
25,0.2415326,0.1768472,0.9999768,0.08141905,0.1056774,0.9999717,0.1614757,0.1412621,0.9999741,-0.9611132,-0.08091158,-0.2640359,0,-0.08193372,0.9966121,-0.007157686,0,-0.2637206,-0.0147541,0.9644864,0,-0.5783339,-1.715338,0.9569634,1,-0.9611129,-0.08193371,-0.2637205,0,-0.08091157,0.9966122,-0.0147541,0,-0.2640359,-0.007157685,0.9644863,0,-0.4419622,1.668991,-1.100805,1,1.0,1.0,0.1518434,0.1364727,0.9789376,0.002438369,-0.0016763,-0.02534258,37.87778,2340
25,0.2433037,0.1790193,1.000016,0.0803282,0.1058457,0.9999906,0.1618152,0.1424319,1.000004,-0.9611651,-0.08096118,-0.2638313,0,-0.08202787,0.9966055,-0.006989405,0,-0.2635016,-0.01492355,0.9645436,0,-0.5780425,-1.715484,0.9568481,1,-0.9611651,-0.08202788,-0.2635016,0,-0.08096118,0.9966056,-0.01492355,0,-0.2638313,-0.006989405,0.9645435,0,-0.4420353,1.668933,-1.100838,1,1.0,1.0,0.1521356,0.1375556,0.9787406,0.002434341,-0.001675018,-0.02534912,37.88889,2341
25,0.2429083,0.1748734,0.9999421,0.08089235,0.1068161,0.9999454,0.1619004,0.1408449,0.9999439,-0.9611723,-0.08104149,-0.2637807,0,-0.08217058,0.9965953,-0.006768844,0,-0.2634312,-0.01516899,0.9645591,0,-0.5777814,-1.715763,0.9565568,1,-0.961172,-0.08217057,-0.2634311,0,-0.08104148,0.9965953,-0.01516899,0,-0.2637807,-0.006768842,0.9645587,0,-0.4420741,1.668919,-1.100887,1,1.0,1.0,0.1522563,0.1360692,0.9789296,0.002430382,-0.001671799,-0.02536597,37.9,2342
25,0.2416158,0.1746818,0.9999505,0.08090383,0.1053572,0.9999543,0.16126,0.1400196,0.9999523,-0.9612297,-0.08098344,-0.2635891,0,-0.0821959,0.9965954,-0.006444036,0,-0.2632135,-0.01547175,0.9646136,0,-0.5774298,-1.716126,0.9563335,1,-0.9612297,-0.0821959,-0.2632135,0,-0.08098343,0.9965953,-0.01547175,0,-0.2635891,-0.006444037,0.9646135,0,-0.4419414,1.668984,-1.101031,1,1.0,1.0,0.1516787,0.1353021,0.9791256,0.002424721,-0.00166687,-0.02536996,37.92222,2343
25,0.2419614,0.1773746,0.9999659,0.08125281,0.1037871,0.9999596,0.1616069,0.1405807,0.9999627,-0.9612563,-0.08099018,-0.26349,0,-0.08225076,0.996592,-0.006262494,0,-0.2630992,-0.01565239,0.9646418,0,-0.5772669,-1.716301,0.9561375,1,-0.9612562,-0.08225076,-0.2630992,0,-0.08099017,0.9965919,-0.01565239,0,-0.26349,-0.006262497,0.9646418,0,-0.4419723,1.668959,-1.101073,1,1.0,1.0,0.1519917,0.1358121,0.9790065,0.002422744,-0.001658547,-0.02537235,37.93333,2344
25,0.2382389,0.1691878,0.9999777,0.08116004,0.10389,0.9999728,0.1596995,0.1365388,0.9999753,-0.9613328,-0.08037154,-0.2634007,0,-0.0817067,0.996639,-0.005900105,0,-0.2629896,-0.01584963,0.9646686,0,-0.5783241,-1.716203,0.9556079,1,-0.9613326,-0.08170668,-0.2629895,0,-0.08037153,0.996639,-0.01584963,0,-0.2634006,-0.005900101,0.9646683,0,-0.442188,1.66882,-1.101139,1,1.0,1.0,0.1502959,0.1320336,0.9797848,0.002413629,-0.001635429,-0.02537652,37.95555,2345
25,0.2409101,0.1688705,0.9999335,0.08048528,0.1039606,0.9999318,0.1606977,0.1364155,0.9999326,-0.9613781,-0.08010986,-0.2633147,0,-0.08150309,0.9966571,-0.005646407,0,-0.2628868,-0.01603262,0.9646935,0,-0.5787628,-1.716312,0.9553018,1,-0.9613781,-0.08150308,-0.2628867,0,-0.08010987,0.9966571,-0.01603262,0,-0.2633146,-0.005646408,0.9646934,0,-0.4423585,1.668798,-1.101239,1,1.0,1.0,0.1512367,0.1319012,0.9796578,0.002413483,-0.001632591,-0.02537652,37.96667,2346
25,0.2413519,0.1646737,0.9999448,0.08113784,0.1051969,0.999934,0.1612446,0.1349352,0.9999394,-0.9614202,-0.08017913,-0.2631401,0,-0.08160919,0.9966492,-0.005509413,0,-0.2627001,-0.01617779,0.9647419,0,-0.5783336,-1.716486,0.955299,1,-0.9614201,-0.08160917,-0.2627001,0,-0.08017913,0.9966492,-0.01617778,0,-0.26314,-0.005509409,0.9647419,0,-0.4422705,1.6688,-1.101314,1,1.0,1.0,0.1517745,0.1304989,0.9797625,0.002413483,-0.001631363,-0.02537652,37.98889,2347
25,0.2399871,0.1631338,1.000014,0.08138654,0.1063616,1.000029,0.1606871,0.1347479,1.000021,-0.9613851,-0.08021537,-0.2632568,0,-0.08161921,0.9966478,-0.005617976,0,-0.2628249,-0.01608577,0.9647095,0,-0.5785315,-1.716408,0.9553642,1,-0.9613852,-0.08161922,-0.2628249,0,-0.08021537,0.9966478,-0.01608577,0,-0.2632568,-0.005617976,0.9647093,0,-0.4423679,1.668802,-1.101311,1,1.0,1.0,0.1512459,0.1303227,0.9798676,0.002413483,-0.001630776,-0.02537652,38.0,2348
25,0.2361129,0.1621096,0.9999185,0.08252591,0.1063446,0.9999169,0.1593193,0.1342271,0.9999179,-0.9613743,-0.0802962,-0.2632719,0,-0.08167747,0.9966425,-0.005712707,0,-0.2628467,-0.01601133,0.9647049,0,-0.5784088,-1.716379,0.9556015,1,-0.9613742,-0.08167746,-0.2628466,0,-0.0802962,0.9966424,-0.01601133,0,-0.2632719,-0.005712705,0.9647046,0,-0.4423029,1.668832,-1.101388,1,1.0,1.0,0.1499916,0.1298721,0.9801203,0.00241491,-0.001630722,-0.02537445,38.01111,2349
25,0.2357694,0.1623004,0.9999461,0.08254081,0.1058066,0.9999602,0.1591554,0.1340538,0.9999531,-0.9613409,-0.08026258,-0.263404,0,-0.08164882,0.9966449,-0.005698225,0,-0.2629776,-0.01602869,0.9646689,0,-0.5786985,-1.716297,0.9554607,1,-0.9613408,-0.08164883,-0.2629776,0,-0.08026257,0.9966449,-0.01602869,0,-0.263404,-0.005698225,0.9646686,0,-0.4424088,1.668733,-1.101398,1,1.0,1.0,0.149837,0.129708,0.9801657,0.002414932,-0.001630715,-0.02537238,38.03333,2350
25,0.2372938,0.1625539,0.9998879,0.08264557,0.1053825,0.9999221,0.1599703,0.1339688,0.999905,-0.9613096,-0.08017761,-0.2635442,0,-0.08162989,0.9966478,-0.00545353,0,-0.263098,-0.01627055,0.9646319,0,-0.5788722,-1.716582,0.9549904,1,-0.9613096,-0.08162988,-0.263098,0,-0.0801776,0.9966478,-0.01627055,0,-0.2635443,-0.005453531,0.9646319,0,-0.4424246,1.668783,-1.101444,1,1.0,1.0,0.1506057,0.1296212,0.9800593,0.002417755,-0.001632309,-0.02536128,38.04445,2351
25,0.2375271,0.1621228,0.9999322,0.08334962,0.1051809,0.999932,0.1604384,0.1336519,0.9999321,-0.9613475,-0.07997501,-0.2634681,0,-0.08148976,0.9966606,-0.005192233,0,-0.2630036,-0.01647841,0.9646543,0,-0.5790453,-1.716717,0.9546791,1,-0.9613472,-0.08148975,-0.2630035,0,-0.079975,0.9966608,-0.01647841,0,-0.2634681,-0.005192231,0.964654,0,-0.4424306,1.668756,-1.101515,1,1.0,1.0,0.1510432,0.1293122,0.9800327,0.002419944,-0.001631859,-0.02535833,38.06667,2352
25,0.2376026,0.1604458,0.9999815,0.08137304,0.1050341,0.9999775,0.1594877,0.1327399,0.9999796,-0.9613692,-0.07988322,-0.2634164,0,-0.08142337,0.9966667,-0.005083305,0,-0.2629444,-0.01656132,0.9646689,0,-0.5791399,-1.716751,0.9545531,1,-0.961369,-0.08142336,-0.2629444,0,-0.07988321,0.9966667,-0.01656132,0,-0.2634164,-0.005083303,0.9646688,0,-0.4424618,1.668725,-1.101541,1,1.0,1.0,0.1501643,0.1284669,0.980279,0.00242144,-0.001631828,-0.02535605,38.07778,2353
25,0.236881,0.1602139,0.9999999,0.08423904,0.1062922,1.000012,0.1605603,0.1332532,1.000006,-0.9613862,-0.07962724,-0.2634316,0,-0.08135023,0.996676,-0.004378998,0,-0.2629046,-0.01722031,0.9646683,0,-0.5793936,-1.717375,0.9532856,1,-0.9613861,-0.08135023,-0.2629046,0,-0.07962724,0.996676,-0.01722031,0,-0.2634315,-0.004379001,0.964668,0,-0.4426452,1.668707,-1.101503,1,1.0,1.0,0.1511522,0.1289306,0.9800662,0.00242289,-0.001635323,-0.02535252,38.1,2354
25,0.2368705,0.1614643,0.9998456,0.08311597,0.1061815,0.9998586,0.1599935,0.1338232,0.9998522,-0.9613861,-0.07952558,-0.2634628,0,-0.08129572,0.9966812,-0.004194443,0,-0.262922,-0.01738592,0.9646605,0,-0.5794066,-1.717566,0.9530756,1,-0.9613858,-0.08129572,-0.262922,0,-0.07952558,0.9966812,-0.01738592,0,-0.2634628,-0.004194441,0.9646604,0,-0.4425237,1.66876,-1.101595,1,1.0,1.0,0.1506335,0.1294944,0.9800718,0.002422981,-0.001635391,-0.02535394,38.11111,2355
25,0.2377422,0.1604546,0.9999859,0.08243445,0.1054817,0.9999945,0.1600885,0.1329682,0.9999902,-0.9613707,-0.07950656,-0.2635246,0,-0.08126764,0.9966834,-0.004229379,0,-0.2629868,-0.01735002,0.9646435,0,-0.5796167,-1.71745,0.953091,1,-0.9613706,-0.08126763,-0.2629868,0,-0.07950657,0.9966834,-0.01735002,0,-0.2635246,-0.004229375,0.9646434,0,-0.4426121,1.668681,-1.101622,1,1.0,1.0,0.1507194,0.1286744,0.9801667,0.002423408,-0.001636398,-0.02534602,38.12222,2356
25,0.2400604,0.1655823,0.9996929,0.08246723,0.1055306,0.999696,0.1612638,0.1355566,0.9996944,-0.9613693,-0.07939608,-0.2635628,0,-0.08119646,0.9966898,-0.004072953,0,-0.2630137,-0.01748475,0.9646337,0,-0.5795539,-1.717628,0.9531108,1,-0.9613694,-0.08119646,-0.2630137,0,-0.07939608,0.9966897,-0.01748475,0,-0.2635628,-0.004072954,0.9646336,0,-0.4423338,1.668766,-1.101866,1,1.0,1.0,0.15181,0.1311202,0.9796741,0.002423936,-0.001635994,-0.02534586,38.14444,2357
25,0.2431266,0.1658293,1.000009,0.08273712,0.1053248,0.9999963,0.1629317,0.1355768,1.000003,-0.9613678,-0.07950918,-0.2635341,0,-0.08126979,0.9966832,-0.00423208,0,-0.2629964,-0.01734877,0.9646409,0,-0.5794545,-1.717523,0.953419,1,-0.9613678,-0.08126979,-0.2629965,0,-0.07950918,0.9966832,-0.01734878,0,-0.263534,-0.004232076,0.9646408,0,-0.4423694,1.668769,-1.101898,1,1.0,1.0,0.1533218,0.1310691,0.9794453,0.002424508,-0.001635422,-0.02534416,38.15556,2358
25,0.2408656,0.1633642,0.9999415,0.08302873,0.104556,0.9999614,0.1619475,0.1339602,0.9999515,-0.9613671,-0.07936464,-0.2635809,0,-0.08104939,0.9966999,-0.004493956,0,-0.2630677,-0.01704272,0.964627,0,-0.5797168,-1.717241,0.954055,1,-0.9613668,-0.08104938,-0.2630676,0,-0.07936461,0.9966999,-0.01704272,0,-0.2635807,-0.004493952,0.9646267,0,-0.442138,1.668875,-1.102078,1,1.0,1.0,0.1524415,0.1295752,0.9797816,0.002425431,-0.001633652,-0.02533923,38.17778,2359
25,0.2409899,0.164823,0.9999899,0.0830625,0.1044802,0.9999806,0.162026,0.1346514,0.9999852,-0.961372,-0.07930751,-0.2635798,0,-0.08093883,0.9967081,-0.004682146,0,-0.2630835,-0.01683256,0.9646263,0,-0.5798503,-1.717029,0.9544067,1,-0.9613719,-0.08093882,-0.2630834,0,-0.07930752,0.9967081,-0.01683255,0,-0.2635798,-0.004682146,0.9646261,0,-0.4420628,1.668913,-1.102097,1,1.0,1.0,0.1524964,0.1302162,0.979688,0.002425698,-0.001630928,-0.02534004,38.18889,2360
25,0.2409939,0.1659418,0.9999262,0.08372813,0.1044819,0.999937,0.1623613,0.1352119,0.9999315,-0.9613669,-0.07937029,-0.2635798,0,-0.08100381,0.9967028,-0.004682493,0,-0.2630824,-0.01684937,0.9646264,0,-0.5797491,-1.717063,0.9545274,1,-0.9613666,-0.08100381,-0.2630822,0,-0.07937027,0.9967027,-0.01684937,0,-0.2635797,-0.004682492,0.9646261,0,-0.4420412,1.668909,-1.102215,1,1.0,1.0,0.1528062,0.1307418,0.9795697,0.002425698,-0.001629608,-0.02534154,38.21111,2361
25,0.2443186,0.1683699,0.999905,0.08302575,0.1036428,0.9998851,0.1636716,0.1360059,0.9998951,-0.9614047,-0.0794391,-0.2634206,0,-0.0811116,0.9966947,-0.004538164,0,-0.2629105,-0.01700346,0.9646704,0,-0.5793688,-1.717216,0.9545217,1,-0.9614047,-0.08111161,-0.2629105,0,-0.07943909,0.9966947,-0.01700346,0,-0.2634207,-0.004538166,0.9646704,0,-0.4419812,1.668878,-1.102319,1,1.0,1.0,0.1540184,0.1314642,0.9792832,0.002425698,-0.001627518,-0.02534226,38.22222,2362
25,0.244994,0.1690825,0.9999534,0.08372581,0.1026052,0.999963,0.1643601,0.1358438,0.9999582,-0.9614383,-0.07910283,-0.2633995,0,-0.08082949,0.9967187,-0.004292783,0,-0.2628748,-0.0171632,0.9646773,0,-0.5798433,-1.717276,0.9541448,1,-0.9614382,-0.08082947,-0.2628747,0,-0.07910283,0.9967188,-0.0171632,0,-0.2633995,-0.004292782,0.9646772,0,-0.4420036,1.668869,-1.102342,1,1.0,1.0,0.1546543,0.1312907,0.9792061,0.002425698,-0.001627411,-0.0253428,38.23333,2363
25,0.2446956,0.1689009,0.999915,0.08351272,0.1022985,0.9999391,0.1641047,0.1356,0.999927,-0.9614213,-0.07884502,-0.263539,0,-0.08063632,0.9967355,-0.004030405,0,-0.2629964,-0.0173759,0.9646405,0,-0.5802014,-1.717478,0.9538376,1,-0.9614211,-0.0806363,-0.2629963,0,-0.07884502,0.9967354,-0.01737589,0,-0.2635389,-0.0040304,0.9646401,0,-0.4418591,1.66893,-1.102544,1,1.0,1.0,0.1544245,0.1310701,0.9792721,0.002425484,-0.001627411,-0.02535011,38.25556,2364
25,0.2445043,0.1693769,0.9998119,0.08340678,0.102447,0.9998283,0.1639559,0.1359123,0.9998202,-0.9614087,-0.0788284,-0.26359,0,-0.08065756,0.9967343,-0.003892766,0,-0.2630361,-0.01751799,0.9646271,0,-0.5800956,-1.717617,0.9537248,1,-0.9614084,-0.08065754,-0.263036,0,-0.07882839,0.9967342,-0.01751799,0,-0.26359,-0.003892764,0.9646268,0,-0.4417135,1.668931,-1.102664,1,1.0,1.0,0.1542939,0.1313773,0.9792514,0.002425384,-0.001627411,-0.02535988,38.26667,2365
25,0.2387441,0.1667141,0.9998683,0.08266062,0.1025224,0.9998575,0.1607022,0.134618,0.999863,-0.9613737,-0.0792774,-0.2635831,0,-0.08112843,0.9966961,-0.003872597,0,-0.2630192,-0.01766106,0.9646292,0,-0.5792348,-1.717987,0.9538913,1,-0.9613734,-0.08112843,-0.2630191,0,-0.0792774,0.9966962,-0.01766106,0,-0.2635829,-0.003872593,0.9646287,0,-0.4416291,1.669013,-1.102842,1,1.0,1.0,0.1512758,0.1302186,0.9798769,0.002425384,-0.001627472,-0.02536251,38.28889,2366
25,0.2454368,0.1678615,0.9999133,0.08336329,0.1031893,0.9999282,0.1644004,0.1355256,0.9999207,-0.9612918,-0.08000834,-0.2636608,0,-0.08189572,0.9966335,-0.003843264,0,-0.2630807,-0.01789819,0.964608,0,-0.5779743,-1.718464,0.9538463,1,-0.9612916,-0.08189572,-0.2630806,0,-0.08000834,0.9966335,-0.01789819,0,-0.2636607,-0.003843258,0.9646077,0,-0.4416015,1.669011,-1.102899,1,1.0,1.0,0.1547007,0.1309942,0.9792386,0.002425384,-0.00162899,-0.0253634,38.3,2367
25,0.2739139,0.1730107,0.9998213,0.08432037,0.1023759,0.9998589,0.1791182,0.1376939,0.9998399,-0.9612348,-0.08024391,-0.2637966,0,-0.0821941,0.9966096,-0.003654453,0,-0.2631955,-0.01816973,0.9645715,0,-0.5774837,-1.718821,0.9535415,1,-0.9612347,-0.08219409,-0.2631955,0,-0.08024391,0.9966096,-0.01816974,0,-0.2637966,-0.003654456,0.9645714,0,-0.4414812,1.669012,-1.10298,1,1.0,1.0,0.168342,0.1327385,0.9767504,0.002425689,-0.001629738,-0.02536124,38.31111,2368
25,0.2739326,0.1729431,0.9999175,0.0843285,0.1023348,0.9999365,0.1791311,0.1376392,0.9999269,-0.9612012,-0.08013931,-0.2639512,0,-0.0822773,0.9966051,-0.00296348,0,-0.2632926,-0.01886869,0.9645315,0,-0.5775056,-1.71958,0.9523358,1,-0.9612009,-0.08227729,-0.2632925,0,-0.08013929,0.996605,-0.01886868,0,-0.2639511,-0.002963477,0.9645314,0,-0.4415347,1.669048,-1.103057,1,1.0,1.0,0.1683418,0.132677,0.9767588,0.002425689,-0.001629875,-0.02535964,38.33334,2369
25,0.2856353,0.1812312,0.9998765,0.08431041,0.1023488,0.9999154,0.1849741,0.1417905,0.999896,-0.9611659,-0.07995239,-0.2641358,0,-0.08208363,0.996621,-0.002976661,0,-0.2634813,-0.01882016,0.964481,0,-0.5779021,-1.7195,0.9522889,1,-0.9611659,-0.08208364,-0.2634813,0,-0.07995238,0.996621,-0.01882016,0,-0.2641358,-0.002976662,0.9644809,0,-0.4414043,1.669088,-1.103092,1,1.0,1.0,0.1736654,0.1364302,0.9753087,0.002412437,-0.001629097,-0.02537468,38.34444,2370
25,0.286517,0.1852354,0.9999871,0.08430263,0.1023402,1.000003,0.1854104,0.1437882,0.9999954,-0.961248,-0.07910119,-0.2640939,0,-0.0812384,0.9966907,-0.002836765,0,-0.2634443,-0.01872773,0.964493,0,-0.5793698,-1.719046,0.9521055,1,-0.9612477,-0.0812384,-0.2634442,0,-0.07910118,0.9966908,-0.01872772,0,-0.2640938,-0.00283676,0.9644926,0,-0.4414513,1.668991,-1.103124,1,1.0,1.0,0.1740105,0.1382714,0.9749879,0.002407882,-0.00162883,-0.02537416,38.36667,2371
25,0.2840945,0.1776562,1.00003,0.08497491,0.10369,1.000001,0.1845337,0.1406725,1.000015,-0.9612989,-0.07884404,-0.2639851,0,-0.08093971,0.9967147,-0.002946198,0,-0.2633501,-0.0185347,0.9645224,0,-0.5797907,-1.718765,0.9523891,1,-0.9612988,-0.0809397,-0.26335,0,-0.07884403,0.9967147,-0.01853469,0,-0.2639851,-0.002946199,0.9645222,0,-0.44145,1.668996,-1.103145,1,1.0,1.0,0.1732689,0.1353822,0.9755253,0.002408203,-0.001630013,-0.02537309,38.37778,2372
25,0.2962785,0.1876794,0.9999815,0.08420983,0.1035413,1.000009,0.1902452,0.145611,0.9999954,-0.9612684,-0.07882884,-0.2641012,0,-0.08093084,0.9967154,-0.002929469,0,-0.2634647,-0.01855793,0.9644908,0,-0.5800531,-1.718764,0.9522536,1,-0.9612681,-0.08093082,-0.2634646,0,-0.07882883,0.9967154,-0.01855792,0,-0.2641011,-0.002929466,0.9644903,0,-0.4415834,1.668964,-1.103159,1,1.0,1.0,0.1784253,0.1398569,0.9739633,0.002401832,-0.001628693,-0.02537781,38.38889,2373
25,0.2964937,0.1819735,0.9998894,0.08162799,0.1021798,0.9999525,0.1890632,0.142078,0.9999209,-0.9611799,-0.07891949,-0.2643957,0,-0.08101691,0.9967083,-0.002979948,0,-0.2637605,-0.01855625,0.9644098,0,-0.5803686,-1.718779,0.9520743,1,-0.9611798,-0.08101691,-0.2637605,0,-0.07891949,0.9967084,-0.01855625,0,-0.2643956,-0.002979948,0.9644096,0,-0.4417594,1.668939,-1.103162,1,1.0,1.0,0.1774463,0.1365857,0.9746062,0.002381402,-0.001616783,-0.02541034,38.41111,2374
25,0.2966167,0.1820841,1.000014,0.08184841,0.1011359,1.000031,0.1892332,0.1416103,1.000022,-0.9611622,-0.07895538,-0.2644489,0,-0.08107635,0.9967037,-0.002902602,0,-0.2638064,-0.01865068,0.9643953,0,-0.5803575,-1.718877,0.9518627,1,-0.9611621,-0.08107635,-0.2638064,0,-0.07895537,0.9967036,-0.01865069,0,-0.264449,-0.002902603,0.9643954,0,-0.4418131,1.668921,-1.103132,1,1.0,1.0,0.1775951,0.1361246,0.9746436,0.002380287,-0.001610596,-0.02542793,38.42222,2375
25,0.2985417,0.1823239,0.9998558,0.08055246,0.09957162,0.9999403,0.1895503,0.1409494,0.9998981,-0.9610127,-0.07937706,-0.264866,0,-0.08162921,0.9966596,-0.002511487,0,-0.2641806,-0.01920723,0.964282,0,-0.5799103,-1.719654,0.9508986,1,-0.9610125,-0.08162922,-0.2641805,0,-0.07937706,0.9966597,-0.01920723,0,-0.264866,-0.002511489,0.964282,0,-0.4419415,1.668961,-1.103165,1,1.0,1.0,0.1779258,0.1355138,0.9746684,0.002376602,-0.001607727,-0.02542982,38.44445,2376
25,0.2982419,0.1828204,0.9999486,0.08142218,0.09968387,0.999991,0.1898336,0.1412529,0.9999698,-0.9609637,-0.07946113,-0.265019,0,-0.08174956,0.99665,-0.002402075,0,-0.264322,-0.01935688,0.9642404,0,-0.5798695,-1.719824,0.9505874,1,-0.9609633,-0.08174954,-0.264322,0,-0.07946111,0.99665,-0.01935687,0,-0.2650189,-0.00240207,0.96424,0,-0.4419689,1.668942,-1.103157,1,0.8734389,0.9993584,0.1781666,0.1357795,0.9745874,0.002376587,-0.001607254,-0.02543723,38.45555,2377
25,0.2975341,0.1823632,0.9999312,0.08238709,0.100398,0.9999475,0.1899611,0.1413807,0.9999394,-0.9609553,-0.07953624,-0.2650262,0,-0.08189053,0.996639,-0.002172492,0,-0.2643082,-0.01961547,0.9642388,0,-0.5795396,-1.720172,0.9502298,1,-0.9609553,-0.08189054,-0.2643082,0,-0.07953623,0.9966389,-0.01961547,0,-0.2650262,-0.002172492,0.9642388,0,-0.4418919,1.668996,-1.103168,1,1.0,1.0,0.1782835,0.1358963,0.9745497,0.002376282,-0.001605454,-0.02545448,38.46667,2378
25,0.2976137,0.1791721,1.000107,0.08172512,0.0971518,1.000059,0.1896676,0.138161,1.000083,-0.9610085,-0.07941448,-0.2648702,0,-0.08174401,0.9966509,-0.002234397,0,-0.2641605,-0.01950428,0.9642817,0,-0.5798668,-1.719985,0.9504068,1,-0.9610083,-0.081744,-0.2641605,0,-0.07941445,0.9966508,-0.01950428,0,-0.2648701,-0.002234393,0.9642814,0,-0.442114,1.668947,-1.103185,1,1.0,1.0,0.1780631,0.1328775,0.9750062,0.002375908,-0.001603577,-0.02545586,38.48889,2379
25,0.2991061,0.1790098,1.000172,0.08253533,0.09577074,1.000149,0.1908199,0.1373898,1.000161,-0.9610256,-0.07938024,-0.2648181,0,-0.08166585,0.9966569,-0.002386155,0,-0.2641222,-0.01933344,0.9642955,0,-0.5799966,-1.719783,0.9505672,1,-0.9610255,-0.08166585,-0.2641222,0,-0.07938024,0.996657,-0.01933344,0,-0.2648181,-0.002386152,0.9642954,0,-0.4421809,1.668936,-1.103067,1,0.8875198,0.9943717,0.1791274,0.1321188,0.9749144,0.002375663,-0.001601212,-0.02546162,38.5,2380
25,0.2980699,0.1788328,1.000169,0.0824911,0.09527433,1.000102,0.1902781,0.1370522,1.000136,-0.9610989,-0.07984109,-0.2644131,0,-0.08193058,0.9966331,-0.003134842,0,-0.2637732,-0.01865063,0.9644045,0,-0.5793315,-1.719242,0.952022,1,-0.9610989,-0.08193058,-0.2637731,0,-0.07984109,0.9966331,-0.01865063,0,-0.2644131,-0.003134841,0.9644043,0,-0.4423339,1.668973,-1.103011,1,0.8875198,0.9943717,0.1786405,0.1318166,0.9750445,0.002375604,-0.001598816,-0.02546222,38.52222,2381
25,0.2981947,0.1801366,1.000169,0.08164537,0.09425253,1.000082,0.1899168,0.1371929,1.000125,-0.9611832,-0.07999573,-0.26406,0,-0.08206522,0.9966218,-0.003203024,0,-0.2634242,-0.01859144,0.964501,0,-0.5787953,-1.719265,0.952355,1,-0.9611831,-0.0820652,-0.2634241,0,-0.07999572,0.9966218,-0.01859144,0,-0.26406,-0.003203022,0.964501,0,-0.4423833,1.669009,-1.10298,1,0.8763291,0.984417,0.1783079,0.1319539,0.9750869,0.00237365,-0.001595162,-0.02546525,38.53333,2382
25,0.2982321,0.1779103,1.000147,0.08172145,0.09282932,1.000073,0.1899741,0.1353682,1.00011,-0.9613155,-0.08045618,-0.2634379,0,-0.08243065,0.9965904,-0.003568254,0,-0.2628267,-0.01828513,0.9646698,0,-0.5777284,-1.719114,0.9534101,1,-0.9613154,-0.08243063,-0.2628267,0,-0.08045618,0.9965904,-0.01828513,0,-0.2634379,-0.003568251,0.9646698,0,-0.4425282,1.669032,-1.103003,1,1.0,1.0,0.1784054,0.1302426,0.9752992,0.002371574,-0.001588455,-0.02546686,38.55556,2383
25,0.2969926,0.1763664,1.000056,0.08331278,0.09259103,1.000047,0.1901525,0.1344782,1.000052,-0.961337,-0.08042916,-0.2633676,0,-0.08242983,0.9965909,-0.003463282,0,-0.2627483,-0.01837996,0.9646894,0,-0.5777153,-1.719266,0.9532384,1,-0.9613369,-0.08242984,-0.2627482,0,-0.08042914,0.9965908,-0.01837996,0,-0.2633676,-0.003463284,0.9646894,0,-0.442606,1.669085,-1.102973,1,1.0,1.0,0.1785985,0.1294093,0.9753747,0.002372108,-0.001584038,-0.02546716,38.56667,2384
25,0.2970368,0.176188,1.000196,0.08326775,0.09068519,1.0001,0.1901488,0.1334346,1.000148,-0.9614295,-0.08036093,-0.2630502,0,-0.08225777,0.9966038,-0.003812789,0,-0.2624632,-0.0179722,0.9647746,0,-0.5777488,-1.718823,0.9540155,1,-0.9614295,-0.08225778,-0.2624633,0,-0.08036093,0.9966038,-0.0179722,0,-0.2630502,-0.003812791,0.9647746,0,-0.442637,1.669099,-1.102939,1,0.8834653,0.9891297,0.1786019,0.1284217,0.9755046,0.002372406,-0.001583794,-0.02546711,38.57778,2385
25,0.2963901,0.1760075,1.000069,0.08356801,0.09265655,1.000044,0.189978,0.1343316,1.000056,-0.9614685,-0.08030138,-0.2629262,0,-0.08212259,0.9966139,-0.004074147,0,-0.2623631,-0.01767502,0.9648074,0,-0.578096,-1.718483,0.9544376,1,-0.9614684,-0.08212258,-0.262363,0,-0.08030137,0.9966139,-0.01767501,0,-0.2629262,-0.004074146,0.9648072,0,-0.442871,1.669078,-1.102893,1,1.0,1.0,0.1784399,0.1292749,0.9754215,0.002373161,-0.001583611,-0.02546506,38.6,2386
25,0.2965981,0.1762562,1.000095,0.08353558,0.09243505,1.000056,0.1900654,0.1343447,1.000075,-0.9615062,-0.08035191,-0.262773,0,-0.08215656,0.9966109,-0.004131158,0,-0.2622144,-0.01761639,0.9648491,0,-0.57792,-1.718465,0.9546101,1,-0.961506,-0.08215655,-0.2622143,0,-0.0803519,0.9966109,-0.01761639,0,-0.2627729,-0.004131155,0.9648486,0,-0.4429097,1.669104,-1.102866,1,0.8659689,0.9866596,0.1785172,0.129283,0.9754063,0.002373185,-0.001583519,-0.02546316,38.61111,2387
25,0.2967717,0.1772152,1.000126,0.08443597,0.0911916,1.00007,0.1906019,0.1342022,1.000098,-0.9615282,-0.0808636,-0.2625353,0,-0.08257695,0.9965745,-0.004519516,0,-0.2620014,-0.01733372,0.9649118,0,-0.5770105,-1.718363,0.9554157,1,-0.9615281,-0.08257695,-0.2620014,0,-0.08086359,0.9965744,-0.01733372,0,-0.2625352,-0.004519514,0.9649118,0,-0.4429345,1.669147,-1.102855,1,0.8779986,0.9853728,0.1790105,0.1291406,0.9753348,0.002375267,-0.001587982,-0.02545135,38.63334,2388
25,0.2966412,0.174802,1.000143,0.08638385,0.09153643,1.000108,0.1915113,0.1331685,1.000125,-0.9615493,-0.08101492,-0.2624113,0,-0.08270341,0.9965635,-0.00462289,0,-0.261884,-0.01725717,0.9649451,0,-0.5766922,-1.718278,0.9555926,1,-0.9615491,-0.08270342,-0.261884,0,-0.08101491,0.9965636,-0.01725717,0,-0.2624112,-0.00462289,0.9649451,0,-0.4429657,1.669096,-1.102774,1,1.0,1.0,0.179863,0.1281577,0.9753076,0.002380501,-0.00159301,-0.0254373,38.64444,2389
25,0.2947155,0.1745163,1.000015,0.08626106,0.0915594,1.000008,0.190488,0.1330376,1.000011,-0.961517,-0.08092631,-0.2625573,0,-0.08264645,0.9965687,-0.004504435,0,-0.2620209,-0.01736834,0.964906,0,-0.5770839,-1.718331,0.955258,1,-0.9615166,-0.08264644,-0.2620209,0,-0.0809263,0.9965689,-0.01736833,0,-0.2625572,-0.004504433,0.9649057,0,-0.4431241,1.669044,-1.102786,1,0.8828986,0.9870288,0.1789422,0.1280781,0.9754874,0.002383462,-0.001598541,-0.02542386,38.66667,2390
25,0.2953993,0.1775723,0.9999905,0.0866757,0.09117094,1.000009,0.1910382,0.1343721,0.9999997,-0.9615111,-0.08082758,-0.2626089,0,-0.08257124,0.9965754,-0.004408134,0,-0.2620659,-0.01744547,0.9648924,0,-0.5772791,-1.71837,0.955038,1,-0.961511,-0.08257124,-0.2620658,0,-0.08082757,0.9965755,-0.01744547,0,-0.2626089,-0.004408136,0.9648922,0,-0.4431504,1.669029,-1.102772,1,1.0,1.0,0.1794193,0.1293211,0.9752357,0.002387078,-0.001603424,-0.02541567,38.67778,2391
25,0.296251,0.1797385,1.000021,0.08869618,0.08997218,1.000007,0.192473,0.134855,1.000014,-0.9615316,-0.08086886,-0.2625217,0,-0.08263494,0.9965705,-0.00432507,0,-0.2619711,-0.01753477,0.9649166,0,-0.5771088,-1.718446,0.9549595,1,-0.9615311,-0.08263492,-0.261971,0,-0.08086883,0.9965705,-0.01753476,0,-0.2625215,-0.004325065,0.9649163,0,-0.4431794,1.668994,-1.102774,1,1.0,1.0,0.1807253,0.1297437,0.9749385,0.002389954,-0.001606972,-0.02540607,38.68889,2392
25,0.3002725,0.1801643,1.000026,0.08940449,0.08997472,1.000028,0.1948386,0.1350696,1.000027,-0.961575,-0.08080485,-0.2623817,0,-0.08264501,0.9965709,-0.004033757,0,-0.2618079,-0.01780578,0.9649558,0,-0.5770984,-1.718626,0.9544587,1,-0.961575,-0.08264502,-0.2618079,0,-0.08080485,0.996571,-0.01780578,0,-0.2623816,-0.004033757,0.9649556,0,-0.4433642,1.668888,-1.102701,1,1.0,1.0,0.1828919,0.1298929,0.9745144,0.002391747,-0.00160939,-0.02539993,38.71111,2393
25,0.3010734,0.1816472,1.000105,0.08700764,0.08965912,1.000079,0.1940396,0.1356527,1.000092,-0.9616075,-0.08079835,-0.2622646,0,-0.08263976,0.9965714,-0.004020024,0,-0.2616902,-0.0178078,0.9649876,0,-0.5769862,-1.718598,0.9544544,1,-0.9616075,-0.08263977,-0.2616902,0,-0.08079835,0.9965714,-0.0178078,0,-0.2622645,-0.004020023,0.9649876,0,-0.4433745,1.66886,-1.102633,1,0.8714065,0.9920138,0.1821347,0.1304528,0.9745815,0.002391853,-0.001614143,-0.02539255,38.72222,2394
25,0.2997792,0.1786263,1.000137,0.0870133,0.08997879,1.00012,0.1933956,0.1343021,1.000129,-0.9616854,-0.08067714,-0.2620161,0,-0.08254522,0.9965798,-0.003887812,0,-0.2614336,-0.01788933,0.9650557,0,-0.5771141,-1.718591,0.9542657,1,-0.9616854,-0.08254521,-0.2614336,0,-0.08067713,0.9965797,-0.01788932,0,-0.2620161,-0.003887808,0.9650556,0,-0.4436201,1.668785,-1.102541,1,0.8813316,0.99738,0.1815668,0.1292005,0.9748543,0.002392425,-0.001613777,-0.02539199,38.74445,2395
25,0.2998599,0.1758619,1.000032,0.08665061,0.08987053,1.000036,0.1932554,0.1328661,1.000034,-0.9616976,-0.08057704,-0.2620028,0,-0.0824671,0.9965866,-0.003792304,0,-0.261414,-0.01795956,0.9650598,0,-0.577271,-1.71863,0.9540744,1,-0.9616973,-0.08246709,-0.261414,0,-0.08057702,0.9965866,-0.01795956,0,-0.2620027,-0.003792302,0.9650596,0,-0.4436719,1.668776,-1.102511,1,1.0,1.0,0.1814857,0.1278731,0.9750443,0.002392479,-0.001614212,-0.02539006,38.75556,2396
25,0.2969743,0.1755407,1.000138,0.09006715,0.08890711,1.000077,0.1935187,0.1322228,1.000107,-0.9618474,-0.08070028,-0.2614135,0,-0.08256461,0.9965782,-0.003862056,0,-0.2608307,-0.01786879,0.9652191,0,-0.5765446,-1.718573,0.9545338,1,-0.9618474,-0.0825646,-0.2608307,0,-0.08070029,0.9965783,-0.0178688,0,-0.2614136,-0.003862055,0.9652193,0,-0.4437092,1.668777,-1.102424,1,0.8780856,0.9980521,0.1817303,0.1272561,0.9750794,0.002391793,-0.001614212,-0.02538971,38.77778,2397
25,0.2974087,0.1753439,1.000152,0.09002253,0.09008949,1.000126,0.1937148,0.1327162,1.000139,-0.9618639,-0.08073626,-0.2613418,0,-0.08256038,0.996578,-0.004010578,0,-0.2607713,-0.01771885,0.965238,0,-0.5766685,-1.718402,0.954728,1,-0.9618639,-0.08256038,-0.2607713,0,-0.08073627,0.9965781,-0.01771885,0,-0.2613418,-0.004010577,0.965238,0,-0.4439037,1.668741,-1.102366,1,1.0,1.0,0.1818945,0.12771,0.9749896,0.002391747,-0.001613915,-0.02538971,38.78889,2398
25,0.2974895,0.1743301,1.000103,0.09001336,0.089894,1.000063,0.1937501,0.1321112,1.000082,-0.9619215,-0.08063301,-0.2611621,0,-0.08244862,0.9965872,-0.004015651,0,-0.2605946,-0.01766972,0.9652867,0,-0.5767146,-1.718342,0.9548258,1,-0.9619213,-0.08244862,-0.2605946,0,-0.08063301,0.9965873,-0.01766971,0,-0.2611621,-0.004015648,0.9652865,0,-0.4439448,1.668763,-1.102332,1,0.8784559,0.9943016,0.1819498,0.1271477,0.9750527,0.002391747,-0.001611763,-0.02538979,38.8,2399
25,0.2980744,0.1741029,1.000314,0.08931169,0.09188904,1.00018,0.1936884,0.1329934,1.000247,-0.9620352,-0.08064692,-0.2607386,0,-0.08228836,0.9965978,-0.004633999,0,-0.2602253,-0.01699768,0.9653984,0,-0.576655,-1.717643,0.9560839,1,-0.9620349,-0.08228835,-0.2602252,0,-0.08064693,0.9965978,-0.01699768,0,-0.2607386,-0.004633996,0.9653981,0,-0.4439969,1.668777,-1.102258,1,0.8784559,0.9943016,0.1818452,0.1279532,0.9749668,0.002392639,-0.001610336,-0.02538904,38.82222,2400
25,0.2974908,0.1737631,1.000113,0.08919621,0.09132635,1.000065,0.1933418,0.1325438,1.000089,-0.9620709,-0.080813,-0.2605548,0,-0.08242523,0.9965859,-0.004752066,0,-0.2600493,-0.01690446,0.9654474,0,-0.5762647,-1.717603,0.9563799,1,-0.962071,-0.08242524,-0.2600492,0,-0.08081299,0.9965859,-0.01690446,0,-0.2605548,-0.004752067,0.9654474,0,-0.4440228,1.668785,-1.102227,1,0.8784559,0.9943016,0.1815623,0.1275556,0.9750717,0.002393684,-0.001606316,-0.0253883,38.83334,2401
25,0.2951276,0.172213,1.000042,0.08928704,0.09100929,1.000038,0.1922072,0.1316112,1.00004,-0.9621342,-0.08082708,-0.2603169,0,-0.08240656,0.9965869,-0.004859673,0,-0.2598212,-0.01677616,0.9655111,0,-0.5761276,-1.717475,0.9566419,1,-0.9621341,-0.08240655,-0.2598211,0,-0.08082708,0.996587,-0.01677616,0,-0.2603168,-0.004859673,0.9655109,0,-0.4441004,1.668785,-1.102151,1,1.0,1.0,0.1805457,0.1267103,0.9753705,0.002395714,-0.001602608,-0.02538825,38.85556,2402
25,0.2983994,0.1724473,1.000043,0.08844005,0.09130061,1.000023,0.1934189,0.1318734,1.000033,-0.9621891,-0.08057605,-0.2601922,0,-0.0821755,0.9966066,-0.004743716,0,-0.2596915,-0.01681707,0.9655453,0,-0.5763935,-1.717429,0.9565215,1,-0.9621888,-0.08217548,-0.2596914,0,-0.08057605,0.9966066,-0.01681707,0,-0.2601921,-0.004743709,0.9655451,0,-0.4441036,1.668773,-1.102131,1,0.8611081,0.9895507,0.1816547,0.12693,0.9751361,0.002396857,-0.00160228,-0.02538885,38.86667,2403
25,0.2987072,0.1708872,0.9999944,0.08722381,0.09122437,1.000022,0.1929664,0.1310562,1.000008,-0.9621612,-0.08045705,-0.2603319,0,-0.08203723,0.9966177,-0.004808837,0,-0.2598382,-0.01673003,0.9655073,0,-0.5767776,-1.71726,0.9564964,1,-0.9621611,-0.08203722,-0.2598382,0,-0.08045704,0.9966176,-0.01673003,0,-0.2603318,-0.004808835,0.9655071,0,-0.4441122,1.668735,-1.102103,1,1.0,1.0,0.1812596,0.1261779,0.9753072,0.002397721,-0.00160228,-0.02538885,38.87778,2404
25,0.296428,0.1748799,0.9999696,0.08599102,0.09117635,0.9999847,0.1912101,0.1330284,0.9999772,-0.9621682,-0.07998525,-0.2604517,0,-0.08162066,0.9966531,-0.004548841,0,-0.2599438,-0.01688149,0.9654763,0,-0.5775173,-1.717223,0.9560186,1,-0.9621677,-0.08162065,-0.2599438,0,-0.07998522,0.996653,-0.01688149,0,-0.2604516,-0.004548836,0.965476,0,-0.4440244,1.668687,-1.102124,1,1.0,1.0,0.1796035,0.1280656,0.9753675,0.002399887,-0.00160228,-0.02538885,38.9,2405
25,0.2952774,0.1721137,1.000016,0.08353844,0.08980247,1.000026,0.1894083,0.1309581,1.000021,-0.9621357,-0.08012807,-0.2605276,0,-0.08174109,0.9966427,-0.004656099,0,-0.260026,-0.01681601,0.9654553,0,-0.5773956,-1.717187,0.9561167,1,-0.9621355,-0.08174109,-0.2600259,0,-0.08012806,0.9966427,-0.016816,0,-0.2605275,-0.004656099,0.9654551,0,-0.4440329,1.668677,-1.102102,1,1.0,1.0,0.1779806,0.1261616,0.975913,0.002400864,-0.00160228,-0.02538798,38.91111,2406
