flag,xl,yl,zl,xr,yr,zr,xc,yc,zc,mat_00,mat_10,mat_20,mat_30,mat_01,mat_11,mat_21,mat_31,mat_02,mat_12,mat_22,mat_32,mat_03,mat_13,mat_23,mat_33,ctw_00,ctw_10,ctw_20,ctw_30,ctw_01,ctw_11,ctw_21,ctw_31,ctw_02,ctw_12,ctw_22,ctw_32,ctw_03,ctw_13,ctw_23,ctw_33,opennessl,opennessr,ray_x,ray_y,ray_z,eye_x,eye_y,eye_z,time,frame,u,v
25.0,0.2218067,0.1518198,0.9999228,0.09463485,0.1206658,0.999943,0.1582212,0.1362427,0.9999329,0.07925946,-0.0739501,-0.9941074,0.0,0.03152723,0.9969317,-0.07164656,0.0,-0.9963555,0.02566277,-0.0813477,0.0,-0.9973475,-1.659702,-0.7263805,1.0,0.07925944,0.03152722,-0.9963553,0.0,-0.07395009,0.9969317,0.02566278,0.0,-0.9941071,-0.07164656,-0.08134769,0.0,-0.7657859,1.63401,-1.010209,1.0,1.0,1.0,0.153225,0.1345566,0.9789875,-0.001546578,-0.004059487,-0.02085771,33.93333,2098.0,0.175,0.104
25.0,0.221767,0.1494717,0.9997796,0.09462243,0.1208735,0.9998131,0.1581954,0.1351728,0.9997964,0.0794735,-0.07365282,-0.9941124,0.0,0.03152116,0.9969536,-0.0713434,0.0,-0.9963386,0.02566566,-0.08155298,0.0,-0.9972512,-1.659507,-0.7269726,1.0,0.07947345,0.03152115,-0.9963384,0.0,-0.07365283,0.9969537,0.02566566,0.0,-0.9941123,-0.0713434,-0.081553,0.0,-0.7656648,1.634021,-1.010294,1.0,1.0,1.0,0.1532417,0.1335682,0.9791203,-0.00154654,-0.004061295,-0.0208568,33.95555,2099.0,0.175,0.104
25.0,0.2215907,0.1497784,1.000058,0.09467474,0.1202444,1.00006,0.1581329,0.1350112,1.000059,0.07948327,-0.07366765,-0.9941103,0.0,0.0316165,0.9969501,-0.07135021,0.0,-0.9963347,0.02575915,-0.08156997,0.0,-0.9974079,-1.659368,-0.7270376,1.0,0.07948328,0.0316165,-0.9963347,0.0,-0.07366765,0.9969501,0.02575915,0.0,-0.9941105,-0.07135022,-0.08156997,0.0,-0.7657202,1.633967,-1.010313,1.0,1.0,1.0,0.1531492,0.1333874,0.9791594,-0.001546501,-0.004063721,-0.02085078,33.96667,2100.0,0.175,0.104
25.0,0.2220798,0.1501752,0.9999478,0.09511333,0.120473,0.9999496,0.1585965,0.135324,0.9999488,0.0794214,-0.07337999,-0.9941368,0.0,0.03129455,0.9969789,-0.07108966,0.0,-0.9963499,0.02546501,-0.08147788,0.0,-0.9970719,-1.659569,-0.727392,1.0,0.07942141,0.03129454,-0.9963497,0.0,-0.07337998,0.9969789,0.02546502,0.0,-0.9941365,-0.07108966,-0.08147784,0.0,-0.7657171,1.634048,-1.010438,1.0,1.0,1.0,0.1535937,0.1336942,0.979048,-0.001546402,-0.004070587,-0.02084496,33.98889,2101.0,0.175,0.104
25.0,0.2227983,0.1509544,1.000037,0.09614329,0.1211425,1.00003,0.1594707,0.1360485,1.000033,0.07936597,-0.07336179,-0.9941424,0.0,0.03123064,0.9969817,-0.07107806,0.0,-0.9963562,0.02540652,-0.08141756,0.0,-0.9970551,-1.659624,-0.7273796,1.0,0.07936598,0.03123064,-0.9963562,0.0,-0.07336179,0.9969817,0.02540652,0.0,-0.9941424,-0.07107807,-0.08141756,0.0,-0.7657396,1.634053,-1.010478,1.0,1.0,1.0,0.1543868,0.1343587,0.9788322,-0.001546394,-0.004080612,-0.02083669,34.0,2102.0,0.175,0.104
25.0,0.222409,0.1511788,1.000073,0.09609758,0.1240552,1.000075,0.1592533,0.1376171,1.000074,0.07941455,-0.07346971,-0.9941306,0.0,0.03106592,0.9969783,-0.07119852,0.0,-0.9963575,0.02522939,-0.08145696,0.0,-0.9967421,-1.659816,-0.7272767,1.0,0.07941451,0.03106592,-0.9963574,0.0,-0.07346971,0.9969783,0.02522939,0.0,-0.9941305,-0.07119852,-0.08145697,0.0,-0.7657984,1.633984,-1.010477,1.0,1.0,1.0,0.1541468,0.135848,0.9786645,-0.001546203,-0.004094261,-0.02082822,34.01111,2103.0,0.175,0.104
25.0,0.2222285,0.1517872,1.000077,0.09622283,0.1239528,1.000076,0.1592255,0.13787,1.000077,0.07920051,-0.07363427,-0.9941355,0.0,0.03114925,0.996964,-0.07136218,0.0,-0.996372,0.02531464,-0.08125371,0.0,-0.9971253,-1.65988,-0.7269053,1.0,0.0792005,0.03114924,-0.9963719,0.0,-0.07363427,0.996964,0.02531465,0.0,-0.9941354,-0.07136218,-0.0812537,0.0,-0.7658935,1.634027,-1.010552,1.0,1.0,1.0,0.1541165,0.1360951,0.9786349,-0.001546066,-0.004102097,-0.02081844,34.03333,2104.0,0.175,0.104
25.0,0.2222888,0.1517384,0.9998832,0.0961806,0.1228657,0.9998683,0.1592344,0.1373017,0.9998758,0.07907844,-0.07364903,-0.9941441,0.0,0.03123152,0.9969606,-0.0713734,0.0,-0.9963791,0.02540453,-0.08113825,0.0,-0.9974585,-1.65986,-0.726633,1.0,0.07907843,0.03123152,-0.9963791,0.0,-0.07364902,0.9969606,0.02540454,0.0,-0.994144,-0.07137339,-0.08113825,0.0,-0.7657474,1.634105,-1.010637,1.0,1.0,1.0,0.1541661,0.1355891,0.9786972,-0.001546066,-0.004104431,-0.02081125,34.04445,2105.0,0.175,0.104
25.0,0.2218028,0.1495563,0.9997633,0.09618216,0.1219031,0.9997475,0.1589924,0.1357296,0.9997554,0.07883972,-0.07373958,-0.9941564,0.0,0.03114091,0.9969559,-0.07147767,0.0,-0.9964008,0.02532365,-0.08089602,0.0,-0.9977008,-1.660018,-0.72598,1.0,0.07883968,0.0311409,-0.9964007,0.0,-0.07373957,0.9969559,0.02532365,0.0,-0.9941562,-0.07147765,-0.08089603,0.0,-0.7654881,1.634142,-1.010801,1.0,1.0,1.0,0.1539897,0.1341309,0.9789259,-0.001545967,-0.004105629,-0.02080036,34.06667,2106.0,0.175,0.104
25.0,0.2220888,0.1510859,1.000008,0.09619223,0.1204896,1.000004,0.1591404,0.1357876,1.000006,0.07879376,-0.07360946,-0.9941697,0.0,0.03099678,0.9969689,-0.07136004,0.0,-0.996409,0.02519333,-0.08083659,0.0,-0.9975602,-1.660093,-0.7261353,1.0,0.07879376,0.03099678,-0.9964089,0.0,-0.07360945,0.9969689,0.02519333,0.0,-0.9941695,-0.07136004,-0.08083658,0.0,-0.7654985,1.634165,-1.010853,1.0,1.0,1.0,0.1540916,0.1341533,0.9789068,-0.00154589,-0.004107338,-0.02079616,34.07778,2107.0,0.175,0.104
25.0,0.2221923,0.1507863,1.000068,0.09633698,0.1200316,1.000061,0.1592647,0.135409,1.000064,0.07878941,-0.07386101,-0.9941514,0.0,0.03107736,0.9969487,-0.07160588,0.0,-0.9964069,0.0252538,-0.0808444,0.0,-0.9977373,-1.660169,-0.7257586,1.0,0.07878938,0.03107734,-0.9964066,0.0,-0.073861,0.9969488,0.02525381,0.0,-0.9941511,-0.07160588,-0.08084439,0.0,-0.7655243,1.634142,-1.0109,1.0,1.0,1.0,0.1542078,0.1337888,0.9789385,-0.00154541,-0.004107689,-0.02078538,34.08889,2108.0,0.175,0.104
25.0,0.222666,0.151445,1.000028,0.09547322,0.1207626,1.000009,0.1590692,0.1361036,1.000019,0.07870495,-0.07428762,-0.9941262,0.0,0.03113536,0.9969163,-0.07203113,0.0,-0.9964117,0.02528327,-0.08077526,0.0,-0.998058,-1.660483,-0.7249427,1.0,0.07870499,0.03113536,-0.9964116,0.0,-0.07428762,0.9969162,0.02528327,0.0,-0.9941262,-0.07203113,-0.08077522,0.0,-0.7654857,1.634219,-1.011051,1.0,1.0,1.0,0.154018,0.1344551,0.978877,-0.001544411,-0.004109375,-0.02077772,34.11111,2109.0,0.175,0.104
25.0,0.2227712,0.1508011,0.9999861,0.09529019,0.1204686,0.999989,0.1590309,0.1356349,0.9999875,0.07869846,-0.07413474,-0.9941382,0.0,0.03107393,0.9969289,-0.07188296,0.0,-0.9964141,0.0252347,-0.08076042,0.0,-0.9980183,-1.66045,-0.7251849,1.0,0.07869844,0.03107392,-0.996414,0.0,-0.07413473,0.9969289,0.0252347,0.0,-0.994138,-0.07188296,-0.08076042,0.0,-0.7654884,1.634234,-1.011105,1.0,1.0,1.0,0.1539972,0.13402,0.97894,-0.001544251,-0.004109909,-0.02076756,34.12222,2110.0,0.175,0.104
25.0,0.2228985,0.1509539,1.000036,0.0954417,0.1194806,1.000028,0.1591703,0.1352172,1.000032,0.07870191,-0.07395477,-0.9941513,0.0,0.0308012,0.9969488,-0.0717245,0.0,-0.9964224,0.02497619,-0.08073968,0.0,-0.9976933,-1.660575,-0.7252877,1.0,0.07870191,0.03080119,-0.9964222,0.0,-0.07395475,0.9969487,0.0249762,0.0,-0.9941512,-0.07172449,-0.08073966,0.0,-0.7653327,1.634217,-1.011208,1.0,1.0,1.0,0.1541294,0.1336205,0.9789738,-0.001543785,-0.00411174,-0.02076506,34.14444,2111.0,0.175,0.104
25.0,0.221585,0.1496356,1.000039,0.09555057,0.119302,1.000018,0.1585675,0.1344686,1.000028,0.07862228,-0.07420118,-0.9941394,0.0,0.03049905,0.9969383,-0.07199806,0.0,-0.996438,0.02465964,-0.08064467,0.0,-0.9973233,-1.661061,-0.7247107,1.0,0.07862229,0.03049904,-0.9964377,0.0,-0.07420116,0.9969383,0.02465965,0.0,-0.994139,-0.07199805,-0.08064461,0.0,-0.7653039,1.634215,-1.011253,1.0,1.0,1.0,0.1535801,0.1329311,0.9791541,-0.001542763,-0.004114357,-0.0207587,34.15556,2112.0,0.175,0.104
25.0,0.2216917,0.1492465,0.9999502,0.09571317,0.1199049,0.9999583,0.1587028,0.134576,0.9999542,0.0787102,-0.0741163,-0.9941387,0.0,0.03003812,0.9969559,-0.0719481,0.0,-0.996445,0.024199,-0.08069694,0.0,-0.9966354,-1.661466,-0.7248136,1.0,0.07871022,0.03003811,-0.9964449,0.0,-0.07411628,0.9969559,0.024199,0.0,-0.9941384,-0.07194809,-0.0806969,0.0,-0.7652614,1.634197,-1.011377,1.0,1.0,1.0,0.1537145,0.1330408,0.9791179,-0.001541702,-0.004116356,-0.02075653,34.16667,2113.0,0.175,0.104
25.0,0.2211976,0.1494812,1.000106,0.09743617,0.1200691,1.0001,0.159317,0.1347752,1.000103,0.07867199,-0.07404818,-0.9941468,0.0,0.02974964,0.9969678,-0.07190406,0.0,-0.9964567,0.02391866,-0.08063632,0.0,-0.9962965,-1.66168,-0.7249026,1.0,0.07867194,0.02974962,-0.9964563,0.0,-0.07404817,0.9969678,0.02391866,0.0,-0.9941466,-0.07190406,-0.08063632,0.0,-0.7653233,1.634157,-1.011474,1.0,1.0,1.0,0.1542629,0.1332026,0.9790097,-0.001539802,-0.004121323,-0.02075304,34.18889,2114.0,0.175,0.104
25.0,0.2212359,0.1502855,0.9999276,0.09818793,0.1221125,0.9999393,0.1597121,0.1361991,0.9999334,0.07865971,-0.07360417,-0.9941807,0.0,0.02981013,0.9969983,-0.07145419,0.0,-0.9964558,0.02401608,-0.08061773,0.0,-0.9964457,-1.661293,-0.7256383,1.0,0.07865967,0.02981012,-0.9964557,0.0,-0.07360415,0.9969984,0.02401609,0.0,-0.9941804,-0.07145419,-0.08061774,0.0,-0.7653134,1.634161,-1.011515,1.0,1.0,1.0,0.1546292,0.1345617,0.978766,-0.001539566,-0.00412542,-0.02075086,34.2,2115.0,0.175,0.104
25.0,0.221464,0.1501826,0.9999917,0.09928496,0.1209298,0.9999831,0.1603742,0.135556,0.9999874,0.0784952,-0.07303639,-0.9942356,0.0,0.03012071,0.9970312,-0.07086372,0.0,-0.9964594,0.02438461,-0.0804621,0.0,-0.9971717,-1.660472,-0.7266295,1.0,0.07849522,0.0301207,-0.9964593,0.0,-0.07303638,0.9970311,0.02438462,0.0,-0.9942354,-0.0708637,-0.08046206,0.0,-0.7654424,1.634086,-1.011617,1.0,1.0,1.0,0.1552531,0.1339395,0.9787527,-0.001538162,-0.004128243,-0.02074662,34.22222,2116.0,0.175,0.104
25.0,0.2215205,0.1509511,1.000012,0.1000167,0.1212017,1.000027,0.1607689,0.1360765,1.00002,0.07852483,-0.07270531,-0.9942575,0.0,0.03028991,0.9970506,-0.0705173,0.0,-0.996452,0.0245786,-0.08049548,0.0,-0.9974826,-1.660036,-0.7273192,1.0,0.07852483,0.0302899,-0.9964517,0.0,-0.07270529,0.9970506,0.02457861,0.0,-0.9942573,-0.0705173,-0.08049544,0.0,-0.7655088,1.634065,-1.011688,1.0,1.0,1.0,0.1556073,0.1344198,0.9786305,-0.001538063,-0.004130615,-0.0207453,34.23333,2117.0,0.175,0.104
25.0,0.2215791,0.1503846,0.9999744,0.09994036,0.1208716,0.9999846,0.1607598,0.1356282,0.9999794,0.07851595,-0.07250816,-0.9942726,0.0,0.03085356,0.9970505,-0.07027429,0.0,-0.9964354,0.02515919,-0.08052146,0.0,-0.9984549,-1.659278,-0.7276711,1.0,0.0785159,0.03085355,-0.9964352,0.0,-0.07250816,0.9970503,0.02515919,0.0,-0.9942724,-0.07027429,-0.08052148,0.0,-0.76542,1.634053,-1.011743,1.0,1.0,1.0,0.1556154,0.1340071,0.9786858,-0.001537781,-0.004133156,-0.02073222,34.25556,2118.0,0.175,0.104
25.0,0.2217664,0.1510558,1.000003,0.100055,0.1218881,1.00001,0.1609109,0.1364721,1.000006,0.07859683,-0.07262471,-0.9942577,0.0,0.03084697,0.9970425,-0.07038964,0.0,-0.9964293,0.02513742,-0.08060461,0.0,-0.9983799,-1.65938,-0.7275583,1.0,0.07859679,0.03084695,-0.9964289,0.0,-0.0726247,0.9970426,0.02513743,0.0,-0.9942575,-0.07038964,-0.0806046,0.0,-0.7654228,1.634057,-1.011747,1.0,1.0,1.0,0.1557376,0.1347999,0.9785575,-0.001537812,-0.004136872,-0.0207195,34.26667,2119.0,0.175,0.104
25.0,0.2218864,0.1522112,0.9998613,0.1010009,0.1227225,0.9998853,0.1614437,0.1374669,0.9998733,0.07872933,-0.07237685,-0.9942653,0.0,0.03091908,0.9970585,-0.0701319,0.0,-0.9964166,0.02522032,-0.08073556,0.0,-0.9984287,-1.659145,-0.728048,1.0,0.0787293,0.03091906,-0.9964162,0.0,-0.07237683,0.9970584,0.02522032,0.0,-0.994265,-0.07013188,-0.08073554,0.0,-0.7653507,1.634076,-1.011786,1.0,1.0,1.0,0.1562364,0.1357455,0.9783472,-0.001537668,-0.00413881,-0.02071175,34.27778,2120.0,0.175,0.104
25.0,0.2219664,0.1515531,0.9999468,0.1011482,0.1242932,0.9999687,0.1615575,0.1379232,0.9999578,0.07918781,-0.07237993,-0.9942287,0.0,0.03082518,0.9970614,-0.070131,0.0,-0.9963831,0.02509375,-0.08118623,0.0,-0.9980246,-1.659284,-0.7284181,1.0,0.0791878,0.03082517,-0.9963828,0.0,-0.07237991,0.9970614,0.02509375,0.0,-0.9942285,-0.07013101,-0.08118621,0.0,-0.7652815,1.634087,-1.011914,1.0,1.0,1.0,0.156322,0.1361628,0.9782756,-0.001537453,-0.004139015,-0.020704,34.3,2121.0,0.175,0.104
25.0,0.2222526,0.1521577,0.9997993,0.1010053,0.1254506,0.9998466,0.1616298,0.1388044,0.999823,0.07957208,-0.07220912,-0.9942104,0.0,0.03047944,0.9970828,-0.0699783,0.0,-0.996363,0.02473464,-0.08154088,0.0,-0.9972293,-1.659509,-0.728913,1.0,0.07957212,0.03047943,-0.9963631,0.0,-0.0722091,0.9970827,0.02473465,0.0,-0.9942103,-0.0699783,-0.08154085,0.0,-0.7651728,1.634054,-1.011991,1.0,1.0,1.0,0.1563922,0.1370086,0.9781463,-0.001537651,-0.004139633,-0.02069854,34.31111,2122.0,0.175,0.104
25.0,0.2232359,0.1509669,1.000004,0.1009715,0.1228923,1.000028,0.1621038,0.1369298,1.000016,0.07983458,-0.07200409,-0.9942042,0.0,0.02993198,0.9971111,-0.06981109,0.0,-0.9963587,0.02418515,-0.08175921,0.0,-0.9961618,-1.659959,-0.7294553,1.0,0.07983462,0.02993197,-0.9963586,0.0,-0.07200409,0.997111,0.02418516,0.0,-0.9942041,-0.06981108,-0.08175916,0.0,-0.7652231,1.634057,-1.012028,1.0,1.0,1.0,0.1568461,0.135209,0.978324,-0.001535866,-0.0041362,-0.0206855,34.33334,2123.0,0.175,0.104
25.0,0.2233779,0.1523639,1.000026,0.1008563,0.1228321,1.000028,0.162117,0.1375979,1.000027,0.07993251,-0.0722414,-0.9941791,0.0,0.02971202,0.9970999,-0.07006477,0.0,-0.9963574,0.02393861,-0.08184713,0.0,-0.9957231,-1.660368,-0.7291154,1.0,0.07993251,0.02971201,-0.9963574,0.0,-0.07224139,0.9970998,0.02393861,0.0,-0.994179,-0.07006478,-0.08184713,0.0,-0.7652278,1.634053,-1.012025,1.0,1.0,1.0,0.1568437,0.1358342,0.9782378,-0.001536224,-0.004133393,-0.02068162,34.34444,2124.0,0.175,0.104
25.0,0.224881,0.1522215,1.000006,0.1007856,0.1236516,0.9999996,0.1628333,0.1379364,1.000003,0.07985306,-0.07237775,-0.9941756,0.0,0.02964926,0.9970916,-0.07020859,0.0,-0.9963657,0.02387019,-0.08176678,0.0,-0.9957692,-1.660595,-0.7289976,1.0,0.07985307,0.02964925,-0.9963655,0.0,-0.07237775,0.9970917,0.0238702,0.0,-0.9941754,-0.07020859,-0.08176675,0.0,-0.7654265,1.634107,-1.012119,1.0,1.0,1.0,0.1575102,0.13614,0.9780881,-0.001536033,-0.004131989,-0.02067778,34.36667,2125.0,0.175,0.104
25.0,0.2256366,0.1552127,1.000041,0.1003999,0.1236487,1.000015,0.163018,0.1394303,1.000028,0.07962167,-0.07225441,-0.994203,0.0,0.02954593,0.9971024,-0.07009891,0.0,-0.9963872,0.02379326,-0.0815258,0.0,-0.9958534,-1.660585,-0.7289594,1.0,0.07962169,0.02954593,-0.9963872,0.0,-0.07225441,0.9971024,0.02379327,0.0,-0.994203,-0.07009891,-0.08152579,0.0,-0.7654268,1.634097,-1.012174,1.0,1.0,1.0,0.1576492,0.137539,0.97787,-0.001536935,-0.004133736,-0.02067728,34.37778,2126.0,0.175,0.104
25.0,0.2256611,0.1555095,0.9999397,0.09911884,0.1238417,0.9999112,0.1623894,0.1396754,0.9999254,0.07937419,-0.07200589,-0.9942409,0.0,0.02912193,0.9971295,-0.06989018,0.0,-0.9964194,0.02340673,-0.08124334,0.0,-0.9954335,-1.660739,-0.7289541,1.0,0.07937423,0.02912192,-0.9964194,0.0,-0.07200589,0.9971295,0.02340673,0.0,-0.9942408,-0.06989017,-0.08124331,0.0,-0.7653272,1.634014,-1.012219,1.0,1.0,1.0,0.1570727,0.1377963,0.9779266,-0.00153798,-0.004134636,-0.02067925,34.38889,2127.0,0.175,0.104
25.0,0.2266867,0.1577731,1.000188,0.09970454,0.1254568,1.000151,0.1631947,0.1416148,1.000169,0.07886147,-0.07167365,-0.9943057,0.0,0.0287953,0.9971596,-0.06959553,0.0,-0.9964697,0.02314292,-0.08070135,0.0,-0.9954439,-1.660772,-0.7290567,1.0,0.07886147,0.0287953,-0.9964696,0.0,-0.07167366,0.9971597,0.02314293,0.0,-0.9943057,-0.06959553,-0.08070134,0.0,-0.7654366,1.63398,-1.01233,1.0,1.0,1.0,0.157749,0.1395708,0.977566,-0.001538903,-0.004136421,-0.02068169,34.41111,2128.0,0.175,0.104
25.0,0.2266482,0.1563918,1.000102,0.0994805,0.1262479,1.000064,0.163064,0.1413197,1.000083,0.07858837,-0.07180373,-0.9943179,0.0,0.02893955,0.9971467,-0.06972069,0.0,-0.996487,0.02329588,-0.08044213,0.0,-0.9959009,-1.660737,-0.7286225,1.0,0.0785884,0.02893955,-0.996487,0.0,-0.07180373,0.9971467,0.02329588,0.0,-0.9943179,-0.06972069,-0.0804421,0.0,-0.7654632,1.634019,-1.012326,1.0,1.0,1.0,0.1576461,0.1393097,0.9776198,-0.001540085,-0.00413842,-0.02068427,34.42222,2129.0,0.175,0.104
25.0,0.2267026,0.1566681,1.000087,0.099159,0.1264839,1.000054,0.1629303,0.1415758,1.000071,0.0781424,-0.0719955,-0.9943393,0.0,0.02894928,0.9971322,-0.06992269,0.0,-0.9965219,0.02332147,-0.08000255,0.0,-0.9963197,-1.660894,-0.727967,1.0,0.0781424,0.02894928,-0.9965217,0.0,-0.0719955,0.9971324,0.02332148,0.0,-0.9943391,-0.06992268,-0.08000252,0.0,-0.7655682,1.634073,-1.012359,1.0,1.0,1.0,0.1575187,0.1395546,0.9776054,-0.00154129,-0.004138741,-0.02068626,34.44445,2130.0,0.175,0.104
25.0,0.2267454,0.1566494,0.9999678,0.09976112,0.1276717,0.9999526,0.1632527,0.1421603,0.9999602,0.07805151,-0.07214898,-0.9943352,0.0,0.0290162,0.9971197,-0.07007337,0.0,-0.996527,0.0233825,-0.07992017,0.0,-0.9965449,-1.660943,-0.7275591,1.0,0.07805149,0.0290162,-0.996527,0.0,-0.07214898,0.9971197,0.0233825,0.0,-0.9943352,-0.07007337,-0.07992019,0.0,-0.7654912,1.634093,-1.012394,1.0,1.0,1.0,0.1578241,0.140112,0.9774764,-0.001541366,-0.004139534,-0.02068587,34.45555,2131.0,0.175,0.104
25.0,0.227025,0.1590789,1.000016,0.09969784,0.1291292,1.000023,0.1633616,0.1441041,1.00002,0.0783295,-0.07254782,-0.9942844,0.0,0.02896037,0.9970933,-0.07047129,0.0,-0.9965068,0.02327486,-0.08020288,0.0,-0.9962059,-1.661343,-0.7270542,1.0,0.07832953,0.02896037,-0.9965068,0.0,-0.07254782,0.9970933,0.02327486,0.0,-0.9942843,-0.07047128,-0.08020283,0.0,-0.7653931,1.634128,-1.01237,1.0,1.0,1.0,0.1578752,0.1419265,0.9772064,-0.00154116,-0.004140198,-0.02068634,34.47778,2132.0,0.175,0.104
25.0,0.2270888,0.1593531,0.9998748,0.09956258,0.1256347,0.9999084,0.1633261,0.1424938,0.9998916,0.07861698,-0.07257094,-0.99426,0.0,0.02878012,0.9970964,-0.0705023,0.0,-0.9964894,0.02307223,-0.0804773,0.0,-0.9957245,-1.661571,-0.7271934,1.0,0.07861698,0.0287801,-0.9964893,0.0,-0.07257093,0.9970963,0.02307224,0.0,-0.99426,-0.07050231,-0.08047729,0.0,-0.7653202,1.634134,-1.012415,1.0,1.0,1.0,0.1578961,0.1404282,0.9774194,-0.001541053,-0.004134301,-0.0206816,34.48889,2133.0,0.175,0.104
25.0,0.2242573,0.1583901,0.999836,0.09976855,0.1262051,0.9999028,0.162014,0.1422979,0.9998694,0.07938141,-0.07246041,-0.9942073,0.0,0.02868197,0.9971077,-0.07038172,0.0,-0.9964316,0.02292881,-0.08123016,0.0,-0.9949108,-1.661618,-0.7280698,1.0,0.07938144,0.02868196,-0.9964315,0.0,-0.07246041,0.9971077,0.02292882,0.0,-0.9942073,-0.07038172,-0.0812301,0.0,-0.7652763,1.634105,-1.012403,1.0,1.0,1.0,0.1566758,0.1402731,0.9776381,-0.00153888,-0.004132126,-0.02068044,34.51111,2134.0,0.175,0.104
25.0,0.2243267,0.1580401,0.9999149,0.1008582,0.1261643,0.9999515,0.1625932,0.1421026,0.9999332,0.07966661,-0.07245886,-0.9941846,0.0,0.02880586,0.9971054,-0.07036345,0.0,-0.9964053,0.02303272,-0.08152324,0.0,-0.9948925,-1.661495,-0.7283612,1.0,0.07966661,0.02880586,-0.9964052,0.0,-0.07245886,0.9971054,0.02303272,0.0,-0.9941846,-0.07036345,-0.08152325,0.0,-0.7652558,1.634095,-1.012426,1.0,1.0,1.0,0.1572088,0.1400696,0.9775817,-0.001535515,-0.004132294,-0.02067745,34.52222,2135.0,0.175,0.104
25.0,0.2234137,0.1556185,0.9999272,0.1006908,0.1264064,0.9999707,0.1620531,0.1410127,0.9999489,0.08002752,-0.07250799,-0.9941521,0.0,0.02886738,0.9971011,-0.07039931,0.0,-0.9963747,0.02306468,-0.08188868,0.0,-0.9946872,-1.661492,-0.7286492,1.0,0.08002754,0.02886738,-0.9963744,0.0,-0.07250798,0.9971011,0.02306468,0.0,-0.9941518,-0.0703993,-0.08188862,0.0,-0.765257,1.634093,-1.012427,1.0,1.0,1.0,0.1567232,0.1390556,0.9778044,-0.001533591,-0.004132294,-0.02067699,34.53333,2136.0,0.175,0.104
25.0,0.2231947,0.1586506,0.9999721,0.1006638,0.1266333,0.9999914,0.1619295,0.1426422,0.9999817,0.08033955,-0.07291405,-0.9940972,0.0,0.02879054,0.9970745,-0.07080567,0.0,-0.9963518,0.02293209,-0.08220381,0.0,-0.9941894,-1.661886,-0.728432,1.0,0.08033959,0.02879053,-0.9963515,0.0,-0.07291404,0.9970745,0.02293209,0.0,-0.9940971,-0.07080568,-0.08220374,0.0,-0.7654342,1.63407,-1.012331,1.0,1.0,1.0,0.1565684,0.1405866,0.9776102,-0.00153263,-0.004134872,-0.02067436,34.55556,2137.0,0.175,0.104
25.0,0.2241782,0.1563029,1.000077,0.1006016,0.1270918,1.000069,0.1623896,0.1416971,1.000073,0.08033735,-0.07318331,-0.9940776,0.0,0.02884829,0.997054,-0.07107103,0.0,-0.9963502,0.02296778,-0.08221191,0.0,-0.9943129,-1.662117,-0.7280267,1.0,0.08033735,0.02884828,-0.99635,0.0,-0.0731833,0.997054,0.02296778,0.0,-0.9940774,-0.07107103,-0.08221187,0.0,-0.7654735,1.634163,-1.012361,1.0,1.0,1.0,0.157003,0.1396828,0.97767,-0.001530197,-0.004139176,-0.02066989,34.56667,2138.0,0.175,0.104
25.0,0.2242063,0.1547977,0.9999366,0.09956934,0.1290017,0.9999338,0.1618878,0.1418995,0.9999353,0.08033705,-0.07349147,-0.9940549,0.0,0.02908959,0.9970263,-0.07136021,0.0,-0.9963433,0.02318377,-0.08223599,0.0,-0.9947548,-1.66209,-0.7274906,1.0,0.08033703,0.02908958,-0.9963431,0.0,-0.07349146,0.9970264,0.02318377,0.0,-0.9940547,-0.07136021,-0.08223596,0.0,-0.7653992,1.634171,-1.012409,1.0,1.0,1.0,0.1565501,0.1399135,0.9777097,-0.001529937,-0.004151581,-0.02066456,34.58889,2139.0,0.175,0.104
25.0,0.224435,0.1558706,1.000006,0.09788708,0.1262574,1.000002,0.1611611,0.1410636,1.000004,0.08028072,-0.07349341,-0.9940593,0.0,0.02933174,0.9970204,-0.07134349,0.0,-0.9963408,0.02342997,-0.08219719,0.0,-0.9952031,-1.661847,-0.7274819,1.0,0.08028068,0.02933173,-0.9963405,0.0,-0.0734934,0.9970205,0.02342998,0.0,-0.9940591,-0.07134349,-0.08219719,0.0,-0.7653993,1.634186,-1.012421,1.0,1.0,1.0,0.1558817,0.1391444,0.9779262,-0.001533098,-0.004161331,-0.0206602,34.6,2140.0,0.175,0.104
25.0,0.2245438,0.1568986,1.00008,0.09714606,0.125139,1.000046,0.1608446,0.1410187,1.000063,0.07990879,-0.07358667,-0.9940823,0.0,0.02929879,0.9970139,-0.07144851,0.0,-0.9963714,0.02341605,-0.08182621,0.0,-0.9953853,-1.661908,-0.7270064,1.0,0.07990884,0.0292988,-0.9963716,0.0,-0.07358667,0.997014,0.02341605,0.0,-0.9940823,-0.07144852,-0.08182618,0.0,-0.7654584,1.634166,-1.012347,1.0,1.0,1.0,0.1555801,0.139103,0.9779801,-0.001535035,-0.004163498,-0.02065739,34.62222,2141.0,0.175,0.104
25.0,0.2249566,0.1575534,1.000234,0.09673818,0.1236416,1.00021,0.1608469,0.1405973,1.000222,0.07976961,-0.07373494,-0.9940826,0.0,0.02918478,0.9970056,-0.07160984,0.0,-0.9963861,0.02329979,-0.08168268,0.0,-0.9953106,-1.662121,-0.726774,1.0,0.07976958,0.02918478,-0.9963859,0.0,-0.07373492,0.9970058,0.02329979,0.0,-0.9940823,-0.07160985,-0.08168267,0.0,-0.7656341,1.634148,-1.012351,1.0,1.0,1.0,0.1555697,0.1386889,0.9780406,-0.001536271,-0.004166039,-0.02065485,34.63334,2142.0,0.175,0.104
25.0,0.2264959,0.1576497,1.000098,0.09671216,0.1242408,1.000065,0.1616036,0.1409452,1.000081,0.0795905,-0.07404862,-0.9940736,0.0,0.02922023,0.9969819,-0.07192574,0.0,-0.9963993,0.02332245,-0.081514,0.0,-0.995472,-1.662408,-0.7260888,1.0,0.07959048,0.02922023,-0.9963992,0.0,-0.07404862,0.9969819,0.02332245,0.0,-0.9940735,-0.07192575,-0.08151399,0.0,-0.7656544,1.634254,-1.012302,1.0,1.0,1.0,0.1562919,0.1390277,0.9778773,-0.001536271,-0.004174019,-0.02064184,34.64444,2143.0,0.175,0.104
25.0,0.227018,0.1591514,0.9999753,0.09685124,0.1207726,0.9999403,0.1619341,0.1399616,0.9999577,0.07918531,-0.07439417,-0.9940802,0.0,0.02889279,0.9969637,-0.07230847,0.0,-0.9964412,0.02299597,-0.08109432,0.0,-0.9954179,-1.663095,-0.7248797,1.0,0.07918528,0.02889278,-0.9964409,0.0,-0.07439417,0.9969637,0.02299597,0.0,-0.99408,-0.07230846,-0.08109432,0.0,-0.7654905,1.634391,-1.012414,1.0,1.0,1.0,0.1566403,0.1381185,0.9779505,-0.001536378,-0.004179428,-0.02063505,34.66667,2144.0,0.175,0.104
25.0,0.2332031,0.1489337,1.000003,0.09668001,0.1206628,1.00001,0.1649418,0.1347984,1.000007,0.07928234,-0.07463759,-0.9940542,0.0,0.02902735,0.9969431,-0.07253938,0.0,-0.9964296,0.02310365,-0.08120656,0.0,-0.995573,-1.663145,-0.7245883,1.0,0.07928237,0.02902734,-0.9964294,0.0,-0.07463758,0.9969431,0.02310366,0.0,-0.994054,-0.07253937,-0.08120649,0.0,-0.7654815,1.634398,-1.012435,1.0,1.0,1.0,0.1595397,0.1332355,0.9781592,-0.001522744,-0.004220284,-0.02061005,34.67778,2145.0,0.175,0.104
25.0,0.2280854,0.1508282,1.000027,0.09765149,0.1207717,1.000011,0.1628682,0.1357998,1.000019,0.07895386,-0.07510979,-0.9940446,0.0,0.0292168,0.9969035,-0.0730052,0.0,-0.99645,0.02327876,-0.08090383,0.0,-0.9961556,-1.663217,-0.7233777,1.0,0.07895385,0.02921679,-0.9964501,0.0,-0.07510979,0.9969035,0.02327876,0.0,-0.9940447,-0.0730052,-0.08090386,0.0,-0.7653434,1.634361,-1.012426,1.0,1.0,1.0,0.1575767,0.1342419,0.9783398,-0.001518601,-0.00424353,-0.02060185,34.7,2146.0,0.175,0.104
25.0,0.2262928,0.1509206,0.9999311,0.09894,0.1201464,0.9999381,0.1626166,0.1355332,0.9999346,0.07902956,-0.07524543,-0.9940284,0.0,0.0293474,0.9968906,-0.07312885,0.0,-0.9964403,0.02339281,-0.08099204,0.0,-0.9962088,-1.663178,-0.7231839,1.0,0.07902951,0.02934739,-0.9964401,0.0,-0.07524543,0.9968907,0.02339281,0.0,-0.9940283,-0.07312885,-0.08099208,0.0,-0.7652819,1.634357,-1.012328,1.0,1.0,1.0,0.1573542,0.1340137,0.9784068,-0.001513718,-0.004251419,-0.02060533,34.71111,2147.0,0.175,0.104
25.0,0.2266009,0.1508629,1.000234,0.1008464,0.1256049,1.000198,0.1637233,0.1382337,1.000216,0.07843792,-0.07555157,-0.9940521,0.0,0.02946563,0.9968643,-0.07344025,0.0,-0.9964834,0.02352986,-0.08041817,0.0,-0.9968001,-1.663184,-0.7222078,1.0,0.07843796,0.02946563,-0.9964834,0.0,-0.07555158,0.9968643,0.02352986,0.0,-0.9940521,-0.07344025,-0.08041813,0.0,-0.7653814,1.634301,-1.012239,1.0,1.0,1.0,0.1582818,0.1365256,0.9779099,-0.001506713,-0.004285088,-0.02062097,34.73333,2148.0,0.175,0.104
25.0,0.2297544,0.153001,1.000084,0.09816736,0.1212088,1.000032,0.1639598,0.1371044,1.000058,0.07807535,-0.07557479,-0.9940789,0.0,0.02920257,0.9968681,-0.07349326,0.0,-0.9965197,0.02329164,-0.08003783,0.0,-0.9967203,-1.663467,-0.7217457,1.0,0.07807538,0.02920257,-0.9965197,0.0,-0.07557479,0.9968681,0.02329165,0.0,-0.9940788,-0.07349326,-0.0800378,0.0,-0.7653689,1.63432,-1.012273,1.0,1.0,1.0,0.1585452,0.1354821,0.9780123,-0.001502015,-0.004288338,-0.02062212,34.74445,2149.0,0.175,0.104
25.0,0.2299192,0.1521978,1.000017,0.09852241,0.1172693,0.9999446,0.1642194,0.1347326,0.9999808,0.07672089,-0.0748941,-0.9942359,0.0,0.02919122,0.9969161,-0.07284344,0.0,-0.9966253,0.02343433,-0.0786705,0.0,-0.9979141,-1.662837,-0.7213867,1.0,0.07672084,0.02919121,-0.9966252,0.0,-0.07489409,0.9969162,0.02343434,0.0,-0.9942356,-0.07284345,-0.07867054,0.0,-0.7652041,1.634291,-1.012331,1.0,1.0,1.0,0.1588436,0.1332541,0.9782699,-0.001497956,-0.004287972,-0.02062357,34.76667,2150.0,0.175,0.104
25.0,0.2297313,0.1513127,1.000041,0.09804982,0.1156584,0.9999586,0.1638893,0.1334848,0.9999999,0.07583833,-0.07403536,-0.9943678,0.0,0.02939845,0.9969722,-0.07198711,0.0,-0.9966866,0.02377349,-0.07778525,0.0,-0.9990121,-1.661863,-0.7219658,1.0,0.07583835,0.02939845,-0.9966866,0.0,-0.07403536,0.9969722,0.02377349,0.0,-0.9943678,-0.07198712,-0.07778523,0.0,-0.7651727,1.634229,-1.012352,1.0,1.0,1.0,0.1585571,0.1320826,0.9784752,-0.001497956,-0.0042873,-0.02062476,34.77778,2151.0,0.175,0.104
25.0,0.228853,0.1513221,1.000073,0.09715725,0.1153352,1.000041,0.1630045,0.1333283,1.000057,0.07542002,-0.07344468,-0.9944434,0.0,0.02955927,0.9970102,-0.07139244,0.0,-0.9967136,0.02401059,-0.07736552,0.0,-0.999597,-1.661149,-0.722642,1.0,0.07542003,0.02955926,-0.9967136,0.0,-0.07344467,0.9970101,0.0240106,0.0,-0.9944434,-0.07139243,-0.0773655,0.0,-0.7652394,1.634138,-1.012334,1.0,1.0,1.0,0.1577245,0.1319462,0.9786282,-0.001497818,-0.004287789,-0.02062454,34.78889,2152.0,0.175,0.104
25.0,0.228278,0.1511897,0.9999515,0.09704551,0.1154771,0.9999057,0.1626611,0.1333331,0.9999286,0.0745334,-0.07276113,-0.9945605,0.0,0.02964359,0.9970555,-0.07072214,0.0,-0.9967778,0.02421118,-0.07647085,0.0,-1.00051,-1.660493,-0.7227669,1.0,0.07453341,0.02964359,-0.9967778,0.0,-0.07276113,0.9970555,0.02421119,0.0,-0.9945604,-0.07072214,-0.07647084,0.0,-0.7650833,1.634147,-1.012354,1.0,1.0,1.0,0.1574219,0.1319737,0.9786732,-0.001497582,-0.004288376,-0.02062538,34.81111,2153.0,0.175,0.104
25.0,0.227083,0.150694,1.00003,0.09619766,0.1157801,0.9999929,0.1616397,0.1332366,1.000012,0.07427377,-0.07284626,-0.9945738,0.0,0.0296095,0.9970498,-0.07081641,0.0,-0.9967983,0.02418901,-0.07621163,0.0,-1.000655,-1.660576,-0.722318,1.0,0.07427381,0.02960949,-0.9967982,0.0,-0.07284625,0.9970497,0.02418903,0.0,-0.9945736,-0.07081641,-0.07621157,0.0,-0.7650427,1.634154,-1.012333,1.0,1.0,1.0,0.1564548,0.1318924,0.9788392,-0.001495752,-0.004287811,-0.02062514,34.82222,2154.0,0.175,0.104
25.0,0.2262181,0.1507127,0.9999492,0.09581146,0.1170528,0.9999689,0.1610151,0.1338829,0.9999591,0.07422954,-0.07283835,-0.9945776,0.0,0.02909521,0.9970626,-0.07084884,0.0,-0.9968168,0.02367836,-0.07613075,0.0,-0.9998616,-1.66103,-0.7220824,1.0,0.07422952,0.0290952,-0.9968166,0.0,-0.07283835,0.9970627,0.02367836,0.0,-0.9945775,-0.07084884,-0.07613074,0.0,-0.7649343,1.634083,-1.012321,1.0,1.0,1.0,0.1558654,0.1325169,0.9788489,-0.001495698,-0.004283859,-0.02062321,34.84444,2155.0,0.175,0.104
25.0,0.2264108,0.150281,0.9998651,0.09398089,0.1186239,0.9999048,0.1601964,0.1344526,0.9998849,0.07447392,-0.07247545,-0.9945859,0.0,0.0287437,0.9970971,-0.07050613,0.0,-0.9968087,0.0233372,-0.07634097,0.0,-0.9990525,-1.66113,-0.7228265,1.0,0.07447393,0.02874369,-0.9968085,0.0,-0.07247544,0.9970971,0.02333721,0.0,-0.9945858,-0.07050613,-0.07634092,0.0,-0.7649007,1.634061,-1.012279,1.0,1.0,1.0,0.1550973,0.1330781,0.9788948,-0.00149459,-0.004283005,-0.02062674,34.85556,2156.0,0.175,0.104
25.0,0.2332918,0.1548702,1.000042,0.1087044,0.1149166,1.000076,0.1709986,0.1348936,1.000059,0.07470733,-0.07235733,-0.9945771,0.0,0.0287601,0.9971055,-0.07038098,0.0,-0.9967908,0.02334615,-0.07657212,0.0,-0.99884,-1.66102,-0.7233729,1.0,0.07470734,0.02876009,-0.9967906,0.0,-0.07235731,0.9971055,0.02334615,0.0,-0.9945767,-0.07038097,-0.07657208,0.0,-0.7650161,1.634027,-1.012246,1.0,1.0,1.0,0.1651906,0.1332632,0.977217,-0.001536652,-0.004294525,-0.02060781,34.86667,2157.0,0.175,0.104
25.0,0.2389324,0.1475838,0.9998409,0.1124042,0.1153892,0.9999007,0.1756694,0.131487,0.9998708,0.07533199,-0.07235876,-0.9945297,0.0,0.0289069,0.997103,-0.07035639,0.0,-0.9967394,0.02344869,-0.07720542,0.0,-0.9984768,-1.66097,-0.7239593,1.0,0.07533199,0.02890691,-0.9967394,0.0,-0.07235876,0.997103,0.02344869,0.0,-0.9945297,-0.07035639,-0.07720542,0.0,-0.7649676,1.634086,-1.012167,1.0,1.0,1.0,0.1696348,0.1299836,0.9768972,-0.001531936,-0.004294617,-0.02060053,34.88889,2158.0,0.175,0.104
25.0,0.2384162,0.1449755,0.9999655,0.1119683,0.1148817,0.9999766,0.1751924,0.1299286,0.9999711,0.07539034,-0.07230171,-0.9945295,0.0,0.02908937,0.9971028,-0.07028367,0.0,-0.9967298,0.02363152,-0.0772751,0.0,-0.9986664,-1.660741,-0.7241413,1.0,0.07539029,0.02908936,-0.9967296,0.0,-0.0723017,0.9971028,0.02363152,0.0,-0.9945293,-0.07028367,-0.0772751,0.0,-0.7649643,1.634084,-1.012113,1.0,1.0,1.0,0.1692065,0.128514,0.977166,-0.001529343,-0.004293488,-0.02059686,34.9,2159.0,0.175,0.104
25.0,0.2387181,0.1463884,0.9999185,0.1115132,0.1141992,0.9999349,0.1751161,0.1302939,0.9999266,0.07578325,-0.07232413,-0.994498,0.0,0.02948608,0.9970924,-0.07026589,0.0,-0.9966883,0.02399887,-0.07769543,0.0,-0.9988821,-1.660358,-0.7243044,1.0,0.07578322,0.02948608,-0.9966882,0.0,-0.07232412,0.9970923,0.02399887,0.0,-0.9944979,-0.07026589,-0.07769545,0.0,-0.7647047,1.63409,-1.012002,1.0,1.0,1.0,0.1691346,0.1288624,0.9771324,-0.001529069,-0.004290177,-0.0205941,34.92222,2160.0,0.175,0.104
1.0,-0.115462,-0.2003877,1.000098,-0.2113239,-0.1999429,1.000097,-0.1633931,-0.2001654,1.000098,0.07821,-0.08355629,-0.9934292,0.0,0.0338341,0.9961299,-0.08111978,0.0,-0.9963626,0.02726741,-0.08073431,0.0,-1.002038,-1.66535,-0.713194,1.0,0.07820994,0.0338341,-0.9963626,0.0,-0.08355629,0.9961299,0.02726741,0.0,-0.9934292,-0.08111978,-0.08073437,0.0,-0.7692889,1.634954,-1.010563,1.0,1.0,1.0,-0.155512,-0.185219,0.9703143,0.0003802637,-0.005107475,-0.02176234,45.41111,2820.0,-0.175,-0.246
1.0,-0.1154633,-0.200679,1.000043,-0.2126851,-0.2003094,1.000034,-0.1640745,-0.2004941,1.000039,0.07810289,-0.08357454,-0.9934362,0.0,0.03394494,0.9961252,-0.08113205,0.0,-0.9963673,0.02738548,-0.08063722,0.0,-1.002313,-1.665244,-0.7131375,1.0,0.07810291,0.03394493,-0.9963672,0.0,-0.08357453,0.9961252,0.02738548,0.0,-0.993436,-0.08113205,-0.08063717,0.0,-0.7693449,1.634956,-1.010574,1.0,1.0,1.0,-0.156143,-0.185511,0.9701571,0.0003804853,-0.005108154,-0.02176205,45.42222,2821.0,-0.175,-0.246
1.0,-0.1154954,-0.2010766,1.000203,-0.2139615,-0.2003336,1.000205,-0.1647284,-0.200705,1.000204,0.07817948,-0.08340634,-0.9934443,0.0,0.03383849,0.996142,-0.0809699,0.0,-0.9963649,0.02728646,-0.08070022,0.0,-1.002104,-1.665218,-0.7137501,1.0,0.07817949,0.03383849,-0.9963649,0.0,-0.08340633,0.996142,0.02728647,0.0,-0.993444,-0.0809699,-0.0807002,0.0,-0.7696165,1.634911,-1.010623,1.0,1.0,1.0,-0.1567195,-0.1856571,0.9700363,0.0003808206,-0.005109276,-0.02176148,45.44445,2822.0,-0.175,-0.246
1.0,-0.1149549,-0.2001951,1.000144,-0.2157022,-0.2000172,1.000154,-0.1653284,-0.200106,1.000149,0.07827944,-0.08331165,-0.9934443,0.0,0.0337263,0.996153,-0.08088131,0.0,-0.9963609,0.02717385,-0.08078808,0.0,-1.001839,-1.665252,-0.7141004,1.0,0.07827941,0.03372629,-0.9963607,0.0,-0.08331165,0.996153,0.02717385,0.0,-0.9934442,-0.08088131,-0.08078808,0.0,-0.7697304,1.634877,-1.010633,1.0,1.0,1.0,-0.1573023,-0.185097,0.970049,0.0003834004,-0.005113503,-0.02175998,45.45555,2823.0,-0.175,-0.246
1.0,-0.1160515,-0.1996352,1.000093,-0.2151388,-0.199985,1.000082,-0.1655953,-0.1998103,1.000088,0.07818353,-0.08336817,-0.9934472,0.0,0.03366587,0.9961498,-0.0809455,0.0,-0.9963706,0.02711664,-0.08068919,0.0,-1.001674,-1.665406,-0.7140141,1.0,0.07818353,0.03366585,-0.9963702,0.0,-0.08336817,0.9961498,0.02711665,0.0,-0.993447,-0.0809455,-0.08068914,0.0,-0.7698625,1.63492,-1.010491,1.0,1.0,1.0,-0.157571,-0.1848278,0.9700568,0.0003882525,-0.005114441,-0.02175989,45.46667,2824.0,-0.175,-0.246
1.0,-0.1167175,-0.1991428,0.9999219,-0.2151535,-0.2004668,0.9998931,-0.1659358,-0.1998048,0.9999075,0.07786649,-0.08327767,-0.9934796,0.0,0.03356105,0.9961593,-0.08087187,0.0,-0.9963988,0.02704501,-0.08036232,0.0,-1.001837,-1.66547,-0.7138191,1.0,0.07786649,0.03356105,-0.9963987,0.0,-0.08327767,0.9961593,0.02704501,0.0,-0.9934795,-0.08087186,-0.08036231,0.0,-0.7698515,1.634968,-1.010551,1.0,1.0,1.0,-0.1579133,-0.1848434,0.9699981,0.0003893506,-0.005115647,-0.02175947,45.48889,2825.0,-0.175,-0.246
1.0,-0.1177092,-0.1983832,1.000068,-0.2151827,-0.2004659,1.000057,-0.1664461,-0.1994246,1.000062,0.07775909,-0.08319147,-0.9934953,0.0,0.03341522,0.99617,-0.0808001,0.0,-0.9964121,0.02691491,-0.08024114,0.0,-1.001708,-1.665556,-0.7138929,1.0,0.07775909,0.03341521,-0.996412,0.0,-0.08319146,0.99617,0.02691492,0.0,-0.9934952,-0.0808001,-0.08024113,0.0,-0.7699172,1.634966,-1.010569,1.0,1.0,1.0,-0.1583761,-0.1844537,0.9699968,0.0003916398,-0.005116051,-0.02175923,45.5,2826.0,-0.175,-0.246
1.0,-0.1175456,-0.1948139,1.000057,-0.2152444,-0.2004152,1.000042,-0.1663952,-0.1976145,1.00005,0.07747811,-0.08293663,-0.9935386,0.0,0.03338737,0.9961909,-0.08055443,0.0,-0.996435,0.02693042,-0.079952,0.0,-1.001974,-1.665326,-0.7139704,1.0,0.07747807,0.03338735,-0.9964347,0.0,-0.08293661,0.9961908,0.02693043,0.0,-0.9935384,-0.08055443,-0.079952,0.0,-0.7698425,1.634922,-1.010637,1.0,1.0,1.0,-0.158382,-0.1827958,0.9703096,0.0003928756,-0.00511689,-0.02175893,45.52222,2827.0,-0.175,-0.246
1.0,-0.1196849,-0.1947343,0.9999425,-0.2153915,-0.2004163,0.9999318,-0.1675383,-0.1975753,0.9999371,0.07736719,-0.08294392,-0.9935465,0.0,0.03338366,0.9961901,-0.08056505,0.0,-0.9964437,0.02693512,-0.07984143,0.0,-1.002062,-1.665324,-0.7138044,1.0,0.07736722,0.03338366,-0.9964436,0.0,-0.08294392,0.9961902,0.02693513,0.0,-0.9935464,-0.08056505,-0.07984139,0.0,-0.7697996,1.634924,-1.010634,1.0,1.0,1.0,-0.159458,-0.1827472,0.9701426,0.0003932873,-0.005117043,-0.02175888,45.53333,2828.0,-0.175,-0.246
1.0,-0.1191921,-0.1947424,1.000049,-0.2157996,-0.1990983,1.000029,-0.1674961,-0.1969204,1.000039,0.07713789,-0.08278438,-0.9935777,0.0,0.03345382,0.9962007,-0.0804057,0.0,-0.9964591,0.02703664,-0.07961428,0.0,-1.00237,-1.665112,-0.7139026,1.0,0.07713791,0.03345382,-0.9964591,0.0,-0.08278438,0.9962007,0.02703664,0.0,-0.9935777,-0.0804057,-0.07961427,0.0,-0.7698421,1.634917,-1.010639,1.0,1.0,1.0,-0.1594228,-0.1821299,0.9702645,0.0003943099,-0.005116959,-0.02175874,45.54445,2829.0,-0.175,-0.246
1.0,-0.1192728,-0.1950559,1.000231,-0.2157354,-0.1992113,1.000202,-0.1675044,-0.1971337,1.000216,0.07651919,-0.08275243,-0.9936282,0.0,0.03340784,0.9962031,-0.08039415,0.0,-0.9965083,0.02704327,-0.0789932,0.0,-1.002808,-1.665047,-0.7136121,1.0,0.07651914,0.03340783,-0.9965082,0.0,-0.08275242,0.9962032,0.02704328,0.0,-0.993628,-0.08039415,-0.07899322,0.0,-0.7701176,1.634857,-1.010649,1.0,1.0,1.0,-0.1593986,-0.1822966,0.9702371,0.0003941264,-0.005116104,-0.02175837,45.56667,2830.0,-0.175,-0.246
1.0,-0.1192188,-0.1936714,1.000008,-0.2157306,-0.198187,1.0,-0.1674747,-0.1959293,1.000004,0.07645333,-0.08296451,-0.9936156,0.0,0.03335661,0.9961872,-0.08061262,0.0,-0.9965152,0.02698053,-0.07892925,0.0,-1.002795,-1.665237,-0.7132387,1.0,0.07645331,0.0333566,-0.9965149,0.0,-0.08296449,0.9961872,0.02698054,0.0,-0.9936154,-0.08061263,-0.07892922,0.0,-0.7701735,1.634842,-1.010667,1.0,1.0,1.0,-0.1594366,-0.181228,0.970431,0.0003950652,-0.00511554,-0.02175726,45.57778,2831.0,-0.175,-0.246
1.0,-0.1195144,-0.1946796,0.9999513,-0.2172584,-0.1975232,0.9999253,-0.1683866,-0.1961013,0.9999383,0.07616419,-0.08336414,-0.9936044,0.0,0.03349809,0.9961502,-0.08100996,0.0,-0.9965325,0.02711377,-0.07866353,0.0,-1.003311,-1.665475,-0.7124627,1.0,0.07616419,0.03349807,-0.9965323,0.0,-0.08336413,0.9961503,0.02711378,0.0,-0.9936042,-0.08100996,-0.0786635,0.0,-0.7703304,1.634956,-1.010719,1.0,1.0,1.0,-0.1602861,-0.1813721,0.9702641,0.0003957367,-0.005115318,-0.02175684,45.6,2832.0,-0.175,-0.246
1.0,-0.119175,-0.1947746,0.9999789,-0.2181692,-0.1975645,0.9999841,-0.168672,-0.1961695,0.9999815,0.07620758,-0.0834948,-0.9935901,0.0,0.03365411,0.9961354,-0.08112745,0.0,-0.9965239,0.02725585,-0.07872301,0.0,-1.003596,-1.665395,-0.712315,1.0,0.07620756,0.0336541,-0.9965238,0.0,-0.08349478,0.9961354,0.02725586,0.0,-0.9935898,-0.08112745,-0.07872299,0.0,-0.7703191,1.634945,-1.010791,1.0,1.0,1.0,-0.1605431,-0.1814197,0.9702128,0.0003969269,-0.005115128,-0.02175623,45.61111,2833.0,-0.175,-0.246
1.0,-0.1187904,-0.1935353,1.000053,-0.2186253,-0.197295,1.000071,-0.1687078,-0.1954152,1.000062,0.0761463,-0.08400206,-0.993552,0.0,0.03381898,0.9960892,-0.08162469,0.0,-0.996523,0.02738549,-0.0786894,0.0,-1.003883,-1.665614,-0.7115805,1.0,0.07614632,0.03381898,-0.9965229,0.0,-0.08400207,0.9960892,0.02738549,0.0,-0.9935518,-0.08162468,-0.07868937,0.0,-0.7704651,1.634968,-1.010773,1.0,1.0,1.0,-0.1605869,-0.1807136,0.9703372,0.0003991239,-0.005113976,-0.02175623,45.63334,2834.0,-0.175,-0.246
1.0,-0.1194285,-0.1949372,0.9999333,-0.2183633,-0.1978864,0.9999099,-0.1688961,-0.1964117,0.9999216,0.0759216,-0.08411402,-0.9935597,0.0,0.03372343,0.9960821,-0.08175063,0.0,-0.9965434,0.02729959,-0.07846075,0.0,-1.003861,-1.665843,-0.7111335,1.0,0.07592157,0.03372342,-0.9965432,0.0,-0.084114,0.9960821,0.0272996,0.0,-0.9935595,-0.08175062,-0.07846074,0.0,-0.7704595,1.635035,-1.01071,1.0,1.0,1.0,-0.1607566,-0.1816486,0.9701346,0.0004013134,-0.005112259,-0.02175616,45.64445,2835.0,-0.175,-0.246
1.0,-0.1190991,-0.1949804,1.000041,-0.2184801,-0.1981493,1.000047,-0.1687893,-0.1965647,1.000044,0.07597941,-0.08420964,-0.9935471,0.0,0.03380975,0.996072,-0.0818381,0.0,-0.9965361,0.02737357,-0.07852805,0.0,-1.003977,-1.665832,-0.7110997,1.0,0.07597939,0.03380975,-0.996536,0.0,-0.08420963,0.9960719,0.02737357,0.0,-0.9935471,-0.0818381,-0.07852807,0.0,-0.7705086,1.635038,-1.01074,1.0,1.0,1.0,-0.1606369,-0.1817718,0.9701313,0.0004027635,-0.005111893,-0.02175616,45.65556,2836.0,-0.175,-0.246
