flag,xl,yl,zl,xr,yr,zr,xc,yc,zc,mat_00,mat_10,mat_20,mat_30,mat_01,mat_11,mat_21,mat_31,mat_02,mat_12,mat_22,mat_32,mat_03,mat_13,mat_23,mat_33,ctw_00,ctw_10,ctw_20,ctw_30,ctw_01,ctw_11,ctw_21,ctw_31,ctw_02,ctw_12,ctw_22,ctw_32,ctw_03,ctw_13,ctw_23,ctw_33,opennessl,opennessr,ray_x,ray_y,ray_z,eye_x,eye_y,eye_z,time,frame
25,0.2445047,0.1746914,1.000176,0.05529827,0.147869,1.000131,0.1499001,0.16128,1.000153,-0.1094973,0.0381028,-0.9932565,0,0.01221494,0.9992411,0.0369858,0,-0.993912,0.008082726,0.1098797,0,-0.9831054,-1.617427,-0.9493505,1,-0.1094974,0.01221494,-0.993912,0,0.03810281,0.9992411,0.008082725,0,-0.9932566,0.0369858,0.1098796,0,-0.9889675,1.663321,-0.8597328,1,1.0,1.0,0.1415555,0.1568296,0.9774286,0.002869179,-0.001615578,-0.01508112,58.97778,3681
25,0.2442502,0.1745066,1.000026,0.05565493,0.1472226,0.9999964,0.1499516,0.1608644,1.000011,-0.1096314,0.03800144,-0.9932456,0,0.01235196,0.9992438,0.03686756,0,-0.9938955,0.00822669,0.1100179,0,-0.9834453,-1.617441,-0.9489958,1,-0.1096314,0.01235196,-0.9938956,0,0.03800144,0.9992439,0.008226691,0,-0.9932456,0.03686756,0.1100179,0,-0.9889373,1.663352,-0.8597292,1,1.0,1.0,0.141636,0.156472,0.9774742,0.002869179,-0.001624321,-0.0150504,58.98889,3682
25,0.2441436,0.1742506,1.000214,0.05547078,0.147012,1.000145,0.1498053,0.160631,1.00018,-0.1101354,0.03789089,-0.9931941,0,0.01231698,0.9992484,0.03675604,0,-0.9938403,0.008185009,0.1105194,0,-0.9837427,-1.617515,-0.9485248,1,-0.1101355,0.01231698,-0.9938402,0,0.03789089,0.9992483,0.008185007,0,-0.993194,0.03675603,0.1105193,0,-0.989125,1.66328,-0.8596132,1,1.0,1.0,0.1414829,0.1562345,0.9775343,0.002868316,-0.001625969,-0.01503626,59.01111,3683
25,0.2455495,0.1746465,1.000022,0.05538039,0.1442709,1.000053,0.1504659,0.159459,1.000037,-0.1099731,0.03795166,-0.9932098,0,0.01252233,0.9992443,0.03679572,0,-0.9938558,0.008390767,0.1103652,0,-0.9838699,-1.617276,-0.9488055,1,-0.109973,0.01252233,-0.9938555,0,0.03795167,0.9992444,0.008390758,0,-0.9932097,0.03679572,0.1103652,0,-0.9891834,1.663287,-0.8595393,1,1.0,1.0,0.1421501,0.1551434,0.9776113,0.002871673,-0.001626892,-0.01501682,59.02222,3684
25,0.245231,0.1747919,0.9999869,0.05520266,0.143969,1.000039,0.1502185,0.1593808,1.000013,-0.109744,0.03792294,-0.9932364,0,0.01261073,0.9992446,0.03675897,0,-0.9938801,0.008491362,0.1101394,0,-0.983696,-1.61721,-0.9492926,1,-0.109744,0.01261073,-0.9938797,0,0.03792293,0.9992446,0.008491355,0,-0.993236,0.03675897,0.1101392,0,-0.989497,1.663288,-0.8593888,1,1.0,1.0,0.1419212,0.1550848,0.9776539,0.002873749,-0.001630234,-0.01500102,59.04445,3685
25,0.2447756,0.1756773,1.000062,0.05598344,0.1458883,1.00005,0.1503791,0.1607827,1.000056,-0.1098145,0.03792658,-0.9932283,0,0.01245217,0.9992458,0.03677962,0,-0.9938741,0.008328913,0.110204,0,-0.9834423,-1.617327,-0.9493125,1,-0.1098145,0.01245217,-0.993874,0,0.03792658,0.9992458,0.008328908,0,-0.9932283,0.03677961,0.110204,0,-0.9895405,1.663268,-0.8593292,1,1.0,1.0,0.1420363,0.1563996,0.9774277,0.002875078,-0.001637466,-0.01499794,59.05556,3686
25,0.2446547,0.1762274,0.9998762,0.05572188,0.1459722,0.9999274,0.1501898,0.1611001,0.9999018,-0.109562,0.03806467,-0.993251,0,0.01254202,0.9992399,0.03691073,0,-0.9939009,0.008413357,0.1099561,0,-0.9833173,-1.617119,-0.9497259,1,-0.109562,0.01254202,-0.9939008,0,0.03806467,0.9992398,0.008413354,0,-0.9932508,0.03691072,0.1099561,0,-0.9894951,1.663277,-0.8592862,1,1.0,1.0,0.1418716,0.1567318,0.9773984,0.002875763,-0.001644028,-0.01499114,59.06667,3687
25,0.2449626,0.1771752,0.9999861,0.05575892,0.1458873,1.000047,0.1503626,0.1615317,1.000017,-0.1089132,0.03816141,-0.9933186,0,0.01256538,0.9992359,0.037011,0,-0.9939719,0.008450447,0.1093094,0,-0.9826766,-1.616901,-0.950642,1,-0.1089131,0.01256538,-0.9939718,0,0.03816141,0.9992358,0.008450441,0,-0.9933184,0.037011,0.1093095,0,-0.9896134,1.663197,-0.8591751,1,1.0,1.0,0.1420128,0.1571318,0.9773136,0.002876205,-0.001656509,-0.01496529,59.08889,3688
25,0.2449067,0.1740335,1.0,0.05579925,0.145388,1.000042,0.1503542,0.159711,1.000021,-0.1087252,0.03825528,-0.9933355,0,0.01222476,0.9992352,0.03714443,0,-0.9939967,0.008104753,0.1091098,0,-0.9818997,-1.617112,-0.9511248,1,-0.1087252,0.01222476,-0.9939965,0,0.03825528,0.9992351,0.008104753,0,-0.9933354,0.03714443,0.1091097,0,-0.9896802,1.663207,-0.8591217,1,1.0,1.0,0.1420433,0.1554218,0.9775826,0.002876389,-0.001657173,-0.01496379,59.1,3689
25,0.2443462,0.1739578,0.9999712,0.05611609,0.1444832,1.000007,0.1502321,0.1592206,0.9999892,-0.108355,0.03816332,-0.9933796,0,0.01176197,0.9992421,0.03710559,0,-0.9940428,0.007663526,0.1087219,0,-0.9806942,-1.61764,-0.9514425,1,-0.1083551,0.01176197,-0.9940426,0,0.03816331,0.9992421,0.00766352,0,-0.9933793,0.03710558,0.1087218,0,-0.989672,1.663253,-0.8590125,1,1.0,1.0,0.1419442,0.1549736,0.9776682,0.002876389,-0.001660828,-0.01495073,59.12222,3690
25,0.2442999,0.1732706,1.000038,0.05601333,0.1437091,1.000068,0.1501577,0.1584901,1.000053,-0.1081914,0.03804068,-0.9934021,0,0.01149101,0.9992487,0.03701309,0,-0.9940638,0.007410706,0.1085472,0,-0.9800318,-1.617997,-0.9515246,1,-0.1081913,0.01149102,-0.9940636,0,0.03804068,0.9992487,0.007410699,0,-0.9934019,0.03701308,0.1085472,0,-0.9897276,1.663261,-0.858938,1,1.0,1.0,0.1418837,0.1542857,0.9777857,0.002876389,-0.001665329,-0.01493017,59.13334,3691
25,0.2444673,0.1734535,0.9999151,0.05642872,0.143554,0.9999582,0.1504491,0.1585041,0.9999366,-0.1079714,0.03800118,-0.9934275,0,0.01122195,0.9992521,0.03700432,0,-0.9940907,0.007152786,0.1083171,0,-0.9793385,-1.618297,-0.9517022,1,-0.1079714,0.01122195,-0.9940906,0,0.03800118,0.9992521,0.007152787,0,-0.9934275,0.03700432,0.1083171,0,-0.9896904,1.663293,-0.8588902,1,1.0,1.0,0.1421744,0.1543111,0.9777395,0.002876389,-0.001666092,-0.01492799,59.14445,3692
25,0.2443338,0.1739273,1.000033,0.05592576,0.14315,1.000074,0.150131,0.1585389,1.000053,-0.1077359,0.03783561,-0.9934593,0,0.01135175,0.9992573,0.03682537,0,-0.9941147,0.007310091,0.1080853,0,-0.9792603,-1.618335,-0.9517104,1,-0.1077358,0.01135175,-0.9941148,0,0.03783561,0.9992573,0.007310088,0,-0.9934594,0.03682538,0.1080854,0,-0.9897564,1.663296,-0.8588011,1,1.0,1.0,0.1418608,0.1543342,0.9777814,0.002873863,-0.001666275,-0.01492347,59.16667,3693
25,0.2452257,0.1732544,1.000097,0.05372746,0.1407768,1.000081,0.1494761,0.1570156,1.000089,-0.1078062,0.03786874,-0.9934506,0,0.01166527,0.9992537,0.03682407,0,-0.9941036,0.007619012,0.1081675,0,-0.9797635,-1.618086,-0.9517056,1,-0.1078062,0.01166528,-0.9941034,0,0.03786873,0.9992537,0.007619007,0,-0.9934503,0.03682406,0.1081675,0,-0.989822,1.663353,-0.8587143,1,1.0,1.0,0.1412761,0.1529111,0.9780896,0.002867294,-0.001667793,-0.01492055,59.17778,3694
25,0.2448995,0.1731113,1.0001,0.0532268,0.1387106,1.000103,0.1490632,0.155911,1.000102,-0.1076989,0.03745927,-0.9934776,0,0.01200695,0.999266,0.0363759,0,-0.9941111,0.008010997,0.1080697,0,-0.9801301,-1.618105,-0.9514353,1,-0.1076989,0.01200696,-0.994111,0,0.03745927,0.9992661,0.008010997,0,-0.9934776,0.0363759,0.1080696,0,-0.9901755,1.663296,-0.8585742,1,1.0,1.0,0.1409122,0.1518726,0.9783038,0.00286171,-0.001662583,-0.014924,59.2,3695
25,0.2448747,0.1735902,1.000237,0.05387822,0.1390734,1.000233,0.1493764,0.1563318,1.000235,-0.1076846,0.03727298,-0.9934863,0,0.01204194,0.9992726,0.03618484,0,-0.9941123,0.008066953,0.1080551,0,-0.9801058,-1.618228,-0.9513452,1,-0.1076846,0.01204194,-0.9941121,0,0.03727298,0.9992726,0.00806695,0,-0.993486,0.03618484,0.1080551,0,-0.9903743,1.663277,-0.8584831,1,1.0,1.0,0.1411861,0.1522443,0.9782066,0.002856201,-0.001664474,-0.01492867,59.21111,3696
25,0.2451717,0.1736879,0.99989,0.05210228,0.1383134,0.9999131,0.1486377,0.1560009,0.9999015,-0.1076223,0.03728161,-0.9934926,0,0.01239448,0.9992693,0.03615573,0,-0.9941146,0.008422666,0.1080058,0,-0.9805627,-1.617951,-0.9513624,1,-0.1076223,0.01239449,-0.9941146,0,0.03728162,0.9992693,0.008422664,0,-0.9934926,0.03615573,0.1080057,0,-0.9903821,1.66332,-0.8584117,1,1.0,1.0,0.1405457,0.1519945,0.9783377,0.00284909,-0.001664261,-0.01493339,59.23333,3697
25,0.2447927,0.1731638,0.9998677,0.05342659,0.1370352,0.9998943,0.1491105,0.1550996,0.999881,-0.1074653,0.03721279,-0.9935123,0,0.01250333,0.9992709,0.03607604,0,-0.9941304,0.008545297,0.1078522,0,-0.9805626,-1.617916,-0.9512722,1,-0.1074653,0.01250334,-0.9941301,0,0.03721279,0.9992707,0.008545292,0,-0.993512,0.03607604,0.1078522,0,-0.9902697,1.663315,-0.8583844,1,1.0,1.0,0.1410146,0.1511434,0.978402,0.002847436,-0.001669006,-0.01493585,59.24445,3698
25,0.2452976,0.1733485,1.000099,0.05340318,0.1364231,1.000088,0.14935,0.1548857,1.000093,-0.1075221,0.0371877,-0.9935069,0,0.01247649,0.999272,0.03605323,0,-0.9941244,0.008518962,0.1079078,0,-0.9804498,-1.617917,-0.9512628,1,-0.1075221,0.01247649,-0.9941244,0,0.0371877,0.999272,0.008518961,0,-0.993507,0.03605323,0.1079078,0,-0.9903396,1.663268,-0.8582574,1,1.0,1.0,0.1412172,0.1509077,0.9784092,0.002847306,-0.001670105,-0.01493474,59.25556,3699
25,0.2452527,0.1715178,1.00002,0.05314848,0.1366962,1.000036,0.1492011,0.1541072,1.000028,-0.1073347,0.03759369,-0.9935119,0,0.01287002,0.9992537,0.03642053,0,-0.9941397,0.00887733,0.1077385,0,-0.9808543,-1.617099,-0.9522125,1,-0.1073348,0.01287002,-0.9941397,0,0.03759369,0.9992537,0.00887733,0,-0.9935119,0.03642054,0.1077385,0,-0.9905216,1.663195,-0.8581608,1,1.0,1.0,0.1411019,0.1501885,0.9785365,0.002846642,-0.001672173,-0.01493382,59.27778,3700
25,0.2456374,0.1725699,1.000258,0.05368018,0.136377,1.000236,0.1496581,0.1544734,1.000247,-0.1074619,0.03768037,-0.993495,0,0.0129095,0.9992502,0.03650229,0,-0.9941255,0.008902923,0.1078677,0,-0.980961,-1.616932,-0.9524616,1,-0.1074618,0.0129095,-0.9941252,0,0.03768037,0.9992502,0.008902915,0,-0.9934948,0.03650228,0.1078678,0,-0.990755,1.66315,-0.8580627,1,1.0,1.0,0.1414979,0.1504973,0.9784319,0.002846642,-0.001675484,-0.0149276,59.28889,3701
25,0.246457,0.1722287,1.00007,0.05327596,0.1335589,1.000092,0.1498672,0.152894,1.000081,-0.1074861,0.03821889,-0.9934719,0,0.01324814,0.9992272,0.03700695,0,-0.9941185,0.009183927,0.1079094,0,-0.9814174,-1.616011,-0.9534779,1,-0.1074862,0.01324815,-0.9941182,0,0.03821887,0.9992271,0.009183923,0,-0.9934716,0.03700694,0.1079094,0,-0.9909799,1.663049,-0.8579144,1,1.0,1.0,0.1417499,0.1490335,0.9786195,0.002846635,-0.001680817,-0.01492572,59.31111,3702
25,0.2469739,0.1727836,0.9999515,0.05317965,0.1317048,0.9999291,0.1500761,0.1522439,0.9999403,-0.1076716,0.03860692,-0.9934367,0,0.0134449,0.9992109,0.03737412,0,-0.9940957,0.009332526,0.1081058,0,-0.9818752,-1.615499,-0.9538524,1,-0.1076717,0.0134449,-0.9940954,0,0.03860692,0.9992109,0.009332522,0,-0.9934366,0.03737412,0.1081057,0,-0.9909425,1.663074,-0.8578842,1,1.0,1.0,0.1419794,0.1484393,0.9786764,0.002846666,-0.001683968,-0.01492383,59.32222,3703
25,0.2480841,0.1730908,1.00001,0.05327277,0.1315804,0.9999467,0.1506763,0.152335,0.9999782,-0.1080508,0.03879181,-0.9933884,0,0.01379687,0.9992007,0.03751811,0,-0.9940497,0.009651789,0.1084996,0,-0.9826916,-1.61507,-0.9537429,1,-0.1080508,0.01379687,-0.9940495,0,0.03879181,0.9992006,0.009651786,0,-0.9933882,0.0375181,0.1084996,0,-0.990966,1.663119,-0.857775,1,1.0,1.0,0.1425409,0.14851,0.9785841,0.002845665,-0.001686081,-0.01492056,59.34444,3704
25,0.2487394,0.1733153,1.00014,0.05397999,0.1316261,1.00012,0.1513588,0.1524707,1.00013,-0.1080594,0.03833545,-0.9934052,0,0.01379211,0.9992179,0.03705951,0,-0.994049,0.009696529,0.1085037,0,-0.9827199,-1.615516,-0.9530518,1,-0.1080594,0.01379212,-0.9940486,0,0.03833545,0.9992178,0.009696522,0,-0.9934048,0.0370595,0.1085036,0,-0.9910268,1.663126,-0.8577969,1,1.0,1.0,0.1431628,0.1486041,0.978479,0.002845665,-0.001687294,-0.01491784,59.35556,3705
25,0.2497019,0.1730463,1.000214,0.05536944,0.1318492,1.000157,0.1525336,0.1524471,1.000185,-0.1083022,0.03808852,-0.9933882,0,0.01372531,0.9992278,0.03681605,0,-0.9940233,0.009647299,0.1087414,0,-0.9827837,-1.615834,-0.9525377,1,-0.1083022,0.01372531,-0.9940231,0,0.03808851,0.9992278,0.009647295,0,-0.993388,0.03681605,0.1087414,0,-0.9911324,1.663144,-0.8577411,1,1.0,1.0,0.1442652,0.1485514,0.9783251,0.002845658,-0.001688202,-0.01491468,59.36667,3706
25,0.2497928,0.1729937,1.000173,0.05533968,0.1336737,1.000127,0.1525647,0.1533334,1.00015,-0.1087093,0.03692686,-0.9933876,0,0.01336411,0.9992738,0.0356832,0,-0.9939839,0.009396645,0.1091239,0,-0.9825212,-1.617373,-0.950426,1,-0.1087094,0.01336411,-0.9939836,0,0.03692685,0.9992738,0.00939664,0,-0.9933873,0.03568319,0.1091239,0,-0.9912259,1.663243,-0.8576979,1,1.0,1.0,0.1442817,0.1493929,0.9781945,0.002845727,-0.00168953,-0.01490752,59.38889,3707
25,0.2497143,0.1729502,1.000143,0.05503045,0.1331219,1.000103,0.1523712,0.1530358,1.000123,-0.1088142,0.03644274,-0.993394,0,0.01329638,0.9992917,0.03520264,0,-0.9939733,0.009378003,0.1092217,0,-0.9824777,-1.617952,-0.9495829,1,-0.1088142,0.01329639,-0.9939731,0,0.03644273,0.9992917,0.009377995,0,-0.9933938,0.03520264,0.1092217,0,-0.9912546,1.663297,-0.8576681,1,1.0,1.0,0.14411,0.1491215,0.9782612,0.002845727,-0.00168953,-0.01490011,59.4,3708
25,0.2499628,0.1733163,1.000312,0.05494758,0.1317317,1.000285,0.1524545,0.1525238,1.000299,-0.1088474,0.03573306,-0.993416,0,0.01355548,0.9993141,0.03445996,0,-0.993966,0.009715357,0.1092571,0,-0.9828625,-1.618397,-0.9487188,1,-0.1088474,0.01355548,-0.993966,0,0.03573307,0.9993142,0.009715359,0,-0.9934161,0.03445996,0.1092571,0,-0.9916243,1.663303,-0.8575543,1,1.0,1.0,0.1441789,0.1486194,0.9783275,0.002845727,-0.001692528,-0.01487213,59.42222,3709
25,0.2499608,0.1745854,1.000077,0.054976,0.1315894,1.000066,0.1524681,0.1530875,1.000071,-0.1088871,0.03569061,-0.9934134,0,0.01369503,0.9993142,0.03440152,0,-0.99396,0.00985895,0.1093012,0,-0.9830881,-1.618319,-0.9486366,1,-0.1088871,0.01369504,-0.9939597,0,0.03569061,0.9993143,0.009858944,0,-0.993413,0.03440151,0.1093012,0,-0.9916748,1.663307,-0.857508,1,1.0,1.0,0.1442116,0.149184,0.9782368,0.002845887,-0.00169352,-0.01486682,59.43333,3710
25,0.2492184,0.1743035,1.000035,0.05319685,0.1317359,1.000016,0.151207,0.1530195,1.000025,-0.1092283,0.03571256,-0.993375,0,0.01353818,0.9993151,0.03443749,0,-0.9939246,0.009686947,0.109637,0,-0.9830453,-1.618368,-0.9485121,1,-0.1092283,0.01353819,-0.9939244,0,0.03571254,0.9993151,0.009686944,0,-0.9933748,0.03443749,0.1096369,0,-0.9918084,1.663232,-0.8574038,1,1.0,1.0,0.143028,0.1491538,0.9784151,0.002847344,-0.001694397,-0.01486169,59.45556,3711
25,0.2492151,0.1730101,0.9999077,0.05296791,0.130111,0.9999053,0.1510914,0.1515604,0.9999065,-0.1093297,0.03608149,-0.9933505,0,0.01339788,0.9993037,0.03482313,0,-0.9939153,0.009501595,0.109737,0,-0.9828925,-1.618158,-0.9489939,1,-0.1093297,0.01339789,-0.9939151,0,0.03608148,0.9993036,0.009501589,0,-0.9933503,0.03482313,0.109737,0,-0.9917573,1.663247,-0.8573969,1,1.0,1.0,0.1429642,0.1477981,0.9786301,0.002847848,-0.001695267,-0.01486127,59.46667,3712
25,0.2500219,0.173293,1.000102,0.05170463,0.1269051,1.000049,0.1508615,0.1500986,1.000075,-0.1095777,0.03596808,-0.9933274,0,0.01319417,0.9993097,0.0347292,0,-0.9938908,0.00930059,0.1099766,0,-0.9827634,-1.618427,-0.9486343,1,-0.1095777,0.01319417,-0.9938904,0,0.03596807,0.9993096,0.009300583,0,-0.993327,0.03472919,0.1099765,0,-0.9917814,1.663222,-0.8573793,1,1.0,1.0,0.1427528,0.1464037,0.9788706,0.002849189,-0.001699181,-0.01486086,59.47778,3713
25,0.2492129,0.1745076,0.9999569,0.05088542,0.1241584,0.9999663,0.1500494,0.1493329,0.9999616,-0.1096537,0.03623518,-0.9933092,0,0.01335478,0.9992988,0.03497941,0,-0.9938802,0.009429807,0.1100607,0,-0.983172,-1.618043,-0.9487925,1,-0.1096537,0.01335478,-0.99388,0,0.03623518,0.9992988,0.009429804,0,-0.9933092,0.03497941,0.1100607,0,-0.9916226,1.663227,-0.8574724,1,1.0,1.0,0.1420157,0.1457153,0.9790805,0.002849243,-0.00170208,-0.01486233,59.5,3714
25,0.2491279,0.1706741,1.000049,0.05065733,0.1214959,0.9999912,0.1498906,0.1460844,1.00002,-0.1099278,0.0361905,-0.9932805,0,0.01343779,0.9992996,0.03492263,0,-0.9938488,0.009508528,0.110337,0,-0.9835344,-1.617976,-0.9484032,1,-0.1099277,0.01343779,-0.9938486,0,0.0361905,0.9992996,0.009508524,0,-0.9932805,0.03492263,0.1103371,0,-0.9915927,1.66318,-0.8574557,1,1.0,1.0,0.141922,0.1426445,0.9795462,0.002849243,-0.001706207,-0.01486253,59.51111,3715
25,0.2491474,0.1691726,0.9999705,0.04974203,0.1206703,0.9999512,0.1494441,0.1449213,0.9999608,-0.1101203,0.0365335,-0.9932467,0,0.01358369,0.9992862,0.03524964,0,-0.9938256,0.009610253,0.110538,0,-0.9839191,-1.617501,-0.9487033,1,-0.1101203,0.01358369,-0.9938254,0,0.0365335,0.9992862,0.00961025,0,-0.9932465,0.03524963,0.1105379,0,-0.9915528,1.663153,-0.8574316,1,1.0,1.0,0.1415246,0.1415577,0.9797613,0.002849456,-0.001707352,-0.01489899,59.53334,3716
25,0.2496974,0.1669553,0.9999356,0.04884127,0.1196141,0.9999827,0.149271,0.1432852,0.9999591,-0.1099722,0.03688942,-0.9932499,0,0.01356513,0.9992737,0.03561122,0,-0.9938421,0.009557321,0.1103927,0,-0.9837434,-1.617146,-0.9494654,1,-0.1099721,0.01356513,-0.993842,0,0.03688942,0.9992736,0.009557317,0,-0.9932499,0.03561122,0.1103928,0,-0.9915851,1.663127,-0.8574159,1,1.0,1.0,0.1413924,0.1400096,0.9800029,0.00284916,-0.001704437,-0.01490234,59.54445,3717
25,0.2499262,0.1673347,1.000012,0.04891872,0.1194594,0.9999751,0.1494213,0.1433968,0.9999934,-0.110224,0.03714875,-0.9932122,0,0.01341821,0.9992658,0.03588605,0,-0.9938161,0.009371627,0.1106416,0,-0.9837521,-1.617042,-0.9496679,1,-0.1102241,0.01341821,-0.9938163,0,0.03714876,0.9992658,0.009371629,0,-0.9932123,0.03588606,0.1106416,0,-0.9915839,1.663135,-0.8574418,1,1.0,1.0,0.141527,0.1401067,0.9799694,0.00284916,-0.001704506,-0.01490799,59.55556,3718
25,0.2486247,0.1654804,0.9997795,0.04786074,0.1185707,0.9997575,0.1482419,0.1420251,0.9997685,-0.1105976,0.03832375,-0.9931263,0,0.01313986,0.9992253,0.03709581,0,-0.9937786,0.008946831,0.1110156,0,-0.9836112,-1.616096,-0.9510521,1,-0.1105976,0.01313986,-0.9937782,0,0.03832374,0.9992253,0.008946828,0,-0.9931259,0.03709581,0.1110155,0,-0.9913647,1.663049,-0.857451,1,1.0,1.0,0.1404665,0.1388655,0.9802987,0.002850342,-0.001709084,-0.01490173,59.58889,3719
25,0.2484052,0.1655339,1.00017,0.04909591,0.118107,1.000152,0.14875,0.1418202,1.000161,-0.1106881,0.03863879,-0.9931038,0,0.01323559,0.9992127,0.03740127,0,-0.9937671,0.009004445,0.1111124,0,-0.9837694,-1.615623,-0.9515927,1,-0.1106881,0.01323559,-0.993767,0,0.03863878,0.9992127,0.009004444,0,-0.9931038,0.03740127,0.1111123,0,-0.9914962,1.662963,-0.8573561,1,1.0,1.0,0.1408976,0.138609,0.9802731,0.00285222,-0.001708183,-0.01490109,59.61111,3720
25,0.2480478,0.1661952,0.9999516,0.04855426,0.1188203,0.9999397,0.1483007,0.1425076,0.9999456,-0.1107707,0.0387853,-0.993089,0,0.01342492,0.9992055,0.03752676,0,-0.9937554,0.009175276,0.1112033,0,-0.9841521,-1.615366,-0.951659,1,-0.1107706,0.01342492,-0.9937552,0,0.0387853,0.9992055,0.009175272,0,-0.9930888,0.03752675,0.1112034,0,-0.9914445,1.663007,-0.8573573,1,1.0,1.0,0.1404871,0.1392978,0.9802344,0.002853126,-0.001708267,-0.01489923,59.62222,3721
25,0.2481015,0.1658181,0.9999559,0.04868519,0.1191702,0.9999423,0.1483931,0.1424939,0.9999491,-0.1106678,0.03850874,-0.9931112,0,0.01323168,0.9992176,0.03727105,0,-0.9937695,0.009015824,0.1110908,0,-0.9837106,-1.615817,-0.9512294,1,-0.1106678,0.01323168,-0.9937692,0,0.03850874,0.9992176,0.009015818,0,-0.993111,0.03727105,0.1110907,0,-0.9913185,1.663023,-0.8573406,1,1.0,1.0,0.1405741,0.1392835,0.980224,0.002853837,-0.001709213,-0.01489542,59.64445,3722
25,0.2478094,0.1664378,0.9999873,0.04920308,0.1185018,0.9999984,0.1485067,0.1424699,0.9999928,-0.1105449,0.03825504,-0.9931347,0,0.01331375,0.9992263,0.03700774,0,-0.993782,0.009131327,0.1109687,0,-0.9837338,-1.616029,-0.9508922,1,-0.1105449,0.01331375,-0.9937819,0,0.03825502,0.9992262,0.009131324,0,-0.9931344,0.03700773,0.1109687,0,-0.9912894,1.663066,-0.8573411,1,1.0,1.0,0.1406755,0.1392524,0.9802139,0.002855285,-0.001708283,-0.01489293,59.65556,3723
25,0.2476848,0.1669018,1.000035,0.04912695,0.1187087,1.000002,0.1484049,0.1428049,1.000018,-0.1106751,0.03803427,-0.9931285,0,0.0129846,0.9992375,0.03682121,0,-0.9937718,0.008820185,0.1110846,0,-0.9832708,-1.616566,-0.9504508,1,-0.1106751,0.0129846,-0.9937719,0,0.03803427,0.9992375,0.008820184,0,-0.9931287,0.03682121,0.1110846,0,-0.9912588,1.663097,-0.857308,1,1.0,1.0,0.1405688,0.139568,0.9801843,0.00285579,-0.001707565,-0.01489227,59.66667,3724
25,0.248285,0.1668695,1.000022,0.0491621,0.1188246,1.000035,0.148724,0.1428472,1.000028,-0.1104193,0.0375765,-0.9931746,0,0.01283954,0.9992556,0.03637911,0,-0.9938022,0.008734949,0.1108195,0,-0.982787,-1.617137,-0.9499321,1,-0.1104192,0.01283953,-0.9938021,0,0.0375765,0.9992555,0.008734945,0,-0.9931744,0.0363791,0.1108195,0,-0.9912004,1.663109,-0.8572991,1,1.0,1.0,0.1408681,0.1396004,0.9801367,0.002856613,-0.001707466,-0.01489317,59.68889,3725
25,0.2484171,0.1675773,0.9998829,0.04973212,0.1184876,0.9999353,0.1490764,0.1430329,0.9999091,-0.1101807,0.03770797,-0.9931961,0,0.01296612,0.9992496,0.0364994,0,-0.993827,0.008856373,0.1105869,0,-0.982722,-1.616893,-0.9503136,1,-0.1101806,0.01296612,-0.9938269,0,0.03770797,0.9992496,0.008856369,0,-0.9931959,0.03649939,0.110587,0,-0.9911548,1.663107,-0.8572435,1,1.0,1.0,0.1412127,0.1397841,0.9800609,0.002858314,-0.001705971,-0.01489153,59.7,3726
25,0.2492852,0.1676443,0.9999222,0.04980026,0.1185128,0.9999803,0.1495447,0.1430791,0.9999512,-0.1098257,0.03752618,-0.9932423,0,0.01322026,0.9992538,0.03629151,0,-0.993863,0.009145189,0.1102399,0,-0.9827497,-1.616787,-0.9503467,1,-0.1098257,0.01322027,-0.9938629,0,0.03752618,0.9992537,0.009145183,0,-0.993242,0.0362915,0.1102399,0,-0.9911836,1.663062,-0.8571665,1,1.0,1.0,0.1416471,0.1398125,0.9799942,0.002860496,-0.001705093,-0.01489258,59.72223,3727
25,0.2495776,0.1675501,0.999891,0.04995783,0.1172496,0.9999213,0.1497687,0.1424002,0.9999062,-0.1097143,0.03764511,-0.9932501,0,0.01306605,0.9992508,0.03642927,0,-0.9938774,0.008981041,0.110124,0,-0.9823325,-1.616784,-0.9506258,1,-0.1097143,0.01306605,-0.9938772,0,0.03764511,0.9992508,0.008981038,0,-0.99325,0.03642927,0.1101239,0,-0.9911209,1.663038,-0.8571109,1,1.0,1.0,0.1418772,0.1391668,0.9800527,0.002860885,-0.001701286,-0.01489682,59.73333,3728
25,0.2496208,0.1675386,1.000019,0.05029954,0.1174623,1.000044,0.149961,0.1425007,1.000031,-0.1095657,0.03755927,-0.9932698,0,0.01311533,0.9992535,0.03633882,0,-0.9938931,0.009045574,0.1099765,0,-0.9822252,-1.61676,-0.9506612,1,-0.1095657,0.01311533,-0.9938929,0,0.03755927,0.9992535,0.009045571,0,-0.9932696,0.03633881,0.1099765,0,-0.9911568,1.662981,-0.8570517,1,1.0,1.0,0.1420395,0.1392394,0.9800189,0.002860864,-0.00169957,-0.01490495,59.74445,3729
25,0.2485931,0.1675135,1.000098,0.05069472,0.1172584,1.000066,0.1496431,0.1423857,1.000082,-0.10961,0.03751366,-0.9932665,0,0.01280282,0.9992579,0.03632712,0,-0.9938922,0.008734794,0.110009,0,-0.9816653,-1.617088,-0.9506224,1,-0.10961,0.01280282,-0.9938923,0,0.03751367,0.999258,0.008734794,0,-0.9932666,0.03632712,0.1100089,0,-0.991159,1.662989,-0.8569677,1,1.0,1.0,0.1417325,0.1391252,0.9800796,0.002860864,-0.001696053,-0.01491573,59.76667,3730
25,0.2484339,0.1681087,0.9999498,0.049583,0.1148669,0.9999722,0.1490093,0.141488,0.999961,-0.1094786,0.03744092,-0.9932838,0,0.01279789,0.9992606,0.03625564,0,-0.9939068,0.008742721,0.1098769,0,-0.98154,-1.617173,-0.9506044,1,-0.1094786,0.01279789,-0.9939067,0,0.03744091,0.9992605,0.00874272,0,-0.9932836,0.03625564,0.1098768,0,-0.991129,1.663004,-0.8569713,1,1.0,1.0,0.141164,0.1382947,0.9802792,0.002859658,-0.001691246,-0.01493967,59.77778,3731
25,0.2502879,0.1679492,1.000023,0.04861236,0.1148032,0.9999874,0.1494491,0.1413759,1.000005,-0.1094571,0.037372,-0.9932888,0,0.01309827,0.9992604,0.0361533,0,-0.9939053,0.009053131,0.1098658,0,-0.9819514,-1.616984,-0.9503014,1,-0.1094572,0.01309827,-0.993905,0,0.037372,0.9992603,0.009053128,0,-0.9932886,0.03615329,0.1098657,0,-0.9909753,1.663006,-0.8569221,1,1.0,1.0,0.141573,0.1381567,0.9802397,0.002856666,-0.00167936,-0.01498711,59.8,3732
25,0.25007,0.1674313,1.000043,0.04662211,0.1107403,1.000048,0.1483462,0.1390859,1.000046,-0.1094532,0.03750589,-0.9932842,0,0.01335999,0.9992531,0.03625909,0,-0.9939023,0.009301599,0.1098725,0,-0.9823228,-1.616592,-0.9505265,1,-0.1094531,0.01335999,-0.9939021,0,0.03750588,0.999253,0.009301594,0,-0.993284,0.03625909,0.1098725,0,-0.9910294,1.662974,-0.856859,1,1.0,1.0,0.1405652,0.1359899,0.9806876,0.002854621,-0.001669678,-0.01501183,59.81111,3733
25,0.2502918,0.1670966,0.9999681,0.04560865,0.109025,0.9999701,0.1479504,0.1380608,0.9999691,-0.1092867,0.03717571,-0.9933149,0,0.01373392,0.9992615,0.03588723,0,-0.9939155,0.009720111,0.1097165,0,-0.9827726,-1.616581,-0.9499785,1,-0.1092867,0.01373392,-0.9939154,0,0.03717571,0.9992614,0.009720108,0,-0.9933148,0.03588723,0.1097165,0,-0.990934,1.662976,-0.8568512,1,1.0,1.0,0.1402198,0.1350079,0.9808728,0.002846465,-0.001649887,-0.0150695,59.83334,3734
25,0.2503018,0.1670782,0.9998661,0.04430918,0.1083733,0.9998546,0.1473051,0.1377256,0.9998603,-0.1093242,0.03710449,-0.9933136,0,0.01370785,0.9992643,0.0358181,0,-0.9939117,0.009700415,0.1097524,0,-0.9827518,-1.61672,-0.9496766,1,-0.1093242,0.01370786,-0.9939115,0,0.03710449,0.9992643,0.009700407,0,-0.9933133,0.03581808,0.1097524,0,-0.9907773,1.663017,-0.8568562,1,1.0,1.0,0.1396271,0.1346994,0.9809997,0.00284272,-0.00163797,-0.0151105,59.84444,3735
25,0.250184,0.1671312,1.000012,0.04266249,0.1090348,0.9999879,0.1464223,0.1380827,0.9999998,-0.1094124,0.03696004,-0.9933091,0,0.01348459,0.9992717,0.03569658,0,-0.993905,0.009488712,0.1098311,0,-0.9824505,-1.617133,-0.9493738,1,-0.1094124,0.01348458,-0.993905,0,0.03696004,0.9992716,0.009488711,0,-0.9933091,0.03569658,0.1098311,0,-0.9907447,1.663093,-0.8568472,1,1.0,1.0,0.1387645,0.1350301,0.9810766,0.002841149,-0.001634506,-0.01513191,59.85556,3736
25,0.2501003,0.1669236,0.9999724,0.04196082,0.1081363,0.9999698,0.1460307,0.1375299,0.9999712,-0.1093034,0.03608498,-0.9933534,0,0.01303075,0.999307,0.03486742,0,-0.9939232,0.009133018,0.1096978,0,-0.9815861,-1.618338,-0.9481586,1,-0.1093033,0.01303075,-0.9939229,0,0.03608498,0.999307,0.009133011,0,-0.9933531,0.03486742,0.1096978,0,-0.9907492,1.663067,-0.8568297,1,1.0,1.0,0.1384083,0.1345117,0.9811981,0.002839005,-0.001630478,-0.01513588,59.87778,3737
25,0.250367,0.1666108,0.9999274,0.04192872,0.1081655,0.9999539,0.1461488,0.1373884,0.9999406,-0.1091716,0.03606118,-0.9933687,0,0.0130044,0.999308,0.0348476,0,-0.9939379,0.009113799,0.109565,0,-0.9814018,-1.618361,-0.9482115,1,-0.1091716,0.0130044,-0.9939377,0,0.03606117,0.999308,0.009113796,0,-0.9933686,0.03484759,0.109565,0,-0.9907047,1.663047,-0.8568121,1,1.0,1.0,0.138527,0.1343807,0.9811993,0.002839042,-0.001631607,-0.01513454,59.88889,3738
25,0.2503585,0.163321,0.9998595,0.04179409,0.1072111,0.9998902,0.1460773,0.1352665,0.9998748,-0.1091226,0.03674556,-0.993349,0,0.0129712,0.9992841,0.03554019,0,-0.9939438,0.009006688,0.1095212,0,-0.9811785,-1.617718,-0.9492902,1,-0.1091226,0.0129712,-0.9939435,0,0.03674556,0.999284,0.009006684,0,-0.9933488,0.03554018,0.1095211,0,-0.9906011,1.663024,-0.8566985,1,1.0,1.0,0.1385032,0.1323678,0.9814763,0.00283847,-0.00162735,-0.01516005,59.91111,3739
25,0.2416714,0.1734597,1.000143,0.03490517,0.1187631,1.00016,0.1382889,0.1461117,1.000152,-0.1090482,0.03677254,-0.9933562,0,0.01297165,0.9992831,0.03556795,0,-0.993952,0.009006854,0.1094471,0,-0.9810957,-1.617651,-0.9495726,1,-0.1090483,0.01297166,-0.9939516,0,0.03677253,0.9992831,0.009006848,0,-0.9933559,0.03556795,0.109447,0,-0.9907652,1.662992,-0.8566638,1,1.0,1.0,0.1307774,0.1426969,0.9810886,0.002924256,-0.001590401,-0.01534963,59.92222,3740
25,0.2513025,0.1636805,0.9999376,0.04541878,0.1159007,0.9999255,0.1483603,0.1397906,0.9999315,-0.1092099,0.03723937,-0.9933211,0,0.01305682,0.9992656,0.03602671,0,-0.9939331,0.009035143,0.1096159,0,-0.9814074,-1.617128,-0.9501272,1,-0.1092099,0.01305682,-0.9939329,0,0.03723936,0.9992654,0.009035136,0,-0.9933208,0.03602671,0.1096159,0,-0.9907396,1.662984,-0.8566931,1,1.0,1.0,0.1405784,0.136627,0.9805972,0.002846474,-0.001633164,-0.0150919,59.93333,3741
25,0.2514453,0.1700878,0.999979,0.0432788,0.1140697,0.9999759,0.147362,0.1420787,0.9999775,-0.1095781,0.03764239,-0.9932652,0,0.01330185,0.9992487,0.03640168,0,-0.9938892,0.009223429,0.1099966,0,-0.9820768,-1.616529,-0.9502957,1,-0.1095782,0.01330184,-0.9938891,0,0.0376424,0.9992487,0.009223431,0,-0.9932652,0.03640168,0.1099965,0,-0.9906598,1.66297,-0.8566363,1,1.0,1.0,0.1395875,0.1387997,0.9804336,0.00283883,-0.00162851,-0.01512182,59.95556,3742
25,0.2528339,0.1651542,1.000088,0.04254954,0.1128867,1.000012,0.1476888,0.1390195,1.00005,-0.1099186,0.0376051,-0.993229,0,0.01345313,0.9992488,0.03634419,0,-0.9938496,0.009367135,0.1103419,0,-0.9825755,-1.616422,-0.94986,1,-0.1099185,0.01345313,-0.9938495,0,0.0376051,0.9992487,0.00936713,0,-0.9932289,0.03634419,0.1103419,0,-0.9906459,1.662948,-0.8565815,1,1.0,1.0,0.1399403,0.1358751,0.9807929,0.002840095,-0.001621643,-0.01514539,59.96667,3743
25,0.2525945,0.1651787,0.9999745,0.0427815,0.1131563,0.9999473,0.1476871,0.1391671,0.9999608,-0.110139,0.0371353,-0.9932224,0,0.01406158,0.99926,0.03580175,0,-0.9938169,0.01002311,0.1105796,0,-0.983655,-1.616407,-0.9486804,1,-0.1101389,0.01406158,-0.9938166,0,0.0371353,0.9992599,0.0100231,0,-0.9932221,0.03580175,0.1105797,0,-0.9905633,1.663007,-0.8564664,1,1.0,1.0,0.1399472,0.1360235,0.9807713,0.002840081,-0.001619103,-0.01515003,59.98889,3744
25,0.2528454,0.1652733,1.000115,0.04215811,0.1125782,1.000087,0.1475005,0.1389254,1.000101,-0.1102043,0.03692621,-0.9932227,0,0.01429321,0.9992651,0.03556493,0,-0.9938061,0.01027693,0.1106511,0,-0.9839975,-1.616372,-0.9482831,1,-0.1102043,0.01429321,-0.9938062,0,0.03692621,0.9992652,0.01027693,0,-0.9932228,0.03556493,0.1106512,0,-0.9906108,1.662974,-0.8563628,1,1.0,1.0,0.139756,0.1357742,0.9808332,0.002839204,-0.001614533,-0.01515954,60.0,3745
25,0.2525873,0.1650752,0.9999678,0.04124902,0.1116093,0.9999772,0.1469186,0.1383424,0.9999725,-0.1101327,0.03684141,-0.9932339,0,0.01442073,0.9992668,0.03546618,0,-0.9938123,0.01041717,0.1105833,0,-0.983959,-1.616369,-0.948168,1,-0.1101328,0.01442073,-0.9938122,0,0.03684141,0.9992669,0.01041717,0,-0.9932339,0.03546617,0.1105832,0,-0.9905693,1.663002,-0.8561809,1,1.0,1.0,0.1392312,0.1352411,0.9809815,0.002838036,-0.001609131,-0.01517518,60.02222,3746
25,0.2528745,0.1650205,0.9999806,0.04089923,0.1109456,0.9999747,0.1468866,0.1379829,0.9999776,-0.1102316,0.03713617,-0.9932119,0,0.01447806,0.9992557,0.0357553,0,-0.9938005,0.01043842,0.1106873,0,-0.9840937,-1.616032,-0.9485406,1,-0.1102317,0.01447806,-0.9938006,0,0.03713616,0.9992557,0.01043842,0,-0.9932119,0.0357553,0.1106873,0,-0.9905669,1.662992,-0.8561327,1,1.0,1.0,0.1392051,0.1348913,0.9810333,0.002837425,-0.001602631,-0.01519435,60.03334,3747
25,0.2534432,0.1650262,0.9997947,0.04060212,0.1104176,0.9998091,0.1470232,0.137722,0.999802,-0.1102455,0.03747306,-0.9931979,0,0.01456868,0.9992425,0.036084,0,-0.9937977,0.01049149,0.1107079,0,-0.984213,-1.615669,-0.9489002,1,-0.1102454,0.01456868,-0.9937975,0,0.03747305,0.9992425,0.01049148,0,-0.9931976,0.03608399,0.1107079,0,-0.9904064,1.663024,-0.8561069,1,1.0,1.0,0.1393601,0.1346572,0.9810435,0.002837921,-0.001597107,-0.01520946,60.04445,3748
25,0.2545882,0.1654433,1.000108,0.04022039,0.1095987,1.000072,0.147403,0.1375205,1.00009,-0.1103668,0.03774029,-0.9931741,0,0.01472745,0.9992312,0.03633386,0,-0.9937818,0.01061687,0.1108378,0,-0.9844724,-1.615163,-0.949235,1,-0.1103669,0.01472745,-0.9937817,0,0.03774029,0.9992313,0.01061687,0,-0.9931743,0.03633387,0.1108378,0,-0.9904521,1.66291,-0.8559916,1,1.0,1.0,0.139683,0.1344184,0.9810302,0.00283966,-0.001594322,-0.01521637,60.06667,3749
25,0.2536506,0.165179,0.9999843,0.03904592,0.108477,0.9999959,0.1463488,0.1368281,0.9999901,-0.1103303,0.03786995,-0.9931732,0,0.0149723,0.9992238,0.0364374,0,-0.9937822,0.01084994,0.1108117,0,-0.9848568,-1.614806,-0.949437,1,-0.1103304,0.0149723,-0.9937822,0,0.03786995,0.9992238,0.01084994,0,-0.9931733,0.0364374,0.1108117,0,-0.9904624,1.662893,-0.856004,1,1.0,1.0,0.1387081,0.133786,0.981255,0.002838327,-0.001590157,-0.01523782,60.07778,3750
25,0.2539228,0.1659555,0.9998629,0.03858651,0.109171,0.9998507,0.1462541,0.1375631,0.9998568,-0.1101365,0.0377992,-0.9931976,0,0.01537137,0.9992219,0.03632393,0,-0.9937977,0.01126622,0.1106318,0,-0.9852954,-1.614612,-0.9492363,1,-0.1101365,0.01537137,-0.9937975,0,0.0377992,0.9992219,0.01126621,0,-0.9931974,0.03632393,0.1106318,0,-0.9902649,1.662981,-0.8559777,1,1.0,1.0,0.138621,0.1345024,0.9811694,0.002838837,-0.001591316,-0.01524682,60.1,3751
25,0.2541505,0.1670669,0.9999632,0.03832291,0.1104963,0.9999847,0.1462375,0.138782,0.999974,-0.1100373,0.03775772,-0.99321,0,0.01520583,0.9992252,0.03630175,0,-0.9938112,0.01110804,0.1105262,0,-0.9849111,-1.614828,-0.9492882,1,-0.1100373,0.01520583,-0.9938112,0,0.03775772,0.9992252,0.01110804,0,-0.9932101,0.03630175,0.1105262,0,-0.9902474,1.663014,-0.8559569,1,1.0,1.0,0.1385673,0.1356432,0.9810199,0.002838852,-0.001590584,-0.01525016,60.11111,3752
25,0.2537778,0.1660472,0.9999689,0.03793608,0.1093545,0.9999585,0.1458566,0.1377009,0.9999638,-0.1100028,0.03742601,-0.9932265,0,0.0151352,0.999238,0.03597628,0,-0.9938161,0.01107519,0.1104853,0,-0.984709,-1.615204,-0.9487224,1,-0.1100026,0.0151352,-0.9938159,0,0.03742601,0.9992381,0.01107518,0,-0.9932262,0.03597627,0.1104854,0,-0.9901659,1.663009,-0.8559108,1,1.0,1.0,0.1382274,0.1346251,0.9812081,0.002839082,-0.001590157,-0.01524928,60.12222,3753
25,0.2535281,0.1668404,1.000235,0.03795291,0.106586,1.000215,0.1457397,0.1367129,1.000225,-0.1100962,0.03672899,-0.993242,0,0.01491573,0.9992655,0.03529838,0,-0.993809,0.01092871,0.1105632,0,-0.9843043,-1.616058,-0.9476827,1,-0.1100962,0.01491573,-0.993809,0,0.03672899,0.9992656,0.01092871,0,-0.9932421,0.03529839,0.1105632,0,-0.9902904,1.663004,-0.8557703,1,1.0,1.0,0.1380962,0.1336432,0.9813607,0.002839333,-0.001579605,-0.01527621,60.14445,3754
25,0.2533403,0.1666187,1.000029,0.03690439,0.104502,1.000007,0.1451214,0.13556,1.000018,-0.1101015,0.03645487,-0.9932517,0,0.01513939,0.9992727,0.03499767,0,-0.9938052,0.01118393,0.1105733,0,-0.9846498,-1.616162,-0.9471588,1,-0.1101014,0.01513939,-0.9938049,0,0.03645488,0.9992728,0.01118393,0,-0.9932516,0.03499766,0.1105733,0,-0.9902613,1.663042,-0.8557444,1,1.0,1.0,0.1375575,0.132572,0.9815817,0.002836762,-0.001568222,-0.01529699,60.15556,3755
25,0.2532602,0.1647414,1.000042,0.03619711,0.1042046,1.000015,0.1447276,0.1344725,1.000029,-0.1102015,0.03605223,-0.9932551,0,0.01579712,0.9992792,0.0345182,0,-0.9937837,0.01188661,0.1106915,0,-0.9857273,-1.615986,-0.9464039,1,-0.1102015,0.01579712,-0.9937837,0,0.03605223,0.9992792,0.01188661,0,-0.9932552,0.0345182,0.1106916,0,-0.9903893,1.663061,-0.8556321,1,1.0,1.0,0.1372022,0.13154,0.9817703,0.002835473,-0.001563835,-0.0153015,60.17778,3756
25,0.25315,0.1648601,0.9999816,0.03411083,0.1180678,0.9999755,0.1436301,0.1414638,0.9999786,-0.1102151,0.03604324,-0.9932541,0,0.01600537,0.999277,0.03448579,0,-0.9937789,0.01209655,0.1107123,0,-0.9860385,-1.615844,-0.9463022,1,-0.1102151,0.01600537,-0.9937789,0,0.03604323,0.9992771,0.01209655,0,-0.9932539,0.03448578,0.1107123,0,-0.9903544,1.663092,-0.8555909,1,1.0,1.0,0.1360222,0.138152,0.9810259,0.002827614,-0.001543472,-0.01552441,60.18889,3757
25,0.2532473,0.1645391,1.000022,0.0333439,0.1155832,1.000017,0.1432955,0.1400611,1.000019,-0.1102486,0.03605618,-0.9932498,0,0.01587248,0.9992782,0.03451321,0,-0.9937773,0.01196031,0.1107413,0,-0.9857616,-1.616034,-0.9461979,1,-0.1102485,0.01587248,-0.9937773,0,0.03605618,0.9992782,0.01196031,0,-0.9932498,0.03451321,0.1107413,0,-0.9902215,1.663171,-0.855516,1,1.0,1.0,0.1357218,0.1367993,0.9812571,0.002825486,-0.001524361,-0.0155676,60.21111,3758
25,0.2530524,0.1641555,0.9997065,0.03333606,0.1147884,0.9997227,0.1431949,0.1394721,0.9997146,-0.1102635,0.03642213,-0.9932348,0,0.01577665,0.9992666,0.03489188,0,-0.9937772,0.01182261,0.1107572,0,-0.9855927,-1.615812,-0.9465649,1,-0.1102635,0.01577665,-0.9937772,0,0.03642213,0.9992665,0.01182261,0,-0.9932348,0.03489188,0.1107572,0,-0.9899847,1.663204,-0.8555174,1,1.0,1.0,0.1356762,0.1362826,0.9813353,0.002825486,-0.001524361,-0.01556576,60.22223,3759
25,0.2529409,0.1649872,0.9999295,0.03363003,0.1145799,0.9999372,0.1432858,0.1397837,0.9999334,-0.1102399,0.03645767,-0.9932361,0,0.0157242,0.9992659,0.03493376,0,-0.9937806,0.01176675,0.1107322,0,-0.9854959,-1.615757,-0.9466001,1,-0.1102399,0.0157242,-0.9937807,0,0.03645767,0.9992659,0.01176675,0,-0.9932362,0.03493376,0.1107322,0,-0.9899316,1.663135,-0.8555355,1,1.0,1.0,0.1357288,0.1365501,0.9812909,0.002825318,-0.001526886,-0.01556552,60.23333,3760
25,0.2535266,0.1658912,0.9999324,0.03424686,0.1132387,0.9999391,0.1438871,0.1395651,0.9999357,-0.1101916,0.03680669,-0.9932286,0,0.01571551,0.9992537,0.03528644,0,-0.9937862,0.01172083,0.1106879,0,-0.9853321,-1.615355,-0.9471582,1,-0.1101917,0.01571552,-0.9937861,0,0.03680669,0.9992536,0.01172083,0,-0.9932286,0.03528644,0.1106878,0,-0.9898642,1.663056,-0.8554372,1,1.0,1.0,0.1363028,0.1363349,0.9812413,0.002825111,-0.001529884,-0.01556495,60.25556,3761
25,0.253567,0.1637443,0.999907,0.03515355,0.1147603,0.9999439,0.1443616,0.1392528,0.9999254,-0.1100576,0.03699658,-0.9932364,0,0.01585607,0.9992452,0.03546343,0,-0.9937987,0.01184581,0.1105611,0,-0.9854242,-1.615049,-0.9475372,1,-0.1100576,0.01585608,-0.9937988,0,0.03699658,0.9992452,0.01184581,0,-0.9932365,0.03546343,0.1105612,0,-0.9898307,1.663057,-0.855421,1,1.0,1.0,0.1367596,0.1360429,0.9812182,0.00282698,-0.001540352,-0.01555235,60.26667,3762
25,0.2534822,0.1639712,1.000036,0.03646629,0.1150796,1.000081,0.1449758,0.1395259,1.000059,-0.1096137,0.03720345,-0.9932779,0,0.01618399,0.9992336,0.03564054,0,-0.9938426,0.01216851,0.1101317,0,-0.9854792,-1.61446,-0.948312,1,-0.1096136,0.01618399,-0.9938425,0,0.03720345,0.9992337,0.01216851,0,-0.9932777,0.03564053,0.1101317,0,-0.9898956,1.66297,-0.8553263,1,1.0,1.0,0.13732,0.1362789,0.9811072,0.002827973,-0.001544457,-0.01554334,60.28889,3763
25,0.2535124,0.1641808,0.999903,0.03653294,0.1146175,0.9999523,0.1450246,0.1393998,0.9999276,-0.1094695,0.03753457,-0.9932812,0,0.016082,0.9992229,0.0359867,0,-0.9938601,0.0120345,0.1099881,0,-0.9851165,-1.614217,-0.9490107,1,-0.1094695,0.016082,-0.9938599,0,0.03753456,0.9992228,0.01203449,0,-0.9932812,0.03598669,0.1099881,0,-0.9898858,1.662956,-0.8552616,1,1.0,1.0,0.1373858,0.1361784,0.9811119,0.002828423,-0.001546448,-0.01553537,60.3,3764
25,0.2536963,0.1634423,1.000094,0.03718452,0.1136628,1.000163,0.1454431,0.1385535,1.000129,-0.109143,0.03751465,-0.9933179,0,0.01614653,0.9992226,0.03596352,0,-0.9938949,0.01211347,0.1096638,0,-0.9848783,-1.614138,-0.9494578,1,-0.109143,0.01614653,-0.9938949,0,0.03751465,0.9992226,0.01211347,0,-0.993318,0.03596352,0.1096639,0,-0.9900522,1.662931,-0.8551914,1,1.0,1.0,0.1377705,0.1353439,0.9811735,0.002830277,-0.001547958,-0.01553237,60.31111,3765
25,0.2541373,0.162715,0.9999999,0.03748438,0.1152725,1.000002,0.1458109,0.1389939,1.000001,-0.1091774,0.03782604,-0.9933024,0,0.01575688,0.999216,0.03631935,0,-0.9938975,0.0116861,0.1096878,0,-0.9842039,-1.614242,-0.9498519,1,-0.1091774,0.01575688,-0.9938973,0,0.03782603,0.999216,0.0116861,0,-0.9933022,0.03631934,0.1096878,0,-0.9898823,1.662982,-0.8551463,1,1.0,1.0,0.138128,0.135774,0.9810637,0.002830552,-0.001549759,-0.01552744,60.33334,3766
25,0.2548259,0.1628018,0.9999973,0.03748779,0.1157647,0.999992,0.1461568,0.1392832,0.9999946,-0.1091748,0.03766251,-0.9933088,0,0.01561335,0.9992236,0.03617071,0,-0.9938999,0.01155994,0.1096781,0,-0.9839488,-1.614505,-0.9495943,1,-0.1091749,0.01561335,-0.9938998,0,0.03766251,0.9992236,0.01155994,0,-0.9933088,0.03617072,0.1096781,0,-0.9898565,1.662962,-0.8551332,1,1.0,1.0,0.1384516,0.136042,0.980981,0.002830254,-0.001548912,-0.01552576,60.34444,3767
