flag,xl,yl,zl,xr,yr,zr,xc,yc,zc,mat_00,mat_10,mat_20,mat_30,mat_01,mat_11,mat_21,mat_31,mat_02,mat_12,mat_22,mat_32,mat_03,mat_13,mat_23,mat_33,ctw_00,ctw_10,ctw_20,ctw_30,ctw_01,ctw_11,ctw_21,ctw_31,ctw_02,ctw_12,ctw_22,ctw_32,ctw_03,ctw_13,ctw_23,ctw_33,opennessl,opennessr,ray_x,ray_y,ray_z,eye_x,eye_y,eye_z,time,frame,u,v
6.0,-0.0173379,-0.04059678,0.9999564,-0.2821227,-0.07565507,0.9999746,-0.1497294,-0.05812582,0.9999654,-0.9996223,0.01332818,0.02403848,0.0,0.01914799,0.9651087,0.2611487,0.0,0.01971911,-0.2615103,0.9649994,0.0,-0.0064126,-1.920446,0.5555339,1.0,-0.999622,0.01914799,0.0197191,0.0,0.01332818,0.9651086,-0.2615103,0.0,0.02403847,0.2611486,0.964999,0.0,0.005831685,1.708485,-1.03818,1.0,1.0,0.1,-0.1451267,-0.04773693,0.9882609,0.0003924947,-0.008746583,-0.02231098,12.76667,777.0,-0.175,-0.15849999999999997
6.0,-0.01725904,-0.04050511,0.9999585,-0.2821102,-0.07565242,0.9999236,-0.1496863,-0.05807889,0.9999409,-0.9996147,0.01369824,0.02414546,0.0,0.01953004,0.9651437,0.2609907,0.0,0.01972873,-0.2613617,0.9650394,0.0,-0.006786404,-1.920492,0.5558782,1.0,-0.9996145,0.01953003,0.01972872,0.0,0.01369824,0.9651437,-0.2613617,0.0,0.02414545,0.2609907,0.9650392,0.0,0.006101632,1.708604,-1.038253,1.0,1.0,0.1,-0.1450897,-0.04769173,0.9882684,0.0003924947,-0.008747475,-0.02231029,12.77778,778.0,-0.175,-0.15849999999999997
6.0,-0.01721469,-0.0403077,1.000019,-0.2821324,-0.07569054,1.000014,-0.1496737,-0.05799919,1.000016,-0.9996115,0.01399764,0.0241,0.0,0.01979887,0.9652494,0.2605793,0.0,0.01961502,-0.2609552,0.9651515,0.0,-0.007352757,-1.92029,0.5566629,1.0,-0.9996116,0.01979887,0.01961502,0.0,0.01399765,0.9652495,-0.2609553,0.0,0.02410001,0.2605793,0.9651517,0.0,0.006114066,1.70865,-1.03823,1.0,1.0,0.1,-0.1450684,-0.04760947,0.9882755,0.0003924947,-0.008749451,-0.02230643,12.78889,779.0,-0.175,-0.15849999999999997
6.0,-0.01724517,-0.04015139,1.000004,-0.2809173,-0.07575205,0.9999905,-0.1490819,-0.05795166,0.9999974,-0.9996057,0.01438189,0.02412562,0.0,0.02015888,0.9654778,0.2597043,0.0,0.01955771,-0.2600882,0.965387,0.0,-0.007909914,-1.91988,0.5583715,1.0,-0.9996053,0.02015887,0.0195577,0.0,0.01438189,0.9654778,-0.2600881,0.0,0.0241256,0.2597043,0.9653866,0.0,0.00623366,1.708749,-1.038227,1.0,1.0,0.1,-0.1445112,-0.04756846,0.9883591,0.0003923038,-0.008749695,-0.02230581,12.81111,780.0,-0.175,-0.15849999999999997
6.0,-0.01770023,-0.03948769,0.9999832,-0.2780747,-0.07545733,1.000017,-0.1478859,-0.05747241,1.0,-0.9996135,0.01409858,0.0239618,0.0,0.01983835,0.9655411,0.2594936,0.0,0.01947761,-0.2598686,0.9654475,0.0,-0.00734051,-1.919823,0.5588067,1.0,-0.9996133,0.01983835,0.01947761,0.0,0.01409857,0.9655411,-0.2598687,0.0,0.02396179,0.2594935,0.9654475,0.0,0.006339089,1.708807,-1.038257,1.0,1.0,0.1,-0.143381,-0.04710769,0.9885458,0.0003893655,-0.008756722,-0.02228879,12.82222,781.0,-0.175,-0.15849999999999997
6.0,-0.01723599,-0.03996417,1.00006,-0.2783489,-0.07464424,1.000065,-0.1477922,-0.0573042,1.000063,-0.9996186,0.01387406,0.02388446,0.0,0.019602,0.9655377,0.2595241,0.0,0.01946069,-0.2598933,0.9654415,0.0,-0.006895939,-1.9198,0.5586593,1.0,-0.9996182,0.019602,0.01946068,0.0,0.01387406,0.9655377,-0.2598932,0.0,0.02388445,0.2595241,0.965441,0.0,0.006398838,1.708789,-1.038161,1.0,1.0,0.1,-0.1432848,-0.04693943,0.9885677,0.0003871312,-0.008761726,-0.02227397,12.84445,782.0,-0.175,-0.15849999999999997
6.0,-0.01631208,-0.04023317,1.00005,-0.2780459,-0.07723907,1.000073,-0.1471779,-0.05873603,1.000062,-0.9996222,0.013706,0.0238264,0.0,0.01942829,0.9654915,0.2597088,0.0,0.01944462,-0.2600735,0.9653932,0.0,-0.006595312,-1.919881,0.558253,1.0,-0.999622,0.01942829,0.01944461,0.0,0.013706,0.9654915,-0.2600735,0.0,0.0238264,0.2597087,0.9653928,0.0,0.00641991,1.708774,-1.038115,1.0,1.0,0.1,-0.1426962,-0.04830706,0.988587,0.0003892677,-0.008780671,-0.02227116,12.85556,783.0,-0.175,-0.15849999999999997
6.0,-0.01626745,-0.04086673,1.000054,-0.2572717,-0.0669708,1.000061,-0.1367693,-0.05391869,1.000057,-0.9996237,0.01358317,0.02383773,0.0,0.01931933,0.965404,0.2600421,0.0,0.01948084,-0.2604047,0.9653031,0.0,-0.006355782,-1.920071,0.5575503,1.0,-0.9996234,0.01931933,0.01948084,0.0,0.01358317,0.965404,-0.2604047,0.0,0.02383772,0.2600421,0.9653029,0.0,0.006436524,1.70878,-1.038077,1.0,1.0,0.1,-0.1328441,-0.04371538,0.9901724,0.0003878558,-0.008784173,-0.02226318,12.86667,784.0,-0.175,-0.15849999999999997
6.0,-0.01664322,-0.04133776,1.000018,-0.2688085,-0.06751713,1.000014,-0.1427261,-0.0544275,1.000016,-0.9996101,0.01393397,0.0242045,0.0,0.01974948,0.9654506,0.2598365,0.0,0.01974769,-0.2602132,0.9653494,0.0,-0.006869207,-1.920007,0.5578939,1.0,-0.9996097,0.01974947,0.01974768,0.0,0.01393397,0.9654506,-0.2602131,0.0,0.02420449,0.2598364,0.965349,0.0,0.006383256,1.708846,-1.038037,1.0,1.0,0.1,-0.1385063,-0.04417619,0.9893758,0.0003859941,-0.008782517,-0.02225973,12.88889,785.0,-0.175,-0.15849999999999997
6.0,-0.01717631,-0.04059526,1.000038,-0.2651454,-0.0696716,0.9999761,-0.1411636,-0.05513379,1.000007,-0.9996037,0.01397219,0.02444049,0.0,0.01984536,0.9654808,0.259717,0.0,0.01996801,-0.2600991,0.9653755,0.0,-0.006892065,-1.919857,0.5580765,1.0,-0.9996035,0.01984535,0.019968,0.0,0.01397218,0.9654808,-0.2600991,0.0,0.02444048,0.259717,0.9653754,0.0,0.0062956,1.708779,-1.037969,1.0,1.0,0.1,-0.1370197,-0.04486535,0.9895517,0.0003852006,-0.008785728,-0.02225428,12.9,786.0,-0.175,-0.15849999999999997
6.0,-0.01748881,-0.04046249,1.000033,-0.2706282,-0.06993309,0.9999936,-0.1440604,-0.05519822,1.000013,-0.9995937,0.0142504,0.02468758,0.0,0.02017566,0.965509,0.2595868,0.0,0.02013687,-0.2599794,0.9654043,0.0,-0.007278607,-1.919804,0.5582639,1.0,-0.9995935,0.02017566,0.02013687,0.0,0.0142504,0.965509,-0.2599794,0.0,0.02468758,0.2595868,0.965404,0.0,0.00630014,1.708817,-1.037913,1.0,1.0,0.1,-0.139769,-0.04490717,0.9891652,0.0003847741,-0.008789055,-0.02224601,12.92222,787.0,-0.175,-0.15849999999999997
6.0,-0.01779753,-0.03944638,0.9999959,-0.2651933,-0.07074404,0.9999864,-0.1414958,-0.05509543,0.9999911,-0.9995948,0.01414254,0.02470148,0.0,0.02007154,0.9655569,0.2594168,0.0,0.02018187,-0.2598075,0.9654495,0.0,-0.007034555,-1.919701,0.5585982,1.0,-0.9995948,0.02007154,0.02018188,0.0,0.01414254,0.9655569,-0.2598075,0.0,0.02470148,0.2594168,0.9654496,0.0,0.006319541,1.708812,-1.037909,1.0,1.0,0.1,-0.1373391,-0.04482534,0.9895093,0.0003858414,-0.00878753,-0.02224597,12.93333,788.0,-0.175,-0.15849999999999997
6.0,-0.01787707,-0.0403401,0.9999952,-0.2705288,-0.07066715,1.000038,-0.144201,-0.05550328,1.000017,-0.9996015,0.01400794,0.0245146,0.0,0.01989721,0.9655052,0.2596223,0.0,0.02003221,-0.2600066,0.9653993,0.0,-0.006934194,-1.919719,0.5581602,1.0,-0.9996011,0.0198972,0.0200322,0.0,0.01400794,0.9655053,-0.2600065,0.0,0.0245146,0.2596223,0.9653988,0.0,0.006276806,1.708726,-1.037848,1.0,1.0,0.1,-0.1399011,-0.04520301,0.9891331,0.0003859708,-0.008787392,-0.02224649,12.95556,789.0,-0.175,-0.15849999999999997
6.0,-0.01743427,-0.03888696,1.000036,-0.2652515,-0.06935036,1.000098,-0.1413401,-0.05411816,1.000067,-0.9996114,0.01369563,0.02428879,0.0,0.01954051,0.9654643,0.2598015,0.0,0.01989181,-0.2601751,0.9653567,0.0,-0.006683161,-1.919745,0.5577863,1.0,-0.999611,0.0195405,0.0198918,0.0,0.01369563,0.9654644,-0.260175,0.0,0.02428878,0.2598015,0.9653563,0.0,0.006063607,1.708662,-1.037799,1.0,1.0,0.1,-0.1371891,-0.0438785,0.9895725,0.0003881222,-0.008787934,-0.02224657,12.96667,790.0,-0.175,-0.15849999999999997
6.0,-0.01935776,-0.03735542,1.000014,-0.2686807,-0.06913152,1.000048,-0.1440177,-0.05324331,1.000031,-0.9996123,0.01379146,0.0241865,0.0,0.01961125,0.9653996,0.2600366,0.0,0.01976335,-0.2604101,0.9652959,0.0,-0.006922801,-1.919953,0.5573197,1.0,-0.9996123,0.01961125,0.01976335,0.0,0.01379146,0.9653996,-0.2604101,0.0,0.0241865,0.2600366,0.9652957,0.0,0.00607924,1.708735,-1.037817,1.0,1.0,0.1,-0.1397407,-0.04302027,0.9892532,0.0003885655,-0.008786713,-0.02225098,12.97778,791.0,-0.175,-0.15849999999999997
6.0,-0.01935972,-0.03663784,1.000069,-0.2713604,-0.06623852,1.000098,-0.1453587,-0.05143788,1.000083,-0.9996241,0.01342827,0.02390843,0.0,0.0191897,0.965386,0.2601184,0.0,0.01958792,-0.2604794,0.9652808,0.0,-0.006312209,-1.919917,0.5570987,1.0,-0.9996238,0.01918969,0.01958792,0.0,0.01342826,0.965386,-0.2604793,0.0,0.02390842,0.2601184,0.9652806,0.0,0.006151962,1.70867,-1.037731,1.0,1.0,0.1,-0.141018,-0.04126713,0.9891466,0.0003907243,-0.008786248,-0.02225085,13.0,792.0,-0.175,-0.15849999999999997
6.0,-0.01822929,-0.0368197,1.000007,-0.2668532,-0.06757516,0.9999809,-0.1425425,-0.05219766,0.9999939,-0.9996212,0.01345433,0.02401236,0.0,0.01924196,0.965385,0.2601183,0.0,0.01968146,-0.2604818,0.9652781,0.0,-0.006301937,-1.919902,0.5570871,1.0,-0.999621,0.01924195,0.01968146,0.0,0.01345433,0.9653851,-0.2604818,0.0,0.02401236,0.2601183,0.9652781,0.0,0.006154477,1.708658,-1.03772,1.0,1.0,0.1,-0.1383534,-0.04202267,0.9894909,0.0003907243,-0.008784508,-0.02225115,13.01111,793.0,-0.175,-0.15849999999999997
6.0,-0.01825902,-0.03683478,0.9999748,-0.2668321,-0.06699112,0.9999372,-0.1425473,-0.05191335,0.9999559,-0.9996107,0.01362014,0.02435786,0.0,0.01949519,0.96534,0.2602664,0.0,0.01996875,-0.2606398,0.9652296,0.0,-0.00651736,-1.920005,0.5567171,1.0,-0.9996104,0.01949519,0.01996874,0.0,0.01362014,0.96534,-0.2606398,0.0,0.02435785,0.2602663,0.9652295,0.0,0.00607549,1.70869,-1.03766,1.0,1.0,0.1,-0.1383645,-0.04175006,0.989501,0.0003907243,-0.008783311,-0.02225115,13.03333,794.0,-0.175,-0.15849999999999997
6.0,-0.01583291,-0.0369437,0.9999929,-0.2680485,-0.06699011,0.9999333,-0.1419435,-0.05196738,0.999963,-0.9996041,0.0136661,0.02459191,0.0,0.01960028,0.9653422,0.2602505,0.0,0.020183,-0.2606295,0.9652278,0.0,-0.006483824,-1.92,0.5567439,1.0,-0.9996042,0.01960028,0.020183,0.0,0.01366609,0.9653421,-0.2606295,0.0,0.02459192,0.2602505,0.965228,0.0,0.006066248,1.708691,-1.037663,1.0,1.0,0.1,-0.1377901,-0.0418042,0.9895788,0.0003907243,-0.008784134,-0.02225085,13.04445,795.0,-0.175,-0.15849999999999997
6.0,-0.01494278,-0.03744251,0.9999942,-0.2734085,-0.06789142,0.9999327,-0.1441786,-0.05266744,0.9999634,-0.9995983,0.01369378,0.02482224,0.0,0.01968581,0.9653566,0.2601906,0.0,0.02039932,-0.2605747,0.9652383,0.0,-0.006419642,-1.919962,0.5568561,1.0,-0.9995978,0.01968581,0.02039932,0.0,0.01369378,0.9653565,-0.2605746,0.0,0.02482223,0.2601905,0.965238,0.0,0.006052062,1.708686,-1.037661,1.0,1.0,0.1,-0.1399069,-0.04246866,0.9892535,0.0003898246,-0.00878463,-0.02225085,13.05556,796.0,-0.175,-0.15849999999999997
6.0,-0.01643525,-0.03754991,1.000046,-0.2744924,-0.06848738,1.000009,-0.1454657,-0.05301866,1.000028,-0.9995892,0.01373493,0.02516274,0.0,0.01981454,0.9653512,0.2602007,0.0,0.02071705,-0.2605923,0.9652268,0.0,-0.006303991,-1.920001,0.5567616,1.0,-0.9995887,0.01981453,0.02071704,0.0,0.01373492,0.9653512,-0.2605923,0.0,0.02516273,0.2602006,0.9652265,0.0,0.006060023,1.70873,-1.037608,1.0,1.0,0.1,-0.1411228,-0.04277281,0.9890677,0.0003812192,-0.008814125,-0.02214919,13.07778,797.0,-0.175,-0.15849999999999997
6.0,-0.0174397,-0.03778267,1.000023,-0.2773492,-0.06943822,1.000027,-0.1473942,-0.05361047,1.000025,-0.999589,0.01376107,0.02515202,0.0,0.019838,0.965338,0.2602479,0.0,0.02069892,-0.2606399,0.9652143,0.0,-0.006364085,-1.920038,0.5566472,1.0,-0.9995888,0.019838,0.02069891,0.0,0.01376107,0.9653381,-0.2606399,0.0,0.02515202,0.2602479,0.9652141,0.0,0.006059511,1.708746,-1.037591,1.0,1.0,0.1,-0.1429469,-0.0433291,0.9887815,0.0003759544,-0.008818932,-0.02212016,13.08889,798.0,-0.175,-0.15849999999999997
6.0,-0.0174703,-0.03781301,1.000009,-0.2753721,-0.06895933,1.000023,-0.1464205,-0.05338621,1.000016,-0.9995909,0.01373765,0.02508589,0.0,0.01979253,0.9654096,0.2599856,0.0,0.02064657,-0.2603758,0.9652866,0.0,-0.006454543,-1.91982,0.5570425,1.0,-0.9995909,0.01979253,0.02064657,0.0,0.01373765,0.9654096,-0.2603757,0.0,0.02508589,0.2599856,0.9652866,0.0,0.005948011,1.708718,-1.037447,1.0,1.0,0.1,-0.1420266,-0.04311994,0.9889232,0.0003759544,-0.008818162,-0.02211916,13.11111,799.0,-0.175,-0.15849999999999997
6.0,-0.01729737,-0.03892156,0.9999501,-0.2734229,-0.07111785,0.9999846,-0.1453585,-0.05501926,0.9999672,-0.9995955,0.01365131,0.02495674,0.0,0.01967639,0.9654006,0.2600279,0.0,0.02054353,-0.2604137,0.9652787,0.0,-0.006390785,-1.919916,0.5570169,1.0,-0.9995951,0.01967638,0.02054352,0.0,0.0136513,0.9654006,-0.2604137,0.0,0.02495673,0.2600279,0.9652784,0.0,0.005919846,1.708774,-1.037518,1.0,1.0,0.1,-0.1410164,-0.0447079,0.9889972,0.000375824,-0.008815659,-0.02211836,13.12222,800.0,-0.175,-0.15849999999999997
6.0,-0.01939336,-0.0390951,1.000021,-0.2754152,-0.06748608,1.000001,-0.1474052,-0.05329067,1.000011,-0.9995923,0.01370999,0.02504949,0.0,0.01975983,0.9653661,0.2601495,0.0,0.02061528,-0.2605384,0.9652436,0.0,-0.006445791,-1.919978,0.5567549,1.0,-0.999592,0.01975982,0.02061527,0.0,0.01370999,0.9653662,-0.2605383,0.0,0.02504948,0.2601494,0.9652432,0.0,0.00593328,1.708769,-1.037499,1.0,1.0,0.1,-0.1429586,-0.04301997,0.9887933,0.0003700629,-0.008820916,-0.02209759,13.13333,801.0,-0.175,-0.15849999999999997
6.0,-0.01970839,-0.03697187,1.000105,-0.273482,-0.06757709,1.000072,-0.1465968,-0.05227458,1.000089,-0.9995911,0.01372296,0.02509277,0.0,0.01978582,0.9653381,0.2602518,0.0,0.02065158,-0.2606418,0.9652148,0.0,-0.006392445,-1.919964,0.5564611,1.0,-0.9995907,0.01978582,0.02065157,0.0,0.01372295,0.9653381,-0.2606418,0.0,0.02509276,0.2602517,0.9652146,0.0,0.00599461,1.708721,-1.037395,1.0,1.0,0.1,-0.1421874,-0.04204085,0.9889466,0.0003696755,-0.008820694,-0.02209713,13.15556,802.0,-0.175,-0.15849999999999997
6.0,-0.02003231,-0.03664038,1.000007,-0.2732031,-0.06768325,1.000049,-0.1466157,-0.0521616,1.000028,-0.9995935,0.01383708,0.02493181,0.0,0.01985502,0.9653243,0.2602974,0.0,0.02046553,-0.2606865,0.9652066,0.0,-0.006702011,-1.919999,0.5563737,1.0,-0.9995932,0.01985502,0.02046552,0.0,0.01383707,0.9653243,-0.2606865,0.0,0.02493181,0.2602973,0.9652065,0.0,0.005996482,1.708732,-1.037396,1.0,1.0,0.1,-0.1422146,-0.04193481,0.9889472,0.0003700331,-0.008820435,-0.02209713,13.16667,803.0,-0.175,-0.15849999999999997
6.0,-0.02090565,-0.03579342,0.9999838,-0.2729106,-0.06780633,1.000022,-0.1469063,-0.05179971,1.000003,-0.999594,0.01412209,0.02475676,0.0,0.02008492,0.9653155,0.2603124,0.0,0.02022193,-0.2607039,0.9652072,0.0,-0.007211832,-1.920066,0.5563229,1.0,-0.9995934,0.02008492,0.02022192,0.0,0.01412209,0.9653155,-0.2607038,0.0,0.02475674,0.2603124,0.9652067,0.0,0.006133698,1.708797,-1.037389,1.0,1.0,0.1,-0.1424982,-0.04157929,0.9889213,0.0003707958,-0.008825989,-0.02208328,13.18889,804.0,-0.175,-0.15849999999999997
6.0,-0.02115713,-0.0352971,1.000027,-0.2729121,-0.06802958,1.000028,-0.1470346,-0.05166328,1.000028,-0.9995931,0.01415051,0.02476383,0.0,0.02011576,0.965295,0.2603863,0.0,0.0202198,-0.2607785,0.9651868,0.0,-0.007258951,-1.920079,0.556151,1.0,-0.9995931,0.02011576,0.0202198,0.0,0.01415051,0.965295,-0.2607785,0.0,0.02476383,0.2603863,0.965187,0.0,0.006141665,1.708775,-1.037358,1.0,1.0,0.1,-0.142618,-0.04144578,0.9889097,0.0003707958,-0.008826768,-0.02207731,13.2,805.0,-0.175,-0.15849999999999997
6.0,-0.02145446,-0.03364196,1.000049,-0.2722127,-0.06865102,1.000118,-0.1468305,-0.05114603,1.000083,-0.9995973,0.01436201,0.02448073,0.0,0.02024909,0.9652535,0.2605294,0.0,0.01988838,-0.2609201,0.9651556,0.0,-0.007831719,-1.920122,0.5558116,1.0,-0.999597,0.02024909,0.01988838,0.0,0.01436201,0.9652536,-0.2609201,0.0,0.02448072,0.2605294,0.9651554,0.0,0.006141587,1.708758,-1.037287,1.0,1.0,0.1,-0.1424195,-0.04094574,0.9889591,0.0003702613,-0.008825631,-0.02207661,13.22222,806.0,-0.175,-0.15849999999999997
6.0,-0.02157718,-0.03280103,1.000023,-0.2722358,-0.06946656,1.000081,-0.1469039,-0.05113333,1.000052,-0.9996058,0.01412666,0.02427279,0.0,0.01997058,0.9652193,0.2606778,0.0,0.01974606,-0.2610598,0.9651209,0.0,-0.007505939,-1.920204,0.5555102,1.0,-0.9996053,0.01997057,0.01974605,0.0,0.01412665,0.9652193,-0.2610597,0.0,0.02427278,0.2606778,0.9651205,0.0,0.006139309,1.708759,-1.037274,1.0,1.0,0.1,-0.1424938,-0.04093494,0.9889489,0.0003697658,-0.00882534,-0.02207019,13.23333,807.0,-0.175,-0.15849999999999997
6.0,-0.0220537,-0.02826965,0.9999345,-0.2758041,-0.07006606,0.9999295,-0.1489291,-0.04916805,0.999932,-0.9996043,0.01420583,0.02427842,0.0,0.02004697,0.9652378,0.2606033,0.0,0.01973237,-0.2609869,0.9651407,0.0,-0.007595472,-1.920224,0.5557215,1.0,-0.9996043,0.02004697,0.01973236,0.0,0.01420583,0.9652378,-0.2609869,0.0,0.02427842,0.2606033,0.9651406,0.0,0.006193868,1.708802,-1.037353,1.0,1.0,0.1,-0.1444395,-0.03902967,0.9887436,0.0003686752,-0.008825287,-0.02206824,13.24444,808.0,-0.175,-0.15849999999999997
6.0,-0.0226075,-0.0273003,1.000004,-0.2756088,-0.07317686,0.9999892,-0.1491089,-0.0502387,0.9999969,-0.9996091,0.01397324,0.02421373,0.0,0.01979771,0.9653456,0.2602229,0.0,0.01973846,-0.2606005,0.9652449,0.0,-0.007117014,-1.91994,0.556379,1.0,-0.9996091,0.01979771,0.01973846,0.0,0.01397324,0.9653456,-0.2606006,0.0,0.02421373,0.2602229,0.9652449,0.0,0.006241535,1.708764,-1.037239,1.0,1.0,0.1,-0.144594,-0.04006246,0.9886796,0.000366562,-0.008824051,-0.02206001,13.26667,809.0,-0.175,-0.15849999999999997
6.0,-0.02306727,-0.0283342,1.00008,-0.2769445,-0.07534695,1.000111,-0.1500044,-0.05184019,1.000096,-0.9996147,0.01379862,0.02408982,0.0,0.01959671,0.9653506,0.2602197,0.0,0.01966445,-0.2605914,0.9652491,0.0,-0.006967406,-1.92005,0.5563124,1.0,-0.9996144,0.0195967,0.01966444,0.0,0.01379862,0.9653506,-0.2605914,0.0,0.02408981,0.2602196,0.9652487,0.0,0.006127856,1.708894,-1.037191,1.0,1.0,0.1,-0.1454196,-0.04160026,0.9884951,0.0003654547,-0.008823296,-0.02204979,13.27778,810.0,-0.175,-0.15849999999999997
6.0,-0.02335729,-0.02806503,0.99994,-0.2770247,-0.07643309,0.9999427,-0.150191,-0.05224907,0.9999413,-0.9996101,0.01380438,0.02427351,0.0,0.01964995,0.9653521,0.2602099,0.0,0.01984045,-0.2605855,0.9652469,0.0,-0.007066703,-1.919857,0.5563399,1.0,-0.99961,0.01964995,0.01984044,0.0,0.01380438,0.9653521,-0.2605854,0.0,0.02427351,0.2602099,0.9652469,0.0,0.005934159,1.708711,-1.037152,1.0,1.0,0.1,-0.1456143,-0.04200146,0.9884495,0.0003639366,-0.008822441,-0.0220451,13.3,811.0,-0.175,-0.15849999999999997
6.0,-0.02384467,-0.02591047,0.9999912,-0.2759098,-0.0794104,0.9999792,-0.1498779,-0.05266067,0.9999852,-0.9996094,0.01371812,0.02435671,0.0,0.01959146,0.9653127,0.2603604,0.0,0.01994019,-0.2607358,0.9652044,0.0,-0.006961698,-1.91997,0.5560493,1.0,-0.999609,0.01959145,0.01994018,0.0,0.01371812,0.9653127,-0.2607358,0.0,0.0243567,0.2603603,0.9652041,0.0,0.00583587,1.708734,-1.037167,1.0,1.0,0.1,-0.1453083,-0.04240392,0.9884773,0.0003624642,-0.00881717,-0.02204246,13.31111,812.0,-0.175,-0.15849999999999997
6.0,-0.02397096,-0.02471212,1.000032,-0.276471,-0.07940593,1.000049,-0.1502201,-0.05205882,1.000041,-0.9996104,0.01353915,0.02440728,0.0,0.01944234,0.9651787,0.2608678,0.0,0.02002546,-0.2612407,0.965066,0.0,-0.006679876,-1.92022,0.5549686,1.0,-0.9996104,0.01944234,0.02002546,0.0,0.01353915,0.9651788,-0.2612407,0.0,0.02440728,0.2608678,0.965066,0.0,0.005775589,1.708712,-1.037087,1.0,1.0,0.1,-0.1456269,-0.04181714,0.9884554,0.0003610449,-0.008819367,-0.02204235,13.33333,813.0,-0.175,-0.15849999999999997
6.0,-0.0233659,-0.0253064,1.000101,-0.2767325,-0.07950801,1.000071,-0.1500506,-0.05240738,1.000086,-0.9996101,0.013347,0.02452553,0.0,0.01928751,0.9651846,0.2608577,0.0,0.02018999,-0.2612291,0.9650657,0.0,-0.00629331,-1.920138,0.5548807,1.0,-0.9996101,0.01928751,0.02018999,0.0,0.013347,0.9651845,-0.2612291,0.0,0.02452553,0.2608577,0.9650656,0.0,0.005728483,1.708664,-1.036965,1.0,1.0,0.1,-0.1454581,-0.04215332,0.988466,0.0003600772,-0.008819367,-0.0220359,13.34445,814.0,-0.175,-0.15849999999999997
6.0,-0.02386917,-0.02572823,1.000092,-0.2767457,-0.07970357,1.000109,-0.1503066,-0.05271554,1.0001,-0.9996108,0.0134058,0.02447014,0.0,0.01933115,0.9651663,0.2609222,0.0,0.02011988,-0.2612936,0.9650497,0.0,-0.00649057,-1.920184,0.5546658,1.0,-0.9996105,0.01933115,0.02011988,0.0,0.01340579,0.9651662,-0.2612936,0.0,0.02447013,0.2609221,0.9650495,0.0,0.005680811,1.708698,-1.036881,1.0,1.0,0.1,-0.1456957,-0.04244937,0.9884183,0.000358779,-0.008818871,-0.02203274,13.35556,815.0,-0.175,-0.15849999999999997
6.0,-0.02392593,-0.02525812,0.9999914,-0.2766731,-0.07473662,0.9999794,-0.1503001,-0.04999757,0.9999856,-0.9996092,0.01377127,0.02432603,0.0,0.0196359,0.9652971,0.2604148,0.0,0.01989561,-0.2607907,0.9651903,0.0,-0.007023736,-1.919867,0.5556959,1.0,-0.9996092,0.0196359,0.0198956,0.0,0.01377127,0.9652972,-0.2607907,0.0,0.02432603,0.2604148,0.9651903,0.0,0.005900142,1.708669,-1.036896,1.0,1.0,0.1,-0.1457218,-0.03983127,0.9885235,0.0003587343,-0.008816926,-0.02202874,13.37778,816.0,-0.175,-0.15849999999999997
6.0,-0.02564953,-0.02594674,0.9999935,-0.2759229,-0.07448331,0.9999925,-0.1507863,-0.05021492,0.999993,-0.999611,0.01375689,0.0242696,0.0,0.01960153,0.9653733,0.2601348,0.0,0.01985058,-0.2605093,0.9652675,0.0,-0.007029816,-1.919723,0.5562554,1.0,-0.9996105,0.01960152,0.01985057,0.0,0.01375689,0.9653733,-0.2605092,0.0,0.02426958,0.2601347,0.9652669,0.0,0.005882241,1.708686,-1.036901,1.0,1.0,0.1,-0.1461806,-0.04003929,0.9884473,0.0003586886,-0.008816506,-0.02202257,13.38889,817.0,-0.175,-0.15849999999999997
6.0,-0.02576126,-0.02604157,1.000026,-0.2756023,-0.07567441,1.000064,-0.1506801,-0.05085748,1.000045,-0.9996225,0.0132412,0.02408253,0.0,0.01905559,0.9653732,0.2601758,0.0,0.01980359,-0.2605364,0.9652611,0.0,-0.006120719,-1.919794,0.5562023,1.0,-0.999622,0.01905559,0.01980359,0.0,0.0132412,0.9653732,-0.2605364,0.0,0.02408252,0.2601758,0.9652607,0.0,0.005907212,1.708724,-1.036935,1.0,1.0,0.1,-0.1460691,-0.04065929,0.9884385,0.0003586048,-0.008814972,-0.0220219,13.41111,818.0,-0.175,-0.15849999999999997
6.0,-0.02576003,-0.02577996,1.000016,-0.2778353,-0.07705927,1.000023,-0.1517973,-0.05141956,1.00002,-0.999625,0.01301497,0.02409546,0.0,0.01884448,0.965325,0.2603699,0.0,0.01987125,-0.2607263,0.9652082,0.0,-0.005659922,-1.919869,0.5558051,1.0,-0.9996248,0.01884448,0.01987125,0.0,0.01301497,0.965325,-0.2607263,0.0,0.02409547,0.26037,0.9652083,0.0,0.005936845,1.708689,-1.036916,1.0,1.0,0.1,-0.1471306,-0.04119492,0.9882589,0.0003622742,-0.008817444,-0.02201835,13.42222,819.0,-0.175,-0.15849999999999997
6.0,-0.02721737,-0.02367547,1.000058,-0.2778718,-0.07733363,1.000081,-0.1525436,-0.05050427,1.00007,-0.9996254,0.01283051,0.02417623,0.0,0.01870257,0.9651301,0.2611018,0.0,0.01998314,-0.2614561,0.9650085,0.0,-0.005301509,-1.920256,0.5543051,1.0,-0.9996253,0.01870257,0.01998314,0.0,0.01283051,0.96513,-0.2614561,0.0,0.02417622,0.2611018,0.9650084,0.0,0.005937343,1.708666,-1.036866,1.0,1.0,0.1,-0.1478345,-0.04030583,0.9881905,0.0003623189,-0.008815392,-0.02201973,13.43333,820.0,-0.175,-0.15849999999999997
6.0,-0.02726199,-0.02386171,1.000023,-0.2775092,-0.07805029,1.000009,-0.1523863,-0.05095613,1.000015,-0.9996246,0.01279669,0.02423164,0.0,0.01869046,0.9650517,0.2613924,0.0,0.02003982,-0.2617472,0.9649285,0.0,-0.005214497,-1.92039,0.5537326,1.0,-0.9996243,0.01869045,0.02003982,0.0,0.01279669,0.9650516,-0.2617471,0.0,0.02423163,0.2613924,0.9649283,0.0,0.005944259,1.708632,-1.036864,1.0,1.0,0.1,-0.1476911,-0.0407455,0.9881939,0.0003631357,-0.008815392,-0.02202256,13.45556,821.0,-0.175,-0.15849999999999997
6.0,-0.02718735,-0.02462852,1.000078,-0.2774799,-0.07921791,1.000086,-0.1523333,-0.05192295,1.000082,-0.9996227,0.01291229,0.02424151,0.0,0.01880819,0.9650029,0.2615639,0.0,0.02001574,-0.2619211,0.9648817,0.0,-0.005622928,-1.920384,0.5533173,1.0,-0.9996228,0.0188082,0.02001574,0.0,0.01291229,0.9650029,-0.2619211,0.0,0.02424151,0.2615639,0.9648817,0.0,0.005762494,1.708554,-1.036762,1.0,1.0,0.1,-0.1476263,-0.04167631,0.9881647,0.0003634105,-0.008815392,-0.02202191,13.46667,822.0,-0.175,-0.15849999999999997
6.0,-0.02730662,-0.02238625,1.000014,-0.277458,-0.08004206,0.9999399,-0.1523858,-0.05121496,0.9999772,-0.9996049,0.01335345,0.02473667,0.0,0.01935667,0.9650839,0.2612248,0.0,0.02038471,-0.2616003,0.9649612,0.0,-0.006107646,-1.92024,0.5539796,1.0,-0.9996046,0.01935667,0.0203847,0.0,0.01335344,0.9650839,-0.2616003,0.0,0.02473666,0.2612247,0.9649608,0.0,0.005832979,1.708598,-1.03678,1.0,1.0,0.1,-0.1476946,-0.04099527,0.988183,0.0003635408,-0.008816811,-0.02202576,13.48889,823.0,-0.175,-0.15849999999999997
6.0,-0.02726052,-0.02190539,1.000047,-0.2774504,-0.08028856,1.000022,-0.1523566,-0.0510971,1.000035,-0.9996037,0.01336301,0.02477629,0.0,0.01937126,0.9651477,0.2609877,0.0,0.02042521,-0.2613642,0.9650242,0.0,-0.00612704,-1.920101,0.5543966,1.0,-0.9996036,0.01937126,0.0204252,0.0,0.013363,0.9651478,-0.2613642,0.0,0.02477629,0.2609876,0.965024,0.0,0.005797821,1.70861,-1.036727,1.0,1.0,0.1,-0.1476596,-0.04087871,0.988193,0.0003635334,-0.008817712,-0.02202536,13.5,824.0,-0.175,-0.15849999999999997
6.0,-0.02719776,-0.02199808,1.000047,-0.2773858,-0.07963961,1.000009,-0.1522935,-0.05081919,1.000028,-0.9996026,0.01332999,0.0248387,0.0,0.01934812,0.9652447,0.2606307,0.0,0.02050122,-0.2610077,0.965119,0.0,-0.005944425,-1.919789,0.5550476,1.0,-0.9996026,0.01934812,0.02050122,0.0,0.01332999,0.9652447,-0.2610077,0.0,0.0248387,0.2606307,0.965119,0.0,0.005862047,1.708519,-1.036645,1.0,1.0,0.1,-0.147602,-0.0406119,0.9882127,0.0003637606,-0.008817712,-0.02203054,13.51111,825.0,-0.175,-0.15849999999999997
6.0,-0.02715141,-0.02218738,1.000068,-0.2740758,-0.07951197,1.000036,-0.1506151,-0.05085,1.000052,-0.9995998,0.01327905,0.02498334,0.0,0.01933604,0.9652532,0.2606,0.0,0.02065473,-0.2609787,0.9651237,0.0,-0.005783674,-1.919762,0.5549473,1.0,-0.9995995,0.01933604,0.02065473,0.0,0.01327904,0.9652532,-0.2609787,0.0,0.02498334,0.2605999,0.9651235,0.0,0.005846817,1.70855,-1.03649,1.0,1.0,0.1,-0.1460114,-0.04064884,0.9884475,0.0003648764,-0.008817712,-0.02203072,13.53333,826.0,-0.175,-0.15849999999999997
6.0,-0.02704008,-0.02193767,1.000059,-0.2740794,-0.08031482,1.000072,-0.1505592,-0.05112603,1.000065,-0.9996033,0.01319824,0.02488649,0.0,0.01922912,0.9653009,0.2604312,0.0,0.02058572,-0.2608064,0.9651717,0.0,-0.005977939,-1.919633,0.5552262,1.0,-0.999603,0.01922912,0.02058571,0.0,0.01319823,0.9653009,-0.2608064,0.0,0.02488648,0.2604312,0.9651715,0.0,0.005542574,1.70854,-1.036418,1.0,1.0,0.1,-0.1459554,-0.04091785,0.9884446,0.0003653411,-0.008815644,-0.02203111,13.54445,827.0,-0.175,-0.15849999999999997
6.0,-0.02661161,-0.02335808,0.9999641,-0.2735961,-0.08095989,0.9999964,-0.1501024,-0.05215839,0.9999803,-0.999609,0.01290383,0.02481632,0.0,0.01893124,0.9652469,0.2606531,0.0,0.02059045,-0.2610209,0.9651138,0.0,-0.005415514,-1.919813,0.5547367,1.0,-0.9996085,0.01893123,0.02059044,0.0,0.01290383,0.9652469,-0.2610209,0.0,0.02481631,0.2606531,0.9651133,0.0,0.005593013,1.708602,-1.036383,1.0,1.0,0.1,-0.1455298,-0.04192259,0.9884653,0.000366753,-0.008813148,-0.02203381,13.56667,828.0,-0.175,-0.15849999999999997
6.0,-0.02635134,-0.02375042,1.000074,-0.2721222,-0.08058849,1.000099,-0.1492357,-0.05216911,1.000086,-0.9996107,0.01290316,0.02474122,0.0,0.01891311,0.9652201,0.2607536,0.0,0.02051618,-0.26112,0.9650882,0.0,-0.005450646,-1.919832,0.5544695,1.0,-0.9996105,0.01891311,0.02051618,0.0,0.01290316,0.9652201,-0.26112,0.0,0.02474122,0.2607536,0.9650884,0.0,0.005605123,1.708584,-1.036307,1.0,1.0,0.1,-0.1446951,-0.04193401,0.9885873,0.0003675083,-0.008812752,-0.02203412,13.57778,829.0,-0.175,-0.15849999999999997
6.0,-0.02616147,-0.0238598,1.000078,-0.2718564,-0.07864848,1.0001,-0.1490079,-0.05125397,1.000089,-0.9996169,0.01288499,0.02450127,0.0,0.01882615,0.9653083,0.2604333,0.0,0.02029559,-0.2607947,0.965181,0.0,-0.005530391,-1.919693,0.5549546,1.0,-0.9996166,0.01882615,0.02029559,0.0,0.01288499,0.9653083,-0.2607947,0.0,0.02450126,0.2604333,0.9651809,0.0,0.005609864,1.708671,-1.036165,1.0,1.0,0.1,-0.1444856,-0.04105187,0.9886549,0.0003695376,-0.008811783,-0.02203897,13.6,830.0,-0.175,-0.15849999999999997
6.0,-0.02589468,-0.02487868,1.000073,-0.2711086,-0.07945618,1.000045,-0.1485029,-0.05216771,1.000059,-0.9996132,0.01312197,0.02452101,0.0,0.01905193,0.9654093,0.260042,0.0,0.02026055,-0.2604086,0.9652859,0.0,-0.005968574,-1.919449,0.555648,1.0,-0.9996132,0.01905193,0.02026055,0.0,0.01312197,0.9654093,-0.2604086,0.0,0.02452101,0.260042,0.965286,0.0,0.005595619,1.708676,-1.036079,1.0,1.0,0.1,-0.1440081,-0.04193701,0.9886875,0.0003716275,-0.008813339,-0.02203905,13.61111,831.0,-0.175,-0.15849999999999997
6.0,-0.02554674,-0.02503273,1.000015,-0.2762177,-0.08009425,1.000009,-0.1508825,-0.05256349,1.000012,-0.9996152,0.01305436,0.02447795,0.0,0.01896979,0.9654833,0.2597733,0.0,0.02024188,-0.2601376,0.9653593,0.0,-0.006029333,-1.919309,0.5561629,1.0,-0.9996151,0.01896979,0.02024188,0.0,0.01305436,0.9654833,-0.2601377,0.0,0.02447795,0.2597733,0.9653594,0.0,0.005414606,1.708699,-1.03606,1.0,1.0,0.1,-0.1462666,-0.04230849,0.9883401,0.0003736261,-0.008812707,-0.02204304,13.62222,832.0,-0.175,-0.15849999999999997
6.0,-0.02561227,-0.02542707,1.000058,-0.2802874,-0.08025184,0.9999964,-0.1529527,-0.05284044,1.000027,-0.9996094,0.01337665,0.02453921,0.0,0.01928874,0.9655831,0.2593783,0.0,0.02022503,-0.2597503,0.965464,0.0,-0.006696031,-1.919091,0.5567838,1.0,-0.9996094,0.01928874,0.02022504,0.0,0.01337665,0.9655831,-0.2597503,0.0,0.02453921,0.2593783,0.9654641,0.0,0.005314552,1.708753,-1.035904,1.0,1.0,0.1,-0.1482206,-0.04256186,0.9880381,0.0003736261,-0.008812668,-0.02204624,13.64444,833.0,-0.175,-0.15849999999999997
6.0,-0.02518071,-0.02652326,1.000173,-0.2803894,-0.08210224,1.000213,-0.1527832,-0.05431226,1.000193,-0.9996175,0.01309145,0.02436397,0.0,0.01896625,0.9656083,0.2593085,0.0,0.02013133,-0.2596713,0.9654872,0.0,-0.00629818,-1.919025,0.556758,1.0,-0.9996174,0.01896625,0.02013133,0.0,0.01309145,0.9656084,-0.2596713,0.0,0.02436396,0.2593084,0.9654871,0.0,0.005262224,1.708774,-1.035732,1.0,1.0,0.1,-0.1480279,-0.04398011,0.9880048,0.0003736261,-0.008808716,-0.02204456,13.65556,834.0,-0.175,-0.15849999999999997
6.0,-0.02442792,-0.02741647,1.000117,-0.2799438,-0.08210206,1.000124,-0.1521855,-0.05475923,1.00012,-0.9996219,0.01279043,0.02434636,0.0,0.01867155,0.9656057,0.2593396,0.0,0.02019191,-0.2596961,0.9654794,0.0,-0.005659419,-1.919026,0.556581,1.0,-0.9996216,0.01867155,0.02019191,0.0,0.01279043,0.9656058,-0.2596961,0.0,0.02434635,0.2593396,0.9654791,0.0,0.005337178,1.708784,-1.035617,1.0,1.0,0.1,-0.1474691,-0.04441769,0.9880688,0.0003725886,-0.008808617,-0.02204592,13.66667,835.0,-0.175,-0.15849999999999997
6.0,-0.02452094,-0.02727574,1.000097,-0.2802188,-0.08186066,1.00008,-0.1523707,-0.05456847,1.000088,-0.9996233,0.01266124,0.02434989,0.0,0.01854263,0.9656727,0.2590991,0.0,0.0202335,-0.2594531,0.9655437,0.0,-0.005474805,-1.918819,0.5567835,1.0,-0.9996233,0.01854263,0.0202335,0.0,0.01266124,0.9656727,-0.259453,0.0,0.02434988,0.2590992,0.9655437,0.0,0.005264274,1.708791,-1.035331,1.0,1.0,0.1,-0.1476496,-0.04423386,0.9880501,0.0003722068,-0.008809082,-0.02204584,13.68889,836.0,-0.175,-0.15849999999999997
6.0,-0.02445947,-0.03051013,1.00005,-0.2803153,-0.08214781,1.000029,-0.1523883,-0.05632919,1.000039,-0.9996215,0.01270236,0.02440527,0.0,0.01859449,0.9657003,0.2589926,0.0,0.02027836,-0.2593484,0.9655709,0.0,-0.005709466,-1.918804,0.5569392,1.0,-0.9996213,0.01859449,0.02027836,0.0,0.01270235,0.9657003,-0.2593483,0.0,0.02440527,0.2589926,0.9655709,0.0,0.005073775,1.708853,-1.035287,1.0,1.0,0.1,-0.1476616,-0.0459353,0.9879707,0.0003719553,-0.008808075,-0.02204524,13.7,837.0,-0.175,-0.15849999999999997
6.0,-0.0247454,-0.03057802,1.000076,-0.2826952,-0.08225188,1.00005,-0.1537216,-0.05641523,1.000062,-0.9996127,0.01308656,0.02456651,0.0,0.01899685,0.965828,0.2584867,0.0,0.02034433,-0.2588532,0.9657025,0.0,-0.006224382,-1.918413,0.5577513,1.0,-0.9996123,0.01899684,0.02034432,0.0,0.01308656,0.9658281,-0.2588532,0.0,0.02456651,0.2584867,0.9657023,0.0,0.005181456,1.708804,-1.035082,1.0,1.0,0.1,-0.1489163,-0.04600662,0.987779,0.0003704289,-0.008809373,-0.02204682,13.72222,838.0,-0.175,-0.15849999999999997
6.0,-0.02473143,-0.0318903,1.000075,-0.2805326,-0.08176127,1.000024,-0.1526344,-0.05682632,1.000049,-0.9996073,0.01319849,0.0247187,0.0,0.01913977,0.9658838,0.2582676,0.0,0.02046665,-0.2586393,0.9657571,0.0,-0.006372017,-1.918296,0.5580959,1.0,-0.9996073,0.01913977,0.02046665,0.0,0.01319849,0.9658838,-0.2586392,0.0,0.0247187,0.2582676,0.9657571,0.0,0.005153698,1.708835,-1.035001,1.0,1.0,0.1,-0.1478868,-0.04641165,0.9879147,0.0003697732,-0.008809448,-0.02205075,13.73333,839.0,-0.175,-0.15849999999999997
2.0,0.04203317,-0.09346572,0.9999048,-0.1771296,-0.1452166,0.9998294,-0.06755112,-0.1193418,0.9998672,-0.9995486,0.006402036,0.02935616,0.0,0.01373092,0.9663733,0.2567763,0.0,0.02672512,-0.2570635,0.9660249,0.0,0.005235923,-1.915186,0.551313,1.0,-0.9995485,0.01373092,0.02672512,0.0,0.006402037,0.9663734,-0.2570634,0.0,0.02935616,0.2567763,0.9660249,0.0,0.001310217,1.709149,-1.025046,1.0,1.0,0.1,-0.06535284,-0.1067255,0.9921384,-0.0003041914,-0.00952398,-0.02102608,16.52222,1013.0,-0.0875,-0.246
2.0,0.04212691,-0.09367317,0.9999583,-0.1770945,-0.1440386,0.999965,-0.06748352,-0.1188558,0.9999617,-0.99955,0.006128482,0.02936801,0.0,0.01347428,0.9663311,0.2569486,0.0,0.02680452,-0.2572287,0.9659789,0.0,0.005719484,-1.915318,0.5510302,1.0,-0.9995498,0.01347428,0.02680451,0.0,0.006128484,0.9663312,-0.2572286,0.0,0.02936801,0.2569486,0.9659786,0.0,0.001272249,1.709168,-1.025111,1.0,1.0,0.1,-0.06528442,-0.1062494,0.9921941,-0.0003045499,-0.009523743,-0.02102598,16.53333,1014.0,-0.0875,-0.246
2.0,0.04220449,-0.0934377,0.9999604,-0.1770568,-0.1413402,0.9999225,-0.06742755,-0.1173895,0.9999416,-0.9995428,0.005941356,0.0296464,0.0,0.01335845,0.9663951,0.2567139,0.0,0.02712491,-0.2569926,0.9660326,0.0,0.006217979,-1.915283,0.5515861,1.0,-0.9995428,0.01335845,0.02712491,0.0,0.005941355,0.9663951,-0.2569926,0.0,0.0296464,0.2567139,0.9660326,0.0,0.001241967,1.709237,-1.025232,1.0,1.0,0.1,-0.06524119,-0.1048414,0.9923467,-0.000304726,-0.009524986,-0.02102598,16.55556,1015.0,-0.0875,-0.246
2.0,0.04226664,-0.09346604,0.9999329,-0.1776857,-0.1411759,0.9999129,-0.06771027,-0.1173213,0.9999229,-0.9995427,0.005618775,0.02971253,0.0,0.01306047,0.9664283,0.256604,0.0,0.02727323,-0.2568748,0.9660598,0.0,0.006837258,-1.915327,0.5518609,1.0,-0.9995427,0.01306047,0.02727323,0.0,0.005618775,0.9664284,-0.2568747,0.0,0.02971253,0.2566041,0.9660597,0.0,0.001198734,1.709327,-1.025316,1.0,1.0,0.1,-0.0655151,-0.1047743,0.9923357,-0.0003064424,-0.009527237,-0.0210211,16.56667,1016.0,-0.0875,-0.246
2.0,0.04217235,-0.09299701,0.9999219,-0.1762202,-0.1430632,0.9998916,-0.06702509,-0.1180304,0.9999068,-0.9995366,0.005523084,0.02994007,0.0,0.0130323,0.9663742,0.2568097,0.0,0.02751493,-0.2570808,0.9659983,0.0,0.007108424,-1.915487,0.5516153,1.0,-0.9995363,0.0130323,0.02751492,0.0,0.005523083,0.9663741,-0.2570808,0.0,0.02994006,0.2568096,0.965998,0.0,0.001169126,1.709324,-1.02549,1.0,1.0,0.1,-0.06484926,-0.1054691,0.9923058,-0.0003064424,-0.009520989,-0.02100336,16.58889,1017.0,-0.0875,-0.246
2.0,0.04222109,-0.09425357,0.9999793,-0.1762619,-0.1441238,0.999958,-0.06702127,-0.1191888,0.9999686,-0.999532,0.005436217,0.0301028,0.0,0.01299784,0.9663036,0.2570765,0.0,0.02769092,-0.2573475,0.9659221,0.0,0.007312494,-1.915665,0.5511348,1.0,-0.9995321,0.01299784,0.02769092,0.0,0.005436217,0.9663036,-0.2573475,0.0,0.0301028,0.2570765,0.9659221,0.0,0.001132344,1.709335,-1.025547,1.0,1.0,0.1,-0.0648348,-0.1065784,0.9921882,-0.0003064424,-0.009519959,-0.02099023,16.6,1018.0,-0.0875,-0.246
2.0,0.04267705,-0.09425792,1.000033,-0.1761559,-0.1430032,1.000043,-0.06673905,-0.1186305,1.000038,-0.999534,0.004911286,0.03013125,0.0,0.01250666,0.9662273,0.2573877,0.0,0.02784953,-0.2576446,0.9658386,0.0,0.008251815,-1.915714,0.5505154,1.0,-0.9995338,0.01250666,0.02784952,0.0,0.004911285,0.9662272,-0.2576445,0.0,0.03013124,0.2573876,0.9658381,0.0,0.001068876,1.709216,-1.025512,1.0,1.0,0.1,-0.06456233,-0.1060363,0.9922641,-0.0003052363,-0.009520516,-0.02098902,16.61111,1019.0,-0.0875,-0.246
2.0,0.04264885,-0.09592807,1.00006,-0.1760369,-0.1440325,1.00011,-0.06669208,-0.1199797,1.000085,-0.9995255,0.00503865,0.03038598,0.0,0.01273326,0.9658769,0.2586885,0.0,0.02804567,-0.2589527,0.9654827,0.0,0.008138458,-1.916399,0.5479623,1.0,-0.9995255,0.01273326,0.02804568,0.0,0.00503865,0.9658769,-0.2589527,0.0,0.03038598,0.2586885,0.9654828,0.0,0.001140286,1.70915,-1.025533,1.0,1.0,0.1,-0.06450605,-0.1073252,0.9921291,-0.0003041681,-0.009523384,-0.02098801,16.63333,1020.0,-0.0875,-0.246
2.0,0.04163456,-0.09628159,0.9999706,-0.1747487,-0.1447016,0.9999781,-0.06655678,-0.1204915,0.9999743,-0.9995235,0.005108673,0.03044167,0.0,0.01282653,0.9657727,0.2590725,0.0,0.02807622,-0.2593395,0.965378,0.0,0.007900381,-1.916482,0.5472688,1.0,-0.9995235,0.01282653,0.02807622,0.0,0.005108671,0.9657727,-0.2593395,0.0,0.03044167,0.2590725,0.965378,0.0,0.001027509,1.709002,-1.025563,1.0,1.0,0.1,-0.06437983,-0.1078295,0.9920827,-0.0003029937,-0.009523957,-0.02098565,16.64445,1021.0,-0.0875,-0.246
2.0,0.04121436,-0.09391454,0.9999227,-0.1742885,-0.1412224,0.9999245,-0.06653698,-0.1175683,0.9999235,-0.9995272,0.005448612,0.03026503,0.0,0.01309982,0.9658557,0.2587492,0.0,0.02782183,-0.2590234,0.9654704,0.0,0.007244552,-1.916313,0.5479735,1.0,-0.9995269,0.01309982,0.02782182,0.0,0.005448611,0.9658557,-0.2590233,0.0,0.03026502,0.2587492,0.9654701,0.0,0.001097939,1.708999,-1.025623,1.0,1.0,0.1,-0.0643867,-0.1050094,0.9923847,-0.0002998654,-0.009541695,-0.02098173,16.66667,1022.0,-0.0875,-0.246
2.0,0.04161365,-0.09471169,1.000013,-0.1730378,-0.1398337,0.9999898,-0.06571296,-0.1172731,1.000002,-0.9995247,0.005490463,0.03033958,0.0,0.01315499,0.9658976,0.2585898,0.0,0.02788515,-0.258866,0.9655108,0.0,0.00728741,-1.916194,0.5482618,1.0,-0.9995244,0.01315498,0.02788514,0.0,0.005490462,0.9658977,-0.258866,0.0,0.03033957,0.2585898,0.9655105,0.0,0.001170707,1.708976,-1.025593,1.0,1.0,0.1,-0.06359279,-0.1047169,0.9924667,-0.0002931906,-0.009547936,-0.02097796,16.67778,1023.0,-0.0875,-0.246
2.0,0.04221049,-0.09486702,0.9999927,-0.1704838,-0.1398115,1.000021,-0.06413562,-0.117339,1.000007,-0.999537,0.005350552,0.02995866,0.0,0.01290243,0.9660759,0.2579358,0.0,0.02756224,-0.2582029,0.9656976,0.0,0.007504655,-1.915897,0.5495664,1.0,-0.9995367,0.01290242,0.02756223,0.0,0.005350552,0.9660759,-0.2582028,0.0,0.02995865,0.2579358,0.9656973,0.0,0.001288014,1.709052,-1.025612,1.0,1.0,0.1,-0.06206788,-0.1047892,0.9925557,-0.000290283,-0.009549446,-0.02097274,16.7,1024.0,-0.0875,-0.246
2.0,0.04296438,-0.09486508,0.9999494,-0.1702205,-0.1402701,0.9999612,-0.06362765,-0.1175675,0.9999553,-0.9995385,0.005426991,0.02988749,0.0,0.01295603,0.9660929,0.2578695,0.0,0.02747464,-0.2581377,0.9657174,0.0,0.007420786,-1.915907,0.5497414,1.0,-0.9995386,0.01295603,0.02747464,0.0,0.005426992,0.9660929,-0.2581376,0.0,0.02988749,0.2578695,0.9657173,0.0,0.001384582,1.709087,-1.025666,1.0,1.0,0.1,-0.06158055,-0.1050149,0.9925622,-0.0002879947,-0.009553017,-0.02096001,16.71111,1025.0,-0.0875,-0.246
2.0,0.04310456,-0.0932391,1.000003,-0.1684232,-0.1437092,1.000011,-0.06265905,-0.118474,1.000007,-0.9995377,0.005755597,0.02985977,0.0,0.0132676,0.9660781,0.2579091,0.0,0.02736245,-0.258186,0.9657079,0.0,0.006834656,-1.915894,0.5496632,1.0,-0.9995374,0.01326759,0.02736243,0.0,0.005755596,0.966078,-0.2581859,0.0,0.02985976,0.257909,0.9657074,0.0,0.001445798,1.70905,-1.025658,1.0,1.0,0.1,-0.06063567,-0.1058861,0.9925278,-0.0002876436,-0.009556557,-0.02093185,16.72222,1026.0,-0.0875,-0.246
2.0,0.04302613,-0.09370455,0.9999275,-0.1684334,-0.1428834,0.9999635,-0.06270231,-0.1182935,0.9999455,-0.9995428,0.006087272,0.0296172,0.0,0.0135287,0.9660439,0.2580236,0.0,0.02704086,-0.2583063,0.9656847,0.0,0.006181682,-1.916,0.5495272,1.0,-0.9995427,0.01352869,0.02704085,0.0,0.006087272,0.9660439,-0.2583063,0.0,0.0296172,0.2580236,0.9656844,0.0,0.001566612,1.709065,-1.025752,1.0,1.0,0.1,-0.06068242,-0.1057171,0.992543,-0.000287598,-0.009558846,-0.02093155,16.74445,1027.0,-0.0875,-0.246
