flag,xl,yl,zl,xr,yr,zr,xc,yc,zc,mat_00,mat_10,mat_20,mat_30,mat_01,mat_11,mat_21,mat_31,mat_02,mat_12,mat_22,mat_32,mat_03,mat_13,mat_23,mat_33,ctw_00,ctw_10,ctw_20,ctw_30,ctw_01,ctw_11,ctw_21,ctw_31,ctw_02,ctw_12,ctw_22,ctw_32,ctw_03,ctw_13,ctw_23,ctw_33,opennessl,opennessr,ray_x,ray_y,ray_z,eye_x,eye_y,eye_z,time,frame
6,-0.04519032,-0.1121382,1.000089,-0.2143379,-0.09874566,1.000086,-0.1297643,-0.1054418,1.000087,0.207673,0.1469814,-0.9670928,0,0.005871803,0.9884418,0.151487,0,-0.9781807,0.03713835,-0.2044097,0,-0.4248399,-1.364963,-1.20138,1,0.207673,0.005871807,-0.9781806,0,0.1469814,0.9884418,0.03713834,0,-0.9670926,0.151487,-0.2044096,0,-0.8729934,1.533675,-0.6104512,1,1.0,1.0,-0.1265689,-0.1003357,0.9868703,0.001866898,-0.001093124,-0.02625401,19.27778,1181
6,-0.04507081,-0.1103957,0.9999446,-0.2135223,-0.09865654,0.9999652,-0.129296,-0.1045263,0.9999548,0.2078285,0.1468916,-0.9670731,0,0.006118238,0.9884456,0.1514528,0,-0.9781462,0.03739299,-0.2045285,0,-0.4249683,-1.364851,-1.201325,1,0.2078285,0.006118245,-0.9781461,0,0.1468916,0.9884456,0.03739299,0,-0.9670729,0.1514528,-0.2045284,0,-0.8729634,1.533625,-0.6103504,1,1.0,1.0,-0.126153,-0.09948228,0.9870099,0.001867103,-0.001093124,-0.02625401,19.28889,1182
6,-0.04417075,-0.1092522,0.9997804,-0.2155166,-0.09820762,0.9998039,-0.1298431,-0.1037299,0.9997922,0.2081476,0.1472264,-0.9669535,0,0.006270416,0.9883853,0.1518394,0,-0.9780774,0.03766822,-0.2048069,0,-0.4246225,-1.364373,-1.201709,1,0.2081476,0.006270427,-0.9780772,0,0.1472264,0.9883853,0.0376682,0,-0.9669533,0.1518393,-0.2048069,0,-0.8727403,1.533655,-0.6100383,1,1.0,1.0,-0.1267024,-0.09873296,0.9870148,0.001869766,-0.001092735,-0.02625401,19.31111,1183
6,-0.0440765,-0.1074989,0.9999833,-0.2155581,-0.09862632,0.9999979,-0.1298169,-0.1030627,0.9999906,0.208275,0.1476182,-0.9668664,0,0.006409854,0.9883175,0.152274,0,-0.9780494,0.03791235,-0.2048956,0,-0.4245468,-1.363762,-1.202284,1,0.2082749,0.006409872,-0.9780492,0,0.1476181,0.9883175,0.03791233,0,-0.9668662,0.152274,-0.2048955,0,-0.8727098,1.533628,-0.609867,1,1.0,1.0,-0.126662,-0.09808093,0.987085,0.001869988,-0.001090714,-0.02625401,19.32222,1184
6,-0.04395021,-0.1068641,1.000062,-0.2170557,-0.09913544,1.000026,-0.1305041,-0.1029997,1.000044,0.2080811,0.1478154,-0.9668779,0,0.006455079,0.9882859,0.1524774,0,-0.9780903,0.03796893,-0.2046894,0,-0.4245737,-1.363385,-1.20253,1,0.2080811,0.006455074,-0.9780903,0,0.1478154,0.9882858,0.03796893,0,-0.9668778,0.1524774,-0.2046894,0,-0.8728241,1.533513,-0.6096503,1,1.0,1.0,-0.1273071,-0.09801017,0.9870091,0.001869782,-0.001088921,-0.0262469,19.33333,1185
6,-0.04394831,-0.1081243,1.000111,-0.2171602,-0.09839649,1.000044,-0.1305562,-0.1032602,1.000078,0.2076104,0.1484046,-0.9668888,0,0.006576009,0.9881909,0.1530862,0,-0.9781895,0.03814057,-0.2041828,0,-0.4248721,-1.362516,-1.20323,1,0.2076104,0.006576014,-0.9781894,0,0.1484046,0.9881909,0.03814056,0,-0.9668888,0.1530862,-0.2041827,0,-0.8729783,1.533418,-0.6093171,1,1.0,1.0,-0.1273498,-0.09825841,0.9869789,0.001869782,-0.001085472,-0.02624172,19.35556,1186
6,-0.04386868,-0.1091565,0.9999963,-0.2171229,-0.09844942,0.9999129,-0.1304981,-0.1038028,0.9999545,0.2072005,0.148755,-0.966923,0,0.006854005,0.9881271,0.1534858,0,-0.9782746,0.03842964,-0.2037208,0,-0.4254685,-1.361947,-1.203563,1,0.2072004,0.006854027,-0.9782744,0,0.1487549,0.9881271,0.03842963,0,-0.9669228,0.1534858,-0.2037208,0,-0.8729988,1.533423,-0.6090766,1,1.0,1.0,-0.1273026,-0.09879126,0.9869318,0.001869698,-0.001080742,-0.02624596,19.36667,1187
6,-0.04389583,-0.1090521,0.9999145,-0.2159142,-0.09716216,0.9998219,-0.1299075,-0.1031069,0.9998682,0.2065081,0.1486213,-0.9670917,0,0.007561974,0.9881246,0.1534683,0,-0.9784157,0.03900559,-0.2029319,0,-0.4269128,-1.361796,-1.203043,1,0.2065081,0.007561984,-0.9784157,0,0.1486213,0.9881246,0.03900557,0,-0.9670916,0.1534683,-0.2029319,0,-0.8728998,1.533481,-0.6087163,1,1.0,1.0,-0.1267592,-0.09814446,0.9870663,0.00186718,-0.001079132,-0.02625306,19.38889,1188
6,-0.0445217,-0.107328,0.9998943,-0.215799,-0.09632336,0.9998533,-0.1301613,-0.1018254,0.9998739,0.2063718,0.148384,-0.9671571,0,0.008276924,0.9881344,0.1533685,0,-0.9784386,0.03965602,-0.202695,0,-0.4279668,-1.36167,-1.202718,1,0.2063718,0.008276924,-0.9784386,0,0.148384,0.9881344,0.03965602,0,-0.9671571,0.1533685,-0.2026949,0,-0.8728475,1.533514,-0.6085258,1,1.0,1.0,-0.1270067,-0.09692186,0.9871553,0.001860375,-0.001076485,-0.02626145,19.4,1189
6,-0.04428414,-0.1079213,0.9998299,-0.2157853,-0.09569098,0.9998081,-0.1300354,-0.1018061,0.999819,0.2063114,0.1482777,-0.9671863,0,0.008721083,0.9881335,0.1533494,0,-0.9784476,0.04007264,-0.20257,0,-0.4285468,-1.361588,-1.202476,1,0.2063113,0.008721096,-0.9784475,0,0.1482777,0.9881335,0.04007263,0,-0.9671863,0.1533494,-0.2025701,0,-0.8727113,1.533567,-0.6083338,1,1.0,1.0,-0.1268911,-0.09691185,0.9871711,0.0018581,-0.001073883,-0.02626912,19.41111,1190
6,-0.04430749,-0.1085141,0.9998636,-0.2146187,-0.09650433,0.9998465,-0.1294635,-0.1025091,0.999855,0.206171,0.1481956,-0.9672289,0,0.009752609,0.9881047,0.1534729,0,-0.9784675,0.04107468,-0.2022732,0,-0.4298848,-1.360992,-1.202279,1,0.2061709,0.009752627,-0.9784672,0,0.1481955,0.9881048,0.04107466,0,-0.9672288,0.1534729,-0.2022732,0,-0.8725564,1.533513,-0.6079148,1,1.0,1.0,-0.1263367,-0.09759048,0.9871753,0.0018581,-0.001068222,-0.02627202,19.43333,1191
6,-0.04452014,-0.1081105,0.9999719,-0.215846,-0.09670164,1.000041,-0.1301811,-0.1024062,1.000007,0.2068892,0.1486067,-0.9670124,0,0.0101753,0.9880167,0.1540115,0,-0.9783115,0.04170294,-0.2028978,0,-0.4294046,-1.36011,-1.203141,1,0.2068892,0.01017528,-0.9783114,0,0.1486067,0.9880167,0.04170294,0,-0.9670124,0.1540115,-0.2028978,0,-0.8724915,1.533478,-0.6074855,1,1.0,1.0,-0.1269974,-0.09747104,0.9871023,0.0018581,-0.001065765,-0.02628383,19.45556,1192
6,-0.04463668,-0.1103487,1.000015,-0.2159314,-0.09749587,1.000073,-0.1302824,-0.1039225,1.000044,0.2072667,0.1490192,-0.966868,0,0.01025093,0.987945,0.1544652,0,-0.9782308,0.04192679,-0.2032405,0,-0.4288813,-1.359498,-1.203867,1,0.2072667,0.01025093,-0.9782307,0,0.1490192,0.987945,0.04192679,0,-0.966868,0.1544652,-0.2032405,0,-0.8724966,1.533461,-0.6072201,1,1.0,1.0,-0.1270712,-0.09891309,0.9869494,0.001858231,-0.001063332,-0.02627877,19.46667,1193
6,-0.04397306,-0.1104061,0.999884,-0.2155627,-0.09673699,0.9999576,-0.1297659,-0.1035718,0.9999208,0.2077097,0.1492752,-0.9667335,0,0.01023092,0.9879019,0.1547421,0,-0.9781371,0.04203201,-0.2036696,0,-0.4282295,-1.359168,-1.204268,1,0.2077097,0.01023092,-0.978137,0,0.1492752,0.9879019,0.042032,0,-0.9667334,0.1547421,-0.2036696,0,-0.8723688,1.533457,-0.6070114,1,1.0,1.0,-0.1266043,-0.09859861,0.9870409,0.001860787,-0.001062012,-0.02627579,19.47778,1194
6,-0.04294315,-0.1110837,0.9999328,-0.2164254,-0.09714144,0.9999936,-0.1296826,-0.1041129,0.9999632,0.2084721,0.1497549,-0.9664952,0,0.009980001,0.9878305,0.1552134,0,-0.9779774,0.0420033,-0.2044405,0,-0.4266169,-1.358568,-1.205088,1,0.2084721,0.009980001,-0.9779774,0,0.1497549,0.9878305,0.04200329,0,-0.9664951,0.1552135,-0.2044405,0,-0.8723215,1.533339,-0.6065261,1,1.0,1.0,-0.12652,-0.09911355,0.987,0.001866257,-0.001059876,-0.02626777,19.5,1195
6,-0.04389468,-0.10998,1.000019,-0.2145261,-0.09670471,1.000089,-0.1292086,-0.1033427,1.000054,0.2088885,0.1498774,-0.9663863,0,0.009970464,0.9878084,0.1553549,0,-0.9778887,0.04208718,-0.2048475,0,-0.4260101,-1.358326,-1.205442,1,0.2088885,0.009970475,-0.9778886,0,0.1498774,0.9878085,0.04208716,0,-0.9663862,0.1553549,-0.2048474,0,-0.8723513,1.533284,-0.6063539,1,1.0,1.0,-0.126074,-0.09837629,0.9871309,0.001872063,-0.001059738,-0.02627764,19.51111,1196
6,-0.04374409,-0.1120078,0.9999323,-0.2142487,-0.09810439,0.9999821,-0.1289951,-0.1050562,0.9999572,0.2092066,0.1498196,-0.9663265,0,0.01016404,0.9878072,0.1553504,0,-0.9778187,0.04232213,-0.205133,0,-0.4257839,-1.358219,-1.205476,1,0.2092065,0.01016405,-0.9778186,0,0.1498196,0.9878071,0.04232211,0,-0.9663263,0.1553504,-0.205133,0,-0.8723184,1.533257,-0.6061395,1,1.0,1.0,-0.1258645,-0.1000251,0.9869919,0.00187278,-0.001054909,-0.0262698,19.52222,1197
6,-0.04385884,-0.1121702,0.9999582,-0.2142546,-0.09751223,0.9999781,-0.1290562,-0.1048415,0.9999682,0.2097283,0.1500036,-0.9661848,0,0.01033005,0.9877667,0.1555966,0,-0.9777052,0.04261376,-0.2056131,0,-0.4251196,-1.357711,-1.206083,1,0.2097283,0.01033006,-0.9777051,0,0.1500036,0.9877666,0.04261375,0,-0.9661846,0.1555966,-0.2056131,0,-0.8724781,1.533155,-0.6057709,1,1.0,1.0,-0.1259239,-0.09981769,0.9870054,0.00187278,-0.001056267,-0.02626786,19.54445,1198
6,-0.04393327,-0.109834,0.9999333,-0.214132,-0.09740575,0.9998713,-0.1290344,-0.1036195,0.9999024,0.2094368,0.1502149,-0.9662152,0,0.01065582,0.9877204,0.155868,0,-0.9777642,0.0429403,-0.2052643,0,-0.4257531,-1.357343,-1.206232,1,0.2094367,0.01065582,-0.9777641,0,0.1502149,0.9877205,0.0429403,0,-0.9662151,0.155868,-0.2052643,0,-0.8724184,1.533225,-0.6055979,1,1.0,1.0,-0.1259263,-0.09865951,0.9871216,0.00187278,-0.001057724,-0.02626371,19.55556,1199
6,-0.04348135,-0.1081457,0.9999602,-0.2136033,-0.0967947,0.9999273,-0.1285433,-0.1024702,0.9999437,0.2093292,0.1504009,-0.9662095,0,0.0111084,0.9876711,0.1561483,0,-0.9777821,0.04341942,-0.2050777,0,-0.4261496,-1.356737,-1.206447,1,0.2093292,0.01110838,-0.9777821,0,0.1504009,0.9876711,0.04341944,0,-0.9662097,0.1561483,-0.2050777,0,-0.8724205,1.533128,-0.6051881,1,1.0,1.0,-0.1254691,-0.09756198,0.9872888,0.001871033,-0.001063004,-0.02625781,19.57778,1200
6,-0.04279821,-0.1073925,0.9999802,-0.2167491,-0.09618807,0.9999231,-0.1297751,-0.1017901,0.9999516,0.2090828,0.1505873,-0.9662339,0,0.01150936,0.9876249,0.1564116,0,-0.9778302,0.04382371,-0.2047622,0,-0.4267175,-1.356309,-1.206645,1,0.2090827,0.01150937,-0.9778302,0,0.1505873,0.9876249,0.0438237,0,-0.9662337,0.1564116,-0.2047622,0,-0.8724393,1.533169,-0.6048941,1,1.0,1.0,-0.1266309,-0.09689739,0.9872059,0.001857437,-0.001065308,-0.02624889,19.58889,1201
6,-0.04308589,-0.1070868,0.9999433,-0.2203157,-0.1050663,0.9998894,-0.1317025,-0.1060765,0.9999162,0.2086309,0.1506288,-0.9663251,0,0.01230857,0.9875854,0.1566003,0,-0.977917,0.04456572,-0.2041868,0,-0.4280593,-1.355833,-1.20656,1,0.2086309,0.01230856,-0.977917,0,0.1506288,0.9875854,0.04456572,0,-0.966325,0.1566003,-0.2041868,0,-0.872395,1.533217,-0.6045462,1,1.0,1.0,-0.1284146,-0.1009549,0.9865687,0.001848053,-0.00108419,-0.02610898,19.61111,1202
6,-0.04291567,-0.1068351,0.9999878,-0.2187822,-0.1049455,0.9999329,-0.1308505,-0.1058903,0.9999603,0.2084092,0.1504592,-0.9663994,0,0.01288538,0.987588,0.1565368,0,-0.9779569,0.04507615,-0.2038837,0,-0.4288957,-1.355596,-1.206352,1,0.2084092,0.01288539,-0.9779569,0,0.1504592,0.9875881,0.04507614,0,-0.9663992,0.1565368,-0.2038837,0,-0.8724695,1.533135,-0.6042919,1,1.0,1.0,-0.1276047,-0.1007843,0.9866912,0.00184665,-0.00108419,-0.02610797,19.62222,1203
6,-0.04334699,-0.1067672,0.9999307,-0.218785,-0.1042987,0.9999098,-0.1310666,-0.1055329,0.9999202,0.2081475,0.150383,-0.9664676,0,0.01326782,0.9875847,0.1565263,0,-0.9780075,0.04540348,-0.203568,0,-0.4294339,-1.355417,-1.206089,1,0.2081475,0.01326783,-0.9780075,0,0.150383,0.9875847,0.04540348,0,-0.9664676,0.1565263,-0.203568,0,-0.8724287,1.533071,-0.6039701,1,1.0,1.0,-0.1278147,-0.1004455,0.9866986,0.001842408,-0.00108419,-0.026105,19.64445,1204
6,-0.04335852,-0.1065415,0.9998934,-0.2184689,-0.1028043,0.9998809,-0.1309142,-0.1046729,0.999887,0.2080766,0.1503313,-0.9664909,0,0.01327339,0.9875933,0.1564713,0,-0.9780225,0.04538663,-0.2034997,0,-0.4293889,-1.355447,-1.205886,1,0.2080767,0.01327339,-0.9780226,0,0.1503313,0.9875932,0.04538663,0,-0.9664909,0.1564713,-0.2034997,0,-0.8723661,1.533017,-0.6038303,1,1.0,1.0,-0.1276854,-0.09963106,0.9867979,0.001842408,-0.001084839,-0.02610153,19.65556,1205
6,-0.04462118,-0.1070524,0.9999601,-0.2169379,-0.09488069,0.9999819,-0.1307789,-0.1009666,0.999971,0.2081996,0.1504447,-0.9664468,0,0.01320712,0.9875771,0.1565791,0,-0.9779972,0.04536369,-0.2036262,0,-0.4290333,-1.355331,-1.206032,1,0.2081996,0.01320711,-0.9779972,0,0.1504446,0.9875771,0.04536369,0,-0.9664468,0.1565792,-0.2036262,0,-0.8723388,1.533,-0.6036903,1,1.0,1.0,-0.1275721,-0.09610374,0.9871623,0.001842408,-0.001059273,-0.02626222,19.66667,1206
6,-0.04498203,-0.1069701,0.9999186,-0.2168372,-0.09547094,0.9999204,-0.1309096,-0.1012205,0.9999194,0.2082316,0.1504295,-0.9664422,0,0.01280033,0.9875981,0.1564805,0,-0.9779958,0.04495495,-0.2037235,0,-0.4281517,-1.355656,-1.20575,1,0.2082316,0.01280033,-0.9779959,0,0.1504295,0.9875981,0.04495496,0,-0.9664422,0.1564804,-0.2037236,0,-0.8722026,1.533,-0.6034269,1,1.0,1.0,-0.1277005,-0.0963491,0.9871218,0.001843521,-0.001059273,-0.02625876,19.68889,1207
6,-0.0443157,-0.1067479,0.9999893,-0.2164794,-0.0955094,1.000004,-0.1303971,-0.1011287,0.9999964,0.2082831,0.1507414,-0.9663826,0,0.01248437,0.9875616,0.1567357,0,-0.9779889,0.04471007,-0.2038105,0,-0.4275061,-1.35553,-1.206099,1,0.2082831,0.01248437,-0.9779889,0,0.1507414,0.9875617,0.04471008,0,-0.9663825,0.1567357,-0.2038105,0,-0.8721765,1.533045,-0.6033061,1,1.0,1.0,-0.1272132,-0.0962592,0.9871935,0.001848068,-0.001062065,-0.02624649,19.7,1208
6,-0.04505022,-0.1063303,0.9999425,-0.2168054,-0.09546051,0.9999483,-0.1309277,-0.1008955,0.9999454,0.208143,0.1507942,-0.9664045,0,0.01155737,0.987596,0.1565901,0,-0.9780301,0.04376223,-0.2038184,0,-0.4258751,-1.356093,-1.205855,1,0.208143,0.01155738,-0.9780301,0,0.1507942,0.987596,0.04376222,0,-0.9664045,0.1565901,-0.2038184,0,-0.8722101,1.533019,-0.6029485,1,1.0,1.0,-0.1277301,-0.0960364,0.9871485,0.001854309,-0.001061043,-0.02624517,19.72222,1209
6,-0.04480082,-0.105461,0.9998844,-0.2177187,-0.0946866,0.9998832,-0.1312597,-0.1000737,0.9998837,0.2080863,0.1509618,-0.9663906,0,0.0111917,0.9875856,0.1566826,0,-0.9780465,0.04341906,-0.2038136,0,-0.4252843,-1.356213,-1.205856,1,0.2080863,0.01119171,-0.9780464,0,0.1509618,0.9875857,0.04341905,0,-0.9663905,0.1566826,-0.2038135,0,-0.8720961,1.533073,-0.6028321,1,1.0,1.0,-0.1280633,-0.09525234,0.9871812,0.001855263,-0.001064064,-0.02623902,19.73333,1210
6,-0.04476716,-0.1053947,0.9998714,-0.2182723,-0.09379506,0.9998258,-0.131521,-0.0995948,0.9998487,0.2076661,0.1511325,-0.9664543,0,0.01110961,0.9875646,0.1568208,0,-0.9781368,0.04330331,-0.2034047,0,-0.4253701,-1.356081,-1.205689,1,0.2076661,0.01110961,-0.9781366,0,0.1511325,0.9875646,0.0433033,0,-0.9664541,0.1568209,-0.2034046,0,-0.8719602,1.53302,-0.60259,1,1.0,1.0,-0.1283206,-0.09479312,0.987192,0.001855361,-0.001067009,-0.02623783,19.75556,1211
6,-0.04473305,-0.1062975,0.9999619,-0.2181944,-0.09399592,0.9999239,-0.1314648,-0.1001466,0.999943,0.2074644,0.1514775,-0.9664435,0,0.01105602,0.9875124,0.1571532,0,-0.9781801,0.04328873,-0.203199,0,-0.4254444,-1.355676,-1.205999,1,0.2074644,0.01105603,-0.9781801,0,0.1514776,0.9875124,0.04328871,0,-0.9664435,0.1571532,-0.2031989,0,-0.8719112,1.532978,-0.6025335,1,1.0,1.0,-0.1282499,-0.09531144,0.9871513,0.001855361,-0.001067009,-0.02623541,19.76667,1212
6,-0.04471716,-0.1065188,0.9999546,-0.2177664,-0.09394132,0.9999329,-0.1312425,-0.1002301,0.9999437,0.2074046,0.1514608,-0.966459,0,0.01144658,0.9874982,0.1572144,0,-0.9781883,0.04366964,-0.2030779,0,-0.4260178,-1.355465,-1.205987,1,0.2074046,0.01144658,-0.9781884,0,0.1514608,0.9874982,0.04366965,0,-0.966459,0.1572144,-0.2030779,0,-0.8718793,1.532994,-0.6024423,1,1.0,1.0,-0.1280386,-0.0953939,0.9871708,0.001855048,-0.001067223,-0.02623112,19.77778,1213
6,-0.04468402,-0.1061725,0.9999684,-0.2178555,-0.09394556,0.9999616,-0.13127,-0.1000591,0.9999651,0.2070711,0.1515881,-0.9665105,0,0.0117527,0.9874662,0.1573928,0,-0.9782553,0.04395063,-0.2026942,0,-0.4266629,-1.355135,-1.205942,1,0.2070711,0.01175271,-0.9782553,0,0.1515881,0.9874662,0.04395062,0,-0.9665105,0.1573928,-0.2026942,0,-0.8717838,1.532971,-0.6022636,1,1.0,1.0,-0.128064,-0.09522715,0.9871836,0.001854492,-0.001068893,-0.02622818,19.8,1214
6,-0.04445809,-0.1061104,0.9999443,-0.2186542,-0.09442086,0.9999319,-0.1315566,-0.1002655,0.9999381,0.2070097,0.1517397,-0.9664999,0,0.01174938,0.987442,0.1575442,0,-0.9782683,0.04396896,-0.2026272,0,-0.4266032,-1.354939,-1.206055,1,0.2070097,0.01174938,-0.9782683,0,0.1517397,0.9874421,0.04396896,0,-0.9664999,0.1575442,-0.2026273,0,-0.8717432,1.532943,-0.6021369,1,1.0,1.0,-0.1283349,-0.09542049,0.9871297,0.001852235,-0.00107254,-0.02621874,19.81111,1215
6,-0.04442012,-0.105306,0.9999534,-0.2187951,-0.09432612,0.9999678,-0.1316072,-0.09981625,0.9999605,0.2070862,0.1520213,-0.9664393,0,0.01147577,0.9874078,0.1577787,0,-0.9782555,0.04376443,-0.202734,0,-0.4257709,-1.354694,-1.206293,1,0.2070862,0.01147578,-0.9782553,0,0.1520213,0.9874078,0.04376441,0,-0.9664392,0.1577787,-0.2027339,0,-0.8716958,1.532849,-0.601782,1,1.0,1.0,-0.1283852,-0.09498717,0.987165,0.00185167,-0.001075279,-0.02621626,19.83333,1216
6,-0.04434471,-0.1054884,0.9999959,-0.2192125,-0.09411509,1.00009,-0.1317758,-0.09980196,1.000043,0.207646,0.1523252,-0.9662713,0,0.01150294,0.9873528,0.1581204,0,-0.9781364,0.04394804,-0.2032677,0,-0.4251269,-1.354227,-1.206927,1,0.207646,0.01150294,-0.9781364,0,0.1523252,0.9873528,0.04394803,0,-0.9662712,0.1581204,-0.2032677,0,-0.87166,1.53283,-0.6016457,1,1.0,1.0,-0.1285349,-0.09496418,0.9871477,0.00185167,-0.00107544,-0.02621574,19.84444,1217
6,-0.04459761,-0.1054135,1.000023,-0.2188657,-0.09444166,1.000058,-0.1317306,-0.09992766,1.00004,0.2078864,0.1524683,-0.966197,0,0.0116723,0.98732,0.1583129,0,-0.9780834,0.04418884,-0.2034707,0,-0.4250094,-1.353904,-1.207272,1,0.2078864,0.0116723,-0.9780833,0,0.1524683,0.98732,0.04418884,0,-0.9661971,0.1583129,-0.2034708,0,-0.8716816,1.532824,-0.6015117,1,1.0,1.0,-0.1284919,-0.09508565,0.9871416,0.001851928,-0.001075028,-0.02621048,19.85556,1218
6,-0.04453661,-0.1054275,1.000132,-0.2171482,-0.09426129,1.000157,-0.1308417,-0.09984457,1.000145,0.2082343,0.1527404,-0.9660791,0,0.01174594,0.9872695,0.1586225,0,-0.9780085,0.04437815,-0.2037893,0,-0.4245329,-1.35338,-1.207873,1,0.2082343,0.01174594,-0.9780084,0,0.1527404,0.9872695,0.04437815,0,-0.9660791,0.1586225,-0.2037893,0,-0.8717831,1.532733,-0.6012878,1,1.0,1.0,-0.1276414,-0.09500622,0.9872596,0.001854682,-0.001075897,-0.02621368,19.87778,1219
6,-0.04407665,-0.1065365,1.00007,-0.2172912,-0.0942025,1.000044,-0.1306846,-0.1003693,1.000057,0.208129,0.1529142,-0.9660744,0,0.01192,0.9872338,0.1588314,0,-0.9780288,0.04457302,-0.2036492,0,-0.4247866,-1.353029,-1.208158,1,0.2081289,0.01192001,-0.9780287,0,0.1529141,0.9872338,0.04457301,0,-0.9660741,0.1588314,-0.2036492,0,-0.8718628,1.532713,-0.6011853,1,1.0,1.0,-0.1275,-0.09551704,0.9872286,0.001858535,-0.001074669,-0.02621983,19.88889,1220
6,-0.04437041,-0.1068256,0.9999365,-0.2170593,-0.09433383,0.9999453,-0.1307146,-0.1005797,0.9999408,0.2081707,0.152987,-0.9660538,0,0.01183766,0.9872252,0.1588906,0,-0.9780209,0.0445122,-0.2037004,0,-0.4245321,-1.352959,-1.208189,1,0.2081707,0.01183767,-0.9780208,0,0.152987,0.9872252,0.04451219,0,-0.9660537,0.1588906,-0.2037003,0,-0.8718157,1.53267,-0.6010867,1,1.0,1.0,-0.1275399,-0.09572902,0.9872029,0.001858535,-0.001072968,-0.026221,19.9,1221
6,-0.04404104,-0.1072046,0.9999477,-0.2180438,-0.09469345,0.9998704,-0.1310446,-0.1009487,0.999909,0.2079258,0.1531961,-0.9660735,0,0.01220998,0.9871756,0.1591704,0,-0.9780684,0.04489138,-0.2033888,0,-0.4252086,-1.352509,-1.20832,1,0.2079258,0.01221,-0.9780684,0,0.1531962,0.9871756,0.04489137,0,-0.9660733,0.1591704,-0.2033887,0,-0.8717151,1.532685,-0.6009259,1,1.0,1.0,-0.1278511,-0.09608299,0.9871282,0.001858535,-0.001069237,-0.02622493,19.92222,1222
6,-0.04485528,-0.1068784,0.9998239,-0.2180138,-0.09561613,0.999806,-0.131435,-0.1012473,0.999815,0.2078516,0.1536123,-0.9660233,0,0.0122079,0.9871076,0.1595917,0,-0.9780841,0.04496451,-0.2032967,0,-0.4251926,-1.352008,-1.208648,1,0.2078517,0.0122079,-0.9780843,0,0.1536123,0.9871076,0.04496451,0,-0.9660233,0.1595917,-0.2032967,0,-0.8715205,1.532659,-0.600796,1,1.0,1.0,-0.1282288,-0.09637455,0.9870509,0.001858535,-0.001066238,-0.02622253,19.93333,1223
6,-0.0456063,-0.1066115,1.00012,-0.2178039,-0.09612862,1.000041,-0.1317072,-0.1013696,1.00008,0.2072455,0.1536195,-0.9661524,0,0.01317336,0.9870663,0.1597706,0,-0.9782003,0.04583921,-0.2025414,0,-0.4270444,-1.351459,-1.208616,1,0.2072455,0.01317336,-0.9782003,0,0.1536195,0.9870663,0.0458392,0,-0.9661524,0.1597706,-0.2025413,0,-0.8715937,1.532707,-0.6005798,1,1.0,1.0,-0.1284508,-0.09646564,0.987013,0.001857841,-0.001063507,-0.0262298,19.95556,1224
6,-0.04537933,-0.1069753,0.99998,-0.2187984,-0.09715524,0.9999554,-0.1320896,-0.1020653,0.9999676,0.2071603,0.1539149,-0.9661237,0,0.01340523,0.9870071,0.1601163,0,-0.9782152,0.04612085,-0.2024054,0,-0.4274331,-1.350919,-1.208987,1,0.2071602,0.01340524,-0.9782151,0,0.1539149,0.9870071,0.04612084,0,-0.9661235,0.1601163,-0.2024054,0,-0.8715572,1.532674,-0.6005215,1,1.0,1.0,-0.1288098,-0.09714243,0.9868999,0.001852601,-0.001052063,-0.02625636,19.96667,1225
6,-0.04596011,-0.1064925,0.9998832,-0.2185162,-0.09702615,0.9998381,-0.1322395,-0.1017591,0.9998606,0.2065721,0.1545169,-0.9661534,0,0.01411867,0.9868779,0.16085,0,-0.9783295,0.04686793,-0.2016798,0,-0.4288534,-1.349856,-1.209506,1,0.206572,0.01411868,-0.9783295,0,0.1545169,0.9868779,0.04686793,0,-0.9661534,0.1608501,-0.2016798,0,-0.8714035,1.532747,-0.6002278,1,1.0,1.0,-0.1289629,-0.09685872,0.9869078,0.001847931,-0.001051582,-0.02626367,19.98889,1226
6,-0.04534252,-0.1064411,0.9999081,-0.2200257,-0.09690896,0.999872,-0.132685,-0.101675,0.9998901,0.2064397,0.1544154,-0.966198,0,0.01458653,0.9868733,0.1608362,0,-0.9783506,0.04729647,-0.2014775,0,-0.4296353,-1.349669,-1.209321,1,0.2064397,0.01458654,-0.9783506,0,0.1544154,0.9868733,0.04729646,0,-0.9661979,0.1608362,-0.2014775,0,-0.8713396,1.532722,-0.6001502,1,1.0,1.0,-0.1293812,-0.0967705,0.9868616,0.001847352,-0.001051582,-0.02626367,20.0,1227
6,-0.04534589,-0.1060192,0.9999832,-0.2182546,-0.09509683,0.9999446,-0.1318013,-0.1005581,0.9999638,0.206264,0.1545532,-0.9662134,0,0.0148083,0.986841,0.161014,0,-0.9783843,0.04751936,-0.201261,0,-0.4300768,-1.349302,-1.20945,1,0.206264,0.0148083,-0.9783844,0,0.1545532,0.986841,0.04751937,0,-0.9662135,0.161014,-0.2012611,0,-0.8713384,1.532654,-0.6000776,1,1.0,1.0,-0.1285496,-0.09570993,0.9870738,0.001847352,-0.001051582,-0.02626367,20.01111,1228
6,-0.04533669,-0.1052218,0.9999408,-0.2196909,-0.09500735,0.9999321,-0.1325141,-0.1001146,0.9999363,0.2059932,0.1550039,-0.966199,0,0.01497854,0.9867597,0.1614958,0,-0.9784387,0.04773929,-0.2009441,0,-0.430556,-1.34877,-1.209841,1,0.2059932,0.01497854,-0.9784388,0,0.1550039,0.9867598,0.04773929,0,-0.966199,0.1614958,-0.2009441,0,-0.8711914,1.532745,-0.5999938,1,1.0,1.0,-0.1292325,-0.09527912,0.9870263,0.001847352,-0.001053795,-0.02626367,20.03333,1229
6,-0.0461937,-0.1052778,0.9999381,-0.2198362,-0.09523917,0.9999173,-0.1330155,-0.1002586,0.9999278,0.2058885,0.1550726,-0.9662104,0,0.0150349,0.9867464,0.1615723,0,-0.97846,0.04779276,-0.2008282,0,-0.4307312,-1.348652,-1.209834,1,0.2058885,0.01503491,-0.97846,0,0.1550726,0.9867463,0.04779274,0,-0.9662103,0.1615723,-0.2008282,0,-0.8711325,1.532729,-0.5999662,1,1.0,1.0,-0.1297079,-0.09540761,0.9869515,0.001847352,-0.001059113,-0.0262483,20.04445,1230
6,-0.04640786,-0.1055539,0.9998189,-0.2189542,-0.09537871,0.9998392,-0.1326805,-0.1004663,0.9998289,0.2062831,0.1552216,-0.9661022,0,0.01503921,0.986718,0.161745,0,-0.9783767,0.04789468,-0.2012088,0,-0.4302782,-1.348452,-1.209771,1,0.2062831,0.01503921,-0.9783767,0,0.1552216,0.9867179,0.04789469,0,-0.9661023,0.161745,-0.2012088,0,-0.8706943,1.532688,-0.5998071,1,1.0,1.0,-0.1294061,-0.095619,0.9869707,0.001851517,-0.001059799,-0.02623671,20.06667,1231
6,-0.04634863,-0.1054983,0.9999135,-0.2198278,-0.09563114,0.9999453,-0.1330874,-0.1005649,0.9999293,0.2064207,0.1551264,-0.9660881,0,0.01480388,0.9867443,0.1616063,0,-0.9783513,0.04766074,-0.201388,0,-0.429715,-1.348734,-1.209574,1,0.2064207,0.01480388,-0.9783514,0,0.1551264,0.9867443,0.04766074,0,-0.9660881,0.1616063,-0.201388,0,-0.8706285,1.532692,-0.5997242,1,1.0,1.0,-0.1297832,-0.09569769,0.9869136,0.00185498,-0.001063026,-0.02621624,20.07778,1232
6,-0.04900445,-0.1060499,0.9999335,-0.2206458,-0.09551086,0.999956,-0.1348245,-0.1007803,0.9999447,0.2070414,0.1550969,-0.96596,0,0.01477013,0.9867458,0.1616001,0,-0.9782207,0.04772526,-0.2020065,0,-0.4289207,-1.348742,-1.209594,1,0.2070414,0.01477013,-0.9782206,0,0.1550969,0.9867458,0.04772526,0,-0.9659601,0.1616001,-0.2020065,0,-0.8704298,1.532671,-0.5995559,1,1.0,1.0,-0.131426,-0.0958752,0.9866789,0.001856728,-0.001071732,-0.02618742,20.1,1233
6,-0.04928418,-0.1073812,0.9999835,-0.222408,-0.09557969,1.000042,-0.1358443,-0.1014806,1.000013,0.2073364,0.1552376,-0.9658743,0,0.01448348,0.9867338,0.1616993,0,-0.9781626,0.04751537,-0.2023374,0,-0.4281145,-1.348662,-1.209826,1,0.2073364,0.01448349,-0.9781625,0,0.1552376,0.9867337,0.04751535,0,-0.9658741,0.1616993,-0.2023374,0,-0.8704132,1.532599,-0.5994765,1,1.0,1.0,-0.1323802,-0.09652404,0.986488,0.001863113,-0.001072456,-0.0261738,20.11111,1234
6,-0.05007535,-0.1069143,0.9999981,-0.2217385,-0.09572842,1.000026,-0.1359062,-0.1013214,1.000012,0.2075064,0.1554969,-0.965796,0,0.01444269,0.9866909,0.1619642,0,-0.9781271,0.04755729,-0.2024988,0,-0.4278063,-1.348365,-1.210222,1,0.2075063,0.0144427,-0.978127,0,0.1554969,0.9866909,0.04755729,0,-0.9657959,0.1619642,-0.2024988,0,-0.870388,1.532611,-0.5993927,1,1.0,1.0,-0.1324437,-0.09636962,0.9864945,0.001865387,-0.001075165,-0.02616735,20.12222,1235
6,-0.05096172,-0.1087231,0.9999682,-0.2218335,-0.095648,1.000005,-0.1363966,-0.1021856,0.9999865,0.207801,0.1554329,-0.9657429,0,0.01406635,0.9867175,0.1618354,0,-0.97807,0.04721404,-0.2028545,0,-0.4268638,-1.348568,-1.210175,1,0.207801,0.01406636,-0.97807,0,0.1554329,0.9867175,0.04721403,0,-0.9657429,0.1618354,-0.2028545,0,-0.8704035,1.53251,-0.5993209,1,1.0,1.0,-0.1328995,-0.09718876,0.9863529,0.001865478,-0.001075348,-0.02616642,20.14445,1236
6,-0.05086964,-0.1075416,1.000129,-0.2221524,-0.09542298,1.000136,-0.1365109,-0.1014823,1.000132,0.2078841,0.1555622,-0.9657043,0,0.0142774,0.9866849,0.1620154,0,-0.9780493,0.04746817,-0.2028951,0,-0.4270341,-1.348268,-1.210549,1,0.2078841,0.01427741,-0.9780492,0,0.1555622,0.986685,0.04746817,0,-0.9657041,0.1620154,-0.2028951,0,-0.8705189,1.53254,-0.599275,1,1.0,1.0,-0.1329977,-0.09650426,0.9864069,0.001865478,-0.001075348,-0.02616642,20.15556,1237
6,-0.05086218,-0.1078481,1.000005,-0.2219259,-0.09469832,1.000023,-0.1363937,-0.1012731,1.000014,0.2081043,0.1555241,-0.965663,0,0.01467963,0.9866699,0.1620709,0,-0.9779965,0.04790322,-0.2030472,0,-0.4273476,-1.348115,-1.210675,1,0.2081043,0.01467965,-0.9779965,0,0.1555241,0.98667,0.04790321,0,-0.9656629,0.1620709,-0.2030472,0,-0.8705065,1.532633,-0.5991895,1,1.0,1.0,-0.1329028,-0.09631819,0.9864379,0.001865478,-0.001073235,-0.02617993,20.17778,1238
6,-0.05057743,-0.1080797,0.9999841,-0.2214882,-0.09494168,0.9999688,-0.1360333,-0.1015106,0.9999765,0.2080418,0.1556173,-0.9656613,0,0.01479236,0.9866493,0.1621864,0,-0.9780081,0.04802597,-0.2029624,0,-0.4274449,-1.347932,-1.210775,1,0.2080419,0.01479236,-0.9780081,0,0.1556173,0.9866492,0.04802597,0,-0.9656614,0.1621864,-0.2029624,0,-0.8705108,1.53263,-0.5990507,1,1.0,1.0,-0.1325632,-0.09655453,0.9864604,0.001865037,-0.001070343,-0.02618465,20.18889,1239
6,-0.05039693,-0.1094328,1.000133,-0.2212016,-0.09443422,1.00012,-0.1357996,-0.1019335,1.000127,0.2078666,0.1552665,-0.9657557,0,0.01493975,0.9867023,0.1618497,0,-0.9780432,0.0480713,-0.2027828,0,-0.427694,-1.348243,-1.21038,1,0.2078665,0.01493976,-0.978043,0,0.1552664,0.9867024,0.04807128,0,-0.9657554,0.1618497,-0.2027828,0,-0.8706906,1.532604,-0.5989355,1,1.0,1.0,-0.1323138,-0.09694821,0.9864553,0.001862442,-0.001066849,-0.02620217,20.21111,1240
6,-0.05060089,-0.1098787,1.000014,-0.2215479,-0.09532861,1.000018,-0.1360742,-0.1026036,1.000016,0.2078965,0.1552119,-0.965758,0,0.01501174,0.9867077,0.1618104,0,-0.9780357,0.04813756,-0.2028031,0,-0.427722,-1.348264,-1.210351,1,0.2078965,0.01501177,-0.9780354,0,0.1552119,0.9867077,0.04813752,0,-0.9657578,0.1618104,-0.202803,0,-0.8707173,1.53261,-0.598888,1,1.0,1.0,-0.1325756,-0.09759872,0.986356,0.00186097,-0.00105925,-0.02621607,20.22222,1241
6,-0.05069028,-0.1100304,1.000104,-0.2212953,-0.09664463,1.000107,-0.1359928,-0.1033377,1.000106,0.2079497,0.1553064,-0.9657313,0,0.01516674,0.9866837,0.1619418,0,-0.978022,0.04832273,-0.2028251,0,-0.4278666,-1.3481,-1.21063,1,0.2079497,0.01516673,-0.9780219,0,0.1553064,0.9866838,0.04832273,0,-0.9657313,0.1619418,-0.2028251,0,-0.8708001,1.532689,-0.5988652,1,1.0,1.0,-0.1324742,-0.09829551,0.9863005,0.001857514,-0.001053268,-0.02622069,20.23333,1242
6,-0.05110164,-0.1108172,0.9999835,-0.2208883,-0.09467468,0.9999712,-0.1359954,-0.1027457,0.9999774,0.2077763,0.1554059,-0.9657526,0,0.01508844,0.9866724,0.1620184,0,-0.97806,0.04823529,-0.2026623,0,-0.4278464,-1.348072,-1.210688,1,0.2077763,0.01508845,-0.9780599,0,0.1554058,0.9866723,0.04823528,0,-0.9657526,0.1620184,-0.2026623,0,-0.8708309,1.532715,-0.5987957,1,1.0,1.0,-0.1325002,-0.09774625,0.9863516,0.001857484,-0.001051079,-0.02622093,20.25556,1243
6,-0.0503116,-0.1111773,1.000015,-0.2195191,-0.09467065,1.000003,-0.1349156,-0.1029239,1.000009,0.2077364,0.1553068,-0.9657771,0,0.01530353,0.9866787,0.1619597,0,-0.9780652,0.04842475,-0.2025924,0,-0.4282119,-1.34803,-1.210603,1,0.2077364,0.01530354,-0.9780651,0,0.1553068,0.9866787,0.04842474,0,-0.9657771,0.1619597,-0.2025923,0,-0.8708594,1.532695,-0.5988,1,1.0,1.0,-0.1314741,-0.09792768,0.9864708,0.001857484,-0.001049438,-0.02622093,20.26667,1244
6,-0.05070974,-0.110754,1.000067,-0.2191651,-0.09466961,1.000055,-0.1349376,-0.1027117,1.000061,0.2076258,0.1551858,-0.9658203,0,0.01507959,0.986711,0.1617842,0,-0.9780921,0.04815476,-0.2025265,0,-0.427861,-1.348179,-1.21037,1,0.2076258,0.01507961,-0.9780921,0,0.1551858,0.986711,0.04815475,0,-0.9658203,0.1617842,-0.2025265,0,-0.8709466,1.532534,-0.5986983,1,1.0,1.0,-0.1314911,-0.0977208,0.9864891,0.001857377,-0.001049126,-0.02622069,20.28889,1245
6,-0.05057077,-0.1118646,1.000022,-0.2191675,-0.09470224,1.000017,-0.1348693,-0.1032835,1.00002,0.2076018,0.1551336,-0.9658338,0,0.0151222,0.9867178,0.1617385,0,-0.9780965,0.04818273,-0.2024984,0,-0.4279144,-1.348218,-1.210324,1,0.2076018,0.0151222,-0.9780965,0,0.1551336,0.9867179,0.04818274,0,-0.9658338,0.1617385,-0.2024985,0,-0.8709818,1.532537,-0.5986695,1,1.0,1.0,-0.1314283,-0.0982691,0.986443,0.001857781,-0.001052452,-0.02619332,20.3,1246
6,-0.05096012,-0.1110197,1.000025,-0.2189568,-0.0949762,1.000032,-0.1349582,-0.1029982,1.000029,0.2074329,0.1550779,-0.9658791,0,0.01512562,0.9867283,0.1616738,0,-0.9781323,0.04814598,-0.2023343,0,-0.4280711,-1.348425,-1.210189,1,0.2074329,0.01512562,-0.9781322,0,0.1550779,0.9867284,0.04814599,0,-0.9658791,0.1616738,-0.2023343,0,-0.8709898,1.53266,-0.5986516,1,1.0,1.0,-0.1315177,-0.09799538,0.9864582,0.001859643,-0.00105349,-0.02618456,20.32222,1247
6,-0.05156696,-0.1088198,0.9998902,-0.2190789,-0.09568998,0.999871,-0.1353235,-0.1022547,0.9998807,0.2073053,0.1550432,-0.965912,0,0.01506414,0.9867382,0.1616192,0,-0.9781603,0.04805515,-0.2022204,0,-0.4281148,-1.348557,-1.209969,1,0.2073053,0.01506415,-0.9781603,0,0.1550432,0.9867381,0.04805515,0,-0.965912,0.1616192,-0.2022205,0,-0.8708882,1.532676,-0.5986401,1,1.0,1.0,-0.131893,-0.09729712,0.9864773,0.001860145,-0.00105471,-0.02616837,20.33333,1248
6,-0.05156364,-0.1091985,1.00002,-0.2192001,-0.09371038,1.000004,-0.1353823,-0.1014543,1.000012,0.2072324,0.1551531,-0.9659101,0,0.01511846,0.9867178,0.1617391,0,-0.978175,0.04812066,-0.2021343,0,-0.4282386,-1.348398,-1.21011,1,0.2072324,0.01511847,-0.9781749,0,0.1551531,0.9867178,0.04812064,0,-0.96591,0.1617391,-0.2021342,0,-0.8709037,1.532685,-0.5986111,1,1.0,1.0,-0.1319443,-0.09652113,0.9865467,0.001861969,-0.001056374,-0.02616201,20.34444,1249
6,-0.05152875,-0.1087027,1.000031,-0.2199759,-0.0937091,1.000029,-0.1357525,-0.1012061,1.00003,0.2070877,0.1552017,-0.9659333,0,0.0152023,0.9867067,0.1617987,0,-0.9782043,0.04819092,-0.2019753,0,-0.4284152,-1.348255,-1.210182,1,0.2070877,0.01520231,-0.9782044,0,0.1552017,0.9867067,0.04819092,0,-0.9659333,0.1617987,-0.2019754,0,-0.8709845,1.53265,-0.598531,1,1.0,1.0,-0.1322964,-0.09627885,0.9865232,0.001862107,-0.001056885,-0.02615041,20.36667,1250
6,-0.05149554,-0.1073503,0.9999593,-0.2201715,-0.0931807,0.9999714,-0.1358331,-0.1002656,0.9999654,0.207135,0.1550894,-0.9659411,0,0.01512021,0.9867291,0.1616694,0,-0.9781955,0.04809263,-0.2020412,0,-0.4282394,-1.348443,-1.210001,1,0.2071351,0.0151202,-0.9781955,0,0.1550894,0.986729,0.04809264,0,-0.9659412,0.1616694,-0.2020412,0,-0.870957,1.532643,-0.5985217,1,1.0,1.0,-0.132393,-0.09538723,0.9865968,0.001862221,-0.001058228,-0.02614395,20.37778,1251
6,-0.05299369,-0.1077465,0.9999802,-0.2208114,-0.09436565,0.9999673,-0.1369028,-0.1010562,0.9999738,0.2069603,0.15497,-0.9659978,0,0.01512917,0.9867501,0.1615406,0,-0.9782324,0.04804723,-0.2018735,0,-0.4283507,-1.348516,-1.20985,1,0.2069602,0.01512917,-0.9782323,0,0.15497,0.9867502,0.04804723,0,-0.9659978,0.1615406,-0.2018735,0,-0.8710811,1.532569,-0.5984706,1,1.0,1.0,-0.1333972,-0.09612803,0.9863896,0.00186425,-0.001058548,-0.02612241,20.4,1252
6,-0.05333936,-0.1072225,0.9999741,-0.2215159,-0.09313668,0.9999763,-0.1374275,-0.1001797,0.9999752,0.206983,0.1550314,-0.9659832,0,0.01515214,0.9867385,0.1616091,0,-0.9782273,0.04808706,-0.201889,0,-0.4283996,-1.348518,-1.209917,1,0.206983,0.01515216,-0.9782271,0,0.1550314,0.9867385,0.04808705,0,-0.965983,0.1616091,-0.2018891,0,-0.8710251,1.532659,-0.5984948,1,1.0,1.0,-0.1339051,-0.09528676,0.9864025,0.001866066,-0.001058548,-0.02612204,20.41111,1253
6,-0.05357966,-0.1066739,0.9998794,-0.2203795,-0.09317047,0.9998312,-0.136981,-0.09992217,0.9998553,0.2066662,0.1550838,-0.9660426,0,0.01527903,0.9867261,0.1616729,0,-0.9782923,0.04817255,-0.2015534,0,-0.4288525,-1.348382,-1.209744,1,0.2066662,0.01527906,-0.9782922,0,0.1550838,0.9867261,0.04817253,0,-0.9660423,0.1616729,-0.2015534,0,-0.8709225,1.532619,-0.5984161,1,1.0,1.0,-0.1335031,-0.09505606,0.9864792,0.001866927,-0.0010607,-0.02611675,20.43333,1254
6,-0.05367558,-0.1079216,1.000005,-0.221045,-0.09190452,0.9999732,-0.1373612,-0.0999129,0.999989,0.2064849,0.1553828,-0.9660333,0,0.01514564,0.9866841,0.1619417,0,-0.9783326,0.04806972,-0.201382,0,-0.4288012,-1.348108,-1.210029,1,0.2064849,0.01514565,-0.9783326,0,0.1553828,0.9866841,0.04806971,0,-0.9660332,0.1619417,-0.201382,0,-0.8709143,1.532605,-0.598385,1,1.0,1.0,-0.1338497,-0.09502874,0.9864349,0.001867302,-0.001065575,-0.02608501,20.44444,1255
6,-0.05313279,-0.1081365,0.9999896,-0.2212851,-0.09339661,0.9999661,-0.1372096,-0.1007665,0.9999778,0.2063515,0.1555839,-0.9660293,0,0.01507627,0.9866549,0.1621261,0,-0.9783618,0.04801908,-0.201252,0,-0.4287671,-1.347887,-1.210206,1,0.2063514,0.01507627,-0.9783617,0,0.1555838,0.9866548,0.04801908,0,-0.9660293,0.1621261,-0.201252,0,-0.8709084,1.53257,-0.5983214,1,1.0,1.0,-0.1336987,-0.09584989,0.9863759,0.0018674,-0.001060814,-0.02607745,20.45556,1256
6,-0.0529907,-0.108358,0.9999804,-0.2211691,-0.09356301,0.9999584,-0.1370805,-0.1009604,0.9999693,0.2063953,0.1560454,-0.9659457,0,0.01515599,0.986573,0.1626161,0,-0.9783514,0.04820308,-0.201259,0,-0.4288322,-1.347253,-1.210865,1,0.2063953,0.01515601,-0.9783512,0,0.1560454,0.986573,0.04820305,0,-0.9659455,0.1626161,-0.201259,0,-0.8708885,1.532569,-0.5983043,1,1.0,1.0,-0.1335757,-0.09604064,0.986374,0.001867957,-0.001056877,-0.02607955,20.47778,1257
6,-0.05301157,-0.1077482,1.000105,-0.2211307,-0.09307581,1.000123,-0.1370707,-0.1004122,1.000114,0.2065105,0.15576,-0.9659671,0,0.01536302,0.9866098,0.1623731,0,-0.9783239,0.04837193,-0.2013523,0,-0.428978,-1.347384,-1.210695,1,0.2065104,0.01536305,-0.9783237,0,0.15576,0.9866099,0.0483719,0,-0.9659669,0.1623731,-0.2013523,0,-0.8710342,1.532517,-0.59828,1,1.0,1.0,-0.1335537,-0.09550618,0.9864289,0.00186805,-0.001055,-0.02608928,20.48889,1258
6,-0.05290942,-0.1081179,0.999985,-0.2211433,-0.09344547,0.9999714,-0.1370267,-0.1007816,0.9999782,0.2062557,0.1561587,-0.9659571,0,0.01532831,0.9865466,0.1627603,0,-0.9783781,0.04837674,-0.2010872,0,-0.4290932,-1.346968,-1.211062,1,0.2062557,0.01532832,-0.978378,0,0.1561587,0.9865466,0.04837672,0,-0.965957,0.1627603,-0.2010872,0,-0.8709904,1.532536,-0.5981827,1,1.0,1.0,-0.1335248,-0.09587351,0.9863972,0.001868164,-0.001052536,-0.02608947,20.51111,1259
6,-0.05260554,-0.1059597,0.9999818,-0.221118,-0.09286439,0.9999814,-0.1368617,-0.09941202,0.9999816,0.2062601,0.1562558,-0.9659404,0,0.01531985,0.9865306,0.1628578,0,-0.9783773,0.04838915,-0.2010881,0,-0.4290844,-1.346846,-1.211169,1,0.2062601,0.01531987,-0.9783773,0,0.1562558,0.9865307,0.04838913,0,-0.9659405,0.1628579,-0.2010881,0,-0.8709616,1.532526,-0.5981854,1,1.0,1.0,-0.133385,-0.09457093,0.9865419,0.001868141,-0.001051979,-0.0260911,20.52222,1260
6,-0.05206405,-0.1065566,1.000139,-0.2226641,-0.094615,1.000091,-0.1373654,-0.1005857,1.000115,0.2059471,0.1565832,-0.9659542,0,0.0149909,0.9864942,0.1631089,0,-0.9784483,0.04807232,-0.2008182,0,-0.4287952,-1.346677,-1.211529,1,0.205947,0.01499091,-0.9784483,0,0.1565831,0.9864942,0.04807232,0,-0.9659542,0.1631089,-0.2008183,0,-0.8711056,1.532528,-0.5981132,1,1.0,1.0,-0.1338292,-0.09567767,0.9863749,0.001869813,-0.001043282,-0.02610477,20.53333,1261
6,-0.05205433,-0.1088682,1.000136,-0.2223251,-0.09565984,1.000112,-0.1371903,-0.102264,1.000124,0.2057793,0.1572505,-0.9658815,0,0.01439659,0.9864118,0.16366,0,-0.9784926,0.04758325,-0.2007193,0,-0.4280697,-1.346242,-1.212379,1,0.2057793,0.01439658,-0.9784924,0,0.1572505,0.9864118,0.04758325,0,-0.9658816,0.1636601,-0.2007192,0,-0.8712298,1.53253,-0.5981522,1,1.0,1.0,-0.1336386,-0.09729409,0.9862427,0.001870659,-0.001022278,-0.02613491,20.55556,1262
6,-0.05200745,-0.1083903,0.9999872,-0.2218443,-0.09629329,0.9999747,-0.1369262,-0.1023417,0.9999809,0.2057459,0.1575703,-0.9658365,0,0.01448781,0.9863533,0.1640037,0,-0.9784982,0.04773595,-0.2006553,0,-0.4281799,-1.34576,-1.21278,1,0.2057459,0.01448781,-0.9784982,0,0.1575703,0.9863533,0.04773594,0,-0.9658366,0.1640037,-0.2006553,0,-0.8711996,1.532499,-0.5980828,1,1.0,1.0,-0.1334006,-0.09739494,0.9862649,0.001870773,-0.001007088,-0.02617988,20.56667,1263
6,-0.05207302,-0.1075014,0.9999154,-0.2203237,-0.09756594,0.9999038,-0.1361986,-0.1025336,0.9999096,0.2054858,0.1577331,-0.9658653,0,0.01447024,0.9863287,0.1641535,0,-0.9785531,0.04770752,-0.2003941,0,-0.4285058,-1.345677,-1.212719,1,0.2054858,0.01447025,-0.9785531,0,0.1577332,0.9863287,0.04770752,0,-0.9658653,0.1641535,-0.2003941,0,-0.8710138,1.532552,-0.5981386,1,1.0,1.0,-0.1327163,-0.09760275,0.9863367,0.001870163,-0.0009946061,-0.02620612,20.58889,1264
6,-0.05139349,-0.1070272,1.000007,-0.220372,-0.09594589,1.000014,-0.1358826,-0.1014866,1.00001,0.2055218,0.1577541,-0.9658543,0,0.01441272,0.9863276,0.1641649,0,-0.9785464,0.04766006,-0.2004382,0,-0.4284168,-1.345685,-1.212757,1,0.2055218,0.01441273,-0.9785463,0,0.157754,0.9863276,0.04766004,0,-0.9658542,0.1641648,-0.2004382,0,-0.8710098,1.532552,-0.5981731,1,1.0,1.0,-0.1324156,-0.09660098,0.9864757,0.001869735,-0.0009924164,-0.02622261,20.6,1265
6,-0.05154777,-0.1066583,0.999986,-0.2204121,-0.09563256,0.9999687,-0.1359803,-0.1011456,0.9999774,0.2053171,0.1574581,-0.9659462,0,0.01452087,0.9863743,0.1638746,0,-0.9785879,0.04767265,-0.2002332,0,-0.4289102,-1.346045,-1.212255,1,0.2053171,0.01452088,-0.9785876,0,0.1574581,0.9863743,0.04767263,0,-0.965946,0.1638746,-0.2002331,0,-0.8709643,1.53259,-0.5982903,1,1.0,1.0,-0.1325146,-0.09627973,0.9864938,0.001869171,-0.0009899293,-0.02623139,20.62222,1266
6,-0.05157538,-0.1061479,0.9999835,-0.2214123,-0.09655976,0.9999667,-0.1364943,-0.1013537,0.9999751,0.2052193,0.157405,-0.9659756,0,0.01454156,0.9863831,0.1638198,0,-0.9786081,0.04766579,-0.2001359,0,-0.4290961,-1.346102,-1.212132,1,0.2052193,0.01454158,-0.9786078,0,0.1574051,0.9863831,0.04766577,0,-0.9659755,0.1638198,-0.2001359,0,-0.8709481,1.532583,-0.598345,1,1.0,1.0,-0.132994,-0.09647577,0.9864101,0.001866364,-0.0009849396,-0.02623947,20.63333,1267
