flag,xl,yl,zl,xr,yr,zr,xc,yc,zc,mat_00,mat_10,mat_20,mat_30,mat_01,mat_11,mat_21,mat_31,mat_02,mat_12,mat_22,mat_32,mat_03,mat_13,mat_23,mat_33,ctw_00,ctw_10,ctw_20,ctw_30,ctw_01,ctw_11,ctw_21,ctw_31,ctw_02,ctw_12,ctw_22,ctw_32,ctw_03,ctw_13,ctw_23,ctw_33,opennessl,opennessr,ray_x,ray_y,ray_z,eye_x,eye_y,eye_z,time,frame,u,v
25.0,0.2384733,0.1902039,0.9999309,0.0399867,0.1745749,0.9999517,0.1392306,0.1823895,0.9999412,-0.003720045,0.01409106,-0.9998939,0.0,-0.05711774,0.9982653,0.01428061,0.0,-0.9983606,-0.0571648,0.002908707,0.0,-0.9869345,-1.695183,-1.066471,1.0,-0.003720008,-0.05711773,-0.9983603,0.0,0.01409105,0.9982653,-0.05716479,0.0,-0.9998937,0.01428061,0.002908741,0.0,-1.046142,1.651101,-1.079119,1.0,1.0,1.0,0.1330922,0.1763835,0.9752821,0.0003161393,-0.001710381,-0.01800692,75.03333,4632.0,0.175,0.104
25.0,0.2387916,0.1906305,0.9999954,0.04005769,0.173576,0.9999938,0.1394247,0.1821034,0.9999944,-0.003500462,0.01380082,-0.9998987,0.0,-0.056892,0.9982825,0.01397769,0.0,-0.9983742,-0.05693516,0.00270927,0.0,-0.9869802,-1.695353,-1.066117,1.0,-0.003500438,-0.056892,-0.9983741,0.0,0.01380082,0.9982825,-0.05693515,0.0,-0.9998986,0.01397769,0.002709293,0.0,-1.046066,1.651191,-1.079012,1.0,1.0,1.0,0.1332735,0.1761043,0.9753079,0.0003170315,-0.001710259,-0.01800791,75.05556,4633.0,0.175,0.104
25.0,0.2401126,0.1902337,0.9999236,0.04011628,0.1692942,0.9999545,0.1401155,0.1797639,0.999939,-0.003338337,0.01372755,-0.9999002,0.0,-0.05693115,0.9982814,0.0138954,0.0,-0.9983726,-0.05697186,0.002551079,0.0,-0.9867103,-1.695499,-1.066102,1.0,-0.003338341,-0.05693115,-0.9983725,0.0,0.01372755,0.9982814,-0.05697185,0.0,-0.9999002,0.0138954,0.002551075,0.0,-1.046014,1.651225,-1.07898,1.0,1.0,1.0,0.1339778,0.1739171,0.9756038,0.0003222749,-0.001702606,-0.01801281,75.06667,4634.0,0.175,0.104
25.0,0.2398273,0.1916548,0.9999098,0.03903525,0.151403,0.9999363,0.139432,0.171529,0.9999231,-0.003047705,0.01411469,-0.9998958,0.0,-0.05685061,0.9982808,0.01426518,0.0,-0.9983781,-0.05688816,0.002239943,0.0,-0.9863977,-1.694756,-1.066997,1.0,-0.003047611,-0.0568506,-0.9983779,0.0,0.0141147,0.9982808,-0.05688816,0.0,-0.9998958,0.01426518,0.002240036,0.0,-1.045971,1.650986,-1.078819,1.0,1.0,1.0,0.133498,0.1661576,0.977021,0.0003225785,-0.001613152,-0.01816685,75.08889,4635.0,0.175,0.104
25.0,0.2396877,0.1912446,0.9997946,0.03965257,0.1500446,0.9998968,0.1396734,0.1706455,0.9998457,-0.002664804,0.01474963,-0.9998878,0.0,-0.05666319,0.9982825,0.01487695,0.0,-0.9983899,-0.05669647,0.001824498,0.0,-0.9862851,-1.693917,-1.068454,1.0,-0.002664835,-0.05666318,-0.9983897,0.0,0.01474962,0.9982824,-0.05669647,0.0,-0.9998876,0.01487696,0.001824467,0.0,-1.045977,1.651017,-1.078787,1.0,1.0,1.0,0.1337527,0.165335,0.9771256,0.0003225785,-0.001609024,-0.01817563,75.1,4636.0,0.175,0.104
25.0,0.2394899,0.190661,0.999744,0.03959345,0.1477192,0.9998226,0.1395442,0.1691909,0.9997832,-0.002207398,0.01579557,-0.9998729,0.0,-0.05660553,0.9982701,0.01589522,0.0,-0.9983942,-0.05663342,0.001309514,0.0,-0.9857982,-1.692676,-1.07058,1.0,-0.002207449,-0.05660552,-0.9983941,0.0,0.01579556,0.99827,-0.05663341,0.0,-0.9998727,0.01589521,0.001309463,0.0,-1.045884,1.650963,-1.078675,1.0,1.0,1.0,0.1336678,0.1639804,0.9773655,0.0003225785,-0.001602516,-0.01819086,75.12222,4637.0,0.175,0.104
25.0,0.239742,0.1918416,0.9999495,0.03965513,0.1462792,0.9999811,0.1396995,0.1690608,0.9999653,-0.002062201,0.01586512,-0.999872,0.0,-0.0564179,0.9982798,0.01595621,0.0,-0.9984052,-0.05644358,0.001163602,0.0,-0.9859545,-1.692419,-1.070834,1.0,-0.002062226,-0.0564179,-0.998405,0.0,0.01586511,0.9982797,-0.05644357,0.0,-0.999872,0.01595621,0.001163578,0.0,-1.04588,1.650969,-1.078662,1.0,1.0,1.0,0.1337917,0.1638132,0.9773766,0.0003215782,-0.001592171,-0.01821895,75.13334,4638.0,0.175,0.104
25.0,0.240672,0.1915458,1.000048,0.03926522,0.147637,1.000086,0.1399699,0.1695918,1.000067,-0.001797199,0.01597604,-0.9998707,0.0,-0.05616555,0.9982924,0.01605177,0.0,-0.9984198,-0.05618713,0.0008968115,0.0,-0.9859992,-1.691994,-1.071456,1.0,-0.001797183,-0.05616554,-0.9984199,0.0,0.01597604,0.9982924,-0.05618714,0.0,-0.9998708,0.01605178,0.0008968274,0.0,-1.046058,1.650925,-1.078549,1.0,1.0,1.0,0.134021,0.1642798,0.9772668,0.000320496,-0.001587532,-0.01824154,75.15556,4639.0,0.175,0.104
25.0,0.2403818,0.1896216,1.000049,0.03802694,0.1488214,1.000049,0.1392043,0.1692215,1.000049,-0.001690626,0.01544993,-0.9998792,0.0,-0.05621374,0.9982981,0.01552054,0.0,-0.9984174,-0.05623318,0.0008192062,0.0,-0.9857846,-1.692628,-1.070646,1.0,-0.001690581,-0.05621373,-0.9984173,0.0,0.01544992,0.998298,-0.05623318,0.0,-0.9998792,0.01552054,0.0008192508,0.0,-1.046033,1.650949,-1.078529,1.0,1.0,1.0,0.1333061,0.1639294,0.9774234,0.0003170241,-0.001571945,-0.01829943,75.16667,4640.0,0.175,0.104
25.0,0.2397991,0.1899024,0.9998628,0.03654127,0.1481898,0.9998764,0.1381706,0.1690462,0.9998696,-0.001582742,0.01523505,-0.9998826,0.0,-0.05638201,0.998292,0.01530006,0.0,-0.998408,-0.05639961,0.000721097,0.0,-0.9853168,-1.693034,-1.07024,1.0,-0.001582783,-0.056382,-0.998408,0.0,0.01523504,0.998292,-0.05639961,0.0,-0.9998828,0.01530006,0.0007210561,0.0,-1.045881,1.650963,-1.078463,1.0,1.0,1.0,0.1323542,0.1637888,0.9775764,0.000312835,-0.00155304,-0.01835688,75.17778,4641.0,0.175,0.104
25.0,0.2398967,0.1893083,0.999887,0.03449667,0.1459099,0.9999056,0.1371973,0.1676095,0.9998962,-0.001072645,0.01495852,-0.9998876,0.0,-0.05591033,0.9983232,0.0149951,0.0,-0.9984353,-0.05592012,0.0002346039,0.0,-0.9855913,-1.692908,-1.070159,1.0,-0.001072738,-0.05591032,-0.9984352,0.0,0.01495851,0.9983232,-0.05592012,0.0,-0.9998875,0.01499509,0.0002345108,0.0,-1.045772,1.651012,-1.078466,1.0,1.0,1.0,0.1314595,0.1624295,0.9779239,0.0003076326,-0.001529274,-0.01842141,75.2,4642.0,0.175,0.104
25.0,0.2397274,0.1898797,0.999948,0.03229667,0.1434283,0.9999791,0.1360132,0.1666543,0.9999635,-0.0009307861,0.01500769,-0.999887,0.0,-0.05573391,0.9983324,0.01503623,0.0,-0.9984453,-0.0557416,9.286404e-05,0.0,-0.985715,-1.692649,-1.07037,1.0,-0.0009308528,-0.0557339,-0.9984452,0.0,0.01500768,0.9983324,-0.0557416,0.0,-0.9998869,0.01503624,9.2797e-05,0.0,-1.045763,1.650983,-1.078434,1.0,1.0,1.0,0.1303507,0.1615184,0.9782231,0.0003023222,-0.00150547,-0.0184834,75.21111,4643.0,0.175,0.104
25.0,0.2396727,0.1896655,0.9999558,0.02964511,0.1410169,1.000055,0.1346624,0.1653423,1.000005,-0.0005550385,0.01542568,-0.9998808,0.0,-0.05565414,0.9983308,0.01543266,0.0,-0.9984499,-0.05565608,-0.0003044009,0.0,-0.9854367,-1.691973,-1.071571,1.0,-0.0005550287,-0.05565414,-0.9984499,0.0,0.01542568,0.9983309,-0.05565608,0.0,-0.9998809,0.01543266,-0.0003043911,0.0,-1.04589,1.650843,-1.078404,1.0,1.0,1.0,0.1290913,0.1602691,0.9785955,0.0002968591,-0.001474983,-0.01857239,75.22222,4644.0,0.175,0.104
25.0,0.2391888,0.1889017,0.9996142,0.02758433,0.1395976,0.9997718,0.1333923,0.1642515,0.9996932,2.235174e-05,0.01720257,-0.9998521,0.0,-0.05543578,0.9983145,0.01717487,0.0,-0.9984624,-0.0554272,-0.0009759665,0.0,-0.9851978,-1.689815,-1.075105,1.0,2.23664e-05,-0.05543578,-0.9984622,0.0,0.01720257,0.9983145,-0.05542719,0.0,-0.9998519,0.01717488,-0.0009759518,0.0,-1.045855,1.650817,-1.078394,1.0,1.0,1.0,0.127943,0.159273,0.9789089,0.0002913978,-0.001442284,-0.01867826,75.24445,4645.0,0.175,0.104
25.0,0.2391658,0.1875797,0.9995676,0.02640665,0.1393332,0.9996105,0.1327877,0.1634568,0.9995891,7.516146e-05,0.01787936,-0.9998403,0.0,-0.05517471,0.9983172,0.01784797,0.0,-0.9984769,-0.05516455,-0.001061559,0.0,-0.9856189,-1.688928,-1.076002,1.0,7.51971e-05,-0.0551747,-0.9984766,0.0,0.01787935,0.9983172,-0.05516454,0.0,-0.99984,0.01784798,-0.001061523,0.0,-1.045559,1.650909,-1.078429,1.0,1.0,1.0,0.1273959,0.1585351,0.9791,0.0002890863,-0.001428139,-0.01872862,75.25555,4646.0,0.175,0.104
25.0,0.2398455,0.1876416,0.999788,0.02540836,0.1384464,0.9998934,0.1326308,0.1630453,0.9998406,0.0005956292,0.01776817,-0.999842,0.0,-0.05495974,0.9983315,0.01770858,0.0,-0.9984884,-0.05494051,-0.001571178,0.0,-0.9854494,-1.68878,-1.076214,1.0,0.0005956384,-0.05495974,-0.9984884,0.0,0.01776817,0.9983314,-0.05494051,0.0,-0.999842,0.01770858,-0.001571169,0.0,-1.04545,1.65086,-1.078433,1.0,1.0,1.0,0.127221,0.1580933,0.9791942,0.0002869647,-0.001414055,-0.01878228,75.26667,4647.0,0.175,0.104
25.0,0.2396762,0.1889301,0.9999514,0.02266586,0.1375788,1.000009,0.1311733,0.1632553,0.9999806,0.001208484,0.01714716,-0.9998523,0.0,-0.05451481,0.9983673,0.0170558,0.0,-0.9985123,-0.05448615,-0.002141297,0.0,-0.9855574,-1.688956,-1.075668,1.0,0.001208496,-0.05451482,-0.9985122,0.0,0.01714715,0.9983673,-0.05448614,0.0,-0.9998522,0.0170558,-0.002141285,0.0,-1.045357,1.650817,-1.078419,1.0,1.0,1.0,0.1258134,0.1582499,0.9793507,0.0002813581,-0.001382393,-0.01890128,75.28889,4648.0,0.175,0.104
25.0,0.2397074,0.1887231,0.999807,0.01913515,0.1361048,0.9999179,0.1294254,0.1624154,0.9998624,0.001677632,0.01727688,-0.9998494,0.0,-0.05468419,0.9983562,0.01715932,0.0,-0.9985023,-0.05464716,-0.002619624,0.0,-0.9847881,-1.688994,-1.076295,1.0,0.00167761,-0.05468419,-0.9985023,0.0,0.01727687,0.9983562,-0.05464716,0.0,-0.9998493,0.01715932,-0.002619646,0.0,-1.045301,1.650834,-1.078431,1.0,1.0,1.0,0.1241815,0.1574557,0.979687,0.0002740175,-0.001342262,-0.01903364,75.3,4649.0,0.175,0.104
25.0,0.2396551,0.1890884,0.999921,0.01699237,0.1334946,0.9999272,0.1283238,0.1612915,0.9999241,0.002003372,0.017564,-0.9998437,0.0,-0.05528719,0.9983184,0.01742643,0.0,-0.9984685,-0.05524363,-0.002971053,0.0,-0.983439,-1.689329,-1.076935,1.0,0.002003358,-0.05528718,-0.9984685,0.0,0.01756401,0.9983184,-0.05524363,0.0,-0.9998438,0.01742643,-0.002971067,0.0,-1.045126,1.650884,-1.078457,1.0,1.0,1.0,0.1231454,0.1563613,0.979993,0.0002680887,-0.001304573,-0.01914597,75.32223,4650.0,0.175,0.104
25.0,0.2407162,0.188076,0.9998824,0.01815431,0.1306594,0.9998748,0.129435,0.1593675,0.9998786,0.001870692,0.01790976,-0.9998379,0.0,-0.05584102,0.9982814,0.0177774,0.0,-0.9984379,-0.05579871,-0.002867579,0.0,-0.9826821,-1.689466,-1.077315,1.0,0.001870695,-0.05584101,-0.9984379,0.0,0.01790976,0.9982813,-0.05579871,0.0,-0.9998378,0.0177774,-0.002867576,0.0,-1.045044,1.65084,-1.078506,1.0,1.0,1.0,0.1242365,0.1545197,0.9801474,0.0002668761,-0.001285934,-0.01917666,75.33334,4651.0,0.175,0.104
25.0,0.2398202,0.1901999,0.9999049,0.0175783,0.1344898,0.9998868,0.1286986,0.1623446,0.9998958,0.001556933,0.01871338,-0.9998237,0.0,-0.05654991,0.9982266,0.01859543,0.0,-0.9983985,-0.05651098,-0.002612412,0.0,-0.9818343,-1.689269,-1.078242,1.0,0.001556933,-0.05654991,-0.9983986,0.0,0.01871338,0.9982266,-0.05651099,0.0,-0.9998237,0.01859543,-0.002612412,0.0,-1.044911,1.650801,-1.078541,1.0,1.0,1.0,0.1234849,0.1573166,0.9797974,0.0002627261,-0.001279144,-0.01918492,75.35556,4652.0,0.175,0.104
25.0,0.2398668,0.1914031,1.000005,0.01756843,0.1348343,0.9999652,0.1287162,0.1631182,0.999985,0.001313984,0.01896727,-0.9998192,0.0,-0.05657692,0.99822,0.01886257,0.0,-0.9983974,-0.05654191,-0.002384782,0.0,-0.9820157,-1.689001,-1.078427,1.0,0.001314011,-0.05657692,-0.9983973,0.0,0.01896727,0.9982201,-0.05654191,0.0,-0.9998193,0.01886258,-0.002384755,0.0,-1.044906,1.650777,-1.078513,1.0,1.0,1.0,0.1234756,0.1580206,0.9796852,0.0002622753,-0.001273468,-0.01920037,75.36667,4653.0,0.175,0.104
25.0,0.2391419,0.1913625,0.999996,0.01785201,0.13478,0.9999691,0.128496,0.1630708,0.9999826,0.001259983,0.01870916,-0.9998243,0.0,-0.05649382,0.9982295,0.01860812,0.0,-0.9984022,-0.05646044,-0.002314687,0.0,-0.9822344,-1.689211,-1.07787,1.0,0.001259966,-0.05649382,-0.9984021,0.0,0.01870915,0.9982296,-0.05646044,0.0,-0.999824,0.01860812,-0.002314703,0.0,-1.044839,1.650788,-1.078533,1.0,1.0,1.0,0.12327,0.1579771,0.9797182,0.000260314,-0.001270546,-0.0192032,75.37778,4654.0,0.175,0.104
25.0,0.2388132,0.191952,1.000098,0.0189987,0.1364321,1.000021,0.128903,0.1641911,1.00006,0.0008767247,0.01797648,-0.9998381,0.0,-0.0561375,0.9982626,0.01789893,0.0,-0.9984227,-0.05611272,-0.001884341,0.0,-0.9832227,-1.689689,-1.076263,1.0,0.0008767097,-0.0561375,-0.9984226,0.0,0.01797648,0.9982626,-0.05611272,0.0,-0.9998379,0.01789893,-0.001884356,0.0,-1.044852,1.650821,-1.078513,1.0,1.0,1.0,0.1236258,0.1590049,0.9795071,0.0002586078,-0.00126854,-0.01921017,75.4,4655.0,0.175,0.104
25.0,0.2389279,0.1949493,1.000036,0.0175434,0.1362918,0.9999954,0.128234,0.1656199,1.000016,0.0007326007,0.01783901,-0.9998407,0.0,-0.05602848,0.998271,0.01776995,0.0,-0.998429,-0.05600653,-0.0017308,0.0,-0.9836043,-1.689734,-1.075861,1.0,0.000732574,-0.05602847,-0.9984288,0.0,0.017839,0.998271,-0.05600652,0.0,-0.9998406,0.01776995,-0.001730826,0.0,-1.044825,1.65082,-1.078557,1.0,1.0,1.0,0.122972,0.1603611,0.9793682,0.0002570972,-0.001267601,-0.0192114,75.41111,4656.0,0.175,0.104
25.0,0.2386163,0.1953804,0.9999796,0.017368,0.1363688,0.9999613,0.1279915,0.1658744,0.9999704,0.0005802512,0.01781508,-0.9998412,0.0,-0.05545808,0.9983031,0.01775549,0.0,-0.9984608,-0.05543897,-0.001567245,0.0,-0.984682,-1.689207,-1.075596,1.0,0.000580239,-0.05545808,-0.9984609,0.0,0.01781509,0.9983032,-0.05543897,0.0,-0.9998412,0.01775549,-0.001567257,0.0,-1.04476,1.65083,-1.0785,1.0,1.0,1.0,0.1227431,0.1606092,0.9793563,0.0002566613,-0.001266289,-0.01921431,75.43333,4657.0,0.175,0.104
25.0,0.2386145,0.1954588,1.00005,0.01724086,0.1351615,1.000092,0.1279292,0.1653109,1.000071,0.0008355379,0.01759716,-0.9998448,0.0,-0.05498334,0.9983335,0.01752461,0.0,-0.9984869,-0.05496016,-0.001801729,0.0,-0.9852526,-1.689034,-1.075538,1.0,0.0008355714,-0.05498334,-0.9984869,0.0,0.01759715,0.9983335,-0.05496017,0.0,-0.9998448,0.01752461,-0.001801696,0.0,-1.044826,1.650895,-1.078529,1.0,1.0,1.0,0.1226834,0.1600642,0.979453,0.0002566613,-0.00126294,-0.01921448,75.44444,4658.0,0.175,0.104
25.0,0.2387893,0.1955192,1.000055,0.01718843,0.1367155,1.000093,0.1279902,0.1661178,1.000074,0.001760125,0.01742854,-0.9998465,0.0,-0.05422996,0.9983785,0.01730748,0.0,-0.9985269,-0.05419117,-0.002702415,0.0,-0.9855449,-1.688419,-1.07636,1.0,0.001760121,-0.05422996,-0.9985269,0.0,0.01742853,0.9983785,-0.05419117,0.0,-0.9998466,0.01730748,-0.00270242,0.0,-1.045033,1.650864,-1.078499,1.0,1.0,1.0,0.1227233,0.1608157,0.9793249,0.0002577584,-0.00126162,-0.01922194,75.46667,4659.0,0.175,0.104
25.0,0.2391887,0.1957398,0.9999125,0.0167342,0.1374577,1.000025,0.1279658,0.1666003,0.9999687,0.002278864,0.01737953,-0.9998464,0.0,-0.05422173,0.9983802,0.01723046,0.0,-0.9985264,-0.05417414,-0.003217578,0.0,-0.9850081,-1.688484,-1.076814,1.0,0.002278921,-0.05422173,-0.9985262,0.0,0.01737953,0.9983803,-0.05417413,0.0,-0.9998463,0.01723046,-0.003217521,0.0,-1.045059,1.650894,-1.078493,1.0,1.0,1.0,0.1227005,0.1612749,0.9792522,0.0002587289,-0.001255524,-0.01924055,75.47778,4660.0,0.175,0.104
25.0,0.2396631,0.1957592,0.9999124,0.01655092,0.1380815,1.00001,0.1281108,0.1669215,0.999961,0.00274682,0.0172461,-0.9998475,0.0,-0.05431509,0.9983779,0.01707154,0.0,-0.9985201,-0.05425991,-0.003679097,0.0,-0.9843031,-1.688632,-1.07705,1.0,0.002746828,-0.05431508,-0.99852,0.0,0.0172461,0.9983779,-0.05425991,0.0,-0.9998474,0.01707154,-0.003679088,0.0,-1.045059,1.650817,-1.078434,1.0,1.0,1.0,0.1228296,0.1615728,0.979187,0.0002609268,-0.00125518,-0.0192471,75.48889,4661.0,0.175,0.104
25.0,0.2407701,0.1963413,1.000114,0.01704925,0.1376636,1.000207,0.1289132,0.1670037,1.00016,0.003471673,0.01698975,-0.9998498,0.0,-0.0542722,0.9983853,0.01677642,0.0,-0.9985203,-0.0542058,-0.004388094,0.0,-0.9834914,-1.688884,-1.077574,1.0,0.003471628,-0.0542722,-0.9985201,0.0,0.01698974,0.9983852,-0.05420579,0.0,-0.9998494,0.01677642,-0.004388137,0.0,-1.045304,1.650859,-1.078312,1.0,1.0,1.0,0.1235615,0.1616042,0.9790897,0.0002635196,-0.00125518,-0.0192471,75.51112,4662.0,0.175,0.104
25.0,0.2407467,0.1963193,1.0,0.01703914,0.1376353,1.0,0.1288929,0.1669772,1.0,0.003471673,0.01698975,-0.9998498,0.0,-0.0542722,0.9983853,0.01677642,0.0,-0.9985203,-0.0542058,-0.004388094,0.0,-0.9834914,-1.688884,-1.077574,1.0,0.003471628,-0.0542722,-0.9985201,0.0,0.01698974,0.9983852,-0.05420579,0.0,-0.9998494,0.01677642,-0.004388137,0.0,-1.045304,1.650859,-1.078312,1.0,1.0,1.0,0.1235615,0.1616042,0.9790897,0.0002635196,-0.00125518,-0.0192471,75.52222,4663.0,0.175,0.104
25.0,0.2413915,0.1946709,1.000093,0.01740574,0.1347732,1.000131,0.1293998,0.1647226,1.000112,0.003752291,0.01677804,-0.9998523,0.0,-0.05472149,0.9983645,0.01654771,0.0,-0.9984947,-0.05465131,-0.004664302,0.0,-0.9823998,-1.689676,-1.077644,1.0,0.003752318,-0.05472147,-0.9984944,0.0,0.01677803,0.9983645,-0.0546513,0.0,-0.9998521,0.01654771,-0.004664272,0.0,-1.045449,1.650987,-1.07829,1.0,1.0,1.0,0.124071,0.1594684,0.9793754,0.0002638549,-0.001256104,-0.01924654,75.54445,4664.0,0.175,0.104
25.0,0.2434149,0.193688,1.000065,0.01895248,0.1334556,1.000031,0.1311824,0.1635713,1.000048,0.003700078,0.01636917,-0.9998591,0.0,-0.05539837,0.9983339,0.01613919,0.0,-0.9984574,-0.05533085,-0.004600763,0.0,-0.9813638,-1.690876,-1.076884,1.0,0.003700103,-0.05539838,-0.9984576,0.0,0.01636917,0.998334,-0.05533086,0.0,-0.9998592,0.01613919,-0.004600739,0.0,-1.045423,1.651073,-1.078362,1.0,1.0,1.0,0.1257861,0.1583672,0.9793354,0.0002638549,-0.001257744,-0.01924635,75.55556,4665.0,0.175,0.104
25.0,0.2418555,0.1937875,1.000124,0.02029356,0.1337693,1.000065,0.1310723,0.1637776,1.000095,0.003598154,0.0157509,-0.9998695,0.0,-0.05579834,0.9983214,0.01552572,0.0,-0.9984356,-0.05573519,-0.004470944,0.0,-0.9808476,-1.691962,-1.075722,1.0,0.00359811,-0.05579834,-0.9984356,0.0,0.0157509,0.9983213,-0.05573519,0.0,-0.9998695,0.01552572,-0.004470988,0.0,-1.045403,1.651094,-1.078425,1.0,1.0,1.0,0.1256797,0.158566,0.9793168,0.0002586432,-0.001265831,-0.01922646,75.56667,4666.0,0.175,0.104
25.0,0.241046,0.1930504,1.000093,0.02075722,0.1330885,0.9999941,0.1308978,0.1630679,1.000043,0.002794147,0.01480635,-0.9998866,0.0,-0.05651164,0.9982948,0.01462485,0.0,-0.9983981,-0.05646436,-0.003626108,0.0,-0.9806052,-1.693804,-1.07336,1.0,0.002794141,-0.05651163,-0.9983979,0.0,0.01480634,0.9982948,-0.05646435,0.0,-0.9998865,0.01462486,-0.003626112,0.0,-1.045419,1.651198,-1.078566,1.0,1.0,1.0,0.1255373,0.1579141,0.9794404,0.0002565905,-0.001266205,-0.01921797,75.58889,4667.0,0.175,0.104
25.0,0.2403108,0.192933,1.000159,0.02341776,0.1324542,1.00005,0.1318601,0.162692,1.000104,0.002315402,0.01471063,-0.9998891,0.0,-0.0565348,0.9982945,0.01455626,0.0,-0.9983979,-0.05649483,-0.003143132,0.0,-0.9811398,-1.693926,-1.072754,1.0,0.002315418,-0.0565348,-0.9983979,0.0,0.01471063,0.9982945,-0.05649482,0.0,-0.9998891,0.01455626,-0.003143115,0.0,-1.045445,1.651184,-1.078638,1.0,1.0,1.0,0.1264508,0.1575371,0.9793836,0.0002534185,-0.001268738,-0.01921361,75.6,4668.0,0.175,0.104
25.0,0.2405331,0.191531,1.00002,0.02250713,0.1327717,0.9999521,0.1315175,0.1621502,0.9999862,0.001293004,0.01532274,-0.9998819,0.0,-0.05679326,0.9982699,0.01522458,0.0,-0.9983852,-0.05676685,-0.002161026,0.0,-0.9818775,-1.693421,-1.072856,1.0,0.001293035,-0.05679325,-0.9983851,0.0,0.01532273,0.9982699,-0.05676686,0.0,-0.9998817,0.01522459,-0.002160994,0.0,-1.045512,1.651061,-1.07874,1.0,1.0,1.0,0.1261565,0.157061,0.979498,0.0002495646,-0.001274773,-0.01919888,75.62222,4669.0,0.175,0.104
25.0,0.2414319,0.1916851,0.9999629,0.02244961,0.131972,0.9998703,0.1319374,0.1618274,0.9999166,0.0006523728,0.01611004,-0.9998701,0.0,-0.05702076,0.998244,0.01604664,0.0,-0.9983728,-0.05700288,-0.001569808,0.0,-0.9821846,-1.692829,-1.073522,1.0,0.0006523461,-0.05702076,-0.9983728,0.0,0.01611004,0.998244,-0.05700288,0.0,-0.9998699,0.01604664,-0.001569834,0.0,-1.04547,1.651078,-1.078768,1.0,1.0,1.0,0.1265683,0.1567628,0.9794926,0.0002495646,-0.001276138,-0.01919377,75.63334,4670.0,0.175,0.104
25.0,0.2413465,0.1907467,1.000039,0.02207606,0.1317733,1.000008,0.1317098,0.1612595,1.000024,0.0003996491,0.01652263,-0.9998636,0.0,-0.05693592,0.9982419,0.01647308,0.0,-0.9983779,-0.05692156,-0.001339674,0.0,-0.9826465,-1.692314,-1.074028,1.0,0.0003996455,-0.05693592,-0.9983777,0.0,0.01652263,0.998242,-0.05692156,0.0,-0.9998633,0.01647308,-0.001339677,0.0,-1.045527,1.651084,-1.07882,1.0,1.0,1.0,0.1263527,0.1562221,0.9796069,0.0002495646,-0.001278267,-0.01918554,75.64445,4671.0,0.175,0.104
25.0,0.2399236,0.186684,0.9999573,0.02201462,0.1318274,0.9999935,0.1309701,0.1592561,0.9999754,-1.239777e-05,0.01754237,-0.9998461,0.0,-0.05689932,0.9982263,0.01751465,0.0,-0.9983799,-0.05689078,-0.0009857416,0.0,-0.9832015,-1.691148,-1.075411,1.0,-1.242902e-05,-0.05689931,-0.9983798,0.0,0.01754236,0.9982262,-0.05689077,0.0,-0.9998461,0.01751465,-0.0009857729,0.0,-1.045591,1.65104,-1.078879,1.0,1.0,1.0,0.1256949,0.1543591,0.9799867,0.0002496559,-0.001275032,-0.0191935,75.66667,4672.0,0.175,0.104
25.0,0.2417561,0.1860627,1.000124,0.0222578,0.1295521,1.000045,0.1320039,0.1578064,1.000084,-0.0004799366,0.01791991,-0.9998394,0.0,-0.05730956,0.9981956,0.01791796,0.0,-0.9983564,-0.05730896,-0.0005478859,0.0,-0.9830101,-1.691139,-1.07568,1.0,-0.0004799619,-0.05730956,-0.9983563,0.0,0.0179199,0.9981956,-0.05730895,0.0,-0.9998393,0.01791796,-0.0005479116,0.0,-1.045674,1.651025,-1.078901,1.0,1.0,1.0,0.1266794,0.1529622,0.980079,0.0002577435,-0.001274216,-0.01919506,75.68889,4673.0,0.175,0.104
25.0,0.2418184,0.1874564,0.9999474,0.02106877,0.1311775,0.9999263,0.1314429,0.1593168,0.9999367,-0.000639677,0.01817245,-0.9998348,0.0,-0.0573368,0.9981894,0.01817922,0.0,-0.9983548,-0.05733895,-0.0004034638,0.0,-0.9831697,-1.690846,-1.075907,1.0,-0.000639644,-0.05733678,-0.9983546,0.0,0.01817244,0.9981893,-0.05733894,0.0,-0.9998345,0.01817923,-0.0004034313,0.0,-1.045631,1.650972,-1.078937,1.0,1.0,1.0,0.1261283,0.1544136,0.9799225,0.0002657622,-0.001277878,-0.01921127,75.7,4674.0,0.175,0.104
25.0,0.2409163,0.1876744,0.9999623,0.01871021,0.1336302,0.9999495,0.1298128,0.1606524,0.9999558,-0.0007629395,0.01843981,-0.9998296,0.0,-0.05737311,0.9981822,0.01845321,0.0,-0.9983525,-0.05737742,-0.0002964139,0.0,-0.983278,-1.690578,-1.076221,1.0,-0.000762923,-0.05737313,-0.9983526,0.0,0.01843982,0.9981822,-0.05737743,0.0,-0.9998298,0.01845321,-0.000296397,0.0,-1.045614,1.650951,-1.078978,1.0,1.0,1.0,0.1245526,0.1556943,0.9799214,0.0002711248,-0.001279022,-0.01921761,75.71111,4675.0,0.175,0.104
25.0,0.2383938,0.1903093,1.000034,0.01590467,0.1319765,0.9999864,0.1271473,0.1611423,1.00001,-0.001034617,0.01866429,-0.9998252,0.0,-0.05731252,0.9981813,0.01869291,0.0,-0.9983557,-0.05732184,-3.689528e-05,0.0,-0.9836738,-1.690285,-1.076344,1.0,-0.001034684,-0.05731252,-0.9983558,0.0,0.01866429,0.9981813,-0.05732185,0.0,-0.9998253,0.01869291,-3.696199e-05,0.0,-1.045626,1.650954,-1.078987,1.0,1.0,1.0,0.1220087,0.1561843,0.9801635,0.0002745353,-0.001268875,-0.01922955,75.73334,4676.0,0.175,0.104
25.0,0.2380337,0.1919107,1.000294,0.0146486,0.1299146,1.000243,0.1263395,0.160912,1.000268,-0.001374841,0.01906134,-0.9998175,0.0,-0.0573785,0.9981696,0.01910882,0.0,-0.9983517,-0.05739429,0.0002785921,0.0,-0.983907,-1.689927,-1.076972,1.0,-0.001374819,-0.05737849,-0.9983515,0.0,0.01906134,0.9981697,-0.05739429,0.0,-0.9998173,0.01910883,0.0002786128,0.0,-1.045915,1.650959,-1.078977,1.0,1.0,1.0,0.1212136,0.1559266,0.980303,0.0002752766,-0.001254212,-0.01926014,75.74445,4677.0,0.175,0.104
25.0,0.2380607,0.1926,1.000044,0.01436477,0.1307123,1.000104,0.1262151,0.161657,1.000074,-0.001187921,0.01938229,-0.9998114,0.0,-0.05708075,0.9981807,0.0194185,0.0,-0.9983689,-0.05709305,7.939339e-05,0.0,-0.9841888,-1.689294,-1.07784,1.0,-0.00118791,-0.05708074,-0.9983688,0.0,0.01938229,0.9981807,-0.05709305,0.0,-0.9998115,0.0194185,7.940381e-05,0.0,-1.046063,1.650973,-1.078945,1.0,1.0,1.0,0.121104,0.1566556,0.9802005,0.0002755821,-0.001253571,-0.01926515,75.76667,4678.0,0.175,0.104
25.0,0.238052,0.1925918,0.9999999,0.01436016,0.130699,0.9999999,0.1262062,0.1616455,0.9999999,-0.001187921,0.01938229,-0.9998114,0.0,-0.05708075,0.9981807,0.0194185,0.0,-0.9983689,-0.05709305,7.939339e-05,0.0,-0.9841888,-1.689294,-1.07784,1.0,-0.00118791,-0.05708074,-0.9983688,0.0,0.01938229,0.9981807,-0.05709305,0.0,-0.9998115,0.0194185,7.940381e-05,0.0,-1.046063,1.650973,-1.078945,1.0,1.0,1.0,0.121104,0.1566556,0.9802005,0.0002755821,-0.001253571,-0.01926515,75.77778,4679.0,0.175,0.104
25.0,0.237465,0.194596,1.000102,0.0133801,0.1338306,1.000133,0.1254236,0.1642135,1.000117,-0.0009666681,0.01907347,-0.9998176,0.0,-0.05694439,0.9981947,0.01909756,0.0,-0.9983768,-0.05695246,-0.0001212358,0.0,-0.9841714,-1.689437,-1.077627,1.0,-0.0009666363,-0.05694439,-0.998377,0.0,0.01907347,0.9981946,-0.05695247,0.0,-0.9998176,0.01909757,-0.0001212043,0.0,-1.046158,1.650924,-1.078922,1.0,1.0,1.0,0.1202981,0.1590503,0.9799139,0.0002795644,-0.001243713,-0.01927016,75.78889,4680.0,0.175,0.104
25.0,0.2374384,0.1939588,1.000156,0.01301037,0.1342419,1.000192,0.1252257,0.1641007,1.000174,-0.0006397963,0.01847338,-0.9998292,0.0,-0.05673987,0.9982179,0.01847992,0.0,-0.9983888,-0.056742,-0.0004094839,0.0,-0.9841502,-1.690023,-1.077046,1.0,-0.000639833,-0.05673987,-0.9983888,0.0,0.01847337,0.9982179,-0.056742,0.0,-0.9998291,0.01847992,-0.000409521,0.0,-1.046271,1.651074,-1.078901,1.0,1.0,1.0,0.1201019,0.1589337,0.9799569,0.00028334,-0.001238594,-0.01927874,75.81111,4681.0,0.175,0.104
25.0,0.2374073,0.1939292,1.0,0.01300205,0.1342166,1.0,0.1252047,0.164073,1.0,-0.0006397963,0.01847338,-0.9998292,0.0,-0.05673987,0.9982179,0.01847992,0.0,-0.9983888,-0.056742,-0.0004094839,0.0,-0.9841502,-1.690023,-1.077046,1.0,-0.000639833,-0.05673987,-0.9983888,0.0,0.01847337,0.9982179,-0.056742,0.0,-0.9998291,0.01847992,-0.000409521,0.0,-1.046271,1.651074,-1.078901,1.0,1.0,1.0,0.1201019,0.1589337,0.9799569,0.00028334,-0.001238594,-0.01927874,75.82223,4682.0,0.175,0.104
25.0,0.2396338,0.1947253,1.00011,0.01219148,0.1340636,1.000157,0.1259144,0.1643952,1.000133,-0.0001146793,0.01806408,-0.9998368,0.0,-0.05646417,0.9982416,0.01804174,0.0,-0.9984046,-0.05645702,-0.0009055138,0.0,-0.9840164,-1.690226,-1.076999,1.0,-0.0001146614,-0.05646417,-0.9984047,0.0,0.01806408,0.9982415,-0.05645702,0.0,-0.9998368,0.01804174,-0.0009054957,0.0,-1.046404,1.651123,-1.078847,1.0,1.0,1.0,0.1207457,0.1591876,0.9798366,0.0002906583,-0.001223892,-0.01928955,75.84444,4683.0,0.175,0.104
25.0,0.2401599,0.1955619,0.9998894,0.01167094,0.1346397,1.000036,0.1259213,0.1651031,0.9999624,0.0006405115,0.01765668,-0.999844,0.0,-0.05611492,0.9982693,0.01759292,0.0,-0.9984242,-0.05609489,-0.001630187,0.0,-0.9837703,-1.690396,-1.077037,1.0,0.0006404926,-0.05611492,-0.9984241,0.0,0.01765667,0.9982693,-0.05609489,0.0,-0.9998438,0.01759292,-0.001630206,0.0,-1.046392,1.651214,-1.078798,1.0,1.0,1.0,0.1207568,0.159872,0.9797238,0.0002917107,-0.001220284,-0.01929598,75.85556,4684.0,0.175,0.104
25.0,0.2399932,0.1952828,1.000021,0.0121504,0.1354658,1.000093,0.1260747,0.1653753,1.000057,0.001002192,0.01746334,-0.999847,0.0,-0.05623481,0.9982663,0.01737936,0.0,-0.9984171,-0.05620879,-0.00198251,0.0,-0.9831125,-1.69076,-1.077138,1.0,0.0010022,-0.05623481,-0.998417,0.0,0.01746334,0.9982663,-0.05620879,0.0,-0.9998471,0.01737936,-0.001982502,0.0,-1.046462,1.651264,-1.078727,1.0,1.0,1.0,0.1208861,0.1601093,0.979669,0.0002917871,-0.001219482,-0.0192964,75.86667,4685.0,0.175,0.104
25.0,0.2395066,0.1954749,1.000075,0.01093922,0.1354632,1.000132,0.1252254,0.16547,1.000103,0.001318753,0.01760124,-0.9998442,0.0,-0.05676791,0.998234,0.01749802,0.0,-0.9983865,-0.05673599,-0.002315581,0.0,-0.9818218,-1.691125,-1.077821,1.0,0.001318724,-0.05676791,-0.9983866,0.0,0.01760124,0.9982341,-0.056736,0.0,-0.9998442,0.01749802,-0.00231561,0.0,-1.046593,1.651262,-1.078681,1.0,1.0,1.0,0.1200745,0.1602061,0.9797531,0.0002917107,-0.001219482,-0.01929656,75.88889,4686.0,0.175,0.104
25.0,0.2398154,0.1951064,1.000005,0.01281973,0.1348826,1.000022,0.1263183,0.1649948,1.000014,0.001371503,0.01765463,-0.9998433,0.0,-0.0570909,0.9982148,0.01754756,0.0,-0.9983681,-0.05705788,-0.002376974,0.0,-0.9812142,-1.691382,-1.077998,1.0,0.001371503,-0.0570909,-0.998368,0.0,0.01765463,0.9982148,-0.05705788,0.0,-0.9998431,0.01754756,-0.002376972,0.0,-1.046623,1.65126,-1.078682,1.0,1.0,1.0,0.1211299,0.1597555,0.9796968,0.0002912674,-0.001219482,-0.01929018,75.9,4687.0,0.175,0.104
25.0,0.239982,0.195385,1.000033,0.01301975,0.1340313,1.000055,0.1265018,0.1647086,1.000044,0.001486301,0.01758199,-0.9998444,0.0,-0.05712313,0.9982143,0.01746841,0.0,-0.9983661,-0.05708827,-0.002487957,0.0,-0.9810757,-1.691553,-1.078035,1.0,0.001486274,-0.05712312,-0.9983661,0.0,0.01758198,0.9982143,-0.05708827,0.0,-0.9998443,0.01746841,-0.002487985,0.0,-1.046668,1.651322,-1.078723,1.0,1.0,1.0,0.1213067,0.1594835,0.9797192,0.0002905186,-0.001222504,-0.01928543,75.91111,4688.0,0.175,0.104
25.0,0.2396281,0.1940329,1.000043,0.01291754,0.1358239,1.000009,0.1262715,0.1649278,1.000026,0.001352727,0.01750152,-0.9998459,0.0,-0.05731358,0.9982046,0.01739525,0.0,-0.9983553,-0.05728121,-0.00235337,0.0,-0.980899,-1.691845,-1.077766,1.0,0.001352724,-0.05731358,-0.9983553,0.0,0.01750152,0.9982047,-0.05728121,0.0,-0.9998459,0.01739525,-0.002353374,0.0,-1.046663,1.651337,-1.078733,1.0,1.0,1.0,0.1210883,0.1597022,0.9797106,0.0002884753,-0.001229706,-0.01928536,75.92223,4689.0,0.175,0.104
25.0,0.2378746,0.1922965,0.9997895,0.01301553,0.1360527,0.9997257,0.1254424,0.1641739,0.9997575,0.0009853244,0.0178509,-0.9998401,0.0,-0.05709896,0.9982104,0.01776553,0.0,-0.998368,-0.05707233,-0.002002835,0.0,-0.9816018,-1.691263,-1.077762,1.0,0.0009853307,-0.05709897,-0.9983681,0.0,0.0178509,0.9982105,-0.05707234,0.0,-0.9998402,0.01776554,-0.002002829,0.0,-1.046432,1.651335,-1.078683,1.0,1.0,1.0,0.1203534,0.159056,0.9799062,0.0002828073,-0.001234161,-0.0192815,75.94444,4690.0,0.175,0.104
25.0,0.2369829,0.1931147,1.000269,0.01218304,0.1360727,1.000291,0.1245839,0.164594,1.00028,0.00095433,0.01750698,-0.9998463,0.0,-0.0567325,0.9982374,0.01742466,0.0,-0.9983889,-0.05670715,-0.001945853,0.0,-0.9822758,-1.691173,-1.077436,1.0,0.0009543207,-0.05673249,-0.998389,0.0,0.01750698,0.9982373,-0.05670715,0.0,-0.9998463,0.01742466,-0.001945863,0.0,-1.046726,1.651239,-1.078691,1.0,1.0,1.0,0.1194812,0.159391,0.9799585,0.0002743844,-0.001237732,-0.01927797,75.96667,4691.0,0.175,0.104
25.0,0.2369472,0.1925844,1.000021,0.01287794,0.1361466,0.9999793,0.1249108,0.1643647,1.0,0.0007258654,0.0176849,-0.9998434,0.0,-0.05660432,0.9982413,0.01761547,0.0,-0.9983965,-0.05658267,-0.001725614,0.0,-0.9827412,-1.690858,-1.077511,1.0,0.0007258485,-0.05660431,-0.9983963,0.0,0.0176849,0.9982412,-0.05658266,0.0,-0.9998433,0.01761547,-0.00172563,0.0,-1.046726,1.651238,-1.078698,1.0,1.0,1.0,0.1198284,0.1592127,0.9799451,0.0002730247,-0.001237999,-0.01927783,75.97778,4692.0,0.175,0.104
25.0,0.2376045,0.1917413,1.000021,0.01293231,0.1372358,1.00003,0.1252688,0.1644887,1.000026,0.0007719994,0.0176715,-0.9998436,0.0,-0.0566103,0.9982412,0.01759947,0.0,-0.9983962,-0.05658786,-0.001771033,0.0,-0.9826684,-1.690888,-1.077563,1.0,0.0007720015,-0.0566103,-0.998396,0.0,0.0176715,0.9982412,-0.05658785,0.0,-0.9998434,0.01759947,-0.00177103,0.0,-1.046755,1.65125,-1.078684,1.0,1.0,1.0,0.1201631,0.1593218,0.9798864,0.0002725683,-0.001241387,-0.01927375,76.0,4693.0,0.175,0.104
1.0,-0.03768447,-0.1103981,0.9999032,-0.221839,-0.1304272,0.9998969,-0.1297619,-0.1204126,0.9999001,-0.007476687,0.01951986,-0.9997815,0.0,-0.06154907,0.9979048,0.01994349,0.0,-0.9980761,-0.06168474,0.006259561,0.0,-0.9914329,-1.691786,-1.076223,1.0,-0.007476655,-0.06154908,-0.9980761,0.0,0.01951985,0.9979048,-0.06168474,0.0,-0.9997815,0.0199435,0.006259593,0.0,-1.050377,1.648683,-1.087146,1.0,0.9928502,0.9241182,-0.1285211,-0.1129959,0.9852484,0.002944557,-0.003737167,-0.01743242,95.27778,5891.0,-0.175,-0.246
1.0,-0.03886239,-0.1106706,1.000153,-0.2227736,-0.1308486,1.000149,-0.1308182,-0.1207596,1.000151,-0.007528901,0.01911019,-0.9997891,0.0,-0.06158948,0.9979103,0.01953807,0.0,-0.9980732,-0.06172359,0.006336212,0.0,-0.9913628,-1.692268,-1.075718,1.0,-0.00752893,-0.06158947,-0.9980731,0.0,0.01911018,0.9979103,-0.06172358,0.0,-0.9997889,0.01953807,0.00633618,0.0,-1.050615,1.648692,-1.087089,1.0,0.994786,0.9253178,-0.1294835,-0.1132856,0.985089,0.002936523,-0.003737167,-0.01743117,95.3,5892.0,-0.175,-0.246
1.0,-0.03901212,-0.1126943,1.000042,-0.2218541,-0.1303318,1.00004,-0.1304332,-0.1215131,1.000041,-0.007534266,0.0190693,-0.9997898,0.0,-0.06161884,0.9979093,0.01949778,0.0,-0.9980714,-0.06175279,0.006343484,0.0,-0.9913354,-1.692388,-1.075691,1.0,-0.007534264,-0.06161884,-0.9980713,0.0,0.0190693,0.9979092,-0.06175278,0.0,-0.9997898,0.01949778,0.006343485,0.0,-1.050661,1.648739,-1.087109,1.0,0.9925788,0.9271125,-0.1291195,-0.1140268,0.9850513,0.002936058,-0.003733566,-0.01743116,95.31111,5893.0,-0.175,-0.246
1.0,-0.03869107,-0.1139431,1.000026,-0.2218617,-0.1304055,0.9999948,-0.1302773,-0.1221743,1.00001,-0.007693529,0.01897355,-0.9997904,0.0,-0.06163696,0.9979098,0.01941217,0.0,-0.998069,-0.06177339,0.006507993,0.0,-0.9914479,-1.69251,-1.075414,1.0,-0.007693546,-0.06163697,-0.998069,0.0,0.01897356,0.9979098,-0.06177339,0.0,-0.9997904,0.01941217,0.006507976,0.0,-1.050704,1.648739,-1.087087,1.0,0.9915772,0.9228162,-0.1289654,-0.1146645,0.9849975,0.002935929,-0.003733406,-0.01743134,95.32223,5894.0,-0.175,-0.246
1.0,-0.0381729,-0.1139252,1.00005,-0.2210312,-0.1302971,1.000047,-0.1296021,-0.1221113,1.000048,-0.007921576,0.01917679,-0.9997848,0.0,-0.06192092,0.997888,0.01963102,0.0,-0.9980497,-0.06206309,0.006717443,0.0,-0.9912162,-1.692502,-1.075694,1.0,-0.007921618,-0.06192092,-0.9980496,0.0,0.01917678,0.997888,-0.0620631,0.0,-0.9997846,0.01963102,0.006717402,0.0,-1.050858,1.648667,-1.087099,1.0,0.9915772,0.9228162,-0.1283181,-0.1146092,0.9850883,0.002935302,-0.003733406,-0.01743253,95.34444,5895.0,-0.175,-0.246
1.0,-0.03659917,-0.1125107,0.9999781,-0.2211956,-0.1302892,0.9999502,-0.1288982,-0.1214,0.9999642,-0.008080244,0.0192379,-0.9997823,0.0,-0.06200005,0.9978817,0.0197024,0.0,-0.9980435,-0.06214575,0.00687027,0.0,-0.9913024,-1.692544,-1.07562,1.0,-0.008080134,-0.06200004,-0.9980433,0.0,0.01923789,0.9978817,-0.06214574,0.0,-0.9997821,0.01970241,0.006870375,0.0,-1.050835,1.64869,-1.087157,1.0,1.0,1.0,-0.1276671,-0.1139488,0.9852496,0.002934677,-0.003733406,-0.01743311,95.35556,5896.0,-0.175,-0.246
1.0,-0.03508916,-0.1122948,1.0,-0.2200446,-0.1305654,0.9999263,-0.1275691,-0.1214302,0.9999633,-0.008755922,0.01863385,-0.9997881,0.0,-0.06183136,0.997903,0.01914021,0.0,-0.9980482,-0.06198584,0.007585406,0.0,-0.9923254,-1.69304,-1.074004,1.0,-0.008755921,-0.06183136,-0.9980482,0.0,0.01863384,0.997903,-0.06198584,0.0,-0.999788,0.01914022,0.007585405,0.0,-1.050917,1.64869,-1.087186,1.0,0.9903435,0.9266721,-0.1264003,-0.1139979,0.9854073,0.002934447,-0.00373198,-0.01743302,95.37778,5897.0,-0.175,-0.246
1.0,-0.03554267,-0.1117456,1.000014,-0.2198376,-0.130515,0.9999713,-0.1276915,-0.1211304,0.9999925,-0.008974671,0.01849577,-0.9997887,0.0,-0.06196717,0.997897,0.01901703,0.0,-0.9980379,-0.06212475,0.007809639,0.0,-0.9923493,-1.693408,-1.073594,1.0,-0.008974643,-0.06196718,-0.9980379,0.0,0.01849578,0.997897,-0.06212475,0.0,-0.9997887,0.01901703,0.007809667,0.0,-1.050953,1.648771,-1.08722,1.0,0.9961412,0.9288394,-0.1265176,-0.1137079,0.9854257,0.002934371,-0.003730347,-0.01742985,95.38889,5898.0,-0.175,-0.246
1.0,-0.03588013,-0.1131029,0.9999619,-0.2201203,-0.1306981,0.9999583,-0.1280006,-0.1219005,0.9999602,-0.008965373,0.01857177,-0.9997873,0.0,-0.06194274,0.9978971,0.01909212,0.0,-0.9980395,-0.06210073,0.007796168,0.0,-0.992397,-1.693281,-1.07369,1.0,-0.008965407,-0.06194273,-0.9980394,0.0,0.01857177,0.9978971,-0.06210073,0.0,-0.9997873,0.01909211,0.007796133,0.0,-1.050912,1.648748,-1.087235,1.0,0.9922764,0.9314894,-0.1268046,-0.1144434,0.9853036,0.002933486,-0.003730347,-0.01743002,95.41111,5899.0,-0.175,-0.246
1.0,-0.03602561,-0.1131101,1.00001,-0.2197945,-0.1305178,0.9999918,-0.1279107,-0.121814,1.000001,-0.009071469,0.01870069,-0.999784,0.0,-0.06176665,0.9979054,0.01922599,0.0,-0.9980494,-0.06192772,0.007897377,0.0,-0.9927826,-1.692944,-1.073797,1.0,-0.009071457,-0.06176665,-0.9980494,0.0,0.01870069,0.9979054,-0.06192772,0.0,-0.9997839,0.01922599,0.007897388,0.0,-1.050911,1.648722,-1.087206,1.0,0.9878157,0.923071,-0.126715,-0.1143572,0.9853252,0.002933486,-0.003730629,-0.0174316,95.42223,5900.0,-0.175,-0.246
1.0,-0.03589948,-0.11174,0.9999381,-0.2198018,-0.1308401,0.9999998,-0.127849,-0.1212896,0.9999689,-0.008753896,0.01885966,-0.9997839,0.0,-0.06186312,0.9978967,0.01936571,0.0,-0.9980463,-0.06201927,0.007568836,0.0,-0.9923115,-1.692854,-1.074293,1.0,-0.008753963,-0.06186311,-0.9980462,0.0,0.01885965,0.9978967,-0.06201926,0.0,-0.9997837,0.01936572,0.007568765,0.0,-1.05082,1.648711,-1.087231,1.0,0.9935154,0.9098417,-0.1266679,-0.1138605,0.9853888,0.002933486,-0.003730896,-0.01742829,95.43333,5901.0,-0.175,-0.246
1.0,-0.03635135,-0.1113634,0.9999079,-0.2208312,-0.1309211,0.9999365,-0.1285905,-0.1211421,0.9999223,-0.008564949,0.01930562,-0.9997769,0.0,-0.06233954,0.9978585,0.01980263,0.0,-0.9980182,-0.06249524,0.007343054,0.0,-0.9913408,-1.692822,-1.075035,1.0,-0.0085649,-0.06233955,-0.9980183,0.0,0.01930562,0.9978586,-0.06249525,0.0,-0.999777,0.01980263,0.007343104,0.0,-1.050605,1.648686,-1.087275,1.0,0.9851341,0.909444,-0.1273823,-0.1137132,0.9853137,0.002933486,-0.003732079,-0.01742722,95.45556,5902.0,-0.175,-0.246
1.0,-0.03581569,-0.1107966,0.9999723,-0.2208403,-0.131476,1.000013,-0.1283269,-0.1211362,0.9999925,-0.008362889,0.0194083,-0.9997768,0.0,-0.06254902,0.9978436,0.01989398,0.0,-0.998007,-0.06270141,0.007130861,0.0,-0.9907788,-1.692932,-1.075369,1.0,-0.008362863,-0.062549,-0.9980068,0.0,0.0194083,0.9978436,-0.06270141,0.0,-0.9997765,0.01989398,0.007130884,0.0,-1.050558,1.648703,-1.087285,1.0,0.993362,0.9227564,-0.1271234,-0.1137046,0.9853482,0.002934089,-0.003730843,-0.01742606,95.46667,5903.0,-0.175,-0.246
1.0,-0.03570932,-0.1107093,1.000093,-0.2210059,-0.1292471,1.000128,-0.1283566,-0.1199781,1.00011,-0.008072138,0.01948404,-0.9997776,0.0,-0.06330121,0.9977949,0.01995649,0.0,-0.9979618,-0.06344822,0.006820917,0.0,-0.9891198,-1.693483,-1.075929,1.0,-0.008072081,-0.06330122,-0.9979619,0.0,0.01948405,0.9977949,-0.06344822,0.0,-0.9997775,0.0199565,0.006820975,0.0,-1.050678,1.648608,-1.087214,1.0,0.9905508,0.9193698,-0.1271568,-0.1125872,0.9854721,0.002937142,-0.003727875,-0.01742194,95.48889,5904.0,-0.175,-0.246
1.0,-0.03576411,-0.1108545,0.9999635,-0.2209302,-0.1297765,1.000015,-0.1283457,-0.1203151,0.9999893,-0.007813811,0.01966305,-0.9997762,0.0,-0.06340092,0.9977853,0.0201194,0.0,-0.9979576,-0.06354395,0.006549835,0.0,-0.9886734,-1.693345,-1.076425,1.0,-0.007813794,-0.06340092,-0.9979575,0.0,0.01966304,0.9977853,-0.06354393,0.0,-0.9997761,0.0201194,0.00654985,0.0,-1.050613,1.648569,-1.087205,1.0,0.9845425,0.9185222,-0.127157,-0.112925,0.9854335,0.002937203,-0.003726235,-0.01741775,95.5,5905.0,-0.175,-0.246
1.0,-0.03577424,-0.1097542,1.000013,-0.2209899,-0.1294096,1.000028,-0.1283818,-0.1195817,1.000021,-0.007977962,0.02029914,-0.9997622,0.0,-0.06334941,0.9977754,0.02076432,0.0,-0.9979597,-0.0635,0.00667429,0.0,-0.9888584,-1.692555,-1.077344,1.0,-0.007977975,-0.0633494,-0.9979594,0.0,0.02029913,0.9977753,-0.06349999,0.0,-0.999762,0.02076432,0.006674274,0.0,-1.050619,1.648517,-1.087127,1.0,0.9934633,0.9239122,-0.127198,-0.1122176,0.985509,0.002937203,-0.003728951,-0.01741673,95.52222,5906.0,-0.175,-0.246
1.0,-0.03557818,-0.1089472,1.000005,-0.2203287,-0.1288781,0.9999874,-0.1279539,-0.1189128,0.9999961,-0.00810802,0.02067985,-0.9997533,0.0,-0.06314187,0.9977804,0.02115113,0.0,-0.9979716,-0.06329779,0.006784201,0.0,-0.9892843,-1.691921,-1.07782,1.0,-0.008107962,-0.06314188,-0.9979716,0.0,0.02067985,0.9977804,-0.06329779,0.0,-0.9997532,0.02115112,0.006784258,0.0,-1.050587,1.648498,-1.08706,1.0,0.9934633,0.9239122,-0.1268037,-0.1115833,0.9856318,0.002937203,-0.003732452,-0.01740734,95.53333,5907.0,-0.175,-0.246
