flag,xl,yl,zl,xr,yr,zr,xc,yc,zc,mat_00,mat_10,mat_20,mat_30,mat_01,mat_11,mat_21,mat_31,mat_02,mat_12,mat_22,mat_32,mat_03,mat_13,mat_23,mat_33,ctw_00,ctw_10,ctw_20,ctw_30,ctw_01,ctw_11,ctw_21,ctw_31,ctw_02,ctw_12,ctw_22,ctw_32,ctw_03,ctw_13,ctw_23,ctw_33,opennessl,opennessr,ray_x,ray_y,ray_z,eye_x,eye_y,eye_z,time,frame
25,0.2363863,0.1048988,0.9999775,0.04349314,0.08500148,1.0,0.1399403,0.09495016,0.9999889,0.1608045,-0.04774024,-0.9858311,0,-0.01963215,0.9984772,-0.05155496,0,-0.9867911,-0.02764425,-0.1596223,0,-0.778157,-1.774904,-1.085492,1,0.1608044,-0.01963215,-0.9867909,0,-0.04774024,0.9984772,-0.02764425,0,-0.985831,-0.05155496,-0.1596223,0,-1.029715,1.700961,-0.9902129,1,1.0,1.0,0.1365027,0.08751749,0.9867663,-0.001624566,0.004186486,-0.02337344,46.88889,2902
25,0.236688,0.1048782,1.000088,0.04314777,0.08481525,1.00009,0.1399179,0.09484672,1.000089,0.1607752,-0.04757318,-0.985844,0,-0.01931592,0.9984947,-0.05133378,0,-0.9868022,-0.02729569,-0.1596142,0,-0.7787324,-1.774445,-1.085981,1,0.1607751,-0.01931593,-0.9868019,0,-0.04757318,0.9984947,-0.02729568,0,-0.9858438,-0.05133377,-0.1596142,0,-1.029823,1.700984,-0.9902273,1,1.0,1.0,0.1364719,0.08741284,0.9867799,-0.001625664,0.004185425,-0.02336318,46.9,2903
25,0.236932,0.1049658,1.000136,0.04404782,0.08427074,1.000134,0.1404898,0.09461839,1.000135,0.1607144,-0.0474136,-0.9858616,0,-0.01927656,0.9985042,-0.05116409,0,-0.9868128,-0.02722682,-0.15956,0,-0.7788533,-1.774259,-1.086376,1,0.1607143,-0.01927656,-0.9868127,0,-0.0474136,0.9985042,-0.02722682,0,-0.9858613,-0.05116408,-0.15956,0,-1.029967,1.701008,-0.9902319,1,1.0,1.0,0.1370109,0.08718579,0.9867252,-0.00162606,0.004183685,-0.02335668,46.92222,2904
25,0.2357042,0.1055375,1.000033,0.04538824,0.08548258,1.000021,0.1405457,0.09550998,1.000027,0.1606396,-0.04744511,-0.9858722,0,-0.0190584,0.9985087,-0.05115865,0,-0.9868292,-0.02700726,-0.1594958,0,-0.7793173,-1.774046,-1.086351,1,0.1606396,-0.0190584,-0.986829,0,-0.04744511,0.9985086,-0.02700725,0,-0.9858721,-0.05115864,-0.1594958,0,-1.029984,1.700971,-0.9902335,1,1.0,1.0,0.1370674,0.0880525,0.9866404,-0.001624878,0.004179154,-0.02334863,46.93333,2905
25,0.2352085,0.1059262,1.00001,0.04780422,0.08530957,1.000024,0.1415068,0.09561796,1.000017,0.1606446,-0.04701193,-0.9858921,0,-0.01897785,0.9985332,-0.05070703,0,-0.9868299,-0.02685592,-0.1595168,0,-0.7793629,-1.773447,-1.087241,1,0.1606446,-0.01897785,-0.9868299,0,-0.04701193,0.9985332,-0.02685593,0,-0.9858922,-0.05070703,-0.1595168,0,-1.030075,1.700924,-0.9901594,1,1.0,1.0,0.137977,0.08814673,0.9865052,-0.001624741,0.00417836,-0.02334208,46.95555,2906
25,0.2343218,0.1061227,0.9998894,0.04795007,0.08507966,0.9998954,0.1411362,0.09560122,0.9998924,0.1606516,-0.04681479,-0.9859004,0,-0.0189388,0.9985444,-0.05050125,0,-0.9868295,-0.02678487,-0.1595311,0,-0.7794216,-1.773291,-1.087527,1,0.1606515,-0.0189388,-0.9868293,0,-0.04681478,0.9985444,-0.02678487,0,-0.9859002,-0.05050124,-0.1595311,0,-1.029994,1.701027,-0.9901478,1,1.0,1.0,0.1376441,0.08814598,0.9865518,-0.001624932,0.004178513,-0.02333531,46.96667,2907
25,0.2344152,0.1057922,0.9999787,0.04764283,0.08584531,0.999993,0.1410295,0.09581874,0.9999859,0.1607364,-0.04690878,-0.985882,0,-0.01892054,0.99854,-0.05059582,0,-0.986816,-0.02678602,-0.1596142,0,-0.7793375,-1.77334,-1.087419,1,0.1607364,-0.01892055,-0.986816,0,-0.04690878,0.9985399,-0.02678601,0,-0.985882,-0.05059582,-0.1596142,0,-1.029984,1.700987,-0.9901308,1,1.0,1.0,0.1375302,0.08834766,0.9865497,-0.001625693,0.004178452,-0.02332884,46.97778,2908
25,0.2334036,0.1057618,0.9999242,0.04783667,0.08439729,0.9999903,0.1406222,0.0950798,0.9999573,0.1613655,-0.04824637,-0.9857147,0,-0.01901947,0.9984668,-0.05198409,0,-0.9867114,-0.02713621,-0.1602005,0,-0.7783602,-1.77508,-1.085397,1,0.1613655,-0.01901948,-0.9867114,0,-0.04824637,0.9984668,-0.02713621,0,-0.9857146,-0.05198409,-0.1602005,0,-1.029932,1.701131,-0.9900669,1,1.0,1.0,0.137159,0.08764828,0.9866636,-0.001626885,0.004178833,-0.0233218,47.0,2909
25,0.2335832,0.1073637,0.9999236,0.04768825,0.08624613,0.9999948,0.1406378,0.09680533,0.9999592,0.1618357,-0.04913985,-0.9855935,0,-0.01884841,0.9984233,-0.05287446,0,-0.9866378,-0.02713384,-0.1606542,0,-0.7780669,-1.77599,-1.084148,1,0.1618356,-0.01884841,-0.9866376,0,-0.04913985,0.9984232,-0.02713384,0,-0.9855935,-0.05287445,-0.1606543,0,-1.029882,1.701201,-0.9900324,1,1.0,1.0,0.137155,0.08929861,0.9865162,-0.001627624,0.004178955,-0.0233153,47.01111,2910
25,0.2338036,0.1068806,0.9997563,0.04756995,0.08641383,0.9998913,0.1406909,0.09664793,0.9998239,0.1630803,-0.05002069,-0.9853441,0,-0.01853343,0.9983824,-0.05374998,0,-0.9864388,-0.02702737,-0.1618895,0,-0.77719,-1.776841,-1.083317,1,0.1630803,-0.01853343,-0.9864386,0,-0.05002069,0.9983824,-0.02702736,0,-0.9853439,-0.05374997,-0.1618894,0,-1.029575,1.701335,-0.9900512,1,1.0,1.0,0.1372249,0.08915836,0.9865192,-0.001627548,0.004180084,-0.02331225,47.03333,2911
25,0.235156,0.1073504,0.9999046,0.04823843,0.08639482,0.9999455,0.1416983,0.09687289,0.9999251,0.1633111,-0.05014623,-0.9852995,0,-0.01854,0.9983751,-0.05388467,0,-0.9864005,-0.02706742,-0.1621161,0,-0.7768611,-1.776939,-1.083212,1,0.1633111,-0.01854,-0.9864004,0,-0.05014623,0.9983751,-0.02706741,0,-0.9852993,-0.05388467,-0.162116,0,-1.029525,1.70128,-0.9899992,1,1.0,1.0,0.1381612,0.08935431,0.9863708,-0.001625748,0.004179299,-0.02330584,47.04445,2912
25,0.2361988,0.106772,0.9999239,0.04819726,0.08702905,0.9999562,0.142199,0.09690091,0.99994,0.1634297,-0.04972972,-0.985301,0,-0.01842811,0.9984006,-0.05344752,0,-0.986383,-0.02689216,-0.1622519,0,-0.7769314,-1.776414,-1.084092,1,0.1634297,-0.01842812,-0.9863827,0,-0.04972972,0.9984006,-0.02689214,0,-0.9853007,-0.05344751,-0.1622519,0,-1.029523,1.701314,-0.9900192,1,1.0,1.0,0.1386298,0.08937431,0.9863032,-0.001623824,0.004178864,-0.02330824,47.05556,2913
25,0.2370744,0.1036474,0.9998649,0.04842207,0.08678352,0.9998335,0.1427473,0.09521518,0.9998492,0.1633613,-0.04806317,-0.9853949,0,-0.01903516,0.9984731,-0.05185676,0,-0.9863827,-0.02722854,-0.1621969,0,-0.7759525,-1.775034,-1.086736,1,0.1633613,-0.01903517,-0.9863827,0,-0.04806316,0.9984731,-0.02722854,0,-0.9853947,-0.05185676,-0.162197,0,-1.029418,1.701198,-0.9899832,1,1.0,1.0,0.1391813,0.08776482,0.9863701,-0.001624253,0.00417788,-0.02330331,47.07778,2914
25,0.2371959,0.1035553,0.9999,0.04873666,0.08613995,0.9998719,0.1429655,0.09484762,0.999886,0.1631463,-0.04716644,-0.9854739,0,-0.01927472,0.9985136,-0.0509815,0,-0.9864137,-0.02731217,-0.1619946,0,-0.7758297,-1.77419,-1.088042,1,0.1631462,-0.01927471,-0.9864135,0,-0.04716644,0.9985136,-0.02731216,0,-0.9854738,-0.05098149,-0.1619946,0,-1.029345,1.701129,-0.9900028,1,1.0,1.0,0.1393872,0.08740778,0.9863727,-0.001624519,0.004177292,-0.02330351,47.08889,2915
25,0.2375152,0.1046748,0.9999735,0.04800167,0.08514225,0.9999085,0.1427564,0.09490817,0.9999411,0.1625729,-0.0459852,-0.9856244,0,-0.01923657,0.9985758,-0.04976241,0,-0.9865091,-0.02705005,-0.1614567,0,-0.7766705,-1.772704,-1.08952,1,0.1625728,-0.01923657,-0.9865089,0,-0.0459852,0.9985759,-0.02705005,0,-0.9856244,-0.04976241,-0.1614567,0,-1.029111,1.701022,-0.9900545,1,1.0,1.0,0.1391835,0.08746722,0.9863962,-0.001626533,0.004173287,-0.02330411,47.11111,2916
25,0.2368192,0.1061024,0.9998178,0.04871542,0.08565011,0.9997723,0.1427659,0.09587603,0.9997951,0.1622531,-0.04555213,-0.9856973,0,-0.01872058,0.998612,-0.04923051,0,-0.9865717,-0.02644063,-0.1611752,0,-0.7779896,-1.77169,-1.090024,1,0.1622531,-0.01872058,-0.9865715,0,-0.04555213,0.998612,-0.02644062,0,-0.9856971,-0.04923051,-0.1611751,0,-1.028906,1.701004,-0.9900718,1,1.0,1.0,0.1392069,0.08840796,0.9863091,-0.001632408,0.004171219,-0.02329721,47.12222,2917
25,0.2363484,0.1061288,1.000015,0.05082927,0.08574417,0.9999863,0.1435879,0.0959361,1.000001,0.1617258,-0.04530871,-0.9857951,0,-0.01834339,0.9986348,-0.0489082,0,-0.9866653,-0.02599254,-0.1606739,0,-0.7793362,-1.770939,-1.090077,1,0.1617258,-0.0183434,-0.9866652,0,-0.04530871,0.9986348,-0.02599254,0,-0.9857951,-0.04890819,-0.1606739,0,-1.028793,1.700912,-0.990122,1,1.0,1.0,0.1399643,0.08843815,0.9861991,-0.001641389,0.004171219,-0.02329716,47.14445,2918
25,0.2366639,0.1054697,1.000007,0.04901363,0.0858085,0.9999508,0.1428369,0.09563892,0.999979,0.1613997,-0.04522448,-0.9858524,0,-0.01800229,0.9986483,-0.04875874,0,-0.9867249,-0.02561725,-0.1603674,0,-0.7803537,-1.770527,-1.090034,1,0.1613997,-0.01800229,-0.9867249,0,-0.04522448,0.9986483,-0.02561725,0,-0.9858524,-0.04875873,-0.1603673,0,-1.028735,1.700937,-0.9901564,1,1.0,1.0,0.1392667,0.08816524,0.9863223,-0.00164669,0.004171219,-0.02329107,47.15556,2919
25,0.2367843,0.1055142,0.9999567,0.04815641,0.08791286,0.9999117,0.1424691,0.09671339,0.9999343,0.1611642,-0.04529168,-0.9858878,0,-0.01791383,0.9986476,-0.04880625,0,-0.9867651,-0.02552685,-0.1601349,0,-0.7808965,-1.770531,-1.089655,1,0.1611642,-0.01791383,-0.9867649,0,-0.04529167,0.9986476,-0.02552684,0,-0.9858878,-0.04880625,-0.1601349,0,-1.028616,1.700966,-0.9902492,1,1.0,1.0,0.1389101,0.08919654,0.9862798,-0.001648163,0.004173508,-0.0233162,47.16667,2920
25,0.2368975,0.1066093,1.000005,0.047864,0.08560826,0.9999515,0.1423791,0.09610852,0.9999784,0.1606957,-0.04561612,-0.9859494,0,-0.0180009,0.9986298,-0.04913669,0,-0.9868399,-0.02564404,-0.1596544,0,-0.7815494,-1.770982,-1.088484,1,0.1606957,-0.01800091,-0.9868398,0,-0.04561613,0.9986299,-0.02564404,0,-0.9859493,-0.04913669,-0.1596544,0,-1.028384,1.701002,-0.9904604,1,1.0,1.0,0.1388247,0.08859655,0.986346,-0.001648163,0.004191407,-0.02333282,47.18889,2921
25,0.2374492,0.1088162,1.000038,0.04781242,0.08628352,1.000021,0.1426303,0.0975497,1.00003,0.1606288,-0.04564089,-0.9859592,0,-0.01829131,0.9986211,-0.04920698,0,-0.9868455,-0.02593854,-0.1595725,0,-0.7811986,-1.771293,-1.088304,1,0.1606288,-0.01829131,-0.9868454,0,-0.04564088,0.9986211,-0.02593854,0,-0.985959,-0.04920697,-0.1595725,0,-1.028384,1.70101,-0.9905304,1,1.0,1.0,0.1390363,0.08995198,0.9861935,-0.001647133,0.004206795,-0.02333965,47.2,2922
25,0.2382235,0.1096412,1.000253,0.04766487,0.08974214,1.000223,0.1429432,0.0996914,1.000238,0.160302,-0.04605357,-0.9859931,0,-0.01881845,0.9985868,-0.04970128,0,-0.9868886,-0.02652208,-0.1592088,0,-0.7806575,-1.772244,-1.087277,1,0.160302,-0.01881845,-0.9868885,0,-0.04605357,0.9985868,-0.02652207,0,-0.9859931,-0.04970128,-0.1592088,0,-1.028525,1.70101,-0.9905297,1,1.0,1.0,0.1392744,0.09195754,0.9859749,-0.001644379,0.00422538,-0.02335218,47.22223,2923
25,0.2384768,0.1087456,0.9999325,0.04760502,0.09084456,0.9999582,0.1430417,0.09979519,0.9999453,0.1604509,-0.04600056,-0.9859714,0,-0.01914779,0.9985804,-0.04970483,0,-0.9868582,-0.02685437,-0.1593423,0,-0.7799834,-1.772522,-1.087345,1,0.1604509,-0.01914779,-0.986858,0,-0.04600056,0.9985803,-0.02685436,0,-0.9859713,-0.04970483,-0.1593423,0,-1.028479,1.701024,-0.990593,1,1.0,1.0,0.1394036,0.09207878,0.9859453,-0.001643333,0.004227738,-0.02335398,47.23333,2924
25,0.2377845,0.1086939,1.000043,0.04726788,0.09091704,1.000066,0.1425269,0.09980565,1.000054,0.1606031,-0.0461865,-0.985938,0,-0.01937584,0.9985645,-0.04993421,0,-0.9868289,-0.02712297,-0.1594777,0,-0.7794433,-1.773001,-1.087107,1,0.1606031,-0.01937584,-0.9868287,0,-0.0461865,0.9985645,-0.02712296,0,-0.9859377,-0.0499342,-0.1594776,0,-1.028527,1.70107,-0.9906353,1,1.0,1.0,0.1389003,0.09208474,0.9860159,-0.001640984,0.004228355,-0.02335531,47.24445,2925
25,0.2385559,0.1091111,0.9998457,0.04773264,0.09097119,0.999886,0.1431455,0.1000412,0.9998658,0.16091,-0.04628088,-0.9858834,0,-0.01978043,0.9985481,-0.05010385,0,-0.9867709,-0.02756341,-0.159761,0,-0.778443,-1.773536,-1.086832,1,0.16091,-0.01978043,-0.9867709,0,-0.04628087,0.9985482,-0.02756341,0,-0.9858834,-0.05010385,-0.1597609,0,-1.028311,1.701109,-0.9906629,1,1.0,1.0,0.139503,0.09231696,0.985909,-0.001637344,0.004230164,-0.02335752,47.26667,2926
25,0.2375932,0.1102392,0.9997126,0.04539466,0.09655459,0.9997059,0.1414937,0.1033967,0.9997092,0.1608851,-0.04640801,-0.9858816,0,-0.0197962,0.9985412,-0.05023447,0,-0.9867747,-0.02759869,-0.1597317,0,-0.7785072,-1.773746,-1.086271,1,0.1608851,-0.01979621,-0.9867746,0,-0.04640801,0.9985413,-0.02759868,0,-0.9858814,-0.05023446,-0.1597317,0,-1.028,1.701179,-0.990676,1,1.0,1.0,0.1378953,0.09551619,0.9858304,-0.001611313,0.004271866,-0.02336624,47.27778,2927
25,0.2374848,0.1098403,0.9998044,0.04360146,0.09176055,0.9998434,0.1405444,0.1008006,0.9998237,0.161397,-0.04678217,-0.9857802,0,-0.02013363,0.9985119,-0.05068277,0,-0.9866843,-0.02802739,-0.160215,0,-0.7774551,-1.774577,-1.08566,1,0.161397,-0.02013363,-0.986684,0,-0.04678217,0.9985119,-0.02802737,0,-0.98578,-0.05068276,-0.1602149,0,-1.027762,1.701259,-0.9907782,1,1.0,1.0,0.1370164,0.09303637,0.98619,-0.001612136,0.004274262,-0.02336218,47.3,2928
25,0.2349717,0.1124244,0.9999701,0.04316076,0.09374706,0.999962,0.1390659,0.1030857,0.999966,0.1613761,-0.04699272,-0.9857736,0,-0.02014538,0.9985007,-0.05089733,0,-0.9866875,-0.02807241,-0.1601874,0,-0.7774925,-1.774847,-1.085202,1,0.1613761,-0.02014539,-0.9866873,0,-0.04699272,0.9985007,-0.0280724,0,-0.9857734,-0.05089733,-0.1601874,0,-1.027699,1.701289,-0.9908019,1,1.0,1.0,0.1355733,0.09522577,0.9861804,-0.001614768,0.004272499,-0.02336506,47.31111,2929
25,0.2389144,0.1117517,0.9999417,0.04258604,0.09351879,0.9999446,0.1407503,0.1026353,0.9999433,0.1613908,-0.0472171,-0.9857605,0,-0.02007549,0.998491,-0.05111369,0,-0.9866865,-0.02803891,-0.1601994,0,-0.7777215,-1.775001,-1.084761,1,0.1613908,-0.02007549,-0.9866862,0,-0.0472171,0.998491,-0.0280389,0,-0.9857603,-0.05111368,-0.1601994,0,-1.027607,1.701264,-0.9909142,1,1.0,1.0,0.1371768,0.09477976,0.9860017,-0.001616195,0.004269432,-0.02336189,47.33334,2930
25,0.2366905,0.1110231,1.000087,0.04242131,0.09363912,1.000066,0.1395552,0.1023311,1.000076,0.1612941,-0.04731256,-0.9857717,0,-0.02008092,0.9984861,-0.05120848,0,-0.9867021,-0.02805482,-0.1600998,0,-0.7778605,-1.775102,-1.084565,1,0.161294,-0.02008091,-0.986702,0,-0.04731255,0.998486,-0.02805482,0,-0.9857715,-0.05120847,-0.1600998,0,-1.027654,1.701256,-0.9909554,1,1.0,1.0,0.1360364,0.09449373,0.9861872,-0.001619408,0.004268341,-0.02335907,47.34444,2931
25,0.2369501,0.1112462,1.000044,0.04357607,0.09264193,0.9999897,0.1402613,0.1019438,1.000017,0.1608012,-0.04713942,-0.9858603,0,-0.02011712,0.9984947,-0.05102479,0,-0.9867817,-0.02803753,-0.1596109,0,-0.7784964,-1.774908,-1.084469,1,0.1608013,-0.02011712,-0.9867818,0,-0.04713942,0.9984948,-0.02803753,0,-0.9858605,-0.0510248,-0.1596109,0,-1.027621,1.701241,-0.9910632,1,1.0,1.0,0.1367182,0.0941222,0.9861284,-0.001620826,0.004266335,-0.02335925,47.36667,2932
25,0.2364909,0.1116144,1.000131,0.04460723,0.09262142,1.000068,0.140547,0.1021179,1.0001,0.1604531,-0.047086,-0.9859198,0,-0.01982548,0.9985062,-0.0509136,0,-0.9868444,-0.02771558,-0.1592799,0,-0.7794032,-1.774518,-1.084455,1,0.1604531,-0.01982548,-0.9868443,0,-0.047086,0.9985063,-0.02771557,0,-0.9859196,-0.0509136,-0.1592799,0,-1.027682,1.701202,-0.9910631,1,1.0,1.0,0.1369776,0.09428047,0.9860773,-0.001623618,0.00426284,-0.02336039,47.37778,2933
25,0.2363234,0.1106243,0.9999905,0.04486939,0.09310148,0.9999486,0.140595,0.1018628,0.9999696,0.1602181,-0.04681287,-0.9859711,0,-0.01991747,0.9985181,-0.05064514,0,-0.9868808,-0.02775232,-0.1590483,0,-0.7795967,-1.774296,-1.084697,1,0.1602181,-0.01991747,-0.9868805,0,-0.04681286,0.998518,-0.02775231,0,-0.9859708,-0.05064513,-0.1590482,0,-1.027633,1.701204,-0.9911287,1,1.0,1.0,0.1370438,0.09404979,0.9860901,-0.001624268,0.004261131,-0.02336005,47.38889,2934
25,0.2357669,0.1099524,1.00006,0.04420108,0.09275102,0.9999877,0.1399818,0.1013513,1.000024,0.1596563,-0.04680499,-0.9860625,0,-0.0198864,0.9985202,-0.05061617,0,-0.9869725,-0.02769042,-0.1584892,0,-0.780503,-1.774308,-1.084237,1,0.1596563,-0.0198864,-0.9869723,0,-0.04680498,0.9985201,-0.02769042,0,-0.9860625,-0.05061617,-0.1584892,0,-1.02756,1.701281,-0.991306,1,1.0,1.0,0.1364677,0.0935661,0.986216,-0.001628648,0.004259217,-0.02335732,47.41111,2935
25,0.2364261,0.1097157,0.9999182,0.04467165,0.09366343,0.9998944,0.140548,0.1016895,0.9999062,0.1595302,-0.04678348,-0.9860839,0,-0.0198456,0.9985226,-0.05058427,0,-0.9869936,-0.02763915,-0.1583661,0,-0.7807606,-1.774253,-1.084083,1,0.1595302,-0.0198456,-0.9869934,0,-0.04678348,0.9985227,-0.02763914,0,-0.9860839,-0.05058427,-0.1583661,0,-1.027447,1.701299,-0.9913262,1,1.0,1.0,0.137019,0.09389793,0.986108,-0.001632835,0.004254128,-0.02335103,47.42222,2936
25,0.236517,0.1095911,0.9999699,0.04479921,0.09383868,0.9999015,0.1406559,0.1017148,0.9999357,0.1589209,-0.04641567,-0.9861997,0,-0.02040198,0.9985266,-0.05028351,0,-0.9870805,-0.02811153,-0.1577398,0,-0.7806472,-1.77439,-1.083976,1,0.1589209,-0.02040198,-0.9870805,0,-0.04641566,0.9985265,-0.02811153,0,-0.9861996,-0.05028351,-0.1577398,0,-1.027315,1.701342,-0.9914285,1,1.0,1.0,0.1371177,0.09391945,0.9860923,-0.001632835,0.00425309,-0.02334678,47.44445,2937
25,0.2350706,0.1104017,1.000001,0.0447041,0.09297219,0.9999657,0.1398863,0.1016867,0.9999834,0.1587707,-0.0464257,-0.9862234,0,-0.02092116,0.9985114,-0.05037221,0,-0.9870939,-0.02863057,-0.1575631,0,-0.7799957,-1.774874,-1.083623,1,0.1587707,-0.02092116,-0.9870937,0,-0.04642569,0.9985113,-0.02863057,0,-0.9862233,-0.05037221,-0.1575631,0,-1.027254,1.701329,-0.9914837,1,1.0,1.0,0.1363844,0.09390008,0.9861957,-0.001632835,0.00425132,-0.02334196,47.45555,2938
25,0.2346611,0.1101804,1.000137,0.04463604,0.09315759,1.00008,0.1396468,0.1016688,1.000109,0.1585072,-0.04645995,-0.9862643,0,-0.02142116,0.9984954,-0.05047883,0,-0.9871256,-0.02912819,-0.1572735,0,-0.7794624,-1.775352,-1.083254,1,0.1585072,-0.02142117,-0.9871253,0,-0.04645995,0.9984953,-0.02912818,0,-0.9862639,-0.05047882,-0.1572735,0,-1.027306,1.701302,-0.9915069,1,1.0,1.0,0.1361419,0.09387466,0.9862317,-0.001632835,0.004251236,-0.02334201,47.46667,2939
25,0.2352635,0.110135,1.000067,0.04480395,0.09289951,1.000027,0.1400325,0.101517,1.000047,0.1582983,-0.0465111,-0.9862953,0,-0.02180934,0.9984816,-0.05058613,0,-0.9871505,-0.02951815,-0.1570436,0,-0.7791032,-1.775823,-1.082914,1,0.1582983,-0.02180934,-0.9871503,0,-0.04651109,0.9984815,-0.02951814,0,-0.9862952,-0.05058612,-0.1570435,0,-1.027338,1.701354,-0.9915757,1,1.0,1.0,0.1365154,0.09373162,0.9861937,-0.001631066,0.00425074,-0.02333662,47.48889,2940
25,0.2362285,0.1106234,1.000086,0.04468539,0.09277903,1.000094,0.1404572,0.1017012,1.00009,0.1583434,-0.04655534,-0.986286,0,-0.02183671,0.9984784,-0.05063664,0,-0.9871427,-0.02955522,-0.1570859,0,-0.7789928,-1.775939,-1.082952,1,0.1583434,-0.02183671,-0.9871426,0,-0.04655535,0.9984785,-0.02955522,0,-0.9862859,-0.05063663,-0.1570859,0,-1.027431,1.70139,-0.9915816,1,1.0,1.0,0.1369058,0.09389856,0.9861237,-0.001627113,0.004251175,-0.02333319,47.5,2941
25,0.2367832,0.1106498,0.9999312,0.04429667,0.093159,0.999939,0.1405401,0.1019044,0.9999351,0.158457,-0.04729387,-0.9862327,0,-0.02151535,0.9984496,-0.05133658,0,-0.9871315,-0.02935379,-0.1571938,0,-0.7794918,-1.776551,-1.08173,1,0.158457,-0.02151535,-0.9871313,0,-0.04729387,0.9984496,-0.02935378,0,-0.9862325,-0.05133657,-0.1571937,0,-1.027342,1.701493,-0.9916504,1,1.0,1.0,0.1370001,0.09410577,0.9860908,-0.001624139,0.004251458,-0.02332645,47.52222,2942
25,0.2369124,0.1106087,0.9999903,0.04462761,0.0941482,0.9999882,0.1407699,0.1023785,0.9999893,0.1584679,-0.04754934,-0.9862185,0,-0.02150314,0.9984366,-0.05159359,0,-0.98713,-0.02938273,-0.1571977,0,-0.7795013,-1.776817,-1.081247,1,0.1584679,-0.02150315,-0.98713,0,-0.04754934,0.9984367,-0.02938273,0,-0.9862186,-0.05159359,-0.1571977,0,-1.027306,1.701492,-0.9916462,1,1.0,1.0,0.1372012,0.0945509,0.9860202,-0.001619942,0.004251961,-0.02331953,47.53333,2943
25,0.2373613,0.1111787,0.9999893,0.04467134,0.09263039,1.000009,0.1410168,0.1019047,0.9999991,0.1587093,-0.04809281,-0.9861535,0,-0.02146285,0.9984089,-0.05214468,0,-0.9870921,-0.02944151,-0.1574246,0,-0.7793227,-1.777476,-1.080449,1,0.1587093,-0.02146286,-0.987092,0,-0.04809281,0.9984089,-0.02944151,0,-0.9861533,-0.05214467,-0.1574245,0,-1.027287,1.701581,-0.991684,1,1.0,1.0,0.1374353,0.09409677,0.9860311,-0.001614922,0.004249833,-0.02331581,47.55556,2944
25,0.2374656,0.1114139,1.000062,0.04500756,0.09261899,1.000051,0.1412363,0.1020163,1.000057,0.1586651,-0.04836276,-0.9861473,0,-0.02129234,0.9983997,-0.05238946,0,-0.9871029,-0.02930976,-0.1573814,0,-0.7797217,-1.777636,-1.08001,1,0.1586651,-0.02129234,-0.9871028,0,-0.04836276,0.9983997,-0.02930976,0,-0.9861472,-0.05238945,-0.1573814,0,-1.027305,1.701608,-0.9917409,1,1.0,1.0,0.1376331,0.09419675,0.985994,-0.001614052,0.004248879,-0.02331391,47.56667,2945
25,0.2368621,0.1117078,0.9999392,0.04544318,0.09248835,0.9999598,0.1411532,0.1020982,0.9999495,0.1587831,-0.04845209,-0.986124,0,-0.02133128,0.9983936,-0.05248966,0,-0.9870831,-0.02936976,-0.1574945,0,-0.7795604,-1.777783,-1.079883,1,0.1587831,-0.02133128,-0.987083,0,-0.04845209,0.9983936,-0.02936975,0,-0.9861237,-0.05248966,-0.1574944,0,-1.027255,1.701616,-0.9917795,1,1.0,1.0,0.1375682,0.09428772,0.9859944,-0.001614052,0.004247086,-0.02330882,47.57778,2946
25,0.2364767,0.1115287,0.9998787,0.04546008,0.09290024,0.9999432,0.1409703,0.1022148,0.9999109,0.159108,-0.04854861,-0.9860668,0,-0.02104017,0.9983966,-0.05255063,0,-0.9870371,-0.02910824,-0.1578314,0,-0.7797529,-1.777595,-1.080008,1,0.159108,-0.02104018,-0.9870368,0,-0.04854861,0.9983966,-0.02910823,0,-0.9860668,-0.05255062,-0.1578314,0,-1.027195,1.701583,-0.9918467,1,1.0,1.0,0.1373994,0.09440511,0.9860067,-0.001614052,0.004246926,-0.02330482,47.58889,2947
25,0.2367402,0.1110427,1.000002,0.04548263,0.09295463,1.000011,0.1411115,0.1019987,1.000007,0.1591671,-0.04867025,-0.9860514,0,-0.02106746,0.9983892,-0.05267992,0,-0.987027,-0.02915851,-0.1578853,0,-0.7796654,-1.777757,-1.079828,1,0.159167,-0.02106746,-0.9870268,0,-0.04867025,0.9983891,-0.0291585,0,-0.9860511,-0.05267991,-0.1578853,0,-1.027192,1.701583,-0.9918762,1,1.0,1.0,0.1375234,0.09418963,0.98601,-0.001614052,0.004246178,-0.023301,47.6,2948
25,0.236717,0.1111985,1.000067,0.04594471,0.09307157,1.000091,0.1413316,0.1021352,1.000079,0.1593742,-0.04889307,-0.9860069,0,-0.02123731,0.9983719,-0.05293894,0,-0.9869899,-0.02937724,-0.1580763,0,-0.7792065,-1.778177,-1.079661,1,0.1593741,-0.02123732,-0.9869897,0,-0.04889308,0.998372,-0.02937723,0,-0.9860067,-0.05293893,-0.1580763,0,-1.027308,1.701578,-0.9919754,1,1.0,1.0,0.1377239,0.09431794,0.9859697,-0.001616982,0.004239311,-0.0232948,47.63334,2949
25,0.237628,0.1102085,1.000083,0.0453188,0.09243186,1.000064,0.1414728,0.1013201,1.000074,0.159189,-0.04913669,-0.9860247,0,-0.02111086,0.9983628,-0.0531598,0,-0.9870225,-0.02927828,-0.1578911,0,-0.7796615,-1.778344,-1.079195,1,0.159189,-0.02111086,-0.9870222,0,-0.04913669,0.9983628,-0.02927827,0,-0.9860244,-0.05315979,-0.157891,0,-1.027381,1.701603,-0.9920053,1,1.0,1.0,0.1378719,0.09354182,0.9860229,-0.001620225,0.00423568,-0.02329119,47.65556,2950
25,0.236661,0.1098058,0.9998438,0.04538321,0.09199123,0.9999155,0.1410245,0.1008987,0.9998796,0.1595725,-0.0491308,-0.9859629,0,-0.02131224,0.9983565,-0.05319765,0,-0.9869562,-0.02950196,-0.1582631,0,-0.778914,-1.778553,-1.079366,1,0.1595725,-0.02131224,-0.9869561,0,-0.04913081,0.9983566,-0.02950196,0,-0.9859628,-0.05319765,-0.1582631,0,-1.027303,1.70161,-0.9920487,1,1.0,1.0,0.1374823,0.09316362,0.9861131,-0.001623901,0.004234199,-0.02328819,47.66667,2951
25,0.2366721,0.1098027,1.0,0.04448486,0.091879,1.0,0.1405785,0.1008408,1.0,0.1595131,-0.0492577,-0.9859662,0,-0.02133225,0.9983492,-0.05332755,0,-0.9869653,-0.02953932,-0.158199,0,-0.7789736,-1.778714,-1.079088,1,0.1595131,-0.02133225,-0.9869653,0,-0.04925771,0.9983492,-0.02953932,0,-0.9859661,-0.05332755,-0.158199,0,-1.027303,1.701615,-0.9920725,1,1.0,1.0,0.1370487,0.0931058,0.9861789,-0.001626991,0.004231758,-0.02328522,47.68889,2952
25,0.2370419,0.1097537,0.9999479,0.04432251,0.0915415,0.9999785,0.1406832,0.1006478,0.9999633,0.1596653,-0.0492572,-0.9859416,0,-0.02124996,0.9983515,-0.05331846,0,-0.9869425,-0.02946432,-0.1583554,0,-0.7789265,-1.778592,-1.07922,1,0.1596652,-0.02124996,-0.9869423,0,-0.0492572,0.9983515,-0.02946432,0,-0.9859415,-0.05331845,-0.1583553,0,-1.027288,1.701566,-0.9920607,1,1.0,1.0,0.1371564,0.09292579,0.986181,-0.001628219,0.004229538,-0.02328246,47.7,2953
25,0.2372893,0.1095726,1.000056,0.04492983,0.09130125,1.00008,0.1411102,0.100437,1.000068,0.1597922,-0.04927151,-0.9859204,0,-0.02131239,0.9983486,-0.05334681,0,-0.9869207,-0.02953673,-0.1584783,0,-0.7786708,-1.778688,-1.079354,1,0.1597922,-0.0213124,-0.9869205,0,-0.04927151,0.9983486,-0.02953672,0,-0.9859201,-0.0533468,-0.1584782,0,-1.02737,1.701575,-0.9920769,1,1.0,1.0,0.1375498,0.09271082,0.9861465,-0.001628379,0.00422895,-0.0232794,47.71111,2954
25,0.2371821,0.1077414,0.9998844,0.04492947,0.09090549,0.9999027,0.1410564,0.09932348,0.9998937,0.1599901,-0.04918967,-0.9858924,0,-0.021284,0.9983535,-0.05326536,0,-0.9868892,-0.02950567,-0.1586797,0,-0.7786206,-1.778609,-1.079528,1,0.1599901,-0.02128401,-0.9868891,0,-0.04918966,0.9983535,-0.02950566,0,-0.9858922,-0.05326536,-0.1586798,0,-1.027216,1.701607,-0.9921905,1,1.0,1.0,0.1375359,0.09166365,0.9862462,-0.001628562,0.004228058,-0.0232759,47.73333,2955
25,0.2373056,0.1078419,0.9999158,0.04542305,0.09125951,0.9999267,0.1413648,0.09955072,0.9999211,0.1600187,-0.04891324,-0.9859014,0,-0.02121841,0.9983703,-0.05297577,0,-0.986886,-0.02939638,-0.1587201,0,-0.7787102,-1.778217,-1.080025,1,0.1600187,-0.02121841,-0.9868858,0,-0.04891325,0.9983704,-0.02939637,0,-0.9859014,-0.05297576,-0.1587201,0,-1.027168,1.701581,-0.9921928,1,1.0,1.0,0.1378216,0.09187515,0.9861867,-0.001628723,0.004227753,-0.02327312,47.74445,2956
25,0.2372682,0.108996,1.000023,0.04476219,0.09039468,1.000046,0.1410157,0.0996954,1.000034,0.1604491,-0.04890754,-0.9858318,0,-0.0211831,0.998371,-0.05297728,0,-0.9868168,-0.02938313,-0.1591518,0,-0.7783628,-1.778191,-1.080495,1,0.1604491,-0.0211831,-0.9868167,0,-0.04890753,0.9983711,-0.02938313,0,-0.9858316,-0.05297727,-0.1591517,0,-1.027265,1.701564,-0.9923127,1,1.0,1.0,0.1374761,0.09200992,0.9862223,-0.001629066,0.004225807,-0.02326863,47.76667,2957
25,0.2372073,0.1092495,1.000221,0.04644208,0.09047305,1.000294,0.1418269,0.09986155,1.000258,0.1608563,-0.0491387,-0.985754,0,-0.02125823,0.9983557,-0.05323583,0,-0.986749,-0.02951871,-0.1595472,0,-0.777731,-1.77846,-1.080657,1,0.1608563,-0.02125824,-0.9867487,0,-0.0491387,0.9983556,-0.0295187,0,-0.9857538,-0.05323582,-0.1595472,0,-1.02755,1.701473,-0.9923387,1,1.0,1.0,0.1382138,0.09214325,0.9861068,-0.001629837,0.00422297,-0.02325711,47.78889,2958
25,0.2376501,0.1088705,0.9999048,0.04500308,0.09032157,0.9999293,0.1413273,0.09959609,0.999917,0.1609923,-0.04925561,-0.9857259,0,-0.02124489,0.9983495,-0.05335619,0,-0.986727,-0.02953158,-0.1596802,0,-0.7776803,-1.778638,-1.08048,1,0.1609923,-0.02124489,-0.9867269,0,-0.04925561,0.9983495,-0.02953158,0,-0.9857258,-0.05335619,-0.1596802,0,-1.027465,1.70153,-0.9924154,1,1.0,1.0,0.1377913,0.09192595,0.9861862,-0.001631256,0.00422287,-0.02325273,47.81111,2959
25,0.237823,0.1088695,0.9998714,0.04535857,0.09201499,0.9998938,0.1415915,0.1004423,0.9998826,0.1611183,-0.04935523,-0.9857003,0,-0.02126808,0.9983432,-0.05346468,0,-0.986706,-0.02957809,-0.1598017,0,-0.7775052,-1.778642,-1.08028,1,0.1611183,-0.02126808,-0.9867058,0,-0.04935523,0.9983432,-0.02957809,0,-0.9857002,-0.05346467,-0.1598017,0,-1.027347,1.701402,-0.9924083,1,1.0,1.0,0.1380368,0.09273472,0.9860761,-0.001632156,0.004222725,-0.02324737,47.82222,2960
25,0.2371607,0.1081058,0.9999877,0.04593664,0.09231312,0.9999899,0.1415489,0.1002095,0.9999889,0.1610403,-0.04913668,-0.985724,0,-0.02148489,0.9983487,-0.05327604,0,-0.9867141,-0.02975776,-0.1597187,0,-0.7772515,-1.778636,-1.080498,1,0.1610403,-0.02148489,-0.9867138,0,-0.04913668,0.9983487,-0.02975776,0,-0.9857238,-0.05327604,-0.1597186,0,-1.0273,1.701435,-0.9924285,1,1.0,1.0,0.1379866,0.09250358,0.9861048,-0.001633271,0.004222886,-0.02324495,47.84444,2961
25,0.2372187,0.1084547,0.9999189,0.04559968,0.09227511,0.9999259,0.1414093,0.1003649,0.9999223,0.1610775,-0.04904595,-0.9857224,0,-0.02162535,0.9983492,-0.05320803,0,-0.9867049,-0.02988721,-0.159751,0,-0.7770923,-1.778757,-1.080577,1,0.1610775,-0.02162535,-0.9867048,0,-0.04904594,0.9983492,-0.02988721,0,-0.9857222,-0.05320803,-0.159751,0,-1.027218,1.701521,-0.9925461,1,1.0,1.0,0.1378626,0.09266004,0.9861075,-0.001633812,0.004222672,-0.02324116,47.85556,2962
25,0.2372136,0.1084215,1.000079,0.04535504,0.09219026,1.000064,0.1412838,0.1003059,1.000072,0.1609699,-0.0491383,-0.9857354,0,-0.02172735,0.9983414,-0.05331476,0,-0.9867202,-0.02999949,-0.1596352,0,-0.7771356,-1.778891,-1.08032,1,0.1609699,-0.02172735,-0.98672,0,-0.0491383,0.9983413,-0.02999948,0,-0.9857352,-0.05331476,-0.1596352,0,-1.027225,1.701458,-0.9926382,1,1.0,1.0,0.1377281,0.09259248,0.9861326,-0.001636451,0.004222237,-0.02323808,47.87778,2963
25,0.2365917,0.1087727,1.000041,0.04517712,0.09227958,1.000007,0.1408835,0.1005259,1.000024,0.1607954,-0.04908475,-0.9857665,0,-0.02177312,0.9983432,-0.05326255,0,-0.9867476,-0.03002759,-0.1594602,0,-0.7772667,-1.778884,-1.08027,1,0.1607954,-0.02177313,-0.9867475,0,-0.04908475,0.9983432,-0.03002758,0,-0.9857664,-0.05326255,-0.1594602,0,-1.027229,1.701475,-0.9926417,1,1.0,1.0,0.1373541,0.09281352,0.9861641,-0.001637276,0.004221314,-0.02323532,47.88889,2964
25,0.2368058,0.1093523,0.9999757,0.04509208,0.09211721,0.9999519,0.1409483,0.1007347,0.9999638,0.1606731,-0.04920483,-0.9857804,0,-0.02171677,0.9983386,-0.0533713,0,-0.9867688,-0.0299833,-0.1593376,0,-0.7776154,-1.778941,-1.079933,1,0.1606732,-0.02171677,-0.9867688,0,-0.04920483,0.9983386,-0.0299833,0,-0.9857804,-0.0533713,-0.1593376,0,-1.027168,1.701461,-0.9927392,1,1.0,1.0,0.1374219,0.09301692,0.9861354,-0.001638421,0.00422171,-0.02323296,47.91111,2965
25,0.2366921,0.1090468,1.000039,0.04525489,0.09220324,1.000021,0.1409728,0.1006249,1.00003,0.1605629,-0.04911644,-0.9858029,0,-0.02159231,0.9983473,-0.05325831,0,-0.9867895,-0.02983708,-0.159237,0,-0.7780102,-1.77875,-1.080075,1,0.1605629,-0.02159232,-0.9867893,0,-0.04911644,0.9983474,-0.02983707,0,-0.9858027,-0.05325831,-0.159237,0,-1.027187,1.701488,-0.9927928,1,1.0,1.0,0.1374388,0.09290645,0.9861435,-0.001638916,0.004221588,-0.02322978,47.92222,2966
25,0.236403,0.1092123,1.000152,0.04564472,0.09231251,1.000147,0.1410238,0.1007623,1.00015,0.1605588,-0.04925965,-0.9857964,0,-0.02167386,0.9983371,-0.05341637,0,-0.9867883,-0.02994248,-0.1592242,0,-0.7778767,-1.778881,-1.079919,1,0.1605588,-0.02167386,-0.9867883,0,-0.04925964,0.9983371,-0.02994248,0,-0.9857962,-0.05341637,-0.1592241,0,-1.027312,1.701378,-0.9928129,1,1.0,1.0,0.1374703,0.09302787,0.9861276,-0.001639321,0.004220467,-0.02322772,47.93333,2967
25,0.2378636,0.1140767,1.000209,0.04109885,0.09127222,1.000162,0.1394796,0.1026743,1.000185,0.1602634,-0.04945092,-0.9858348,0,-0.02156967,0.9983304,-0.05358421,0,-0.9868385,-0.02985172,-0.1589292,0,-0.7785178,-1.778989,-1.079648,1,0.1602635,-0.02156967,-0.9868386,0,-0.04945092,0.9983304,-0.02985173,0,-0.9858348,-0.05358421,-0.1589292,0,-1.02756,1.701374,-0.992965,1,1.0,1.0,0.135937,0.09488139,0.9861636,-0.001590157,0.004210015,-0.02321529,47.96667,2968
25,0.2366577,0.1076299,1.000003,0.03562501,0.08877092,0.9999628,0.1361399,0.09820028,0.9999828,0.1600388,-0.04910719,-0.9858886,0,-0.02164358,0.9983471,-0.05324115,0,-0.9868735,-0.02985881,-0.1587114,0,-0.7787777,-1.778648,-1.080056,1,0.1600388,-0.02164358,-0.9868733,0,-0.04910718,0.9983471,-0.02985879,0,-0.9858883,-0.05324114,-0.1587113,0,-1.027524,1.70135,-0.9930804,1,1.0,1.0,0.1328287,0.0906682,0.9869832,-0.001563026,0.004204812,-0.0232188,47.98889,2969
25,0.23967,0.1086487,1.00001,0.03940409,0.08847682,0.9999802,0.1395361,0.09856255,0.9999952,0.1598566,-0.04867291,-0.9859397,0,-0.02178481,0.9983665,-0.0528185,0,-0.9868999,-0.02992189,-0.1585351,0,-0.7788501,-1.778248,-1.080661,1,0.1598565,-0.02178481,-0.9868997,0,-0.04867291,0.9983665,-0.02992188,0,-0.9859395,-0.05281849,-0.158535,0,-1.027515,1.701298,-0.9931782,1,1.0,1.0,0.1360479,0.0909723,0.9865167,-0.001571967,0.004206551,-0.02321476,48.01111,2970
25,0.2391916,0.1100511,1.000065,0.04035684,0.08859827,1.000046,0.1397736,0.09932463,1.000055,0.159767,-0.04866395,-0.9859546,0,-0.0219125,0.9983633,-0.05282718,0,-0.9869117,-0.03004477,-0.1584392,0,-0.7788882,-1.778396,-1.080607,1,0.159767,-0.0219125,-0.9869113,0,-0.04866395,0.9983633,-0.03004476,0,-0.9859543,-0.05282717,-0.1584391,0,-1.027532,1.701332,-0.9933355,1,1.0,1.0,0.1362557,0.09169275,0.9864212,-0.00157174,0.004206833,-0.02321244,48.03333,2971
25,0.240812,0.1039163,1.000024,0.0412401,0.09131011,1.000023,0.1410262,0.09761321,1.000024,0.1597748,-0.04849735,-0.9859616,0,-0.02223803,0.9983622,-0.05271098,0,-0.9869031,-0.03034773,-0.1584346,0,-0.7783152,-1.778498,-1.080841,1,0.1597748,-0.02223804,-0.9869028,0,-0.04849735,0.9983622,-0.03034773,0,-0.9859614,-0.05271097,-0.1584346,0,-1.027565,1.701305,-0.9933373,1,1.0,1.0,0.1374553,0.0900289,0.9864081,-0.001560112,0.004223656,-0.02320522,48.04445,2972
25,0.2414554,0.1131633,1.000018,0.04465386,0.09426028,0.9999987,0.1430541,0.1037115,1.000008,0.1595794,-0.04819334,-0.9860081,0,-0.02307394,0.9983527,-0.0525311,0,-0.9869155,-0.03113398,-0.1582045,0,-0.777194,-1.778969,-1.081025,1,0.1595794,-0.02307394,-0.9869153,0,-0.04819334,0.9983526,-0.03113396,0,-0.9860079,-0.05253109,-0.1582045,0,-1.02761,1.701318,-0.993434,1,1.0,1.0,0.139324,0.09584089,0.9855979,-0.001569886,0.004224915,-0.02308181,48.06667,2973
25,0.2423375,0.1215955,1.000082,0.04432286,0.0871881,1.00005,0.1433293,0.1043916,1.000066,0.1594093,-0.04794498,-0.9860477,0,-0.0234783,0.9983534,-0.05233895,0,-0.9869335,-0.03149404,-0.1580211,0,-0.776762,-1.779069,-1.081268,1,0.1594092,-0.02347831,-0.9869332,0,-0.04794498,0.9983534,-0.03149404,0,-0.9860476,-0.05233894,-0.1580211,0,-1.027657,1.701311,-0.9935056,1,1.0,1.0,0.1395747,0.09640162,0.9855078,-0.001581131,0.004304581,-0.02311622,48.08889,2974
25,0.276714,0.1220256,1.000297,0.05434784,0.09206545,1.000204,0.1655274,0.1070448,1.00025,0.1590055,-0.04778719,-0.9861206,0,-0.02392655,0.998348,-0.05223773,0,-0.9869878,-0.03190055,-0.1575994,0,-0.7765408,-1.779267,-1.081285,1,0.1590054,-0.02392655,-0.9869877,0,-0.04778719,0.998348,-0.03190054,0,-0.9861205,-0.05223773,-0.1575994,0,-1.027829,1.701264,-0.9936056,1,1.0,1.0,0.1603919,0.09831769,0.9821447,-0.001685563,0.004545647,-0.02366223,48.1,2975
25,0.2843882,0.132021,1.000354,0.06932602,0.09631738,1.000224,0.1768524,0.1141682,1.000289,0.1584487,-0.04816931,-0.9861916,0,-0.02363546,0.998338,-0.05256004,0,-0.9870843,-0.03163716,-0.1570469,0,-0.777734,-1.779463,-1.080414,1,0.1584487,-0.02363546,-0.9870842,0,-0.0481693,0.998338,-0.03163715,0,-0.9861915,-0.05256003,-0.1570468,0,-1.027979,1.701337,-0.9936617,1,1.0,1.0,0.1708139,0.1049331,0.9796997,-0.001645226,0.004514786,-0.02348045,48.12222,2976
25,0.2497457,0.1112147,1.000406,0.05231599,0.08267637,1.000268,0.1510262,0.09694469,1.000337,0.1578023,-0.04855249,-0.9862764,0,-0.02350638,0.9983228,-0.05290648,0,-0.987191,-0.03153256,-0.1563963,0,-0.7787775,-1.779759,-1.079469,1,0.1578023,-0.02350638,-0.9871908,0,-0.04855249,0.9983228,-0.03153256,0,-0.9862764,-0.05290648,-0.1563963,0,-1.028173,1.701357,-0.9937473,1,1.0,1.0,0.1468901,0.08897237,0.9851433,-0.00162194,0.004484268,-0.02342467,48.14445,2977
25,0.2445155,0.1117612,1.000291,0.04581625,0.078904,1.000193,0.1451626,0.0953318,1.000242,0.1573306,-0.04878284,-0.9863404,0,-0.0232113,0.9983206,-0.05307779,0,-0.9872732,-0.031245,-0.1559341,0,-0.7799594,-1.779745,-1.078941,1,0.1573306,-0.0232113,-0.9872731,0,-0.04878285,0.9983206,-0.031245,0,-0.9863403,-0.05307779,-0.1559341,0,-1.028312,1.701384,-0.9938848,1,1.0,1.0,0.1413805,0.08753103,0.986078,-0.00160994,0.004462128,-0.02344489,48.16667,2978
25,0.2472852,0.1068371,1.00016,0.04511374,0.08044961,1.000111,0.1461979,0.09364298,1.000135,0.1570711,-0.04860101,-0.9863908,0,-0.02326881,0.998329,-0.05289451,0,-0.9873132,-0.03126034,-0.1556777,0,-0.7801901,-1.779608,-1.079162,1,0.1570711,-0.02326881,-0.9873131,0,-0.04860102,0.998329,-0.03126033,0,-0.9863907,-0.05289451,-0.1556777,0,-1.028421,1.701399,-0.9939246,1,1.0,1.0,0.1424001,0.08593781,0.9860715,-0.001622055,0.004434425,-0.02346591,48.17778,2979
25,0.2419035,0.1120175,1.000152,0.05103818,0.09164165,1.000149,0.1464708,0.1018294,1.000151,0.1570608,-0.04874613,-0.9863852,0,-0.02313786,0.9983253,-0.05302041,0,-0.9873179,-0.03115027,-0.1556699,0,-0.7804298,-1.779645,-1.079072,1,0.1570608,-0.02313786,-0.9873179,0,-0.04874613,0.9983253,-0.03115027,0,-0.986385,-0.05302041,-0.1556699,0,-1.028556,1.701394,-0.9939477,1,1.0,1.0,0.1425444,0.09379505,0.9853343,-0.001606269,0.004393807,-0.02342777,48.18889,2980
25,0.2372956,0.11014,1.000096,0.05337321,0.08881879,1.000123,0.1453353,0.09947953,1.000109,0.1571259,-0.04879001,-0.9863726,0,-0.02318114,0.9983215,-0.05307373,0,-0.9873065,-0.0312045,-0.1557312,0,-0.7802632,-1.77977,-1.079259,1,0.1571259,-0.02318113,-0.9873064,0,-0.04879,0.9983215,-0.0312045,0,-0.9863727,-0.05307373,-0.1557312,0,-1.028787,1.701415,-0.99397,1,1.0,1.0,0.1415139,0.09159245,0.9856899,-0.00160537,0.004374428,-0.0233795,48.21111,2981
25,0.238782,0.1116681,1.000123,0.05378938,0.08831189,1.000122,0.1462855,0.09999006,1.000123,0.1571288,-0.04889207,-0.9863672,0,-0.02310576,0.9983184,-0.05316522,0,-0.9873079,-0.03114455,-0.1557348,0,-0.780408,-1.779839,-1.079215,1,0.1571286,-0.02310576,-0.9873076,0,-0.04889207,0.9983184,-0.03114454,0,-0.9863672,-0.05316521,-0.1557348,0,-1.028898,1.701437,-0.9940064,1,1.0,1.0,0.1424082,0.09208792,0.985515,-0.001606452,0.00435569,-0.02334284,48.22223,2982
25,0.2404837,0.1124926,1.000114,0.05347526,0.08689583,1.000118,0.1469796,0.09969421,1.000116,0.1574598,-0.0492646,-0.9862959,0,-0.02321574,0.9982942,-0.05357025,0,-0.9872526,-0.03133275,-0.1560475,0,-0.7797555,-1.780386,-1.079031,1,0.1574597,-0.02321574,-0.9872524,0,-0.04926459,0.9982941,-0.03133274,0,-0.9862956,-0.05357024,-0.1560474,0,-1.029174,1.701443,-0.99398,1,1.0,1.0,0.1430686,0.09180094,0.9854461,-0.001607392,0.004352341,-0.0233412,48.24445,2983
25,0.2388895,0.1101148,1.000045,0.05320238,0.08776824,1.000086,0.1460473,0.09894185,1.000066,0.1577291,-0.04946312,-0.9862429,0,-0.02355001,0.9982722,-0.05383277,0,-0.9872016,-0.03171703,-0.1562918,0,-0.7789022,-1.781037,-1.07885,1,0.1577291,-0.02355001,-0.9872015,0,-0.04946312,0.9982722,-0.03171702,0,-0.9862428,-0.05383276,-0.1562918,0,-1.029248,1.701539,-0.9940379,1,1.0,1.0,0.1422361,0.09115321,0.9856267,-0.0016204,0.004307488,-0.0231992,48.26667,2984
25,0.2403141,0.1089674,1.000158,0.05177456,0.08811369,1.000176,0.1460449,0.09854061,1.000167,0.1578948,-0.04992057,-0.9861933,0,-0.02378872,0.9982392,-0.05433903,0,-0.9871694,-0.03204013,-0.1564293,0,-0.7783518,-1.781754,-1.078214,1,0.1578948,-0.02378872,-0.9871693,0,-0.04992056,0.998239,-0.03204012,0,-0.9861932,-0.05433902,-0.1564293,0,-1.029376,1.701511,-0.9941168,1,1.0,1.0,0.1422394,0.0907951,0.9856593,-0.001623857,0.004279717,-0.02311556,48.28889,2985
25,0.2404601,0.1094929,1.00008,0.05180944,0.08980234,1.000099,0.1461354,0.09964763,1.00009,0.1579921,-0.04979929,-0.9861839,0,-0.02393097,0.998241,-0.05424202,0,-0.9871504,-0.03217015,-0.1565224,0,-0.7779903,-1.781804,-1.078575,1,0.157992,-0.02393098,-0.9871502,0,-0.0497993,0.9982411,-0.03217015,0,-0.9861838,-0.05424201,-0.1565224,0,-1.029489,1.701548,-0.9941353,1,1.0,1.0,0.1423219,0.09186686,0.9855481,-0.001623826,0.00427124,-0.02310957,48.3,2986
25,0.2412476,0.1095857,1.000056,0.05290575,0.08651908,1.000094,0.1470779,0.09805255,1.000075,0.1583851,-0.05004222,-0.9861086,0,-0.02384227,0.9982298,-0.05448681,0,-0.9870896,-0.03214097,-0.1569116,0,-0.7777365,-1.782039,-1.078656,1,0.1583851,-0.02384228,-0.9870895,0,-0.05004223,0.9982299,-0.03214097,0,-0.9861084,-0.0544868,-0.1569116,0,-1.029667,1.701569,-0.9942257,1,1.0,1.0,0.1432353,0.0903485,0.9855561,-0.001623618,0.004256088,-0.02309252,48.32222,2987
