flag,xl,yl,zl,xr,yr,zr,xc,yc,zc,mat_00,mat_10,mat_20,mat_30,mat_01,mat_11,mat_21,mat_31,mat_02,mat_12,mat_22,mat_32,mat_03,mat_13,mat_23,mat_33,ctw_00,ctw_10,ctw_20,ctw_30,ctw_01,ctw_11,ctw_21,ctw_31,ctw_02,ctw_12,ctw_22,ctw_32,ctw_03,ctw_13,ctw_23,ctw_33,opennessl,opennessr,ray_x,ray_y,ray_z,eye_x,eye_y,eye_z,time,frame,u,v
6.0,-0.1164831,-0.1085441,0.9999712,-0.2206309,-0.1084633,1.000012,-0.1685566,-0.1085035,0.9999917,0.09090221,-0.06359521,-0.9938273,0.0,0.03741267,0.9974725,-0.06040645,0.0,-0.9951569,0.03169065,-0.09305173,0.0,-0.9902601,-1.646613,-0.7615694,1.0,0.09090219,0.03741267,-0.9951567,0.0,-0.0635952,0.9974725,0.03169065,0.0,-0.993827,-0.06040645,-0.0930517,0.0,-0.7715681,1.633496,-1.004147,1.0,1.0,1.0,-0.1624514,-0.09946842,0.9816902,0.0004899064,-0.004997361,-0.02155257,6.366667,369.0,-0.175,-0.15849999999999997
6.0,-0.1165231,-0.1084074,1.000041,-0.2202468,-0.1086535,1.000054,-0.1683848,-0.1085304,1.000047,0.09101385,-0.06326221,-0.9938384,0.0,0.03757895,0.9974875,-0.0600531,0.0,-0.9951405,0.03188172,-0.09316248,0.0,-0.9903927,-1.646169,-0.7622546,1.0,0.09101379,0.03757893,-0.9951402,0.0,-0.06326219,0.9974875,0.03188173,0.0,-0.993838,-0.06005309,-0.09316248,0.0,-0.7715585,1.633476,-1.00411,1.0,1.0,1.0,-0.1622817,-0.09949138,0.9817159,0.0004896317,-0.004997361,-0.02155075,6.377778,370.0,-0.175,-0.15849999999999997
6.0,-0.1158139,-0.1084015,0.9999221,-0.2195972,-0.1086341,0.9999371,-0.1677056,-0.108518,0.9999295,0.09115756,-0.06344488,-0.9938135,0.0,0.03761049,0.9974758,-0.06022887,0.0,-0.9951261,0.03188749,-0.09331363,0.0,-0.9903063,-1.646276,-0.7620245,1.0,0.09115754,0.03761048,-0.9951259,0.0,-0.06344488,0.9974757,0.03188749,0.0,-0.9938134,-0.06022886,-0.09331363,0.0,-0.7714841,1.633471,-1.004091,1.0,1.0,1.0,-0.1616638,-0.09949919,0.981817,0.00048838,-0.004999588,-0.02154628,6.388889,371.0,-0.175,-0.15849999999999997
6.0,-0.116442,-0.1083904,0.9998809,-0.2194044,-0.1091114,0.9998529,-0.1679233,-0.1087509,0.9998668,0.0910365,-0.06358251,-0.9938158,0.0,0.03720387,0.9974802,-0.06040897,0.0,-0.9951525,0.03147436,-0.09317261,0.0,-0.9898524,-1.64674,-0.7615727,1.0,0.09103648,0.03720386,-0.9951522,0.0,-0.0635825,0.9974801,0.03147437,0.0,-0.9938157,-0.06040896,-0.09317259,0.0,-0.7714541,1.633411,-1.004182,1.0,1.0,1.0,-0.1618733,-0.09972015,0.9817601,0.0004845886,-0.005005119,-0.02152524,6.411111,372.0,-0.175,-0.15849999999999997
6.0,-0.1177537,-0.1066744,0.9998001,-0.2203455,-0.1094183,0.9997709,-0.16905,-0.1080461,0.9997855,0.09077114,-0.06365338,-0.9938355,0.0,0.03694957,0.9974833,-0.06051226,0.0,-0.9951862,0.03122902,-0.09289467,0.0,-0.9897364,-1.647117,-0.7609831,1.0,0.09077113,0.03694956,-0.995186,0.0,-0.06365338,0.9974834,0.03122902,0.0,-0.9938353,-0.06051226,-0.09289465,0.0,-0.771297,1.633494,-1.004225,1.0,0.9976515,0.9992499,-0.1629482,-0.09903573,0.9816515,0.0004760511,-0.005012711,-0.02149268,6.422223,373.0,-0.175,-0.15849999999999997
6.0,-0.1184311,-0.1072214,0.9999003,-0.2197278,-0.1095366,0.9998878,-0.1690795,-0.1083791,0.999894,0.09032255,-0.0637195,-0.9938721,0.0,0.03694582,0.9974785,-0.06059309,0.0,-0.995227,0.03124649,-0.09244895,0.0,-0.990199,-1.647162,-0.760191,1.0,0.09032252,0.03694583,-0.9952271,0.0,-0.06371949,0.9974787,0.0312465,0.0,-0.9938719,-0.06059311,-0.09244898,0.0,-0.7710516,1.63353,-1.004284,1.0,1.0,1.0,-0.1629511,-0.0993401,0.9816203,0.000469909,-0.005016297,-0.021475,6.444445,374.0,-0.175,-0.15849999999999997
6.0,-0.1190765,-0.1069247,0.9998873,-0.219493,-0.1102533,0.9998725,-0.169285,-0.1085891,0.99988,0.09017003,-0.06362246,-0.9938922,0.0,0.03698329,0.997483,-0.06049704,0.0,-0.9952395,0.03130237,-0.092296,0.0,-0.9904777,-1.647037,-0.760104,1.0,0.09016998,0.03698328,-0.9952394,0.0,-0.06362244,0.997483,0.03130237,0.0,-0.993892,-0.06049705,-0.09229601,0.0,-0.7709385,1.633539,-1.004361,1.0,1.0,1.0,-0.1631378,-0.09953877,0.9815692,0.0004633106,-0.005017288,-0.02146246,6.455556,375.0,-0.175,-0.15849999999999997
6.0,-0.1177845,-0.107821,0.9999188,-0.2189484,-0.1096902,0.9999141,-0.1683667,-0.1087556,0.9999164,0.08996731,-0.06362329,-0.9939105,0.0,0.03721247,0.9974753,-0.06048307,0.0,-0.9952493,0.03154436,-0.09210777,0.0,-0.9910755,-1.646799,-0.7598035,1.0,0.08996731,0.03721246,-0.9952492,0.0,-0.06362328,0.9974753,0.03154436,0.0,-0.9939104,-0.06048307,-0.09210774,0.0,-0.7707869,1.633566,-1.004404,1.0,1.0,1.0,-0.1622706,-0.09970558,0.981696,0.0004628142,-0.005019981,-0.0214591,6.477778,376.0,-0.175,-0.15849999999999997
6.0,-0.1178195,-0.1079026,0.9999431,-0.2193161,-0.1094917,0.9999483,-0.1685679,-0.1086971,0.9999455,0.09002745,-0.0635142,-0.993912,0.0,0.03704583,0.9974874,-0.0603871,0.0,-0.9952502,0.03138379,-0.0921542,0.0,-0.9907864,-1.646913,-0.759935,1.0,0.09002746,0.03704582,-0.99525,0.0,-0.06351418,0.9974872,0.0313838,0.0,-0.9939119,-0.06038709,-0.09215417,0.0,-0.7707126,1.633589,-1.004425,1.0,1.0,1.0,-0.1624545,-0.09964397,0.9816719,0.0004619062,-0.005019981,-0.02145834,6.488889,377.0,-0.175,-0.15849999999999997
6.0,-0.1178281,-0.1066762,1.000128,-0.2193507,-0.109415,1.000149,-0.1685893,-0.1080456,1.000139,0.09023803,-0.06369714,-0.9938812,0.0,0.0370419,0.9974768,-0.06056441,0.0,-0.9952312,0.03135003,-0.09236979,0.0,-0.9906051,-1.647043,-0.7599613,1.0,0.09023802,0.03704189,-0.9952311,0.0,-0.06369714,0.9974768,0.03135003,0.0,-0.9938811,-0.06056441,-0.09236979,0.0,-0.7708329,1.633554,-1.004444,1.0,1.0,1.0,-0.162455,-0.09900443,0.9817365,0.0004619062,-0.005021011,-0.02145905,6.5,378.0,-0.175,-0.15849999999999997
6.0,-0.1191789,-0.106443,0.9999897,-0.2194575,-0.1095447,1.000007,-0.169318,-0.1079938,0.9999983,0.09058714,-0.06394564,-0.9938335,0.0,0.03694795,0.9974652,-0.06081155,0.0,-0.995203,0.03121137,-0.09272021,0.0,-0.9900685,-1.647267,-0.760016,1.0,0.09058715,0.03694795,-0.9952028,0.0,-0.06394565,0.9974653,0.03121136,0.0,-0.9938334,-0.06081154,-0.09272016,0.0,-0.7709773,1.633455,-1.004374,1.0,0.9931224,0.9975063,-0.1631592,-0.09895785,0.9816244,0.0004619062,-0.005020493,-0.02145834,6.522223,379.0,-0.175,-0.15849999999999997
6.0,-0.1185905,-0.1064974,0.999985,-0.2211471,-0.1101218,0.9999908,-0.1698687,-0.1083096,0.9999879,0.09064507,-0.06395496,-0.9938277,0.0,0.03692478,0.9974654,-0.06082122,0.0,-0.9951986,0.03118371,-0.09277683,0.0,-0.9899639,-1.647433,-0.760032,1.0,0.09064505,0.03692477,-0.9951984,0.0,-0.06395496,0.9974656,0.03118372,0.0,-0.9938275,-0.06082122,-0.09277684,0.0,-0.7709668,1.633586,-1.004351,1.0,1.0,1.0,-0.1636743,-0.09925114,0.981509,0.0004647449,-0.005020523,-0.02145458,6.533333,380.0,-0.175,-0.15849999999999997
6.0,-0.1181449,-0.1067037,0.9998118,-0.2228861,-0.1103461,0.9998352,-0.1705152,-0.1085249,0.9998236,0.0908941,-0.06395308,-0.9938051,0.0,0.03683437,0.9974689,-0.06081996,0.0,-0.9951792,0.03107801,-0.09301966,0.0,-0.9896724,-1.647563,-0.7599881,1.0,0.09089403,0.03683437,-0.9951791,0.0,-0.06395306,0.9974689,0.03107801,0.0,-0.9938047,-0.06081995,-0.09301969,0.0,-0.7706912,1.633624,-1.004392,1.0,1.0,1.0,-0.164303,-0.09945936,0.981383,0.0004669949,-0.00502234,-0.02145454,6.555556,381.0,-0.175,-0.15849999999999997
6.0,-0.1170614,-0.1065942,0.9999737,-0.2231999,-0.1106428,1.000004,-0.1701302,-0.1086186,0.9999889,0.09117699,-0.06394309,-0.9937797,0.0,0.03690761,0.9974678,-0.0607942,0.0,-0.9951506,0.031135,-0.09330606,0.0,-0.9895735,-1.647482,-0.7602363,1.0,0.09117696,0.0369076,-0.9951504,0.0,-0.06394309,0.9974677,0.031135,0.0,-0.9937797,-0.0607942,-0.09330608,0.0,-0.7706262,1.633615,-1.004415,1.0,1.0,1.0,-0.1639206,-0.0995376,0.9814389,0.000471931,-0.005023514,-0.0214543,6.566667,382.0,-0.175,-0.15849999999999997
6.0,-0.1161377,-0.1067576,0.9999724,-0.2218211,-0.1109192,0.9999713,-0.1689794,-0.1088384,0.9999717,0.09127307,-0.06359736,-0.9937931,0.0,0.03700152,0.9974861,-0.06043536,0.0,-0.9951383,0.03125573,-0.09339684,0.0,-0.9896554,-1.647032,-0.7608865,1.0,0.09127308,0.03700151,-0.9951382,0.0,-0.06359735,0.9974861,0.03125573,0.0,-0.9937929,-0.06043535,-0.0933968,0.0,-0.7705815,1.633526,-1.004429,1.0,1.0,1.0,-0.1628495,-0.09976615,0.981594,0.0004781038,-0.005023964,-0.02145286,6.588889,383.0,-0.175,-0.15849999999999997
6.0,-0.1150536,-0.1060999,1.000038,-0.222153,-0.1138159,1.000029,-0.1686035,-0.1099577,1.000033,0.09119809,-0.06369711,-0.9937935,0.0,0.03708318,0.9974773,-0.06053019,0.0,-0.995142,0.03133278,-0.09333014,0.0,-0.9898587,-1.647069,-0.7607202,1.0,0.09119812,0.03708318,-0.9951421,0.0,-0.06369711,0.9974773,0.03133279,0.0,-0.9937935,-0.06053019,-0.09333012,0.0,-0.7706391,1.633575,-1.004441,1.0,1.0,1.0,-0.1624725,-0.1008288,0.9815478,0.0004800027,-0.005026589,-0.02145249,6.6,384.0,-0.175,-0.15849999999999997
6.0,-0.115047,-0.1055832,0.999929,-0.2229437,-0.1139089,0.9999194,-0.1689956,-0.109746,0.9999241,0.09109932,-0.06369591,-0.9938027,0.0,0.03722031,0.9974728,-0.06051925,0.0,-0.9951461,0.03147637,-0.0932399,0.0,-0.9901329,-1.646912,-0.7605922,1.0,0.09109934,0.0372203,-0.995146,0.0,-0.06369591,0.9974729,0.03147637,0.0,-0.9938026,-0.06051925,-0.09323987,0.0,-0.7705796,1.633572,-1.004406,1.0,1.0,1.0,-0.1628596,-0.1006253,0.9815046,0.0004800027,-0.005033226,-0.02145143,6.611111,385.0,-0.175,-0.15849999999999997
6.0,-0.1133381,-0.10799,0.9999465,-0.222001,-0.1164002,0.9999293,-0.1676697,-0.1121952,0.999938,0.0907073,-0.06362557,-0.9938431,0.0,0.03731094,0.9974735,-0.06045265,0.0,-0.9951785,0.03159772,-0.09285206,0.0,-0.990698,-1.64676,-0.7602337,1.0,0.09070728,0.03731094,-0.9951783,0.0,-0.06362557,0.9974735,0.03159772,0.0,-0.9938428,-0.06045265,-0.09285203,0.0,-0.7704654,1.633606,-1.004477,1.0,1.0,1.0,-0.1615798,-0.1029683,0.9814731,0.0004803538,-0.005040024,-0.02144356,6.633334,386.0,-0.175,-0.15849999999999997
6.0,-0.1134064,-0.1084053,0.9999216,-0.222122,-0.1169795,0.9998969,-0.1677645,-0.1126923,0.9999093,0.09048396,-0.06366977,-0.9938606,0.0,0.0373091,0.9974704,-0.0605043,0.0,-0.9951988,0.03160537,-0.09263051,0.0,-0.9909045,-1.646785,-0.7598919,1.0,0.09048392,0.03730909,-0.9951988,0.0,-0.06366976,0.9974704,0.03160536,0.0,-0.9938605,-0.06050429,-0.09263054,0.0,-0.770416,1.633612,-1.004489,1.0,1.0,1.0,-0.1616649,-0.1034423,0.9814093,0.0004800567,-0.005040062,-0.02144314,6.644444,387.0,-0.175,-0.15849999999999997
6.0,-0.1134226,-0.108359,0.9999391,-0.2233217,-0.1171834,0.9999228,-0.1683723,-0.112771,0.999931,0.09019262,-0.06373005,-0.9938833,0.0,0.03738117,0.9974639,-0.06056741,0.0,-0.9952227,0.03168978,-0.09234619,0.0,-0.9913425,-1.646644,-0.7594563,1.0,0.09019261,0.03738117,-0.9952225,0.0,-0.06373005,0.9974638,0.03168978,0.0,-0.9938831,-0.0605674,-0.09234617,0.0,-0.7703398,1.633527,-1.004558,1.0,1.0,1.0,-0.1622284,-0.1035051,0.9813097,0.0004792335,-0.005040581,-0.02144125,6.666667,388.0,-0.175,-0.15849999999999997
6.0,-0.1125719,-0.1081507,0.9998671,-0.2232644,-0.1174015,0.99986,-0.1679183,-0.112776,0.9998636,0.09011191,-0.06349897,-0.9939052,0.0,0.03735359,0.9974787,-0.06034062,0.0,-0.9952309,0.03168852,-0.09225667,0.0,-0.9913883,-1.646462,-0.7596052,1.0,0.09011196,0.03735359,-0.995231,0.0,-0.06349897,0.9974787,0.03168852,0.0,-0.9939053,-0.06034062,-0.09225664,0.0,-0.7701883,1.633508,-1.004565,1.0,1.0,1.0,-0.1618141,-0.1035229,0.9813762,0.0004792335,-0.00504142,-0.02143974,6.677778,389.0,-0.175,-0.15849999999999997
6.0,-0.1125283,-0.1085648,0.9998666,-0.2241866,-0.117858,0.9998727,-0.1683573,-0.1132114,0.9998697,0.09010881,-0.06355041,-0.9939023,0.0,0.03721958,0.9974798,-0.06040477,0.0,-0.9952363,0.03154962,-0.09224707,0.0,-0.9911935,-1.646618,-0.7593019,1.0,0.09010884,0.03721958,-0.9952362,0.0,-0.06355041,0.9974799,0.03154963,0.0,-0.9939023,-0.06040477,-0.09224703,0.0,-0.7699999,1.633495,-1.004565,1.0,1.0,1.0,-0.1622173,-0.1039292,0.9812666,0.0004792335,-0.005041565,-0.02143723,6.7,390.0,-0.175,-0.15849999999999997
6.0,-0.1130419,-0.1085847,0.9999729,-0.2236328,-0.1183205,0.9999581,-0.1683375,-0.1134527,0.9999655,0.08996987,-0.06347647,-0.9939197,0.0,0.03718993,0.997485,-0.06033773,0.0,-0.99525,0.03153522,-0.09210426,0.0,-0.9912503,-1.646611,-0.7592623,1.0,0.08996982,0.03718992,-0.9952497,0.0,-0.06347645,0.9974849,0.03153522,0.0,-0.9939195,-0.06033773,-0.09210426,0.0,-0.769984,1.633522,-1.004547,1.0,1.0,1.0,-0.1621813,-0.1041501,0.9812492,0.0004801247,-0.005040649,-0.02143605,6.711111,391.0,-0.175,-0.15849999999999997
6.0,-0.114115,-0.1086272,0.9999388,-0.2236006,-0.118446,0.9999337,-0.1688578,-0.1135366,0.9999363,0.08993816,-0.06354731,-0.993918,0.0,0.03707043,0.9974844,-0.06042089,0.0,-0.9952573,0.03141082,-0.09206766,0.0,-0.9910988,-1.646792,-0.7590404,1.0,0.08993816,0.03707043,-0.9952571,0.0,-0.06354731,0.9974844,0.03141082,0.0,-0.9939179,-0.06042088,-0.09206762,0.0,-0.7699354,1.633528,-1.004554,1.0,1.0,1.0,-0.1626716,-0.104225,0.9811601,0.0004809722,-0.005040169,-0.02143625,6.722222,392.0,-0.175,-0.15849999999999997
6.0,-0.1140024,-0.1087245,0.9999593,-0.2242942,-0.1196913,0.9999717,-0.169148,-0.1142078,0.9999656,0.08985931,-0.06364821,-0.9939187,0.0,0.03710145,0.9974771,-0.06052177,0.0,-0.9952633,0.03143737,-0.09199405,0.0,-0.9912899,-1.646894,-0.7586986,1.0,0.0898593,0.03710144,-0.9952631,0.0,-0.0636482,0.9974772,0.03143737,0.0,-0.9939185,-0.06052178,-0.09199402,0.0,-0.7698299,1.6336,-1.004616,1.0,1.0,1.0,-0.16293,-0.104855,0.9810501,0.0004830854,-0.005040505,-0.02143512,6.744444,393.0,-0.175,-0.15849999999999997
6.0,-0.1141816,-0.1087307,1.000005,-0.2246568,-0.1193459,1.000006,-0.1694192,-0.1140385,1.000006,0.08988619,-0.06360119,-0.9939193,0.0,0.0368072,0.9974893,-0.06050094,0.0,-0.9952717,0.03114518,-0.0920015,0.0,-0.9908352,-1.647152,-0.7587423,1.0,0.08988619,0.03680719,-0.9952716,0.0,-0.06360118,0.9974892,0.03114518,0.0,-0.9939191,-0.06050093,-0.09200148,0.0,-0.7698269,1.633582,-1.004655,1.0,1.0,1.0,-0.163181,-0.1046855,0.9810265,0.0004846044,-0.005040268,-0.0214381,6.755556,394.0,-0.175,-0.15849999999999997
6.0,-0.1146359,-0.1087418,1.000038,-0.2247882,-0.118596,1.000028,-0.1697121,-0.1136689,1.000033,0.08964449,-0.0640795,-0.9939104,0.0,0.03663281,0.997465,-0.06100463,0.0,-0.9953001,0.03094099,-0.09176463,0.0,-0.990822,-1.647716,-0.7576874,1.0,0.08964443,0.03663279,-0.9952997,0.0,-0.06407949,0.9974651,0.03094099,0.0,-0.9939102,-0.06100463,-0.09176463,0.0,-0.7698363,1.633613,-1.004712,1.0,1.0,1.0,-0.1634543,-0.1043251,0.9810194,0.0004848177,-0.005040101,-0.02145511,6.777778,395.0,-0.175,-0.15849999999999997
6.0,-0.114542,-0.1086838,0.9999514,-0.2248228,-0.1186012,0.9999464,-0.1696823,-0.1136425,0.9999487,0.08958852,-0.06402994,-0.9939185,0.0,0.03672173,0.9974652,-0.06094845,0.0,-0.9953017,0.03103812,-0.09171277,0.0,-0.9910356,-1.64758,-0.757684,1.0,0.08958857,0.03672173,-0.9953016,0.0,-0.06402994,0.9974651,0.03103812,0.0,-0.9939185,-0.06094844,-0.09171271,0.0,-0.7697852,1.633616,-1.004731,1.0,1.0,1.0,-0.163439,-0.1043097,0.9810236,0.0004847413,-0.00503904,-0.02145883,6.788889,396.0,-0.175,-0.15849999999999997
6.0,-0.1145372,-0.1086289,1.000031,-0.2248374,-0.1185914,1.000015,-0.1696874,-0.1136101,1.000023,0.08946705,-0.06410216,-0.9939249,0.0,0.0365541,0.9974657,-0.06104015,0.0,-0.9953188,0.03087094,-0.09158349,0.0,-0.990865,-1.647796,-0.7574646,1.0,0.08946701,0.03655409,-0.9953187,0.0,-0.06410215,0.9974657,0.03087095,0.0,-0.9939247,-0.06104014,-0.0915835,0.0,-0.7698404,1.633605,-1.004729,1.0,1.0,1.0,-0.1634324,-0.1042722,0.9810286,0.0004848028,-0.005037957,-0.02146325,6.8,397.0,-0.175,-0.15849999999999997
6.0,-0.115704,-0.1084182,0.9999834,-0.2255462,-0.1184924,0.9999998,-0.1706249,-0.1134552,0.9999916,0.08937752,-0.064121,-0.9939317,0.0,0.03670194,0.9974598,-0.06104825,0.0,-0.9953215,0.03102287,-0.09150386,0.0,-0.9911634,-1.647662,-0.7573072,1.0,0.08937751,0.03670193,-0.9953212,0.0,-0.06412099,0.9974598,0.03102287,0.0,-0.9939316,-0.06104825,-0.09150384,0.0,-0.7697736,1.633622,-1.004707,1.0,1.0,1.0,-0.1643164,-0.1041121,0.980898,0.0004853979,-0.005038658,-0.02146322,6.822222,398.0,-0.175,-0.15849999999999997
6.0,-0.1156938,-0.1085971,1.000011,-0.2258893,-0.1179867,1.000032,-0.1707915,-0.1132918,1.000022,0.08954048,-0.06403586,-0.9939225,0.0,0.03695343,0.9974575,-0.06093455,0.0,-0.9952975,0.03127274,-0.09167916,0.0,-0.9913896,-1.647319,-0.7576409,1.0,0.08954045,0.03695342,-0.9952973,0.0,-0.06403585,0.9974575,0.03127274,0.0,-0.9939224,-0.06093455,-0.09167915,0.0,-0.7697542,1.633599,-1.004671,1.0,1.0,1.0,-0.1644695,-0.1039502,0.9808894,0.0004855962,-0.005039383,-0.02146663,6.833333,399.0,-0.175,-0.15849999999999997
6.0,-0.1157652,-0.108865,0.999936,-0.2256935,-0.1178963,0.9999636,-0.170729,-0.1133805,0.9999497,0.08975178,-0.06383146,-0.9939166,0.0,0.03733727,0.9974583,-0.06068732,0.0,-0.9952641,0.03166334,-0.09190696,0.0,-0.9917763,-1.646723,-0.7581485,1.0,0.08975179,0.03733727,-0.9952641,0.0,-0.06383146,0.9974582,0.03166334,0.0,-0.9939165,-0.06068731,-0.09190694,0.0,-0.7696353,1.633558,-1.004618,1.0,1.0,1.0,-0.1644222,-0.1040408,0.9808878,0.0004868312,-0.005040833,-0.02146674,6.855556,400.0,-0.175,-0.15849999999999997
6.0,-0.1154507,-0.1078331,0.9999932,-0.225639,-0.1173212,1.000014,-0.1705449,-0.1125771,1.000004,0.08991748,-0.06360263,-0.9939163,0.0,0.0373643,0.9974717,-0.06044988,0.0,-0.9952481,0.03170149,-0.09206659,0.0,-0.9916559,-1.646493,-0.7586452,1.0,0.08991745,0.0373643,-0.995248,0.0,-0.06360263,0.9974716,0.03170149,0.0,-0.9939162,-0.06044988,-0.09206659,0.0,-0.7695839,1.633523,-1.004593,1.0,1.0,1.0,-0.1642559,-0.1032713,0.980997,0.0004880978,-0.005044823,-0.02146739,6.866667,401.0,-0.175,-0.15849999999999997
6.0,-0.1150022,-0.1082096,0.9999871,-0.2254501,-0.1194172,1.00001,-0.1702258,-0.1138134,0.9999983,0.09022284,-0.063317,-0.9939069,0.0,0.0373815,0.997489,-0.06015186,0.0,-0.9952198,0.03172665,-0.09236318,0.0,-0.991401,-1.646229,-0.7593418,1.0,0.09022284,0.03738149,-0.9952198,0.0,-0.06331699,0.9974889,0.03172665,0.0,-0.9939067,-0.06015186,-0.09236316,0.0,-0.7695022,1.633479,-1.004568,1.0,1.0,1.0,-0.1639392,-0.1044512,0.980925,0.0004885709,-0.005045334,-0.02146636,6.888889,402.0,-0.175,-0.15849999999999997
6.0,-0.1149471,-0.1085204,0.9999009,-0.2242368,-0.1194277,0.9998975,-0.169592,-0.1139739,0.9998993,0.09018499,-0.06327426,-0.9939131,0.0,0.03740444,0.9974908,-0.06010805,0.0,-0.9952224,0.03175591,-0.09232545,0.0,-0.9914564,-1.646163,-0.7592803,1.0,0.09018499,0.03740444,-0.9952224,0.0,-0.06327426,0.9974908,0.03175592,0.0,-0.9939129,-0.06010805,-0.09232543,0.0,-0.7694039,1.633479,-1.004545,1.0,1.0,1.0,-0.1633593,-0.1046241,0.9810033,0.0004885709,-0.005045334,-0.02146689,6.9,403.0,-0.175,-0.15849999999999997
6.0,-0.1147269,-0.1080469,0.9999901,-0.2241367,-0.1199243,1.000011,-0.1694315,-0.1139854,1.000001,0.09060591,-0.06267072,-0.9939131,0.0,0.03693613,0.9975428,-0.05953247,0.0,-0.9952018,0.03131729,-0.0926981,0.0,-0.9903441,-1.64621,-0.7603445,1.0,0.09060589,0.03693611,-0.9952015,0.0,-0.0626707,0.9975427,0.0313173,0.0,-0.9939128,-0.05953246,-0.09269805,0.0,-0.7691543,1.63348,-1.004519,1.0,1.0,1.0,-0.1631936,-0.1046269,0.9810306,0.0004885709,-0.005046097,-0.0214669,6.922223,404.0,-0.175,-0.15849999999999997
6.0,-0.1141198,-0.1079304,1.000026,-0.2242281,-0.1192992,1.000038,-0.169174,-0.1136148,1.000032,0.0907228,-0.06274956,-0.9938974,0.0,0.03686953,0.9975404,-0.05961411,0.0,-0.9951936,0.03123616,-0.09281319,0.0,-0.9900736,-1.646302,-0.7603372,1.0,0.09072276,0.03686952,-0.9951933,0.0,-0.06274955,0.9975404,0.03123616,0.0,-0.9938971,-0.05961411,-0.09281318,0.0,-0.7691795,1.633429,-1.00446,1.0,1.0,1.0,-0.1629529,-0.1042758,0.981108,0.0004875641,-0.005046097,-0.02146675,6.933333,405.0,-0.175,-0.15849999999999997
6.0,-0.1166008,-0.1082563,1.000003,-0.2197947,-0.1169617,1.000007,-0.1681978,-0.1126091,1.000005,0.09071165,-0.0623402,-0.9939242,0.0,0.03704454,0.9975593,-0.05918729,0.0,-0.9951881,0.03145048,-0.0927996,0.0,-0.9903471,-1.645807,-0.760998,1.0,0.09071161,0.03704453,-0.9951878,0.0,-0.06234019,0.9975593,0.03145048,0.0,-0.993924,-0.05918729,-0.09279959,0.0,-0.7691381,1.633435,-1.00444,1.0,1.0,1.0,-0.1620262,-0.1033437,0.98136,0.0004512938,-0.005041214,-0.02146851,6.944445,406.0,-0.175,-0.15849999999999997
6.0,-0.1147025,-0.1096089,0.9999652,-0.2182151,-0.1173297,0.9999614,-0.1664588,-0.1134694,0.9999633,0.09069771,-0.06202385,-0.9939452,0.0,0.03701432,0.997579,-0.05887305,0.0,-0.9951905,0.03145054,-0.09277391,0.0,-0.990294,-1.645497,-0.7614839,1.0,0.0906977,0.03701431,-0.9951903,0.0,-0.06202384,0.997579,0.03145055,0.0,-0.9939451,-0.05887304,-0.09277388,0.0,-0.7691158,1.633338,-1.004425,1.0,1.0,1.0,-0.160387,-0.1041975,0.981539,0.0004467387,-0.005037094,-0.02146774,6.966667,407.0,-0.175,-0.15849999999999997
6.0,-0.1129644,-0.1094946,0.9998655,-0.2161618,-0.1175368,0.9998629,-0.1645631,-0.1135156,0.9998641,0.0906496,-0.06186854,-0.9939593,0.0,0.03716604,0.9975833,-0.05870456,0.0,-0.9951892,0.03161998,-0.09272993,0.0,-0.9906129,-1.645236,-0.7615767,1.0,0.09064957,0.03716603,-0.995189,0.0,-0.06186853,0.9975833,0.03161997,0.0,-0.9939591,-0.05870456,-0.09272991,0.0,-0.7689658,1.633369,-1.004446,1.0,1.0,1.0,-0.1586232,-0.1042822,0.9818166,0.0004436644,-0.005036705,-0.02146468,6.977778,408.0,-0.175,-0.15849999999999997
6.0,-0.1116982,-0.1094065,0.9998165,-0.2151741,-0.1170765,0.9998211,-0.1634361,-0.1132417,0.9998188,0.09058839,-0.06147774,-0.9939891,0.0,0.03737472,0.9975995,-0.05829486,0.0,-0.9951869,0.03186922,-0.09266865,0.0,-0.9909253,-1.644625,-0.761955,1.0,0.09058838,0.03737471,-0.9951867,0.0,-0.06147774,0.9975995,0.03186922,0.0,-0.993989,-0.05829485,-0.09266864,0.0,-0.7687165,1.633295,-1.004352,1.0,1.0,1.0,-0.1575771,-0.1040444,0.9820103,0.0004423978,-0.005036705,-0.02146127,7.0,409.0,-0.175,-0.15849999999999997
6.0,-0.1122534,-0.1093473,0.9999481,-0.2159858,-0.1150598,0.9999717,-0.1641192,-0.1122035,0.9999599,0.09080273,-0.0614354,-0.9939721,0.0,0.03752609,0.9975976,-0.05823135,0.0,-0.9951616,0.03201232,-0.09288996,0.0,-0.9909595,-1.644394,-0.7621848,1.0,0.09080268,0.03752609,-0.9951616,0.0,-0.06143539,0.9975975,0.03201231,0.0,-0.9939721,-0.05823135,-0.09289001,0.0,-0.7686326,1.633247,-1.004323,1.0,1.0,1.0,-0.1582089,-0.1030332,0.9820153,0.0004371721,-0.005036705,-0.0214556,7.011111,410.0,-0.175,-0.15849999999999997
6.0,-0.1125882,-0.1086997,0.9999779,-0.2165506,-0.115345,0.9999675,-0.1645693,-0.1120223,0.9999726,0.09068078,-0.06115359,-0.9940007,0.0,0.03758541,0.9976119,-0.05794692,0.0,-0.9951706,0.03210524,-0.09276271,0.0,-0.9911146,-1.644081,-0.7625031,1.0,0.09068077,0.0375854,-0.9951704,0.0,-0.06115358,0.9976119,0.03210524,0.0,-0.9940006,-0.05794692,-0.09276269,0.0,-0.768595,1.633221,-1.004276,1.0,1.0,1.0,-0.1586311,-0.1028523,0.9819661,0.0004349519,-0.005037987,-0.02144544,7.022223,411.0,-0.175,-0.15849999999999997
6.0,-0.1122174,-0.1097024,1.000002,-0.2147678,-0.1146259,1.000011,-0.1634924,-0.1121641,1.000007,0.09111077,-0.06096529,-0.993973,0.0,0.03782707,0.9976158,-0.05772138,0.0,-0.9951221,0.03234003,-0.09319967,0.0,-0.9911012,-1.643596,-0.7633735,1.0,0.09111074,0.03782706,-0.995122,0.0,-0.06096528,0.9976158,0.03234003,0.0,-0.9939727,-0.05772137,-0.09319967,0.0,-0.7686749,1.633105,-1.004259,1.0,1.0,1.0,-0.1576152,-0.1030003,0.9821143,0.0004342198,-0.005039795,-0.02143465,7.044445,412.0,-0.175,-0.15849999999999997
6.0,-0.112558,-0.1104758,1.000164,-0.2147855,-0.1148236,1.000201,-0.1636714,-0.1126497,1.000183,0.09145796,-0.06073008,-0.9939554,0.0,0.03799212,0.9976248,-0.05745846,0.0,-0.995084,0.03250743,-0.093548,0.0,-0.9910852,-1.643352,-0.7642349,1.0,0.09145796,0.03799211,-0.9950839,0.0,-0.06073007,0.9976248,0.03250743,0.0,-0.9939553,-0.05745846,-0.09354798,0.0,-0.7687736,1.633191,-1.004284,1.0,1.0,1.0,-0.1577508,-0.1034418,0.9820461,0.0004341509,-0.00504084,-0.02142296,7.055556,413.0,-0.175,-0.15849999999999997
6.0,-0.1130361,-0.1093435,1.000125,-0.214616,-0.1151679,1.000148,-0.1638258,-0.1122556,1.000136,0.09193969,-0.06062299,-0.9939175,0.0,0.03806212,0.9976295,-0.05732857,0.0,-0.9950369,0.03255983,-0.09402919,0.0,-0.9907417,-1.643191,-0.7650071,1.0,0.09193968,0.03806212,-0.9950368,0.0,-0.06062299,0.9976296,0.03255983,0.0,-0.9939175,-0.05732857,-0.09402918,0.0,-0.7688806,1.633149,-1.004255,1.0,1.0,1.0,-0.157909,-0.1030694,0.9820598,0.0004340364,-0.00504084,-0.02142065,7.077778,414.0,-0.175,-0.15849999999999997
6.0,-0.1129383,-0.109409,1.000012,-0.2140373,-0.1152732,1.000024,-0.1634876,-0.112341,1.000018,0.09207547,-0.06072036,-0.993899,0.0,0.03788434,0.99763,-0.05743867,0.0,-0.9950311,0.03236451,-0.09415758,0.0,-0.9903293,-1.643455,-0.7649525,1.0,0.09207544,0.03788434,-0.9950311,0.0,-0.06072035,0.9976299,0.03236451,0.0,-0.9938989,-0.05743866,-0.0941576,0.0,-0.7688916,1.63314,-1.004245,1.0,1.0,1.0,-0.1576087,-0.1031678,0.9820977,0.000434082,-0.005041054,-0.02141823,7.088889,415.0,-0.175,-0.15849999999999997
6.0,-0.1129279,-0.1095876,1.000041,-0.2140935,-0.1168104,1.000069,-0.1635104,-0.1131989,1.000055,0.09235483,-0.06077873,-0.9938697,0.0,0.03788039,0.9976273,-0.05748851,0.0,-0.9950055,0.03233881,-0.09443802,0.0,-0.9901024,-1.643532,-0.7651462,1.0,0.0923548,0.03788038,-0.9950053,0.0,-0.06077871,0.9976273,0.03233882,0.0,-0.9938692,-0.05748851,-0.09443799,0.0,-0.7689064,1.63315,-1.004266,1.0,1.0,1.0,-0.1576112,-0.1039796,0.9820117,0.0004341202,-0.005040848,-0.02141736,7.1,416.0,-0.175,-0.15849999999999997
6.0,-0.1134256,-0.1077017,0.9999825,-0.2138245,-0.1173744,0.9999728,-0.1636252,-0.112538,0.9999776,0.09242904,-0.06105024,-0.9938461,0.0,0.03805556,0.997606,-0.05774198,0.0,-0.9949919,0.03248432,-0.09453106,0.0,-0.9904261,-1.643663,-0.7646459,1.0,0.09242902,0.03805554,-0.9949916,0.0,-0.06105022,0.9976059,0.03248432,0.0,-0.9938458,-0.05774198,-0.09453104,0.0,-0.7687421,1.633267,-1.004355,1.0,1.0,1.0,-0.1577407,-0.1033581,0.9820565,0.0004339982,-0.005039803,-0.02141678,7.122222,417.0,-0.175,-0.15849999999999997
6.0,-0.1134232,-0.1077715,0.9997264,-0.2141364,-0.1179649,0.9997144,-0.1637801,-0.1128681,0.9997204,0.09231746,-0.06094479,-0.9938627,0.0,0.03783693,0.997619,-0.05766055,0.0,-0.9950105,0.03228164,-0.09440356,0.0,-0.9901708,-1.64372,-0.7643949,1.0,0.09231742,0.03783693,-0.9950105,0.0,-0.06094479,0.997619,0.03228164,0.0,-0.9938628,-0.05766055,-0.09440362,0.0,-0.7684698,1.633196,-1.00433,1.0,1.0,1.0,-0.1579185,-0.1036955,0.9819924,0.0004331209,-0.005039391,-0.02141444,7.133334,418.0,-0.175,-0.15849999999999997
6.0,-0.1134878,-0.1076207,0.9999734,-0.2145318,-0.118176,0.9999621,-0.16401,-0.1128983,0.9999676,0.09225088,-0.06075563,-0.9938806,0.0,0.03734245,0.9976457,-0.05751971,0.0,-0.9950354,0.03180769,-0.09430248,0.0,-0.9895001,-1.644087,-0.7644993,1.0,0.09225088,0.03734245,-0.9950353,0.0,-0.06075562,0.9976457,0.03180769,0.0,-0.9938805,-0.05751971,-0.09430245,0.0,-0.7684262,1.633193,-1.004387,1.0,1.0,1.0,-0.1580957,-0.1036965,0.9819637,0.0004320908,-0.005039391,-0.02141425,7.155556,419.0,-0.175,-0.15849999999999997
6.0,-0.1136651,-0.1077337,0.999963,-0.2157283,-0.1186821,0.999959,-0.1646967,-0.1132079,0.9999611,0.09223485,-0.06090486,-0.9938729,0.0,0.03722791,0.9976407,-0.05768088,0.0,-0.9950412,0.03167962,-0.09428459,0.0,-0.9893752,-1.644336,-0.7641951,1.0,0.09223483,0.03722791,-0.9950411,0.0,-0.06090486,0.9976407,0.03167963,0.0,-0.9938728,-0.05768087,-0.0942846,0.0,-0.768406,1.633209,-1.004429,1.0,1.0,1.0,-0.1587337,-0.1039805,0.9818308,0.0004300689,-0.005039391,-0.02141403,7.166667,420.0,-0.175,-0.15849999999999997
6.0,-0.1137966,-0.1075142,0.9999757,-0.2159138,-0.1195256,0.9999697,-0.1648553,-0.1135199,0.9999727,0.09197658,-0.06097686,-0.9938925,0.0,0.03714314,0.9976388,-0.05776941,0.0,-0.9950683,0.03160285,-0.0940243,0.0,-0.989508,-1.644467,-0.7636064,1.0,0.0919766,0.03714314,-0.9950682,0.0,-0.06097685,0.9976386,0.03160286,0.0,-0.9938923,-0.0577694,-0.09402426,0.0,-0.7682053,1.633224,-1.004456,1.0,1.0,1.0,-0.1588736,-0.1042735,0.981777,0.0004280927,-0.005039375,-0.02141388,7.188889,421.0,-0.175,-0.15849999999999997
6.0,-0.1124814,-0.1074429,0.9999222,-0.2166516,-0.1198242,0.9999052,-0.1645667,-0.1136337,0.9999136,0.09183216,-0.06114427,-0.9938955,0.0,0.03715488,0.9976284,-0.05794094,0.0,-0.9950811,0.03160722,-0.0938862,0.0,-0.9896672,-1.644531,-0.7631462,1.0,0.09183218,0.03715488,-0.9950811,0.0,-0.06114426,0.9976283,0.03160722,0.0,-0.9938955,-0.05794095,-0.09388618,0.0,-0.7681578,1.633184,-1.004469,1.0,1.0,1.0,-0.1586086,-0.1043912,0.9818074,0.0004261099,-0.005040566,-0.02141282,7.2,422.0,-0.175,-0.15849999999999997
6.0,-0.1125529,-0.1078897,1.000033,-0.2172997,-0.1198662,1.000025,-0.1649264,-0.113878,1.000029,0.09176159,-0.06111331,-0.993904,0.0,0.03696017,0.9976362,-0.05793047,0.0,-0.9950949,0.03141906,-0.09380341,0.0,-0.9894947,-1.644779,-0.7631276,1.0,0.09176155,0.03696016,-0.9950949,0.0,-0.0611133,0.9976361,0.03141906,0.0,-0.9939039,-0.05793047,-0.09380344,0.0,-0.7681958,1.633255,-1.004548,1.0,1.0,1.0,-0.1589247,-0.1046053,0.9817336,0.0004261099,-0.005041863,-0.02141051,7.211111,423.0,-0.175,-0.15849999999999997
6.0,-0.1125813,-0.1073007,1.00019,-0.2193328,-0.1203763,1.000187,-0.1659572,-0.1138386,1.000189,0.09172457,-0.06133831,-0.9938936,0.0,0.03675377,0.9976295,-0.05817694,0.0,-0.995106,0.03119307,-0.09376156,0.0,-0.989337,-1.645119,-0.7628592,1.0,0.09172455,0.03675377,-0.9951057,0.0,-0.0613383,0.9976295,0.03119307,0.0,-0.9938934,-0.05817695,-0.09376153,0.0,-0.768363,1.6332,-1.004705,1.0,1.0,1.0,-0.1598669,-0.104534,0.9815881,0.0004261099,-0.00504345,-0.02140991,7.233334,424.0,-0.175,-0.15849999999999997
6.0,-0.1130804,-0.1068418,0.9999948,-0.2193848,-0.1227668,1.00001,-0.1662324,-0.1148042,1.000002,0.09190446,-0.06148601,-0.9938678,0.0,0.03653859,0.9976279,-0.05833986,0.0,-0.9950973,0.03095283,-0.09393305,0.0,-0.9888911,-1.645441,-0.7627394,1.0,0.09190442,0.03653858,-0.9950971,0.0,-0.06148601,0.997628,0.03095283,0.0,-0.9938676,-0.05833986,-0.09393305,0.0,-0.7683501,1.633173,-1.004758,1.0,1.0,1.0,-0.1601372,-0.105465,0.9814444,0.0004261099,-0.005044152,-0.02140971,7.244445,425.0,-0.175,-0.15849999999999997
6.0,-0.1131027,-0.1069299,1.000046,-0.2192413,-0.1225134,1.000073,-0.1661716,-0.1147216,1.000059,0.09194654,-0.06122082,-0.9938802,0.0,0.03636367,0.9976489,-0.05808886,0.0,-0.9950997,0.03080005,-0.09395659,0.0,-0.988691,-1.645424,-0.7632118,1.0,0.09194655,0.03636366,-0.9950997,0.0,-0.06122082,0.997649,0.03080006,0.0,-0.9938802,-0.05808887,-0.09395657,0.0,-0.7683686,1.633174,-1.004876,1.0,1.0,1.0,-0.1600734,-0.1053789,0.9814641,0.0004265746,-0.005047043,-0.02141107,7.266667,426.0,-0.175,-0.15849999999999997
6.0,-0.1130757,-0.1067493,0.9999863,-0.2192122,-0.1242316,0.9999852,-0.166144,-0.1154903,0.9999859,0.09194124,-0.061187,-0.9938828,0.0,0.03624657,0.9976545,-0.05806613,0.0,-0.9951046,0.03068616,-0.09394342,0.0,-0.9885362,-1.645564,-0.7632229,1.0,0.09194122,0.03624656,-0.9951044,0.0,-0.06118698,0.9976544,0.03068616,0.0,-0.9938827,-0.05806613,-0.09394339,0.0,-0.7683538,1.633218,-1.0049,1.0,1.0,1.0,-0.1600465,-0.1061172,0.9813889,0.0004270095,-0.005047287,-0.02141197,7.277778,427.0,-0.175,-0.15849999999999997
6.0,-0.1115541,-0.1067756,0.9999774,-0.2187845,-0.1252887,0.9999744,-0.1651693,-0.116032,0.9999759,0.09191877,-0.0611135,-0.9938894,0.0,0.03602479,0.9976656,-0.05801398,0.0,-0.9951146,0.03047209,-0.09390581,0.0,-0.9881096,-1.64573,-0.7632509,1.0,0.09191878,0.03602479,-0.9951146,0.0,-0.0611135,0.9976655,0.03047208,0.0,-0.9938894,-0.05801398,-0.09390578,0.0,-0.7683374,1.633205,-1.004807,1.0,1.0,1.0,-0.1591307,-0.1066487,0.9814802,0.000431953,-0.005046753,-0.02141361,7.288889,428.0,-0.175,-0.15849999999999997
6.0,-0.1118979,-0.1075588,0.9999356,-0.2205438,-0.12553,0.9999251,-0.1662211,-0.1165445,0.9999303,0.09185022,-0.06105408,-0.9938993,0.0,0.03563653,0.9976807,-0.05799306,0.0,-0.9951349,0.03009245,-0.09381294,0.0,-0.9876158,-1.646075,-0.763151,1.0,0.09185021,0.03563653,-0.995135,0.0,-0.06105409,0.9976808,0.03009246,0.0,-0.9938993,-0.05799306,-0.09381296,0.0,-0.7682822,1.633195,-1.00487,1.0,1.0,1.0,-0.1601145,-0.1071225,0.9812686,0.0004330371,-0.005046708,-0.02141638,7.311111,429.0,-0.175,-0.15849999999999997
6.0,-0.1122633,-0.1077922,0.9999958,-0.2208952,-0.1244449,0.9999798,-0.1665795,-0.1161188,0.9999877,0.09168458,-0.06092381,-0.9939227,0.0,0.03561886,0.9976886,-0.05786898,0.0,-0.9951509,0.03009669,-0.09364271,0.0,-0.9877685,-1.645985,-0.763201,1.0,0.09168458,0.03561885,-0.9951507,0.0,-0.06092381,0.9976886,0.03009669,0.0,-0.9939226,-0.05786898,-0.09364267,0.0,-0.7682793,1.633198,-1.004908,1.0,1.0,1.0,-0.1604477,-0.1067061,0.9812595,0.0004346156,-0.005045761,-0.02143041,7.322222,430.0,-0.175,-0.15849999999999997
6.0,-0.1120075,-0.1078842,0.9999903,-0.2203107,-0.1241896,0.9999674,-0.1661592,-0.116037,0.9999788,0.09129828,-0.06072734,-0.9939704,0.0,0.03567029,0.9976978,-0.05767868,0.0,-0.9951847,0.03018923,-0.09325427,0.0,-0.9882957,-1.645726,-0.7631118,1.0,0.09129828,0.03567028,-0.9951845,0.0,-0.06072733,0.9976978,0.03018924,0.0,-0.99397,-0.05767867,-0.09325424,0.0,-0.7682211,1.633175,-1.005017,1.0,1.0,1.0,-0.1600571,-0.1066366,0.9813309,0.0004360424,-0.005044304,-0.02143807,7.344445,431.0,-0.175,-0.15849999999999997
2.0,-0.03422856,-0.1995895,0.9999986,-0.1379448,-0.2155921,0.9999878,-0.08608675,-0.2075908,0.9999931,0.08877349,-0.05965362,-0.994264,0.0,0.04028545,0.9976032,-0.05625706,0.0,-0.9952369,0.03506024,-0.0909639,0.0,-0.9951364,-1.63975,-0.7633516,1.0,0.08877349,0.04028545,-0.9952368,0.0,-0.05965361,0.9976032,0.03506023,0.0,-0.9942639,-0.05625705,-0.09096388,0.0,-0.7684481,1.632965,-1.002344,1.0,1.0,1.0,-0.08230081,-0.1936407,0.9776143,-5.595386e-05,-0.0051744,-0.02192693,10.45556,629.0,-0.0875,-0.246
2.0,-0.03395198,-0.2017929,1.000011,-0.137229,-0.2167625,1.000022,-0.08559044,-0.2092777,1.000017,0.08887392,-0.05926548,-0.9942783,0.0,0.04007031,0.9976329,-0.05588374,0.0,-0.9952367,0.03487442,-0.09103835,0.0,-0.9949124,-1.639685,-0.7639254,1.0,0.08887392,0.04007031,-0.9952365,0.0,-0.05926547,0.9976329,0.03487442,0.0,-0.9942781,-0.05588374,-0.09103832,0.0,-0.7683092,1.632979,-1.002537,1.0,1.0,1.0,-0.08180156,-0.1952022,0.9773456,-5.614478e-05,-0.005168228,-0.0219267,10.47778,630.0,-0.0875,-0.246
2.0,-0.03386379,-0.2011595,0.9999983,-0.1372315,-0.2169276,1.000016,-0.08554743,-0.2090433,1.000007,0.08900988,-0.05905238,-0.9942787,0.0,0.04006804,0.9976452,-0.05566535,0.0,-0.9952245,0.03488403,-0.09116644,0.0,-0.9948705,-1.639446,-0.7643614,1.0,0.08900993,0.04006804,-0.9952245,0.0,-0.05905238,0.9976451,0.03488403,0.0,-0.9942786,-0.05566535,-0.09116639,0.0,-0.768248,1.632899,-1.002613,1.0,1.0,1.0,-0.08176508,-0.1949903,0.9773911,-5.614478e-05,-0.005167023,-0.02192554,10.48889,631.0,-0.0875,-0.246
2.0,-0.03392191,-0.2013962,1.000118,-0.1378222,-0.2175798,1.000117,-0.08587216,-0.2094881,1.000117,0.08899927,-0.05895378,-0.9942855,0.0,0.03992926,0.9976555,-0.05557951,0.0,-0.9952311,0.03475454,-0.09114462,0.0,-0.99472,-1.639502,-0.7645857,1.0,0.08899928,0.03992926,-0.995231,0.0,-0.05895378,0.9976556,0.03475455,0.0,-0.9942854,-0.0555795,-0.09114458,0.0,-0.7683419,1.632882,-1.002684,1.0,1.0,1.0,-0.08205836,-0.1953755,0.9772896,-5.614478e-05,-0.005166054,-0.0219235,10.5,632.0,-0.0875,-0.246
2.0,-0.03299183,-0.200733,0.9999151,-0.1372708,-0.2177418,0.9999132,-0.08513126,-0.2092373,0.9999141,0.08876789,-0.0588667,-0.9943113,0.0,0.03950429,0.9976747,-0.05553906,0.0,-0.9952686,0.03434948,-0.09088695,0.0,-0.9943693,-1.63992,-0.7643365,1.0,0.08876788,0.03950429,-0.9952686,0.0,-0.05886671,0.9976747,0.03434948,0.0,-0.9943114,-0.05553906,-0.09088697,0.0,-0.7682571,1.632938,-1.002802,1.0,1.0,1.0,-0.08137392,-0.1951947,0.9773829,-5.621277e-05,-0.005164459,-0.02192264,10.52222,633.0,-0.0875,-0.246
2.0,-0.03256217,-0.2008987,0.9999542,-0.1372203,-0.2198343,0.9999533,-0.08489132,-0.2103665,0.9999537,0.08881152,-0.05912059,-0.9942924,0.0,0.03943528,0.997663,-0.05579859,0.0,-0.9952676,0.03425463,-0.09093541,0.0,-0.9942933,-1.6402,-0.7639521,1.0,0.08881151,0.03943527,-0.9952674,0.0,-0.05912058,0.997663,0.03425464,0.0,-0.9942922,-0.05579859,-0.09093538,0.0,-0.7682565,1.632949,-1.002874,1.0,1.0,1.0,-0.08112705,-0.1962305,0.9771959,-5.493872e-05,-0.005163773,-0.02192249,10.53333,634.0,-0.0875,-0.246
2.0,-0.03222989,-0.201162,0.999975,-0.1379026,-0.2198868,0.9999729,-0.08506629,-0.2105244,0.999974,0.08869386,-0.05908176,-0.9943053,0.0,0.03942993,0.9976651,-0.05576418,0.0,-0.9952782,0.03425945,-0.09081632,0.0,-0.9944954,-1.640144,-0.7638399,1.0,0.08869381,0.03942993,-0.9952781,0.0,-0.05908176,0.9976651,0.03425944,0.0,-0.9943051,-0.05576418,-0.09081633,0.0,-0.7681869,1.632932,-1.002978,1.0,1.0,1.0,-0.08129052,-0.1963701,0.9771544,-5.375594e-05,-0.005163018,-0.02192179,10.55556,635.0,-0.0875,-0.246
2.0,-0.03313183,-0.2005775,0.9999647,-0.1379993,-0.2136802,0.9999637,-0.08556558,-0.2071287,0.9999641,0.08868778,-0.05905407,-0.9943073,0.0,0.03933888,0.9976698,-0.05574491,0.0,-0.9952824,0.03417104,-0.09080428,0.0,-0.9943606,-1.64026,-0.7638219,1.0,0.08868781,0.03933887,-0.9952822,0.0,-0.05905406,0.9976697,0.03417103,0.0,-0.9943074,-0.05574491,-0.09080422,0.0,-0.7681502,1.632976,-1.002978,1.0,1.0,1.0,-0.08181785,-0.1932403,0.9777341,-5.300157e-05,-0.005162598,-0.02192032,10.56667,636.0,-0.0875,-0.246
2.0,-0.03260249,-0.2004402,0.9999783,-0.1381551,-0.2126355,0.9999758,-0.08537872,-0.2065379,0.999977,0.08866525,-0.05916976,-0.9943026,0.0,0.03925174,0.9976662,-0.05586972,0.0,-0.9952878,0.0340744,-0.09078085,0.0,-0.9943419,-1.640441,-0.7635788,1.0,0.08866525,0.03925173,-0.9952878,0.0,-0.05916974,0.9976661,0.0340744,0.0,-0.9943023,-0.05586971,-0.09078082,0.0,-0.7681291,1.632982,-1.003078,1.0,1.0,1.0,-0.08164954,-0.1926967,0.9778554,-5.189516e-05,-0.005162636,-0.02191988,10.58889,637.0,-0.0875,-0.246
2.0,-0.03346324,-0.2015608,1.000014,-0.1390561,-0.212232,1.000012,-0.08625968,-0.2068963,1.000013,0.08865255,-0.05934519,-0.9942932,0.0,0.0393704,0.9976522,-0.05603536,0.0,-0.9952843,0.03417804,-0.09078085,0.0,-0.9945887,-1.640415,-0.7633486,1.0,0.08865255,0.03937041,-0.9952843,0.0,-0.0593452,0.9976524,0.03417804,0.0,-0.9942931,-0.05603537,-0.09078086,0.0,-0.7681701,1.632946,-1.00313,1.0,1.0,1.0,-0.0824788,-0.1930066,0.9777247,-5.160552e-05,-0.005162872,-0.0219194,10.6,638.0,-0.0875,-0.246
2.0,-0.03234275,-0.2014796,1.000003,-0.1379987,-0.2121038,0.9999797,-0.08517101,-0.2067919,0.9999911,0.08845997,-0.05944093,-0.9943047,0.0,0.03917615,0.9976531,-0.05615574,0.0,-0.9953091,0.03398548,-0.09058106,0.0,-0.9945778,-1.640678,-0.7629921,1.0,0.08845999,0.03917614,-0.9953089,0.0,-0.05944093,0.9976532,0.03398548,0.0,-0.9943045,-0.05615574,-0.09058101,0.0,-0.7681897,1.632945,-1.003266,1.0,1.0,1.0,-0.08144833,-0.1929305,0.9778262,-5.054474e-05,-0.005163277,-0.02191902,10.61111,639.0,-0.0875,-0.246
2.0,-0.03268169,-0.2022078,0.9999846,-0.1380956,-0.2121865,0.9999773,-0.08538878,-0.2071971,0.9999809,0.08834898,-0.05994542,-0.9942842,0.0,0.03900842,0.99763,-0.05668098,0.0,-0.9953255,0.03377774,-0.09047794,0.0,-0.9945463,-1.64124,-0.7621216,1.0,0.08834895,0.03900841,-0.9953254,0.0,-0.05994542,0.99763,0.03377775,0.0,-0.9942841,-0.05668097,-0.09047797,0.0,-0.768283,1.632948,-1.003415,1.0,1.0,1.0,-0.08165196,-0.193302,0.9777358,-4.857592e-05,-0.005163277,-0.02192084,10.63333,640.0,-0.0875,-0.246
2.0,-0.03103225,-0.2028547,1.000097,-0.1387404,-0.2124023,1.000065,-0.08488658,-0.2076285,1.000081,0.08807123,-0.06017298,-0.9942952,0.0,0.03910813,0.9976131,-0.05690971,0.0,-0.9953462,0.03387291,-0.09021425,0.0,-0.9949684,-1.641279,-0.7616414,1.0,0.0880712,0.03910812,-0.9953461,0.0,-0.06017296,0.9976131,0.03387291,0.0,-0.9942949,-0.05690971,-0.09021425,0.0,-0.7684289,1.632928,-1.003454,1.0,1.0,1.0,-0.08116211,-0.1936882,0.9777002,-4.680641e-05,-0.005163971,-0.02192082,10.64444,641.0,-0.0875,-0.246
2.0,-0.03006899,-0.2046361,1.00023,-0.1387429,-0.2118821,1.000201,-0.08440629,-0.2082591,1.000216,0.0876441,-0.06066045,-0.9943033,0.0,0.0391012,0.9975845,-0.057414,0.0,-0.9953843,0.03384645,-0.08980429,0.0,-0.9953779,-1.641659,-0.7607017,1.0,0.08764408,0.03910119,-0.995384,0.0,-0.06066043,0.9975844,0.03384645,0.0,-0.994303,-0.057414,-0.08980427,0.0,-0.7687128,1.632939,-1.003533,1.0,1.0,1.0,-0.08068634,-0.19425,0.9776281,-4.653912e-05,-0.005165726,-0.02192084,10.66667,642.0,-0.0875,-0.246
