flag,xl,yl,zl,xr,yr,zr,xc,yc,zc,mat_00,mat_10,mat_20,mat_30,mat_01,mat_11,mat_21,mat_31,mat_02,mat_12,mat_22,mat_32,mat_03,mat_13,mat_23,mat_33,ctw_00,ctw_10,ctw_20,ctw_30,ctw_01,ctw_11,ctw_21,ctw_31,ctw_02,ctw_12,ctw_22,ctw_32,ctw_03,ctw_13,ctw_23,ctw_33,opennessl,opennessr,ray_x,ray_y,ray_z,eye_x,eye_y,eye_z,time,frame,u,v
25.0,0.227705,0.07489009,1.000097,0.08854689,0.051049,1.000102,0.1581261,0.06296952,1.000099,-0.988063,0.04387671,-0.1476709,0.0,0.0253118,0.9917927,0.1253257,0.0,-0.1519578,-0.1200918,0.9810642,0.0,0.1743194,-1.724815,0.6705849,1.0,-0.9880627,0.0253118,-0.1519577,0.0,0.0438767,0.9917926,-0.1200918,0.0,-0.1476708,0.1253257,0.9810641,0.0,0.3469436,1.622205,-0.8385338,1.0,1.0,1.0,0.1508368,0.06519677,0.9864065,0.001573921,-0.004697785,-0.0236831,67.74445,4251.0,0.175,0.104
25.0,0.2275507,0.07589781,1.000103,0.08892594,0.05054981,1.000104,0.1582383,0.06322386,1.000103,-0.9880717,0.04394126,-0.1475929,0.0,0.02532757,0.9917444,0.1257042,0.0,-0.1518981,-0.1204665,0.9810275,0.0,0.174378,-1.725052,0.6697958,1.0,-0.9880716,0.02532757,-0.1518981,0.0,0.04394126,0.9917445,-0.1204665,0.0,-0.1475929,0.1257042,0.9810274,0.0,0.346956,1.622198,-0.8384113,1.0,1.0,1.0,0.1509406,0.06543862,0.9863745,0.001573289,-0.004697136,-0.02368109,67.75555,4252.0,0.175,0.104
25.0,0.2273761,0.07668421,1.000174,0.08959781,0.0503382,1.000148,0.1584864,0.06351091,1.000161,-0.9880902,0.04434534,-0.1473474,0.0,0.02566103,0.9916517,0.1263661,0.0,-0.1517211,-0.12108,0.9809792,0.0,0.1738605,-1.725417,0.6683335,1.0,-0.9880902,0.02566103,-0.1517211,0.0,0.04434534,0.9916517,-0.12108,0.0,-0.1473474,0.1263661,0.9809793,0.0,0.3467813,1.622096,-0.8381565,1.0,1.0,1.0,0.1511648,0.06570902,0.9863223,0.001572655,-0.004697243,-0.02367304,67.77778,4253.0,0.175,0.104
25.0,0.2274755,0.07662933,1.0001,0.09040717,0.05109947,1.00009,0.1589412,0.0638644,1.000095,-0.9881026,0.04443135,-0.1472394,0.0,0.02573751,0.9916306,0.1265163,0.0,-0.1516284,-0.1212215,0.9809762,0.0,0.1736541,-1.72549,0.6679617,1.0,-0.9881023,0.02573751,-0.1516283,0.0,0.04443135,0.9916306,-0.1212215,0.0,-0.1472394,0.1265163,0.9809761,0.0,0.3466041,1.622071,-0.8380901,1.0,1.0,1.0,0.1515996,0.06604752,0.9862329,0.001572494,-0.004696778,-0.02366927,67.78889,4254.0,0.175,0.104
25.0,0.2275943,0.0757666,1.000111,0.09026717,0.05070527,1.000067,0.1589299,0.06323583,1.00009,-0.9881549,0.04495567,-0.1467271,0.0,0.0264206,0.9916897,0.1259102,0.0,-0.1511681,-0.1205421,0.9811308,0.0,0.1729019,-1.725287,0.6687631,1.0,-0.9881549,0.0264206,-0.1511682,0.0,0.04495567,0.9916897,-0.1205421,0.0,-0.1467271,0.1259101,0.9811308,0.0,0.346541,1.622177,-0.8379766,1.0,1.0,1.0,0.1516005,0.06544266,0.986273,0.001568154,-0.004694481,-0.0236657,67.81111,4255.0,0.175,0.104
25.0,0.2265504,0.07557875,1.000149,0.08938335,0.0506394,1.000111,0.1579661,0.06310879,1.00013,-0.9881647,0.04518057,-0.1465935,0.0,0.02675938,0.9917601,0.1252827,0.0,-0.1510459,-0.1198772,0.9812313,0.0,0.1724263,-1.724967,0.6697549,1.0,-0.9881643,0.02675937,-0.1510459,0.0,0.04518057,0.9917601,-0.1198772,0.0,-0.1465934,0.1252827,0.981231,0.0,0.3465022,1.622231,-0.8379241,1.0,1.0,1.0,0.1506979,0.06532738,0.986419,0.001560394,-0.004692978,-0.02365099,67.82223,4256.0,0.175,0.104
25.0,0.2263423,0.07763918,1.000206,0.08959392,0.05000245,1.000194,0.1579679,0.06382065,1.0002,-0.9881914,0.04496745,-0.1464778,0.0,0.026657,0.9918427,0.1246497,0.0,-0.1508881,-0.1192731,0.9813291,0.0,0.1727104,-1.724573,0.6705288,1.0,-0.9881914,0.026657,-0.1508881,0.0,0.04496745,0.9918426,-0.1192731,0.0,-0.1464778,0.1246497,0.9813291,0.0,0.3464382,1.62232,-0.8376447,1.0,1.0,1.0,0.1506848,0.06600303,0.986376,0.001559165,-0.004689774,-0.0236453,67.84444,4257.0,0.175,0.104
25.0,0.2266028,0.07815263,1.000157,0.09032541,0.05090304,1.000139,0.1584638,0.06452783,1.000148,-0.9882079,0.04492941,-0.1463786,0.0,0.02665157,0.9918597,0.1245154,0.0,-0.1507814,-0.1191459,0.981361,0.0,0.1728175,-1.724508,0.6706169,1.0,-0.9882076,0.02665157,-0.1507813,0.0,0.0449294,0.9918597,-0.1191458,0.0,-0.1463785,0.1245154,0.9813607,0.0,0.3464246,1.622362,-0.8375273,1.0,1.0,1.0,0.1511527,0.06667955,0.9862589,0.001559165,-0.004689774,-0.02364318,67.85556,4258.0,0.175,0.104
25.0,0.2269082,0.07877932,1.00014,0.09136973,0.05215616,1.000138,0.1591389,0.06546757,1.000139,-0.9882189,0.04463211,-0.1463953,0.0,0.02637385,0.9918857,0.1243675,0.0,-0.1507582,-0.1190413,0.9813772,0.0,0.1732958,-1.724357,0.6707455,1.0,-0.9882187,0.02637385,-0.1507581,0.0,0.0446321,0.9918857,-0.1190413,0.0,-0.1463953,0.1243675,0.9813771,0.0,0.3464098,1.622375,-0.8373982,1.0,1.0,1.0,0.1517802,0.0675768,0.9861014,0.001559165,-0.004691643,-0.02364216,67.86667,4259.0,0.175,0.104
25.0,0.2271237,0.07833524,1.000185,0.09150171,0.0517996,1.00019,0.1593128,0.06506743,1.000188,-0.9882163,0.0443731,-0.1464911,0.0,0.02610678,0.9918965,0.1243378,0.0,-0.1508212,-0.1190482,0.9813666,0.0,0.173895,-1.724199,0.6704515,1.0,-0.9882163,0.02610678,-0.1508212,0.0,0.0443731,0.9918965,-0.1190482,0.0,-0.1464911,0.1243378,0.9813666,0.0,0.3465691,1.622324,-0.8369944,1.0,1.0,1.0,0.1519411,0.06718723,0.9861034,0.001559234,-0.004690452,-0.02364002,67.88889,4260.0,0.175,0.104
25.0,0.2276804,0.0783385,1.000115,0.09190488,0.0505686,1.000137,0.1597931,0.0644536,1.000126,-0.9881872,0.0442792,-0.1467163,0.0,0.02602267,0.9919292,0.1240937,0.0,-0.1510269,-0.1188098,0.981364,0.0,0.1738539,-1.724005,0.6707792,1.0,-0.988187,0.02602267,-0.1510269,0.0,0.04427919,0.9919292,-0.1188098,0.0,-0.1467163,0.1240937,0.9813638,0.0,0.3465519,1.622328,-0.8368505,1.0,1.0,1.0,0.1524042,0.06659806,0.9860719,0.001563133,-0.004690452,-0.02363985,67.9,4261.0,0.175,0.104
25.0,0.2282178,0.077942,1.000097,0.09208059,0.05086834,1.000117,0.1601496,0.06440514,1.000107,-0.9881792,0.0439945,-0.1468555,0.0,0.02582592,0.9920202,0.1234057,0.0,-0.1511128,-0.1181543,0.9814299,0.0,0.1742561,-1.723528,0.6716329,1.0,-0.988179,0.02582592,-0.1511127,0.0,0.0439945,0.9920203,-0.1181542,0.0,-0.1468554,0.1234057,0.9814296,0.0,0.3466549,1.622391,-0.8364703,1.0,1.0,1.0,0.1527414,0.06654955,0.9860229,0.001564888,-0.004690452,-0.02363864,67.92223,4262.0,0.175,0.104
25.0,0.2290317,0.07944047,1.000147,0.09196042,0.05142192,1.00014,0.1604959,0.06543114,1.000143,-0.9881662,0.04402521,-0.1469328,0.0,0.02592788,0.9920824,0.1228832,0.0,-0.1511794,-0.1176194,0.9814838,0.0,0.1741273,-1.723163,0.6724354,1.0,-0.9881663,0.02592788,-0.1511794,0.0,0.04402521,0.9920824,-0.1176194,0.0,-0.1469328,0.1228832,0.9814838,0.0,0.3467322,1.622374,-0.8363374,1.0,1.0,1.0,0.1530488,0.06753265,0.9859084,0.00156823,-0.004696083,-0.02363667,67.93333,4263.0,0.175,0.104
25.0,0.2297298,0.07851897,1.000067,0.092097,0.05143365,1.00008,0.1609136,0.06497636,1.000074,-0.9881514,0.04387267,-0.1470791,0.0,0.02579157,0.9921136,0.1226598,0.0,-0.1513005,-0.1174131,0.98149,0.0,0.1742817,-1.722959,0.6727727,1.0,-0.9881512,0.02579157,-0.1513005,0.0,0.04387267,0.9921135,-0.1174131,0.0,-0.147079,0.1226598,0.9814897,0.0,0.3467582,1.622354,-0.8362485,1.0,1.0,1.0,0.1534569,0.06710207,0.9858744,0.001568511,-0.004700882,-0.02362958,67.94444,4264.0,0.175,0.104
25.0,0.2319128,0.07636085,1.000115,0.09213342,0.05135717,1.000122,0.1620233,0.06385894,1.000119,-0.9881614,0.0434635,-0.1471334,0.0,0.02532273,0.9920843,0.122994,0.0,-0.1513144,-0.1178121,0.9814401,0.0,0.1751429,-1.723073,0.6719328,1.0,-0.9881611,0.02532272,-0.1513144,0.0,0.04346349,0.9920844,-0.1178121,0.0,-0.1471333,0.122994,0.9814398,0.0,0.3468239,1.622355,-0.8359587,1.0,1.0,1.0,0.1545036,0.0660204,0.9857839,0.001570892,-0.004703636,-0.02362052,67.96667,4265.0,0.175,0.104
25.0,0.2303458,0.09651218,1.000202,0.08576293,0.04616794,1.000181,0.1580539,0.07133977,1.000192,-0.9882176,0.04323031,-0.1468245,0.0,0.02506052,0.9920382,0.1234187,0.0,-0.1509909,-0.118285,0.9814329,0.0,0.1758999,-1.72325,0.6709548,1.0,-0.9882172,0.02506051,-0.1509909,0.0,0.04323031,0.9920382,-0.118285,0.0,-0.1468245,0.1234187,0.9814327,0.0,0.3468365,1.622313,-0.8357723,1.0,1.0,1.0,0.1506379,0.07318804,0.9858761,0.001615853,-0.004666497,-0.02364488,67.97778,4266.0,0.175,0.104
25.0,0.2278516,0.09418678,1.000188,0.08684507,0.04445069,1.000174,0.1573481,0.06931862,1.000181,-0.9882377,0.04358135,-0.1465848,0.0,0.02534545,0.9919527,0.1240464,0.0,-0.1508113,-0.118872,0.9813896,0.0,0.1755434,-1.723596,0.6694166,1.0,-0.9882374,0.02534545,-0.1508112,0.0,0.04358134,0.9919527,-0.118872,0.0,-0.1465848,0.1240463,0.9813895,0.0,0.3467215,1.622237,-0.8353718,1.0,1.0,1.0,0.1500034,0.07124855,0.986115,0.001608329,-0.004655098,-0.02364461,68.0,4267.0,0.175,0.104
25.0,0.2285984,0.09402376,1.000299,0.0855868,0.04524418,1.000301,0.1570927,0.06963397,1.0003,-0.988205,0.04385334,-0.1467246,0.0,0.02565096,0.991985,0.1237246,0.0,-0.1509744,-0.1185017,0.9814094,0.0,0.1748931,-1.723419,0.6697066,1.0,-0.9882047,0.02565096,-0.1509743,0.0,0.04385333,0.991985,-0.1185016,0.0,-0.1467246,0.1237246,0.9814091,0.0,0.3466702,1.62226,-0.8350797,1.0,1.0,1.0,0.1497465,0.07153955,0.9861329,0.001603744,-0.004649826,-0.02364995,68.01112,4268.0,0.175,0.104
25.0,0.2295221,0.09573745,1.000282,0.08487034,0.04668646,1.000255,0.1571956,0.07121179,1.000269,-0.9882255,0.04402091,-0.1465354,0.0,0.02606869,0.992157,0.1222497,0.0,-0.1507677,-0.1169903,0.9816223,0.0,0.1742784,-1.722503,0.6718014,1.0,-0.9882255,0.02606869,-0.1507677,0.0,0.04402091,0.992157,-0.1169903,0.0,-0.1465354,0.1222497,0.9816223,0.0,0.3464952,1.622323,-0.8346958,1.0,1.0,1.0,0.1498327,0.07305062,0.9860091,0.001602386,-0.004647896,-0.02364958,68.03333,4269.0,0.175,0.104
25.0,0.2295123,0.09265111,1.000174,0.08514783,0.04723477,1.00015,0.1573296,0.06994253,1.000162,-0.9882141,0.04411336,-0.1465846,0.0,0.02624863,0.9922266,0.1216444,0.0,-0.1508113,-0.116363,0.9816903,0.0,0.1739509,-1.722176,0.6727347,1.0,-0.9882139,0.02624863,-0.1508113,0.0,0.04411336,0.9922267,-0.116363,0.0,-0.1465846,0.1216443,0.9816901,0.0,0.3464842,1.622388,-0.8345809,1.0,1.0,1.0,0.149988,0.07182997,0.9860751,0.001601379,-0.004636856,-0.02365178,68.04445,4270.0,0.175,0.104
25.0,0.2283847,0.08962632,1.000215,0.08514121,0.04517641,1.000208,0.1567628,0.06740129,1.000212,-0.9881777,0.04440146,-0.1467438,0.0,0.02660816,0.992288,0.1210644,0.0,-0.1509875,-0.1157286,0.9817383,0.0,0.1732035,-1.721842,0.6735781,1.0,-0.9881773,0.02660816,-0.1509875,0.0,0.04440146,0.9922881,-0.1157285,0.0,-0.1467437,0.1210644,0.9817378,0.0,0.3464514,1.622408,-0.8343918,1.0,1.0,1.0,0.1494766,0.06938472,0.9863278,0.001598984,-0.004624016,-0.02364439,68.05556,4271.0,0.175,0.104
25.0,0.2272752,0.08969644,1.000123,0.08441137,0.04445834,1.000131,0.1558435,0.0670774,1.000127,-0.98818,0.04382788,-0.1469004,0.0,0.02603313,0.9923186,0.1209379,0.0,-0.1510724,-0.1156841,0.9817305,0.0,0.1740247,-1.721695,0.673522,1.0,-0.9881797,0.02603313,-0.1510724,0.0,0.04382787,0.9923187,-0.1156841,0.0,-0.1469003,0.1209378,0.98173,0.0,0.3463665,1.622486,-0.8340991,1.0,1.0,1.0,0.1486259,0.06908948,0.9864771,0.001599846,-0.004624016,-0.02363822,68.07778,4272.0,0.175,0.104
25.0,0.2272011,0.08988026,1.000239,0.08458622,0.04528015,1.000215,0.1558932,0.06757997,1.000227,-0.988233,0.04340023,-0.1466709,0.0,0.02560402,0.9923085,0.1211125,0.0,-0.1507991,-0.115932,0.9817432,0.0,0.1750242,-1.721686,0.6729661,1.0,-0.9882326,0.02560402,-0.1507991,0.0,0.04340022,0.9923086,-0.115932,0.0,-0.1466709,0.1211125,0.9817429,0.0,0.3463906,1.622458,-0.8338847,1.0,1.0,1.0,0.1486512,0.06956588,0.9864398,0.001602051,-0.00462616,-0.02364037,68.08889,4273.0,0.175,0.104
25.0,0.2289947,0.0904299,1.000114,0.08463478,0.04675678,1.000123,0.156815,0.06859346,1.000119,-0.988254,0.04290885,-0.1466734,0.0,0.02508453,0.9923013,0.1212804,0.0,-0.1507483,-0.1161766,0.981722,0.0,0.1758955,-1.721683,0.6725453,1.0,-0.9882538,0.02508453,-0.1507482,0.0,0.04290884,0.9923012,-0.1161766,0.0,-0.1466734,0.1212804,0.9817218,0.0,0.3463494,1.622449,-0.8337557,1.0,1.0,1.0,0.1495224,0.07053594,0.9862391,0.001602814,-0.004626663,-0.0236495,68.1,4274.0,0.175,0.104
25.0,0.2283905,0.09035376,1.000093,0.08590887,0.0468102,1.000111,0.1571501,0.06858215,1.000102,-0.9882683,0.04248007,-0.1467012,0.0,0.02455194,0.9922358,0.1219236,0.0,-0.1507415,-0.1168915,0.9816382,0.0,0.176852,-1.722008,0.6712114,1.0,-0.9882683,0.02455194,-0.1507415,0.0,0.04248007,0.9922357,-0.1168915,0.0,-0.1467012,0.1219236,0.9816381,0.0,0.3463957,1.62246,-0.8335157,1.0,1.0,1.0,0.1498407,0.07052303,0.9861918,0.001602508,-0.004626771,-0.02365018,68.12222,4275.0,0.175,0.104
25.0,0.228422,0.0934995,1.000117,0.08646715,0.04602753,1.000136,0.1574449,0.0697638,1.000126,-0.9882618,0.04249819,-0.1467409,0.0,0.02452943,0.9922075,0.1221577,0.0,-0.1507889,-0.1171243,0.9816033,0.0,0.176802,-1.722141,0.6706659,1.0,-0.9882615,0.02452943,-0.1507888,0.0,0.04249818,0.9922076,-0.1171242,0.0,-0.1467409,0.1221576,0.9816028,0.0,0.3463286,1.622457,-0.8333722,1.0,1.0,1.0,0.1501001,0.07165939,0.9860705,0.001606422,-0.004636002,-0.02364301,68.13333,4276.0,0.175,0.104
25.0,0.2276246,0.09319646,1.000144,0.0864732,0.047327,1.000126,0.1570486,0.07026155,1.000135,-0.9882318,0.04314304,-0.1467547,0.0,0.02523957,0.9922412,0.1217389,0.0,-0.1508683,-0.1166022,0.9816532,0.0,0.1756039,-1.722048,0.6711966,1.0,-0.9882315,0.02523957,-0.1508682,0.0,0.04314304,0.9922413,-0.1166022,0.0,-0.1467547,0.1217389,0.9816528,0.0,0.3463329,1.622544,-0.8331837,1.0,1.0,1.0,0.1497208,0.07214417,0.9860927,0.001606422,-0.004639763,-0.02364049,68.15556,4277.0,0.175,0.104
25.0,0.2271773,0.09246108,1.000125,0.0860274,0.04777732,1.000107,0.156602,0.07011889,1.000116,-0.9882224,0.04328844,-0.1467753,0.0,0.02544691,0.9922867,0.1213238,0.0,-0.1508951,-0.1161599,0.9817015,0.0,0.1753004,-1.72186,0.6718311,1.0,-0.988222,0.02544691,-0.1508951,0.0,0.04328844,0.9922868,-0.1161599,0.0,-0.1467753,0.1213238,0.9817013,0.0,0.3463805,1.622609,-0.8330966,1.0,1.0,1.0,0.1493045,0.07201505,0.9861653,0.001606597,-0.004641228,-0.02363822,68.16667,4278.0,0.175,0.104
25.0,0.227363,0.08978833,1.000142,0.08772997,0.04712522,1.000132,0.1575463,0.06845666,1.000137,-0.9882079,0.04344371,-0.1468266,0.0,0.02564862,0.9923227,0.1209864,0.0,-0.1509554,-0.1157938,0.9817355,0.0,0.1749194,-1.721683,0.6723057,1.0,-0.9882076,0.02564861,-0.1509554,0.0,0.0434437,0.9923227,-0.1157938,0.0,-0.1468265,0.1209864,0.9817352,0.0,0.3463652,1.622639,-0.8329813,1.0,1.0,1.0,0.1502084,0.07041168,0.9861438,0.001606597,-0.004641915,-0.02363423,68.17778,4279.0,0.175,0.104
25.0,0.2273182,0.08923735,1.000136,0.08771386,0.0473448,1.000129,0.1575159,0.0682909,1.000133,-0.9882263,0.04316368,-0.1467857,0.0,0.0253775,0.9923339,0.1209523,0.0,-0.1508812,-0.1158032,0.9817458,0.0,0.175511,-1.721624,0.6721041,1.0,-0.988226,0.0253775,-0.1508811,0.0,0.04316367,0.9923338,-0.1158032,0.0,-0.1467857,0.1209523,0.9817454,0.0,0.3464114,1.622679,-0.8327233,1.0,1.0,1.0,0.1501839,0.07025512,0.9861587,0.001605491,-0.004642876,-0.02362869,68.2,4280.0,0.175,0.104
25.0,0.2273479,0.08874905,1.000078,0.08729535,0.04518098,1.000116,0.1573224,0.06696548,1.000097,-0.9881914,0.04295711,-0.1470807,0.0,0.02514591,0.9923483,0.1208823,0.0,-0.151148,-0.1157564,0.9817103,0.0,0.1755721,-1.72144,0.6721528,1.0,-0.9881911,0.02514591,-0.151148,0.0,0.0429571,0.9923484,-0.1157563,0.0,-0.1470806,0.1208823,0.9817099,0.0,0.3463075,1.622602,-0.8325892,1.0,1.0,1.0,0.1500241,0.06898981,0.9862723,0.001604484,-0.004643074,-0.02360768,68.21111,4281.0,0.175,0.104
25.0,0.2262797,0.08767322,1.000147,0.08713426,0.04404772,1.000178,0.1567076,0.06586076,1.000163,-0.988129,0.0429672,-0.1474959,0.0,0.02513951,0.9923742,0.120671,0.0,-0.151556,-0.1155305,0.9816738,0.0,0.1752693,-1.721236,0.6722914,1.0,-0.9881288,0.0251395,-0.151556,0.0,0.0429672,0.9923742,-0.1155305,0.0,-0.1474959,0.120671,0.9816738,0.0,0.3463055,1.622578,-0.832263,1.0,1.0,1.0,0.1494481,0.06793277,0.9864332,0.001604484,-0.004643074,-0.02359622,68.23334,4282.0,0.175,0.104
25.0,0.2252726,0.08751231,1.000174,0.08697273,0.04368394,1.000187,0.1561229,0.06559831,1.00018,-0.9881153,0.04317344,-0.1475283,0.0,0.02531371,0.9923468,0.1208593,0.0,-0.1516172,-0.1156884,0.9816459,0.0,0.1749108,-1.721437,0.6717748,1.0,-0.9881148,0.0253137,-0.1516171,0.0,0.04317342,0.9923468,-0.1156884,0.0,-0.1475282,0.1208593,0.9816456,0.0,0.3462581,1.622645,-0.8320757,1.0,1.0,1.0,0.1488986,0.06768726,0.9865331,0.001604232,-0.004643769,-0.02358933,68.24445,4283.0,0.175,0.104
25.0,0.2254875,0.08701319,1.000129,0.0871854,0.04363459,1.000118,0.1563362,0.06532366,1.000124,-0.988106,0.04351744,-0.1474893,0.0,0.02568129,0.9923512,0.120746,0.0,-0.1516158,-0.1155221,0.9816657,0.0,0.1743451,-1.721396,0.6718529,1.0,-0.9881057,0.02568129,-0.1516157,0.0,0.04351743,0.9923512,-0.1155221,0.0,-0.1474893,0.120746,0.9816654,0.0,0.3462732,1.622628,-0.8319606,1.0,1.0,1.0,0.1491111,0.06742524,0.986519,0.001603614,-0.004643769,-0.02358839,68.25555,4284.0,0.175,0.104
25.0,0.2262304,0.08839229,1.000156,0.08740762,0.04530353,1.00017,0.1568193,0.06684808,1.000163,-0.9880422,0.04416496,-0.147724,0.0,0.02624876,0.9922929,0.1211021,0.0,-0.151934,-0.1157764,0.9815866,0.0,0.1730161,-1.721774,0.6711671,1.0,-0.9880419,0.02624875,-0.151934,0.0,0.04416495,0.9922929,-0.1157764,0.0,-0.147724,0.1211021,0.9815863,0.0,0.3461367,1.622683,-0.8318622,1.0,1.0,1.0,0.1495447,0.06888443,0.9863525,0.001604775,-0.004648506,-0.02358666,68.27778,4285.0,0.175,0.104
25.0,0.2263497,0.08849681,1.000087,0.08751443,0.0454734,1.000123,0.1569327,0.0669855,1.000105,-0.9880058,0.04433985,-0.1479147,0.0,0.02637138,0.9922657,0.1212986,0.0,-0.1521491,-0.115943,0.9815335,0.0,0.172622,-1.721877,0.6707212,1.0,-0.9880055,0.02637138,-0.152149,0.0,0.04433984,0.9922656,-0.115943,0.0,-0.1479147,0.1212986,0.9815333,0.0,0.3461088,1.62265,-0.8317105,1.0,1.0,1.0,0.1496587,0.06902135,0.9863257,0.001604796,-0.004650956,-0.02358564,68.28889,4286.0,0.175,0.104
25.0,0.2254322,0.08917402,1.000167,0.08723615,0.04556943,1.000177,0.1563344,0.0673719,1.000172,-0.9879645,0.04468995,-0.1480851,0.0,0.02672761,0.9922757,0.1211386,0.0,-0.152355,-0.1157226,0.9815277,0.0,0.1720642,-1.721878,0.6707482,1.0,-0.9879643,0.02672761,-0.1523549,0.0,0.04468995,0.9922757,-0.1157226,0.0,-0.1480851,0.1211386,0.9815274,0.0,0.3462717,1.622725,-0.8314031,1.0,1.0,1.0,0.1490815,0.06939685,0.9863867,0.001605338,-0.004654099,-0.02358188,68.31111,4287.0,0.175,0.104
25.0,0.226221,0.09109066,1.000051,0.0875064,0.0447614,1.00008,0.1568643,0.06792626,1.000065,-0.9879285,0.0446679,-0.1483323,0.0,0.02669386,0.9922905,0.121025,0.0,-0.1525947,-0.1156045,0.9815043,0.0,0.1719163,-1.721807,0.6709035,1.0,-0.987928,0.02669385,-0.1525946,0.0,0.04466789,0.9922905,-0.1156044,0.0,-0.1483323,0.121025,0.9815041,0.0,0.346267,1.622747,-0.8313095,1.0,1.0,1.0,0.1495906,0.06993252,0.9862719,0.001605338,-0.004656311,-0.02357861,68.32223,4288.0,0.175,0.104
25.0,0.2260416,0.09122543,1.000157,0.08857425,0.04584524,1.000192,0.1573086,0.06853561,1.000174,-0.9878865,0.04417886,-0.1487577,0.0,0.02618784,0.9923317,0.120797,0.0,-0.1529536,-0.1154381,0.9814681,0.0,0.1724323,-1.721604,0.6710617,1.0,-0.9878861,0.02618784,-0.1529535,0.0,0.04417884,0.9923317,-0.115438,0.0,-0.1487576,0.120797,0.9814677,0.0,0.3462275,1.622824,-0.8309898,1.0,1.0,1.0,0.1499891,0.07050459,0.9861705,0.001604287,-0.004655953,-0.02357375,68.34444,4289.0,0.175,0.104
25.0,0.2264003,0.09138127,1.000034,0.08937679,0.0439683,1.000064,0.1578891,0.067675,1.000049,-0.9878504,0.04390287,-0.1490777,0.0,0.02591313,0.9923704,0.1205386,0.0,-0.1532323,-0.115211,0.9814512,0.0,0.172645,-1.721389,0.6714984,1.0,-0.9878503,0.02591313,-0.1532323,0.0,0.04390287,0.9923703,-0.115211,0.0,-0.1490777,0.1205386,0.9814511,0.0,0.3462267,1.62284,-0.8309109,1.0,1.0,1.0,0.1505628,0.06968199,0.9861416,0.001603654,-0.004655884,-0.02357528,68.35556,4290.0,0.175,0.104
25.0,0.2267689,0.09145351,1.00005,0.08926654,0.04409385,1.000066,0.158018,0.06777366,1.000058,-0.9878324,0.04337945,-0.1493495,0.0,0.02534229,0.9923751,0.1206214,0.0,-0.1534432,-0.1153689,0.9813995,0.0,0.1734946,-1.72137,0.6713207,1.0,-0.9878325,0.02534229,-0.1534432,0.0,0.04337945,0.992375,-0.1153689,0.0,-0.1493495,0.1206214,0.9813997,0.0,0.3463171,1.622872,-0.8308048,1.0,1.0,1.0,0.1506828,0.06977516,0.9861166,0.001602547,-0.004655884,-0.02357528,68.37778,4291.0,0.175,0.104
25.0,0.2266042,0.09047217,1.000161,0.08934772,0.04570531,1.000152,0.1579757,0.06808844,1.000157,-0.9878409,0.04329207,-0.1493197,0.0,0.02527453,0.9923896,0.1205158,0.0,-0.1534007,-0.1152764,0.9814172,0.0,0.1736051,-1.721261,0.6713523,1.0,-0.9878407,0.02527453,-0.1534007,0.0,0.04329207,0.9923896,-0.1152764,0.0,-0.1493197,0.1205158,0.9814171,0.0,0.3462573,1.622865,-0.8306664,1.0,1.0,1.0,0.1506269,0.07006548,0.9861046,0.001601533,-0.004650368,-0.02357375,68.38889,4292.0,0.175,0.104
25.0,0.2256207,0.08935943,1.000063,0.08961964,0.04500923,1.000064,0.1576203,0.0671844,1.000064,-0.9878457,0.04308582,-0.1493485,0.0,0.02507259,0.9924015,0.1204604,0.0,-0.1534038,-0.1152517,0.9814197,0.0,0.1739108,-1.72117,0.6713904,1.0,-0.9878452,0.02507259,-0.1534038,0.0,0.04308581,0.9924014,-0.1152517,0.0,-0.1493485,0.1204604,0.9814194,0.0,0.346226,1.622856,-0.8306049,1.0,1.0,1.0,0.1503161,0.06920454,0.9862128,0.001599533,-0.004647286,-0.02357783,68.4,4293.0,0.175,0.104
25.0,0.2273377,0.08865201,1.000115,0.08960096,0.04420692,1.000092,0.1584689,0.06642926,1.000104,-0.9879323,0.04290711,-0.1488254,0.0,0.02497067,0.9924164,0.1203584,0.0,-0.152861,-0.1151897,0.9815117,0.0,0.1745388,-1.721038,0.6712992,1.0,-0.9879321,0.02497067,-0.152861,0.0,0.04290711,0.9924164,-0.1151897,0.0,-0.1488254,0.1203584,0.9815113,0.0,0.3461836,1.622831,-0.8304534,1.0,1.0,1.0,0.1511193,0.06846921,0.9861414,0.001596443,-0.00464682,-0.02358089,68.42223,4294.0,0.175,0.104
25.0,0.2271882,0.08839412,1.000137,0.08954153,0.04504286,1.00011,0.1583644,0.06671815,1.000123,-0.9879813,0.04258608,-0.1485913,0.0,0.02465851,0.9924107,0.1204696,0.0,-0.1525939,-0.1153577,0.9815334,0.0,0.175281,-1.721028,0.6709617,1.0,-0.9879813,0.02465851,-0.1525939,0.0,0.04258607,0.9924107,-0.1153577,0.0,-0.1485913,0.1204696,0.9815333,0.0,0.3461652,1.622814,-0.8303583,1.0,1.0,1.0,0.1510166,0.06874578,0.9861379,0.001595001,-0.00464682,-0.02358119,68.43333,4295.0,0.175,0.104
25.0,0.2052667,0.07766264,1.000076,0.07066797,0.05212733,1.000066,0.1379672,0.0648948,1.000071,-0.9880327,0.04230036,-0.148331,0.0,0.0244399,0.9924455,0.1202269,0.0,-0.1522961,-0.1151629,0.9816024,0.0,0.1757384,-1.720807,0.6711836,1.0,-0.9880327,0.02443991,-0.1522961,0.0,0.04230036,0.9924456,-0.1151629,0.0,-0.148331,0.1202269,0.9816025,0.0,0.3459834,1.622818,-0.8302445,1.0,1.0,1.0,0.1316759,0.06719138,0.989013,0.001661941,-0.004659241,-0.02371383,68.45556,4296.0,0.175,0.104
25.0,0.2029039,0.07923859,1.000125,0.07554428,0.0509845,1.000078,0.1392233,0.0651114,1.000101,-0.988079,0.04225418,-0.148036,0.0,0.02447344,0.99248,0.1199353,0.0,-0.1519906,-0.1148825,0.9816827,0.0,0.1759338,-1.720643,0.671582,1.0,-0.9880788,0.02447344,-0.1519906,0.0,0.04225418,0.99248,-0.1148825,0.0,-0.148036,0.1199352,0.9816827,0.0,0.3459591,1.622851,-0.8302119,1.0,1.0,1.0,0.1328506,0.06741178,0.9888409,0.001678879,-0.004682617,-0.02367709,68.46667,4297.0,0.175,0.104
25.0,0.2045594,0.07629044,1.000026,0.07068788,0.05230846,1.000014,0.1376234,0.06429952,1.00002,-0.9881226,0.04218787,-0.1477641,0.0,0.02452775,0.992548,0.1193596,0.0,-0.1516985,-0.1143176,0.9817939,0.0,0.1761352,-1.720289,0.672574,1.0,-0.9881223,0.02452774,-0.1516985,0.0,0.04218787,0.9925481,-0.1143176,0.0,-0.1477641,0.1193596,0.9817936,0.0,0.3460007,1.622871,-0.8302687,1.0,1.0,1.0,0.1313565,0.06664963,0.9890922,0.001672142,-0.004681923,-0.02367029,68.48889,4298.0,0.175,0.104
25.0,0.2028017,0.08024921,1.000133,0.07341836,0.05282727,1.00008,0.1381091,0.0665379,1.000106,-0.9881902,0.04188489,-0.1473975,0.0,0.02429059,0.9925728,0.1192021,0.0,-0.1512955,-0.1142139,0.9818681,0.0,0.1768802,-1.720128,0.6727206,1.0,-0.98819,0.02429059,-0.1512955,0.0,0.04188489,0.9925729,-0.1142139,0.0,-0.1473975,0.1192021,0.981868,0.0,0.3459959,1.622867,-0.8302243,1.0,1.0,1.0,0.1317878,0.06879379,0.988888,0.001671844,-0.004683472,-0.02367126,68.5,4299.0,0.175,0.104
25.0,0.2032671,0.07842721,1.000087,0.07410666,0.05187422,1.000071,0.1386866,0.06515078,1.000079,-0.9882191,0.04178515,-0.1472317,0.0,0.02418024,0.9925525,0.1193941,0.0,-0.151124,-0.1144274,0.9818697,0.0,0.1771789,-1.720251,0.6722835,1.0,-0.9882189,0.02418024,-0.151124,0.0,0.04178515,0.9925525,-0.1144274,0.0,-0.1472316,0.1193941,0.9818695,0.0,0.3459538,1.622888,-0.8301625,1.0,1.0,1.0,0.1323504,0.06746188,0.9889045,0.001673836,-0.004688263,-0.02366365,68.51112,4300.0,0.175,0.104
25.0,0.2018824,0.07702645,0.9999987,0.07386194,0.05259487,0.9999825,0.137872,0.06481043,0.9999905,-0.9882541,0.04182729,-0.1469846,0.0,0.02418962,0.9925037,0.1197966,0.0,-0.1508935,-0.114834,0.9818577,0.0,0.1774404,-1.720416,0.6714966,1.0,-0.988254,0.02418961,-0.1508935,0.0,0.04182728,0.9925038,-0.114834,0.0,-0.1469845,0.1197966,0.9818575,0.0,0.3460162,1.622785,-0.8301017,1.0,1.0,1.0,0.1315906,0.06715401,0.9890269,0.001675102,-0.004694329,-0.02365672,68.53333,4301.0,0.175,0.104
25.0,0.2020031,0.07711021,1.000031,0.0741614,0.0541332,1.000043,0.1380825,0.06562164,1.000037,-0.9882379,0.04196906,-0.147053,0.0,0.02430559,0.9924865,0.1199161,0.0,-0.1509809,-0.1149314,0.9818327,0.0,0.1771816,-1.720516,0.6712504,1.0,-0.9882378,0.02430558,-0.1509809,0.0,0.04196906,0.9924865,-0.1149314,0.0,-0.147053,0.1199161,0.9818327,0.0,0.3460153,1.622788,-0.8300459,1.0,1.0,1.0,0.1317773,0.06793391,0.9889488,0.001675597,-0.004699616,-0.02365653,68.54445,4302.0,0.175,0.104
25.0,0.2019566,0.0771163,1.000139,0.07408985,0.05590867,1.000171,0.1380237,0.06651258,1.000155,-0.9881167,0.04257563,-0.147691,0.0,0.02484874,0.99248,0.1198584,0.0,-0.1516834,-0.1147641,0.9817441,0.0,0.175483,-1.720435,0.6712608,1.0,-0.9881167,0.02484874,-0.1516834,0.0,0.04257563,0.99248,-0.1147641,0.0,-0.147691,0.1198584,0.9817441,0.0,0.3457855,1.62268,-0.8298327,1.0,1.0,1.0,0.1316978,0.06878951,0.9889002,0.001676866,-0.004705559,-0.02365481,68.56667,4303.0,0.175,0.104
25.0,0.2030731,0.07606499,1.000017,0.07372971,0.05630156,1.00005,0.138402,0.0661832,1.000033,-0.988068,0.0427826,-0.1479569,0.0,0.025036,0.9924836,0.11979,0.0,-0.1519697,-0.1146564,0.9817123,0.0,0.1749252,-1.720428,0.6713724,1.0,-0.9880681,0.025036,-0.1519697,0.0,0.0427826,0.9924834,-0.1146564,0.0,-0.1479569,0.11979,0.9817124,0.0,0.3457766,1.622693,-0.8297694,1.0,1.0,1.0,0.1320743,0.06848171,0.9888715,0.001678962,-0.004709602,-0.02364542,68.57778,4304.0,0.175,0.104
25.0,0.2048843,0.07852942,1.000111,0.07368758,0.0563516,1.000119,0.139286,0.06744051,1.000115,-0.9880275,0.04197623,-0.1484599,0.0,0.02423695,0.9925577,0.1193391,0.0,-0.1523644,-0.114312,0.9816916,0.0,0.1758397,-1.720071,0.6720346,1.0,-0.9880269,0.02423695,-0.1523644,0.0,0.04197621,0.9925577,-0.114312,0.0,-0.1484598,0.119339,0.9816911,0.0,0.3457066,1.622808,-0.8295634,1.0,1.0,1.0,0.1328874,0.06967752,0.9886789,0.001683814,-0.004709519,-0.02364237,68.6,4305.0,0.175,0.104
25.0,0.2051557,0.07845043,1.000073,0.07362323,0.05697873,1.000077,0.1393896,0.06771465,1.000075,-0.9880284,0.0415923,-0.1485607,0.0,0.02389299,0.9926074,0.1189943,0.0,-0.1524117,-0.1140202,0.9817181,0.0,0.176381,-1.719768,0.6725883,1.0,-0.9880281,0.02389298,-0.1524116,0.0,0.04159229,0.9926074,-0.1140202,0.0,-0.1485606,0.1189943,0.9817177,0.0,0.3457186,1.622806,-0.8294975,1.0,1.0,1.0,0.1329876,0.06994221,0.9886468,0.001684372,-0.004709061,-0.02364333,68.61111,4306.0,0.175,0.104
25.0,0.2053158,0.07658015,1.000095,0.07362475,0.05697915,1.000091,0.1394702,0.06677948,1.000093,-0.9880439,0.04125075,-0.1485526,0.0,0.02356814,0.9926286,0.1188826,0.0,-0.1523615,-0.1139601,0.9817327,0.0,0.1769393,-1.71964,0.6726958,1.0,-0.9880437,0.02356814,-0.1523615,0.0,0.04125075,0.9926285,-0.1139601,0.0,-0.1485526,0.1188826,0.9817327,0.0,0.3456908,1.622822,-0.829419,1.0,1.0,1.0,0.1330701,0.06904224,0.9886989,0.001684372,-0.004709061,-0.02364333,68.62222,4307.0,0.175,0.104
25.0,0.205846,0.07643746,1.000233,0.07318956,0.05736108,1.000193,0.139517,0.06689897,1.000213,-0.9881051,0.04085777,-0.1482538,0.0,0.02326277,0.9926779,0.1185302,0.0,-0.1520111,-0.1136715,0.9818206,0.0,0.1777911,-1.719382,0.6730296,1.0,-0.9881049,0.02326276,-0.1520111,0.0,0.04085777,0.992678,-0.1136715,0.0,-0.1482537,0.1185302,0.9818203,0.0,0.3457055,1.622882,-0.8292126,1.0,1.0,1.0,0.1330996,0.06914857,0.9886875,0.001683175,-0.004709519,-0.02364271,68.64445,4308.0,0.175,0.104
25.0,0.2072559,0.07748233,1.000177,0.07288951,0.05671802,1.000142,0.1400721,0.06710002,1.00016,-0.9881443,0.04082446,-0.1480014,0.0,0.02326309,0.9926813,0.1185015,0.0,-0.151756,-0.1136536,0.9818621,0.0,0.1779577,-1.719384,0.6729012,1.0,-0.9881441,0.02326309,-0.151756,0.0,0.04082445,0.9926813,-0.1136536,0.0,-0.1480014,0.1185015,0.9818619,0.0,0.3456311,1.622921,-0.8291041,1.0,1.0,1.0,0.1336346,0.06934102,0.9886019,0.001680046,-0.004710152,-0.02363792,68.65556,4309.0,0.175,0.104
25.0,0.2240428,0.08735298,1.000194,0.07394321,0.05043568,1.000146,0.1489919,0.06889392,1.00017,-0.9882203,0.04118352,-0.1473924,0.0,0.0237368,0.9927028,0.1182273,0.0,-0.1511859,-0.113336,0.9819866,0.0,0.1775787,-1.719251,0.6729384,1.0,-0.9882203,0.0237368,-0.1511859,0.0,0.04118352,0.9927028,-0.113336,0.0,-0.1473924,0.1182273,0.9819866,0.0,0.3454777,1.622931,-0.8288223,1.0,1.0,1.0,0.1420914,0.07097626,0.9873056,0.001645776,-0.004707474,-0.02364785,68.67778,4310.0,0.175,0.104
25.0,0.2267014,0.08701765,1.000293,0.08175261,0.05085131,1.000204,0.1542251,0.06893363,1.000248,-0.9883029,0.04107836,-0.1468678,0.0,0.02373585,0.9927369,0.1179413,0.0,-0.1506459,-0.1130757,0.9820998,0.0,0.1778937,-1.718997,0.6731699,1.0,-0.9883026,0.02373585,-0.1506459,0.0,0.04107834,0.9927368,-0.1130757,0.0,-0.1468678,0.1179413,0.9820995,0.0,0.3452933,1.622895,-0.8286977,1.0,1.0,1.0,0.1470617,0.0709234,0.9865813,0.001593284,-0.00467627,-0.02370127,68.68889,4311.0,0.175,0.104
25.0,0.2209989,0.07868215,1.00016,0.08253576,0.04992001,1.000095,0.1517661,0.06430076,1.000128,-0.9883581,0.04115739,-0.1464729,0.0,0.02390756,0.9927689,0.1176364,0.0,-0.1502554,-0.1127651,0.9821951,0.0,0.1779081,-1.718876,0.673562,1.0,-0.988358,0.02390756,-0.1502554,0.0,0.04115739,0.9927689,-0.1127651,0.0,-0.1464729,0.1176364,0.9821952,0.0,0.3452399,1.622958,-0.8286669,1.0,1.0,1.0,0.1448005,0.06648267,0.9872248,0.001588372,-0.004651032,-0.02375869,68.7,4312.0,0.175,0.104
25.0,0.222574,0.08146431,1.000307,0.08210078,0.04885092,1.000225,0.1523357,0.06515723,1.000266,-0.9885297,0.04083664,-0.1454022,0.0,0.0238159,0.9928544,0.1169316,0.0,-0.1491383,-0.1121274,0.9824386,0.0,0.1790258,-1.718386,0.6742213,1.0,-0.9885293,0.02381591,-0.1491383,0.0,0.04083662,0.9928544,-0.1121274,0.0,-0.1454021,0.1169316,0.9824383,0.0,0.3451785,1.623006,-0.8283594,1.0,1.0,1.0,0.1453083,0.06729126,0.9870954,0.001591255,-0.004651817,-0.02375869,68.72222,4313.0,0.175,0.104
1.0,-0.07520078,-0.2192283,1.000007,-0.2292513,-0.22256,0.9999933,-0.1522263,-0.2208942,1.0,-0.9892626,0.03759807,-0.1412306,0.0,0.01983934,0.9919449,0.1251067,0.0,-0.1447968,-0.1209614,0.9820398,0.0,0.1798445,-1.720431,0.6425458,1.0,-0.9892624,0.01983934,-0.1447968,0.0,0.03759806,0.9919448,-0.1209615,0.0,-0.1412306,0.1251067,0.9820399,0.0,0.3333454,1.622618,-0.8130705,1.0,1.0,1.0,-0.1475544,-0.2026518,0.9680703,0.003807983,-0.006596444,-0.02370479,86.03333,5402.0,-0.175,-0.246
1.0,-0.07516451,-0.2198123,1.00001,-0.2295875,-0.2232204,1.000024,-0.1523757,-0.2215163,1.000017,-0.9892514,0.03757887,-0.141314,0.0,0.01982471,0.991958,0.1250056,0.0,-0.1448751,-0.1208604,0.9820408,0.0,0.1798076,-1.720391,0.6427082,1.0,-0.9892513,0.0198247,-0.1448751,0.0,0.03757887,0.991958,-0.1208604,0.0,-0.141314,0.1250056,0.9820406,0.0,0.3333489,1.622649,-0.8130431,1.0,1.0,1.0,-0.147673,-0.2032114,0.9679348,0.003807983,-0.00659375,-0.02370186,86.05556,5403.0,-0.175,-0.246
1.0,-0.07478878,-0.2207371,0.99999,-0.230021,-0.2220004,1.000023,-0.1524041,-0.2213689,1.000007,-0.9892212,0.0375499,-0.1415327,0.0,0.01978891,0.9919759,0.1248686,0.0,-0.1450858,-0.1207219,0.9820267,0.0,0.1795064,-1.720271,0.6429867,1.0,-0.9892211,0.0197889,-0.1450858,0.0,0.03754989,0.9919758,-0.1207219,0.0,-0.1415326,0.1248686,0.9820265,0.0,0.3331711,1.622626,-0.8130605,1.0,1.0,1.0,-0.1477085,-0.20308,0.967957,0.003811256,-0.006593445,-0.02369695,86.06667,5404.0,-0.175,-0.246
1.0,-0.07336672,-0.2208531,0.9999668,-0.2335675,-0.2208678,0.9999781,-0.1534668,-0.2208603,0.9999724,-0.9892201,0.03727766,-0.1416121,0.0,0.01951678,0.9919904,0.1247964,0.0,-0.14513,-0.1206873,0.9820244,0.0,0.1800438,-1.720235,0.6431412,1.0,-0.98922,0.01951678,-0.14513,0.0,0.03727766,0.9919904,-0.1206873,0.0,-0.1416121,0.1247964,0.9820243,0.0,0.3333058,1.622681,-0.8130609,1.0,1.0,1.0,-0.1487188,-0.2025954,0.9679039,0.003820312,-0.006592995,-0.02369614,86.08889,5405.0,-0.175,-0.246
1.0,-0.07393685,-0.220906,1.0,-0.2323576,-0.2198417,0.9999925,-0.1531474,-0.220374,0.9999964,-0.9892312,0.03716259,-0.1415658,0.0,0.0194114,0.9919961,0.1247674,0.0,-0.1450693,-0.1206758,0.9820349,0.0,0.180296,-1.720188,0.6431717,1.0,-0.9892309,0.01941139,-0.1450693,0.0,0.03716259,0.9919962,-0.1206758,0.0,-0.1415657,0.1247674,0.9820346,0.0,0.3333321,1.622673,-0.8130465,1.0,1.0,1.0,-0.1484388,-0.2021586,0.9680381,0.003825355,-0.006592995,-0.02369609,86.1,5406.0,-0.175,-0.246
1.0,-0.07496521,-0.2220456,0.9999744,-0.2329557,-0.2196615,0.9999807,-0.1539603,-0.2208537,0.9999774,-0.9892213,0.03729449,-0.1416004,0.0,0.01951085,0.9919698,0.1249606,0.0,-0.1451236,-0.1208509,0.9820054,0.0,0.1801625,-1.72039,0.642918,1.0,-0.9892209,0.01951085,-0.1451236,0.0,0.03729448,0.9919698,-0.1208509,0.0,-0.1416003,0.1249606,0.982005,0.0,0.333419,1.622721,-0.8131137,1.0,1.0,1.0,-0.1491793,-0.202574,0.9678375,0.003825546,-0.006593475,-0.02369573,86.11111,5407.0,-0.175,-0.246
1.0,-0.07753587,-0.2221689,0.9999589,-0.2329428,-0.2197799,0.9999813,-0.1552388,-0.2209743,0.9999701,-0.9892099,0.03725963,-0.1416896,0.0,0.01944818,0.9919568,0.1250735,0.0,-0.1452102,-0.1209683,0.9819781,0.0,0.1802431,-1.720421,0.6427831,1.0,-0.9892094,0.01944818,-0.1452101,0.0,0.03725962,0.9919569,-0.1209683,0.0,-0.1416896,0.1250735,0.9819779,0.0,0.3334761,1.622683,-0.8131421,1.0,1.0,1.0,-0.1503587,-0.2026472,0.9676396,0.003825546,-0.006594033,-0.02369514,86.13334,5408.0,-0.175,-0.246
1.0,-0.07789242,-0.2221893,1.0001,-0.2329107,-0.2202356,1.000076,-0.1554021,-0.2212123,1.000088,-0.9892244,0.03746296,-0.1415325,0.0,0.019648,0.9919329,0.1252325,0.0,-0.1450823,-0.1211022,0.9819803,0.0,0.1800504,-1.720509,0.6423995,1.0,-0.9892246,0.019648,-0.1450823,0.0,0.03746297,0.9919328,-0.1211022,0.0,-0.1415325,0.1252325,0.9819803,0.0,0.3334861,1.622643,-0.8130589,1.0,1.0,1.0,-0.1504864,-0.2028362,0.9675801,0.003825546,-0.006594712,-0.02369549,86.14445,5409.0,-0.175,-0.246
1.0,-0.0768016,-0.2219706,0.9999669,-0.2320264,-0.2248602,0.9999331,-0.1544147,-0.2234155,0.99995,-0.9892095,0.03806463,-0.1414779,0.0,0.02026094,0.991923,0.125213,0.0,-0.1451014,-0.1209954,0.9819908,0.0,0.1790945,-1.720641,0.6424122,1.0,-0.9892091,0.02026094,-0.1451013,0.0,0.03806461,0.991923,-0.1209954,0.0,-0.1414779,0.125213,0.9819905,0.0,0.3335446,1.622677,-0.8130454,1.0,1.0,1.0,-0.149529,-0.2048852,0.9672968,0.003824943,-0.006595658,-0.02369456,86.16667,5410.0,-0.175,-0.246
1.0,-0.07734618,-0.2223621,0.999941,-0.2309071,-0.2249864,0.9999583,-0.1541262,-0.2236743,0.9999498,-0.9891822,0.03830417,-0.141603,0.0,0.0205167,0.9919442,0.1250034,0.0,-0.1452504,-0.1207459,0.9819994,0.0,0.1785761,-1.72055,0.642822,1.0,-0.9891821,0.0205167,-0.1452504,0.0,0.03830417,0.9919441,-0.1207459,0.0,-0.1416029,0.1250033,0.9819993,0.0,0.3335739,1.622671,-0.8130618,1.0,1.0,1.0,-0.1492524,-0.2051282,0.967288,0.003822067,-0.006595551,-0.02369425,86.17778,5411.0,-0.175,-0.246
1.0,-0.07734223,-0.2231201,1.000032,-0.2313884,-0.2250418,1.000045,-0.1543649,-0.224081,1.000039,-0.9891394,0.038163,-0.1419396,0.0,0.02031047,0.9919287,0.1251595,0.0,-0.1455704,-0.1209173,0.981931,0.0,0.1786111,-1.720529,0.6425633,1.0,-0.9891393,0.02031047,-0.1455704,0.0,0.03816299,0.9919288,-0.1209173,0.0,-0.1419396,0.1251595,0.9819309,0.0,0.333537,1.622592,-0.8129941,1.0,1.0,1.0,-0.1494452,-0.2054728,0.9671851,0.003817596,-0.006595551,-0.02369286,86.2,5412.0,-0.175,-0.246
1.0,-0.07715262,-0.2231914,1.000066,-0.2314242,-0.2236789,1.000079,-0.1542881,-0.2234352,1.000072,-0.9891398,0.03786527,-0.1420179,0.0,0.01997243,0.9919102,0.1253604,0.0,-0.1456158,-0.1211625,0.981894,0.0,0.1791914,-1.720616,0.6422194,1.0,-0.9891394,0.01997243,-0.1456158,0.0,0.03786526,0.9919102,-0.1211625,0.0,-0.1420179,0.1253604,0.9818938,0.0,0.3336035,1.622609,-0.8129723,1.0,1.0,1.0,-0.1493883,-0.2048842,0.9673188,0.003817514,-0.006595551,-0.02369222,86.21111,5413.0,-0.175,-0.246
1.0,-0.07708275,-0.2227757,1.000105,-0.2297758,-0.2249308,1.000103,-0.1534293,-0.2238533,1.000103,-0.9891515,0.03720048,-0.1421119,0.0,0.01921183,0.9918549,0.1259154,0.0,-0.1456385,-0.1218192,0.9818094,0.0,0.1805562,-1.720734,0.6412351,1.0,-0.9891512,0.01921182,-0.1456384,0.0,0.03720047,0.991855,-0.1218192,0.0,-0.1421118,0.1259154,0.9818092,0.0,0.3337366,1.622508,-0.812893,1.0,1.0,1.0,-0.1485781,-0.2052847,0.9673586,0.003816512,-0.006593331,-0.02368769,86.23334,5414.0,-0.175,-0.246
1.0,-0.07695773,-0.2235975,0.9999804,-0.2288347,-0.2252997,0.9999437,-0.1528971,-0.2244487,0.999962,-0.9892055,0.03666672,-0.141875,0.0,0.01871268,0.9918701,0.125871,0.0,-0.1453368,-0.1218574,0.9818494,0.0,0.1816162,-1.720637,0.641253,1.0,-0.9892051,0.01871267,-0.1453368,0.0,0.03666672,0.9918701,-0.1218574,0.0,-0.1418749,0.125871,0.9818491,0.0,0.3337234,1.622534,-0.8128905,1.0,1.0,1.0,-0.1480885,-0.2058695,0.9673095,0.003816185,-0.006589516,-0.02368366,86.24445,5415.0,-0.175,-0.246
1.0,-0.07530639,-0.2246334,0.9999877,-0.2287923,-0.2254033,0.9999737,-0.1520496,-0.2250184,0.9999805,-0.9892138,0.03678233,-0.1417861,0.0,0.01884292,0.9918705,0.1258489,0.0,-0.1452625,-0.1218198,0.981865,0.0,0.1814802,-1.720655,0.6412733,1.0,-0.9892136,0.01884292,-0.1452625,0.0,0.03678232,0.9918704,-0.1218198,0.0,-0.1417861,0.1258489,0.9818649,0.0,0.333736,1.622544,-0.8128914,1.0,1.0,1.0,-0.147286,-0.2064086,0.967317,0.003815521,-0.006586717,-0.02368128,86.25555,5416.0,-0.175,-0.246
1.0,-0.07496816,-0.2253535,0.9998731,-0.2291206,-0.2236451,0.9998351,-0.1520453,-0.2244994,0.9998541,-0.9892187,0.03772055,-0.1415057,0.0,0.01990387,0.9919229,0.1252713,0.0,-0.145088,-0.1211042,0.9819794,0.0,0.1799128,-1.72043,0.6421278,1.0,-0.9892184,0.01990387,-0.145088,0.0,0.03772054,0.9919229,-0.1211042,0.0,-0.1415056,0.1252713,0.981979,0.0,0.3337333,1.622513,-0.812804,1.0,1.0,1.0,-0.1473131,-0.2059655,0.9674074,0.003814621,-0.006584572,-0.02367982,86.27778,5417.0,-0.175,-0.246
1.0,-0.07532147,-0.2249476,0.9999181,-0.229007,-0.2233175,0.9999238,-0.1521641,-0.2241324,0.9999209,-0.9891896,0.03829723,-0.1415531,0.0,0.02053406,0.9919593,0.1248804,0.0,-0.1451975,-0.1206238,0.9820223,0.0,0.1787239,-1.7203,0.6428083,1.0,-0.9891896,0.02053406,-0.1451975,0.0,0.03829722,0.9919593,-0.1206238,0.0,-0.1415531,0.1248804,0.982022,0.0,0.333666,1.622524,-0.8128108,1.0,1.0,1.0,-0.1474239,-0.2056195,0.9674641,0.003813667,-0.00658284,-0.02367776,86.28889,5418.0,-0.175,-0.246
1.0,-0.07522088,-0.2246736,1.000065,-0.2307549,-0.2235349,1.000067,-0.1529879,-0.2241043,1.000066,-0.9891896,0.03843095,-0.1415166,0.0,0.02072977,0.9920038,0.1244941,0.0,-0.1451694,-0.1202147,0.9820765,0.0,0.1782884,-1.720026,0.6434208,1.0,-0.9891896,0.02072977,-0.1451694,0.0,0.03843095,0.9920038,-0.1202147,0.0,-0.1415166,0.1244941,0.9820765,0.0,0.3335181,1.622475,-0.8127789,1.0,1.0,1.0,-0.148161,-0.2055448,0.9673674,0.003807435,-0.006581108,-0.02367606,86.31111,5419.0,-0.175,-0.246
1.0,-0.07522029,-0.2247354,1.00004,-0.2320286,-0.2240215,1.000058,-0.1536241,-0.2243786,1.000049,-0.9891783,0.03835719,-0.1416163,0.0,0.02058799,0.9919595,0.1248698,0.0,-0.1452673,-0.1206029,0.9820145,0.0,0.1785544,-1.720265,0.6428478,1.0,-0.9891781,0.02058798,-0.1452673,0.0,0.03835719,0.9919596,-0.1206029,0.0,-0.1416163,0.1248698,0.9820144,0.0,0.3336443,1.622485,-0.8128165,1.0,1.0,1.0,-0.1487391,-0.2057792,0.9672288,0.003802537,-0.006580109,-0.02367373,86.32223,5420.0,-0.175,-0.246
