flag,xl,yl,zl,xr,yr,zr,xc,yc,zc,mat_00,mat_10,mat_20,mat_30,mat_01,mat_11,mat_21,mat_31,mat_02,mat_12,mat_22,mat_32,mat_03,mat_13,mat_23,mat_33,ctw_00,ctw_10,ctw_20,ctw_30,ctw_01,ctw_11,ctw_21,ctw_31,ctw_02,ctw_12,ctw_22,ctw_32,ctw_03,ctw_13,ctw_23,ctw_33,opennessl,opennessr,ray_x,ray_y,ray_z,eye_x,eye_y,eye_z,time,frame,u,v
6.0,-0.1966628,-0.06089986,1.000041,-0.2135844,-0.09798757,1.000055,-0.2051238,-0.07944366,1.000048,0.0613637,-0.004932206,-0.9981034,0.0,-0.03909929,0.9992083,-0.00734151,0.0,-0.9973495,-0.03947563,-0.0611223,0.0,-0.4623445,-1.616363,-1.309511,1.0,0.0613637,-0.03909929,-0.9973491,0.0,-0.004932211,0.9992083,-0.03947563,0.0,-0.9981031,-0.007341502,-0.06112226,0.0,-1.286628,1.587392,-0.6049661,1.0,0.8266332,0.9297971,-0.1986529,-0.07271858,0.9773684,0.002043182,-0.003608422,-0.0192092,51.26667,3142.0,-0.175,-0.15849999999999997
6.0,-0.1966029,-0.06031258,0.9998803,-0.2128512,-0.09837389,0.9998788,-0.2047271,-0.07934318,0.9998796,0.06170768,-0.004766194,-0.9980829,0.0,-0.03936008,0.9991991,-0.007205011,0.0,-0.997318,-0.03972923,-0.06147063,0.0,-0.4614234,-1.616261,-1.309799,1.0,0.06170764,-0.03936008,-0.9973179,0.0,-0.004766197,0.9991992,-0.03972923,0.0,-0.9980828,-0.007205009,-0.06147065,0.0,-1.286518,1.587368,-0.6049128,1.0,0.8293692,0.9249012,-0.1983223,-0.07264215,0.9774413,0.002045532,-0.003605949,-0.01921064,51.3,3143.0,-0.175,-0.15849999999999997
6.0,-0.1976166,-0.06085214,1.000186,-0.2123838,-0.09871402,1.000193,-0.2050004,-0.07978297,1.00019,0.06178325,-0.004607944,-0.9980789,0.0,-0.03936185,0.9992002,-0.007049704,0.0,-0.9973131,-0.03972179,-0.06155246,0.0,-0.461288,-1.616035,-1.310251,1.0,0.06178327,-0.03936185,-0.9973132,0.0,-0.004607943,0.9992001,-0.03972179,0.0,-0.9980791,-0.007049704,-0.06155247,0.0,-1.286681,1.587349,-0.6048896,1.0,0.8293692,0.9249012,-0.1985122,-0.07303749,0.9773732,0.002047729,-0.003604653,-0.01920982,51.31111,3144.0,-0.175,-0.15849999999999997
6.0,-0.2015914,-0.06071929,1.000039,-0.2135541,-0.09879729,1.000045,-0.2075728,-0.07975817,1.000042,0.06193006,-0.004520332,-0.9980704,0.0,-0.03907699,0.999212,-0.006950226,0.0,-0.9973153,-0.03943201,-0.06170464,0.0,-0.4615317,-1.615756,-1.310493,1.0,0.06193006,-0.03907699,-0.9973151,0.0,-0.004520334,0.999212,-0.039432,0.0,-0.9980701,-0.006950223,-0.06170461,0.0,-1.286685,1.58734,-0.6048685,1.0,0.8372911,0.9318977,-0.2009029,-0.07299543,0.9768878,0.002042435,-0.003597565,-0.01921005,51.32222,3145.0,-0.175,-0.15849999999999997
6.0,-0.2020342,-0.0618556,0.999991,-0.2129819,-0.09841174,0.9999893,-0.2075081,-0.08013367,0.9999901,0.06163329,-0.004382214,-0.9980894,0.0,-0.03880019,0.9992239,-0.006783161,0.0,-0.9973446,-0.03914412,-0.06141543,0.0,-0.4624029,-1.615463,-1.310757,1.0,0.06163328,-0.03880019,-0.9973443,0.0,-0.004382217,0.999224,-0.03914411,0.0,-0.9980891,-0.006783156,-0.06141542,0.0,-1.286832,1.587377,-0.6049114,1.0,0.791065,0.9270188,-0.2008467,-0.07336157,0.9768719,0.002041733,-0.003593117,-0.0192108,51.34444,3146.0,-0.175,-0.15849999999999997
6.0,-0.2006778,-0.06216203,1.000072,-0.21336,-0.09853685,1.000071,-0.2070189,-0.0803495,1.000071,0.06134659,-0.00433051,-0.9981071,0.0,-0.03868852,0.9992288,-0.006713288,0.0,-0.9973665,-0.03902712,-0.06113172,0.0,-0.4629384,-1.615303,-1.310845,1.0,0.06134657,-0.03868852,-0.9973664,0.0,-0.004330513,0.9992288,-0.03902712,0.0,-0.9981072,-0.006713287,-0.06113173,0.0,-1.286959,1.587346,-0.604894,1.0,0.8260946,0.9242155,-0.2003779,-0.07356954,0.9769526,0.002040893,-0.003592247,-0.0192106,51.35556,3147.0,-0.175,-0.15849999999999997
6.0,-0.2006612,-0.06215756,0.9999998,-0.2133473,-0.09853004,0.9999999,-0.2070042,-0.0803438,1.0,0.06134659,-0.00433051,-0.9981071,0.0,-0.03868852,0.9992288,-0.006713288,0.0,-0.9973665,-0.03902712,-0.06113172,0.0,-0.4629384,-1.615303,-1.310845,1.0,0.06134657,-0.03868852,-0.9973664,0.0,-0.004330513,0.9992288,-0.03902712,0.0,-0.9981072,-0.006713287,-0.06113173,0.0,-1.286959,1.587346,-0.604894,1.0,0.8260946,0.9242155,-0.2003779,-0.07356954,0.9769526,0.002040893,-0.003592247,-0.0192106,51.36667,3148.0,-0.175,-0.15849999999999997
6.0,-0.2051686,-0.06059229,1.000012,-0.2129445,-0.09647707,1.000021,-0.2090566,-0.07853456,1.000016,0.06025916,-0.003704306,-0.9981759,0.0,-0.03859023,0.9992369,-0.006037911,0.0,-0.9974366,-0.03888368,-0.06007028,0.0,-0.4645449,-1.614416,-1.311497,1.0,0.0602592,-0.03859023,-0.9974365,0.0,-0.003704307,0.9992368,-0.03888368,0.0,-0.9981758,-0.006037908,-0.06007022,0.0,-1.287092,1.587339,-0.6049104,1.0,0.8075343,0.9040194,-0.2022807,-0.07181679,0.9766908,0.002034585,-0.003589775,-0.01921536,51.38889,3149.0,-0.175,-0.15849999999999997
6.0,-0.2065817,-0.06048701,0.9998503,-0.2131078,-0.09612846,0.9998541,-0.2098448,-0.07830786,0.9998522,0.05986685,-0.003539886,-0.9982002,0.0,-0.03837189,0.9992464,-0.005844945,0.0,-0.9974687,-0.03865274,-0.05968589,0.0,-0.4653613,-1.614115,-1.311523,1.0,0.05986682,-0.03837188,-0.9974685,0.0,-0.003539889,0.9992465,-0.03865274,0.0,-0.9982,-0.005844942,-0.05968589,0.0,-1.287016,1.587376,-0.6048526,1.0,0.8009276,0.9053264,-0.2030301,-0.07160185,0.9765511,0.002024948,-0.0035887,-0.01921627,51.4,3150.0,-0.175,-0.15849999999999997
6.0,-0.2068747,-0.06095835,0.9999249,-0.2129428,-0.09624328,0.9999238,-0.2099088,-0.07860094,0.9999244,0.05929852,-0.003371958,-0.9982347,0.0,-0.03752888,0.9992798,-0.005604832,0.0,-0.9975347,-0.03779498,-0.05912924,0.0,-0.4675213,-1.613376,-1.311467,1.0,0.05929848,-0.03752888,-0.9975345,0.0,-0.003371959,0.9992799,-0.03779499,0.0,-0.9982345,-0.005604831,-0.05912926,0.0,-1.286868,1.587318,-0.6048921,1.0,0.833132,0.9094582,-0.2030708,-0.07187666,0.9765224,0.002024765,-0.00358728,-0.01921711,51.42222,3151.0,-0.175,-0.15849999999999997
6.0,-0.2058427,-0.06100494,0.9998404,-0.2128452,-0.09631331,0.9998367,-0.209344,-0.07865924,0.9998386,0.05917561,-0.003469771,-0.9982416,0.0,-0.03727552,0.9992889,-0.0056831,0.0,-0.9975514,-0.03754627,-0.05900419,0.0,-0.4680718,-1.613332,-1.311146,1.0,0.0591756,-0.03727552,-0.9975514,0.0,-0.003469773,0.9992889,-0.03754627,0.0,-0.9982414,-0.005683098,-0.05900419,0.0,-1.28674,1.587286,-0.6048634,1.0,0.8020708,0.9257238,-0.2025671,-0.07194585,0.9766219,0.002024765,-0.003587212,-0.01921744,51.43333,3152.0,-0.175,-0.15849999999999997
6.0,-0.2056506,-0.06107659,1.000024,-0.2126715,-0.09557319,1.000027,-0.2091612,-0.07832489,1.000025,0.05926245,-0.003402337,-0.9982367,0.0,-0.0373509,0.9992864,-0.005623333,0.0,-0.9975435,-0.03761829,-0.05909306,0.0,-0.4678132,-1.613321,-1.311291,1.0,0.05926242,-0.03735089,-0.9975433,0.0,-0.00340234,0.9992864,-0.03761828,0.0,-0.9982366,-0.00562333,-0.05909307,0.0,-1.286744,1.587323,-0.6048425,1.0,0.8082178,0.918035,-0.2023685,-0.0716184,0.9766872,0.002024765,-0.003585831,-0.01921742,51.44445,3153.0,-0.175,-0.15849999999999997
6.0,-0.2056157,-0.06035239,0.9999908,-0.2124516,-0.09558155,0.9999841,-0.2090336,-0.07796697,0.9999875,0.05905759,-0.003675899,-0.9982479,0.0,-0.0369515,0.9992998,-0.005865872,0.0,-0.9975705,-0.03723318,-0.05888039,0.0,-0.4686257,-1.613466,-1.310959,1.0,0.05905756,-0.0369515,-0.9975703,0.0,-0.003675901,0.9992998,-0.03723318,0.0,-0.9982478,-0.005865869,-0.0588804,0.0,-1.286917,1.58733,-0.6047513,1.0,0.8285943,0.9256182,-0.2022634,-0.07128204,0.9767335,0.002025437,-0.003585297,-0.01921978,51.46667,3154.0,-0.175,-0.15849999999999997
6.0,-0.2054643,-0.06021632,1.000178,-0.2130103,-0.09501319,1.000165,-0.2092371,-0.07761487,1.000172,0.05926156,-0.00410552,-0.9982341,0.0,-0.03676052,0.9993043,-0.006292261,0.0,-0.9975654,-0.0370685,-0.0590694,0.0,-0.4686225,-1.614006,-1.31054,1.0,0.05926154,-0.03676052,-0.9975654,0.0,-0.00410552,0.9993044,-0.03706849,0.0,-0.998234,-0.006292261,-0.05906941,0.0,-1.287081,1.58741,-0.6047232,1.0,0.821928,0.9222703,-0.2024258,-0.07093115,0.9767254,0.002031151,-0.003585297,-0.0192198,51.47778,3155.0,-0.175,-0.15849999999999997
6.0,-0.2053034,-0.06014151,1.000009,-0.2128072,-0.09419686,1.000016,-0.2090555,-0.07716895,1.000013,0.05950278,-0.004156206,-0.9982195,0.0,-0.03613066,0.9993271,-0.006314534,0.0,-0.9975742,-0.03644206,-0.05931258,0.0,-0.4692632,-1.613831,-1.310606,1.0,0.05950277,-0.03613066,-0.9975739,0.0,-0.004156213,0.9993272,-0.03644205,0.0,-0.9982194,-0.006314527,-0.05931256,0.0,-1.287057,1.587514,-0.6046714,1.0,0.8013818,0.9193038,-0.202296,-0.07051941,0.9767821,0.002032281,-0.003585068,-0.0192204,51.5,3156.0,-0.175,-0.15849999999999997
6.0,-0.2075257,-0.06006974,0.9999186,-0.2125621,-0.0925056,0.9999111,-0.2100439,-0.07628767,0.9999149,0.05969828,-0.004434891,-0.9982067,0.0,-0.03590424,0.9993335,-0.00658717,0.0,-0.9975706,-0.0362331,-0.05949926,0.0,-0.4693651,-1.614029,-1.310163,1.0,0.05969828,-0.03590425,-0.9975706,0.0,-0.004434891,0.9993336,-0.0362331,0.0,-0.9982066,-0.00658717,-0.05949926,0.0,-1.286951,1.587471,-0.6046599,1.0,0.7771218,0.9213176,-0.2032388,-0.06967174,0.9766473,0.002036584,-0.00358503,-0.01922047,51.51111,3157.0,-0.175,-0.15849999999999997
6.0,-0.2071946,-0.05933322,1.000018,-0.2125831,-0.09288241,1.00002,-0.2098889,-0.07610787,1.000019,0.05974716,-0.004423022,-0.9982039,0.0,-0.03567727,0.9993418,-0.006563522,0.0,-0.9975759,-0.03600534,-0.05955005,0.0,-0.4696281,-1.613895,-1.310234,1.0,0.05974716,-0.03567727,-0.9975757,0.0,-0.004423027,0.9993418,-0.03600534,0.0,-0.9982036,-0.006563516,-0.05955002,0.0,-1.28696,1.587478,-0.6046228,1.0,0.8249558,0.9253573,-0.2030831,-0.06949519,0.9766922,0.002040657,-0.003585289,-0.01921782,51.53333,3158.0,-0.175,-0.15849999999999997
6.0,-0.2071593,-0.05924436,0.9998695,-0.2123635,-0.09307478,0.9998751,-0.2097616,-0.07615952,0.9998722,0.05993706,-0.004004034,-0.9981942,0.0,-0.0349208,0.9993714,-0.006105596,0.0,-0.9975913,-0.03522369,-0.05975956,0.0,-0.4704559,-1.612879,-1.310905,1.0,0.05993704,-0.03492079,-0.997591,0.0,-0.004004038,0.9993715,-0.03522368,0.0,-0.998194,-0.006105593,-0.05975955,0.0,-1.286798,1.587432,-0.6044732,1.0,0.8133599,0.9240788,-0.2029935,-0.06955606,0.9767064,0.002040657,-0.003585327,-0.01921688,51.55556,3159.0,-0.175,-0.15849999999999997
6.0,-0.2071819,-0.05928156,0.9999655,-0.211859,-0.09342761,0.9999653,-0.2095204,-0.0763547,0.9999654,0.05996972,-0.004043054,-0.9981921,0.0,-0.03446681,0.9993871,-0.006118605,0.0,-0.9976051,-0.03477143,-0.05979359,0.0,-0.4711395,-1.612652,-1.310861,1.0,0.05996968,-0.03446681,-0.9976048,0.0,-0.004043056,0.9993871,-0.03477143,0.0,-0.9981919,-0.006118603,-0.05979361,0.0,-1.286757,1.587404,-0.6044664,1.0,0.8133599,0.9240788,-0.2027526,-0.0697386,0.9767435,0.002040657,-0.003586273,-0.01921246,51.56667,3160.0,-0.175,-0.15849999999999997
6.0,-0.2071806,-0.05902459,0.999975,-0.2124159,-0.09244313,0.9999809,-0.2097984,-0.07573374,0.9999781,0.05994791,-0.003866361,-0.998194,0.0,-0.03438329,0.9993911,-0.005935933,0.0,-0.9976091,-0.03467704,-0.05977851,0.0,-0.4712663,-1.612343,-1.311113,1.0,0.05994795,-0.03438329,-0.9976091,0.0,-0.00386636,0.9993911,-0.03467704,0.0,-0.998194,-0.005935933,-0.05977847,0.0,-1.286728,1.587375,-0.6044272,1.0,0.8133599,0.9240788,-0.2030161,-0.06913617,0.9767317,0.002040657,-0.003592987,-0.01920096,51.57778,3161.0,-0.175,-0.15849999999999997
6.0,-0.2084194,-0.05908684,0.9999651,-0.2118898,-0.09137132,0.999975,-0.2101548,-0.07522909,0.99997,0.05982435,-0.003580539,-0.9982026,0.0,-0.03381094,0.9994125,-0.005611244,0.0,-0.9976362,-0.03408585,-0.05966812,0.0,-0.4722899,-1.611662,-1.311544,1.0,0.05982433,-0.03381093,-0.9976361,0.0,-0.003580544,0.9994125,-0.03408585,0.0,-0.9982024,-0.005611238,-0.05966813,0.0,-1.286703,1.587387,-0.6043656,1.0,0.8209448,0.9125121,-0.2033491,-0.06864707,0.9766968,0.002037247,-0.003596909,-0.01920091,51.58889,3162.0,-0.175,-0.15849999999999997
6.0,-0.2096179,-0.05936536,1.000132,-0.2116428,-0.09246995,1.000134,-0.2106305,-0.07591766,1.000133,0.06034809,-0.003491561,-0.9981714,0.0,-0.03320413,0.9994335,-0.005503456,0.0,-0.9976251,-0.03347553,-0.06019795,0.0,-0.472526,-1.611132,-1.312033,1.0,0.06034806,-0.03320413,-0.9976249,0.0,-0.003491565,0.9994335,-0.03347553,0.0,-0.9981712,-0.005503452,-0.06019795,0.0,-1.286742,1.587309,-0.6043189,1.0,0.8175344,0.9134909,-0.2037423,-0.06928682,0.9765697,0.002033034,-0.003596985,-0.01919917,51.61111,3163.0,-0.175,-0.15849999999999997
6.0,-0.2096091,-0.06118252,0.9999847,-0.2122402,-0.09230953,0.9999925,-0.2109249,-0.07674597,0.9999887,0.06032431,-0.00325225,-0.9981736,0.0,-0.03302722,0.9994407,-0.005252371,0.0,-0.9976324,-0.03328374,-0.06018317,0.0,-0.4727514,-1.610726,-1.312399,1.0,0.06032431,-0.03302721,-0.9976321,0.0,-0.003252252,0.9994407,-0.03328374,0.0,-0.9981735,-0.005252368,-0.06018314,0.0,-1.286722,1.587318,-0.6042272,1.0,0.8134984,0.920752,-0.2040261,-0.0700829,0.9764537,0.002029914,-0.003596009,-0.01919632,51.62222,3164.0,-0.175,-0.15849999999999997
6.0,-0.207677,-0.06054619,0.9999807,-0.2109945,-0.09340826,0.9999835,-0.2093358,-0.07697716,0.9999821,0.06055677,-0.003138926,-0.9981599,0.0,-0.03282939,0.9994478,-0.005134684,0.0,-0.9976248,-0.03307992,-0.06042027,0.0,-0.4726359,-1.610415,-1.312699,1.0,0.06055675,-0.03282939,-0.9976247,0.0,-0.003138926,0.9994477,-0.03307992,0.0,-0.9981597,-0.005134683,-0.06042027,0.0,-1.286717,1.587269,-0.6040992,1.0,0.7742758,0.9210443,-0.2025629,-0.07032646,0.9767407,0.002028,-0.003595276,-0.01919613,51.64445,3165.0,-0.175,-0.15849999999999997
6.0,-0.2071496,-0.06069719,0.9999523,-0.2112787,-0.09414482,0.9999495,-0.2092142,-0.07742095,0.9999509,0.06074387,-0.003242881,-0.9981483,0.0,-0.03287267,0.9994458,-0.005247619,0.0,-0.9976121,-0.03313055,-0.06060362,0.0,-0.4723218,-1.610586,-1.312535,1.0,0.06074386,-0.03287266,-0.9976118,0.0,-0.003242884,0.9994457,-0.03313055,0.0,-0.998148,-0.005247613,-0.06060358,0.0,-1.286636,1.587279,-0.6040977,1.0,0.817044,0.9234775,-0.2024497,-0.07075393,0.9767333,0.002026802,-0.003594689,-0.01919578,51.65556,3166.0,-0.175,-0.15849999999999997
6.0,-0.2066911,-0.06244382,1.000056,-0.2105307,-0.09420713,1.000064,-0.2086111,-0.0783256,1.00006,0.06111306,-0.003024344,-0.9981264,0.0,-0.03285889,0.9994473,-0.005040228,0.0,-0.9975899,-0.03310535,-0.0609799,0.0,-0.4718689,-1.610274,-1.313028,1.0,0.06111305,-0.03285889,-0.9975898,0.0,-0.003024348,0.9994473,-0.03310535,0.0,-0.9981262,-0.005040223,-0.0609799,0.0,-1.286601,1.587261,-0.6041086,1.0,0.8132123,0.9140266,-0.201862,-0.07161817,0.976792,0.002026384,-0.003593926,-0.01919539,51.66667,3167.0,-0.175,-0.15849999999999997
6.0,-0.206841,-0.06049721,0.9999397,-0.2102919,-0.09437049,0.9999485,-0.2085666,-0.07743391,0.9999441,0.06140655,-0.002624919,-0.9981095,0.0,-0.03297858,0.9994452,-0.004657371,0.0,-0.9975679,-0.03320222,-0.06128591,0.0,-0.4712895,-1.609774,-1.313623,1.0,0.06140654,-0.03297857,-0.9975678,0.0,-0.002624922,0.9994453,-0.03320222,0.0,-0.9981093,-0.004657368,-0.06128591,0.0,-1.286425,1.587221,-0.6040979,1.0,0.7975594,0.9164556,-0.2018514,-0.07078452,0.9768549,0.002025597,-0.003583939,-0.01921217,51.7,3168.0,-0.175,-0.15849999999999997
6.0,-0.2068375,-0.0604963,0.999925,-0.2102876,-0.09436838,0.9999235,-0.2085625,-0.07743239,0.9999242,0.06148815,-0.002677952,-0.9981043,0.0,-0.03299201,0.9994445,-0.00471402,0.0,-0.9975625,-0.03321932,-0.0613656,0.0,-0.4711124,-1.609813,-1.313486,1.0,0.0614881,-0.03299201,-0.9975623,0.0,-0.002677954,0.9994445,-0.03321932,0.0,-0.9981042,-0.004714018,-0.06136563,0.0,-1.286339,1.587183,-0.6040437,1.0,0.7975594,0.9164556,-0.2018514,-0.07078452,0.9768549,0.002025597,-0.003583939,-0.01921217,51.71111,3169.0,-0.175,-0.15849999999999997
6.0,-0.2060162,-0.06032635,0.9999542,-0.2101867,-0.0938734,0.9999526,-0.2081015,-0.07709993,0.9999534,0.06157303,-0.002731505,-0.9980989,0.0,-0.03307229,0.9994416,-0.00477542,0.0,-0.9975546,-0.03330345,-0.06144828,0.0,-0.4708139,-1.609949,-1.313372,1.0,0.06157298,-0.03307228,-0.9975544,0.0,-0.002731506,0.9994415,-0.03330345,0.0,-0.9980988,-0.004775418,-0.06144829,0.0,-1.286283,1.587207,-0.6039838,1.0,0.8284226,0.9145598,-0.2014259,-0.07047228,0.9769653,0.002025024,-0.003583405,-0.01921194,51.72223,3170.0,-0.175,-0.15849999999999997
6.0,-0.2069106,-0.06038375,0.9999262,-0.2105403,-0.09261335,0.9999257,-0.2087256,-0.07649849,0.999926,0.06172186,-0.002751317,-0.9980897,0.0,-0.03323659,0.999436,-0.004810383,0.0,-0.9975399,-0.03347,-0.06159562,0.0,-0.4704148,-1.610126,-1.31329,1.0,0.06172187,-0.03323659,-0.9975398,0.0,-0.00275132,0.999436,-0.03347,0.0,-0.9980894,-0.004810378,-0.06159559,0.0,-1.286176,1.587265,-0.6040413,1.0,0.8303931,0.922161,-0.2020102,-0.06989259,0.9768863,0.002021797,-0.003583092,-0.01921157,51.73333,3171.0,-0.175,-0.15849999999999997
6.0,-0.2060812,-0.05996316,0.9997959,-0.2106212,-0.09298437,0.999792,-0.2083513,-0.076474,0.9997939,0.06169319,-0.003013697,-0.9980907,0.0,-0.03335776,0.9994305,-0.005079629,0.0,-0.9975377,-0.03360745,-0.06155753,0.0,-0.470286,-1.610504,-1.312564,1.0,0.06169318,-0.03335776,-0.9975375,0.0,-0.003013699,0.9994307,-0.03360745,0.0,-0.9980906,-0.005079626,-0.06155752,0.0,-1.285897,1.587232,-0.604051,1.0,0.8302389,0.9211601,-0.2016899,-0.06988462,0.9769531,0.002020592,-0.003581024,-0.01921166,51.75556,3172.0,-0.175,-0.15849999999999997
6.0,-0.2072154,-0.05993591,0.9999342,-0.2107224,-0.08927847,0.9999296,-0.2089688,-0.07460731,0.9999319,0.06181467,-0.003183074,-0.9980826,0.0,-0.03340473,0.9994281,-0.005256237,0.0,-0.9975286,-0.0336656,-0.06167299,0.0,-0.4700622,-1.61078,-1.312262,1.0,0.06181467,-0.03340474,-0.9975285,0.0,-0.003183076,0.9994281,-0.0336656,0.0,-0.9980825,-0.005256235,-0.06167298,0.0,-1.285816,1.587259,-0.6040594,1.0,0.8217691,0.9179232,-0.202254,-0.06808573,0.9769635,0.002017166,-0.003582024,-0.01921023,51.76667,3173.0,-0.175,-0.15849999999999997
6.0,-0.2087448,-0.06040183,0.9999363,-0.2088655,-0.08957161,0.9999328,-0.2088051,-0.07498672,0.9999346,0.06185186,-0.003248526,-0.9980801,0.0,-0.0334231,0.9994271,-0.005324174,0.0,-0.9975257,-0.03368825,-0.06170785,0.0,-0.4699609,-1.610959,-1.311962,1.0,0.06185185,-0.0334231,-0.9975254,0.0,-0.003248531,0.9994271,-0.03368824,0.0,-0.99808,-0.005324167,-0.06170784,0.0,-1.285608,1.587343,-0.6040266,1.0,0.8617265,0.908534,-0.2020968,-0.06845137,0.9769704,0.002015266,-0.003580704,-0.0192075,51.78889,3174.0,-0.175,-0.15849999999999997
6.0,-0.2078494,-0.06070493,0.99984,-0.2091766,-0.08846863,0.9998361,-0.2085128,-0.07458672,0.999838,0.06169522,-0.003386416,-0.9980894,0.0,-0.03333246,0.9994295,-0.005451356,0.0,-0.9975384,-0.0336051,-0.06154716,0.0,-0.4702755,-1.611102,-1.311555,1.0,0.06169523,-0.03333246,-0.9975382,0.0,-0.003386418,0.9994295,-0.03360509,0.0,-0.9980891,-0.005451352,-0.06154713,0.0,-1.285491,1.587357,-0.6039815,1.0,0.8145204,0.922776,-0.2018508,-0.06807967,0.9770473,0.002014359,-0.003580704,-0.01920643,51.8,3175.0,-0.175,-0.15849999999999997
6.0,-0.2080359,-0.0608217,0.9998894,-0.2095348,-0.0917059,0.9998919,-0.2087856,-0.07626398,0.9998906,0.06156123,-0.003602477,-0.9980969,0.0,-0.03319431,0.9994329,-0.005654681,0.0,-0.9975513,-0.03347924,-0.06140673,0.0,-0.4706254,-1.611249,-1.311101,1.0,0.06156122,-0.03319431,-0.9975511,0.0,-0.003602481,0.999433,-0.03347924,0.0,-0.9980968,-0.005654678,-0.06140673,0.0,-1.285438,1.587299,-0.6039267,1.0,0.7981869,0.9255507,-0.2020722,-0.06967124,0.9768894,0.002012291,-0.00358432,-0.01918092,51.82222,3176.0,-0.175,-0.15849999999999997
6.0,-0.2082831,-0.06337711,0.9999185,-0.209092,-0.0934748,0.9999253,-0.2086876,-0.07842584,0.9999219,0.06156337,-0.003369994,-0.9980976,0.0,-0.03327572,0.9994315,-0.005426971,0.0,-0.9975484,-0.03354652,-0.06141627,0.0,-0.470516,-1.611015,-1.311373,1.0,0.0615634,-0.03327573,-0.9975483,0.0,-0.003369995,0.9994315,-0.03354652,0.0,-0.9980974,-0.005426968,-0.06141622,0.0,-1.28534,1.587325,-0.6039459,1.0,0.7981869,0.9255507,-0.2019455,-0.07173298,0.9767662,0.002010818,-0.003583809,-0.01918042,51.83334,3177.0,-0.175,-0.15849999999999997
6.0,-0.2082961,-0.06162191,0.9998685,-0.2090667,-0.09174582,0.9998664,-0.2086814,-0.07668386,0.9998674,0.0616529,-0.003443033,-0.9980918,0.0,-0.03333329,0.9994291,-0.005506673,0.0,-0.997541,-0.03360919,-0.06150293,0.0,-0.4703085,-1.611154,-1.311145,1.0,0.06165289,-0.03333329,-0.9975408,0.0,-0.003443036,0.9994291,-0.03360918,0.0,-0.9980916,-0.005506668,-0.06150292,0.0,-1.285195,1.587337,-0.6039407,1.0,0.7851508,0.9227256,-0.2019686,-0.07007661,0.9768818,0.002010566,-0.003580444,-0.01920796,51.84444,3178.0,-0.175,-0.15849999999999997
6.0,-0.2087837,-0.06412623,0.9997772,-0.2092239,-0.09343378,0.9997733,-0.2090037,-0.07878012,0.9997752,0.06136805,-0.003542754,-0.998109,0.0,-0.03367806,0.9994169,-0.005618073,0.0,-0.997547,-0.03395914,-0.06121296,0.0,-0.470209,-1.611434,-1.310399,1.0,0.06136804,-0.03367805,-0.9975467,0.0,-0.003542758,0.9994169,-0.03395914,0.0,-0.9981088,-0.005618068,-0.06121293,0.0,-1.284773,1.587296,-0.6039916,1.0,0.8102064,0.9168749,-0.2022532,-0.07207788,0.9766772,0.002010345,-0.003580032,-0.01920754,51.86667,3179.0,-0.175,-0.15849999999999997
6.0,-0.208809,-0.06419231,0.999801,-0.2083136,-0.09460422,0.9998025,-0.2085614,-0.07939827,0.9998018,0.06149894,-0.003479712,-0.9981012,0.0,-0.0338727,0.9994106,-0.005571379,0.0,-0.9975323,-0.03415101,-0.0613448,0.0,-0.4697692,-1.611453,-1.310313,1.0,0.06149891,-0.0338727,-0.9975321,0.0,-0.003479716,0.9994106,-0.03415101,0.0,-0.998101,-0.005571375,-0.06134482,0.0,-1.284541,1.587291,-0.6040235,1.0,0.8285494,0.916356,-0.2018331,-0.07267191,0.9767201,0.002010292,-0.003579926,-0.01920693,51.87778,3180.0,-0.175,-0.15849999999999997
6.0,-0.2113159,-0.06424195,0.9998143,-0.2082725,-0.09486152,0.9998267,-0.2097946,-0.07955157,0.9998205,0.06117725,-0.002813261,-0.998123,0.0,-0.0349303,0.9993774,-0.004957756,0.0,-0.9975156,-0.03516804,-0.06104088,0.0,-0.4684591,-1.61108,-1.310759,1.0,0.06117722,-0.0349303,-0.9975154,0.0,-0.002813263,0.9993775,-0.03516803,0.0,-0.9981229,-0.004957756,-0.06104089,0.0,-1.284172,1.587215,-0.6039636,1.0,0.7896188,0.9174808,-0.2029606,-0.07279992,0.9764769,0.002010208,-0.003579529,-0.01920729,51.9,3181.0,-0.175,-0.15849999999999997
6.0,-0.2094983,-0.06468688,0.9998806,-0.2096717,-0.09461785,0.9998937,-0.2095852,-0.07965231,0.9998872,0.06105238,-0.002361029,-0.9981319,0.0,-0.03522473,0.9993692,-0.00451854,0.0,-0.9975129,-0.03543479,-0.06093073,0.0,-0.4681684,-1.610642,-1.31128,1.0,0.06105239,-0.03522473,-0.9975127,0.0,-0.002361032,0.9993692,-0.03543479,0.0,-0.9981316,-0.004518535,-0.06093069,0.0,-1.28405,1.58721,-0.6039739,1.0,0.8709758,0.9369683,-0.2027525,-0.07289414,0.9765131,0.002008758,-0.003579529,-0.01920909,51.91111,3182.0,-0.175,-0.15849999999999997
6.0,-0.2112752,-0.06698137,0.9999522,-0.2082508,-0.09600914,0.9999686,-0.2097632,-0.08149508,0.9999604,0.06101167,-0.001396403,-0.9981362,0.0,-0.03557772,0.9993605,-0.003572829,0.0,-0.9975029,-0.03572939,-0.06092298,0.0,-0.4676471,-1.609453,-1.3125,1.0,0.06101166,-0.03557772,-0.9975026,0.0,-0.001396406,0.9993605,-0.03572939,0.0,-0.998136,-0.003572825,-0.06092296,0.0,-1.283769,1.587097,-0.6039454,1.0,0.8195652,0.935893,-0.2028757,-0.07464246,0.9763554,0.00200885,-0.003579636,-0.01920909,51.93333,3183.0,-0.175,-0.15849999999999997
6.0,-0.2117178,-0.06923018,0.9998217,-0.2083022,-0.09668741,0.9998405,-0.2100103,-0.0829588,0.9998311,0.06078833,-0.000768682,-0.9981505,0.0,-0.03518271,0.9993767,-0.002912289,0.0,-0.9975305,-0.03529467,-0.06072336,0.0,-0.468602,-1.608339,-1.31327,1.0,0.0607883,-0.0351827,-0.9975304,0.0,-0.0007686839,0.9993766,-0.03529466,0.0,-0.9981503,-0.002912287,-0.06072339,0.0,-1.283592,1.587026,-0.6039567,1.0,0.8195652,0.935893,-0.2031063,-0.07604107,0.9761996,0.002008758,-0.003580834,-0.01920719,51.94445,3184.0,-0.175,-0.15849999999999997
6.0,-0.2117716,-0.06922877,1.000044,-0.2085355,-0.0966669,1.000057,-0.2101538,-0.08294772,1.000051,0.06082708,-0.0002999697,-0.9981484,0.0,-0.03500377,0.9993842,-0.00243347,0.0,-0.9975345,-0.03508697,-0.06077909,0.0,-0.468801,-1.607518,-1.314063,1.0,0.06082704,-0.03500377,-0.9975343,0.0,-0.0002999719,0.9993842,-0.03508697,0.0,-0.9981481,-0.002433468,-0.06077911,0.0,-1.283596,1.586921,-0.6039156,1.0,0.8625662,0.9191395,-0.2031967,-0.07601065,0.9761831,0.002008758,-0.003583313,-0.01920529,51.95555,3185.0,-0.175,-0.15849999999999997
6.0,-0.2116852,-0.06934386,0.9998258,-0.2096568,-0.09650939,0.9998379,-0.2106712,-0.08292645,0.9998318,0.06036633,0.0005275328,-0.9981762,0.0,-0.03462546,0.9993991,-0.001565855,0.0,-0.9975756,-0.03465684,-0.06034833,0.0,-0.4699911,-1.606214,-1.314893,1.0,0.06036633,-0.03462546,-0.9975755,0.0,0.0005275297,0.9993992,-0.03465683,0.0,-0.9981761,-0.001565852,-0.06034832,0.0,-1.283276,1.586917,-0.6038694,1.0,0.8196788,0.9265938,-0.2037146,-0.07599596,0.9760763,0.002009522,-0.003585694,-0.01920468,51.97778,3186.0,-0.175,-0.15849999999999997
6.0,-0.211135,-0.06860273,0.9996331,-0.2115896,-0.09584948,0.9996476,-0.2113626,-0.08222606,0.9996403,0.06024438,0.00104754,-0.9981831,0.0,-0.03444996,0.9994059,-0.001030371,0.0,-0.997589,-0.03444945,-0.06024468,0.0,-0.470432,-1.605435,-1.315311,1.0,0.06024438,-0.03444996,-0.997589,0.0,0.001047541,0.9994058,-0.03444944,0.0,-0.9981831,-0.00103037,-0.06024467,0.0,-1.282899,1.586919,-0.6038446,1.0,0.8477904,0.9339684,-0.2043971,-0.07533129,0.9759852,0.002009917,-0.003586876,-0.01920177,51.98889,3187.0,-0.175,-0.15849999999999997
6.0,-0.2080362,-0.06824925,0.9997944,-0.2127832,-0.09594636,0.9998029,-0.2104099,-0.08209788,0.9997986,0.06047416,0.001485148,-0.9981688,0.0,-0.03431357,0.9994109,-0.0005918983,0.0,-0.9975799,-0.03428653,-0.06048948,0.0,-0.4703896,-1.604748,-1.315671,1.0,0.06047413,-0.03431357,-0.9975798,0.0,0.001485144,0.999411,-0.03428653,0.0,-0.9981686,-0.0005918947,-0.06048949,0.0,-1.282431,1.586884,-0.6038566,1.0,0.8198796,0.9119611,-0.2034963,-0.07521091,0.9761826,0.00201197,-0.003588242,-0.01920065,52.01111,3188.0,-0.175,-0.15849999999999997
6.0,-0.2075979,-0.06722499,0.9998664,-0.2117345,-0.09633473,0.999872,-0.2096662,-0.08177992,0.9998691,0.06064284,0.001634097,-0.9981583,0.0,-0.03395817,0.9994231,-0.0004269574,0.0,-0.9975818,-0.03392152,-0.06066334,0.0,-0.4707543,-1.60433,-1.315844,1.0,0.06064282,-0.03395817,-0.9975816,0.0,0.001634091,0.9994232,-0.03392152,0.0,-0.9981581,-0.0004269522,-0.06066333,0.0,-1.282251,1.586857,-0.6038606,1.0,0.8069251,0.9410118,-0.2028059,-0.07491153,0.9763494,0.002012908,-0.003590714,-0.01919846,52.02222,3189.0,-0.175,-0.15849999999999997
6.0,-0.2078919,-0.06272481,0.9999747,-0.2129835,-0.09728742,0.9999861,-0.210438,-0.08000606,0.9999804,0.06108207,0.001909589,-0.998131,0.0,-0.03413831,0.9994171,-0.0001770966,0.0,-0.9975489,-0.03408532,-0.06111163,0.0,-0.4698945,-1.604068,-1.316342,1.0,0.06108204,-0.03413831,-0.9975488,0.0,0.001909586,0.9994171,-0.03408533,0.0,-0.9981309,-0.0001770936,-0.06111165,0.0,-1.282116,1.586858,-0.6038617,1.0,0.8128395,0.9210895,-0.20352,-0.07320473,0.9763302,0.002014328,-0.003588539,-0.01919885,52.03333,3190.0,-0.175,-0.15849999999999997
6.0,-0.2074496,-0.06215515,0.9999329,-0.2133412,-0.09771252,0.9999382,-0.2103954,-0.07993366,0.9999355,0.06126636,0.002151484,-0.9981191,0.0,-0.03435237,0.9994098,4.565157e-05,0.0,-0.9975301,-0.03428496,-0.06130415,0.0,-0.4693452,-1.603842,-1.316516,1.0,0.06126641,-0.03435237,-0.9975302,0.0,0.002151482,0.9994097,-0.03428496,0.0,-0.9981192,4.565523e-05,-0.06130411,0.0,-1.281834,1.586832,-0.6038815,1.0,0.8252933,0.9382294,-0.2034916,-0.07314327,0.9763408,0.002015373,-0.003584564,-0.01919906,52.05556,3191.0,-0.175,-0.15849999999999997
6.0,-0.2086655,-0.06212032,0.9998873,-0.2136104,-0.09156948,0.9998893,-0.211138,-0.07684484,0.9998884,0.06150842,0.002185388,-0.9981042,0.0,-0.03442691,0.9994072,6.667338e-05,0.0,-0.9975126,-0.03435754,-0.06154722,0.0,-0.4688894,-1.603825,-1.316511,1.0,0.06150845,-0.03442691,-0.9975127,0.0,0.002185388,0.9994072,-0.03435754,0.0,-0.9981042,6.667378e-05,-0.0615472,0.0,-1.28167,1.586819,-0.6038542,1.0,0.8377836,0.9125483,-0.2042289,-0.07019238,0.9764034,0.002019203,-0.003583885,-0.01919936,52.06667,3192.0,-0.175,-0.15849999999999997
6.0,-0.2062095,-0.06216263,0.9997864,-0.2142149,-0.09150647,0.9997875,-0.2102121,-0.07683454,0.999787,0.06126034,0.00249877,-0.9981188,0.0,-0.03471957,0.999397,0.0003710259,0.0,-0.9975178,-0.03463152,-0.06131017,0.0,-0.4687648,-1.603532,-1.316552,1.0,0.06126035,-0.03471956,-0.9975177,0.0,0.002498767,0.999397,-0.03463152,0.0,-0.9981187,0.000371029,-0.06131015,0.0,-1.281352,1.586778,-0.6038519,1.0,0.811207,0.9168079,-0.2033982,-0.07020208,0.9765761,0.002019203,-0.003583885,-0.01919948,52.08889,3193.0,-0.175,-0.15849999999999997
6.0,-0.2062077,-0.06089924,0.9998428,-0.2140192,-0.091956,0.999846,-0.2101134,-0.0764275,0.9998444,0.06114829,0.002645113,-0.9981253,0.0,-0.0349444,0.9993891,0.0005076546,0.0,-0.997517,-0.03484784,-0.06120336,0.0,-0.468557,-1.603472,-1.31657,1.0,0.06114827,-0.03494439,-0.9975166,0.0,0.002645108,0.9993891,-0.03484784,0.0,-0.9981251,0.0005076586,-0.06120335,0.0,-1.281209,1.586787,-0.6038495,1.0,0.8185679,0.9299601,-0.2033022,-0.06981144,0.9766241,0.002019203,-0.003583809,-0.0191991,52.1,3194.0,-0.175,-0.15849999999999997
6.0,-0.2061949,-0.06173314,0.9998933,-0.2137324,-0.09574033,0.9998888,-0.2099636,-0.07873686,0.999891,0.06089836,0.002542879,-0.9981409,0.0,-0.03455094,0.9994028,0.0004380774,0.0,-0.9975459,-0.03446002,-0.06094986,0.0,-0.4695207,-1.603326,-1.316277,1.0,0.06089836,-0.03455094,-0.9975457,0.0,0.002542877,0.9994028,-0.03446002,0.0,-0.9981407,0.0004380798,-0.06094984,0.0,-1.281159,1.586723,-0.6038458,1.0,0.8159326,0.9157842,-0.203129,-0.0720151,0.9765001,0.002019203,-0.003582932,-0.01917281,52.11111,3195.0,-0.175,-0.15849999999999997
6.0,-0.2078028,-0.06175582,0.9999369,-0.2136204,-0.09429043,0.9999346,-0.2107115,-0.07802318,0.9999359,0.06035185,0.002574274,-0.9981739,0.0,-0.03489228,0.999391,0.0004677419,0.0,-0.9975672,-0.03480034,-0.0604049,0.0,-0.4697303,-1.60353,-1.315918,1.0,0.06035182,-0.03489228,-0.9975669,0.0,0.002574268,0.999391,-0.03480033,0.0,-0.9981738,0.0004677472,-0.0604049,0.0,-1.281038,1.586779,-0.6038787,1.0,0.8221712,0.9252952,-0.2038138,-0.07132043,0.9764084,0.002015442,-0.003583862,-0.01917212,52.13334,3196.0,-0.175,-0.15849999999999997
6.0,-0.2078176,-0.06175965,1.0,-0.213632,-0.09429628,1.0,-0.2107248,-0.07802791,1.0,0.06035185,0.002574274,-0.9981739,0.0,-0.03489228,0.999391,0.0004677419,0.0,-0.9975672,-0.03480034,-0.0604049,0.0,-0.4697303,-1.60353,-1.315918,1.0,0.06035182,-0.03489228,-0.9975669,0.0,0.002574268,0.999391,-0.03480033,0.0,-0.9981738,0.0004677472,-0.0604049,0.0,-1.281038,1.586779,-0.6038787,1.0,0.8167098,0.9221311,-0.2038138,-0.07132043,0.9764084,0.002015442,-0.003583862,-0.01917212,52.14445,3197.0,-0.175,-0.15849999999999997
6.0,-0.2077738,-0.06298168,0.9995009,-0.2139007,-0.09499626,0.999505,-0.2108374,-0.07898903,0.999503,0.05929565,0.003029592,-0.9982359,0.0,-0.03551288,0.9993688,0.000923546,0.0,-0.9976086,-0.03539547,-0.05936587,0.0,-0.4701913,-1.60322,-1.315601,1.0,0.05929571,-0.03551289,-0.9976085,0.0,0.003029591,0.9993688,-0.03539547,0.0,-0.9982359,0.0009235495,-0.05936581,0.0,-1.280543,1.586725,-0.6039153,1.0,0.8590662,0.9343691,-0.2039929,-0.07226693,0.9763014,0.002008378,-0.003585938,-0.01916767,52.16667,3198.0,-0.175,-0.15849999999999997
6.0,-0.2078584,-0.0634027,0.9998413,-0.2142097,-0.09499949,0.9998469,-0.2110343,-0.07920128,0.9998442,0.05907512,0.003255779,-0.9982482,0.0,-0.03558713,0.9993659,0.001153419,0.0,-0.997619,-0.03545665,-0.05915356,0.0,-0.47035,-1.602957,-1.315727,1.0,0.05907515,-0.03558713,-0.997619,0.0,0.003255778,0.9993659,-0.03545665,0.0,-0.9982483,0.001153421,-0.05915352,0.0,-1.280417,1.58672,-0.6038954,1.0,0.8146571,0.9152645,-0.2041053,-0.07244304,0.9762648,0.002007927,-0.003586022,-0.01916723,52.17778,3199.0,-0.175,-0.15849999999999997
6.0,-0.207822,-0.06447719,0.9998254,-0.2141476,-0.09634358,0.9998345,-0.210985,-0.08041034,0.9998299,0.05877155,0.003601665,-0.9982651,0.0,-0.03564869,0.9993632,0.001506852,0.0,-0.9976348,-0.03549828,-0.05886257,0.0,-0.4706358,-1.602507,-1.316,1.0,0.05877158,-0.03564868,-0.9976346,0.0,0.003601661,0.9993632,-0.03549827,0.0,-0.9982648,0.001506857,-0.05886251,0.0,-1.280285,1.586692,-0.6038718,1.0,0.8129961,0.9222934,-0.2040458,-0.07359622,0.976191,0.002007927,-0.003587212,-0.01916588,52.18889,3200.0,-0.175,-0.15849999999999997
6.0,-0.2093515,-0.06409809,0.9998147,-0.2141342,-0.09565442,0.9998243,-0.2117431,-0.07987632,0.9998195,0.05816156,0.004065979,-0.998299,0.0,-0.03552355,0.9993668,0.002000699,0.0,-0.9976751,-0.03534676,-0.05826914,0.0,-0.4715575,-1.60177,-1.316258,1.0,0.05816151,-0.03552354,-0.9976748,0.0,0.004065973,0.9993668,-0.03534675,0.0,-0.9982988,0.002000703,-0.05826915,0.0,-1.280079,1.586637,-0.6037756,1.0,0.8437777,0.9309823,-0.2047514,-0.07307603,0.9760823,0.002007927,-0.003588188,-0.01916497,52.21111,3201.0,-0.175,-0.15849999999999997
6.0,-0.2091635,-0.06381282,0.9999038,-0.2143332,-0.09504285,0.9999059,-0.2117484,-0.0794279,0.9999048,0.05817509,0.004141254,-0.9982979,0.0,-0.03577225,0.9993578,0.002061047,0.0,-0.9976653,-0.03559145,-0.05828589,0.0,-0.4712027,-1.601765,-1.316259,1.0,0.0581751,-0.03577225,-0.9976652,0.0,0.004141252,0.9993579,-0.03559145,0.0,-0.9982978,0.00206105,-0.05828586,0.0,-1.279973,1.586593,-0.6038309,1.0,0.8437777,0.9309823,-0.2047476,-0.07264084,0.9761156,0.002008918,-0.003590698,-0.01916344,52.22223,3202.0,-0.175,-0.15849999999999997
6.0,-0.2075576,-0.06330024,0.9999605,-0.2139926,-0.09356006,0.9999672,-0.2107753,-0.07843004,0.9999639,0.05812395,0.004430812,-0.9982997,0.0,-0.0359279,0.9993516,0.002343651,0.0,-0.9976627,-0.03573059,-0.05824542,0.0,-0.4710774,-1.601525,-1.316496,1.0,0.05812391,-0.0359279,-0.9976627,0.0,0.004430808,0.9993516,-0.03573059,0.0,-0.9982995,0.002343653,-0.05824545,0.0,-1.279781,1.586647,-0.6038797,1.0,0.8288062,0.9287907,-0.2038621,-0.07169668,0.9763707,0.002014046,-0.00359401,-0.01916199,52.24445,3203.0,-0.175,-0.15849999999999997
2.0,-0.09612186,-0.178288,1.000044,-0.1070659,-0.2046643,1.000047,-0.1015941,-0.1914761,1.000045,0.04740167,0.02395156,-0.9985889,0.0,-0.04025088,0.9989463,0.02204947,0.0,-0.9980648,-0.03914889,-0.04831576,0.0,-0.479938,-1.576512,-1.341926,1.0,0.04740163,-0.04025087,-0.9980645,0.0,0.02395154,0.9989462,-0.03914889,0.0,-0.9985885,0.02204947,-0.04831577,0.0,-1.279523,1.585122,-0.605564,1.0,0.9822522,0.9413398,-0.09903765,-0.1801267,0.9786449,0.001618653,-0.003756119,-0.01985621,58.3,3584.0,-0.0875,-0.246
2.0,-0.09550038,-0.1766002,1.000097,-0.1070658,-0.2043456,1.000101,-0.1012832,-0.1904728,1.000099,0.04724324,0.02417575,-0.9985909,0.0,-0.04064129,0.9989258,0.02226111,0.0,-0.9980564,-0.03953233,-0.04817504,0.0,-0.4795767,-1.576409,-1.342254,1.0,0.04724324,-0.04064129,-0.9980562,0.0,0.02417574,0.9989257,-0.03953233,0.0,-0.9985907,0.02226112,-0.04817501,0.0,-1.279595,1.585105,-0.6056268,1.0,0.9822522,0.9413398,-0.09875204,-0.1791906,0.9788457,0.001616654,-0.003756134,-0.01985952,58.31111,3585.0,-0.0875,-0.246
2.0,-0.09444107,-0.1782319,1.000106,-0.1076739,-0.2042426,1.000111,-0.1010575,-0.1912373,1.000108,0.04690999,0.02459688,-0.9985963,0.0,-0.04126512,0.9988911,0.02266568,0.0,-0.9980465,-0.04014395,-0.04787296,0.0,-0.4791045,-1.576132,-1.342721,1.0,0.04690998,-0.04126512,-0.9980463,0.0,0.02459688,0.9988911,-0.04014394,0.0,-0.9985963,0.02266568,-0.04787296,0.0,-1.279593,1.585048,-0.6057206,1.0,1.0,1.0,-0.09852266,-0.1799024,0.9787382,0.001615486,-0.003756287,-0.01986062,58.33334,3586.0,-0.0875,-0.246
2.0,-0.09584257,-0.176049,1.000063,-0.1069978,-0.2042388,1.00006,-0.1014201,-0.1901438,1.000062,0.04662699,0.02462316,-0.998609,0.0,-0.0417532,0.9988705,0.02268007,0.0,-0.9980395,-0.0406376,-0.04760242,0.0,-0.4786994,-1.57631,-1.342684,1.0,0.04662698,-0.04175319,-0.9980393,0.0,0.02462316,0.9988706,-0.0406376,0.0,-0.9986087,0.02268007,-0.0476024,0.0,-1.279682,1.584995,-0.6057333,1.0,1.0,1.0,-0.09888996,-0.1788876,0.9788871,0.001615234,-0.003757546,-0.01986108,58.34444,3587.0,-0.0875,-0.246
2.0,-0.09601857,-0.1777668,1.000143,-0.1076235,-0.2016232,1.000145,-0.1018209,-0.1896951,1.000144,0.04634094,0.0248521,-0.9986165,0.0,-0.04215769,0.9988484,0.02290154,0.0,-0.9980357,-0.04103808,-0.04733527,0.0,-0.4784861,-1.576264,-1.343015,1.0,0.04634092,-0.04215769,-0.9980356,0.0,0.0248521,0.9988485,-0.04103808,0.0,-0.9986165,0.02290154,-0.04733528,0.0,-1.27981,1.585034,-0.605805,1.0,1.0,1.0,-0.09927059,-0.1784497,0.9789285,0.001615234,-0.003757263,-0.01986343,58.35556,3588.0,-0.0875,-0.246
2.0,-0.09623151,-0.1780291,1.000125,-0.1087125,-0.2018659,1.000125,-0.1024718,-0.1899476,1.000125,0.04608661,0.0249796,-0.9986252,0.0,-0.04238406,0.998836,0.02302885,0.0,-0.9980379,-0.04126447,-0.04709172,0.0,-0.4784684,-1.576153,-1.343209,1.0,0.04608663,-0.04238406,-0.9980379,0.0,0.0249796,0.9988359,-0.04126446,0.0,-0.998625,0.02302885,-0.0470917,0.0,-1.279939,1.584971,-0.6058227,1.0,0.9922312,0.9326767,-0.09988695,-0.1786767,0.9788244,0.001615845,-0.003756447,-0.01986441,58.36667,3589.0,-0.0875,-0.246
2.0,-0.09688963,-0.178197,1.000064,-0.1091558,-0.2019734,1.000059,-0.1030225,-0.1900852,1.000061,0.04547924,0.02501078,-0.9986522,0.0,-0.04290454,0.998813,0.0230609,0.0,-0.9980435,-0.04179792,-0.0464983,0.0,-0.4785298,-1.576432,-1.343238,1.0,0.0454792,-0.04290455,-0.9980435,0.0,0.02501077,0.998813,-0.04179792,0.0,-0.998652,0.02306091,-0.04649833,0.0,-1.280237,1.585006,-0.6059435,1.0,1.0,1.0,-0.1004142,-0.1788059,0.9787469,0.001616241,-0.003756378,-0.01986505,58.38889,3590.0,-0.0875,-0.246
2.0,-0.09804447,-0.1778609,1.000049,-0.108867,-0.202082,1.000049,-0.1034556,-0.1899714,1.000049,0.04528123,0.02503856,-0.9986605,0.0,-0.04308556,0.9988046,0.02308859,0.0,-0.9980448,-0.04198236,-0.04630589,0.0,-0.4785434,-1.576563,-1.343254,1.0,0.04528122,-0.04308555,-0.9980446,0.0,0.02503856,0.9988045,-0.04198236,0.0,-0.9986604,0.02308858,-0.04630589,0.0,-1.280311,1.585074,-0.6059961,1.0,0.9718169,0.9264289,-0.1008296,-0.1786952,0.9787244,0.001617103,-0.00375602,-0.01986505,58.41111,3591.0,-0.0875,-0.246
2.0,-0.09802864,-0.1778937,1.000054,-0.1089036,-0.2024925,1.000048,-0.103466,-0.190193,1.000051,0.04520023,0.02484,-0.9986691,0.0,-0.04322571,0.9988031,0.02288691,0.0,-0.9980423,-0.04213368,-0.04621983,0.0,-0.4784111,-1.576888,-1.342991,1.0,0.0452002,-0.0432257,-0.9980423,0.0,0.02483999,0.9988032,-0.04213368,0.0,-0.998669,0.02288692,-0.04621986,0.0,-1.28041,1.585058,-0.6059875,1.0,1.0,1.0,-0.1008362,-0.1789018,0.978686,0.001618126,-0.003754631,-0.01986505,58.42222,3592.0,-0.0875,-0.246
2.0,-0.09821828,-0.1773629,0.9999928,-0.1081956,-0.2027824,0.9999917,-0.1032068,-0.1900726,0.9999923,0.04502064,0.02463443,-0.9986824,0.0,-0.04342572,0.9987992,0.02267968,0.0,-0.9980419,-0.04234744,-0.0460363,0.0,-0.4783288,-1.577335,-1.342616,1.0,0.04502059,-0.04342571,-0.9980416,0.0,0.02463442,0.9987991,-0.04234743,0.0,-0.9986822,0.02267968,-0.04603634,0.0,-1.280456,1.585119,-0.6059973,1.0,1.0,1.0,-0.1005998,-0.1788052,0.9787279,0.001620361,-0.003753555,-0.01986504,58.44445,3593.0,-0.0875,-0.246
2.0,-0.09912701,-0.1775793,1.000014,-0.1104531,-0.2017123,1.000021,-0.1047901,-0.1896458,1.000018,0.04535091,0.02475963,-0.9986643,0.0,-0.0433309,0.9988007,0.02279529,0.0,-0.998031,-0.04223923,-0.04636937,0.0,-0.4780307,-1.577055,-1.342937,1.0,0.0453509,-0.0433309,-0.998031,0.0,0.02475962,0.9988006,-0.04223924,0.0,-0.9986641,0.02279529,-0.04636937,0.0,-1.280416,1.585063,-0.6059742,1.0,0.996443,0.9440496,-0.1021109,-0.1783796,0.9786491,0.001623086,-0.003750656,-0.01986494,58.45556,3594.0,-0.0875,-0.246
2.0,-0.0979623,-0.1764547,0.9999888,-0.1096732,-0.2002427,0.999985,-0.1038178,-0.1883487,0.9999869,0.04536831,0.02459688,-0.9986675,0.0,-0.04333297,0.9988043,0.02263168,0.0,-0.9980301,-0.04224847,-0.04637992,0.0,-0.4779645,-1.577335,-1.342704,1.0,0.04536831,-0.04333296,-0.99803,0.0,0.02459687,0.9988042,-0.04224847,0.0,-0.9986674,0.02263168,-0.04637992,0.0,-1.280432,1.585125,-0.6059374,1.0,1.0,1.0,-0.1012182,-0.1771969,0.9789567,0.001628623,-0.003750168,-0.01986274,58.46667,3595.0,-0.0875,-0.246
2.0,-0.09742118,-0.1764737,1.000085,-0.109401,-0.2022705,1.000085,-0.1034111,-0.189372,1.000085,0.04571635,0.0243971,-0.9986566,0.0,-0.04328236,0.9988113,0.0224195,0.0,-0.9980165,-0.04219927,-0.046718,0.0,-0.477423,-1.577548,-1.342748,1.0,0.04571637,-0.04328235,-0.9980162,0.0,0.02439709,0.9988112,-0.04219927,0.0,-0.9986563,0.02241951,-0.04671796,0.0,-1.28063,1.585112,-0.6057776,1.0,0.991118,0.9307244,-0.1008086,-0.1781386,0.978828,0.001632263,-0.003750168,-0.01986136,58.48889,3596.0,-0.0875,-0.246
