flag,xl,yl,zl,xr,yr,zr,xc,yc,zc,mat_00,mat_10,mat_20,mat_30,mat_01,mat_11,mat_21,mat_31,mat_02,mat_12,mat_22,mat_32,mat_03,mat_13,mat_23,mat_33,ctw_00,ctw_10,ctw_20,ctw_30,ctw_01,ctw_11,ctw_21,ctw_31,ctw_02,ctw_12,ctw_22,ctw_32,ctw_03,ctw_13,ctw_23,ctw_33,opennessl,opennessr,ray_x,ray_y,ray_z,eye_x,eye_y,eye_z,time,frame,u,v
6.0,-0.101956,-0.08216134,1.000101,-0.2262451,-0.1362333,1.00011,-0.1641005,-0.1091973,1.000105,-0.04147315,-0.2366754,0.9707033,0.0,-0.001949012,0.9715564,0.2368001,0.0,0.9991378,-0.007928923,0.0407548,0.0,0.9790041,-1.668318,-0.2573721,1.0,-0.04147315,-0.001949026,0.9991376,0.0,-0.2366754,0.9715564,-0.007928935,0.0,0.9707032,0.2368001,0.04075478,0.0,-0.1044155,1.683719,-0.9808987,1.0,1.0,1.0,-0.1585934,-0.1029161,0.9819656,0.002110565,-0.001337975,-0.02902722,9.488889,572.0,-0.175,-0.15849999999999997
6.0,-0.1020972,-0.08110382,1.000024,-0.2259305,-0.1362327,1.000042,-0.1640135,-0.1086679,1.000033,-0.04163218,-0.2368228,0.9706605,0.0,-0.001691103,0.971518,0.2369595,0.0,0.9991316,-0.008223623,0.04084682,0.0,0.9782546,-1.668449,-0.2574936,1.0,-0.04163209,-0.001691113,0.9991315,0.0,-0.2368228,0.971518,-0.008223652,0.0,0.9706605,0.2369595,0.0408469,0.0,-0.104461,1.683598,-0.9806079,1.0,1.0,1.0,-0.1585312,-0.1024226,0.9820272,0.002110368,-0.001340004,-0.02902722,9.511111,573.0,-0.175,-0.15849999999999997
6.0,-0.1020437,-0.07859548,0.9999393,-0.2261094,-0.1380965,0.999939,-0.1640767,-0.108346,0.9999391,-0.04154599,-0.2369609,0.9706306,0.0,-0.001752697,0.971485,0.2370945,0.0,0.9991352,-0.00814908,0.04077673,0.0,0.9782508,-1.6683,-0.2577279,1.0,-0.04154607,-0.001752743,0.999135,0.0,-0.2369608,0.971485,-0.008149102,0.0,0.9706303,0.2370945,0.04077661,0.0,-0.1045207,1.683549,-0.9804904,1.0,1.0,1.0,-0.158608,-0.1021166,0.9820467,0.002109856,-0.001350098,-0.02902949,9.522223,574.0,-0.175,-0.15849999999999997
6.0,-0.1014327,-0.07717385,0.9999365,-0.2255542,-0.1397931,0.9999521,-0.1634932,-0.1084832,0.9999443,-0.0416733,-0.2369037,0.970639,0.0,-0.001653083,0.9714979,0.2370424,0.0,0.99913,-0.008273758,0.0408771,0.0,0.9777923,-1.668411,-0.2575054,1.0,-0.04167325,-0.001653104,0.9991298,0.0,-0.2369037,0.9714979,-0.008273791,0.0,0.9706389,0.2370424,0.04087714,0.0,-0.10456,1.683514,-0.9802194,1.0,1.0,1.0,-0.1580619,-0.1022477,0.9821211,0.00210981,-0.001357483,-0.02903395,9.544445,575.0,-0.175,-0.15849999999999997
6.0,-0.1003091,-0.07585875,0.999956,-0.2264626,-0.1433573,0.9999595,-0.1633858,-0.1096079,0.9999577,-0.0416925,-0.2369765,0.9706205,0.0,-0.001509652,0.9714789,0.2371213,0.0,0.9991295,-0.00842084,0.04086113,0.0,0.9774173,-1.668525,-0.257607,1.0,-0.04169248,-0.001509687,0.9991292,0.0,-0.2369765,0.9714789,-0.008420876,0.0,0.9706202,0.2371212,0.04086112,0.0,-0.1046116,1.683496,-0.9800906,1.0,1.0,1.0,-0.1579407,-0.1033049,0.9820299,0.00210962,-0.001361984,-0.0290466,9.555555,576.0,-0.175,-0.15849999999999997
6.0,-0.1000107,-0.07724544,0.9999107,-0.2269241,-0.1441013,0.9999141,-0.1634673,-0.1106732,0.9999126,-0.04189789,-0.2366177,0.9706992,0.0,-0.00160297,0.9715669,0.23676,0.0,0.9991207,-0.008363716,0.04108596,0.0,0.9773864,-1.668567,-0.2566871,1.0,-0.04189794,-0.00160301,0.9991205,0.0,-0.2366176,0.9715669,-0.008363742,0.0,0.9706988,0.23676,0.04108589,0.0,-0.1046959,1.683464,-0.9799359,1.0,1.0,1.0,-0.1580052,-0.1043122,0.981913,0.002109093,-0.001362877,-0.02905059,9.566667,577.0,-0.175,-0.15849999999999997
6.0,-0.09990387,-0.07767155,1.000055,-0.2266414,-0.144407,1.000051,-0.1632728,-0.1110394,1.000053,-0.04210603,-0.2364275,0.9707363,0.0,-0.001746818,0.971614,0.2365655,0.0,0.9991116,-0.00826513,0.04132378,0.0,0.9773837,-1.66849,-0.2562292,1.0,-0.04210601,-0.001746817,0.9991116,0.0,-0.2364275,0.9716139,-0.008265135,0.0,0.9707364,0.2365655,0.0413238,0.0,-0.1045923,1.683451,-0.9797173,1.0,1.0,1.0,-0.1577976,-0.104647,0.9819109,0.00210859,-0.001362877,-0.02904835,9.588889,578.0,-0.175,-0.15849999999999997
6.0,-0.09983684,-0.07743943,0.9999474,-0.2267902,-0.1442535,0.9999679,-0.1633132,-0.1108462,0.9999576,-0.04219007,-0.236477,0.9707207,0.0,-0.001996033,0.9716038,0.2366054,0.0,0.9991077,-0.008044779,0.04146397,0.0,0.9776478,-1.668292,-0.2560906,1.0,-0.04218999,-0.001996041,0.9991075,0.0,-0.236477,0.9716038,-0.008044806,0.0,0.9707207,0.2366053,0.04146405,0.0,-0.1046733,1.683463,-0.9795778,1.0,1.0,1.0,-0.1578527,-0.1044725,0.9819206,0.002108765,-0.001364296,-0.02904785,9.6,579.0,-0.175,-0.15849999999999997
6.0,-0.1008007,-0.07765083,0.9998845,-0.2278495,-0.1451545,0.9998877,-0.1643249,-0.1114025,0.999886,-0.04230845,-0.2363055,0.9707572,0.0,-0.002107725,0.9716462,0.2364301,0.0,0.9991024,-0.007956907,0.0416069,0.0,0.9775298,-1.668317,-0.2554442,1.0,-0.04230845,-0.002107716,0.9991025,0.0,-0.2363055,0.9716462,-0.007956902,0.0,0.9707573,0.2364301,0.04160692,0.0,-0.1049005,1.683469,-0.9792988,1.0,1.0,1.0,-0.1587958,-0.1049892,0.9817134,0.002109009,-0.001363419,-0.02904785,9.622223,580.0,-0.175,-0.15849999999999997
6.0,-0.1006914,-0.07787362,0.999908,-0.2279816,-0.1454883,0.9999214,-0.1643364,-0.1116808,0.9999146,-0.04236448,-0.2363442,0.9707455,0.0,-0.002242759,0.9716378,0.2364636,0.0,0.9990998,-0.007840477,0.04169297,0.0,0.9776053,-1.668244,-0.2553141,1.0,-0.04236445,-0.002242785,0.9990996,0.0,-0.2363442,0.9716377,-0.007840508,0.0,0.9707453,0.2364636,0.04169298,0.0,-0.1050192,1.683494,-0.9791602,1.0,1.0,1.0,-0.1587979,-0.1052504,0.9816851,0.00210894,-0.001361977,-0.02904711,9.633333,581.0,-0.175,-0.15849999999999997
6.0,-0.1005018,-0.07893112,0.9997633,-0.2293337,-0.1454499,0.999736,-0.1649182,-0.1121909,0.9997497,-0.0420109,-0.2361938,0.9707974,0.0,-0.002543218,0.9716774,0.2362979,0.0,0.9991139,-0.007458135,0.04142177,0.0,0.9778085,-1.667979,-0.2549885,1.0,-0.04201093,-0.002543228,0.9991139,0.0,-0.2361938,0.9716773,-0.007458135,0.0,0.9707974,0.2362978,0.04142173,0.0,-0.1053454,1.683477,-0.9788199,1.0,1.0,1.0,-0.1593571,-0.1057398,0.9815419,0.002109924,-0.001361107,-0.02904004,9.655556,582.0,-0.175,-0.15849999999999997
6.0,-0.1007298,-0.07891169,0.999917,-0.2300569,-0.1454601,0.9999214,-0.1653932,-0.1121859,0.9999192,-0.04195297,-0.2363569,0.9707602,0.0,-0.002559774,0.9716378,0.2364599,0.0,0.9991163,-0.00743527,0.04136813,0.0,0.9776978,-1.668001,-0.255227,1.0,-0.04195298,-0.002559777,0.9991164,0.0,-0.2363569,0.9716378,-0.00743527,0.0,0.9707602,0.2364599,0.04136812,0.0,-0.105462,1.683547,-0.9786777,1.0,1.0,1.0,-0.1597734,-0.1057114,0.9814773,0.002109542,-0.001360558,-0.02904015,9.666667,583.0,-0.175,-0.15849999999999997
6.0,-0.1016041,-0.07767045,0.9998921,-0.2301141,-0.145471,0.9998667,-0.1658596,-0.1115711,0.9998795,-0.04177332,-0.2363203,0.970777,0.0,-0.002549,0.971647,0.2364224,0.0,0.999124,-0.007401615,0.04119134,0.0,0.9775847,-1.66799,-0.255248,1.0,-0.04177334,-0.002549031,0.9991238,0.0,-0.2363203,0.971647,-0.007401637,0.0,0.9707768,0.2364224,0.04119129,0.0,-0.1055541,1.683536,-0.97856,1.0,1.0,1.0,-0.1602222,-0.1051277,0.9814668,0.002109505,-0.001360535,-0.02904128,9.677778,584.0,-0.175,-0.15849999999999997
6.0,-0.1016173,-0.07883976,0.9998977,-0.2310026,-0.1453978,0.9998902,-0.1663101,-0.1121189,0.999894,-0.04140699,-0.2366062,0.9707229,0.0,-0.002536617,0.9715779,0.2367064,0.0,0.9991391,-0.007338963,0.04083025,0.0,0.977318,-1.667934,-0.2559437,1.0,-0.04140696,-0.002536593,0.9991391,0.0,-0.2366063,0.9715779,-0.007338949,0.0,0.970723,0.2367065,0.0408303,0.0,-0.1057255,1.68359,-0.9782673,1.0,1.0,1.0,-0.1606293,-0.1056355,0.9813457,0.002108947,-0.001360558,-0.02904128,9.7,585.0,-0.175,-0.15849999999999997
6.0,-0.1017344,-0.07857253,0.9999412,-0.2316257,-0.1452387,0.9999269,-0.1666802,-0.1119058,0.999934,-0.04129922,-0.2366057,0.9707277,0.0,-0.002513409,0.9715781,0.236706,0.0,0.9991437,-0.007335946,0.04072011,0.0,0.977134,-1.667982,-0.2560026,1.0,-0.04129922,-0.002513401,0.9991435,0.0,-0.2366056,0.9715781,-0.007335938,0.0,0.9707276,0.236706,0.0407201,0.0,-0.1057903,1.683628,-0.9781088,1.0,1.0,1.0,-0.1609703,-0.1054247,0.9813125,0.002108803,-0.001360863,-0.02904363,9.711111,586.0,-0.175,-0.15849999999999997
6.0,-0.101602,-0.07737432,0.999773,-0.2317947,-0.1465174,0.9997562,-0.1666987,-0.1119461,0.9997646,-0.0411042,-0.2365777,0.9707428,0.0,-0.002341732,0.971584,0.2366835,0.0,0.9991521,-0.007455461,0.04049015,0.0,0.9766245,-1.668226,-0.2558651,1.0,-0.04110416,-0.002341731,0.9991521,0.0,-0.2365777,0.971584,-0.007455467,0.0,0.9707426,0.2366835,0.04049018,0.0,-0.1061424,1.683667,-0.9778737,1.0,1.0,1.0,-0.1610124,-0.1054789,0.9812998,0.002109077,-0.001360489,-0.02904404,9.733334,587.0,-0.175,-0.15849999999999997
6.0,-0.1014573,-0.07770148,0.9998919,-0.2318478,-0.1467676,0.9999127,-0.1666522,-0.1122342,0.9999022,-0.04130566,-0.2364819,0.9707575,0.0,-0.002412915,0.9716075,0.2365863,0.0,0.9991437,-0.007429995,0.04070354,0.0,0.9765665,-1.668284,-0.255369,1.0,-0.04130569,-0.002412925,0.9991436,0.0,-0.2364819,0.9716075,-0.007429997,0.0,0.9707575,0.2365863,0.0407035,0.0,-0.1062799,1.683691,-0.9777311,1.0,1.0,1.0,-0.1609445,-0.1057386,0.9812829,0.002109488,-0.001360016,-0.02904414,9.744445,588.0,-0.175,-0.15849999999999997
6.0,-0.1017558,-0.07801833,0.9997906,-0.2319066,-0.1482373,0.9998326,-0.1668305,-0.1131273,0.9998116,-0.04129922,-0.2365955,0.9707302,0.0,-0.002861723,0.9715831,0.2366816,0.0,0.9991428,-0.006996788,0.04080272,0.0,0.9769912,-1.667967,-0.2549739,1.0,-0.04129923,-0.002861744,0.9991426,0.0,-0.2365954,0.971583,-0.006996804,0.0,0.97073,0.2366816,0.04080269,0.0,-0.1067735,1.683712,-0.9774204,1.0,1.0,1.0,-0.1611093,-0.1065863,0.9811642,0.002110114,-0.001360008,-0.02904521,9.766667,589.0,-0.175,-0.15849999999999997
6.0,-0.1026769,-0.07720211,0.9998771,-0.2330019,-0.1480137,0.9998976,-0.1678391,-0.1126077,0.9998873,-0.04124546,-0.2368717,0.9706651,0.0,-0.003123842,0.9715176,0.236947,0.0,0.9991442,-0.006740764,0.04081059,0.0,0.9773168,-1.667654,-0.2552748,1.0,-0.0412454,-0.003123849,0.9991441,0.0,-0.2368717,0.9715176,-0.006740783,0.0,0.970665,0.236947,0.04081063,0.0,-0.1069238,1.683694,-0.9773036,1.0,1.0,1.0,-0.1620451,-0.1060718,0.9810659,0.002112648,-0.001360329,-0.02904754,9.777778,590.0,-0.175,-0.15849999999999997
6.0,-0.1034192,-0.07724084,0.9996284,-0.2332864,-0.1493188,0.9996446,-0.1683526,-0.1132795,0.9996365,-0.0411129,-0.2372045,0.9705894,0.0,-0.003421932,0.9714384,0.2372671,0.0,0.9991486,-0.006433442,0.04075027,0.0,0.9776987,-1.667306,-0.2554895,1.0,-0.04111282,-0.003421916,0.9991486,0.0,-0.2372045,0.9714384,-0.006433445,0.0,0.9705894,0.237267,0.04075035,0.0,-0.1073211,1.68365,-0.9771816,1.0,1.0,1.0,-0.1625521,-0.1067209,0.9809116,0.002115364,-0.001361572,-0.02904682,9.788889,591.0,-0.175,-0.15849999999999997
6.0,-0.1030428,-0.07705517,0.9997678,-0.2325759,-0.1494171,0.999783,-0.1678093,-0.1132358,0.9997754,-0.04096365,-0.2378227,0.9704445,0.0,-0.003843933,0.97129,0.2378677,0.0,0.9991533,-0.00601358,0.04070175,0.0,0.9782068,-1.666739,-0.2561643,1.0,-0.04096362,-0.003843952,0.9991531,0.0,-0.2378227,0.97129,-0.006013602,0.0,0.9704443,0.2378676,0.04070175,0.0,-0.1077242,1.68358,-0.9769751,1.0,1.0,1.0,-0.1620296,-0.1066745,0.981003,0.002118043,-0.001361954,-0.029044,9.811111,592.0,-0.175,-0.15849999999999997
6.0,-0.1028585,-0.07683793,0.9998593,-0.2311338,-0.1494718,0.9998752,-0.1669959,-0.1131547,0.9998672,-0.04085267,-0.2381881,0.9703594,0.0,-0.003937252,0.9712011,0.2382289,0.0,0.9991574,-0.00591173,0.04061389,0.0,0.9782588,-1.66654,-0.2567068,1.0,-0.0408526,-0.003937241,0.9991574,0.0,-0.2381881,0.971201,-0.005911735,0.0,0.9703594,0.2382289,0.04061396,0.0,-0.1078877,1.683552,-0.9768608,1.0,1.0,1.0,-0.1612639,-0.1066017,0.981137,0.002119981,-0.001362747,-0.02904312,9.822223,593.0,-0.175,-0.15849999999999997
6.0,-0.1032366,-0.07676607,0.9999166,-0.2319365,-0.1489789,0.9999207,-0.1675865,-0.1128724,0.9999187,-0.04048538,-0.2383665,0.9703311,0.0,-0.004037514,0.9711583,0.2384013,0.0,0.999172,-0.005734012,0.0402801,0.0,0.9781138,-1.666214,-0.2572636,1.0,-0.04048534,-0.004037537,0.9991719,0.0,-0.2383665,0.9711583,-0.00573404,0.0,0.9703309,0.2384013,0.04028011,0.0,-0.1079393,1.683438,-0.9764952,1.0,1.0,1.0,-0.1618089,-0.106319,0.9810781,0.002120079,-0.001364319,-0.02904311,9.844444,594.0,-0.175,-0.15849999999999997
6.0,-0.10367,-0.07580656,0.9999717,-0.2318954,-0.1491293,0.9999616,-0.167783,-0.1124681,0.9999667,-0.04033434,-0.2385133,0.9703014,0.0,-0.003955022,0.971122,0.2385506,0.0,0.9991785,-0.005784199,0.04011285,0.0,0.9779086,-1.666289,-0.2576586,1.0,-0.04033428,-0.003955031,0.9991782,0.0,-0.2385132,0.9711221,-0.005784218,0.0,0.9703012,0.2385506,0.04011288,0.0,-0.1079823,1.683502,-0.9764077,1.0,1.0,1.0,-0.1619917,-0.1059263,0.9810904,0.002120262,-0.001368637,-0.02903942,9.855556,595.0,-0.175,-0.15849999999999997
6.0,-0.1044713,-0.07510404,0.9998393,-0.2318499,-0.1485489,0.9998137,-0.168161,-0.1118269,0.9998266,-0.04018772,-0.2381501,0.9703966,0.0,-0.00380566,0.9712105,0.2381923,0.0,0.9991849,-0.005879395,0.03993702,0.0,0.9774196,-1.666439,-0.2569828,1.0,-0.04018768,-0.003805662,0.9991849,0.0,-0.2381501,0.9712105,-0.005879404,0.0,0.9703965,0.2381923,0.03993705,0.0,-0.1082073,1.683395,-0.9761575,1.0,1.0,1.0,-0.1623752,-0.1053281,0.9810913,0.002120553,-0.001370026,-0.02903695,9.877778,596.0,-0.175,-0.15849999999999997
6.0,-0.1046969,-0.07512333,0.9998387,-0.231892,-0.1486202,0.9998481,-0.1682942,-0.1118716,0.9998435,-0.04015183,-0.2383258,0.9703549,0.0,-0.003821701,0.9711676,0.2383672,0.0,0.9991863,-0.005862474,0.03990507,0.0,0.9772407,-1.66644,-0.2571415,1.0,-0.04015193,-0.003821726,0.9991863,0.0,-0.2383258,0.9711676,-0.005862477,0.0,0.9703549,0.2383672,0.03990497,0.0,-0.1083991,1.683422,-0.9759538,1.0,1.0,1.0,-0.1624964,-0.1053661,0.9810673,0.002120651,-0.001370995,-0.02903225,9.888889,597.0,-0.175,-0.15849999999999997
6.0,-0.1047634,-0.07799374,0.9998885,-0.2319191,-0.1484627,0.9999215,-0.1683407,-0.1132277,0.9999051,-0.04021537,-0.2384789,0.9703147,0.0,-0.004329272,0.9711327,0.2385005,0.0,0.9991817,-0.005390629,0.04008687,0.0,0.977931,-1.665959,-0.2570513,1.0,-0.04021533,-0.004329265,0.9991816,0.0,-0.2384789,0.9711328,-0.005390631,0.0,0.9703147,0.2385005,0.0400869,0.0,-0.1085477,1.683408,-0.9758068,1.0,1.0,1.0,-0.1625089,-0.1066392,0.9809276,0.002120728,-0.001370048,-0.02902805,9.900001,598.0,-0.175,-0.15849999999999997
6.0,-0.1058829,-0.07496552,0.999916,-0.2341182,-0.1490625,0.9999355,-0.1700002,-0.1120135,0.9999257,-0.04016376,-0.2388632,0.9702224,0.0,-0.005439393,0.9710436,0.2388402,0.0,0.9991785,-0.004315272,0.04030001,0.0,0.9796671,-1.664802,-0.2573436,1.0,-0.04016372,-0.005439413,0.9991781,0.0,-0.2388631,0.9710436,-0.004315297,0.0,0.9702221,0.2388402,0.04030002,0.0,-0.1086323,1.683389,-0.975675,1.0,1.0,1.0,-0.1640675,-0.1054682,0.9807948,0.002121193,-0.001367905,-0.02901586,9.922222,599.0,-0.175,-0.15849999999999997
6.0,-0.106597,-0.0762568,0.9998845,-0.2341185,-0.1494012,0.9998929,-0.1703576,-0.1128289,0.9998887,-0.03988707,-0.2392108,0.970148,0.0,-0.006045118,0.9709607,0.2391627,0.0,0.9991859,-0.003674842,0.04017484,0.0,0.9806067,-1.664026,-0.2578889,1.0,-0.03988707,-0.006045117,0.9991859,0.0,-0.2392108,0.9709607,-0.003674839,0.0,0.970148,0.2391627,0.04017483,0.0,-0.1087492,1.683309,-0.9755628,1.0,1.0,1.0,-0.1643956,-0.1062322,0.9806574,0.002122719,-0.001372315,-0.02899799,9.933333,600.0,-0.175,-0.15849999999999997
6.0,-0.1060921,-0.07458008,0.9999211,-0.23469,-0.1490957,0.9999501,-0.1703906,-0.1118373,0.9999357,-0.03980708,-0.2395761,0.9700612,0.0,-0.006435238,0.970872,0.2395123,0.0,0.9991866,-0.003291734,0.04018939,0.0,0.9811301,-1.663566,-0.2583653,1.0,-0.03980716,-0.006435233,0.9991867,0.0,-0.2395761,0.9708719,-0.003291711,0.0,0.9700612,0.2395123,0.04018931,0.0,-0.1088645,1.683305,-0.9754245,1.0,1.0,1.0,-0.1644396,-0.1052902,0.9807515,0.00212484,-0.001376351,-0.02898366,9.944445,601.0,-0.175,-0.15849999999999997
6.0,-0.1054098,-0.0748075,0.9998161,-0.2344256,-0.1494077,0.9997706,-0.1699185,-0.1121085,0.9997934,-0.03920531,-0.2394486,0.9701172,0.0,-0.006465338,0.9709041,0.2393816,0.0,0.9992104,-0.003112853,0.03961265,0.0,0.9810716,-1.663427,-0.2584848,1.0,-0.03920523,-0.006465362,0.9992101,0.0,-0.2394486,0.9709041,-0.003112894,0.0,0.9701172,0.2393816,0.03961271,0.0,-0.1090815,1.683247,-0.9752355,1.0,1.0,1.0,-0.1640237,-0.1055677,0.9807914,0.002128829,-0.00137661,-0.02897806,9.966667,602.0,-0.175,-0.15849999999999997
6.0,-0.104973,-0.07567541,0.9999023,-0.2344687,-0.150195,0.9998875,-0.169721,-0.1129355,0.9998949,-0.03900588,-0.2396758,0.9700692,0.0,-0.00621701,0.9708473,0.2396181,0.0,0.9992197,-0.003315561,0.03935885,0.0,0.9805937,-1.663581,-0.2590459,1.0,-0.0390059,-0.006217041,0.9992195,0.0,-0.2396758,0.9708474,-0.003315582,0.0,0.9700691,0.2396181,0.03935881,0.0,-0.1091788,1.683252,-0.9751483,1.0,1.0,1.0,-0.1638127,-0.1063402,0.9807432,0.002130027,-0.001376923,-0.02897473,9.977778,603.0,-0.175,-0.15849999999999997
6.0,-0.1046312,-0.0754579,0.9999443,-0.2348356,-0.1503437,0.9999279,-0.1697336,-0.1129011,0.999936,-0.03854144,-0.2398073,0.9700552,0.0,-0.005677901,0.9708133,0.2397692,0.0,0.9992409,-0.003733158,0.03877819,0.0,0.9797465,-1.663946,-0.2597642,1.0,-0.03854147,-0.005677923,0.9992408,0.0,-0.2398073,0.9708133,-0.003733171,0.0,0.9700552,0.2397692,0.03877814,0.0,-0.1092801,1.683228,-0.9751413,1.0,1.0,1.0,-0.1638208,-0.1063003,0.9807461,0.002131683,-0.001380737,-0.0289699,10.0,604.0,-0.175,-0.15849999999999997
6.0,-0.105241,-0.07451348,0.9999781,-0.2351798,-0.1497533,0.9999713,-0.1702106,-0.1121335,0.9999747,-0.03844965,-0.2399128,0.9700327,0.0,-0.005563997,0.9707869,0.2398788,0.0,0.999245,-0.003825992,0.03866124,0.0,0.9795079,-1.664018,-0.260047,1.0,-0.0384496,-0.005563988,0.999245,0.0,-0.2399128,0.9707869,-0.003825995,0.0,0.9700327,0.2398788,0.03866129,0.0,-0.1093033,1.683236,-0.9750812,1.0,1.0,1.0,-0.1642709,-0.1055609,0.9807507,0.002132295,-0.001385491,-0.02896805,10.01111,605.0,-0.175,-0.15849999999999997
6.0,-0.1057978,-0.07451582,0.9999298,-0.2346144,-0.1503254,0.9999316,-0.1702062,-0.1124208,0.9999306,-0.03845644,-0.2399577,0.9700214,0.0,-0.005468167,0.9707754,0.2399274,0.0,0.9992453,-0.003922522,0.03864467,0.0,0.9793135,-1.664118,-0.2600741,1.0,-0.03845641,-0.005468155,0.9992454,0.0,-0.2399576,0.9707753,-0.003922516,0.0,0.9700212,0.2399274,0.03864469,0.0,-0.1093795,1.683238,-0.9750515,1.0,1.0,1.0,-0.164271,-0.1058348,0.9807212,0.002133858,-0.001387238,-0.02896565,10.02222,606.0,-0.175,-0.15849999999999997
6.0,-0.1063807,-0.0793958,0.9999348,-0.2357556,-0.1507394,0.9999523,-0.1710678,-0.1150672,0.9999435,-0.03883016,-0.2398179,0.970041,0.0,-0.005568624,0.97081,0.2397851,0.0,0.9992303,-0.003909104,0.03903222,0.0,0.9793885,-1.66417,-0.2592297,1.0,-0.03883022,-0.005568635,0.9992303,0.0,-0.2398179,0.9708099,-0.003909101,0.0,0.970041,0.2397851,0.03903216,0.0,-0.1096044,1.683206,-0.9750218,1.0,1.0,1.0,-0.1650251,-0.1083088,0.9803244,0.002134834,-0.001391373,-0.02896047,10.04445,607.0,-0.175,-0.15849999999999997
6.0,-0.1050365,-0.07901117,0.9998074,-0.2379579,-0.1501965,0.9998843,-0.1714958,-0.1146026,0.9998459,-0.03927636,-0.2400503,0.9699656,0.0,-0.005635545,0.9707524,0.2400168,0.0,0.9992125,-0.003960699,0.03948045,0.0,0.9793704,-1.664165,-0.2589318,1.0,-0.03927637,-0.00563555,0.9992124,0.0,-0.2400503,0.9707524,-0.003960702,0.0,0.9699655,0.2400168,0.03948043,0.0,-0.1098623,1.68316,-0.9749676,1.0,1.0,1.0,-0.1654496,-0.1078704,0.9803011,0.002138969,-0.001395775,-0.02895385,10.05556,608.0,-0.175,-0.15849999999999997
6.0,-0.1037845,-0.07862933,0.9999856,-0.2371763,-0.1501302,1.000034,-0.1704796,-0.114379,1.00001,-0.03973353,-0.2404628,0.9698449,0.0,-0.005910955,0.9706509,0.2404205,0.0,0.9991929,-0.003820024,0.03998876,0.0,0.9798476,-1.663942,-0.258999,1.0,-0.03973352,-0.005910976,0.9991927,0.0,-0.2404628,0.9706509,-0.003820044,0.0,0.9698447,0.2404205,0.03998874,0.0,-0.1099944,1.683167,-0.9750558,1.0,1.0,1.0,-0.1644922,-0.1076599,0.9804854,0.002145569,-0.001396301,-0.02895405,10.07778,609.0,-0.175,-0.15849999999999997
6.0,-0.1035165,-0.07880679,0.9998194,-0.2368998,-0.1498552,0.9998719,-0.1702072,-0.1143302,0.9998456,-0.03991914,-0.2407339,0.96977,0.0,-0.006197982,0.9705845,0.240681,0.0,0.9991838,-0.003597148,0.04023695,0.0,0.9803515,-1.663623,-0.2589758,1.0,-0.03991912,-0.006197992,0.9991836,0.0,-0.2407339,0.9705845,-0.00359716,0.0,0.9697698,0.240681,0.04023695,0.0,-0.1102087,1.683093,-0.9751151,1.0,1.0,1.0,-0.1642687,-0.1076339,0.9805258,0.002148818,-0.001397301,-0.02895362,10.08889,610.0,-0.175,-0.15849999999999997
6.0,-0.1041417,-0.0784096,0.9999498,-0.2368676,-0.149948,0.9999535,-0.1705046,-0.1141788,0.9999516,-0.04030478,-0.240626,0.9697808,0.0,-0.00603871,0.9706103,0.2405809,0.0,0.9991692,-0.003840312,0.04057336,0.0,0.9800801,-1.664042,-0.258361,1.0,-0.04030482,-0.006038744,0.9991692,0.0,-0.240626,0.9706104,-0.003840333,0.0,0.9697806,0.2405808,0.04057331,0.0,-0.1103564,1.683212,-0.9751738,1.0,1.0,1.0,-0.1645324,-0.1074741,0.9804991,0.00215042,-0.001398819,-0.02895194,10.11111,611.0,-0.175,-0.15849999999999997
6.0,-0.1041293,-0.07806828,0.9998853,-0.2368118,-0.1498352,0.9998538,-0.1704711,-0.1139522,0.9998696,-0.04025805,-0.2404164,0.9698347,0.0,-0.005700462,0.970661,0.2403846,0.0,0.999173,-0.004148908,0.04044735,0.0,0.9794462,-1.664456,-0.2580618,1.0,-0.04025801,-0.005700453,0.9991731,0.0,-0.2404164,0.970661,-0.004148912,0.0,0.9698346,0.2403846,0.04044741,0.0,-0.1104547,1.68324,-0.975104,1.0,1.0,1.0,-0.1645175,-0.1072691,0.980524,0.00215042,-0.001399063,-0.02895309,10.12222,612.0,-0.175,-0.15849999999999997
6.0,-0.1041482,-0.07841253,0.9999956,-0.2361403,-0.1501784,0.9999661,-0.1701447,-0.114296,0.999981,-0.04031849,-0.2399896,0.969938,0.0,-0.005505644,0.9707658,0.2399656,0.0,0.9991719,-0.004334882,0.04046106,0.0,0.9790853,-1.664736,-0.2573597,1.0,-0.04031843,-0.005505668,0.9991716,0.0,-0.2399896,0.9707658,-0.004334919,0.0,0.9699376,0.2399656,0.0404611,0.0,-0.1104214,1.683217,-0.9750777,1.0,1.0,1.0,-0.164192,-0.1075877,0.9805437,0.00215042,-0.001398651,-0.02895351,10.13333,613.0,-0.175,-0.15849999999999997
6.0,-0.104131,-0.0797238,1.000011,-0.2355307,-0.1502337,1.000018,-0.1698306,-0.1149786,1.000015,-0.04042137,-0.2397517,0.9699925,0.0,-0.005463295,0.9708243,0.2397297,0.0,0.9991679,-0.004390836,0.0405519,0.0,0.9790227,-1.664934,-0.2568216,1.0,-0.04042137,-0.00546331,0.9991677,0.0,-0.2397517,0.9708243,-0.004390846,0.0,0.9699922,0.2397297,0.04055187,0.0,-0.1104824,1.683275,-0.9751037,1.0,1.0,1.0,-0.1638841,-0.108234,0.980524,0.00215042,-0.001397194,-0.02895403,10.15556,614.0,-0.175,-0.15849999999999997
6.0,-0.1035116,-0.07777642,0.9999492,-0.2364345,-0.1511996,0.9999182,-0.1699737,-0.1144886,0.9999337,-0.04037678,-0.2393794,0.9700862,0.0,-0.005558297,0.9709167,0.239353,0.0,0.9991691,-0.004272252,0.04053307,0.0,0.9792101,-1.664939,-0.2561769,1.0,-0.04037681,-0.005558329,0.9991691,0.0,-0.2393794,0.9709166,-0.004272277,0.0,0.9700862,0.239353,0.04053304,0.0,-0.1105011,1.683277,-0.9751259,1.0,1.0,1.0,-0.1640308,-0.107778,0.9805497,0.002144364,-0.001397118,-0.02895928,10.16667,615.0,-0.175,-0.15849999999999997
6.0,-0.1032522,-0.07836863,0.9998697,-0.2372338,-0.1515603,0.9998847,-0.1702428,-0.1149643,0.9998773,-0.04056156,-0.2392503,0.9701104,0.0,-0.005885772,0.9709497,0.2392113,0.0,0.9991598,-0.003992908,0.04079139,0.0,0.9797661,-1.664739,-0.2554989,1.0,-0.04056153,-0.005885792,0.9991596,0.0,-0.2392503,0.9709496,-0.003992931,0.0,0.9701104,0.2392112,0.0407914,0.0,-0.1106864,1.683263,-0.9751677,1.0,1.0,1.0,-0.1642745,-0.1082308,0.980459,0.002138382,-0.001392304,-0.02896385,10.18889,616.0,-0.175,-0.15849999999999997
6.0,-0.1040661,-0.07889758,0.9999876,-0.2362734,-0.1515859,1.000018,-0.1701693,-0.1152412,1.000003,-0.04070377,-0.2393843,0.9700714,0.0,-0.005953178,0.9709168,0.2393431,0.0,0.9991536,-0.003967121,0.04094505,0.0,0.9798316,-1.664699,-0.255536,1.0,-0.04070374,-0.005953209,0.9991534,0.0,-0.2393842,0.9709167,-0.003967159,0.0,0.9700713,0.2393431,0.04094506,0.0,-0.1107318,1.683278,-0.9751433,1.0,1.0,1.0,-0.1641821,-0.1084807,0.9804469,0.002137207,-0.001392304,-0.02896137,10.2,617.0,-0.175,-0.15849999999999997
6.0,-0.1029162,-0.07861502,0.9999944,-0.2376875,-0.1522349,1.00002,-0.1703013,-0.1154245,1.000007,-0.04111218,-0.2393294,0.9700677,0.0,-0.005882494,0.9709296,0.2392928,0.0,0.9991372,-0.004131407,0.04132485,0.0,0.9796448,-1.664896,-0.2550488,1.0,-0.04111214,-0.005882509,0.9991372,0.0,-0.2393294,0.9709297,-0.00413143,0.0,0.9700676,0.2392928,0.04132489,0.0,-0.1107686,1.683291,-0.9751381,1.0,1.0,1.0,-0.1643002,-0.1086507,0.9804083,0.002136727,-0.001392304,-0.02896153,10.22222,618.0,-0.175,-0.15849999999999997
6.0,-0.1029226,-0.08033094,1.000035,-0.237747,-0.1520209,1.000007,-0.1703353,-0.1161764,1.000021,-0.04100358,-0.239159,0.9701143,0.0,-0.005862489,0.9709717,0.2391225,0.0,0.9991419,-0.004117586,0.04121542,0.0,0.9796327,-1.664941,-0.254924,1.0,-0.04100361,-0.005862507,0.9991417,0.0,-0.239159,0.9709717,-0.004117596,0.0,0.9701143,0.2391225,0.04121538,0.0,-0.1107116,1.683312,-0.9751407,1.0,1.0,1.0,-0.1643163,-0.1093564,0.9803271,0.002136582,-0.001392273,-0.02896198,10.23333,619.0,-0.175,-0.15849999999999997
6.0,-0.1034511,-0.08061325,0.9999852,-0.2380171,-0.1515172,1.000002,-0.1707339,-0.116065,0.9999934,-0.04110765,-0.2390908,0.9701267,0.0,-0.006130643,0.9709895,0.2390437,0.0,0.9991359,-0.003879026,0.04138088,0.0,0.9800429,-1.664741,-0.2546031,1.0,-0.04110765,-0.006130644,0.9991359,0.0,-0.2390908,0.9709895,-0.003879024,0.0,0.9701266,0.2390437,0.04138087,0.0,-0.1107398,1.683315,-0.9751179,1.0,1.0,1.0,-0.1646934,-0.1092439,0.9802765,0.002136848,-0.001396683,-0.02895502,10.24444,620.0,-0.175,-0.15849999999999997
6.0,-0.1030814,-0.0805315,1.000021,-0.2381456,-0.1512246,1.000006,-0.1706136,-0.1158781,1.000014,-0.04115474,-0.2387366,0.970212,0.0,-0.006436311,0.9710778,0.2386766,0.0,0.9991322,-0.003578044,0.04150105,0.0,0.9805611,-1.664442,-0.2540098,1.0,-0.04115473,-0.006436354,0.9991319,0.0,-0.2387365,0.9710777,-0.003578087,0.0,0.9702117,0.2386766,0.04150102,0.0,-0.110565,1.68324,-0.9751237,1.0,1.0,1.0,-0.1645815,-0.1090682,0.9803148,0.002136238,-0.001396904,-0.02895493,10.26667,621.0,-0.175,-0.15849999999999997
6.0,-0.1024448,-0.07890779,0.9999954,-0.2384031,-0.1514934,0.999998,-0.1704238,-0.1152005,0.9999968,-0.04114223,-0.2387569,0.9702075,0.0,-0.006527841,0.9710731,0.2386931,0.0,0.999132,-0.003486998,0.0415107,0.0,0.9807248,-1.664331,-0.2540216,1.0,-0.04114225,-0.006527855,0.999132,0.0,-0.2387569,0.9710732,-0.003487006,0.0,0.9702074,0.2386931,0.04151067,0.0,-0.1105677,1.683223,-0.9751325,1.0,1.0,1.0,-0.1644201,-0.1084343,0.9804122,0.002136421,-0.001397949,-0.0289543,10.27778,622.0,-0.175,-0.15849999999999997
6.0,-0.1028098,-0.07913335,0.9999522,-0.2385477,-0.1514267,0.9999672,-0.1706786,-0.11528,0.9999598,-0.04136014,-0.2388964,0.9701639,0.0,-0.006902203,0.9710398,0.2388179,0.0,0.9991206,-0.003181234,0.04181123,0.0,0.9812446,-1.664022,-0.2536255,1.0,-0.04136009,-0.006902231,0.9991203,0.0,-0.2388964,0.9710399,-0.00318127,0.0,0.9701637,0.2388178,0.04181124,0.0,-0.1108861,1.683174,-0.9750707,1.0,1.0,1.0,-0.1646613,-0.1085079,0.9803635,0.00213633,-0.001398956,-0.02894908,10.3,623.0,-0.175,-0.15849999999999997
6.0,-0.1022744,-0.08028153,0.9997444,-0.2382894,-0.1518448,0.9997122,-0.1702825,-0.1160636,0.9997283,-0.0411247,-0.2389254,0.9701667,0.0,-0.006797515,0.9710326,0.2388505,0.0,0.9991309,-0.003227919,0.04155755,0.0,0.9811128,-1.664192,-0.253695,1.0,-0.04112472,-0.006797532,0.9991309,0.0,-0.2389254,0.9710326,-0.003227932,0.0,0.9701666,0.2388504,0.04155752,0.0,-0.1111432,1.683249,-0.9750891,1.0,1.0,1.0,-0.1643177,-0.109276,0.9803359,0.002137482,-0.001399551,-0.02894817,10.31111,624.0,-0.175,-0.15849999999999997
6.0,-0.1021425,-0.07940152,0.9999503,-0.2373856,-0.1518238,0.9999645,-0.1697638,-0.1156125,0.9999574,-0.04114878,-0.2389534,0.9701588,0.0,-0.007104866,0.9710266,0.2388658,0.0,0.9991279,-0.002936162,0.04165435,0.0,0.9815643,-1.66391,-0.2535663,1.0,-0.04114882,-0.007104903,0.9991277,0.0,-0.2389534,0.9710266,-0.002936188,0.0,0.9701588,0.2388658,0.04165429,0.0,-0.1112071,1.683243,-0.9750316,1.0,1.0,1.0,-0.1638103,-0.1088355,0.9804698,0.002137734,-0.001401093,-0.02894064,10.32222,625.0,-0.175,-0.15849999999999997
6.0,-0.1027695,-0.07885851,0.9998389,-0.2364163,-0.1516309,0.9998451,-0.1695929,-0.1152445,0.9998419,-0.04104173,-0.2391574,0.970113,0.0,-0.007272124,0.9709769,0.2390627,0.0,0.999131,-0.002756767,0.04158974,0.0,0.9818642,-1.663721,-0.2537954,1.0,-0.04104172,-0.007272119,0.999131,0.0,-0.2391574,0.9709769,-0.002756766,0.0,0.970113,0.2390627,0.04158976,0.0,-0.1113836,1.683248,-0.9750421,1.0,1.0,1.0,-0.1636753,-0.1085025,0.9805292,0.002137123,-0.001402618,-0.02894002,10.33333,626.0,-0.175,-0.15849999999999997
6.0,-0.1027395,-0.07894265,1.000101,-0.2364344,-0.1517794,1.000075,-0.1695875,-0.1153614,1.000088,-0.04061961,-0.239257,0.9701062,0.0,-0.007370718,0.9709529,0.2391572,0.0,0.9991475,-0.00256408,0.04120314,0.0,0.9820638,-1.663534,-0.254403,1.0,-0.04061953,-0.00737071,0.9991475,0.0,-0.239257,0.9709528,-0.002564094,0.0,0.9701063,0.2391572,0.04120323,0.0,-0.1113233,1.683294,-0.9750099,1.0,1.0,1.0,-0.1636309,-0.1085876,0.9805273,0.002136987,-0.001402939,-0.02893866,10.35556,627.0,-0.175,-0.15849999999999997
6.0,-0.1025693,-0.08013136,0.999971,-0.2366204,-0.1526251,0.9999616,-0.1695948,-0.1163785,0.9999663,-0.04030776,-0.2391616,0.9701428,0.0,-0.007475168,0.9709768,0.2390566,0.0,0.9991594,-0.002383851,0.04092574,0.0,0.9823197,-1.663321,-0.2545828,1.0,-0.04030783,-0.00747519,0.9991593,0.0,-0.2391616,0.9709768,-0.002383856,0.0,0.9701428,0.2390566,0.04092567,0.0,-0.1112256,1.683248,-0.97504,1.0,1.0,1.0,-0.1636395,-0.1095565,0.980418,0.002137536,-0.001403809,-0.02893833,10.37778,628.0,-0.175,-0.15849999999999997
6.0,-0.1024812,-0.07983084,0.9998223,-0.236966,-0.1529884,0.9997749,-0.1697242,-0.1164106,0.9997987,-0.03988695,-0.2392403,0.9701407,0.0,-0.007543653,0.9709579,0.2391316,0.0,0.9991757,-0.002219826,0.0405333,0.0,0.9825704,-1.663115,-0.2549485,1.0,-0.03988696,-0.007543657,0.9991757,0.0,-0.2392403,0.9709579,-0.002219827,0.0,0.9701408,0.2391317,0.0405333,0.0,-0.1113564,1.683193,-0.9751184,1.0,1.0,1.0,-0.1637841,-0.1096015,0.9803888,0.00213668,-0.001403938,-0.02893624,10.38889,629.0,-0.175,-0.15849999999999997
6.0,-0.1036481,-0.07647337,1.000017,-0.2370084,-0.1530999,0.9999704,-0.170329,-0.1147873,0.9999937,-0.03954422,-0.2388549,0.9702498,0.0,-0.007672019,0.9710532,0.23874,0.0,0.9991885,-0.001996964,0.04023206,0.0,0.982899,-1.663137,-0.2545896,1.0,-0.03954422,-0.007672069,0.9991882,0.0,-0.2388549,0.9710532,-0.001997012,0.0,0.9702497,0.23874,0.04023204,0.0,-0.1113649,1.683316,-0.9751798,1.0,1.0,1.0,-0.1643604,-0.1080537,0.9804642,0.002157784,-0.001391235,-0.02894663,10.41111,630.0,-0.175,-0.15849999999999997
6.0,-0.1048871,-0.07834871,0.9999724,-0.2372169,-0.1540428,0.9999638,-0.171052,-0.116196,0.9999682,-0.03944826,-0.238869,0.9702502,0.0,-0.007766448,0.97105,0.2387501,0.0,0.9991915,-0.001882873,0.04016137,0.0,0.9830859,-1.663074,-0.2546544,1.0,-0.03944823,-0.007766448,0.9991915,0.0,-0.238869,0.97105,-0.001882878,0.0,0.9702501,0.2387501,0.0401614,0.0,-0.1113973,1.683362,-0.9751952,1.0,1.0,1.0,-0.165006,-0.1093736,0.9802094,0.002150384,-0.001389076,-0.02893392,10.42222,631.0,-0.175,-0.15849999999999997
6.0,-0.1047017,-0.08316542,1.000137,-0.2374199,-0.1543305,1.000086,-0.1710616,-0.1187488,1.000111,-0.03929579,-0.2384314,0.970364,0.0,-0.007796809,0.9711577,0.2383107,0.0,0.9991972,-0.001798868,0.04002142,0.0,0.983172,-1.663089,-0.2542278,1.0,-0.03929579,-0.007796806,0.9991972,0.0,-0.2384314,0.9711577,-0.001798863,0.0,0.970364,0.2383107,0.04002141,0.0,-0.1112046,1.683372,-0.9751998,1.0,1.0,1.0,-0.164948,-0.1117606,0.9799499,0.002150384,-0.00138871,-0.02893366,10.43333,632.0,-0.175,-0.15849999999999997
6.0,-0.1042079,-0.08262578,1.000035,-0.2423658,-0.1545963,1.000023,-0.1732871,-0.1186114,1.000029,-0.03898025,-0.2381115,0.9704553,0.0,-0.008002214,0.9712366,0.2379818,0.0,0.999208,-0.001510769,0.0397644,0.0,0.9836159,-1.662886,-0.2540016,1.0,-0.03898018,-0.008002227,0.9992079,0.0,-0.2381115,0.9712367,-0.001510797,0.0,0.9704553,0.2379818,0.03976446,0.0,-0.1111135,1.683374,-0.9752489,1.0,1.0,1.0,-0.1670329,-0.1115994,0.979615,0.002159392,-0.001390778,-0.02893129,10.45556,633.0,-0.175,-0.15849999999999997
6.0,-0.1035175,-0.08239399,1.00001,-0.2416177,-0.1544857,0.9999889,-0.172568,-0.1184403,0.9999992,-0.03887582,-0.2380359,0.9704781,0.0,-0.007968582,0.9712552,0.2379073,0.0,0.9992123,-0.001515493,0.03965509,0.0,0.9836181,-1.662923,-0.2540074,1.0,-0.03887575,-0.007968583,0.9992123,0.0,-0.2380359,0.9712551,-0.001515507,0.0,0.9704779,0.2379073,0.03965515,0.0,-0.1110878,1.68339,-0.9752907,1.0,1.0,1.0,-0.1663823,-0.1114538,0.9797423,0.002167328,-0.001391159,-0.02893045,10.46667,634.0,-0.175,-0.15849999999999997
2.0,-0.01796593,-0.1586905,0.9998981,-0.1517326,-0.2249113,0.9998814,-0.08484951,-0.1918012,0.9998897,-0.03864527,-0.2412389,0.969696,0.0,0.01381318,0.9701992,0.2419146,0.0,0.9991575,-0.02274343,0.03416133,0.0,0.9831424,-1.679394,-0.2768874,1.0,-0.03864526,0.01381318,0.9991574,0.0,-0.2412389,0.9701993,-0.02274344,0.0,0.9696959,0.2419146,0.03416133,0.0,-0.09864464,1.682749,-1.01105,1.0,1.0,1.0,-0.08237,-0.1811239,0.9800048,0.001639847,-0.001618797,-0.02912876,14.21111,865.0,-0.0875,-0.246
2.0,-0.01715488,-0.1611099,0.9999307,-0.1518208,-0.2273729,0.9999673,-0.08448718,-0.1942409,0.999949,-0.03885627,-0.2413608,0.9696573,0.0,0.01379398,0.9701681,0.2420406,0.0,0.9991497,-0.02278022,0.0343678,0.0,0.9832107,-1.679414,-0.2768012,1.0,-0.03885628,0.01379397,0.9991494,0.0,-0.2413607,0.9701681,-0.02278023,0.0,0.9696572,0.2420407,0.03436777,0.0,-0.09873845,1.682749,-1.011119,1.0,1.0,1.0,-0.08198772,-0.1833752,0.9796181,0.001639847,-0.001607491,-0.02912837,14.22222,866.0,-0.0875,-0.246
2.0,-0.01523855,-0.1637042,0.9998934,-0.1527566,-0.2254596,0.9998318,-0.08399869,-0.1945826,0.9998626,-0.03841436,-0.2414685,0.9696481,0.0,0.01409244,0.9701368,0.2421485,0.0,0.9991626,-0.02296667,0.03386438,0.0,0.9830149,-1.679503,-0.2773742,1.0,-0.03841443,0.01409241,0.9991626,0.0,-0.2414685,0.9701369,-0.02296669,0.0,0.969648,0.2421485,0.0338643,0.0,-0.09882991,1.682661,-1.011371,1.0,1.0,1.0,-0.08152723,-0.1837113,0.9795935,0.001639412,-0.001608124,-0.02912725,14.23333,867.0,-0.0875,-0.246
2.0,-0.01737885,-0.1640483,0.999789,-0.1543549,-0.2237509,0.9997832,-0.08586675,-0.1938995,0.9997861,-0.03832817,-0.2416717,0.9696008,0.0,0.01431077,0.9700816,0.2423572,0.0,0.9991627,-0.02316485,0.03372288,0.0,0.9827293,-1.679654,-0.2776286,1.0,-0.03832811,0.0143108,0.9991628,0.0,-0.2416717,0.9700816,-0.02316484,0.0,0.9696009,0.2423572,0.03372294,0.0,-0.09906971,1.682623,-1.011453,1.0,1.0,1.0,-0.08330462,-0.1830696,0.9795641,0.001634217,-0.001607773,-0.02912485,14.25556,868.0,-0.0875,-0.246
2.0,-0.01757973,-0.1642239,0.9999583,-0.1555161,-0.2235213,0.9999097,-0.08654897,-0.1938733,0.999934,-0.03772354,-0.2422095,0.9694905,0.0,0.01482397,0.9699385,0.2428983,0.0,0.9991783,-0.02353466,0.03299904,0.0,0.9821081,-1.679877,-0.279101,1.0,-0.03772356,0.01482395,0.9991781,0.0,-0.2422095,0.9699385,-0.02353467,0.0,0.9694903,0.2428982,0.032999,0.0,-0.09924791,1.682612,-1.011626,1.0,1.0,1.0,-0.08393532,-0.1830101,0.9795214,0.00163118,-0.001607811,-0.02912696,14.27778,869.0,-0.0875,-0.246
2.0,-0.01742371,-0.1643308,1.000012,-0.1542707,-0.2238521,0.9999581,-0.08584838,-0.1940922,0.9999851,-0.03738189,-0.2421744,0.9695124,0.0,0.01502456,0.9699446,0.2428617,0.0,0.9991881,-0.02364511,0.03261983,0.0,0.9820358,-1.68001,-0.2794445,1.0,-0.03738192,0.01502454,0.9991881,0.0,-0.2421744,0.9699445,-0.02364512,0.0,0.9695123,0.2428616,0.03261979,0.0,-0.09922005,1.682628,-1.011847,1.0,1.0,1.0,-0.0832652,-0.1832135,0.9795406,0.001630439,-0.001607048,-0.02912697,14.28889,870.0,-0.0875,-0.246
2.0,-0.01742346,-0.164329,1.0,-0.154276,-0.2238611,1.0,-0.08584984,-0.1940951,1.0,-0.03738189,-0.2421744,0.9695124,0.0,0.01502456,0.9699446,0.2428617,0.0,0.9991881,-0.02364511,0.03261983,0.0,0.9820358,-1.68001,-0.2794445,1.0,-0.03738192,0.01502454,0.9991881,0.0,-0.2421744,0.9699445,-0.02364512,0.0,0.9695123,0.2428616,0.03261979,0.0,-0.09922005,1.682628,-1.011847,1.0,1.0,1.0,-0.0832652,-0.1832135,0.9795406,0.001630439,-0.001607048,-0.02912697,14.3,871.0,-0.0875,-0.246
2.0,-0.01786846,-0.1646111,0.9999056,-0.1537648,-0.2241531,0.9998624,-0.08581734,-0.1943826,0.9998841,-0.03701591,-0.2416651,0.9696535,0.0,0.01529536,0.9700677,0.2423522,0.0,0.9991976,-0.02380208,0.03221154,0.0,0.9817327,-1.680318,-0.2789078,1.0,-0.03701586,0.01529537,0.9991977,0.0,-0.2416651,0.9700678,-0.02380209,0.0,0.9696534,0.2423522,0.03221159,0.0,-0.09929066,1.682601,-1.011956,1.0,1.0,1.0,-0.08323684,-0.1834992,0.9794894,0.001627739,-0.001605972,-0.0291268,14.32222,872.0,-0.0875,-0.246
2.0,-0.01917429,-0.1651339,1.00004,-0.1542371,-0.2251928,1.000039,-0.08670571,-0.1951634,1.00004,-0.03715563,-0.2414179,0.9697097,0.0,0.01542746,0.9701255,0.2421126,0.0,0.9991904,-0.02395601,0.0323211,0.0,0.9815697,-1.68065,-0.278467,1.0,-0.03715557,0.01542748,0.9991904,0.0,-0.2414179,0.9701256,-0.02395601,0.0,0.9697096,0.2421126,0.03232116,0.0,-0.09923603,1.682718,-1.012036,1.0,1.0,1.0,-0.08405294,-0.1841804,0.9792919,0.001627739,-0.001603172,-0.02912637,14.33333,873.0,-0.0875,-0.246
2.0,-0.02161293,-0.1666797,0.9996181,-0.1537958,-0.2285438,0.9995949,-0.08770467,-0.1976121,0.9996065,-0.03714573,-0.2408894,0.9698415,0.0,0.01502727,0.9702669,0.2415706,0.0,0.9991969,-0.02354737,0.03242135,0.0,0.9824628,-1.68047,-0.2771496,1.0,-0.03714571,0.01502726,0.9991968,0.0,-0.2408893,0.9702669,-0.02354738,0.0,0.9698414,0.2415706,0.03242136,0.0,-0.09952172,1.682692,-1.012259,1.0,1.0,1.0,-0.08499396,-0.1864973,0.978772,0.001627739,-0.001595329,-0.0291246,14.34445,874.0,-0.0875,-0.246
2.0,-0.02348046,-0.1662788,0.9999078,-0.1531006,-0.2269934,0.99988,-0.08829106,-0.1966364,0.9998938,-0.03697765,-0.2406928,0.9698967,0.0,0.01483291,0.9703214,0.2413637,0.0,0.999206,-0.02331143,0.03231001,0.0,0.9829001,-1.680335,-0.2768543,1.0,-0.03697762,0.01483289,0.999206,0.0,-0.2406928,0.9703214,-0.02331146,0.0,0.9698967,0.2413637,0.03231003,0.0,-0.09957899,1.682708,-1.012346,1.0,1.0,1.0,-0.0855401,-0.185547,0.9789051,0.001627914,-0.001591248,-0.02912341,14.36667,875.0,-0.0875,-0.246
2.0,-0.02484991,-0.1668342,0.9997428,-0.1535918,-0.2291034,0.9997224,-0.08922116,-0.1979691,0.9997326,-0.03666842,-0.2407266,0.9699001,0.0,0.01426577,0.9703278,0.2413721,0.0,0.9992257,-0.02268708,0.03214622,0.0,0.9840708,-1.679772,-0.276779,1.0,-0.03666839,0.01426575,0.9992257,0.0,-0.2407266,0.9703279,-0.02268711,0.0,0.9699,0.2413721,0.03214624,0.0,-0.09983344,1.682697,-1.012521,1.0,1.0,1.0,-0.08641349,-0.1867853,0.9785928,0.001630645,-0.001589828,-0.02912213,14.37778,876.0,-0.0875,-0.246
2.0,-0.02486381,-0.1668757,0.9999999,-0.1536252,-0.2291632,1.0,-0.08924451,-0.1980193,1.0,-0.03666842,-0.2407266,0.9699001,0.0,0.01426577,0.9703278,0.2413721,0.0,0.9992257,-0.02268708,0.03214622,0.0,0.9840708,-1.679772,-0.276779,1.0,-0.03666839,0.01426575,0.9992257,0.0,-0.2407266,0.9703279,-0.02268711,0.0,0.9699,0.2413721,0.03214624,0.0,-0.09983344,1.682697,-1.012521,1.0,1.0,1.0,-0.08641349,-0.1867853,0.9785928,0.001630645,-0.001589828,-0.02912213,14.38889,877.0,-0.0875,-0.246
2.0,-0.02696002,-0.1690802,1.000011,-0.1523584,-0.2313569,0.9999412,-0.08966018,-0.2002195,0.9999762,-0.03567028,-0.2414034,0.9697691,0.0,0.01549921,0.9701363,0.2420649,0.0,0.9992434,-0.02366517,0.0308634,0.0,0.982311,-1.680461,-0.2790952,1.0,-0.03567022,0.01549922,0.9992435,0.0,-0.2414034,0.9701362,-0.02366518,0.0,0.9697691,0.2420649,0.03086347,0.0,-0.09997173,1.68261,-1.012722,1.0,1.0,1.0,-0.08678,-0.1887995,0.9781739,0.001637612,-0.001590996,-0.0291205,14.42222,878.0,-0.0875,-0.246
2.0,-0.0267809,-0.1687917,1.000044,-0.1523049,-0.232686,1.000046,-0.08954286,-0.2007389,1.000045,-0.03534245,-0.2416698,0.9697148,0.0,0.01621529,0.9700545,0.2423455,0.0,0.9992438,-0.02428926,0.03036535,0.0,0.9811755,-1.680888,-0.2802457,1.0,-0.03534243,0.01621526,0.9992436,0.0,-0.2416698,0.9700545,-0.02428928,0.0,0.9697146,0.2423454,0.03036536,0.0,-0.09978431,1.682559,-1.012751,1.0,1.0,1.0,-0.08665648,-0.1892614,0.9780955,0.001638299,-0.001595642,-0.0291205,14.44444,879.0,-0.0875,-0.246
