flag,xl,yl,zl,xr,yr,zr,xc,yc,zc,mat_00,mat_10,mat_20,mat_30,mat_01,mat_11,mat_21,mat_31,mat_02,mat_12,mat_22,mat_32,mat_03,mat_13,mat_23,mat_33,ctw_00,ctw_10,ctw_20,ctw_30,ctw_01,ctw_11,ctw_21,ctw_31,ctw_02,ctw_12,ctw_22,ctw_32,ctw_03,ctw_13,ctw_23,ctw_33,opennessl,opennessr,ray_x,ray_y,ray_z,eye_x,eye_y,eye_z,time,frame,u,v
25.0,0.1918863,0.1521169,0.9999141,0.1218759,0.1008494,0.999936,0.1568809,0.1264834,0.9999251,-0.09551787,-0.02425085,-0.9951324,0.0,0.0532803,0.9981456,-0.02943839,0.0,-0.9940009,0.05583283,0.09404874,0.0,-1.11442,-1.574829,-0.6280804,1.0,-0.09551793,0.05328028,-0.9940006,0.0,-0.02425083,0.9981456,0.05583283,0.0,-0.9951321,-0.02943839,0.09404863,0.0,-0.7696609,1.612796,-0.9607365,1.0,0.1307913,0.723488,0.1513326,0.1231253,0.9807847,-0.001507584,-0.002382447,-0.02658844,36.87778,2298.0,0.175,0.104
25.0,0.1900742,0.1549608,1.000179,0.1213897,0.1000711,1.000181,0.1557321,0.1275161,1.00018,-0.09564686,-0.02405482,-0.9951248,0.0,0.0533153,0.9981492,-0.02925235,0.0,-0.9939867,0.05585326,0.09418726,0.0,-1.114528,-1.574597,-0.6284254,1.0,-0.09564675,0.05331529,-0.9939864,0.0,-0.02405482,0.9981492,0.05585326,0.0,-0.9951246,-0.02925235,0.09418732,0.0,-0.7698392,1.612721,-0.9606897,1.0,0.1575716,0.7297178,0.1502078,0.1240838,0.9808367,-0.001509696,-0.002378204,-0.02658717,36.88889,2299.0,0.175,0.104
25.0,0.1926045,0.15593,1.000193,0.1215278,0.0968347,1.00022,0.1570662,0.1263827,1.000206,-0.09512949,-0.02386497,-0.995179,0.0,0.05346516,0.9981472,-0.0290469,0.0,-0.9940283,0.05597061,0.09367728,0.0,-1.114533,-1.57426,-0.629604,1.0,-0.09512945,0.05346515,-0.994028,0.0,-0.02386496,0.9981472,0.05597061,0.0,-0.9951786,-0.0290469,0.09367726,0.0,-0.7701629,1.612644,-0.9607853,1.0,0.1987247,0.7745817,0.1514728,0.1229918,0.9807798,-0.001509696,-0.002376984,-0.02656712,36.91111,2300.0,0.175,0.104
25.0,0.1905431,0.1530834,1.000071,0.1215487,0.09643584,1.000073,0.1560459,0.1247594,1.000072,-0.09511733,-0.02383601,-0.9951807,0.0,0.05367374,0.9981363,-0.02903682,0.0,-0.9940181,0.05617697,0.09366059,0.0,-1.114818,-1.574004,-0.6297131,1.0,-0.09511722,0.05367373,-0.994018,0.0,-0.02383601,0.9981362,0.05617696,0.0,-0.9951807,-0.02903682,0.09366068,0.0,-0.7702346,1.612622,-0.9607475,1.0,0.2748836,0.8114557,0.1505706,0.1215022,0.9811044,-0.001509696,-0.002379723,-0.02654759,36.92222,2301.0,0.175,0.104
25.0,0.1902682,0.1547287,1.000074,0.1214765,0.09595285,1.000082,0.1558723,0.1253409,1.000078,-0.09512866,-0.02420783,-0.9951707,0.0,0.05297832,0.9981644,-0.02934486,0.0,-0.9940543,0.055514,0.09367144,0.0,-1.113755,-1.575057,-0.6294429,1.0,-0.09512854,0.05297833,-0.9940543,0.0,-0.02420783,0.9981644,0.055514,0.0,-0.9951706,-0.02934487,0.09367154,0.0,-0.7704816,1.6127,-0.9607338,1.0,0.3042105,0.836063,0.1503981,0.1220522,0.9810625,-0.001509803,-0.002379295,-0.02654373,36.94445,2302.0,0.175,0.104
25.0,0.1903832,0.1635755,0.9999719,0.1218543,0.0904361,0.9999573,0.1561188,0.1270055,0.9999646,-0.09537101,-0.02418718,-0.995148,0.0,0.05285668,0.9981714,-0.02932624,0.0,-0.9940376,0.05539709,0.0939182,0.0,-1.113741,-1.575204,-0.6291482,1.0,-0.09537103,0.05285668,-0.9940374,0.0,-0.02418717,0.9981714,0.05539709,0.0,-0.9951478,-0.02932624,0.09391814,0.0,-0.7704138,1.612742,-0.9607497,1.0,0.282779,0.8413668,0.150614,0.1236276,0.9808322,-0.001508827,-0.002378998,-0.02654155,36.95555,2303.0,0.175,0.104
25.0,0.1917822,0.1645758,1.000049,0.1221089,0.08983991,1.000059,0.1569454,0.127208,1.000054,-0.09542274,-0.02399513,-0.9951476,0.0,0.05293645,0.9981725,-0.02914404,0.0,-0.9940284,0.05546059,0.09397817,0.0,-1.113903,-1.575006,-0.6294541,1.0,-0.09542276,0.05293645,-0.9940282,0.0,-0.02399512,0.9981725,0.05546058,0.0,-0.9951475,-0.02914404,0.09397813,0.0,-0.7704839,1.612749,-0.9607456,1.0,0.3101652,0.8376986,0.1513683,0.1237921,0.9806952,-0.001507186,-0.002377831,-0.02653972,36.96667,2304.0,0.175,0.104
25.0,0.1917884,0.1669764,1.000022,0.1203519,0.08667346,1.000021,0.1560701,0.126825,1.000022,-0.09541559,-0.02368306,-0.9951559,0.0,0.05337328,0.9981571,-0.02887192,0.0,-0.9940057,0.05586955,0.09397566,0.0,-1.114638,-1.574317,-0.6299176,1.0,-0.09541552,0.05337327,-0.9940055,0.0,-0.02368306,0.9981571,0.05586955,0.0,-0.9951556,-0.02887192,0.09397569,0.0,-0.7705045,1.612721,-0.960803,1.0,0.2901056,0.8515761,0.1505629,0.1234479,0.9808627,-0.001506829,-0.002373878,-0.02653629,36.98889,2305.0,0.175,0.104
25.0,0.1935015,0.162581,1.000037,0.1206861,0.0846611,1.000044,0.1570938,0.1236212,1.000041,-0.09532583,-0.02365325,-0.9951651,0.0,0.05360107,0.9981453,-0.02885848,0.0,-0.9940019,0.05609287,0.09388125,0.0,-1.114967,-1.574058,-0.6300937,1.0,-0.0953259,0.05360107,-0.994002,0.0,-0.02365325,0.9981453,0.05609288,0.0,-0.9951652,-0.02885848,0.0938812,0.0,-0.7705641,1.612718,-0.9608319,1.0,0.2998612,0.8362289,0.1515746,0.120403,0.9810852,-0.001508737,-0.002364678,-0.02653481,37.0,2306.0,0.175,0.104
25.0,0.1903652,0.1616609,1.000084,0.1229166,0.08217657,1.000067,0.1566408,0.1219182,1.000075,-0.09512627,-0.02400903,-0.9951757,0.0,0.05364593,0.9981328,-0.02920824,0.0,-0.9940188,0.05616559,0.09366071,0.0,-1.11489,-1.574257,-0.6297151,1.0,-0.0951263,0.05364592,-0.9940186,0.0,-0.02400902,0.9981328,0.05616559,0.0,-0.9951755,-0.02920824,0.09366064,0.0,-0.7705289,1.612734,-0.9608232,1.0,0.2895288,0.8402389,0.1511772,0.1188002,0.9813419,-0.001508553,-0.002361412,-0.0265261,37.02222,2307.0,0.175,0.104
25.0,0.187297,0.1612518,1.000039,0.1233242,0.08107427,1.000037,0.1553108,0.1211628,1.000038,-0.0948956,-0.02422231,-0.9951925,0.0,0.0535627,0.9981316,-0.02940127,0.0,-0.9940453,0.05609525,0.09342086,0.0,-1.114644,-1.57452,-0.6296958,1.0,-0.09489558,0.0535627,-0.9940451,0.0,-0.02422231,0.9981316,0.05609524,0.0,-0.9951925,-0.02940127,0.09342087,0.0,-0.7705817,1.612768,-0.9608562,1.0,0.2647297,0.8513299,0.1499523,0.1181154,0.9816125,-0.001507806,-0.002360802,-0.02652142,37.03333,2308.0,0.175,0.104
25.0,0.1904296,0.1764203,1.000227,0.1241848,0.0800894,1.000208,0.1573072,0.1282543,1.000218,-0.09485626,-0.02475303,-0.9951832,0.0,0.05329902,0.9981307,-0.02990656,0.0,-0.9940631,0.05587912,0.09335959,0.0,-1.114242,-1.575162,-0.6291856,1.0,-0.09485623,0.05329903,-0.9940632,0.0,-0.02475303,0.9981307,0.05587912,0.0,-0.9951832,-0.02990656,0.09335964,0.0,-0.7708378,1.612789,-0.9608673,1.0,0.2809462,0.8654147,0.151667,0.1247355,0.9805296,-0.001506562,-0.002358994,-0.02651709,37.05556,2309.0,0.175,0.104
25.0,0.1941893,0.1767644,1.000098,0.1239577,0.07874887,1.000082,0.1590735,0.1277562,1.00009,-0.0948621,-0.02490887,-0.9951789,0.0,0.05332007,0.9981248,-0.03006516,0.0,-0.9940615,0.05591504,0.09335613,0.0,-1.114228,-1.57526,-0.6289982,1.0,-0.09486213,0.05332006,-0.9940613,0.0,-0.02490886,0.9981248,0.05591504,0.0,-0.9951786,-0.03006516,0.09335604,0.0,-0.7709015,1.612806,-0.9608089,1.0,0.2689137,0.8538151,0.1533407,0.1242494,0.9803309,-0.001505181,-0.002357857,-0.02651316,37.06667,2310.0,0.175,0.104
25.0,0.1934404,0.160722,1.000071,0.1240989,0.07934854,1.000097,0.1587696,0.1200358,1.000084,-0.0944978,-0.02496083,-0.9952122,0.0,0.05347308,0.9981152,-0.03011104,0.0,-0.9940881,0.05606248,0.09298491,0.0,-1.114271,-1.575164,-0.6297586,1.0,-0.09449774,0.05347308,-0.9940878,0.0,-0.02496083,0.9981153,0.05606248,0.0,-0.995212,-0.03011104,0.09298494,0.0,-0.7713568,1.612816,-0.9608179,1.0,0.2864478,0.8319262,0.1531946,0.1169828,0.9812474,-0.001504897,-0.00235334,-0.02651088,37.08889,2311.0,0.175,0.104
25.0,0.1923681,0.1724825,1.000048,0.1244486,0.07514079,1.000062,0.1584085,0.1238121,1.000055,-0.09435725,-0.02490849,-0.9952268,0.0,0.05354987,0.9981127,-0.03005778,0.0,-0.9940972,0.05613043,0.09284532,0.0,-1.114277,-1.57505,-0.6300733,1.0,-0.09435724,0.05354986,-0.9940971,0.0,-0.02490849,0.9981127,0.05613043,0.0,-0.9952267,-0.03005777,0.09284531,0.0,-0.771438,1.612809,-0.9607919,1.0,0.2767887,0.8572052,0.1527977,0.1205493,0.9808776,-0.001505974,-0.002352295,-0.02650776,37.1,2312.0,0.175,0.104
25.0,0.1895809,0.1600742,0.999882,0.1278025,0.07425725,0.9999086,0.1586916,0.1171663,0.9998953,-0.09443927,-0.02455429,-0.9952278,0.0,0.05336862,0.9981334,-0.02969024,0.0,-0.9940991,0.05591786,0.09295249,0.0,-1.11403,-1.575052,-0.6304889,1.0,-0.09443921,0.05336862,-0.9940991,0.0,-0.02455429,0.9981334,0.05591785,0.0,-0.9952278,-0.02969024,0.09295256,0.0,-0.7713624,1.612847,-0.9607769,1.0,0.2767887,0.8572052,0.1532008,0.1142967,0.9815629,-0.001505959,-0.002351456,-0.02650037,37.11111,2313.0,0.175,0.104
25.0,0.1827578,0.1610803,0.999892,0.1300633,0.07361151,0.9999068,0.1564105,0.1173461,0.9998994,-0.09411871,-0.02452944,-0.9952589,0.0,0.05334197,0.9981362,-0.02964474,0.0,-0.994131,0.05587918,0.09263492,0.0,-1.113811,-1.575153,-0.630906,1.0,-0.09411877,0.05334197,-0.9941309,0.0,-0.02452943,0.9981362,0.05587918,0.0,-0.9952586,-0.02964475,0.09263483,0.0,-0.7713827,1.612927,-0.960812,1.0,0.2799473,0.8685026,0.1510666,0.1145048,0.9818695,-0.001507005,-0.002351013,-0.02649699,37.13334,2314.0,0.175,0.104
25.0,0.1834836,0.1710303,1.000122,0.1283712,0.07301386,1.000084,0.1559276,0.1220212,1.000103,-0.09431922,-0.02478954,-0.9952334,0.0,0.05346569,0.9981211,-0.02992847,0.0,-0.9941053,0.05603367,0.09281659,0.0,-1.114122,-1.57522,-0.6302924,1.0,-0.09431919,0.0534657,-0.9941053,0.0,-0.02478955,0.9981211,0.05603367,0.0,-0.9952333,-0.02992847,0.09281661,0.0,-0.7714201,1.612964,-0.9607878,1.0,0.2801352,0.8397398,0.1505079,0.1188993,0.9814328,-0.001506272,-0.002349335,-0.02649222,37.14444,2315.0,0.175,0.104
25.0,0.1878124,0.1715714,1.000147,0.1286381,0.0688493,1.000109,0.1582253,0.1202092,1.000128,-0.09451234,-0.02532396,-0.9952016,0.0,0.0538976,0.9980801,-0.03051576,0.0,-0.9940636,0.05652309,0.09296596,0.0,-1.114874,-1.575134,-0.6292509,1.0,-0.09451231,0.0538976,-0.9940637,0.0,-0.02532396,0.99808,0.05652309,0.0,-0.9952015,-0.03051576,0.09296598,0.0,-0.7714894,1.612996,-0.9607258,1.0,0.272479,0.8471737,0.1526823,0.1171384,0.9813087,-0.001506263,-0.002337753,-0.02648897,37.16667,2316.0,0.175,0.104
25.0,0.188973,0.1637568,1.000315,0.1309204,0.07069407,1.00027,0.1599468,0.1172244,1.000292,-0.09452271,-0.02578771,-0.9951887,0.0,0.05395782,0.9980623,-0.03098707,0.0,-0.9940594,0.05662719,0.09294808,0.0,-1.114988,-1.575346,-0.6287333,1.0,-0.09452267,0.05395781,-0.9940593,0.0,-0.02578771,0.9980623,0.05662719,0.0,-0.9951886,-0.03098707,0.09294809,0.0,-0.7717243,1.612973,-0.9607174,1.0,0.2335672,0.8394278,0.1543161,0.1142762,0.9813905,-0.001506379,-0.002337624,-0.02648857,37.17778,2317.0,0.175,0.104
25.0,0.1887335,0.1636941,1.000258,0.131284,0.07151162,1.000229,0.1600086,0.1176023,1.000244,-0.09467387,-0.0259906,-0.995169,0.0,0.05415078,0.9980447,-0.03121725,0.0,-0.9940345,0.05684463,0.09308136,0.0,-1.11548,-1.575316,-0.6284125,1.0,-0.09467389,0.05415077,-0.9940345,0.0,-0.0259906,0.9980447,0.05684463,0.0,-0.995169,-0.03121725,0.09308134,0.0,-0.7719269,1.613022,-0.9607838,1.0,0.2329555,0.7907766,0.1543743,0.1146368,0.9813395,-0.001506112,-0.002337463,-0.02648778,37.18889,2318.0,0.175,0.104
25.0,0.1883489,0.1636486,1.000133,0.1319878,0.07018591,1.000134,0.1601682,0.1169173,1.000133,-0.09485912,-0.02617852,-0.9951466,0.0,0.05374499,0.9980615,-0.03137826,0.0,-0.994039,0.05646065,0.09326828,0.0,-1.114927,-1.575816,-0.6281549,1.0,-0.09485909,0.05374498,-0.9940387,0.0,-0.02617851,0.9980616,0.05646065,0.0,-0.9951463,-0.03137827,0.09326825,0.0,-0.7721194,1.612973,-0.9607218,1.0,0.1814947,0.7425284,0.154552,0.1139984,0.9813858,-0.001507103,-0.00233522,-0.02648533,37.21111,2319.0,0.175,0.104
25.0,0.1877308,0.1627417,1.000096,0.1328696,0.071137,1.000076,0.1603002,0.116939,1.000086,-0.0948329,-0.02640693,-0.9951429,0.0,0.0538176,0.9980503,-0.03161267,0.0,-0.9940374,0.05655413,0.09322691,0.0,-1.114997,-1.575891,-0.6278766,1.0,-0.09483296,0.0538176,-0.9940374,0.0,-0.02640693,0.9980503,0.05655412,0.0,-0.9951429,-0.03161267,0.09322684,0.0,-0.7721798,1.612976,-0.9606904,1.0,0.1650003,0.6329347,0.1546828,0.114021,0.9813625,-0.001507973,-0.002335121,-0.02648373,37.22222,2320.0,0.175,0.104
25.0,0.1931974,0.1701946,1.000146,0.1320314,0.07114814,1.000141,0.1626143,0.1206713,1.000144,-0.09498417,-0.02635502,-0.99513,0.0,0.05393335,0.998045,-0.03158011,0.0,-0.9940168,0.05667029,0.09337711,0.0,-1.115297,-1.575713,-0.6278993,1.0,-0.09498418,0.05393334,-0.9940165,0.0,-0.02635501,0.998045,0.05667029,0.0,-0.9951296,-0.0315801,0.09337704,0.0,-0.7723048,1.612955,-0.9606964,1.0,0.1318564,0.5496314,0.1567682,0.1174937,0.9806218,-0.001508529,-0.002334839,-0.02648422,37.23333,2321.0,0.175,0.104
25.0,0.1937184,0.1664919,0.9999819,0.1326051,0.07221244,0.9999633,0.1631618,0.1193517,0.9999725,-0.09530222,-0.02667805,-0.995091,0.0,0.05409411,0.9980249,-0.03193743,0.0,-0.9939777,0.05687226,0.09367096,0.0,-1.11588,-1.57576,-0.6269979,1.0,-0.09530228,0.05409409,-0.9939773,0.0,-0.02667804,0.998025,0.05687225,0.0,-0.9950907,-0.03193743,0.09367085,0.0,-0.7723039,1.612985,-0.9608113,1.0,0.1254118,0.5249477,0.1573257,0.1162595,0.9806795,-0.001508704,-0.002335327,-0.02648924,37.25556,2322.0,0.175,0.104
25.0,0.1930868,0.1611634,1.000045,0.1325772,0.07475406,1.000016,0.1628319,0.117958,1.000031,-0.09564674,-0.02678568,-0.995055,0.0,0.05385135,0.9980347,-0.03204219,0.0,-0.9939577,0.05664977,0.09401631,0.0,-1.115698,-1.576044,-0.6264324,1.0,-0.09564672,0.05385134,-0.9939575,0.0,-0.02678568,0.9980348,0.05664977,0.0,-0.9950548,-0.03204219,0.0940163,0.0,-0.7722629,1.612956,-0.9607794,1.0,0.1131524,0.557376,0.1570337,0.1149462,0.9808812,-0.001509246,-0.002337166,-0.02649562,37.26667,2323.0,0.175,0.104
25.0,0.1920448,0.1600202,0.9999571,0.1334002,0.07579873,0.9999709,0.1627224,0.1179099,0.9999641,-0.09615386,-0.0263628,-0.9950173,0.0,0.05316779,0.998086,-0.03158198,0.0,-0.9939455,0.05593959,0.09456813,0.0,-1.115015,-1.576492,-0.6265987,1.0,-0.09615381,0.05316778,-0.9939454,0.0,-0.02636279,0.9980861,0.0559396,0.0,-0.9950173,-0.03158199,0.09456816,0.0,-0.7722502,1.612968,-0.9608191,1.0,0.1018341,0.532667,0.1569417,0.1149058,0.9809006,-0.001509361,-0.002333893,-0.02650127,37.28889,2324.0,0.175,0.104
25.0,0.1929847,0.1623858,1.000038,0.1332191,0.0759608,1.000053,0.1631019,0.1191736,1.000045,-0.09641385,-0.02601507,-0.9950014,0.0,0.05315,0.9980975,-0.03124616,0.0,-0.9939213,0.05589688,0.0948478,0.0,-1.115094,-1.57628,-0.6269035,1.0,-0.0964139,0.05314999,-0.9939212,0.0,-0.02601506,0.9980977,0.05589688,0.0,-0.9950012,-0.03124616,0.09484772,0.0,-0.7722872,1.61296,-0.9607456,1.0,0.1028873,0.5375875,0.1572612,0.116083,0.9807107,-0.001509598,-0.002334656,-0.02650222,37.3,2325.0,0.175,0.104
25.0,0.1922634,0.1590042,0.9999362,0.1318614,0.07678349,0.999976,0.1620623,0.1178948,0.9999561,-0.09636307,-0.02518876,-0.9950276,0.0,0.05330971,0.9981143,-0.03042965,0.0,-0.9939178,0.05597691,0.0948385,0.0,-1.115262,-1.575499,-0.6281917,1.0,-0.09636299,0.05330969,-0.9939175,0.0,-0.02518875,0.9981143,0.05597691,0.0,-0.9950274,-0.03042966,0.09483853,0.0,-0.7722228,1.612867,-0.9607104,1.0,0.1021018,0.5124329,0.1563272,0.1149064,0.9809986,-0.001509354,-0.002337197,-0.02650459,37.32222,2326.0,0.175,0.104
25.0,0.192321,0.1572527,1.000046,0.1313563,0.07747187,1.000052,0.1618388,0.1173624,1.000049,-0.09645641,-0.02502482,-0.9950226,0.0,0.05357113,0.9981043,-0.03029545,0.0,-0.9938945,0.05622667,0.09493291,0.0,-1.115721,-1.575109,-0.628365,1.0,-0.09645636,0.05357113,-0.9938945,0.0,-0.02502481,0.9981043,0.05622667,0.0,-0.9950225,-0.03029545,0.09493296,0.0,-0.7722726,1.612857,-0.9606937,1.0,0.08801771,0.5224399,0.1561149,0.1143974,0.9810919,-0.001510398,-0.002336571,-0.0265059,37.33334,2327.0,0.175,0.104
25.0,0.1934032,0.1587335,0.9999958,0.1290924,0.07729529,1.0,0.1612478,0.1180144,0.999998,-0.09644973,-0.0249412,-0.9950253,0.0,0.0540254,0.9980811,-0.03025458,0.0,-0.9938706,0.05667469,0.09491718,0.0,-1.116441,-1.574536,-0.6284538,1.0,-0.09644971,0.05402541,-0.9938706,0.0,-0.0249412,0.9980811,0.0566747,0.0,-0.9950253,-0.03025458,0.0949172,0.0,-0.7722787,1.612817,-0.9607107,1.0,0.07764296,0.5048996,0.1555587,0.1150269,0.9811066,-0.001508834,-0.00233519,-0.02650623,37.34444,2328.0,0.175,0.104
25.0,0.192882,0.1585898,0.9999927,0.1300903,0.07757864,0.9999919,0.1614861,0.1180842,0.9999923,-0.09610057,-0.02536056,-0.9950485,0.0,0.05398574,0.9980711,-0.03065147,0.0,-0.9939066,0.05666406,0.09454608,0.0,-1.116105,-1.574886,-0.6282353,1.0,-0.09610055,0.05398574,-0.9939064,0.0,-0.02536056,0.9980713,0.05666406,0.0,-0.9950485,-0.03065147,0.09454609,0.0,-0.772323,1.612845,-0.9606674,1.0,0.1064867,0.6123296,0.155777,0.1150895,0.9810647,-0.001505096,-0.002335022,-0.0265059,37.36667,2329.0,0.175,0.104
25.0,0.1957005,0.1615452,0.9999627,0.1288744,0.07833445,0.9999838,0.1622874,0.1199402,0.9999732,-0.09552932,-0.02538548,-0.9951029,0.0,0.05375427,0.9980845,-0.03062193,0.0,-0.9939742,0.05641632,0.09398174,0.0,-1.115235,-1.575232,-0.6288339,1.0,-0.09552928,0.05375427,-0.993974,0.0,-0.02538549,0.9980846,0.05641631,0.0,-0.9951028,-0.03062193,0.09398174,0.0,-0.77228,1.612908,-0.9605466,1.0,0.1064867,0.6123296,0.1564919,0.1168254,0.9807457,-0.001501617,-0.002333244,-0.02650504,37.38889,2330.0,0.175,0.104
25.0,0.1957362,0.1663261,0.9999112,0.1276681,0.0815326,0.9999334,0.1617021,0.1239299,0.9999223,-0.09503341,-0.02551911,-0.995147,0.0,0.0538213,0.9980775,-0.03073402,0.0,-0.9940181,0.05648085,0.09347725,0.0,-1.114969,-1.575265,-0.6291574,1.0,-0.09503343,0.05382128,-0.9940181,0.0,-0.0255191,0.9980775,0.05648086,0.0,-0.995147,-0.03073402,0.09347723,0.0,-0.7722628,1.612909,-0.9605154,1.0,0.1279395,0.6905884,0.1558815,0.1205933,0.9803867,-0.001499275,-0.002326286,-0.0265018,37.4,2331.0,0.175,0.104
25.0,0.1958614,0.1658206,1.000013,0.127807,0.08247718,1.000022,0.1618342,0.1241492,1.000017,-0.09469771,-0.02569789,-0.9951743,0.0,0.05363809,0.9980829,-0.03087703,0.0,-0.99406,0.05630323,0.09313774,0.0,-1.114414,-1.575608,-0.629325,1.0,-0.09469766,0.05363809,-0.99406,0.0,-0.02569789,0.998083,0.05630323,0.0,-0.9951744,-0.03087704,0.09313779,0.0,-0.7723103,1.612931,-0.9604684,1.0,0.1091901,0.6735947,0.1559842,0.1207832,0.980347,-0.00149536,-0.002322571,-0.02649769,37.41111,2332.0,0.175,0.104
25.0,0.1933221,0.1586226,0.9998478,0.1271264,0.0822481,0.9998669,0.1602241,0.1204356,0.9998573,-0.09424186,-0.02546995,-0.9952236,0.0,0.05385337,0.9980786,-0.03064262,0.0,-0.9940918,0.05648395,0.09268904,0.0,-1.11435,-1.57527,-0.6300757,1.0,-0.09424174,0.05385336,-0.9940916,0.0,-0.02546995,0.9980785,0.05648395,0.0,-0.9952234,-0.03064261,0.09268912,0.0,-0.7722064,1.612947,-0.9603876,1.0,0.147821,0.6949784,0.1545721,0.1173286,0.9809901,-0.00149536,-0.002318443,-0.02649447,37.43333,2333.0,0.175,0.104
25.0,0.1969112,0.1641805,0.9998466,0.1267089,0.08218309,0.9999107,0.1618102,0.1231831,0.9998786,-0.09403634,-0.02486024,-0.9952583,0.0,0.0539529,0.9980919,-0.03002872,0.0,-0.9941058,0.05652086,0.09251559,0.0,-1.114367,-1.574788,-0.6312457,1.0,-0.0940363,0.05395289,-0.9941057,0.0,-0.02486025,0.9980919,0.05652085,0.0,-0.9952585,-0.03002872,0.09251562,0.0,-0.7721931,1.61295,-0.9603901,1.0,0.1183036,0.7020985,0.1560003,0.1198865,0.9804545,-0.00149536,-0.002318443,-0.02649152,37.44445,2334.0,0.175,0.104
25.0,0.1969384,0.1640619,0.9999291,0.1267409,0.0865173,0.9999525,0.1618396,0.1252901,0.9999408,-0.09394002,-0.02435605,-0.9952798,0.0,0.05415466,0.9980956,-0.02953638,0.0,-0.9941038,0.05667369,0.09244215,0.0,-1.114543,-1.574233,-0.6321157,1.0,-0.09394006,0.05415466,-0.994104,0.0,-0.02435605,0.9980956,0.05667369,0.0,-0.9952799,-0.02953637,0.09244214,0.0,-0.7721744,1.612923,-0.9603196,1.0,0.1013585,0.6729701,0.1559803,0.1218626,0.9802141,-0.00149536,-0.002318443,-0.02649059,37.46667,2335.0,0.175,0.104
25.0,0.1992278,0.1645361,0.9999487,0.1254868,0.08781672,0.9999599,0.1623572,0.1261765,0.9999544,-0.09367621,-0.02445754,-0.9953024,0.0,0.05426482,0.9980868,-0.02963327,0.0,-0.9941229,0.05678583,0.09216976,0.0,-1.114511,-1.574138,-0.632222,1.0,-0.09367613,0.05426481,-0.9941226,0.0,-0.02445753,0.9980868,0.05678582,0.0,-0.9953021,-0.02963328,0.09216977,0.0,-0.7721545,1.61287,-0.9603002,1.0,0.1497724,0.6941861,0.1564449,0.1226856,0.9800374,-0.001495491,-0.002318443,-0.02649019,37.47778,2336.0,0.175,0.104
25.0,0.1970488,0.1642323,1.000163,0.1238254,0.08859504,1.00016,0.160437,0.1264136,1.000161,-0.09370232,-0.02448041,-0.9952993,0.0,0.05423476,0.9980878,-0.02965492,0.0,-0.994122,0.05675855,0.09219539,0.0,-1.114403,-1.574125,-0.6323145,1.0,-0.09370224,0.05423475,-0.9941218,0.0,-0.02448041,0.9980878,0.05675855,0.0,-0.9952992,-0.02965491,0.09219542,0.0,-0.7722993,1.612803,-0.9602112,1.0,0.1216219,0.6991213,0.1546313,0.1229218,0.9802955,-0.001505905,-0.002320664,-0.02648827,37.48889,2337.0,0.175,0.104
25.0,0.1955838,0.1639463,1.000261,0.1230391,0.0888579,1.000241,0.1593114,0.1264018,1.000251,-0.0937438,-0.02497243,-0.9952832,0.0,0.05422062,0.9980737,-0.03014938,0.0,-0.9941189,0.05679118,0.09220922,0.0,-1.114436,-1.574419,-0.6317158,1.0,-0.09374379,0.05422061,-0.9941187,0.0,-0.02497243,0.9980738,0.05679118,0.0,-0.9952831,-0.03014939,0.09220919,0.0,-0.7725246,1.612766,-0.9602185,1.0,0.138288,0.6936297,0.1535746,0.1229241,0.9804614,-0.001511665,-0.002323929,-0.02648605,37.51111,2338.0,0.175,0.104
25.0,0.198396,0.1642298,1.000029,0.1235568,0.09006656,1.000026,0.1609764,0.1271482,1.000028,-0.09369624,-0.02506629,-0.9952853,0.0,0.05417807,0.9980734,-0.03023685,0.0,-0.9941256,0.05675571,0.09215772,0.0,-1.114328,-1.574546,-0.6316495,1.0,-0.09369627,0.05417806,-0.9941256,0.0,-0.0250663,0.9980734,0.0567557,0.0,-0.9952851,-0.03023684,0.09215767,0.0,-0.7725478,1.612785,-0.9602062,1.0,0.1633336,0.7183377,0.1551511,0.1236211,0.9801255,-0.001517602,-0.002323929,-0.02648444,37.52222,2339.0,0.175,0.104
25.0,0.20209,0.1672311,1.000059,0.1228492,0.0847138,1.000035,0.1624693,0.1259721,1.000047,-0.09376991,-0.02538778,-0.9952702,0.0,0.05420705,0.9980618,-0.03056613,0.0,-0.9941172,0.05681685,0.09221196,0.0,-1.114403,-1.574772,-0.6311278,1.0,-0.09376989,0.05420705,-0.994117,0.0,-0.02538777,0.9980618,0.05681684,0.0,-0.9952701,-0.03056613,0.09221195,0.0,-0.7726201,1.612837,-0.9601755,1.0,0.0963468,0.6874133,0.1565625,0.122486,0.9800435,-0.001519378,-0.002324295,-0.02648401,37.54445,2340.0,0.175,0.104
25.0,0.2034373,0.16747,0.9998842,0.1223578,0.09119131,0.999886,0.1628975,0.1293306,0.9998851,-0.09389544,-0.02523086,-0.9952623,0.0,0.0541933,0.9980671,-0.03041469,0.0,-0.994106,0.05679235,0.09234667,0.0,-1.114469,-1.574725,-0.6311216,1.0,-0.09389549,0.0541933,-0.9941059,0.0,-0.02523085,0.9980671,0.05679235,0.0,-0.9952623,-0.03041469,0.0923466,0.0,-0.7725068,1.612882,-0.9601859,1.0,0.1299106,0.6882535,0.1569237,0.1256538,0.9795846,-0.001520501,-0.002324753,-0.02648361,37.55556,2341.0,0.175,0.104
25.0,0.2038583,0.1686927,0.9998344,0.1221512,0.09176388,0.999863,0.1630048,0.1302288,0.9998486,-0.09357321,-0.02461007,-0.9953083,0.0,0.05395339,0.9981002,-0.02975149,0.0,-0.9941496,0.05648419,0.09206772,0.0,-1.113808,-1.574534,-0.6324326,1.0,-0.09357325,0.05395336,-0.9941492,0.0,-0.02461005,0.9981,0.05648417,0.0,-0.9953081,-0.02975149,0.09206761,0.0,-0.7724373,1.612821,-0.9601284,1.0,0.08940463,0.720021,0.1570125,0.1265007,0.9794614,-0.001521217,-0.002325218,-0.02648195,37.57778,2342.0,0.175,0.104
25.0,0.20368,0.1702042,0.9999135,0.1226335,0.08594948,0.999924,0.1631569,0.1280772,0.9999187,-0.09374988,-0.02431587,-0.9952988,0.0,0.05392887,0.99811,-0.02946425,0.0,-0.9941341,0.05643761,0.09226131,0.0,-1.113816,-1.574407,-0.6326302,1.0,-0.09374983,0.05392887,-0.9941341,0.0,-0.02431587,0.9981099,0.05643762,0.0,-0.9952989,-0.02946425,0.09226137,0.0,-0.7723592,1.612858,-0.9600589,1.0,0.1422433,0.7041999,0.1571855,0.1244685,0.979694,-0.001522125,-0.00232563,-0.0264819,37.58889,2343.0,0.175,0.104
25.0,0.2047489,0.1710158,1.000046,0.1227282,0.08591183,1.000036,0.1637385,0.1284634,1.000041,-0.09386349,-0.02433391,-0.9952876,0.0,0.05384013,0.9981143,-0.02948057,0.0,-0.9941282,0.05635356,0.09237635,0.0,-1.113739,-1.574516,-0.6325055,1.0,-0.0938635,0.05384012,-0.9941282,0.0,-0.02433391,0.9981142,0.05635356,0.0,-0.9952877,-0.02948057,0.09237636,0.0,-0.7723787,1.612864,-0.9600415,1.0,0.1344725,0.6978871,0.1577026,0.1248058,0.9795679,-0.001523469,-0.002325318,-0.02648225,37.6,2344.0,0.175,0.104
25.0,0.2042973,0.170582,1.00009,0.122714,0.08588053,1.00005,0.1635053,0.1282307,1.00007,-0.09394276,-0.02504975,-0.9952624,0.0,0.05329487,0.9981235,-0.03015226,0.0,-0.9941501,0.05587497,0.09243143,0.0,-1.112927,-1.575599,-0.6313057,1.0,-0.09394273,0.05329487,-0.99415,0.0,-0.02504975,0.9981235,0.05587497,0.0,-0.9952624,-0.03015226,0.09243145,0.0,-0.7723346,1.61292,-0.9600279,1.0,0.1251365,0.6850109,0.1574861,0.1245875,0.9796306,-0.00152372,-0.00232428,-0.02648157,37.62222,2345.0,0.175,0.104
25.0,0.2028408,0.1700151,1.000173,0.1225118,0.08832345,1.000129,0.1626762,0.1291685,1.000151,-0.09388912,-0.02563754,-0.9952525,0.0,0.0532224,0.9981097,-0.03073198,0.0,-0.994159,0.05585513,0.09234715,0.0,-1.112785,-1.57605,-0.6305277,1.0,-0.09388912,0.05322241,-0.9941591,0.0,-0.02563754,0.9981096,0.05585513,0.0,-0.9952524,-0.03073198,0.09234715,0.0,-0.7724186,1.612918,-0.9600271,1.0,0.1018631,0.6978394,0.1566859,0.1254728,0.9796459,-0.001523972,-0.002322243,-0.02647759,37.63334,2346.0,0.175,0.104
25.0,0.2025858,0.1684439,1.000094,0.1217886,0.08823063,1.000099,0.1621872,0.1283374,1.000096,-0.09375453,-0.02592919,-0.9952577,0.0,0.05335052,0.9980937,-0.03102875,0.0,-0.9941649,0.05600659,0.09219241,0.0,-1.112929,-1.576169,-0.6303054,1.0,-0.09375447,0.05335051,-0.9941649,0.0,-0.02592918,0.9980937,0.0560066,0.0,-0.9952576,-0.03102876,0.09219246,0.0,-0.7725271,1.612982,-0.9600499,1.0,0.06564496,0.6839622,0.1562548,0.1247073,0.9798125,-0.00152459,-0.002321373,-0.02647698,37.65556,2347.0,0.175,0.104
25.0,0.202611,0.1829949,1.000071,0.1228373,0.08920383,1.000059,0.1627243,0.1360992,1.000065,-0.0936954,-0.02608464,-0.9952592,0.0,0.05358029,0.9980759,-0.0312026,0.0,-0.9941581,0.05624981,0.09211755,0.0,-1.113206,-1.57604,-0.6301494,1.0,-0.09369543,0.05358029,-0.994158,0.0,-0.02608463,0.998076,0.05624981,0.0,-0.9952591,-0.0312026,0.0921175,0.0,-0.7725746,1.612991,-0.9600029,1.0,0.1038032,0.6965362,0.1566105,0.1319831,0.9788021,-0.001524277,-0.002321373,-0.02647445,37.66667,2348.0,0.175,0.104
25.0,0.2043497,0.1839209,1.000099,0.1227708,0.08897929,1.000081,0.1635602,0.1364496,1.00009,-0.09402716,-0.02611134,-0.9952272,0.0,0.05373396,0.9980658,-0.03126249,0.0,-0.9941185,0.05641702,0.09244227,0.0,-1.113711,-1.575965,-0.629931,1.0,-0.09402721,0.05373395,-0.9941185,0.0,-0.02611133,0.9980658,0.05641702,0.0,-0.9952272,-0.03126249,0.09244223,0.0,-0.7727941,1.613068,-0.9600171,1.0,0.1383842,0.6980916,0.157378,0.1322902,0.9786376,-0.001524322,-0.002319122,-0.02647169,37.68889,2349.0,0.175,0.104
25.0,0.2025811,0.1831002,1.000069,0.1251003,0.08937744,1.000052,0.1638405,0.1362383,1.00006,-0.09424627,-0.02610084,-0.9952068,0.0,0.05386085,0.9980585,-0.03127626,0.0,-0.994091,0.05655035,0.09265745,0.0,-1.114055,-1.575845,-0.6297107,1.0,-0.09424622,0.05386084,-0.9940907,0.0,-0.02610083,0.9980585,0.05655034,0.0,-0.9952066,-0.03127626,0.09265745,0.0,-0.7728186,1.613095,-0.9600102,1.0,0.1383842,0.6980916,0.1576481,0.1320898,0.9786211,-0.00152575,-0.002318245,-0.02647248,37.7,2350.0,0.175,0.104
25.0,0.2024445,0.1800122,0.9998811,0.1261162,0.08831523,0.9998651,0.1642801,0.1341633,0.999873,-0.09423852,-0.02628293,-0.9952028,0.0,0.05384213,0.9980538,-0.03145669,0.0,-0.9940927,0.05654826,0.09264004,0.0,-1.114032,-1.57602,-0.6292828,1.0,-0.09423856,0.05384212,-0.9940925,0.0,-0.02628292,0.9980539,0.05654826,0.0,-0.9952025,-0.03145669,0.09263997,0.0,-0.772671,1.613139,-0.960033,1.0,0.08773836,0.7026465,0.1581253,0.1301579,0.978803,-0.00152581,-0.002316963,-0.0264749,37.71111,2351.0,0.175,0.104
25.0,0.2025257,0.179613,1.000044,0.1246869,0.08832463,1.000004,0.163606,0.1339682,1.000024,-0.09463692,-0.0268109,-0.9951507,0.0,0.0537324,0.9980425,-0.03199866,0.0,-0.9940607,0.05650009,0.09301102,0.0,-1.11409,-1.576419,-0.6279896,1.0,-0.09463688,0.0537324,-0.9940607,0.0,-0.02681091,0.9980426,0.05650009,0.0,-0.9951508,-0.03199866,0.09301105,0.0,-0.7726436,1.613102,-0.9599952,1.0,0.1092768,0.7033656,0.1574806,0.1299687,0.978932,-0.001526428,-0.002315765,-0.02647398,37.73333,2352.0,0.175,0.104
25.0,0.2082171,0.1837516,1.000013,0.1210211,0.08747144,1.000002,0.164619,0.1356113,1.000007,-0.09468794,-0.02689234,-0.9951438,0.0,0.05354967,0.9980502,-0.03206612,0.0,-0.9940658,0.05632588,0.09306324,0.0,-1.113833,-1.57669,-0.6278143,1.0,-0.09468792,0.05354966,-0.9940656,0.0,-0.02689232,0.9980502,0.05632589,0.0,-0.9951435,-0.03206613,0.09306322,0.0,-0.7726328,1.61313,-0.9599887,1.0,0.1042614,0.7206804,0.1583937,0.1314903,0.9785815,-0.001527749,-0.002315117,-0.02647448,37.74445,2353.0,0.175,0.104
25.0,0.2035697,0.1833543,0.999965,0.1228017,0.08864422,0.9999692,0.1631858,0.1359993,0.9999671,-0.09464586,-0.02752257,-0.9951305,0.0,0.05369527,0.9980215,-0.03270943,0.0,-0.9940619,0.05652961,0.09298086,0.0,-1.114109,-1.576964,-0.6268797,1.0,-0.09464594,0.05369527,-0.9940618,0.0,-0.02752257,0.9980215,0.0565296,0.0,-0.9951304,-0.03270943,0.09298076,0.0,-0.7726751,1.613161,-0.9600602,1.0,0.09236325,0.6923803,0.1570614,0.1318883,0.9787427,-0.001530105,-0.002316566,-0.02647436,37.76667,2354.0,0.175,0.104
25.0,0.2075531,0.1839907,0.9999657,0.1219353,0.08874006,0.9999459,0.1647439,0.1363649,0.9999558,-0.09489441,-0.02750706,-0.9951074,0.0,0.05365734,0.9980237,-0.03270448,0.0,-0.9940403,0.05649828,0.09323096,0.0,-1.114203,-1.57699,-0.6265466,1.0,-0.09489444,0.05365733,-0.9940401,0.0,-0.02750704,0.9980237,0.05649828,0.0,-0.9951071,-0.03270449,0.0932309,0.0,-0.7725911,1.613168,-0.9600523,1.0,0.09114855,0.7021351,0.1585055,0.1322027,0.9784674,-0.001531335,-0.002318153,-0.02647475,37.77778,2355.0,0.175,0.104
25.0,0.2075432,0.183949,0.9999278,0.1218421,0.08916935,0.9999536,0.1646929,0.1365597,0.9999407,-0.09498787,-0.02722457,-0.9951062,0.0,0.05324874,0.9980559,-0.03238813,0.0,-0.9940534,0.05606463,0.09335351,0.0,-1.113618,-1.577284,-0.6267073,1.0,-0.09498783,0.05324874,-0.9940532,0.0,-0.02722456,0.9980559,0.05606463,0.0,-0.995106,-0.03238814,0.09335351,0.0,-0.7723612,1.613218,-0.9600603,1.0,0.1015984,0.694083,0.158457,0.1323892,0.97845,-0.001531532,-0.002319412,-0.02647369,37.8,2356.0,0.175,0.104
25.0,0.2068095,0.1904057,0.9999049,0.1232058,0.09019403,0.9999394,0.1650079,0.1403006,0.9999221,-0.09510994,-0.02682304,-0.9951053,0.0,0.05263944,0.9981028,-0.03193499,0.0,-0.994074,0.05541912,0.09351754,0.0,-1.112737,-1.577567,-0.6272438,1.0,-0.09510992,0.05263945,-0.994074,0.0,-0.02682303,0.9981028,0.05541912,0.0,-0.9951053,-0.031935,0.09351756,0.0,-0.772321,1.613117,-0.9600568,1.0,0.0724655,0.7028421,0.1586769,0.1358878,0.9779347,-0.001531631,-0.002321137,-0.02647107,37.81111,2357.0,0.175,0.104
25.0,0.2087421,0.1922011,0.9998938,0.1233175,0.09017591,0.9999415,0.1660303,0.1411898,0.9999176,-0.09532046,-0.0261925,-0.9951021,0.0,0.0524826,0.9981312,-0.03129952,0.0,-0.9940622,0.05520903,0.09376764,0.0,-1.112615,-1.577314,-0.6279991,1.0,-0.09532041,0.0524826,-0.994062,0.0,-0.0261925,0.9981313,0.05520901,0.0,-0.9951019,-0.03129952,0.09376765,0.0,-0.7722919,1.613104,-0.9600409,1.0,0.09047546,0.6803654,0.1596082,0.1366994,0.97767,-0.001531478,-0.002321526,-0.02647095,37.82222,2358.0,0.175,0.104
25.0,0.2083063,0.190648,0.9999654,0.120816,0.09023894,0.9999632,0.1645614,0.1404437,0.9999642,-0.09536839,-0.02594298,-0.9951041,0.0,0.05295908,0.9981124,-0.03109688,0.0,-0.9940324,0.05566546,0.09381449,0.0,-1.113384,-1.576708,-0.6281068,1.0,-0.0953684,0.05295908,-0.9940322,0.0,-0.02594297,0.9981123,0.05566544,0.0,-0.9951038,-0.03109688,0.09381443,0.0,-0.7721176,1.613163,-0.960046,1.0,0.09132463,0.7099368,0.1582521,0.1360263,0.9779842,-0.001530915,-0.002321999,-0.02647077,37.84444,2359.0,0.175,0.104
25.0,0.2068508,0.190477,0.9998213,0.119252,0.08696417,0.9998041,0.1630513,0.1387202,0.9998127,-0.09548831,-0.02597537,-0.9950916,0.0,0.05337529,0.9980878,-0.03117543,0.0,-0.9939986,0.05609018,0.09391916,0.0,-1.114077,-1.576265,-0.6276546,1.0,-0.0954882,0.05337529,-0.9939985,0.0,-0.02597537,0.9980878,0.05609019,0.0,-0.9950916,-0.03117543,0.09391927,0.0,-0.771899,1.613147,-0.9600287,1.0,0.06337312,0.6941004,0.1569052,0.1344634,0.9784173,-0.001529717,-0.002321938,-0.02647058,37.85556,2360.0,0.175,0.104
1.0,-0.08133774,-0.1341904,0.9999796,-0.1637197,-0.2576493,1.000007,-0.1225285,-0.1959191,0.9999933,-0.0955224,-0.01475811,-0.9953181,0.0,0.05277711,0.9984086,-0.01986904,0.0,-0.9940274,0.05442794,0.0945915,0.0,-1.114447,-1.567043,-0.6354548,1.0,-0.09552236,0.05277709,-0.9940269,0.0,-0.0147581,0.9984086,0.05442792,0.0,-0.9953178,-0.01986905,0.09459146,0.0,-0.7620606,1.610741,-0.9623907,1.0,0.5869803,0.6681409,-0.1168123,-0.1831047,0.9761289,0.000423477,-0.003190155,-0.02744146,49.22223,3072.0,-0.175,-0.246
1.0,-0.08330342,-0.1336476,0.9999992,-0.1656635,-0.2580426,1.000031,-0.1244834,-0.1958442,1.000015,-0.09510076,-0.01466845,-0.9953596,0.0,0.05315087,0.9983904,-0.01979136,0.0,-0.9940477,0.0547864,0.09416807,0.0,-1.114681,-1.566656,-0.6358646,1.0,-0.09510078,0.05315087,-0.9940476,0.0,-0.01466845,0.9983904,0.0547864,0.0,-0.9953595,-0.01979136,0.09416804,0.0,-0.7619013,1.610796,-0.9623363,1.0,0.5727119,0.6513519,-0.1186338,-0.182995,0.9759297,0.0004177094,-0.003181633,-0.0274719,49.24445,3073.0,-0.175,-0.246
1.0,-0.08285165,-0.1332251,1.00003,-0.1618988,-0.2581016,1.000052,-0.1223751,-0.1956628,1.000041,-0.09476876,-0.01469907,-0.9953909,0.0,0.05313146,0.9983912,-0.01980189,0.0,-0.9940805,0.05476317,0.09383535,0.0,-1.114349,-1.566666,-0.636197,1.0,-0.09476878,0.05313146,-0.9940804,0.0,-0.01469906,0.9983912,0.05476316,0.0,-0.9953907,-0.01980189,0.09383529,0.0,-0.7618986,1.610754,-0.9622594,1.0,0.5601646,0.6552026,-0.1166593,-0.1828678,0.9761916,0.0004173052,-0.003181221,-0.02747192,49.25556,3074.0,-0.175,-0.246
1.0,-0.08296255,-0.1318485,0.9998835,-0.1625668,-0.258404,0.9998847,-0.1227645,-0.1951263,0.9998841,-0.09471726,-0.01472389,-0.9953954,0.0,0.05311835,0.9983914,-0.01982271,0.0,-0.9940861,0.05475131,0.09378278,0.0,-1.114287,-1.566754,-0.6360997,1.0,-0.09471723,0.05311835,-0.994086,0.0,-0.01472389,0.9983915,0.05475131,0.0,-0.9953953,-0.01982271,0.09378279,0.0,-0.7617815,1.610814,-0.9622598,1.0,0.589258,0.6631929,-0.1170497,-0.1823953,0.9762332,0.00041507,-0.003178711,-0.02747475,49.26667,3075.0,-0.175,-0.246
1.0,-0.08241249,-0.1238949,0.9999332,-0.1626334,-0.2591815,0.9999413,-0.122523,-0.1915379,0.9999372,-0.09446621,-0.01490981,-0.9954165,0.0,0.0532187,0.9983825,-0.02000476,0.0,-0.9941047,0.05486454,0.09351993,0.0,-1.114186,-1.566745,-0.6359466,1.0,-0.0944662,0.0532187,-0.9941044,0.0,-0.01490981,0.9983825,0.05486453,0.0,-0.9954164,-0.02000475,0.09351991,0.0,-0.7616445,1.610785,-0.9621851,1.0,0.5778832,0.6436581,-0.1168874,-0.1790922,0.976864,0.0004137876,-0.003177552,-0.02748126,49.28889,3076.0,-0.175,-0.246
1.0,-0.08321483,-0.1283679,0.9999335,-0.1641505,-0.259495,0.9999148,-0.1236826,-0.1939321,0.9999243,-0.0943892,-0.01510272,-0.9954209,0.0,0.05317508,0.9983811,-0.02018986,0.0,-0.9941144,0.05483728,0.09343326,0.0,-1.114043,-1.566885,-0.6356866,1.0,-0.09438913,0.05317507,-0.9941141,0.0,-0.0151027,0.998381,0.05483728,0.0,-0.9954208,-0.02018987,0.09343328,0.0,-0.7615934,1.610753,-0.9621682,1.0,0.6172473,0.6549127,-0.1179231,-0.1812743,0.9763369,0.0004094159,-0.003174614,-0.02748763,49.3,3077.0,-0.175,-0.246
1.0,-0.08039972,-0.1317206,0.9999427,-0.1629357,-0.2594496,0.9999434,-0.1216677,-0.1955851,0.9999431,-0.09439814,-0.0150518,-0.9954208,0.0,0.05349306,0.9983645,-0.02016919,0.0,-0.9940964,0.05515204,0.09343863,0.0,-1.114529,-1.566532,-0.6355436,1.0,-0.09439816,0.05349305,-0.9940962,0.0,-0.0150518,0.9983645,0.05515203,0.0,-0.9954207,-0.02016919,0.09343857,0.0,-0.7614218,1.610771,-0.9621674,1.0,0.5258839,0.6407729,-0.1159963,-0.1828306,0.9762775,0.0004062811,-0.003174965,-0.02748641,49.32222,3078.0,-0.175,-0.246
1.0,-0.0787707,-0.1316585,1.000018,-0.1628866,-0.2595047,1.000033,-0.1208286,-0.195581,1.000026,-0.09450257,-0.01483235,-0.9954142,0.0,0.05391508,0.9983453,-0.01999461,0.0,-0.9940637,0.05555737,0.09354651,0.0,-1.115215,-1.565899,-0.6357183,1.0,-0.09450255,0.05391507,-0.9940634,0.0,-0.01483235,0.9983453,0.05555737,0.0,-0.9954141,-0.01999461,0.09354649,0.0,-0.7614196,1.610724,-0.9621276,1.0,0.5420763,0.6681174,-0.1151966,-0.1828297,0.9763724,0.0004017493,-0.003174996,-0.02748641,49.33334,3079.0,-0.175,-0.246
1.0,-0.07979643,-0.1349132,0.9999603,-0.163326,-0.2594169,0.9999765,-0.121561,-0.1971647,0.9999683,-0.09449375,-0.01469006,-0.9954171,0.0,0.05412169,0.9983366,-0.01987085,0.0,-0.9940532,0.05575132,0.0935415,0.0,-1.11555,-1.565552,-0.6358672,1.0,-0.09449372,0.05412168,-0.9940532,0.0,-0.01469006,0.9983366,0.05575132,0.0,-0.9954171,-0.01987085,0.09354151,0.0,-0.7613636,1.610688,-0.9621543,1.0,0.5874348,0.661351,-0.1158534,-0.1842789,0.9760221,0.0003973544,-0.003174996,-0.02748641,49.34444,3080.0,-0.175,-0.246
1.0,-0.08033947,-0.1338343,1.000042,-0.1610762,-0.2596336,1.000028,-0.120708,-0.1967343,1.000035,-0.09503388,-0.01450251,-0.9953685,0.0,0.0541664,0.9983372,-0.01971736,0.0,-0.9939994,0.05578933,0.09409034,0.0,-1.116022,-1.565317,-0.6357481,1.0,-0.09503388,0.05416638,-0.9939991,0.0,-0.0145025,0.9983372,0.05578933,0.0,-0.9953682,-0.01971736,0.09409028,0.0,-0.7615644,1.610629,-0.9621794,1.0,0.5772126,0.6203372,-0.115053,-0.1838892,0.9761903,0.0003944933,-0.003176315,-0.02748396,49.36667,3081.0,-0.175,-0.246
1.0,-0.08168224,-0.1342531,0.9999956,-0.1611558,-0.259292,1.00002,-0.121419,-0.1967717,1.000008,-0.09522736,-0.01418732,-0.9953546,0.0,0.0540912,0.9983474,-0.01940499,0.0,-0.993985,0.0556878,0.09430265,0.0,-1.116061,-1.565177,-0.6360041,1.0,-0.09522741,0.05409119,-0.9939848,0.0,-0.01418732,0.9983475,0.0556878,0.0,-0.9953542,-0.01940499,0.09430256,0.0,-0.7615348,1.610618,-0.9622099,1.0,0.5463246,0.626371,-0.1157148,-0.1839121,0.9761078,0.0003870241,-0.003178848,-0.02748037,49.37778,3082.0,-0.175,-0.246
1.0,-0.08158364,-0.1305188,0.9998598,-0.1601322,-0.2594926,0.9998422,-0.120858,-0.1950061,0.9998509,-0.0957942,-0.01404314,-0.9953021,0.0,0.05326889,0.9983953,-0.01921372,0.0,-0.9939748,0.0548592,0.09489238,0.0,-1.115371,-1.565918,-0.6353633,1.0,-0.09579416,0.05326889,-0.9939747,0.0,-0.01404314,0.9983954,0.05485919,0.0,-0.9953021,-0.01921372,0.09489242,0.0,-0.7612149,1.610612,-0.9624541,1.0,0.5650641,0.6399364,-0.115241,-0.1823283,0.9764609,0.0003865361,-0.003178848,-0.02747962,49.41111,3083.0,-0.175,-0.246
1.0,-0.08166233,-0.1295156,0.9999586,-0.1587109,-0.2594968,0.9999741,-0.1201867,-0.1945057,0.9999663,-0.09583998,-0.01394436,-0.9952991,0.0,0.0527375,0.9984264,-0.01906641,0.0,-0.9939988,0.05431691,0.09495378,0.0,-1.114607,-1.566403,-0.6354827,1.0,-0.09583997,0.0527375,-0.9939986,0.0,-0.01394436,0.9984264,0.0543169,0.0,-0.995299,-0.0190664,0.09495376,0.0,-0.7611617,1.610604,-0.9624943,1.0,0.5215492,0.6489635,-0.1146085,-0.1818626,0.9766222,0.0003863145,-0.003178848,-0.02747958,49.43333,3084.0,-0.175,-0.246
1.0,-0.0814921,-0.1278133,0.9997901,-0.1574189,-0.2595651,0.9997724,-0.1194557,-0.19369,0.9997813,-0.09648323,-0.01372995,-0.99524,0.0,0.05247367,0.9984442,-0.0188612,0.0,-0.9939505,0.05404368,0.09561265,0.0,-1.114701,-1.56652,-0.6349461,1.0,-0.09648322,0.05247368,-0.9939505,0.0,-0.01372995,0.9984442,0.05404368,0.0,-0.9952399,-0.0188612,0.09561266,0.0,-0.7609819,1.6106,-0.9625885,1.0,0.5394852,0.6444118,-0.1139585,-0.1811586,0.976829,0.0003863145,-0.003178299,-0.02747943,49.44445,3085.0,-0.175,-0.246
1.0,-0.0812818,-0.1227698,0.9999429,-0.156934,-0.2540957,0.9999371,-0.1191078,-0.188433,0.99994,-0.09682631,-0.01357107,-0.9952089,0.0,0.05252802,0.9984438,-0.01872576,0.0,-0.9939144,0.05408949,0.09596276,0.0,-1.115016,-1.566337,-0.6347554,1.0,-0.09682627,0.05252802,-0.9939141,0.0,-0.01357106,0.9984439,0.05408949,0.0,-0.9952086,-0.01872577,0.09596276,0.0,-0.7609338,1.610583,-0.9625951,1.0,0.5504265,0.6451375,-0.1137179,-0.1762986,0.9777459,0.0003875578,-0.003177178,-0.02748127,49.46667,3086.0,-0.175,-0.246
