flag,xl,yl,zl,xr,yr,zr,xc,yc,zc,mat_00,mat_10,mat_20,mat_30,mat_01,mat_11,mat_21,mat_31,mat_02,mat_12,mat_22,mat_32,mat_03,mat_13,mat_23,mat_33,ctw_00,ctw_10,ctw_20,ctw_30,ctw_01,ctw_11,ctw_21,ctw_31,ctw_02,ctw_12,ctw_22,ctw_32,ctw_03,ctw_13,ctw_23,ctw_33,opennessl,opennessr,ray_x,ray_y,ray_z,eye_x,eye_y,eye_z,time,frame
6,-0.1363674,-0.0907645,0.9998204,-0.1805696,-0.1441921,0.9998039,-0.1584684,-0.1174784,0.9998122,-0.7775379,0.04183802,0.627443,0,0.05486644,0.9984927,0.001411725,0,0.6264382,-0.03552323,0.7786614,0,0.1216501,-1.690056,1.325284,1,-0.7775376,0.05486644,0.626438,0,0.04183801,0.9984928,-0.03552323,0,0.6274428,0.001411728,0.7786612,0,-0.6662436,1.678963,-1.16819,1,1.0,1.0,-0.1498961,-0.1093222,0.9826393,-0.002000283,-0.003363426,-0.0259131,12.98889,761
6,-0.1380432,-0.09082675,0.9997776,-0.1804107,-0.144751,0.9997651,-0.1592268,-0.117789,0.9997714,-0.7774017,0.04201818,0.6275994,0,0.05494112,0.9984888,0.00120561,0,0.6266003,-0.03541826,0.7785355,0,0.1216608,-1.689785,1.325887,1,-0.7774017,0.05494113,0.6266004,0,0.04201818,0.9984888,-0.03541826,0,0.6275994,0.00120561,0.7785355,0,-0.6665451,1.678949,-1.168332,1,1.0,1.0,-0.150608,-0.1096112,0.9824981,-0.001999084,-0.003360497,-0.02591324,13.01111,762
6,-0.1393476,-0.08951203,0.9995805,-0.1800741,-0.1455003,0.9995812,-0.1597108,-0.1175061,0.9995809,-0.7773592,0.04190044,0.6276601,0,0.054843,0.9984942,0.001267197,0,0.6266618,-0.03540783,0.7784866,0,0.1217245,-1.689884,1.326182,1,-0.777359,0.054843,0.6266618,0,0.04190043,0.9984941,-0.03540783,0,0.62766,0.001267197,0.7784865,0,-0.6669612,1.678983,-1.16853,1,1.0,1.0,-0.1510941,-0.1093562,0.9824519,-0.001997757,-0.003359696,-0.02591142,13.03333,763
6,-0.1386617,-0.08995535,0.9998645,-0.1803368,-0.1462244,0.9998627,-0.1594994,-0.1180901,0.9998636,-0.7772429,0.04163031,0.627822,0,0.05452669,0.9985115,0.001293575,0,0.6268337,-0.03523847,0.778356,0,0.1224805,-1.689966,1.326356,1,-0.7772428,0.05452668,0.6268336,0,0.0416303,0.9985114,-0.03523847,0,0.6278219,0.00129357,0.7783558,0,-0.6671647,1.679056,-1.168704,1,1.0,1.0,-0.1508494,-0.1098854,0.9824305,-0.001995513,-0.003357636,-0.02590665,13.05556,764
6,-0.1390943,-0.09012329,0.9998987,-0.1811743,-0.148069,0.9999075,-0.1601343,-0.119096,0.999903,-0.7772013,0.04127822,0.627897,0,0.05424833,0.9985263,0.001504183,0,0.6269096,-0.03523141,0.7782952,0,0.1229755,-1.690193,1.326091,1,-0.777201,0.05424832,0.6269094,0,0.04127822,0.9985264,-0.03523141,0,0.6278968,0.001504189,0.778295,0,-0.6673033,1.679037,-1.168732,1,1.0,1.0,-0.1514225,-0.1108221,0.982237,-0.001995018,-0.00335804,-0.02590399,13.06667,765
6,-0.1382465,-0.09040894,0.9998217,-0.181158,-0.1478648,0.9998281,-0.1597024,-0.1191368,0.9998249,-0.7770276,0.04080954,0.6281424,0,0.05403366,0.9985372,0.001967384,0,0.6271433,-0.03546954,0.7780961,0,0.1237296,-1.690858,1.325557,1,-0.7770276,0.05403365,0.627143,0,0.04080954,0.9985371,-0.03546953,0,0.6281422,0.001967382,0.7780958,0,-0.6674942,1.679091,-1.168981,1,1.0,1.0,-0.1510311,-0.1108746,0.9822914,-0.001992859,-0.003359864,-0.02590277,13.08889,766
6,-0.1393034,-0.08930707,0.9998845,-0.1812654,-0.1479099,0.9999003,-0.1602846,-0.1186083,0.9998924,-0.7770261,0.04064406,0.628155,0,0.05403988,0.9985363,0.002238011,0,0.6271446,-0.03568441,0.7780851,0,0.1237139,-1.691211,1.325238,1,-0.7770259,0.05403988,0.6271445,0,0.04064406,0.9985363,-0.03568441,0,0.6281549,0.002238014,0.7780851,0,-0.6675886,1.679084,-1.169085,1,1.0,1.0,-0.1515759,-0.1103577,0.9822657,-0.001991974,-0.003360283,-0.0259013,13.1,767
6,-0.139248,-0.08941825,0.9998603,-0.181333,-0.1484086,0.9998569,-0.1602906,-0.1189135,0.9998588,-0.7769741,0.04068928,0.6282166,0,0.05430316,0.9985214,0.002488021,0,0.6271865,-0.03604727,0.7780348,0,0.123431,-1.69149,1.324981,1,-0.7769737,0.05430314,0.6271861,0,0.04068927,0.9985214,-0.03604725,0,0.6282163,0.002488025,0.7780344,0,-0.6676463,1.67899,-1.169268,1,1.0,1.0,-0.1515839,-0.1106493,0.9822316,-0.001989861,-0.003361222,-0.02589743,13.12222,768
6,-0.1392889,-0.09037633,0.999984,-0.1814604,-0.1489868,0.999988,-0.1603748,-0.1196817,0.9999862,-0.7769462,0.04065922,0.6282529,0,0.05434238,0.998519,0.002581909,0,0.6272174,-0.03614676,0.7780051,0,0.123504,-1.691647,1.324832,1,-0.7769461,0.05434238,0.6272173,0,0.04065922,0.9985191,-0.03614676,0,0.6282527,0.002581913,0.7780049,0,-0.6675921,1.67901,-1.169337,1,1.0,1.0,-0.1516366,-0.1113586,0.9821433,-0.001985588,-0.003363983,-0.02589327,13.13333,769
6,-0.1390135,-0.09081437,0.9998831,-0.1814129,-0.1498338,0.9998828,-0.1602131,-0.1203241,0.9998828,-0.776997,0.04071513,0.6281865,0,0.05436146,0.9985182,0.002521368,0,0.6271529,-0.03610822,0.7780589,0,0.1233886,-1.691546,1.325075,1,-0.7769968,0.05436145,0.6271528,0,0.04071512,0.9985181,-0.03610821,0,0.6281863,0.002521363,0.7780587,0,-0.6676496,1.67899,-1.169448,1,1.0,1.0,-0.1514919,-0.1119791,0.9820952,-0.001983779,-0.003365563,-0.02589315,13.14444,770
6,-0.1378127,-0.09239677,0.9999374,-0.1814263,-0.1493126,0.9999558,-0.1596196,-0.1208545,0.9999466,-0.7770902,0.04094313,0.6280565,0,0.05471944,0.9984984,0.002611676,0,0.6270065,-0.0363964,0.7781637,0,0.1226786,-1.691665,1.325061,1,-0.7770898,0.05471942,0.6270061,0,0.04094313,0.9984984,-0.03639638,0,0.6280561,0.002611675,0.7781632,0,-0.6676183,1.678952,-1.169604,1,1.0,1.0,-0.1509221,-0.1124769,0.982126,-0.001980736,-0.003371987,-0.02588651,13.16667,771
6,-0.1366624,-0.09128942,0.9998376,-0.1775841,-0.1592322,0.9998754,-0.1571234,-0.1252603,0.9998565,-0.7773235,0.04078076,0.6277782,0,0.05477335,0.9984944,0.002958441,0,0.6267124,-0.03668518,0.7783868,0,0.1221302,-1.692031,1.324798,1,-0.7773232,0.05477335,0.6267122,0,0.04078075,0.9984944,-0.03668517,0,0.6277779,0.002958445,0.7783866,0,-0.667742,1.678875,-1.169818,1,1.0,1.0,-0.1485503,-0.1166913,0.9819959,-0.001971382,-0.003383293,-0.02578407,13.18889,772
6,-0.1370358,-0.09087521,0.9999626,-0.1773908,-0.1595409,0.9999873,-0.1572133,-0.1252077,0.9999748,-0.7773973,0.04062187,0.6276971,0,0.05480508,0.9984918,0.003257478,0,0.626618,-0.03693334,0.7784511,0,0.1219563,-1.69242,1.324398,1,-0.777397,0.05480507,0.6266179,0,0.04062187,0.9984918,-0.03693333,0,0.6276969,0.00325748,0.7784508,0,-0.6677626,1.678869,-1.169905,1,1.0,1.0,-0.1486206,-0.1166243,0.9819932,-0.001971222,-0.003387635,-0.02577165,13.2,773
6,-0.1366604,-0.09022532,0.9999183,-0.1775022,-0.1565841,0.9999276,-0.1570815,-0.1234045,0.9999231,-0.7774312,0.040457,0.6276654,0,0.0546829,0.9984981,0.003371149,0,0.6265863,-0.0369434,0.7784759,0,0.1220391,-1.692472,1.324313,1,-0.7774312,0.0546829,0.6265864,0,0.040457,0.9984981,-0.0369434,0,0.6276655,0.003371147,0.778476,0,-0.6678761,1.678792,-1.16994,1,1.0,1.0,-0.1485341,-0.1149275,0.9822063,-0.001971222,-0.003388932,-0.0257686,13.21111,774
6,-0.1366856,-0.09128916,0.9999787,-0.1774586,-0.1565901,0.9999833,-0.1570722,-0.1239398,0.999981,-0.7776718,0.04030345,0.6273772,0,0.05480945,0.9984896,0.003795471,0,0.6262766,-0.03733783,0.7787063,0,0.1214007,-1.693073,1.323781,1,-0.7776719,0.05480946,0.6262766,0,0.04030345,0.9984897,-0.03733783,0,0.6273772,0.003795468,0.7787063,0,-0.6678634,1.678837,-1.170082,1,1.0,1.0,-0.1485093,-0.1154269,0.9821515,-0.001971222,-0.003389672,-0.02576643,13.23333,775
6,-0.1366057,-0.09085086,0.9999253,-0.1775201,-0.156873,0.9999125,-0.1570628,-0.1238622,0.9999189,-0.777651,0.04046018,0.6273932,0,0.05486997,0.9984869,0.003619291,0,0.6262974,-0.03723959,0.7786944,0,0.1213741,-1.692836,1.324128,1,-0.7776508,0.05486997,0.6262973,0,0.04046018,0.998487,-0.03723959,0,0.627393,0.003619292,0.7786942,0,-0.6678696,1.678823,-1.170148,1,1.0,1.0,-0.14851,-0.115361,0.9821591,-0.001971512,-0.003388932,-0.02576659,13.24444,776
6,-0.1368142,-0.09089851,1.000083,-0.1779367,-0.1561059,1.000076,-0.1573754,-0.1235024,1.000079,-0.7776737,0.04089706,0.6273367,0,0.05531227,0.998463,0.003476102,0,0.6262304,-0.03740269,0.7787405,0,0.1206842,-1.692662,1.324298,1,-0.7776734,0.05531226,0.6262302,0,0.04089705,0.9984631,-0.03740269,0,0.6273366,0.003476107,0.7787404,0,-0.6677026,1.678782,-1.17017,1,1.0,1.0,-0.1487843,-0.1149998,0.98216,-0.001973067,-0.003387665,-0.02576857,13.25556,777
6,-0.1374899,-0.08970127,0.9998978,-0.178235,-0.1560334,0.9998775,-0.1578624,-0.1228677,0.9998877,-0.7778331,0.04154965,0.6270959,0,0.05554207,0.9984526,0.002738189,0,0.6260118,-0.03696006,0.7789372,0,0.1199514,-1.691655,1.325722,1,-0.7778331,0.05554207,0.6260118,0,0.04154963,0.9984525,-0.03696006,0,0.627096,0.002738187,0.7789372,0,-0.6677649,1.678745,-1.170269,1,1.0,1.0,-0.149275,-0.114415,0.9821539,-0.001975799,-0.003385132,-0.02576857,13.27778,778
6,-0.1381248,-0.08960682,0.9998661,-0.1790817,-0.1554067,0.9998375,-0.158603,-0.1225071,0.9998517,-0.7777907,0.04189987,0.6271255,0,0.05567248,0.9984463,0.002338843,0,0.6260532,-0.03673276,0.7789149,0,0.1197904,-1.691241,1.326476,1,-0.7777904,0.05567247,0.6260529,0,0.04189988,0.9984464,-0.03673274,0,0.6271252,0.002338846,0.7789146,0,-0.6678321,1.678842,-1.170331,1,1.0,1.0,-0.1499769,-0.1140697,0.9820871,-0.001977913,-0.003381332,-0.02577211,13.28889,779
6,-0.1387937,-0.0893562,0.9998617,-0.1795607,-0.1555637,0.9998497,-0.1591772,-0.1224601,0.9998556,-0.777806,0.04194628,0.6271033,0,0.05530969,0.9984676,0.001815004,0,0.6260662,-0.0360966,0.7789341,0,0.1202918,-1.690452,1.327544,1,-0.7778057,0.05530967,0.6260661,0,0.04194627,0.9984676,-0.0360966,0,0.6271031,0.001815007,0.778934,0,-0.6680356,1.678799,-1.1704,1,1.0,1.0,-0.1505112,-0.1140166,0.9820115,-0.001980835,-0.003379509,-0.02577257,13.31111,780
6,-0.138837,-0.08839563,0.999913,-0.1799633,-0.1548246,0.9998994,-0.1594,-0.1216104,0.9999062,-0.7777481,0.04203305,0.6271693,0,0.05530308,0.9984682,0.001663327,0,0.6261387,-0.03597805,0.7788813,0,0.1204319,-1.690259,1.327843,1,-0.7777479,0.05530307,0.6261386,0,0.04203306,0.9984682,-0.03597803,0,0.6271692,0.001663332,0.7788811,0,-0.6680697,1.678801,-1.170451,1,1.0,1.0,-0.1507249,-0.1132081,0.9820722,-0.001982071,-0.003375542,-0.02577693,13.32222,781
6,-0.1388513,-0.08840293,1.0,-0.1799773,-0.1548392,1.0,-0.1594142,-0.121621,1.0,-0.7777481,0.04203305,0.6271693,0,0.05530308,0.9984682,0.001663327,0,0.6261387,-0.03597805,0.7788813,0,0.1204319,-1.690259,1.327843,1,-0.7777479,0.05530307,0.6261386,0,0.04203306,0.9984682,-0.03597803,0,0.6271692,0.001663332,0.7788811,0,-0.6680697,1.678801,-1.170451,1,1.0,1.0,-0.1507249,-0.1132081,0.9820722,-0.001982071,-0.003375542,-0.02577693,13.33333,782
6,-0.138328,-0.08800245,0.9999253,-0.1815161,-0.1547148,0.9999339,-0.1599221,-0.1213586,0.9999295,-0.7779875,0.04208785,0.6268686,0,0.05542612,0.9984612,0.001751142,0,0.6258303,-0.03610726,0.7791231,0,0.1196713,-1.690457,1.327975,1,-0.7779873,0.05542612,0.6258302,0,0.04208785,0.9984612,-0.03610726,0,0.6268685,0.001751148,0.779123,0,-0.6682155,1.678897,-1.170588,1,1.0,1.0,-0.1512121,-0.1129599,0.982026,-0.001983635,-0.003373863,-0.0257794,13.35556,783
6,-0.1389162,-0.08798672,1.000016,-0.1820986,-0.1546251,1.000019,-0.1605074,-0.1213057,1.000018,-0.7779118,0.04208331,0.626963,0,0.05552978,0.9984553,0.001880432,0,0.6259153,-0.03627792,0.779047,0,0.1197441,-1.690709,1.327763,1,-0.7779115,0.05552977,0.6259151,0,0.0420833,0.9984552,-0.03627791,0,0.6269628,0.001880431,0.7790468,0,-0.6681569,1.678951,-1.170674,1,1.0,1.0,-0.1517468,-0.1128909,0.9819514,-0.001984429,-0.003373863,-0.02578142,13.37778,784
6,-0.1388054,-0.08794708,0.9999444,-0.1819929,-0.1539313,0.9999477,-0.1603991,-0.1209391,0.999946,-0.777859,0.04199988,0.6270338,0,0.05550783,0.9984563,0.001981109,0,0.6259826,-0.03634631,0.7789896,0,0.1198854,-1.690866,1.327627,1,-0.777859,0.05550784,0.6259826,0,0.04199988,0.9984562,-0.03634631,0,0.6270338,0.001981108,0.7789896,0,-0.6681968,1.678971,-1.17071,1,1.0,1.0,-0.151662,-0.1125521,0.9820033,-0.001984674,-0.003375824,-0.0257815,13.38889,785
6,-0.1393781,-0.08965976,1.000015,-0.1821865,-0.1551161,0.9999895,-0.1607821,-0.1223883,1.000002,-0.7778207,0.04227158,0.627063,0,0.05557256,0.9984533,0.001625506,0,0.6260245,-0.03611185,0.7789668,0,0.1198988,-1.690419,1.328162,1,-0.7778208,0.05557257,0.6260245,0,0.04227158,0.9984534,-0.03611185,0,0.6270631,0.001625506,0.7789668,0,-0.6681252,1.678983,-1.170698,1,1.0,1.0,-0.1519888,-0.1139089,0.9817964,-0.001984291,-0.003376671,-0.02578,13.4,786
6,-0.1391715,-0.0891697,0.999899,-0.1810206,-0.1560581,0.9998844,-0.1600959,-0.1226142,0.9998917,-0.7777331,0.0425878,0.6271504,0,0.05583981,0.9984387,0.001446474,0,0.6261096,-0.03614493,0.7788969,0,0.1196109,-1.690221,1.328556,1,-0.777733,0.05583981,0.6261095,0,0.0425878,0.9984387,-0.03614493,0,0.6271503,0.001446476,0.7788968,0,-0.6681962,1.678982,-1.170791,1,1.0,1.0,-0.1513592,-0.1141434,0.9818664,-0.001984244,-0.003378662,-0.02578187,13.42222,787
6,-0.1392057,-0.08941927,0.9997845,-0.1825525,-0.1568262,0.9997766,-0.1608792,-0.1231229,0.9997807,-0.7776613,0.04253982,0.6272427,0,0.05574549,0.998444,0.001398942,0,0.6262073,-0.03605385,0.7788227,0,0.1198555,-1.690105,1.328806,1,-0.7776611,0.05574548,0.6262071,0,0.04253981,0.998444,-0.03605385,0,0.6272426,0.001398939,0.7788225,0,-0.6683798,1.678934,-1.170893,1,1.0,1.0,-0.1520989,-0.114621,0.9816965,-0.00198417,-0.003380425,-0.02577992,13.43333,788
6,-0.1390261,-0.08936204,0.999905,-0.1825379,-0.1568602,0.9998955,-0.1607818,-0.1231113,0.9999002,-0.7775879,0.04235688,0.627346,0,0.0556284,0.9984503,0.001537796,0,0.6263087,-0.03609402,0.7787391,0,0.1202142,-1.690297,1.328673,1,-0.7775879,0.0556284,0.6263086,0,0.04235688,0.9984503,-0.03609402,0,0.627346,0.001537795,0.7787391,0,-0.6684651,1.678947,-1.170991,1,1.0,1.0,-0.1519914,-0.1145985,0.9817157,-0.001983879,-0.003380783,-0.02577973,13.45556,789
6,-0.1371285,-0.08879497,0.9999509,-0.1825534,-0.1572606,0.9999574,-0.159841,-0.1230277,0.9999541,-0.7775608,0.04218769,0.6273912,0,0.05551495,0.9984565,0.001663493,0,0.6263527,-0.03612306,0.7787026,0,0.1204627,-1.690444,1.328504,1,-0.7775604,0.05551494,0.6263524,0,0.04218768,0.9984564,-0.03612304,0,0.627391,0.001663502,0.7787024,0,-0.6685082,1.678937,-1.171025,1,1.0,1.0,-0.1511055,-0.1145289,0.9818606,-0.001983727,-0.003381699,-0.02577973,13.46667,790
6,-0.1374806,-0.08916508,1.000083,-0.1811149,-0.1576773,1.000099,-0.1592977,-0.1234211,1.000091,-0.7777143,0.04211764,0.6272054,0,0.05549212,0.9984576,0.001760736,0,0.6261638,-0.03617431,0.7788519,0,0.1202368,-1.690529,1.328349,1,-0.7777143,0.05549212,0.6261638,0,0.04211764,0.9984576,-0.03617431,0,0.6272055,0.001760734,0.778852,0,-0.6684369,1.67891,-1.171029,1,1.0,1.0,-0.1505721,-0.114893,0.9819,-0.001982987,-0.003383301,-0.02577868,13.48889,791
6,-0.1372557,-0.08894238,0.9999344,-0.1794525,-0.1571844,0.999949,-0.1583543,-0.1230631,0.9999418,-0.7776101,0.04180329,0.6273558,0,0.05534641,0.9984651,0.002070265,0,0.6263062,-0.03633174,0.7787302,0,0.1207131,-1.690932,1.327857,1,-0.7776099,0.0553464,0.6263062,0,0.04180329,0.9984651,-0.03633174,0,0.6273556,0.002070264,0.7787301,0,-0.6684846,1.678907,-1.17108,1,1.0,1.0,-0.1497182,-0.1145846,0.9820666,-0.00198143,-0.00338607,-0.02577742,13.5,792
6,-0.1380045,-0.08816493,0.9998797,-0.1803954,-0.1565691,0.9999186,-0.1592002,-0.1223663,0.9998989,-0.7775804,0.04128604,0.6274267,0,0.05524046,0.9984693,0.002758976,0,0.6263524,-0.03680466,0.7786708,0,0.1208658,-1.691755,1.326923,1,-0.7775803,0.05524046,0.6263523,0,0.04128604,0.9984693,-0.03680466,0,0.6274266,0.002758974,0.7786707,0,-0.6687182,1.678828,-1.171205,1,1.0,1.0,-0.1505288,-0.1139136,0.9820208,-0.001980317,-0.003389427,-0.02577374,13.52222,793
6,-0.1370825,-0.08823971,0.9999366,-0.1806952,-0.1568407,0.9999411,-0.1588888,-0.1225403,0.9999388,-0.7776479,0.04127057,0.6273444,0,0.05521994,0.9984704,0.002764376,0,0.6262707,-0.03679162,0.7787373,0,0.1207697,-1.691754,1.327015,1,-0.7776476,0.05521993,0.6262705,0,0.04127057,0.9984704,-0.03679162,0,0.6273441,0.002764378,0.778737,0,-0.6687591,1.678829,-1.171273,1,1.0,1.0,-0.1502303,-0.1140769,0.9820475,-0.001979453,-0.003391701,-0.02577284,13.53333,794
6,-0.136125,-0.08776028,0.9999183,-0.1810834,-0.1569759,0.9999311,-0.1586043,-0.122368,0.9999248,-0.7775565,0.04121897,0.6274608,0,0.05537476,0.9984611,0.003030423,0,0.6263703,-0.03710182,0.7786424,0,0.1206874,-1.692144,1.326623,1,-0.7775564,0.05537476,0.6263701,0,0.04121896,0.998461,-0.03710181,0,0.6274607,0.003030427,0.7786422,0,-0.6688141,1.678837,-1.171341,1,1.0,1.0,-0.1499702,-0.1139206,0.9821054,-0.001978226,-0.003391701,-0.02577155,13.54445,795
6,-0.1370086,-0.08770941,0.9999383,-0.1804598,-0.156754,0.9999442,-0.1587343,-0.1222316,0.9999412,-0.7775009,0.04106222,0.6275399,0,0.05526876,0.9984666,0.003142832,0,0.6264485,-0.03712691,0.778578,0,0.1210033,-1.692244,1.326507,1,-0.7775009,0.05526876,0.6264485,0,0.04106222,0.9984666,-0.0371269,0,0.6275398,0.003142832,0.778578,0,-0.6688684,1.678792,-1.171419,1,1.0,1.0,-0.1500929,-0.1137874,0.9821022,-0.001977685,-0.003392456,-0.02576515,13.56667,796
6,-0.1379455,-0.08770888,0.9999555,-0.1798779,-0.1570223,0.9999667,-0.1589119,-0.1223654,0.9999611,-0.777611,0.0409434,0.6274111,0,0.05516226,0.9984722,0.003209913,0,0.6263211,-0.03710548,0.7786815,0,0.1208941,-1.692244,1.326502,1,-0.7776111,0.05516227,0.6263212,0,0.04094341,0.9984723,-0.03710548,0,0.6274111,0.003209911,0.7786816,0,-0.6689672,1.678732,-1.171433,1,1.0,1.0,-0.1502553,-0.1139083,0.9820632,-0.001976143,-0.003392502,-0.02576409,13.57778,797
6,-0.1381505,-0.08863889,0.9999273,-0.1797583,-0.157686,0.9999507,-0.1589546,-0.1231621,0.9999392,-0.7777184,0.04065818,0.6272967,0,0.05526598,0.9984644,0.003803018,0,0.6261789,-0.03762585,0.7787712,0,0.1203648,-1.692985,1.325708,1,-0.7777182,0.05526597,0.6261787,0,0.04065817,0.9984645,-0.03762584,0,0.6272966,0.003803021,0.778771,0,-0.6691685,1.678692,-1.171493,1,1.0,1.0,-0.1502856,-0.1146632,0.9819707,-0.00197609,-0.003392449,-0.02576248,13.6,798
6,-0.1381404,-0.08775648,0.9999419,-0.1794451,-0.1574687,0.9999571,-0.1587927,-0.1226123,0.9999495,-0.7777349,0.04027405,0.6273012,0,0.05494406,0.9984813,0.004015643,0,0.6261868,-0.03758958,0.7787666,0,0.1208809,-1.693195,1.325426,1,-0.7777346,0.05494405,0.6261866,0,0.04027404,0.9984813,-0.03758957,0,0.6273009,0.004015645,0.7787663,0,-0.6692362,1.67866,-1.171538,1,1.0,1.0,-0.1501424,-0.1141465,0.9820529,-0.001975646,-0.003391319,-0.02576164,13.61111,799
6,-0.1383904,-0.087616,0.9999765,-0.1799737,-0.1575684,1.000014,-0.1591824,-0.1225916,0.9999954,-0.7779132,0.03993255,0.6271017,0,0.05480738,0.9984872,0.00440638,0,0.625977,-0.03779758,0.7789251,0,0.1207289,-1.693608,1.324918,1,-0.7779131,0.05480738,0.625977,0,0.03993254,0.9984872,-0.03779757,0,0.6271015,0.004406377,0.7789249,0,-0.6693112,1.678591,-1.171599,1,1.0,1.0,-0.1505014,-0.114117,0.9820013,-0.001975273,-0.003390282,-0.02576122,13.62222,800
6,-0.1388152,-0.08757065,0.9999653,-0.1805952,-0.1572153,0.9999746,-0.1597055,-0.1223927,0.9999698,-0.7777722,0.03970778,0.6272909,0,0.05473871,0.9984898,0.004665188,0,0.6261583,-0.03796555,0.7787712,0,0.1211555,-1.693923,1.324457,1,-0.7777721,0.05473871,0.6261582,0,0.03970778,0.9984899,-0.03796554,0,0.6272908,0.004665188,0.778771,0,-0.6693262,1.678554,-1.171622,1,1.0,1.0,-0.1509967,-0.1139246,0.9819477,-0.001975968,-0.003388756,-0.02576164,13.63333,801
6,-0.1395709,-0.08696492,0.9999211,-0.1805467,-0.1564302,0.9999704,-0.160059,-0.1216967,0.9999458,-0.7778031,0.03935228,0.6272749,0,0.05482874,0.9984815,0.005346052,0,0.626112,-0.03855086,0.7787796,0,0.1207371,-1.694743,1.323459,1,-0.7778031,0.05482873,0.6261119,0,0.03935228,0.9984815,-0.03855086,0,0.6272749,0.005346049,0.7787795,0,-0.669571,1.678474,-1.171612,1,1.0,1.0,-0.1513406,-0.1132653,0.981971,-0.00197767,-0.003386856,-0.02576254,13.65556,802
6,-0.1403531,-0.08679195,0.9998806,-0.179961,-0.1578572,0.9998882,-0.1601573,-0.1223244,0.9998846,-0.7777799,0.0390692,0.6273216,0,0.05479688,0.9984809,0.00575472,0,0.6261438,-0.03885117,0.7787393,0,0.1206027,-1.695267,1.322906,1,-0.7777796,0.05479687,0.6261436,0,0.03906918,0.9984809,-0.03885116,0,0.6273214,0.005754719,0.778739,0,-0.6698523,1.67847,-1.171576,1,1.0,1.0,-0.1514296,-0.1138664,0.9818877,-0.001979432,-0.003384377,-0.02576299,13.67778,803
6,-0.1396909,-0.08740802,0.9999665,-0.1800389,-0.1579511,0.9999673,-0.1598648,-0.1226795,0.999967,-0.7777654,0.03892308,0.6273484,0,0.05463173,0.9984899,0.005780471,0,0.6261759,-0.03876898,0.7787173,0,0.1208675,-1.695258,1.322887,1,-0.7777654,0.05463173,0.626176,0,0.03892308,0.9984898,-0.03876898,0,0.6273484,0.005780473,0.7787173,0,-0.6699195,1.678447,-1.171562,1,1.0,1.0,-0.151137,-0.1142012,0.9818939,-0.001980728,-0.003380127,-0.02576338,13.68889,804
6,-0.1398205,-0.08754779,0.999928,-0.1805962,-0.1591439,0.9999273,-0.1602083,-0.1233457,0.9999276,-0.7778139,0.03908911,0.627278,0,0.05478755,0.9984817,0.005714783,0,0.6261023,-0.03881206,0.7787745,0,0.1202797,-1.695195,1.323195,1,-0.7778137,0.05478755,0.6261021,0,0.03908911,0.9984818,-0.03881206,0,0.6272779,0.005714785,0.7787744,0,-0.6701919,1.67847,-1.171571,1,1.0,1.0,-0.1514514,-0.1148333,0.9817718,-0.001981958,-0.003375809,-0.02576468,13.71111,805
6,-0.1385384,-0.08888703,0.999949,-0.1798843,-0.1569424,0.9999402,-0.1592113,-0.1229148,0.9999447,-0.7777919,0.03899121,0.6273113,0,0.05458188,0.9984936,0.005612642,0,0.6261475,-0.0386053,0.7787483,0,0.1205622,-1.694981,1.323393,1,-0.7777919,0.05458188,0.6261474,0,0.03899121,0.9984935,-0.0386053,0,0.6273113,0.005612643,0.7787483,0,-0.6703181,1.678419,-1.171515,1,1.0,1.0,-0.1505214,-0.1144449,0.9819601,-0.001983352,-0.003371033,-0.02576697,13.72222,806
6,-0.1384047,-0.08724549,0.9999667,-0.1805895,-0.1593932,0.9999657,-0.1594972,-0.1233194,0.9999661,-0.7777535,0.0387454,0.6273743,0,0.05429353,0.9985091,0.005641503,0,0.6262203,-0.03845006,0.7786975,0,0.1210082,-1.695015,1.323353,1,-0.7777532,0.05429352,0.6262203,0,0.0387454,0.998509,-0.03845005,0,0.6273742,0.005641509,0.7786975,0,-0.6704489,1.678452,-1.171443,1,1.0,1.0,-0.1507789,-0.1148226,0.9818765,-0.001983376,-0.00336789,-0.02576824,13.73333,807
6,-0.1381761,-0.08751923,1.000044,-0.1794264,-0.1586276,1.000036,-0.1588011,-0.1230738,1.00004,-0.7777948,0.03833473,0.6273484,0,0.0536284,0.9985459,0.005472071,0,0.6262264,-0.03789983,0.7787198,0,0.1219966,-1.694691,1.323631,1,-0.7777947,0.05362839,0.6262262,0,0.03833473,0.998546,-0.03789983,0,0.6273481,0.005472073,0.7787194,0,-0.6705233,1.678441,-1.171363,1,1.0,1.0,-0.1501215,-0.1145951,0.9820038,-0.001983322,-0.003366936,-0.02576859,13.75556,808
6,-0.1381518,-0.08716474,1.000024,-0.1783884,-0.1571717,1.000051,-0.1582704,-0.122168,1.000038,-0.7779161,0.03780693,0.62723,0,0.05318724,0.9985679,0.005775254,0,0.6261134,-0.03785329,0.7788128,0,0.1224276,-1.695039,1.323176,1,-0.7779158,0.05318723,0.6261133,0,0.03780692,0.9985678,-0.03785329,0,0.6272299,0.005775258,0.7788127,0,-0.6706131,1.678459,-1.171323,1,1.0,1.0,-0.1496399,-0.1137483,0.9821757,-0.001983292,-0.003366936,-0.02576787,13.76667,809
6,-0.1381218,-0.08746804,1.000018,-0.1784211,-0.1589318,1.000033,-0.1582716,-0.1231997,1.000026,-0.777922,0.03749543,0.6272411,0,0.05303521,0.9985741,0.006082652,0,0.6261187,-0.03799769,0.7788014,0,0.1228497,-1.695458,1.322554,1,-0.777922,0.05303521,0.6261187,0,0.03749543,0.998574,-0.03799769,0,0.6272411,0.006082652,0.7788014,0,-0.6704211,1.678481,-1.171349,1,1.0,1.0,-0.149626,-0.1147247,0.9820643,-0.001983292,-0.003366936,-0.02576631,13.78889,810
6,-0.1381242,-0.08869585,1.000134,-0.1784704,-0.1596409,1.000159,-0.1582973,-0.1241681,1.000146,-0.777923,0.03735107,0.6272488,0,0.0531375,0.9985664,0.006439781,0,0.6261091,-0.03834008,0.7787925,0,0.1228002,-1.695953,1.321849,1,-0.7779227,0.05313748,0.6261089,0,0.03735106,0.9985664,-0.03834007,0,0.6272486,0.006439785,0.7787923,0,-0.6702533,1.678484,-1.171355,1,1.0,1.0,-0.1496176,-0.1156247,0.9819601,-0.001983124,-0.003368172,-0.02576625,13.8,811
6,-0.1384652,-0.08959202,1.000045,-0.1800662,-0.1596097,1.000054,-0.1592657,-0.1246005,1.000049,-0.7778472,0.03751966,0.6273327,0,0.05342265,0.9985507,0.006518656,0,0.626179,-0.03858429,0.7787242,0,0.1224861,-1.69605,1.321622,1,-0.7778468,0.05342264,0.6261789,0,0.03751965,0.9985507,-0.03858428,0,0.6273326,0.006518654,0.7787241,0,-0.6701857,1.678433,-1.171318,1,1.0,1.0,-0.1505314,-0.1160272,0.9817729,-0.001982033,-0.00336937,-0.02576366,13.82222,812
6,-0.1386339,-0.09010495,0.9999655,-0.1784715,-0.1594983,0.9999561,-0.1585525,-0.1248018,0.9999609,-0.7777058,0.03758286,0.6275042,0,0.05349971,0.9985467,0.006500004,0,0.626348,-0.03862638,0.7785861,0,0.1226137,-1.695991,1.32161,1,-0.7777056,0.05349969,0.6263478,0,0.03758286,0.9985467,-0.03862637,0,0.6275041,0.00650001,0.7785861,0,-0.670218,1.678376,-1.171296,1,1.0,1.0,-0.1498751,-0.116236,0.9818486,-0.001980546,-0.003372017,-0.02576215,13.83333,813
6,-0.1375944,-0.08913922,1.000029,-0.1789923,-0.1597649,1.000023,-0.1582934,-0.1244522,1.000026,-0.7777889,0.03783371,0.6273862,0,0.05367921,0.9985381,0.006332116,0,0.6262295,-0.03860264,0.7786828,0,0.1220845,-1.695772,1.321901,1,-0.7777886,0.0536792,0.6262292,0,0.03783371,0.9985382,-0.03860262,0,0.6273859,0.006332116,0.7786824,0,-0.6702286,1.67837,-1.171255,1,1.0,1.0,-0.1496301,-0.115899,0.9819258,-0.00197908,-0.00337587,-0.02576221,13.84445,814
6,-0.137248,-0.08653829,1.000031,-0.1778169,-0.1586829,1.000026,-0.1575325,-0.1226107,1.000029,-0.7778592,0.03805386,0.6272855,0,0.05394017,0.9985242,0.006313151,0,0.6261195,-0.03874663,0.7787639,0,0.1213462,-1.695725,1.322021,1,-0.7778591,0.05394017,0.6261194,0,0.03805387,0.9985242,-0.03874663,0,0.6272854,0.006313154,0.7787638,0,-0.6703655,1.678331,-1.171223,1,1.0,1.0,-0.1489486,-0.1141638,0.9822326,-0.001978684,-0.003384384,-0.02576277,13.86667,815
6,-0.1372048,-0.08607155,1.000122,-0.1780031,-0.1590132,1.000139,-0.1576039,-0.1225421,1.00013,-0.778012,0.03813551,0.627091,0,0.05412031,0.9985138,0.006422384,0,0.625914,-0.03893505,0.7789196,0,0.1207086,-1.695889,1.321812,1,-0.7780119,0.05412031,0.625914,0,0.03813551,0.9985138,-0.03893505,0,0.6270909,0.006422388,0.7789196,0,-0.6703099,1.678346,-1.171168,1,1.0,1.0,-0.1490029,-0.1140833,0.9822337,-0.001978241,-0.003388085,-0.0257633,13.87778,816
6,-0.1368067,-0.08622357,1.000071,-0.1803112,-0.1591175,1.00007,-0.158559,-0.1226704,1.000071,-0.7781506,0.03827226,0.6269109,0,0.05421023,0.9985095,0.006330242,0,0.6257342,-0.03891087,0.7790655,0,0.1202785,-1.695757,1.321894,1,-0.7781503,0.05421022,0.625734,0,0.03827225,0.9985094,-0.03891085,0,0.6269107,0.006330245,0.7790652,0,-0.6702142,1.678342,-1.171087,1,1.0,1.0,-0.1499022,-0.1141949,0.982084,-0.001978883,-0.003388512,-0.02576412,13.9,817
6,-0.1365481,-0.08628553,1.000107,-0.1803434,-0.1587499,1.000134,-0.1584462,-0.1225173,1.00012,-0.7784572,0.03825511,0.6265312,0,0.05424915,0.9985067,0.006436473,0,0.6253493,-0.0389993,0.77937,0,0.1195031,-1.695891,1.321785,1,-0.7784569,0.05424915,0.6253491,0,0.0382551,0.9985067,-0.03899929,0,0.6265309,0.006436472,0.7793697,0,-0.6702349,1.678369,-1.171029,1,1.0,1.0,-0.1497927,-0.1140469,0.9821178,-0.00197828,-0.003388733,-0.0257649,13.91111,818
6,-0.1364142,-0.08663224,1.000052,-0.1803537,-0.1579118,1.000087,-0.158384,-0.1222713,1.00007,-0.7785777,0.0378706,0.6264047,0,0.05405695,0.9985145,0.00682175,0,0.6252158,-0.03917278,0.7794683,0,0.1195588,-1.696326,1.321175,1,-0.7785774,0.05405694,0.6252157,0,0.0378706,0.9985146,-0.03917278,0,0.6264045,0.006821751,0.7794681,0,-0.6702629,1.67833,-1.171013,1,1.0,1.0,-0.1497458,-0.113821,0.9821513,-0.001978517,-0.003388733,-0.02576541,13.92222,819
6,-0.1363586,-0.08671639,1.0001,-0.1805848,-0.1570558,1.00011,-0.1584718,-0.1218858,1.000105,-0.7789576,0.03765015,0.6259456,0,0.05374914,0.9985311,0.006827177,0,0.6247691,-0.03896211,0.7798371,0,0.1190384,-1.696117,1.32134,1,-0.7789573,0.05374913,0.6247689,0,0.03765015,0.9985311,-0.0389621,0,0.6259454,0.006827179,0.7798368,0,-0.6705015,1.678206,-1.170885,1,1.0,1.0,-0.1498281,-0.1134505,0.9821815,-0.001978707,-0.003388733,-0.02576904,13.94444,820
6,-0.133728,-0.08668076,1.000088,-0.1836694,-0.1476861,1.000091,-0.1586989,-0.1171835,1.00009,-0.7789598,0.03785417,0.6259304,0,0.05403093,0.9985157,0.006853687,0,0.6247419,-0.03915834,0.7798489,0,0.1185117,-1.696286,1.321216,1,-0.7789598,0.05403093,0.6247418,0,0.03785418,0.9985158,-0.03915834,0,0.6259303,0.006853683,0.7798487,0,-0.6704617,1.678309,-1.170811,1,1.0,1.0,-0.150102,-0.108994,0.9826442,-0.001984864,-0.003388466,-0.0258401,13.95556,821
6,-0.1332918,-0.08625491,1.000056,-0.183467,-0.1461446,1.000027,-0.1583794,-0.1162002,1.000042,-0.7790593,0.03870217,0.6257545,0,0.05445077,0.9984982,0.006034842,0,0.6245813,-0.03877432,0.7799968,0,0.1174248,-1.695264,1.322483,1,-0.7790593,0.05445077,0.6245812,0,0.03870218,0.9984983,-0.03877432,0,0.6257545,0.006034841,0.7799966,0,-0.6704585,1.678343,-1.170606,1,1.0,1.0,-0.1498242,-0.108073,0.9827884,-0.001985306,-0.00338839,-0.0258444,13.97778,822
6,-0.133048,-0.08644104,1.000015,-0.1837199,-0.1456573,0.9999985,-0.158384,-0.1160494,1.000006,-0.7790301,0.03884997,0.625782,0,0.05445372,0.9984995,0.005799796,0,0.6246176,-0.03859437,0.7799766,0,0.1174086,-1.695045,1.322832,1,-0.7790298,0.05445372,0.6246175,0,0.03884996,0.9984994,-0.03859436,0,0.6257818,0.005799798,0.7799765,0,-0.6704867,1.678436,-1.170532,1,1.0,1.0,-0.149832,-0.1079351,0.9828023,-0.001987901,-0.003385483,-0.02585241,13.98889,823
6,-0.1333183,-0.08551277,1.000006,-0.1837674,-0.143963,0.9999754,-0.1585428,-0.1147383,0.9999909,-0.7790879,0.03925053,0.6256851,0,0.05447624,0.9985015,0.005194392,0,0.6245437,-0.03813185,0.7800587,0,0.1171786,-1.694212,1.323833,1,-0.7790875,0.05447622,0.6245434,0,0.03925051,0.9985015,-0.03813184,0,0.6256849,0.005194394,0.7800584,0,-0.6705114,1.678414,-1.170454,1,1.0,1.0,-0.1499985,-0.1066945,0.9829124,-0.001991347,-0.003382897,-0.02586188,14.0,824
6,-0.1333981,-0.08578944,1.000075,-0.183449,-0.1444026,1.000063,-0.1584233,-0.1150962,1.000069,-0.779042,0.03964943,0.6257169,0,0.05443879,0.998507,0.004506627,0,0.624604,-0.03757412,0.7800373,0,0.11733,-1.693387,1.324778,1,-0.7790419,0.05443878,0.6246039,0,0.03964942,0.9985068,-0.03757411,0,0.6257167,0.004506625,0.7800371,0,-0.6703887,1.678501,-1.170288,1,1.0,1.0,-0.1498694,-0.1070311,0.9828955,-0.001991631,-0.003378914,-0.02586814,14.02222,825
6,-0.1345961,-0.08620542,1.000147,-0.1822277,-0.1452769,1.000153,-0.1584119,-0.115741,1.00015,-0.7791375,0.03970453,0.6255945,0,0.05449089,0.9985042,0.004492925,0,0.6244804,-0.03758981,0.7801355,0,0.1171389,-1.693357,1.324706,1,-0.7791374,0.05449088,0.6244802,0,0.03970453,0.9985041,-0.0375898,0,0.6255944,0.00449293,0.7801354,0,-0.6702271,1.678489,-1.170254,1,1.0,1.0,-0.1498317,-0.1076395,0.9828348,-0.001995964,-0.00337162,-0.0258745,14.03333,826
6,-0.1351337,-0.08637014,1.000106,-0.182559,-0.1430629,1.000103,-0.1588464,-0.1147164,1.000104,-0.7792529,0.03992017,0.625437,0,0.05459796,0.9984992,0.004293561,0,0.6243269,-0.03749335,0.7802629,0,0.1166437,-1.6931,1.324986,1,-0.7792528,0.05459795,0.6243269,0,0.03992017,0.9984992,-0.03749335,0,0.625437,0.004293563,0.7802628,0,-0.6702117,1.678501,-1.170141,1,1.0,1.0,-0.1502572,-0.10667,0.9828755,-0.001997436,-0.003367371,-0.02589246,14.04445,827
6,-0.1334478,-0.08724527,1.000115,-0.182811,-0.1397911,1.000104,-0.1581293,-0.1135184,1.000109,-0.7792931,0.03997964,0.625383,0,0.05459584,0.9984997,0.004199836,0,0.6242769,-0.03741622,0.7803066,0,0.1165063,-1.692999,1.324914,1,-0.7792931,0.05459584,0.6242768,0,0.03997964,0.9984997,-0.03741622,0,0.6253831,0.004199838,0.7803066,0,-0.6701003,1.678533,-1.169916,1,1.0,1.0,-0.1496012,-0.1055447,0.9830971,-0.0019982,-0.003366867,-0.02589823,14.06667,828
6,-0.1336457,-0.09017778,1.000075,-0.1836368,-0.1407072,1.000062,-0.1586413,-0.1154427,1.000069,-0.7792789,0.04013356,0.6253911,0,0.05459924,0.9985005,0.003956964,0,0.6242945,-0.03722946,0.7803016,0,0.1166068,-1.692777,1.325221,1,-0.7792786,0.05459923,0.6242944,0,0.04013354,0.9985004,-0.03722945,0,0.6253909,0.003956967,0.7803014,0,-0.6699746,1.678628,-1.16989,1,1.0,1.0,-0.1500573,-0.1073653,0.9828303,-0.001998245,-0.003365486,-0.0258996,14.07778,829
6,-0.1354626,-0.09119019,1.000115,-0.1836957,-0.140079,1.000097,-0.1595789,-0.1156349,1.000106,-0.7792623,0.04032194,0.6253995,0,0.05455909,0.998504,0.003604444,0,0.6243186,-0.03693003,0.7802964,0,0.1167103,-1.692277,1.325661,1,-0.7792622,0.05455908,0.6243185,0,0.04032193,0.998504,-0.03693003,0,0.6253995,0.003604445,0.7802964,0,-0.6698838,1.6786,-1.169769,1,1.0,1.0,-0.1509261,-0.1075262,0.9826797,-0.001998353,-0.003367584,-0.02590254,14.08889,830
6,-0.135986,-0.09049794,1.000091,-0.1836888,-0.1396415,1.000089,-0.1598374,-0.1150699,1.00009,-0.7792404,0.04040468,0.6254216,0,0.05466338,0.9984983,0.003600603,0,0.6243369,-0.03699339,0.7802788,0,0.1165195,-1.692323,1.325567,1,-0.7792402,0.05466338,0.6243368,0,0.04040468,0.9984984,-0.03699338,0,0.6254215,0.003600613,0.7802787,0,-0.6698635,1.678639,-1.169664,1,1.0,1.0,-0.1511787,-0.1069845,0.9827,-0.001998131,-0.003371987,-0.02590743,14.1,831
6,-0.1358964,-0.0904385,1.000149,-0.1838945,-0.1399736,1.000121,-0.1598955,-0.1152063,1.000135,-0.77911,0.04109158,0.6255393,0,0.05489156,0.9984885,0.002776943,0,0.6244797,-0.03650037,0.7801878,0,0.1163318,-1.691358,1.326622,1,-0.7791098,0.05489156,0.6244795,0,0.04109158,0.9984884,-0.03650036,0,0.6255391,0.002776945,0.7801877,0,-0.6697181,1.678732,-1.169396,1,1.0,1.0,-0.1512246,-0.107108,0.9826795,-0.00199804,-0.003372673,-0.02590813,14.13333,832
6,-0.1351385,-0.09044085,1.000102,-0.18389,-0.1398577,1.000104,-0.1595142,-0.1151494,1.000103,-0.7792027,0.04120614,0.625416,0,0.0549573,0.9984851,0.002684863,0,0.6243579,-0.03646322,0.7802868,0,0.1159532,-1.691251,1.326719,1,-0.7792027,0.05495729,0.624358,0,0.04120613,0.998485,-0.03646323,0,0.625416,0.002684861,0.7802869,0,-0.6697106,1.678754,-1.169286,1,1.0,1.0,-0.1508732,-0.1070629,0.9827385,-0.001997985,-0.003372719,-0.02590847,14.14444,833
6,-0.1349166,-0.09037003,1.000054,-0.1845638,-0.1397982,1.000032,-0.1597398,-0.1150843,1.000043,-0.7790889,0.04126709,0.625554,0,0.05483883,0.9984922,0.00242896,0,0.6245105,-0.03619702,0.7801772,0,0.1163788,-1.690901,1.327012,1,-0.7790887,0.05483882,0.6245105,0,0.04126709,0.9984923,-0.03619702,0,0.6255539,0.002428964,0.7801772,0,-0.6696693,1.678746,-1.16919,1,1.0,1.0,-0.1510938,-0.1070029,0.9827111,-0.001997689,-0.003373352,-0.02590834,14.15556,834
6,-0.1349785,-0.09033762,1.000032,-0.1847349,-0.1393962,1.000031,-0.1598568,-0.114867,1.000032,-0.7790335,0.04097572,0.6256419,0,0.05450796,0.9985102,0.002475627,0,0.6246085,-0.03603106,0.7801065,0,0.1169306,-1.690867,1.32678,1,-0.7790335,0.05450797,0.6246083,0,0.04097572,0.9985104,-0.03603106,0,0.6256419,0.002475624,0.7801064,0,-0.6697122,1.67869,-1.168989,1,1.0,1.0,-0.151208,-0.1067959,0.9827161,-0.00199765,-0.003373444,-0.02591074,14.17778,835
6,-0.135983,-0.08964866,1.000046,-0.1847045,-0.1402091,1.000058,-0.1603438,-0.1149288,1.000052,-0.7790976,0.04077932,0.625575,0,0.0543717,0.9985173,0.002624782,0,0.6245404,-0.03605853,0.7801597,0,0.116927,-1.691127,1.326527,1,-0.7790976,0.05437169,0.6245404,0,0.04077932,0.9985173,-0.03605853,0,0.6255749,0.002624779,0.7801596,0,-0.6697814,1.67878,-1.168908,1,1.0,1.0,-0.1516603,-0.1068444,0.9826411,-0.001997452,-0.003374237,-0.02590992,14.18889,836
6,-0.1358746,-0.08861495,0.9999677,-0.1840049,-0.1417597,0.9999677,-0.1599398,-0.1151875,0.9999676,-0.7789975,0.04053362,0.6257157,0,0.05410811,0.9985315,0.002678502,0,0.6246882,-0.03594283,0.7800467,0,0.1172334,-1.691057,1.326408,1,-0.7789974,0.05410809,0.624688,0,0.04053361,0.9985315,-0.03594283,0,0.6257155,0.002678506,0.7800466,0,-0.670085,1.678677,-1.168676,1,1.0,1.0,-0.1512907,-0.1071039,0.9826697,-0.001997238,-0.003374588,-0.02590987,14.21111,837
6,-0.135609,-0.08872892,1.000048,-0.1847283,-0.1424834,1.000041,-0.1601686,-0.1156064,1.000044,-0.7789274,0.04037693,0.625813,0,0.05389598,0.998543,0.002657264,0,0.6247939,-0.03579862,0.7799686,0,0.1176807,-1.691005,1.326352,1,-0.7789272,0.05389598,0.6247939,0,0.04037692,0.998543,-0.03579862,0,0.625813,0.002657269,0.7799687,0,-0.6701059,1.678675,-1.168575,1,1.0,1.0,-0.1514882,-0.1074882,0.9825974,-0.001996644,-0.003375855,-0.0259089,14.22222,838
6,-0.1350138,-0.08776254,1.00007,-0.1846468,-0.1441374,1.000061,-0.1598304,-0.1159501,1.000065,-0.7788035,0.04038808,0.6259667,0,0.05372328,0.9985529,0.002412627,0,0.6249634,-0.03550794,0.7798462,0,0.1180426,-1.690637,1.326575,1,-0.7788032,0.05372327,0.6249633,0,0.04038808,0.998553,-0.03550794,0,0.6259665,0.002412631,0.7798462,0,-0.6701779,1.678649,-1.168328,1,1.0,1.0,-0.1511635,-0.107818,0.9826112,-0.001996041,-0.003374588,-0.02590921,14.24444,839
6,-0.1354337,-0.08738406,1.000078,-0.1846684,-0.144302,1.000064,-0.1600509,-0.1158434,1.000071,-0.7786243,0.04034917,0.626192,0,0.05367289,0.9985557,0.002395609,0,0.6251909,-0.03547481,0.7796654,0,0.1183721,-1.690666,1.326426,1,-0.7786241,0.05367288,0.6251908,0,0.04034916,0.9985557,-0.03547481,0,0.6261918,0.002395612,0.7796652,0,-0.6702127,1.678693,-1.168149,1,1.0,1.0,-0.1513708,-0.1077127,0.9825909,-0.001995819,-0.003374161,-0.02591004,14.25556,840
6,-0.1361152,-0.08750904,1.000151,-0.1843517,-0.1444337,1.000118,-0.1602333,-0.1159717,1.000134,-0.7783246,0.04026253,0.62657,0,0.05342625,0.9985694,0.002199333,0,0.6255851,-0.03518708,0.7793621,0,0.1194146,-1.69051,1.326422,1,-0.7783244,0.05342625,0.625585,0,0.04026252,0.9985694,-0.03518708,0,0.62657,0.002199335,0.7793621,0,-0.6700885,1.678794,-1.167951,1,1.0,1.0,-0.1515311,-0.1078255,0.9825538,-0.001995392,-0.003373924,-0.02590851,14.27778,841
6,-0.1370137,-0.08742169,1.000167,-0.1842698,-0.1450186,1.000154,-0.1606418,-0.1162203,1.000161,-0.778239,0.04051982,0.6266596,0,0.05365364,0.9985574,0.0020649,0,0.6256719,-0.03522956,0.7792904,0,0.1191545,-1.690306,1.326428,1,-0.778239,0.05365365,0.6256719,0,0.04051981,0.9985575,-0.03522956,0,0.6266596,0.002064902,0.7792904,0,-0.6699976,1.678736,-1.167773,1,1.0,1.0,-0.151906,-0.1080551,0.9824707,-0.00199511,-0.003370613,-0.02590816,14.28889,842
6,-0.1377193,-0.08716116,1.000018,-0.1842504,-0.1452701,0.9999877,-0.1609848,-0.116216,1.000003,-0.7780421,0.04033419,0.6269162,0,0.0532211,0.9985811,0.001804527,0,0.625954,-0.03476917,0.7790848,0,0.1203398,-1.689949,1.326712,1,-0.7780418,0.05322109,0.6259537,0,0.04033418,0.9985811,-0.03476916,0,0.6269161,0.001804529,0.7790845,0,-0.6699448,1.678753,-1.167706,1,1.0,1.0,-0.1522503,-0.1080631,0.9824165,-0.001994102,-0.003369385,-0.02590804,14.3,843
6,-0.1375661,-0.08721064,1.000073,-0.1843649,-0.1455756,1.00006,-0.1609656,-0.1163933,1.000066,-0.7778344,0.04056231,0.6271592,0,0.05343782,0.9985697,0.001692506,0,0.6261936,-0.03483051,0.7788894,0,0.1202405,-1.689846,1.326603,1,-0.7778342,0.05343781,0.6261933,0,0.04056231,0.9985698,-0.0348305,0,0.6271591,0.001692511,0.7788893,0,-0.6699199,1.678759,-1.167429,1,1.0,1.0,-0.1522211,-0.1082255,0.9824032,-0.00199382,-0.00336837,-0.02590409,14.32222,844
6,-0.13636,-0.08647924,1.000158,-0.18449,-0.1456034,1.000139,-0.1604251,-0.1160414,1.000149,-0.777746,0.04075319,0.6272563,0,0.05351418,0.998566,0.001475763,0,0.6262966,-0.03471487,0.7788116,0,0.1203396,-1.689574,1.326746,1,-0.777746,0.05351418,0.6262966,0,0.0407532,0.998566,-0.03471487,0,0.6272563,0.001475764,0.7788116,0,-0.6697607,1.678753,-1.167307,1,1.0,1.0,-0.1517097,-0.1078938,0.9825187,-0.001993546,-0.003367859,-0.02590362,14.33333,845
6,-0.13691,-0.08553759,1.000116,-0.184245,-0.1461269,1.000084,-0.1605775,-0.1158326,1.0001,-0.7776381,0.04086823,0.6273826,0,0.0534543,0.9985695,0.001208726,0,0.6264357,-0.03447625,0.7787104,0,0.1204752,-1.689248,1.326853,1,-0.7776381,0.05345431,0.6264356,0,0.04086823,0.9985696,-0.03447625,0,0.6273825,0.001208726,0.7787102,0,-0.6697218,1.678788,-1.166943,1,1.0,1.0,-0.1518648,-0.1076989,0.9825162,-0.001991227,-0.003367653,-0.02590258,14.35556,846
6,-0.1363651,-0.08559243,1.000091,-0.1845691,-0.1461006,1.000072,-0.160467,-0.1158468,1.000082,-0.7776309,0.04119344,0.6273704,0,0.05361849,0.9985611,0.0008945614,0,0.6264307,-0.03433429,0.7787207,0,0.1201143,-1.688869,1.327266,1,-0.7776306,0.05361849,0.6264306,0,0.04119344,0.9985611,-0.03433428,0,0.6273701,0.0008945657,0.7787205,0,-0.6697124,1.678812,-1.166799,1,1.0,1.0,-0.1517655,-0.1077155,0.9825297,-0.001989654,-0.003367493,-0.02590183,14.36667,847
