flag,xl,yl,zl,xr,yr,zr,xc,yc,zc,mat_00,mat_10,mat_20,mat_30,mat_01,mat_11,mat_21,mat_31,mat_02,mat_12,mat_22,mat_32,mat_03,mat_13,mat_23,mat_33,ctw_00,ctw_10,ctw_20,ctw_30,ctw_01,ctw_11,ctw_21,ctw_31,ctw_02,ctw_12,ctw_22,ctw_32,ctw_03,ctw_13,ctw_23,ctw_33,opennessl,opennessr,ray_x,ray_y,ray_z,eye_x,eye_y,eye_z,time,frame
25,0.2409842,0.1551184,1.000204,0.09851654,0.09325722,1.000214,0.1697506,0.1241881,1.000209,0.03159022,-0.2225735,0.974404,0,-0.02107795,0.9745254,0.2232846,0,0.9992787,0.02759206,-0.02609408,0,1.027634,-1.637985,-0.3015652,1,0.03159022,-0.02107796,0.9992786,0,-0.2225735,0.9745253,0.02759205,0,0.9744039,0.2232846,-0.02609408,0,-0.1031888,1.685253,-0.9895661,1,1.0,1.0,0.1611705,0.1182135,0.9798212,0.0003506169,-6.163784e-05,-0.02964187,39.92222,2476
25,0.2410549,0.15611,1.000238,0.09785613,0.09299958,1.000242,0.1694556,0.1245548,1.00024,0.03181899,-0.2230729,0.9742824,0,-0.02118807,0.9744063,0.2237933,0,0.9992691,0.02776406,-0.02627814,0,1.027801,-1.63755,-0.3028878,1,0.03181899,-0.02118809,0.9992689,0,-0.2230729,0.9744062,0.02776404,0,0.9742823,0.2237932,-0.02627813,0,-0.1028983,1.6852,-0.9895437,1,1.0,1.0,0.1608856,0.1185626,0.9798259,0.000351158,-6.452936e-05,-0.02964022,39.93333,2477
25,0.2404896,0.1565502,1.000224,0.097377,0.09478949,1.000226,0.1689333,0.1256698,1.000225,0.03225011,-0.2237068,0.9741229,0,-0.02141213,0.9742514,0.2244453,0,0.9992505,0.02809645,-0.02662969,0,1.028227,-1.636814,-0.3047434,1,0.03225011,-0.02141215,0.9992502,0,-0.2237068,0.9742514,0.02809642,0,0.9741226,0.2244453,-0.02662966,0,-0.1024695,1.685084,-0.9895822,1,1.0,1.0,0.1603829,0.1196206,0.9797797,0.00035128,-6.618502e-05,-0.02964162,39.95555,2478
25,0.239964,0.1567962,1.000107,0.0973558,0.09535898,1.00012,0.1686601,0.126078,1.000113,0.03234267,-0.2241001,0.9740294,0,-0.02143926,0.9741594,0.2248419,0,0.999247,0.02815447,-0.0267024,0,1.028319,-1.636646,-0.3056433,1,0.0323427,-0.02143927,0.9992468,0,-0.2241001,0.9741594,0.02815446,0,0.9740292,0.2248419,-0.02670237,0,-0.1023257,1.685122,-0.9896273,1,1.0,1.0,0.1601384,0.1200199,0.9797709,0.0003514932,-6.562797e-05,-0.02964485,39.96667,2479
25,0.2371073,0.1622096,1.000379,0.09577072,0.09484902,1.0004,0.1664394,0.1285296,1.000389,0.03150344,-0.2235665,0.9741794,0,-0.02060669,0.9743108,0.224263,0,0.9992912,0.02713968,-0.02608716,0,1.026893,-1.637819,-0.3046611,1,0.03150343,-0.0206067,0.9992912,0,-0.2235665,0.9743108,0.02713967,0,0.9741793,0.224263,-0.02608718,0,-0.1017176,1.68523,-0.9896629,1,1.0,1.0,0.1579951,0.1223237,0.9798338,0.0003497386,-6.124109e-05,-0.02964639,40.0,2480
25,0.2346568,0.1634324,1.000165,0.09579159,0.1048947,1.000185,0.1652247,0.1341638,1.000175,0.03119892,-0.2232612,0.9742592,0,-0.02050845,0.9743856,0.2239469,0,0.9993027,0.02696744,-0.02582103,0,1.02672,-1.638134,-0.3040343,1,0.03119892,-0.02050844,0.9993029,0,-0.2232612,0.9743856,0.02696745,0,0.9742593,0.2239469,-0.02582104,0,-0.1015561,1.685318,-0.9896783,1,1.0,1.0,0.1567868,0.127645,0.9793491,0.0003692778,-4.975125e-05,-0.02957015,40.01111,2481
25,0.2316454,0.1661351,1.000285,0.08992326,0.1095706,1.000278,0.1607843,0.1378528,1.000282,0.03090245,-0.222397,0.9744664,0,-0.02102892,0.9745715,0.2230879,0,0.9993013,0.02738594,-0.02543986,0,1.027457,-1.637967,-0.3026049,1,0.03090243,-0.02102893,0.9993011,0,-0.222397,0.9745715,0.02738594,0,0.9744663,0.2230879,-0.02543987,0,-0.1011518,1.68543,-0.9895798,1,1.0,1.0,0.1525683,0.1311672,0.9795499,0.0003827969,-4.855345e-05,-0.02955741,40.03333,2482
25,0.230239,0.1664154,1.000277,0.09249582,0.1102845,1.000247,0.1613671,0.1383494,1.000262,0.03123784,-0.2222868,0.9744808,0,-0.02168497,0.9745764,0.2230037,0,0.9992767,0.02809773,-0.02562338,0,1.028549,-1.637214,-0.3028635,1,0.03123784,-0.02168496,0.9992767,0,-0.2222868,0.9745764,0.02809774,0,0.9744807,0.2230037,-0.02562338,0,-0.100926,1.685434,-0.9895631,1,1.0,1.0,0.153108,0.1316224,0.9794046,0.0003780359,-4.802702e-05,-0.02955584,40.04445,2483
25,0.2301841,0.1672738,1.001379,0.09564579,0.1135444,1.001208,0.1629121,0.1404071,1.001293,0.03260458,-0.2220336,0.9744937,0,-0.02237714,0.9746056,0.2228077,0,0.9992179,0.02907094,-0.02680814,0,1.029646,-1.636004,-0.3047726,1,0.03260459,-0.02237714,0.9992177,0,-0.2220336,0.9746055,0.02907093,0,0.9744937,0.2228078,-0.02680812,0,-0.09981991,1.685405,-0.9894503,1,1.0,1.0,0.1543606,0.1333956,0.978968,0.0003734278,-5.564874e-05,-0.02954077,40.06667,2484
25,0.2258825,0.1689969,1.000385,0.09638804,0.1157535,1.000309,0.1611338,0.1423744,1.000347,0.03317577,-0.2220204,0.9744775,0,-0.02228366,0.9746075,0.2228086,0,0.9992012,0.02910678,-0.02738589,0,1.02944,-1.635944,-0.3055992,1,0.03317573,-0.02228368,0.999201,0,-0.2220203,0.9746074,0.02910677,0,0.9744774,0.2228086,-0.02738592,0,-0.0995659,1.685434,-0.9893695,1,1.0,1.0,0.1528166,0.1353591,0.9789407,0.0003618849,-3.132632e-05,-0.0295547,40.07778,2485
25,0.2239782,0.1696199,1.000683,0.09616722,0.1134914,1.000527,0.1600703,0.1415538,1.000605,0.03417224,-0.2215859,0.9745421,0,-0.02205178,0.9747069,0.2223966,0,0.9991727,0.02909021,-0.02842158,0,1.02904,-1.636013,-0.3062999,1,0.03417226,-0.02205181,0.9991725,0,-0.2215858,0.9747068,0.02909017,0,0.9745418,0.2223966,-0.02842154,0,-0.09917986,1.685445,-0.9893023,1,1.0,1.0,0.1518185,0.1345797,0.9792034,0.0003511887,-2.941128e-05,-0.02955569,40.08889,2486
25,0.2237917,0.1695727,1.000389,0.09472337,0.1137038,1.00027,0.1592557,0.1416368,1.000329,0.03556126,-0.2210926,0.9746044,0,-0.0217115,0.97482,0.2219338,0,0.9991317,0.02905239,-0.02986556,0,1.028488,-1.636016,-0.3074091,1,0.03556125,-0.02171153,0.9991315,0,-0.2210926,0.97482,0.02905236,0,0.9746041,0.2219337,-0.02986557,0,-0.09868319,1.685376,-0.9892455,1,1.0,1.0,0.1511036,0.1347047,0.9792969,0.0003457256,-2.695469e-05,-0.02955834,40.11111,2487
25,0.2237843,0.1698559,1.000399,0.09494905,0.1143212,1.000314,0.1593653,0.1420875,1.000357,0.03631938,-0.2210504,0.9745859,0,-0.02212082,0.9748125,0.2219262,0,0.9990954,0.02961887,-0.03051472,0,1.029275,-1.635387,-0.3082901,1,0.03631933,-0.02212084,0.9990953,0,-0.2210504,0.9748126,0.02961886,0,0.9745858,0.2219262,-0.03051476,0,-0.09843037,1.685382,-0.9893126,1,1.0,1.0,0.1511917,0.135121,0.9792259,0.0003466262,-2.848054e-05,-0.02956085,40.12222,2488
25,0.2236973,0.1697719,1.000297,0.09540522,0.1148515,1.000277,0.1595509,0.1423114,1.000287,0.03700715,-0.2208438,0.9746069,0,-0.02246068,0.9748447,0.2217506,0,0.9990625,0.0300967,-0.03111595,0,1.029777,-1.634786,-0.3090666,1,0.03700718,-0.02246069,0.9990626,0,-0.2208438,0.9748448,0.03009669,0,0.9746068,0.2217506,-0.03111593,0,-0.09792318,1.685328,-0.9892274,1,1.0,1.0,0.1513689,0.1353367,0.9791688,0.0003475267,-3.001408e-05,-0.02956076,40.14444,2489
25,0.2224503,0.1695179,1.0003,0.0954593,0.1131698,1.000279,0.1589547,0.1413439,1.000289,0.03716558,-0.220693,0.974635,0,-0.02267787,0.9748713,0.2216113,0,0.9990518,0.03033897,-0.03122681,0,1.030147,-1.634504,-0.3091906,1,0.03716558,-0.02267788,0.9990517,0,-0.220693,0.9748713,0.03033896,0,0.974635,0.2216113,-0.03122681,0,-0.09766161,1.685313,-0.9892363,1,1.0,1.0,0.1508354,0.1344491,0.9793733,0.0003475267,-3.276055e-05,-0.02954295,40.15556,2490
25,0.2235231,0.1695601,1.000266,0.09549803,0.1120604,1.000338,0.1595117,0.140811,1.000302,0.03666848,-0.2208148,0.9746263,0,-0.0227512,0.9748449,0.2217203,0,0.9990686,0.03030407,-0.03072226,0,1.030367,-1.6344,-0.3092753,1,0.03666846,-0.02275121,0.9990683,0,-0.2208148,0.9748448,0.03030406,0,0.9746261,0.2217203,-0.03072227,0,-0.09725388,1.685301,-0.98938,1,1.0,1.0,0.1513595,0.1339417,0.979362,0.000350289,-3.480539e-05,-0.02954013,40.17778,2491
25,0.2218024,0.1691865,1.000128,0.09351406,0.1112141,1.000165,0.1576589,0.1402009,1.000146,0.03632659,-0.2206527,0.9746758,0,-0.02288067,0.9748802,0.2215517,0,0.9990781,0.03034949,-0.03036535,0,1.030613,-1.634407,-0.3088131,1,0.03632655,-0.02288071,0.9990779,0,-0.2206527,0.9748801,0.03034945,0,0.9746756,0.2215517,-0.03036538,0,-0.09708227,1.68535,-0.9894364,1,1.0,1.0,0.1496668,0.1334256,0.9796925,0.0003545005,-3.35006e-05,-0.02954013,40.18889,2492
25,0.2199398,0.168746,1.000117,0.09374072,0.1118459,1.000177,0.1568412,0.1402967,1.000147,0.03590852,-0.2207065,0.9746791,0,-0.0230509,0.9748656,0.221598,0,0.9990892,0.03042448,-0.02991849,0,1.030926,-1.634283,-0.3086733,1,0.03590851,-0.02305089,0.9990892,0,-0.2207065,0.9748656,0.03042448,0,0.9746789,0.221598,-0.0299185,0,-0.0968584,1.685371,-0.9895002,1,1.0,1.0,0.1488967,0.1335325,0.9797953,0.000363037,-3.491971e-05,-0.02953796,40.2,2493
25,0.2200305,0.1682093,1.000187,0.09325014,0.1118559,1.000201,0.1566406,0.1400327,1.000194,0.03524995,-0.2203574,0.9747821,0,-0.02335773,0.9749401,0.2212378,0,0.9991056,0.03056733,-0.02921957,0,1.031569,-1.634209,-0.3078001,1,0.03524997,-0.02335773,0.9991054,0,-0.2203574,0.9749401,0.03056731,0,0.974782,0.2212378,-0.02921953,0,-0.09643479,1.685448,-0.9896861,1,1.0,1.0,0.148701,0.133286,0.9798586,0.0003710333,-3.711705e-05,-0.02953468,40.22222,2494
25,0.2193949,0.1679489,1.000024,0.0928742,0.1116408,1.000046,0.1561348,0.1397951,1.000035,0.03499979,-0.2203004,0.974804,0,-0.02320393,0.9749595,0.2211687,0,0.9991179,0.03036014,-0.02901155,0,1.03133,-1.634356,-0.3075342,1,0.0349998,-0.02320393,0.9991179,0,-0.2203004,0.9749594,0.03036014,0,0.974804,0.2211687,-0.02901154,0,-0.09635998,1.685378,-0.9897231,1,1.0,1.0,0.1482551,0.1330933,0.9799524,0.0003732834,-3.711705e-05,-0.02953245,40.23333,2495
25,0.2207594,0.16838,1.000211,0.09290375,0.1101329,1.000192,0.1568314,0.1392561,1.000201,0.03450769,-0.2196233,0.9749744,0,-0.02256603,0.9751353,0.2204583,0,0.9991498,0.02960883,-0.02869362,0,1.03039,-1.635371,-0.3060564,1,0.03450766,-0.02256606,0.9991494,0,-0.2196233,0.9751354,0.0296088,0,0.9749741,0.2204583,-0.02869364,0,-0.09632473,1.685432,-0.9898738,1,1.0,1.0,0.1488916,0.1325549,0.9799288,0.0003732834,-3.515626e-05,-0.02952516,40.25556,2496
25,0.220719,0.168079,1.00031,0.09331591,0.109844,1.000304,0.1570174,0.1389614,1.000307,0.03448075,-0.2193577,0.975035,0,-0.02276739,0.9751896,0.2201976,0,0.999146,0.02979159,-0.02863103,0,1.030786,-1.635263,-0.3058302,1,0.03448072,-0.02276741,0.999146,0,-0.2193578,0.9751896,0.02979159,0,0.975035,0.2201976,-0.02863107,0,-0.09605473,1.685503,-0.9899446,1,1.0,1.0,0.1490564,0.1322638,0.9799432,0.0003732834,-3.515626e-05,-0.02951918,40.26667,2497
25,0.2206224,0.168108,1.000523,0.09311102,0.1097014,1.000506,0.1568667,0.1389045,1.000515,0.03472567,-0.2190454,0.9750966,0,-0.02301318,0.975251,0.2198997,0,0.9991319,0.03007626,-0.02882534,0,1.031319,-1.634915,-0.306138,1,0.0347257,-0.02301319,0.9991319,0,-0.2190454,0.9752509,0.03007623,0,0.9750964,0.2198997,-0.0288253,0,-0.09541981,1.685506,-0.9900762,1,1.0,1.0,0.1488888,0.1321881,0.9799788,0.0003732834,-3.503414e-05,-0.02951768,40.28889,2498
25,0.2206131,0.1689454,1.000245,0.09170109,0.1089098,1.000207,0.1561564,0.1389271,1.000226,0.03493714,-0.2188134,0.975141,0,-0.02308685,0.9752997,0.2196762,0,0.9991228,0.03018779,-0.02902246,0,1.031508,-1.634825,-0.306116,1,0.03493713,-0.02308685,0.9991228,0,-0.2188134,0.9752997,0.0301878,0,0.9751412,0.2196762,-0.02902247,0,-0.09525322,1.685504,-0.990136,1,1.0,1.0,0.1482733,0.132259,0.9800625,0.0003689118,-3.459933e-05,-0.02950461,40.3,2499
25,0.2203926,0.1687342,1.000325,0.09093967,0.1095989,1.00032,0.155666,0.1391665,1.000323,0.03492993,-0.2187298,0.9751601,0,-0.02306844,0.9753191,0.2195917,0,0.9991236,0.03016576,-0.0290221,0,1.031477,-1.634782,-0.3062825,1,0.03492996,-0.02306845,0.9991235,0,-0.2187298,0.9753191,0.03016574,0,0.9751601,0.2195917,-0.02902207,0,-0.09493048,1.685486,-0.9901478,1,1.0,1.0,0.1478083,0.1324824,0.9801026,0.0003597494,-3.653718e-05,-0.02950009,40.31111,2500
25,0.2205285,0.1673265,1.000111,0.0899041,0.1091701,1.000126,0.1552167,0.1382487,1.000118,0.03486532,-0.218949,0.9751133,0,-0.02276391,0.9752793,0.2198002,0,0.9991328,0.02986081,-0.0290193,0,1.031009,-1.634938,-0.3067303,1,0.03486533,-0.02276392,0.9991327,0,-0.218949,0.9752793,0.02986079,0,0.9751132,0.2198002,-0.02901928,0,-0.09481768,1.68541,-0.9901955,1,1.0,1.0,0.1474405,0.1316618,0.9802686,0.0003553312,-3.982545e-05,-0.02948856,40.33334,2501
25,0.2200893,0.168056,0.9999652,0.0935328,0.111227,0.9999493,0.1568109,0.1396414,0.9999573,0.03497207,-0.2189712,0.9751045,0,-0.02263415,0.9752774,0.2198218,0,0.999132,0.0297583,-0.0291512,0,1.030904,-1.635025,-0.3068371,1,0.03497203,-0.02263418,0.999132,0,-0.2189712,0.9752774,0.02975828,0,0.9751044,0.2198218,-0.02915124,0,-0.09487802,1.685386,-0.990298,1,1.0,1.0,0.1489227,0.1329609,0.9798691,0.0003546448,-4.58908e-05,-0.02947991,40.34444,2502
25,0.2212041,0.1684285,1.000255,0.09329331,0.1112027,1.000281,0.1572492,0.139816,1.000268,0.03477246,-0.218812,0.9751472,0,-0.02298764,0.9753041,0.2196668,0,0.9991308,0.03005469,-0.02888376,0,1.031598,-1.634733,-0.306596,1,0.03477246,-0.02298764,0.9991309,0,-0.2188119,0.9753041,0.0300547,0,0.9751472,0.2196669,-0.02888375,0,-0.09459414,1.685425,-0.9904258,1,1.0,1.0,0.149286,0.1330821,0.9797974,0.0003538206,-4.962925e-05,-0.02947209,40.36667,2503
25,0.2215444,0.1693764,1.000116,0.0930517,0.1090572,1.000112,0.1572981,0.1392168,1.000114,0.03476501,-0.2186162,0.9751915,0,-0.0232151,0.9753413,0.2194774,0,0.9991259,0.03026931,-0.02883255,0,1.032067,-1.634533,-0.3063181,1,0.03476501,-0.02321511,0.9991258,0,-0.2186162,0.9753414,0.0302693,0,0.9751914,0.2194774,-0.02883255,0,-0.09449631,1.685417,-0.9905201,1,1.0,1.0,0.149365,0.1325442,0.9798582,0.0003532032,-5.368807e-05,-0.02946711,40.37778,2504
25,0.22149,0.1697087,1.000051,0.09255075,0.1093025,1.000081,0.1570208,0.1395059,1.000066,0.03445959,-0.2184845,0.9752318,0,-0.02320034,0.9753735,0.2193361,0,0.9991367,0.03018393,-0.02854204,0,1.032067,-1.634581,-0.3058811,1,0.03445958,-0.02320034,0.9991367,0,-0.2184845,0.9753735,0.03018394,0,0.9752317,0.219336,-0.02854206,0,-0.09439036,1.685362,-0.9905686,1,1.0,1.0,0.1491086,0.1328281,0.9798588,0.0003537526,-5.55038e-05,-0.02946443,40.38889,2505
25,0.2217207,0.1695366,0.9998599,0.09244715,0.1091535,0.9999127,0.1570846,0.1393458,0.9998864,0.03370297,-0.2182263,0.9753161,0,-0.02322605,0.9754359,0.2190557,0,0.999162,0.03003556,-0.02780658,0,1.032196,-1.634826,-0.3046604,1,0.03370299,-0.02322604,0.999162,0,-0.2182262,0.9754359,0.03003556,0,0.975316,0.2190556,-0.02780655,0,-0.09440996,1.68538,-0.9906997,1,1.0,1.0,0.1491958,0.1326996,0.979863,0.0003541559,-5.55038e-05,-0.02946207,40.41111,2506
25,0.2220033,0.1691327,1.000101,0.09234415,0.1090324,1.00015,0.1571746,0.1390833,1.000126,0.03343809,-0.2184601,0.975273,0,-0.02327862,0.9753835,0.219283,0,0.9991698,0.03003544,-0.02752948,0,1.032353,-1.634827,-0.3049742,1,0.03343806,-0.02327865,0.9991696,0,-0.2184601,0.9753836,0.03003541,0,0.9752728,0.219283,-0.0275295,0,-0.09423128,1.685491,-0.9907886,1,1.0,1.0,0.1492508,0.1324232,0.979892,0.0003547901,-5.55038e-05,-0.02946043,40.42222,2507
25,0.2219016,0.1697561,1.00007,0.09222019,0.1086714,1.000097,0.1570614,0.1392141,1.000084,0.03307313,-0.2186081,0.9752522,0,-0.0230414,0.9753598,0.2194137,0,0.9991874,0.02972789,-0.02722114,0,1.032106,-1.635063,-0.3051115,1,0.03307311,-0.02304142,0.9991872,0,-0.2186081,0.9753597,0.02972787,0,0.9752521,0.2194136,-0.02722116,0,-0.0940125,1.685502,-0.9909652,1,1.0,1.0,0.1491481,0.1325534,0.97989,0.0003557429,-5.580147e-05,-0.02945645,40.44445,2508
25,0.2218107,0.1710257,0.9999171,0.09226245,0.1084934,0.999941,0.1570369,0.1397598,0.9999292,0.03289336,-0.2186902,0.9752399,0,-0.02290875,0.9753465,0.2194867,0,0.9991964,0.02956121,-0.02707249,0,1.031918,-1.63515,-0.3050514,1,0.03289334,-0.02290878,0.9991961,0,-0.2186901,0.9753464,0.02956118,0,0.9752397,0.2194867,-0.0270725,0,-0.09403626,1.685433,-0.9910096,1,1.0,1.0,0.1491375,0.133084,0.9798197,0.0003556283,-5.597691e-05,-0.02945184,40.45555,2509
25,0.2219369,0.1710675,1.00006,0.09221651,0.1074782,1.000067,0.1570769,0.1392731,1.000064,0.03276509,-0.2186431,0.9752547,0,-0.02254561,0.9753686,0.2194261,0,0.9992088,0.02917722,-0.02702862,0,1.03148,-1.635624,-0.3050572,1,0.03276511,-0.0225456,0.9992087,0,-0.2186431,0.9753686,0.02917722,0,0.9752547,0.2194261,-0.0270286,0,-0.09390601,1.685529,-0.9911866,1,1.0,1.0,0.1491653,0.1326115,0.9798796,0.0003556283,-5.593116e-05,-0.02945092,40.47778,2510
25,0.2214728,0.1696646,1.000313,0.09230603,0.1072981,1.000313,0.1568894,0.1384815,1.000313,0.03259736,-0.2183452,0.975327,0,-0.02246879,0.9754389,0.2191212,0,0.999216,0.02905718,-0.02689075,0,1.03131,-1.635809,-0.304693,1,0.03259733,-0.02246879,0.999216,0,-0.2183452,0.975439,0.02905719,0,0.975327,0.2191212,-0.02689078,0,-0.09361368,1.685569,-0.9911625,1,1.0,1.0,0.1489718,0.1318433,0.9800127,0.0003547054,-5.505374e-05,-0.02944895,40.48889,2511
25,0.2207484,0.1692285,1.000105,0.09258159,0.1071374,1.000106,0.1566651,0.138183,1.000105,0.03248805,-0.2182167,0.9753595,0,-0.02232273,0.9754727,0.2189856,0,0.9992229,0.02888711,-0.02682,0,1.031073,-1.63598,-0.3044889,1,0.03248804,-0.02232274,0.9992228,0,-0.2182167,0.9754728,0.0288871,0,0.9753593,0.2189856,-0.02682001,0,-0.09350947,1.685549,-0.9911793,1,1.0,1.0,0.1488014,0.131593,0.9800721,0.0003510443,-5.359645e-05,-0.02944823,40.5,2512
25,0.2209457,0.168926,1.000157,0.09094738,0.1076806,1.00017,0.1559469,0.1383035,1.000163,0.03215468,-0.2176415,0.975499,0,-0.02203628,0.975612,0.2183931,0,0.99924,0.02851874,-0.02657449,0,1.030786,-1.636507,-0.3034771,1,0.03215469,-0.02203628,0.9992399,0,-0.2176415,0.975612,0.02851872,0,0.975499,0.2183931,-0.02657449,0,-0.0932748,1.685588,-0.9913959,1,1.0,1.0,0.1481267,0.1317071,0.980159,0.0003445894,-5.045324e-05,-0.02946178,40.52222,2513
25,0.2212465,0.1687585,1.000091,0.09220366,0.1084944,1.000084,0.156725,0.1386264,1.000087,0.03206325,-0.2173997,0.975556,0,-0.02192621,0.9756699,0.2181458,0,0.9992454,0.02838473,-0.02651644,0,1.03067,-1.636689,-0.30306,1,0.03206329,-0.02192622,0.9992452,0,-0.2173997,0.9756699,0.0283847,0,0.9755558,0.2181457,-0.02651638,0,-0.09321051,1.685578,-0.9914712,1,1.0,1.0,0.1488564,0.1320025,0.9800088,0.0003434531,-4.920957e-05,-0.02946158,40.53333,2514
25,0.2221588,0.1685188,1.000109,0.09330538,0.1077856,1.000089,0.1577317,0.138152,1.000099,0.0323534,-0.2176455,0.9754916,0,-0.02177833,0.9756172,0.2183959,0,0.9992393,0.02831045,-0.02682453,0,1.030632,-1.636555,-0.3039615,1,0.03235336,-0.02177836,0.9992391,0,-0.2176455,0.9756172,0.02831042,0,0.9754913,0.2183958,-0.02682457,0,-0.09302125,1.68548,-0.9916701,1,1.0,1.0,0.1498023,0.1315388,0.979927,0.0003424454,-4.920957e-05,-0.02946011,40.55556,2515
25,0.2219006,0.1683337,0.9998143,0.09340259,0.1078543,0.9998083,0.1576515,0.138094,0.9998113,0.03243518,-0.2177626,0.9754628,0,-0.02167618,0.9755934,0.2185125,0,0.9992388,0.02823181,-0.02692324,0,1.030504,-1.636603,-0.3040699,1,0.03243513,-0.0216762,0.9992386,0,-0.2177625,0.9755934,0.02823179,0,0.9754626,0.2185125,-0.02692328,0,-0.09320652,1.685439,-0.9917018,1,1.0,1.0,0.1497689,0.1315214,0.9799343,0.0003420254,-4.924776e-05,-0.02945984,40.56667,2516
25,0.2222804,0.1684011,0.9999694,0.09384464,0.1080395,0.9999874,0.158063,0.1382205,0.9999784,0.03249401,-0.2181655,0.9753706,0,-0.02168951,0.9755023,0.2189175,0,0.9992366,0.02826881,-0.02696609,0,1.030529,-1.636452,-0.3048303,1,0.03249403,-0.0216895,0.9992366,0,-0.2181655,0.9755023,0.02826882,0,0.9753707,0.2189175,-0.02696607,0,-0.09318089,1.685447,-0.9917017,1,1.0,1.0,0.1501265,0.1316116,0.9798676,0.0003413474,-4.926301e-05,-0.02945872,40.57778,2517
25,0.2220258,0.1668073,1.000122,0.09373428,0.1086587,1.000075,0.1578794,0.1377324,1.000099,0.03299111,-0.2184815,0.9752833,0,-0.02131759,0.9754387,0.2192374,0,0.9992283,0.02802359,-0.02752328,0,1.030117,-1.636641,-0.3059351,1,0.03299109,-0.02131761,0.9992282,0,-0.2184815,0.9754386,0.02802358,0,0.9752831,0.2192374,-0.0275233,0,-0.09318719,1.685475,-0.9918776,1,1.0,1.0,0.1499487,0.1311434,0.9799575,0.000340485,-4.927057e-05,-0.02946237,40.6,2518
25,0.2220156,0.1676534,0.9999416,0.09387176,0.106849,0.9999516,0.1579439,0.1372514,0.9999466,0.03286546,-0.2184526,0.975294,0,-0.021184,0.9754496,0.2192014,0,0.9992353,0.02786478,-0.02743089,0,1.029863,-1.636865,-0.3057381,1,0.03286545,-0.021184,0.9992353,0,-0.2184526,0.9754496,0.02786479,0,0.9752939,0.2192014,-0.0274309,0,-0.09323986,1.685514,-0.9918517,1,1.0,1.0,0.1500399,0.1307117,0.9800012,0.0003394997,-5.021668e-05,-0.02946273,40.61111,2519
25,0.2216495,0.1676111,1.000044,0.09483476,0.1069197,1.000036,0.1582421,0.1372653,1.00004,0.03315806,-0.2181806,0.975345,0,-0.02060277,0.975525,0.2189213,0,0.9992378,0.02735382,-0.0278514,0,1.029033,-1.63748,-0.3057928,1,0.03315807,-0.02060277,0.9992377,0,-0.2181806,0.975525,0.02735381,0,0.9753448,0.2189213,-0.02785139,0,-0.09313357,1.685548,-0.9919735,1,1.0,1.0,0.1503043,0.1307074,0.9799613,0.0003390126,-5.021668e-05,-0.02946243,40.63334,2520
25,0.2215059,0.1672738,1.000145,0.0948393,0.106717,1.000102,0.1581721,0.1369948,1.000124,0.03333157,-0.2178937,0.9754032,0,-0.02046628,0.975592,0.2186352,0,0.9992349,0.02725034,-0.02805859,0,1.028771,-1.637656,-0.305562,1,0.03333161,-0.02046628,0.9992347,0,-0.2178937,0.975592,0.02725033,0,0.9754032,0.2186352,-0.02805854,0,-0.09307934,1.685546,-0.9919308,1,1.0,1.0,0.1502329,0.1304455,0.9800072,0.0003384324,-5.021668e-05,-0.02946143,40.64445,2521
25,0.2217867,0.1664731,1.000087,0.09564812,0.1069359,1.000092,0.1587176,0.1367047,1.000089,0.03313369,-0.2178896,0.9754109,0,-0.02033643,0.9755976,0.2186222,0,0.999244,0.02708014,-0.02789402,0,1.028693,-1.637758,-0.3054975,1,0.03313365,-0.02033645,0.999244,0,-0.2178896,0.9755977,0.02708014,0,0.9754107,0.2186222,-0.02789404,0,-0.09294936,1.685502,-0.9920863,1,1.0,1.0,0.1507511,0.1301684,0.9799644,0.0003384324,-5.034637e-05,-0.02945932,40.66667,2522
25,0.2218006,0.1669084,0.9999969,0.09561896,0.1068792,0.9999998,0.1587098,0.136894,0.9999985,0.03313917,-0.2179594,0.9753951,0,-0.02031162,0.9755827,0.2186914,0,0.9992443,0.0270591,-0.02790284,0,1.028683,-1.637738,-0.3056307,1,0.03313913,-0.02031163,0.9992445,0,-0.2179594,0.9755827,0.0270591,0,0.9753951,0.2186914,-0.02790289,0,-0.09293941,1.685482,-0.9921182,1,1.0,1.0,0.1507535,0.1303558,0.9799392,0.0003384324,-4.896545e-05,-0.02945832,40.67778,2523
25,0.2219016,0.1667371,0.9999357,0.09507442,0.1075134,0.9999509,0.1584884,0.1371254,0.9999433,0.03295273,-0.2179014,0.9754143,0,-0.02016702,0.9756007,0.2186244,0,0.9992534,0.02687548,-0.02775431,0,1.028428,-1.637888,-0.3053268,1,0.03295276,-0.02016703,0.9992535,0,-0.2179015,0.9756007,0.02687547,0,0.9754143,0.2186244,-0.02775428,0,-0.09296758,1.685417,-0.9921154,1,1.0,1.0,0.1505505,0.1305813,0.9799404,0.000339332,-4.665367e-05,-0.02945664,40.68889,2524
25,0.2222428,0.1677194,1.00001,0.09128174,0.1097766,1.000049,0.1567629,0.1387485,1.000029,0.03269118,-0.2185275,0.975283,0,-0.02027667,0.9754588,0.2192465,0,0.9992598,0.02694292,-0.02745789,0,1.028692,-1.637578,-0.3062158,1,0.03269118,-0.02027666,0.9992598,0,-0.2185275,0.9754588,0.02694291,0,0.9752831,0.2192465,-0.02745789,0,-0.09283783,1.685385,-0.9922179,1,1.0,1.0,0.1489016,0.13212,0.9799861,0.0003402717,-4.483026e-05,-0.02945428,40.71111,2525
25,0.2220743,0.1676499,1.000011,0.09150647,0.1099536,1.000011,0.1567903,0.1388018,1.000011,0.03272599,-0.2184945,0.9752894,0,-0.02047393,0.9754606,0.2192199,0,0.9992548,0.0271422,-0.02744943,0,1.029071,-1.637364,-0.3061702,1,0.03272594,-0.02047395,0.9992545,0,-0.2184944,0.9754606,0.02714218,0,0.9752891,0.2192199,-0.02744947,0,-0.09282792,1.685372,-0.9922664,1,1.0,1.0,0.1489285,0.1321709,0.9799752,0.0003410419,-4.389195e-05,-0.02945355,40.72222,2526
25,0.2202072,0.1689763,1.000038,0.09346616,0.1120664,1.000053,0.1568369,0.1405215,1.000045,0.03229368,-0.2185071,0.975301,0,-0.02122532,0.9754398,0.2192411,0,0.9992532,0.0277812,-0.02686268,0,1.030417,-1.636686,-0.3058704,1,0.0322937,-0.02122534,0.9992529,0,-0.2185071,0.9754398,0.02778116,0,0.9753007,0.219241,-0.02686265,0,-0.09258783,1.685419,-0.992395,1,1.0,1.0,0.1489235,0.1337553,0.9797609,0.0003542714,-2.314756e-05,-0.02944722,40.74445,2527
25,0.2203586,0.174464,0.9999944,0.09428239,0.1141956,0.9999934,0.1573205,0.1443298,0.9999939,0.03217065,-0.2181734,0.9753797,0,-0.02137518,0.9755114,0.2189078,0,0.9992539,0.02789132,-0.02671933,0,1.030662,-1.636671,-0.305128,1,0.03217063,-0.02137518,0.9992537,0,-0.2181733,0.9755114,0.02789132,0,0.9753795,0.2189078,-0.02671934,0,-0.09261931,1.685416,-0.9923968,1,1.0,1.0,0.1493059,0.1373071,0.9792111,0.0003568958,-1.959223e-05,-0.02943921,40.75556,2528
25,0.2208318,0.1768282,1.00008,0.09264112,0.1137661,1.000071,0.1567364,0.1452969,1.000075,0.03210443,-0.2174344,0.975547,0,-0.02082844,0.9756925,0.2181523,0,0.9992676,0.02732281,-0.02679527,0,1.029811,-1.63755,-0.304041,1,0.03210447,-0.02082846,0.9992674,0,-0.2174344,0.9756925,0.02732277,0,0.9755467,0.2181522,-0.02679523,0,-0.09251485,1.685521,-0.9924609,1,1.0,1.0,0.148732,0.1382078,0.9791718,0.0003575673,-1.660164e-05,-0.02943921,40.77778,2529
25,0.2208705,0.1791321,1.000091,0.09267199,0.114703,1.00008,0.1567711,0.1469174,1.000086,0.03196251,-0.2171705,0.9756103,0,-0.02045654,0.9757624,0.2178746,0,0.9992797,0.02692143,-0.02674532,0,1.029264,-1.638017,-0.3035704,1,0.03196257,-0.02045652,0.9992797,0,-0.2171705,0.9757622,0.02692143,0,0.9756103,0.2178746,-0.02674526,0,-0.09246061,1.685511,-0.9925435,1,1.0,1.0,0.1487306,0.1397163,0.9789579,0.0003575673,-1.608266e-05,-0.02943921,40.78889,2530
25,0.2219406,0.1779535,1.000088,0.09267528,0.1150909,1.000062,0.1573074,0.146522,1.000075,0.0319072,-0.2168262,0.9756888,0,-0.02009676,0.9758492,0.2175191,0,0.9992889,0.02654862,-0.02677912,0,1.028721,-1.638541,-0.3030147,1,0.0319072,-0.02009677,0.9992887,0,-0.2168262,0.9758492,0.0265486,0,0.9756886,0.217519,-0.02677911,0,-0.0924543,1.685555,-0.9926032,1,1.0,1.0,0.1492389,0.1393341,0.978935,0.0003575366,-1.10931e-05,-0.02943823,40.8,2531
25,0.2218913,0.1778747,0.9999259,0.0929103,0.1144883,0.9998825,0.1574001,0.1461809,0.9999043,0.03198349,-0.2165094,0.9757566,0,-0.01965799,0.9759308,0.2171925,0,0.9992952,0.02612801,-0.02695751,0,1.028108,-1.639041,-0.3024629,1,0.03198346,-0.01965802,0.9992949,0,-0.2165094,0.9759308,0.02612798,0,0.9757564,0.2171924,-0.02695753,0,-0.09262019,1.685494,-0.9927118,1,1.0,1.0,0.1493592,0.1390384,0.9789587,0.0003541103,-1.316832e-05,-0.0294367,40.82222,2532
25,0.2219596,0.176776,1.000018,0.09187851,0.1148932,1.000028,0.156919,0.1458346,1.000023,0.03175282,-0.2163172,0.9758067,0,-0.01941255,0.9759814,0.2169876,0,0.9993073,0.02583288,-0.02679092,0,1.027716,-1.639392,-0.3019671,1,0.03175284,-0.01941255,0.9993072,0,-0.2163172,0.9759813,0.02583286,0,0.9758067,0.2169876,-0.02679089,0,-0.09259999,1.68549,-0.9927441,1,1.0,1.0,0.1489063,0.1387106,0.9790742,0.0003506849,-1.316832e-05,-0.02943034,40.83334,2533
25,0.2227565,0.1762101,0.9999772,0.09221054,0.1136525,0.9999996,0.1574839,0.1449317,0.9999884,0.03141207,-0.2163434,0.9758119,0,-0.01920926,0.9759827,0.2169996,0,0.9993219,0.02556103,-0.02650183,0,1.027412,-1.639701,-0.3016319,1,0.03141207,-0.01920926,0.9993219,0,-0.2163434,0.9759827,0.02556103,0,0.9758119,0.2169996,-0.02650183,0,-0.09267575,1.68551,-0.9927971,1,1.0,1.0,0.1494542,0.1378617,0.9791107,0.0003503338,-1.379394e-05,-0.02942909,40.85556,2534
25,0.2229971,0.1734484,1.00019,0.09231093,0.1134966,1.000189,0.157654,0.1434724,1.00019,0.0312953,-0.2162249,0.975842,0,-0.01892971,0.9760168,0.2168707,0,0.999331,0.02525944,-0.02645165,0,1.027004,-1.640081,-0.3015414,1,0.03129528,-0.01892972,0.9993309,0,-0.2162249,0.9760168,0.02525944,0,0.9758418,0.2168707,-0.02645166,0,-0.0925099,1.685583,-0.9928656,1,1.0,1.0,0.1496133,0.1364746,0.9792806,0.0003503645,-1.721957e-05,-0.0294254,40.86667,2535
25,0.223579,0.1742125,1.000031,0.09214738,0.1148628,1.000037,0.1578634,0.1445376,1.000034,0.03121096,-0.2161497,0.9758614,0,-0.01892713,0.976034,0.2167933,0,0.9993337,0.02523661,-0.0263719,0,1.027023,-1.640146,-0.3013653,1,0.03121099,-0.01892715,0.9993334,0,-0.2161497,0.976034,0.02523658,0,0.9758611,0.2167933,-0.02637185,0,-0.0924807,1.685611,-0.9928945,1,1.0,1.0,0.1498086,0.1374954,0.979108,0.0003510127,-2.825167e-05,-0.02942446,40.87778,2536
25,0.2240254,0.1749082,1.000055,0.0938528,0.1158335,1.000026,0.1589384,0.1453705,1.00004,0.03143567,-0.215803,0.9759308,0,-0.01909687,0.9761055,0.2164567,0,0.9993233,0.02544168,-0.02656335,0,1.027238,-1.640069,-0.3009174,1,0.03143565,-0.01909687,0.9993234,0,-0.215803,0.9761055,0.02544168,0,0.9759308,0.2164567,-0.02656337,0,-0.09254913,1.685633,-0.9928104,1,1.0,1.0,0.150791,0.1382541,0.9788503,0.0003507845,-3.201293e-05,-0.02942275,40.9,2537
25,0.2243229,0.1750861,1.000195,0.09630206,0.1155776,1.000168,0.160312,0.1453314,1.000181,0.03144801,-0.2153612,0.9760281,0,-0.01912158,0.9762026,0.2160158,0,0.9993225,0.02545647,-0.02658153,0,1.027318,-1.640273,-0.3002977,1,0.03144795,-0.0191216,0.9993224,0,-0.2153611,0.9762026,0.02545646,0,0.9760279,0.2160158,-0.02658157,0,-0.09245923,1.685752,-0.9928489,1,1.0,1.0,0.1520482,0.138173,0.9786672,0.0003503039,-3.311923e-05,-0.02942106,40.91111,2538
25,0.2240285,0.174682,1.000131,0.09664346,0.1154286,1.000086,0.1603353,0.1450545,1.000108,0.03177392,-0.2146454,0.9761752,0,-0.0189442,0.9763634,0.2153034,0,0.9993156,0.02533392,-0.02695662,0,1.026934,-1.640657,-0.2994748,1,0.03177393,-0.01894422,0.9993155,0,-0.2146454,0.9763634,0.02533389,0,0.976175,0.2153034,-0.02695661,0,-0.09244936,1.68581,-0.9927399,1,1.0,1.0,0.1520873,0.1379244,0.9786962,0.0003490904,-3.311923e-05,-0.02941738,40.93333,2539
25,0.2243206,0.1748891,1.000227,0.09595563,0.1155082,1.000166,0.1601371,0.145198,1.000196,0.03205818,-0.2142172,0.9762598,0,-0.01896624,0.9764556,0.214883,0,0.9993061,0.02540475,-0.02724051,0,1.026916,-1.640766,-0.2991289,1,0.0320582,-0.01896625,0.999306,0,-0.2142172,0.9764556,0.02540473,0,0.9762599,0.214883,-0.02724049,0,-0.09237373,1.685889,-0.9926682,1,1.0,1.0,0.15189,0.1380508,0.978709,0.0003470685,-3.311923e-05,-0.02941609,40.94445,2540
25,0.2241412,0.1743526,1.000341,0.09442222,0.1136013,1.000309,0.1592812,0.1439765,1.000325,0.03212279,-0.2136265,0.9763871,0,-0.01939808,0.976574,0.2143056,0,0.9992957,0.02582411,-0.02722633,0,1.027602,-1.640402,-0.2983745,1,0.03212278,-0.01939807,0.9992957,0,-0.2136266,0.976574,0.02582413,0,0.9763871,0.2143056,-0.02722634,0,-0.09211375,1.685851,-0.9926396,1,1.0,1.0,0.1511043,0.1369052,0.9789916,0.0003407439,-2.849579e-05,-0.02943494,40.96667,2541
25,0.2236952,0.1742694,1.000033,0.09427497,0.1138254,1.000025,0.1589849,0.1440472,1.000029,0.03212625,-0.2134449,0.9764268,0,-0.01950571,0.9766111,0.214127,0,0.9992936,0.025925,-0.02721143,0,1.02775,-1.640347,-0.2980604,1,0.03212622,-0.01950572,0.9992934,0,-0.2134449,0.9766111,0.02592499,0,0.9764266,0.214127,-0.02721145,0,-0.09210734,1.685851,-0.9926083,1,1.0,1.0,0.1508709,0.1370157,0.9790121,0.0003392333,-2.938847e-05,-0.02943375,40.97778,2542
25,0.2223198,0.1738557,1.000012,0.09377269,0.113912,0.9999958,0.158046,0.1438836,1.000004,0.03227001,-0.2134776,0.9764148,0,-0.01953676,0.9766023,0.2141643,0,0.9992882,0.02598707,-0.02734435,0,1.02779,-1.640164,-0.2980728,1,0.03227005,-0.01953675,0.9992883,0,-0.2134776,0.9766022,0.02598706,0,0.9764149,0.2141643,-0.02734431,0,-0.09226243,1.685704,-0.9925863,1,1.0,1.0,0.1500051,0.1368856,0.9791633,0.0003390806,-2.995296e-05,-0.02943318,41.0,2543
25,0.2216928,0.1750443,0.9999593,0.09285128,0.1139936,0.9999639,0.1572721,0.1445189,0.9999616,0.03222674,-0.2135167,0.9764077,0,-0.01942254,0.9765969,0.2141991,0,0.9992918,0.02586726,-0.02732551,0,1.027653,-1.640314,-0.2980831,1,0.03222676,-0.01942254,0.9992919,0,-0.2135167,0.976597,0.02586726,0,0.9764077,0.2141991,-0.0273255,0,-0.09230158,1.685734,-0.9926397,1,1.0,1.0,0.1492788,0.1374986,0.9791884,0.0003389055,-2.995296e-05,-0.02943458,41.01111,2544
25,0.2217381,0.1748526,1.000142,0.09367719,0.114243,1.000112,0.1577072,0.1445474,1.000127,0.03242445,-0.2135257,0.9763992,0,-0.01921511,0.9765992,0.2142075,0,0.9992895,0.02570719,-0.0275628,0,1.027311,-1.6404,-0.2984235,1,0.03242447,-0.01921511,0.9992894,0,-0.2135256,0.9765992,0.02570718,0,0.9763992,0.2142075,-0.02756277,0,-0.09219702,1.685678,-0.9926363,1,1.0,1.0,0.1496592,0.1374994,0.9791302,0.0003395081,-3.408047e-05,-0.02943453,41.02222,2545
25,0.222191,0.1735562,0.9999751,0.0936795,0.1144035,0.9999671,0.1579351,0.1439797,0.999971,0.03258336,-0.2135711,0.976384,0,-0.01899964,0.9765939,0.214251,0,0.9992884,0.02553196,-0.02776295,0,1.026921,-1.640523,-0.2986292,1,0.03258337,-0.01899963,0.9992884,0,-0.2135711,0.9765938,0.02553196,0,0.976384,0.214251,-0.02776293,0,-0.09225206,1.685617,-0.9925954,1,1.0,1.0,0.1499029,0.1369866,0.9791648,0.0003407747,-3.543089e-05,-0.02943411,41.04445,2546
25,0.2224875,0.1730047,0.9999406,0.09368092,0.1147055,0.9999456,0.1580843,0.1438549,0.9999431,0.03261316,-0.213717,0.9763511,0,-0.01899894,0.9765617,0.2143977,0,0.9992875,0.02554183,-0.0277884,0,1.026908,-1.640486,-0.2988646,1,0.0326132,-0.01899895,0.9992875,0,-0.2137169,0.9765615,0.02554182,0,0.976351,0.2143977,-0.02778836,0,-0.09229381,1.685622,-0.9925808,1,1.0,1.0,0.1500473,0.136874,0.9791585,0.0003418811,-3.84216e-05,-0.02943207,41.05556,2547
25,0.2217653,0.1734178,0.9996638,0.09370814,0.114591,0.9996365,0.1577362,0.1440042,0.9996502,0.03273571,-0.2135171,0.9763908,0,-0.01899674,0.9766049,0.2142008,0,0.9992836,0.02556027,-0.02791375,0,1.026857,-1.640659,-0.2982551,1,0.03273573,-0.01899674,0.9992834,0,-0.2135171,0.9766049,0.02556025,0,0.9763907,0.2142008,-0.02791372,0,-0.09271009,1.685669,-0.9925112,1,1.0,1.0,0.1497599,0.1370585,0.9791766,0.0003430936,-4.029856e-05,-0.02943175,41.07778,2548
25,0.2217618,0.1736007,0.9998869,0.09350161,0.1126834,0.9998759,0.1576316,0.1431419,0.9998815,0.03274494,-0.2133446,0.9764282,0,-0.01902785,0.9766419,0.2140295,0,0.9992827,0.02558774,-0.0279206,0,1.026896,-1.6407,-0.2978254,1,0.03274496,-0.01902787,0.9992825,0,-0.2133446,0.9766418,0.02558771,0,0.976428,0.2140294,-0.02792059,0,-0.09285505,1.685659,-0.9924925,1,1.0,1.0,0.1496466,0.1362275,0.97931,0.0003442988,-4.112243e-05,-0.02942999,41.08889,2549
25,0.2221684,0.173951,0.9999354,0.09306896,0.1124893,0.9999262,0.1576186,0.14322,0.9999309,0.03277606,-0.2133334,0.9764296,0,-0.01887238,0.9766481,0.2140147,0,0.9992846,0.02544213,-0.02798456,0,1.026628,-1.640864,-0.2977822,1,0.03277605,-0.0188724,0.9992844,0,-0.2133334,0.9766482,0.0254421,0,0.9764294,0.2140147,-0.02798456,0,-0.09293675,1.685652,-0.9924797,1,1.0,1.0,0.1496256,0.136296,0.9793036,0.000345543,-4.202267e-05,-0.02942591,41.1,2550
25,0.2233803,0.1750395,0.9998606,0.09381355,0.1118509,0.999876,0.1585973,0.1434455,0.9998684,0.03300452,-0.2133821,0.9764112,0,-0.01897653,0.9766335,0.2140721,0,0.9992751,0.02559426,-0.02818406,0,1.02679,-1.640682,-0.2980568,1,0.0330045,-0.01897654,0.9992749,0,-0.2133821,0.9766336,0.02559424,0,0.9764111,0.2140721,-0.02818407,0,-0.09295485,1.685636,-0.9924537,1,1.0,1.0,0.150538,0.1364955,0.979136,0.0003478164,-4.205329e-05,-0.02942219,41.12222,2551
25,0.2243184,0.1750284,0.9999343,0.09384249,0.1112751,0.9999216,0.1590801,0.1431516,0.9999279,0.03315485,-0.2134507,0.9763912,0,-0.01903973,0.976616,0.2141464,0,0.999269,0.02569023,-0.02831554,0,1.026909,-1.640564,-0.2982315,1,0.03315488,-0.01903974,0.9992687,0,-0.2134507,0.976616,0.02569021,0,0.976391,0.2141464,-0.0283155,0,-0.09303604,1.685619,-0.9924558,1,1.0,1.0,0.1509836,0.1362057,0.9791077,0.0003495179,-4.272454e-05,-0.02941879,41.13334,2552
25,0.2243982,0.1757222,0.9999006,0.09290747,0.1113896,0.9999111,0.1586531,0.1435559,0.9999058,0.03321296,-0.2133826,0.976404,0,-0.018951,0.9766329,0.2140773,0,0.9992686,0.02561397,-0.02839303,0,1.026784,-1.640728,-0.2980986,1,0.03321294,-0.01895101,0.9992687,0,-0.2133826,0.9766328,0.02561397,0,0.976404,0.2140773,-0.02839306,0,-0.09314073,1.685664,-0.9924711,1,1.0,1.0,0.1505819,0.1365952,0.9791152,0.0003499826,-4.327402e-05,-0.02941529,41.15556,2553
25,0.224439,0.1735971,0.9998156,0.0912044,0.1113887,0.9998108,0.1578216,0.1424928,0.9998132,0.03327483,-0.2134594,0.9763852,0,-0.01889829,0.976617,0.2141542,0,0.9992676,0.02557798,-0.02846277,0,1.02667,-1.640718,-0.2981121,1,0.03327486,-0.01889831,0.9992675,0,-0.2134594,0.9766171,0.02557795,0,0.9763851,0.2141542,-0.02846275,0,-0.09331672,1.685597,-0.9924364,1,1.0,1.0,0.149842,0.1356306,0.979363,0.0003503412,-4.347996e-05,-0.02941245,41.16667,2554
25,0.2246069,0.1738112,0.9997776,0.09090487,0.1109627,0.9997761,0.1577558,0.142387,0.999777,0.03347677,-0.2134588,0.9763784,0,-0.01867652,0.9766217,0.2141524,0,0.9992651,0.02540451,-0.0287075,0,1.026273,-1.641063,-0.298026,1,0.0334768,-0.01867654,0.9992649,0,-0.2134588,0.9766217,0.02540448,0,0.9763783,0.2141523,-0.02870747,0,-0.09366954,1.685688,-0.9923834,1,1.0,1.0,0.1497876,0.1355382,0.9793841,0.0003507761,-4.395295e-05,-0.02941162,41.18889,2555
25,0.2247442,0.1737348,0.9999074,0.09119204,0.1111851,0.9998851,0.157968,0.1424595,0.9998963,0.03367341,-0.2134641,0.9763705,0,-0.01877454,0.976617,0.2141655,0,0.9992566,0.02554259,-0.02887833,0,1.026441,-1.640981,-0.2980888,1,0.0336734,-0.01877455,0.9992564,0,-0.2134641,0.976617,0.02554258,0,0.9763704,0.2141654,-0.02887833,0,-0.09380913,1.685721,-0.9923716,1,1.0,1.0,0.1499676,0.135588,0.9793496,0.0003509363,-4.426576e-05,-0.02940766,41.2,2556
25,0.224288,0.1734747,0.9999375,0.08924032,0.1092996,0.9999145,0.1567639,0.1413869,0.9999261,0.03375077,-0.213307,0.9764022,0,-0.0186966,0.9766529,0.2140081,0,0.9992554,0.02547836,-0.02897471,0,1.026319,-1.641106,-0.2978045,1,0.03375081,-0.01869662,0.9992552,0,-0.213307,0.9766529,0.02547833,0,0.976402,0.2140081,-0.02897467,0,-0.09392158,1.685712,-0.9923708,1,1.0,1.0,0.1488641,0.1346057,0.9796534,0.0003511049,-4.431151e-05,-0.0294029,41.21111,2557
25,0.2240168,0.173141,0.9998846,0.08927131,0.1082979,0.9998855,0.1566441,0.1407194,0.9998851,0.03372413,-0.2132241,0.9764211,0,-0.01855318,0.9766749,0.2139203,0,0.999259,0.02533,-0.02898151,0,1.026112,-1.641338,-0.2975967,1,0.03372411,-0.01855319,0.9992589,0,-0.213224,0.9766749,0.02532999,0,0.9764211,0.2139203,-0.02898152,0,-0.09399764,1.685753,-0.9924017,1,1.0,1.0,0.1487712,0.1339906,0.9797519,0.0003516702,-4.525762e-05,-0.02939653,41.23333,2558
25,0.2237309,0.173156,1.000243,0.08901255,0.1091003,1.000216,0.1563712,0.1411278,1.000229,0.03374308,-0.21284,0.9765042,0,-0.01856267,0.9767586,0.2135369,0,0.9992582,0.02533192,-0.02900797,0,1.026119,-1.641401,-0.2971404,1,0.03374309,-0.01856267,0.9992582,0,-0.21284,0.9767587,0.02533192,0,0.9765042,0.2135369,-0.02900797,0,-0.09382142,1.685751,-0.9923974,1,1.0,1.0,0.1484624,0.1343352,0.9797515,0.0003519366,-4.535669e-05,-0.02939395,41.24445,2559
25,0.2237898,0.1732615,1.000262,0.08905292,0.1109663,1.000224,0.1564208,0.1421132,1.000243,0.03375798,-0.2122427,0.9766338,0,-0.01864844,0.9768868,0.2129423,0,0.9992561,0.02540121,-0.02901971,0,1.026124,-1.641473,-0.296201,1,0.03375797,-0.01864846,0.999256,0,-0.2122427,0.9768868,0.0254012,0,0.9766337,0.2129423,-0.02901973,0,-0.0937506,1.685742,-0.9922607,1,1.0,1.0,0.1484877,0.1352537,0.9796212,0.0003526844,-4.525762e-05,-0.02938895,41.26667,2560
25,0.2233523,0.1733005,0.9999794,0.09045634,0.1107501,0.9999806,0.1569043,0.1420254,0.9999799,0.03371543,-0.2122712,0.9766291,0,-0.0184461,0.9768859,0.2129638,0,0.9992613,0.02519517,-0.02902055,0,1.025839,-1.641681,-0.2962213,1,0.03371542,-0.01844611,0.9992611,0,-0.2122712,0.976886,0.02519516,0,0.9766289,0.2129638,-0.02902054,0,-0.09376986,1.685742,-0.9923151,1,1.0,1.0,0.1489751,0.135195,0.9795554,0.0003538588,-4.432676e-05,-0.0293862,41.27778,2561
25,0.2236328,0.1755626,1.000119,0.09069668,0.109482,1.000106,0.1571646,0.1425223,1.000112,0.03369164,-0.2120421,0.9766796,0,-0.01844057,0.9769361,0.212734,0,0.9992622,0.0251779,-0.0290044,0,1.025808,-1.641759,-0.2958952,1,0.03369163,-0.01844058,0.999262,0,-0.2120421,0.9769362,0.02517789,0,0.9766795,0.212734,-0.0290044,0,-0.09368841,1.685757,-0.9922969,1,1.0,1.0,0.1491888,0.1356374,0.9794617,0.0003548963,-4.408264e-05,-0.029384,41.28889,2562
25,0.2214091,0.1752959,0.9999162,0.09068689,0.1103625,0.9999272,0.1560482,0.1428293,0.9999217,0.03349483,-0.2120581,0.9766829,0,-0.01850665,0.976932,0.2127469,0,0.9992676,0.02520105,-0.02879769,0,1.025882,-1.641724,-0.2955293,1,0.03349483,-0.01850665,0.9992674,0,-0.2120581,0.976932,0.02520105,0,0.9766829,0.2127469,-0.02879768,0,-0.09386431,1.685712,-0.992268,1,1.0,1.0,0.1481704,0.1359699,0.9795702,0.0003549196,-4.395295e-05,-0.02938323,41.31111,2563
