flag,xl,yl,zl,xr,yr,zr,xc,yc,zc,mat_00,mat_10,mat_20,mat_30,mat_01,mat_11,mat_21,mat_31,mat_02,mat_12,mat_22,mat_32,mat_03,mat_13,mat_23,mat_33,ctw_00,ctw_10,ctw_20,ctw_30,ctw_01,ctw_11,ctw_21,ctw_31,ctw_02,ctw_12,ctw_22,ctw_32,ctw_03,ctw_13,ctw_23,ctw_33,opennessl,opennessr,ray_x,ray_y,ray_z,eye_x,eye_y,eye_z,time,frame,u,v
6.0,-0.07591823,-0.08468695,1.000041,-0.2076762,-0.1209691,1.000049,-0.1417969,-0.102828,1.000045,-0.9557625,-0.0635827,-0.2871856,0.0,-0.05749699,0.9979072,-0.0295843,0.0,-0.2884656,0.01176325,0.9574182,0.0,-0.636564,-1.683727,0.9639229,1.0,-0.9557623,-0.05749698,-0.2884655,0.0,-0.0635827,0.9979073,0.01176325,0.0,-0.2871855,-0.02958429,0.9574178,0.0,-0.4386351,1.67212,-1.086698,1.0,1.0,1.0,-0.1408719,-0.09564014,0.9853974,0.004608916,-0.003431145,-0.024064,7.522223,448.0,-0.175,-0.15849999999999997
6.0,-0.07625318,-0.08495688,1.000001,-0.2076955,-0.121983,1.00002,-0.1419739,-0.1034697,1.00001,-0.9557614,-0.06339731,-0.2872295,0.0,-0.05731575,0.997919,-0.02954151,0.0,-0.2885046,0.01177186,0.9574062,0.0,-0.6368241,-1.683687,0.9638636,1.0,-0.9557616,-0.05731575,-0.2885046,0.0,-0.06339732,0.997919,0.01177186,0.0,-0.2872295,-0.02954151,0.9574062,0.0,-0.4385432,1.672157,-1.086715,1.0,1.0,1.0,-0.1410318,-0.0962525,0.985315,0.004604798,-0.003431763,-0.02406009,7.544445,449.0,-0.175,-0.15849999999999997
6.0,-0.07560471,-0.08590377,0.999974,-0.2067922,-0.1228813,0.9999776,-0.1411984,-0.1043925,0.9999757,-0.9557613,-0.06341126,-0.2872275,0.0,-0.05737314,0.9979199,-0.02939944,0.0,-0.2884943,0.0116197,0.9574113,0.0,-0.6366485,-1.683853,0.9636701,1.0,-0.955761,-0.05737313,-0.2884942,0.0,-0.06341124,0.9979197,0.0116197,0.0,-0.2872274,-0.02939944,0.957411,0.0,-0.4384665,1.672155,-1.086732,1.0,1.0,1.0,-0.1402902,-0.09714545,0.9853331,0.00460148,-0.003432099,-0.02405499,7.555556,450.0,-0.175,-0.15849999999999997
6.0,-0.0747411,-0.08597772,0.9999655,-0.208394,-0.1238956,0.9999545,-0.1415676,-0.1049367,0.9999601,-0.9558593,-0.06266409,-0.2870651,0.0,-0.05672258,0.9979694,-0.02897616,0.0,-0.288298,0.01141406,0.9574728,0.0,-0.6375334,-1.683787,0.963055,1.0,-0.9558591,-0.05672257,-0.288298,0.0,-0.06266409,0.9979694,0.01141406,0.0,-0.2870651,-0.02897616,0.9574727,0.0,-0.4384455,1.672111,-1.08668,1.0,1.0,1.0,-0.1406298,-0.09765928,0.9852339,0.004596702,-0.003434395,-0.02404954,7.577778,451.0,-0.175,-0.15849999999999997
6.0,-0.07460755,-0.09090788,0.9999099,-0.2090755,-0.1209809,0.9999196,-0.1418413,-0.1059442,0.9999149,-0.9558494,-0.062529,-0.2871279,0.0,-0.05659061,0.9979779,-0.02894342,0.0,-0.2883571,0.0114168,0.957455,0.0,-0.6378202,-1.683729,0.9630517,1.0,-0.955849,-0.0565906,-0.288357,0.0,-0.06252898,0.9979778,0.0114168,0.0,-0.2871278,-0.0289434,0.9574547,0.0,-0.4384228,1.672103,-1.086776,1.0,1.0,1.0,-0.1408758,-0.09861823,0.9851033,0.004590859,-0.003436493,-0.02404312,7.588889,452.0,-0.175,-0.15849999999999997
6.0,-0.07474142,-0.0908042,0.9999624,-0.2077747,-0.1242549,0.9999737,-0.1412577,-0.1075294,0.9999682,-0.9558345,-0.06253126,-0.2871768,0.0,-0.05664636,0.9979799,-0.02876415,0.0,-0.2883953,0.01122624,0.9574457,0.0,-0.6377302,-1.683931,0.9627779,1.0,-0.9558343,-0.05664635,-0.2883953,0.0,-0.06253125,0.9979799,0.01122624,0.0,-0.2871767,-0.02876414,0.9574455,0.0,-0.4383754,1.672097,-1.086822,1.0,1.0,1.0,-0.1402956,-0.1001312,0.9850335,0.004588882,-0.003436821,-0.0240415,7.6,453.0,-0.175,-0.15849999999999997
6.0,-0.07417142,-0.09078868,1.000019,-0.2066654,-0.1244276,1.000002,-0.1404187,-0.1076081,1.00001,-0.9559314,-0.06270583,-0.2868161,0.0,-0.05695176,0.9979738,-0.02836943,0.0,-0.2880138,0.01078455,0.9575657,0.0,-0.6367892,-1.684489,0.9624539,1.0,-0.9559311,-0.05695175,-0.2880138,0.0,-0.06270581,0.9979737,0.01078455,0.0,-0.286816,-0.02836942,0.9575654,0.0,-0.4383067,1.672114,-1.08685,1.0,1.0,1.0,-0.1394973,-0.1002138,0.9851384,0.004588447,-0.003436508,-0.02403991,7.622222,454.0,-0.175,-0.15849999999999997
6.0,-0.07410383,-0.08887662,1.000014,-0.2077452,-0.1272801,1.00001,-0.1409246,-0.1080784,1.000012,-0.9559215,-0.06292623,-0.2868004,0.0,-0.05716542,0.99796,-0.02842466,0.0,-0.288004,0.01077668,0.9575686,0.0,-0.6364394,-1.684519,0.9625373,1.0,-0.9559214,-0.05716542,-0.288004,0.0,-0.06292623,0.99796,0.01077668,0.0,-0.2868004,-0.02842466,0.9575686,0.0,-0.4383304,1.67206,-1.086839,1.0,1.0,1.0,-0.1399685,-0.1006549,0.9850266,0.004588447,-0.003436646,-0.02403512,7.633334,455.0,-0.175,-0.15849999999999997
6.0,-0.07484558,-0.09202945,0.9999548,-0.2078193,-0.1273554,0.9999609,-0.1413323,-0.1096922,0.9999578,-0.9559208,-0.06262341,-0.2868689,0.0,-0.05688355,0.9979794,-0.0283081,0.0,-0.288062,0.01074218,0.9575516,0.0,-0.6368781,-1.684394,0.9623951,1.0,-0.9559207,-0.05688354,-0.288062,0.0,-0.06262341,0.9979795,0.01074218,0.0,-0.2868688,-0.02830809,0.9575514,0.0,-0.4382062,1.672006,-1.086909,1.0,1.0,1.0,-0.1403383,-0.1021913,0.9848158,0.004588447,-0.003436318,-0.02403286,7.655556,456.0,-0.175,-0.15849999999999997
6.0,-0.07477537,-0.09200543,1.000066,-0.2101539,-0.1284388,1.000094,-0.1424642,-0.110222,1.00008,-0.955874,-0.06250734,-0.287051,0.0,-0.05677865,0.9979872,-0.02824691,0.0,-0.2882389,0.01070212,0.9574989,0.0,-0.6372666,-1.68437,0.9621103,1.0,-0.9558735,-0.05677863,-0.2882387,0.0,-0.06250732,0.9979871,0.01070212,0.0,-0.2870509,-0.02824691,0.9574985,0.0,-0.4382572,1.671973,-1.086878,1.0,1.0,1.0,-0.1413824,-0.1026686,0.9846168,0.004589104,-0.003436157,-0.02403071,7.666667,457.0,-0.175,-0.15849999999999997
6.0,-0.07486084,-0.09363429,0.9999764,-0.2098641,-0.1281767,0.9999907,-0.1423622,-0.1109054,0.9999836,-0.9558676,-0.06235504,-0.2871044,0.0,-0.05669691,0.9979991,-0.02798817,0.0,-0.2882752,0.01047505,0.9574904,0.0,-0.6373842,-1.684582,0.9616962,1.0,-0.9558676,-0.05669691,-0.2882751,0.0,-0.06235504,0.997999,0.01047505,0.0,-0.2871044,-0.02798817,0.9574902,0.0,-0.4381899,1.67199,-1.086911,1.0,1.0,1.0,-0.1412908,-0.1033322,0.9845605,0.004590249,-0.003433472,-0.02402961,7.677778,458.0,-0.175,-0.15849999999999997
6.0,-0.07518449,-0.08796435,0.999958,-0.2061332,-0.1249415,0.9999703,-0.1406586,-0.1064529,0.9999641,-0.9558561,-0.06218794,-0.2871792,0.0,-0.0566157,0.9980124,-0.02767568,0.0,-0.2883295,0.01019511,0.957477,0.0,-0.6374959,-1.684804,0.9612394,1.0,-0.955856,-0.05661569,-0.2883295,0.0,-0.06218794,0.9980124,0.01019511,0.0,-0.2871792,-0.02767568,0.957477,0.0,-0.4380807,1.671966,-1.086997,1.0,1.0,1.0,-0.1397559,-0.09912311,0.9852121,0.004597549,-0.003429161,-0.02402231,7.7,459.0,-0.175,-0.15849999999999997
6.0,-0.07518241,-0.08501594,0.9998833,-0.2068806,-0.125523,0.9998658,-0.1410318,-0.1052695,0.9998745,-0.955911,-0.06194276,-0.2870496,0.0,-0.05636786,0.998027,-0.02765341,0.0,-0.2881962,0.01025382,0.9575167,0.0,-0.637682,-1.684612,0.9614101,1.0,-0.9559107,-0.05636786,-0.2881961,0.0,-0.06194275,0.998027,0.01025382,0.0,-0.2870495,-0.0276534,0.9575163,0.0,-0.4379443,1.67193,-1.08707,1.0,1.0,1.0,-0.1401358,-0.0980007,0.9852704,0.004597924,-0.003426926,-0.02402373,7.722222,460.0,-0.175,-0.15849999999999997
6.0,-0.0751304,-0.08353703,1.000104,-0.208391,-0.1255992,1.000126,-0.1417603,-0.1045678,1.000115,-0.9558715,-0.06177377,-0.2872174,0.0,-0.05617766,0.9980367,-0.02769281,0.0,-0.2883642,0.01033556,0.9574651,0.0,-0.6383261,-1.684373,0.9612538,1.0,-0.9558713,-0.05617766,-0.2883642,0.0,-0.06177377,0.9980367,0.01033557,0.0,-0.2872175,-0.02769281,0.9574651,0.0,-0.4381189,1.671826,-1.087028,1.0,1.0,1.0,-0.1407995,-0.09730127,0.9852451,0.004597924,-0.003425705,-0.02402741,7.733334,461.0,-0.175,-0.15849999999999997
6.0,-0.07504994,-0.08493122,0.9999871,-0.205998,-0.1242853,0.999947,-0.1405247,-0.1046085,0.999967,-0.9559994,-0.06146438,-0.2868579,0.0,-0.05589131,0.9980558,-0.02758447,0.0,-0.2879957,0.01033787,0.957576,0.0,-0.6385344,-1.684222,0.9613838,1.0,-0.9559993,-0.05589132,-0.2879956,0.0,-0.06146438,0.9980558,0.01033787,0.0,-0.2868578,-0.02758447,0.9575758,0.0,-0.4381775,1.671778,-1.087082,1.0,1.0,1.0,-0.1396532,-0.09737504,0.985401,0.004598229,-0.003419876,-0.02402892,7.755556,462.0,-0.175,-0.15849999999999997
6.0,-0.07484919,-0.0841711,0.9999446,-0.2037209,-0.1228182,0.9999499,-0.139285,-0.1034946,0.9999473,-0.9559975,-0.06135561,-0.2868876,0.0,-0.05578981,0.9980626,-0.02754328,0.0,-0.2880217,0.0103259,0.9575683,0.0,-0.6387141,-1.68419,0.9613546,1.0,-0.9559973,-0.05578981,-0.2880217,0.0,-0.06135561,0.9980625,0.0103259,0.0,-0.2868876,-0.02754328,0.9575681,0.0,-0.4381427,1.671772,-1.087135,1.0,1.0,1.0,-0.1384991,-0.09633549,0.985666,0.004598229,-0.003414849,-0.02403692,7.766667,463.0,-0.175,-0.15849999999999997
6.0,-0.07493111,-0.08541182,0.9998447,-0.2025214,-0.122101,0.9998181,-0.1387267,-0.1037569,0.9998315,-0.9560692,-0.0612045,-0.2866806,0.0,-0.05564836,0.9980717,-0.02749679,0.0,-0.2878107,0.01033553,0.9576316,0.0,-0.6386086,-1.684178,0.9615783,1.0,-0.9560691,-0.05564837,-0.2878107,0.0,-0.0612045,0.9980718,0.01033553,0.0,-0.2866805,-0.02749679,0.9576315,0.0,-0.4379674,1.671833,-1.087229,1.0,1.0,1.0,-0.1379823,-0.09660761,0.9857119,0.004597389,-0.003409447,-0.0240406,7.777778,464.0,-0.175,-0.15849999999999997
6.0,-0.07603079,-0.07940915,0.9999759,-0.2025837,-0.1198597,0.9999589,-0.1393075,-0.09963438,0.9999676,-0.9561629,-0.06102302,-0.2864072,0.0,-0.05549948,0.9980835,-0.027372,0.0,-0.2875286,0.01027664,0.9577171,0.0,-0.6385453,-1.684159,0.9616752,1.0,-0.9561625,-0.05549946,-0.2875285,0.0,-0.061023,0.9980834,0.01027664,0.0,-0.2864071,-0.02737199,0.9577168,0.0,-0.4378949,1.671815,-1.087305,1.0,1.0,1.0,-0.1385639,-0.09265555,0.9860096,0.004596795,-0.003408211,-0.02404409,7.811111,465.0,-0.175,-0.15849999999999997
6.0,-0.07509252,-0.07977936,0.9999924,-0.2026524,-0.1183251,0.9999578,-0.1388731,-0.09905256,0.9999751,-0.9562471,-0.06096776,-0.2861375,0.0,-0.05546393,0.9980872,-0.02730829,0.0,-0.2872551,0.01024316,0.9577994,0.0,-0.6383419,-1.684161,0.9617667,1.0,-0.9562469,-0.05546393,-0.287255,0.0,-0.06096775,0.9980872,0.01024316,0.0,-0.2861374,-0.02730829,0.9577993,0.0,-0.4378945,1.671798,-1.087295,1.0,1.0,1.0,-0.1381592,-0.09210829,0.9861177,0.004596145,-0.003404862,-0.02404297,7.822222,466.0,-0.175,-0.15849999999999997
6.0,-0.07495749,-0.0812033,0.9998006,-0.2027726,-0.1187707,0.9997473,-0.1388659,-0.09998758,0.9997742,-0.956355,-0.06088005,-0.2857954,0.0,-0.05530268,0.9980894,-0.02755375,0.0,-0.2869268,0.01054591,0.9578946,0.0,-0.6383063,-1.68376,0.9625829,1.0,-0.9563548,-0.05530268,-0.2869268,0.0,-0.06088004,0.9980894,0.01054591,0.0,-0.2857954,-0.02755375,0.9578943,0.0,-0.4378529,1.671766,-1.087443,1.0,1.0,1.0,-0.1381675,-0.09302253,0.9860307,0.004596023,-0.00340094,-0.02404072,7.833333,467.0,-0.175,-0.15849999999999997
6.0,-0.07507685,-0.08216502,0.999948,-0.2026917,-0.1190611,0.9999295,-0.1388845,-0.1006132,0.9999387,-0.9564135,-0.0608798,-0.2855997,0.0,-0.05538869,0.9980923,-0.02727305,0.0,-0.2867152,0.01026532,0.957961,0.0,-0.6379385,-1.684078,0.9623293,1.0,-0.9564132,-0.05538869,-0.2867151,0.0,-0.0608798,0.9980924,0.01026532,0.0,-0.2855996,-0.02727305,0.9579608,0.0,-0.4378182,1.671776,-1.087493,1.0,1.0,1.0,-0.138156,-0.09360681,0.9859771,0.004596023,-0.003399269,-0.02403859,7.844445,468.0,-0.175,-0.15849999999999997
6.0,-0.07575095,-0.08270702,0.999939,-0.202609,-0.1192662,0.9998993,-0.1391805,-0.100987,0.9999192,-0.95649,-0.0610473,-0.2853068,0.0,-0.05563114,0.9980847,-0.02705767,0.0,-0.2864121,0.01000845,0.9580542,0.0,-0.6373131,-1.684339,0.9622708,1.0,-0.9564901,-0.05563114,-0.2864121,0.0,-0.0610473,0.9980847,0.01000845,0.0,-0.2853068,-0.02705767,0.9580542,0.0,-0.4378656,1.671695,-1.087584,1.0,1.0,1.0,-0.1384338,-0.09396299,0.9859042,0.004596055,-0.003397804,-0.02403693,7.866667,469.0,-0.175,-0.15849999999999997
6.0,-0.07589868,-0.08274294,0.9999819,-0.2027164,-0.1184369,0.9999611,-0.1393079,-0.1005902,0.9999714,-0.9565229,-0.0612729,-0.2851485,0.0,-0.0558717,0.9980716,-0.02704621,0.0,-0.2862558,0.009938592,0.9581019,0.0,-0.636829,-1.684509,0.9623786,1.0,-0.9565227,-0.0558717,-0.2862557,0.0,-0.0612729,0.9980716,0.009938592,0.0,-0.2851484,-0.02704621,0.9581016,0.0,-0.4379355,1.671709,-1.087611,1.0,1.0,1.0,-0.1385529,-0.09357779,0.9859241,0.004596535,-0.003398445,-0.02403484,7.888889,470.0,-0.175,-0.15849999999999997
6.0,-0.07583511,-0.08329511,0.9999397,-0.2046864,-0.1186995,0.999949,-0.1402605,-0.100997,0.9999444,-0.9564992,-0.06123512,-0.2852363,0.0,-0.05580275,0.9980728,-0.02714184,0.0,-0.2863486,0.01004418,0.958073,0.0,-0.6370406,-1.68436,0.9625291,1.0,-0.956499,-0.05580274,-0.2863485,0.0,-0.06123512,0.9980728,0.01004418,0.0,-0.2852362,-0.02714183,0.9580726,0.0,-0.4379225,1.67169,-1.08767,1.0,1.0,1.0,-0.1394522,-0.09395709,0.9857613,0.004597138,-0.003398857,-0.02402825,7.9,471.0,-0.175,-0.15849999999999997
6.0,-0.07599321,-0.08391319,0.9999059,-0.2080671,-0.1190207,0.9999335,-0.1420297,-0.1014667,0.9999198,-0.9564559,-0.06108361,-0.2854136,0.0,-0.05567391,0.9980829,-0.02703749,0.0,-0.2865179,0.009970073,0.9580231,0.0,-0.6375832,-1.684289,0.9623401,1.0,-0.9564559,-0.0556739,-0.2865179,0.0,-0.06108361,0.9980829,0.009970075,0.0,-0.2854136,-0.02703748,0.958023,0.0,-0.4380378,1.671583,-1.08783,1.0,1.0,1.0,-0.1411224,-0.09438451,0.9854826,0.004600395,-0.003398201,-0.0240241,7.911111,472.0,-0.175,-0.15849999999999997
6.0,-0.07608446,-0.08519667,0.9999235,-0.2070555,-0.1197885,0.9999252,-0.1415699,-0.1024926,0.9999243,-0.9564632,-0.06092934,-0.2854224,0.0,-0.05551856,0.9980921,-0.02701829,0.0,-0.2865241,0.009995759,0.958021,0.0,-0.6378586,-1.684204,0.9623812,1.0,-0.9564629,-0.05551855,-0.286524,0.0,-0.06092932,0.998092,0.00999576,0.0,-0.2854224,-0.02701829,0.9580209,0.0,-0.4380203,1.671579,-1.087908,1.0,1.0,1.0,-0.1406781,-0.09537194,0.9854512,0.004602777,-0.003395577,-0.02401736,7.933333,473.0,-0.175,-0.15849999999999997
6.0,-0.07749522,-0.08843268,0.9997465,-0.2060021,-0.1208932,0.9997531,-0.1417486,-0.104663,0.9997499,-0.9564439,-0.06191665,-0.2852741,0.0,-0.0566288,0.9980367,-0.02675611,0.0,-0.2863706,0.009435991,0.9580724,0.0,-0.6356477,-1.685136,0.962535,1.0,-0.9564439,-0.0566288,-0.2863707,0.0,-0.06191666,0.9980367,0.009435991,0.0,-0.2852741,-0.02675611,0.9580725,0.0,-0.4377131,1.671586,-1.088308,1.0,1.0,1.0,-0.1408492,-0.09745832,0.9852225,0.004609756,-0.003393448,-0.024009,7.955556,474.0,-0.175,-0.15849999999999997
6.0,-0.07885861,-0.08868206,0.999914,-0.2071295,-0.1202544,0.9999006,-0.1429943,-0.1044684,0.9999073,-0.9564501,-0.06232162,-0.285166,0.0,-0.0570689,0.9980131,-0.02670114,0.0,-0.2862635,0.009264191,0.9581063,0.0,-0.6347766,-1.685426,0.9626085,1.0,-0.9564497,-0.05706888,-0.2862634,0.0,-0.0623216,0.9980131,0.009264193,0.0,-0.2851659,-0.02670113,0.9581061,0.0,-0.4376672,1.671554,-1.08838,1.0,1.0,1.0,-0.142007,-0.09724163,0.9850777,0.004611724,-0.003393067,-0.02400862,7.966667,475.0,-0.175,-0.15849999999999997
6.0,-0.07915062,-0.08862747,0.9998217,-0.2070958,-0.120763,0.9998438,-0.1431229,-0.1046952,0.9998326,-0.9564542,-0.06201183,-0.2852198,0.0,-0.05693372,0.9980375,-0.0260699,0.0,-0.2862768,0.008696035,0.9581077,0.0,-0.6348751,-1.685996,0.9617676,1.0,-0.9564538,-0.05693371,-0.2862766,0.0,-0.06201182,0.9980376,0.008696035,0.0,-0.2852198,-0.02606989,0.9581073,0.0,-0.4374653,1.671615,-1.088565,1.0,1.0,1.0,-0.142136,-0.09746399,0.9850371,0.004612274,-0.003391533,-0.02400862,7.988889,476.0,-0.175,-0.15849999999999997
6.0,-0.07945457,-0.0885514,0.9998213,-0.2078037,-0.120936,0.99983,-0.1436289,-0.1047435,0.9998256,-0.9564708,-0.06159404,-0.2852543,0.0,-0.05654559,0.9980638,-0.02590874,0.0,-0.2862978,0.008651081,0.9581019,0.0,-0.6354412,-1.68597,0.9616722,1.0,-0.9564705,-0.05654559,-0.2862977,0.0,-0.06159403,0.9980638,0.008651077,0.0,-0.2852542,-0.02590873,0.9581014,0.0,-0.4373054,1.67169,-1.088719,1.0,1.0,1.0,-0.1426134,-0.09750453,0.9849641,0.004612274,-0.003391365,-0.02400844,8.0,477.0,-0.175,-0.15849999999999997
6.0,-0.07989937,-0.08913402,0.9998865,-0.2071003,-0.1208427,0.999854,-0.1435004,-0.1049886,0.9998702,-0.9565949,-0.06080331,-0.2850073,0.0,-0.05565061,0.9981078,-0.0261508,0.0,-0.2860581,0.009154894,0.9581686,0.0,-0.6366889,-1.685096,0.9624187,1.0,-0.9565948,-0.0556506,-0.286058,0.0,-0.0608033,0.9981077,0.009154896,0.0,-0.2850073,-0.0261508,0.9581685,0.0,-0.4372164,1.671643,-1.088862,1.0,1.0,1.0,-0.1424828,-0.09773637,0.9849601,0.004612274,-0.003390884,-0.02400864,8.022223,478.0,-0.175,-0.15849999999999997
6.0,-0.08030161,-0.08860615,0.9998097,-0.2070141,-0.1210602,0.9997966,-0.1436579,-0.1048332,0.9998031,-0.9566352,-0.06050351,-0.2849358,0.0,-0.0552967,0.9981238,-0.02629087,0.0,-0.2859918,0.009394758,0.958186,0.0,-0.6371211,-1.684821,0.9628757,1.0,-0.9566352,-0.05529671,-0.2859918,0.0,-0.0605035,0.9981237,0.009394759,0.0,-0.2849358,-0.02629086,0.958186,0.0,-0.4370723,1.671744,-1.088997,1.0,1.0,1.0,-0.1426423,-0.09759279,0.9849511,0.004612084,-0.003390221,-0.0240092,8.033334,479.0,-0.175,-0.15849999999999997
6.0,-0.08130533,-0.08878101,0.9998909,-0.2078991,-0.1211168,0.999876,-0.1446023,-0.1049491,0.9998836,-0.9566603,-0.06052257,-0.2848476,0.0,-0.05527763,0.9981213,-0.02642448,0.0,-0.2859118,0.009533548,0.9582086,0.0,-0.6370697,-1.684676,0.9632521,1.0,-0.9566602,-0.05527763,-0.2859118,0.0,-0.06052257,0.9981213,0.009533549,0.0,-0.2848476,-0.02642448,0.9582086,0.0,-0.43704,1.671749,-1.089081,1.0,1.0,1.0,-0.1435191,-0.09768362,0.9848148,0.004611504,-0.00338971,-0.02400958,8.044445,480.0,-0.175,-0.15849999999999997
6.0,-0.08136165,-0.08783164,0.9997518,-0.2094196,-0.1190865,0.99977,-0.1453903,-0.1034588,0.9997609,-0.9566087,-0.06079304,-0.2849633,0.0,-0.05559178,0.9981068,-0.02631344,0.0,-0.2860234,0.009330045,0.9581772,0.0,-0.6365612,-1.685003,0.9632496,1.0,-0.9566088,-0.05559179,-0.2860234,0.0,-0.06079304,0.9981067,0.009330044,0.0,-0.2849633,-0.02631344,0.9581771,0.0,-0.4368857,1.671772,-1.089314,1.0,1.0,1.0,-0.1442973,-0.09626418,0.9848409,0.004611191,-0.003389435,-0.02401193,8.066667,481.0,-0.175,-0.15849999999999997
6.0,-0.08047959,-0.08670066,0.9998465,-0.2102993,-0.1176797,0.999875,-0.145389,-0.10219,0.9998608,-0.9565428,-0.0608305,-0.2851761,0.0,-0.05562129,0.9981045,-0.02633829,0.0,-0.2862377,0.009331844,0.9581132,0.0,-0.6365889,-1.68502,0.9632989,1.0,-0.9565428,-0.05562128,-0.2862377,0.0,-0.0608305,0.9981044,0.009331843,0.0,-0.2851761,-0.02633829,0.9581131,0.0,-0.4367154,1.67179,-1.089441,1.0,1.0,1.0,-0.1442991,-0.09504542,0.9849589,0.004611512,-0.003389435,-0.02401432,8.077778,482.0,-0.175,-0.15849999999999997
6.0,-0.08126014,-0.0858689,0.9998605,-0.2117822,-0.1172175,0.9999527,-0.1465197,-0.1015426,0.9999067,-0.956373,-0.06089241,-0.285732,0.0,-0.05588337,0.9981075,-0.02565979,0.0,-0.2867537,0.008572663,0.957966,0.0,-0.6365492,-1.685876,0.9620059,1.0,-0.9563732,-0.05588337,-0.2867537,0.0,-0.06089241,0.9981075,0.008572665,0.0,-0.285732,-0.02565978,0.957966,0.0,-0.4365598,1.671798,-1.089649,1.0,1.0,1.0,-0.1453657,-0.09440703,0.9848636,0.004611694,-0.003391144,-0.02402008,8.1,483.0,-0.175,-0.15849999999999997
6.0,-0.08111385,-0.08592626,0.9999825,-0.2123907,-0.1172065,1.000031,-0.1467516,-0.1015662,1.000007,-0.9562966,-0.06075185,-0.2860182,0.0,-0.05584915,0.9981192,-0.0252755,0.0,-0.2870158,0.008197,0.957891,0.0,-0.6368502,-1.686252,0.9612311,1.0,-0.9562963,-0.05584914,-0.2870157,0.0,-0.06075184,0.9981192,0.008197,0.0,-0.2860181,-0.02527549,0.9578906,0.0,-0.4365309,1.671808,-1.089718,1.0,1.0,1.0,-0.1455698,-0.09441677,0.9848324,0.004612251,-0.003391518,-0.02402315,8.122222,484.0,-0.175,-0.15849999999999997
6.0,-0.08008444,-0.08641958,0.9999127,-0.2109854,-0.1184332,0.9999692,-0.145534,-0.102426,0.9999411,-0.9561951,-0.0607484,-0.2863579,0.0,-0.05596481,0.998123,-0.02486784,0.0,-0.287331,0.00775254,0.9578001,0.0,-0.6369573,-1.686738,0.9604533,1.0,-0.9561948,-0.05596481,-0.287331,0.0,-0.06074839,0.998123,0.007752538,0.0,-0.2863578,-0.02486783,0.9577998,0.0,-0.4364887,1.67181,-1.089863,1.0,1.0,1.0,-0.144423,-0.0952575,0.9849203,0.004614845,-0.0033918,-0.02402796,8.133333,485.0,-0.175,-0.15849999999999997
6.0,-0.07970434,-0.08670144,0.9997776,-0.211593,-0.1183439,0.9997944,-0.1456484,-0.1025226,0.9997861,-0.9561611,-0.06071689,-0.2864779,0.0,-0.05593052,0.9981249,-0.02486913,0.0,-0.2874507,0.007756036,0.9577641,0.0,-0.6370774,-1.686728,0.9605968,1.0,-0.9561609,-0.05593052,-0.2874507,0.0,-0.06071689,0.9981249,0.007756035,0.0,-0.2864779,-0.02486913,0.9577639,0.0,-0.4363716,1.671822,-1.090071,1.0,1.0,1.0,-0.1445503,-0.09536521,0.9848912,0.004614845,-0.003388909,-0.02403121,8.155556,486.0,-0.175,-0.15849999999999997
6.0,-0.07896554,-0.08666813,1.000045,-0.2110659,-0.1175881,1.000046,-0.1450157,-0.1021281,1.000045,-0.956133,-0.06096274,-0.2865193,0.0,-0.05618558,0.9981105,-0.02487326,0.0,-0.2874942,0.007683896,0.9577516,0.0,-0.6368646,-1.6868,0.9606389,1.0,-0.9561329,-0.05618557,-0.2874942,0.0,-0.06096274,0.9981104,0.007683896,0.0,-0.2865193,-0.02487326,0.9577515,0.0,-0.4365177,1.671725,-1.090187,1.0,1.0,1.0,-0.1439234,-0.09497378,0.9850209,0.004614845,-0.00338858,-0.02403613,8.177778,487.0,-0.175,-0.15849999999999997
6.0,-0.07790911,-0.08675715,0.9998767,-0.2097749,-0.1177555,0.9998794,-0.143842,-0.1022562,0.9998781,-0.9561108,-0.06111584,-0.2865607,0.0,-0.05630159,0.9981003,-0.02501801,0.0,-0.2875453,0.007786166,0.9577354,0.0,-0.6367307,-1.68673,0.9609603,1.0,-0.9561107,-0.05630158,-0.2875453,0.0,-0.06111583,0.9981003,0.007786166,0.0,-0.2865607,-0.02501801,0.9577354,0.0,-0.4364975,1.671718,-1.090302,1.0,1.0,1.0,-0.1428383,-0.09512658,0.985164,0.004614837,-0.003388092,-0.02403756,8.2,488.0,-0.175,-0.15849999999999997
6.0,-0.07768425,-0.08692177,0.9999726,-0.2117072,-0.1174609,0.9999527,-0.144696,-0.1021913,0.9999625,-0.9561375,-0.06144961,-0.2864003,0.0,-0.05669799,0.9980817,-0.02486261,0.0,-0.2873787,0.007533753,0.9577875,0.0,-0.6361477,-1.687022,0.9609106,1.0,-0.9561373,-0.05669799,-0.2873787,0.0,-0.06144961,0.9980817,0.007533753,0.0,-0.2864002,-0.02486261,0.9577873,0.0,-0.4367064,1.671608,-1.090454,1.0,1.0,1.0,-0.1436299,-0.09504589,0.9850566,0.0046129,-0.003387497,-0.02404245,8.222222,489.0,-0.175,-0.15849999999999997
6.0,-0.07760045,-0.08895778,0.9998943,-0.2106594,-0.1195205,0.9999057,-0.1441298,-0.104239,0.9998999,-0.9561217,-0.06140535,-0.286463,0.0,-0.0566855,0.9980853,-0.02474857,0.0,-0.2874342,0.00742435,0.9577718,0.0,-0.636238,-1.687131,0.9607964,1.0,-0.9561214,-0.05668549,-0.2874341,0.0,-0.06140533,0.9980853,0.00742435,0.0,-0.2864629,-0.02474857,0.9577715,0.0,-0.4366871,1.671613,-1.090574,1.0,1.0,1.0,-0.1430746,-0.09702126,0.9849449,0.004609474,-0.003377052,-0.02404245,8.233334,490.0,-0.175,-0.15849999999999997
6.0,-0.07656312,-0.08741939,0.9998922,-0.2108721,-0.1154389,0.999894,-0.1437176,-0.1014292,0.999893,-0.9561216,-0.06122873,-0.2865009,0.0,-0.05653201,0.9980966,-0.02464465,0.0,-0.2874645,0.007366814,0.957763,0.0,-0.6366336,-1.687113,0.9607592,1.0,-0.9561214,-0.056532,-0.2874645,0.0,-0.06122871,0.9980965,0.007366815,0.0,-0.2865009,-0.02464465,0.957763,0.0,-0.4367405,1.671589,-1.090761,1.0,1.0,1.0,-0.142724,-0.09435097,0.9852552,0.004609047,-0.003374733,-0.02403896,8.255556,491.0,-0.175,-0.15849999999999997
6.0,-0.07428309,-0.08754863,0.9997937,-0.2133526,-0.1165008,0.9997491,-0.1438185,-0.1020251,0.9997714,-0.956196,-0.06144191,-0.2862066,0.0,-0.05673365,0.9980832,-0.02472218,0.0,-0.287177,0.007401706,0.957849,0.0,-0.6360584,-1.687206,0.9612869,1.0,-0.9561959,-0.05673365,-0.287177,0.0,-0.06144191,0.9980832,0.007401708,0.0,-0.2862066,-0.02472218,0.9578489,0.0,-0.436735,1.671651,-1.090941,1.0,1.0,1.0,-0.1428276,-0.09493002,0.9851845,0.004608597,-0.003373497,-0.02403772,8.266666,492.0,-0.175,-0.15849999999999997
6.0,-0.07429579,-0.08763717,0.9999143,-0.214074,-0.1164996,0.9999056,-0.1441851,-0.1020686,0.9999097,-0.9561957,-0.0616402,-0.2861647,0.0,-0.05690278,0.9980704,-0.02484957,0.0,-0.2871443,0.007477483,0.9578582,0.0,-0.635874,-1.687181,0.9615999,1.0,-0.9561958,-0.05690278,-0.2871443,0.0,-0.06164021,0.9980705,0.007477482,0.0,-0.2861647,-0.02484957,0.9578581,0.0,-0.4368423,1.671638,-1.091048,1.0,1.0,1.0,-0.1431539,-0.0949546,0.9851348,0.004608597,-0.003373497,-0.0240366,8.288889,493.0,-0.175,-0.15849999999999997
6.0,-0.07432553,-0.08818918,0.9998363,-0.2144152,-0.1163986,0.9998035,-0.1443709,-0.102294,0.9998199,-0.9562513,-0.06186096,-0.2859316,0.0,-0.05716235,0.9980578,-0.02475855,0.0,-0.2869078,0.007330871,0.9579302,0.0,-0.6351763,-1.687453,0.9617806,1.0,-0.9562511,-0.05716236,-0.2869078,0.0,-0.06186096,0.998058,0.007330872,0.0,-0.2859315,-0.02475855,0.9579301,0.0,-0.4367722,1.67168,-1.091185,1.0,1.0,1.0,-0.1433384,-0.09517495,0.9850867,0.004608597,-0.003373398,-0.02403601,8.3,494.0,-0.175,-0.15849999999999997
6.0,-0.07442784,-0.08836804,0.9998944,-0.214775,-0.1177244,0.9999099,-0.1446011,-0.103046,0.9999022,-0.9562161,-0.06190481,-0.2860398,0.0,-0.05719734,0.998055,-0.02479161,0.0,-0.2870182,0.007345418,0.9578971,0.0,-0.6353061,-1.687419,0.9618643,1.0,-0.9562159,-0.05719734,-0.2870182,0.0,-0.0619048,0.998055,0.007345414,0.0,-0.2860397,-0.02479161,0.9578968,0.0,-0.4368177,1.671645,-1.091316,1.0,1.0,1.0,-0.1435348,-0.09588219,0.9849896,0.004609009,-0.003373528,-0.02403431,8.311111,495.0,-0.175,-0.15849999999999997
6.0,-0.07667357,-0.08729892,0.9997653,-0.2138138,-0.1165439,0.9997545,-0.1452438,-0.1019215,0.9997599,-0.9562579,-0.06187177,-0.2859067,0.0,-0.05728883,0.99806,-0.02437454,0.0,-0.2868602,0.006929089,0.9579474,0.0,-0.6350628,-1.687796,0.9615381,1.0,-0.956258,-0.05728882,-0.2868602,0.0,-0.06187177,0.99806,0.006929092,0.0,-0.2859067,-0.02437454,0.9579474,0.0,-0.4368006,1.671577,-1.091582,1.0,1.0,1.0,-0.1441761,-0.09481288,0.9849994,0.004610756,-0.003374779,-0.02403517,8.333334,496.0,-0.175,-0.15849999999999997
6.0,-0.07624039,-0.08648944,0.9998262,-0.2138899,-0.1181515,0.9998406,-0.1450649,-0.1023204,0.9998334,-0.9562428,-0.06204811,-0.2859201,0.0,-0.05763874,0.9980533,-0.02382034,0.0,-0.2868415,0.006297942,0.9579576,0.0,-0.6345361,-1.688494,0.9608375,1.0,-0.9562423,-0.05763872,-0.2868414,0.0,-0.0620481,0.9980533,0.006297943,0.0,-0.28592,-0.02382032,0.9579571,0.0,-0.4368154,1.67152,-1.091818,1.0,1.0,1.0,-0.1439944,-0.09518875,0.9849897,0.004613075,-0.003375008,-0.02403517,8.355556,497.0,-0.175,-0.15849999999999997
6.0,-0.07687113,-0.08659799,0.9999047,-0.2131059,-0.118681,0.9999295,-0.1449881,-0.1026392,0.999917,-0.9562043,-0.06204949,-0.2860479,0.0,-0.05772308,0.998055,-0.02354065,0.0,-0.2869522,0.005998108,0.9579263,0.0,-0.6345256,-1.688792,0.9604096,1.0,-0.9562041,-0.05772308,-0.2869522,0.0,-0.06204948,0.998055,0.005998108,0.0,-0.2860478,-0.02354065,0.957926,0.0,-0.4368016,1.671489,-1.09195,1.0,1.0,1.0,-0.1439097,-0.09548479,0.9849734,0.004616624,-0.003375656,-0.02403541,8.366667,498.0,-0.175,-0.15849999999999997
6.0,-0.07771027,-0.08645315,1.000012,-0.2125953,-0.1174707,1.0,-0.1451528,-0.1019621,1.000006,-0.9562416,-0.06194997,-0.2859451,0.0,-0.05766526,0.998062,-0.0233891,0.0,-0.2868398,0.00587653,0.9579607,0.0,-0.6346658,-1.688772,0.9602309,1.0,-0.9562413,-0.05766525,-0.2868397,0.0,-0.06194996,0.998062,0.00587653,0.0,-0.285945,-0.02338909,0.9579604,0.0,-0.4369398,1.67136,-1.091986,1.0,1.0,1.0,-0.1440645,-0.09482801,0.9850143,0.004619263,-0.003377518,-0.02403402,8.377778,499.0,-0.175,-0.15849999999999997
6.0,-0.07851705,-0.08596255,0.9999595,-0.2134535,-0.117632,0.999988,-0.1459848,-0.1017971,0.9999736,-0.9561923,-0.06196279,-0.2861068,0.0,-0.05774806,0.9980627,-0.02315393,0.0,-0.2869872,0.005617498,0.957918,0.0,-0.6346979,-1.689031,0.9597946,1.0,-0.9561921,-0.05774806,-0.2869871,0.0,-0.06196278,0.9980627,0.005617498,0.0,-0.2861068,-0.02315393,0.9579179,0.0,-0.4369464,1.671329,-1.092067,1.0,1.0,1.0,-0.1448549,-0.09466363,0.9849141,0.004619766,-0.003376618,-0.02403523,8.388889,500.0,-0.175,-0.15849999999999997
6.0,-0.07932901,-0.08642543,0.9998878,-0.2137273,-0.1182096,0.999904,-0.146528,-0.1023175,0.9998958,-0.9561908,-0.06187617,-0.2861305,0.0,-0.05782596,0.998071,-0.02259171,0.0,-0.2869764,0.005056215,0.9579244,0.0,-0.6345844,-1.689639,0.9590118,1.0,-0.9561906,-0.05782595,-0.2869763,0.0,-0.06187617,0.998071,0.005056218,0.0,-0.2861304,-0.02259171,0.9579242,0.0,-0.4369295,1.67135,-1.092228,1.0,1.0,1.0,-0.1453711,-0.09515909,0.9847903,0.00462127,-0.003376541,-0.02403692,8.411111,501.0,-0.175,-0.15849999999999997
6.0,-0.08000863,-0.08549172,0.9998791,-0.214044,-0.1188088,0.9998735,-0.1470264,-0.1021503,0.9998763,-0.9562216,-0.06156147,-0.2860953,0.0,-0.05748916,0.9980898,-0.02262009,0.0,-0.2869413,0.005182441,0.9579341,0.0,-0.6351353,-1.689378,0.9592007,1.0,-0.9562215,-0.05748916,-0.2869413,0.0,-0.06156147,0.9980898,0.00518244,0.0,-0.2860952,-0.02262009,0.9579341,0.0,-0.4369079,1.671335,-1.092342,1.0,1.0,1.0,-0.1458452,-0.09499521,0.9847361,0.004621682,-0.003375634,-0.02404141,8.433333,502.0,-0.175,-0.15849999999999997
6.0,-0.08047119,-0.08286377,0.9998018,-0.2147007,-0.1177967,0.9997963,-0.1475862,-0.1003303,0.999799,-0.9562391,-0.06161676,-0.2860255,0.0,-0.0575971,0.9980873,-0.02245368,0.0,-0.286862,0.004996843,0.9579591,0.0,-0.6348449,-1.689595,0.9591852,1.0,-0.9562386,-0.05759709,-0.2868618,0.0,-0.06161674,0.9980873,0.004996845,0.0,-0.2860254,-0.02245367,0.9579588,0.0,-0.4368192,1.671335,-1.09253,1.0,1.0,1.0,-0.1464078,-0.09326082,0.9848183,0.004622818,-0.00337468,-0.02404067,8.444445,503.0,-0.175,-0.15849999999999997
6.0,-0.07979256,-0.07808966,0.9998153,-0.2146181,-0.117779,0.9998061,-0.1472055,-0.09793448,0.9998109,-0.9562508,-0.06158129,-0.2859935,0.0,-0.05751559,0.9980887,-0.02260286,0.0,-0.2868388,0.005164915,0.9579649,0.0,-0.635058,-1.689344,0.9596258,1.0,-0.9562507,-0.05751558,-0.2868388,0.0,-0.06158129,0.9980887,0.005164917,0.0,-0.2859935,-0.02260286,0.957965,0.0,-0.4368599,1.67128,-1.092722,1.0,1.0,1.0,-0.1460796,-0.09098178,0.9850802,0.004624092,-0.003371735,-0.02404471,8.466667,504.0,-0.175,-0.15849999999999997
6.0,-0.08030581,-0.08419907,0.9999196,-0.2145702,-0.1153354,0.9999084,-0.1474383,-0.09976732,0.9999141,-0.9562966,-0.06129519,-0.285902,0.0,-0.05724369,0.9981063,-0.02251532,0.0,-0.2867407,0.005165242,0.9579945,0.0,-0.635429,-1.689265,0.9596313,1.0,-0.9562964,-0.05724369,-0.2867406,0.0,-0.06129519,0.9981064,0.005165242,0.0,-0.2859019,-0.02251532,0.9579942,0.0,-0.4368418,1.671298,-1.092799,1.0,1.0,1.0,-0.1462612,-0.09272088,0.9848911,0.004624574,-0.003368882,-0.02404498,8.477778,505.0,-0.175,-0.15849999999999997
6.0,-0.07898262,-0.08618242,0.9999555,-0.2144792,-0.1145727,0.9999474,-0.1467311,-0.1003775,0.9999513,-0.9563119,-0.06129115,-0.2858515,0.0,-0.0572258,0.9981063,-0.022562,0.0,-0.286693,0.005218228,0.9580084,0.0,-0.6355203,-1.689183,0.9597831,1.0,-0.9563116,-0.05722579,-0.2866929,0.0,-0.06129115,0.9981064,0.005218229,0.0,-0.2858514,-0.022562,0.9580082,0.0,-0.4369322,1.671271,-1.092865,1.0,1.0,1.0,-0.1455825,-0.09331717,0.9849353,0.004625252,-0.003359513,-0.02404678,8.488889,506.0,-0.175,-0.15849999999999997
6.0,-0.07971308,-0.08818588,0.9998745,-0.2143669,-0.1146726,0.999863,-0.1470403,-0.1014292,0.9998687,-0.9563323,-0.06127738,-0.2857864,0.0,-0.05717238,0.9981064,-0.02269373,0.0,-0.2866358,0.005363657,0.9580247,0.0,-0.6355962,-1.689025,0.9601588,1.0,-0.956332,-0.05717237,-0.2866357,0.0,-0.06127737,0.9981064,0.005363659,0.0,-0.2857863,-0.02269373,0.9580246,0.0,-0.4369398,1.671278,-1.092981,1.0,1.0,1.0,-0.1458717,-0.09432536,0.9847965,0.004625794,-0.003357369,-0.02404623,8.5,507.0,-0.175,-0.15849999999999997
6.0,-0.07892001,-0.08496512,0.9999153,-0.215506,-0.113794,0.9999002,-0.1472133,-0.09937975,0.9999077,-0.9564443,-0.06116412,-0.2854352,0.0,-0.0571337,0.9981145,-0.02243446,0.0,-0.2862692,0.005149338,0.9581354,0.0,-0.635487,-1.689183,0.9600444,1.0,-0.9564443,-0.05713371,-0.2862692,0.0,-0.06116412,0.9981145,0.00514934,0.0,-0.2854352,-0.02243446,0.9581354,0.0,-0.4370948,1.671228,-1.093075,1.0,1.0,1.0,-0.1460567,-0.09236681,0.9849547,0.004626412,-0.003355568,-0.02404543,8.533334,508.0,-0.175,-0.15849999999999997
2.0,0.007545114,-0.1698474,0.9999801,-0.1468966,-0.2120835,0.9999787,-0.0696758,-0.1909655,0.9999795,-0.9577192,-0.06009075,-0.2813599,0.0,-0.05873506,0.9981856,-0.01325716,0.0,-0.281646,-0.003829062,0.9595109,0.0,-0.6260813,-1.697245,0.9542467,1.0,-0.9577188,-0.05873505,-0.2816459,0.0,-0.06009074,0.9981856,-0.00382906,0.0,-0.2813598,-0.01325715,0.9595105,0.0,-0.433112,1.670044,-1.098442,1.0,1.0,1.0,-0.07062125,-0.179414,0.9812356,0.004043907,-0.003680382,-0.02430838,11.96667,722.0,-0.0875,-0.246
2.0,0.006801218,-0.170024,0.999846,-0.1464037,-0.2118598,0.9998335,-0.06980166,-0.1909423,0.9998397,-0.9576832,-0.05988597,-0.2815258,0.0,-0.05859465,0.9981971,-0.01301086,0.0,-0.2817974,-0.004035622,0.9594656,0.0,-0.6263281,-1.697423,0.9539821,1.0,-0.9576829,-0.05859464,-0.2817973,0.0,-0.05988596,0.9981971,-0.004035619,0.0,-0.2815257,-0.01301086,0.9594653,0.0,-0.432905,1.670075,-1.09866,1.0,1.0,1.0,-0.07075049,-0.1794135,0.9812264,0.004043549,-0.00368084,-0.02430781,11.98889,723.0,-0.0875,-0.246
2.0,0.009465218,-0.1697646,0.9999259,-0.1463745,-0.2113705,0.9999547,-0.06845412,-0.1905671,0.9999402,-0.9576507,-0.05968449,-0.2816788,0.0,-0.05842128,0.9982088,-0.01288846,0.0,-0.2819435,-0.004113392,0.9594222,0.0,-0.6267722,-1.69739,0.9537591,1.0,-0.9576508,-0.05842128,-0.2819434,0.0,-0.05968449,0.9982087,-0.004113393,0.0,-0.2816788,-0.01288846,0.9594222,0.0,-0.432883,1.670025,-1.098754,1.0,1.0,1.0,-0.06946268,-0.1790644,0.9813821,0.004042588,-0.003682305,-0.02430754,12.0,724.0,-0.0875,-0.246
2.0,0.00766623,-0.167361,0.9999065,-0.1465317,-0.2113178,0.9999121,-0.06943265,-0.1893391,0.9999094,-0.9576461,-0.05965719,-0.2817003,0.0,-0.05854271,0.9982082,-0.01237874,0.0,-0.281934,-0.004637048,0.9594227,0.0,-0.6264505,-1.697954,0.9532163,1.0,-0.9576459,-0.05854271,-0.281934,0.0,-0.05965718,0.9982082,-0.004637049,0.0,-0.2817003,-0.01237874,0.9594225,0.0,-0.4326917,1.670037,-1.099028,1.0,1.0,1.0,-0.07041246,-0.1779179,0.981523,0.004042502,-0.00368274,-0.0243076,12.02222,725.0,-0.0875,-0.246
2.0,0.007601559,-0.1673981,0.9999434,-0.146517,-0.2113195,0.9999387,-0.06945789,-0.1893591,0.9999409,-0.9576514,-0.05989268,-0.2816326,0.0,-0.058844,0.9981928,-0.01218755,0.0,-0.2818536,-0.004900963,0.959445,0.0,-0.6259217,-1.698259,0.9530396,1.0,-0.9576511,-0.05884399,-0.2818535,0.0,-0.05989267,0.9981927,-0.004900963,0.0,-0.2816325,-0.01218755,0.9594448,0.0,-0.432721,1.669973,-1.09913,1.0,1.0,1.0,-0.070434,-0.1779308,0.981519,0.004042329,-0.00368274,-0.02430751,12.03333,726.0,-0.0875,-0.246
2.0,0.007724941,-0.168781,0.9998395,-0.1457924,-0.2113491,0.999832,-0.06903386,-0.1900652,0.9998358,-0.9576414,-0.06044583,-0.2815484,0.0,-0.05958447,0.9981555,-0.01162781,0.0,-0.2817319,-0.005640643,0.9594767,0.0,-0.6244337,-1.699214,0.9524701,1.0,-0.9576412,-0.05958446,-0.2817319,0.0,-0.06044583,0.9981556,-0.005640642,0.0,-0.2815483,-0.01162781,0.9594765,0.0,-0.4325274,1.669948,-1.09938,1.0,1.0,1.0,-0.07002815,-0.178609,0.9814249,0.004042245,-0.00368274,-0.02430666,12.05556,727.0,-0.0875,-0.246
2.0,0.01011789,-0.1687938,0.9999779,-0.1458578,-0.2113636,0.9999807,-0.06786987,-0.1900785,0.9999793,-0.957654,-0.06059323,-0.2814739,0.0,-0.05987272,0.9981436,-0.01116763,0.0,-0.281628,-0.006157884,0.959504,0.0,-0.6238411,-1.699788,0.9518641,1.0,-0.9576536,-0.05987271,-0.281628,0.0,-0.06059321,0.9981434,-0.006157881,0.0,-0.2814738,-0.01116763,0.9595038,0.0,-0.4324946,1.669912,-1.099475,1.0,1.0,1.0,-0.06890834,-0.1786107,0.9815039,0.004042061,-0.003682801,-0.0243064,12.06667,728.0,-0.0875,-0.246
2.0,0.00769031,-0.1691928,0.999878,-0.1463363,-0.2099583,0.9998953,-0.06932265,-0.1895751,0.9998868,-0.9577111,-0.06026097,-0.2813508,0.0,-0.05978042,0.9981584,-0.01029898,0.0,-0.2814533,-0.006955824,0.9595498,0.0,-0.623526,-1.70059,0.9509332,1.0,-0.9577109,-0.05978042,-0.2814533,0.0,-0.06026096,0.9981585,-0.006955822,0.0,-0.2813508,-0.01029898,0.9595497,0.0,-0.432091,1.669978,-1.09979,1.0,1.0,1.0,-0.07030594,-0.1781433,0.9814897,0.004042061,-0.003681702,-0.02430515,12.08889,729.0,-0.0875,-0.246
2.0,0.007629752,-0.1642634,0.9999712,-0.146678,-0.2090074,0.9999335,-0.069525,-0.1866358,0.9999523,-0.9578248,-0.05977829,-0.2810662,0.0,-0.05935009,0.9981867,-0.01004357,0.0,-0.2811569,-0.007061327,0.9596359,0.0,-0.6239525,-1.700502,0.9507949,1.0,-0.9578247,-0.05935008,-0.2811569,0.0,-0.05977828,0.9981867,-0.007061325,0.0,-0.2810662,-0.01004356,0.9596357,0.0,-0.432054,1.669936,-1.099853,1.0,1.0,1.0,-0.07052896,-0.1754014,0.9819674,0.004041207,-0.003681305,-0.02430274,12.1,730.0,-0.0875,-0.246
2.0,0.007740468,-0.1646273,0.9999475,-0.1469758,-0.2092619,0.9999323,-0.06961796,-0.1869447,0.9999399,-0.9579011,-0.05930507,-0.2809064,0.0,-0.05894789,0.9982136,-0.009728771,0.0,-0.2809816,-0.007239643,0.9596858,0.0,-0.6243243,-1.700545,0.9504972,1.0,-0.9579011,-0.05894789,-0.2809816,0.0,-0.05930506,0.9982136,-0.007239643,0.0,-0.2809065,-0.00972877,0.9596859,0.0,-0.4318911,1.669952,-1.099914,1.0,1.0,1.0,-0.07061484,-0.1756923,0.9819093,0.00404119,-0.003678551,-0.02430206,12.11111,731.0,-0.0875,-0.246
2.0,0.006201237,-0.1652257,0.9998786,-0.1466227,-0.2097546,0.9998568,-0.07021129,-0.1874905,0.9998677,-0.9580042,-0.05882061,-0.2806565,0.0,-0.05839417,0.9982446,-0.00988932,0.0,-0.2807456,-0.006914696,0.9597574,0.0,-0.624974,-1.700026,0.9511443,1.0,-0.9580042,-0.05839416,-0.2807455,0.0,-0.05882061,0.9982446,-0.006914695,0.0,-0.2806565,-0.009889318,0.9597572,0.0,-0.4317794,1.669953,-1.100081,1.0,1.0,1.0,-0.07117894,-0.1762046,0.9817768,0.004041114,-0.003677315,-0.02430116,12.13333,732.0,-0.0875,-0.246
2.0,0.006651819,-0.167119,0.9999559,-0.1463255,-0.20914,0.9999452,-0.06983706,-0.1881296,0.9999505,-0.95804,-0.05867412,-0.2805653,0.0,-0.05827646,0.9982527,-0.009767514,0.0,-0.2806481,-0.006992683,0.9597853,0.0,-0.6250694,-1.700073,0.9510756,1.0,-0.9580398,-0.05827646,-0.2806481,0.0,-0.05867412,0.9982527,-0.006992681,0.0,-0.2805652,-0.009767511,0.9597852,0.0,-0.431753,1.669966,-1.100141,1.0,1.0,1.0,-0.07080941,-0.1767932,0.9816976,0.00404152,-0.003674164,-0.02429891,12.14444,733.0,-0.0875,-0.246
2.0,0.00585857,-0.1670917,0.9999661,-0.1461557,-0.2093221,0.9999883,-0.07014802,-0.1882067,0.9999773,-0.9579924,-0.05873017,-0.2807155,0.0,-0.05826176,0.998251,-0.01002126,0.0,-0.2808131,-0.006754685,0.9597387,0.0,-0.6251892,-1.699795,0.9515067,1.0,-0.9579926,-0.05826176,-0.2808131,0.0,-0.05873017,0.9982511,-0.006754686,0.0,-0.2807155,-0.01002126,0.9597387,0.0,-0.4316531,1.669932,-1.100241,1.0,1.0,1.0,-0.07110354,-0.1768591,0.9816644,0.004041771,-0.00367099,-0.02429899,12.16667,734.0,-0.0875,-0.246
2.0,0.006003618,-0.1671781,0.9999011,-0.1465977,-0.2098149,0.9999277,-0.0702965,-0.1884963,0.9999143,-0.9579248,-0.05897106,-0.280896,0.0,-0.05849277,0.9982368,-0.01009417,0.0,-0.280996,-0.006760928,0.9596852,0.0,-0.6249354,-1.699942,0.9515792,1.0,-0.9579247,-0.05849276,-0.280996,0.0,-0.05897107,0.998237,-0.006760929,0.0,-0.280896,-0.01009417,0.959685,0.0,-0.4315937,1.669996,-1.100314,1.0,1.0,1.0,-0.07124614,-0.177139,0.9816037,0.004042237,-0.003668564,-0.02429963,12.17778,735.0,-0.0875,-0.246
2.0,0.006190807,-0.1683646,0.9999464,-0.1464522,-0.2082052,0.9999706,-0.0701302,-0.1882845,0.9999585,-0.9578792,-0.05902609,-0.28104,0.0,-0.05856019,0.9982331,-0.01006338,0.0,-0.2811374,-0.006818252,0.9596434,0.0,-0.6248596,-1.700006,0.9514788,1.0,-0.9578791,-0.0585602,-0.2811373,0.0,-0.05902608,0.9982333,-0.006818251,0.0,-0.2810399,-0.01006338,0.9596432,0.0,-0.4314811,1.669985,-1.100343,1.0,1.0,1.0,-0.07108916,-0.1769407,0.9816508,0.004044297,-0.003665146,-0.02429745,12.18889,736.0,-0.0875,-0.246
2.0,0.003185511,-0.1701264,0.999926,-0.1445808,-0.2096729,0.9999495,-0.07069716,-0.1898994,0.9999377,-0.9577416,-0.05932777,-0.2814451,0.0,-0.05893634,0.998213,-0.009863313,0.0,-0.2815274,-0.007140841,0.9595267,0.0,-0.6244951,-1.700488,0.950977,1.0,-0.9577414,-0.05893633,-0.2815273,0.0,-0.05932777,0.9982131,-0.007140839,0.0,-0.2814452,-0.009863312,0.9595267,0.0,-0.4313432,1.670024,-1.100443,1.0,1.0,1.0,-0.07161532,-0.178441,0.9813409,0.004048523,-0.003659065,-0.02429881,12.21111,737.0,-0.0875,-0.246
