flag,xl,yl,zl,xr,yr,zr,xc,yc,zc,mat_00,mat_10,mat_20,mat_30,mat_01,mat_11,mat_21,mat_31,mat_02,mat_12,mat_22,mat_32,mat_03,mat_13,mat_23,mat_33,ctw_00,ctw_10,ctw_20,ctw_30,ctw_01,ctw_11,ctw_21,ctw_31,ctw_02,ctw_12,ctw_22,ctw_32,ctw_03,ctw_13,ctw_23,ctw_33,opennessl,opennessr,ray_x,ray_y,ray_z,eye_x,eye_y,eye_z,time,frame,u,v
25.0,0.2178969,0.1727471,1.000011,0.06440037,0.1800656,1.000048,0.1411494,0.1764061,1.000029,0.2160225,-0.0377985,-0.9756564,0.0,0.005265398,0.9992809,-0.03754792,0.0,-0.9763742,-0.002973976,-0.2160662,0.0,-0.7188876,-1.647676,-1.059795,1.0,0.2160225,0.005265399,-0.9763742,0.0,-0.0377985,0.999281,-0.002973976,0.0,-0.9756565,-0.03754793,-0.2160662,0.0,-0.9409801,1.610484,-0.9357894,1.0,1.0,1.0,0.1361371,0.1727694,0.9755088,-0.001001946,-0.003995781,-0.01857443,62.73333,3886.0,0.175,0.104
25.0,0.218201,0.1719572,1.000084,0.06443274,0.1807471,1.000098,0.1413172,0.1763522,1.000091,0.2161108,-0.03773879,-0.9756393,0.0,0.005341293,0.9992835,-0.03747024,0.0,-0.9763543,-0.002886554,-0.2161576,0.0,-0.7187783,-1.647517,-1.060108,1.0,0.2161108,0.005341287,-0.9763542,0.0,-0.03773879,0.9992835,-0.002886548,0.0,-0.9756392,-0.03747023,-0.2161575,0.0,-0.9411221,1.610453,-0.9356881,1.0,1.0,1.0,0.136288,0.1727074,0.9754987,-0.001001197,-0.003997055,-0.01856953,62.74445,3887.0,0.175,0.104
25.0,0.2188198,0.1702852,0.9998416,0.06457151,0.1797245,0.9998878,0.1416967,0.1750047,0.9998646,0.2164111,-0.03759214,-0.9755784,0.0,0.005413963,0.9992893,-0.03730483,0.0,-0.9762873,-0.002791436,-0.2164608,0.0,-0.7184995,-1.647277,-1.060538,1.0,0.2164111,0.005413961,-0.9762873,0.0,-0.03759214,0.9992893,-0.002791435,0.0,-0.9755783,-0.03730483,-0.2164608,0.0,-0.9410707,1.610433,-0.9356251,1.0,1.0,1.0,0.1367038,0.171486,0.975656,-0.0009994349,-0.003998345,-0.01855867,62.75556,3888.0,0.175,0.104
25.0,0.2189059,0.1702564,0.9997973,0.06521235,0.1800794,0.9998195,0.1420596,0.1751679,0.9998083,0.2166572,-0.03694186,-0.9755485,0.0,0.005528213,0.9993142,-0.03661406,0.0,-0.9762321,-0.002539659,-0.2167129,0.0,-0.7183443,-1.646477,-1.061568,1.0,0.2166573,0.005528217,-0.9762322,0.0,-0.03694185,0.9993142,-0.00253966,0.0,-0.9755486,-0.03661406,-0.2167129,0.0,-0.9408008,1.610451,-0.9355079,1.0,1.0,1.0,0.1370487,0.1716431,0.97558,-0.0009985808,-0.00400177,-0.01855054,62.77778,3889.0,0.175,0.104
25.0,0.218735,0.171404,0.9998468,0.06605867,0.1809205,0.9998282,0.1423965,0.1761623,0.9998375,0.2165465,-0.03680998,-0.9755781,0.0,0.00553073,0.9993191,-0.03647812,0.0,-0.9762567,-0.002503553,-0.2166027,0.0,-0.7184695,-1.646323,-1.061557,1.0,0.2165465,0.005530728,-0.9762566,0.0,-0.03680998,0.9993192,-0.002503551,0.0,-0.9755781,-0.03647812,-0.2166027,0.0,-0.9406512,1.610452,-0.9354684,1.0,1.0,1.0,0.1373397,0.1725644,0.9753764,-0.0009985808,-0.004010704,-0.0185439,62.78889,3890.0,0.175,0.104
25.0,0.2192595,0.1720959,0.9998857,0.0661974,0.1812901,0.9998768,0.1427282,0.1766931,0.9998812,0.2166179,-0.03643475,-0.9755765,0.0,0.005630315,0.9993333,-0.03607184,0.0,-0.9762403,-0.002321007,-0.2166786,0.0,-0.7185142,-1.645799,-1.062063,1.0,0.2166179,0.005630312,-0.9762402,0.0,-0.03643475,0.9993334,-0.002321002,0.0,-0.9755763,-0.03607184,-0.2166786,0.0,-0.9404442,1.610437,-0.9353885,1.0,1.0,1.0,0.1376349,0.1730478,0.9752492,-0.0009985808,-0.004014008,-0.01853418,62.81111,3891.0,0.175,0.104
25.0,0.2208128,0.1719148,0.9998169,0.06624699,0.1806937,0.9998429,0.1435306,0.176304,0.9998299,0.2167769,-0.03642358,-0.9755414,0.0,0.005874537,0.9993343,-0.03600653,0.0,-0.9762034,-0.00207453,-0.2168466,0.0,-0.7187238,-1.645581,-1.062158,1.0,0.2167769,0.005874537,-0.9762034,0.0,-0.03642358,0.9993343,-0.002074532,0.0,-0.9755415,-0.03600654,-0.2168466,0.0,-0.9403141,1.610463,-0.9353597,1.0,1.0,1.0,0.1384055,0.1726783,0.9752057,-0.0009985808,-0.004014397,-0.01852356,62.82222,3892.0,0.175,0.104
25.0,0.2220358,0.171867,0.9998989,0.06665786,0.1802193,0.9999098,0.1443471,0.1760432,0.9999043,0.2168374,-0.03649724,-0.9755253,0.0,0.006045752,0.9993319,-0.03604408,0.0,-0.9761891,-0.001917923,-0.2169132,0.0,-0.7188947,-1.645543,-1.062052,1.0,0.2168373,0.006045747,-0.9761889,0.0,-0.03649723,0.999332,-0.001917919,0.0,-0.9755251,-0.03604407,-0.2169131,0.0,-0.9402329,1.610509,-0.9353061,1.0,1.0,1.0,0.1391714,0.1724066,0.9751447,-0.00100036,-0.004014397,-0.01851429,62.83334,3893.0,0.175,0.104
25.0,0.2216999,0.1737431,0.999939,0.06701308,0.1804264,0.9999427,0.1443566,0.1770848,0.999941,0.2170161,-0.03665672,-0.9754796,0.0,0.005763199,0.9993254,-0.03627066,0.0,-0.9761511,-0.002249435,-0.217081,0.0,-0.7182201,-1.646047,-1.061634,1.0,0.217016,0.005763197,-0.9761509,0.0,-0.03665671,0.9993253,-0.002249432,0.0,-0.9754794,-0.03627065,-0.2170809,0.0,-0.9400755,1.610569,-0.9352543,1.0,1.0,1.0,0.1391547,0.1733688,0.9749766,-0.0010027,-0.004014397,-0.01850788,62.85556,3894.0,0.175,0.104
25.0,0.2216914,0.174055,1.00014,0.06748872,0.1803176,1.000127,0.1445899,0.1771863,1.000134,0.216935,-0.03679803,-0.9754923,0.0,0.005628278,0.9993198,-0.03644522,0.0,-0.9761699,-0.002415899,-0.2169945,0.0,-0.7179664,-1.646224,-1.061374,1.0,0.216935,0.00562828,-0.9761698,0.0,-0.03679803,0.9993198,-0.002415901,0.0,-0.9754923,-0.03644522,-0.2169945,0.0,-0.9401878,1.610463,-0.9351465,1.0,1.0,1.0,0.1393501,0.1734282,0.9749381,-0.001005599,-0.004014435,-0.01849916,62.86667,3895.0,0.175,0.104
25.0,0.2227062,0.1738361,0.9999189,0.06882623,0.1809937,0.999929,0.1457665,0.1774149,0.999924,0.2171347,-0.03654866,-0.9754571,0.0,0.005341285,0.9993283,-0.03625411,0.0,-0.976127,-0.00266183,-0.2171841,0.0,-0.7171016,-1.646224,-1.061732,1.0,0.2171348,0.005341288,-0.976127,0.0,-0.03654866,0.9993284,-0.002661832,0.0,-0.9754573,-0.03625411,-0.2171841,0.0,-0.9401342,1.610456,-0.9349556,1.0,1.0,1.0,0.1404771,0.1736471,0.9747373,-0.001005966,-0.004014145,-0.01849549,62.88889,3896.0,0.175,0.104
25.0,0.2227992,0.1742212,0.9998357,0.06994322,0.1812593,0.9998491,0.1463715,0.1777402,0.9998424,0.2172247,-0.03634745,-0.9754447,0.0,0.00554428,0.9993363,-0.03600303,0.0,-0.9761059,-0.002412608,-0.2172821,0.0,-0.7172645,-1.645817,-1.062118,1.0,0.2172247,0.005544282,-0.9761059,0.0,-0.03634745,0.9993364,-0.002412607,0.0,-0.9754446,-0.03600303,-0.217282,0.0,-0.9400511,1.610462,-0.934876,1.0,1.0,1.0,0.1410499,0.173949,0.9746007,-0.001007111,-0.004013718,-0.01848738,62.9,3897.0,0.175,0.104
25.0,0.2229241,0.1741038,0.9999052,0.07035244,0.1823243,0.999907,0.1466384,0.1782141,0.9999061,0.2173879,-0.03600913,-0.9754208,0.0,0.00587158,0.9993494,-0.03558392,0.0,-0.9760677,-0.002008252,-0.2174579,0.0,-0.7173256,-1.645047,-1.06291,1.0,0.2173879,0.005871579,-0.9760676,0.0,-0.03600914,0.9993494,-0.00200825,0.0,-0.9754209,-0.03558392,-0.2174579,0.0,-0.9400832,1.610366,-0.9346,1.0,1.0,1.0,0.1412808,0.1743736,0.9744915,-0.00100721,-0.004014618,-0.01848512,62.92222,3898.0,0.175,0.104
25.0,0.2228938,0.1746038,0.9998392,0.06974,0.1825044,0.9998746,0.1463177,0.1785542,0.9998569,0.2176205,-0.03585233,-0.9753748,0.0,0.005907848,0.9993552,-0.03541566,0.0,-0.9760156,-0.00194481,-0.217692,0.0,-0.7170364,-1.644836,-1.063278,1.0,0.2176205,0.005907847,-0.9760154,0.0,-0.03585233,0.9993553,-0.001944807,0.0,-0.9753748,-0.03541566,-0.217692,0.0,-0.9400238,1.610355,-0.9345046,1.0,1.0,1.0,0.140981,0.1747052,0.9744755,-0.001008919,-0.00401503,-0.01848064,62.93333,3899.0,0.175,0.104
25.0,0.2238097,0.1747465,0.9998248,0.06949802,0.1825623,0.9998651,0.1466548,0.1786541,0.999845,0.2180513,-0.03535218,-0.9752968,0.0,0.006105452,0.9993736,-0.03485988,0.0,-0.9759182,-0.001646614,-0.2181305,0.0,-0.7166944,-1.644111,-1.064293,1.0,0.2180513,0.006105453,-0.9759183,0.0,-0.03535217,0.9993735,-0.001646613,0.0,-0.9752968,-0.03485988,-0.2181305,0.0,-0.9398487,1.610356,-0.9342972,1.0,1.0,1.0,0.1412972,0.174793,0.974414,-0.001009583,-0.004015587,-0.01847858,62.95556,3900.0,0.175,0.104
25.0,0.2229823,0.1749417,0.999995,0.0694658,0.1826378,1.000031,0.1462251,0.1787895,1.000013,0.2182825,-0.0353246,-0.9752461,0.0,0.006138235,0.9993746,-0.03482468,0.0,-0.9758664,-0.001615331,-0.2183628,0.0,-0.7163562,-1.643956,-1.064573,1.0,0.2182824,0.006138232,-0.9758661,0.0,-0.03532459,0.9993746,-0.001615329,0.0,-0.975246,-0.03482468,-0.2183628,0.0,-0.939925,1.610251,-0.9341865,1.0,1.0,1.0,0.1408695,0.1749047,0.9744558,-0.001010011,-0.00401831,-0.01847447,62.96667,3901.0,0.175,0.104
25.0,0.2246215,0.1748762,0.999804,0.06938682,0.182861,0.9998398,0.1470051,0.1788687,0.9998219,0.2185208,-0.03504181,-0.975203,0.0,0.006217354,0.9993848,-0.03451756,0.0,-0.9758125,-0.001479624,-0.2186042,0.0,-0.7161142,-1.643594,-1.065165,1.0,0.2185208,0.006217354,-0.9758125,0.0,-0.03504181,0.9993847,-0.001479622,0.0,-0.9752029,-0.03451756,-0.2186042,0.0,-0.9398611,1.610268,-0.9340746,1.0,1.0,1.0,0.1416251,0.1749936,0.9743303,-0.001009988,-0.004020531,-0.0184691,62.97778,3902.0,0.175,0.104
25.0,0.2234708,0.1750104,0.9998385,0.07025477,0.1828313,0.9998731,0.1468636,0.1789208,0.9998557,0.2191229,-0.03495509,-0.975071,0.0,0.006303482,0.9993879,-0.03441028,0.0,-0.9756769,-0.001393739,-0.2192092,0.0,-0.7153959,-1.643413,-1.065562,1.0,0.2191229,0.006303482,-0.9756768,0.0,-0.03495509,0.999388,-0.001393739,0.0,-0.9750708,-0.03441028,-0.2192091,0.0,-0.9396845,1.610251,-0.9338667,1.0,1.0,1.0,0.141487,0.1750419,0.9743417,-0.001009438,-0.004021759,-0.01846343,63.0,3903.0,0.175,0.104
25.0,0.2227045,0.1747268,0.9998822,0.07035509,0.1827606,0.999949,0.1465314,0.1787435,0.9999157,0.2195475,-0.03499181,-0.9749742,0.0,0.006378713,0.9993867,-0.0344316,0.0,-0.975581,-0.001340296,-0.2196361,0.0,-0.7149073,-1.643268,-1.065811,1.0,0.2195475,0.006378708,-0.9755809,0.0,-0.0349918,0.9993867,-0.001340291,0.0,-0.974974,-0.0344316,-0.219636,0.0,-0.9396825,1.610122,-0.9337428,1.0,1.0,1.0,0.1411721,0.1748771,0.9744169,-0.001008964,-0.004022392,-0.01845767,63.01111,3904.0,0.175,0.104
25.0,0.2257162,0.1755945,0.999755,0.07111768,0.1821456,0.9998298,0.1484187,0.1788698,0.9997923,0.2202468,-0.03465723,-0.9748284,0.0,0.006417628,0.9993985,-0.0340808,0.0,-0.9754232,-0.001250101,-0.2203367,0.0,-0.7139705,-1.642885,-1.066803,1.0,0.2202467,0.006417624,-0.975423,0.0,-0.03465723,0.9993985,-0.001250099,0.0,-0.9748282,-0.03408079,-0.2203367,0.0,-0.9396374,1.610121,-0.9335328,1.0,1.0,1.0,0.1429559,0.1749714,0.9741399,-0.001009171,-0.004022675,-0.0184488,63.03334,3905.0,0.175,0.104
25.0,0.2263174,0.1755694,0.9996919,0.07274592,0.1815654,0.9997302,0.1495324,0.1785671,0.9997112,0.2204901,-0.0345772,-0.9747761,0.0,0.006536875,0.9994014,-0.03397209,0.0,-0.9753673,-0.001118522,-0.2205841,0.0,-0.7138126,-1.642677,-1.066927,1.0,0.2204901,0.006536873,-0.9753674,0.0,-0.0345772,0.9994015,-0.00111852,0.0,-0.9747761,-0.0339721,-0.2205842,0.0,-0.9394257,1.610114,-0.9334141,1.0,1.0,1.0,0.1440201,0.174679,0.9740357,-0.001010078,-0.004022949,-0.01843791,63.04445,3906.0,0.175,0.104
25.0,0.2264221,0.1763287,0.9997623,0.07321459,0.1815804,0.9997774,0.1498186,0.1789544,0.9997697,0.2205873,-0.03388665,-0.9747784,0.0,0.006578413,0.9994252,-0.0332548,0.0,-0.975345,-0.0009230897,-0.2206834,0.0,-0.7136273,-1.641847,-1.067904,1.0,0.2205873,0.006578415,-0.9753451,0.0,-0.03388666,0.9994253,-0.0009230907,0.0,-0.9747784,-0.0332548,-0.2206834,0.0,-0.9391897,1.610085,-0.9332172,1.0,1.0,1.0,0.144272,0.1750232,0.9739366,-0.001010613,-0.004023613,-0.01843255,63.06667,3907.0,0.175,0.104
25.0,0.2266055,0.1764615,0.9998361,0.07319501,0.1820157,0.9998397,0.1499003,0.1792385,0.9998378,0.2206141,-0.0337518,-0.9747771,0.0,0.00661445,0.9994299,-0.03310841,0.0,-0.9753388,-0.0008565709,-0.2207115,0.0,-0.7135646,-1.641599,-1.068033,1.0,0.220614,0.006614446,-0.9753387,0.0,-0.0337518,0.9994299,-0.0008565675,0.0,-0.974777,-0.03310841,-0.2207115,0.0,-0.9390788,1.610022,-0.9331006,1.0,1.0,1.0,0.1443331,0.1752742,0.9738824,-0.001011039,-0.004024056,-0.01843117,63.07778,3908.0,0.175,0.104
25.0,0.2261418,0.1766132,0.9996556,0.07315202,0.1814766,0.9996913,0.1496478,0.1790449,0.9996734,0.2208563,-0.03330336,-0.9747377,0.0,0.006588539,0.999445,-0.03265469,0.0,-0.9752842,-0.0007898975,-0.2209531,0.0,-0.7133672,-1.641269,-1.068743,1.0,0.2208562,0.006588537,-0.9752841,0.0,-0.03330335,0.999445,-0.0007898962,0.0,-0.9747376,-0.03265468,-0.2209531,0.0,-0.9388525,1.610158,-0.9331743,1.0,1.0,1.0,0.1441251,0.1751289,0.9739393,-0.001012695,-0.004024872,-0.01842786,63.08889,3909.0,0.175,0.104
25.0,0.2258664,0.1767056,1.000063,0.07360721,0.181797,1.000051,0.1497366,0.1792512,1.000057,0.2209905,-0.033336,-0.9747061,0.0,0.006814308,0.9994441,-0.03263709,0.0,-0.9752522,-0.0005705412,-0.2210948,0.0,-0.7134566,-1.640964,-1.068759,1.0,0.2209906,0.006814308,-0.9752522,0.0,-0.03333599,0.9994439,-0.0005705399,0.0,-0.9747061,-0.03263709,-0.2210948,0.0,-0.9387616,1.610032,-0.9330333,1.0,1.0,1.0,0.144156,0.1752561,0.9739119,-0.001016518,-0.004025406,-0.01842444,63.11111,3910.0,0.175,0.104
25.0,0.2254008,0.1764896,0.9997582,0.0732622,0.1820544,0.9998041,0.1493326,0.1792719,0.9997813,0.2212868,-0.03322329,-0.9746428,0.0,0.006884048,0.9994478,-0.03250585,0.0,-0.9751846,-0.0004836321,-0.2213933,0.0,-0.7131989,-1.640801,-1.069039,1.0,0.2212868,0.006884045,-0.9751844,0.0,-0.03322328,0.9994479,-0.0004836297,0.0,-0.9746426,-0.03250585,-0.2213933,0.0,-0.9386224,1.610055,-0.9329721,1.0,1.0,1.0,0.1438173,0.1753311,0.9739485,-0.001019707,-0.004025574,-0.01842103,63.12222,3911.0,0.175,0.104
25.0,0.2256872,0.1766617,0.9998543,0.0752943,0.1822211,0.9998887,0.1504915,0.1794413,0.9998715,0.2216782,-0.03313957,-0.9745566,0.0,0.006964469,0.9994507,-0.03240191,0.0,-0.975095,-0.0003955327,-0.2217872,0.0,-0.7127938,-1.640609,-1.069279,1.0,0.2216782,0.006964463,-0.9750949,0.0,-0.03313957,0.9994506,-0.0003955282,0.0,-0.9745566,-0.03240191,-0.2217872,0.0,-0.9384311,1.610025,-0.9328429,1.0,1.0,1.0,0.1448881,0.1754474,0.9737688,-0.001020508,-0.004026932,-0.0184145,63.14445,3912.0,0.175,0.104
25.0,0.2254336,0.1775638,0.9997635,0.07522424,0.1824947,0.9997841,0.1503293,0.180029,0.9997738,0.2218289,-0.03271981,-0.9745366,0.0,0.006807051,0.9994645,-0.03200731,0.0,-0.975062,-0.0004664324,-0.2219328,0.0,-0.7122862,-1.640286,-1.069898,1.0,0.2218289,0.006807044,-0.9750617,0.0,-0.03271981,0.9994645,-0.0004664273,0.0,-0.9745364,-0.03200731,-0.2219328,0.0,-0.938319,1.610012,-0.9327337,1.0,1.0,1.0,0.1447357,0.1760135,0.9736894,-0.001020508,-0.004027725,-0.01841116,63.15556,3913.0,0.175,0.104
25.0,0.225695,0.1783361,0.9997855,0.07327764,0.1828581,0.9998384,0.1494875,0.1805972,0.9998118,0.2221659,-0.03272709,-0.9744595,0.0,0.006864841,0.9994642,-0.03200177,0.0,-0.9749848,-0.000420196,-0.2222716,0.0,-0.7119835,-1.640176,-1.070015,1.0,0.2221659,0.006864838,-0.9749846,0.0,-0.03272709,0.9994643,-0.0004201937,0.0,-0.9744594,-0.03200177,-0.2222715,0.0,-0.9381857,1.609942,-0.932696,1.0,1.0,1.0,0.1439291,0.1765552,0.9737107,-0.001020508,-0.004028122,-0.0184051,63.16667,3914.0,0.175,0.104
25.0,0.2253529,0.1773238,0.9997374,0.07302949,0.1828566,0.9997649,0.1491919,0.18009,0.9997511,0.2227498,-0.03186655,-0.9743547,0.0,0.006886616,0.9994921,-0.0311143,0.0,-0.9748514,-0.0002206992,-0.2228561,0.0,-0.7112045,-1.639155,-1.071597,1.0,0.2227498,0.006886614,-0.9748513,0.0,-0.03186654,0.999492,-0.0002206986,0.0,-0.9743546,-0.0311143,-0.2228561,0.0,-0.9379293,1.609878,-0.9324924,1.0,1.0,1.0,0.1436734,0.1761031,0.9738304,-0.001020508,-0.004028259,-0.01840161,63.18889,3915.0,0.175,0.104
25.0,0.2254586,0.1755836,0.9998057,0.07240315,0.1841041,0.9998376,0.1489315,0.1798437,0.9998216,0.2229679,-0.03159272,-0.9743137,0.0,0.006918292,0.9995008,-0.03082621,0.0,-0.9748013,-0.0001326706,-0.2230752,0.0,-0.7109412,-1.63881,-1.072133,1.0,0.2229679,0.006918289,-0.9748012,0.0,-0.03159273,0.9995009,-0.0001326687,0.0,-0.9743137,-0.03082621,-0.2230752,0.0,-0.9378517,1.60986,-0.9324102,1.0,1.0,1.0,0.1434255,0.1758714,0.9739088,-0.001019691,-0.004029557,-0.01839829,63.2,3916.0,0.175,0.104
25.0,0.2257389,0.175587,0.9999641,0.07259516,0.1842748,0.9999568,0.1491669,0.1799307,0.9999605,0.2230617,-0.03111168,-0.9743078,0.0,0.006712548,0.9995159,-0.03037984,0.0,-0.9747813,-0.0002364954,-0.2231626,0.0,-0.7103014,-1.638467,-1.072981,1.0,0.2230617,0.006712541,-0.974781,0.0,-0.03111168,0.9995159,-0.0002364911,0.0,-0.9743077,-0.03037983,-0.2231625,0.0,-0.9379478,1.609844,-0.9322249,1.0,1.0,1.0,0.1436253,0.1759256,0.9738696,-0.001018944,-0.004030953,-0.01839407,63.22223,3917.0,0.175,0.104
25.0,0.2259564,0.1770833,0.9998828,0.07178973,0.1853875,0.9998918,0.1488732,0.1812352,0.9998873,0.2231187,-0.03113462,-0.974294,0.0,0.006632893,0.9995152,-0.03042163,0.0,-0.9747688,-0.0003252449,-0.223217,0.0,-0.7100654,-1.638546,-1.072839,1.0,0.2231186,0.006632892,-0.9747686,0.0,-0.03113462,0.9995152,-0.0003252442,0.0,-0.9742939,-0.03042162,-0.2232169,0.0,-0.9378472,1.609824,-0.9321582,1.0,1.0,1.0,0.143328,0.1771577,0.9736901,-0.001018151,-0.004034889,-0.01839114,63.23333,3918.0,0.175,0.104
25.0,0.2260929,0.1778432,0.9999558,0.07182977,0.187128,0.9999664,0.1489616,0.1824854,0.999961,0.2233512,-0.03094696,-0.9742467,0.0,0.00689224,0.999521,-0.03016972,0.0,-0.9747137,-2.370588e-05,-0.2234576,0.0,-0.7100258,-1.638119,-1.073362,1.0,0.2233512,0.006892236,-0.9747136,0.0,-0.03094696,0.999521,-2.370239e-05,0.0,-0.9742466,-0.03016972,-0.2234575,0.0,-0.9378293,1.609845,-0.9319615,1.0,1.0,1.0,0.1433711,0.1783021,0.9734747,-0.001018151,-0.00403518,-0.01838395,63.25556,3919.0,0.175,0.104
25.0,0.2256298,0.1757626,0.9998903,0.0718386,0.1847244,0.9998721,0.1487338,0.1802436,0.9998812,0.2232432,-0.03084268,-0.9742748,0.0,0.006827103,0.9995242,-0.03007766,0.0,-0.974739,-6.316137e-05,-0.2233475,0.0,-0.7099587,-1.638032,-1.073315,1.0,0.2232432,0.0068271,-0.9747388,0.0,-0.03084268,0.9995244,-6.315843e-05,0.0,-0.9742747,-0.03007766,-0.2233475,0.0,-0.9377319,1.609817,-0.9318501,1.0,1.0,1.0,0.1432239,0.1762471,0.9738705,-0.001018113,-0.004036408,-0.01837698,63.26667,3920.0,0.175,0.104
25.0,0.2252264,0.1755686,0.9999127,0.07275507,0.1847607,0.9998962,0.1489905,0.1801647,0.9999046,0.2231444,-0.03067094,-0.9743028,0.0,0.007038841,0.9995295,-0.02985297,0.0,-0.97476,0.0001964383,-0.2232553,0.0,-0.710358,-1.637629,-1.073548,1.0,0.2231444,0.00703884,-0.97476,0.0,-0.03067094,0.9995295,0.00019644,0.0,-0.9743027,-0.02985297,-0.2232552,0.0,-0.9376762,1.60981,-0.9317821,1.0,1.0,1.0,0.1434638,0.1761656,0.97385,-0.001018113,-0.004037216,-0.01837229,63.27778,3921.0,0.175,0.104
25.0,0.2243103,0.1753937,0.9998479,0.07294104,0.1855426,0.9998358,0.1486254,0.1804683,0.9998419,0.2229031,-0.0302632,-0.9743708,0.0,0.007090904,0.9995419,-0.02942284,0.0,-0.9748149,0.000350724,-0.2230156,0.0,-0.7105882,-1.637008,-1.073876,1.0,0.2229031,0.0070909,-0.9748147,0.0,-0.0302632,0.9995419,0.0003507271,0.0,-0.9743707,-0.02942284,-0.2230156,0.0,-0.9375022,1.6097,-0.9316088,1.0,1.0,1.0,0.1431233,0.1764673,0.9738454,-0.001017975,-0.004037994,-0.01836684,63.3,3922.0,0.175,0.104
25.0,0.2234194,0.1759186,0.9996892,0.07387172,0.1864798,0.9996766,0.1486451,0.1811992,0.9996828,0.2228503,-0.02984611,-0.9743958,0.0,0.007115952,0.9995544,-0.02898926,0.0,-0.9748268,0.0004734825,-0.2229635,0.0,-0.7107302,-1.63652,-1.074302,1.0,0.2228503,0.007115948,-0.9748266,0.0,-0.0298461,0.9995543,0.0004734863,0.0,-0.9743956,-0.02898926,-0.2229633,0.0,-0.9372527,1.609705,-0.9315938,1.0,1.0,1.0,0.1431461,0.1771716,0.9737142,-0.001017945,-0.004038536,-0.01836252,63.31111,3923.0,0.175,0.104
25.0,0.2225983,0.1758992,0.9998454,0.0739132,0.1861319,0.9998397,0.1482556,0.1810156,0.9998424,0.2228773,-0.0295182,-0.9743996,0.0,0.007395281,0.9995639,-0.02858898,0.0,-0.9748185,0.0008341232,-0.2229984,0.0,-0.7109712,-1.635795,-1.07472,1.0,0.2228773,0.00739528,-0.9748185,0.0,-0.0295182,0.9995639,0.0008341241,0.0,-0.9743994,-0.02858898,-0.2229984,0.0,-0.9370328,1.609614,-0.9313643,1.0,1.0,1.0,0.1427652,0.1769863,0.9738039,-0.001017586,-0.004038551,-0.01835303,63.33334,3924.0,0.175,0.104
25.0,0.222861,0.1755816,0.999891,0.07393382,0.1860926,0.9998864,0.1483974,0.1808371,0.9998888,0.2228439,-0.02952395,-0.974407,0.0,0.007576992,0.9995636,-0.02855334,0.0,-0.9748247,0.001020131,-0.2229704,0.0,-0.7112284,-1.63566,-1.074649,1.0,0.2228439,0.007576987,-0.9748247,0.0,-0.02952394,0.9995636,0.001020135,0.0,-0.9744069,-0.02855334,-0.2229704,0.0,-0.9369434,1.60965,-0.9312693,1.0,1.0,1.0,0.142896,0.176811,0.9738165,-0.001017074,-0.004039276,-0.01835063,63.34444,3925.0,0.175,0.104
25.0,0.2230286,0.175105,0.9998888,0.07393999,0.186388,0.9998964,0.1484845,0.1807466,0.9998925,0.2229359,-0.02917797,-0.9743964,0.0,0.007843523,0.9995733,-0.02813734,0.0,-0.9748016,0.001369878,-0.2230695,0.0,-0.7114882,-1.63498,-1.075219,1.0,0.2229358,0.00784352,-0.9748015,0.0,-0.02917797,0.9995733,0.001369879,0.0,-0.9743963,-0.02813734,-0.2230696,0.0,-0.9367787,1.60961,-0.9311687,1.0,1.0,1.0,0.1429789,0.176726,0.9738197,-0.001016654,-0.004041024,-0.0183488,63.36667,3926.0,0.175,0.104
25.0,0.2232052,0.1760304,0.9998617,0.07203263,0.1858667,0.9998627,0.1476189,0.1809485,0.9998623,0.2229516,-0.02900976,-0.9743978,0.0,0.007971377,0.9995779,-0.02793549,0.0,-0.974797,0.001539029,-0.2230887,0.0,-0.7116138,-1.634649,-1.075465,1.0,0.2229515,0.007971376,-0.9747969,0.0,-0.02900975,0.999578,0.001539031,0.0,-0.9743977,-0.02793549,-0.2230887,0.0,-0.9366958,1.609589,-0.9310872,1.0,1.0,1.0,0.1421664,0.1769405,0.9738997,-0.00101535,-0.004042114,-0.01834609,63.37778,3927.0,0.175,0.104
25.0,0.2233639,0.1760586,0.9998163,0.07118157,0.18594,0.9998282,0.1472729,0.1809994,0.9998223,0.2230477,-0.02871267,-0.9743847,0.0,0.007901636,0.9995865,-0.02764654,0.0,-0.9747756,0.001532732,-0.2231824,0.0,-0.7114152,-1.634398,-1.075893,1.0,0.2230477,0.007901633,-0.9747755,0.0,-0.02871267,0.9995866,0.001532735,0.0,-0.9743845,-0.02764654,-0.2231824,0.0,-0.9365819,1.609599,-0.9310853,1.0,1.0,1.0,0.1418455,0.1770048,0.9739349,-0.001014031,-0.004042938,-0.01833917,63.38889,3928.0,0.175,0.104
25.0,0.2234793,0.1756574,0.9997861,0.06989132,0.1856279,0.9997844,0.1466853,0.1806427,0.9997853,0.2231394,-0.02845427,-0.9743712,0.0,0.007814414,0.999594,-0.02740127,0.0,-0.9747553,0.001499834,-0.2232711,0.0,-0.7111797,-1.634174,-1.076068,1.0,0.2231393,0.007814411,-0.9747551,0.0,-0.02845427,0.999594,0.001499836,0.0,-0.9743711,-0.02740127,-0.2232711,0.0,-0.9362971,1.609583,-0.9310301,1.0,1.0,1.0,0.1413059,0.1766961,0.9740694,-0.001011101,-0.004043999,-0.01833412,63.41111,3929.0,0.175,0.104
25.0,0.2242009,0.1756045,0.9998202,0.06931704,0.1857485,0.9997963,0.1467585,0.1806767,0.9998081,0.2230033,-0.0282825,-0.9744074,0.0,0.007635446,0.999599,-0.02726625,0.0,-0.9747879,0.001359571,-0.2231298,0.0,-0.7111115,-1.634149,-1.075999,1.0,0.2230032,0.007635443,-0.9747877,0.0,-0.0282825,0.9995991,0.001359573,0.0,-0.9744073,-0.02726625,-0.2231298,0.0,-0.9360994,1.609585,-0.9310485,1.0,1.0,1.0,0.1413707,0.1767238,0.974055,-0.00100994,-0.004044914,-0.01832822,63.42222,3930.0,0.175,0.104
25.0,0.2244581,0.1754112,0.9999107,0.0696988,0.1851275,0.9998888,0.147078,0.1802694,0.9998997,0.2227338,-0.02829293,-0.9744687,0.0,0.007490693,0.9995989,-0.02731042,0.0,-0.9748505,0.00121649,-0.2228564,0.0,-0.7111557,-1.634244,-1.075498,1.0,0.2227338,0.007490692,-0.9748506,0.0,-0.02829292,0.999599,0.001216492,0.0,-0.9744686,-0.02731042,-0.2228564,0.0,-0.9358782,1.609544,-0.9309641,1.0,1.0,1.0,0.1416686,0.1763259,0.9740838,-0.00100994,-0.004046272,-0.01832196,63.44445,3931.0,0.175,0.104
25.0,0.2242816,0.1749477,0.999945,0.06975961,0.1849314,0.9999003,0.1470197,0.1799397,0.9999226,0.2224542,-0.02827587,-0.9745331,0.0,0.0074562,0.9995995,-0.02730116,0.0,-0.9749147,0.001193053,-0.222576,0.0,-0.7114177,-1.634243,-1.075194,1.0,0.2224542,0.007456198,-0.9749145,0.0,-0.02827587,0.9995995,0.001193054,0.0,-0.974533,-0.02730116,-0.2225759,0.0,-0.9357643,1.609539,-0.9309341,1.0,1.0,1.0,0.1416195,0.1760188,0.9741464,-0.00100994,-0.004046318,-0.01831646,63.45556,3932.0,0.175,0.104
25.0,0.2243334,0.1750441,1.00012,0.06976241,0.1851087,1.000059,0.1470466,0.1800765,1.00009,0.2220621,-0.02838695,-0.9746193,0.0,0.007325293,0.9995965,-0.02744541,0.0,-0.975005,0.001044782,-0.2221805,0.0,-0.7115959,-1.634436,-1.074679,1.0,0.2220621,0.00732529,-0.9750049,0.0,-0.02838695,0.9995964,0.001044785,0.0,-0.9746192,-0.02744541,-0.2221804,0.0,-0.9357812,1.609494,-0.9308745,1.0,1.0,1.0,0.14162,0.1761188,0.9741284,-0.00100994,-0.004046975,-0.0183129,63.46667,3933.0,0.175,0.104
25.0,0.2233621,0.1755183,0.999994,0.06946881,0.1848252,0.9999098,0.1464136,0.180172,0.9999518,0.2211764,-0.02810142,-0.974829,0.0,0.00726871,0.9996045,-0.02716645,0.0,-0.9752069,0.001077166,-0.2212932,0.0,-0.7125427,-1.634097,-1.074239,1.0,0.2211764,0.007268704,-0.9752066,0.0,-0.02810142,0.9996045,0.00107717,0.0,-0.9748287,-0.02716645,-0.2212932,0.0,-0.9355221,1.609447,-0.9308379,1.0,1.0,1.0,0.1410432,0.1762477,0.9741887,-0.001010009,-0.004048409,-0.01830586,63.48889,3934.0,0.175,0.104
25.0,0.2235156,0.1755763,0.9999384,0.06952295,0.1856669,0.9998491,0.1465174,0.180622,0.9998938,0.2206258,-0.02786805,-0.9749604,0.0,0.007322615,0.9996109,-0.02691561,0.0,-0.9753311,0.001200981,-0.220744,0.0,-0.7132646,-1.633732,-1.074112,1.0,0.2206258,0.007322614,-0.9753309,0.0,-0.02786805,0.9996108,0.001200982,0.0,-0.9749603,-0.02691561,-0.220744,0.0,-0.9353805,1.609409,-0.9308105,1.0,1.0,1.0,0.1411401,0.1766737,0.9740975,-0.001012016,-0.004049515,-0.01829997,63.5,3935.0,0.175,0.104
25.0,0.2238335,0.1753007,0.9999132,0.07118072,0.1843993,0.9998612,0.147506,0.1798504,0.9998871,0.2198069,-0.02766199,-0.9751512,0.0,0.007951243,0.9996155,-0.02656369,0.0,-0.9755111,0.001914777,-0.2199423,0.0,-0.7151586,-1.632883,-1.073726,1.0,0.2198068,0.007951237,-0.9755108,0.0,-0.02766199,0.9996154,0.00191478,0.0,-0.975151,-0.02656369,-0.2199423,0.0,-0.9350172,1.60942,-0.9306762,1.0,1.0,1.0,0.1420888,0.175938,0.9740927,-0.001013571,-0.004050675,-0.01829204,63.52222,3936.0,0.175,0.104
25.0,0.2236701,0.1756156,0.999952,0.07101817,0.1860695,0.9998654,0.1473421,0.1808427,0.9999087,0.2192646,-0.0275026,-0.9752777,0.0,0.007925607,0.9996198,-0.02640718,0.0,-0.9756332,0.001939509,-0.2193992,0.0,-0.7157084,-1.6327,-1.073447,1.0,0.2192646,0.007925608,-0.9756333,0.0,-0.0275026,0.9996198,0.001939507,0.0,-0.9752778,-0.02640718,-0.2193993,0.0,-0.9348825,1.609405,-0.9306157,1.0,1.0,1.0,0.1419095,0.1768613,0.9739516,-0.001014357,-0.004053315,-0.01828919,63.53334,3937.0,0.175,0.104
25.0,0.223324,0.1769308,0.9998352,0.07090452,0.1853821,0.9998165,0.147114,0.1811565,0.9998259,0.219153,-0.02728351,-0.975309,0.0,0.008162412,0.9996253,-0.02612964,0.0,-0.9756564,0.002234483,-0.2192936,0.0,-0.7162368,-1.632226,-1.073685,1.0,0.219153,0.00816241,-0.9756563,0.0,-0.02728351,0.9996252,0.002234484,0.0,-0.975309,-0.02612964,-0.2192936,0.0,-0.9347416,1.609406,-0.930606,1.0,1.0,1.0,0.1416994,0.1771767,0.9739249,-0.001014357,-0.004058861,-0.01828596,63.54445,3938.0,0.175,0.104
25.0,0.223236,0.1780362,0.9998774,0.0707285,0.186075,0.9998702,0.146982,0.1820556,0.9998736,0.2188908,-0.02726887,-0.9753683,0.0,0.008130374,0.9996257,-0.02612244,0.0,-0.9757156,0.002212148,-0.2190306,0.0,-0.7164164,-1.632193,-1.073261,1.0,0.2188907,0.008130373,-0.9757153,0.0,-0.02726887,0.9996257,0.002212148,0.0,-0.9753683,-0.02612244,-0.2190305,0.0,-0.934516,1.609371,-0.9304848,1.0,1.0,1.0,0.1415473,0.1780086,0.9737953,-0.001013244,-0.004061959,-0.01828142,63.56667,3939.0,0.175,0.104
25.0,0.2242049,0.1770727,0.9997788,0.06963499,0.1853503,0.9998028,0.1469207,0.1812116,0.9997908,0.2190489,-0.02714033,-0.9753364,0.0,0.008152786,0.9996291,-0.02598529,0.0,-0.9756798,0.002259658,-0.2191889,0.0,-0.7162473,-1.63201,-1.073439,1.0,0.2190489,0.008152787,-0.9756799,0.0,-0.02714032,0.9996291,0.002259658,0.0,-0.9753363,-0.02598529,-0.219189,0.0,-0.9343636,1.60935,-0.9304262,1.0,1.0,1.0,0.1415184,0.1772443,0.9739389,-0.001010177,-0.004063607,-0.01827755,63.57778,3940.0,0.175,0.104
25.0,0.2247289,0.1750254,0.9997905,0.06960684,0.1842366,0.9998335,0.1471689,0.1796309,0.9998119,0.2193724,-0.02685848,-0.9752714,0.0,0.008336383,0.9996361,-0.02565433,0.0,-0.9756055,0.002502386,-0.2195165,0.0,-0.7160941,-1.631546,-1.073888,1.0,0.2193724,0.008336383,-0.9756056,0.0,-0.02685848,0.9996361,0.002502386,0.0,-0.9752714,-0.02565433,-0.2195165,0.0,-0.9340619,1.609372,-0.9302789,1.0,1.0,1.0,0.1417811,0.1757707,0.9741677,-0.001004075,-0.004063965,-0.01827319,63.6,3941.0,0.175,0.104
25.0,0.2231476,0.1749923,0.9999258,0.06987102,0.1837989,0.9999427,0.1465097,0.1793954,0.9999341,0.2194974,-0.02652408,-0.9752525,0.0,0.008449245,0.9996446,-0.02528583,0.0,-0.9755765,0.002689973,-0.2196435,0.0,-0.7159951,-1.630962,-1.074601,1.0,0.2194974,0.008449245,-0.9755765,0.0,-0.02652408,0.9996446,0.002689974,0.0,-0.9752524,-0.02528583,-0.2196435,0.0,-0.9341078,1.60926,-0.93015,1.0,1.0,1.0,0.1411461,0.1755507,0.9742997,-0.0009964369,-0.004065811,-0.01826657,63.61111,3942.0,0.175,0.104
25.0,0.2234024,0.1750869,0.9997532,0.06982635,0.1841395,0.9997577,0.1466144,0.1796134,0.9997554,0.2197663,-0.02555975,-0.9752177,0.0,0.008173457,0.9996698,-0.02435872,0.0,-0.9755183,0.002617671,-0.2199027,0.0,-0.7151697,-1.630052,-1.076112,1.0,0.2197663,0.008173456,-0.9755182,0.0,-0.02555975,0.9996699,0.002617673,0.0,-0.9752176,-0.02435873,-0.2199026,0.0,-0.9339369,1.609146,-0.930034,1.0,1.0,1.0,0.1412634,0.175781,0.9742411,-0.0009964369,-0.004066162,-0.01826254,63.63334,3943.0,0.175,0.104
25.0,0.2234499,0.1749415,0.9997681,0.06854951,0.1837462,0.9997178,0.1459985,0.1793439,0.999743,0.2194862,-0.02497694,-0.9752958,0.0,0.007938273,0.9996849,-0.02381506,0.0,-0.9755833,0.002515089,-0.2196153,0.0,-0.7151208,-1.629587,-1.07659,1.0,0.2194862,0.007938273,-0.9755833,0.0,-0.02497694,0.9996848,0.002515087,0.0,-0.9752958,-0.02381506,-0.2196153,0.0,-0.933737,1.609111,-0.9299971,1.0,1.0,1.0,0.1406938,0.1755489,0.9743654,-0.0009964369,-0.004066681,-0.01825974,63.64445,3944.0,0.175,0.104
25.0,0.2224194,0.1746346,0.999914,0.06836478,0.1832014,0.9998978,0.1453918,0.1789179,0.9999058,0.2192981,-0.02439526,-0.9753529,0.0,0.00812147,0.9996983,-0.02317815,0.0,-0.9756241,0.002838375,-0.21943,0.0,-0.7155621,-1.628637,-1.077269,1.0,0.219298,0.008121469,-0.9756241,0.0,-0.02439526,0.9996983,0.002838375,0.0,-0.9753528,-0.02317815,-0.21943,0.0,-0.9335274,1.608988,-0.9298822,1.0,1.0,1.0,0.1401144,0.1751431,0.9745219,-0.0009964369,-0.004067345,-0.01825077,63.66667,3945.0,0.175,0.104
25.0,0.2224174,0.1756182,0.9999224,0.06835023,0.1843244,0.9998862,0.145383,0.1799713,0.9999043,0.2190806,-0.02414161,-0.975408,0.0,0.008355623,0.9997036,-0.02286622,0.0,-0.975671,0.003140596,-0.2192174,0.0,-0.7161617,-1.628124,-1.077554,1.0,0.2190807,0.008355624,-0.9756711,0.0,-0.02414161,0.9997036,0.003140596,0.0,-0.9754081,-0.02286622,-0.2192174,0.0,-0.9334634,1.608986,-0.9298437,1.0,1.0,1.0,0.1400825,0.176127,0.9743491,-0.0009964369,-0.004073158,-0.0182435,63.67778,3946.0,0.175,0.104
25.0,0.2225375,0.1761677,0.9999451,0.06812586,0.184294,0.9999134,0.1453309,0.1802309,0.9999292,0.2188992,-0.02379441,-0.9754574,0.0,0.008307431,0.9997118,-0.02252181,0.0,-0.9757122,0.003173538,-0.2190338,0.0,-0.7161899,-1.627667,-1.077948,1.0,0.2188992,0.008307429,-0.9757121,0.0,-0.02379441,0.9997119,0.00317354,0.0,-0.9754573,-0.02252181,-0.2190337,0.0,-0.933448,1.60887,-0.9297366,1.0,1.0,1.0,0.1400264,0.1763669,0.9743137,-0.0009979401,-0.004074417,-0.01823846,63.68889,3947.0,0.175,0.104
25.0,0.2219258,0.1770844,0.999916,0.06900451,0.1838561,0.9998721,0.1454644,0.1804703,0.999894,0.2185224,-0.02333848,-0.9755529,0.0,0.007930216,0.9997234,-0.02214037,0.0,-0.9757998,0.002898177,-0.218647,0.0,-0.7159488,-1.627449,-1.078206,1.0,0.2185223,0.007930213,-0.9757996,0.0,-0.02333848,0.9997234,0.002898181,0.0,-0.9755527,-0.02214037,-0.218647,0.0,-0.9333777,1.608805,-0.9296523,1.0,1.0,1.0,0.1401557,0.1765928,0.9742543,-0.001002289,-0.004074417,-0.01822991,63.71111,3948.0,0.175,0.104
1.0,-0.04859045,-0.1576379,0.9997426,-0.2544631,-0.18641,0.9997094,-0.1515279,-0.1720242,0.999726,0.2174215,-0.0219177,-0.9758318,0.0,-0.005037475,0.9997094,-0.02357639,0.0,-0.9760649,-0.01004174,-0.217248,0.0,-0.7076302,-1.637595,-1.065332,1.0,0.2174215,-0.005037475,-0.9760646,0.0,-0.0219177,0.9997093,-0.01004174,0.0,-0.9758316,-0.02357639,-0.2172479,0.0,-0.9216228,1.608438,-0.9385782,1.0,1.0,1.0,-0.146499,-0.1596151,0.9762484,0.001541924,-0.005250092,-0.02030942,77.37778,4806.0,-0.175,-0.246
1.0,-0.04889479,-0.1577534,0.9997465,-0.2540926,-0.1863627,0.9997053,-0.1514952,-0.1720584,0.9997259,0.2171998,-0.02179778,-0.9758838,0.0,-0.004854226,0.9997141,-0.02341046,0.0,-0.9761152,-0.009821909,-0.2170319,0.0,-0.7081759,-1.637325,-1.065175,1.0,0.2171997,-0.004854228,-0.976115,0.0,-0.02179778,0.9997142,-0.009821907,0.0,-0.9758837,-0.02341046,-0.2170319,0.0,-0.9213613,1.608483,-0.9385197,1.0,1.0,1.0,-0.146465,-0.1596479,0.9762482,0.001539123,-0.005250092,-0.02030855,77.38889,4807.0,-0.175,-0.246
1.0,-0.04974511,-0.1583838,0.999906,-0.2522305,-0.186283,0.9999309,-0.150987,-0.1723333,0.9999186,0.217486,-0.02176023,-0.9758209,0.0,-0.004706982,0.9997165,-0.02334216,0.0,-0.9760522,-0.009669764,-0.2173219,0.0,-0.7079912,-1.637173,-1.065265,1.0,0.2174859,-0.004706983,-0.976052,0.0,-0.02176023,0.9997164,-0.009669763,0.0,-0.9758208,-0.02334216,-0.2173218,0.0,-0.9211547,1.60851,-0.9383727,1.0,1.0,1.0,-0.1459534,-0.1598877,0.9762856,0.001534875,-0.005250092,-0.02030334,77.41111,4808.0,-0.175,-0.246
1.0,-0.04959428,-0.1586902,0.9999213,-0.2515939,-0.1867246,0.9999475,-0.1505932,-0.1727072,0.9999343,0.217597,-0.02166766,-0.9757982,0.0,-0.00464651,0.9997193,-0.02323497,0.0,-0.9760277,-0.009589916,-0.2174352,0.0,-0.7079263,-1.637019,-1.065421,1.0,0.217597,-0.00464651,-0.9760276,0.0,-0.02166765,0.9997192,-0.009589914,0.0,-0.9757981,-0.02323497,-0.2174352,0.0,-0.9210634,1.608515,-0.9383146,1.0,1.0,1.0,-0.1455707,-0.1602445,0.9762842,0.001531013,-0.005248772,-0.02030046,77.42223,4809.0,-0.175,-0.246
1.0,-0.04934728,-0.1565096,0.9999293,-0.251727,-0.1870456,0.9999557,-0.1505362,-0.1717774,0.9999425,0.2179815,-0.02168338,-0.9757121,0.0,-0.00455008,0.9997197,-0.02323343,0.0,-0.9759424,-0.009504026,-0.2178217,0.0,-0.7073848,-1.636913,-1.065707,1.0,0.2179814,-0.004550081,-0.9759423,0.0,-0.02168338,0.9997197,-0.009504024,0.0,-0.975712,-0.02323343,-0.2178217,0.0,-0.9211204,1.608475,-0.9380581,1.0,1.0,1.0,-0.1455365,-0.1593786,0.976431,0.001530342,-0.00524778,-0.02030032,77.44444,4810.0,-0.175,-0.246
1.0,-0.04924127,-0.1565613,1.000193,-0.2514933,-0.1873178,1.000236,-0.1503659,-0.1719393,1.000215,0.2181945,-0.02178213,-0.9756623,0.0,-0.004373373,0.999719,-0.02329726,0.0,-0.9758956,-0.009350269,-0.218038,0.0,-0.7072591,-1.636805,-1.065953,1.0,0.2181945,-0.004373374,-0.9758955,0.0,-0.02178212,0.999719,-0.009350266,0.0,-0.9756621,-0.02329725,-0.2180379,0.0,-0.9213434,1.608419,-0.9379337,1.0,1.0,1.0,-0.1453362,-0.1594938,0.9764422,0.001530304,-0.005246781,-0.02030033,77.45556,4811.0,-0.175,-0.246
1.0,-0.05044934,-0.1554293,0.9999679,-0.251977,-0.1887497,1.000033,-0.151211,-0.1720891,1.0,0.2185331,-0.02191605,-0.9755834,0.0,-0.004361163,0.9997159,-0.02343509,0.0,-0.9758198,-0.009376023,-0.2183754,0.0,-0.7068183,-1.636966,-1.065947,1.0,0.2185331,-0.004361164,-0.9758198,0.0,-0.02191605,0.9997158,-0.009376021,0.0,-0.9755834,-0.02343509,-0.2183754,0.0,-0.9213326,1.608438,-0.9378521,1.0,1.0,1.0,-0.146153,-0.1596463,0.9762952,0.001529823,-0.005246575,-0.02030084,77.46667,4812.0,-0.175,-0.246
1.0,-0.04898947,-0.1554177,0.99979,-0.2519019,-0.1886498,0.9998497,-0.1504438,-0.1720333,0.99982,0.219075,-0.02154823,-0.9754701,0.0,-0.004721649,0.999721,-0.02314434,0.0,-0.9756966,-0.009676175,-0.2189121,0.0,-0.70556,-1.636865,-1.066467,1.0,0.219075,-0.00472165,-0.9756966,0.0,-0.02154823,0.999721,-0.009676175,0.0,-0.97547,-0.02314435,-0.2189121,0.0,-0.9210078,1.608395,-0.9377137,1.0,1.0,1.0,-0.14546,-0.1596384,0.9764001,0.001529602,-0.005246575,-0.02030152,77.48889,4813.0,-0.175,-0.246
1.0,-0.04901472,-0.1566625,0.9999205,-0.2515337,-0.1893743,0.999961,-0.1502729,-0.1730181,0.9999408,0.2192774,-0.02155778,-0.9754245,0.0,-0.00481912,0.9997197,-0.02317808,0.0,-0.9756507,-0.009783119,-0.2191121,0.0,-0.7051249,-1.636958,-1.066474,1.0,0.2192774,-0.004819122,-0.9756505,0.0,-0.02155778,0.9997197,-0.009783115,0.0,-0.9754243,-0.02317807,-0.219112,0.0,-0.9209357,1.608382,-0.9376473,1.0,1.0,1.0,-0.1452607,-0.1605424,0.9762815,0.0015289,-0.005246575,-0.02030255,77.5,4814.0,-0.175,-0.246
1.0,-0.04901627,-0.1564769,0.9999545,-0.251828,-0.1891648,1.000031,-0.1504196,-0.1728202,0.9999926,0.2197433,-0.02130246,-0.9753252,0.0,-0.00473894,0.9997265,-0.02290311,0.0,-0.9755463,-0.009654815,-0.2195823,0.0,-0.7046885,-1.63659,-1.067133,1.0,0.2197433,-0.004738942,-0.9755461,0.0,-0.02130245,0.9997264,-0.009654812,0.0,-0.975325,-0.02290311,-0.2195822,0.0,-0.9208148,1.608362,-0.9375806,1.0,1.0,1.0,-0.1453952,-0.1603457,0.9762937,0.0015289,-0.005247635,-0.02030383,77.52222,4815.0,-0.175,-0.246
1.0,-0.04859918,-0.1573205,0.9997951,-0.2517378,-0.1884268,0.9998162,-0.1501679,-0.1728734,0.9998057,0.2198538,-0.02138101,-0.9752985,0.0,-0.004699835,0.999725,-0.02297594,0.0,-0.9755215,-0.00963509,-0.2196928,0.0,-0.704653,-1.63669,-1.066896,1.0,0.2198538,-0.004699834,-0.9755215,0.0,-0.02138101,0.999725,-0.009635089,0.0,-0.9752986,-0.02297595,-0.2196928,0.0,-0.920616,1.608415,-0.9375633,1.0,1.0,1.0,-0.1451835,-0.1604261,0.976312,0.0015289,-0.005250084,-0.0203053,77.53333,4816.0,-0.175,-0.246
1.0,-0.04913354,-0.1566944,0.9999512,-0.2515793,-0.1871411,0.9999943,-0.1503549,-0.1719176,0.9999727,0.2200594,-0.02139356,-0.9752519,0.0,-0.004623703,0.9997254,-0.02297373,0.0,-0.9754755,-0.009564862,-0.2199001,0.0,-0.7045592,-1.636616,-1.066991,1.0,0.2200594,-0.004623704,-0.9754754,0.0,-0.02139356,0.9997253,-0.009564859,0.0,-0.9752517,-0.02297373,-0.2199,0.0,-0.9205535,1.608397,-0.9375656,1.0,1.0,1.0,-0.1453535,-0.1595004,0.9764385,0.001524719,-0.005255997,-0.02030583,77.54445,4817.0,-0.175,-0.246
1.0,-0.04819313,-0.158598,0.9999886,-0.2508005,-0.1875453,1.000073,-0.149494,-0.1730711,1.000031,0.2206385,-0.02100987,-0.9751293,0.0,-0.004510598,0.9997353,-0.02256062,0.0,-0.9753452,-0.009376159,-0.2204854,0.0,-0.7041553,-1.636107,-1.067754,1.0,0.2206386,-0.004510598,-0.9753453,0.0,-0.02100987,0.9997353,-0.009376159,0.0,-0.9751294,-0.02256062,-0.2204854,0.0,-0.9202085,1.608409,-0.937559,1.0,1.0,1.0,-0.1445115,-0.1605833,0.976386,0.001522293,-0.005259697,-0.02030401,77.56667,4818.0,-0.175,-0.246
1.0,-0.04859185,-0.1594953,1.000018,-0.2505272,-0.1872425,1.000008,-0.1495598,-0.1733689,1.000013,0.2205968,-0.02111164,-0.9751366,0.0,-0.004403063,0.999734,-0.02264024,0.0,-0.9753551,-0.009287952,-0.2204451,0.0,-0.7042915,-1.636055,-1.067627,1.0,0.2205967,-0.004403065,-0.9753551,0.0,-0.02111164,0.999734,-0.00928795,0.0,-0.9751366,-0.02264024,-0.2204451,0.0,-0.920258,1.608347,-0.9374831,1.0,1.0,1.0,-0.1445651,-0.1608617,0.9763321,0.001517647,-0.005260575,-0.02030283,77.57778,4819.0,-0.175,-0.246
1.0,-0.04860967,-0.159276,1.000052,-0.2509163,-0.1895355,1.000075,-0.1497622,-0.1744055,1.000063,0.2210061,-0.02104178,-0.9750453,0.0,-0.004327815,0.9997362,-0.02255556,0.0,-0.9752628,-0.009204732,-0.2208567,0.0,-0.7039678,-1.635895,-1.068054,1.0,0.2210061,-0.004327814,-0.9752629,0.0,-0.02104177,0.9997362,-0.009204734,0.0,-0.9750456,-0.02255556,-0.2208568,0.0,-0.9202427,1.608326,-0.9374987,1.0,1.0,1.0,-0.144723,-0.1618147,0.9761512,0.001516029,-0.005261322,-0.02030327,77.6,4820.0,-0.175,-0.246
1.0,-0.04849303,-0.1585328,1.000048,-0.2489816,-0.18965,1.000091,-0.1487358,-0.1740911,1.00007,0.2211964,-0.02093399,-0.9750046,0.0,-0.004281447,0.9997391,-0.02243638,0.0,-0.9752199,-0.009137277,-0.2210491,0.0,-0.7038545,-1.635687,-1.068408,1.0,0.2211964,-0.004281448,-0.9752198,0.0,-0.020934,0.9997392,-0.009137276,0.0,-0.9750045,-0.02243638,-0.221049,0.0,-0.9202545,1.608276,-0.9375293,1.0,1.0,1.0,-0.1437655,-0.1615431,0.9763377,0.001513543,-0.005262391,-0.02030154,77.61111,4821.0,-0.175,-0.246
1.0,-0.04804677,-0.1582032,1.000038,-0.2490434,-0.1889228,1.000099,-0.1485431,-0.1735626,1.000069,0.2214645,-0.02072063,-0.9749482,0.0,-0.004293895,0.9997438,-0.02222299,0.0,-0.975159,-0.009107929,-0.2213188,0.0,-0.7035758,-1.635437,-1.068943,1.0,0.2214646,-0.004293893,-0.975159,0.0,-0.02072063,0.9997438,-0.009107931,0.0,-0.9749482,-0.02222299,-0.2213188,0.0,-0.9202346,1.608242,-0.9375709,1.0,1.0,1.0,-0.1435931,-0.1610527,0.9764441,0.001509872,-0.005264763,-0.02030192,77.62222,4822.0,-0.175,-0.246
