flag,xl,yl,zl,xr,yr,zr,xc,yc,zc,mat_00,mat_10,mat_20,mat_30,mat_01,mat_11,mat_21,mat_31,mat_02,mat_12,mat_22,mat_32,mat_03,mat_13,mat_23,mat_33,ctw_00,ctw_10,ctw_20,ctw_30,ctw_01,ctw_11,ctw_21,ctw_31,ctw_02,ctw_12,ctw_22,ctw_32,ctw_03,ctw_13,ctw_23,ctw_33,opennessl,opennessr,ray_x,ray_y,ray_z,eye_x,eye_y,eye_z,time,frame
0,,,,,,,,,,0.08751142,-0.06129117,-0.9942763,0,0.03282177,0.9977409,-0.05861592,0,-0.9956228,0.02750433,-0.08932543,0,-0.9914565,-1.648403,-0.754075,1,0.08751142,0.03282176,-0.9956226,0,-0.06129115,0.9977409,0.02750434,0,-0.994276,-0.05861593,-0.08932539,0,-0.7640274,1.633019,-1.009136,1,0,0,0.01411201,-0.1612831,0.9868072,-0.0005361708,-0.004941803,-0.02195772,0,1
0,0.07412385,-0.1717003,1,-0.04427606,-0.1692178,1,0.01492386,-0.170459,1,0.08751142,-0.06129117,-0.9942763,0,0.03282177,0.9977409,-0.05861592,0,-0.9956228,0.02750433,-0.08932543,0,-0.9914565,-1.648403,-0.754075,1,0.08751142,0.03282176,-0.9956226,0,-0.06129115,0.9977409,0.02750434,0,-0.994276,-0.05861593,-0.08932539,0,-0.7640274,1.633019,-1.009136,1,0.7833263,0.7277334,0.01493651,-0.1598536,0.9870278,-0.0005413815,-0.004946861,-0.02196731,0.01111111,2
0,0.03701185,-0.1550248,1.000083,-0.05661207,-0.1528375,1.000093,-0.009800032,-0.1539312,1.000088,0.08761859,-0.06142163,-0.9942588,0,0.03284159,0.9977328,-0.05874209,0,-0.9956127,0.02750613,-0.08943713,0,-0.9913909,-1.648496,-0.7540749,1,0.08761857,0.03284158,-0.9956125,0,-0.06142162,0.9977328,0.02750613,0,-0.9942586,-0.05874209,-0.0894371,0,-0.7641346,1.633022,-1.00914,1,0.8312814,0.7328635,-0.009034876,-0.1441914,0.9895086,-0.0004658503,-0.004962998,-0.02220211,0.02222222,3
0,0.04317161,-0.1552425,1.011194,-0.05712076,-0.1529755,1.01078,-0.006978571,-0.1541087,1.010987,0.08287859,-0.07432503,-0.9937842,0,0.03842174,0.9967118,-0.07133973,0,-0.9958187,0.03227038,-0.0854618,0,-0.9980277,-1.654424,-0.7419753,1,0.08287861,0.03842174,-0.9958187,0,-0.07432502,0.9967118,0.03227038,0,-0.9937841,-0.07133973,-0.08546176,0,-0.7776132,1.634398,-1.003876,1,0.7894843,0.7091606,-0.006234233,-0.1429024,0.9897172,-0.0004704976,-0.00492749,-0.02221664,0.3555556,4
0,0.1064291,-0.1951983,0.9988028,-0.01301587,-0.2225761,0.9989181,0.04670835,-0.2088865,0.9988605,0.08365065,-0.07340408,-0.9937879,0,0.0382268,0.9967856,-0.07040782,0,-0.9957616,0.03209967,-0.08618778,0,-0.9964879,-1.653736,-0.7429354,1,0.08365068,0.0382268,-0.9957617,0,-0.07340409,0.9967855,0.03209967,0,-0.9937879,-0.07040781,-0.08618777,0,-0.7763544,1.634204,-1.003212,1,0.3529912,0.2985896,0.04534978,-0.1963837,0.9794778,-0.0006130831,-0.003964386,-0.02320508,0.4777778,5
0,0.1035625,-0.1685414,0.9994755,-0.06424227,-0.1752741,0.9997526,0.0196672,-0.1719071,0.9996139,0.08510917,-0.07217664,-0.993754,0,0.04006702,0.996814,-0.06896737,0,-0.9955657,0.033947,-0.08772993,0,-0.9972235,-1.65102,-0.7462145,1,0.08510918,0.04006701,-0.9955656,0,-0.07217663,0.996814,0.033947,0,-0.993754,-0.06896738,-0.08772992,0,-0.7758458,1.634251,-1.00222,1,0.3523312,0.2964257,0.01956263,-0.1619263,0.986609,-0.0006088866,-0.004075043,-0.02297818,0.6333333,6
0,0.08741561,-0.1333542,0.9998777,-0.05879067,-0.1567037,0.9998348,0.01431157,-0.1450293,0.9998562,0.0848363,-0.07243998,-0.9937583,0,0.04032355,0.9967862,-0.06921832,0,-0.9955787,0.03419962,-0.08748466,0,-0.9978191,-1.650876,-0.7454493,1,0.08483623,0.04032354,-0.9955785,0,-0.07243997,0.9967863,0.03419963,0,-0.993758,-0.06921832,-0.08748467,0,-0.7757344,1.634207,-1.002163,1,0.4201993,0.3747014,0.01444899,-0.1363875,0.9905502,-0.0006025163,-0.004252152,-0.02257568,0.6444445,7
0,0.07587761,-0.1425683,0.9999042,-0.04515485,-0.1467966,0.9998646,0.0153607,-0.1446825,0.9998845,0.08431417,-0.07275596,-0.9937795,0,0.04031169,0.9967633,-0.06955429,0,-0.9956235,0.03419652,-0.0869742,0,-0.9982658,-1.651024,-0.7441865,1,0.08431418,0.04031169,-0.9956235,0,-0.07275596,0.9967634,0.03419653,0,-0.9937795,-0.06955429,-0.08697419,0,-0.7755111,1.634161,-1.002163,1,0.4774994,0.4531358,0.01547909,-0.1360366,0.9905828,-0.0006150287,-0.004281044,-0.02248438,0.6666667,8
0,0.08113278,-0.1571623,0.9999591,-0.04311571,-0.1051322,0.999952,0.0190083,-0.1311472,0.9999555,0.08431655,-0.07228296,-0.9938139,0,0.04014428,0.9968021,-0.06909439,0,-0.9956302,0.03407013,-0.08694869,0,-0.9979959,-1.650897,-0.7447549,1,0.08431657,0.04014427,-0.9956299,0,-0.07228294,0.9968022,0.03407014,0,-0.9938138,-0.0690944,-0.08694864,0,-0.7753318,1.634223,-1.002144,1,0.538663,0.5128133,0.01904638,-0.1230529,0.9922174,-0.0006160811,-0.004359436,-0.02237565,0.6888889,9
0,0.08186463,-0.1145515,1.000102,-0.0344703,-0.1073698,1.000109,0.02369728,-0.1109608,1.000106,0.08438969,-0.07235605,-0.9938024,0,0.03989823,0.9968055,-0.06918672,0,-0.9956338,0.03381231,-0.08700699,0,-0.9975583,-1.651142,-0.744771,1,0.08438967,0.03989822,-0.9956337,0,-0.07235605,0.9968056,0.0338123,0,-0.9938022,-0.06918671,-0.08700698,0,-0.7754416,1.63414,-1.002174,1,0.538663,0.5128133,0.0236326,-0.103604,0.9943378,-0.00059745,-0.00445353,-0.02209767,0.7,10
0,0.07505184,-0.0935581,0.9999915,-0.03889996,-0.1000097,0.9999921,0.01807589,-0.09678376,0.9999918,0.08462328,-0.07239518,-0.9937796,0,0.03987835,0.9968041,-0.06921974,0,-0.9956147,0.03377268,-0.08723986,0,-0.9973391,-1.651259,-0.7449432,1,0.08462331,0.03987835,-0.9956146,0,-0.07239518,0.9968041,0.03377268,0,-0.9937795,-0.06921975,-0.08723982,0,-0.7754543,1.634189,-1.002187,1,0.5938846,0.5795813,0.018194,-0.08997296,0.995778,-0.0006002812,-0.00442611,-0.02218249,0.7222223,11
0,0.07475533,-0.08823416,0.999988,-0.03884223,-0.09594779,0.9999989,0.01795652,-0.09209097,0.9999934,0.08474422,-0.0724834,-0.9937629,0,0.03964691,0.996806,-0.06932443,0,-0.9956137,0.03352478,-0.08734727,0,-0.9968781,-1.651606,-0.7448721,1,0.08474419,0.0396469,-0.9956136,0,-0.07248341,0.9968061,0.03352478,0,-0.9937628,-0.06932443,-0.08734728,0,-0.7754605,1.634216,-1.002198,1,0.6637357,0.5803793,0.01807844,-0.08543925,0.9961794,-0.0005947268,-0.004416855,-0.0222422,0.7333333,12
0,0.06684587,-0.08275138,1.000036,-0.03658366,-0.08602542,1.000042,0.01513122,-0.08438847,1.000039,0.08479375,-0.07235052,-0.9937684,0,0.03978166,0.9968109,-0.06917764,0,-0.9956041,0.03366792,-0.08740151,0,-0.9970087,-1.651347,-0.7451982,1,0.08479369,0.03978165,-0.995604,0,-0.07235051,0.9968109,0.03366792,0,-0.9937682,-0.06917763,-0.08740155,0,-0.77549,1.634192,-1.00216,1,0.6879294,0.6174332,0.01529386,-0.07801204,0.9968351,-0.0005507274,-0.004397965,-0.02207584,0.7444445,13
0,0.0587179,-0.08561342,0.9999818,-0.03964683,-0.07773309,0.999992,0.009535529,-0.08167338,0.9999868,0.08505863,-0.07198441,-0.9937723,0,0.03949185,0.9968467,-0.06882693,0,-0.9955931,0.03339158,-0.08763319,0,-0.9963645,-1.651363,-0.7459216,1,0.08505861,0.03949184,-0.9955929,0,-0.07198439,0.9968466,0.03339157,0,-0.9937722,-0.06882693,-0.08763319,0,-0.7753991,1.634164,-1.002199,1,0.707598,0.6201919,0.009841595,-0.0753933,0.9971053,-0.0005504228,-0.004407868,-0.02187898,0.7666667,14
0,0.05545102,-0.06933471,0.9998478,-0.03960753,-0.07277497,0.9998491,0.007921785,-0.07105465,0.9998484,0.08505553,-0.07172072,-0.9937916,0,0.03957223,0.9968622,-0.06855545,0,-0.9955902,0.03349553,-0.08762676,0,-0.9964814,-1.651003,-0.7462028,1,0.08505549,0.03957222,-0.99559,0,-0.07172071,0.9968622,0.03349553,0,-0.9937916,-0.06855545,-0.08762678,0,-0.775225,1.634099,-1.002173,1,0.7197582,0.6296628,0.008285576,-0.06510326,0.9978442,-0.0005623018,-0.004393044,-0.02188251,0.7777778,15
0,0.05027233,-0.06889663,0.9999205,-0.03948679,-0.07446779,0.9999198,0.005392708,-0.0716822,0.9999201,0.08483332,-0.07091899,-0.9938682,0,0.03975511,0.9969105,-0.06774271,0,-0.9956018,0.0337645,-0.0873906,0,-0.996931,-1.650104,-0.7471711,1,0.08483329,0.0397551,-0.9956017,0,-0.07091897,0.9969104,0.03376449,0,-0.993868,-0.06774271,-0.08739061,0,-0.7750402,1.634023,-1.002127,1,0.7337911,0.6385958,0.005818883,-0.06568881,0.9978232,-0.0005656136,-0.004418045,-0.0218321,0.8,16
0,0.04958826,-0.0692255,0.9999464,-0.03899021,-0.07412651,0.9999397,0.005299054,-0.07167601,0.9999431,0.08476073,-0.07076368,-0.9938855,0,0.03959607,0.9969262,-0.06760335,0,-0.9956143,0.03362383,-0.08730221,0,-0.9967538,-1.650115,-0.7472559,1,0.08476076,0.03959605,-0.9956142,0,-0.07076368,0.9969263,0.03362384,0,-0.9938853,-0.06760336,-0.08730214,0,-0.7749693,1.633994,-1.002136,1,0.7553785,0.6361941,0.005727476,-0.06568117,0.9978242,-0.0005659107,-0.004419266,-0.0218166,0.8111112,17
0,0.05035703,-0.0681954,0.9999655,-0.03715046,-0.07281885,0.9999669,0.006603524,-0.07050713,0.9999662,0.0847497,-0.07044456,-0.9939091,0,0.03981543,0.9969404,-0.06726439,0,-0.9956066,0.03387227,-0.08729523,0,-0.9971786,-1.649602,-0.7477721,1,0.08474972,0.03981542,-0.9956062,0,-0.07044456,0.9969404,0.03387227,0,-0.9939089,-0.06726439,-0.08729515,0,-0.7749122,1.633959,-1.002198,1,0.7685984,0.6286286,0.007001864,-0.06454308,0.9978904,-0.0005661389,-0.004418724,-0.02181182,0.8333334,18
0,0.05021464,-0.06665982,0.9999712,-0.03746884,-0.07244025,0.9999695,0.006372847,-0.06954991,0.9999703,0.08472264,-0.07034618,-0.9939184,0,0.03981459,0.9969471,-0.0671667,0,-0.9956089,0.0338819,-0.08726478,0,-0.9970883,-1.649582,-0.7478714,1,0.08472259,0.03981457,-0.9956086,0,-0.07034615,0.9969471,0.0338819,0,-0.9939181,-0.06716669,-0.08726476,0,-0.7748887,1.634013,-1.002082,1,0.7606491,0.6242454,0.006779998,-0.06361295,0.9979516,-0.000569107,-0.004418167,-0.0218089,0.8444445,19
0,0.05049449,-0.06453956,0.9999411,-0.03634755,-0.07240397,0.9999356,0.00707341,-0.06847165,0.9999383,0.08469117,-0.07064893,-0.9938995,0,0.0397456,0.9969288,-0.0674775,0,-0.9956143,0.03378838,-0.08723903,0,-0.9970156,-1.64984,-0.7472821,1,0.08469114,0.03974559,-0.9956142,0,-0.07064892,0.9969288,0.03378837,0,-0.9938995,-0.06747749,-0.08723903,0,-0.7748443,1.633976,-1.00209,1,0.7771042,0.6586024,0.007466046,-0.06256761,0.9980128,-0.0005704351,-0.00441555,-0.02181751,0.8555556,20
0,0.05061793,-0.06193572,0.9999557,-0.03889856,-0.07248139,0.9999558,0.005859658,-0.06720849,0.9999557,0.0847078,-0.07055839,-0.9939045,0,0.0400705,0.9969239,-0.06735765,0,-0.9955998,0.03412053,-0.08727449,0,-0.9975734,-1.649462,-0.7473992,1,0.08470775,0.04007049,-0.9955999,0,-0.07055839,0.9969239,0.03412053,0,-0.9939044,-0.06735764,-0.08727454,0,-0.7747245,1.634018,-1.002132,1,0.8065332,0.7082038,0.006281917,-0.06134186,0.998097,-0.0005712276,-0.004411347,-0.02182694,0.8777778,21
0,0.0507406,-0.05981931,0.9999458,-0.04085328,-0.07224349,0.9999394,0.004943751,-0.06603134,0.9999427,0.08464408,-0.07058322,-0.9939082,0,0.04005312,0.9969227,-0.06738625,0,-0.995606,0.03410527,-0.08721071,0,-0.9975986,-1.649467,-0.7472353,1,0.08464409,0.04005311,-0.9956058,0,-0.07058321,0.9969227,0.03410527,0,-0.993908,-0.06738625,-0.08721066,0,-0.7746671,1.633994,-1.002126,1,0.8347067,0.7348552,0.005388024,-0.0601993,0.9981719,-0.0005716551,-0.004408875,-0.02183284,0.8888889,22
0,0.05122954,-0.05748649,0.9999523,-0.04127912,-0.07207958,0.9999772,0.004975513,-0.06478287,0.9999647,0.08500314,-0.07014257,-0.9939088,0,0.03995752,0.9969566,-0.06694034,0,-0.9955792,0.03402398,-0.08754718,0,-0.9971778,-1.649231,-0.7480754,1,0.08500315,0.03995751,-0.9955791,0,-0.07014257,0.9969565,0.03402398,0,-0.9939086,-0.06694034,-0.08754715,0,-0.7744366,1.63398,-1.002148,1,0.8542565,0.7645503,0.005417191,-0.05898726,0.998244,-0.0005697329,-0.004402718,-0.02185648,0.9111111,23
0,0.04901301,-0.05777521,0.9999194,-0.04164042,-0.07176384,0.9999288,0.003686279,-0.06476935,0.9999242,0.08512211,-0.0701421,-0.9938987,0,0.03978875,0.9969626,-0.06695063,0,-0.9955758,0.03384699,-0.08765441,0,-0.9968181,-1.649392,-0.7480834,1,0.08512208,0.03978873,-0.9955757,0,-0.07014208,0.9969626,0.03384699,0,-0.9938985,-0.06695063,-0.0876544,0,-0.7743595,1.633959,-1.002154,1,0.8714127,0.7571173,0.004158369,-0.05898621,0.9982502,-0.0005701296,-0.004392014,-0.02187261,0.9222223,24
0,0.04926358,-0.0571804,0.999953,-0.04168683,-0.06950334,0.999964,0.00378859,-0.06334177,0.9999586,0.08534306,-0.07001834,-0.9938884,0,0.03972836,0.9969735,-0.06682429,0,-0.9955594,0.03378256,-0.08786649,0,-0.9965482,-1.649409,-0.7484406,1,0.08534304,0.03972835,-0.9955591,0,-0.07001832,0.9969735,0.03378256,0,-0.9938883,-0.06682429,-0.08786647,0,-0.7743067,1.633994,-1.002164,1,0.8544052,0.7542074,0.004258401,-0.05759696,0.9983309,-0.0005702367,-0.00438781,-0.02189175,0.9444445,25
0,0.04815415,-0.0582183,0.9998557,-0.04165332,-0.06807642,0.9998421,0.003250398,-0.06314712,0.9998488,0.08519441,-0.070112,-0.9938945,0,0.03982639,0.9969636,-0.06691467,0,-0.9955681,0.03388248,-0.08772802,0,-0.9968723,-1.649421,-0.7480124,1,0.08519439,0.03982639,-0.995568,0,-0.07011198,0.9969634,0.03388247,0,-0.9938944,-0.06691466,-0.08772802,0,-0.7741616,1.634061,-1.002189,1,0.8545344,0.7504358,0.003732944,-0.05741957,0.9983431,-0.0005702367,-0.004381653,-0.02189939,0.9555556,26
0,0.0481877,-0.05873909,0.999948,-0.04163729,-0.06502681,0.9999667,0.003275432,-0.06188296,0.9999573,0.08529693,-0.07056991,-0.9938534,0,0.03980212,0.9969336,-0.06737264,0,-0.9955603,0.03381078,-0.08784419,0,-0.9968013,-1.649778,-0.7472636,1,0.08529688,0.03980211,-0.9955602,0,-0.0705699,0.9969336,0.03381078,0,-0.9938531,-0.06737264,-0.08784419,0,-0.7740709,1.634049,-1.002238,1,0.8545344,0.7504358,0.00375724,-0.05618255,0.9984134,-0.0005702367,-0.004381119,-0.02190283,0.9777778,27
0,0.04756331,-0.05900209,0.9999521,-0.04136999,-0.06452432,0.9999278,0.003096692,-0.06176315,0.9999399,0.0850153,-0.07064294,-0.9938723,0,0.03996114,0.9969226,-0.06744151,0,-0.9955781,0.0339827,-0.08757663,0,-0.9973187,-1.649655,-0.74684,1,0.08501527,0.03996113,-0.9955779,0,-0.07064293,0.9969226,0.03398271,0,-0.9938721,-0.0674415,-0.08757664,0,-0.7740126,1.634064,-1.002254,1,0.8598816,0.7570955,0.003582161,-0.05606746,0.9984205,-0.0005697478,-0.00437986,-0.02190755,0.9888889,28
0,0.05056156,-0.05578684,1.000087,-0.04099388,-0.06099579,1.00009,0.00478404,-0.05839131,1.000088,0.08506888,-0.07087235,-0.9938513,0,0.03991165,0.9969088,-0.06767415,0,-0.9955754,0.03390928,-0.08763456,0,-0.9971909,-1.649881,-0.7466039,1,0.08506888,0.03991165,-0.9955753,0,-0.07087235,0.9969089,0.03390928,0,-0.9938513,-0.06767414,-0.08763455,0,-0.7741143,1.634055,-1.002261,1,0.8703088,0.7693808,0.005230854,-0.05277168,0.9985929,-0.0005696109,-0.004382896,-0.02190159,1,29
0,0.05457306,-0.05592493,0.9999483,-0.04017675,-0.05868696,0.9999342,0.007198066,-0.057306,0.9999413,0.08489853,-0.07098687,-0.9938578,0,0.04008135,0.9968948,-0.06777991,0,-0.9955832,0.03408074,-0.08748013,0,-0.9976445,-1.649816,-0.746154,1,0.08489848,0.04008134,-0.995583,0,-0.07098685,0.9968949,0.03408074,0,-0.9938576,-0.06777991,-0.08748014,0,-0.7739875,1.634106,-1.002285,1,0.8969654,0.7851839,0.007590229,-0.05171959,0.9986328,-0.0005684588,-0.004384377,-0.02189923,1.022222,30
0,0.05433326,-0.05569012,0.9999557,-0.038387,-0.05338069,0.9999672,0.007973455,-0.05453536,0.9999614,0.08502531,-0.07066277,-0.99387,0,0.04015021,0.9969149,-0.06744441,0,-0.9955696,0.0341696,-0.08760011,0,-0.9976771,-1.649499,-0.7467761,1,0.08502529,0.0401502,-0.9955694,0,-0.07066277,0.9969149,0.0341696,0,-0.9938698,-0.06744441,-0.0876001,0,-0.7739286,1.634101,-1.002312,1,0.8859896,0.780189,0.00834766,-0.04900994,0.9987634,-0.0005675359,-0.004392128,-0.02189923,1.033333,31
0,0.05342203,-0.0559392,0.9999564,-0.03761675,-0.05170684,0.9999617,0.007902779,-0.05382314,0.999959,0.08510804,-0.07034935,-0.9938852,0,0.04004254,0.99694,-0.06713666,0,-0.9955669,0.03408381,-0.08766454,0,-0.9974505,-1.649352,-0.7472983,1,0.08510798,0.04004252,-0.9955665,0,-0.07034933,0.99694,0.03408381,0,-0.993885,-0.06713666,-0.08766454,0,-0.7738683,1.634074,-1.002324,1,0.8964919,0.7857075,0.008279564,-0.04830753,0.9987983,-0.0005677715,-0.004401009,-0.02188388,1.044444,32
0,0.05276686,-0.05158078,0.9999518,-0.04009414,-0.05016762,0.9999412,0.006336272,-0.05087426,0.9999465,0.08508819,-0.06973692,-0.99393,0,0.04011913,0.9969785,-0.0665163,0,-0.9955655,0.03421586,-0.08762884,0,-0.9975979,-1.648804,-0.7481722,1,0.08508814,0.04011913,-0.9955654,0,-0.0697369,0.9969784,0.03421586,0,-0.9939299,-0.06651629,-0.08762886,0,-0.7737294,1.634079,-1.00232,1,0.8838567,0.7785785,0.006751912,-0.04540829,0.9989457,-0.0005701287,-0.004427384,-0.021848,1.066667,33
0,0.05240474,-0.04956429,0.9999305,-0.04041925,-0.04931498,0.9999523,0.005992956,-0.04943958,0.9999415,0.085325,-0.06942783,-0.9939314,0,0.04008694,0.9970008,-0.06620093,0,-0.9955465,0.03419506,-0.08785224,0,-0.9973238,-1.648537,-0.74884,1,0.08532498,0.04008692,-0.9955463,0,-0.06942781,0.9970007,0.03419507,0,-0.9939312,-0.06620093,-0.08785223,0,-0.7736531,1.633998,-1.002298,1,0.9025741,0.7940568,0.00641556,-0.04400415,0.9990107,-0.0005689003,-0.00443235,-0.02184195,1.077778,34
0,0.05229917,-0.04913634,1.000111,-0.0411357,-0.0477831,1.000099,0.005581588,-0.04845971,1.000105,0.08533829,-0.06919451,-0.9939464,0,0.04011476,0.9970153,-0.06596398,0,-0.9955442,0.03424266,-0.08785933,0,-0.9973678,-1.648281,-0.7492726,1,0.08533832,0.04011476,-0.9955441,0,-0.06919451,0.9970154,0.03424267,0,-0.9939464,-0.06596399,-0.0878593,0,-0.7736751,1.633946,-1.002313,1,0.875317,0.805208,0.006011709,-0.04303537,0.9990554,-0.0005678711,-0.004438607,-0.02182908,1.1,35
0,0.05004759,-0.05010008,0.9999483,-0.04131468,-0.04882897,0.9999626,0.004366659,-0.04946447,0.9999554,0.08549798,-0.06914701,-0.9939361,0,0.04006506,0.9970205,-0.06591521,0,-0.9955325,0.03418648,-0.08801359,0,-0.9971886,-1.64834,-0.7494528,1,0.08549793,0.04006505,-0.9955324,0,-0.06914699,0.9970205,0.03418649,0,-0.9939359,-0.06591521,-0.0880136,0,-0.7736282,1.633981,-1.002345,1,0.9055252,0.7948486,0.004820982,-0.04401907,0.9990191,-0.0005642548,-0.004443772,-0.02180087,1.111111,36
0,0.04553255,-0.05244898,0.9997923,-0.0490163,-0.04865424,0.9997728,-0.001741998,-0.05055166,0.9997826,0.08541745,-0.06889497,-0.9939605,0,0.03963638,0.9970517,-0.06570302,0,-0.9955566,0.0337848,-0.08789635,0,-0.996538,-1.648596,-0.749407,1,0.08541743,0.03963637,-0.9955565,0,-0.06889495,0.9970516,0.0337848,0,-0.9939604,-0.06570302,-0.08789635,0,-0.7733391,1.633996,-1.002283,1,0.8987994,0.8116161,-0.001177588,-0.0450885,0.9989823,-0.0005379794,-0.004443772,-0.02177896,1.133333,37
0,0.04411193,-0.04643339,0.9999093,-0.05411093,-0.04887198,0.9999219,-0.004999466,-0.04765258,0.9999156,0.08555102,-0.06883377,-0.9939532,0,0.03952741,0.9970597,-0.06564672,0,-0.9955494,0.03367225,-0.08802032,0,-0.996276,-1.648626,-0.74953,1,0.08555105,0.03952742,-0.9955494,0,-0.06883377,0.9970598,0.03367225,0,-0.9939532,-0.06564673,-0.08802031,0,-0.7732464,1.633954,-1.002303,1,0.8848584,0.7979624,-0.004363819,-0.0422592,0.9990971,-0.0005372167,-0.004437386,-0.02178649,1.144444,38
0,0.04347281,-0.04321569,0.999952,-0.05465691,-0.04684104,0.9999592,-0.005592078,-0.04502842,0.9999557,0.0854193,-0.06822449,-0.9940065,0,0.03959273,0.9970973,-0.06503426,0,-0.9955581,0.03380025,-0.08787251,0,-0.9964876,-1.648047,-0.7501935,1,0.08541926,0.03959272,-0.9955581,0,-0.0682245,0.9970973,0.03380025,0,-0.9940065,-0.06503426,-0.08787253,0,-0.7730151,1.633929,-1.002278,1,0.8894025,0.7905651,-0.004944432,-0.03969536,0.9991996,-0.0005361252,-0.004437218,-0.02179176,1.166667,39
0,0.04370777,-0.03998227,0.999933,-0.05464269,-0.04886925,0.9999169,-0.005467571,-0.04442576,0.999925,0.08521849,-0.06795498,-0.9940423,0,0.03975823,0.9971088,-0.06475617,0,-0.9955688,0.03400292,-0.0876739,0,-0.996923,-1.64758,-0.7503896,1,0.0852185,0.03975822,-0.9955687,0,-0.06795496,0.9971088,0.03400293,0,-0.994042,-0.06475617,-0.08767386,0,-0.7729238,1.63386,-1.002272,1,0.8961028,0.7901822,-0.004824317,-0.03911751,0.999223,-0.0005347067,-0.004427506,-0.0217893,1.177778,40
0,0.04347273,-0.03733972,0.9999435,-0.05475432,-0.0491277,0.9999564,-0.005640708,-0.04323377,0.9999498,0.08530831,-0.06766485,-0.9940544,0,0.03983979,0.997125,-0.06445488,0,-0.9955578,0.03410437,-0.08775878,0,-0.9970114,-1.647245,-0.7509124,1,0.08530828,0.03983978,-0.9955577,0,-0.06766485,0.9971251,0.03410437,0,-0.9940542,-0.06445488,-0.0877588,0,-0.772855,1.63383,-1.002303,1,0.877351,0.7887597,-0.004993457,-0.03795894,0.9992668,-0.000535042,-0.004420799,-0.02180204,1.188889,41
0,0.04354917,-0.03295081,0.9999072,-0.05480058,-0.04874721,0.9999102,-0.005625673,-0.04084889,0.9999087,0.08531553,-0.0672914,-0.9940791,0,0.03980698,0.9971504,-0.06408292,0,-0.9955585,0.03410402,-0.08775109,0,-0.9970148,-1.646974,-0.7513542,1,0.08531553,0.03980697,-0.9955584,0,-0.06729139,0.9971502,0.03410402,0,-0.9940789,-0.06408291,-0.08775105,0,-0.7726717,1.63382,-1.00235,1,0.8770117,0.8048052,-0.004979314,-0.03563367,0.9993525,-0.0005350038,-0.004418076,-0.02180346,1.211111,42
0,0.04264595,-0.03248156,0.9999312,-0.05500478,-0.04915079,0.9999223,-0.006179534,-0.04081605,0.9999266,0.08525854,-0.06748,-0.9940712,0,0.03980174,0.9971382,-0.06427451,0,-0.9955636,0.0340858,-0.08770037,0,-0.9971067,-1.647105,-0.7509189,1,0.08525854,0.03980173,-0.9955636,0,-0.06747998,0.9971382,0.03408581,0,-0.9940711,-0.06427452,-0.08770037,0,-0.7726015,1.633813,-1.002396,1,0.8803671,0.8008714,-0.00552134,-0.0356033,0.9993507,-0.0005346453,-0.004415322,-0.02180647,1.222222,43
0,0.04351962,-0.03112332,0.9999202,-0.05622594,-0.0488377,0.9999272,-0.006353162,-0.0399805,0.9999236,0.08543259,-0.06760103,-0.9940481,0,0.03986187,0.9971287,-0.06438464,0,-0.9955463,0.03412406,-0.08788198,0,-0.997106,-1.647097,-0.7507107,1,0.08543257,0.03986187,-0.9955462,0,-0.06760101,0.9971287,0.03412406,0,-0.9940478,-0.06438463,-0.08788198,0,-0.7724024,1.633779,-1.002434,1,0.882217,0.7892378,-0.005690519,-0.03478806,0.9993786,-0.0005351864,-0.004414406,-0.02180549,1.244444,44
0,0.04247854,-0.03154783,1.000087,-0.05515417,-0.05008972,1.0001,-0.00633762,-0.04081843,1.000094,0.08560294,-0.06775505,-0.9940228,0,0.03983462,0.99712,-0.06453569,0,-0.9955328,0.03407207,-0.08805543,0,-0.9968916,-1.647204,-0.7507173,1,0.08560295,0.03983461,-0.9955326,0,-0.06775504,0.99712,0.03407207,0,-0.9940228,-0.0645357,-0.08805539,0,-0.7724997,1.633723,-1.002419,1,0.8823413,0.7982203,-0.005674787,-0.03560454,0.9993499,-0.0005347971,-0.004411064,-0.02180662,1.255556,45
0,0.04247716,-0.03066945,0.9999312,-0.05513529,-0.05089433,0.9999349,-0.006329119,-0.04078171,0.9999331,0.08561933,-0.06769308,-0.9940257,0,0.03994104,0.9971204,-0.06446356,0,-0.995527,0.03418308,-0.08807653,0,-0.9970648,-1.647051,-0.7507885,1,0.08561933,0.03994103,-0.995527,0,-0.06769308,0.9971204,0.03418308,0,-0.9940255,-0.06446355,-0.08807651,0,-0.7724289,1.633733,-1.00243,1,0.8966371,0.798074,-0.005667648,-0.03557514,0.999351,-0.0005344162,-0.004409988,-0.02180486,1.266667,46
0,0.0414945,-0.0289819,0.9999142,-0.05540159,-0.05056799,0.9999639,-0.006953031,-0.03977479,0.999939,0.08628994,-0.06770472,-0.9939669,0,0.03995449,0.9971207,-0.06445095,0,-0.9954686,0.03415197,-0.08874661,0,-0.9964885,-1.647055,-0.7515969,1,0.08628996,0.03995449,-0.9954686,0,-0.06770472,0.9971207,0.03415197,0,-0.9939669,-0.06445095,-0.0887466,0,-0.7725888,1.633686,-1.002424,1,0.8966371,0.798074,-0.006278472,-0.03459158,0.9993818,-0.000534202,-0.004408913,-0.02180834,1.288889,47
0,0.0391605,-0.02815757,1.000065,-0.0552641,-0.05118234,1.000072,-0.008051768,-0.03966995,1.000068,0.08634555,-0.0675717,-0.9939712,0,0.03984386,0.9971333,-0.06432545,0,-0.9954683,0.03404942,-0.0887903,0,-0.9962457,-1.647103,-0.7519119,1,0.08634549,0.03984384,-0.995468,0,-0.06757168,0.9971332,0.03404942,0,-0.993971,-0.06432545,-0.08879032,0,-0.7726548,1.633709,-1.00241,1,0.8885086,0.8046634,-0.007353948,-0.03448502,0.9993782,-0.0005322723,-0.004408913,-0.02180401,1.3,48
0,0.03646182,-0.028154,0.9999422,-0.05487077,-0.05156689,0.9999431,-0.009204477,-0.03986057,0.9999428,0.08650845,-0.06768708,-0.9939492,0,0.0397764,0.9971284,-0.06444164,0,-0.9954568,0.03396096,-0.08895242,0,-0.9960861,-1.647287,-0.7516115,1,0.08650848,0.0397764,-0.9954567,0,-0.06768708,0.9971285,0.03396097,0,-0.993949,-0.06444164,-0.08895238,0,-0.7723936,1.633743,-1.002475,1,0.8931195,0.7997497,-0.008482222,-0.03467558,0.9993626,-0.0005320972,-0.00440876,-0.02180282,1.322222,49
0,0.03667909,-0.02714001,0.9997982,-0.05594839,-0.05447313,0.9998099,-0.009634554,-0.04080621,0.9998041,0.08663458,-0.06771379,-0.9939364,0,0.03986135,0.9971241,-0.06445652,0,-0.9954425,0.03403547,-0.08908457,0,-0.9961854,-1.647274,-0.7515131,1,0.08663452,0.03986133,-0.9954422,0,-0.06771377,0.9971241,0.03403547,0,-0.9939361,-0.06445652,-0.08908456,0,-0.7721952,1.633806,-1.002527,1,0.8928614,0.7939612,-0.008904061,-0.03560275,0.9993263,-0.000531937,-0.004409897,-0.02180112,1.333333,50
0,0.03619609,-0.02392905,0.9998974,-0.05579457,-0.05488393,0.9998927,-0.009799205,-0.03940649,0.999895,0.0866034,-0.06773693,-0.9939374,0,0.03972541,0.9971272,-0.06449297,0,-0.9954506,0.03389926,-0.08904546,0,-0.9960269,-1.647376,-0.7513117,1,0.08660339,0.03972541,-0.9954506,0,-0.06773692,0.9971271,0.03389926,0,-0.9939374,-0.06449297,-0.08904548,0,-0.7720857,1.633756,-1.002552,1,0.88258,0.8099544,-0.009064882,-0.034232,0.9993728,-0.0005319063,-0.004409897,-0.021802,1.344445,51
0,0.03594617,-0.02310586,0.9998425,-0.05557559,-0.05550841,0.9998479,-0.009814709,-0.0393069,0.9998453,0.08672184,-0.06779654,-0.9939231,0,0.03932146,0.9971372,-0.06458491,0,-0.9954563,0.03348158,-0.0891394,0,-0.995427,-1.647874,-0.7510926,1,0.08672181,0.03932146,-0.9954562,0,-0.06779654,0.9971372,0.03348159,0,-0.993923,-0.0645849,-0.08913943,0,-0.7719231,1.633789,-1.002682,1,0.9041102,0.8239362,-0.009080497,-0.03413433,0.999376,-0.0005319063,-0.004412262,-0.02179503,1.355556,52
0,0.03488272,-0.0215544,0.9999318,-0.05584334,-0.05649979,0.9998989,-0.01048059,-0.03902739,0.9999153,0.08624941,-0.06790354,-0.9939569,0,0.03882273,0.9971459,-0.06475261,0,-0.995517,0.03300324,-0.08863944,0,-0.9952031,-1.648464,-0.7501504,1,0.0862494,0.03882273,-0.9955168,0,-0.06790354,0.9971459,0.03300325,0,-0.9939568,-0.0647526,-0.08863944,0,-0.771718,1.633822,-1.00283,1,0.9051788,0.8311142,-0.009729403,-0.03385418,0.9993794,-0.0005338974,-0.004417039,-0.02179315,1.377778,53
0,0.03311513,-0.01874833,0.9998525,-0.05553117,-0.05780058,0.9998343,-0.01120802,-0.03827457,0.9998435,0.08605951,-0.06790201,-0.9939734,0,0.03866977,0.9971506,-0.06477097,0,-0.9955394,0.03286256,-0.08844006,0,-0.9951678,-1.648584,-0.7497793,1,0.0860595,0.03866976,-0.9955391,0,-0.06790201,0.9971507,0.03286256,0,-0.9939734,-0.06477097,-0.08844003,0,-0.7715592,1.633806,-1.002862,1,0.8932449,0.830231,-0.01043911,-0.03311788,0.999397,-0.0005365368,-0.00442009,-0.02178967,1.388889,54
0,0.03259955,-0.0177069,0.9999041,-0.05583349,-0.060156,0.9998835,-0.01161712,-0.03893162,0.9998938,0.0857082,-0.06769881,-0.9940177,0,0.03879692,0.9971589,-0.06456752,0,-0.9955646,0.03303086,-0.08809119,0,-0.9959094,-1.648177,-0.7495947,1,0.08570819,0.03879692,-0.9955646,0,-0.06769881,0.997159,0.03303086,0,-0.9940176,-0.06456752,-0.08809119,0,-0.7713323,1.633733,-1.003084,1,0.9157684,0.8373028,-0.01083716,-0.0337557,0.9993713,-0.0005379952,-0.004422852,-0.02178297,1.411111,55
0,0.03249028,-0.0172869,0.9999167,-0.05597301,-0.05751508,0.9999211,-0.01174139,-0.03740105,0.999919,0.08568949,-0.06757396,-0.9940277,0,0.03891534,0.997163,-0.06443243,0,-0.9955616,0.03316174,-0.08807606,0,-0.9961704,-1.647965,-0.7497218,1,0.08568949,0.03891533,-0.9955616,0,-0.06757396,0.997163,0.03316174,0,-0.9940277,-0.06443243,-0.08807604,0,-0.7712424,1.63375,-1.003132,1,0.9055619,0.833137,-0.01095818,-0.03224896,0.9994198,-0.0005387263,-0.004432984,-0.02179019,1.422222,56
0,0.03263056,-0.01758446,1.000001,-0.05714537,-0.05634537,0.999978,-0.01225755,-0.03696491,0.9999896,0.08548456,-0.06763594,-0.9940412,0,0.03868148,0.9971663,-0.06452209,0,-0.9955884,0.03293534,-0.08785856,0,-0.995986,-1.648222,-0.7493626,1,0.08548452,0.03868147,-0.9955882,0,-0.06763593,0.9971663,0.03293534,0,-0.9940411,-0.06452209,-0.08785857,0,-0.7712349,1.633727,-1.003145,1,0.8943123,0.8386195,-0.01146225,-0.03182027,0.9994279,-0.0005388027,-0.004432984,-0.02179116,1.433333,57
0,0.03206916,-0.01736459,0.9999093,-0.05631605,-0.05643434,0.9999116,-0.01212342,-0.03689953,0.9999105,0.0854907,-0.0675143,-0.994049,0,0.03860207,0.9971768,-0.06440687,0,-0.9955909,0.03286615,-0.08785552,0,-0.9959735,-1.648234,-0.7494689,1,0.08549067,0.03860206,-0.9955908,0,-0.06751429,0.9971768,0.03286615,0,-0.9940488,-0.06440686,-0.08785553,0,-0.7711415,1.633756,-1.003256,1,0.9022667,0.8413355,-0.01133161,-0.03175906,0.9994313,-0.0005390849,-0.004432984,-0.02179376,1.455556,58
0,0.03172674,-0.01652464,1.000029,-0.05819876,-0.05940383,1.000026,-0.01323596,-0.03796424,1.000027,0.08549333,-0.06760497,-0.9940425,0,0.03872087,0.9971671,-0.06448726,0,-0.995586,0.03297696,-0.08786887,0,-0.996182,-1.648115,-0.7493762,1,0.08549335,0.03872086,-0.995586,0,-0.06760497,0.997167,0.03297696,0,-0.9940425,-0.06448726,-0.08786885,0,-0.7711657,1.633694,-1.003282,1,0.9051676,0.8442013,-0.012418,-0.03279476,0.9993849,-0.0005390849,-0.004432984,-0.02180393,1.466667,59
0,0.031572,-0.01603925,0.9999352,-0.05969785,-0.0599319,0.9999324,-0.01406283,-0.03798546,0.9999338,0.08584321,-0.06780936,-0.9939985,0,0.03860168,0.9971585,-0.06469123,0,-0.9955606,0.0328167,-0.08821684,0,-0.9957578,-1.648444,-0.7492031,1,0.0858432,0.03860167,-0.9955605,0,-0.06780934,0.9971584,0.0328167,0,-0.9939983,-0.06469122,-0.08821682,0,-0.7710074,1.633731,-1.003333,1,0.9163362,0.853423,-0.01322833,-0.03281935,0.9993738,-0.000538338,-0.004431442,-0.02181278,1.488889,60
0,0.03243443,-0.01712709,0.999913,-0.05976191,-0.06055014,0.9999212,-0.01366359,-0.03883857,0.9999171,0.0860064,-0.06794725,-0.9939749,0,0.03851804,0.9971526,-0.06483159,0,-0.9955498,0.03271003,-0.08837867,0,-0.9954602,-1.648665,-0.7490383,1,0.08600635,0.03851804,-0.9955497,0,-0.06794725,0.9971526,0.03271003,0,-0.9939748,-0.06483158,-0.08837869,0,-0.7709315,1.633752,-1.003301,1,0.9163362,0.853423,-0.01284006,-0.03365931,0.9993508,-0.0005358811,-0.00442508,-0.02182368,1.5,61
0,0.03153273,-0.0174212,0.9998932,-0.06116602,-0.05882617,0.9999144,-0.01481655,-0.03812357,0.9999039,0.08632666,-0.06830544,-0.9939227,0,0.03826249,0.9971381,-0.06520315,0,-0.995532,0.03240117,-0.08869314,0,-0.9948474,-1.649187,-0.7485416,1,0.08632664,0.03826248,-0.9955318,0,-0.06830543,0.9971382,0.03240118,0,-0.9939224,-0.06520316,-0.08869313,0,-0.7707589,1.633726,-1.003357,1,0.9032042,0.8593017,-0.01396911,-0.03296228,0.999359,-0.0005346984,-0.004423615,-0.02182574,1.522222,62
0,0.03310836,-0.01804266,0.9999,-0.06150827,-0.05863925,0.9999252,-0.01419974,-0.03834073,0.9999126,0.08654636,-0.06820948,-0.9939101,0,0.03831896,0.9971431,-0.06509466,0,-0.9955106,0.03245189,-0.08891284,0,-0.9948029,-1.649122,-0.748835,1,0.08654638,0.03831895,-0.9955106,0,-0.06820947,0.997143,0.03245189,0,-0.9939101,-0.06509466,-0.08891281,0,-0.7706637,1.633785,-1.003401,1,0.9058329,0.8394865,-0.01336725,-0.03317561,0.9993601,-0.0005330583,-0.004422341,-0.02182778,1.533333,63
0,0.0326414,-0.01913439,1.000067,-0.06169969,-0.05881963,1.00007,-0.01452912,-0.03897702,1.000068,0.0865283,-0.06802841,-0.9939241,0,0.03813185,0.997161,-0.0649303,0,-0.9955195,0.03228185,-0.08887666,0,-0.9945301,-1.649124,-0.7491401,1,0.08652826,0.03813184,-0.9955193,0,-0.06802841,0.997161,0.03228185,0,-0.993924,-0.0649303,-0.08887669,0,-0.7707207,1.633724,-1.003418,1,0.9137252,0.8662658,-0.0136874,-0.03379282,0.9993351,-0.0005325852,-0.004421219,-0.02183395,1.544444,64
0,0.0328443,-0.02074212,1.000157,-0.06231049,-0.05933011,1.000148,-0.01473295,-0.04003624,1.000152,0.08643538,-0.06784437,-0.9939448,0,0.0382835,0.9971678,-0.06473517,0,-0.9955217,0.03245627,-0.08878791,0,-0.9949481,-1.648813,-0.7494457,1,0.08643538,0.03828349,-0.9955215,0,-0.06784436,0.9971678,0.03245627,0,-0.9939446,-0.06473516,-0.08878789,0,-0.7707714,1.633718,-1.00352,1,0.9064885,0.8527768,-0.01388635,-0.03482256,0.999297,-0.0005314788,-0.004423203,-0.02182946,1.566667,65
0,0.03276583,-0.02136438,0.9999608,-0.06189474,-0.05913692,0.9999453,-0.01456443,-0.04025071,0.9999531,0.08623397,-0.06777039,-0.9939673,0,0.03837007,0.9971694,-0.06465983,0,-0.9955359,0.03256272,-0.0885902,0,-0.9952615,-1.648636,-0.7493402,1,0.08623393,0.03837006,-0.9955356,0,-0.06777038,0.9971694,0.03256271,0,-0.9939672,-0.06465983,-0.08859022,0,-0.7707229,1.633705,-1.003518,1,0.9001514,0.8561127,-0.01372534,-0.03503503,0.9992919,-0.0005304264,-0.004427613,-0.02181943,1.577778,66
0,0.03310818,-0.02259802,0.9999751,-0.06223761,-0.05857901,0.9999622,-0.01456466,-0.04058852,0.9999687,0.08567286,-0.06712233,-0.9940597,0,0.03813423,0.9972179,-0.06404899,0,-0.9955932,0.03242045,-0.08799416,0,-0.9954645,-1.64837,-0.7498208,1,0.08567286,0.03813423,-0.9955932,0,-0.06712234,0.9972179,0.03242045,0,-0.9940596,-0.06404899,-0.08799416,0,-0.7707248,1.63372,-1.003617,1,0.9006063,0.8680953,-0.01372496,-0.03536117,0.9992803,-0.0005307691,-0.004431145,-0.02181306,1.6,67
0,0.03307314,-0.02390596,0.9997541,-0.06110476,-0.0582085,0.9997412,-0.01401591,-0.04105759,0.9997476,0.0854736,-0.06693757,-0.9940894,0,0.03807651,0.9972312,-0.06387524,0,-0.9956126,0.03239181,-0.08778566,0,-0.995631,-1.648292,-0.7496613,1,0.08547356,0.03807651,-0.9956125,0,-0.06693757,0.9972312,0.03239181,0,-0.9940893,-0.06387524,-0.08778568,0,-0.7704628,1.633753,-1.003681,1,0.9090697,0.8688132,-0.01318931,-0.03582443,0.999271,-0.0005324632,-0.004434311,-0.0218074,1.611111,68
0,0.03408005,-0.02303656,0.9998026,-0.06096271,-0.05704159,0.9997575,-0.01344176,-0.04003965,0.9997801,0.08498943,-0.06689785,-0.9941335,0,0.03802166,0.9972346,-0.06385602,0,-0.9956562,0.03237151,-0.08729798,0,-0.996006,-1.648284,-0.7490222,1,0.08498944,0.03802165,-0.9956561,0,-0.06689785,0.9972345,0.03237152,0,-0.9941335,-0.06385602,-0.08729796,0,-0.7702447,1.633765,-1.00371,1,0.9069166,0.8547367,-0.01262467,-0.03482427,0.9993137,-0.0005356064,-0.004439179,-0.02181059,1.622222,69
0,0.03593285,-0.02193007,0.9998059,-0.04864609,-0.02877161,0.999788,-0.006356806,-0.02535089,0.9997969,0.08451402,-0.06712747,-0.9941587,0,0.03807482,0.9972171,-0.06409722,0,-0.9956947,0.0324353,-0.08683467,0,-0.9965949,-1.648337,-0.747888,1,0.08451397,0.03807481,-0.9956944,0,-0.06712745,0.997217,0.03243529,0,-0.9941584,-0.06409721,-0.08683466,0,-0.7699416,1.633758,-1.003782,1,0.9243363,0.8648061,-0.005689414,-0.02049549,0.9997737,-0.000542908,-0.004407013,-0.02185266,1.644444,70
0,0.03607166,-0.02339711,0.9999111,-0.04811959,-0.03544691,0.999921,-0.006023996,-0.02942206,0.999916,0.08460844,-0.06698658,-0.9941601,0,0.03811665,0.997225,-0.06394917,0,-0.995685,0.03248341,-0.08692694,0,-0.9966663,-1.648172,-0.7481346,1,0.08460841,0.03811664,-0.9956849,0,-0.06698658,0.9972249,0.03248341,0,-0.9941599,-0.06394916,-0.08692694,0,-0.7698445,1.633745,-1.00386,1,0.9142211,0.8388306,-0.005362111,-0.02447235,0.9996862,-0.0005436093,-0.00440973,-0.02182888,1.655556,71
0,0.03553044,-0.02341285,0.9999239,-0.04827523,-0.0348988,0.9999468,-0.006372213,-0.02915582,0.9999353,0.084921,-0.06636827,-0.994175,0,0.03830242,0.9972591,-0.06330242,0,-0.9956512,0.03270359,-0.08723032,0,-0.9967291,-1.647463,-0.7493253,1,0.08492101,0.03830242,-0.9956512,0,-0.06636825,0.9972591,0.0327036,0,-0.9941747,-0.06330241,-0.08723029,0,-0.7696563,1.633691,-1.00388,1,0.9206045,0.8503388,-0.005697447,-0.02420495,0.9996908,-0.0005489653,-0.004416916,-0.02180956,1.677778,72
0,0.04169903,-0.02301164,0.9999739,-0.0494902,-0.03410117,0.999999,-0.003895402,-0.02855629,0.9999864,0.08516097,-0.06600433,-0.9941787,0,0.03819609,0.9972862,-0.06293878,0,-0.9956349,0.03261381,-0.08745098,0,-0.9963692,-1.647297,-0.7501187,1,0.08516098,0.03819609,-0.9956347,0,-0.06600433,0.9972863,0.03261381,0,-0.9941785,-0.06293878,-0.08745095,0,-0.7696289,1.633672,-1.003894,1,0.9258844,0.8540851,-0.003264867,-0.02363353,0.9997154,-0.0005587004,-0.004401039,-0.02179537,1.688889,73
0,0.04409907,-0.0188154,0.9999535,-0.05008104,-0.03352404,0.9999971,-0.002990685,-0.02616968,0.9999753,0.08556348,-0.06560458,-0.9941705,0,0.03817842,0.9973128,-0.06252611,0,-0.995601,0.03260591,-0.08783823,0,-0.9960181,-1.64698,-0.7511388,1,0.08556347,0.03817842,-0.9956009,0,-0.06560457,0.9973129,0.03260591,0,-0.9941704,-0.06252611,-0.08783823,0,-0.7695867,1.633615,-1.003914,1,0.9266597,0.872941,-0.002380375,-0.0212926,0.9997705,-0.0005579684,-0.004409065,-0.02177172,1.7,74
0,0.04489383,-0.01727082,0.9999476,-0.05040832,-0.03491352,0.9999719,-0.002757125,-0.02609218,0.9999599,0.08596933,-0.06480543,-0.994188,0,0.03775715,0.9973773,-0.0617484,0,-0.9955822,0.03222923,-0.08819073,0,-0.9950654,-1.646769,-0.7527207,1,0.08596933,0.03775714,-0.995582,0,-0.06480542,0.9973773,0.03222923,0,-0.9941878,-0.06174839,-0.08819071,0,-0.7695202,1.633542,-1.003978,1,0.9207885,0.8640898,-0.002152249,-0.02121755,0.9997725,-0.0005575335,-0.004408616,-0.02177168,1.722222,75
0,0.04551424,-0.01648662,0.9998757,-0.0509066,-0.03552185,0.9998906,-0.00269594,-0.02600412,0.9998832,0.0860877,-0.06461092,-0.9941903,0,0.03774492,0.99739,-0.06155051,0,-0.9955723,0.03222689,-0.08830178,0,-0.9950341,-1.646666,-0.7530348,1,0.08608773,0.03774492,-0.9955723,0,-0.06461091,0.99739,0.03222689,0,-0.9941903,-0.0615505,-0.08830175,0,-0.7693923,1.633576,-1.004056,1,0.929072,0.8621905,-0.002091452,-0.02113412,0.9997744,-0.0005586771,-0.004407448,-0.02177601,1.733333,76
0,0.04523498,-0.0164562,0.9999797,-0.05042459,-0.03572778,0.9999757,-0.002594814,-0.02609206,0.9999777,0.08614248,-0.06446034,-0.9941955,0,0.03740763,0.9974103,-0.06142758,0,-0.9955804,0.03189896,-0.08833069,0,-0.9945265,-1.646882,-0.7532302,1,0.08614244,0.03740761,-0.9955801,0,-0.06446032,0.9974103,0.03189896,0,-0.9941952,-0.06142758,-0.08833067,0,-0.7693453,1.633551,-1.00413,1,0.9407554,0.8679222,-0.001992016,-0.02121805,0.9997729,-0.0005591661,-0.004407402,-0.02177281,1.755556,77
0,0.04506294,-0.0168451,0.9999481,-0.05092335,-0.03521067,0.9999347,-0.00293044,-0.02602793,0.9999415,0.0860278,-0.06464378,-0.9941934,0,0.03751874,0.9973952,-0.06160545,0,-0.9955862,0.03200109,-0.08822906,0,-0.9948417,-1.646883,-0.752782,1,0.08602778,0.03751873,-0.9955859,0,-0.06464376,0.9973952,0.03200109,0,-0.9941932,-0.06160545,-0.08822905,0,-0.7692875,1.633543,-1.004166,1,0.9407554,0.8679222,-0.002320231,-0.02115682,0.9997735,-0.000559235,-0.004406952,-0.02177337,1.766667,78
0,0.04503511,-0.01777857,1.000149,-0.0508336,-0.03546619,1.000135,-0.002899483,-0.02662237,1.000142,0.08589131,-0.06478649,-0.9941959,0,0.03767576,0.997381,-0.06173914,0,-0.9955919,0.03215423,-0.08810729,0,-0.9952748,-1.646761,-0.7525764,1,0.08589135,0.03767576,-0.9955918,0,-0.06478649,0.997381,0.03215423,0,-0.9941958,-0.06173914,-0.08810722,0,-0.7694107,1.633482,-1.004244,1,0.9396403,0.869612,-0.002289515,-0.02173643,0.9997611,-0.000559235,-0.004404503,-0.02177205,1.788889,79
0,0.04432646,-0.01740265,1.000027,-0.05009888,-0.03550855,0.9999977,-0.00288634,-0.02645572,1.000013,0.08556038,-0.06463546,-0.9942343,0,0.03752951,0.9973944,-0.06161125,0,-0.9956259,0.03204163,-0.08776319,0,-0.9953492,-1.646757,-0.7524788,1,0.08556039,0.0375295,-0.995626,0,-0.06463546,0.9973944,0.03204164,0,-0.9942342,-0.06161125,-0.08776318,0,-0.7694165,1.63346,-1.004271,1,0.9407513,0.865286,-0.002273901,-0.02157602,0.9997646,-0.0005623475,-0.004404503,-0.02177205,1.8,80
0,0.04360682,-0.01829269,1.000161,-0.05035414,-0.03612013,1.000158,-0.003373571,-0.02720653,1.00016,0.08554953,-0.06462312,-0.9942361,0,0.03728955,0.9974028,-0.06162035,0,-0.995636,0.03180301,-0.08773708,0,-0.9950506,-1.647024,-0.7525988,1,0.08554947,0.03728953,-0.9956357,0,-0.0646231,0.9974028,0.03180302,0,-0.9942358,-0.06162035,-0.08773708,0,-0.7695703,1.633476,-1.004358,1,0.9316584,0.8527781,-0.002747357,-0.0223087,0.9997473,-0.0005655065,-0.004402954,-0.02175714,1.811111,81
0,0.0442742,-0.01869668,1.000049,-0.05058859,-0.0376472,1.000034,-0.003157221,-0.02817194,1.000042,0.08527684,-0.06465487,-0.9942573,0,0.03713681,0.9974052,-0.06167437,0,-0.995665,0.03166415,-0.08745664,0,-0.9951507,-1.647129,-0.7523386,1,0.08527684,0.03713682,-0.995665,0,-0.06465487,0.9974053,0.03166415,0,-0.9942573,-0.06167438,-0.08745664,0,-0.7696497,1.633412,-1.004479,1,0.9426014,0.8579493,-0.002534249,-0.02325557,0.9997264,-0.0005671997,-0.004402886,-0.02175356,1.833333,82
