flag,xl,yl,zl,xr,yr,zr,xc,yc,zc,mat_00,mat_10,mat_20,mat_30,mat_01,mat_11,mat_21,mat_31,mat_02,mat_12,mat_22,mat_32,mat_03,mat_13,mat_23,mat_33,ctw_00,ctw_10,ctw_20,ctw_30,ctw_01,ctw_11,ctw_21,ctw_31,ctw_02,ctw_12,ctw_22,ctw_32,ctw_03,ctw_13,ctw_23,ctw_33,opennessl,opennessr,ray_x,ray_y,ray_z,eye_x,eye_y,eye_z,time,frame
6,-0.1117342,-0.1055176,0.9999772,-0.2013297,-0.131279,0.9999745,-0.1565319,-0.1183984,0.9999759,0.09413636,-0.132417,-0.9867138,0,0.04919206,0.990523,-0.1282351,0,-0.9943433,0.03646689,-0.09975809,0,-0.5697618,-1.698853,-0.8213366,1,0.09413635,0.04919204,-0.9943432,0,-0.132417,0.990523,0.03646689,0,-0.9867138,-0.1282351,-0.09975809,0,-0.981746,1.605457,-0.5865218,1,1.0,1.0,-0.1517832,-0.1136862,0.9818541,0.001317894,-0.0001682129,-0.02112263,28.75556,1767
6,-0.1118489,-0.1066876,0.9999762,-0.2012368,-0.131329,0.9999794,-0.1565427,-0.1190084,0.9999777,0.09423363,-0.1326048,-0.9866794,0,0.04914388,0.9905009,-0.1284248,0,-0.9943365,0.03638729,-0.09985524,0,-0.5696058,-1.699044,-0.8210421,1,0.09423365,0.04914386,-0.9943362,0,-0.1326048,0.9905009,0.0363873,0,-0.9866791,-0.1284248,-0.09985517,0,-0.9817303,1.605455,-0.5865414,1,1.0,1.0,-0.1517821,-0.1142636,0.9817872,0.001317772,-0.0001689987,-0.02112647,28.76667,1768
6,-0.1131436,-0.1068081,1.000022,-0.2010933,-0.131155,1.00002,-0.1571186,-0.1189818,1.000021,0.09427756,-0.1332788,-0.9865842,0,0.04891548,0.9904214,-0.1291229,0,-0.9943435,0.03608586,-0.09989387,0,-0.5692203,-1.699734,-0.819848,1,0.09427752,0.04891548,-0.9943435,0,-0.1332788,0.9904215,0.03608585,0,-0.9865843,-0.1291229,-0.09989391,0,-0.9817232,1.605436,-0.586562,1,1.0,1.0,-0.1523172,-0.1142218,0.9817091,0.001317772,-0.0001712113,-0.02112633,28.78889,1769
6,-0.1126272,-0.1074569,0.9999551,-0.1998038,-0.1305063,0.9999328,-0.1562156,-0.1189817,0.999944,0.09424388,-0.134114,-0.9864743,0,0.04894088,0.9903107,-0.1299599,0,-0.9943455,0.03603098,-0.0998944,0,-0.5693415,-1.700433,-0.8184452,1,0.09424391,0.04894087,-0.9943455,0,-0.134114,0.9903107,0.036031,0,-0.9864742,-0.1299599,-0.09989437,0,-0.9817699,1.605456,-0.5866119,1,1.0,1.0,-0.1514808,-0.1142399,0.9818364,0.001317772,-0.0001773224,-0.02112232,28.8,1770
6,-0.1119505,-0.1058282,0.9999052,-0.1983273,-0.1277225,0.9998855,-0.1551391,-0.1167755,0.9998953,0.09442186,-0.134876,-0.9863534,0,0.04844619,0.9902286,-0.1307683,0,-0.9943528,0.03543768,-0.1000335,0,-0.568489,-1.7015,-0.817013,1,0.09442186,0.04844619,-0.9943527,0,-0.134876,0.9902285,0.03543768,0,-0.9863534,-0.1307683,-0.1000334,0,-0.9816773,1.605576,-0.58671,1,1.0,1.0,-0.1505149,-0.1121526,0.9822257,0.00131939,-0.0001942825,-0.02111721,28.82222,1771
6,-0.1123872,-0.1056795,0.9999297,-0.1975554,-0.1275025,0.9999059,-0.1549713,-0.1165911,0.9999179,0.0942173,-0.1349854,-0.986358,0,0.0481609,0.9902232,-0.130914,0,-0.9943861,0.03516951,-0.09979719,0,-0.5683313,-1.701721,-0.8166159,1,0.09421732,0.04816089,-0.9943861,0,-0.1349854,0.9902232,0.03516952,0,-0.9863579,-0.130914,-0.09979717,0,-0.9816365,1.605549,-0.586788,1,1.0,1.0,-0.1503589,-0.1119759,0.9822696,0.001321503,-0.0001961823,-0.02111678,28.83333,1772
6,-0.1123861,-0.106437,0.9999594,-0.1967444,-0.1287517,0.999925,-0.1545654,-0.1175945,0.9999422,0.09376889,-0.1347894,-0.9864275,0,0.04806466,0.9902505,-0.1307428,0,-0.9944331,0.0351527,-0.09933329,0,-0.5686773,-1.701579,-0.8166769,1,0.09376888,0.04806466,-0.9944331,0,-0.1347894,0.9902505,0.03515269,0,-0.9864275,-0.1307428,-0.0993333,0,-0.9816232,1.605548,-0.5868196,1,1.0,1.0,-0.14996,-0.1129298,0.9822214,0.001323372,-0.0001998673,-0.02111167,28.84444,1773
6,-0.1120199,-0.1081711,0.9999312,-0.1967666,-0.1293706,0.9999024,-0.1543935,-0.1187711,0.9999168,0.09292674,-0.1344618,-0.9865519,0,0.04847504,0.9902753,-0.1304033,0,-0.9944922,0.0357052,-0.09854108,0,-0.570376,-1.700856,-0.8167861,1,0.09292671,0.04847504,-0.9944922,0,-0.1344618,0.9902753,0.03570519,0,-0.9865518,-0.1304032,-0.09854108,0,-0.9814987,1.605453,-0.586992,1,1.0,1.0,-0.1497843,-0.1140491,0.9821188,0.001323372,-0.0002049179,-0.02110143,28.86667,1774
6,-0.1117836,-0.1100049,0.9999034,-0.1967281,-0.1303227,0.999854,-0.1542561,-0.1201639,0.9998786,0.09229702,-0.1344345,-0.9866147,0,0.04870939,0.9902675,-0.1303755,0,-0.9945394,0.03602413,-0.097947,0,-0.571453,-1.700603,-0.8165069,1,0.09229706,0.04870939,-0.9945394,0,-0.1344345,0.9902675,0.03602413,0,-0.9866147,-0.1303755,-0.09794696,0,-0.9814541,1.605435,-0.5870442,1,1.0,1.0,-0.1496389,-0.1153749,0.9819862,0.001323372,-0.0002087479,-0.02109235,28.87778,1775
6,-0.1101409,-0.1081998,1.000129,-0.1963699,-0.1292895,1.000097,-0.1532557,-0.1187448,1.000113,0.09158391,-0.1344575,-0.986678,0,0.04825822,0.9902773,-0.1304687,0,-0.9946274,0.03566649,-0.09718215,0,-0.5716012,-1.700787,-0.8161048,1,0.09158393,0.04825822,-0.9946274,0,-0.1344575,0.9902772,0.03566649,0,-0.9866781,-0.1304687,-0.09718215,0,-0.9815669,1.605359,-0.5871799,1,1.0,1.0,-0.1486896,-0.1140045,0.9822904,0.001323372,-0.0002247391,-0.02108504,28.9,1776
6,-0.1101735,-0.106691,0.9999384,-0.1962219,-0.1260483,0.9999154,-0.1531977,-0.1163698,0.9999269,0.0913474,-0.1343669,-0.9867123,0,0.04791573,0.9903004,-0.1304195,0,-0.9946656,0.03536555,-0.09689963,0,-0.5713622,-1.700907,-0.8160142,1,0.09134737,0.04791572,-0.9946656,0,-0.1343668,0.9903003,0.03536555,0,-0.9867123,-0.1304195,-0.09689964,0,-0.9815242,1.605361,-0.5872323,1,1.0,1.0,-0.1487015,-0.111741,0.9825486,0.001323105,-0.0002556839,-0.02107374,28.91111,1777
6,-0.1103407,-0.108199,0.9999639,-0.1961879,-0.1259804,0.9999405,-0.1532646,-0.1170897,0.9999523,0.0908342,-0.1337829,-0.986839,0,0.04727001,0.9903978,-0.1299143,0,-0.9947435,0.03484724,-0.09628588,0,-0.5709565,-1.700779,-0.8166003,1,0.09083418,0.04727002,-0.9947436,0,-0.1337829,0.9903979,0.03484723,0,-0.9868391,-0.1299143,-0.09628592,0,-0.9815259,1.605349,-0.587315,1,1.0,1.0,-0.1487521,-0.112416,0.982464,0.001323105,-0.0002636185,-0.02105387,28.93333,1778
6,-0.1113205,-0.1084012,1.000038,-0.1966273,-0.1292494,1.00003,-0.153974,-0.1188253,1.000034,0.09069794,-0.1336511,-0.9868695,0,0.04732031,0.9904128,-0.129782,0,-0.9947536,0.03492801,-0.09615278,0,-0.5712198,-1.700569,-0.8168016,1,0.09069791,0.04732031,-0.9947536,0,-0.1336511,0.9904128,0.03492801,0,-0.9868695,-0.129782,-0.09615281,0,-0.9815511,1.60529,-0.5873632,1,1.0,1.0,-0.1493811,-0.1140412,0.9821813,0.001323105,-0.0002678681,-0.02104416,28.94444,1779
6,-0.1116633,-0.1086573,0.9999442,-0.1959492,-0.1308539,0.9999137,-0.1538065,-0.1197557,0.9999289,0.0902468,-0.1335069,-0.9869303,0,0.04763007,0.9904187,-0.1296234,0,-0.9947799,0.03530946,-0.09574103,0,-0.5721984,-1.700174,-0.816844,1,0.09024676,0.04763006,-0.9947797,0,-0.1335069,0.9904188,0.03530946,0,-0.9869302,-0.1296234,-0.09574104,0,-0.981514,1.605256,-0.5873846,1,1.0,1.0,-0.1492264,-0.1149356,0.9821005,0.001324791,-0.0002723542,-0.02103188,28.95556,1780
6,-0.11147,-0.1085305,0.9999613,-0.1949966,-0.1314371,0.9999534,-0.1532333,-0.119984,0.9999574,0.08986902,-0.133316,-0.9869906,0,0.04762072,0.9904423,-0.1294462,0,-0.9948146,0.03536798,-0.09535867,0,-0.5726268,-1.700016,-0.8167961,1,0.08986899,0.0476207,-0.9948144,0,-0.133316,0.9904424,0.035368,0,-0.9869906,-0.1294462,-0.09535867,0,-0.981348,1.605306,-0.5874198,1,1.0,1.0,-0.1486836,-0.1151581,0.9821568,0.001328285,-0.0002732925,-0.02102697,28.97778,1781
6,-0.1163852,-0.10681,0.9998909,-0.1971782,-0.13186,0.9998688,-0.1567818,-0.1193352,0.9998798,0.08962375,-0.1334232,-0.9869985,0,0.04763923,0.9904264,-0.1295608,0,-0.9948358,0.03540811,-0.09512192,0,-0.5729299,-1.700057,-0.8164106,1,0.08962374,0.04763921,-0.9948356,0,-0.1334232,0.9904265,0.03540812,0,-0.9869983,-0.1295608,-0.09512189,0,-0.9812748,1.605301,-0.5874338,1,1.0,1.0,-0.1520509,-0.1144888,0.9817193,0.001335717,-0.0002782975,-0.02100928,28.98889,1782
6,-0.1173447,-0.1074769,0.9997786,-0.1984244,-0.1305205,0.9997727,-0.1578845,-0.1189987,0.9997756,0.08955795,-0.1334863,-0.9869959,0,0.04771882,0.990415,-0.1296188,0,-0.9948378,0.03548987,-0.09506935,0,-0.5731754,-1.700066,-0.8160749,1,0.08955795,0.04771881,-0.9948378,0,-0.1334863,0.990415,0.03548988,0,-0.9869958,-0.1296188,-0.09506934,0,-0.9810656,1.605344,-0.5874651,1,1.0,1.0,-0.1531104,-0.114164,0.9815925,0.001337578,-0.0002773819,-0.02099881,29.0,1783
6,-0.1195881,-0.1067451,0.9998603,-0.199725,-0.1303299,0.9998629,-0.1596565,-0.1185375,0.9998616,0.08959287,-0.1338426,-0.9869444,0,0.04795772,0.9903598,-0.1299522,0,-0.9948232,0.0356888,-0.09514797,0,-0.5734883,-1.70024,-0.8153097,1,0.08959289,0.04795772,-0.9948232,0,-0.1338426,0.9903598,0.03568882,0,-0.9869444,-0.1299522,-0.09514797,0,-0.9808494,1.605402,-0.587415,1,1.0,1.0,-0.154771,-0.1136906,0.981387,0.001338135,-0.0002753296,-0.02098861,29.02222,1784
6,-0.1199693,-0.1070565,0.9999109,-0.1994962,-0.1294274,0.9999194,-0.1597327,-0.1182421,0.9999151,0.08975959,-0.1338955,-0.9869221,0,0.04769124,0.9903631,-0.1300249,0,-0.994821,0.03539655,-0.09528023,0,-0.5728909,-1.700492,-0.8151525,1,0.08975959,0.04769124,-0.994821,0,-0.1338955,0.9903631,0.03539656,0,-0.986922,-0.1300249,-0.09528023,0,-0.9807578,1.605436,-0.5874002,1,1.0,1.0,-0.1548439,-0.1134044,0.9814085,0.00134256,-0.0002739487,-0.02098665,29.03333,1785
6,-0.1193956,-0.1066049,0.9999571,-0.1997831,-0.1290404,0.999983,-0.1595893,-0.1178224,0.9999701,0.09043854,-0.133618,-0.9868978,0,0.04699502,0.9904273,-0.1297892,0,-0.9947926,0.03464132,-0.0958522,0,-0.5710607,-1.700822,-0.8156166,1,0.09043854,0.04699501,-0.9947925,0,-0.1336179,0.9904273,0.03464132,0,-0.9868977,-0.1297892,-0.09585217,0,-0.9805446,1.605519,-0.5873468,1,1.0,1.0,-0.1547169,-0.1130013,0.9814751,0.001351105,-0.0002756272,-0.0209842,29.05556,1786
6,-0.119433,-0.1060887,1.000082,-0.2002443,-0.1291142,1.000111,-0.1598384,-0.1176012,1.000097,0.09076482,-0.1335596,-0.9868757,0,0.04713764,0.9904315,-0.1297055,0,-0.9947562,0.03474629,-0.096192,0,-0.5709141,-1.700712,-0.8159624,1,0.09076481,0.04713764,-0.9947562,0,-0.1335596,0.9904315,0.03474629,0,-0.9868757,-0.1297055,-0.09619202,0,-0.980581,1.605515,-0.587316,1,1.0,1.0,-0.1549404,-0.1127746,0.9814659,0.001355416,-0.0002752457,-0.0209819,29.06667,1787
6,-0.1194504,-0.1060955,0.9999943,-0.201242,-0.1290597,1.000026,-0.1603461,-0.1175773,1.00001,0.09106386,-0.1333933,-0.9868706,0,0.04738197,0.9904462,-0.1295044,0,-0.9947172,0.0349667,-0.09651428,0,-0.5709248,-1.700437,-0.8164044,1,0.09106386,0.04738196,-0.9947172,0,-0.1333933,0.9904461,0.0349667,0,-0.9868705,-0.1295044,-0.09651428,0,-0.9805217,1.605515,-0.5872446,1,1.0,1.0,-0.1554312,-0.1127525,0.9813909,0.001357231,-0.0002752457,-0.0209819,29.07778,1788
6,-0.1202667,-0.106088,0.9999478,-0.201637,-0.1303553,0.9999714,-0.1609517,-0.1182216,0.9999596,0.09161633,-0.1331328,-0.9868546,0,0.04842991,0.9904455,-0.1291212,0,-0.9946159,0.03596367,-0.09718859,0,-0.5720151,-1.699484,-0.8171047,1,0.09161635,0.04842992,-0.9946161,0,-0.1331329,0.9904456,0.03596367,0,-0.9868547,-0.1291212,-0.09718861,0,-0.9802148,1.605443,-0.587229,1,1.0,1.0,-0.155997,-0.1133587,0.9812312,0.001358651,-0.0002752457,-0.02098219,29.1,1789
6,-0.1199567,-0.1060515,0.9999464,-0.2020307,-0.1305755,0.9999655,-0.1609936,-0.1183133,0.999956,0.09178942,-0.1330674,-0.9868474,0,0.04869038,0.9904454,-0.1290237,0,-0.9945873,0.03620696,-0.09739149,0,-0.572204,-1.699247,-0.8172854,1,0.09178939,0.04869038,-0.9945874,0,-0.1330674,0.9904454,0.03620697,0,-0.9868473,-0.1290237,-0.09739153,0,-0.980128,1.605423,-0.5871789,1,1.0,1.0,-0.1560368,-0.1134436,0.9812151,0.001359474,-0.0002773743,-0.02097989,29.11111,1790
6,-0.1197952,-0.1058122,0.9999683,-0.2021929,-0.132536,1.000005,-0.1609937,-0.1191739,0.9999865,0.09245223,-0.133294,-0.9867549,0,0.04885889,0.9904128,-0.1292104,0,-0.9945177,0.03626596,-0.09807849,0,-0.5716817,-1.699317,-0.8172837,1,0.09245225,0.0488589,-0.9945177,0,-0.133294,0.9904127,0.03626596,0,-0.9867549,-0.1292104,-0.09807847,0,-0.9801143,1.605356,-0.5870782,1,1.0,1.0,-0.1560186,-0.1142517,0.9811242,0.001359474,-0.0002834015,-0.02097335,29.13333,1791
6,-0.1184043,-0.1035025,0.9999756,-0.2025959,-0.132022,1.000021,-0.1604998,-0.1177621,0.9999982,0.09299773,-0.133324,-0.9866996,0,0.04891419,0.9904094,-0.1292151,0,-0.9944641,0.0362469,-0.09862727,0,-0.5711911,-1.69933,-0.8174578,1,0.09299773,0.04891419,-0.9944641,0,-0.133324,0.9904094,0.0362469,0,-0.9866995,-0.1292151,-0.09862726,0,-0.9800273,1.605344,-0.5870572,1,1.0,1.0,-0.1555769,-0.1129089,0.9813498,0.001357947,-0.000294899,-0.02097025,29.14445,1792
6,-0.1182733,-0.1043247,0.9998803,-0.2026759,-0.1330173,0.9999177,-0.1604742,-0.1186708,0.9998991,0.0936082,-0.1326103,-0.9867381,0,0.04922277,0.9904943,-0.1284455,0,-0.9943916,0.03654643,-0.09924585,0,-0.5710798,-1.698511,-0.8188232,1,0.09360823,0.04922278,-0.9943917,0,-0.1326103,0.9904943,0.03654643,0,-0.986738,-0.1284455,-0.09924585,0,-0.9797462,1.605301,-0.5870673,1,1.0,1.0,-0.1555464,-0.113779,0.981254,0.001351845,-0.0002982712,-0.0209696,29.16667,1793
6,-0.1180701,-0.1033971,1.000015,-0.2025791,-0.1334216,1.000045,-0.1603244,-0.1184092,1.00003,0.0937947,-0.1320499,-0.9867955,0,0.04904055,0.9905746,-0.1278943,0,-0.994383,0.03639719,-0.09938645,0,-0.5705393,-1.698165,-0.8197856,1,0.09379471,0.04904055,-0.994383,0,-0.1320499,0.9905747,0.03639719,0,-0.9867955,-0.1278943,-0.09938645,0,-0.9796897,1.605292,-0.5870017,1,1.0,1.0,-0.1553888,-0.1135164,0.9813095,0.001349304,-0.0003014908,-0.02096943,29.17778,1794
6,-0.1173733,-0.1045578,0.9998735,-0.2026536,-0.1346246,0.9999248,-0.160013,-0.119591,0.9998992,0.09425706,-0.1315707,-0.9868155,0,0.04887252,0.9906449,-0.1274132,0,-0.9943476,0.03621856,-0.09980547,0,-0.5697587,-1.697784,-0.8205969,1,0.09425706,0.04887252,-0.9943475,0,-0.1315707,0.9906449,0.03621856,0,-0.9868155,-0.1274132,-0.09980547,0,-0.9794527,1.605192,-0.5869469,1,1.0,1.0,-0.1550945,-0.1146552,0.9812237,0.001347504,-0.0003033524,-0.02096789,29.18889,1795
6,-0.1171636,-0.1038584,0.9999042,-0.2033057,-0.1343641,0.9999286,-0.1602345,-0.1191109,0.9999166,0.09457004,-0.131158,-0.9868405,0,0.04858536,0.99071,-0.1270163,0,-0.994332,0.03593406,-0.1000638,0,-0.5689527,-1.697551,-0.8211328,1,0.09457,0.04858535,-0.994332,0,-0.131158,0.9907101,0.03593406,0,-0.9868405,-0.1270163,-0.1000638,0,-0.9791687,1.605127,-0.5868937,1,1.0,1.0,-0.155304,-0.1141922,0.9812446,0.001343223,-0.0003059082,-0.02096632,29.21111,1796
6,-0.1173448,-0.1018329,0.9998896,-0.2042856,-0.133289,0.999916,-0.160815,-0.1175608,0.9999028,0.09480226,-0.1310127,-0.9868375,0,0.04869638,0.9907258,-0.1268508,0,-0.9943044,0.03602967,-0.1003029,0,-0.5689206,-1.697342,-0.8213809,1,0.0948023,0.04869638,-0.9943042,0,-0.1310127,0.9907258,0.03602967,0,-0.9868375,-0.1268508,-0.1003029,0,-0.9790078,1.605112,-0.5869124,1,1.0,1.0,-0.1558735,-0.1127089,0.9813257,0.001339439,-0.0003102341,-0.0209653,29.22222,1797
6,-0.1166167,-0.09997427,1.000033,-0.2050603,-0.1340297,1.000016,-0.1608387,-0.1170021,1.000025,0.09475642,-0.1307442,-0.9868774,0,0.04857275,0.9907645,-0.1265954,0,-0.9943148,0.03593962,-0.1002319,0,-0.5687567,-1.697065,-0.8217418,1,0.09475647,0.04857276,-0.9943148,0,-0.1307442,0.9907646,0.03593963,0,-0.9868776,-0.1265954,-0.1002319,0,-0.9789467,1.60499,-0.5868961,1,1.0,1.0,-0.1558834,-0.1121631,0.9813867,0.001334809,-0.0003130799,-0.02096205,29.24445,1798
6,-0.1153988,-0.1003804,0.999938,-0.2051822,-0.1340086,0.9999467,-0.1602904,-0.1171943,0.9999424,0.09477586,-0.1305023,-0.9869077,0,0.04848484,0.9907988,-0.1263607,0,-0.9943172,0.03587412,-0.1002312,0,-0.5686305,-1.696877,-0.8220612,1,0.09477584,0.04848484,-0.9943172,0,-0.1305023,0.9907987,0.03587411,0,-0.9869075,-0.1263607,-0.1002312,0,-0.9788523,1.604958,-0.5869213,1,1.0,1.0,-0.1553778,-0.1123631,0.9814439,0.001334381,-0.0003139267,-0.02096038,29.25556,1799
6,-0.1141194,-0.100516,0.9998793,-0.2043407,-0.1337845,0.9998581,-0.1592302,-0.1171505,0.9998686,0.09445286,-0.1305768,-0.9869288,0,0.04869746,0.9907801,-0.1264258,0,-0.9943376,0.03611964,-0.09994078,0,-0.5693561,-1.696793,-0.8216456,1,0.09445287,0.04869746,-0.9943375,0,-0.1305768,0.99078,0.03611964,0,-0.9869288,-0.1264258,-0.09994075,0,-0.97869,1.604997,-0.5869605,1,1.0,1.0,-0.1543927,-0.112346,0.9816014,0.001331932,-0.0003151321,-0.02095593,29.27778,1800
6,-0.1139264,-0.1007795,0.9998203,-0.205569,-0.1336451,0.9998189,-0.1597478,-0.1172123,0.9998196,0.09439552,-0.130588,-0.9869328,0,0.04898426,0.9907679,-0.1264103,0,-0.994329,0.0364116,-0.09992081,0,-0.5699558,-1.69664,-0.8214835,1,0.09439552,0.04898426,-0.9943289,0,-0.130588,0.9907679,0.03641161,0,-0.9869327,-0.1264103,-0.0999208,0,-0.9785084,1.605051,-0.5870295,1,1.0,1.0,-0.1548793,-0.1124011,0.9815184,0.001324905,-0.0003164063,-0.02094804,29.28889,1801
6,-0.1146401,-0.100894,0.9998246,-0.2069905,-0.1337383,0.9998,-0.1608154,-0.1173163,0.9998123,0.09410924,-0.1305566,-0.9869642,0,0.04901859,0.9907693,-0.1263859,0,-0.9943544,0.03648553,-0.09964025,0,-0.5703343,-1.696558,-0.8212416,1,0.09410925,0.04901861,-0.9943545,0,-0.1305566,0.9907694,0.03648552,0,-0.9869642,-0.1263859,-0.09964025,0,-0.9783592,1.605061,-0.5870434,1,1.0,1.0,-0.1558754,-0.1124795,0.9813517,0.001318489,-0.0003206482,-0.02094209,29.3,1802
6,-0.1152506,-0.1004023,1.000077,-0.2063811,-0.1307307,1.000093,-0.1608157,-0.1155664,1.000085,0.09413874,-0.1302283,-0.9870048,0,0.04883257,0.9908182,-0.1260739,0,-0.9943607,0.03632954,-0.09963375,0,-0.5700576,-1.696373,-0.8217174,1,0.09413875,0.04883257,-0.9943609,0,-0.1302283,0.9908183,0.03632955,0,-0.9870048,-0.1260739,-0.09963377,0,-0.9782902,1.605037,-0.5870852,1,1.0,1.0,-0.1558646,-0.1107888,0.9815457,0.001317017,-0.0003223343,-0.02093364,29.32222,1803
6,-0.1144585,-0.1007436,0.9999292,-0.2042038,-0.1292242,0.9999191,-0.1593313,-0.1149841,0.9999242,0.09397656,-0.1299804,-0.9870529,0,0.04862632,0.9908566,-0.1258516,0,-0.9943862,0.03616966,-0.09943777,0,-0.5698963,-1.696251,-0.8219334,1,0.09397657,0.04862633,-0.9943862,0,-0.1299804,0.9908565,0.03616965,0,-0.987053,-0.1258516,-0.09943777,0,-0.9782143,1.605012,-0.5870754,1,1.0,1.0,-0.1545053,-0.1102769,0.9818183,0.001316338,-0.0003231736,-0.02092531,29.33333,1804
6,-0.1153214,-0.1007655,0.9999942,-0.2043088,-0.1303388,1.000015,-0.159815,-0.1155519,1.000004,0.09419286,-0.1292704,-0.9871257,0,0.04812372,0.9909661,-0.1251813,0,-0.9943903,0.03571296,-0.09956288,0,-0.568946,-1.696001,-0.823119,1,0.09419282,0.0481237,-0.9943901,0,-0.1292704,0.990966,0.03571296,0,-0.9871254,-0.1251813,-0.09956288,0,-0.9781738,1.60502,-0.5871371,1,1.0,1.0,-0.1549395,-0.1107983,0.9816911,0.001316139,-0.0003260574,-0.02091571,29.35556,1805
6,-0.1158854,-0.09948892,1.000022,-0.2037948,-0.1285525,1.000029,-0.1598403,-0.1140208,1.000025,0.09414005,-0.1288425,-0.9871865,0,0.04804838,0.9910227,-0.1247612,0,-0.9943988,0.03568769,-0.09948564,0,-0.5689232,-1.695665,-0.8237939,1,0.0941401,0.0480484,-0.9943989,0,-0.1288425,0.9910227,0.03568769,0,-0.9871866,-0.1247612,-0.09948562,0,-0.9781536,1.605001,-0.5871779,1,1.0,1.0,-0.1549873,-0.1093371,0.9818474,0.001317047,-0.000331131,-0.02090755,29.36667,1806
6,-0.1165172,-0.09932354,0.9998341,-0.2011346,-0.1286783,0.9998454,-0.1588258,-0.1140007,0.9998397,0.09436017,-0.1280358,-0.9872705,0,0.04768988,0.9911381,-0.1239794,0,-0.9943953,0.03538409,-0.09963,0,-0.5681903,-1.695083,-0.8249335,1,0.09436019,0.04768987,-0.9943951,0,-0.1280358,0.9911381,0.03538409,0,-0.9872705,-0.1239794,-0.09962998,0,-0.9778494,1.604884,-0.5872149,1,1.0,1.0,-0.1540675,-0.1093477,0.9819909,0.001320343,-0.0003390579,-0.02089546,29.38889,1807
6,-0.1166553,-0.09896975,0.9999317,-0.2002967,-0.1281413,0.9999139,-0.1584761,-0.1135557,0.9999228,0.094015,-0.1275334,-0.9873685,0,0.04739003,0.9912102,-0.1235172,0,-0.9944422,0.03517894,-0.09923244,0,-0.5679895,-1.694801,-0.8254658,1,0.094015,0.04739003,-0.9944423,0,-0.1275334,0.9912102,0.03517894,0,-0.9873684,-0.1235172,-0.09923244,0,-0.977783,1.604861,-0.5871245,1,1.0,1.0,-0.1537367,-0.108919,0.9820905,0.001322792,-0.0003416825,-0.02089341,29.4,1808
6,-0.1168715,-0.09854265,0.9999117,-0.1996538,-0.1290177,0.9999027,-0.1582626,-0.1137801,0.9999072,0.09385616,-0.1274275,-0.9873972,0,0.04745915,0.9912203,-0.1234098,0,-0.9944539,0.03527827,-0.09907973,0,-0.5682766,-1.694612,-0.8254943,1,0.09385616,0.04745916,-0.9944541,0,-0.1274276,0.9912203,0.03527827,0,-0.9873973,-0.1234097,-0.09907974,0,-0.9776947,1.60483,-0.5871319,1,1.0,1.0,-0.1535369,-0.109135,0.9820978,0.001323578,-0.0003453445,-0.02088645,29.41111,1809
6,-0.1167787,-0.09768554,0.9999153,-0.1997331,-0.1289868,0.9999033,-0.1582559,-0.1133362,0.9999093,0.09329963,-0.1269382,-0.9875131,0,0.04778005,0.9912674,-0.1229066,0,-0.994491,0.03571627,-0.09855002,0,-0.5694207,-1.693877,-0.8259264,1,0.09329965,0.04778003,-0.9944909,0,-0.1269382,0.9912673,0.03571628,0,-0.9875129,-0.1229066,-0.09854997,0,-0.9775038,1.60478,-0.5871798,1,1.0,1.0,-0.1535379,-0.1087099,0.9821447,0.001323578,-0.000348465,-0.02088236,29.43333,1810
6,-0.1167404,-0.09658159,0.9998561,-0.1997621,-0.129241,0.9998447,-0.1582514,-0.1129113,0.9998504,0.09303474,-0.1266781,-0.9875714,0,0.04791157,0.9912938,-0.122642,0,-0.9945095,0.03590612,-0.09829414,0,-0.5699117,-1.693536,-0.8261155,1,0.09303477,0.04791157,-0.9945094,0,-0.1266781,0.9912938,0.03590613,0,-0.9875714,-0.122642,-0.09829411,0,-0.9773603,1.604781,-0.5871765,1,1.0,1.0,-0.1535495,-0.108311,0.9821869,0.001323578,-0.0003503647,-0.02087742,29.44444,1811
6,-0.1178147,-0.09652387,0.9999424,-0.1995288,-0.1300549,0.9999279,-0.1586719,-0.1132894,0.9999351,0.09260088,-0.126177,-0.9876763,0,0.04793018,0.9913533,-0.122153,0,-0.9945491,0.03602802,-0.09784788,0,-0.5702686,-1.693035,-0.8266438,1,0.09260087,0.04793017,-0.994549,0,-0.126177,0.9913533,0.03602802,0,-0.9876761,-0.122153,-0.09784786,0,-0.9772711,1.604752,-0.5870486,1,1.0,1.0,-0.1539274,-0.1086546,0.9820898,0.001323532,-0.000351799,-0.02086952,29.46667,1812
6,-0.1185762,-0.09691975,1.000153,-0.1989258,-0.1292466,1.000165,-0.158751,-0.1130831,1.000159,0.0926742,-0.1259395,-0.9876997,0,0.04786723,0.9913852,-0.1219181,0,-0.9945452,0.03597979,-0.09790421,0,-0.570056,-1.692858,-0.8271989,1,0.0926742,0.04786724,-0.9945453,0,-0.1259395,0.9913853,0.03597979,0,-0.9876997,-0.1219181,-0.09790421,0,-0.9773924,1.604711,-0.587024,1,1.0,1.0,-0.1539735,-0.1084342,0.982107,0.001323296,-0.0003526535,-0.02086084,29.47778,1813
6,-0.1181512,-0.09633721,0.9999444,-0.1995201,-0.1303812,0.9999583,-0.1588355,-0.1133592,0.9999515,0.09280026,-0.1255705,-0.9877349,0,0.0477824,0.9914343,-0.1215515,0,-0.9945376,0.03591633,-0.09800541,0,-0.5697523,-1.692623,-0.8277222,1,0.09280024,0.0477824,-0.9945375,0,-0.1255705,0.9914343,0.03591633,0,-0.9877349,-0.1215515,-0.09800542,0,-0.9772404,1.604738,-0.5869685,1,1.0,1.0,-0.1540806,-0.1087174,0.9820589,0.001323296,-0.000353035,-0.02084818,29.5,1814
6,-0.1174071,-0.09659649,0.9999079,-0.199912,-0.1301884,0.9998946,-0.1586596,-0.1133926,0.9999012,0.09267408,-0.1256667,-0.9877346,0,0.04781177,0.9914209,-0.1216498,0,-0.994548,0.03595154,-0.09788734,0,-0.5698784,-1.692658,-0.827426,1,0.09267405,0.04781176,-0.9945479,0,-0.1256667,0.9914209,0.03595155,0,-0.9877345,-0.1216498,-0.09788735,0,-0.9771751,1.604728,-0.5869122,1,1.0,1.0,-0.1539226,-0.1087554,0.9820795,0.001323296,-0.0003552781,-0.02084541,29.51111,1815
6,-0.1179966,-0.09505467,0.9996793,-0.2004513,-0.1301287,0.9996994,-0.1592238,-0.1125913,0.9996893,0.09288234,-0.1255242,-0.987733,0,0.04766889,0.9914445,-0.1215133,0,-0.9945353,0.0357977,-0.09807128,0,-0.5695348,-1.692638,-0.827396,1,0.09288234,0.04766889,-0.9945353,0,-0.1255242,0.9914444,0.03579769,0,-0.987733,-0.1215133,-0.09807128,0,-0.9768138,1.604766,-0.5869737,1,1.0,1.0,-0.1544969,-0.1080046,0.9820721,0.001323296,-0.0003574448,-0.02084042,29.52222,1816
6,-0.1179724,-0.09497632,0.9998638,-0.2005742,-0.1293622,0.9998789,-0.1592733,-0.1121693,0.9998714,0.09291744,-0.1251964,-0.9877714,0,0.04768106,0.9914845,-0.1211818,0,-0.9945315,0.03583808,-0.09809572,0,-0.5694321,-1.692267,-0.8277344,1,0.09291744,0.04768105,-0.9945314,0,-0.1251964,0.9914845,0.03583808,0,-0.9877713,-0.1211818,-0.09809569,0,-0.9765678,1.604701,-0.5868677,1,1.0,1.0,-0.1545267,-0.1075827,0.9821137,0.001326104,-0.0003588028,-0.02083737,29.54445,1817
6,-0.1178948,-0.09525722,0.9999768,-0.2007905,-0.1288039,1.000003,-0.1593425,-0.1120303,0.9999897,0.09296095,-0.1246596,-0.9878352,0,0.04797932,0.9915396,-0.120612,0,-0.9945132,0.03618343,-0.09815556,0,-0.5698206,-1.691569,-0.8286587,1,0.09296095,0.04797929,-0.9945129,0,-0.1246596,0.9915395,0.03618344,0,-0.9878352,-0.120612,-0.09815553,0,-0.9764774,1.604651,-0.5868247,1,1.0,1.0,-0.1545804,-0.1074359,0.9821213,0.001328629,-0.0003609924,-0.02082935,29.55556,1818
6,-0.1189635,-0.09464394,1.000056,-0.2004552,-0.1287095,1.000088,-0.1597092,-0.1116766,1.000072,0.09303981,-0.1233191,-0.987996,0,0.04822154,0.9916938,-0.1192397,0,-0.994494,0.03654865,-0.09821367,0,-0.570097,-1.690291,-0.8309326,1,0.09303983,0.04822154,-0.9944939,0,-0.1233191,0.9916938,0.03654865,0,-0.9879959,-0.1192397,-0.09821364,0,-0.9763614,1.604662,-0.586789,1,1.0,1.0,-0.1549192,-0.1070837,0.9821065,0.001329514,-0.0003628082,-0.02082935,29.57778,1819
6,-0.1177047,-0.09458657,0.9999449,-0.2003792,-0.1284189,0.999952,-0.1590419,-0.1115028,0.9999484,0.09304035,-0.1229874,-0.9880374,0,0.04790675,0.9917453,-0.1189378,0,-0.9945093,0.03626763,-0.09816426,0,-0.5695449,-1.690171,-0.8313485,1,0.09304032,0.04790674,-0.994509,0,-0.1229874,0.9917454,0.03626765,0,-0.988037,-0.1189377,-0.09816423,0,-0.9762822,1.604626,-0.5867277,1,1.0,1.0,-0.1543134,-0.1069407,0.9822174,0.001329514,-0.0003635483,-0.02082905,29.58889,1820
6,-0.1183634,-0.09431067,0.9999555,-0.2003439,-0.1280999,0.9999835,-0.1593535,-0.1112052,0.9999695,0.09358609,-0.1224877,-0.9880478,0,0.04730159,0.9918296,-0.1184762,0,-0.9944869,0.03564849,-0.09861535,0,-0.5679643,-1.690171,-0.8321182,1,0.09358612,0.04730158,-0.9944869,0,-0.1224877,0.9918296,0.03564851,0,-0.9880478,-0.1184762,-0.0986153,0,-0.976044,1.604641,-0.5866406,1,1.0,1.0,-0.1546081,-0.1066491,0.9822028,0.001329941,-0.0003652191,-0.02082816,29.61111,1821
6,-0.1199942,-0.09465846,0.999817,-0.1997401,-0.1268031,0.9998722,-0.1598668,-0.1107302,0.9998446,0.09423262,-0.1223136,-0.9880079,0,0.04717937,0.9918576,-0.1182904,0,-0.9944316,0.03546678,-0.09923601,0,-0.567037,-1.690095,-0.8324675,1,0.09423261,0.04717937,-0.9944317,0,-0.1223136,0.9918577,0.03546678,0,-0.9880079,-0.1182904,-0.09923602,0,-0.9757727,1.604613,-0.5865481,1,1.0,1.0,-0.1551168,-0.1061973,0.9821715,0.00133043,-0.0003701325,-0.02082726,29.62222,1822
6,-0.1196009,-0.09343541,0.9999,-0.2002737,-0.1265839,0.9999559,-0.1599371,-0.1100091,0.999928,0.09526384,-0.1214051,-0.988021,0,0.04703142,0.9919756,-0.1173563,0,-0.9943404,0.03528823,-0.1002092,0,-0.5657332,-1.68933,-0.8342263,1,0.09526382,0.04703142,-0.9943404,0,-0.1214051,0.9919756,0.03528823,0,-0.9880211,-0.1173563,-0.1002093,0,-0.9754324,1.604479,-0.5865151,1,1.0,1.0,-0.1551824,-0.1054999,0.9822363,0.001330658,-0.0003722687,-0.02082436,29.64445,1823
6,-0.1197729,-0.09448181,0.9999928,-0.1989501,-0.1260023,1.000035,-0.1593613,-0.1102419,1.000014,0.09547973,-0.1205901,-0.9881,0,0.04693504,0.9920764,-0.11654,0,-0.9943243,0.0352493,-0.1003831,0,-0.5653653,-1.688618,-0.8356061,1,0.09547975,0.04693503,-0.9943242,0,-0.1205901,0.9920763,0.03524929,0,-0.9881001,-0.11654,-0.1003831,0,-0.9753122,1.604392,-0.5865145,1,1.0,1.0,-0.1546255,-0.1057213,0.9823004,0.00133043,-0.0003729248,-0.02082429,29.65556,1824
6,-0.1195199,-0.09267599,0.9999642,-0.1980003,-0.1262372,0.9999934,-0.1587598,-0.1094564,0.9999788,0.095613,-0.1200604,-0.9881517,0,0.04700589,0.9921367,-0.1159963,0,-0.9943082,0.03535818,-0.1005048,0,-0.5653225,-1.688054,-0.836497,1,0.09561302,0.04700589,-0.9943081,0,-0.1200604,0.9921368,0.03535819,0,-0.9881515,-0.1159963,-0.1005047,0,-0.975202,1.604323,-0.5864901,1,1.0,1.0,-0.1540772,-0.1049861,0.9824653,0.001329932,-0.0003734284,-0.02082552,29.66667,1825
6,-0.119762,-0.09379507,0.999972,-0.1976449,-0.1263288,1.000004,-0.1587033,-0.1100618,0.9999879,0.09553933,-0.1189358,-0.9882948,0,0.04759391,0.9922466,-0.1148105,0,-0.9942872,0.03606789,-0.1004592,0,-0.566291,-1.686542,-0.8383996,1,0.09553935,0.04759391,-0.9942873,0,-0.1189358,0.9922466,0.0360679,0,-0.9882946,-0.1148105,-0.1004592,0,-0.975073,1.60416,-0.5864509,1,1.0,1.0,-0.1540123,-0.1055617,0.9824138,0.001328927,-0.0003740921,-0.02082588,29.68889,1826
6,-0.118629,-0.09252224,0.999958,-0.197491,-0.1260175,0.9999768,-0.1580599,-0.1092698,0.9999672,0.09542531,-0.1183059,-0.9883814,0,0.04808999,0.992301,-0.1141321,0,-0.9942743,0.03664016,-0.1003799,0,-0.5671998,-1.685641,-0.8394265,1,0.09542528,0.04808998,-0.9942742,0,-0.1183059,0.9923009,0.03664015,0,-0.9883813,-0.1141321,-0.1003799,0,-0.9749695,1.604135,-0.5864515,1,1.0,1.0,-0.1534227,-0.1048191,0.9825855,0.001327896,-0.0003751526,-0.02082276,29.7,1827
6,-0.1157905,-0.09253438,0.9999561,-0.1973581,-0.1258183,0.9999565,-0.1565743,-0.1091762,0.9999563,0.09523708,-0.1176864,-0.9884735,0,0.04864173,0.992351,-0.1134616,0,-0.9942655,0.03727532,-0.1002331,0,-0.5681687,-1.684565,-0.8403419,1,0.09523708,0.04864174,-0.9942655,0,-0.1176864,0.9923509,0.03727531,0,-0.9884735,-0.1134616,-0.1002331,0,-0.9747955,1.60397,-0.5863479,1,1.0,1.0,-0.1520265,-0.1047538,0.9828095,0.00132502,-0.0003756561,-0.02081989,29.72222,1828
6,-0.1150321,-0.09241211,0.9999437,-0.1985145,-0.1245472,0.9999522,-0.1567732,-0.1084797,0.9999479,0.09518099,-0.1172776,-0.9885276,0,0.04864186,0.9923975,-0.1130533,0,-0.994271,0.03732329,-0.100162,0,-0.568217,-1.684178,-0.8409195,1,0.09518094,0.04864185,-0.9942707,0,-0.1172776,0.9923976,0.03732329,0,-0.9885273,-0.1130532,-0.100162,0,-0.9747047,1.603944,-0.5863306,1,1.0,1.0,-0.1522206,-0.1040886,0.9828501,0.001319893,-0.0003753738,-0.02081939,29.73333,1829
6,-0.1153232,-0.09205189,0.9999416,-0.1996644,-0.1236165,0.9999454,-0.1574937,-0.1078344,0.9999434,0.09508044,-0.1166891,-0.9886068,0,0.04844465,0.9924716,-0.1124861,0,-0.9942901,0.03719749,-0.1000176,0,-0.5679563,-1.683767,-0.8417023,1,0.09508044,0.04844466,-0.9942901,0,-0.1166891,0.9924718,0.03719749,0,-0.9886067,-0.1124861,-0.1000176,0,-0.9745883,1.603926,-0.5862665,1,1.0,1.0,-0.1529026,-0.1034629,0.9828103,0.001313278,-0.0003761291,-0.02081939,29.75556,1830
6,-0.1140704,-0.08997552,1.000034,-0.1997629,-0.1230801,1.00001,-0.1569168,-0.106528,1.000022,0.09486353,-0.1168934,-0.9886035,0,0.04850729,0.9924451,-0.112693,0,-0.9943078,0.03726403,-0.09981704,0,-0.5682377,-1.683882,-0.8413253,1,0.09486355,0.0485073,-0.9943078,0,-0.1168934,0.9924452,0.03726403,0,-0.9886035,-0.112693,-0.09981705,0,-0.9746667,1.603912,-0.5862336,1,1.0,1.0,-0.1523675,-0.1022181,0.9830238,0.001312012,-0.000377678,-0.02081688,29.76667,1831
6,-0.1141709,-0.09060027,0.9998949,-0.1998229,-0.1231137,0.9998764,-0.1569969,-0.1068573,0.9998857,0.09489304,-0.1174964,-0.9885291,0,0.04798815,0.9923956,-0.1133494,0,-0.9943301,0.03668162,-0.09980989,0,-0.5674292,-1.684775,-0.8401519,1,0.09489305,0.04798815,-0.9943302,0,-0.1174964,0.9923956,0.03668162,0,-0.9885291,-0.1133494,-0.09980987,0,-0.9746246,1.603962,-0.5862672,1,1.0,1.0,-0.1524583,-0.1025446,0.9829757,0.001311508,-0.0003777314,-0.02080899,29.78889,1832
6,-0.1143135,-0.09275761,0.9998194,-0.2001257,-0.1219145,0.9997687,-0.15722,-0.1073363,0.9997941,0.09443521,-0.1178075,-0.988536,0,0.04780559,0.9923646,-0.1136969,0,-0.9943825,0.03652056,-0.09934604,0,-0.5676104,-1.685182,-0.8392335,1,0.09443521,0.04780559,-0.9943825,0,-0.1178075,0.9923646,0.03652056,0,-0.9885359,-0.1136969,-0.09934602,0,-0.9745371,1.604032,-0.5862526,1,1.0,1.0,-0.152675,-0.1030077,0.9828936,0.001311035,-0.0003778534,-0.02079892,29.8,1833
6,-0.1139107,-0.09197989,0.9999017,-0.200259,-0.1230227,0.9998755,-0.1570851,-0.1075014,0.9998885,0.09415758,-0.1178432,-0.9885583,0,0.0477207,0.9923625,-0.1137514,0,-0.994413,0.03646412,-0.09906197,0,-0.5677855,-1.685266,-0.8389393,1,0.09415752,0.04772069,-0.9944128,0,-0.1178432,0.9923626,0.03646413,0,-0.9885582,-0.1137514,-0.09906198,0,-0.9744762,1.60406,-0.5862684,1,1.0,1.0,-0.1525347,-0.1031592,0.9828995,0.001310928,-0.0003783722,-0.02078052,29.81111,1834
6,-0.1143779,-0.09335458,0.9998922,-0.2005138,-0.1230237,0.999857,-0.1574461,-0.1081894,0.9998747,0.0932793,-0.117753,-0.9886523,0,0.04773502,0.9923686,-0.1136918,0,-0.9944951,0.03658824,-0.0981884,0,-0.5687212,-1.685109,-0.838484,1,0.09327929,0.04773502,-0.994495,0,-0.117753,0.9923688,0.03658824,0,-0.9886522,-0.1136918,-0.09818839,0,-0.9743457,1.604069,-0.5862646,1,1.0,1.0,-0.1528669,-0.1038104,0.9827793,0.001310851,-0.0003792267,-0.02077059,29.83333,1835
6,-0.1144445,-0.09318396,0.9999164,-0.2003441,-0.123158,0.9998958,-0.1573946,-0.1081711,0.9999061,0.0928551,-0.1173999,-0.9887342,0,0.04811191,0.9923934,-0.1133161,0,-0.9945166,0.03704792,-0.0977971,0,-0.5697809,-1.68452,-0.8388596,1,0.09285507,0.04811191,-0.9945166,0,-0.1173999,0.9923934,0.03704792,0,-0.9887341,-0.1133161,-0.09779712,0,-0.9742645,1.604064,-0.5862866,1,1.0,1.0,-0.1528147,-0.1037892,0.9827897,0.001311271,-0.0003809891,-0.02077059,29.84444,1836
6,-0.1145153,-0.09325419,0.9999536,-0.2005555,-0.1226563,0.9999609,-0.1575354,-0.1079554,0.9999571,0.09265244,-0.1165899,-0.988849,0,0.04814754,0.9924837,-0.1125072,0,-0.9945338,0.03718658,-0.09756958,0,-0.5700591,-1.683717,-0.8399925,1,0.09265245,0.04814753,-0.9945337,0,-0.1165899,0.9924837,0.03718658,0,-0.9888489,-0.1125072,-0.09756955,0,-0.9741127,1.604003,-0.5862889,1,1.0,1.0,-0.1529436,-0.1035737,0.9827924,0.001311889,-0.0003836136,-0.02077059,29.86667,1837
6,-0.1153336,-0.0939079,0.999996,-0.2009757,-0.1255245,0.9999796,-0.1581548,-0.1097164,0.9999878,0.09243166,-0.116566,-0.9888725,0,0.04827297,0.9924808,-0.1124792,0,-0.9945482,0.03733917,-0.09736365,0,-0.5703933,-1.683492,-0.8399557,1,0.09243167,0.04827297,-0.9945481,0,-0.116566,0.9924809,0.03733918,0,-0.9888723,-0.1124792,-0.09736363,0,-0.9741245,1.603891,-0.5862045,1,1.0,1.0,-0.1534945,-0.1052356,0.9825299,0.001312012,-0.0003864823,-0.02077059,29.87778,1838
6,-0.1156117,-0.09311891,0.9999676,-0.2010522,-0.1246148,0.9999873,-0.1583317,-0.1088668,0.9999774,0.09257382,-0.1164082,-0.9888779,0,0.04848062,0.9924915,-0.112295,0,-0.994525,0.03754582,-0.09752226,0,-0.5705892,-1.683205,-0.8402808,1,0.09257378,0.04848062,-0.9945248,0,-0.1164081,0.9924915,0.03754583,0,-0.9888776,-0.112295,-0.09752226,0,-0.974052,1.60387,-0.5862138,1,1.0,1.0,-0.1536764,-0.104418,0.9825886,0.001314125,-0.0003927384,-0.02077925,29.88889,1839
6,-0.1166767,-0.09444649,0.9999713,-0.2014433,-0.1262005,0.9999974,-0.1590598,-0.1103233,0.9999844,0.09272832,-0.1161016,-0.9888995,0,0.04836583,0.9925313,-0.1119928,0,-0.9945163,0.03744401,-0.09765106,0,-0.5701789,-1.683028,-0.840636,1,0.09272824,0.04836579,-0.9945158,0,-0.1161016,0.9925312,0.03744402,0,-0.9888992,-0.1119928,-0.09765107,0,-0.9738347,1.60389,-0.5861216,1,1.0,1.0,-0.1543392,-0.1057844,0.9823385,0.001316673,-0.000400879,-0.02078072,29.91111,1840
6,-0.1167953,-0.09430716,0.9998103,-0.2004001,-0.1249705,0.9998237,-0.1585975,-0.1096387,0.999817,0.09287548,-0.11606,-0.9888905,0,0.04835312,0.9925371,-0.1119467,0,-0.994503,0.03741883,-0.09779423,0,-0.5700307,-1.682965,-0.8405745,1,0.09287548,0.04835312,-0.9945029,0,-0.11606,0.9925371,0.03741883,0,-0.9888903,-0.1119467,-0.09779421,0,-0.9736189,1.603868,-0.5861259,1,1.0,1.0,-0.1539437,-0.1051529,0.9824685,0.001320679,-0.0004050674,-0.02078072,29.92222,1841
6,-0.1188008,-0.0949719,0.99981,-0.2002658,-0.1259772,0.9998337,-0.1595331,-0.1104744,0.9998218,0.09317291,-0.115644,-0.9889113,0,0.04817812,0.9925919,-0.1115352,0,-0.9944837,0.03725182,-0.09805417,0,-0.5694697,-1.682666,-0.8410949,1,0.09317288,0.04817811,-0.9944835,0,-0.115644,0.992592,0.03725182,0,-0.988911,-0.1115352,-0.09805417,0,-0.9732991,1.603825,-0.5861188,1,1.0,1.0,-0.1548151,-0.1059293,0.9822481,0.001327346,-0.0004087143,-0.0207832,29.94444,1842
6,-0.1197112,-0.09530222,0.9999679,-0.1998346,-0.1264916,0.999967,-0.1597728,-0.1108969,0.9999674,0.09314686,-0.1156278,-0.9889155,0,0.04823624,0.9925915,-0.1115142,0,-0.9944833,0.03731437,-0.0980342,0,-0.5695848,-1.68255,-0.8410891,1,0.09314683,0.04823623,-0.9944832,0,-0.1156278,0.9925915,0.03731437,0,-0.9889155,-0.1115142,-0.09803422,0,-0.9732606,1.603767,-0.5861147,1,1.0,1.0,-0.1550185,-0.1063102,0.9821749,0.001333222,-0.0004118958,-0.02077749,29.95556,1843
6,-0.1216034,-0.09555139,0.9999776,-0.1993946,-0.1279407,1.000008,-0.1604989,-0.1117459,0.9999929,0.09336489,-0.115277,-0.988936,0,0.04844691,0.992624,-0.1111331,0,-0.9944527,0.03753494,-0.09826106,0,-0.5697114,-1.682079,-0.8417654,1,0.09336489,0.04844688,-0.9944524,0,-0.115277,0.9926239,0.03753495,0,-0.9889358,-0.1111331,-0.09826102,0,-0.9731659,1.603724,-0.5861269,1,1.0,1.0,-0.1556841,-0.1071035,0.9819834,0.001334572,-0.0004118958,-0.02077862,29.96667,1844
6,-0.1216524,-0.09551988,0.9999825,-0.1993744,-0.1279217,0.999999,-0.1605133,-0.1117207,0.9999908,0.09348935,-0.1144522,-0.98902,0,0.048705,0.992707,-0.110275,0,-0.9944283,0.03786068,-0.09838194,0,-0.5699903,-1.68119,-0.8432015,1,0.09348936,0.048705,-0.9944283,0,-0.1144522,0.992707,0.03786069,0,-0.9890199,-0.110275,-0.09838192,0,-0.973071,1.603706,-0.5861192,1,1.0,1.0,-0.155698,-0.1070797,0.9819838,0.001334572,-0.0004116592,-0.02078068,29.98889,1845
6,-0.1219876,-0.09479477,1.000019,-0.1993814,-0.127927,1.000039,-0.1606844,-0.1113606,1.000029,0.09363264,-0.1142187,-0.9890335,0,0.04876445,0.9927314,-0.1100291,0,-0.9944119,0.03792734,-0.09852183,0,-0.5698849,-1.680985,-0.8436689,1,0.09363259,0.04876443,-0.9944118,0,-0.1142186,0.9927314,0.03792734,0,-0.9890333,-0.1100291,-0.09852184,0,-0.9730567,1.603729,-0.5860648,1,1.0,1.0,-0.1558586,-0.1067305,0.9819963,0.001334572,-0.000411644,-0.02078068,30.0,1846
6,-0.1216677,-0.09432356,0.9999673,-0.1993659,-0.12774,0.9999585,-0.1605167,-0.1110319,0.9999629,0.09351677,-0.1141028,-0.9890577,0,0.04861668,0.9927494,-0.1099319,0,-0.99443,0.03780422,-0.09838605,0,-0.5697027,-1.680982,-0.8436812,1,0.0935168,0.04861668,-0.99443,0,-0.1141028,0.9927495,0.03780422,0,-0.9890577,-0.1099319,-0.09838601,0,-0.9729774,1.603744,-0.5859877,1,1.0,1.0,-0.1557159,-0.1064272,0.9820518,0.001334572,-0.0004114991,-0.0207826,30.02222,1847
6,-0.1211898,-0.09385309,0.9999489,-0.1981471,-0.1273427,0.9999511,-0.1596686,-0.1105979,0.9999499,0.09361529,-0.1142683,-0.9890294,0,0.04864754,0.9927303,-0.1100912,0,-0.9944193,0.03780761,-0.09849358,0,-0.5696176,-1.681148,-0.8434131,1,0.09361526,0.04864752,-0.9944192,0,-0.1142683,0.9927302,0.03780762,0,-0.9890292,-0.1100912,-0.09849359,0,-0.9729371,1.603784,-0.5859492,1,1.0,1.0,-0.1549282,-0.1060296,0.9822195,0.001334572,-0.0004107132,-0.02078307,30.03333,1848
6,-0.1199958,-0.09396178,0.9999415,-0.1984008,-0.1261796,0.9999127,-0.1591985,-0.1100709,0.9999272,0.09335136,-0.1145808,-0.9890181,0,0.04879864,0.9926885,-0.1104,0,-0.9944366,0.03795674,-0.09826016,0,-0.5701327,-1.681319,-0.8427691,1,0.09335132,0.04879863,-0.9944366,0,-0.1145808,0.9926885,0.03795674,0,-0.9890181,-0.1104,-0.09826022,0,-0.9729382,1.603806,-0.5859541,1,1.0,1.0,-0.1544946,-0.105539,0.9823406,0.001331497,-0.0004089127,-0.02078954,30.04445,1849
6,-0.1186516,-0.09285519,0.9998814,-0.1984641,-0.1263042,0.9998826,-0.158558,-0.1095796,0.999882,0.09325016,-0.1147495,-0.9890081,0,0.04856661,0.9926781,-0.1105962,0,-0.9944575,0.03771965,-0.09814036,0,-0.5698726,-1.68165,-0.8421957,1,0.09325013,0.0485666,-0.9944575,0,-0.1147496,0.9926781,0.03771966,0,-0.9890081,-0.1105962,-0.09814038,0,-0.9727663,1.603871,-0.5859362,1,1.0,1.0,-0.1539049,-0.1050866,0.9824816,0.001329414,-0.0004081192,-0.02078998,30.06667,1850
6,-0.1192031,-0.09282058,0.9997726,-0.1992462,-0.1268651,0.9997597,-0.1592248,-0.109843,0.9997662,0.09313267,-0.1149009,-0.9890016,0,0.04868551,0.9926561,-0.1107408,0,-0.9944627,0.03783645,-0.09804273,0,-0.5702105,-1.681714,-0.8416982,1,0.09313268,0.04868551,-0.9944627,0,-0.1149009,0.9926562,0.03783645,0,-0.9890016,-0.1107408,-0.09804273,0,-0.9725661,1.603915,-0.5859453,1,1.0,1.0,-0.1545409,-0.1053415,0.9823545,0.001325798,-0.0004049988,-0.02079066,30.07778,1851
