flag,xl,yl,zl,xr,yr,zr,xc,yc,zc,mat_00,mat_10,mat_20,mat_30,mat_01,mat_11,mat_21,mat_31,mat_02,mat_12,mat_22,mat_32,mat_03,mat_13,mat_23,mat_33,ctw_00,ctw_10,ctw_20,ctw_30,ctw_01,ctw_11,ctw_21,ctw_31,ctw_02,ctw_12,ctw_22,ctw_32,ctw_03,ctw_13,ctw_23,ctw_33,opennessl,opennessr,ray_x,ray_y,ray_z,eye_x,eye_y,eye_z,time,frame,u,v
6.0,-0.02293388,-0.02101151,1.000084,-0.2268731,-0.0496105,1.000046,-0.1249049,-0.03531112,1.000065,0.03183222,-0.01040529,-0.9994392,0.0,-0.04106329,0.9990879,-0.0117095,0.0,-0.9986495,-0.04141299,-0.03137589,0.0,-0.9767189,-1.705957,-1.059855,1.0,0.03183218,-0.04106328,-0.9986492,0.0,-0.01040529,0.9990879,-0.04141299,0.0,-0.9994389,-0.0117095,-0.0313759,0.0,-1.04592,1.651884,-1.079302,1.0,1.0,1.0,-0.1244085,-0.03083845,0.9917517,0.00274302,-0.003670105,-0.01751221,35.54445,2169.0,-0.175,-0.15849999999999997
6.0,-0.02303302,-0.02077918,1.000161,-0.2263649,-0.05081034,1.000163,-0.1246988,-0.035795,1.000162,0.03188336,-0.01070266,-0.9994344,0.0,-0.04089449,0.9990914,-0.01200359,0.0,-0.9986547,-0.04125408,-0.03141671,0.0,-0.976963,-1.706257,-1.059574,1.0,0.03188336,-0.04089449,-0.9986545,0.0,-0.01070267,0.9990914,-0.04125407,0.0,-0.9994343,-0.01200358,-0.0314167,0.0,-1.046087,1.652036,-1.079327,1.0,1.0,1.0,-0.1241969,-0.0313104,0.9917635,0.00274302,-0.003666168,-0.0175129,35.55556,2170.0,-0.175,-0.15849999999999997
6.0,-0.02296712,-0.01999555,1.000133,-0.2256937,-0.04832745,1.000118,-0.124331,-0.03416159,1.000126,0.0318346,-0.01091502,-0.9994335,0.0,-0.04060584,0.9991007,-0.01220478,0.0,-0.998668,-0.04097137,-0.03136277,0.0,-0.9774613,-1.706158,-1.059321,1.0,0.03183462,-0.04060584,-0.9986681,0.0,-0.01091502,0.9991007,-0.04097138,0.0,-0.9994336,-0.01220479,-0.03136277,0.0,-1.046226,1.652004,-1.079286,1.0,1.0,1.0,-0.1238542,-0.02972562,0.9918551,0.002743126,-0.003662956,-0.01751498,35.56667,2171.0,-0.175,-0.15849999999999997
6.0,-0.02210213,-0.0195716,1.000036,-0.2254442,-0.04589982,1.000113,-0.1237705,-0.03273543,1.000074,0.03240907,-0.01135904,-0.9994102,0.0,-0.0404649,0.9991007,-0.01266773,0.0,-0.9986552,-0.04085158,-0.03192025,0.0,-0.977047,-1.706615,-1.059107,1.0,0.03240905,-0.0404649,-0.9986552,0.0,-0.01135904,0.9991006,-0.04085157,0.0,-0.9994102,-0.01266773,-0.03192028,0.0,-1.046203,1.652128,-1.079258,1.0,1.0,1.0,-0.1233278,-0.02834079,0.9919612,0.002743782,-0.003662048,-0.01751754,35.58889,2172.0,-0.175,-0.15849999999999997
6.0,-0.02202408,-0.01935383,1.000075,-0.2262078,-0.04718836,1.000171,-0.1241127,-0.03327055,1.000123,0.03294313,-0.01182012,-0.9993874,0.0,-0.04050377,0.9990928,-0.01315178,0.0,-0.9986362,-0.04091222,-0.03243446,0.0,-0.9763284,-1.707127,-1.05891,1.0,0.0329431,-0.04050377,-0.9986361,0.0,-0.01182012,0.9990928,-0.04091221,0.0,-0.9993872,-0.01315177,-0.03243448,0.0,-1.046276,1.652107,-1.079184,1.0,1.0,1.0,-0.1236481,-0.02886928,0.991906,0.002745003,-0.00365213,-0.01753091,35.6,2173.0,-0.175,-0.15849999999999997
6.0,-0.02162091,-0.02212536,1.000123,-0.223863,-0.04587308,1.000158,-0.1227407,-0.03399911,1.00014,0.03365815,-0.01226548,-0.9993582,0.0,-0.04101846,0.9990652,-0.01364338,0.0,-0.9985913,-0.04145135,-0.03312355,0.0,-0.9746433,-1.708193,-1.05901,1.0,0.03365812,-0.04101846,-0.9985912,0.0,-0.01226548,0.9990653,-0.04145135,0.0,-0.9993581,-0.01364338,-0.03312357,0.0,-1.046477,1.652169,-1.079155,1.0,1.0,1.0,-0.1223299,-0.02959679,0.9920481,0.002749978,-0.003637673,-0.01753942,35.62222,2174.0,-0.175,-0.15849999999999997
6.0,-0.02138526,-0.02108219,1.000136,-0.2235346,-0.04514394,1.000202,-0.1224575,-0.03311272,1.000169,0.0339126,-0.0116308,-0.9993572,0.0,-0.0410403,0.9990727,-0.01302017,0.0,-0.9985819,-0.04145546,-0.03340381,0.0,-0.9743668,-1.707574,-1.060457,1.0,0.03391259,-0.0410403,-0.9985818,0.0,-0.0116308,0.9990727,-0.04145546,0.0,-0.999357,-0.01302016,-0.03340381,0.0,-1.046593,1.652195,-1.079196,1.0,1.0,1.0,-0.1220595,-0.02873361,0.9921069,0.002753342,-0.00363736,-0.01755368,35.63334,2175.0,-0.175,-0.15849999999999997
6.0,-0.0214113,-0.02109611,1.00004,-0.2235219,-0.04510633,1.000053,-0.1224661,-0.0331012,1.000046,0.03425211,-0.01171559,-0.9993445,0.0,-0.04118409,0.9990654,-0.01312388,0.0,-0.9985643,-0.04160662,-0.0337376,0.0,-0.9738259,-1.707778,-1.060626,1.0,0.03425211,-0.0411841,-0.9985643,0.0,-0.01171559,0.9990655,-0.04160662,0.0,-0.9993446,-0.01312389,-0.0337376,0.0,-1.046583,1.652156,-1.079266,1.0,1.0,1.0,-0.1220821,-0.0287257,0.9921042,0.002753342,-0.00363736,-0.01755368,35.65556,2176.0,-0.175,-0.15849999999999997
6.0,-0.02140959,-0.02109539,1.000012,-0.2239776,-0.0451372,0.999942,-0.1226959,-0.03311675,0.9999769,0.03393936,-0.01197853,-0.9993522,0.0,-0.04118023,0.9990622,-0.0133736,0.0,-0.9985752,-0.04160745,-0.03341424,0.0,-0.9742199,-1.708119,-1.059896,1.0,0.03393935,-0.04118023,-0.9985751,0.0,-0.01197854,0.9990622,-0.04160745,0.0,-0.999352,-0.01337359,-0.03341425,0.0,-1.046606,1.652224,-1.079318,1.0,1.0,1.0,-0.122311,-0.02874214,0.9920756,0.002753342,-0.00363736,-0.01755368,35.66667,2177.0,-0.175,-0.15849999999999997
6.0,-0.02011775,-0.0224956,1.000043,-0.2241275,-0.0460916,1.000001,-0.122124,-0.03429366,1.000022,0.03380418,-0.01255961,-0.9993495,0.0,-0.04134493,0.9990475,-0.01395435,0.0,-0.9985729,-0.04178975,-0.03325272,0.0,-0.9741472,-1.708911,-1.058818,1.0,0.03380419,-0.04134493,-0.9985729,0.0,-0.01255961,0.9990476,-0.04178976,0.0,-0.9993496,-0.01395435,-0.0332527,0.0,-1.046662,1.652232,-1.079381,1.0,1.0,1.0,-0.1217522,-0.02988913,0.9921104,0.002753342,-0.00363736,-0.01755368,35.67778,2178.0,-0.175,-0.15849999999999997
6.0,-0.01997918,-0.02277642,1.000071,-0.2236632,-0.04627276,0.9999841,-0.1218243,-0.03452495,1.000027,0.03309059,-0.01402824,-0.9993539,0.0,-0.04142292,0.9990231,-0.01539519,0.0,-0.9985936,-0.04190559,-0.03247714,0.0,-0.9748279,-1.710646,-1.055788,1.0,0.03309056,-0.04142292,-0.9985936,0.0,-0.01402824,0.9990231,-0.04190559,0.0,-0.999354,-0.01539519,-0.03247718,0.0,-1.046845,1.65234,-1.079432,1.0,1.0,1.0,-0.1214637,-0.03010965,0.992139,0.002753342,-0.003643776,-0.01754571,35.7,2179.0,-0.175,-0.15849999999999997
6.0,-0.02087296,-0.02037806,1.00008,-0.225094,-0.04756057,0.9999964,-0.1229862,-0.03396996,1.000038,0.03276443,-0.01462413,-0.9993561,0.0,-0.04160631,0.9990062,-0.01598309,0.0,-0.9985967,-0.0421032,-0.03212339,0.0,-0.9749141,-1.711524,-1.054536,1.0,0.03276441,-0.04160631,-0.9985967,0.0,-0.01462413,0.9990062,-0.04210319,0.0,-0.9993561,-0.01598309,-0.03212342,0.0,-1.046944,1.652406,-1.079482,1.0,1.0,1.0,-0.1225737,-0.02955404,0.9920193,0.002745286,-0.003654877,-0.01753712,35.71111,2180.0,-0.175,-0.15849999999999997
6.0,-0.02054995,-0.02097166,1.000069,-0.2257825,-0.04691996,1.000009,-0.1231681,-0.03394607,1.000039,0.03231007,-0.01568311,-0.999355,0.0,-0.04126861,0.9990032,-0.01701185,0.0,-0.9986256,-0.04179164,-0.03163064,0.0,-0.9759457,-1.712419,-1.052448,1.0,0.03231006,-0.04126861,-0.9986255,0.0,-0.01568312,0.9990032,-0.04179164,0.0,-0.9993547,-0.01701185,-0.03163064,0.0,-1.047092,1.652532,-1.079459,1.0,1.0,1.0,-0.1227454,-0.0295274,0.9919989,0.002740624,-0.00365799,-0.01752786,35.73333,2181.0,-0.175,-0.15849999999999997
6.0,-0.0201494,-0.02091285,1.000158,-0.2248874,-0.04822156,1.00014,-0.1225191,-0.03456742,1.000149,0.03226727,-0.01598974,-0.9993515,0.0,-0.04136276,0.9989941,-0.01731956,0.0,-0.9986231,-0.04189479,-0.03157341,0.0,-0.975851,-1.712757,-1.052039,1.0,0.03226725,-0.04136276,-0.9986229,0.0,-0.01598975,0.9989941,-0.04189479,0.0,-0.9993513,-0.01731955,-0.03157343,0.0,-1.047255,1.652449,-1.079479,1.0,1.0,1.0,-0.1221049,-0.03012878,0.9920598,0.002738792,-0.003660889,-0.01752597,35.74445,2182.0,-0.175,-0.15849999999999997
6.0,-0.02014707,-0.02094559,1.000116,-0.2258396,-0.05020834,1.000075,-0.1229948,-0.0355772,1.000095,0.03206074,-0.01591945,-0.9993592,0.0,-0.04149854,0.9989898,-0.01724489,0.0,-0.9986241,-0.04202483,-0.03136772,0.0,-0.9759071,-1.712882,-1.052067,1.0,0.03206074,-0.04149854,-0.998624,0.0,-0.01591945,0.9989897,-0.04202483,0.0,-0.9993591,-0.01724489,-0.03136772,0.0,-1.047372,1.65251,-1.079549,1.0,1.0,1.0,-0.122565,-0.03111078,0.9919727,0.002738792,-0.003662407,-0.01752175,35.75556,2183.0,-0.175,-0.15849999999999997
6.0,-0.02019193,-0.0223365,1.000038,-0.2248025,-0.05178842,0.9999893,-0.1224989,-0.03706289,1.000014,0.03170186,-0.01598822,-0.9993694,0.0,-0.04215279,0.998961,-0.01731884,0.0,-0.9986081,-0.04267525,-0.03099495,0.0,-0.9752851,-1.713611,-1.051687,1.0,0.03170184,-0.0421528,-0.9986082,0.0,-0.01598822,0.9989611,-0.04267526,0.0,-0.9993696,-0.01731885,-0.03099498,0.0,-1.047503,1.652506,-1.079653,1.0,1.0,1.0,-0.1220933,-0.03255502,0.9919845,0.002738343,-0.003669602,-0.01751577,35.77778,2184.0,-0.175,-0.15849999999999997
6.0,-0.02017865,-0.02202766,1.000076,-0.2248107,-0.0513657,1.000063,-0.1224952,-0.03669676,1.00007,0.03165203,-0.01606569,-0.9993697,0.0,-0.04217804,0.9989586,-0.01739494,0.0,-0.9986086,-0.04270205,-0.03094149,0.0,-0.9753315,-1.713739,-1.051582,1.0,0.03165207,-0.04217804,-0.9986086,0.0,-0.01606569,0.9989586,-0.04270205,0.0,-0.9993699,-0.01739495,-0.03094145,0.0,-1.047581,1.652525,-1.079692,1.0,1.0,1.0,-0.1220843,-0.03219484,0.9919975,0.002738343,-0.003671761,-0.01751577,35.78889,2185.0,-0.175,-0.15849999999999997
6.0,-0.02002115,-0.02196579,1.000078,-0.2248233,-0.05001888,1.000095,-0.1224217,-0.03599244,1.000086,0.03178233,-0.01672818,-0.9993549,0.0,-0.04221611,0.9989452,-0.01806392,0.0,-0.9986029,-0.04276299,-0.03104258,0.0,-0.9752211,-1.714508,-1.050893,1.0,0.0317823,-0.04221611,-0.9986028,0.0,-0.01672819,0.9989452,-0.04276299,0.0,-0.9993548,-0.01806392,-0.0310426,0.0,-1.047901,1.652546,-1.079799,1.0,1.0,1.0,-0.1220151,-0.03150099,0.9920282,0.0027388,-0.003679253,-0.01751705,35.81111,2186.0,-0.175,-0.15849999999999997
6.0,-0.0202666,-0.02429508,1.000238,-0.2262057,-0.05086654,1.000255,-0.1232356,-0.03758067,1.000246,0.03191882,-0.01717048,-0.999343,0.0,-0.04211932,0.9989411,-0.01850886,0.0,-0.9986026,-0.04268242,-0.03116179,0.0,-0.9752344,-1.714842,-1.05052,1.0,0.03191879,-0.04211932,-0.9986027,0.0,-0.01717048,0.9989412,-0.04268243,0.0,-0.9993429,-0.01850886,-0.03116182,0.0,-1.048146,1.652506,-1.079801,1.0,1.0,1.0,-0.1227719,-0.03303401,0.9918849,0.002739593,-0.003684693,-0.01751844,35.82222,2187.0,-0.175,-0.15849999999999997
6.0,-0.02174167,-0.02406306,1.000111,-0.2255195,-0.05138047,1.000182,-0.1236281,-0.03772131,1.000147,0.03231084,-0.01748534,-0.9993249,0.0,-0.04211029,0.9989353,-0.01884006,0.0,-0.9985904,-0.0426906,-0.03154016,0.0,-0.974849,-1.715242,-1.050472,1.0,0.03231087,-0.04211029,-0.9985904,0.0,-0.01748534,0.9989353,-0.0426906,0.0,-0.9993249,-0.01884006,-0.03154013,0.0,-1.048256,1.652573,-1.079832,1.0,1.0,1.0,-0.1231612,-0.0331714,0.9918321,0.002741386,-0.003685951,-0.01752288,35.83334,2188.0,-0.175,-0.15849999999999997
6.0,-0.02204062,-0.02380061,1.000171,-0.2252958,-0.0514604,1.000218,-0.1236668,-0.03763014,1.000195,0.03267813,-0.01728223,-0.9993166,0.0,-0.04228375,0.9989314,-0.01865828,0.0,-0.9985712,-0.04286458,-0.03191245,0.0,-0.9740593,-1.715118,-1.051415,1.0,0.03267811,-0.04228375,-0.9985709,0.0,-0.01728223,0.9989314,-0.04286456,0.0,-0.9993163,-0.01865827,-0.03191244,0.0,-1.048506,1.652481,-1.079738,1.0,1.0,1.0,-0.1231945,-0.03308044,0.991831,0.002743401,-0.003685951,-0.01752742,35.85556,2189.0,-0.175,-0.15849999999999997
6.0,-0.02203148,-0.02379666,1.0,-0.2252544,-0.05144981,1.0,-0.1236429,-0.03762312,1.0,0.03267813,-0.01728223,-0.9993166,0.0,-0.04228375,0.9989314,-0.01865828,0.0,-0.9985712,-0.04286458,-0.03191245,0.0,-0.9740593,-1.715118,-1.051415,1.0,0.03267811,-0.04228375,-0.9985709,0.0,-0.01728223,0.9989314,-0.04286456,0.0,-0.9993163,-0.01865827,-0.03191244,0.0,-1.048506,1.652481,-1.079738,1.0,1.0,1.0,-0.1231945,-0.03308044,0.991831,0.002743401,-0.003685951,-0.01752742,35.86667,2190.0,-0.175,-0.15849999999999997
6.0,-0.02170362,-0.0244567,1.000304,-0.2250142,-0.05348312,1.00037,-0.123357,-0.0389694,1.000337,0.03323853,-0.01686618,-0.9993051,0.0,-0.04272379,0.9989197,-0.01828074,0.0,-0.9985338,-0.04330172,-0.03248209,0.0,-0.9727046,-1.715207,-1.053012,1.0,0.03323858,-0.04272379,-0.9985338,0.0,-0.01686618,0.9989197,-0.04330172,0.0,-0.9993051,-0.01828074,-0.03248203,0.0,-1.048878,1.652546,-1.079754,1.0,1.0,1.0,-0.1228754,-0.03437877,0.9918264,0.002745042,-0.003688164,-0.01753104,35.88889,2191.0,-0.175,-0.15849999999999997
6.0,-0.02135749,-0.02577161,0.9999413,-0.2259456,-0.0535062,1.000002,-0.1236495,-0.03963863,0.9999719,0.03355563,-0.01701523,-0.999292,0.0,-0.04267694,0.9989187,-0.01844195,0.0,-0.9985253,-0.04326556,-0.03279322,0.0,-0.9725564,-1.715365,-1.053006,1.0,0.03355567,-0.04267694,-0.9985253,0.0,-0.01701523,0.9989187,-0.04326556,0.0,-0.999292,-0.01844194,-0.03279319,0.0,-1.048813,1.652585,-1.07987,1.0,1.0,1.0,-0.1231971,-0.03504106,0.9917634,0.002745042,-0.003688187,-0.01753184,35.9,2192.0,-0.175,-0.15849999999999997
6.0,-0.02186953,-0.02580259,0.9998891,-0.224426,-0.05388108,0.9998449,-0.1231495,-0.03984209,0.9998671,0.03285599,-0.01768496,-0.9993036,0.0,-0.04263296,0.9989086,-0.01907969,0.0,-0.9985504,-0.04323015,-0.03206617,0.0,-0.9734533,-1.716083,-1.051151,1.0,0.03285599,-0.04263295,-0.9985504,0.0,-0.01768496,0.9989087,-0.04323015,0.0,-0.9993037,-0.01907969,-0.03206617,0.0,-1.048784,1.652654,-1.079935,1.0,1.0,1.0,-0.1227288,-0.03524518,0.9918142,0.002745042,-0.003687782,-0.01753106,35.92222,2193.0,-0.175,-0.15849999999999997
6.0,-0.02164638,-0.02568189,1.000088,-0.2240482,-0.05463389,1.000064,-0.1228482,-0.0401581,1.000076,0.03274506,-0.01775862,-0.999306,0.0,-0.04255643,0.9989106,-0.01914608,0.0,-0.9985574,-0.04315384,-0.03195369,0.0,-0.9736927,-1.716143,-1.051015,1.0,0.0327451,-0.04255643,-0.9985573,0.0,-0.01775862,0.9989106,-0.04315383,0.0,-0.999306,-0.01914608,-0.03195364,0.0,-1.048878,1.652714,-1.07993,1.0,1.0,1.0,-0.1224133,-0.03554671,0.9918424,0.002745042,-0.003688187,-0.01753284,35.93333,2194.0,-0.175,-0.15849999999999997
6.0,-0.02175882,-0.02520984,0.999844,-0.2230026,-0.05529251,0.9997825,-0.1223829,-0.04025168,0.9998133,0.03229004,-0.01788881,-0.9993185,0.0,-0.04262547,0.9989055,-0.01925874,0.0,-0.9985693,-0.04321829,-0.03149223,0.0,-0.9741966,-1.716471,-1.05023,1.0,0.03229008,-0.04262546,-0.998569,0.0,-0.01788881,0.9989055,-0.04321828,0.0,-0.9993182,-0.01925873,-0.03149217,0.0,-1.048763,1.65284,-1.080059,1.0,1.0,1.0,-0.1219943,-0.03564862,0.9918904,0.002741685,-0.003688393,-0.01752795,35.95555,2195.0,-0.175,-0.15849999999999997
6.0,-0.02230011,-0.02535448,1.000008,-0.2219668,-0.0550121,1.000023,-0.1221331,-0.04018304,1.000016,0.03237116,-0.01792983,-0.9993151,0.0,-0.04265437,0.9989034,-0.01930416,0.0,-0.9985654,-0.04325005,-0.03157091,0.0,-0.9740877,-1.716552,-1.050243,1.0,0.03237119,-0.04265436,-0.9985653,0.0,-0.01792983,0.9989033,-0.04325005,0.0,-0.999315,-0.01930416,-0.03157087,0.0,-1.048769,1.652846,-1.080088,1.0,1.0,1.0,-0.1217294,-0.03557467,0.9919256,0.002739709,-0.003689751,-0.01752591,35.96667,2196.0,-0.175,-0.15849999999999997
6.0,-0.02211452,-0.02580597,1.000025,-0.2221953,-0.05484058,1.000021,-0.1221548,-0.0403234,1.000023,0.03230935,-0.01762196,-0.9993226,0.0,-0.04276799,0.9989044,-0.01899733,0.0,-0.9985625,-0.04335281,-0.03152025,0.0,-0.9740096,-1.716197,-1.050722,1.0,0.0323093,-0.04276799,-0.9985625,0.0,-0.01762196,0.9989043,-0.04335281,0.0,-0.9993225,-0.01899733,-0.0315203,0.0,-1.048783,1.652699,-1.08013,1.0,1.0,1.0,-0.1217483,-0.03571028,0.9919184,0.002739098,-0.003690354,-0.0175254,35.97778,2197.0,-0.175,-0.15849999999999997
6.0,-0.02202032,-0.02571267,1.000025,-0.2236915,-0.05400483,1.00009,-0.1228537,-0.0398583,1.000058,0.03276354,-0.01746927,-0.9993104,0.0,-0.04279492,0.9989058,-0.01886528,0.0,-0.9985465,-0.04338351,-0.0319801,0.0,-0.973496,-1.71608,-1.051444,1.0,0.03276354,-0.04279491,-0.9985464,0.0,-0.01746927,0.9989057,-0.0433835,0.0,-0.9993104,-0.01886528,-0.03198009,0.0,-1.048802,1.652706,-1.080156,1.0,1.0,1.0,-0.1224176,-0.03525152,0.9918524,0.002739052,-0.003692002,-0.0175215,36.0,2198.0,-0.175,-0.15849999999999997
6.0,-0.0220672,-0.0253544,1.000024,-0.2236668,-0.05345026,1.000076,-0.1228655,-0.03940202,1.00005,0.03303045,-0.01746913,-0.9993017,0.0,-0.04315856,0.9988897,-0.01888847,0.0,-0.998522,-0.04375232,-0.03223985,0.0,-0.9725821,-1.716475,-1.051695,1.0,0.03303047,-0.04315856,-0.9985221,0.0,-0.01746912,0.9988896,-0.04375232,0.0,-0.9993017,-0.01888847,-0.03223984,0.0,-1.048821,1.652729,-1.080151,1.0,1.0,1.0,-0.1224314,-0.03480697,0.9918664,0.002739052,-0.003693093,-0.01752062,36.01111,2199.0,-0.175,-0.15849999999999997
6.0,-0.02271503,-0.02502499,0.999894,-0.2236211,-0.05342726,0.9999202,-0.1231674,-0.03922585,0.9999071,0.03321099,-0.01779098,-0.99929,0.0,-0.04337392,0.9988739,-0.01922508,0.0,-0.9985068,-0.0439816,-0.03240192,0.0,-0.9720471,-1.717124,-1.0512,1.0,0.03321099,-0.04337392,-0.9985067,0.0,-0.01779098,0.998874,-0.04398161,0.0,-0.99929,-0.01922509,-0.03240193,0.0,-1.04872,1.65282,-1.080178,1.0,1.0,1.0,-0.1227389,-0.0346392,0.9918343,0.00273909,-0.003692597,-0.01752312,36.02222,2200.0,-0.175,-0.15849999999999997
6.0,-0.02200483,-0.02426275,1.000049,-0.224806,-0.05343051,1.000118,-0.1234031,-0.03884618,1.000084,0.03387648,-0.01733189,-0.9992757,0.0,-0.04375363,0.9988653,-0.01880807,0.0,-0.9984679,-0.0443591,-0.03307974,0.0,-0.9707247,-1.717038,-1.052634,1.0,0.03387651,-0.04375363,-0.9984677,0.0,-0.01733189,0.9988652,-0.04435909,0.0,-0.9992757,-0.01880806,-0.0330797,0.0,-1.048747,1.652819,-1.080224,1.0,1.0,1.0,-0.122945,-0.03426354,0.9918218,0.002739632,-0.003691635,-0.01753471,36.04445,2201.0,-0.175,-0.15849999999999997
6.0,-0.02148131,-0.02472375,0.999931,-0.2246737,-0.05345464,0.9999425,-0.123077,-0.03908906,0.9999368,0.03389329,-0.01701182,-0.9992807,0.0,-0.04399163,0.9988607,-0.01849676,0.0,-0.9984568,-0.0445869,-0.03310633,0.0,-0.9702758,-1.716951,-1.053106,1.0,0.03389332,-0.04399163,-0.9984567,0.0,-0.01701181,0.9988607,-0.0445869,0.0,-0.9992806,-0.01849676,-0.03310629,0.0,-1.048671,1.652832,-1.080196,1.0,1.0,1.0,-0.1226501,-0.03450687,0.99185,0.00274131,-0.003690987,-0.01753546,36.05556,2202.0,-0.175,-0.15849999999999997
6.0,-0.02210927,-0.0249126,0.9999945,-0.2246995,-0.05284037,1.000023,-0.1234033,-0.03887632,1.000009,0.03398603,-0.01620155,-0.9992911,0.0,-0.04366516,0.9988897,-0.01768011,0.0,-0.998468,-0.04423508,-0.03324085,0.0,-0.9707654,-1.715729,-1.054601,1.0,0.03398602,-0.04366516,-0.9984679,0.0,-0.01620155,0.9988898,-0.04423508,0.0,-0.9992909,-0.0176801,-0.03324085,0.0,-1.048659,1.65279,-1.080229,1.0,1.0,1.0,-0.1229551,-0.03429561,0.9918194,0.00274131,-0.003690895,-0.01753928,36.07778,2203.0,-0.175,-0.15849999999999997
6.0,-0.02117336,-0.02481826,1.000001,-0.2246973,-0.05315623,0.9999946,-0.1229356,-0.03898737,0.9999979,0.03389537,-0.01579619,-0.9993006,0.0,-0.043621,0.9988989,-0.01726943,0.0,-0.998473,-0.04417584,-0.03316903,0.0,-0.9709391,-1.715246,-1.055206,1.0,0.0338954,-0.043621,-0.998473,0.0,-0.01579619,0.9988989,-0.04417584,0.0,-0.9993005,-0.01726942,-0.033169,0.0,-1.048652,1.652781,-1.080229,1.0,1.0,1.0,-0.1225069,-0.03440604,0.9918711,0.00274131,-0.003690819,-0.01754094,36.08889,2204.0,-0.175,-0.15849999999999997
6.0,-0.02061051,-0.02423989,0.9999913,-0.2247168,-0.05342419,0.9999963,-0.1226635,-0.03883191,0.9999939,0.03398585,-0.01562914,-0.9993001,0.0,-0.04365097,0.9989004,-0.01710744,0.0,-0.9984686,-0.04420182,-0.03326625,0.0,-0.9707999,-1.715023,-1.055848,1.0,0.03398585,-0.04365097,-0.9984686,0.0,-0.01562914,0.9989004,-0.04420182,0.0,-0.9993001,-0.01710744,-0.03326625,0.0,-1.04892,1.652698,-1.080244,1.0,1.0,1.0,-0.1222463,-0.03425776,0.9919083,0.00274131,-0.003689255,-0.01754226,36.11111,2205.0,-0.175,-0.15849999999999997
6.0,-0.02085956,-0.02227996,0.9999963,-0.2231149,-0.05416878,0.9999711,-0.121988,-0.0382247,0.9999837,0.0338943,-0.01581486,-0.9993004,0.0,-0.04383973,0.9988889,-0.01729531,0.0,-0.9984636,-0.04439527,-0.03316331,0.0,-0.9705799,-1.715436,-1.055429,1.0,0.03389428,-0.04383972,-0.9984633,0.0,-0.01581487,0.9988889,-0.04439525,0.0,-0.9993002,-0.01729531,-0.03316331,0.0,-1.048923,1.652726,-1.080247,1.0,1.0,1.0,-0.1216002,-0.03366981,0.9920079,0.002740243,-0.003688332,-0.01754301,36.12222,2206.0,-0.175,-0.15849999999999997
6.0,-0.02123333,-0.02241765,0.9999446,-0.221314,-0.05291294,0.9999581,-0.1212733,-0.03766515,0.9999514,0.03400093,-0.01605696,-0.9992928,0.0,-0.04391969,0.998881,-0.01754471,0.0,-0.9984563,-0.04448517,-0.03325766,0.0,-0.9703492,-1.71573,-1.055058,1.0,0.03400093,-0.04391969,-0.9984564,0.0,-0.01605696,0.998881,-0.04448517,0.0,-0.9992929,-0.01754471,-0.03325767,0.0,-1.048869,1.652682,-1.080265,1.0,1.0,1.0,-0.1209182,-0.03313093,0.9921094,0.002738976,-0.003686775,-0.0175439,36.13334,2207.0,-0.175,-0.15849999999999997
6.0,-0.02130304,-0.02266824,1.000044,-0.2202221,-0.05167177,1.000037,-0.1207629,-0.03717002,1.000041,0.03384459,-0.01613799,-0.999297,0.0,-0.0445776,0.9988502,-0.01764056,0.0,-0.9984326,-0.04514329,-0.03308624,0.0,-0.9694372,-1.71645,-1.054754,1.0,0.03384455,-0.04457759,-0.9984323,0.0,-0.016138,0.9988502,-0.04514328,0.0,-0.9992967,-0.01764055,-0.03308627,0.0,-1.048902,1.652655,-1.080302,1.0,1.0,1.0,-0.1204188,-0.03264793,0.9921862,0.002738503,-0.003686447,-0.0175428,36.15556,2208.0,-0.175,-0.15849999999999997
6.0,-0.02136315,-0.02300937,1.000003,-0.2202037,-0.05209485,0.9999976,-0.1207835,-0.03755217,1.000001,0.03376877,-0.01577843,-0.9993051,0.0,-0.04487558,0.998843,-0.01728757,0.0,-0.9984217,-0.04542818,-0.03302163,0.0,-0.969002,-1.716365,-1.055273,1.0,0.03376877,-0.04487558,-0.9984217,0.0,-0.01577842,0.998843,-0.04542818,0.0,-0.9993051,-0.01728757,-0.03302163,0.0,-1.048899,1.652651,-1.080291,1.0,1.0,1.0,-0.1204413,-0.03302281,0.9921711,0.002737664,-0.003684975,-0.01754281,36.16667,2209.0,-0.175,-0.15849999999999997
6.0,-0.02123076,-0.02225921,0.9998717,-0.2199563,-0.05206458,0.9998795,-0.1205934,-0.03716195,0.9998755,0.03369397,-0.0150125,-0.9993195,0.0,-0.04491161,0.9988543,-0.0165198,0.0,-0.9984227,-0.04543766,-0.03298116,0.0,-0.9690222,-1.71553,-1.056369,1.0,0.03369399,-0.0449116,-0.9984225,0.0,-0.01501251,0.9988543,-0.04543766,0.0,-0.9993193,-0.01651979,-0.03298113,0.0,-1.048754,1.652593,-1.080284,1.0,1.0,1.0,-0.1202735,-0.03265129,0.9922037,0.002737419,-0.003680923,-0.01754823,36.18889,2210.0,-0.175,-0.15849999999999997
6.0,-0.02078386,-0.02241537,0.9999852,-0.219812,-0.05065738,0.9999628,-0.1202989,-0.03653666,0.999974,0.03350103,-0.014481,-0.9993339,0.0,-0.0446449,0.9988753,-0.01597101,0.0,-0.9984411,-0.0451502,-0.03281689,0.0,-0.9696667,-1.71455,-1.05709,1.0,0.03350107,-0.0446449,-0.998441,0.0,-0.01448101,0.9988752,-0.0451502,0.0,-0.9993337,-0.015971,-0.03281684,0.0,-1.04873,1.652448,-1.080258,1.0,1.0,1.0,-0.1199814,-0.03204053,0.992259,0.002737229,-0.003680245,-0.01754823,36.2,2211.0,-0.175,-0.15849999999999997
6.0,-0.02059301,-0.02246061,0.9999276,-0.2202509,-0.04926411,0.9999261,-0.120422,-0.03586224,0.9999268,0.0334506,-0.01400083,-0.9993424,0.0,-0.04439891,0.9988939,-0.01548069,0.0,-0.9984538,-0.04488755,-0.03279197,0.0,-0.9702129,-1.713768,-1.057814,1.0,0.03345059,-0.04439891,-0.9984536,0.0,-0.01400083,0.998894,-0.04488755,0.0,-0.9993421,-0.01548069,-0.03279198,0.0,-1.048659,1.65242,-1.080327,1.0,1.0,1.0,-0.1201083,-0.03138553,0.9922646,0.002737771,-0.003679383,-0.01754772,36.22222,2212.0,-0.175,-0.15849999999999997
6.0,-0.02067287,-0.02284857,0.9999502,-0.2183302,-0.05004992,0.9999427,-0.1195017,-0.03644931,0.9999464,0.03337389,-0.0137461,-0.9993484,0.0,-0.04421638,0.9989061,-0.01521665,0.0,-0.9984643,-0.04469541,-0.03272963,0.0,-0.9705876,-1.713238,-1.058135,1.0,0.03337394,-0.04421638,-0.9984645,0.0,-0.0137461,0.9989061,-0.04469541,0.0,-0.9993485,-0.01521665,-0.03272958,0.0,-1.048604,1.652346,-1.080303,1.0,1.0,1.0,-0.1192192,-0.03196435,0.9923533,0.002737931,-0.003675293,-0.01754772,36.23333,2213.0,-0.175,-0.15849999999999997
6.0,-0.02085849,-0.02278483,0.9999369,-0.2202705,-0.04990926,0.9999963,-0.1205626,-0.03634679,0.9999666,0.03368354,-0.01338907,-0.9993429,0.0,-0.04392606,0.9989242,-0.01486402,0.0,-0.9984668,-0.04439786,-0.03305918,0.0,-0.9707354,-1.712625,-1.058998,1.0,0.03368354,-0.04392605,-0.9984667,0.0,-0.01338907,0.9989241,-0.04439786,0.0,-0.9993429,-0.01486402,-0.03305916,0.0,-1.048534,1.652401,-1.080294,1.0,1.0,1.0,-0.1202369,-0.03186069,0.9922339,0.002738128,-0.003674599,-0.0175497,36.25556,2214.0,-0.175,-0.15849999999999997
6.0,-0.02072005,-0.02250587,0.9999906,-0.2214244,-0.05058517,1.000009,-0.1210716,-0.03654543,0.9999998,0.0338096,-0.01367122,-0.9993348,0.0,-0.04361153,0.9989338,-0.01514121,0.0,-0.9984763,-0.04409444,-0.03317732,0.0,-0.9711314,-1.712597,-1.058653,1.0,0.03380958,-0.04361154,-0.9984763,0.0,-0.01367122,0.9989339,-0.04409444,0.0,-0.9993348,-0.01514121,-0.03317733,0.0,-1.048528,1.652389,-1.080291,1.0,1.0,1.0,-0.1207214,-0.03205086,0.9921688,0.002738006,-0.003674401,-0.01755015,36.26667,2215.0,-0.175,-0.15849999999999997
6.0,-0.02043242,-0.02268995,0.999867,-0.2199782,-0.05059956,0.9998851,-0.1202049,-0.03664468,0.9998761,0.03392094,-0.01381999,-0.999329,0.0,-0.04361241,0.9989315,-0.01529487,0.0,-0.9984725,-0.04410195,-0.03328198,0.0,-0.9710522,-1.712754,-1.058374,1.0,0.03392095,-0.0436124,-0.9984725,0.0,-0.01381999,0.9989313,-0.04410195,0.0,-0.9993289,-0.01529486,-0.03328197,0.0,-1.048395,1.652386,-1.080329,1.0,1.0,1.0,-0.1199027,-0.03215479,0.9922648,0.002738433,-0.003674401,-0.01755011,36.27778,2216.0,-0.175,-0.15849999999999997
6.0,-0.02018658,-0.0226188,1.000246,-0.2201682,-0.04983773,1.000237,-0.1201777,-0.03622822,1.000241,0.03392243,-0.01446768,-0.9993199,0.0,-0.04342283,0.9989297,-0.01593605,0.0,-0.9984809,-0.04393388,-0.0332579,0.0,-0.9713496,-1.713214,-1.05754,1.0,0.03392243,-0.04342283,-0.9984806,0.0,-0.01446768,0.9989297,-0.04393388,0.0,-0.9993196,-0.01593604,-0.03325789,0.0,-1.048656,1.652349,-1.080314,1.0,1.0,1.0,-0.1198361,-0.03173937,0.9922863,0.002738686,-0.003673455,-0.01754931,36.3,2217.0,-0.175,-0.15849999999999997
6.0,-0.0201892,-0.02149409,1.000044,-0.2201671,-0.04657976,1.000018,-0.1201791,-0.0340369,1.000031,0.03380793,-0.01453894,-0.9993227,0.0,-0.04359798,0.9989209,-0.01600806,0.0,-0.998477,-0.04410965,-0.03313762,0.0,-0.9711881,-1.713472,-1.057342,1.0,0.03380796,-0.04359799,-0.9984769,0.0,-0.01453895,0.998921,-0.04410965,0.0,-0.9993225,-0.01600806,-0.03313758,0.0,-1.048704,1.652356,-1.080327,1.0,1.0,1.0,-0.1198698,-0.02961218,0.992348,0.002738412,-0.003672066,-0.01754724,36.31111,2218.0,-0.175,-0.15849999999999997
6.0,-0.02039699,-0.02189994,1.000134,-0.2174725,-0.04643736,1.000124,-0.1189351,-0.03416884,1.000129,0.03373903,-0.01441371,-0.9993268,0.0,-0.04359787,0.9989229,-0.01587982,0.0,-0.9984794,-0.04410429,-0.03307432,0.0,-0.9713107,-1.713377,-1.057622,1.0,0.03373906,-0.04359787,-0.9984792,0.0,-0.01441371,0.998923,-0.04410428,0.0,-0.9993266,-0.01587982,-0.03307428,0.0,-1.048835,1.65239,-1.080381,1.0,1.0,1.0,-0.1186623,-0.02974227,0.9924892,0.002738412,-0.003671791,-0.01754398,36.32222,2219.0,-0.175,-0.15849999999999997
6.0,-0.02051785,-0.02258348,1.000051,-0.2175736,-0.04641618,0.9999703,-0.1190482,-0.03450035,1.000011,0.03324777,-0.01455382,-0.9993412,0.0,-0.04343115,0.9989284,-0.01599276,0.0,-0.998503,-0.04393426,-0.03258008,0.0,-0.9721432,-1.713377,-1.057044,1.0,0.0332478,-0.04343115,-0.9985031,0.0,-0.01455383,0.9989284,-0.04393426,0.0,-0.9993411,-0.01599275,-0.03258006,0.0,-1.048962,1.652415,-1.080402,1.0,1.0,1.0,-0.1187844,-0.03006829,0.9924647,0.002738373,-0.003671791,-0.01753798,36.34444,2220.0,-0.175,-0.15849999999999997
6.0,-0.02023789,-0.02382741,1.000028,-0.2207505,-0.04669313,0.9999754,-0.1204958,-0.0352604,1.000002,0.033014,-0.0147394,-0.9993461,0.0,-0.04386266,0.9989065,-0.01618195,0.0,-0.9984919,-0.04436821,-0.03233141,0.0,-0.9716681,-1.714053,-1.056506,1.0,0.03301402,-0.04386266,-0.998492,0.0,-0.0147394,0.9989065,-0.04436822,0.0,-0.9993463,-0.01618195,-0.03233139,0.0,-1.049001,1.652463,-1.080411,1.0,1.0,1.0,-0.1201736,-0.0308045,0.9922749,0.00273568,-0.003672066,-0.01752265,36.36667,2221.0,-0.175,-0.15849999999999997
6.0,-0.02037964,-0.02387453,1.000026,-0.2187098,-0.04688719,0.9999899,-0.1195459,-0.03538103,1.000008,0.03288871,-0.01520804,-0.9993433,0.0,-0.04395933,0.9988946,-0.01664793,0.0,-0.9984918,-0.04447799,-0.03218383,0.0,-0.9716691,-1.714674,-1.055613,1.0,0.03288872,-0.04395933,-0.9984919,0.0,-0.01520804,0.9988946,-0.044478,0.0,-0.9993434,-0.01664793,-0.03218382,0.0,-1.04904,1.652491,-1.080443,1.0,1.0,1.0,-0.1192583,-0.03092347,0.9923816,0.002733483,-0.003674256,-0.01751378,36.37778,2222.0,-0.175,-0.15849999999999997
6.0,-0.02022716,-0.02355166,1.000085,-0.2180286,-0.04509321,1.000071,-0.1191285,-0.03432246,1.000078,0.0326516,-0.01618006,-0.9993358,0.0,-0.04413823,0.9988701,-0.01761467,0.0,-0.9984917,-0.04468406,-0.03190058,0.0,-0.9716254,-1.715941,-1.053836,1.0,0.03265163,-0.04413822,-0.9984916,0.0,-0.01618006,0.9988701,-0.04468405,0.0,-0.9993358,-0.01761466,-0.03190055,0.0,-1.049174,1.652553,-1.080453,1.0,1.0,1.0,-0.118851,-0.0298843,0.9924623,0.002731735,-0.003681527,-0.01751141,36.4,2223.0,-0.175,-0.15849999999999997
6.0,-0.01958482,-0.02415657,1.000034,-0.217608,-0.04700556,1.00002,-0.118597,-0.03558128,1.000027,0.03263837,-0.0166978,-0.9993277,0.0,-0.04413125,0.9988612,-0.01813134,0.0,-0.9984924,-0.04469335,-0.03186435,0.0,-0.9716722,-1.716502,-1.052981,1.0,0.03263841,-0.04413124,-0.9984925,0.0,-0.01669779,0.9988611,-0.04469336,0.0,-0.9993278,-0.01813134,-0.03186431,0.0,-1.049221,1.652574,-1.080476,1.0,1.0,1.0,-0.1183414,-0.03111284,0.9924855,0.0027312,-0.003683075,-0.01750768,36.41111,2224.0,-0.175,-0.15849999999999997
6.0,-0.01957509,-0.02462541,1.000129,-0.2180861,-0.04782168,1.0001,-0.1188315,-0.0362237,1.000114,0.03250575,-0.01686208,-0.9993293,0.0,-0.043768,0.9988745,-0.01827807,0.0,-0.9985127,-0.04433279,-0.03173113,0.0,-0.9724481,-1.716349,-1.052731,1.0,0.03250573,-0.043768,-0.9985128,0.0,-0.01686208,0.9988745,-0.04433279,0.0,-0.9993293,-0.01827807,-0.03173115,0.0,-1.049356,1.652614,-1.080497,1.0,1.0,1.0,-0.1185545,-0.03173441,0.9924403,0.002731078,-0.003684304,-0.01750765,36.42222,2225.0,-0.175,-0.15849999999999997
6.0,-0.02007465,-0.02552917,1.000108,-0.2177669,-0.04858094,1.000102,-0.1189209,-0.03705512,1.000105,0.03276557,-0.01676316,-0.9993225,0.0,-0.04365742,0.998881,-0.01818719,0.0,-0.9985092,-0.04422376,-0.03199708,0.0,-0.9724311,-1.716176,-1.053375,1.0,0.03276558,-0.04365742,-0.998509,0.0,-0.01676317,0.9988811,-0.04422375,0.0,-0.9993225,-0.01818719,-0.03199706,0.0,-1.049567,1.652644,-1.080582,1.0,1.0,1.0,-0.1186384,-0.03254321,0.9924041,0.00273088,-0.003685471,-0.017507,36.44445,2226.0,-0.175,-0.15849999999999997
6.0,-0.02001698,-0.02546921,1.000187,-0.2184628,-0.04957495,1.000213,-0.119239,-0.03752192,1.0002,0.03287357,-0.01656976,-0.9993222,0.0,-0.04387273,0.9988748,-0.01800558,0.0,-0.9984962,-0.0444349,-0.03210962,0.0,-0.9719926,-1.716137,-1.053977,1.0,0.03287356,-0.04387273,-0.9984961,0.0,-0.01656976,0.9988749,-0.04443489,0.0,-0.9993221,-0.01800557,-0.03210962,0.0,-1.049745,1.652585,-1.08063,1.0,1.0,1.0,-0.1189317,-0.03299225,0.9923542,0.002730766,-0.003686844,-0.01750362,36.45555,2227.0,-0.175,-0.15849999999999997
6.0,-0.01952758,-0.02611798,1.000097,-0.2185444,-0.05066651,1.000084,-0.1190365,-0.03839239,1.00009,0.03257996,-0.01593139,-0.9993423,0.0,-0.04396344,0.9988824,-0.01735733,0.0,-0.9985018,-0.04450002,-0.03184319,0.0,-0.9721727,-1.715483,-1.05495,1.0,0.03257999,-0.04396344,-0.9985017,0.0,-0.01593139,0.9988823,-0.04450002,0.0,-0.999342,-0.01735733,-0.03184314,0.0,-1.049912,1.652514,-1.080648,1.0,1.0,1.0,-0.1187469,-0.03384351,0.9923476,0.002731376,-0.003687805,-0.01750229,36.47778,2228.0,-0.175,-0.15849999999999997
6.0,-0.019632,-0.02574282,1.000023,-0.2184407,-0.04897102,1.000055,-0.1190353,-0.03735669,1.000039,0.03278166,-0.01627529,-0.9993299,0.0,-0.0440341,0.998873,-0.01771232,0.0,-0.998492,-0.04458524,-0.03202802,0.0,-0.971881,-1.715907,-1.054578,1.0,0.03278163,-0.0440341,-0.998492,0.0,-0.01627529,0.998873,-0.04458524,0.0,-0.9993302,-0.01771233,-0.03202805,0.0,-1.049939,1.652498,-1.080696,1.0,1.0,1.0,-0.1187563,-0.03282814,0.9923806,0.002731804,-0.003696587,-0.01750117,36.48889,2229.0,-0.175,-0.15849999999999997
6.0,-0.01956429,-0.02803441,1.000146,-0.2183849,-0.05004156,1.000148,-0.1189745,-0.03903798,1.000147,0.03280365,-0.01640424,-0.9993272,0.0,-0.04379376,0.9988814,-0.01783448,0.0,-0.9985019,-0.04434934,-0.03204852,0.0,-0.9723046,-1.715826,-1.054544,1.0,0.03280362,-0.04379376,-0.9985019,0.0,-0.01640424,0.9988813,-0.04434933,0.0,-0.9993272,-0.01783448,-0.03204856,0.0,-1.050086,1.652518,-1.08074,1.0,1.0,1.0,-0.1186777,-0.0344591,0.9923347,0.002731354,-0.003699783,-0.01750705,36.5,2230.0,-0.175,-0.15849999999999997
6.0,-0.01955688,-0.02796855,1.000005,-0.2187462,-0.05000489,0.9999614,-0.1191529,-0.03898684,0.9999835,0.03242528,-0.01714935,-0.9993271,0.0,-0.04397774,0.9988599,-0.01856829,0.0,-0.9985062,-0.04455023,-0.03163415,0.0,-0.9725283,-1.716845,-1.052987,1.0,0.03242531,-0.04397774,-0.9985061,0.0,-0.01714935,0.9988599,-0.04455023,0.0,-0.9993271,-0.01856828,-0.03163412,0.0,-1.050186,1.652565,-1.080872,1.0,1.0,1.0,-0.1188673,-0.03441434,0.9923136,0.002730339,-0.003699959,-0.01750703,36.52222,2231.0,-0.175,-0.15849999999999997
2.0,0.0490579,-0.09197846,0.9999011,-0.145649,-0.1249245,0.9998699,-0.04829641,-0.1084518,0.9998855,0.02906537,-0.01265908,-0.9994974,0.0,-0.04583962,0.9988509,-0.01398391,0.0,-0.9985259,-0.04622303,-0.02845168,0.0,-0.9743811,-1.713933,-1.05639,1.0,0.02906537,-0.04583962,-0.9985259,0.0,-0.01265908,0.9988509,-0.04622303,0.0,-0.9994974,-0.01398391,-0.02845168,0.0,-1.049235,1.652526,-1.082224,1.0,1.0,1.0,-0.04926074,-0.1019857,0.9935655,0.002142617,-0.00402636,-0.01744943,40.94445,2510.0,-0.0875,-0.246
2.0,0.04899615,-0.0925238,0.9999298,-0.1455603,-0.1256322,0.9999689,-0.04828084,-0.1090776,0.9999493,0.02930957,-0.01292281,-0.999487,0.0,-0.04577386,0.9988501,-0.01425688,0.0,-0.9985219,-0.04616824,-0.02868432,0.0,-0.974322,-1.714185,-1.056146,1.0,0.02930954,-0.04577385,-0.9985216,0.0,-0.01292281,0.99885,-0.04616823,0.0,-0.9994866,-0.01425687,-0.02868433,0.0,-1.049199,1.652558,-1.082317,1.0,1.0,1.0,-0.04923844,-0.1025979,0.9935035,0.002142259,-0.004011307,-0.01746066,40.95555,2511.0,-0.0875,-0.246
2.0,0.0490443,-0.09398071,0.9998926,-0.1451678,-0.1265799,0.9998971,-0.04806174,-0.1102801,0.9998948,0.02932322,-0.01285231,-0.9994873,0.0,-0.04588774,0.9988458,-0.01419033,0.0,-0.9985161,-0.04628032,-0.02869964,0.0,-0.9741615,-1.71425,-1.056159,1.0,0.02932325,-0.04588773,-0.9985161,0.0,-0.01285231,0.9988458,-0.04628032,0.0,-0.9994874,-0.01419033,-0.02869961,0.0,-1.049084,1.652582,-1.082363,1.0,1.0,1.0,-0.04902029,-0.1037791,0.9933916,0.002142205,-0.00399572,-0.0174802,40.96667,2512.0,-0.0875,-0.246
2.0,0.04916908,-0.0941533,0.9998923,-0.1451217,-0.1268317,0.9998784,-0.04797674,-0.1104926,0.9998853,0.02918214,-0.01244972,-0.9994966,0.0,-0.04599803,0.9988464,-0.01378462,0.0,-0.9985152,-0.04637714,-0.02857584,0.0,-0.9742284,-1.713838,-1.056501,1.0,0.02918216,-0.04599803,-0.9985151,0.0,-0.01244972,0.9988465,-0.04637714,0.0,-0.9994965,-0.01378462,-0.02857581,0.0,-1.048876,1.652485,-1.082455,1.0,1.0,1.0,-0.04893716,-0.1039864,0.9933741,0.002142273,-0.003994957,-0.01748071,40.98889,2513.0,-0.0875,-0.246
2.0,0.04916989,-0.09368966,0.9999639,-0.1460673,-0.1267877,0.9999384,-0.04844963,-0.1102388,0.9999512,0.02903003,-0.01230212,-0.9995028,0.0,-0.04618429,0.9988399,-0.01363536,0.0,-0.998511,-0.04655717,-0.0284282,0.0,-0.9740467,-1.713841,-1.056537,1.0,0.02903004,-0.04618429,-0.998511,0.0,-0.01230212,0.9988399,-0.04655717,0.0,-0.9995029,-0.01363536,-0.02842818,0.0,-1.048819,1.652461,-1.082423,1.0,1.0,1.0,-0.04939602,-0.1037319,0.9933779,0.002142441,-0.003994957,-0.01748071,41.0,2514.0,-0.0875,-0.246
2.0,0.04859151,-0.09368813,0.9999613,-0.1450926,-0.1268193,0.9999177,-0.04825182,-0.110254,0.9999394,0.02878052,-0.01212268,-0.9995122,0.0,-0.04654887,0.9988254,-0.01345471,0.0,-0.9985013,-0.0469134,-0.02818239,0.0,-0.9737978,-1.713982,-1.056512,1.0,0.02878049,-0.04654887,-0.9985013,0.0,-0.01212268,0.9988254,-0.0469134,0.0,-0.9995123,-0.01345471,-0.02818242,0.0,-1.048749,1.652425,-1.082522,1.0,1.0,1.0,-0.04920337,-0.1037487,0.9933858,0.002141899,-0.003994957,-0.01748071,41.01111,2515.0,-0.0875,-0.246
2.0,0.04943173,-0.09282112,0.9999148,-0.1451861,-0.1279066,0.9999095,-0.04787749,-0.1103639,0.9999123,0.02869529,-0.01239604,-0.9995113,0.0,-0.04665236,0.9988168,-0.01372678,0.0,-0.9984989,-0.04702345,-0.02808303,0.0,-0.9738728,-1.714367,-1.055866,1.0,0.02869529,-0.04665237,-0.998499,0.0,-0.01239604,0.998817,-0.04702346,0.0,-0.9995115,-0.01372678,-0.02808303,0.0,-1.048656,1.652412,-1.082679,1.0,1.0,1.0,-0.04883942,-0.1038589,0.9933922,0.002141776,-0.00399572,-0.01748031,41.03333,2516.0,-0.0875,-0.246
2.0,0.04795493,-0.09337436,1.000135,-0.1421333,-0.1298947,1.000121,-0.04708964,-0.1116345,1.000128,0.02865142,-0.01255176,-0.9995107,0.0,-0.04662787,0.9988159,-0.01387965,0.0,-0.9985014,-0.04700273,-0.02803224,0.0,-0.9739541,-1.714482,-1.055705,1.0,0.02865143,-0.04662788,-0.9985014,0.0,-0.01255177,0.998816,-0.04700273,0.0,-0.9995106,-0.01387965,-0.02803223,0.0,-1.048803,1.652386,-1.082674,1.0,1.0,1.0,-0.04806005,-0.1050885,0.9933008,0.002151063,-0.003964821,-0.01757334,41.04445,2517.0,-0.0875,-0.246
2.0,0.04815781,-0.09412445,1.000081,-0.1398852,-0.1309187,1.000131,-0.04586226,-0.1125211,1.000106,0.0289098,-0.01255132,-0.9995032,0.0,-0.0466666,0.9988139,-0.01389245,0.0,-0.9984921,-0.04704504,-0.02828979,0.0,-0.9737025,-1.714608,-1.05599,1.0,0.02890982,-0.0466666,-0.9984921,0.0,-0.01255132,0.9988139,-0.04704504,0.0,-0.9995033,-0.01389245,-0.02828979,0.0,-1.048836,1.652465,-1.082772,1.0,1.0,1.0,-0.04686244,-0.105953,0.9932662,0.002151917,-0.003964188,-0.01757079,41.06667,2518.0,-0.0875,-0.246
2.0,0.04829577,-0.0926428,0.9999788,-0.1397668,-0.1318312,0.9999955,-0.04573505,-0.1122367,0.9999871,0.02893454,-0.01223806,-0.9995065,0.0,-0.0467648,0.9988136,-0.01358337,0.0,-0.9984869,-0.04713475,-0.02832794,0.0,-0.9735262,-1.71433,-1.056497,1.0,0.02893457,-0.0467648,-0.9984866,0.0,-0.01223807,0.9988136,-0.04713474,0.0,-0.9995063,-0.01358337,-0.02832789,0.0,-1.048787,1.652419,-1.082786,1.0,1.0,1.0,-0.04674688,-0.1056872,0.9933,0.002152557,-0.003970253,-0.01755675,41.07778,2519.0,-0.0875,-0.246
2.0,0.04865725,-0.09326339,1.000031,-0.1417468,-0.1316333,1.000071,-0.04654359,-0.112448,1.000051,0.02907121,-0.01187966,-0.9995068,0.0,-0.04677493,0.9988178,-0.01323195,0.0,-0.9984824,-0.04713652,-0.02848113,0.0,-0.9733971,-1.713887,-1.057248,1.0,0.02907116,-0.04677492,-0.9984823,0.0,-0.01187966,0.9988177,-0.04713653,0.0,-0.9995068,-0.01323194,-0.02848117,0.0,-1.048789,1.652341,-1.082818,1.0,1.0,1.0,-0.04753115,-0.1058767,0.9932427,0.002153466,-0.003974335,-0.01755276,41.08889,2520.0,-0.0875,-0.246
2.0,0.04900169,-0.09310093,0.999973,-0.141721,-0.1316061,0.9999812,-0.04635943,-0.1123536,0.9999772,0.02909797,-0.01149892,-0.9995105,0.0,-0.04704053,0.9988102,-0.01286032,0.0,-0.9984692,-0.04739171,-0.02852243,0.0,-0.9730053,-1.713715,-1.057823,1.0,0.02909796,-0.04704053,-0.9984689,0.0,-0.01149892,0.9988102,-0.04739171,0.0,-0.9995104,-0.01286031,-0.02852243,0.0,-1.048698,1.652301,-1.082903,1.0,1.0,1.0,-0.04735704,-0.105794,0.9932598,0.002154549,-0.003974366,-0.01755276,41.11111,2521.0,-0.0875,-0.246
2.0,0.0482397,-0.09350138,0.9999089,-0.1408522,-0.1303357,0.9999154,-0.04630618,-0.1119184,0.9999121,0.02906889,-0.01113898,-0.9995154,0.0,-0.04738742,0.9987983,-0.01250916,0.0,-0.9984536,-0.04772808,-0.0285061,0.0,-0.9724835,-1.713667,-1.058265,1.0,0.02906887,-0.04738741,-0.9984534,0.0,-0.01113898,0.9987983,-0.04772807,0.0,-0.9995153,-0.01250916,-0.0285061,0.0,-1.048571,1.652286,-1.082936,1.0,1.0,1.0,-0.04731138,-0.1053837,0.9933056,0.002156128,-0.003971199,-0.01755553,41.12222,2522.0,-0.0875,-0.246
2.0,0.04741458,-0.09196034,1.000103,-0.1415832,-0.1301411,1.000078,-0.04708512,-0.1110508,1.000091,0.02891344,-0.01126065,-0.9995186,0.0,-0.04772113,0.9987808,-0.01263279,0.0,-0.9984423,-0.04806341,-0.02834082,0.0,-0.9721421,-1.714023,-1.057953,1.0,0.02891343,-0.04772112,-0.998442,0.0,-0.01126066,0.9987808,-0.04806339,0.0,-0.9995184,-0.01263279,-0.02834081,0.0,-1.048636,1.652177,-1.082993,1.0,1.0,1.0,-0.04806636,-0.1045249,0.99336,0.00215632,-0.003970596,-0.01755564,41.14445,2523.0,-0.0875,-0.246
