flag,xl,yl,zl,xr,yr,zr,xc,yc,zc,mat_00,mat_10,mat_20,mat_30,mat_01,mat_11,mat_21,mat_31,mat_02,mat_12,mat_22,mat_32,mat_03,mat_13,mat_23,mat_33,ctw_00,ctw_10,ctw_20,ctw_30,ctw_01,ctw_11,ctw_21,ctw_31,ctw_02,ctw_12,ctw_22,ctw_32,ctw_03,ctw_13,ctw_23,ctw_33,opennessl,opennessr,ray_x,ray_y,ray_z,eye_x,eye_y,eye_z,time,frame
0,,,,,,,,,,-0.1371771,-0.02661701,-0.9901889,0,0.003114418,0.9996224,-0.02730205,0,-0.9905416,0.006829077,0.1370424,0,-1.043779,-1.573147,-0.6306119,1,-0.1371771,0.003114417,-0.9905416,0,-0.02661701,0.9996223,0.006829078,0,-0.9901888,-0.02730205,0.1370424,0,-0.80948,1.558587,-0.9367433,1,0,0,-0.03924824,-0.01603873,0.9991007,-0.002073395,-0.003892494,-0.02289422,0,1
0,0.008176625,-0.01025836,1,-0.09342659,-0.03004689,1,-0.04262504,-0.02015274,1,-0.1371771,-0.02661701,-0.9901889,0,0.003114418,0.9996224,-0.02730205,0,-0.9905416,0.006829077,0.1370424,0,-1.043779,-1.573147,-0.6306119,1,-0.1371771,0.003114417,-0.9905416,0,-0.02661701,0.9996223,0.006829078,0,-0.9901888,-0.02730205,0.1370424,0,-0.80948,1.558587,-0.9367433,1,0.9570142,0.9127504,-0.03960967,-0.01590379,0.9990886,-0.002068139,-0.003868935,-0.0229762,0.01111111,2
0,0.007721514,-0.01032773,1.000004,-0.09572656,-0.01850854,0.999896,-0.04400353,-0.01441831,0.9999499,-0.138304,-0.02535389,-0.9900653,0,0.002884843,0.9996577,-0.02600252,0,-0.9903857,0.006452436,0.1381835,0,-1.044067,-1.572409,-0.6314483,1,-0.138304,0.002884844,-0.9903855,0,-0.02535389,0.9996578,0.006452436,0,-0.9900652,-0.02600253,0.1381835,0,-0.8094403,1.558464,-0.9366276,1,0.8886767,0.9691828,-0.0409656,-0.01036489,0.9991068,-0.002058601,-0.003805939,-0.02303977,0.02222222,3
0,0.007721812,-0.01032824,1,-0.0957326,-0.01851063,1,-0.04400548,-0.01441949,1,-0.138304,-0.02535389,-0.9900653,0,0.002884843,0.9996577,-0.02600252,0,-0.9903857,0.006452436,0.1381835,0,-1.044067,-1.572409,-0.6314483,1,-0.138304,0.002884844,-0.9903855,0,-0.02535389,0.9996578,0.006452436,0,-0.9900652,-0.02600253,0.1381835,0,-0.8094403,1.558464,-0.9366276,1,0.8855081,0.970656,-0.0409656,-0.01036489,0.9991068,-0.002058601,-0.003805939,-0.02303977,0.1,4
0,0.008635908,-0.01057034,1.004044,-0.09508621,-0.02435575,0.9992172,-0.04327288,-0.01748079,1.001629,-0.1894618,0.01559334,-0.9817643,0,-0.01135115,0.9997723,0.01806992,0,-0.9818225,-0.01456771,0.1892418,0,-1.056613,-1.55593,-0.6461995,1,-0.1894619,-0.01135115,-0.9818225,0,0.01559334,0.9997722,-0.01456771,0,-0.9817641,0.01806992,0.1892417,0,-0.8103414,1.555259,-0.9377854,1,0.8881816,0.9810219,-0.04018128,-0.01333186,0.9991034,-0.002063897,-0.003807717,-0.02303436,0.3555556,5
0,0.009560898,-0.01078201,1.003166,-0.09636784,-0.02348516,1.005472,-0.04337963,-0.01712581,1.004319,-0.162935,-0.03153978,-0.9861325,0,-0.02549347,0.9992898,-0.0277484,0,-0.9863074,-0.02061875,0.1636233,0,-1.021485,-1.601914,-0.6050118,1,-0.162935,-0.02549347,-0.9863074,0,-0.03153979,0.9992899,-0.02061876,0,-0.9861326,-0.02774841,0.1636234,0,-0.8135816,1.557948,-0.9415339,1,0.8928066,0.9706115,-0.04017639,-0.01294935,0.9991087,-0.00206768,-0.003810753,-0.0230305,0.4,6
0,0.009622827,-0.01076278,0.9999999,-0.096035,-0.02337709,0.9999998,-0.04320599,-0.01707005,0.9999999,-0.162935,-0.03153978,-0.9861325,0,-0.02549347,0.9992898,-0.0277484,0,-0.9863074,-0.02061875,0.1636233,0,-1.021485,-1.601914,-0.6050118,1,-0.162935,-0.02549347,-0.9863074,0,-0.03153979,0.9992899,-0.02061876,0,-0.9861326,-0.02774841,0.1636234,0,-0.8135816,1.557948,-0.9415339,1,0.8928066,0.9706115,-0.04017639,-0.01294935,0.9991087,-0.00206768,-0.003810753,-0.0230305,0.4111111,7
0,0.009552136,-0.01039868,0.9995919,-0.09561945,-0.02320063,0.9996254,-0.04303319,-0.01679953,0.9996086,-0.1626424,-0.02865051,-0.986269,0,-0.02507302,0.9993756,-0.02489654,0,-0.9863664,-0.02067951,0.1632591,0,-1.021394,-1.599273,-0.6091049,1,-0.1626424,-0.02507302,-0.9863665,0,-0.02865051,0.9993755,-0.02067951,0,-0.9862692,-0.02489654,0.1632592,0,-0.8126834,1.5575,-0.9410992,1,0.896682,0.9764308,-0.04002252,-0.01268983,0.9991182,-0.002068383,-0.003811218,-0.0230302,0.4333333,8
0,0.009518474,-0.009835232,0.9996929,-0.09480723,-0.02354762,0.9996963,-0.04264447,-0.01669137,0.9996945,-0.1627347,-0.02770334,-0.9862809,0,-0.02515329,0.9993973,-0.02392152,0,-0.9863492,-0.02091534,0.1633335,0,-1.021227,-1.59863,-0.610245,1,-0.1627348,-0.02515329,-0.9863492,0,-0.02770334,0.9993974,-0.02091534,0,-0.9862808,-0.02392152,0.1633335,0,-0.8123494,1.557382,-0.9410486,1,0.8918692,0.968007,-0.03963964,-0.01258375,0.9991348,-0.00206881,-0.003810539,-0.02302923,0.4444444,9
0,0.01185291,0.007534647,0.9997681,-0.09221655,-0.011177,0.9997771,-0.04018183,-0.001821179,0.9997725,-0.1629473,-0.02655178,-0.9862776,0,-0.02546356,0.999418,-0.02269859,0,-0.9863063,-0.02141546,0.1635286,0,-1.020579,-1.597914,-0.611615,1,-0.1629473,-0.02546356,-0.9863061,0,-0.02655178,0.999418,-0.02141545,0,-0.9862774,-0.02269859,0.1635285,0,-0.8119501,1.557114,-0.9408072,1,0.8906711,0.9625568,-0.03723446,0.001903574,0.9993048,-0.002073722,-0.003769112,-0.02297848,0.4666667,10
0,0.01184037,0.00679191,0.9977436,-0.09301244,-0.007864887,0.9977964,-0.04058542,-0.0005362341,0.99777,-0.1634897,-0.01913606,-0.9863594,0,-0.0250175,0.9995707,-0.0152457,0,-0.9862278,-0.02218373,0.1638982,0,-1.019653,-1.591309,-0.6206881,1,-0.1634897,-0.0250175,-0.9862278,0,-0.01913606,0.9995708,-0.02218373,0,-0.9863595,-0.0152457,0.1638983,0,-0.8093758,1.555654,-0.9391819,1,0.9035518,0.95921,-0.03770101,0.003166324,0.9992841,-0.002075066,-0.00377063,-0.02296413,0.6444445,11
0,0.02219965,0.008687083,0.999837,-0.07431555,-0.007695723,0.9998565,-0.02605787,0.0004957989,0.9998468,-0.1634871,-0.01795306,-0.9863822,0,-0.02458093,0.9995981,-0.01411946,0,-0.9862393,-0.02193784,0.1638627,0,-1.020117,-1.589959,-0.6223379,1,-0.163487,-0.02458092,-0.986239,0,-0.01795306,0.9995981,-0.02193783,0,-0.9863819,-0.01411946,0.1638626,0,-0.8091834,1.555457,-0.9389819,1,0.9103184,0.9650925,-0.02335136,0.004153488,0.9997187,-0.002165894,-0.003753724,-0.02302141,0.6555555,12
0,0.03479719,0.00589264,0.9998366,-0.06477471,-0.005180699,0.9998471,-0.01498862,0.0003559738,0.9998418,-0.1636307,-0.01742681,-0.9863677,0,-0.0244046,0.9996095,-0.01361223,0,-0.9862198,-0.02184454,0.1639922,0,-1.01982,-1.589287,-0.6225835,1,-0.1636308,-0.02440461,-0.9862198,0,-0.01742681,0.9996095,-0.02184453,0,-0.9863676,-0.01361222,0.1639921,0,-0.8086665,1.555304,-0.9383854,1,0.9050837,0.9686496,-0.01246051,0.004059612,0.9999141,-0.002243973,-0.003796295,-0.02288443,0.6777778,13
0,0.03680059,0.006795377,0.9999614,-0.06408504,0.00180007,0.9999495,-0.01364239,0.00429766,0.9999554,-0.1637176,-0.01815492,-0.9863402,0,-0.02366093,0.9996153,-0.01447191,0,-0.9862235,-0.02096842,0.1640842,0,-1.020701,-1.58894,-0.6210903,1,-0.1637176,-0.02366093,-0.9862235,0,-0.01815492,0.9996153,-0.02096842,0,-0.98634,-0.0144719,0.1640842,0,-0.80856,1.55519,-0.9380457,1,0.9168752,0.9724059,-0.01114854,0.007916948,0.9999065,-0.002238143,-0.003800896,-0.02286788,0.6888889,14
0,0.03812462,0.007724033,0.9997902,-0.06375618,0.0001089289,0.9998199,-0.01281558,0.003916545,0.999805,-0.163444,-0.01799588,-0.9863886,0,-0.02332867,0.9996246,-0.01437182,0,-0.9862769,-0.02066214,0.1638025,0,-1.020805,-1.588489,-0.6213509,1,-0.163444,-0.02332867,-0.9862767,0,-0.01799588,0.9996245,-0.02066214,0,-0.9863884,-0.01437181,0.1638025,0,-0.808324,1.555149,-0.9378386,1,0.9238241,0.9670016,-0.01034,0.00754933,0.9999181,-0.002240188,-0.003804421,-0.02285441,0.7111111,15
0,0.037625,0.007348875,0.9998034,-0.06380171,0.0004972275,0.9997715,-0.01308866,0.003922925,0.9997874,-0.1637237,-0.0184785,-0.9863331,0,-0.02300365,0.9996242,-0.01490907,0,-0.986238,-0.0202483,0.1640873,0,-1.02123,-1.588504,-0.6199922,1,-0.1637238,-0.02300365,-0.986238,0,-0.01847851,0.9996243,-0.0202483,0,-0.9863333,-0.01490908,0.1640873,0,-0.8080716,1.555172,-0.937607,1,0.937205,0.9708267,-0.01060684,0.007557307,0.9999152,-0.002240814,-0.003805893,-0.0228542,0.7333333,16
0,0.03779623,0.007083933,0.9997964,-0.06336401,0.0003880879,0.999761,-0.0127842,0.003735945,0.9997787,-0.1640025,-0.01957696,-0.9862658,0,-0.02213487,0.9996244,-0.0161614,0,-0.9862117,-0.01918035,0.1643744,0,-1.022447,-1.588376,-0.6174976,1,-0.1640026,-0.02213487,-0.9862113,0,-0.01957696,0.9996244,-0.01918034,0,-0.9862655,-0.0161614,0.1643742,0,-0.8077961,1.555168,-0.9373135,1,0.9356495,0.9608304,-0.0103089,0.007374267,0.9999197,-0.00224115,-0.003806191,-0.02285369,0.7555556,17
0,0.03779782,0.007086275,1,-0.06337076,0.0003888375,1,-0.01278652,0.003737556,1,-0.1640025,-0.01957696,-0.9862658,0,-0.02213487,0.9996244,-0.0161614,0,-0.9862117,-0.01918035,0.1643744,0,-1.022447,-1.588376,-0.6174976,1,-0.1640026,-0.02213487,-0.9862113,0,-0.01957696,0.9996244,-0.01918034,0,-0.9862655,-0.0161614,0.1643742,0,-0.8077961,1.555168,-0.9373135,1,0.9356495,0.9608304,-0.0103089,0.007374267,0.9999197,-0.00224115,-0.003806191,-0.02285369,0.7666667,18
0,0.0378146,0.006604951,1.000265,-0.06369212,0.0005718102,1.000171,-0.0129396,0.003588067,1.000218,-0.1648833,-0.0201484,-0.9861074,0,-0.02136362,0.9996297,-0.01685257,0,-0.9860818,-0.01828812,0.1652526,0,-1.023874,-1.587989,-0.6156978,1,-0.1648831,-0.02136362,-0.9860816,0,-0.0201484,0.9996298,-0.01828811,0,-0.9861071,-0.01685256,0.1652526,0,-0.807959,1.555151,-0.9369189,1,0.9408141,0.9721635,-0.0104542,0.007229726,0.9999192,-0.002243377,-0.003809151,-0.022844,0.7777778,19
0,0.0377336,0.006693054,0.9999653,-0.06346458,0.0006725722,0.9998373,-0.01286672,0.003682726,0.9999013,-0.1660959,-0.0207919,-0.9858906,0,-0.02094966,0.9996265,-0.01755214,0,-0.9858872,-0.01773874,0.1664695,0,-1.025111,-1.587984,-0.6132079,1,-0.1660959,-0.02094967,-0.9858869,0,-0.0207919,0.9996265,-0.01773873,0,-0.9858902,-0.01755213,0.1664694,0,-0.8078395,1.555153,-0.9367321,1,0.9442117,0.9655114,-0.01038498,0.007328936,0.9999192,-0.002244782,-0.003813469,-0.02283199,0.8,20
0,0.03773397,0.006693875,1,-0.06346928,0.0006734268,1,-0.01286753,0.003683473,1,-0.1660959,-0.0207919,-0.9858906,0,-0.02094966,0.9996265,-0.01755214,0,-0.9858872,-0.01773874,0.1664695,0,-1.025111,-1.587984,-0.6132079,1,-0.1660959,-0.02094967,-0.9858869,0,-0.0207919,0.9996265,-0.01773873,0,-0.9858902,-0.01755213,0.1664694,0,-0.8078395,1.555153,-0.9367321,1,0.9442117,0.9655114,-0.01038498,0.007328936,0.9999192,-0.002244782,-0.003813469,-0.02283199,0.8111112,21
0,0.03835377,0.005580908,0.9998357,-0.06476884,0.0003076867,0.999691,-0.01320891,0.002943972,0.9997633,-0.1674458,-0.0215037,-0.9856467,0,-0.02072387,0.999618,-0.01828785,0,-0.9856634,-0.01736419,0.1678274,0,-1.026128,-1.588204,-0.6103727,1,-0.1674457,-0.02072387,-0.9856635,0,-0.0215037,0.999618,-0.01736419,0,-0.9856467,-0.01828785,0.1678275,0,-0.8075848,1.555169,-0.9365576,1,0.9490498,0.9713501,-0.01071501,0.006612096,0.9999207,-0.002250847,-0.003818123,-0.02282766,0.8222222,22
0,0.03775886,0.004986353,0.9999775,-0.06476061,-0.002788915,0.9998305,-0.01350226,0.001098454,0.999904,-0.1688747,-0.02137993,-0.9854056,0,-0.02003759,0.9996325,-0.01825465,0,-0.9854339,-0.01666241,0.1692411,0,-1.027973,-1.587484,-0.6088282,1,-0.1688747,-0.02003759,-0.9854338,0,-0.02137993,0.9996326,-0.01666241,0,-0.9854056,-0.01825464,0.1692411,0,-0.8074818,1.555189,-0.9364123,1,0.94007,0.9561937,-0.01099693,0.004809637,0.999928,-0.002254341,-0.003821122,-0.02282593,0.8444445,23
0,0.03603984,0.00374913,1.000162,-0.06514332,-0.003713433,0.9999791,-0.01455329,1.745857E-05,1.00007,-0.1706561,-0.02130409,-0.9851004,0,-0.02015498,0.9996325,-0.01812677,0,-0.9851246,-0.01676123,0.1710228,0,-1.028809,-1.587488,-0.6072074,1,-0.1706561,-0.02015498,-0.9851244,0,-0.02130409,0.9996325,-0.01676123,0,-0.9851002,-0.01812677,0.1710227,0,-0.8075527,1.555163,-0.9362673,1,0.9403423,0.9724193,-0.0120189,0.00375666,0.9999207,-0.002258164,-0.003825417,-0.02282574,0.8666667,24
0,0.03603891,0.003747982,1,-0.06514397,-0.003713353,1,-0.0145525,1.719478E-05,1,-0.1706561,-0.02130409,-0.9851004,0,-0.02015498,0.9996325,-0.01812677,0,-0.9851246,-0.01676123,0.1710228,0,-1.028809,-1.587488,-0.6072074,1,-0.1706561,-0.02015498,-0.9851244,0,-0.02130409,0.9996325,-0.01676123,0,-0.9851002,-0.01812677,0.1710227,0,-0.8075527,1.555163,-0.9362673,1,0.9403423,0.9724193,-0.0120189,0.00375666,0.9999207,-0.002258164,-0.003825417,-0.02282574,0.8777778,25
0,0.03558864,-0.001340702,1.000326,-0.0652594,-0.007246222,1.000166,-0.01483685,-0.004293848,1.000246,-0.1722169,-0.02140038,-0.9848266,0,-0.01986535,0.9996361,-0.01824834,0,-0.9848588,-0.01642125,0.1725794,0,-1.030037,-1.587147,-0.605609,1,-0.1722169,-0.01986535,-0.9848587,0,-0.02140038,0.9996361,-0.01642125,0,-0.9848265,-0.01824834,0.1725793,0,-0.8077751,1.555055,-0.9359879,1,0.9335856,0.9734551,-0.01229398,-0.0004547177,0.9999244,-0.002258263,-0.003828408,-0.02283123,0.8888889,26
0,0.03555541,-0.0005965831,1.000003,-0.06535818,-0.007947594,0.9998063,-0.01490314,-0.00427254,0.9999045,-0.1740787,-0.02220624,-0.9844815,0,-0.01943989,0.9996284,-0.01911048,0,-0.98454,-0.01581147,0.1744457,0,-1.031768,-1.587373,-0.6021768,1,-0.1740787,-0.01943988,-0.9845397,0,-0.02220623,0.9996283,-0.01581147,0,-0.9844813,-0.01911048,0.1744456,0,-0.8076903,1.555218,-0.9358686,1,0.9372448,0.9807619,-0.01236284,-0.0004327747,0.9999234,-0.002258263,-0.003830246,-0.02283951,0.9111111,27
0,0.03555548,-0.0005970113,1,-0.06536403,-0.007948915,1,-0.01490436,-0.004273083,1,-0.1740787,-0.02220624,-0.9844815,0,-0.01943989,0.9996284,-0.01911048,0,-0.98454,-0.01581147,0.1744457,0,-1.031768,-1.587373,-0.6021768,1,-0.1740787,-0.01943988,-0.9845397,0,-0.02220623,0.9996283,-0.01581147,0,-0.9844813,-0.01911048,0.1744456,0,-0.8076903,1.555218,-0.9358686,1,0.9372448,0.9807619,-0.01236284,-0.0004327747,0.9999234,-0.002258263,-0.003830246,-0.02283951,0.9222223,28
0,0.03358214,-0.001516764,1.000056,-0.0667373,-0.0109625,0.9998714,-0.01657909,-0.006240079,0.9999636,-0.1758182,-0.02298239,-0.9841543,0,-0.01930027,0.9996158,-0.01989548,0,-0.9842334,-0.01549646,0.1761942,0,-1.032979,-1.587743,-0.5990517,1,-0.1758182,-0.01930027,-0.9842334,0,-0.02298239,0.9996157,-0.01549646,0,-0.9841543,-0.01989548,0.1761942,0,-0.8076658,1.555278,-0.9357474,1,0.9352937,0.9595194,-0.01400408,-0.002357354,0.9998992,-0.002254036,-0.003828743,-0.02285829,0.9333333,29
0,0.03318337,-0.00182817,1.000123,-0.068378,-0.01235271,0.9999397,-0.01759918,-0.007090951,1.000031,-0.1775433,-0.02345921,-0.9838333,0,-0.01908904,0.9996098,-0.02039057,0,-0.9839278,-0.01516023,0.1779218,0,-1.034184,-1.58786,-0.5964702,1,-0.1775433,-0.01908904,-0.9839279,0,-0.0234592,0.9996098,-0.01516023,0,-0.9838334,-0.02039057,0.1779219,0,-0.8076898,1.555337,-0.93551,1,0.9440932,0.9688247,-0.01500543,-0.003190081,0.9998823,-0.002248215,-0.003827614,-0.02286684,0.9555556,30
0,0.03037255,-0.002374033,1.000062,-0.06953985,-0.01502589,0.9998864,-0.0195851,-0.008700583,0.9999744,-0.1792024,-0.02404308,-0.9835185,0,-0.01849461,0.999607,-0.02106656,0,-0.9836384,-0.01441461,0.1795766,0,-1.035977,-1.587681,-0.5936284,1,-0.1792024,-0.01849461,-0.9836383,0,-0.02404308,0.9996069,-0.01441461,0,-0.9835183,-0.02106656,0.1795766,0,-0.8076668,1.555391,-0.9353111,1,0.9314846,0.9665776,-0.01695906,-0.004779245,0.9998448,-0.002235244,-0.003811424,-0.02290074,0.9777778,31
0,0.02863336,-0.004026199,1.000161,-0.07005817,-0.01522512,1.000005,-0.02071388,-0.009626223,1.000083,-0.1807584,-0.02403063,-0.9832341,0,-0.01825305,0.9996113,-0.02107525,0,-0.9833583,-0.01413749,0.1811268,0,-1.037138,-1.587454,-0.5920498,1,-0.1807584,-0.01825305,-0.983358,0,-0.02403063,0.9996113,-0.01413748,0,-0.9832337,-0.02107524,0.1811266,0,-0.8077423,1.555429,-0.9350845,1,0.9251081,0.9549738,-0.01806462,-0.005686281,0.9998206,-0.002230866,-0.003808647,-0.02290809,1,32
0,0.0291086,-0.004837357,0.9999642,-0.06877452,-0.01395438,0.9998192,-0.01983416,-0.00939607,0.9998918,-0.1821365,-0.02484371,-0.9829595,0,-0.01856194,0.9995895,-0.02182461,0,-0.9830981,-0.01427058,0.1825229,0,-1.037349,-1.588296,-0.5892825,1,-0.1821365,-0.01856194,-0.983098,0,-0.02484371,0.9995894,-0.01427057,0,-0.9829592,-0.0218246,0.1825229,0,-0.8076388,1.555528,-0.9349237,1,0.9273281,0.9718521,-0.01721648,-0.005463323,0.9998369,-0.002222306,-0.003807541,-0.02292129,1.022222,33
0,0.02910824,-0.004837314,1,-0.06878103,-0.0139563,1,-0.01983634,-0.009396927,1,-0.1821365,-0.02484371,-0.9829595,0,-0.01856194,0.9995895,-0.02182461,0,-0.9830981,-0.01427058,0.1825229,0,-1.037349,-1.588296,-0.5892825,1,-0.1821365,-0.01856194,-0.983098,0,-0.02484371,0.9995894,-0.01427057,0,-0.9829592,-0.0218246,0.1825229,0,-0.8076388,1.555528,-0.9349237,1,0.9250671,0.9608312,-0.01721648,-0.005463323,0.9998369,-0.002222306,-0.003807541,-0.02292129,1.033333,34
0,0.02537461,-0.004899791,0.9997493,-0.07071671,-0.01279579,0.9996423,-0.02267194,-0.008847924,0.9996958,-0.1832204,-0.02492908,-0.9827557,0,-0.01897385,0.9995819,-0.0218185,0,-0.9828888,-0.01464907,0.1836168,0,-1.037111,-1.58875,-0.5878254,1,-0.1832204,-0.01897385,-0.9828887,0,-0.02492908,0.9995819,-0.01464907,0,-0.9827558,-0.0218185,0.1836168,0,-0.8073148,1.555582,-0.9347038,1,0.9230098,0.9637872,-0.02000048,-0.004928344,0.9997878,-0.002214746,-0.003807259,-0.02291918,1.044444,35
0,0.02552198,-0.004884383,0.9999973,-0.07095548,-0.01272019,0.9999072,-0.02271755,-0.008802483,0.9999522,-0.1842221,-0.02393921,-0.9825931,0,-0.01871037,0.9996076,-0.02084581,0,-0.9827066,-0.01454442,0.1845977,0,-1.037936,-1.587828,-0.5882564,1,-0.1842221,-0.01871037,-0.9827065,0,-0.02393921,0.9996076,-0.01454442,0,-0.9825929,-0.02084581,0.1845977,0,-0.8072388,1.555522,-0.9344901,1,0.9072809,0.9493578,-0.02004651,-0.00488251,0.9997872,-0.002208207,-0.003807259,-0.02291969,1.066667,36
0,0.03509103,-0.01868671,1.000117,-0.07543985,-0.01928233,0.9999946,-0.02017578,-0.01898454,1.000056,-0.1853211,-0.02318527,-0.9824046,0,-0.01844608,0.9996275,-0.02011207,0,-0.982505,-0.01439433,0.1856797,0,-1.03887,-1.587043,-0.5882981,1,-0.185321,-0.01844608,-0.9825048,0,-0.02318527,0.9996276,-0.01439433,0,-0.9824044,-0.02011207,0.1856797,0,-0.8072672,1.555457,-0.9343046,1,0.8976574,0.9495835,-0.01763746,-0.01499711,0.9997319,-0.002120346,-0.003632019,-0.02336193,1.088889,37
0,8.940697E-08,-4.34462E-07,1.000068,8.940697E-08,-4.34462E-07,1.000068,8.940697E-08,-4.34462E-07,1.000068,-0.1860144,-0.02199259,-0.9823008,0,-0.01869241,0.9996477,-0.01884126,0,-0.9823691,-0.01485682,0.18636,0,-1.038743,-1.586429,-0.589622,1,-0.1860145,-0.01869241,-0.9823692,0,-0.02199259,0.9996477,-0.01485682,0,-0.9823009,-0.01884126,0.18636,0,-0.8072971,1.555344,-0.9341165,1,0.8830165,0.9316072,0,0,1,0,0,0,1.111111,38
0,-2.682209E-07,2.013985E-07,0.9999135,-2.682209E-07,2.013985E-07,0.9999135,-2.682209E-07,2.013985E-07,0.9999135,-0.1878825,-0.02188993,-0.9819476,0,-0.0186765,0.9996505,-0.01871107,0,-0.982014,-0.01482386,0.1882256,0,-1.039723,-1.586313,-0.5877088,1,-0.1878825,-0.0186765,-0.9820139,0,-0.02188993,0.9996505,-0.01482386,0,-0.9819475,-0.01871107,0.1882257,0,-0.8071691,1.555343,-0.9339157,1,0,0.1461889,0,0,1,0,0,0,1.133333,39
0,5.960464E-08,2.563465E-07,1,5.960464E-08,2.563465E-07,1,5.960464E-08,2.563465E-07,1,-0.1878825,-0.02188993,-0.9819476,0,-0.0186765,0.9996505,-0.01871107,0,-0.982014,-0.01482386,0.1882256,0,-1.039723,-1.586313,-0.5877088,1,-0.1878825,-0.0186765,-0.9820139,0,-0.02188993,0.9996505,-0.01482386,0,-0.9819475,-0.01871107,0.1882257,0,-0.8071691,1.555343,-0.9339157,1,0,0.1461889,0,0,1,0,0,0,1.144444,40
0,-2.980232E-08,4.032627E-07,0.9999302,-2.980232E-08,4.032627E-07,0.9999302,-2.980232E-08,4.032627E-07,0.9999302,-0.1890646,-0.0228316,-0.9816993,0,-0.01833601,0.9996374,-0.01971748,0,-0.9817936,-0.01427257,0.1894147,0,-1.040863,-1.586617,-0.5846968,1,-0.1890646,-0.01833601,-0.9817933,0,-0.0228316,0.9996375,-0.01427257,0,-0.981699,-0.01971748,0.1894147,0,-0.8070116,1.555428,-0.9338076,1,0,0,0,0,1,0,0,0,1.166667,41
0,5.960464E-08,2.358574E-07,0.9998648,5.960464E-08,2.358574E-07,0.9998648,5.960464E-08,2.358574E-07,0.9998648,-0.190459,-0.02414821,-0.9813982,0,-0.01760113,0.9996207,-0.02118076,0,-0.9815374,-0.01323965,0.1908119,0,-1.04276,-1.586814,-0.5806556,1,-0.1904591,-0.01760113,-0.9815373,0,-0.02414821,0.9996207,-0.01323965,0,-0.981398,-0.02118075,0.1908118,0,-0.806776,1.55556,-0.9337205,1,0,0,0,0,1,0,0,0,1.188889,42
0,1.043081E-07,4.703179E-08,0.9999748,1.043081E-07,4.703179E-08,0.9999748,1.043081E-07,4.703179E-08,0.9999748,-0.1912136,-0.0243128,-0.9812473,0,-0.01761611,0.9996172,-0.02133514,0,-0.9813904,-0.01320619,0.1915687,0,-1.04311,-1.586939,-0.5795615,1,-0.1912136,-0.01761611,-0.9813903,0,-0.0243128,0.9996172,-0.01320619,0,-0.9812472,-0.02133514,0.1915687,0,-0.8067329,1.555591,-0.9336298,1,0,0,0,0,1,0,0,0,1.2,43
0,2.384186E-07,2.628658E-07,0.9999862,2.384186E-07,2.628658E-07,0.9999862,2.384186E-07,2.628658E-07,0.9999862,-0.1920435,-0.0243918,-0.9810833,0,-0.01757336,0.9996163,-0.02141265,0,-0.9812291,-0.01312877,0.1923984,0,-1.043601,-1.586923,-0.5785198,1,-0.1920434,-0.01757336,-0.9812291,0,-0.0243918,0.9996163,-0.01312877,0,-0.9810832,-0.02141265,0.1923985,0,-0.8067008,1.555586,-0.9335399,1,0,0,0,0,1,0,0,0,1.211111,44
0,-1.788139E-07,-4.281756E-07,1.000117,-1.788139E-07,-4.281756E-07,1.000117,-1.788139E-07,-4.281756E-07,1.000117,-0.1935302,-0.02536594,-0.9807664,0,-0.0175109,0.9995958,-0.02239759,0,-0.9809381,-0.0128395,0.1938961,0,-1.044567,-1.587351,-0.5753755,1,-0.1935301,-0.01751091,-0.9809381,0,-0.02536594,0.9995959,-0.0128395,0,-0.9807663,-0.02239759,0.1938962,0,-0.8067288,1.555531,-0.9334736,1,0,0,0,0,1,0,0,0,1.233333,45
0,1.043081E-07,1.722947E-07,0.9999906,-0.1083109,-0.3283576,0.9999646,-0.0541559,-0.1641808,0.9999776,-0.1944454,-0.02513264,-0.9805915,0,-0.0174826,0.9996017,-0.02215319,0,-0.9807577,-0.01283571,0.1948074,0,-1.045132,-1.587199,-0.5747538,1,-0.1944454,-0.01748261,-0.9807574,0,-0.02513264,0.9996017,-0.0128357,0,-0.980591,-0.02215318,0.1948072,0,-0.8067101,1.555563,-0.9334279,1,0,0,-0.03624194,-0.1580738,0.9867619,-0.01698053,-0.002035553,-0.0122009,1.244444,46
0,-1.043081E-07,1.424924E-07,0.9999502,-0.03271109,-0.04094569,0.9999117,-0.01635569,-0.02047331,0.999931,-0.1952211,-0.02544996,-0.9804291,0,-0.01757007,0.9995936,-0.02244892,0,-0.9806019,-0.0128437,0.1955888,0,-1.045458,-1.587495,-0.5733829,1,-0.195221,-0.01757007,-0.9806019,0,-0.02544996,0.9995936,-0.0128437,0,-0.980429,-0.02244892,0.1955889,0,-0.8066583,1.55561,-0.9334204,1,0,0.142462,0.0006720244,-0.01861585,0.9998266,-0.01703573,-0.00163047,-0.01207982,1.255556,47
0,-1.639128E-07,2.696179E-07,0.9999497,-0.03827706,-0.06610838,0.9999246,-0.01913875,-0.03305436,0.9999371,-0.1971388,-0.0252178,-0.9800512,0,-0.0177755,0.9995967,-0.02214516,0,-0.9802144,-0.01305523,0.1975075,0,-1.046132,-1.587484,-0.5716145,1,-0.1971388,-0.01777549,-0.9802145,0,-0.0252178,0.9995967,-0.01305523,0,-0.9800512,-0.02214516,0.1975076,0,-0.8064775,1.55559,-0.9332604,1,0,0.3469403,-0.002087953,-0.03127289,0.9995087,-0.01702398,-0.001383568,-0.01229849,1.277778,48
0,1.937151E-07,1.373701E-07,0.9998622,-0.04893431,-0.03999585,0.999823,-0.02446726,-0.01999816,0.9998426,-0.1979645,-0.0251786,-0.9798858,0,-0.01785571,0.9995968,-0.02207773,0,-0.9800466,-0.01312595,0.1983343,0,-1.046467,-1.587533,-0.5706762,1,-0.1979646,-0.01785572,-0.9800465,0,-0.0251786,0.9995968,-0.01312595,0,-0.9798857,-0.02207773,0.1983343,0,-0.8063328,1.555608,-0.9332398,1,0.1596238,0.5243868,-0.007362508,-0.0183097,0.9998052,-0.01701489,-0.001464897,-0.01218256,1.288889,49
0,0.05893475,-0.04167196,1.000038,-0.06063533,-0.04459236,0.9999194,-0.0008517802,-0.04313231,0.9999785,-0.1998051,-0.02481067,-0.9795216,0,-0.0178001,0.9996063,-0.0216885,0,-0.9796741,-0.01310211,0.2001681,0,-1.047578,-1.587118,-0.5691872,1,-0.1998051,-0.0178001,-0.9796738,0,-0.02481067,0.9996063,-0.0131021,0,-0.9795213,-0.02168849,0.200168,0,-0.8062197,1.555501,-0.933146,1,0.3733483,0.6538311,0.001341412,-0.03866029,0.9992515,-0.002225601,-0.003540009,-0.02335323,1.311111,50
0,0.05230726,-0.03253013,1.00001,-0.04290874,-0.03672263,0.9999214,0.004698604,-0.03462663,0.9999658,-0.2007366,-0.02439411,-0.9793416,0,-0.01772768,0.9996167,-0.02126548,0,-0.979485,-0.01309269,0.2010921,0,-1.048197,-1.586768,-0.5687844,1,-0.2007366,-0.01772768,-0.9794846,0,-0.02439411,0.9996167,-0.01309269,0,-0.9793414,-0.02126548,0.2010921,0,-0.8061533,1.555483,-0.9330899,1,0.587389,0.8240349,0.006712835,-0.03035678,0.9995165,-0.002173973,-0.003547127,-0.02334151,1.322222,51
0,0.05026613,-0.01489325,0.9999825,-0.05513072,-0.01976554,0.9998944,-0.002433285,-0.01732935,0.9999384,-0.2025094,-0.02374624,-0.9789925,0,-0.01772447,0.999631,-0.02058046,0,-0.9791201,-0.01318439,0.2028556,0,-1.049169,-1.586334,-0.5678229,1,-0.2025093,-0.01772447,-0.9791197,0,-0.02374624,0.999631,-0.01318439,0,-0.9789922,-0.02058045,0.2028555,0,-0.8060303,1.555467,-0.932991,1,0.587389,0.8240349,-0.0002112465,-0.01344131,0.9999096,-0.002217279,-0.003573464,-0.02338284,1.344445,52
0,0.05622491,-0.033947,0.9998084,-0.05981137,-0.01622383,0.9997357,-0.00179404,-0.02508513,0.9997721,-0.2031174,-0.02373549,-0.9788668,0,-0.0178078,0.9996303,-0.0205438,0,-0.9789925,-0.01325867,0.2034649,0,-1.049333,-1.586401,-0.5669824,1,-0.2031173,-0.0178078,-0.9789924,0,-0.02373548,0.9996303,-0.01325866,0,-0.9788666,-0.02054379,0.2034649,0,-0.8057919,1.55548,-0.932962,1,0.6672146,0.857322,0.0004225846,-0.02100526,0.9997793,-0.00222644,-0.003590058,-0.02333183,1.355556,53
0,0.0509697,-0.01900313,1.000098,-0.04734476,-0.01888279,1.000016,0.001811564,-0.01894309,1.000057,-0.2039274,-0.0237162,-0.9786988,0,-0.01792475,0.9996294,-0.02048849,0,-0.978822,-0.01336476,0.2042769,0,-1.049494,-1.58637,-0.5662296,1,-0.2039273,-0.01792474,-0.9788219,0,-0.02371619,0.9996294,-0.01336476,0,-0.9786986,-0.02048849,0.2042769,0,-0.8058113,1.555369,-0.9328014,1,0.7402581,0.8973945,0.003914973,-0.01497163,0.9998803,-0.002194954,-0.003620522,-0.02323934,1.366667,54
0,0.04524964,-0.00845661,1.000043,-0.05561207,-0.0114977,0.9999735,-0.005181804,-0.009977346,1.000008,-0.2051966,-0.02317953,-0.9784462,0,-0.01803813,0.9996393,-0.0198987,0,-0.9785545,-0.01356619,0.2055407,0,-1.049783,-1.586142,-0.5657243,1,-0.2051966,-0.01803813,-0.9785545,0,-0.02317953,0.9996393,-0.01356619,0,-0.9784462,-0.01989871,0.2055407,0,-0.8057086,1.555377,-0.9325079,1,0.7930863,0.9072313,-0.002903949,-0.006206013,0.9999765,-0.002210258,-0.003626343,-0.02330197,1.388889,55
0,0.04246089,-0.006796259,0.9999865,-0.05903898,-0.008977357,0.9999343,-0.008289397,-0.007886994,0.9999604,-0.205707,-0.02299456,-0.9783435,0,-0.01795251,0.9996443,-0.0197205,0,-0.978449,-0.01350707,0.2060466,0,-1.05008,-1.585909,-0.5654103,1,-0.2057069,-0.01795251,-0.978449,0,-0.02299455,0.9996443,-0.01350707,0,-0.9783434,-0.0197205,0.2060466,0,-0.8056413,1.555343,-0.9323695,1,0.7930863,0.9072313,-0.005919588,-0.00415302,0.9999739,-0.002231957,-0.00363739,-0.02333004,1.4,56
0,0.04350004,-0.005948517,0.9999801,-0.06049205,-0.009059787,0.9999426,-0.008496329,-0.007504157,0.9999613,-0.2066942,-0.02154543,-0.9781684,0,-0.01774117,0.9996757,-0.01827031,0,-0.9782448,-0.01357748,0.2070094,0,-1.050728,-1.584782,-0.566443,1,-0.2066942,-0.01774117,-0.9782446,0,-0.02154542,0.9996756,-0.01357748,0,-0.9781683,-0.01827031,0.2070094,0,-0.8054007,1.555278,-0.9321271,1,0.8219507,0.9403708,-0.006119734,-0.003764494,0.9999741,-0.002234032,-0.003652069,-0.02330564,1.422222,57
0,0.04343583,-0.00285297,1.000126,-0.0627296,-0.007965739,1.000068,-0.009647712,-0.005409549,1.000097,-0.2072744,-0.02061201,-0.9780658,0,-0.01772023,0.9996931,-0.01731247,0,-0.9781224,-0.01374312,0.207576,0,-1.050825,-1.584085,-0.5674185,1,-0.2072744,-0.01772023,-0.9781224,0,-0.02061201,0.9996931,-0.01374311,0,-0.9780656,-0.01731247,0.2075761,0,-0.8054327,1.555155,-0.9318228,1,0.8687169,0.9292368,-0.007243803,-0.001705433,0.9999723,-0.002234001,-0.003664116,-0.02330368,1.433333,58
0,0.04343408,-0.002852615,1,-0.06272794,-0.007965138,1,-0.009647027,-0.005408819,1,-0.2072744,-0.02061201,-0.9780658,0,-0.01772023,0.9996931,-0.01731247,0,-0.9781224,-0.01374312,0.207576,0,-1.050825,-1.584085,-0.5674185,1,-0.2072744,-0.01772023,-0.9781224,0,-0.02061201,0.9996931,-0.01374311,0,-0.9780656,-0.01731247,0.2075761,0,-0.8054327,1.555155,-0.9318228,1,0.8687169,0.9292368,-0.007243803,-0.001705433,0.9999723,-0.002234001,-0.003664116,-0.02330368,1.444445,59
0,0.04324636,-0.002761076,1.000067,-0.06233782,-0.009636749,1.000023,-0.00954625,-0.00619898,1.000045,-0.2080028,-0.01930445,-0.9779378,0,-0.01754316,0.999718,-0.01600305,0,-0.9779709,-0.01382744,0.2082828,0,-1.05122,-1.583107,-0.5687187,1,-0.2080028,-0.01754316,-0.9779709,0,-0.01930445,0.9997181,-0.01382744,0,-0.9779376,-0.01600304,0.2082828,0,-0.8053891,1.555118,-0.9314982,1,0.8881415,0.9316008,-0.007152121,-0.002477235,0.9999713,-0.002227074,-0.003664246,-0.02329762,1.466667,60
0,0.04370081,-0.002807101,1.000206,-0.06202501,-0.009028045,1.000181,-0.009162277,-0.005917634,1.000193,-0.2082835,-0.01844507,-0.9778945,0,-0.01670754,0.9997434,-0.01529861,0,-0.9779258,-0.01315177,0.2085383,0,-1.052355,-1.58171,-0.5697328,1,-0.2082836,-0.01670754,-0.9779259,0,-0.01844507,0.9997433,-0.01315177,0,-0.9778945,-0.01529861,0.2085383,0,-0.8055016,1.555006,-0.9311166,1,0.8929491,0.9321828,-0.006777972,-0.00220208,0.9999746,-0.002224984,-0.003664139,-0.02329778,1.477778,61
0,0.04454203,-0.002077721,1.00006,-0.06154878,-0.00905962,1.000033,-0.008503601,-0.005568855,1.000046,-0.2085339,-0.01851418,-0.9778399,0,-0.0161944,0.9997491,-0.01547539,0,-0.9778811,-0.01260839,0.2087814,0,-1.053127,-1.581213,-0.5692371,1,-0.2085339,-0.0161944,-0.9778811,0,-0.01851418,0.9997491,-0.01260839,0,-0.9778399,-0.01547539,0.2087814,0,-0.8055102,1.554952,-0.9309235,1,0.9170437,0.9504758,-0.006136881,-0.001859069,0.9999795,-0.002223419,-0.003666291,-0.0232946,1.5,62
0,0.04529525,-0.00174063,1.000187,-0.06364988,-0.008969073,1.000184,-0.009177491,-0.005354914,1.000185,-0.2085657,-0.01856428,-0.9778322,0,-0.01582571,0.999753,-0.01560492,0,-0.9778804,-0.01222024,0.2088079,0,-1.053551,-1.580889,-0.5691909,1,-0.2085657,-0.01582571,-0.9778802,0,-0.01856428,0.999753,-0.01222024,0,-0.9778322,-0.01560492,0.208808,0,-0.8056557,1.554943,-0.9307138,1,0.9039417,0.937194,-0.006795633,-0.00164571,0.9999756,-0.0022221,-0.003670281,-0.02328543,1.511111,63
0,0.04612228,-0.0009179467,1.000074,-0.06279741,-0.01048563,1.000081,-0.008337572,-0.005701907,1.000077,-0.2085193,-0.01836355,-0.9778458,0,-0.01524991,0.9997632,-0.01552321,0,-0.9778993,-0.01167517,0.20875,0,-1.054241,-1.580237,-0.569459,1,-0.2085193,-0.01524991,-0.9778993,0,-0.01836355,0.9997632,-0.01167517,0,-0.9778458,-0.01552321,0.20875,0,-0.8056914,1.554945,-0.9305164,1,0.9207482,0.9390778,-0.005978578,-0.00198275,0.9999802,-0.002219422,-0.003672714,-0.0232621,1.533333,64
0,0.04715894,-0.008056547,1.0001,-0.06257814,-0.01011656,1.000114,-0.007709339,-0.009086669,1.000107,-0.2084141,-0.01790584,-0.9778769,0,-0.01460561,0.9997779,-0.015194,0,-0.9779317,-0.01111585,0.2086293,0,-1.05501,-1.579341,-0.570211,1,-0.208414,-0.01460561,-0.9779316,0,-0.01790585,0.9997779,-0.01111584,0,-0.9778767,-0.01519399,0.2086293,0,-0.8057544,1.554918,-0.9303207,1,0.9121898,0.9453526,-0.005364286,-0.00526024,0.9999718,-0.002220452,-0.003704491,-0.02309924,1.544444,65
0,0.04737236,-0.00705469,1.000084,-0.06240393,-0.01096696,1.000082,-0.007515818,-0.009010708,1.000083,-0.2084578,-0.01740258,-0.9778766,0,-0.01412353,0.999791,-0.01478181,0,-0.9779294,-0.01072968,0.2086601,0,-1.055595,-1.578623,-0.5709019,1,-0.2084579,-0.01412353,-0.9779294,0,-0.01740258,0.999791,-0.01072969,0,-0.9778764,-0.01478181,0.20866,0,-0.8057907,1.554945,-0.9301109,1,0.9166568,0.9447067,-0.005173231,-0.005177468,0.9999732,-0.002222794,-0.003713333,-0.02307571,1.555556,66
0,0.04656941,-0.007183781,1.000132,-0.06204587,-0.01168859,1.000147,-0.007738069,-0.0094363,1.00014,-0.2082071,-0.01678791,-0.9779407,0,-0.01269651,0.9998148,-0.01446028,0,-0.9780024,-0.009405697,0.2083818,0,-1.057261,-1.576892,-0.5719562,1,-0.2082072,-0.01269651,-0.9780024,0,-0.01678791,0.9998148,-0.009405697,0,-0.9779407,-0.01446028,0.2083817,0,-0.8059413,1.554906,-0.9296506,1,0.9301029,0.9483466,-0.005386065,-0.005589841,0.9999698,-0.002226761,-0.003716744,-0.02305286,1.577778,67
0,0.04317756,-0.007825516,1.000142,-0.06151466,-0.01087729,1.000174,-0.009168431,-0.009351523,1.000158,-0.2079122,-0.01660281,-0.9780067,0,-0.01225844,0.9998217,-0.01436716,0,-0.9780708,-0.00900173,0.2080786,0,-1.057549,-1.576427,-0.5725897,1,-0.2079121,-0.01225844,-0.9780706,0,-0.01660281,0.9998216,-0.009001726,0,-0.9780065,-0.01436716,0.2080786,0,-0.8060468,1.554955,-0.9294047,1,0.9256456,0.9359204,-0.006772755,-0.005504814,0.9999619,-0.002238076,-0.00371859,-0.02303897,1.588889,68
0,0.04215394,-0.003671903,0.9999947,-0.06141654,-0.009694971,1.000033,-0.009631246,-0.006683138,1.000014,-0.207406,-0.01613104,-0.978122,0,-0.01110426,0.9998384,-0.01413458,0,-0.978192,-0.007929725,0.2075516,0,-1.058549,-1.575144,-0.5737008,1,-0.207406,-0.01110426,-0.9781919,0,-0.01613104,0.9998385,-0.007929723,0,-0.9781219,-0.01413458,0.2075516,0,-0.8061074,1.555026,-0.9288821,1,0.9334372,0.9506482,-0.007222282,-0.00288169,0.9999698,-0.002241937,-0.003734986,-0.02303312,1.611111,69
0,0.04258785,-0.003502034,1.000116,-0.06118606,-0.01029004,1.00014,-0.009298772,-0.006896033,1.000128,-0.2071795,-0.01620115,-0.9781688,0,-0.01064656,0.999841,-0.01430512,0,-0.978245,-0.007450405,0.207319,0,-1.058886,-1.574788,-0.5738164,1,-0.2071795,-0.01064656,-0.9782451,0,-0.01620115,0.999841,-0.007450406,0,-0.9781688,-0.01430512,0.2073191,0,-0.8061821,1.555055,-0.9286196,1,0.9478106,0.9528576,-0.006894307,-0.003088234,0.9999714,-0.002244577,-0.003735825,-0.02303243,1.622222,70
0,0.04456303,-0.003332185,1.000107,-0.05995175,-0.01106413,1.000145,-0.007693633,-0.007198032,1.000126,-0.2064458,-0.01581667,-0.9783302,0,-0.009850375,0.9998522,-0.01408601,0,-0.9784085,-0.006728924,0.2065711,0,-1.05921,-1.573892,-0.575053,1,-0.2064458,-0.009850375,-0.9784083,0,-0.01581667,0.9998522,-0.006728922,0,-0.9783302,-0.014086,0.2065711,0,-0.8061548,1.555125,-0.9281409,1,0.9517191,0.9628491,-0.005322449,-0.00337878,0.9999801,-0.002247947,-0.003740929,-0.02303066,1.644444,71
0,0.0448738,-0.003740299,1.000119,-0.05957718,-0.01128278,1.000169,-0.007351339,-0.007511295,1.000144,-0.2059785,-0.01581107,-0.9784287,0,-0.00936296,0.9998555,-0.01418623,0,-0.9785117,-0.006238933,0.2060968,0,-1.059463,-1.573433,-0.5755578,1,-0.2059785,-0.009362961,-0.9785118,0,-0.01581107,0.9998555,-0.006238932,0,-0.9784288,-0.01418623,0.2060968,0,-0.8062465,1.55512,-0.9278929,1,0.9543438,0.9643308,-0.004986538,-0.003683863,0.9999807,-0.002248832,-0.003742462,-0.02302985,1.655556,72
0,0.04692887,-0.003309033,1.000101,-0.05924959,-0.01159539,1.00016,-0.006159991,-0.007452148,1.000131,-0.2054665,-0.01545926,-0.9785422,0,-0.009185674,0.9998617,-0.01386734,0,-0.9786212,-0.006139298,0.2055801,0,-1.059203,-1.57311,-0.5767491,1,-0.2054665,-0.009185676,-0.9786209,0,-0.01545926,0.9998617,-0.006139293,0,-0.9785419,-0.01386734,0.20558,0,-0.8063229,1.555164,-0.9276479,1,0.9543438,0.9643308,-0.003819956,-0.003623321,0.9999861,-0.002251349,-0.003745163,-0.02302685,1.666667,73
0,0.04650109,-0.004074117,1.000115,-0.05773549,-0.01140324,1.00017,-0.00561671,-0.007738732,1.000142,-0.2049654,-0.01532678,-0.9786494,0,-0.008798696,0.9998658,-0.01381629,0,-0.9787298,-0.005778979,0.2050728,0,-1.059272,-1.572682,-0.577524,1,-0.2049653,-0.008798698,-0.9787295,0,-0.01532678,0.9998658,-0.005778976,0,-0.978649,-0.01381629,0.2050727,0,-0.8064114,1.555172,-0.9273947,1,0.9623671,0.9510201,-0.003284476,-0.003904985,0.9999869,-0.002256073,-0.003742928,-0.02304204,1.677778,74
0,0.04665238,-0.002293998,1.000161,-0.05725481,-0.01186064,1.000226,-0.005300716,-0.007077134,1.000193,-0.2037719,-0.01492526,-0.9789045,0,-0.00855899,0.9998727,-0.0134633,0,-0.978981,-0.005634994,0.2038738,0,-1.058491,-1.572212,-0.5799409,1,-0.2037719,-0.00855899,-0.978981,0,-0.01492526,0.9998727,-0.005634993,0,-0.9789047,-0.0134633,0.2038738,0,-0.8068632,1.555144,-0.9268672,1,0.9686093,0.9573092,-0.002972115,-0.003257992,0.9999903,-0.002259186,-0.003743691,-0.02306627,1.7,75
0,0.04648931,-0.002322161,1.000136,-0.05788562,-0.01325313,1.000221,-0.005697325,-0.0077874,1.000178,-0.2024624,-0.01407602,-0.9791889,0,-0.008104689,0.9998865,-0.01269778,0,-0.9792565,-0.005365198,0.2025535,0,-1.057951,-1.571279,-0.5829089,1,-0.2024624,-0.008104688,-0.9792565,0,-0.01407601,0.9998866,-0.005365199,0,-0.9791888,-0.01269778,0.2025535,0,-0.8070904,1.555124,-0.9263651,1,0.9660132,0.9703708,-0.003354577,-0.003945903,0.9999866,-0.002264665,-0.003749626,-0.02305299,1.722222,76
0,0.04675978,-0.003899896,1.000023,-0.05800836,-0.01541077,1.000095,-0.005623728,-0.009655149,1.000059,-0.2018453,-0.01354781,-0.9793236,0,-0.00793254,0.9998941,-0.01219743,0,-0.9793853,-0.005306531,0.2019314,0,-1.057635,-1.570813,-0.5844219,1,-0.2018453,-0.007932541,-0.9793854,0,-0.01354781,0.9998942,-0.005306532,0,-0.9793238,-0.01219743,0.2019314,0,-0.807098,1.555128,-0.9261546,1,0.9804556,0.9690425,-0.003278146,-0.005762367,0.999978,-0.002269683,-0.003759331,-0.02301962,1.733333,77
0,0.04683775,-0.0027919,1.00009,-0.05730753,-0.01649054,1.000196,-0.005233958,-0.009640973,1.000143,-0.199937,-0.01239688,-0.9797303,0,-0.00751373,0.9999099,-0.01111887,0,-0.9797799,-0.005138356,0.2000121,0,-1.056772,-1.569791,-0.5884091,1,-0.199937,-0.00751373,-0.97978,0,-0.01239688,0.9999099,-0.005138355,0,-0.9797303,-0.01111887,0.2000121,0,-0.8072306,1.555167,-0.9257815,1,0.9809769,0.9680305,-0.00289619,-0.005748557,0.9999793,-0.002270377,-0.003759575,-0.02301698,1.755556,78
0,0.04589409,-0.00214686,0.9999726,-0.057133,-0.01691183,1.000085,-0.005618215,-0.009528798,1.000029,-0.1989437,-0.01186035,-0.9799391,0,-0.007400814,0.9999164,-0.01059965,0,-0.979983,-0.005143614,0.1990149,0,-1.056208,-1.569385,-0.5903255,1,-0.1989438,-0.007400815,-0.979983,0,-0.01186035,0.9999164,-0.005143613,0,-0.9799392,-0.01059965,0.1990149,0,-0.8072225,1.55518,-0.9256541,1,0.9790653,0.9705265,-0.003269646,-0.005634872,0.9999788,-0.002273255,-0.003764061,-0.02300958,1.766667,79
0,0.04937685,-0.0008842592,1.000034,-0.05622697,-0.01244246,1.000186,-0.003423408,-0.006662932,1.00011,-0.1975838,-0.01139287,-0.98022,0,-0.007212988,0.9999223,-0.01016794,0,-0.9802597,-0.005061295,0.1976506,0,-1.055464,-1.56893,-0.5925876,1,-0.1975836,-0.007212988,-0.9802593,0,-0.01139287,0.9999223,-0.005061293,0,-0.9802196,-0.01016794,0.1976505,0,-0.807283,1.555169,-0.9254439,1,0.9874545,0.9600637,-0.001118458,-0.002808972,0.9999955,-0.002279077,-0.003789185,-0.02299163,1.777778,80
0,0.05002357,6.172189E-05,1.000054,-0.05468327,-0.01344515,1.000186,-0.0023285,-0.006690991,1.00012,-0.1953555,-0.01047677,-0.9806765,0,-0.006890206,0.9999329,-0.00930993,0,-0.9807082,-0.004938318,0.1954145,0,-1.054135,-1.568065,-0.5965596,1,-0.1953555,-0.006890207,-0.9807083,0,-0.01047677,0.9999329,-0.004938317,0,-0.9806765,-0.009309929,0.1954146,0,-0.8073913,1.555142,-0.9249665,1,1,1,-4.130086E-05,-0.002832916,0.9999961,-0.00228614,-0.003793305,-0.02298629,1.8,81
0,0.04942973,0.001699744,1.000217,-0.05467121,-0.0135887,1.000334,-0.002619699,-0.005944231,1.000275,-0.1943109,-0.01016391,-0.9808874,0,-0.007133724,0.9999345,-0.008948102,0,-0.9809141,-0.005258666,0.1943706,0,-1.052868,-1.568025,-0.5985277,1,-0.1943108,-0.007133724,-0.980914,0,-0.01016391,0.9999346,-0.005258666,0,-0.9808873,-0.008948102,0.1943707,0,-0.8076091,1.555056,-0.9246823,1,0.9996097,0.9617546,-0.0003234082,-0.002101482,0.9999978,-0.002288667,-0.003793854,-0.02298389,1.811111,82
0,0.05006321,0.0008969634,1.000056,-0.0543092,-0.0121418,1.000209,-0.002121449,-0.00562181,1.000133,-0.1918116,-0.009040688,-0.9813901,0,-0.007198849,0.9999436,-0.007804599,0,-0.9814054,-0.005567867,0.1918658,0,-1.05073,-1.567337,-0.6032549,1,-0.1918115,-0.00719885,-0.9814054,0,-0.009040688,0.9999437,-0.005567867,0,-0.9813901,-0.007804599,0.1918658,0,-0.8077403,1.554977,-0.9241744,1,1,1,0.0001652003,-0.001779413,0.9999984,-0.002290291,-0.003801209,-0.02296848,1.833333,83
