flag,xl,yl,zl,xr,yr,zr,xc,yc,zc,mat_00,mat_10,mat_20,mat_30,mat_01,mat_11,mat_21,mat_31,mat_02,mat_12,mat_22,mat_32,mat_03,mat_13,mat_23,mat_33,ctw_00,ctw_10,ctw_20,ctw_30,ctw_01,ctw_11,ctw_21,ctw_31,ctw_02,ctw_12,ctw_22,ctw_32,ctw_03,ctw_13,ctw_23,ctw_33,opennessl,opennessr,ray_x,ray_y,ray_z,eye_x,eye_y,eye_z,time,frame,u,v
25.0,0.228437,0.1660378,1.000124,0.1000872,0.1460627,1.000119,0.1642623,0.1560503,1.000121,-0.3325764,-0.02672634,-0.9426976,0.0,0.007456987,0.9994926,-0.03096729,0.0,-0.9430469,0.01732867,0.3322084,0.0,-1.189247,-1.558012,-0.410855,1.0,-0.3325764,0.007456983,-0.9430468,0.0,-0.02672633,0.9994926,0.01732867,0.0,-0.9426974,-0.03096729,0.3322083,0.0,-0.8244674,1.553367,-0.9580278,1.0,1.0,1.0,0.1598717,0.1517329,0.9754066,-0.003342468,-0.003021843,-0.0224645,69.12222,4291.0,0.175,0.104
25.0,0.2284584,0.1671818,1.000056,0.09987891,0.1458426,1.000056,0.1641687,0.1565122,1.000056,-0.3325725,-0.02673824,-0.9426987,0.0,0.007411313,0.999493,-0.03096375,0.0,-0.9430487,0.01728432,0.3322057,0.0,-1.189259,-1.558122,-0.4109209,1.0,-0.3325724,0.007411312,-0.9430485,0.0,-0.02673824,0.9994931,0.01728432,0.0,-0.9426985,-0.03096375,0.3322057,0.0,-0.8245507,1.553423,-0.9580879,1.0,1.0,1.0,0.1597842,0.1521725,0.9753525,-0.003342902,-0.003019425,-0.02246593,69.13333,4292.0,0.175,0.104
25.0,0.2286621,0.1662015,0.9999631,0.09990838,0.1461447,0.9999861,0.1642855,0.1561731,0.9999747,-0.3325354,-0.02682688,-0.9427091,0.0,0.007258526,0.9994929,-0.0310032,0.0,-0.9430628,0.01715234,0.332172,0.0,-1.189162,-1.558328,-0.4110166,1.0,-0.3325354,0.007258525,-0.9430628,0.0,-0.02682688,0.9994929,0.01715234,0.0,-0.9427091,-0.0310032,0.332172,0.0,-0.8247126,1.553427,-0.9581972,1.0,1.0,1.0,0.1599128,0.1518639,0.9753795,-0.003342988,-0.003018585,-0.02246718,69.15556,4293.0,0.175,0.104
25.0,0.2284201,0.1660398,1.000042,0.09972614,0.1462195,1.000063,0.1640735,0.1561296,1.000053,-0.3323793,-0.02688519,-0.9427627,0.0,0.006984765,0.999496,-0.03096563,0.0,-0.9431201,0.0168773,0.3320241,0.0,-1.188707,-1.558703,-0.4113451,1.0,-0.3323793,0.006984757,-0.9431198,0.0,-0.02688519,0.999496,0.0168773,0.0,-0.9427624,-0.03096562,0.3320239,0.0,-0.8248085,1.553482,-0.9582103,1.0,1.0,1.0,0.1597047,0.1518164,0.9754211,-0.003343048,-0.003017799,-0.02246909,69.16667,4294.0,0.175,0.104
25.0,0.2287681,0.1655008,1.00013,0.09957185,0.1460202,1.000149,0.1641703,0.1557605,1.00014,-0.3322566,-0.02746819,-0.942789,0.0,0.006683554,0.9994822,-0.03147536,0.0,-0.9431653,0.01675908,0.3319008,0.0,-1.188433,-1.559337,-0.4109467,1.0,-0.3322565,0.006683556,-0.9431654,0.0,-0.02746819,0.9994822,0.01675907,0.0,-0.9427891,-0.03147536,0.331901,0.0,-0.8251327,1.553538,-0.958362,1.0,1.0,1.0,0.1597906,0.1514574,0.9754628,-0.003343293,-0.003016983,-0.02246924,69.18889,4295.0,0.175,0.104
25.0,0.2287777,0.1649928,1.000263,0.09947148,0.1479324,1.000221,0.164124,0.1564624,1.000242,-0.3325105,-0.02790586,-0.9426868,0.0,0.006673506,0.9994675,-0.03194063,0.0,-0.9430761,0.01691161,0.3321472,0.0,-1.188602,-1.559552,-0.4100282,1.0,-0.3325104,0.006673496,-0.9430758,0.0,-0.02790585,0.9994674,0.01691161,0.0,-0.9426864,-0.03194062,0.332147,0.0,-0.8252712,1.553557,-0.9583777,1.0,1.0,1.0,0.1597162,0.1520981,0.9753752,-0.003343406,-0.003017151,-0.02246846,69.2,4296.0,0.175,0.104
25.0,0.2287795,0.1655619,1.000002,0.09946582,0.1479729,1.000036,0.1641231,0.1567676,1.000019,-0.3322589,-0.02793673,-0.9427744,0.0,0.006759288,0.999465,-0.03199877,0.0,-0.943164,0.01700436,0.3318924,0.0,-1.188745,-1.559522,-0.4103081,1.0,-0.3322589,0.006759287,-0.943164,0.0,-0.02793673,0.999465,0.01700436,0.0,-0.9427743,-0.03199876,0.3318924,0.0,-0.825367,1.553593,-0.9584848,1.0,1.0,1.0,0.1597418,0.152414,0.9753218,-0.003343406,-0.003016999,-0.02246829,69.21111,4297.0,0.175,0.104
25.0,0.2300375,0.1661435,1.000204,0.09900388,0.1472885,1.000194,0.1645206,0.1567161,1.000199,-0.3323138,-0.02824762,-0.9427459,0.0,0.006735488,0.9994549,-0.03232103,0.0,-0.9431449,0.01709058,0.3319424,0.0,-1.188912,-1.559716,-0.4100146,1.0,-0.3323139,0.006735486,-0.9431448,0.0,-0.02824762,0.9994548,0.01709057,0.0,-0.9427457,-0.03232102,0.3319423,0.0,-0.8256896,1.553622,-0.9585584,1.0,1.0,1.0,0.1600856,0.1523315,0.9752783,-0.003343766,-0.003016968,-0.02246726,69.23334,4298.0,0.175,0.104
25.0,0.230691,0.1654469,1.000161,0.09888071,0.1463681,1.000134,0.1647854,0.1559072,1.000148,-0.3324753,-0.02849023,-0.9426816,0.0,0.006526892,0.9994501,-0.0325079,0.0,-0.9430894,0.01696085,0.3321065,0.0,-1.188739,-1.560064,-0.4096031,1.0,-0.3324752,0.006526891,-0.9430893,0.0,-0.02849023,0.9994502,0.01696085,0.0,-0.9426815,-0.0325079,0.3321065,0.0,-0.8257982,1.55365,-0.9585954,1.0,1.0,1.0,0.1603591,0.1515789,0.9753506,-0.003344064,-0.003017105,-0.02246607,69.24445,4299.0,0.175,0.104
25.0,0.2309444,0.1656016,1.000063,0.09810311,0.1444411,1.000053,0.1645236,0.1550214,1.000058,-0.332655,-0.02864895,-0.9426133,0.0,0.006610402,0.9994431,-0.03270904,0.0,-0.9430254,0.01711188,0.3322804,0.0,-1.189103,-1.560082,-0.4092153,1.0,-0.3326551,0.006610401,-0.9430255,0.0,-0.02864895,0.9994431,0.01711188,0.0,-0.9426133,-0.03270904,0.3322804,0.0,-0.8259877,1.553688,-0.9586845,1.0,1.0,1.0,0.1601511,0.1507732,0.9755096,-0.003345864,-0.00301809,-0.02246491,69.26667,4300.0,0.175,0.104
25.0,0.2310523,0.1649548,1.000038,0.0977824,0.1430866,1.000038,0.1644174,0.1540206,1.000038,-0.3326449,-0.02871066,-0.9426152,0.0,0.006644166,0.9994403,-0.03278617,0.0,-0.9430289,0.01716904,0.332268,0.0,-1.18924,-1.560088,-0.4091368,1.0,-0.3326448,0.00664416,-0.9430285,0.0,-0.02871065,0.9994403,0.01716904,0.0,-0.942615,-0.03278616,0.3322679,0.0,-0.8260443,1.553703,-0.9587594,1.0,1.0,1.0,0.1600798,0.149846,0.9756641,-0.00334732,-0.003019074,-0.02246399,69.27778,4301.0,0.175,0.104
25.0,0.2321767,0.1639261,1.000316,0.0977748,0.142685,1.000314,0.1649755,0.1533056,1.000315,-0.3326586,-0.02874124,-0.9426092,0.0,0.006670182,0.9994388,-0.03282803,0.0,-0.9430237,0.01720791,0.3322803,0.0,-1.189425,-1.560017,-0.4093612,1.0,-0.3326587,0.006670182,-0.9430237,0.0,-0.02874124,0.9994387,0.0172079,0.0,-0.9426093,-0.03282803,0.3322802,0.0,-0.8263769,1.553636,-0.9587883,1.0,1.0,1.0,0.1605752,0.1491293,0.9756927,-0.003348809,-0.003020348,-0.02246336,69.28889,4302.0,0.175,0.104
25.0,0.2312935,0.1643842,1.000169,0.09735987,0.1413745,1.000171,0.1643269,0.1528792,1.00017,-0.3327466,-0.02895495,-0.9425716,0.0,0.006487059,0.9994346,-0.03299179,0.0,-0.942994,0.01709242,0.3323706,0.0,-1.189393,-1.560312,-0.4092214,1.0,-0.3327466,0.006487054,-0.9429939,0.0,-0.02895495,0.9994345,0.01709243,0.0,-0.9425716,-0.03299179,0.3323706,0.0,-0.8266655,1.553644,-0.9589073,1.0,1.0,1.0,0.1600043,0.1487691,0.9758414,-0.003349626,-0.003023461,-0.02246184,69.31111,4303.0,0.175,0.104
25.0,0.2313891,0.164544,1.000036,0.09784222,0.1414269,1.000047,0.1646157,0.1529855,1.000041,-0.3326914,-0.0288584,-0.9425941,0.0,0.006223323,0.9994427,-0.03279541,0.0,-0.9430152,0.01677682,0.3323265,0.0,-1.189061,-1.56056,-0.4096667,1.0,-0.3326916,0.00622332,-0.9430152,0.0,-0.0288584,0.9994427,0.01677682,0.0,-0.9425941,-0.03279541,0.3323265,0.0,-0.8267754,1.553655,-0.9589785,1.0,1.0,1.0,0.1602912,0.1488821,0.975777,-0.003350937,-0.003025284,-0.02245971,69.32223,4304.0,0.175,0.104
25.0,0.2315677,0.1642689,1.000062,0.09769276,0.1411661,1.000057,0.1646299,0.1527174,1.000059,-0.3327941,-0.02837218,-0.9425727,0.0,0.005785509,0.999467,-0.03212744,0.0,-0.9429818,0.01614508,0.3324525,0.0,-1.188594,-1.560781,-0.4105903,1.0,-0.332794,0.005785508,-0.9429817,0.0,-0.02837218,0.9994671,0.01614508,0.0,-0.9425725,-0.03212744,0.3324525,0.0,-0.8268508,1.553634,-0.9591216,1.0,1.0,1.0,0.1603086,0.148631,0.9758124,-0.003351181,-0.003027947,-0.02245808,69.34444,4305.0,0.175,0.104
25.0,0.2311519,0.1639429,0.9998642,0.09769535,0.1399572,0.9998786,0.1644239,0.1519503,0.9998714,-0.3328184,-0.02766396,-0.9425851,0.0,0.005804806,0.9994906,-0.03138371,0.0,-0.9429731,0.0159166,0.3324883,0.0,-1.188697,-1.560416,-0.4117016,1.0,-0.3328184,0.005804802,-0.942973,0.0,-0.02766396,0.9994906,0.0159166,0.0,-0.942585,-0.03138371,0.3324882,0.0,-0.8268512,1.553601,-0.9591866,1.0,1.0,1.0,0.1601629,0.1479464,0.9759403,-0.003351342,-0.003028252,-0.02245417,69.35556,4306.0,0.175,0.104
25.0,0.2311634,0.1640793,0.9999096,0.09734493,0.1379854,0.9999532,0.1642551,0.1510327,0.9999314,-0.3326855,-0.02650827,-0.9426653,0.0,0.006015339,0.9995249,-0.03023013,0.0,-0.9430188,0.01572757,0.3323679,0.0,-1.18913,-1.559634,-0.4137638,1.0,-0.3326854,0.006015332,-0.9430185,0.0,-0.02650827,0.9995248,0.01572757,0.0,-0.9426652,-0.03023012,0.3323678,0.0,-0.8269899,1.553537,-0.9593206,1.0,1.0,1.0,0.1600191,0.1470865,0.9760939,-0.003352509,-0.003029266,-0.02245204,69.37778,4307.0,0.175,0.104
25.0,0.2305364,0.1638104,0.9999059,0.09774983,0.1382474,0.9999314,0.1641435,0.151029,0.9999187,-0.3326129,-0.02589754,-0.942708,0.0,0.006256751,0.9995403,-0.02966636,0.0,-0.9430428,0.0157657,0.3322979,0.0,-1.189555,-1.559088,-0.4147591,1.0,-0.3326128,0.00625675,-0.9430426,0.0,-0.02589754,0.9995403,0.0157657,0.0,-0.9427076,-0.02966636,0.3322978,0.0,-0.8270341,1.55351,-0.959397,1.0,1.0,1.0,0.159917,0.1470878,0.9761105,-0.003352189,-0.003029434,-0.02245113,69.38889,4308.0,0.175,0.104
25.0,0.2306254,0.1642104,1.000028,0.09820423,0.1384012,1.00005,0.1644151,0.1513059,1.000039,-0.3324839,-0.02575868,-0.9427572,0.0,0.00618198,0.9995459,-0.02949052,0.0,-0.9430887,0.01563322,0.3321736,0.0,-1.189423,-1.55909,-0.4152798,1.0,-0.3324838,0.006181978,-0.9430887,0.0,-0.02575868,0.999546,0.01563323,0.0,-0.9427571,-0.02949052,0.3321737,0.0,-0.827132,1.553489,-0.9594132,1.0,1.0,1.0,0.1601455,0.1473256,0.9760372,-0.003351707,-0.003030861,-0.02244882,69.41111,4309.0,0.175,0.104
25.0,0.2295365,0.1650979,1.000032,0.0982556,0.138312,1.000102,0.1638973,0.1517053,1.000067,-0.3319561,-0.02588667,-0.9429397,0.0,0.006107337,0.9995434,-0.02959067,0.0,-0.9432752,0.01558165,0.3316464,0.0,-1.189172,-1.559198,-0.4159231,1.0,-0.3319561,0.006107336,-0.943275,0.0,-0.02588667,0.9995434,0.01558165,0.0,-0.9429395,-0.02959067,0.3316464,0.0,-0.8273055,1.553441,-0.9594817,1.0,1.0,1.0,0.1596505,0.1477075,0.9760606,-0.003351395,-0.003032799,-0.02244731,69.42223,4310.0,0.175,0.104
25.0,0.2300632,0.1650417,0.9999927,0.09834439,0.1409633,1.000057,0.1642046,0.153003,1.000025,-0.3311847,-0.02604862,-0.9432065,0.0,0.006134569,0.9995383,-0.02975835,0.0,-0.9435461,0.01564167,0.3308721,0.0,-1.188882,-1.559217,-0.4171224,1.0,-0.3311847,0.006134567,-0.9435459,0.0,-0.02604861,0.9995383,0.01564167,0.0,-0.9432061,-0.02975835,0.3308719,0.0,-0.8277873,1.553377,-0.9593617,1.0,1.0,1.0,0.1599136,0.1489189,0.9758334,-0.003350944,-0.003032799,-0.02244433,69.44444,4311.0,0.175,0.104
25.0,0.2309914,0.1655488,1.000308,0.09785441,0.1414188,1.000352,0.1644236,0.1534843,1.00033,-0.3308359,-0.02624604,-0.9433233,0.0,0.006219324,0.9995308,-0.0299911,0.0,-0.9436678,0.01578896,0.3305174,0.0,-1.188929,-1.55918,-0.4175525,1.0,-0.3308359,0.006219322,-0.9436678,0.0,-0.02624604,0.9995309,0.01578897,0.0,-0.9433232,-0.02999111,0.3305175,0.0,-0.8281497,1.55332,-0.9593281,1.0,1.0,1.0,0.1600619,0.1493205,0.9757478,-0.003351502,-0.003032799,-0.02244031,69.45556,4312.0,0.175,0.104
25.0,0.2304639,0.1664602,1.000022,0.09696379,0.1446574,1.000049,0.1637141,0.155559,1.000035,-0.3303976,-0.02621165,-0.9434779,0.0,0.006294258,0.9995309,-0.02997311,0.0,-0.943821,0.01584153,0.3300776,0.0,-1.188865,-1.559124,-0.4183514,1.0,-0.3303975,0.006294252,-0.9438208,0.0,-0.02621165,0.9995309,0.01584153,0.0,-0.9434777,-0.0299731,0.3300776,0.0,-0.8283704,1.553336,-0.9592881,1.0,1.0,1.0,0.1594005,0.1513114,0.9755492,-0.003353035,-0.003030579,-0.02243641,69.47778,4313.0,0.175,0.104
25.0,0.2300019,0.166884,1.000087,0.09643891,0.1458687,1.000117,0.163221,0.1563766,1.000102,-0.330179,-0.02628624,-0.9435524,0.0,0.006372577,0.9995273,-0.03007559,0.0,-0.9438969,0.01594318,0.3298553,0.0,-1.188958,-1.559067,-0.4185908,1.0,-0.3301788,0.006372574,-0.9438968,0.0,-0.02628622,0.9995272,0.01594318,0.0,-0.9435521,-0.03007559,0.3298553,0.0,-0.8285128,1.553317,-0.9593225,1.0,1.0,1.0,0.158917,0.1520717,0.9755099,-0.003356567,-0.00302533,-0.02243105,69.48889,4314.0,0.175,0.104
25.0,0.2293089,0.168378,1.000055,0.0959892,0.1455332,1.000089,0.1626496,0.156956,1.000072,-0.3299676,-0.02610954,-0.9436312,0.0,0.006300516,0.9995342,-0.0298595,0.0,-0.9439713,0.01579803,0.3296494,0.0,-1.188807,-1.559077,-0.4193307,1.0,-0.3299676,0.006300516,-0.9439712,0.0,-0.02610954,0.9995342,0.01579803,0.0,-0.9436311,-0.02985949,0.3296494,0.0,-0.8286681,1.55332,-0.9593371,1.0,1.0,1.0,0.1583781,0.1526276,0.9755108,-0.003357705,-0.003023873,-0.02242911,69.5,4315.0,0.175,0.104
25.0,0.2301421,0.1693617,1.000142,0.09790018,0.1454315,1.000142,0.1640211,0.1573966,1.000142,-0.3299196,-0.02598399,-0.9436514,0.0,0.006369239,0.9995371,-0.02974965,0.0,-0.9439876,0.01582533,0.3296014,0.0,-1.189092,-1.558927,-0.4198676,1.0,-0.3299196,0.006369234,-0.9439875,0.0,-0.02598399,0.9995371,0.01582533,0.0,-0.9436513,-0.02974965,0.3296013,0.0,-0.8290204,1.553288,-0.9594283,1.0,1.0,1.0,0.1596343,0.1529958,0.9752483,-0.003359131,-0.003023117,-0.02242764,69.52222,4316.0,0.175,0.104
25.0,0.2301295,0.1692754,0.9999204,0.09743166,0.1454258,0.999917,0.1637807,0.1573506,0.9999188,-0.3299334,-0.02602116,-0.9436455,0.0,0.0064683,0.9995342,-0.02982386,0.0,-0.943982,0.01594367,0.3296114,0.0,-1.189357,-1.558892,-0.4196428,1.0,-0.3299334,0.006468299,-0.9439821,0.0,-0.02602116,0.9995342,0.01594367,0.0,-0.9436455,-0.02982386,0.3296114,0.0,-0.8289669,1.553344,-0.959558,1.0,1.0,1.0,0.1594469,0.1529896,0.9752799,-0.003361251,-0.003021919,-0.02242732,69.53333,4317.0,0.175,0.104
25.0,0.2311326,0.168371,1.000162,0.09784064,0.1449633,1.000145,0.1644862,0.156667,1.000153,-0.3300428,-0.02604525,-0.9436066,0.0,0.006733395,0.9995289,-0.02994393,0.0,-0.9439419,0.01623645,0.3297119,0.0,-1.189913,-1.558643,-0.4194446,1.0,-0.3300427,0.006733397,-0.943942,0.0,-0.02604525,0.9995289,0.01623646,0.0,-0.9436066,-0.02994393,0.329712,0.0,-0.829108,1.553361,-0.9596056,1.0,1.0,1.0,0.1600846,0.1523032,0.9752828,-0.003361672,-0.003022171,-0.02242584,69.54445,4318.0,0.175,0.104
25.0,0.2308546,0.1684815,1.000093,0.09860894,0.1449525,1.000087,0.1647316,0.1567169,1.00009,-0.3301229,-0.02645676,-0.9435672,0.0,0.006553865,0.9995188,-0.03031857,0.0,-0.9439153,0.01619287,0.3297907,0.0,-1.189971,-1.55906,-0.4186619,1.0,-0.3301229,0.006553865,-0.9439151,0.0,-0.02645675,0.9995188,0.01619286,0.0,-0.943567,-0.03031857,0.3297906,0.0,-0.8291199,1.553416,-0.9599153,1.0,1.0,1.0,0.1603213,0.1523537,0.9752361,-0.003361961,-0.003022568,-0.02242503,69.56667,4319.0,0.175,0.104
25.0,0.2307953,0.1682765,1.000173,0.09913093,0.1449679,1.000129,0.1649627,0.1566222,1.000151,-0.3304828,-0.02700587,-0.9434257,0.0,0.006068197,0.9995091,-0.03073697,0.0,-0.9437926,0.01588293,0.3301567,0.0,-1.189642,-1.559869,-0.4175692,1.0,-0.3304828,0.006068195,-0.9437924,0.0,-0.02700587,0.9995091,0.01588293,0.0,-0.9434255,-0.03073697,0.3301567,0.0,-0.8292273,1.553488,-0.9601369,1.0,1.0,1.0,0.1605298,0.1522516,0.9752177,-0.003362511,-0.003022888,-0.02242379,69.58889,4320.0,0.175,0.104
25.0,0.234668,0.1688986,1.000194,0.1008535,0.1449738,1.000185,0.1677606,0.1569362,1.000189,-0.3305126,-0.0272032,-0.9434096,0.0,0.005904863,0.9995053,-0.03088943,0.0,-0.9437832,0.01578005,0.3301885,0.0,-1.189526,-1.560083,-0.4174476,1.0,-0.3305126,0.005904864,-0.943783,0.0,-0.02720321,0.9995055,0.01578005,0.0,-0.9434094,-0.03088943,0.3301885,0.0,-0.8294164,1.55344,-0.9601997,1.0,1.0,1.0,0.1631147,0.1524745,0.9747539,-0.003362573,-0.003024223,-0.02242233,69.6,4321.0,0.175,0.104
25.0,0.2348174,0.1671919,1.000046,0.1016364,0.1452309,1.000063,0.1682273,0.1562115,1.000054,-0.3304222,-0.02710131,-0.9434443,0.0,0.005599748,0.9995138,-0.03067316,0.0,-0.9438168,0.01541814,0.3301097,0.0,-1.189169,-1.560378,-0.4179904,1.0,-0.3304221,0.005599746,-0.9438166,0.0,-0.02710131,0.9995138,0.01541814,0.0,-0.9434439,-0.03067315,0.3301097,0.0,-0.8295666,1.553457,-0.9603169,1.0,1.0,1.0,0.1635855,0.1518083,0.9747789,-0.003362657,-0.003024788,-0.02242021,69.61111,4322.0,0.175,0.104
25.0,0.2349485,0.1663481,0.9999356,0.1016214,0.145118,0.9999507,0.1682852,0.1557332,0.9999431,-0.330475,-0.02637142,-0.9434463,0.0,0.005829874,0.9995335,-0.02998129,0.0,-0.9437968,0.01540824,0.3301671,0.0,-1.18983,-1.559804,-0.419132,1.0,-0.330475,0.005829872,-0.9437968,0.0,-0.02637141,0.9995334,0.01540824,0.0,-0.9434462,-0.02998129,0.3301671,0.0,-0.8297718,1.553446,-0.9605406,1.0,1.0,1.0,0.163668,0.1513781,0.9748321,-0.003362657,-0.003025589,-0.02241847,69.63333,4323.0,0.175,0.104
25.0,0.235138,0.1617717,1.000117,0.1008272,0.1457861,1.000098,0.1679823,0.1537787,1.000108,-0.3306122,-0.02641673,-0.9433971,0.0,0.005615001,0.9995354,-0.02995647,0.0,-0.9437502,0.01520114,0.3303102,0.0,-1.18969,-1.559991,-0.419078,1.0,-0.330612,0.005614997,-0.9437499,0.0,-0.02641672,0.9995354,0.01520114,0.0,-0.9433967,-0.02995646,0.3303102,0.0,-0.8298926,1.553393,-0.9606307,1.0,1.0,1.0,0.1634075,0.149544,0.9751588,-0.003362389,-0.003029053,-0.02241801,69.64445,4324.0,0.175,0.104
25.0,0.2352884,0.1626221,1.000064,0.1001186,0.146183,1.000051,0.1677032,0.1544023,1.000057,-0.3306834,-0.0256823,-0.9433923,0.0,0.005354675,0.9995625,-0.02908839,0.0,-0.9437267,0.0146706,0.3304011,0.0,-1.189703,-1.559852,-0.4205668,1.0,-0.3306832,0.005354674,-0.9437265,0.0,-0.02568229,0.9995624,0.0146706,0.0,-0.9433922,-0.02908839,0.3304011,0.0,-0.8302346,1.553306,-0.9609141,1.0,1.0,1.0,0.1631404,0.1501435,0.9751113,-0.003361306,-0.003034149,-0.02241683,69.66667,4325.0,0.175,0.104
25.0,0.2338975,0.1635614,1.000147,0.1001326,0.1454452,1.000138,0.1670149,0.1545032,1.000142,-0.3307489,-0.02572356,-0.9433682,0.0,0.005146808,0.9995644,-0.0290604,0.0,-0.9437048,0.01446703,0.3304724,0.0,-1.189557,-1.560072,-0.4206557,1.0,-0.3307488,0.005146808,-0.9437047,0.0,-0.02572356,0.9995644,0.01446703,0.0,-0.9433682,-0.0290604,0.3304724,0.0,-0.8304082,1.553291,-0.9610053,1.0,1.0,1.0,0.1624856,0.1502451,0.975205,-0.003360649,-0.0030374,-0.02241645,69.67778,4326.0,0.175,0.104
25.0,0.2341188,0.164928,1.000026,0.09966391,0.1443503,1.000037,0.1668917,0.1546394,1.000032,-0.3306983,-0.02558062,-0.9433898,0.0,0.004952763,0.9995717,-0.02884018,0.0,-0.9437236,0.01420978,0.3304299,0.0,-1.18933,-1.560216,-0.4211305,1.0,-0.3306983,0.004952762,-0.9437236,0.0,-0.02558062,0.9995717,0.01420979,0.0,-0.9433897,-0.02884019,0.33043,0.0,-0.830511,1.553293,-0.9610747,1.0,1.0,1.0,0.1623834,0.150394,0.975199,-0.0033591,-0.003041001,-0.02241445,69.68889,4327.0,0.175,0.104
25.0,0.2340537,0.1659511,1.00004,0.09856343,0.1442806,1.000029,0.1663083,0.1551157,1.000035,-0.330783,-0.02554404,-0.9433613,0.0,0.004932067,0.9995732,-0.02879553,0.0,-0.9436941,0.01417779,0.3305159,0.0,-1.189462,-1.560213,-0.42112,1.0,-0.3307829,0.004932063,-0.9436938,0.0,-0.02554403,0.9995731,0.01417779,0.0,-0.943361,-0.02879553,0.3305157,0.0,-0.8305761,1.553288,-0.9611809,1.0,1.0,1.0,0.1618297,0.1508522,0.9752204,-0.003358009,-0.003041138,-0.02241156,69.7,4328.0,0.175,0.104
25.0,0.2330824,0.1680826,1.000031,0.09835702,0.1444401,1.000042,0.1657197,0.1562614,1.000036,-0.3306526,-0.02540809,-0.9434105,0.0,0.004826332,0.999579,-0.02861239,0.0,-0.9437402,0.01401397,0.3303908,0.0,-1.189469,-1.560258,-0.4215899,1.0,-0.3306527,0.004826328,-0.9437401,0.0,-0.02540809,0.9995789,0.01401397,0.0,-0.9434104,-0.02861239,0.3303907,0.0,-0.8306767,1.55328,-0.9613954,1.0,1.0,1.0,0.1612557,0.1519332,0.9751477,-0.003357613,-0.00304158,-0.02241037,69.72222,4329.0,0.175,0.104
25.0,0.2322306,0.1683115,1.000079,0.098012,0.1456896,1.000075,0.1651212,0.1570006,1.000077,-0.3307576,-0.02495348,-0.943386,0.0,0.004668657,0.9995949,-0.02807713,0.0,-0.9437044,0.01369106,0.3305072,0.0,-1.189503,-1.560132,-0.4226951,1.0,-0.3307575,0.004668653,-0.9437041,0.0,-0.02495348,0.9995949,0.01369107,0.0,-0.9433856,-0.02807712,0.330507,0.0,-0.8311322,1.553186,-0.9614751,1.0,1.0,1.0,0.1606766,0.1526304,0.9751344,-0.003357551,-0.003040901,-0.02240639,69.74445,4330.0,0.175,0.104
25.0,0.2322448,0.1679262,1.00006,0.09587494,0.1455862,1.000065,0.1640599,0.1567561,1.000063,-0.3307658,-0.0247372,-0.9433886,0.0,0.004446124,0.9996045,-0.02777015,0.0,-0.9437024,0.01337984,0.330525,0.0,-1.189308,-1.560279,-0.423265,1.0,-0.3307658,0.004446122,-0.9437023,0.0,-0.0247372,0.9996045,0.01337984,0.0,-0.9433886,-0.02777015,0.330525,0.0,-0.8312829,1.553195,-0.9615772,1.0,1.0,1.0,0.1596988,0.1524296,0.9753264,-0.003357551,-0.003040573,-0.02240404,69.75555,4331.0,0.175,0.104
25.0,0.2318371,0.1677802,1.000051,0.09531477,0.1451375,1.000043,0.1635758,0.1564588,1.000047,-0.3309815,-0.02428106,-0.9433248,0.0,0.004300338,0.9996197,-0.02723893,0.0,-0.9436275,0.0130722,0.3307512,0.0,-1.189429,-1.560213,-0.4239558,1.0,-0.3309815,0.004300337,-0.9436274,0.0,-0.02428106,0.9996197,0.0130722,0.0,-0.9433249,-0.02723893,0.3307512,0.0,-0.8314906,1.553186,-0.9617584,1.0,1.0,1.0,0.1592581,0.1521644,0.9754398,-0.003357529,-0.003039299,-0.02240318,69.77778,4332.0,0.175,0.104
25.0,0.2318619,0.1675788,1.000131,0.09522346,0.1459913,1.000102,0.1635421,0.1567848,1.000117,-0.3311751,-0.02433785,-0.9432554,0.0,0.004201769,0.9996194,-0.02726739,0.0,-0.9435599,0.01299362,0.3309468,0.0,-1.189532,-1.56037,-0.4237439,1.0,-0.3311751,0.004201768,-0.9435599,0.0,-0.02433785,0.9996193,0.01299362,0.0,-0.9432554,-0.02726738,0.3309468,0.0,-0.8316181,1.55322,-0.9618833,1.0,1.0,1.0,0.1592091,0.1524573,0.9754021,-0.003357627,-0.003037323,-0.02240352,69.78889,4333.0,0.175,0.104
25.0,0.23105,0.1676079,1.000164,0.09516025,0.1457404,1.00015,0.1631048,0.1566741,1.000157,-0.3312286,-0.02460681,-0.9432296,0.0,0.004114041,0.9996127,-0.02752243,0.0,-0.9435416,0.0129967,0.3309991,0.0,-1.189579,-1.560611,-0.4233833,1.0,-0.3312286,0.004114042,-0.9435415,0.0,-0.02460681,0.9996126,0.0129967,0.0,-0.9432296,-0.02752242,0.3309991,0.0,-0.8317719,1.553248,-0.9619947,1.0,1.0,1.0,0.1587992,0.1523569,0.9754846,-0.003357627,-0.003035553,-0.0224019,69.8,4334.0,0.175,0.104
25.0,0.2310318,0.1686615,1.00024,0.09513274,0.1464034,1.000213,0.163082,0.1575321,1.000227,-0.3315036,-0.02535416,-0.9431133,0.0,0.004171072,0.9995897,-0.02833857,0.0,-0.9434448,0.01332813,0.3312619,0.0,-1.190135,-1.560918,-0.4220412,1.0,-0.3315036,0.004171068,-0.9434447,0.0,-0.02535416,0.9995896,0.01332813,0.0,-0.9431131,-0.02833857,0.3312618,0.0,-0.8321424,1.553282,-0.9622165,1.0,1.0,1.0,0.1587478,0.1531457,0.9753695,-0.003357681,-0.003034119,-0.02240207,69.82223,4335.0,0.175,0.104
25.0,0.2310758,0.1670532,1.000319,0.0950312,0.1458591,1.000262,0.1630524,0.1564558,1.00029,-0.331858,-0.02561674,-0.9429816,0.0,0.004111159,0.9995825,-0.02860116,0.0,-0.9433205,0.01336827,0.3316141,0.0,-1.190356,-1.561075,-0.4213725,1.0,-0.3318579,0.004111157,-0.9433203,0.0,-0.02561674,0.9995824,0.01336827,0.0,-0.9429813,-0.02860116,0.3316141,0.0,-0.8323653,1.553265,-0.9622855,1.0,1.0,1.0,0.1587365,0.1521329,0.9755297,-0.003357865,-0.003031784,-0.02240024,69.83334,4336.0,0.175,0.104
25.0,0.2312164,0.1663768,1.000299,0.09508944,0.1463407,1.000263,0.1631523,0.1563585,1.000281,-0.3322082,-0.02599141,-0.942848,0.0,0.003798342,0.9995753,-0.02889353,0.0,-0.9431986,0.01317992,0.3319684,0.0,-1.19033,-1.561543,-0.4208612,1.0,-0.3322082,0.003798338,-0.9431983,0.0,-0.0259914,0.9995752,0.01317992,0.0,-0.9428478,-0.02889353,0.3319682,0.0,-0.8328322,1.553241,-0.9624239,1.0,1.0,1.0,0.1588329,0.1520372,0.975529,-0.003357384,-0.00302665,-0.02239642,69.85556,4337.0,0.175,0.104
25.0,0.2321018,0.1680852,1.000261,0.09556869,0.1463456,1.000224,0.1638345,0.1572149,1.000242,-0.3324215,-0.02623038,-0.9427662,0.0,0.003774583,0.9995682,-0.0291417,0.0,-0.9431235,0.01324588,0.332179,0.0,-1.190523,-1.561689,-0.4203709,1.0,-0.3324215,0.003774582,-0.9431233,0.0,-0.02623038,0.9995681,0.01324588,0.0,-0.942766,-0.0291417,0.3321789,0.0,-0.8330306,1.553258,-0.9624859,1.0,1.0,1.0,0.1594521,0.1528234,0.9753051,-0.003356056,-0.003025559,-0.02239708,69.86667,4338.0,0.175,0.104
25.0,0.231808,0.1679064,1.000241,0.09555417,0.1463783,1.000218,0.1636804,0.1571423,1.00023,-0.3326868,-0.02650533,-0.9426649,0.0,0.003215892,0.9995672,-0.02924024,0.0,-0.943032,0.01275935,0.3324575,0.0,-1.190072,-1.562372,-0.4202135,1.0,-0.3326867,0.003215892,-0.9430318,0.0,-0.02650533,0.9995673,0.01275935,0.0,-0.9426648,-0.02924024,0.3324575,0.0,-0.8334527,1.553236,-0.9626376,1.0,1.0,1.0,0.1593125,0.1527615,0.9753376,-0.003355934,-0.003025559,-0.02239679,69.88889,4339.0,0.175,0.104
25.0,0.2315034,0.1676711,1.000168,0.09545347,0.1475053,1.000157,0.1634783,0.1575881,1.000162,-0.3327633,-0.02655244,-0.9426365,0.0,0.002994005,0.9995687,-0.02921304,0.0,-0.9430057,0.01254329,0.3325404,0.0,-1.189921,-1.562654,-0.4203044,1.0,-0.3327634,0.002994,-0.9430056,0.0,-0.02655244,0.9995688,0.01254329,0.0,-0.9426364,-0.02921304,0.3325402,0.0,-0.8336488,1.553264,-0.9627335,1.0,1.0,1.0,0.1591238,0.1531907,0.9753011,-0.003355714,-0.003025559,-0.02239536,69.9,4340.0,0.175,0.104
25.0,0.2303777,0.1679957,1.000172,0.09553584,0.1476031,1.000138,0.1629562,0.1577992,1.000155,-0.3329659,-0.02681704,-0.9425576,0.0,0.002901241,0.9995617,-0.02946377,0.0,-0.9429345,0.01254501,0.3327421,0.0,-1.190029,-1.562891,-0.4197348,1.0,-0.3329658,0.00290124,-0.9429343,0.0,-0.02681703,0.9995616,0.01254501,0.0,-0.9425573,-0.02946377,0.332742,0.0,-0.8337752,1.553292,-0.9628494,1.0,1.0,1.0,0.1586339,0.1534018,0.9753477,-0.003355118,-0.003026802,-0.0223953,69.91111,4341.0,0.175,0.104
25.0,0.2294616,0.1685787,0.9999971,0.09464392,0.1459047,0.9999684,0.1620522,0.1572417,0.9999828,-0.3331696,-0.02718111,-0.942475,0.0,0.002494626,0.9995555,-0.02970918,0.0,-0.9428636,0.01224932,0.3329537,0.0,-1.189775,-1.563554,-0.4191836,1.0,-0.3331696,0.002494625,-0.9428636,0.0,-0.02718111,0.9995554,0.01224932,0.0,-0.9424751,-0.02970918,0.3329537,0.0,-0.8339663,1.553373,-0.9630747,1.0,1.0,1.0,0.1578304,0.1529296,0.9755521,-0.003354225,-0.003028374,-0.02239579,69.93333,4342.0,0.175,0.104
25.0,0.2305802,0.1688303,1.000131,0.09472311,0.1455213,1.000118,0.1626513,0.1571757,1.000124,-0.3332541,-0.02730799,-0.9424416,0.0,0.002101995,0.9995565,-0.02970622,0.0,-0.9428348,0.01188072,0.3330489,0.0,-1.189364,-1.564029,-0.4191769,1.0,-0.3332541,0.002101992,-0.9428346,0.0,-0.02730798,0.9995564,0.01188072,0.0,-0.9424413,-0.02970622,0.3330488,0.0,-0.8341206,1.553383,-0.9631855,1.0,1.0,1.0,0.1583665,0.1528355,0.97548,-0.003352164,-0.003029839,-0.02239542,69.94444,4343.0,0.175,0.104
25.0,0.2311718,0.1678532,1.000215,0.09459823,0.1452851,1.000183,0.1628843,0.1565692,1.000199,-0.3333958,-0.02775578,-0.9423785,0.0,0.001687316,0.9995474,-0.03003652,0.0,-0.9427856,0.01160413,0.3331981,0.0,-1.189159,-1.564745,-0.4186602,1.0,-0.3333957,0.001687312,-0.9427853,0.0,-0.02775578,0.9995474,0.01160414,0.0,-0.9423782,-0.03003651,0.333198,0.0,-0.8344274,1.553468,-0.9634672,1.0,1.0,1.0,0.1585837,0.1522547,0.9755356,-0.003349052,-0.003030281,-0.02239475,69.96667,4344.0,0.175,0.104
25.0,0.2322854,0.1676882,1.000107,0.09397587,0.1444673,1.000107,0.1631308,0.1560777,1.000107,-0.3334085,-0.02766632,-0.9423766,0.0,0.001802763,0.9995488,-0.0299826,0.0,-0.9427809,0.01169533,0.3332081,0.0,-1.189502,-1.564601,-0.4188463,1.0,-0.3334084,0.001802763,-0.9427807,0.0,-0.02766632,0.9995488,0.01169533,0.0,-0.9423764,-0.0299826,0.3332081,0.0,-0.8345876,1.553481,-0.9635782,1.0,1.0,1.0,0.1588366,0.1518052,0.9755645,-0.003347755,-0.003031036,-0.02239331,69.97778,4345.0,0.175,0.104
25.0,0.2324911,0.1671308,1.000121,0.09396783,0.144077,1.000087,0.1632289,0.1556038,1.000104,-0.3336477,-0.02757873,-0.9422944,0.0,0.001860032,0.9995508,-0.02991309,0.0,-0.942696,0.01173313,0.3334465,0.0,-1.189884,-1.564468,-0.4187296,1.0,-0.3336476,0.001860033,-0.9426959,0.0,-0.02757873,0.9995507,0.01173313,0.0,-0.9422943,-0.02991308,0.3334465,0.0,-0.8347146,1.553453,-0.9637191,1.0,1.0,1.0,0.1589374,0.1513629,0.9756168,-0.003345856,-0.003032776,-0.0223933,69.98889,4346.0,0.175,0.104
25.0,0.2330706,0.1670634,0.9999158,0.09377465,0.1444069,0.9999254,0.1634227,0.1557352,0.9999207,-0.3334928,-0.02727003,-0.9423583,0.0,0.001834027,0.9995609,-0.02957441,0.0,-0.9427509,0.01159116,0.3332963,0.0,-1.190061,-1.564376,-0.4195354,1.0,-0.3334927,0.001834026,-0.9427508,0.0,-0.02727003,0.9995609,0.01159116,0.0,-0.9423581,-0.02957441,0.3332963,0.0,-0.8348899,1.553464,-0.9639688,1.0,1.0,1.0,0.1591407,0.1515082,0.9755611,-0.003344551,-0.003033936,-0.02239256,70.01112,4347.0,0.175,0.104
25.0,0.2337064,0.1672132,1.000117,0.09334975,0.1450089,1.000083,0.1635276,0.156111,1.0001,-0.3337729,-0.02696916,-0.9422677,0.0,0.00170585,0.9995717,-0.02921355,0.0,-0.942652,0.01135806,0.333584,0.0,-1.190106,-1.564378,-0.41985,1.0,-0.3337729,0.00170585,-0.942652,0.0,-0.02696916,0.9995717,0.01135806,0.0,-0.9422676,-0.02921355,0.3335839,0.0,-0.8350261,1.553473,-0.9640323,1.0,1.0,1.0,0.1592014,0.1518306,0.9755011,-0.00334304,-0.003033676,-0.02239318,70.02222,4348.0,0.175,0.104
25.0,0.2340639,0.1670989,1.000158,0.09300253,0.1441898,1.000156,0.1635332,0.1556444,1.000157,-0.3336587,-0.02726496,-0.9422997,0.0,0.001551049,0.9995644,-0.0294711,0.0,-0.9426927,0.01129484,0.3334711,0.0,-1.189961,-1.564561,-0.4200814,1.0,-0.3336587,0.001551048,-0.9426928,0.0,-0.02726496,0.9995645,0.01129484,0.0,-0.9422995,-0.0294711,0.3334711,0.0,-0.8355411,1.553345,-0.9640114,1.0,1.0,1.0,0.1592095,0.1513856,0.975569,-0.0033433,-0.003031899,-0.02239324,70.04445,4349.0,0.175,0.104
25.0,0.2344798,0.1668801,1.000164,0.09288591,0.1419521,1.000177,0.1636831,0.1544163,1.00017,-0.3335606,-0.02735142,-0.9423319,0.0,0.001363941,0.999564,-0.02949539,0.0,-0.9427278,0.01112378,0.3333778,0.0,-1.189735,-1.56478,-0.4203431,1.0,-0.3335605,0.001363939,-0.9427276,0.0,-0.02735141,0.999564,0.01112378,0.0,-0.9423317,-0.02949539,0.3333778,0.0,-0.8357502,1.553322,-0.9640567,1.0,1.0,1.0,0.159374,0.1502292,0.9757209,-0.003341972,-0.003024849,-0.0223914,70.05556,4350.0,0.175,0.104
25.0,0.2343597,0.1667811,0.9999951,0.09401968,0.140454,1.000024,0.1641904,0.1536178,1.000009,-0.3332614,-0.02737948,-0.9424369,0.0,0.001275686,0.9995642,-0.02949023,0.0,-0.9428337,0.01103021,0.3330812,0.0,-1.189644,-1.564919,-0.4208899,1.0,-0.3332613,0.001275685,-0.9428335,0.0,-0.02737948,0.9995643,0.01103021,0.0,-0.9424368,-0.02949023,0.3330812,0.0,-0.8359712,1.553342,-0.9641846,1.0,1.0,1.0,0.1598872,0.1494907,0.9757503,-0.003341149,-0.003020012,-0.02239108,70.07778,4351.0,0.175,0.104
25.0,0.2336368,0.1663549,0.9999605,0.0943639,0.1409776,0.999993,0.1640008,0.1536665,0.9999768,-0.3330805,-0.02715025,-0.9425075,0.0,0.001351849,0.9995705,-0.02927177,0.0,-0.9428976,0.01102398,0.3329008,0.0,-1.189799,-1.564779,-0.4215043,1.0,-0.3330804,0.001351846,-0.9428973,0.0,-0.02715025,0.9995706,0.01102398,0.0,-0.9425074,-0.02927177,0.3329007,0.0,-0.8360537,1.553377,-0.9642889,1.0,1.0,1.0,0.1597151,0.1495441,0.9757704,-0.003341194,-0.003018578,-0.02238948,70.08889,4352.0,0.175,0.104
25.0,0.2327368,0.1657172,1.000098,0.09507886,0.1412531,1.000116,0.1639084,0.1534852,1.000107,-0.3329483,-0.02721165,-0.9425523,0.0,0.001288914,0.9995695,-0.02931305,0.0,-0.9429442,0.0109746,0.3327699,0.0,-1.189736,-1.564868,-0.421727,1.0,-0.3329484,0.001288914,-0.9429442,0.0,-0.02721165,0.9995694,0.0109746,0.0,-0.9425524,-0.02931304,0.3327699,0.0,-0.836203,1.553366,-0.9643427,1.0,1.0,1.0,0.1596138,0.1493584,0.9758154,-0.00334088,-0.00301783,-0.02238735,70.1,4353.0,0.175,0.104
1.0,-0.1511408,-0.1626726,1.000013,-0.2259542,-0.1783979,0.9999982,-0.1885475,-0.1705354,1.000006,-0.3194973,0.004649014,-0.9475758,0.0,-0.008295029,0.9999359,0.007702768,0.0,-0.9475509,-0.01032118,0.3194383,0.0,-1.172019,-1.555176,-0.4699579,1.0,-0.3194973,-0.00829503,-0.9475508,0.0,0.004649015,0.999936,-0.01032118,0.0,-0.9475757,0.007702768,0.3194383,0.0,-0.8125477,1.548975,-0.9764765,1.0,0.605517,0.879021,-0.1778404,-0.157634,0.9713518,-0.001420693,-0.004670517,-0.02206828,82.27778,5118.0,-0.175,-0.246
1.0,-0.1509188,-0.1625305,1.000087,-0.2266925,-0.1788997,1.000078,-0.1888057,-0.1707152,1.000082,-0.3197883,0.00412436,-0.94748,0.0,-0.008615796,0.9999365,0.007260658,0.0,-0.9474499,-0.01048517,0.3197325,0.0,-1.171214,-1.555858,-0.4691139,1.0,-0.3197884,-0.008615796,-0.9474498,0.0,0.00412436,0.9999366,-0.01048517,0.0,-0.9474801,0.007260659,0.3197325,0.0,-0.8125998,1.549075,-0.975989,1.0,0.5947365,0.8789046,-0.1780576,-0.1577821,0.971288,-0.001423363,-0.004670517,-0.02207102,82.3,5119.0,-0.175,-0.246
1.0,-0.1509813,-0.1638649,1.000158,-0.226788,-0.1772386,1.000134,-0.1888849,-0.1705519,1.000146,-0.3200117,0.00365746,-0.9474066,0.0,-0.008667031,0.9999394,0.006787783,0.0,-0.9473741,-0.01038337,0.3199607,0.0,-1.170975,-1.556085,-0.4683703,1.0,-0.3200117,-0.008667029,-0.9473737,0.0,0.003657459,0.9999394,-0.01038337,0.0,-0.9474064,0.006787782,0.3199605,0.0,-0.8127716,1.549021,-0.9756487,1.0,0.5947365,0.8789046,-0.1781221,-0.1576193,0.9713026,-0.001425201,-0.004669396,-0.02207465,82.31111,5120.0,-0.175,-0.246
1.0,-0.150956,-0.1639513,1.00009,-0.2267452,-0.1771472,1.000091,-0.1888506,-0.1705493,1.00009,-0.3199772,0.003611129,-0.9474185,0.0,-0.008511241,0.9999414,0.006685874,0.0,-0.9473871,-0.01020303,0.3199277,0.0,-1.171014,-1.555984,-0.4683549,1.0,-0.3199771,-0.008511241,-0.9473869,0.0,0.003611129,0.9999415,-0.01020303,0.0,-0.9474183,0.006685874,0.3199276,0.0,-0.8128069,1.549057,-0.9754398,1.0,0.5914299,0.8747933,-0.1780997,-0.157627,0.9713055,-0.001425201,-0.004669083,-0.02207571,82.32223,5121.0,-0.175,-0.246
1.0,-0.1500413,-0.1658586,1.000031,-0.2258597,-0.1775497,1.000008,-0.1879505,-0.1717044,1.00002,-0.32055,0.003472591,-0.9472253,0.0,-0.008322407,0.9999443,0.006482244,0.0,-0.9471951,-0.009961078,0.3205032,0.0,-1.171165,-1.555921,-0.4674909,1.0,-0.3205499,-0.008322407,-0.947195,0.0,0.003472591,0.9999444,-0.009961077,0.0,-0.9472253,0.006482244,0.3205032,0.0,-0.8128328,1.549118,-0.9749876,1.0,0.5978268,0.8651831,-0.1772504,-0.1587357,0.9712802,-0.001426597,-0.004663697,-0.02207697,82.34444,5122.0,-0.175,-0.246
1.0,-0.1497556,-0.1669139,1.00002,-0.2257092,-0.1774943,1.000004,-0.1877325,-0.1722043,1.000012,-0.3207505,0.003567775,-0.947157,0.0,-0.007968482,0.9999474,0.006465117,0.0,-0.9471302,-0.009621093,0.3207052,0.0,-1.171662,-1.555485,-0.4672671,1.0,-0.3207505,-0.007968482,-0.9471302,0.0,0.003567774,0.9999473,-0.009621092,0.0,-0.947157,0.006465117,0.3207051,0.0,-0.812837,1.549088,-0.9748273,1.0,0.5742536,0.8797131,-0.1770366,-0.1592063,0.9712421,-0.001427529,-0.004663307,-0.02207783,82.35556,5123.0,-0.175,-0.246
1.0,-0.150248,-0.165824,0.9999812,-0.2252751,-0.1792643,0.9999574,-0.1877615,-0.1725442,0.9999694,-0.3212132,0.003772683,-0.9469994,0.0,-0.007898422,0.9999466,0.006662685,0.0,-0.946974,-0.009619942,0.3211663,0.0,-1.171555,-1.555344,-0.4671069,1.0,-0.3212132,-0.00789842,-0.9469739,0.0,0.003772684,0.9999467,-0.009619942,0.0,-0.9469994,0.006662685,0.3211663,0.0,-0.8128011,1.54912,-0.9743754,1.0,0.5886998,0.8656632,-0.1770594,-0.1595261,0.9711856,-0.001428964,-0.004663178,-0.02208044,82.37778,5124.0,-0.175,-0.246
1.0,-0.1503959,-0.1666685,1.000132,-0.2254051,-0.1792452,1.000113,-0.1879008,-0.172957,1.000123,-0.3214308,0.003649788,-0.9469261,0.0,-0.007738275,0.999949,0.006480887,0.0,-0.9469016,-0.00941073,0.3213862,0.0,-1.171728,-1.555173,-0.4667492,1.0,-0.3214308,-0.007738273,-0.9469014,0.0,0.003649787,0.9999491,-0.00941073,0.0,-0.946926,0.006480887,0.3213861,0.0,-0.8129303,1.549052,-0.9741393,1.0,0.5696667,0.8656638,-0.1771508,-0.1598828,0.9711103,-0.001429008,-0.004662193,-0.02208316,82.38889,5125.0,-0.175,-0.246
1.0,-0.1514298,-0.1662438,1.000061,-0.2256241,-0.1813142,1.000045,-0.1885271,-0.1737792,1.000053,-0.3218169,0.003893291,-0.946794,0.0,-0.007447019,0.9999502,0.006643128,0.0,-0.9467726,-0.009188663,0.3217719,0.0,-1.171953,-1.554754,-0.4667024,1.0,-0.3218169,-0.00744702,-0.9467727,0.0,0.00389329,0.9999502,-0.009188663,0.0,-0.9467939,0.006643129,0.3217719,0.0,-0.8129719,1.54905,-0.9736871,1.0,0.5656512,0.8588512,-0.177716,-0.1606375,0.9708824,-0.001429008,-0.0046615,-0.02208533,82.41111,5126.0,-0.175,-0.246
1.0,-0.1525338,-0.1669721,1.000129,-0.2253548,-0.1843771,1.00013,-0.1889442,-0.1756746,1.00013,-0.3218155,0.004078935,-0.9467936,0.0,-0.007169956,0.9999515,0.006745018,0.0,-0.9467753,-0.00895912,0.3217707,0.0,-1.172183,-1.554386,-0.4669727,1.0,-0.3218155,-0.007169957,-0.9467753,0.0,0.004078934,0.9999516,-0.008959121,0.0,-0.9467936,0.006745019,0.3217707,0.0,-0.8130131,1.549056,-0.9734616,1.0,0.540398,0.8471222,-0.1780349,-0.1623678,0.970536,-0.001429008,-0.00466053,-0.02208699,82.42223,5127.0,-0.175,-0.246
1.0,-0.1527885,-0.1672263,0.9999353,-0.2251555,-0.1845662,0.9999108,-0.1889721,-0.1758963,0.999923,-0.3221115,0.003962719,-0.9466936,0.0,-0.007210319,0.999952,0.006638953,0.0,-0.9466744,-0.008964444,0.3220675,0.0,-1.171995,-1.55452,-0.4664391,1.0,-0.3221115,-0.007210317,-0.9466742,0.0,0.003962717,0.999952,-0.008964445,0.0,-0.9466934,0.006638953,0.3220674,0.0,-0.8129276,1.549092,-0.9732077,1.0,0.5484077,0.8556939,-0.1780881,-0.1626046,0.9704867,-0.001429008,-0.004658875,-0.02208782,82.43333,5128.0,-0.175,-0.246
1.0,-0.1511164,-0.1711827,1.000033,-0.2254144,-0.1846451,1.000036,-0.1882653,-0.1779138,1.000035,-0.3219712,0.004228832,-0.94674,0.0,-0.006805053,0.9999539,0.006780813,0.0,-0.946725,-0.008625842,0.3219275,0.0,-1.172163,-1.553977,-0.4669251,1.0,-0.3219712,-0.006805053,-0.9467251,0.0,0.00422883,0.9999539,-0.008625843,0.0,-0.94674,0.006780813,0.3219275,0.0,-0.812888,1.549095,-0.9728046,1.0,0.5533388,0.8380797,-0.177371,-0.1644778,0.9703023,-0.001421615,-0.004651955,-0.02208816,82.45556,5129.0,-0.175,-0.246
1.0,-0.1529871,-0.1743406,1.000111,-0.2252691,-0.1854789,1.000101,-0.1891282,-0.1799098,1.000106,-0.3220814,0.004116241,-0.946703,0.0,-0.006743887,0.9999552,0.006642144,0.0,-0.9466879,-0.00852377,0.3220392,0.0,-1.172054,-1.553959,-0.466725,1.0,-0.3220815,-0.006743888,-0.946688,0.0,0.004116241,0.9999552,-0.008523771,0.0,-0.9467031,0.006642144,0.3220393,0.0,-0.8129506,1.549085,-0.9725116,1.0,0.538685,0.8585017,-0.1780982,-0.1662947,0.9698593,-0.001419533,-0.004641816,-0.02208783,82.46667,5130.0,-0.175,-0.246
1.0,-0.1508713,-0.1767754,1.000169,-0.2260936,-0.1869578,1.000161,-0.1884824,-0.1818668,1.000165,-0.3223323,0.004549982,-0.9466157,0.0,-0.006407278,0.9999551,0.006988104,0.0,-0.946605,-0.008317721,0.3222885,0.0,-1.172286,-1.55345,-0.4672296,1.0,-0.3223321,-0.006407278,-0.9466049,0.0,0.004549982,0.999955,-0.008317721,0.0,-0.9466157,0.006988104,0.3222886,0.0,-0.8130841,1.549134,-0.9720298,1.0,0.5839661,0.8834307,-0.1774473,-0.1681168,0.9696645,-0.001411553,-0.004632172,-0.02208766,82.48889,5131.0,-0.175,-0.246
1.0,-0.1518904,-0.1785761,1.00012,-0.2262165,-0.1869513,1.000112,-0.1890533,-0.1827637,1.000116,-0.3224359,0.004684533,-0.9465799,0.0,-0.006163327,0.9999562,0.007048116,0.0,-0.9465714,-0.008106644,0.3223928,0.0,-1.172513,-1.553126,-0.4673181,1.0,-0.3224357,-0.006163324,-0.9465711,0.0,0.004684531,0.9999561,-0.008106644,0.0,-0.9465796,0.007048116,0.3223928,0.0,-0.813138,1.549125,-0.9717973,1.0,0.625137,0.8990655,-0.1779546,-0.1689354,0.9694293,-0.001411294,-0.004632096,-0.02208728,82.5,5132.0,-0.175,-0.246
1.0,-0.1519094,-0.1796359,1.000141,-0.2262571,-0.1865242,1.000138,-0.1890832,-0.1830801,1.000139,-0.3224962,0.004731684,-0.9465591,0.0,-0.00552192,0.9999611,0.006879969,0.0,-0.9465548,-0.007445586,0.3224576,0.0,-1.173152,-1.552444,-0.4673396,1.0,-0.3224961,-0.005521918,-0.9465545,0.0,0.004731681,0.9999611,-0.007445584,0.0,-0.9465588,0.006879968,0.3224574,0.0,-0.8133557,1.549121,-0.9713141,1.0,0.6560231,0.9262598,-0.1779694,-0.1692224,0.9693765,-0.001411294,-0.004631966,-0.02208647,82.52222,5133.0,-0.175,-0.246
1.0,-0.1521844,-0.1800853,1.000218,-0.2268426,-0.1865904,1.000218,-0.1895133,-0.1833379,1.000218,-0.3224897,0.004752306,-0.9465611,0.0,-0.005211044,0.9999633,0.0067958,0.0,-0.9465587,-0.007124147,0.3224531,0.0,-1.17353,-1.552101,-0.467447,1.0,-0.3224897,-0.005211044,-0.9465585,0.0,0.004752306,0.9999634,-0.007124146,0.0,-0.946561,0.0067958,0.3224531,0.0,-0.8135422,1.549105,-0.9711421,1.0,0.7232794,0.9500467,-0.1783439,-0.1694355,0.9692704,-0.001411553,-0.004632225,-0.02208591,82.53333,5134.0,-0.175,-0.246
