flag,xl,yl,zl,xr,yr,zr,xc,yc,zc,mat_00,mat_10,mat_20,mat_30,mat_01,mat_11,mat_21,mat_31,mat_02,mat_12,mat_22,mat_32,mat_03,mat_13,mat_23,mat_33,ctw_00,ctw_10,ctw_20,ctw_30,ctw_01,ctw_11,ctw_21,ctw_31,ctw_02,ctw_12,ctw_22,ctw_32,ctw_03,ctw_13,ctw_23,ctw_33,opennessl,opennessr,ray_x,ray_y,ray_z,eye_x,eye_y,eye_z,time,frame
6,-0.08311905,-0.1439984,0.9998802,-0.2351891,-0.1703661,0.9998966,-0.1591538,-0.1571821,0.9998883,-0.99315,0.03221385,-0.1123195,0,0.02254627,0.9960137,0.0863039,0,-0.114652,-0.08318032,0.9899173,0,0.2072005,-1.697698,0.7084085,1,-0.9931496,0.02254627,-0.1146519,0,0.03221384,0.9960137,-0.08318032,0,-0.1123195,0.08630389,0.989917,0,0.3400385,1.62512,-0.8187248,1,1.0,1.0,-0.1555996,-0.1437696,0.977302,0.00377298,-0.0066428,-0.02343417,24.0,1487
6,-0.08307468,-0.1399657,0.9998733,-0.2410168,-0.1526607,0.9999553,-0.1620438,-0.146313,0.9999143,-0.9930923,0.03227607,-0.1128111,0,0.02254137,0.9959945,0.08652639,0,-0.1151519,-0.08338576,0.9898421,0,0.2068992,-1.697956,0.7083511,1,-0.9930919,0.02254137,-0.1151519,0,0.03227607,0.9959945,-0.08338574,0,-0.112811,0.08652637,0.9898416,0,0.340183,1.6252,-0.8189158,1,1.0,1.0,-0.1585242,-0.1335106,0.9782867,0.003783615,-0.00665213,-0.02344115,24.01111,1488
6,-0.08346318,-0.1413209,1.000002,-0.2454275,-0.1536281,1.000035,-0.1644445,-0.1474745,1.000018,-0.9930665,0.03241152,-0.112998,0,0.02264615,0.9959807,0.08665743,0,-0.1153525,-0.08349761,0.9898092,0,0.2066173,-1.698063,0.7082071,1,-0.9930663,0.02264615,-0.1153525,0,0.03241151,0.9959809,-0.08349761,0,-0.112998,0.08665741,0.9898089,0,0.3402475,1.625188,-0.8189402,1,1.0,1.0,-0.1607217,-0.1345222,0.9777896,0.0037845,-0.006668717,-0.02344383,24.02222,1489
6,-0.08193379,-0.1420824,0.9998913,-0.2450765,-0.1387174,0.9999125,-0.1635046,-0.1404,0.999902,-0.9930096,0.03259392,-0.1134455,0,0.022781,0.9959701,0.08674491,0,-0.1158157,-0.08355411,0.9897504,0,0.2061468,-1.6982,0.7083603,1,-0.9930094,0.022781,-0.1158157,0,0.03259392,0.9959701,-0.08355409,0,-0.1134455,0.0867449,0.98975,0,0.3404169,1.625214,-0.8191161,1,1.0,1.0,-0.1600005,-0.127889,0.9787973,0.003777306,-0.00669188,-0.02343834,24.04445,1490
6,-0.08220617,-0.141101,0.9999638,-0.2476195,-0.1440286,1.000028,-0.1649112,-0.1425648,0.9999961,-0.992973,0.03228901,-0.1138527,0,0.02248715,0.9960111,0.0863491,0,-0.1161867,-0.08318208,0.9897382,0,0.2062601,-1.697836,0.7091442,1,-0.9929726,0.02248715,-0.1161866,0,0.032289,0.9960111,-0.08318207,0,-0.1138526,0.08634908,0.9897379,0,0.3403701,1.625191,-0.8191318,1,1.0,1.0,-0.1612507,-0.1298821,0.9783297,0.003775253,-0.006694367,-0.02344597,24.05556,1491
6,-0.07888073,-0.139246,0.9999118,-0.2447962,-0.1435323,0.9999437,-0.1618376,-0.141389,0.9999275,-0.9929483,0.03239845,-0.1140357,0,0.02260201,0.9960237,0.08617474,0,-0.1163742,-0.08298962,0.9897323,0,0.2057012,-1.697719,0.7095652,1,-0.9929482,0.02260201,-0.1163742,0,0.03239845,0.9960236,-0.08298961,0,-0.1140357,0.08617473,0.9897321,0,0.3401699,1.625172,-0.8192341,1,1.0,1.0,-0.1584205,-0.1288422,0.9789293,0.00377552,-0.006697853,-0.02344597,24.07778,1492
6,-0.07748457,-0.1357874,0.9999095,-0.244963,-0.1443659,0.9999247,-0.1612234,-0.1400768,0.9999171,-0.9929316,0.03254807,-0.114138,0,0.02276023,0.9960323,0.08603254,0,-0.1164854,-0.08282661,0.9897327,0,0.2051865,-1.697629,0.70991,1,-0.9929316,0.02276023,-0.1164853,0,0.03254807,0.9960323,-0.08282663,0,-0.114138,0.08603254,0.9897328,0,0.3400184,1.625148,-0.8193288,1,1.0,1.0,-0.1578748,-0.1276148,0.9791782,0.003775666,-0.006704125,-0.02344657,24.08889,1493
6,-0.07779676,-0.133938,0.9999229,-0.2448081,-0.1426914,0.9999027,-0.1613031,-0.1383148,0.9999129,-0.9929698,0.03212649,-0.1139257,0,0.0223662,0.9960493,0.08593851,0,-0.1162366,-0.08278625,0.9897654,0,0.205799,-1.697424,0.7101822,1,-0.9929697,0.0223662,-0.1162366,0,0.03212649,0.9960494,-0.08278625,0,-0.1139258,0.08593851,0.9897654,0,0.3397925,1.625083,-0.8195158,1,1.0,1.0,-0.1579845,-0.125948,0.9793764,0.003776169,-0.006711357,-0.02344386,24.11111,1494
6,-0.07759233,-0.1336593,0.9999853,-0.244555,-0.1420571,0.9999301,-0.1610751,-0.1378583,0.9999579,-0.9930203,0.03181075,-0.1135729,0,0.02204492,0.9960313,0.08623049,0,-0.1158652,-0.08312492,0.9897807,0,0.2066658,-1.697657,0.7096285,1,-0.9930204,0.02204493,-0.1158651,0,0.03181075,0.9960313,-0.08312489,0,-0.1135728,0.08623047,0.9897803,0,0.3398216,1.625172,-0.8195485,1,1.0,1.0,-0.157777,-0.125512,0.9794658,0.003778839,-0.006717103,-0.02344151,24.12222,1495
6,-0.07674219,-0.1329678,0.9999191,-0.244319,-0.1393253,0.9998804,-0.1605317,-0.1361465,0.9998998,-0.9930526,0.03165355,-0.1133348,0,0.02189246,0.9960237,0.08635758,0,-0.1156177,-0.08327644,0.9897968,0,0.2070372,-1.697732,0.709435,1,-0.9930524,0.02189246,-0.1156177,0,0.03165355,0.9960235,-0.08327644,0,-0.1133348,0.08635757,0.9897968,0,0.3397417,1.625184,-0.8196405,1,1.0,1.0,-0.1573111,-0.1239111,0.9797444,0.003779259,-0.006722611,-0.02343886,24.13333,1496
6,-0.07649101,-0.1325298,1.000022,-0.2429416,-0.1391307,0.999917,-0.1597191,-0.1358303,0.9999693,-0.9931812,0.03149748,-0.1122455,0,0.02180821,0.9960107,0.08652752,0,-0.1145231,-0.08348963,0.9899061,0,0.208092,-1.697816,0.7088854,1,-0.9931812,0.02180821,-0.1145231,0,0.03149748,0.9960108,-0.08348963,0,-0.1122455,0.08652753,0.989906,0,0.3397192,1.625167,-0.8196485,1,1.0,1.0,-0.1565494,-0.1236184,0.9799034,0.00378054,-0.00672448,-0.02343727,24.15556,1497
6,-0.07660472,-0.1320889,0.9999431,-0.2432853,-0.1393532,0.999854,-0.1599474,-0.1357211,0.9998987,-0.9932365,0.03165437,-0.1117106,0,0.02200798,0.9960042,0.08655184,0,-0.114004,-0.08350792,0.9899644,0,0.2081454,-1.697852,0.7087324,1,-0.9932364,0.02200798,-0.114004,0,0.03165437,0.9960042,-0.08350793,0,-0.1117106,0.08655185,0.9899644,0,0.339655,1.625145,-0.8196746,1,1.0,1.0,-0.1567753,-0.1235136,0.9798806,0.003780396,-0.006730423,-0.02343628,24.16667,1498
6,-0.0767718,-0.1320367,1.000011,-0.2422864,-0.1376488,0.9999382,-0.159531,-0.1348428,0.9999749,-0.9933051,0.03190947,-0.111027,0,0.02234904,0.9960175,0.08631208,0,-0.113339,-0.08325287,0.9900624,0,0.2081169,-1.697657,0.7090606,1,-0.993305,0.02234904,-0.113339,0,0.03190947,0.9960174,-0.08325286,0,-0.111027,0.08631207,0.9900621,0,0.3396197,1.625044,-0.8197611,1,1.0,1.0,-0.1563919,-0.1226809,0.9800465,0.00378067,-0.006734322,-0.02343469,24.18889,1499
6,-0.07713072,-0.1326973,0.9998666,-0.2421143,-0.1370621,0.999833,-0.1596234,-0.1348798,0.9998499,-0.9933285,0.03178483,-0.1108539,0,0.02229451,0.9960609,0.08582341,0,-0.1131451,-0.08277939,0.9901242,0,0.2083705,-1.69727,0.7099012,1,-0.9933282,0.02229451,-0.1131451,0,0.03178483,0.9960609,-0.08277938,0,-0.1108539,0.0858234,0.990124,0,0.339623,1.625013,-0.8198131,1,1.0,1.0,-0.1564976,-0.1227286,0.9800236,0.003781258,-0.006735184,-0.02342686,24.2,1500
6,-0.0786286,-0.1332316,0.9998611,-0.2430238,-0.136726,0.9998306,-0.160827,-0.134979,0.9998459,-0.9933583,0.03145848,-0.1106783,0,0.0219995,0.9960806,0.08566988,0,-0.1129395,-0.08266602,0.990157,0,0.2090022,-1.697168,0.7102228,1,-0.9933584,0.0219995,-0.1129395,0,0.03145849,0.9960807,-0.08266602,0,-0.1106783,0.08566988,0.9901571,0,0.3396106,1.625073,-0.8199257,1,1.0,1.0,-0.1576207,-0.1227998,0.9798346,0.003781266,-0.006735733,-0.02342576,24.21111,1501
6,-0.08217342,-0.1331041,0.9998614,-0.2427651,-0.1347558,0.9998674,-0.1624691,-0.1339299,0.9998643,-0.9933763,0.03094826,-0.1106623,0,0.02155691,0.9961413,0.08507605,0,-0.1128683,-0.08212698,0.9902102,0,0.2097423,-1.696685,0.7113888,1,-0.9933759,0.02155691,-0.1128682,0,0.03094825,0.9961412,-0.08212696,0,-0.1106623,0.08507603,0.9902098,0,0.3395863,1.625095,-0.8200946,1,1.0,1.0,-0.1591714,-0.1217775,0.9797115,0.003782372,-0.006736626,-0.02342446,24.23333,1502
6,-0.08151881,-0.1327717,0.9998619,-0.2410958,-0.1339352,0.9998829,-0.1613068,-0.1333534,0.9998723,-0.9933718,0.03065851,-0.1107821,0,0.02122209,0.9961227,0.08537669,0,-0.1129701,-0.08245976,0.990171,0,0.210266,-1.696904,0.7110975,1,-0.9933716,0.02122209,-0.1129701,0,0.0306585,0.9961227,-0.08245975,0,-0.1107821,0.08537667,0.9901705,0,0.3396737,1.625152,-0.8202804,1,1.0,1.0,-0.1581036,-0.1212541,0.9799493,0.003789863,-0.006736702,-0.02342043,24.24445,1503
6,-0.08107296,-0.1352044,0.9999812,-0.239361,-0.1223869,1.000002,-0.1602165,-0.1287957,0.9999918,-0.9933444,0.03007485,-0.1111871,0,0.02055835,0.9961031,0.08576658,0,-0.1133332,-0.08290992,0.9900918,0,0.2111113,-1.696949,0.7106871,1,-0.9933442,0.02055834,-0.1133332,0,0.03007484,0.9961031,-0.08290992,0,-0.111187,0.08576656,0.9900916,0,0.3397608,1.625043,-0.8204132,1,1.0,1.0,-0.1571584,-0.1169389,0.9806256,0.003797203,-0.006756813,-0.02340818,24.26667,1504
6,-0.08085857,-0.1364008,0.9999382,-0.2393017,-0.1211652,0.9999518,-0.1600799,-0.1287832,0.999945,-0.9933325,0.03010134,-0.1112859,0,0.02055375,0.996086,0.08596616,0,-0.113438,-0.08310563,0.9900633,0,0.2110338,-1.697083,0.7104706,1,-0.9933323,0.02055375,-0.113438,0,0.03010133,0.996086,-0.08310564,0,-0.1112859,0.08596615,0.9900633,0,0.3397765,1.625027,-0.8205087,1,1.0,1.0,-0.1570398,-0.1169359,0.9806449,0.003799346,-0.006754898,-0.02340857,24.27778,1505
6,-0.08006679,-0.1366467,0.9999315,-0.2374556,-0.1212054,0.9999435,-0.1587609,-0.1289261,0.9999374,-0.993302,0.02991547,-0.1116094,0,0.02035292,0.9960998,0.0858548,0,-0.1137425,-0.08300816,0.9900367,0,0.2110721,-1.696962,0.7109483,1,-0.9933016,0.02035291,-0.1137424,0,0.02991545,0.9960997,-0.08300813,0,-0.1116093,0.08585478,0.9900364,0,0.3397721,1.625009,-0.8207184,1,1.0,1.0,-0.1558137,-0.1170954,0.9808215,0.003808152,-0.006754639,-0.02340731,24.3,1506
6,-0.08009945,-0.1371708,0.9998993,-0.2364072,-0.119174,0.9999338,-0.1582525,-0.1281725,0.9999167,-0.9932766,0.02991112,-0.1118347,0,0.02032108,0.996094,0.08592892,0,-0.1139681,-0.08307859,0.9900048,0,0.2108739,-1.696972,0.7110071,1,-0.9932765,0.02032108,-0.1139681,0,0.02991112,0.996094,-0.08307857,0,-0.1118347,0.08592891,0.9900045,0,0.3397297,1.624962,-0.8208492,1,1.0,1.0,-0.1553556,-0.1163956,0.9809774,0.003809296,-0.006752953,-0.02340602,24.31111,1507
6,-0.08089852,-0.1362837,0.9999668,-0.2375273,-0.1225076,0.9999911,-0.1592124,-0.1293959,0.9999789,-0.9932486,0.03003941,-0.1120484,0,0.02029791,0.9959937,0.08708912,0,-0.1142156,-0.0842268,0.9898791,0,0.2107002,-1.697768,0.7092648,1,-0.9932486,0.02029791,-0.1142156,0,0.03003941,0.9959937,-0.0842268,0,-0.1120484,0.08708912,0.9898791,0,0.3397496,1.62492,-0.8210188,1,1.0,1.0,-0.1562227,-0.1175309,0.9807043,0.003809296,-0.006750542,-0.02340573,24.33333,1508
6,-0.08089705,-0.1360746,0.9999857,-0.2366755,-0.1222643,1.000013,-0.1587857,-0.1291695,0.9999995,-0.9932184,0.03026922,-0.1122541,0,0.02044889,0.9959437,0.08762462,0,-0.1144511,-0.08473491,0.9898086,0,0.2101943,-1.698068,0.7085119,1,-0.9932183,0.02044889,-0.1144511,0,0.03026922,0.9959436,-0.08473492,0,-0.1122541,0.08762462,0.9898086,0,0.3397014,1.624799,-0.8211199,1,1.0,1.0,-0.1558247,-0.117323,0.9807926,0.003809296,-0.00674981,-0.02340585,24.34444,1509
6,-0.0806796,-0.1356992,0.9999492,-0.2389752,-0.1245393,0.9999433,-0.1598276,-0.1301193,0.9999464,-0.9932096,0.03062089,-0.1122375,0,0.02074205,0.9958912,0.08815119,0,-0.1144756,-0.08522455,0.9897637,0,0.2097275,-1.698421,0.7077366,1,-0.9932094,0.02074205,-0.1144756,0,0.03062088,0.995891,-0.08522454,0,-0.1122375,0.08815116,0.9897635,0,0.339745,1.624704,-0.8212302,1,1.0,1.0,-0.1567871,-0.1182101,0.9805326,0.003806527,-0.006747322,-0.02340572,24.35556,1510
6,-0.08078119,-0.1360371,0.9999565,-0.2380547,-0.1233488,0.999952,-0.159418,-0.129693,0.9999542,-0.993206,0.03096988,-0.1121729,0,0.02097056,0.9957885,0.08924936,0,-0.1144646,-0.08629067,0.9896727,0,0.2092336,-1.699081,0.7061071,1,-0.993206,0.02097056,-0.1144645,0,0.03096988,0.9957886,-0.08629066,0,-0.1121729,0.08924935,0.9896724,0,0.3396385,1.624518,-0.8214797,1,1.0,1.0,-0.1564062,-0.1178157,0.9806409,0.003801627,-0.006745484,-0.02340571,24.37778,1511
6,-0.07938639,-0.1357594,0.9998335,-0.2378658,-0.1256781,0.9998094,-0.1586268,-0.1307188,0.9998214,-0.9932144,0.03123904,-0.1120259,0,0.02124108,0.9957733,0.08935489,0,-0.1143438,-0.08636899,0.9896799,0,0.2088246,-1.699201,0.706062,1,-0.9932139,0.02124108,-0.1143437,0,0.03123903,0.9957733,-0.08636896,0,-0.1120258,0.08935487,0.9896795,0,0.3395861,1.624493,-0.8216555,1,1.0,1.0,-0.1556654,-0.1188157,0.9806381,0.003799042,-0.006743706,-0.02340395,24.38889,1512
6,-0.07972115,-0.1346741,0.99992,-0.2380392,-0.1286421,0.9998894,-0.158881,-0.1316582,0.9999046,-0.9932377,0.03160511,-0.1117134,0,0.02157688,0.9957204,0.08986286,0,-0.1140754,-0.08684476,0.9896691,0,0.2084508,-1.699528,0.705266,1,-0.9932377,0.02157688,-0.1140754,0,0.03160511,0.9957204,-0.08684476,0,-0.1117134,0.08986287,0.989669,0,0.3395426,1.62438,-0.8217959,1,1.0,1.0,-0.1558705,-0.119692,0.980499,0.003794654,-0.00674115,-0.023401,24.41111,1513
6,-0.07993589,-0.1325994,1.000042,-0.2408895,-0.1259126,1.000008,-0.1604136,-0.129256,1.000025,-0.9932653,0.03145934,-0.1115099,0,0.02140248,0.9956878,0.09026414,0,-0.1138687,-0.08726965,0.9896555,0,0.2089022,-1.699682,0.7045309,1,-0.9932652,0.02140248,-0.1138687,0,0.03145934,0.9956879,-0.08726966,0,-0.1115099,0.09026415,0.9896555,0,0.3395284,1.624288,-0.8217862,1,1.0,1.0,-0.1573192,-0.1173826,0.9805468,0.003784996,-0.006740571,-0.02339947,24.42222,1514
6,-0.08023083,-0.1323821,0.9998305,-0.2197848,-0.1276182,0.9998287,-0.1500078,-0.1300002,0.9998296,-0.9932725,0.03127389,-0.1114985,0,0.02117696,0.9956606,0.09061719,0,-0.1138487,-0.08764634,0.9896246,0,0.2094342,-1.699991,0.7041448,1,-0.9932722,0.02117696,-0.1138486,0,0.03127388,0.9956606,-0.08764634,0,-0.1114985,0.09061717,0.9896243,0,0.3397016,1.624371,-0.821993,1,1.0,1.0,-0.1476047,-0.1182835,0.981948,0.003800934,-0.006745735,-0.02339047,24.43333,1515
6,-0.09575088,-0.1422777,0.9999976,-0.2344081,-0.1464401,0.9999628,-0.1650802,-0.144359,0.9999802,-0.9933219,0.03119081,-0.1110813,0,0.02096547,0.9955328,0.09205891,0,-0.1134564,-0.08911525,0.9895386,0,0.210292,-1.700991,0.7018203,1,-0.9933217,0.02096547,-0.1134564,0,0.03119081,0.9955328,-0.08911524,0,-0.1110812,0.0920589,0.9895382,0,0.3399019,1.624374,-0.8222032,1,1.0,1.0,-0.1614288,-0.1315026,0.9780837,0.003826263,-0.006765313,-0.02341009,24.45556,1516
6,-0.09460824,-0.1453453,0.9999788,-0.2340044,-0.1559831,0.9999951,-0.1643059,-0.150664,0.9999869,-0.9933161,0.03117209,-0.1111378,0,0.02087674,0.9954823,0.09262431,0,-0.113523,-0.08968502,0.9894793,0,0.2103606,-1.7013,0.7009836,1,-0.9933159,0.02087674,-0.113523,0,0.03117208,0.9954822,-0.089685,0,-0.1111378,0.09262429,0.9894791,0,0.3398934,1.624294,-0.822309,1,1.0,1.0,-0.1605724,-0.1374376,0.9774085,0.003821273,-0.006760353,-0.02340742,24.46667,1517
6,-0.09143526,-0.1450125,0.9999688,-0.2342016,-0.1623316,0.9999605,-0.1628186,-0.1536722,0.9999646,-0.9933496,0.03127372,-0.1108088,0,0.02089395,0.9953883,0.09362525,0,-0.1132258,-0.09068736,0.9894218,0,0.2105862,-1.701919,0.6994244,1,-0.9933496,0.02089395,-0.1132258,0,0.03127372,0.9953883,-0.09068736,0,-0.1108088,0.09362525,0.9894219,0,0.3399134,1.624186,-0.8225245,1,1.0,1.0,-0.1591276,-0.1402914,0.9772394,0.003820725,-0.006758553,-0.02340605,24.48889,1518
6,-0.09032535,-0.1437687,0.9998999,-0.2384454,-0.1565294,0.9998591,-0.1643864,-0.1501491,0.9998794,-0.9933828,0.03128111,-0.1105089,0,0.02090496,0.9953682,0.09383496,0,-0.1129323,-0.09090384,0.9894357,0,0.2108391,-1.702057,0.6990979,1,-0.9933827,0.02090496,-0.1129323,0,0.03128111,0.9953683,-0.09090385,0,-0.1105089,0.09383495,0.9894356,0,0.3399427,1.624167,-0.8226253,1,1.0,1.0,-0.1606743,-0.136971,0.9774573,0.003821022,-0.006756569,-0.02340484,24.5,1519
6,-0.08650846,-0.1397429,0.9999017,-0.2417519,-0.1531461,0.9998627,-0.1641311,-0.1464446,0.9998822,-0.99341,0.03163805,-0.1101633,0,0.02128878,0.9953555,0.09388439,0,-0.112622,-0.09092043,0.9894695,0,0.2105145,-1.702234,0.6991721,1,-0.9934097,0.02128878,-0.112622,0,0.03163804,0.9953554,-0.09092043,0,-0.1101633,0.09388439,0.9894694,0,0.3400056,1.624205,-0.8228688,1,1.0,1.0,-0.1605207,-0.1335197,0.9779599,0.003828468,-0.0067379,-0.02339772,24.52222,1520
6,-0.08937904,-0.1465693,0.999882,-0.2420687,-0.1522695,0.9998844,-0.1657239,-0.1494193,0.9998832,-0.9934007,0.03192246,-0.110165,0,0.02155142,0.9953314,0.09407926,0,-0.1126539,-0.09108417,0.9894509,0,0.2100917,-1.70239,0.6989884,1,-0.9934005,0.02155142,-0.1126539,0,0.03192246,0.9953315,-0.09108416,0,-0.1101649,0.09407924,0.9894505,0,0.3400537,1.624155,-0.8230076,1,1.0,1.0,-0.1619427,-0.1362913,0.977343,0.003830865,-0.006722466,-0.02339817,24.53333,1521
6,-0.08914027,-0.1414945,0.999906,-0.2421325,-0.1492044,0.9998913,-0.1656367,-0.1453495,0.9998987,-0.9934106,0.03201249,-0.1100483,0,0.02162364,0.995306,0.09433191,0,-0.1125516,-0.09133066,0.9894397,0,0.2100773,-1.702567,0.6986499,1,-0.9934106,0.02162364,-0.1125516,0,0.03201249,0.995306,-0.09133066,0,-0.1100484,0.09433191,0.9894397,0,0.3400817,1.624127,-0.823124,1,1.0,1.0,-0.1619439,-0.1324794,0.9778668,0.003829689,-0.006716294,-0.02339165,24.54445,1522
6,-0.08868531,-0.1421503,0.999917,-0.2423207,-0.1474345,0.9999095,-0.1655031,-0.1447924,0.9999132,-0.9934083,0.0323314,-0.1099758,0,0.02192252,0.9952766,0.09457235,0,-0.112514,-0.09153801,0.9894248,0,0.2096133,-1.702734,0.6983668,1,-0.9934082,0.02192252,-0.112514,0,0.0323314,0.9952765,-0.091538,0,-0.1099758,0.09457234,0.9894247,0,0.3400868,1.624049,-0.8232617,1,1.0,1.0,-0.1618285,-0.1319626,0.9779557,0.003828392,-0.006711617,-0.0233846,24.56667,1523
6,-0.08860289,-0.1423839,0.9998593,-0.2426088,-0.1483479,0.9998803,-0.1656053,-0.145366,0.9998698,-0.9933847,0.03255782,-0.1101232,0,0.02215413,0.9952868,0.09441064,0,-0.1126779,-0.0913464,0.989424,0,0.2091053,-1.702716,0.6988088,1,-0.9933845,0.02215412,-0.1126779,0,0.03255782,0.9952868,-0.09134638,0,-0.1101231,0.09441064,0.9894237,0,0.3401137,1.624083,-0.8233934,1,1.0,1.0,-0.1619185,-0.1325082,0.9778671,0.00382811,-0.006708458,-0.02338109,24.57778,1524
6,-0.08848733,-0.1426673,0.999949,-0.2438556,-0.1487566,1.000003,-0.1661702,-0.1457119,0.9999758,-0.9933108,0.0327814,-0.1107217,0,0.02232168,0.9952821,0.09442034,0,-0.1132946,-0.09131724,0.9893562,0,0.208298,-1.702782,0.6991978,1,-0.9933106,0.02232168,-0.1132945,0,0.0327814,0.9952821,-0.09131724,0,-0.1107217,0.09442032,0.989356,0,0.3401405,1.62408,-0.8236498,1,1.0,1.0,-0.1624219,-0.132818,0.9777415,0.00382846,-0.006698708,-0.02337512,24.6,1525
6,-0.08762675,-0.1426788,0.9998948,-0.2440241,-0.1468605,0.9999505,-0.1658241,-0.1447698,0.9999226,-0.9932712,0.03280224,-0.1110705,0,0.02230036,0.9952744,0.0945069,0,-0.1136456,-0.09139407,0.989309,0,0.2081403,-1.702901,0.6992847,1,-0.9932709,0.02230035,-0.1136456,0,0.03280222,0.9952744,-0.09139403,0,-0.1110704,0.09450688,0.9893085,0,0.3402685,1.624125,-0.823789,1,1.0,1.0,-0.1621278,-0.1319525,0.9779076,0.003828729,-0.006693283,-0.02337338,24.61111,1526
6,-0.0873858,-0.1425804,0.9999126,-0.243736,-0.1473923,0.9999589,-0.1655599,-0.1449862,0.9999357,-0.9932398,0.03278532,-0.1113565,0,0.02224313,0.9952643,0.09462674,0,-0.1139315,-0.0915101,0.9892653,0,0.2080527,-1.702946,0.699281,1,-0.9932394,0.02224313,-0.1139314,0,0.03278531,0.9952643,-0.09151008,0,-0.1113564,0.09462671,0.9892648,0,0.3403472,1.624083,-0.8239071,1,1.0,1.0,-0.1618751,-0.1321592,0.9779214,0.003828736,-0.006693421,-0.02337492,24.62222,1527
6,-0.08738231,-0.1424497,0.9998986,-0.2414971,-0.1475204,0.9999005,-0.1644396,-0.1449849,0.9998996,-0.9932265,0.03245433,-0.1115702,0,0.02185277,0.9952409,0.09496371,0,-0.1141212,-0.09188236,0.9892088,0,0.2086128,-1.703061,0.6990458,1,-0.9932263,0.02185277,-0.1141212,0,0.03245432,0.9952407,-0.09188234,0,-0.1115701,0.09496369,0.9892086,0,0.3404641,1.624013,-0.8241762,1,1.0,1.0,-0.1608379,-0.1321851,0.9780891,0.003828712,-0.006693703,-0.02337524,24.64445,1528
6,-0.08724371,-0.1423908,0.9999461,-0.2404698,-0.1464349,0.9999532,-0.1638565,-0.1444129,0.9999496,-0.993232,0.03222234,-0.1115891,0,0.02156384,0.9952018,0.09543788,0,-0.1141289,-0.09238566,0.9891611,0,0.209127,-1.703322,0.698368,1,-0.9932318,0.02156384,-0.1141289,0,0.03222233,0.9952018,-0.09238564,0,-0.1115891,0.09543787,0.9891608,0,0.3405268,1.623989,-0.8242934,1,1.0,1.0,-0.1602986,-0.1316532,0.9782494,0.003828362,-0.006693947,-0.02337535,24.65556,1529
6,-0.08614987,-0.1440988,1.000003,-0.2403624,-0.1452989,0.9999815,-0.1632567,-0.1446988,0.9999921,-0.9932352,0.03242694,-0.1115011,0,0.0217548,0.9951791,0.09563118,0,-0.1140646,-0.09255856,0.9891524,0,0.208685,-1.703517,0.6981895,1,-0.9932349,0.02175479,-0.1140646,0,0.03242693,0.9951791,-0.09255855,0,-0.1115011,0.09563116,0.9891521,0,0.3403619,1.623996,-0.8244871,1,1.0,1.0,-0.1597271,-0.1319243,0.9783064,0.003827508,-0.006698456,-0.02337538,24.67778,1530
6,-0.08588319,-0.1429301,0.9999199,-0.2397377,-0.1414222,0.9998989,-0.162811,-0.142176,0.9999093,-0.9932382,0.03282576,-0.1113572,0,0.02212974,0.9951389,0.09596229,0,-0.1139659,-0.09284911,0.9891365,0,0.2081534,-1.703896,0.6977065,1,-0.9932382,0.02212974,-0.1139659,0,0.03282576,0.9951389,-0.09284911,0,-0.1113572,0.09596229,0.9891363,0,0.3403722,1.624053,-0.8246096,1,1.0,1.0,-0.1593721,-0.1295568,0.9786805,0.003824441,-0.006714982,-0.02337383,24.68889,1531
6,-0.08340499,-0.1397216,0.9998509,-0.2385916,-0.1409048,0.9998428,-0.1609984,-0.1403133,0.9998468,-0.9932305,0.03320826,-0.111314,0,0.02254329,0.9951516,0.09573437,0,-0.1139534,-0.09257688,0.9891635,0,0.2075066,-1.703804,0.6981974,1,-0.9932301,0.02254329,-0.1139534,0,0.03320825,0.9951516,-0.09257688,0,-0.1113139,0.09573436,0.9891633,0,0.3404012,1.624024,-0.8247179,1,1.0,1.0,-0.1577161,-0.1278251,0.9791763,0.003810981,-0.006739517,-0.02336762,24.7,1532
6,-0.08517697,-0.1368423,0.9998142,-0.2399678,-0.1391352,0.9998011,-0.1625727,-0.1379888,0.9998075,-0.9932455,0.03335497,-0.1111361,0,0.02273405,0.9951699,0.09549895,0,-0.1137846,-0.09232731,0.9892062,0,0.2075618,-1.703844,0.6987935,1,-0.9932451,0.02273404,-0.1137846,0,0.03335496,0.9951699,-0.09232731,0,-0.111136,0.09549894,0.9892061,0,0.3406526,1.624162,-0.8249448,1,1.0,1.0,-0.1592316,-0.125605,0.9792184,0.003807227,-0.006746246,-0.02336922,24.72222,1533
6,-0.08475757,-0.1375026,0.9998645,-0.2400963,-0.1381196,0.9998214,-0.1624279,-0.1378112,0.9998428,-0.993271,0.03347073,-0.1108715,0,0.02290887,0.9951944,0.09520181,0,-0.1135252,-0.09202124,0.9892645,0,0.2075314,-1.703683,0.6993062,1,-0.9932709,0.02290887,-0.1135252,0,0.03347072,0.9951944,-0.09202123,0,-0.1108715,0.09520179,0.9892644,0,0.3406916,1.624166,-0.8250138,1,1.0,1.0,-0.1590949,-0.1254344,0.9792625,0.003807303,-0.006747894,-0.02336894,24.73333,1534
6,-0.08454747,-0.1369126,0.9999346,-0.2390845,-0.1368252,0.9999604,-0.1618154,-0.1368689,0.9999475,-0.9932582,0.03318848,-0.1110719,0,0.02264742,0.9952336,0.09485355,0,-0.1136905,-0.09169856,0.9892756,0,0.2077911,-1.703349,0.7000638,1,-0.9932579,0.02264742,-0.1136905,0,0.03318848,0.9952336,-0.09169855,0,-0.1110718,0.09485353,0.9892753,0,0.3406791,1.62412,-0.8251266,1,1.0,1.0,-0.1585265,-0.1245448,0.9794682,0.003807793,-0.006749215,-0.02336733,24.75556,1535
6,-0.08416429,-0.1372468,0.9999331,-0.2388772,-0.1363779,0.9999129,-0.1615212,-0.1368122,0.9999231,-0.9932765,0.03308798,-0.1109383,0,0.02254293,0.9952225,0.09499462,0,-0.1135515,-0.09185503,0.989277,0,0.2080546,-1.703454,0.6998666,1,-0.9932762,0.02254292,-0.1135515,0,0.03308797,0.9952226,-0.09185502,0,-0.1109383,0.09499462,0.9892768,0,0.3406615,1.624142,-0.8252077,1,1.0,1.0,-0.158258,-0.1244976,0.9795176,0.003808784,-0.006751648,-0.02336591,24.76667,1536
6,-0.08390547,-0.1382934,0.9999466,-0.2384887,-0.136521,0.9999508,-0.1611969,-0.1374072,0.9999486,-0.9932613,0.03281453,-0.1111541,0,0.02223782,0.9952202,0.09509065,0,-0.1137432,-0.09197804,0.9892435,0,0.2081999,-1.703453,0.6997919,1,-0.9932613,0.02223782,-0.1137431,0,0.03281453,0.9952202,-0.09197802,0,-0.1111541,0.09509064,0.9892433,0,0.3404797,1.624137,-0.8252634,1,1.0,1.0,-0.1579416,-0.1250609,0.979497,0.003810249,-0.006752106,-0.0233663,24.78889,1537
6,-0.08352197,-0.1391866,0.9999959,-0.2367682,-0.1371852,0.999993,-0.1601452,-0.1381859,0.9999945,-0.9932604,0.03289728,-0.1111389,0,0.02234305,0.9952352,0.0949088,0,-0.1137316,-0.09178595,0.9892628,0,0.2080329,-1.703289,0.7000753,1,-0.9932602,0.02234305,-0.1137316,0,0.03289727,0.9952352,-0.09178593,0,-0.1111389,0.09490877,0.9892623,0,0.3404699,1.624081,-0.8252361,1,1.0,1.0,-0.1569411,-0.1258058,0.9795623,0.003813004,-0.006755089,-0.0233665,24.8,1538
6,-0.08339676,-0.1390322,0.9999122,-0.2358624,-0.1352686,0.9998913,-0.15963,-0.1371503,0.9999017,-0.9932928,0.03278049,-0.1108825,0,0.02223979,0.9952291,0.09499678,0,-0.1134675,-0.09189361,0.989283,0,0.20847,-1.703413,0.6999785,1,-0.9932927,0.02223979,-0.1134675,0,0.03278049,0.9952291,-0.09189362,0,-0.1108825,0.09499677,0.989283,0,0.3405257,1.624154,-0.8253551,1,1.0,1.0,-0.1564954,-0.1248469,0.9797564,0.00381563,-0.006759194,-0.02336703,24.82222,1539
6,-0.08335618,-0.1385976,0.9999014,-0.2357636,-0.1339557,0.9999033,-0.1595598,-0.1362766,0.9999024,-0.9932939,0.03270716,-0.1108956,0,0.02218519,0.9952471,0.09482162,0,-0.1134698,-0.09172549,0.9892983,0,0.2084946,-1.703341,0.7003551,1,-0.9932936,0.02218519,-0.1134698,0,0.03270715,0.9952471,-0.09172547,0,-0.1108955,0.09482162,0.9892981,0,0.340474,1.624211,-0.8254418,1,1.0,1.0,-0.1564466,-0.1240201,0.9798691,0.003816124,-0.006763741,-0.02336667,24.83333,1540
6,-0.08327945,-0.1391585,1.000003,-0.2357922,-0.1344867,0.9999811,-0.1595362,-0.1368227,0.999992,-0.9933085,0.03273005,-0.1107571,0,0.02227469,0.9952896,0.09435285,0,-0.1133235,-0.09125441,0.9893587,0,0.2084817,-1.703014,0.7010388,1,-0.9933082,0.02227469,-0.1133235,0,0.03273005,0.9952896,-0.09125439,0,-0.110757,0.09435284,0.9893584,0,0.3404714,1.624204,-0.8253604,1,1.0,1.0,-0.1564017,-0.1245246,0.9798123,0.003816284,-0.006764428,-0.02336513,24.84444,1541
6,-0.08303332,-0.1394372,0.9999452,-0.2339073,-0.1350676,0.9999292,-0.1584706,-0.1372523,0.9999371,-0.9933208,0.03236289,-0.1107552,0,0.02199356,0.9953672,0.09359652,0,-0.1132712,-0.09053545,0.9894308,0,0.2087527,-1.702416,0.7023672,1,-0.9933205,0.02199356,-0.1132711,0,0.03236288,0.9953673,-0.09053543,0,-0.1107552,0.0935965,0.9894304,0,0.3402442,1.624199,-0.8254268,1,1.0,1.0,-0.1554072,-0.1249558,0.9799156,0.003816925,-0.006764519,-0.02336299,24.86667,1542
6,-0.08300188,-0.1401702,0.9999936,-0.2351552,-0.1356598,0.9999905,-0.1590785,-0.137915,0.9999921,-0.9933406,0.03181567,-0.1107352,0,0.02145692,0.9953871,0.09351028,0,-0.1131995,-0.09051152,0.989441,0,0.2096355,-1.702275,0.7025016,1,-0.9933406,0.02145692,-0.1131995,0,0.03181567,0.9953871,-0.09051151,0,-0.1107352,0.09351029,0.989441,0,0.3401901,1.624233,-0.8254287,1,1.0,1.0,-0.1559548,-0.1255627,0.979751,0.003817039,-0.006764527,-0.02336286,24.87778,1543
6,-0.08274993,-0.1403624,0.999886,-0.2352032,-0.1365252,0.9998817,-0.1589766,-0.1384438,0.9998839,-0.9933944,0.03109911,-0.1104575,0,0.02078383,0.9954174,0.09333959,0,-0.1128541,-0.09042728,0.9894884,0,0.2109152,-1.702131,0.7029343,1,-0.9933939,0.02078382,-0.1128541,0,0.0310991,0.9954174,-0.09042726,0,-0.1104575,0.09333958,0.989488,0,0.340101,1.624336,-0.8256615,1,1.0,1.0,-0.1558665,-0.126076,0.9796991,0.003817635,-0.006764649,-0.02335952,24.9,1544
6,-0.08269015,-0.1417195,0.9999204,-0.2362596,-0.1391439,0.9999112,-0.1594751,-0.1404317,0.9999156,-0.9934043,0.03098428,-0.1103999,0,0.02068511,0.9954285,0.09324261,0,-0.1127842,-0.09034396,0.9895039,0,0.2110758,-1.702034,0.7031463,1,-0.993404,0.0206851,-0.1127842,0,0.03098428,0.9954285,-0.09034395,0,-0.1103998,0.09324259,0.9895036,0,0.340047,1.624324,-0.8257284,1,1.0,1.0,-0.1562911,-0.1279357,0.9793904,0.003818719,-0.006763619,-0.02335741,24.91111,1545
6,-0.08329239,-0.1417521,0.9999698,-0.2361946,-0.1443371,0.9999862,-0.1597432,-0.1430446,0.9999781,-0.993389,0.03084753,-0.1105758,0,0.02057052,0.9954625,0.09290489,0,-0.11294,-0.09001607,0.989516,0,0.2110615,-1.701861,0.7038093,1,-0.9933887,0.02057052,-0.11294,0,0.03084753,0.9954625,-0.09001607,0,-0.1105758,0.09290487,0.9895158,0,0.3399886,1.62441,-0.8257879,1,1.0,1.0,-0.1564819,-0.1303818,0.9790373,0.003818787,-0.00676429,-0.023355,24.93333,1546
6,-0.08308426,-0.1420545,0.9999588,-0.2357774,-0.145699,0.9999667,-0.1594307,-0.1438768,0.9999627,-0.9933847,0.03078935,-0.1106294,0,0.02051213,0.9954676,0.09286286,0,-0.1129871,-0.08997931,0.9895139,0,0.2110727,-1.701839,0.7039335,1,-0.9933848,0.02051213,-0.1129871,0,0.03078935,0.9954675,-0.08997929,0,-0.1106293,0.09286286,0.9895138,0,0.3399506,1.624427,-0.8258336,1,1.0,1.0,-0.156177,-0.1311706,0.9789806,0.003819114,-0.006766144,-0.02335228,24.94444,1547
6,-0.08487412,-0.142532,0.9999543,-0.2359021,-0.1460138,0.9999633,-0.1603879,-0.1442728,0.9999589,-0.9933821,0.03064635,-0.110695,0,0.02037731,0.9954821,0.09273632,0,-0.1130369,-0.08986691,0.9895186,0,0.2111812,-1.701738,0.7041981,1,-0.9933816,0.02037731,-0.1130369,0,0.03064634,0.9954821,-0.08986688,0,-0.110695,0.0927363,0.9895181,0,0.3398868,1.624442,-0.8258754,1,1.0,1.0,-0.1570639,-0.1315242,0.9787913,0.003819816,-0.006766861,-0.02335087,24.95556,1548
6,-0.08527312,-0.1434263,0.9999384,-0.2359194,-0.1480062,0.9999508,-0.160596,-0.1457162,0.9999446,-0.9933889,0.0301924,-0.1107566,0,0.01992216,0.9954957,0.09268931,0,-0.1130562,-0.08987001,0.9895159,0,0.2116637,-1.701601,0.7043309,1,-0.9933888,0.01992216,-0.1130562,0,0.03019239,0.9954957,-0.08987001,0,-0.1107566,0.0926893,0.9895159,0,0.339649,1.624435,-0.8259396,1,1.0,1.0,-0.1572309,-0.1328771,0.9785817,0.003819817,-0.006767311,-0.02335449,24.97778,1549
6,-0.08319186,-0.1439818,0.9999815,-0.2360585,-0.1497156,0.999997,-0.1596248,-0.1468486,0.9999894,-0.9933792,0.03009558,-0.1108692,0,0.01983408,0.9955131,0.09252147,0,-0.1131562,-0.08970992,0.989519,0,0.2116644,-1.701463,0.7046473,1,-0.9933792,0.01983408,-0.1131562,0,0.03009558,0.9955131,-0.08970991,0,-0.1108692,0.09252147,0.9895189,0,0.3395932,1.624436,-0.8259488,1,1.0,1.0,-0.156297,-0.1339549,0.9785844,0.003821151,-0.006766922,-0.02335447,24.98889,1550
6,-0.08327259,-0.1439185,0.9999958,-0.2360221,-0.151078,1.000036,-0.1596464,-0.1474984,1.000016,-0.9933639,0.03009528,-0.1110083,0,0.01984268,0.9955304,0.09233338,0,-0.1132909,-0.08951792,0.9895211,0,0.2115145,-1.701407,0.7051762,1,-0.9933635,0.01984267,-0.1132909,0,0.03009527,0.9955305,-0.08951791,0,-0.1110082,0.09233336,0.9895208,0,0.3395955,1.624494,-0.8261303,1,1.0,1.0,-0.1563005,-0.1345621,0.9785005,0.003820991,-0.006766113,-0.02335224,25.01111,1551
6,-0.08487164,-0.1439448,0.9998939,-0.2360125,-0.152383,0.9998928,-0.1604421,-0.148164,0.9998934,-0.9933642,0.03003708,-0.1110206,0,0.01981115,0.9955536,0.09208956,0,-0.1132931,-0.08927902,0.9895425,0,0.2116089,-1.701203,0.7056658,1,-0.993364,0.01981115,-0.113293,0,0.03003708,0.9955537,-0.08927898,0,-0.1110206,0.09208954,0.989542,0,0.3396472,1.624462,-0.8261937,1,1.0,1.0,-0.1570472,-0.1351874,0.9782947,0.003820915,-0.006765694,-0.02335071,25.02222,1552
6,-0.08500978,-0.1440845,0.9999573,-0.2361076,-0.1522321,0.9999636,-0.1605585,-0.1481581,0.9999605,-0.9933231,0.03024395,-0.1113318,0,0.02001554,0.9955698,0.09187008,0,-0.1136171,-0.0890283,0.9895278,0,0.2111308,-1.701083,0.70622,1,-0.9933228,0.02001554,-0.1136171,0,0.03024394,0.9955698,-0.08902829,0,-0.1113318,0.09187008,0.9895276,0,0.3397933,1.62444,-0.8262807,1,1.0,1.0,-0.1571458,-0.1351716,0.9782811,0.003820624,-0.006765587,-0.02334935,25.04445,1553
6,-0.08537959,-0.1444876,1.000037,-0.2361177,-0.1507072,1.000067,-0.160748,-0.1475976,1.000052,-0.9933035,0.0301723,-0.1115261,0,0.0199179,0.9955651,0.09194237,0,-0.1138056,-0.08910529,0.9894993,0,0.2110839,-1.701059,0.7061353,1,-0.9933032,0.01991789,-0.1138056,0,0.03017229,0.9955651,-0.08910527,0,-0.1115261,0.09194234,0.9894989,0,0.3397476,1.624387,-0.8262709,1,1.0,1.0,-0.1573205,-0.1346308,0.9783275,0.003820548,-0.006764648,-0.02334825,25.05556,1554
6,-0.08556056,-0.1446218,1.000054,-0.233831,-0.1525927,1.000073,-0.1596954,-0.1486072,1.000063,-0.9932911,0.0301401,-0.1116452,0,0.01986579,0.9955589,0.09202132,0,-0.1139229,-0.08918603,0.9894785,0,0.2110434,-1.701016,0.7059983,1,-0.9932908,0.01986579,-0.1139228,0,0.03014009,0.9955589,-0.08918601,0,-0.1116451,0.09202132,0.9894783,0,0.3397175,1.624302,-0.8262342,1,1.0,1.0,-0.1563166,-0.135598,0.9783549,0.003819977,-0.006764923,-0.02334647,25.06667,1555
6,-0.08537094,-0.144683,0.9999233,-0.2338327,-0.1532407,0.9999066,-0.1596022,-0.148962,0.9999149,-0.9933113,0.0301415,-0.1114641,0,0.01984806,0.9955306,0.09233005,0,-0.1137489,-0.08950013,0.9894701,0,0.2112979,-1.701207,0.7055137,1,-0.9933113,0.01984806,-0.1137489,0,0.0301415,0.9955305,-0.08950012,0,-0.1114641,0.09233004,0.9894699,0,0.339801,1.62427,-0.826308,1,1.0,1.0,-0.156244,-0.135952,0.9783173,0.003819467,-0.006765007,-0.02334468,25.08889,1556
6,-0.08530573,-0.1447782,1.000041,-0.2337957,-0.153389,1.000041,-0.1595508,-0.1490837,1.000041,-0.993304,0.03042296,-0.1114519,0,0.02011864,0.995515,0.09243967,0,-0.1137644,-0.08957843,0.9894611,0,0.210837,-1.701371,0.7052984,1,-0.9933041,0.02011864,-0.1137644,0,0.03042296,0.995515,-0.08957844,0,-0.111452,0.09243969,0.9894612,0,0.3397928,1.624301,-0.8262858,1,1.0,1.0,-0.1561749,-0.136051,0.9783146,0.003819038,-0.006765465,-0.02334321,25.1,1557
6,-0.08639537,-0.1427971,0.9999891,-0.2340489,-0.1547363,1.000016,-0.1602216,-0.1487668,1.000002,-0.9932634,0.03079098,-0.1117138,0,0.02045177,0.9954986,0.09254359,0,-0.1140604,-0.0896354,0.989422,0,0.2100693,-1.701536,0.7052256,1,-0.9932632,0.02045177,-0.1140604,0,0.03079098,0.9954985,-0.08963539,0,-0.1117137,0.09254357,0.9894218,0,0.3398294,1.624316,-0.8263228,1,1.0,1.0,-0.1568123,-0.1357451,0.9782551,0.003818077,-0.006765572,-0.02333948,25.12222,1558
6,-0.08717841,-0.1450194,1.000053,-0.2349237,-0.1540775,1.000062,-0.1610509,-0.1495486,1.000058,-0.9932545,0.03087761,-0.1117682,0,0.02052217,0.9954879,0.09264307,0,-0.1141245,-0.08972441,0.9894065,0,0.209777,-1.701602,0.7050362,1,-0.9932544,0.02052217,-0.1141245,0,0.03087761,0.9954879,-0.08972441,0,-0.1117682,0.09264307,0.9894065,0,0.3397039,1.624303,-0.826302,1,1.0,1.0,-0.1575611,-0.1364543,0.9780362,0.003817451,-0.006766083,-0.02333683,25.13333,1559
6,-0.08663711,-0.1450799,0.9999593,-0.2349456,-0.1525448,0.9999716,-0.1607912,-0.1488122,0.9999654,-0.9932204,0.03107107,-0.1120164,0,0.02070072,0.99549,0.09258072,0,-0.1143877,-0.08963425,0.9893842,0,0.2092749,-1.701559,0.7052575,1,-0.9932206,0.02070072,-0.1143878,0,0.03107107,0.99549,-0.08963426,0,-0.1120164,0.09258074,0.9893844,0,0.3397257,1.624259,-0.8263502,1,1.0,1.0,-0.1573478,-0.13578,0.9781643,0.003817451,-0.006766838,-0.02333568,25.15556,1560
6,-0.08634283,-0.1457383,0.9999704,-0.2350779,-0.1547929,0.9999688,-0.1607105,-0.1502657,0.9999695,-0.9932313,0.03080175,-0.1119953,0,0.02042173,0.9954869,0.09267563,0,-0.1143444,-0.08976119,0.9893777,0,0.2098101,-1.701591,0.7051328,1,-0.9932312,0.02042173,-0.1143444,0,0.03080175,0.995487,-0.08976119,0,-0.1119953,0.09267563,0.9893777,0,0.3397735,1.624278,-0.8263889,1,1.0,1.0,-0.1572421,-0.137145,0.9779909,0.003816643,-0.006767296,-0.02333102,25.16667,1561
6,-0.08570626,-0.143586,1.000038,-0.2379069,-0.1552469,1.000081,-0.1618057,-0.1494164,1.00006,-0.993199,0.03081773,-0.1122789,0,0.02041196,0.9954871,0.09267561,0,-0.1146282,-0.08975346,0.9893458,0,0.2095786,-1.701572,0.7051888,1,-0.9931986,0.02041196,-0.1146282,0,0.03081772,0.9954872,-0.08975346,0,-0.1122789,0.0926756,0.9893455,0,0.3397695,1.624261,-0.8263737,1,1.0,1.0,-0.1582671,-0.1363151,0.9779416,0.003816376,-0.006766709,-0.02332846,25.17778,1562
6,-0.08569711,-0.1426031,0.9999496,-0.2379895,-0.1554613,0.9999667,-0.161843,-0.1490323,0.9999582,-0.993171,0.03087882,-0.1125077,0,0.02049256,0.9955176,0.09232955,0,-0.1148544,-0.08939345,0.9893519,0,0.209219,-1.701373,0.7058702,1,-0.9931709,0.02049256,-0.1148545,0,0.03087882,0.9955176,-0.08939347,0,-0.1125077,0.09232956,0.989352,0,0.3397425,1.624286,-0.826416,1,1.0,1.0,-0.1583248,-0.1359677,0.9779806,0.003816453,-0.006765946,-0.02332779,25.2,1563
6,-0.08607377,-0.1422185,1.000065,-0.2376252,-0.1512576,1.000101,-0.1618487,-0.146738,1.000082,-0.9931387,0.03108753,-0.1127362,0,0.02067215,0.9955068,0.09240629,0,-0.1151024,-0.08944175,0.989319,0,0.2086932,-1.701497,0.7057617,1,-0.9931384,0.02067215,-0.1151023,0,0.03108753,0.9955069,-0.08944174,0,-0.1127362,0.09240629,0.9893187,0,0.3397214,1.624321,-0.826387,1,1.0,1.0,-0.1583595,-0.1337998,0.9782739,0.00381717,-0.006765488,-0.02332678,25.21111,1564
6,-0.0864267,-0.1426343,1.000002,-0.2376106,-0.1512644,1.000018,-0.1620183,-0.1469494,1.00001,-0.9930949,0.0309651,-0.113153,0,0.02047158,0.995479,0.09274958,0,-0.1155134,-0.08979271,0.9892391,0,0.2087167,-1.701576,0.7052883,1,-0.993095,0.02047158,-0.1155134,0,0.0309651,0.995479,-0.08979273,0,-0.113153,0.09274957,0.9892391,0,0.3397705,1.624195,-0.8263783,1,1.0,1.0,-0.1585246,-0.1340046,0.9782192,0.003817514,-0.006764832,-0.02332524,25.23333,1565
6,-0.08647043,-0.143233,1.000017,-0.2380759,-0.15089,0.9999865,-0.1622739,-0.1470617,1.000002,-0.9931211,0.0309613,-0.1129246,0,0.02044597,0.9954454,0.09311489,0,-0.1152932,-0.0901655,0.989231,0,0.2088333,-1.701791,0.7046287,1,-0.993121,0.02044597,-0.1152932,0,0.0309613,0.9954454,-0.09016549,0,-0.1129246,0.09311488,0.9892307,0,0.3396564,1.624159,-0.8264061,1,1.0,1.0,-0.1587617,-0.134109,0.9781663,0.003817322,-0.006761933,-0.02332282,25.24445,1566
6,-0.08691526,-0.1425001,0.9998998,-0.2380194,-0.1519563,0.9998786,-0.1624679,-0.1472283,0.9998892,-0.9931612,0.03111029,-0.11253,0,0.02057675,0.9953986,0.09358493,0,-0.1149236,-0.09062942,0.9892315,0,0.2089431,-1.702175,0.7038703,1,-0.9931611,0.02057675,-0.1149236,0,0.03111029,0.9953986,-0.09062944,0,-0.11253,0.09358494,0.9892315,0,0.3396758,1.624172,-0.8265454,1,1.0,1.0,-0.1589551,-0.1342743,0.9781123,0.003816269,-0.006763077,-0.02332091,25.26667,1567
6,-0.08713806,-0.1452082,1.000076,-0.2405539,-0.1536087,1.00007,-0.163846,-0.1494083,1.000073,-0.9931617,0.03125234,-0.1124859,0,0.0207145,0.9953887,0.09365956,0,-0.1148942,-0.090689,0.9892294,0,0.2087801,-1.70228,0.7036642,1,-0.9931618,0.02071451,-0.1148942,0,0.03125234,0.9953888,-0.09068898,0,-0.1124858,0.09365954,0.9892293,0,0.3397049,1.624201,-0.8264756,1,1.0,1.0,-0.1601663,-0.1362703,0.9776385,0.00381585,-0.006760766,-0.02331848,25.27778,1568
6,-0.08780186,-0.1455665,1.000022,-0.240819,-0.1537086,1.000033,-0.1643101,-0.1496373,1.000028,-0.9931461,0.03149714,-0.1125565,0,0.02095192,0.9953827,0.09367189,0,-0.1149872,-0.09067158,0.9892203,0,0.2082909,-1.702379,0.7036461,1,-0.9931459,0.02095192,-0.1149872,0,0.03149713,0.9953827,-0.09067158,0,-0.1125565,0.09367189,0.9892202,0,0.3396833,1.624243,-0.8264675,1,1.0,1.0,-0.1605978,-0.1364822,0.9775382,0.003813316,-0.006759857,-0.02331803,25.28889,1569
6,-0.08882909,-0.1464119,0.9999579,-0.2418773,-0.1547051,0.9999444,-0.1653535,-0.1505587,0.9999512,-0.9931622,0.03161785,-0.1123803,0,0.02117588,0.995448,0.09292415,0,-0.1148068,-0.08990899,0.9893109,0,0.2080389,-1.701925,0.7048578,1,-0.9931621,0.02117588,-0.1148068,0,0.03161785,0.9954481,-0.08990899,0,-0.1123803,0.09292415,0.9893107,0,0.3396397,1.624274,-0.8264574,1,1.0,1.0,-0.1615558,-0.1373387,0.9772604,0.00380809,-0.006754883,-0.02331713,25.31111,1570
6,-0.08883382,-0.1441214,1.000039,-0.2406857,-0.1558081,1.000019,-0.1647602,-0.1499649,1.000029,-0.9931822,0.03147582,-0.1122431,0,0.02103961,0.9954457,0.09297957,0,-0.1146585,-0.08998409,0.9893212,0,0.2083239,-1.701933,0.704687,1,-0.9931821,0.02103961,-0.1146585,0,0.03147582,0.9954457,-0.08998409,0,-0.1122431,0.09297956,0.9893211,0,0.3395695,1.624277,-0.8264225,1,1.0,1.0,-0.1610035,-0.1367879,0.9774287,0.00380642,-0.006751717,-0.02331374,25.32222,1571
6,-0.08880297,-0.1443129,1.000035,-0.240715,-0.1559136,1.000068,-0.1647583,-0.150113,1.000051,-0.9931591,0.03134175,-0.1124861,0,0.02090922,0.9954695,0.09275439,0,-0.1148835,-0.08976786,0.9893149,0,0.2082729,-1.701754,0.7050834,1,-0.9931587,0.02090922,-0.1148835,0,0.03134174,0.9954695,-0.08976784,0,-0.112486,0.09275438,0.9893144,0,0.339496,1.624289,-0.8263848,1,1.0,1.0,-0.1609956,-0.1369248,0.9774109,0.00380642,-0.006751717,-0.02331149,25.33333,1572
