flag,xl,yl,zl,xr,yr,zr,xc,yc,zc,mat_00,mat_10,mat_20,mat_30,mat_01,mat_11,mat_21,mat_31,mat_02,mat_12,mat_22,mat_32,mat_03,mat_13,mat_23,mat_33,ctw_00,ctw_10,ctw_20,ctw_30,ctw_01,ctw_11,ctw_21,ctw_31,ctw_02,ctw_12,ctw_22,ctw_32,ctw_03,ctw_13,ctw_23,ctw_33,opennessl,opennessr,ray_x,ray_y,ray_z,eye_x,eye_y,eye_z,time,frame
0,0.02858365,-0.02122146,1,-0.1612885,-0.06242755,1,-0.06635234,-0.0418245,1,0.3753895,-0.2036987,-0.9042067,0,-0.05483259,0.9689623,-0.241051,0,-0.9252439,-0.140068,-0.3525689,0,-0.3944393,-2.024105,-0.9440403,1,0.3753894,-0.05483261,-0.9252438,0,-0.2036987,0.9689622,-0.140068,0,-0.9042065,-0.241051,-0.3525688,0,-1.117846,1.712091,-0.9813041,1,0,0,-0.06477799,-0.04427571,0.996917,0.0002817474,0.003719467,-0.02548274,0,1
0,0.03242981,-0.01694535,1,-0.1590552,-0.06171384,1,-0.0633128,-0.03932936,1,0.3753895,-0.2036987,-0.9042067,0,-0.05483259,0.9689623,-0.241051,0,-0.9252439,-0.140068,-0.3525689,0,-0.3944393,-2.024105,-0.9440403,1,0.3753894,-0.05483261,-0.9252438,0,-0.2036987,0.9689622,-0.140068,0,-0.9042065,-0.241051,-0.3525688,0,-1.117846,1.712091,-0.9813041,1,1,1,-0.06185446,-0.04179945,0.9972095,0.0002775043,0.003642601,-0.02519415,0.01111111,2
0,0,2.682209E-07,0.9998739,0,2.682209E-07,0.9998739,0,2.682209E-07,0.9998739,0.3768702,-0.203261,-0.9036891,0,-0.054304,0.9690991,-0.2406199,0,-0.9246729,-0.1397564,-0.3541867,0,-0.3928073,-2.023452,-0.945659,1,0.3768701,-0.054304,-0.9246728,0,-0.203261,0.9690992,-0.1397564,0,-0.9036889,-0.2406199,-0.3541866,0,-1.117833,1.71205,-0.9809483,1,0.4501733,0.3062131,0,0,1,0,0,0,0.02222222,3
0,1.192093E-07,-1.788139E-07,1,1.192093E-07,-1.788139E-07,1,1.192093E-07,-1.788139E-07,1,0.3768702,-0.203261,-0.9036891,0,-0.054304,0.9690991,-0.2406199,0,-0.9246729,-0.1397564,-0.3541867,0,-0.3928073,-2.023452,-0.945659,1,0.3768701,-0.054304,-0.9246728,0,-0.203261,0.9690992,-0.1397564,0,-0.9036889,-0.2406199,-0.3541866,0,-1.117833,1.71205,-0.9809483,1,0.4501733,0.3062131,0,0,1,0,0,0,0.03333334,4
0,5.960464E-08,-1.844019E-07,1.091623,5.960464E-08,-1.844019E-07,1.091623,5.960464E-08,-1.844019E-07,1.091623,0.6273619,0.09483673,-0.7729315,0,-0.03872032,0.9951278,0.09067172,0,-0.7777646,0.02695583,-0.6279774,0,0.0174135,-1.549525,-1.602547,1,0.6273618,-0.03872031,-0.7777646,0,0.09483674,0.9951279,0.02695582,0,-0.7729315,0.09067171,-0.6279774,0,-1.102631,1.687956,-0.9510506,1,0.4931377,0.3444433,0,0,1,0,0,0,0.3555556,5
0,-0.3553514,-0.4718846,1.170434,-0.6142955,-0.5280327,1.251673,-0.481757,-0.4991799,1.210086,0.8293642,0.07823143,-0.5532041,0,0.001705088,0.9897894,0.1425275,0,-0.5587057,0.1191504,-0.8207625,0,0.400561,-1.469315,-1.618934,1,0.8293641,0.001705099,-0.5587057,0,0.07823144,0.9897894,0.1191504,0,-0.5532041,0.1425275,-0.8207625,0,-1.112865,1.684372,-0.9298947,1,0.517949,0.3907081,-0.3413655,-0.3531561,0.8710628,0.002655297,0.001963539,-0.02598938,0.4,6
0,-0.2929847,-0.3704486,1.010648,-0.4951551,-0.4318666,1.017579,-0.3938401,-0.4010561,1.014106,0.8480068,0.07149789,-0.5251406,0,0.007373292,0.989171,0.1465822,0,-0.5299341,0.1281747,-0.8382965,0,0.4410702,-1.467342,-1.609738,1,0.8480067,0.00737331,-0.5299342,0,0.07149789,0.989171,0.1281747,0,-0.5251405,0.1465822,-0.8382965,0,-1.114457,1.68416,-0.9276237,1,0.5249344,0.4400646,-0.3348196,-0.3404863,0.8786153,0.002491333,0.001983315,-0.02592615,0.4111111,7
0,-0.2785708,-0.3414007,1.004428,-0.4513572,-0.4136141,1.007241,-0.3648896,-0.3774582,1.005833,0.8649793,0.06338377,-0.4977886,0,0.01375712,0.9886226,0.149787,0,-0.5016191,0.1364108,-0.854266,0,0.4778461,-1.467813,-1.598488,1,0.8649791,0.01375713,-0.501619,0,0.06338377,0.9886225,0.1364108,0,-0.4977886,0.149787,-0.854266,0,-1.116001,1.683972,-0.9256122,1,0.5249344,0.4400646,-0.3168743,-0.3274034,0.8901672,0.002366294,0.002000717,-0.02586682,0.4333333,8
0,-0.2546344,-0.3596231,1.008123,-0.4453691,-0.3858328,1.014003,-0.3498226,-0.3726913,1.011057,0.8877556,0.0506233,-0.4575229,0,0.02359531,0.9876232,0.1550602,0,-0.4597099,0.148451,-0.8755736,0,0.5286915,-1.469193,-1.580558,1,0.8877556,0.02359531,-0.4597099,0,0.0506233,0.9876232,0.148451,0,-0.4575229,0.1550602,-0.8755736,0,-1.118115,1.683616,-0.9227467,1,0.5240815,0.4546907,-0.3042072,-0.3237631,0.8958992,0.002257477,0.002021935,-0.02582867,0.4555556,9
0,-0.07673347,-0.2877405,1.001071,-0.256367,-0.3219346,1.003822,-0.1664726,-0.3048148,1.002446,0.8947945,0.0465105,-0.4440492,0,0.02654307,0.9872587,0.1568936,0,-0.4456887,0.152174,-0.8821591,0,0.5456212,-1.469628,-1.57403,1,0.8947944,0.02654308,-0.4456886,0,0.04651051,0.9872588,0.152174,0,-0.4440492,0.1568936,-0.8821591,0,-1.118812,1.683376,-0.9217285,1,0.5821944,0.4686571,-0.1542623,-0.2828601,0.9466749,0.001027909,0.002319298,-0.02547006,0.4666667,10
0,-0.0732445,-0.2594642,1.029491,-0.2662171,-0.3350106,1.063086,-0.1687286,-0.296667,1.046106,0.9538193,0.03326473,-0.2985334,0,0.03034291,0.9780957,0.2059325,0,-0.2988445,0.2054808,-0.9319172,0,0.7473187,-1.415864,-1.531995,1,0.9538193,0.0303429,-0.2988445,0,0.03326472,0.9780957,0.2054808,0,-0.2985334,0.2059325,-0.9319172,0,-1.12306,1.677662,-0.9134272,1,0.5921339,0.5162082,-0.150763,-0.2656783,0.9522004,0.0009335475,0.00231585,-0.02545912,0.6333333,11
0,-0.07028438,-0.2521486,0.9999999,-0.2525723,-0.3154573,0.9999999,-0.1614284,-0.2838029,0.9999999,0.9538193,0.03326473,-0.2985334,0,0.03034291,0.9780957,0.2059325,0,-0.2988445,0.2054808,-0.9319172,0,0.7473187,-1.415864,-1.531995,1,0.9538193,0.0303429,-0.2988445,0,0.03326472,0.9780957,0.2054808,0,-0.2985334,0.2059325,-0.9319172,0,-1.12306,1.677662,-0.9134272,1,0.5921339,0.5162082,-0.150763,-0.2656783,0.9522004,0.0009335475,0.00231585,-0.02545912,0.6444445,12
0,-0.05009493,-0.2522383,1.000009,-0.2184207,-0.3110338,1.000825,-0.1342368,-0.2816242,1.000417,0.958814,0.0367602,-0.2816457,0,0.02463229,0.9770923,0.2113858,0,-0.2829644,0.2096172,-0.9359443,0,0.7751007,-1.406566,-1.524382,1,0.9588141,0.0246323,-0.2829645,0,0.03676021,0.9770923,0.2096172,0,-0.2816457,0.2113857,-0.9359443,0,-1.120808,1.677485,-0.9125705,1,0.5923722,0.5512644,-0.1258566,-0.2647198,0.9560772,0.0008032983,0.00241182,-0.02542361,0.6777778,13
0,-0.04345435,-0.2398351,0.9997779,-0.2009765,-0.2953163,0.9999728,-0.1222109,-0.2675733,0.9998754,0.9591444,0.03761169,-0.2804058,0,0.02343895,0.9771525,0.2112428,0,-0.2819444,0.2091848,-0.9363488,0,0.7778188,-1.406264,-1.522886,1,0.9591444,0.02343896,-0.2819444,0,0.0376117,0.9771525,0.2091848,0,-0.2804058,0.2112428,-0.9363489,0,-1.120174,1.677602,-0.9124814,1,0.6132715,0.5564812,-0.1151361,-0.2530096,0.9605883,0.0006778566,0.002473335,-0.02539636,0.6888889,14
0,-0.04347105,-0.2398876,1,-0.2009812,-0.2953244,1,-0.122226,-0.2676061,1,0.9591444,0.03761169,-0.2804058,0,0.02343895,0.9771525,0.2112428,0,-0.2819444,0.2091848,-0.9363488,0,0.7778188,-1.406264,-1.522886,1,0.9591444,0.02343896,-0.2819444,0,0.0376117,0.9771525,0.2091848,0,-0.2804058,0.2112428,-0.9363489,0,-1.120174,1.677602,-0.9124814,1,0.6132715,0.5564812,-0.1151361,-0.2530096,0.9605883,0.0006778566,0.002473335,-0.02539636,0.7,15
0,0.07263172,-0.1275868,0.9993601,-0.07880966,-0.1727268,0.9993047,-0.003090143,-0.1501576,0.9993324,0.9595142,0.0385673,-0.2790074,0,0.02148614,0.977672,0.2090354,0,-0.2808396,0.2065673,-0.9372615,0,0.7809743,-1.408896,-1.517754,1,0.9595141,0.02148614,-0.2808396,0,0.0385673,0.977672,0.2065672,0,-0.2790073,0.2090354,-0.9372615,0,-1.118483,1.677922,-0.9121719,1,0.6187286,0.5642677,-0.002828537,-0.1480525,0.9889755,-0.0001579672,0.003324112,-0.02590867,0.7222223,16
0,0.1290187,-0.08537573,0.9998335,0.0009222925,-0.1196246,0.9996555,0.06496754,-0.1025017,0.9997445,0.959189,0.03914549,-0.2800431,0,0.02072076,0.9779779,0.2076772,0,-0.2820056,0.2050043,-0.9372545,0,0.7801442,-1.410412,-1.516443,1,0.9591889,0.02072076,-0.2820056,0,0.03914549,0.9779779,0.2050043,0,-0.2800431,0.2076772,-0.9372545,0,-1.117764,1.678117,-0.912147,1,0.6134757,0.5960346,0.06355922,-0.1026756,0.9926822,-0.0006818613,0.003550156,-0.02557836,0.7333333,17
0,0.1207236,-0.09409238,0.9998024,-0.005497545,-0.125847,0.9995497,0.05760911,-0.1099719,0.999676,0.9582598,0.04044061,-0.2830244,0,0.0192338,0.9785837,0.2049488,0,-0.2852513,0.2018378,-0.9369596,0,0.7771354,-1.413139,-1.514346,1,0.9582597,0.01923381,-0.2852513,0,0.04044061,0.9785838,0.2018378,0,-0.2830244,0.2049488,-0.9369595,0,-1.116146,1.678291,-0.9119775,1,0.6660023,0.6422363,0.05646277,-0.1098663,0.9923413,-0.0007368624,0.003558739,-0.0257604,0.7555556,18
0,0.1292411,-0.0817614,1.000051,-0.01197493,-0.1187355,0.9996204,0.05862483,-0.1002524,0.9998356,0.9574311,0.04161789,-0.2856461,0,0.01816479,0.9789046,0.2035087,0,-0.2880899,0.2000343,-0.9364777,0,0.7746258,-1.414252,-1.51423,1,0.957431,0.01816479,-0.2880899,0,0.04161789,0.9789046,0.2000343,0,-0.2856461,0.2035087,-0.9364777,0,-1.115327,1.678506,-0.9119824,1,0.748206,0.7155248,0.05753543,-0.1004438,0.9932778,-0.0007602079,0.003420899,-0.02537543,0.7666667,19
0,0.1312365,-0.0827672,1.000208,-0.01979682,-0.1239542,0.9995963,0.05570671,-0.1033669,0.9999023,0.9555222,0.04427572,-0.2915768,0,0.01570559,0.9796243,0.2002238,0,-0.2945007,0.1958977,-0.9353574,0,0.7690279,-1.416637,-1.513988,1,0.9555222,0.01570559,-0.2945007,0,0.04427572,0.9796243,0.1958977,0,-0.2915767,0.2002238,-0.9353573,0,-1.113544,1.67883,-0.9121242,1,0.7925621,0.7937804,0.05469649,-0.103435,0.9931312,-0.0007676845,0.003429764,-0.02550633,0.7888889,20
0,0.1356962,-0.09410284,1.000142,-0.02246392,-0.123263,0.999507,0.05660143,-0.1086873,0.9998242,0.954344,0.04579581,-0.2951782,0,0.01434918,0.9800085,0.1984372,0,-0.2983648,0.1936129,-0.9346082,0,0.7655747,-1.417911,-1.514111,1,0.9543441,0.01434918,-0.2983648,0,0.04579581,0.9800085,0.1936129,0,-0.2951782,0.1984372,-0.9346082,0,-1.11262,1.679036,-0.9121543,1,0.7925621,0.7937804,0.05553946,-0.1085244,0.9925411,-0.0007741237,0.003424324,-0.02552564,0.8,21
0,0.1337048,-0.09054928,1.000263,-0.02296078,-0.122194,0.9995074,0.05535477,-0.1063775,0.9998851,0.9529494,0.04717259,-0.2994364,0,0.01307443,0.9805017,0.1960753,0,-0.3028472,0.1907648,-0.9337518,0,0.7611117,-1.420028,-1.51398,1,0.9529494,0.01307443,-0.3028472,0,0.04717259,0.9805017,0.1907648,0,-0.2994364,0.1960753,-0.9337518,0,-1.111655,1.679243,-0.9122891,1,0.8484642,0.8180335,0.05434025,-0.1063171,0.9928464,-0.0007692799,0.003429886,-0.0255549,0.8111112,22
0,0.1300097,-0.09047733,1.000354,-0.02331585,-0.1224961,0.9995183,0.05332857,-0.1064933,0.9999361,0.9496052,0.05024901,-0.3093944,0,0.01053957,0.9813898,0.1917368,0,-0.3132711,0.1853352,-0.9314033,0,0.7503161,-1.423454,-1.515365,1,0.9496053,0.01053958,-0.3132711,0,0.05024901,0.9813899,0.1853352,0,-0.3093944,0.1917368,-0.9314033,0,-1.109822,1.679606,-0.9125472,1,0.8557117,0.863758,0.05236888,-0.1064273,0.9929404,-0.000755935,0.003420433,-0.02553127,0.8333334,23
0,0.1280814,-0.08809236,1.000454,-0.02389908,-0.1223345,0.9994845,0.05207017,-0.1052215,0.9999691,0.9476007,0.0521744,-0.3151678,0,0.009134984,0.9817439,0.1899883,0,-0.3193266,0.1829121,-0.9298245,0,0.7439443,-1.424333,-1.517208,1,0.9476007,0.00913499,-0.3193266,0,0.0521744,0.9817438,0.1829121,0,-0.3151678,0.1899883,-0.9298246,0,-1.108824,1.679786,-0.9126484,1,0.8676965,0.8717194,0.05114346,-0.1051921,0.9931359,-0.0007384792,0.003395775,-0.02550382,0.8444445,24
0,0.1215903,-0.09560472,1.00071,-0.03171104,-0.1260779,0.9995701,0.04491469,-0.1108498,1.00014,0.9429189,0.05655603,-0.328185,0,0.006177582,0.982334,0.1870344,0,-0.3329652,0.1783856,-0.9259118,0,0.7290682,-1.425033,-1.522851,1,0.9429189,0.0061776,-0.3329652,0,0.05655603,0.982334,0.1783856,0,-0.328185,0.1870344,-0.9259119,0,-1.106635,1.680179,-0.9130661,1,0.8860719,0.8768774,0.04410294,-0.110549,0.9928917,-0.0006360402,0.003328201,-0.0253449,0.8666667,25
0,0.1259938,-0.09717517,1.000665,-0.02754176,-0.1327871,0.9994631,0.04919967,-0.1149917,1.000064,0.9402354,0.0588899,-0.3353943,0,0.004817724,0.9825336,0.1860232,0,-0.340491,0.1765214,-0.9235291,0,0.720323,-1.424548,-1.526721,1,0.9402354,0.004817727,-0.340491,0,0.05888991,0.9825336,0.1765214,0,-0.3353943,0.1860232,-0.9235291,0,-1.105435,1.680202,-0.9132444,1,0.9030092,0.898857,0.04819132,-0.1145056,0.9922531,-0.0006074151,0.003353089,-0.0254587,0.8777778,26
0,0.1228507,-0.100896,1.000918,-0.03377369,-0.1272617,0.9995357,0.04450691,-0.1140878,1.000227,0.9339746,0.06436962,-0.3514941,0,0.001713082,0.9828239,0.1845379,0,-0.3573354,0.1729559,-0.9178222,0,0.7009108,-1.422607,-1.536482,1,0.9339746,0.001713108,-0.3573355,0,0.06436963,0.9828239,0.1729559,0,-0.3514942,0.1845379,-0.9178224,0,-1.103125,1.68051,-0.9137095,1,0.8874733,0.8865525,0.04364032,-0.1136455,0.9925625,-0.0005914615,0.003355148,-0.02550057,0.9,27
0,0.1119094,-0.1032494,1.000754,-0.04106891,-0.1399629,0.9993521,0.03538948,-0.1216187,1.000053,0.9305695,0.06719532,-0.3598961,0,5.38528E-05,0.9829879,0.1836705,0,-0.3661153,0.1709376,-0.9147349,0,0.6908566,-1.421734,-1.541266,1,0.9305695,5.384515E-05,-0.3661152,0,0.06719532,0.9829878,0.1709375,0,-0.3598961,0.1836705,-0.9147348,0,-1.102052,1.680595,-0.9138891,1,0.9118465,0.8976083,0.03476354,-0.1208832,0.9920578,-0.000547111,0.003344376,-0.02548615,0.9111111,28
0,0.1006491,-0.09893879,1.000705,-0.04924759,-0.1321875,0.9992712,0.02567062,-0.1155749,0.9999877,0.9269388,0.06991537,-0.3686412,0,-0.00149332,0.9831659,0.1827094,0,-0.3752096,0.1688099,-0.9114389,0,0.6799976,-1.421163,-1.546085,1,0.9269388,-0.001493316,-0.3752096,0,0.06991538,0.9831658,0.1688099,0,-0.3686412,0.1827093,-0.9114389,0,-1.100906,1.680738,-0.9141138,1,0.9030979,0.883806,0.02530874,-0.1151524,0.9930254,-0.0004639812,0.003334717,-0.02543703,0.9222223,29
0,0.09556818,-0.09408814,1.000853,-0.0642167,-0.1342063,0.9991694,0.01563606,-0.1141637,1.000011,0.9189321,0.07581792,-0.3870601,0,-0.004848413,0.9834475,0.1811285,0,-0.394386,0.1645681,-0.904089,0,0.657064,-1.419259,-1.556731,1,0.9189321,-0.004848399,-0.3943861,0,0.07581794,0.9834476,0.1645681,0,-0.3870601,0.1811285,-0.904089,0,-1.09874,1.680921,-0.9147221,1,0.9019834,0.8960267,0.01551989,-0.1138729,0.9933741,-0.0003853301,0.003389435,-0.02546896,0.9444445,30
0,0.08517134,-0.05167653,1.000967,-0.07181013,-0.07919693,0.9992222,0.006640434,-0.06544828,1.000094,0.9143426,0.07893173,-0.3971744,0,-0.00656924,0.9835811,0.1803471,0,-0.4048883,0.1622899,-0.8998486,0,0.6441791,-1.418295,-1.562658,1,0.9143425,-0.006569226,-0.4048883,0,0.07893173,0.9835811,0.1622899,0,-0.3971743,0.1803471,-0.8998486,0,-1.097699,1.681061,-0.9151599,1,0.8822228,0.8890776,0.00670708,-0.06725746,0.9977131,-0.0002527004,0.003675553,-0.02530656,0.9555556,31
0,0.07690123,-0.03436905,1.000927,-0.09012833,-0.05981298,0.9988803,-0.006665528,-0.04710378,0.9999031,0.9042569,0.08531949,-0.4183777,0,-0.01002147,0.9838041,0.1789667,0,-0.4268711,0.1576391,-0.8904667,0,0.6163687,-1.416231,-1.574851,1,0.904257,-0.01002148,-0.4268711,0,0.0853195,0.983804,0.1576391,0,-0.4183778,0.1789667,-0.8904667,0,-1.095406,1.681316,-0.9159893,1,0.8776234,0.8672235,-0.006289468,-0.04946627,0.9987559,-0.0002119225,0.003652786,-0.02490523,0.9777778,32
0,0.07436052,-0.02861843,1.000868,-0.09225971,-0.05903746,0.9988636,-0.009000242,-0.04384266,0.9998653,0.8988637,0.08863746,-0.4291707,0,-0.01181138,0.9838756,0.1784638,0,-0.4380691,0.1553455,-0.885417,0,0.6019752,-1.41503,-1.581118,1,0.8988637,-0.01181137,-0.4380691,0,0.08863748,0.9838756,0.1553455,0,-0.4291707,0.1784638,-0.885417,0,-1.094239,1.681496,-0.9164239,1,0.8876146,0.8894458,-0.008599835,-0.04626438,0.9988922,-0.0001779944,0.003619042,-0.02488136,0.9888889,33
0,0.07116801,-0.02951266,1.000948,-0.1047127,-0.0605322,0.9986258,-0.0168364,-0.04503994,0.9997862,0.8865457,0.09433104,-0.4529221,0,-0.01463637,0.9842211,0.1763367,0,-0.4624095,0.1497014,-0.8739376,0,0.5684239,-1.414867,-1.592947,1,0.8865457,-0.01463636,-0.4624095,0,0.09433103,0.984221,0.1497014,0,-0.452922,0.1763367,-0.8739376,0,-1.091949,1.681757,-0.9174843,1,0.919916,0.9426978,-0.01630097,-0.0474303,0.9987415,-0.0001126863,0.003620713,-0.02486465,1.011111,34
0,0.06938514,-0.03349864,1.001102,-0.1111673,-0.06095874,0.9984457,-0.02096725,-0.04724638,0.9997724,0.879566,0.0967214,-0.4658419,0,-0.01566198,0.9844738,0.1748317,0,-0.4755191,0.14648,-0.8674245,0,0.5493523,-1.415809,-1.598585,1,0.879566,-0.01566197,-0.4755192,0,0.0967214,0.9844738,0.14648,0,-0.4658419,0.1748317,-0.8674245,0,-1.09094,1.681914,-0.9180362,1,0.9168996,0.962821,-0.02034318,-0.04960424,0.9985617,-9.142235E-05,0.003657196,-0.02494543,1.022222,35
0,0.06699565,-0.0343738,1.001122,-0.1148417,-0.05799566,0.9982238,-0.02400708,-0.04620168,0.9996717,0.8718737,0.09834538,-0.4797545,0,-0.01636439,0.9849325,0.1721628,0,-0.4894573,0.1422534,-0.8603462,0,0.5280505,-1.418984,-1.602813,1,0.8718737,-0.01636438,-0.4894573,0,0.09834538,0.9849327,0.1422533,0,-0.4797545,0.1721628,-0.8603461,0,-1.089799,1.68219,-0.9186601,1,0.9338394,0.9581676,-0.02331205,-0.0486081,0.9985458,-8.534268E-05,0.003678261,-0.02500096,1.033333,36
0,0.0619289,-0.03468679,1.001264,-0.1172689,-0.05975574,0.9981641,-0.02775794,-0.04724036,0.9997128,0.8551868,0.1006578,-0.5084521,0,-0.01736065,0.9859741,0.1659928,0,-0.5180292,0.1331278,-0.8449395,0,0.482996,-1.427354,-1.609852,1,0.8551868,-0.01736066,-0.5180291,0,0.1006578,0.9859742,0.1331278,0,-0.5084522,0.1659928,-0.8449395,0,-1.08791,1.682943,-0.9200013,1,0.936807,0.962876,-0.02697698,-0.04963385,0.9984031,-6.958097E-05,0.003702324,-0.02501847,1.055556,37
0,0.06204051,-0.03394204,1.001128,-0.1250604,-0.05925506,0.997831,-0.03160992,-0.04661907,0.9994775,0.8460145,0.1015934,-0.5233911,0,-0.01768947,0.9864857,0.1628895,0,-0.5328664,0.1285484,-0.8363783,0,0.4587463,-1.431809,-1.613013,1,0.8460144,-0.01768946,-0.5328664,0,0.1015934,0.9864857,0.1285484,0,-0.5233911,0.1628895,-0.8363785,0,-1.08688,1.683317,-0.9205818,1,0.9474859,0.9808444,-0.03076222,-0.04907748,0.9983212,-4.070997E-05,0.003745743,-0.02503094,1.066667,38
0,0.05402711,-0.02886474,1.001124,-0.1276699,-0.06364415,0.9976878,-0.03692099,-0.0462837,0.9994038,0.8261226,0.1016221,-0.5542513,0,-0.01720335,0.9876936,0.155452,0,-0.5632278,0.1188874,-0.8177043,0,0.405678,-1.443475,-1.617033,1,0.8261226,-0.01720333,-0.5632278,0,0.1016221,0.9876937,0.1188874,0,-0.5542513,0.155452,-0.8177043,0,-1.084694,1.684061,-0.9221548,1,0.9583943,0.9797013,-0.03596679,-0.04876613,0.9981624,-4.800037E-06,0.003769669,-0.02510912,1.088889,39
0,0.05022264,-0.02190348,1.001055,-0.1376022,-0.05849421,0.997511,-0.04379779,-0.04023065,0.9992809,0.8155985,0.1020373,-0.5695503,0,-0.01708299,0.9881454,0.1525675,0,-0.578366,0.1147042,-0.807673,0,0.3786902,-1.447978,-1.619532,1,0.8155984,-0.01708298,-0.5783661,0,0.1020374,0.9881454,0.1147042,0,-0.5695503,0.1525675,-0.8076731,0,-1.083516,1.68437,-0.9229419,1,0.9630197,0.9921686,-0.04268398,-0.04282862,0.9981702,-7.711351E-07,0.003714867,-0.02491747,1.1,40
0,0.04246879,-0.02525349,1.0012,-0.1347708,-0.058389,0.9975015,-0.04625422,-0.04185128,0.9993484,0.803686,0.1019328,-0.586258,0,-0.01654797,0.9886664,0.1492144,0,-0.5948234,0.1102202,-0.7962642,0,0.3482463,-1.45372,-1.621655,1,0.8036861,-0.01654796,-0.5948234,0,0.1019328,0.9886664,0.1102202,0,-0.586258,0.1492144,-0.7962641,0,-1.082407,1.684981,-0.923891,1,0.9608333,0.995249,-0.04508396,-0.04439655,0.9979962,1.357123E-05,0.003711205,-0.02485657,1.111111,41
0,0.04505613,-0.0269312,1.001294,-0.1381999,-0.05753846,0.997288,-0.04668963,-0.0422648,0.9992883,0.7783952,0.09982883,-0.6197864,0,-0.01448116,0.9898679,0.1412508,0,-0.6276076,0.1009737,-0.7719541,0,0.283926,-1.467407,-1.62225,1,0.7783953,-0.01448114,-0.6276075,0,0.09982885,0.9898679,0.1009737,0,-0.6197864,0.1412508,-0.771954,0,-1.079965,1.685795,-0.9259385,1,0.9608333,0.995249,-0.04552959,-0.04481365,0.9979573,3.449246E-05,0.003724495,-0.02485413,1.133333,42
0,0.04196647,-0.02682082,1.001174,-0.1442577,-0.05640494,0.9969933,-0.0512715,-0.04164325,0.9990808,0.7644807,0.09895097,-0.6370071,0,-0.01365731,0.9904135,0.1374578,0,-0.644502,0.09638406,-0.7585033,0,0.2503691,-1.473855,-1.62209,1,0.7644806,-0.01365731,-0.644502,0,0.09895098,0.9904134,0.09638406,0,-0.6370071,0.1374578,-0.7585033,0,-1.078846,1.686114,-0.926941,1,1,1,-0.05000562,-0.04421599,0.9977697,4.562363E-05,0.003732269,-0.02485983,1.144444,43
0,0.1028801,-0.03521761,1.002576,-0.08515668,-0.0709851,0.9983187,0.008731693,-0.05313844,1.000444,0.7351274,0.0979092,-0.6708215,0,-0.0135269,0.9914373,0.1298808,0,-0.677794,0.08640482,-0.7301572,0,0.1847924,-1.486688,-1.619865,1,0.7351273,-0.0135269,-0.677794,0,0.0979092,0.9914374,0.08640482,0,-0.6708215,0.1298808,-0.7301572,0,-1.076926,1.686847,-0.9290477,1,1,1,0.008828816,-0.0554032,0.998425,-0.0003376538,0.003773216,-0.02516925,1.166667,44
0,0.09929132,-0.02949383,1.002883,-0.08061549,-0.06585985,0.9985459,0.009213954,-0.04771509,1.000711,0.7191091,0.09662084,-0.6881472,0,-0.0125336,0.9919286,0.1261764,0,-0.6947842,0.08210967,-0.7145159,0,0.1486763,-1.49338,-1.61812,1,0.7191091,-0.0125336,-0.6947841,0,0.09662084,0.9919286,0.08210965,0,-0.6881471,0.1261764,-0.7145157,0,-1.076127,1.687359,-0.9302532,1,1,1,0.009362174,-0.05016887,0.9986969,-0.0004053963,0.003831619,-0.02541823,1.177778,45
0,0.09767795,-0.03112413,1.002807,-0.08768603,-0.0610957,0.9983855,0.004863828,-0.04614213,1.000593,0.6858329,0.09292842,-0.7218016,0,-0.01004981,0.9929287,0.1182857,0,-0.7276897,0.07387026,-0.6819171,0,0.0754829,-1.507414,-1.611395,1,0.6858329,-0.01004981,-0.7276896,0,0.09292842,0.9929287,0.07387025,0,-0.7218015,0.1182857,-0.6819171,0,-1.074795,1.688118,-0.9325568,1,0.9522562,0.9840345,0.005085863,-0.04861825,0.9988045,-0.0003603203,0.003798065,-0.02537107,1.2,46
0,0.08810037,-0.04167993,1.002524,-0.1010506,-0.06826143,0.9980108,-0.006614327,-0.05499995,1.000264,0.6687212,0.09083127,-0.7379442,0,-0.009284049,0.9934525,0.1138679,0,-0.7434552,0.06929474,-0.665186,0,0.03975421,-1.515291,-1.606047,1,0.6687213,-0.009284042,-0.7434554,0,0.09083127,0.9934525,0.06929474,0,-0.7379442,0.1138678,-0.6651861,0,-1.074122,1.688616,-0.9337629,1,1,1,-0.00613824,-0.05718464,0.9983447,-0.0003097998,0.003734009,-0.02512792,1.211111,47
0,0.08165529,-0.04825624,1.002185,-0.1090782,-0.06987065,0.9976702,-0.01385257,-0.05908712,0.9999245,0.6513895,0.08777346,-0.7536495,0,-0.008383851,0.9940583,0.1085263,0,-0.7586972,0.06437439,-0.6482549,0,0.004084289,-1.524623,-1.598348,1,0.6513894,-0.008383843,-0.7586972,0,0.08777345,0.9940581,0.06437439,0,-0.7536495,0.1085263,-0.6482549,0,-1.073433,1.689061,-0.9348915,1,1,1,-0.01324398,-0.06117749,0.9980391,-0.000250129,0.003745598,-0.0251197,1.222222,48
0,0.07443041,-0.04448361,1.00222,-0.1119932,-0.0766242,0.9977614,-0.01891592,-0.06058889,0.9999872,0.6163279,0.08102258,-0.7833105,0,-0.006534621,0.995185,0.09779647,0,-0.7874625,0.05515606,-0.6138897,0,-0.0660699,-1.543323,-1.580776,1,0.6163279,-0.006534611,-0.7874626,0,0.08102259,0.995185,0.05515606,0,-0.7833104,0.09779647,-0.6138898,0,-1.072474,1.690055,-0.9373262,1,1,1,-0.01822445,-0.06263632,0.99787,-0.0001937104,0.003758225,-0.02513937,1.244444,49
0,0.07055053,-0.04952843,1.002171,-0.1185868,-0.07997116,0.9977378,-0.0241549,-0.06478265,0.9999512,0.5983998,0.07744102,-0.7974464,0,-0.005541291,0.995694,0.09253495,0,-0.8011786,0.05095401,-0.5962521,0,-0.1010571,-1.552431,-1.571061,1,0.5983997,-0.005541288,-0.8011785,0,0.07744101,0.9956939,0.05095401,0,-0.7974463,0.09253494,-0.5962521,0,-1.072142,1.690565,-0.9386108,1,1,1,-0.02336792,-0.06667914,0.9975008,-0.0001429208,0.003734604,-0.02504615,1.255556,50
0,0.06471065,-0.0497185,1.002135,-0.1208701,-0.08402487,0.9977844,-0.02821013,-0.06690812,0.9999568,0.5801809,0.07423235,-0.8110978,0,-0.004751936,0.9961296,0.08776756,0,-0.8144738,0.04706678,-0.5782882,0,-0.1355567,-1.560629,-1.561404,1,0.5801809,-0.004751937,-0.8144737,0,0.07423235,0.9961296,0.04706677,0,-0.8110978,0.08776755,-0.5782881,0,-1.071955,1.690986,-0.9398953,1,1,1,-0.02734974,-0.06876751,0.9972577,-9.461306E-05,0.003784714,-0.02522077,1.266667,51
0,0.05806923,-0.04980983,1.001969,-0.1241442,-0.08118102,0.9977077,-0.03316188,-0.06552797,0.9998354,0.5429345,0.06697619,-0.8371,0,-0.002633709,0.9969454,0.07805719,0,-0.839771,0.04017526,-0.5414524,0,-0.2052871,-1.577204,-1.539357,1,0.5429345,-0.00263371,-0.839771,0,0.06697617,0.9969453,0.04017526,0,-0.8371,0.07805718,-0.5414524,0,-1.071503,1.692004,-0.9425181,1,1,1,-0.03217891,-0.06740202,0.9972068,-8.865446E-05,0.003747047,-0.02508229,1.288889,52
0,0.05794337,-0.04895731,1.002076,-0.1248494,-0.08254133,0.9977949,-0.03357846,-0.06578463,0.9999325,0.5048497,0.05885942,-0.8611982,0,-0.0003528483,0.9976866,0.067981,0,-0.8632073,0.03401632,-0.5037025,0,-0.2745238,-1.593764,-1.51381,1,0.5048496,-0.0003528425,-0.8632071,0,0.05885942,0.9976865,0.03401631,0,-0.8611982,0.067981,-0.5037024,0,-1.07129,1.69289,-0.945267,1,1,1,-0.03259963,-0.06766324,0.9971755,-6.477349E-05,0.003775993,-0.02520397,1.311111,53
0,0.05569434,-0.04767695,1.002109,-0.1249492,-0.08521055,0.9978899,-0.03474882,-0.0664826,0.9999968,0.4855283,0.05450541,-0.8725203,0,0.0006774794,0.9980307,0.06272291,0,-0.8742208,0.03104487,-0.4845352,0,-0.3084339,-1.602276,-1.499753,1,0.4855282,0.0006774871,-0.8742207,0,0.05450541,0.9980308,0.03104486,0,-0.8725201,0.06272291,-0.4845351,0,-1.071478,1.693399,-0.9465799,1,1,1,-0.03374495,-0.06832774,0.9970921,-5.371869E-05,0.003769432,-0.02517411,1.322222,54
0,0.05547369,-0.04335294,1.002106,-0.1235541,-0.08208242,0.9979361,-0.03415847,-0.06275707,1.000018,0.4661152,0.04974085,-0.8833247,0,0.001956785,0.9983579,0.05725105,0,-0.8847219,0.02841406,-0.4652525,0,-0.3424358,-1.610934,-1.48464,1,0.4661152,0.001956788,-0.8847219,0,0.04974085,0.9983579,0.02841406,0,-0.8833247,0.05725104,-0.4652524,0,-1.071676,1.693956,-0.9479197,1,1,1,-0.03320656,-0.06469724,0.9973523,-2.780929E-05,0.003740212,-0.02508757,1.333333,55
0,0.05820578,-0.04216957,1.002134,-0.1263314,-0.08207373,0.9979675,-0.03418666,-0.06216229,1.000048,0.4276799,0.03975723,-0.9030555,0,0.004383478,0.9989293,0.04605407,0,-0.9039197,0.02365493,-0.4270477,0,-0.4082026,-1.628022,-1.452212,1,0.4276798,0.004383482,-0.9039195,0,0.03975723,0.9989293,0.02365492,0,-0.9030555,0.04605407,-0.4270477,0,-1.072123,1.694949,-0.9506353,1,1,1,-0.03325256,-0.06410855,0.9973887,-1.074187E-05,0.003726731,-0.02503771,1.355556,56
0,0.05990705,-0.04483433,1.002114,-0.1350046,-0.08256931,0.9977685,-0.03768888,-0.06374183,0.9999379,0.408421,0.0347473,-0.9121321,0,0.005289108,0.9991683,0.04043119,0,-0.9127784,0.02133732,-0.4078976,0,-0.4399549,-1.636486,-1.435031,1,0.408421,0.005289114,-0.9127783,0,0.0347473,0.9991682,0.02133731,0,-0.9121321,0.04043118,-0.4078975,0,-1.072387,1.695472,-0.9520085,1,1,1,-0.0366662,-0.06564431,0.9971692,-2.663583E-07,0.003733078,-0.02503752,1.366667,57
0,0.06082842,-0.04540786,1.002197,-0.1375691,-0.08212395,0.997843,-0.03851426,-0.06380501,1.000017,0.3699701,0.02439066,-0.9287235,0,0.006560386,0.9995618,0.02886447,0,-0.9290205,0.01677178,-0.369648,0,-0.501017,-1.653586,-1.398537,1,0.3699701,0.006560385,-0.9290205,0,0.02439066,0.9995618,0.01677177,0,-0.9287235,0.02886448,-0.3696479,0,-1.073161,1.696516,-0.9546877,1,1,1,-0.0374788,-0.06569675,0.9971355,1.434237E-05,0.003731903,-0.0250538,1.388889,58
0,0.05996162,-0.04620365,1.002082,-0.1390715,-0.08317157,0.9977546,-0.03969878,-0.06472669,0.9999151,0.3506873,0.01909692,-0.9362979,0,0.006969338,0.9997112,0.02300066,0,-0.9364667,0.01459142,-0.350453,0,-0.5306702,-1.662089,-1.379242,1,0.3506873,0.006969339,-0.9364666,0,0.01909693,0.9997112,0.01459142,0,-0.9362978,0.02300066,-0.3504529,0,-1.073541,1.697031,-0.956062,1,1,1,-0.03864281,-0.06659518,0.9970315,2.696179E-05,0.003734543,-0.02505786,1.4,59
0,0.05803004,-0.04569995,1.002003,-0.1375287,-0.08332051,0.9979033,-0.03988203,-0.06454807,0.9999504,0.3319756,0.01399634,-0.9431842,0,0.007252748,0.9998225,0.0173896,0,-0.9432601,0.0126136,-0.3318151,0,-0.5588292,-1.670099,-1.360154,1,0.3319755,0.007252748,-0.9432601,0,0.01399634,0.9998224,0.0126136,0,-0.9431841,0.0173896,-0.3318151,0,-1.073983,1.697508,-0.9573749,1,1,1,-0.03881945,-0.06643773,0.9970351,2.778694E-05,0.003755951,-0.02509438,1.411111,60
0,0.09571785,-0.033479,1.005935,-0.09119418,-0.06498157,0.9983369,0.002032101,-0.04928848,1.002126,0.2951554,0.003657497,-0.9554423,0,0.007441645,0.9999536,0.006126763,0,-0.9554204,0.008918409,-0.2951145,0,-0.612422,-1.68584,-1.32075,1,0.2951553,0.007441644,-0.9554201,0,0.003657497,0.9999536,0.008918408,0,-0.9554422,0.006126763,-0.2951144,0,-1.074974,1.698412,-0.9598575,1,1,1,0.002229651,-0.05163592,0.9986635,-0.0002614977,0.003828728,-0.02518179,1.433333,61
0,0.07794692,-0.03720309,1.00226,-0.09925875,-0.07037844,0.9987292,-0.01075456,-0.05381921,1.000493,0.2771417,-0.00214217,-0.9608268,0,0.007703317,0.9999703,-7.488532E-06,0,-0.9607983,0.007399477,-0.27715,0,-0.6384454,-1.694042,-1.299676,1,0.2771417,0.007703317,-0.9607981,0,-0.002142169,0.9999704,0.007399477,0,-0.9608266,-7.489453E-06,-0.27715,0,-1.075452,1.6989,-0.961087,1,1,1,-0.01025408,-0.0560908,0.998373,-0.0002215346,0.003796723,-0.02502663,1.444445,62
0,0.06818333,-0.03446458,1.002075,-0.1022683,-0.072496,0.9989064,-0.01712582,-0.05350954,1.000489,0.2439102,-0.01583545,-0.9696686,0,0.008621719,0.9998626,-0.01415984,0,-0.9697596,0.004906477,-0.2440132,0,-0.6861212,-1.71209,-1.25515,1,0.2439101,0.008621715,-0.9697594,0,-0.01583545,0.9998626,0.004906479,0,-0.9696684,-0.01415984,-0.2440131,0,-1.076839,1.699998,-0.9632453,1,0.9518835,0.9765549,-0.01647459,-0.05577261,0.9983076,-0.0002025599,0.003782204,-0.02501263,1.466667,63
0,0.06753014,-0.03695385,1.001978,-0.1042257,-0.07259763,0.9989372,-0.01842867,-0.05480213,1.000456,0.2280896,-0.02260252,-0.9733778,0,0.008694805,0.9997379,-0.02117719,0,-0.9736013,0.003633031,-0.2282264,0,-0.7078484,-1.721056,-1.232966,1,0.2280896,0.008694802,-0.9736013,0,-0.02260252,0.9997379,0.003633033,0,-0.9733777,-0.02117719,-0.2282263,0,-1.077589,1.700649,-0.9643048,1,0.9542571,0.9934739,-0.01778093,-0.05703901,0.9982135,-0.000162377,0.003793709,-0.02500401,1.477778,64
0,0.07194564,-0.04145345,1.00189,-0.1088349,-0.07212843,0.9989886,-0.01852803,-0.05681252,1.000438,0.1988592,-0.03635986,-0.9793534,0,0.008066396,0.9993384,-0.03546394,0,-0.979995,0.0008475166,-0.199021,0,-0.7460488,-1.739113,-1.188823,1,0.1988592,0.008066392,-0.9799947,0,-0.03635987,0.9993384,0.0008475198,0,-0.9793533,-0.03546394,-0.1990209,0,-1.079153,1.70182,-0.9662505,1,1,1,-0.01790739,-0.05897334,0.9980989,-0.0001325756,0.003768379,-0.02486682,1.5,65
0,0.07080731,-0.03898855,1.001767,-0.1143347,-0.07176922,0.9990072,-0.021846,-0.0554007,1.000386,0.1853845,-0.04278779,-0.9817341,0,0.007474979,0.9990841,-0.04213244,0,-0.9826377,-0.0004722606,-0.1855345,0,-0.7629092,-1.747446,-1.167932,1,0.1853844,0.007474976,-0.9826376,0,-0.04278779,0.9990841,-0.0004722582,0,-0.981734,-0.04213244,-0.1855345,0,-1.079936,1.702341,-0.9671801,1,1,1,-0.02115404,-0.05759601,0.9981158,-0.0001176912,0.003758827,-0.02482954,1.511111,66
0,0.07102699,-0.03661956,1.001961,-0.113694,-0.07349712,0.9993154,-0.02141216,-0.05508189,1.000637,0.1724783,-0.04871386,-0.983808,0,0.0070919,0.9988119,-0.04821345,0,-0.9849879,-0.001338705,-0.1726188,0,-0.7791227,-1.754773,-1.14846,1,0.1724782,0.007091897,-0.9849877,0,-0.04871386,0.9988118,-0.001338704,0,-0.983808,-0.04821344,-0.1726188,0,-1.080964,1.702843,-0.968021,1,1,1,-0.02073776,-0.05726536,0.9981436,-0.0001069177,0.003750633,-0.02482498,1.522222,67
0,0.07184158,-0.03607042,1.001725,-0.1135668,-0.07325707,0.9994311,-0.02093111,-0.0546844,1.000577,0.1487028,-0.059375,-0.9870979,0,0.006189013,0.9982321,-0.05911238,0,-0.9888626,-0.002681019,-0.1488074,0,-0.8083147,-1.767492,-1.112535,1,0.1487028,0.006189012,-0.9888626,0,-0.059375,0.9982322,-0.002681016,0,-0.9870978,-0.05911238,-0.1488074,0,-1.082927,1.703606,-0.9696043,1,1,1,-0.02027934,-0.05687689,0.9981752,-9.880774E-05,0.003743607,-0.02482483,1.544444,68
0,0.07723051,-0.02658851,1.001876,-0.1137585,-0.07356236,0.9995965,-0.0183353,-0.05010165,1.000736,0.1380743,-0.06428014,-0.9883338,0,0.005990213,0.9979276,-0.06406726,0,-0.9904038,-0.002925718,-0.1381732,0,-0.8215882,-1.77305,-1.096221,1,0.1380743,0.005990207,-0.9904037,0,-0.06428014,0.9979275,-0.002925715,0,-0.9883337,-0.06406725,-0.1381732,0,-1.083964,1.704065,-0.9703597,1,1,1,-0.01778156,-0.05233706,0.9984711,-7.662922E-05,0.003640465,-0.02453846,1.555556,69
0,0.07871923,-0.03320629,1.001747,-0.1138695,-0.07355052,0.9995754,-0.01764382,-0.05339989,1.00066,0.1278832,-0.06903419,-0.9893838,0,0.00572421,0.9976093,-0.06886825,0,-0.9917728,-0.003143657,-0.1279727,0,-0.8340902,-1.778328,-1.080302,1,0.1278832,0.005724206,-0.9917727,0,-0.0690342,0.9976094,-0.003143651,0,-0.9893837,-0.06886824,-0.1279726,0,-1.084933,1.704452,-0.9710675,1,1,1,-0.0171091,-0.05553719,0.99831,-7.386692E-05,0.003632897,-0.02453846,1.566667,70
0,0.07882969,-0.03568974,1.003415,-0.1138211,-0.07447714,0.9994984,-0.01761976,-0.05512041,1.001454,0.1094452,-0.0781005,-0.9909198,0,0.005794477,0.9969416,-0.07793513,0,-0.9939759,-0.002787765,-0.1095631,0,-0.8574091,-1.78759,-1.050673,1,0.1094452,0.005794479,-0.9939761,0,-0.07810051,0.9969417,-0.002787766,0,-0.9909198,-0.07793514,-0.1095631,0,-1.086905,1.705207,-0.9723425,1,1,1,-0.01706996,-0.05716323,0.9982189,-7.493608E-05,0.003632736,-0.0245334,1.588889,71
0,0.078184,-0.03558252,1.00147,-0.1138494,-0.07667372,0.9998546,-0.01788354,-0.05614424,1.000662,0.09398979,-0.08635341,-0.9918211,0,0.005743355,0.9962617,-0.08619577,0,-0.9955566,-0.002405141,-0.09413433,0,-0.8766223,-1.795855,-1.024515,1,0.09398973,0.005743352,-0.9955565,0,-0.08635342,0.9962617,-0.002405142,0,-0.9918211,-0.08619577,-0.09413438,0,-1.08882,1.705868,-0.9734885,1,1,1,-0.01733626,-0.05820014,0.9981545,-7.757545E-05,0.003632736,-0.02454271,1.611111,72
0,0.07818717,-0.03564831,1.001524,-0.1146174,-0.0762393,1.000098,-0.01826028,-0.05595792,1.00081,0.08750701,-0.09078509,-0.9920185,0,0.005934451,0.9958684,-0.09061393,0,-0.9961462,-0.002042267,-0.08768421,0,-0.8850031,-1.799993,-1.012054,1,0.087507,0.005934451,-0.9961462,0,-0.09078508,0.9958683,-0.002042269,0,-0.9920185,-0.09061393,-0.08768422,0,-1.089945,1.706102,-0.9740097,1,0.9843206,0.9958531,-0.01769724,-0.05800974,0.9981592,-8.080341E-05,0.003632736,-0.02455012,1.622222,73
0,0.07818323,-0.03564461,1.001431,-0.1151569,-0.07467626,1.000087,-0.01852968,-0.05517314,1.000759,0.08138579,-0.09487543,-0.9921568,0,0.005805124,0.9954873,-0.09471772,0,-0.9966658,-0.001949087,-0.08156925,0,-0.8923516,-1.804224,-1.000313,1,0.08138577,0.005805118,-0.9966658,0,-0.09487543,0.9954872,-0.001949084,0,-0.9921567,-0.09471771,-0.08156928,0,-1.091019,1.706515,-0.9744877,1,1,1,-0.01795669,-0.05725078,0.9981983,-8.50372E-05,0.00363353,-0.02457145,1.633333,74
0,0.07884825,-0.03518274,1.001211,-0.1119432,-0.07538395,1.000281,-0.01657655,-0.05529252,1.000746,0.07235783,-0.1026971,-0.9920775,0,0.005620766,0.994711,-0.1025598,0,-0.997363,-0.001844775,-0.07255238,0,-0.9032785,-1.812049,-0.9800436,1,0.07235784,0.005620762,-0.9973628,0,-0.1026972,0.994711,-0.001844771,0,-0.9920774,-0.1025598,-0.07255235,0,-1.093012,1.707029,-0.9753437,1,1,1,-0.01604483,-0.05737732,0.9982237,-9.54587E-05,0.00364476,-0.02461395,1.655556,75
0,0.07497204,-0.03692556,1.001189,-0.1072212,-0.07794411,1.000281,-0.016151,-0.05744385,1.000735,0.06822139,-0.106476,-0.9919721,0,0.00552123,0.9943137,-0.1063476,0,-0.997655,-0.001778275,-0.06842136,0,-0.9082416,-1.815807,-0.9704342,1,0.0682214,0.005521229,-0.9976548,0,-0.1064759,0.9943136,-0.001778272,0,-0.9919721,-0.1063476,-0.06842133,0,-1.094022,1.707292,-0.9757389,1,1,1,-0.01559302,-0.05951572,0.9981056,-0.00012899,0.003709274,-0.024831,1.666667,76
0,0.0761518,-0.03403418,1.001089,-0.1049933,-0.07629462,1.000418,-0.01443999,-0.0551713,1.000754,0.06249768,-0.1138884,-0.9915259,0,0.005500916,0.9934922,-0.1137675,0,-0.99803,-0.00165591,-0.06271744,0,-0.9154112,-1.823213,-0.9538116,1,0.06249766,0.005500907,-0.9980299,0,-0.1138883,0.9934921,-0.001655901,0,-0.9915257,-0.1137675,-0.06271742,0,-1.09616,1.707871,-0.9764475,1,1,1,-0.01391913,-0.05731959,0.9982588,-0.0001395643,0.003718674,-0.02486185,1.688889,77
0,0.07911594,-0.03748597,1.001099,-0.0999532,-0.07472111,1.000633,-0.01043177,-0.05610784,1.000866,0.06066996,-0.1176939,-0.991195,0,0.005607933,0.9930487,-0.1175708,0,-0.9981422,-0.001574475,-0.06090826,0,-0.9179995,-1.826964,-0.9462748,1,0.06066996,0.00560792,-0.998142,0,-0.1176939,0.9930487,-0.00157446,0,-0.9911948,-0.1175708,-0.06090822,0,-1.09727,1.708158,-0.9768063,1,1,1,-0.01001142,-0.05825768,0.9982514,-0.0001441501,0.003756127,-0.02491507,1.7,78
0,0.08024284,-0.03737607,1.001014,-0.1014144,-0.07491979,1.000576,-0.01059854,-0.05615199,1.000795,0.05893648,-0.1211908,-0.990878,0,0.005935445,0.9926285,-0.1210518,0,-0.9982441,-0.001253061,-0.05922139,0,-0.9208761,-1.830146,-0.9393328,1,0.05893651,0.005935453,-0.998244,0,-0.1211907,0.9926284,-0.001253065,0,-0.990878,-0.1210518,-0.05922134,0,-1.098288,1.708413,-0.977181,1,1,1,-0.0101686,-0.05831612,0.9982464,-0.0001500789,0.003768387,-0.02491567,1.711111,79
0,0.08073735,-0.03749333,1.000886,-0.1051204,-0.07426291,1.000589,-0.01220043,-0.05588083,1.000738,0.05804068,-0.124729,-0.9904919,0,0.005886838,0.9921899,-0.1245979,0,-0.998297,-0.001400895,-0.05832165,0,-0.9221198,-1.83386,-0.9329105,1,0.05804069,0.005886826,-0.9982968,0,-0.124729,0.9921898,-0.001400881,0,-0.9904917,-0.1245979,-0.05832162,0,-1.099255,1.708727,-0.9775271,1,0.9820742,0.993081,-0.01167512,-0.05803066,0.9982466,-0.0002066046,0.003734306,-0.02476786,1.722222,80
0,0.07973258,-0.03546868,1.001812,-0.1018427,-0.07210561,1.00146,-0.01106517,-0.05379027,1.001636,0.05734456,-0.1309299,-0.9897319,0,0.00603275,0.9913905,-0.1307997,0,-0.9983363,-0.001529865,-0.05764067,0,-0.9237713,-1.840197,-0.9227665,1,0.0573445,0.006032728,-0.9983361,0,-0.1309298,0.9913905,-0.001529847,0,-0.9897317,-0.1307997,-0.0576407,0,-1.101255,1.709229,-0.9782383,1,1,1,-0.01054857,-0.05595751,0.9983774,-0.0002204664,0.003739029,-0.02478645,1.744444,81
0,0.07990488,-0.03421176,1.000849,-0.1040343,-0.07272627,1.00091,-0.01206283,-0.05346854,1.00088,0.05898607,-0.136644,-0.9888626,0,0.005589314,0.990617,-0.1365531,0,-0.9982433,-0.002527669,-0.05919635,0,-0.921706,-1.846862,-0.9154077,1,0.05898607,0.00558931,-0.9982431,0,-0.136644,0.990617,-0.002527665,0,-0.9888625,-0.1365531,-0.05919634,0,-1.103207,1.709683,-0.9789436,1,1,1,-0.01152094,-0.05568261,0.9983821,-0.0002270509,0.003736214,-0.02479019,1.766667,82
0,0.08068518,-0.033851,1.000745,-0.10266,-0.07775726,1.000784,-0.01098631,-0.05580371,1.000765,0.06010419,-0.1401433,-0.9883054,0,0.005259097,0.990126,-0.1400816,0,-0.9981783,-0.003221907,-0.06024772,0,-0.9201186,-1.850919,-0.9107335,1,0.06010415,0.005259084,-0.9981782,0,-0.1401432,0.990126,-0.003221899,0,-0.9883052,-0.1400816,-0.06024775,0,-1.104173,1.709905,-0.9792755,1,0.9578402,0.9889517,-0.01046626,-0.05795436,0.9982644,-0.0002339557,0.003734627,-0.02478709,1.777778,83
0,0.08248859,-0.03289017,1.00072,-0.09900038,-0.0799242,1.000832,-0.008252621,-0.05640575,1.000776,0.06350464,-0.1474237,-0.9870328,0,0.004700035,0.9890621,-0.1474245,0,-0.9979706,-0.004723065,-0.06350291,0,-0.9158665,-1.859473,-0.9019467,1,0.0635046,0.004700014,-0.9979704,0,-0.1474237,0.9890622,-0.004723048,0,-0.9870325,-0.1474244,-0.06350292,0,-1.106219,1.71047,-0.9800663,1,0.9684432,0.9980825,-0.007801663,-0.0585352,0.9982549,-0.0002377778,0.003729797,-0.02477704,1.8,84
0,0.08250079,-0.03372036,1.000683,-0.09636739,-0.07934832,1.00093,-0.006926455,-0.05653172,1.000807,0.06596076,-0.1514475,-0.9862621,0,0.004635043,0.9884505,-0.1514736,0,-0.9978115,-0.005419962,-0.06590092,0,-0.9131519,-1.864048,-0.8975274,1,0.06596076,0.004635024,-0.9978114,0,-0.1514475,0.9884505,-0.005419943,0,-0.986262,-0.1514735,-0.06590091,0,-1.10727,1.7108,-0.9804043,1,1,1,-0.006509058,-0.05865695,0.998257,-0.0002393257,0.003730454,-0.02476797,1.811111,85
