flag,xl,yl,zl,xr,yr,zr,xc,yc,zc,mat_00,mat_10,mat_20,mat_30,mat_01,mat_11,mat_21,mat_31,mat_02,mat_12,mat_22,mat_32,mat_03,mat_13,mat_23,mat_33,ctw_00,ctw_10,ctw_20,ctw_30,ctw_01,ctw_11,ctw_21,ctw_31,ctw_02,ctw_12,ctw_22,ctw_32,ctw_03,ctw_13,ctw_23,ctw_33,opennessl,opennessr,ray_x,ray_y,ray_z,eye_x,eye_y,eye_z,time,frame
0,-8.940697E-08,2.840534E-07,1,-8.940697E-08,2.840534E-07,1,-8.940697E-08,2.840534E-07,1,-0.1334469,-0.066279,-0.9888372,0,0.05397668,0.9957942,-0.07402964,0,-0.989585,0.06325318,0.1293081,0,-1.137526,-1.603292,-0.5174094,1,-0.1334469,0.05397668,-0.9895849,0,-0.06627899,0.9957942,0.06325316,0,-0.9888371,-0.07402965,0.1293081,0,-0.7696975,1.619645,-0.9573603,1,0,0,0,0,1,0,0,0,0,1
0,-8.940697E-08,2.840534E-07,1,-8.940697E-08,2.840534E-07,1,-8.940697E-08,2.840534E-07,1,-0.1334469,-0.066279,-0.9888372,0,0.05397668,0.9957942,-0.07402964,0,-0.989585,0.06325318,0.1293081,0,-1.137526,-1.603292,-0.5174094,1,-0.1334469,0.05397668,-0.9895849,0,-0.06627899,0.9957942,0.06325316,0,-0.9888371,-0.07402965,0.1293081,0,-0.7696975,1.619645,-0.9573603,1,0.1966369,0.08585351,0,0,1,0,0,0,0.01111111,2
0,-0.04647342,-0.0109226,0.9999866,-0.03443023,-0.04403179,0.9999853,-0.04045158,-0.02747702,0.999986,-0.1330931,-0.0661631,-0.9888928,0,0.05415779,0.995793,-0.07391376,0,-0.9896228,0.06339364,0.12895,0,-1.13739,-1.60304,-0.5179508,1,-0.1330931,0.05415778,-0.9896227,0,-0.06616308,0.995793,0.06339364,0,-0.9888926,-0.07391376,0.1289499,0,-0.7696385,1.619611,-0.9571742,1,0.3736876,0.4001343,-0.03901072,-0.02317235,0.99897,-0.000340431,-0.003651398,-0.02716712,0.02222222,3
0,-0.04792148,-0.009448917,1.022877,-0.0344371,-0.04517249,1.020759,-0.04114081,-0.02732672,1.021811,0.05800718,-0.05630998,-0.9967269,0,0.04134324,0.997687,-0.05395814,0,-0.9974598,0.03807795,-0.06020105,0,-0.9687107,-1.622349,-0.7308093,1,0.05800718,0.04134324,-0.9974597,0,-0.05630998,0.9976869,0.03807796,0,-0.9967268,-0.05395814,-0.06020104,0,-0.7635795,1.619213,-0.9484697,1,0.3646055,0.4126621,-0.03885789,-0.022553,0.9989902,-0.0003378671,-0.003644821,-0.0271826,0.3555556,4
0,-0.04439133,-0.009783767,0.998615,-0.03362086,-0.04401565,0.998946,-0.03901208,-0.02689723,0.9987805,0.0353328,-0.05429115,-0.9978999,0,0.05240437,0.9972502,-0.05240032,0,-0.9980007,0.05044285,-0.03808069,0,-1.005093,-1.607828,-0.7125513,1,0.03533276,0.05240436,-0.9980007,0,-0.05429114,0.9972501,0.05044286,0,-0.9978998,-0.05240032,-0.03808073,0,-0.7628329,1.61874,-0.9491144,1,0.3918647,0.4151932,-0.03766475,-0.02265268,0.9990336,-0.0003308253,-0.003633507,-0.02721162,0.3888889,5
0,-0.04369379,-0.009098541,1.000136,-0.03228047,-0.04347802,1.000149,-0.0379874,-0.02628833,1.000143,0.0351088,-0.05399388,-0.9979239,0,0.05247041,0.9972618,-0.05211205,0,-0.9980052,0.05053188,-0.03784573,0,-1.005427,-1.607361,-0.7129561,1,0.03510877,0.0524704,-0.998005,0,-0.05399387,0.9972619,0.05053188,0,-0.9979239,-0.05211205,-0.03784575,0,-0.7629642,1.618562,-0.9491808,1,0.3959152,0.4254165,-0.03662558,-0.02204276,0.9990859,-0.0003239447,-0.003620743,-0.02725204,0.4,6
0,-0.0430492,-0.007781595,0.9999789,-0.03123859,-0.04609089,0.9999769,-0.03714381,-0.02693636,0.9999779,0.03536409,-0.05395973,-0.9979167,0,0.05214791,0.9972806,-0.05207732,0,-0.998013,0.0501976,-0.03808182,0,-1.004801,-1.607716,-0.7131994,1,0.0353641,0.0521479,-0.9980129,0,-0.05395972,0.9972805,0.05019759,0,-0.9979166,-0.05207732,-0.0380818,0,-0.7629315,1.618601,-0.9492612,1,0.3906213,0.4228317,-0.03581454,-0.02270708,0.9991004,-0.000318558,-0.003588791,-0.02731213,0.4111111,7
0,-0.0297846,0.003209944,0.9998622,-0.02412681,-0.04090266,0.999849,-0.02695551,-0.01884649,0.9998556,0.0354569,-0.05408196,-0.9979067,0,0.05180654,0.9972916,-0.05220786,0,-0.9980275,0.04984697,-0.03816265,0,-1.004216,-1.608125,-0.7128755,1,0.03545688,0.05180654,-0.9980275,0,-0.05408195,0.9972915,0.04984697,0,-0.9979068,-0.05220786,-0.03816266,0,-0.7627474,1.618576,-0.9492803,1,0.3747274,0.4251639,-0.02568823,-0.01476708,0.9995609,-0.00056131,-0.003673706,-0.02717069,0.4333333,8
0,0.07782736,-0.009220328,1.000002,0.1020579,-0.07552974,1.000017,0.0899423,-0.04237466,1.00001,0.03571063,-0.05376269,-0.997915,0,0.05184097,0.9973071,-0.0518748,0,-0.9980167,0.0498804,-0.0384016,0,-1.004033,-1.60797,-0.713667,1,0.03571066,0.05184097,-0.9980167,0,-0.05376269,0.9973071,0.0498804,0,-0.997915,-0.0518748,-0.03840158,0,-0.7627731,1.618668,-0.9492414,1,0.3837904,0.4109224,0.08822931,-0.03737746,0.9953986,-0.001113183,-0.003800018,-0.02727532,0.4444444,9
0,0.1200656,-0.019335,1.000271,0.08821119,-0.08657703,1.000281,0.1041382,-0.05295607,1.000276,0.03603709,-0.05367394,-0.9979081,0,0.05201529,0.9973038,-0.05176303,0,-0.9979959,0.05004108,-0.03873181,0,-1.004112,-1.607674,-0.7145142,1,0.03603711,0.05201529,-0.9979959,0,-0.05367394,0.9973039,0.05004109,0,-0.997908,-0.05176303,-0.03873179,0,-0.7631243,1.618583,-0.9493239,1,0.4355561,0.4831586,0.1020104,-0.04751777,0.9936478,-0.001339592,-0.003823029,-0.02714694,0.4666667,10
0,0.1198061,-0.03132786,1.000087,0.08877835,-0.08800763,0.9998893,0.1042938,-0.05967015,0.9999881,0.03386253,-0.05592965,-0.9978604,0,0.05131279,0.9972134,-0.05415208,0,-0.9981084,0.04936927,-0.03663808,0,-1.005582,-1.609933,-0.7085099,1,0.03386253,0.05131278,-0.9981083,0,-0.05592965,0.9972135,0.04936927,0,-0.9978603,-0.05415208,-0.03663807,0,-0.7629853,1.618679,-0.9501566,1,0.4045032,0.4997427,0.1021259,-0.05407968,0.9933004,-0.00131939,-0.003743904,-0.02723151,0.6111111,11
0,0.1260694,-0.03716961,1.00021,0.0891442,-0.08536001,1.000181,0.107607,-0.06126524,1.000196,0.03310651,-0.05597679,-0.9978831,0,0.05146231,0.9972014,-0.0542312,0,-0.9981261,0.04955795,-0.03589451,0,-1.006525,-1.609735,-0.7078099,1,0.03310646,0.0514623,-0.998126,0,-0.05597677,0.9972013,0.04955795,0,-0.9978829,-0.05423119,-0.03589454,0,-0.7630967,1.618642,-0.9502698,1,0.4047203,0.491123,0.1052582,-0.05561467,0.9928885,-0.001316475,-0.00371418,-0.02726714,0.6333333,12
0,0.08844373,-0.04266071,1.000068,0.06227583,-0.08942977,1.000054,0.07535996,-0.06604531,1.000061,0.03139782,-0.05564543,-0.9979568,0,0.05189815,0.997193,-0.05397001,0,-0.9981588,0.05009757,-0.03419757,0,-1.008899,-1.608869,-0.7065666,1,0.03139781,0.05189815,-0.9981586,0,-0.05564542,0.997193,0.05009757,0,-0.9979568,-0.05397001,-0.03419758,0,-0.7629719,1.618579,-0.9506041,1,0.3937804,0.4874253,0.07391707,-0.06054068,0.995425,-0.0009608837,-0.003536133,-0.02773544,0.6555555,13
0,-0.01360133,-0.0590033,0.9998767,-0.0441167,-0.1126956,0.9998468,-0.0288588,-0.08584984,0.9998618,0.02947682,-0.05519428,-0.9980404,0,0.05043102,0.9972848,-0.05366303,0,-0.9982924,0.04875038,-0.03218031,0,-1.008509,-1.609871,-0.7050997,1,0.02947684,0.05043102,-0.9982925,0,-0.05519428,0.9972848,0.04875038,0,-0.9980404,-0.05366303,-0.03218029,0,-0.762846,1.618523,-0.9509954,1,0.3093594,0.4486949,-0.02751313,-0.07974623,0.9964354,-0.0004899288,-0.003623726,-0.0275623,0.6777778,14
0,-0.009329308,-0.05001967,1.000019,-0.03397762,-0.1130249,1.000011,-0.02165341,-0.08152229,1.000015,0.02759355,-0.05460949,-0.9981264,0,0.04884104,0.9973878,-0.05321885,0,-0.9984253,0.04728103,-0.03018868,0,-1.007788,-1.610902,-0.7038223,1,0.02759358,0.04884104,-0.9984254,0,-0.0546095,0.9973878,0.04728103,0,-0.9981264,-0.05321885,-0.03018866,0,-0.7626657,1.618459,-0.9512835,1,0.3131675,0.4467654,-0.0205305,-0.07556133,0.9969298,-0.0004935907,-0.003643982,-0.02748422,0.7,15
0,-0.007228982,-0.05081258,1.00003,-0.03292342,-0.1129914,1.000031,-0.02007617,-0.08190186,1.000031,0.02669454,-0.05420188,-0.9981732,0,0.04837098,0.9974293,-0.05286789,0,-0.9984728,0.04687132,-0.0292477,0,-1.007847,-1.610975,-0.7035471,1,0.02669452,0.04837097,-0.9984725,0,-0.05420187,0.9974294,0.04687133,0,-0.9981729,-0.05286789,-0.0292477,0,-0.7626755,1.618389,-0.9513764,1,0.3373035,0.4464475,-0.01900336,-0.07592697,0.9969323,-0.0004909905,-0.003650246,-0.02743027,0.7111111,16
0,-0.006213831,-0.05165185,1.000044,-0.03136127,-0.1107672,1.000013,-0.01878741,-0.08120969,1.000028,0.02457482,-0.05409357,-0.9982334,0,0.04848164,0.9974245,-0.0528562,0,-0.9985217,0.04709706,-0.02713406,0,-1.009829,-1.610681,-0.7017376,1,0.02457481,0.04848165,-0.9985217,0,-0.05409357,0.9974246,0.04709706,0,-0.9982334,-0.0528562,-0.02713407,0,-0.7628091,1.6184,-0.9515184,1,0.3374159,0.4556054,-0.01775974,-0.07526232,0.9970056,-0.0004854966,-0.003649857,-0.02741451,0.7333333,17
0,-0.00540374,-0.05249708,1.000035,-0.03194196,-0.1070648,1.000001,-0.01867263,-0.07978131,1.000018,0.02358902,-0.05423445,-0.9982497,0,0.0486925,0.9974046,-0.05303791,0,-0.9985353,0.04735615,-0.02616864,0,-1.011013,-1.610521,-0.7005835,1,0.02358905,0.0486925,-0.9985352,0,-0.05423444,0.9974047,0.04735615,0,-0.9982495,-0.05303792,-0.0261686,0,-0.762854,1.618413,-0.9515972,1,0.3442399,0.4487341,-0.01765564,-0.07389022,0.99711,-0.000480447,-0.003646187,-0.02739138,0.7444445,18
0,-0.005014179,-0.05368032,1.00023,-0.03288548,-0.101981,1.000199,-0.01894947,-0.07783115,1.000215,0.0218721,-0.05465798,-0.9982656,0,0.04905082,0.9973606,-0.05353372,0,-0.9985568,0.04779485,-0.02449542,0,-1.01304,-1.610347,-0.6984996,1,0.02187213,0.04905082,-0.9985568,0,-0.05465798,0.9973606,0.04779485,0,-0.9982656,-0.05353372,-0.02449539,0,-0.763149,1.618393,-0.9517216,1,0.3340376,0.457653,-0.01792683,-0.07199585,0.9972439,-0.0004767608,-0.003643234,-0.02738886,0.7666667,19
0,-0.004747937,-0.05123265,1.000082,-0.03367107,-0.09803901,1.000046,-0.0192092,-0.07463626,1.000064,0.02090353,-0.05483572,-0.9982767,0,0.0491434,0.9973441,-0.05375545,0,-0.9985731,0.04793502,-0.02354282,0,-1.01398,-1.610348,-0.6973377,1,0.02090352,0.04914338,-0.9985728,0,-0.05483571,0.9973441,0.04793502,0,-0.9982764,-0.05375545,-0.02354282,0,-0.7632446,1.618415,-0.9517578,1,0.3455243,0.4617631,-0.01818883,-0.06892282,0.9974561,-0.0004730066,-0.003639717,-0.02740626,0.7777778,20
0,-0.003968198,-0.04979917,1.000072,-0.03222334,-0.09333141,1.000033,-0.01809552,-0.07156555,1.000053,0.02025348,-0.05529827,-0.9982646,0,0.04905718,0.9973215,-0.05425072,0,-0.9985907,0.04787327,-0.02291203,0,-1.014447,-1.610772,-0.6960237,1,0.02025349,0.04905717,-0.9985905,0,-0.05529825,0.9973215,0.04787327,0,-0.9982643,-0.05425072,-0.022912,0,-0.7633424,1.618464,-0.9518512,1,0.3454555,0.4585249,-0.01713826,-0.06599167,0.997673,-0.0004462665,-0.003607391,-0.0273571,0.7888889,21
0,-0.003845138,-0.05214045,1.000042,-0.03292521,-0.09266441,1.00001,-0.01838481,-0.0724028,1.000026,0.01921612,-0.05608938,-0.9982409,0,0.04906769,0.997275,-0.05509055,0,-0.9986107,0.04792275,-0.02191597,0,-1.015322,-1.611289,-0.6938763,1,0.01921616,0.04906769,-0.9986105,0,-0.05608938,0.9972751,0.04792275,0,-0.9982408,-0.05509056,-0.02191593,0,-0.7635213,1.618491,-0.9519005,1,0.353636,0.4595192,-0.01742959,-0.06681014,0.9976135,-0.0004353719,-0.003599701,-0.02734583,0.8111112,22
0,-0.003309155,-0.05808741,1.000038,-0.03290718,-0.09314273,1.000021,-0.01810801,-0.07561508,1.00003,0.01901382,-0.05640679,-0.9982268,0,0.0491985,0.9972506,-0.05541452,0,-0.998608,0.04805762,-0.02173668,0,-1.015638,-1.611372,-0.6932278,1,0.01901383,0.0491985,-0.9986081,0,-0.05640679,0.9972505,0.04805762,0,-0.9982268,-0.05541451,-0.02173668,0,-0.7635797,1.618495,-0.9518542,1,0.3415178,0.4575891,-0.01716408,-0.06993149,0.9974042,-0.0004282761,-0.003582665,-0.02734201,0.8222222,23
0,-0.003317956,-0.0602345,1.000102,-0.03206896,-0.09228178,1.000093,-0.01769335,-0.07625826,1.000097,0.01876473,-0.05667705,-0.9982162,0,0.04942154,0.9972241,-0.05569168,0,-0.9986017,0.04828835,-0.0215137,0,-1.016146,-1.611359,-0.692782,1,0.01876472,0.04942155,-0.9986017,0,-0.05667705,0.9972242,0.04828835,0,-0.9982162,-0.05569169,-0.02151371,0,-0.7638056,1.618524,-0.9518192,1,0.3466896,0.4427236,-0.0167684,-0.0705604,0.9973665,-0.000419518,-0.003570587,-0.02734069,0.8444445,24
0,-0.007322213,-0.05963269,1.000106,-0.03172018,-0.09283476,1.000096,-0.01952121,-0.07623391,1.000101,0.01870793,-0.05693762,-0.9982025,0,0.04941862,0.9972095,-0.05595479,0,-0.998603,0.04828298,-0.02146953,0,-1.016176,-1.611603,-0.692426,1,0.01870796,0.04941861,-0.9986028,0,-0.05693761,0.9972095,0.04828298,0,-0.9982024,-0.0559548,-0.0214695,0,-0.7639315,1.618579,-0.9518098,1,0.2967195,0.4114102,-0.01854665,-0.07054046,0.9973364,-0.0004142001,-0.003563179,-0.02735631,0.8555556,25
0,-0.005168946,-0.06150581,1.00011,-0.03126076,-0.09237136,1.0001,-0.01821468,-0.07693865,1.000105,0.01882851,-0.05769868,-0.9981565,0,0.04855879,0.9972081,-0.05672788,0,-0.9986429,0.04740116,-0.02157772,0,-1.014672,-1.613194,-0.6915444,1,0.0188285,0.04855878,-0.9986427,0,-0.05769867,0.9972081,0.04740116,0,-0.9981565,-0.05672788,-0.02157772,0,-0.7642438,1.618731,-0.9517499,1,0.2465751,0.3621082,-0.01728799,-0.07123949,0.9973094,-0.0004039612,-0.003544915,-0.02736536,0.8777778,26
0,-0.004531946,-0.05552618,1.000096,-0.03061497,-0.09200214,1.000075,-0.01757329,-0.07376435,1.000086,0.01868302,-0.05815018,-0.9981331,0,0.04804916,0.997206,-0.05719679,0,-0.9986703,0.04689084,-0.02142489,0,-1.013948,-1.614115,-0.6907443,1,0.01868302,0.04804915,-0.9986701,0,-0.05815018,0.997206,0.04689083,0,-0.9981329,-0.05719679,-0.02142488,0,-0.7643721,1.618816,-0.9517118,1,0.2174741,0.3399116,-0.01667551,-0.06817883,0.9975338,-0.0003974997,-0.003539841,-0.02737658,0.8888889,27
0,-0.002444971,-0.05464978,1.000144,-0.03093155,-0.09110056,1.00012,-0.01668806,-0.07287535,1.000132,0.01847082,-0.05920226,-0.9980751,0,0.04797425,0.9971481,-0.05825944,0,-0.9986778,0.04680581,-0.02125835,0,-1.013829,-1.615082,-0.6891416,1,0.01847085,0.04797425,-0.9986778,0,-0.05920227,0.9971482,0.04680581,0,-0.9980752,-0.05825945,-0.02125833,0,-0.7647054,1.618965,-0.9515437,1,0.2174741,0.3399116,-0.01582133,-0.06732286,0.9976058,-0.0003922125,-0.0035336,-0.02739693,0.9111111,28
0,-0.00335609,-0.02753661,1.000142,-0.03121537,-0.09264702,1.000105,-0.01728545,-0.06009225,1.000123,0.01824665,-0.05969232,-0.9980501,0,0.04827678,0.9971045,-0.05875315,0,-0.9986674,0.04711059,-0.02107561,0,-1.014449,-1.615218,-0.688305,1,0.01824669,0.04827678,-0.9986674,0,-0.05969231,0.9971045,0.0471106,0,-0.99805,-0.05875315,-0.02107557,0,-0.7648686,1.619075,-0.9515092,1,0.2127163,0.3075234,-0.01641272,-0.05498163,0.9983525,-0.0003925553,-0.003501938,-0.02744007,0.9222223,29
0,-0.002949176,-0.0289131,1.000103,-0.03074336,-0.09564034,1.000054,-0.01684571,-0.06227752,1.000078,0.01823276,-0.06044845,-0.9980049,0,0.04858302,0.9970452,-0.05950275,0,-0.9986528,0.04740119,-0.02111566,0,-1.014922,-1.615488,-0.6872197,1,0.01823276,0.04858302,-0.9986527,0,-0.06044845,0.9970452,0.04740118,0,-0.9980047,-0.05950275,-0.02111566,0,-0.7649974,1.619131,-0.9514902,1,0.2132927,0.309097,-0.01598364,-0.05712574,0.998239,-0.0003925553,-0.003474259,-0.0274807,0.9333333,30
0,-0.003044495,-0.03004088,1.000084,-0.0304779,-0.09470395,1.000033,-0.0167607,-0.06237316,1.000058,0.01765323,-0.06166509,-0.9979409,0,0.04907195,0.9969469,-0.0607356,0,-0.9986393,0.04789871,-0.02062535,0,-1.016049,-1.615879,-0.6849012,1,0.01765322,0.04907194,-0.9986392,0,-0.06166507,0.9969469,0.04789871,0,-0.9979407,-0.0607356,-0.02062535,0,-0.7651975,1.619207,-0.9513942,1,0.2020547,0.3264917,-0.0158998,-0.05723569,0.9982341,-0.0003936468,-0.003455566,-0.02751516,0.9555556,31
0,-0.00347505,-0.02849802,1.000245,-0.03148137,-0.09421268,1.000222,-0.01747784,-0.06135573,1.000233,0.0170005,-0.06173953,-0.9979476,0,0.04902172,0.9969429,-0.06084227,0,-0.9986531,0.04788675,-0.01997513,0,-1.016352,-1.616009,-0.684364,1,0.01700052,0.04902171,-0.9986529,0,-0.06173952,0.9969428,0.04788675,0,-0.9979474,-0.06084226,-0.0199751,0,-0.7654523,1.619254,-0.9512678,1,0.1865828,0.3172278,-0.01658757,-0.05624402,0.9982792,-0.0004005274,-0.003451233,-0.02752056,0.9666667,32
0,-0.005001513,-0.02788052,1.00008,-0.03233655,-0.09407017,1.000046,-0.01866879,-0.06097584,1.000063,0.01633793,-0.06238573,-0.9979185,0,0.04913566,0.9968958,-0.06151735,0,-0.9986585,0.04802831,-0.01935256,0,-1.017,-1.616328,-0.6828483,1,0.0163379,0.04913565,-0.9986584,0,-0.06238572,0.9968958,0.04802831,0,-0.9979182,-0.06151735,-0.01935258,0,-0.7656469,1.619275,-0.9512213,1,0.2288164,0.337453,-0.01774077,-0.05588525,0.9982796,-0.0004071649,-0.003449829,-0.02752975,0.9888889,33
0,-0.005066009,-0.02388734,1.000003,-0.0343953,-0.09509711,0.9999963,-0.01973068,-0.05949222,0.9999996,0.01605725,-0.06238797,-0.9979228,0,0.04965868,0.9968696,-0.06152308,0,-0.9986372,0.04856764,-0.01910508,0,-1.01795,-1.615729,-0.682611,1,0.01605724,0.04965868,-0.9986371,0,-0.06238797,0.9968696,0.04856764,0,-0.9979228,-0.06152308,-0.01910509,0,-0.7656497,1.619225,-0.9511316,1,0.2193801,0.3398386,-0.01876478,-0.05445205,0.99834,-0.0004170313,-0.003448288,-0.02753182,1,34
0,-0.005138103,-0.0263163,1.00003,-0.03719657,-0.09452118,1.000033,-0.02116743,-0.06041873,1.000031,0.01580679,-0.06222169,-0.9979372,0,0.0497292,0.9968756,-0.06136781,0,-0.9986377,0.04865659,-0.01885164,0,-1.018237,-1.615582,-0.6826587,1,0.01580679,0.0497292,-0.9986376,0,-0.06222169,0.9968756,0.04865659,0,-0.9979372,-0.06136782,-0.01885164,0,-0.7656797,1.619277,-0.9511105,1,0.1959689,0.3382153,-0.02014795,-0.05534538,0.998264,-0.0004283898,-0.003449631,-0.02751957,1.011111,35
0,-0.005204748,-0.02739997,1.000107,-0.03809011,-0.09595763,1.000133,-0.02164754,-0.06167844,1.00012,0.01492268,-0.06140189,-0.9980016,0,0.04994223,0.9969127,-0.06058813,0,-0.9986407,0.04893829,-0.01794314,0,-1.019166,-1.614682,-0.683232,1,0.01492267,0.04994223,-0.9986406,0,-0.06140189,0.9969126,0.04893829,0,-0.9980016,-0.06058813,-0.01794315,0,-0.7658024,1.6192,-0.9510197,1,0.229401,0.3710039,-0.02060584,-0.05656088,0.9981865,-0.00043415,-0.003449715,-0.02750561,1.033333,36
0,-0.005107498,-0.02679973,1.000032,-0.03837892,-0.09856854,1.000048,-0.02174332,-0.0626839,1.00004,0.01454383,-0.06100127,-0.9980318,0,0.04991698,0.996937,-0.06020694,0,-0.9986475,0.04894308,-0.01754427,0,-1.019353,-1.614323,-0.6835161,1,0.01454382,0.04991697,-0.9986475,0,-0.06100125,0.9969369,0.04894309,0,-0.9980317,-0.06020693,-0.01754428,0,-0.7658212,1.619109,-0.9509563,1,0.2420018,0.3659307,-0.02069699,-0.05753966,0.9981287,-0.0004361877,-0.003449089,-0.02750266,1.044444,37
0,-0.002234483,-0.02395862,1.000171,-0.03340376,-0.09868825,1.000162,-0.01781904,-0.06132349,1.000167,0.01377141,-0.06070813,-0.9980606,0,0.05015844,0.9969405,-0.05994791,0,-0.9986464,0.0492356,-0.0167743,0,-1.020277,-1.613772,-0.6834805,1,0.0137714,0.05015844,-0.9986463,0,-0.06070814,0.9969406,0.0492356,0,-0.9980606,-0.05994791,-0.01677431,0,-0.7660733,1.619037,-0.9509054,1,0.2213654,0.3685394,-0.01688575,-0.05621972,0.9982756,-0.0004361877,-0.003448822,-0.02749673,1.066667,38
0,-0.00524966,-0.02771066,1.000062,-0.03209662,-0.09835817,1.000031,-0.01867293,-0.06303497,1.000047,0.01361763,-0.06108256,-0.99804,0,0.05016813,0.996917,-0.06032933,0,-0.998648,0.04924824,-0.01664007,0,-1.020391,-1.614014,-0.6827925,1,0.01361765,0.05016812,-0.9986479,0,-0.06108255,0.996917,0.04924824,0,-0.9980397,-0.06032933,-0.01664004,0,-0.7661468,1.619037,-0.950886,1,0.2147786,0.3720408,-0.0177155,-0.05788331,0.9981662,-0.0004361877,-0.003448014,-0.02749633,1.077778,39
0,-0.005128277,-0.02816732,1.000199,-0.03200213,-0.09444745,1.000146,-0.01856468,-0.06130812,1.000173,0.01313281,-0.06229775,-0.9979713,0,0.05053843,0.996823,-0.061561,0,-0.9986359,0.04962742,-0.01623946,0,-1.021203,-1.614486,-0.6808334,1,0.01313276,0.05053842,-0.9986357,0,-0.06229774,0.996823,0.04962742,0,-0.9979711,-0.061561,-0.01623951,0,-0.7666197,1.619054,-0.9507431,1,0.2326133,0.3616258,-0.01761024,-0.05620663,0.9982639,-0.0004358981,-0.003446159,-0.02749625,1.1,40
0,-0.004824383,-0.02990415,1.000089,-0.03174902,-0.09372354,1.00008,-0.0182866,-0.06181415,1.000084,0.01283914,-0.06230837,-0.9979743,0,0.05060765,0.996818,-0.0615851,0,-0.9986361,0.04971444,-0.01595151,0,-1.021485,-1.614443,-0.6806132,1,0.01283909,0.05060765,-0.9986361,0,-0.06230837,0.996818,0.04971444,0,-0.9979744,-0.0615851,-0.01595156,0,-0.7667129,1.619086,-0.9506872,1,0.2214762,0.3753587,-0.01734301,-0.05671382,0.9982399,-0.0004336173,-0.003432075,-0.02751987,1.111111,41
0,-0.004593937,-0.03092228,1.000251,-0.03057747,-0.09413189,1.000228,-0.01758557,-0.06252739,1.00024,0.01278502,-0.06264678,-0.9979538,0,0.05082946,0.9967858,-0.06192228,0,-0.9986255,0.04993378,-0.01592827,0,-1.021836,-1.614473,-0.6802906,1,0.01278506,0.05082947,-0.9986255,0,-0.06264679,0.9967858,0.04993378,0,-0.9979539,-0.06192227,-0.01592823,0,-0.7669761,1.619098,-0.950651,1,0.226422,0.3545079,-0.01666242,-0.05740919,0.9982117,-0.0004298408,-0.003418121,-0.02753322,1.122222,42
0,0.001196523,-0.03177071,1.000063,-0.0277835,-0.09612017,1.000067,-0.01329363,-0.06394532,1.000065,0.01256484,-0.06224125,-0.9979821,0,0.05132327,0.9967854,-0.06152044,0,-0.9986031,0.0504467,-0.01571888,0,-1.022789,-1.613757,-0.6809231,1,0.01256484,0.05132326,-0.998603,0,-0.06224123,0.9967853,0.0504467,0,-0.9979819,-0.06152043,-0.01571887,0,-0.76714,1.619172,-0.9506545,1,0.2287607,0.3662443,-0.01250068,-0.05881969,0.9981904,-0.0004240498,-0.003390015,-0.02757907,1.144444,43
0,0.0001760488,-0.031821,1.000113,-0.02754955,-0.08722563,1.000126,-0.01368689,-0.05952319,1.000119,0.0125643,-0.06201838,-0.997996,0,0.05143663,0.9967934,-0.06129609,0,-0.9985973,0.0505634,-0.01571405,0,-1.022952,-1.613482,-0.6813982,1,0.01256432,0.05143662,-0.9985971,0,-0.06201837,0.9967934,0.0505634,0,-0.9979957,-0.06129609,-0.01571403,0,-0.7672454,1.619158,-0.9506415,1,0.219272,0.3671999,-0.01288584,-0.05456133,0.9984272,-0.000423003,-0.003360436,-0.02760763,1.155556,44
0,0.0003311951,-0.03833419,1.000011,-0.02758158,-0.08676946,1.000034,-0.01362539,-0.06255157,1.000023,0.01265508,-0.06157608,-0.9980221,0,0.05119933,0.9968327,-0.06085348,0,-0.9986082,0.05032796,-0.01576763,0,-1.022423,-1.613449,-0.68218,1,0.01265507,0.05119934,-0.9986084,0,-0.06157609,0.9968327,0.05032798,0,-0.9980223,-0.06085349,-0.01576766,0,-0.7672418,1.619173,-0.9505547,1,0.219272,0.3671999,-0.01282564,-0.05750398,0.9982629,-0.0004223399,-0.003355469,-0.02761536,1.166667,45
0,0.001504146,-0.03769242,1.000196,-0.02770788,-0.08331723,1.000216,-0.01310206,-0.06050457,1.000206,0.01258886,-0.060861,-0.9980669,0,0.05038869,0.9969164,-0.06015528,0,-0.9986504,0.04953399,-0.01561677,0,-1.021077,-1.613781,-0.6834842,1,0.01258888,0.05038869,-0.9986503,0,-0.060861,0.9969165,0.049534,0,-0.9980667,-0.06015528,-0.01561674,0,-0.767525,1.61914,-0.9504356,1,0.2348787,0.3657552,-0.01231636,-0.05551388,0.9983819,-0.0004223315,-0.00335405,-0.02761813,1.188889,46
0,0.003428154,-0.03457371,1.000059,-0.03621105,-0.08207745,1.000057,-0.01639154,-0.05832558,1.000058,0.01240468,-0.06073849,-0.9980767,0,0.05009938,0.9969376,-0.06004649,0,-0.9986673,0.04925816,-0.01540965,0,-1.020772,-1.614029,-0.6835254,1,0.01240468,0.05009937,-0.9986671,0,-0.06073847,0.9969375,0.04925815,0,-0.9980766,-0.06004649,-0.01540965,0,-0.767582,1.619183,-0.9504406,1,0.2207692,0.3792806,-0.01547997,-0.05342267,0.998452,-0.0004578484,-0.003338166,-0.0276456,1.2,47
0,0.02017445,-0.0457523,0.9999647,-0.007403314,-0.0696706,0.9999601,0.006385565,-0.05771152,0.9999623,0.0123648,-0.06070509,-0.9980792,0,0.05039507,0.9969248,-0.06001056,0,-0.9986528,0.04955626,-0.01538599,0,-1.021217,-1.61375,-0.6836411,1,0.01236477,0.05039507,-0.9986528,0,-0.06070508,0.9969248,0.04955625,0,-0.9980791,-0.06001055,-0.01538602,0,-0.7676636,1.619226,-0.9503887,1,0.246682,0.3765249,0.006730279,-0.052868,0.9985789,-0.0005402453,-0.003307625,-0.02762995,1.222222,48
0,0.01739551,-0.05643347,1.000036,-0.01447009,-0.07076687,1.000025,0.001462946,-0.06360024,1.00003,0.01221251,-0.0611821,-0.9980519,0,0.0508178,0.9968745,-0.0604881,0,-0.9986333,0.04998009,-0.01528347,0,-1.021982,-1.613642,-0.6828095,1,0.0122125,0.0508178,-0.9986332,0,-0.0611821,0.9968745,0.04998008,0,-0.9980519,-0.0604881,-0.01528348,0,-0.7677243,1.619231,-0.9503713,1,0.2520966,0.3585894,0.001939239,-0.0585742,0.9982811,-0.0005336236,-0.003300965,-0.0276484,1.233333,49
0,0.01736331,-0.04694434,1.000023,-0.02364916,-0.07344723,1.000012,-0.003142837,-0.06019586,1.000018,0.01204401,-0.06152045,-0.9980332,0,0.05188021,0.9967996,-0.06081834,0,-0.9985807,0.05104567,-0.01519716,0,-1.023809,-1.612856,-0.6821573,1,0.01204401,0.05188021,-0.9985807,0,-0.06152045,0.9967996,0.05104567,0,-0.9980332,-0.06081834,-0.01519716,0,-0.7677085,1.619322,-0.9503934,1,0.259852,0.355643,-0.002540101,-0.05527515,0.9984679,-0.0005284268,-0.003304176,-0.02765077,1.255556,50
0,0.01724265,-0.04632224,0.9998782,-0.02200293,-0.0745384,0.9998688,-0.00238003,-0.06043044,0.9998735,0.01199508,-0.06181306,-0.9980156,0,0.0521543,0.9967676,-0.06110892,0,-0.998567,0.05131781,-0.01518017,0,-1.02429,-1.612799,-0.6815482,1,0.01199513,0.05215431,-0.998567,0,-0.06181306,0.9967676,0.05131781,0,-0.9980157,-0.06110893,-0.01518012,0,-0.7676013,1.619358,-0.950403,1,0.2586873,0.3833969,-0.001798756,-0.05551444,0.9984563,-0.0005288702,-0.003299958,-0.02765264,1.266667,51
0,0.01400899,-0.04345176,1.000048,-0.02242741,-0.07497377,1.000053,-0.004209297,-0.0592127,1.00005,0.01216429,-0.06183422,-0.9980124,0,0.05196141,0.9967767,-0.06112432,0,-0.998575,0.05111459,-0.01533806,0,-1.02386,-1.613038,-0.6817219,1,0.01216428,0.0519614,-0.998575,0,-0.0618342,0.9967766,0.05111459,0,-0.9980122,-0.06112432,-0.01533808,0,-0.7676533,1.61937,-0.9504069,1,0.2689842,0.4205115,-0.00357491,-0.05432827,0.9985167,-0.0005298313,-0.00329644,-0.0276571,1.277778,52
0,0.01206291,-0.04376521,1.000039,-0.02104526,-0.07499227,1.000054,-0.004491262,-0.05937868,1.000047,0.01232523,-0.06148555,-0.9980319,0,0.05182853,0.9968053,-0.06076993,0,-0.99858,0.05097752,-0.01547259,0,-1.023529,-1.612932,-0.6822593,1,0.01232526,0.05182852,-0.9985799,0,-0.06148556,0.9968053,0.05097752,0,-0.998032,-0.06076992,-0.01547256,0,-0.7674733,1.619366,-0.9504082,1,0.3344139,0.4236613,-0.003848428,-0.0544893,0.998507,-0.0005301889,-0.003296318,-0.02765775,1.3,53
0,0.01176299,-0.04710047,1.000075,-0.02120373,-0.07376409,1.000088,-0.00472049,-0.06043227,1.000082,0.01250118,-0.06120111,-0.9980472,0,0.05143355,0.9968432,-0.06048305,0,-0.9985982,0.050577,-0.0156095,0,-1.022766,-1.613134,-0.6829298,1,0.01250118,0.05143355,-0.9985982,0,-0.06120111,0.9968432,0.050577,0,-0.9980472,-0.06048305,-0.01560951,0,-0.767536,1.61934,-0.9504048,1,0.348839,0.4329017,-0.004071138,-0.05550668,0.99845,-0.0005298611,-0.003297776,-0.02765685,1.311111,54
0,0.01194923,-0.0485229,1.000185,-0.02118699,-0.07374255,1.000196,-0.004618904,-0.06113261,1.000191,0.01276851,-0.06113094,-0.9980481,0,0.05151463,0.9968442,-0.06039815,0,-0.9985906,0.05064289,-0.01587737,0,-1.022731,-1.613052,-0.683508,1,0.01276852,0.05151464,-0.9985906,0,-0.06113094,0.9968442,0.05064289,0,-0.9980481,-0.06039815,-0.01587735,0,-0.7677224,1.619365,-0.950452,1,0.3415148,0.4427049,-0.003972449,-0.0561769,0.998413,-0.0005294653,-0.003299782,-0.02765256,1.322222,55
0,0.01215737,-0.04894059,1.000061,-0.02063743,-0.07524577,1.000065,-0.004240086,-0.06209317,1.000063,0.01324409,-0.06136245,-0.9980278,0,0.05131584,0.9968417,-0.06060855,0,-0.9985948,0.05041192,-0.01635116,0,-1.022156,-1.613492,-0.6836914,1,0.01324413,0.05131583,-0.9985946,0,-0.06136244,0.9968416,0.05041192,0,-0.9980276,-0.06060854,-0.01635113,0,-0.7678131,1.619411,-0.950559,1,0.4109147,0.4762305,-0.003605475,-0.05711685,0.9983611,-0.0005285647,-0.003297249,-0.02764916,1.344445,56
0,0.01090305,-0.04895089,0.9999533,-0.0212555,-0.07490508,0.9999548,-0.00517614,-0.06192799,0.999954,0.0134446,-0.06153493,-0.9980145,0,0.05103646,0.9968458,-0.06077534,0,-0.9986063,0.05011802,-0.01654273,0,-1.021575,-1.613953,-0.6835569,1,0.01344461,0.05103646,-0.9986063,0,-0.06153491,0.9968458,0.05011802,0,-0.9980143,-0.06077535,-0.01654272,0,-0.7677794,1.619457,-0.9505712,1,0.4198624,0.4923119,-0.004513766,-0.05696405,0.998366,-0.0005303118,-0.003296028,-0.02764707,1.355556,57
0,0.01083837,-0.050366,1.000002,-0.02153997,-0.07497119,0.9999972,-0.005350709,-0.06266854,0.9999998,0.01353496,-0.0618507,-0.9979936,0,0.05088323,0.9968345,-0.06108877,0,-0.9986129,0.04995431,-0.01663929,0,-1.021285,-1.614331,-0.6831443,1,0.01353497,0.05088323,-0.9986128,0,-0.06185069,0.9968345,0.0499543,0,-0.9979936,-0.06108877,-0.01663928,0,-0.767798,1.619454,-0.9505922,1,0.4427443,0.5083061,-0.004682047,-0.05767991,0.9983242,-0.0005312432,-0.003294586,-0.0276425,1.366667,58
0,0.01100971,-0.05165588,1.000028,-0.02220445,-0.07453478,1.000032,-0.005597483,-0.06309527,1.00003,0.01371902,-0.06184832,-0.9979914,0,0.05055217,0.9968517,-0.06108277,0,-0.9986272,0.04961263,-0.01680243,0,-1.020654,-1.614644,-0.6834521,1,0.01371905,0.05055217,-0.9986272,0,-0.06184831,0.9968518,0.04961263,0,-0.997991,-0.06108277,-0.01680239,0,-0.7679397,1.619409,-0.9506299,1,0.4492261,0.5113499,-0.00491934,-0.05809045,0.9982992,-0.0005333629,-0.003296616,-0.02762879,1.388889,59
0,0.01074353,-0.05145418,1.00002,-0.02312244,-0.07409655,1.000022,-0.00618954,-0.06277525,1.000021,0.0136295,-0.06162501,-0.9980064,0,0.05057879,0.9968638,-0.06086372,0,-0.9986271,0.0496484,-0.01670372,0,-1.020833,-1.614476,-0.6837316,1,0.01362955,0.05057878,-0.9986271,0,-0.061625,0.9968637,0.04964841,0,-0.9980063,-0.06086371,-0.01670367,0,-0.767947,1.619431,-0.9506961,1,0.4568009,0.5191427,-0.005491897,-0.05777701,0.9983144,-0.0005362313,-0.003301033,-0.02762084,1.4,60
0,0.008871688,-0.05131749,1.000039,-0.01984246,-0.07146613,1.000036,-0.005485304,-0.06139193,1.000037,0.01322222,-0.06149798,-0.9980198,0,0.05077418,0.9968606,-0.06075387,0,-0.9986227,0.04987032,-0.01630324,0,-1.021572,-1.614085,-0.6835889,1,0.01322224,0.05077416,-0.9986225,0,-0.06149796,0.9968605,0.04987032,0,-0.9980195,-0.06075386,-0.01630321,0,-0.7679905,1.619357,-0.9508142,1,0.4531161,0.5069789,-0.004804881,-0.05643404,0.9983947,-0.0005393308,-0.003304512,-0.02761367,1.422222,61
0,0.008494309,-0.04996925,1.000038,-0.02030263,-0.07312216,1.000041,-0.005904302,-0.06154551,1.000039,0.01310384,-0.06120284,-0.9980394,0,0.05077914,0.9968778,-0.06046491,0,-0.998624,0.04988726,-0.0161708,0,-1.02175,-1.61383,-0.6839676,1,0.01310388,0.05077915,-0.998624,0,-0.06120284,0.9968778,0.04988726,0,-0.9980392,-0.0604649,-0.01617076,0,-0.7680086,1.619319,-0.9508945,1,0.4531161,0.5069789,-0.005208296,-0.05658128,0.9983844,-0.0005433578,-0.003307511,-0.02758558,1.433333,62
0,0.007800322,-0.05094014,0.9999625,-0.02104852,-0.07291156,0.9999615,-0.006624045,-0.06192597,0.9999618,0.01273996,-0.0611086,-0.9980498,0,0.0511736,0.9968626,-0.06038269,0,-0.9986085,0.05030452,-0.01582712,0,-1.022847,-1.613352,-0.683879,1,0.01273994,0.05117359,-0.9986085,0,-0.0611086,0.9968626,0.05030452,0,-0.9980497,-0.06038269,-0.01582713,0,-0.768104,1.619339,-0.9510889,1,0.4325971,0.4988731,-0.00590307,-0.05695447,0.9983593,-0.0005484857,-0.003307701,-0.02756644,1.455556,63
0,0.0116969,-0.04701394,1.000032,-0.02209139,-0.07269608,1.000031,-0.005197268,-0.05985495,1.000031,0.01258743,-0.06094328,-0.9980619,0,0.05104279,0.9968788,-0.06022729,0,-0.9986172,0.05018575,-0.01565886,0,-1.022817,-1.613371,-0.6840022,1,0.01258743,0.05104278,-0.9986172,0,-0.06094328,0.9968788,0.05018575,0,-0.9980619,-0.0602273,-0.01565886,0,-0.768126,1.619347,-0.9511456,1,0.4338913,0.4947896,-0.004514122,-0.05494103,0.9984794,-0.0005515357,-0.003312447,-0.02755803,1.466667,64
0,0.01169643,-0.05024773,0.9999038,-0.02245611,-0.07327542,0.9998994,-0.005379962,-0.06176168,0.9999015,0.01244211,-0.06093566,-0.9980642,0,0.05124177,0.9968688,-0.06022388,0,-0.9986088,0.05039325,-0.01552564,0,-1.023313,-1.613112,-0.6837844,1,0.01244215,0.05124176,-0.9986088,0,-0.06093565,0.9968687,0.05039325,0,-0.998064,-0.06022388,-0.0155256,0,-0.7680244,1.619318,-0.9512159,1,0.4433472,0.5153003,-0.004690529,-0.0567925,0.998375,-0.0005526496,-0.00331514,-0.02754794,1.477778,65
0,0.0104059,-0.05028744,1.000057,-0.02250262,-0.07253195,1.000049,-0.006048273,-0.0614097,1.000053,0.01209468,-0.06085393,-0.9980735,0,0.05065578,0.996902,-0.06016866,0,-0.9986431,0.04983046,-0.01513982,0,-1.022851,-1.613598,-0.6835681,1,0.01209468,0.05065576,-0.9986427,0,-0.06085392,0.996902,0.04983045,0,-0.9980733,-0.06016866,-0.01513981,0,-0.7680737,1.619283,-0.951405,1,0.4262224,0.5009149,-0.005339334,-0.05644136,0.9983916,-0.0005526496,-0.003317726,-0.02754369,1.511111,66
0,0.01286036,-0.05155093,1.000046,-0.02251955,-0.07093948,1.000039,-0.004829591,-0.06124509,1.000043,0.01205146,-0.06117604,-0.9980543,0,0.05023493,0.9969034,-0.06049891,0,-0.9986648,0.04940808,-0.01508731,0,-1.02232,-1.614272,-0.683193,1,0.01205145,0.05023492,-0.9986646,0,-0.06117603,0.9969034,0.04940808,0,-0.9980541,-0.0604989,-0.01508731,0,-0.7682979,1.619297,-0.9515042,1,0.4420807,0.4934595,-0.004158257,-0.05628591,0.9984061,-0.0005494384,-0.003314369,-0.02754841,1.533333,67
0,0.0130056,-0.05228104,0.9999172,-0.0235246,-0.07085202,0.9999127,-0.005259497,-0.06156648,0.999915,0.01199985,-0.06130936,-0.9980467,0,0.0502215,0.9968958,-0.06063483,0,-0.998666,0.04939579,-0.01504159,0,-1.022445,-1.614473,-0.6828469,1,0.01199979,0.05022149,-0.998666,0,-0.06130936,0.9968957,0.04939579,0,-0.9980467,-0.06063483,-0.01504164,0,-0.7682263,1.619405,-0.9516043,1,0.437695,0.5004775,-0.004578541,-0.05660525,0.9983861,-0.0005476456,-0.00331266,-0.02755256,1.544444,68
0,0.01314964,-0.05387139,1.00001,-0.02326933,-0.07042907,1.000005,-0.005059941,-0.06215035,1.000007,0.01207072,-0.06179613,-0.9980158,0,0.05017995,0.9968684,-0.06111817,0,-0.9986673,0.04934264,-0.0151338,0,-1.022423,-1.614819,-0.6821654,1,0.01207067,0.05017995,-0.9986672,0,-0.06179613,0.9968683,0.04934264,0,-0.9980158,-0.06111817,-0.01513384,0,-0.7682601,1.619374,-0.951705,1,0.4434867,0.5064598,-0.004388478,-0.05716847,0.9983549,-0.0005428772,-0.003309021,-0.02755989,1.566667,69
0,0.01282367,-0.05245742,1.000158,-0.02298229,-0.07098711,1.000152,-0.005079219,-0.06172221,1.000155,0.0121454,-0.06228656,-0.9979845,0,0.05048406,0.9968234,-0.06159971,0,-0.9986511,0.04963415,-0.01525134,0,-1.022853,-1.614889,-0.6816576,1,0.01214544,0.05048405,-0.998651,0,-0.06228656,0.9968234,0.04963415,0,-0.9979844,-0.06159971,-0.0152513,0,-0.7684464,1.619406,-0.9517162,1,0.4505481,0.5131196,-0.004410621,-0.0567506,0.9983786,-0.0005387953,-0.003303909,-0.02756535,1.577778,70
0,0.01160361,-0.05678439,1,-0.022553,-0.07152507,1.000006,-0.005474756,-0.06415474,1.000003,0.01244372,-0.06259021,-0.9979618,0,0.05053827,0.9968028,-0.06188736,0,-0.9986446,0.04966515,-0.01556712,0,-1.022743,-1.615062,-0.6814954,1,0.01244371,0.05053827,-0.9986446,0,-0.06259021,0.9968028,0.04966515,0,-0.9979617,-0.06188736,-0.01556714,0,-0.7684668,1.61941,-0.9517536,1,0.4300867,0.5076476,-0.004800838,-0.05912185,0.9982392,-0.0005327603,-0.003294968,-0.02758027,1.6,71
0,0.01482848,-0.05598993,0.9999523,-0.02300432,-0.0724028,0.999952,-0.004087836,-0.06419643,0.9999521,0.01253891,-0.06283729,-0.997945,0,0.05065744,0.9967818,-0.06212755,0,-0.9986374,0.04977432,-0.01568174,0,-1.022911,-1.615163,-0.6811702,1,0.01253892,0.05065743,-0.9986374,0,-0.06283729,0.9967818,0.04977432,0,-0.997945,-0.06212755,-0.01568173,0,-0.7684366,1.619464,-0.9518054,1,0.4325785,0.4976875,-0.0034579,-0.05916721,0.9982421,-0.0005284194,-0.003293099,-0.02758523,1.611111,72
0,0.01155378,-0.05583346,0.9999031,-0.02294011,-0.0713748,0.9999065,-0.00569324,-0.06360383,0.9999048,0.01257259,-0.06271716,-0.9979521,0,0.05075992,0.9967843,-0.06200428,0,-0.9986317,0.04987642,-0.01571572,0,-1.023096,-1.614965,-0.6813045,1,0.01257263,0.05075993,-0.9986318,0,-0.06271717,0.9967844,0.04987643,0,-0.9979521,-0.06200428,-0.01571568,0,-0.7683322,1.61946,-0.9518542,1,0.4329149,0.5114252,-0.005022022,-0.05859557,0.9982691,-0.0005241008,-0.003293099,-0.02758799,1.622222,73
0,0.01349907,-0.05577439,1.000029,-0.02363053,-0.07098805,1.000033,-0.005065756,-0.06338116,1.000031,0.01308447,-0.06274966,-0.9979436,0,0.05125816,0.9967589,-0.0620031,0,-0.9985998,0.05034147,-0.01625848,0,-1.023561,-1.614449,-0.6818386,1,0.01308445,0.05125815,-0.9985996,0,-0.06274965,0.9967589,0.05034147,0,-0.9979435,-0.06200309,-0.01625849,0,-0.7683498,1.619406,-0.951939,1,0.4347409,0.5147438,-0.004411994,-0.05837297,0.9982851,-0.0005239258,-0.003293099,-0.02758945,1.644444,74
0,0.01288802,-0.05490888,0.9999853,-0.02370875,-0.07218543,0.9999963,-0.005410435,-0.06354726,0.9999906,0.01332849,-0.06262357,-0.9979483,0,0.0512647,0.9967671,-0.06186476,0,-0.9985962,0.05033494,-0.01649582,0,-1.023517,-1.614482,-0.6822734,1,0.01332853,0.05126469,-0.9985961,0,-0.06262356,0.9967672,0.05033495,0,-0.9979481,-0.06186476,-0.01649578,0,-0.7683361,1.619524,-0.9520694,1,0.4444605,0.4921806,-0.004746963,-0.05853475,0.9982741,-0.0005239258,-0.00329406,-0.0275904,1.655556,75
0,0.01168374,-0.05311651,0.9998384,-0.02326884,-0.07391268,0.9998314,-0.005792541,-0.06351453,0.9998349,0.01325786,-0.06277508,-0.9979396,0,0.05076247,0.9967827,-0.06202792,0,-0.9986227,0.04983553,-0.01640183,0,-1.02289,-1.615111,-0.6817586,1,0.01325786,0.05076248,-0.9986228,0,-0.06277508,0.9967827,0.04983553,0,-0.9979396,-0.06202791,-0.01640183,0,-0.7681813,1.619552,-0.9521736,1,0.4458522,0.4851844,-0.005119148,-0.05850733,0.9982738,-0.0005239258,-0.003298889,-0.02758567,1.666667,76
0,0.01270031,-0.05387117,0.9999359,-0.02442995,-0.07719317,0.9999431,-0.005864844,-0.06553211,0.9999396,0.01342434,-0.06263944,-0.997946,0,0.04998817,0.9968299,-0.06189695,0,-0.9986597,0.04905456,-0.01651299,0,-1.021657,-1.615831,-0.6820119,1,0.01342431,0.04998816,-0.9986595,0,-0.06263943,0.9968299,0.04905456,0,-0.9979459,-0.06189695,-0.01651301,0,-0.7681107,1.619565,-0.9522856,1,0.4519148,0.529741,-0.005187188,-0.06044715,0.9981579,-0.0005250555,-0.003308159,-0.0275622,1.688889,77
0,0.01128737,-0.05344998,0.9999186,-0.02537644,-0.07859796,0.9999256,-0.00704471,-0.06602396,0.9999222,0.01347941,-0.06243776,-0.9979579,0,0.0499172,0.9968461,-0.06169397,0,-0.9986624,0.04898366,-0.01655358,0,-1.02154,-1.615748,-0.6822969,1,0.01347938,0.04991719,-0.9986624,0,-0.06243775,0.9968461,0.04898366,0,-0.9979578,-0.06169396,-0.01655361,0,-0.7680175,1.619551,-0.9523225,1,0.4217422,0.5055784,-0.006331048,-0.06092201,0.9981225,-0.0005274042,-0.003310394,-0.0275573,1.711111,78
0,0.01084535,-0.05168089,0.9999011,-0.02533218,-0.08198249,0.9998974,-0.007243507,-0.0668318,0.9998992,0.01347756,-0.06214569,-0.9979761,0,0.05026101,0.9968472,-0.06139661,0,-0.9986452,0.04933181,-0.01655859,0,-1.022353,-1.615186,-0.6826822,1,0.01347757,0.05026101,-0.9986451,0,-0.06214569,0.9968472,0.04933181,0,-0.9979761,-0.06139662,-0.01655857,0,-0.7678984,1.619563,-0.9525922,1,0.4335256,0.4982596,-0.006519814,-0.06169891,0.9980735,-0.0005317619,-0.0033171,-0.02754568,1.733333,79
0,0.01023206,-0.0518553,0.9999342,-0.02412442,-0.08199999,0.9999257,-0.00694618,-0.06692759,0.99993,0.01347399,-0.06257805,-0.9979492,0,0.05043931,0.9968116,-0.0618257,0,-0.9986363,0.04950282,-0.01658744,0,-1.022882,-1.615314,-0.6818391,1,0.013474,0.0504393,-0.9986362,0,-0.06257804,0.9968116,0.04950282,0,-0.9979491,-0.0618257,-0.01658742,0,-0.7677416,1.619602,-0.9528346,1,0.4265118,0.4965436,-0.006229073,-0.06179059,0.9980696,-0.0005336767,-0.0033171,-0.02753755,1.755556,80
0,0.008927705,-0.05052763,0.9999461,-0.02222251,-0.08211463,0.9999273,-0.006647263,-0.06632131,0.9999366,0.01313251,-0.06282687,-0.9979381,0,0.05035603,0.9967993,-0.06209251,0,-0.998645,0.04943676,-0.01625419,0,-1.02309,-1.615583,-0.6810363,1,0.01313251,0.05035602,-0.998645,0,-0.06282686,0.9967992,0.04943676,0,-0.9979379,-0.06209251,-0.01625419,0,-0.7676982,1.619643,-0.9529038,1,0.4453802,0.4966773,-0.005937473,-0.06120634,0.9981074,-0.000535178,-0.003314423,-0.02753177,1.766667,81
0,0.008787721,-0.04769582,0.9999593,-0.02279112,-0.0823061,0.9999524,-0.007001637,-0.06500091,0.999956,0.01302552,-0.06354176,-0.9978942,0,0.050022,0.9967707,-0.06281728,0,-0.9986632,0.04909844,-0.01616198,0,-1.022762,-1.616359,-0.6797485,1,0.01302556,0.050022,-0.9986631,0,-0.06354175,0.9967707,0.04909843,0,-0.9978942,-0.06281728,-0.01616194,0,-0.7677013,1.6196,-0.9530204,1,0.4453802,0.4966773,-0.006280228,-0.05992807,0.9981829,-0.0005369727,-0.003313904,-0.02752891,1.788889,82
