flag,xl,yl,zl,xr,yr,zr,xc,yc,zc,mat_00,mat_10,mat_20,mat_30,mat_01,mat_11,mat_21,mat_31,mat_02,mat_12,mat_22,mat_32,mat_03,mat_13,mat_23,mat_33,ctw_00,ctw_10,ctw_20,ctw_30,ctw_01,ctw_11,ctw_21,ctw_31,ctw_02,ctw_12,ctw_22,ctw_32,ctw_03,ctw_13,ctw_23,ctw_33,opennessl,opennessr,ray_x,ray_y,ray_z,eye_x,eye_y,eye_z,time,frame,u,v
6.0,-0.1290046,-0.07417457,0.9998587,-0.1869775,-0.1004108,0.9998302,-0.1579909,-0.08729292,0.9998444,0.09511107,-0.05465753,-0.993965,0.0,0.02962144,0.9982048,-0.05205624,0.0,-0.9950258,0.02449155,-0.09655935,0.0,-0.8103275,-1.541634,-0.8385363,1.0,0.09511107,0.02962144,-0.9950259,0.0,-0.05465753,0.9982048,0.02449155,0.0,-0.993965,-0.05205625,-0.09655937,0.0,-0.8406666,1.519218,-0.8495085,1.0,0.9591169,0.9670424,-0.1534179,-0.08372916,0.9846077,0.002296333,0.0001852646,-0.02884972,20.57778,1256.0,-0.175,-0.15849999999999997
6.0,-0.1292594,-0.07427665,0.9999028,-0.1854204,-0.09986911,0.999915,-0.1573399,-0.08707276,0.9999089,0.09515208,-0.05428251,-0.9939817,0.0,0.02964766,0.9982237,-0.05167606,0.0,-0.9950212,0.02455215,-0.09659243,0.0,-0.8104632,-1.541292,-0.8390251,1.0,0.09515209,0.02964766,-0.9950211,0.0,-0.05428251,0.9982237,0.02455215,0.0,-0.9939816,-0.05167605,-0.0965924,0.0,-0.8405234,1.519225,-0.8496295,1.0,0.9582853,0.9863479,-0.1528009,-0.08352148,0.9847214,0.002294129,0.000183342,-0.02884863,20.6,1257.0,-0.175,-0.15849999999999997
6.0,-0.1275993,-0.07432406,0.9999312,-0.1846603,-0.09986225,0.9999332,-0.1561299,-0.08709314,0.9999323,0.09539843,-0.05385129,-0.9939816,0.0,0.02984502,0.9982415,-0.05121768,0.0,-0.9949918,0.02477931,-0.09683782,0.0,-0.8106645,-1.540744,-0.8398124,1.0,0.09539837,0.02984501,-0.9949915,0.0,-0.05385128,0.9982414,0.02477931,0.0,-0.9939814,-0.05121767,-0.09683783,0.0,-0.8403929,1.519216,-0.8497514,1.0,0.9497968,0.9579933,-0.1516631,-0.08355259,0.9848945,0.002291015,0.0001823425,-0.02884665,20.62222,1258.0,-0.175,-0.15849999999999997
6.0,-0.1275394,-0.07396713,1.000073,-0.1842792,-0.09972809,1.000086,-0.1559094,-0.08684754,1.000079,0.09559327,-0.0537211,-0.9939697,0.0,0.02961409,0.9982541,-0.05110458,0.0,-0.9949798,0.02455026,-0.09701729,0.0,-0.8101661,-1.540817,-0.8401681,1.0,0.09559329,0.02961409,-0.9949799,0.0,-0.0537211,0.9982541,0.02455026,0.0,-0.9939698,-0.05110458,-0.0970173,0.0,-0.8404297,1.519183,-0.8497823,1.0,0.9661608,0.976213,-0.1514348,-0.08330823,0.9849504,0.002286637,0.00018013,-0.02884731,20.63333,1259.0,-0.175,-0.15849999999999997
6.0,-0.1287384,-0.07384569,0.9999732,-0.1847593,-0.09974342,0.9999995,-0.1567489,-0.08679437,0.9999864,0.09604734,-0.0531453,-0.993957,0.0,0.02905077,0.9982979,-0.05057019,0.0,-0.9949527,0.02401808,-0.09742779,0.0,-0.8089902,-1.54086,-0.8411486,1.0,0.09604736,0.02905077,-0.9949527,0.0,-0.05314531,0.9982979,0.02401808,0.0,-0.993957,-0.05057019,-0.09742777,0.0,-0.8402537,1.519202,-0.8498497,1.0,0.9673154,0.9573217,-0.1522294,-0.08325461,0.9848324,0.002281609,0.0001795349,-0.02884476,20.65556,1260.0,-0.175,-0.15849999999999997
6.0,-0.1283864,-0.0745808,0.9999671,-0.1848757,-0.09886224,0.9999874,-0.1566312,-0.08672134,0.9999772,0.09638947,-0.05308596,-0.9939271,0.0,0.0289397,0.998304,-0.0505132,0.0,-0.9949229,0.02389501,-0.09776229,0.0,-0.8085625,-1.540913,-0.8414145,1.0,0.09638948,0.0289397,-0.9949229,0.0,-0.05308596,0.998304,0.02389501,0.0,-0.9939271,-0.05051321,-0.09776229,0.0,-0.8401685,1.519196,-0.8498958,1.0,0.9609053,0.9718988,-0.1521212,-0.08318573,0.984855,0.002281035,0.0001776199,-0.02884353,20.66667,1261.0,-0.175,-0.15849999999999997
6.0,-0.1284294,-0.07479358,1.000025,-0.1845916,-0.09887959,1.00005,-0.1565106,-0.08683635,1.000038,0.09679961,-0.05302639,-0.9938905,0.0,0.0289657,0.9983069,-0.05044092,0.0,-0.9948824,0.02390606,-0.09817165,0.0,-0.8081735,-1.540823,-0.841809,1.0,0.09679957,0.02896569,-0.9948822,0.0,-0.05302639,0.998307,0.02390606,0.0,-0.9938903,-0.05044092,-0.09817164,0.0,-0.8401393,1.519162,-0.8498442,1.0,0.9650795,0.9703308,-0.1519985,-0.0832919,0.984865,0.002280959,0.0001776047,-0.02884156,20.67778,1262.0,-0.175,-0.15849999999999997
6.0,-0.1286445,-0.07417189,1.000005,-0.1845456,-0.09816982,1.000032,-0.1565951,-0.08617055,1.000018,0.09747046,-0.05258931,-0.9938481,0.0,0.02850911,0.9983407,-0.05003104,0.0,-0.9948301,0.02345717,-0.09880799,0.0,-0.8068801,-1.540841,-0.8428954,1.0,0.09747042,0.02850911,-0.9948298,0.0,-0.0525893,0.9983407,0.02345717,0.0,-0.9938479,-0.05003104,-0.09880798,0.0,-0.8400946,1.519116,-0.8498495,1.0,0.9668002,0.9667603,-0.1520893,-0.08265788,0.9849043,0.002280799,0.0001753769,-0.02883468,20.7,1263.0,-0.175,-0.15849999999999997
6.0,-0.1283758,-0.07492271,1.000225,-0.1846497,-0.09732497,1.000251,-0.1565128,-0.08612377,1.000238,0.09787393,-0.0524471,-0.993816,0.0,0.02841968,0.9983504,-0.04988755,0.0,-0.994793,0.02336124,-0.09920299,0.0,-0.8063061,-1.540745,-0.843586,1.0,0.0978739,0.02841967,-0.9947929,0.0,-0.05244709,0.9983503,0.02336124,0.0,-0.9938158,-0.04988755,-0.09920299,0.0,-0.8402603,1.519033,-0.8498001,1.0,0.9627877,0.9665969,-0.1519821,-0.08259728,0.9849259,0.002280509,0.0001751709,-0.02882738,20.71111,1264.0,-0.175,-0.15849999999999997
6.0,-0.1284214,-0.07580984,1.000056,-0.1845263,-0.09629481,1.000074,-0.1564738,-0.08605213,1.000065,0.09851307,-0.05214607,-0.9937687,0.0,0.0284958,0.9983644,-0.04956241,0.0,-0.9947278,0.02343568,-0.09983784,0.0,-0.8058523,-1.540377,-0.8445482,1.0,0.098513,0.02849579,-0.9947276,0.0,-0.05214606,0.9983645,0.02343568,0.0,-0.9937685,-0.04956241,-0.09983786,0.0,-0.840223,1.518963,-0.8498216,1.0,0.965441,0.9674204,-0.1519722,-0.08254279,0.984932,0.002280509,0.0001741715,-0.02882243,20.73333,1265.0,-0.175,-0.15849999999999997
6.0,-0.1283859,-0.07578054,1.00004,-0.1862547,-0.09730832,1.000063,-0.1573204,-0.08654419,1.000051,0.09874868,-0.05172108,-0.9937673,0.0,0.02859141,0.9983836,-0.04912025,0.0,-0.9947016,0.02356265,-0.1000679,0.0,-0.8057846,-1.539913,-0.8453896,1.0,0.09874869,0.0285914,-0.9947016,0.0,-0.05172107,0.9983835,0.02356264,0.0,-0.9937674,-0.04912026,-0.1000678,0.0,-0.8401964,1.518937,-0.8498271,1.0,0.9745537,0.9732133,-0.1527579,-0.0830024,0.9847718,0.002280357,0.0001761322,-0.02883345,20.74445,1266.0,-0.175,-0.15849999999999997
6.0,-0.1274678,-0.0758374,1.000022,-0.1871396,-0.09661286,1.00004,-0.1573037,-0.08622518,1.000031,0.09947199,-0.05149183,-0.9937071,0.0,0.02845666,0.9983989,-0.04888638,0.0,-0.9946334,0.02341476,-0.100778,0.0,-0.8048785,-1.539842,-0.8460811,1.0,0.09947204,0.02845666,-0.9946334,0.0,-0.05149183,0.9983988,0.02341476,0.0,-0.9937072,-0.04888638,-0.100778,0.0,-0.8399833,1.518919,-0.8497704,1.0,0.9745537,0.9732133,-0.15275,-0.0826989,0.9847987,0.002280221,0.0001736832,-0.02882694,20.76667,1267.0,-0.175,-0.15849999999999997
6.0,-0.1261157,-0.0767981,0.9999814,-0.1865586,-0.09623223,1.000015,-0.156337,-0.08651499,0.9999983,0.10006,-0.0514648,-0.9936495,0.0,0.02805529,0.9984103,-0.04888622,0.0,-0.9945858,0.02298557,-0.1013448,0.0,-0.803736,-1.540186,-0.8464252,1.0,0.10006,0.02805529,-0.9945858,0.0,-0.0514648,0.9984103,0.02298556,0.0,-0.9936495,-0.04888622,-0.1013448,0.0,-0.8398935,1.518908,-0.8497632,1.0,0.9675427,0.9675583,-0.1518471,-0.0829883,0.9849139,0.00227945,0.0001728745,-0.02882468,20.77778,1268.0,-0.175,-0.15849999999999997
6.0,-0.1261237,-0.07721043,1.000095,-0.1865079,-0.09609634,1.000114,-0.1563158,-0.08665338,1.000105,0.1004444,-0.05167497,-0.9936,0.0,0.02801883,0.9984012,-0.04909221,0.0,-0.9945481,0.02290846,-0.1017317,0.0,-0.803257,-1.540397,-0.8464627,1.0,0.1004444,0.02801882,-0.9945479,0.0,-0.05167496,0.9984011,0.02290846,0.0,-0.9935997,-0.0490922,-0.1017317,0.0,-0.8399623,1.518885,-0.8497016,1.0,0.9641519,0.9797111,-0.1518094,-0.08311071,0.9849094,0.002278206,0.0001712418,-0.02882088,20.78889,1269.0,-0.175,-0.15849999999999997
6.0,-0.125588,-0.07905746,0.9999707,-0.1852014,-0.09606094,0.9999934,-0.1553947,-0.08755937,0.9999821,0.1010805,-0.051929,-0.993522,0.0,0.028609,0.9983756,-0.04927202,0.0,-0.9944668,0.02344324,-0.1024019,0.0,-0.8035387,-1.540171,-0.8465903,1.0,0.1010805,0.028609,-0.9944669,0.0,-0.051929,0.9983755,0.02344324,0.0,-0.993522,-0.04927202,-0.1024019,0.0,-0.8398637,1.518945,-0.8496785,1.0,0.9673163,0.9854863,-0.1509622,-0.08398745,0.9849652,0.002281128,0.0001631088,-0.02878646,20.81111,1270.0,-0.175,-0.15849999999999997
6.0,-0.1239803,-0.07803039,1.000011,-0.1852579,-0.09644868,1.00002,-0.1546192,-0.08723947,1.000015,0.1011958,-0.05174796,-0.9935198,0.0,0.02837876,0.9983901,-0.04911109,0.0,-0.9944617,0.02322502,-0.1025014,0.0,-0.803072,-1.540209,-0.8469028,1.0,0.1011957,0.02837875,-0.9944616,0.0,-0.05174796,0.9983901,0.02322502,0.0,-0.9935197,-0.04911109,-0.1025014,0.0,-0.8398499,1.518927,-0.8496616,1.0,0.9707563,0.975148,-0.1502364,-0.08369049,0.9851015,0.002280991,0.0001629868,-0.02878071,20.82222,1271.0,-0.175,-0.15849999999999997
6.0,-0.1227109,-0.07993291,0.9999057,-0.1847095,-0.09605879,0.9998754,-0.1537101,-0.08799604,0.9998905,0.1004468,-0.05137978,-0.993615,0.0,0.02827618,0.9984097,-0.04876921,0.0,-0.9945406,0.02319692,-0.1017398,0.0,-0.8037351,-1.539981,-0.8466126,1.0,0.1004467,0.02827618,-0.9945405,0.0,-0.05137977,0.9984097,0.02319693,0.0,-0.9936149,-0.04876921,-0.1017398,0.0,-0.8395982,1.51897,-0.8497586,1.0,0.9630219,0.9722425,-0.149395,-0.0844304,0.9851663,0.002280747,0.0001621628,-0.02877222,20.84444,1272.0,-0.175,-0.15849999999999997
6.0,-0.1220012,-0.07967625,0.9999932,-0.1839496,-0.09634782,0.9999818,-0.1529754,-0.08801228,0.9999875,0.1002962,-0.05149142,-0.9936243,0.0,0.02823976,0.9984049,-0.04888864,0.0,-0.9945568,0.02315637,-0.1015903,0.0,-0.8038719,-1.540054,-0.846333,1.0,0.1002962,0.02823976,-0.9945568,0.0,-0.05149142,0.9984049,0.02315637,0.0,-0.9936243,-0.04888865,-0.1015903,0.0,-0.8396113,1.518923,-0.8498135,1.0,0.9798254,0.9713494,-0.1486951,-0.08444676,0.9852707,0.002280456,0.0001605911,-0.02875558,20.85556,1273.0,-0.175,-0.15849999999999997
6.0,-0.1227176,-0.0788551,1.000037,-0.1837792,-0.09635103,1.000044,-0.1532483,-0.08760319,1.000041,0.1005371,-0.0518735,-0.9935802,0.0,0.02820145,0.9983872,-0.04927086,0.0,-0.9945337,0.02306684,-0.1018379,0.0,-0.8035713,-1.540488,-0.8459635,1.0,0.1005371,0.02820144,-0.9945334,0.0,-0.05187349,0.9983872,0.02306685,0.0,-0.99358,-0.04927085,-0.1018379,0.0,-0.8396542,1.518984,-0.8497954,1.0,0.9714202,0.9746236,-0.1489466,-0.08404911,0.9852668,0.002278374,0.0001592255,-0.02875212,20.86667,1274.0,-0.175,-0.15849999999999997
6.0,-0.1216806,-0.07733374,0.9998683,-0.1832826,-0.09765212,0.9998646,-0.1524817,-0.08749299,0.9998666,0.1008127,-0.05248134,-0.9935204,0.0,0.02848097,0.9983507,-0.04984653,0.0,-0.9944978,0.02327125,-0.1021411,0.0,-0.8038093,-1.540794,-0.8452049,1.0,0.1008127,0.02848096,-0.9944976,0.0,-0.05248132,0.9983507,0.02327126,0.0,-0.9935201,-0.04984653,-0.1021411,0.0,-0.8395569,1.519016,-0.8498604,1.0,0.9697723,0.9695764,-0.148254,-0.08396631,0.9853783,0.00227813,0.0001580582,-0.02875238,20.88889,1275.0,-0.175,-0.15849999999999997
6.0,-0.1216436,-0.07734114,0.9999671,-0.1830297,-0.09948679,0.9999497,-0.1523367,-0.08841415,0.9999583,0.1005283,-0.05248563,-0.9935488,0.0,0.02850234,0.9983497,-0.04985534,0.0,-0.9945258,0.02330659,-0.1018583,0.0,-0.8041255,-1.540764,-0.8449767,1.0,0.1005283,0.02850233,-0.9945258,0.0,-0.05248563,0.9983497,0.02330659,0.0,-0.9935489,-0.04985535,-0.1018584,0.0,-0.8395563,1.519014,-0.8498816,1.0,0.9783294,0.959488,-0.1480943,-0.08483641,0.9853278,0.002277358,0.0001570435,-0.02874783,20.9,1276.0,-0.175,-0.15849999999999997
6.0,-0.1209588,-0.07598805,1.000063,-0.1834931,-0.09933012,1.000089,-0.1522261,-0.08765914,1.000076,0.1008575,-0.05247864,-0.9935159,0.0,0.02854437,0.9983494,-0.04983625,0.0,-0.9944914,0.02333293,-0.1021889,0.0,-0.8038794,-1.540772,-0.8451915,1.0,0.1008574,0.02854437,-0.9944912,0.0,-0.05247863,0.9983494,0.02333293,0.0,-0.9935158,-0.04983625,-0.102189,0.0,-0.8394914,1.519053,-0.8498695,1.0,0.9827335,0.9802095,-0.1479812,-0.08410581,0.9854074,0.002275743,0.0001527405,-0.02875199,20.92222,1277.0,-0.175,-0.15849999999999997
6.0,-0.1209334,-0.07568243,1.000031,-0.1835991,-0.09998984,1.000079,-0.1522661,-0.08783602,1.000055,0.1017432,-0.05274739,-0.9934114,0.0,0.02835014,0.9983415,-0.05010561,0.0,-0.9944068,0.02306544,-0.1030698,0.0,-0.8027529,-1.541267,-0.84539,1.0,0.1017431,0.02835013,-0.9944065,0.0,-0.05274739,0.9983414,0.02306544,0.0,-0.9934113,-0.05010561,-0.1030698,0.0,-0.8394431,1.51911,-0.8498468,1.0,0.9780471,0.9648192,-0.1480198,-0.08427425,0.9853873,0.002275743,0.0001518784,-0.02875199,20.93333,1278.0,-0.175,-0.15849999999999997
6.0,-0.1220486,-0.07562722,0.9999882,-0.1836849,-0.1000156,0.9999994,-0.1528667,-0.0878213,0.9999939,0.1020827,-0.0531291,-0.9933562,0.0,0.02828934,0.998324,-0.05048763,0.0,-0.9943737,0.02294747,-0.1034145,0.0,-0.8023429,-1.541718,-0.8450326,1.0,0.1020826,0.02828933,-0.9943736,0.0,-0.0531291,0.998324,0.02294748,0.0,-0.9933561,-0.05048763,-0.1034146,0.0,-0.8394231,1.519168,-0.8498387,1.0,0.9765992,0.9760082,-0.1485921,-0.08425812,0.9853024,0.002276871,0.0001517945,-0.02875199,20.94444,1279.0,-0.175,-0.15849999999999997
6.0,-0.1218078,-0.07573055,0.999896,-0.1841144,-0.09952968,0.9998565,-0.1529611,-0.08763041,0.9998762,0.1011555,-0.05373611,-0.9934184,0.0,0.02853947,0.998286,-0.05109336,0.0,-0.9944612,0.02318326,-0.1025156,0.0,-0.8036716,-1.542017,-0.8432938,1.0,0.1011554,0.02853947,-0.9944612,0.0,-0.0537361,0.998286,0.02318326,0.0,-0.9934183,-0.05109335,-0.1025157,0.0,-0.8393097,1.519224,-0.8499221,1.0,0.9891046,0.9693013,-0.1486997,-0.08408359,0.9853012,0.002277427,0.0001505051,-0.02875199,20.96667,1280.0,-0.175,-0.15849999999999997
6.0,-0.1222519,-0.07648936,1.000087,-0.1840984,-0.1005476,1.000092,-0.1531752,-0.08851852,1.00009,0.1011945,-0.053617,-0.9934208,0.0,0.02840806,0.9982952,-0.0509863,0.0,-0.9944611,0.02306162,-0.1025451,0.0,-0.8034344,-1.542039,-0.8435589,1.0,0.1011945,0.02840805,-0.9944609,0.0,-0.053617,0.9982952,0.02306162,0.0,-0.9934208,-0.0509863,-0.1025451,0.0,-0.8393853,1.519224,-0.8499251,1.0,0.9809405,0.980199,-0.1488596,-0.08490712,0.9852064,0.002277427,0.0001492691,-0.02875199,20.97778,1281.0,-0.175,-0.15849999999999997
6.0,-0.1218576,-0.07882068,1.000007,-0.1840225,-0.102886,1.0,-0.1529401,-0.09085348,1.000004,0.1017493,-0.0540311,-0.9933418,0.0,0.02832043,0.9982766,-0.05139863,0.0,-0.9944069,0.02290209,-0.1031041,0.0,-0.8029076,-1.542571,-0.8434423,1.0,0.1017493,0.02832042,-0.9944068,0.0,-0.05403109,0.9982766,0.02290209,0.0,-0.9933415,-0.05139862,-0.1031041,0.0,-0.8394778,1.519299,-0.850051,1.0,0.9658402,0.9676262,-0.1486232,-0.08713568,0.9850475,0.002278779,0.0001488495,-0.02875845,21.0,1282.0,-0.175,-0.15849999999999997
6.0,-0.1221159,-0.08075304,0.9998403,-0.1850807,-0.1032998,0.9997624,-0.1535983,-0.09202676,0.9998014,0.100651,-0.05438448,-0.9934343,0.0,0.0282472,0.9982586,-0.05178668,0.0,-0.9945208,0.02284935,-0.1020119,0.0,-0.8039511,-1.542886,-0.8420053,1.0,0.100651,0.02824719,-0.9945207,0.0,-0.05438448,0.9982586,0.02284935,0.0,-0.9934343,-0.05178668,-0.102012,0.0,-0.8394675,1.519304,-0.8501866,1.0,0.9837907,0.9865975,-0.1492544,-0.08825649,0.9848523,0.002279433,0.0001461944,-0.02875534,21.01111,1283.0,-0.175,-0.15849999999999997
6.0,-0.1215379,-0.08072761,1.000006,-0.1853791,-0.1056855,0.9999667,-0.1534586,-0.09320689,0.9999865,0.09888822,-0.05451427,-0.9936043,0.0,0.02839843,0.9982462,-0.0519426,0.0,-0.9946934,0.02308029,-0.1002629,0.0,-0.8058845,-1.542708,-0.8405453,1.0,0.09888823,0.02839843,-0.9946931,0.0,-0.05451426,0.9982463,0.02308029,0.0,-0.9936041,-0.0519426,-0.1002629,0.0,-0.8395764,1.519228,-0.8502771,1.0,0.9924113,0.9926113,-0.1490805,-0.0893652,0.9847785,0.002278457,0.0001486435,-0.02876365,21.03333,1284.0,-0.175,-0.15849999999999997
6.0,-0.1209672,-0.08095264,1.000092,-0.1853724,-0.1039884,1.000099,-0.1531698,-0.0924705,1.000096,0.0988701,-0.0541823,-0.9936242,0.0,0.02849925,0.9982612,-0.05159935,0.0,-0.9946921,0.02321591,-0.1002423,0.0,-0.8060851,-1.542335,-0.8411315,1.0,0.09887009,0.02849925,-0.9946921,0.0,-0.0541823,0.998261,0.02321591,0.0,-0.9936243,-0.05159935,-0.1002423,0.0,-0.8396382,1.519224,-0.8503168,1.0,0.9924113,0.9926113,-0.1488044,-0.08865462,0.9848845,0.002278457,0.0001427078,-0.02876365,21.04445,1285.0,-0.175,-0.15849999999999997
6.0,-0.1212007,-0.08052322,1.000047,-0.1853854,-0.1052714,1.00004,-0.1532931,-0.09289722,1.000043,0.09903473,-0.05446001,-0.9935926,0.0,0.02857196,0.9982452,-0.05186716,0.0,-0.9946737,0.02325224,-0.100417,0.0,-0.8060935,-1.542559,-0.8409755,1.0,0.09903479,0.02857196,-0.9946737,0.0,-0.05446001,0.9982452,0.02325224,0.0,-0.9935926,-0.05186716,-0.100417,0.0,-0.8397635,1.519265,-0.8503802,1.0,0.9678012,0.9840544,-0.1489211,-0.08906073,0.9848303,0.002277992,0.0001403122,-0.02876365,21.06667,1286.0,-0.175,-0.15849999999999997
6.0,-0.1212613,-0.081671,1.000142,-0.1854841,-0.1057303,1.000115,-0.1533728,-0.09370085,1.000129,0.09856302,-0.05428459,-0.9936492,0.0,0.02844571,0.9982567,-0.0517147,0.0,-0.9947242,0.02316789,-0.09993535,0.0,-0.8063565,-1.542491,-0.8410318,1.0,0.098563,0.0284457,-0.9947241,0.0,-0.05428458,0.9982567,0.0231679,0.0,-0.993649,-0.0517147,-0.09993533,0.0,-0.839947,1.519246,-0.8504148,1.0,0.9847623,0.9864152,-0.1489733,-0.08981526,0.9847538,0.002277992,0.0001403122,-0.02876365,21.07778,1287.0,-0.175,-0.15849999999999997
6.0,-0.1221608,-0.08307517,1.000149,-0.1852706,-0.1067297,1.000139,-0.1537156,-0.09490244,1.000144,0.09853709,-0.05464949,-0.9936317,0.0,0.02847056,0.998237,-0.05207939,0.0,-0.9947261,0.02315749,-0.09991926,0.0,-0.8063739,-1.542737,-0.8406317,1.0,0.09853707,0.02847055,-0.994726,0.0,-0.05464948,0.998237,0.02315749,0.0,-0.9936316,-0.0520794,-0.09991927,0.0,-0.8401302,1.519195,-0.8503905,1.0,0.9910434,0.9781473,-0.1492778,-0.09095058,0.9846036,0.002280053,0.0001412353,-0.02876937,21.08889,1288.0,-0.175,-0.15849999999999997
6.0,-0.1225517,-0.08310133,1.000042,-0.1849002,-0.104248,1.000083,-0.153726,-0.09367455,1.000062,0.09949172,-0.05470781,-0.9935334,0.0,0.02860064,0.9982321,-0.05210249,0.0,-0.9946274,0.02323192,-0.1008805,0.0,-0.8056282,-1.542761,-0.8413841,1.0,0.0994917,0.02860063,-0.9946272,0.0,-0.0547078,0.998232,0.02323192,0.0,-0.9935332,-0.05210249,-0.1008805,0.0,-0.8401909,1.519237,-0.8503376,1.0,0.988791,0.9914436,-0.1493227,-0.08978132,0.984704,0.002285179,0.0001282349,-0.0287484,21.11111,1289.0,-0.175,-0.15849999999999997
6.0,-0.1221899,-0.08334274,1.000107,-0.187092,-0.1050513,1.000131,-0.154641,-0.09419692,1.000119,0.09990025,-0.05478409,-0.9934881,0.0,0.02853236,0.9982302,-0.05217652,0.0,-0.9945883,0.02313412,-0.1012865,0.0,-0.8051716,-1.542926,-0.8416429,1.0,0.09990022,0.02853236,-0.9945883,0.0,-0.05478409,0.9982301,0.02313411,0.0,-0.9934881,-0.05217651,-0.1012866,0.0,-0.8402532,1.519255,-0.8503671,1.0,0.9906486,0.9989146,-0.1501696,-0.09025629,0.9845318,0.00228952,0.000123024,-0.0287387,21.12222,1290.0,-0.175,-0.15849999999999997
6.0,-0.1228629,-0.08326386,1.000035,-0.188074,-0.1064706,1.000008,-0.1554685,-0.09486747,1.000022,0.0989204,-0.0550162,-0.9935734,0.0,0.02858892,0.9982154,-0.05242693,0.0,-0.9946847,0.02321909,-0.1003167,0.0,-0.8062007,-1.543043,-0.840759,1.0,0.09892037,0.02858892,-0.9946845,0.0,-0.0550162,0.9982155,0.0232191,0.0,-0.9935732,-0.05242692,-0.1003167,0.0,-0.8404984,1.519259,-0.8504295,1.0,0.993411,0.9942088,-0.1509488,-0.09089066,0.9843543,0.00229039,0.0001236649,-0.02874143,21.14445,1291.0,-0.175,-0.15849999999999997
6.0,-0.1233285,-0.08271559,1.000144,-0.1886057,-0.1068144,1.000138,-0.1559671,-0.09476498,1.000141,0.09889287,-0.05514748,-0.9935689,0.0,0.028437,0.998212,-0.05257478,0.0,-0.9946917,0.02305485,-0.1002843,0.0,-0.8060367,-1.543268,-0.8406634,1.0,0.09889285,0.02843699,-0.9946916,0.0,-0.05514746,0.9982119,0.02305484,0.0,-0.9935687,-0.05257476,-0.1002843,0.0,-0.8406529,1.519232,-0.8504834,1.0,1.0,1.0,-0.1513994,-0.09077676,0.9842955,0.00229039,0.0001236649,-0.02874143,21.15556,1292.0,-0.175,-0.15849999999999997
6.0,-0.1241212,-0.08154019,1.00018,-0.188481,-0.1064973,1.000205,-0.156301,-0.09401858,1.000193,0.09955996,-0.05551698,-0.9934816,0.0,0.02785728,0.9982064,-0.05298934,0.0,-0.9946415,0.02240008,-0.1009279,0.0,-0.8045704,-1.544175,-0.840778,1.0,0.09955996,0.02785728,-0.9946415,0.0,-0.05551698,0.9982064,0.02240008,0.0,-0.9934816,-0.05298935,-0.1009279,0.0,-0.8409224,1.519266,-0.8505275,1.0,0.9957895,0.9910607,-0.1517138,-0.09005985,0.984313,0.002290489,0.0001238098,-0.02874305,21.17778,1293.0,-0.175,-0.15849999999999997
6.0,-0.1245188,-0.08191992,1.000095,-0.1876617,-0.105523,1.000098,-0.1560903,-0.09372152,1.000096,0.0996421,-0.05548262,-0.9934752,0.0,0.02741701,0.9982182,-0.05299766,0.0,-0.9946455,0.02195733,-0.1009857,0.0,-0.8038646,-1.544545,-0.8408974,1.0,0.09964209,0.02741702,-0.9946456,0.0,-0.05548262,0.9982182,0.02195733,0.0,-0.9934753,-0.05299767,-0.1009857,0.0,-0.8410075,1.519267,-0.850565,1.0,0.9911807,0.9912997,-0.1515359,-0.08978999,0.984365,0.002292978,0.0001257095,-0.0287482,21.18889,1294.0,-0.175,-0.15849999999999997
6.0,-0.1249486,-0.08181432,1.000122,-0.1886582,-0.10595,1.000117,-0.1568035,-0.09388223,1.00012,0.09952992,-0.05533831,-0.9934946,0.0,0.0271648,0.9982313,-0.05288073,0.0,-0.9946637,0.02172486,-0.1008571,0.0,-0.8036097,-1.544641,-0.8411103,1.0,0.09952991,0.02716479,-0.9946636,0.0,-0.0553383,0.9982312,0.02172486,0.0,-0.9934945,-0.05288073,-0.1008571,0.0,-0.8411331,1.519261,-0.8505961,1.0,0.9987597,0.9862521,-0.1521931,-0.08993631,0.9842503,0.00229261,0.0001329498,-0.02877166,21.2,1295.0,-0.175,-0.15849999999999997
6.0,-0.1249706,-0.08189595,1.000158,-0.188726,-0.1062467,1.000172,-0.1568484,-0.09407106,1.000165,0.09987754,-0.05507603,-0.9934743,0.0,0.02670805,0.9982555,-0.05265603,0.0,-0.9946412,0.0212746,-0.1011743,0.0,-0.8025683,-1.544751,-0.8419205,1.0,0.09987754,0.02670805,-0.9946411,0.0,-0.05507603,0.9982556,0.0212746,0.0,-0.9934742,-0.05265604,-0.1011743,0.0,-0.8413465,1.519159,-0.8505841,1.0,0.991937,0.9934281,-0.152224,-0.0901123,0.9842294,0.00229261,0.0001355972,-0.02878653,21.22222,1296.0,-0.175,-0.15849999999999997
6.0,-0.1252308,-0.08111579,1.000194,-0.1889521,-0.1064318,1.00023,-0.1570913,-0.09377363,1.000212,0.1003718,-0.0548798,-0.9934354,0.0,0.02665616,0.9982675,-0.05245354,0.0,-0.9945929,0.02121631,-0.1016608,0.0,-0.802034,-1.544642,-0.8427254,1.0,0.1003718,0.02665616,-0.9945928,0.0,-0.0548798,0.9982676,0.02121632,0.0,-0.9934353,-0.05245354,-0.1016608,0.0,-0.8414611,1.519141,-0.8505977,1.0,0.9938827,0.9953899,-0.1524464,-0.08982311,0.9842215,0.00229245,0.0001369629,-0.02879945,21.23333,1297.0,-0.175,-0.15849999999999997
6.0,-0.1251739,-0.08138079,0.9999019,-0.1895593,-0.1075844,0.9999219,-0.1573665,-0.09448246,0.9999119,0.1008021,-0.05510742,-0.9933791,0.0,0.02670387,0.998255,-0.05266816,0.0,-0.994548,0.02121801,-0.1020977,0.0,-0.8017964,-1.544914,-0.8427104,1.0,0.1008021,0.02670387,-0.994548,0.0,-0.05510743,0.998255,0.021218,0.0,-0.9933792,-0.05266816,-0.1020978,0.0,-0.8414446,1.519245,-0.8506839,1.0,0.987731,0.9868171,-0.1527361,-0.0905182,0.9841129,0.00229245,0.0001382752,-0.02880648,21.25556,1298.0,-0.175,-0.15849999999999997
6.0,-0.1254572,-0.08092387,0.9999607,-0.1887514,-0.1067203,0.999957,-0.1571044,-0.0938219,0.9999589,0.1007112,-0.05503074,-0.9933927,0.0,0.02671444,0.9982587,-0.05259197,0.0,-0.994557,0.02124133,-0.1020059,0.0,-0.8018916,-1.54484,-0.8427252,1.0,0.1007112,0.02671444,-0.994557,0.0,-0.05503074,0.9982586,0.02124133,0.0,-0.9933926,-0.05259196,-0.1020059,0.0,-0.8414112,1.519252,-0.8506755,1.0,0.9984798,0.9931876,-0.1524926,-0.08989164,0.984208,0.00229245,0.0001395111,-0.0288092,21.26667,1299.0,-0.175,-0.15849999999999997
6.0,-0.1255337,-0.08209175,1.000153,-0.1887167,-0.1064352,1.000171,-0.1571251,-0.09426336,1.000162,0.1011665,-0.05504965,-0.9933454,0.0,0.02738177,0.9982437,-0.05253243,0.0,-0.9944927,0.02188502,-0.1024962,0.0,-0.8024798,-1.544274,-0.8433715,1.0,0.1011665,0.02738176,-0.9944925,0.0,-0.05504964,0.9982437,0.02188503,0.0,-0.9933453,-0.05253243,-0.1024961,0.0,-0.8415867,1.51923,-0.850706,1.0,0.9988977,0.9942071,-0.1524767,-0.09029531,0.9841736,0.00229245,0.0001421051,-0.02881233,21.28889,1300.0,-0.175,-0.15849999999999997
6.0,-0.1254821,-0.08178655,1.000156,-0.1888255,-0.106002,1.000175,-0.1571538,-0.09389423,1.000165,0.1014174,-0.05499461,-0.9933227,0.0,0.02773037,0.9982392,-0.05243555,0.0,-0.9944574,0.02222733,-0.1027638,0.0,-0.8027294,-1.543916,-0.8438416,1.0,0.1014174,0.02773037,-0.9944575,0.0,-0.05499461,0.9982392,0.02222733,0.0,-0.9933228,-0.05243556,-0.1027639,0.0,-0.8417034,1.51921,-0.8506796,1.0,1.0,1.0,-0.1525066,-0.08994409,0.9842011,0.002291962,0.000142189,-0.02881709,21.3,1301.0,-0.175,-0.15849999999999997
6.0,-0.1267448,-0.08157366,1.000093,-0.1888288,-0.1078719,1.0001,-0.1577868,-0.09472264,1.000097,0.1021901,-0.05480176,-0.9932542,0.0,0.02755886,0.9982541,-0.05224226,0.0,-0.994383,0.02203431,-0.1035219,0.0,-0.8016921,-1.544042,-0.8447012,1.0,0.1021901,0.02755886,-0.9943831,0.0,-0.05480176,0.9982541,0.02203431,0.0,-0.9932542,-0.05224226,-0.1035219,0.0,-0.8416942,1.519311,-0.8506123,1.0,1.0,1.0,-0.1530963,-0.09073067,0.9840374,0.002291572,0.0001458588,-0.0288198,21.32222,1302.0,-0.175,-0.15849999999999997
6.0,-0.1272567,-0.08130145,1.000052,-0.1887102,-0.1072618,1.000028,-0.1579837,-0.09428188,1.00004,0.1019747,-0.05523716,-0.9932523,0.0,0.02764148,0.998229,-0.05267605,0.0,-0.9944029,0.02208333,-0.1033209,0.0,-0.8022394,-1.544403,-0.8439829,1.0,0.1019747,0.02764148,-0.9944029,0.0,-0.05523715,0.998229,0.02208334,0.0,-0.9932522,-0.05267605,-0.1033209,0.0,-0.8417882,1.519386,-0.8508447,1.0,0.9879817,0.9976208,-0.1532936,-0.09031729,0.9840446,0.002291664,0.000148674,-0.02882238,21.33333,1303.0,-0.175,-0.15849999999999997
6.0,-0.1272425,-0.0812941,0.9999604,-0.1892242,-0.1066633,0.9999131,-0.1582333,-0.09397892,0.9999368,0.1014223,-0.05580551,-0.9932771,0.0,0.02787501,0.9981928,-0.05323542,0.0,-0.994453,0.02228835,-0.1027946,0.0,-0.8031207,-1.544695,-0.8427792,1.0,0.1014223,0.02787501,-0.9944528,0.0,-0.05580551,0.9981928,0.02228835,0.0,-0.993277,-0.05323542,-0.1027946,0.0,-0.8418614,1.519425,-0.8508701,1.0,0.9966972,0.9855514,-0.1535455,-0.09003548,0.9840311,0.002291458,0.0001488266,-0.028823,21.34444,1304.0,-0.175,-0.15849999999999997
6.0,-0.1273419,-0.08135206,1.000068,-0.1890365,-0.1047089,1.000064,-0.1581893,-0.09303053,1.000066,0.1013786,-0.05707546,-0.9932093,0.0,0.02824807,0.9981155,-0.05447407,0.0,-0.9944468,0.02253375,-0.1027998,0.0,-0.8036981,-1.545542,-0.8410466,1.0,0.1013785,0.02824807,-0.9944468,0.0,-0.05707546,0.9981155,0.02253374,0.0,-0.9932094,-0.05447406,-0.1027998,0.0,-0.8420701,1.519517,-0.8508675,1.0,0.9879596,0.9967189,-0.1534972,-0.08912524,0.9841216,0.002290574,0.000149086,-0.02882299,21.36667,1305.0,-0.175,-0.15849999999999997
6.0,-0.1275305,-0.08129593,1.000339,-0.1889358,-0.1047511,1.000348,-0.1582331,-0.09302343,1.000344,0.1015481,-0.05723112,-0.9931831,0.0,0.02849209,0.9981017,-0.05460137,0.0,-0.9944226,0.02275319,-0.102986,0.0,-0.8038398,-1.545472,-0.8413162,1.0,0.1015481,0.02849209,-0.9944225,0.0,-0.05723112,0.9981017,0.02275319,0.0,-0.993183,-0.05460137,-0.102986,0.0,-0.8424017,1.519504,-0.8508357,1.0,1.0,1.0,-0.1534977,-0.08909481,0.9841242,0.002289887,0.0001489334,-0.02882244,21.37778,1306.0,-0.175,-0.15849999999999997
6.0,-0.1275059,-0.08103687,1.000095,-0.1881076,-0.1041174,1.000097,-0.1578067,-0.09257714,1.000096,0.1017088,-0.05739405,-0.9931573,0.0,0.02837011,0.9980956,-0.05477406,0.0,-0.9944097,0.02260496,-0.1031434,0.0,-0.8035343,-1.545739,-0.8412843,1.0,0.1017088,0.0283701,-0.9944095,0.0,-0.05739404,0.9980958,0.02260497,0.0,-0.9931571,-0.05477406,-0.1031434,0.0,-0.8425171,1.519511,-0.8508736,1.0,0.9828383,0.9830753,-0.1531394,-0.08869743,0.984216,0.002288887,0.0001490632,-0.02882705,21.4,1307.0,-0.175,-0.15849999999999997
6.0,-0.1273582,-0.0804763,1.000125,-0.1898406,-0.1046589,1.000135,-0.1585995,-0.09256747,1.00013,0.1018309,-0.05722708,-0.9931544,0.0,0.02807093,0.9981118,-0.05463454,0.0,-0.9944056,0.02231529,-0.103245,0.0,-0.8029268,-1.545928,-0.8416809,1.0,0.1018309,0.02807093,-0.9944055,0.0,-0.05722708,0.9981117,0.02231528,0.0,-0.9931543,-0.05463453,-0.103245,0.0,-0.8426253,1.519563,-0.8508364,1.0,0.9906598,0.9883286,-0.1538717,-0.0886763,0.9841036,0.002285956,0.0001509704,-0.02882997,21.41111,1308.0,-0.175,-0.15849999999999997
6.0,-0.1268656,-0.08039785,1.000223,-0.1887815,-0.1066986,1.000236,-0.1578234,-0.09354816,1.00023,0.1025919,-0.05774491,-0.9930461,0.0,0.0278173,0.9980897,-0.05516438,0.0,-0.9943345,0.02196443,-0.1040022,0.0,-0.8017431,-1.546676,-0.8417257,1.0,0.1025919,0.02781729,-0.9943345,0.0,-0.05774491,0.9980897,0.02196444,0.0,-0.993046,-0.05516438,-0.1040022,0.0,-0.8429326,1.51959,-0.8507704,1.0,0.9906598,0.9883286,-0.1531192,-0.08960894,0.9841366,0.002284935,0.0001508789,-0.02882861,21.43333,1309.0,-0.175,-0.15849999999999997
6.0,-0.1262478,-0.08097429,1.000094,-0.1884135,-0.1064215,1.000099,-0.1573307,-0.09369785,1.000097,0.1026903,-0.05787264,-0.9930285,0.0,0.02804033,0.9980778,-0.05526723,0.0,-0.9943181,0.02216944,-0.1041157,0.0,-0.8019471,-1.546618,-0.8417398,1.0,0.1026903,0.02804034,-0.9943182,0.0,-0.05787264,0.9980778,0.02216944,0.0,-0.9930284,-0.05526723,-0.1041157,0.0,-0.8430262,1.519611,-0.8507413,1.0,0.9994507,0.99667,-0.1526756,-0.08976861,0.9841909,0.002284935,0.0001508789,-0.02883125,21.44444,1310.0,-0.175,-0.15849999999999997
6.0,-0.1262702,-0.08083405,1.00015,-0.1881784,-0.106216,1.000164,-0.1572244,-0.0935249,1.000157,0.1029508,-0.05797524,-0.9929955,0.0,0.02819226,0.998069,-0.05534856,0.0,-0.9942869,0.0222966,-0.1043865,0.0,-0.8018816,-1.546565,-0.8419416,1.0,0.1029508,0.02819225,-0.9942867,0.0,-0.05797523,0.998069,0.02229661,0.0,-0.9929954,-0.05534856,-0.1043864,0.0,-0.8431522,1.519585,-0.8507044,1.0,1.0,1.0,-0.1525679,-0.08960003,0.984223,0.0022844,0.0001509704,-0.02884161,21.45556,1311.0,-0.175,-0.15849999999999997
6.0,-0.1261456,-0.08100364,1.000068,-0.1886761,-0.1062027,1.000094,-0.1574109,-0.09360304,1.00008,0.1036627,-0.05778732,-0.9929324,0.0,0.02832882,0.9980773,-0.0551292,0.0,-0.9942091,0.02241376,-0.1051005,0.0,-0.8013325,-1.546361,-0.8429126,1.0,0.1036628,0.02832882,-0.9942089,0.0,-0.05778732,0.9980773,0.02241376,0.0,-0.9929323,-0.0551292,-0.1051004,0.0,-0.8432468,1.519619,-0.8506227,1.0,1.0,1.0,-0.1527513,-0.08967712,0.9841875,0.002284707,0.0001508789,-0.02884892,21.47778,1312.0,-0.175,-0.15849999999999997
6.0,-0.126025,-0.08112754,1.000231,-0.1888263,-0.1058024,1.000244,-0.1574257,-0.09346486,1.000237,0.1038197,-0.05767511,-0.9929225,0.0,0.02838386,0.9980825,-0.05500703,0.0,-0.994191,0.02247216,-0.1052577,0.0,-0.8011732,-1.54616,-0.8434245,1.0,0.1038197,0.02838386,-0.9941911,0.0,-0.05767511,0.9980825,0.02247216,0.0,-0.9929225,-0.05500702,-0.1052577,0.0,-0.8434525,1.519541,-0.8505507,1.0,0.9904621,0.9871293,-0.1527423,-0.08953152,0.9842022,0.002284188,0.0001508789,-0.02886126,21.48889,1313.0,-0.175,-0.15849999999999997
6.0,-0.1245257,-0.08428951,1.000206,-0.1883917,-0.1054378,1.000198,-0.1564588,-0.09486368,1.000202,0.1036872,-0.05809397,-0.9929119,0.0,0.02858876,0.9980543,-0.05540939,0.0,-0.994199,0.02264088,-0.1051462,0.0,-0.8015103,-1.546326,-0.8430134,1.0,0.1036871,0.02858876,-0.994199,0.0,-0.05809396,0.9980543,0.02264088,0.0,-0.9929119,-0.05540939,-0.1051463,0.0,-0.8437639,1.519521,-0.8504903,1.0,1.0,1.0,-0.1518246,-0.09087356,0.9842212,0.002283776,0.0001506653,-0.02886508,21.51111,1314.0,-0.175,-0.15849999999999997
6.0,-0.1229591,-0.08435877,1.000098,-0.1880265,-0.1044591,1.000121,-0.1554929,-0.0944088,1.000109,0.1040837,-0.05832786,-0.9928567,0.0,0.0288189,0.9980365,-0.055611,0.0,-0.994151,0.02282484,-0.1055603,0.0,-0.8014283,-1.546343,-0.8430779,1.0,0.1040837,0.02881889,-0.9941508,0.0,-0.05832785,0.9980364,0.02282483,0.0,-0.9928567,-0.055611,-0.1055603,0.0,-0.8438347,1.519518,-0.8504411,1.0,0.9983025,0.9980946,-0.1509392,-0.09046208,0.9843953,0.002282517,0.0001505279,-0.02887073,21.52222,1315.0,-0.175,-0.15849999999999997
6.0,-0.1228473,-0.08423147,1.000129,-0.1883249,-0.1041307,1.000171,-0.155586,-0.09418099,1.00015,0.1051765,-0.05842554,-0.9927359,0.0,0.02874091,0.9980342,-0.05569238,0.0,-0.9940382,0.0226746,-0.106649,0.0,-0.800145,-1.54653,-0.8438492,1.0,0.1051765,0.02874091,-0.9940381,0.0,-0.05842553,0.9980342,0.0226746,0.0,-0.9927357,-0.05569238,-0.106649,0.0,-0.8439196,1.519491,-0.8503033,1.0,1.0,1.0,-0.151023,-0.09024105,0.9844027,0.002282105,0.0001501541,-0.02887109,21.54445,1316.0,-0.175,-0.15849999999999997
6.0,-0.1226516,-0.08401477,1.000031,-0.1886964,-0.1038195,1.000068,-0.155674,-0.09391686,1.00005,0.105727,-0.0583605,-0.9926811,0.0,0.02869872,0.9980395,-0.05561892,0.0,-0.993981,0.02260825,-0.1071946,0.0,-0.7995144,-1.54661,-0.8443369,1.0,0.105727,0.02869872,-0.9939809,0.0,-0.0583605,0.9980395,0.02260826,0.0,-0.9926811,-0.05561893,-0.1071946,0.0,-0.8438881,1.519562,-0.8502442,1.0,0.9844476,0.9918107,-0.151122,-0.0899971,0.9844098,0.002281259,0.0001491852,-0.02887186,21.55556,1317.0,-0.175,-0.15849999999999997
6.0,-0.1222825,-0.08443163,1.00006,-0.1890288,-0.104981,1.000064,-0.1556558,-0.09470633,1.000062,0.1059654,-0.05852413,-0.992646,0.0,0.02876611,0.9980291,-0.05577071,0.0,-0.9939536,0.0226448,-0.1074401,0.0,-0.7992886,-1.546668,-0.844466,1.0,0.1059655,0.02876611,-0.9939536,0.0,-0.05852413,0.9980291,0.0226448,0.0,-0.9926462,-0.05577071,-0.1074401,0.0,-0.8440764,1.519516,-0.8501614,1.0,0.9935262,0.9954372,-0.1510924,-0.09074607,0.9843456,0.002280312,0.0001496658,-0.02886874,21.57778,1318.0,-0.175,-0.15849999999999997
2.0,-0.04294804,-0.1603173,0.9999044,-0.09689882,-0.185474,0.9998926,-0.06992346,-0.1728956,0.9998985,0.1104624,-0.04224205,-0.9929821,0.0,0.03560706,0.9986232,-0.03852098,0.0,-0.9932423,0.03110206,-0.1118144,0.0,-0.8027585,-1.525863,-0.8843981,1.0,0.1104624,0.03560707,-0.9932423,0.0,-0.04224205,0.9986232,0.03110206,0.0,-0.9929823,-0.03852098,-0.1118144,0.0,-0.8539727,1.518278,-0.8487647,1.0,0.9545621,0.938265,-0.0685853,-0.1652838,0.9838584,0.001784729,-8.615872e-05,-0.02875726,25.5,1566.0,-0.0875,-0.246
2.0,-0.04199411,-0.1596834,0.9998927,-0.09716523,-0.187635,0.9998897,-0.06957975,-0.1736592,0.9998913,0.1104952,-0.04245714,-0.9929695,0.0,0.03585253,0.9986072,-0.03870861,0.0,-0.9932298,0.03132335,-0.1118634,0.0,-0.8031964,-1.52584,-0.8840652,1.0,0.1104951,0.03585253,-0.9932297,0.0,-0.04245713,0.9986071,0.03132335,0.0,-0.9929694,-0.03870861,-0.1118634,0.0,-0.8538831,1.51829,-0.8488587,1.0,0.946398,0.9559143,-0.06825011,-0.166,0.9837611,0.001784088,-8.615872e-05,-0.02875006,25.51111,1567.0,-0.0875,-0.246
2.0,-0.04298039,-0.1598619,0.9999219,-0.09780046,-0.1879786,0.9999328,-0.0703904,-0.1739203,0.9999273,0.1107509,-0.04247755,-0.9929401,0.0,0.03644422,0.9985878,-0.03865422,0.0,-0.9931799,0.03190593,-0.1121426,0.0,-0.8039386,-1.525264,-0.8843709,1.0,0.1107509,0.03644421,-0.9931797,0.0,-0.04247754,0.9985879,0.03190593,0.0,-0.99294,-0.03865423,-0.1121426,0.0,-0.8538797,1.518224,-0.8489661,1.0,0.9558775,0.9453171,-0.06901301,-0.1662289,0.9836692,0.001780166,-8.615872e-05,-0.02874602,25.53333,1568.0,-0.0875,-0.246
2.0,-0.04489291,-0.1597962,0.9999772,-0.09778793,-0.1879885,0.9999867,-0.07134044,-0.1738923,0.9999821,0.1107576,-0.04215591,-0.9929531,0.0,0.03645015,0.9986001,-0.03832988,0.0,-0.9931789,0.03194795,-0.1121392,0.0,-0.8040336,-1.524999,-0.8847963,1.0,0.1107576,0.03645013,-0.9931787,0.0,-0.0421559,0.9986001,0.03194795,0.0,-0.9929528,-0.03832987,-0.1121392,0.0,-0.8537958,1.518257,-0.8490489,1.0,0.9485081,0.961718,-0.06991353,-0.1661832,0.9836134,0.001779678,-8.73642e-05,-0.02874389,25.54445,1569.0,-0.0875,-0.246
2.0,-0.04627839,-0.1591067,0.9999651,-0.09803596,-0.1876617,0.9999811,-0.07215713,-0.173384,0.9999731,0.1108206,-0.040934,-0.992997,0.0,0.03611681,0.9986573,-0.03713661,0.0,-0.9931839,0.03174838,-0.1121502,0.0,-0.8036693,-1.524121,-0.8864289,1.0,0.1108206,0.03611681,-0.993184,0.0,-0.040934,0.9986573,0.03174838,0.0,-0.9929972,-0.03713662,-0.1121502,0.0,-0.8535467,1.518182,-0.8492163,1.0,0.9579338,0.9538299,-0.07069888,-0.1657015,0.9836385,0.001781524,-8.913424e-05,-0.02874222,25.56667,1570.0,-0.0875,-0.246
2.0,-0.04669006,-0.1600115,1.000173,-0.09776887,-0.1872037,1.000196,-0.07222952,-0.1736075,1.000184,0.1109385,-0.04032254,-0.9930089,0.0,0.0361237,0.9986799,-0.0365171,0.0,-0.9931705,0.03182,-0.1122487,0.0,-0.8036025,-1.523491,-0.8875316,1.0,0.1109386,0.0361237,-0.9931706,0.0,-0.04032255,0.9986799,0.03182,0.0,-0.993009,-0.03651709,-0.1122487,0.0,-0.8536073,1.518099,-0.8492612,1.0,0.9579338,0.9538299,-0.07075262,-0.1658746,0.9836054,0.001782875,-9.065249e-05,-0.02873917,25.57778,1571.0,-0.0875,-0.246
2.0,-0.04674169,-0.1599553,1.000014,-0.09811592,-0.1875599,1.000038,-0.07242885,-0.1737576,1.000026,0.1111948,-0.03993838,-0.9929958,0.0,0.03613132,0.998694,-0.03612161,0.0,-0.9931416,0.03186172,-0.1124926,0.0,-0.8034188,-1.52311,-0.888268,1.0,0.1111948,0.03613132,-0.9931417,0.0,-0.03993838,0.998694,0.03186172,0.0,-0.9929958,-0.03612161,-0.1124926,0.0,-0.853541,1.518064,-0.8493034,1.0,0.9491614,0.968165,-0.07095113,-0.1660362,0.9835638,0.001782875,-9.083559e-05,-0.02873901,25.58889,1572.0,-0.0875,-0.246
2.0,-0.04700071,-0.1594361,0.9999237,-0.09936117,-0.1890591,0.9999421,-0.07318097,-0.1742477,0.9999329,0.1118535,-0.03977461,-0.9929284,0.0,0.0358638,0.9987093,-0.03596612,0.0,-0.9930773,0.03158725,-0.1131356,0.0,-0.8024588,-1.523202,-0.8888251,1.0,0.1118535,0.03586381,-0.9930774,0.0,-0.03977461,0.9987093,0.03158725,0.0,-0.9929283,-0.03596612,-0.1131356,0.0,-0.8533665,1.518048,-0.8493477,1.0,0.9515929,0.9561145,-0.07166819,-0.1664983,0.9834337,0.001784111,-9.032441e-05,-0.0287396,25.61111,1573.0,-0.0875,-0.246
2.0,-0.04746552,-0.159062,0.9999986,-0.0990538,-0.1860344,1.000016,-0.07325983,-0.1725481,1.000007,0.1121065,-0.03954877,-0.992909,0.0,0.03553815,0.998728,-0.03576804,0.0,-0.9930606,0.03127631,-0.1133694,0.0,-0.801773,-1.523276,-0.8892646,1.0,0.1121065,0.03553814,-0.9930605,0.0,-0.03954876,0.998728,0.03127632,0.0,-0.9929088,-0.03576804,-0.1133694,0.0,-0.8533185,1.518025,-0.849382,1.0,0.9618269,0.9642119,-0.07175979,-0.1649052,0.9836955,0.001787178,-8.959963e-05,-0.02874605,25.62222,1574.0,-0.0875,-0.246
2.0,-0.04851657,-0.1589342,0.999936,-0.09855862,-0.1852946,0.9999521,-0.07353757,-0.1721144,0.9999441,0.1126734,-0.03884745,-0.9928725,0.0,0.03497707,0.9987713,-0.03510897,0.0,-0.9930164,0.03077192,-0.1138937,0.0,-0.8005742,-1.523157,-0.8904701,1.0,0.1126733,0.03497707,-0.9930161,0.0,-0.03884744,0.9987712,0.03077192,0.0,-0.9928723,-0.03510897,-0.1138937,0.0,-0.8530905,1.518023,-0.8495317,1.0,0.9598759,0.962755,-0.07203538,-0.1645086,0.9837417,0.001789185,-8.896639e-05,-0.02874775,25.64445,1575.0,-0.0875,-0.246
2.0,-0.04840744,-0.1580168,0.9999382,-0.09822741,-0.1846596,0.9999493,-0.07331742,-0.1713382,0.9999439,0.1128168,-0.03867027,-0.9928631,0.0,0.03486187,0.9987812,-0.03493949,0.0,-0.9930041,0.03067129,-0.1140274,0.0,-0.8003406,-1.52307,-0.8907382,1.0,0.1128168,0.03486186,-0.993004,0.0,-0.03867026,0.9987813,0.0306713,0.0,-0.9928629,-0.03493949,-0.1140274,0.0,-0.8529866,1.517993,-0.8495954,1.0,0.9632702,0.9585472,-0.07183617,-0.1637897,0.9838763,0.001790665,-8.802034e-05,-0.02874761,25.65556,1576.0,-0.0875,-0.246
2.0,-0.04838243,-0.1572822,0.9999465,-0.0983312,-0.1852527,0.9999567,-0.07335681,-0.1712676,0.9999515,0.1128637,-0.03835268,-0.9928701,0.0,0.03464312,0.9987991,-0.03464367,0.0,-0.9930065,0.0304861,-0.1140568,0.0,-0.8000692,-1.522961,-0.8911164,1.0,0.1128637,0.03464311,-0.9930062,0.0,-0.03835267,0.9987991,0.0304861,0.0,-0.99287,-0.03464368,-0.1140568,0.0,-0.8528736,1.517977,-0.8496824,1.0,0.9477738,0.9719074,-0.07187431,-0.1637239,0.9838844,0.001790825,-8.662415e-05,-0.02874371,25.66667,1577.0,-0.0875,-0.246
2.0,-0.04712747,-0.1572444,0.9999034,-0.09832278,-0.1848622,0.9998933,-0.07272516,-0.1710535,0.9998983,0.1123465,-0.03824326,-0.992933,0.0,0.03422561,0.9988151,-0.03459731,0.0,-0.9930796,0.03009685,-0.1135223,0.0,-0.8001252,-1.523192,-0.8906234,1.0,0.1123465,0.03422561,-0.9930794,0.0,-0.03824324,0.9988151,0.03009685,0.0,-0.9929327,-0.03459731,-0.1135222,0.0,-0.8526897,1.517959,-0.8498501,1.0,0.950753,0.9766909,-0.07127909,-0.1635406,0.9839582,0.001790825,-8.666993e-05,-0.02874189,25.68889,1578.0,-0.0875,-0.246
