flag,xl,yl,zl,xr,yr,zr,xc,yc,zc,mat_00,mat_10,mat_20,mat_30,mat_01,mat_11,mat_21,mat_31,mat_02,mat_12,mat_22,mat_32,mat_03,mat_13,mat_23,mat_33,ctw_00,ctw_10,ctw_20,ctw_30,ctw_01,ctw_11,ctw_21,ctw_31,ctw_02,ctw_12,ctw_22,ctw_32,ctw_03,ctw_13,ctw_23,ctw_33,opennessl,opennessr,ray_x,ray_y,ray_z,eye_x,eye_y,eye_z,time,frame,u,v
25.0,0.2484259,0.09259713,0.9997419,0.02084528,0.03718559,0.9998105,0.1346386,0.06489226,0.9997762,-0.9991533,0.03605862,0.01981672,0.0,0.0374996,0.9962533,0.07793042,0.0,0.01693241,-0.07860754,0.9967619,0.0,-0.5468036,-1.73146,0.8608407,1.0,-0.9991531,0.03749959,0.0169324,0.0,0.03605861,0.9962533,-0.07860754,0.0,0.01981672,0.07793041,0.9967617,0.0,-0.5009655,1.678392,-0.9849002,1.0,1.0,1.0,0.1324827,0.06199694,0.9892446,-0.002697991,0.0006237794,-0.02571104,37.22222,2319.0,0.175,0.104
25.0,0.2305301,0.09334217,1.000014,0.02159457,0.03782203,0.9999704,0.1260607,0.06558146,0.9999925,-0.9991549,0.03587604,0.02005729,0.0,0.03733808,0.996252,0.07802416,0.0,0.01718292,-0.07870713,0.9967496,0.0,-0.5463512,-1.731578,0.8608224,1.0,-0.9991549,0.03733808,0.01718292,0.0,0.03587604,0.9962521,-0.07870714,0.0,0.02005729,0.07802417,0.9967498,0.0,-0.5010331,1.678323,-0.9849241,1.0,1.0,1.0,0.1242278,0.06249927,0.9902835,-0.00269876,0.0008021698,-0.02641571,37.23333,2320.0,0.175,0.104
25.0,0.2262155,0.09144954,0.999841,0.02154369,0.0383083,0.9999002,0.1238818,0.06487967,0.9998705,-0.9991612,0.0358505,0.01979372,0.0,0.03729349,0.9962462,0.07811944,0.0,0.0169188,-0.07879208,0.9967476,0.0,-0.5465716,-1.731677,0.8606195,1.0,-0.999161,0.03729349,0.0169188,0.0,0.0358505,0.9962462,-0.07879208,0.0,0.01979372,0.07811943,0.9967474,0.0,-0.5010664,1.678329,-0.9850153,1.0,1.0,1.0,0.1221615,0.06180507,0.990584,-0.002699019,0.0008385925,-0.02654852,37.24445,2321.0,0.175,0.104
25.0,0.226996,0.09209321,0.9998785,0.02201752,0.03818637,0.9999127,0.124508,0.06514028,0.9998955,-0.9991695,0.03571009,0.01962996,0.0,0.03714234,0.9962436,0.07822459,0.0,0.01676282,-0.07888872,0.9967425,0.0,-0.5464595,-1.731806,0.8605037,1.0,-0.9991693,0.03714234,0.01676281,0.0,0.03571009,0.9962437,-0.07888872,0.0,0.01962996,0.0782246,0.9967425,0.0,-0.5010543,1.678285,-0.9851605,1.0,1.0,1.0,0.1227513,0.06204792,0.9904959,-0.002698821,0.0008399124,-0.02655195,37.26667,2322.0,0.175,0.104
25.0,0.2267027,0.08892009,0.9999146,0.02150026,0.03359465,0.9999379,0.1241024,0.06125764,0.9999263,-0.9991766,0.03554595,0.01955726,0.0,0.03697523,0.9962391,0.07836117,0.0,0.01669829,-0.07901978,0.9967332,0.0,-0.5462629,-1.732024,0.8602849,1.0,-0.9991767,0.03697523,0.01669829,0.0,0.03554595,0.996239,-0.07901978,0.0,0.01955727,0.07836117,0.9967332,0.0,-0.5010716,1.678295,-0.985217,1.0,1.0,1.0,0.1223773,0.05827177,0.9907715,-0.002697799,0.0008800583,-0.02665333,37.27778,2323.0,0.175,0.104
25.0,-0.2243494,0.1032341,0.9999751,0.01917725,0.03783407,0.9999391,-0.1025835,0.0705334,0.9999572,-0.9991903,0.03530243,0.01929901,0.0,0.03671047,0.9962563,0.07826741,0.0,0.01646373,-0.07891251,0.9967456,0.0,-0.5459884,-1.732081,0.8604442,1.0,-0.9991903,0.03671047,0.01646373,0.0,0.03530243,0.9962563,-0.07891251,0.0,0.01929901,0.07826741,0.9967456,0.0,-0.5010054,1.678295,-0.9853379,1.0,1.0,1.0,-0.09561175,0.06873709,0.9930426,-0.004146698,-0.0002346878,-0.02242668,37.3,2324.0,0.175,0.104
25.0,0.04978997,-0.09273235,0.9999415,0.01908155,0.03786438,0.999928,0.0344358,-0.02743351,0.9999348,-0.9992013,0.03491957,0.01942788,0.0,0.03634008,0.9962643,0.0783372,0.0,0.01661981,-0.07898065,0.9967376,0.0,-0.5452832,-1.732283,0.8604554,1.0,-0.9992012,0.03634008,0.01661981,0.0,0.03491957,0.9962644,-0.07898065,0.0,0.01942788,0.07833722,0.9967377,0.0,-0.5010739,1.678222,-0.9854026,1.0,1.0,1.0,0.03726585,-0.02650591,0.9989538,-0.003605301,-0.0003767777,-0.01979818,37.31111,2325.0,0.175,0.104
25.0,0.03974635,-0.0860689,0.9999533,0.01901841,0.03822388,0.9999437,0.02938244,-0.02392233,0.9999484,-0.9991987,0.03495082,0.01951002,0.0,0.03638027,0.9962509,0.07848933,0.0,0.01669361,-0.0791362,0.9967241,0.0,-0.5453184,-1.732407,0.8603354,1.0,-0.9991984,0.03638026,0.01669361,0.0,0.03495081,0.9962509,-0.07913619,0.0,0.01951002,0.07848931,0.9967239,0.0,-0.5011175,1.678223,-0.9855096,1.0,1.0,1.0,0.03232529,-0.02311043,0.9992102,-0.003615937,-0.0003311462,-0.0200659,37.33334,2326.0,0.175,0.104
25.0,0.03144209,-0.06905084,0.9999053,0.01896816,0.03820561,0.9998918,0.02520535,-0.01542238,0.9998986,-0.9991939,0.03500903,0.01965455,0.0,0.03645153,0.99624,0.0785946,0.0,0.01682913,-0.07924768,0.996713,0.0,-0.5453591,-1.732437,0.8603272,1.0,-0.9991934,0.03645153,0.01682913,0.0,0.03500903,0.99624,-0.07924765,0.0,0.01965455,0.07859459,0.9967127,0.0,-0.5011776,1.678185,-0.9856128,1.0,1.0,1.0,0.02823449,-0.01480396,0.9994917,-0.003615837,-0.0003110886,-0.02036135,37.34444,2327.0,0.175,0.104
25.0,0.03446797,-0.0712014,0.9999404,0.01871985,0.03976625,0.9999403,0.02659391,-0.01571769,0.9999404,-0.9991912,0.03503735,0.01974051,0.0,0.03648633,0.9962399,0.07857981,0.0,0.01691306,-0.0792365,0.9967126,0.0,-0.5453602,-1.732404,0.8604568,1.0,-0.9991908,0.03648632,0.01691305,0.0,0.03503734,0.9962399,-0.07923649,0.0,0.0197405,0.0785798,0.9967122,0.0,-0.5012059,1.678174,-0.9856737,1.0,1.0,1.0,0.0295895,-0.01509876,0.9994481,-0.003613075,-0.0003046799,-0.02036094,37.35556,2328.0,0.175,0.104
25.0,0.03496616,-0.07076806,0.9999496,0.01838626,0.03941655,0.9999394,0.02667633,-0.01567557,0.9999444,-0.9991819,0.03503191,0.02021375,0.0,0.03652293,0.9962181,0.0788388,0.0,0.01737543,-0.07951256,0.9966825,0.0,-0.5451082,-1.732619,0.8603714,1.0,-0.9991817,0.03652293,0.01737543,0.0,0.03503191,0.9962181,-0.07951255,0.0,0.02021375,0.0788388,0.9966823,0.0,-0.5013565,1.678145,-0.9858104,1.0,1.0,1.0,0.02966907,-0.01505609,0.9994464,-0.003611938,-0.0003051987,-0.02036014,37.37778,2329.0,0.175,0.104
25.0,0.03508934,-0.06957075,0.9999543,0.01808663,0.03952601,0.9999612,0.02658789,-0.01502255,0.9999577,-0.9991738,0.03515125,0.02040123,0.0,0.03665512,0.996221,0.07874098,0.0,0.01755629,-0.07942373,0.9966863,0.0,-0.5451629,-1.732508,0.8606793,1.0,-0.9991738,0.03665512,0.01755629,0.0,0.03515125,0.9962209,-0.07942373,0.0,0.02040124,0.07874098,0.9966864,0.0,-0.5013714,1.678173,-0.9858586,1.0,1.0,1.0,0.0295832,-0.01441636,0.9994583,-0.003612771,-0.0003061066,-0.02035755,37.38889,2330.0,0.175,0.104
25.0,0.03544466,-0.06786638,1.000027,0.01818465,0.04007907,1.00002,0.02681472,-0.01389348,1.000024,-0.9991612,0.03539189,0.02060273,0.0,0.03691697,0.9961849,0.07907391,0.0,0.01772555,-0.07976817,0.9966561,0.0,-0.545559,-1.732677,0.8602257,1.0,-0.999161,0.03691696,0.01772554,0.0,0.03539188,0.9961849,-0.07976815,0.0,0.02060272,0.07907389,0.9966556,0.0,-0.5015016,1.678186,-0.9858909,1.0,1.0,1.0,0.02980385,-0.01330924,0.9994672,-0.003612771,-0.0003061295,-0.02035252,37.41111,2331.0,0.175,0.104
25.0,0.03561365,-0.06796531,0.9999084,0.01802236,0.03963421,0.9999349,0.02681774,-0.01416621,0.9999216,-0.9991641,0.03534152,0.02055357,0.0,0.03685864,0.9962059,0.07883738,0.0,0.01768936,-0.07952905,0.9966757,0.0,-0.545539,-1.732503,0.8606917,1.0,-0.9991637,0.03685863,0.01768935,0.0,0.03534151,0.9962058,-0.07952902,0.0,0.02055357,0.07883736,0.9966754,0.0,-0.5015438,1.678183,-0.9859642,1.0,1.0,1.0,0.02980966,-0.01357826,0.9994633,-0.003612717,-0.0003057556,-0.02035178,37.42222,2332.0,0.175,0.104
25.0,0.03641877,-0.06860292,0.9999183,0.01756499,0.04063921,0.9998956,0.02699208,-0.01398139,0.999907,-0.9991546,0.03556217,0.02063015,0.0,0.03708814,0.9961821,0.07902966,0.0,0.01774092,-0.07972798,0.9966589,0.0,-0.5457422,-1.732697,0.8604887,1.0,-0.9991544,0.03708814,0.01774092,0.0,0.03556217,0.9961821,-0.07972796,0.0,0.02063014,0.07902965,0.9966586,0.0,-0.5014143,1.678318,-0.9860758,1.0,1.0,1.0,0.02998089,-0.01339748,0.9994606,-0.003612771,-0.0003055039,-0.02035139,37.43333,2333.0,0.175,0.104
25.0,0.03641899,-0.06939521,0.9999163,0.01694337,0.04311362,0.9999482,0.02668094,-0.01314181,0.9999321,-0.9991615,0.03553279,0.02034816,0.0,0.03703284,0.9962001,0.07882773,0.0,0.01746987,-0.07951517,0.9966807,0.0,-0.5458615,-1.732483,0.8607929,1.0,-0.9991612,0.03703283,0.01746987,0.0,0.03553279,0.9962002,-0.07951517,0.0,0.02034816,0.07882772,0.9966804,0.0,-0.5013592,1.678261,-0.9861579,1.0,1.0,1.0,0.02967535,-0.01257363,0.9994805,-0.003611535,-0.0003068085,-0.02033087,37.45555,2334.0,0.175,0.104
25.0,0.05251091,-0.12692,0.999947,0.0183001,0.04217202,0.999935,0.03540546,-0.04237364,0.9999411,-0.9991611,0.03562255,0.02020842,0.0,0.03711304,0.9961888,0.07893332,0.0,0.01731959,-0.07961709,0.9966753,0.0,-0.5460986,-1.732544,0.8605987,1.0,-0.9991608,0.03711304,0.01731959,0.0,0.03562254,0.9961888,-0.07961708,0.0,0.02020841,0.07893331,0.9966749,0.0,-0.5013141,1.678279,-0.986219,1.0,1.0,1.0,0.03820446,-0.04119335,0.9984205,-0.003610153,-0.0003061066,-0.01967769,37.46667,2335.0,0.175,0.104
25.0,0.05308563,-0.1313631,0.9999068,0.02115087,0.04027859,0.9999195,0.03711805,-0.04554271,0.9999132,-0.999163,0.03560911,0.02013313,0.0,0.03709808,0.996169,0.07918973,0.0,0.01723612,-0.07987034,0.9966563,0.0,-0.546014,-1.732834,0.8602405,1.0,-0.9991629,0.03709808,0.01723612,0.0,0.03560911,0.996169,-0.07987034,0.0,0.02013312,0.07918972,0.9966562,0.0,-0.5011715,1.67833,-0.9863549,1.0,1.0,1.0,0.03986684,-0.0442954,0.9982228,-0.0036018,-0.0003000794,-0.01966827,37.48889,2336.0,0.175,0.104
25.0,0.06145617,-0.1545693,0.9999502,0.02150585,0.03584426,0.9999347,0.0414811,-0.05936188,0.9999424,-0.9991657,0.03566232,0.01991516,0.0,0.03713606,0.9961567,0.07932674,0.0,0.01700965,-0.08000011,0.9966499,0.0,-0.5463009,-1.732923,0.8599513,1.0,-0.9991653,0.03713605,0.01700964,0.0,0.03566231,0.9961566,-0.0800001,0.0,0.01991516,0.07932673,0.9966496,0.0,-0.501171,1.678334,-0.9864117,1.0,1.0,1.0,0.04409292,-0.05782866,0.9973523,-0.003590912,-0.0002498169,-0.01955233,37.5,2337.0,0.175,0.104
25.0,0.08152483,-0.1587788,0.9999484,0.02159935,0.03652099,0.9999022,0.05156207,-0.06112675,0.9999253,-0.9991698,0.03557901,0.01984552,0.0,0.03705467,0.9961257,0.079753,0.0,0.01693109,-0.08042216,0.9966171,0.0,-0.5461781,-1.733387,0.8593363,1.0,-0.9991698,0.03705467,0.01693109,0.0,0.03557901,0.9961256,-0.08042217,0.0,0.01984551,0.079753,0.9966171,0.0,-0.5011064,1.678375,-0.9865847,1.0,1.0,1.0,0.05387674,-0.05953122,0.9967715,-0.00354074,-0.0002414017,-0.01952786,37.52222,2338.0,0.175,0.104
25.0,0.08430609,-0.1641428,0.9999112,0.02160077,0.03652155,0.9999323,0.05295345,-0.06381183,0.9999217,-0.999175,0.03537712,0.01994643,0.0,0.03685909,0.9961442,0.07961176,0.0,0.01705308,-0.08028128,0.9966264,0.0,-0.5457261,-1.733388,0.8597081,1.0,-0.999175,0.0368591,0.01705308,0.0,0.03537712,0.9961444,-0.08028128,0.0,0.01994643,0.07961176,0.9966264,0.0,-0.5011017,1.678377,-0.98666,1.0,1.0,1.0,0.05522825,-0.06214567,0.9965379,-0.00354074,-0.0002414017,-0.01946045,37.53333,2339.0,0.175,0.104
25.0,0.07616585,-0.1609681,0.9999726,0.02196572,0.03655542,0.9999557,0.04906581,-0.06220562,0.9999642,-0.9991783,0.03530957,0.01989705,0.0,0.03678949,0.9961388,0.07971211,0.0,0.01700563,-0.08037861,0.9966193,0.0,-0.5456145,-1.733522,0.8595474,1.0,-0.9991784,0.0367895,0.01700563,0.0,0.03530957,0.9961388,-0.08037861,0.0,0.01989705,0.07971209,0.9966193,0.0,-0.5010588,1.678385,-0.9867011,1.0,1.0,1.0,0.05146299,-0.06058433,0.9968355,-0.003562919,-0.0002494812,-0.01944998,37.54445,2340.0,0.175,0.104
25.0,0.0833278,-0.1636162,0.9998921,0.02145035,0.03488015,0.9998337,0.05238896,-0.06436531,0.9998628,-0.999171,0.03523802,0.02038246,0.0,0.03676127,0.9961212,0.07994441,0.0,0.01748632,-0.08062743,0.9965909,0.0,-0.5450988,-1.733801,0.8595957,1.0,-0.9991711,0.03676127,0.01748632,0.0,0.03523802,0.9961212,-0.08062743,0.0,0.02038247,0.07994442,0.996591,0.0,-0.501072,1.678395,-0.9869255,1.0,1.0,1.0,0.05467951,-0.06269076,0.996534,-0.003541122,-0.0002414017,-0.01946045,37.56667,2341.0,0.175,0.104
25.0,0.08512215,-0.1747023,0.9999983,0.01825972,0.03762426,0.999939,0.05169081,-0.06853592,0.9999686,-0.9991652,0.03533459,0.02051014,0.0,0.03687204,0.9960981,0.0801812,0.0,0.01759694,-0.0808705,0.9965694,0.0,-0.5451834,-1.733988,0.8592952,1.0,-0.999165,0.03687203,0.01759693,0.0,0.03533459,0.9960981,-0.0808705,0.0,0.02051013,0.08018119,0.9965692,0.0,-0.5010826,1.678425,-0.986982,1.0,1.0,1.0,0.05398675,-0.06674217,0.9963086,-0.003543008,-0.000252533,-0.01935267,37.57778,2342.0,0.175,0.104
25.0,0.09003296,-0.1759019,0.9999477,0.01791066,0.03760599,0.999938,0.05397179,-0.06914772,0.9999429,-0.9991589,0.0352674,0.0209289,0.0,0.03683925,0.9960979,0.08019896,0.0,0.01801882,-0.0809025,0.9965593,0.0,-0.5447823,-1.734027,0.8595731,1.0,-0.9991586,0.03683925,0.01801882,0.0,0.0352674,0.9960979,-0.08090248,0.0,0.02092889,0.08019895,0.996559,0.0,-0.5011593,1.678393,-0.9870861,1.0,1.0,1.0,0.05619643,-0.06733291,0.9961467,-0.003530479,-0.0002502365,-0.01934998,37.6,2343.0,0.175,0.104
25.0,-0.134853,0.1467148,0.9998646,0.01816007,0.03780666,0.999905,-0.05834864,0.09226201,0.9998851,-0.9991592,0.0350847,0.02121571,0.0,0.03667951,0.9961073,0.08015468,0.0,0.01832092,-0.08086547,0.9965566,0.0,-0.544295,-1.734191,0.8598902,1.0,-0.999159,0.03667951,0.01832092,0.0,0.03508471,0.9961074,-0.08086547,0.0,0.02121571,0.08015469,0.9965566,0.0,-0.501237,1.67848,-0.9871935,1.0,1.0,1.0,-0.05290458,0.09092434,0.9944515,-0.004096658,-0.0009782639,-0.01989353,37.61111,2344.0,0.175,0.104
25.0,0.04336153,0.1177704,0.9998775,0.01811253,0.03783809,0.9998947,0.03073686,0.07780458,0.9998862,-0.9991544,0.03516943,0.0213011,0.0,0.03677521,0.9960849,0.080389,0.0,0.01839047,-0.08110438,0.9965361,0.0,-0.5443202,-1.734319,0.8596174,1.0,-0.9991542,0.0367752,0.01839046,0.0,0.03516943,0.9960849,-0.08110436,0.0,0.02130109,0.08038899,0.9965358,0.0,-0.5011756,1.678443,-0.98729,1.0,1.0,1.0,0.03359096,0.07700013,0.9964651,-0.003631768,-0.0009782639,-0.01964514,37.62222,2345.0,0.175,0.104
25.0,0.07198687,-0.03420211,0.9999539,0.01814243,0.0358393,0.9999416,0.04506462,0.0008186474,0.9999476,-0.9991537,0.03512484,0.02140446,0.0,0.03673828,0.9960901,0.0803424,0.0,0.01849875,-0.08106077,0.9965374,0.0,-0.5442018,-1.734249,0.859871,1.0,-0.9991537,0.03673828,0.01849875,0.0,0.03512483,0.9960901,-0.08106076,0.0,0.02140445,0.0803424,0.9965374,0.0,-0.501231,1.678378,-0.9874062,1.0,1.0,1.0,0.04762434,0.001355359,0.9988644,-0.003548119,-0.0005649567,-0.01964584,37.64444,2346.0,0.175,0.104
25.0,0.07202412,-0.05964677,0.9999318,0.01926386,0.0359402,0.9999237,0.045644,-0.0118531,0.9999278,-0.9991572,0.03507875,0.02132491,0.0,0.03668833,0.9960812,0.08047534,0.0,0.01841837,-0.08118988,0.9965286,0.0,-0.5442017,-1.734398,0.8596694,1.0,-0.9991568,0.03668833,0.01841836,0.0,0.03507874,0.9960812,-0.08118986,0.0,0.0213249,0.08047534,0.9965283,0.0,-0.5012347,1.678385,-0.9874772,1.0,1.0,1.0,0.04818744,-0.01112947,0.9987763,-0.003547149,-0.000492302,-0.01965148,37.65556,2347.0,0.175,0.104
25.0,0.06812677,-0.1341107,0.9999345,0.02291401,0.03685649,0.9999219,0.04552047,-0.04862663,0.9999282,-0.9991632,0.03500057,0.0211641,0.0,0.03660079,0.9960691,0.08066385,0.0,0.01825763,-0.08137097,0.9965166,0.0,-0.5443744,-1.734573,0.8593611,1.0,-0.9991632,0.0366008,0.01825763,0.0,0.03500057,0.9960692,-0.08137097,0.0,0.0211641,0.08066386,0.9965167,0.0,-0.5013955,1.67836,-0.9875727,1.0,1.0,1.0,0.04801507,-0.04730851,0.9977257,-0.003546822,-0.0002821655,-0.01965829,37.67778,2348.0,0.175,0.104
25.0,0.07959197,-0.1659096,0.9999781,0.02368116,0.03796374,0.9999673,0.0516365,-0.0639722,0.9999727,-0.9991635,0.03495879,0.02121628,0.0,0.03656407,0.9960675,0.08070101,0.0,0.01831164,-0.08140926,0.9965125,0.0,-0.5442694,-1.73463,0.8593532,1.0,-0.9991636,0.03656407,0.01831164,0.0,0.03495879,0.9960675,-0.08140926,0.0,0.02121628,0.08070101,0.9965126,0.0,-0.5014059,1.678359,-0.9876047,1.0,1.0,1.0,0.05393679,-0.06229763,0.9965992,-0.003535019,-0.0002490005,-0.0194406,37.68889,2349.0,0.175,0.104
25.0,0.08129011,-0.1711683,0.9999056,0.0231254,0.03690692,0.9999239,0.05220775,-0.06713176,0.9999148,-0.9991673,0.03499364,0.02097982,0.0,0.03657932,0.996068,0.08068752,0.0,0.01807378,-0.08138775,0.9965187,0.0,-0.5445071,-1.734592,0.8593349,1.0,-0.9991673,0.03657931,0.01807378,0.0,0.03499365,0.9960681,-0.08138774,0.0,0.02097982,0.08068751,0.9965185,0.0,-0.5013827,1.678352,-0.9876764,1.0,1.0,1.0,0.05448975,-0.06537721,0.9963718,-0.003535102,-0.0002516556,-0.01936984,37.7,2350.0,0.175,0.104
25.0,0.08171042,-0.170995,0.9998794,0.02312504,0.03701575,0.9999195,0.05241783,-0.06699174,0.9998994,-0.9991637,0.03523838,0.02074024,0.0,0.03680051,0.9960747,0.08050431,0.0,0.01782199,-0.08120023,0.9965385,0.0,-0.5451093,-1.734308,0.8596873,1.0,-0.9991637,0.03680051,0.01782199,0.0,0.03523838,0.9960747,-0.08120023,0.0,0.02074024,0.08050431,0.9965384,0.0,-0.5013693,1.678353,-0.9878227,1.0,1.0,1.0,0.05469608,-0.06523799,0.9963695,-0.003534721,-0.0002555924,-0.01935782,37.72222,2351.0,0.175,0.104
25.0,0.07835567,-0.1713076,0.9999191,0.0234093,0.03662534,0.9999306,0.0508825,-0.06734172,0.9999248,-0.9991664,0.03525217,0.0205909,0.0,0.03680403,0.9960659,0.08061197,0.0,0.01766815,-0.08130259,0.9965329,0.0,-0.5452603,-1.734426,0.8595343,1.0,-0.9991663,0.03680403,0.01766815,0.0,0.03525217,0.9960659,-0.08130258,0.0,0.0205909,0.08061197,0.9965328,0.0,-0.501362,1.678382,-0.9879337,1.0,1.0,1.0,0.05319747,-0.06558169,0.9964281,-0.003534569,-0.0002572327,-0.01934481,37.74445,2352.0,0.175,0.104
25.0,0.07895565,-0.1736112,0.9999539,0.02381822,0.03668814,0.9999088,0.05138696,-0.06845938,0.9999313,-0.9991666,0.03534487,0.02042309,0.0,0.03688747,0.9960412,0.08087803,0.0,0.01748362,-0.08156397,0.9965148,0.0,-0.5455853,-1.734609,0.8590631,1.0,-0.9991664,0.03688746,0.01748362,0.0,0.03534486,0.9960412,-0.08156396,0.0,0.02042309,0.08087803,0.9965147,0.0,-0.5013657,1.678388,-0.9880119,1.0,1.0,1.0,0.05368619,-0.06666892,0.9963298,-0.003534508,-0.0002572327,-0.0193192,37.75556,2353.0,0.175,0.104
25.0,0.07875459,-0.1760838,0.9998875,0.02339261,0.03764683,0.999882,0.05107368,-0.06921819,0.9998847,-0.9991671,0.03538679,0.02032727,0.0,0.03692239,0.9960355,0.0809325,0.0,0.01738274,-0.08161561,0.9965124,0.0,-0.5457275,-1.734584,0.8590354,1.0,-0.9991668,0.03692239,0.01738274,0.0,0.03538679,0.9960355,-0.0816156,0.0,0.02032727,0.08093249,0.9965121,0.0,-0.5013533,1.678333,-0.9881221,1.0,1.0,1.0,0.05338077,-0.06741726,0.9962958,-0.003534523,-0.0002509155,-0.0193192,37.76667,2354.0,0.175,0.104
25.0,0.08114532,-0.1759364,0.9999244,0.02288975,0.03239825,0.999929,0.05201758,-0.07176946,0.9999266,-0.999169,0.03530538,0.020376,0.0,0.03684748,0.9960278,0.08106163,0.0,0.01743315,-0.08174506,0.996501,0.0,-0.5455771,-1.73474,0.8589795,1.0,-0.9991687,0.03684746,0.01743315,0.0,0.03530537,0.9960276,-0.08174504,0.0,0.020376,0.0810616,0.9965006,0.0,-0.5013805,1.678322,-0.9882688,1.0,1.0,1.0,0.05428322,-0.06992059,0.9960745,-0.00353334,-0.0002167664,-0.01940583,37.78889,2355.0,0.175,0.104
25.0,-0.1351339,0.1486516,0.9998957,0.0227946,0.03230334,0.9999285,-0.05617144,0.09047844,0.9999121,-0.9991634,0.03540578,0.02047248,0.0,0.03695818,0.996011,0.08121726,0.0,0.01751525,-0.08190593,0.9964862,0.0,-0.5456931,-1.73484,0.8588206,1.0,-0.9991633,0.03695818,0.01751525,0.0,0.03540577,0.996011,-0.08190592,0.0,0.02047247,0.08121725,0.9964861,0.0,-0.5013953,1.678336,-0.9883384,1.0,1.0,1.0,-0.05081498,0.08918593,0.9947179,-0.004073731,-0.0009587479,-0.01991615,37.8,2356.0,0.175,0.104
25.0,0.05447698,0.1062986,0.9999266,0.02366096,0.03227243,0.9999213,0.03906902,0.0692854,0.9999238,-0.9991605,0.03544474,0.02054189,0.0,0.03699979,0.9960229,0.08105224,0.0,0.01758732,-0.08174424,0.9964982,0.0,-0.5456877,-1.734599,0.859255,1.0,-0.9991605,0.0369998,0.01758732,0.0,0.03544473,0.9960229,-0.08174424,0.0,0.02054189,0.08105223,0.9964981,0.0,-0.501398,1.678246,-0.9884424,1.0,1.0,1.0,0.04170957,0.06868146,0.9967664,-0.003589706,-0.0009587479,-0.01952422,37.82222,2357.0,0.175,0.104
25.0,0.05536912,-0.006742872,0.9999427,0.02346994,0.03250867,0.9999311,0.03941955,0.01288296,0.9999368,-0.9991623,0.03529985,0.02070459,0.0,0.03687152,0.9960146,0.08121215,0.0,0.01775529,-0.08190753,0.9964818,0.0,-0.5452663,-1.734873,0.8591193,1.0,-0.9991622,0.03687151,0.01775529,0.0,0.03529985,0.9960146,-0.08190752,0.0,0.02070458,0.08121214,0.9964817,0.0,-0.5013565,1.678293,-0.9885144,1.0,1.0,1.0,0.04214827,0.01326373,0.9990233,-0.003591126,-0.0006526108,-0.01952366,37.83334,2358.0,0.175,0.104
25.0,0.05909934,-0.03819692,0.9999158,0.02331235,0.03320194,0.9999292,0.04120577,-0.002497844,0.9999225,-0.9991599,0.03532349,0.02078328,0.0,0.03690293,0.9960071,0.08128989,0.0,0.01782886,-0.08198856,0.996474,0.0,-0.5451903,-1.73499,0.8591471,1.0,-0.9991596,0.03690292,0.01782885,0.0,0.03532349,0.9960071,-0.08198853,0.0,0.02078328,0.08128988,0.9964735,0.0,-0.5013021,1.678341,-0.9886464,1.0,1.0,1.0,0.0438902,-0.001893681,0.9990345,-0.003581245,-0.0005655442,-0.01952422,37.85556,2359.0,0.175,0.104
25.0,0.07239535,-0.08019611,0.9998874,0.02305819,0.03242884,0.9999212,0.04772679,-0.02388483,0.9999042,-0.9991641,0.03531745,0.02058526,0.0,0.03687694,0.9960252,0.08107962,0.0,0.01763991,-0.08177097,0.9964951,0.0,-0.5453553,-1.734826,0.8595034,1.0,-0.9991642,0.03687694,0.01763991,0.0,0.03531745,0.9960253,-0.08177096,0.0,0.02058526,0.08107962,0.9964949,0.0,-0.5013229,1.678354,-0.9887292,1.0,1.0,1.0,0.05023094,-0.02295338,0.9984739,-0.003558243,-0.000449852,-0.01952136,37.86667,2360.0,0.175,0.104
25.0,0.07182181,-0.1051729,0.9998873,0.0230572,0.03304183,0.9998837,0.04743949,-0.03606544,0.9998857,-0.999163,0.03536573,0.02055635,0.0,0.03692338,0.9960203,0.08111807,0.0,0.01760574,-0.08180919,0.9964925,0.0,-0.5454516,-1.73493,0.8595362,1.0,-0.999163,0.03692338,0.01760574,0.0,0.03536573,0.9960204,-0.08180919,0.0,0.02055635,0.08111808,0.9964924,0.0,-0.5013069,1.678441,-0.9888514,1.0,1.0,1.0,0.04993252,-0.03494518,0.9981411,-0.003558136,-0.0003753968,-0.01954393,37.87778,2361.0,0.175,0.104
25.0,0.07136051,-0.1211432,0.9999367,0.02331142,0.03315319,0.9999199,0.04733603,-0.04399431,0.9999282,-0.9991882,0.03463165,0.02058747,0.0,0.03619272,0.9960538,0.08103643,0.0,0.0176998,-0.08171574,0.9964987,0.0,-0.5441793,-1.735256,0.8598229,1.0,-0.999188,0.0361927,0.01769979,0.0,0.03463165,0.9960538,-0.08171573,0.0,0.02058746,0.0810364,0.9964983,0.0,-0.5013441,1.678427,-0.988978,1.0,1.0,1.0,0.04981486,-0.04273563,0.9978437,-0.003558136,-0.0003330231,-0.01953323,37.9,2362.0,0.175,0.104
25.0,0.06995407,-0.1485765,1.000021,0.02328422,0.03323349,0.9999993,0.04661915,-0.05767049,1.00001,-0.9992008,0.03423879,0.02063271,0.0,0.03580675,0.9960588,0.08114664,0.0,0.01777303,-0.08182058,0.9964887,0.0,-0.543702,-1.735491,0.8596491,1.0,-0.9992005,0.03580674,0.01777303,0.0,0.03423879,0.9960588,-0.08182057,0.0,0.02063271,0.08114665,0.9964886,0.0,-0.5015831,1.678362,-0.9889661,1.0,1.0,1.0,0.04907829,-0.05615447,0.9972152,-0.003558044,-0.0002588043,-0.01953245,37.91111,2363.0,0.175,0.104
25.0,0.067286,-0.151751,1.000021,0.02299871,0.03345196,0.9999759,0.04514249,-0.05914732,0.9999985,-0.9992126,0.03366571,0.0209942,0.0,0.03527137,0.9960496,0.08149279,0.0,0.01816775,-0.08216912,0.9964528,0.0,-0.542644,-1.736156,0.8593383,1.0,-0.9992126,0.03527137,0.01816775,0.0,0.03366571,0.9960496,-0.08216912,0.0,0.0209942,0.08149279,0.9964528,0.0,-0.5018089,1.678408,-0.98909,1.0,1.0,1.0,0.04763517,-0.05760218,0.9972025,-0.00355861,-0.0002565155,-0.01951727,37.93333,2364.0,0.175,0.104
25.0,0.06948206,-0.1627508,0.9998751,0.02281599,0.0332865,0.9998145,0.04614914,-0.06472945,0.9998447,-0.9991999,0.03384622,0.02130797,0.0,0.03548126,0.9960238,0.08171704,0.0,0.01845743,-0.08240769,0.9964278,0.0,-0.5426448,-1.736282,0.8592795,1.0,-0.9991999,0.03548125,0.01845743,0.0,0.03384622,0.9960238,-0.08240768,0.0,0.02130797,0.08171704,0.9964277,0.0,-0.5017535,1.678415,-0.989277,1.0,1.0,1.0,0.04860744,-0.06308216,0.9968239,-0.00355861,-0.0002200012,-0.01954108,37.94445,2365.0,0.175,0.104
25.0,0.0604805,-0.1634541,0.9999568,0.02282127,0.0322813,0.9999468,0.04165101,-0.06558601,0.9999518,-0.9991894,0.03391825,0.02169589,0.0,0.03558683,0.9960122,0.08181197,0.0,0.01883445,-0.08251772,0.9964118,0.0,-0.542408,-1.736205,0.8594385,1.0,-0.9991889,0.03558682,0.01883444,0.0,0.03391824,0.9960123,-0.08251771,0.0,0.02169588,0.08181196,0.9964114,0.0,-0.5017253,1.678272,-0.989406,1.0,1.0,1.0,0.04423328,-0.06392381,0.9969741,-0.003581612,-0.0002188797,-0.01954107,37.96667,2366.0,0.175,0.104
25.0,0.06641098,-0.1657624,1.000012,0.02302617,0.03231086,0.9999424,0.04471881,-0.06672224,0.9999774,-0.999192,0.03375158,0.02183102,0.0,0.03543798,0.9959911,0.08213347,0.0,0.01897137,-0.08284074,0.9963824,0.0,-0.5420384,-1.736561,0.8589879,1.0,-0.9991915,0.03543797,0.01897136,0.0,0.03375158,0.9959911,-0.08284072,0.0,0.02183101,0.08213346,0.996382,0.0,-0.5017411,1.678256,-0.9894548,1.0,1.0,1.0,0.04719878,-0.06502841,0.9967666,-0.003558151,-0.0002089233,-0.01955656,37.97778,2367.0,0.175,0.104
25.0,0.05348496,-0.09155437,0.9999657,0.02168343,0.03141001,0.9999331,0.03758441,-0.03007123,0.9999495,-0.9991853,0.03390775,0.02188729,0.0,0.03560309,0.9959645,0.08238448,0.0,0.01900549,-0.08309662,0.9963603,0.0,-0.5422989,-1.73667,0.8586332,1.0,-0.9991853,0.03560309,0.01900549,0.0,0.03390775,0.9959645,-0.08309661,0.0,0.02188729,0.08238448,0.9963601,0.0,-0.5017636,1.678231,-0.9895126,1.0,1.0,1.0,0.04025195,-0.02923155,0.9987618,-0.003536148,-0.0002096405,-0.02036171,37.98889,2368.0,0.175,0.104
25.0,-0.1365411,0.1479598,0.9998281,0.02283103,0.03136159,0.9998555,-0.05685669,0.08966154,0.9998417,-0.9991795,0.03404902,0.02194159,0.0,0.03576305,0.9958951,0.08315022,0.0,0.01902034,-0.08386666,0.9962957,0.0,-0.5426114,-1.737185,0.8574411,1.0,-0.9991791,0.03576305,0.01902033,0.0,0.03404902,0.9958951,-0.08386666,0.0,0.02194158,0.0831502,0.9962953,0.0,-0.5018302,1.678163,-0.9896358,1.0,1.0,1.0,-0.05149303,0.08841968,0.9947515,-0.004072426,-0.0009753266,-0.01985371,38.01111,2369.0,0.175,0.104
25.0,0.08206842,0.02360041,0.9999585,0.02149496,0.0312208,0.9999568,0.05178175,0.02741066,0.9999577,-0.9991709,0.03429082,0.02195102,0.0,0.03600806,0.9958722,0.08331882,0.0,0.01900334,-0.08404014,0.9962813,0.0,-0.5430332,-1.737168,0.8571869,1.0,-0.9991707,0.03600805,0.01900334,0.0,0.03429081,0.9958721,-0.08404014,0.0,0.02195101,0.08331881,0.9962811,0.0,-0.5018302,1.678131,-0.9896715,1.0,1.0,1.0,0.05413599,0.02754817,0.9981535,-0.003513718,-0.0007277832,-0.01957373,38.02222,2370.0,0.175,0.104
25.0,0.05140115,-0.03317269,1.000004,0.02151414,0.03137869,0.9999992,0.03645768,-0.0008968264,1.000001,-0.9991622,0.03467307,0.0217464,0.0,0.03637682,0.9958367,0.08358245,0.0,0.0187578,-0.08430347,0.9962636,0.0,-0.5438043,-1.737071,0.8566144,1.0,-0.999162,0.03637681,0.0187578,0.0,0.03467307,0.9958367,-0.08430347,0.0,0.0217464,0.08358243,0.9962634,0.0,-0.5017474,1.678023,-0.9896541,1.0,1.0,1.0,0.03922779,-0.0003574732,0.9992302,-0.003575546,-0.000532074,-0.01974404,38.04445,2371.0,0.175,0.104
25.0,0.05868041,-0.07529499,0.9999526,0.02159391,0.03142599,0.9999662,0.04013712,-0.02193474,0.9999595,-0.9991629,0.03483243,0.02145677,0.0,0.03651093,0.995833,0.08356707,0.0,0.01845652,-0.08428051,0.9962713,0.0,-0.5443308,-1.736942,0.856531,1.0,-0.9991627,0.03651093,0.01845652,0.0,0.03483243,0.9958331,-0.0842805,0.0,0.02145677,0.08356705,0.996271,0.0,-0.5017515,1.678,-0.9896809,1.0,1.0,1.0,0.04279818,-0.02107966,0.9988613,-0.003554154,-0.0004154587,-0.01974438,38.05556,2372.0,0.175,0.104
25.0,0.06501493,-0.1298076,0.9999701,0.02131077,0.03140999,0.9999681,0.04316288,-0.04919869,0.9999692,-0.9991626,0.03486197,0.02142023,0.0,0.03653774,0.9958301,0.08359127,0.0,0.01841675,-0.08430392,0.9962698,0.0,-0.5444095,-1.736977,0.856501,1.0,-0.9991626,0.03653775,0.01841675,0.0,0.03486198,0.9958301,-0.08430392,0.0,0.02142023,0.08359129,0.9962699,0.0,-0.5017456,1.67803,-0.989714,1.0,1.0,1.0,0.04571481,-0.04784838,0.997808,-0.003547737,-0.0003082886,-0.01957373,38.06667,2373.0,0.175,0.104
25.0,0.07461174,-0.1603815,0.9999019,0.02124639,0.03224421,0.9999219,0.04792904,-0.06406953,0.9999118,-0.9991666,0.0350833,0.02087106,0.0,0.03670873,0.9958392,0.08340751,0.0,0.01785801,-0.08410414,0.9962971,0.0,-0.5452794,-1.736707,0.8566681,1.0,-0.9991663,0.03670872,0.01785801,0.0,0.03508329,0.9958391,-0.08410413,0.0,0.02087106,0.0834075,0.9962968,0.0,-0.501775,1.678044,-0.9898223,1.0,1.0,1.0,0.0503037,-0.06241062,0.9967821,-0.003519005,-0.0002403794,-0.0195415,38.08889,2374.0,0.175,0.104
25.0,0.075295,-0.1710669,0.9999135,0.02124919,0.03226114,0.9999799,0.0482721,-0.0694063,0.9999467,-0.9991716,0.03499456,0.02077604,0.0,0.03660695,0.995868,0.08310819,0.0,0.01778185,-0.08379989,0.9963239,0.0,-0.5451961,-1.736488,0.8571774,1.0,-0.9991714,0.03660695,0.01778185,0.0,0.03499456,0.9958679,-0.08379989,0.0,0.02077603,0.08310819,0.9963239,0.0,-0.5017855,1.678032,-0.9898494,1.0,1.0,1.0,0.05062573,-0.06761105,0.9964265,-0.003520508,-0.0002372589,-0.01944437,38.1,2375.0,0.175,0.104
25.0,0.08077534,-0.177553,0.9999897,0.02158104,0.03254504,0.9999822,0.05117825,-0.07250366,0.9999859,-0.9991829,0.0348512,0.02047024,0.0,0.03644118,0.9958609,0.0832651,0.0,0.01748362,-0.08394302,0.9963173,0.0,-0.5452634,-1.736718,0.8567837,1.0,-0.9991829,0.03644117,0.01748362,0.0,0.0348512,0.9958609,-0.08394301,0.0,0.02047024,0.08326509,0.996317,0.0,-0.5018296,1.67806,-0.9898804,1.0,1.0,1.0,0.05345126,-0.07061354,0.9960706,-0.003521797,-0.0002403794,-0.01935473,38.12222,2376.0,0.175,0.104
25.0,0.08143909,-0.1781799,0.9999803,0.02136082,0.03231003,1.000025,0.0514,-0.07293713,1.000003,-0.9991884,0.03474322,0.02038064,0.0,0.03632279,0.9958808,0.08307907,0.0,0.01741025,-0.08375193,0.9963346,0.0,-0.5451938,-1.736558,0.8570473,1.0,-0.9991885,0.03632279,0.01741025,0.0,0.03474323,0.9958807,-0.08375192,0.0,0.02038064,0.08307905,0.9963344,0.0,-0.5018849,1.678005,-0.9898539,1.0,1.0,1.0,0.05366627,-0.07103691,0.9960289,-0.003523156,-0.0002374191,-0.01935172,38.13334,2377.0,0.175,0.104
25.0,0.08157562,-0.182694,0.999949,0.01749522,0.03748965,0.9999345,0.04953536,-0.07260138,0.9999418,-0.9991988,0.03455998,0.02018563,0.0,0.03612633,0.9958758,0.08322486,0.0,0.01722612,-0.08388741,0.9963264,0.0,-0.5450556,-1.73683,0.8567485,1.0,-0.9991987,0.03612633,0.01722612,0.0,0.03455997,0.9958757,-0.08388739,0.0,0.02018562,0.08322485,0.9963263,0.0,-0.501888,1.678055,-0.9899099,1.0,1.0,1.0,0.05187235,-0.07069444,0.9961483,-0.003536224,-0.0002735214,-0.01923432,38.15556,2378.0,0.175,0.104
25.0,0.08191205,-0.178123,0.9999925,0.01793995,0.03788549,1.000023,0.04992598,-0.0701203,1.000008,-0.9991961,0.0345281,0.02037653,0.0,0.03610701,0.9958935,0.08302074,0.0,0.0174263,-0.08368973,0.9963396,0.0,-0.5448624,-1.736686,0.8571882,1.0,-0.9991958,0.03610701,0.0174263,0.0,0.03452809,0.9958935,-0.08368972,0.0,0.02037653,0.08302074,0.9963394,0.0,-0.5019264,1.678063,-0.9898983,1.0,1.0,1.0,0.0522586,-0.06827869,0.9962966,-0.00353592,-0.0002696457,-0.01922951,38.16667,2379.0,0.175,0.104
25.0,0.08258924,-0.1765279,0.9999734,0.01718984,0.03662022,0.9999838,0.04988951,-0.06995453,0.9999786,-0.999202,0.03428195,0.02049693,0.0,0.03587016,0.9959096,0.08292995,0.0,0.01757009,-0.08359899,0.9963446,0.0,-0.5443606,-1.736759,0.8574275,1.0,-0.999202,0.03587015,0.01757009,0.0,0.03428195,0.9959096,-0.08359899,0.0,0.02049693,0.08292994,0.9963445,0.0,-0.5019614,1.678075,-0.98992,1.0,1.0,1.0,0.05222637,-0.06811863,0.9963093,-0.00353698,-0.0002709808,-0.01922408,38.17778,2380.0,0.175,0.104
25.0,-0.136705,0.1490803,0.9999884,0.01859223,0.03692016,0.9999852,-0.05905622,0.09300016,0.9999869,-0.9991988,0.03427912,0.02065858,0.0,0.03587636,0.9959304,0.08267691,0.0,0.01774042,-0.08335181,0.9963623,0.0,-0.544257,-1.736626,0.857978,1.0,-0.9991987,0.03587635,0.01774041,0.0,0.03427912,0.9959304,-0.08335181,0.0,0.02065857,0.08267689,0.9963621,0.0,-0.5020155,1.67815,-0.9899525,1.0,1.0,1.0,-0.05359799,0.09167449,0.9943455,-0.00408915,-0.001016945,-0.01976179,38.2,2381.0,0.175,0.104
1.0,-0.1526218,-0.4434944,0.9999578,-0.22649,-0.2336768,0.9999712,-0.1895559,-0.3385862,0.9999645,-0.9993012,0.0306537,0.02138996,0.0,0.03253395,0.9950461,0.09393979,0.0,0.0184044,-0.09457003,0.9953481,0.0,-0.5386243,-1.746171,0.8331568,1.0,-0.9993011,0.03253395,0.01840439,0.0,0.0306537,0.9950462,-0.09457004,0.0,0.02138996,0.09393977,0.995348,0.0,-0.5025426,1.676778,-0.9845033,1.0,0.851373,0.9263473,-0.1715005,-0.3067655,0.9362064,-0.00111296,-0.001515472,-0.02872949,50.32222,3143.0,-0.175,-0.246
1.0,0.02374278,-0.3647874,1.000025,-0.2254106,-0.233046,0.999955,-0.1008371,-0.2989144,0.9999902,-0.9992969,0.03050801,0.02180504,0.0,0.03242645,0.9950581,0.09385009,0.0,0.0188341,-0.09449114,0.9953477,0.0,-0.5380622,-1.746168,0.8335348,1.0,-0.9992964,0.03242645,0.0188341,0.0,0.030508,0.9950582,-0.09449112,0.0,0.02180503,0.09385007,0.9953473,0.0,-0.5025867,1.676759,-0.9845201,1.0,0.8664448,0.9140589,-0.09306354,-0.2763495,0.9565408,-0.0006870655,-0.00152208,-0.0293894,50.34444,3144.0,-0.175,-0.246
1.0,0.02450905,-0.3321826,1.000023,-0.2256895,-0.2329351,1.000025,-0.1005901,-0.2825589,1.000024,-0.9992989,0.03038889,0.02186769,0.0,0.03231011,0.9950801,0.09365773,0.0,0.01891395,-0.09429862,0.9953643,0.0,-0.537854,-1.746103,0.8338211,1.0,-0.9992989,0.03231011,0.01891395,0.0,0.03038889,0.9950801,-0.09429861,0.0,0.02186769,0.09365772,0.9953642,0.0,-0.5026485,1.676796,-0.9844378,1.0,0.8672096,0.9158135,-0.09319892,-0.2621375,0.9605196,-0.0006718906,-0.001522217,-0.02974648,50.35556,3145.0,-0.175,-0.246
1.0,0.02696241,-0.3522277,0.9999462,-0.2273761,-0.2335507,0.999907,-0.1002087,-0.2928879,0.9999267,-0.9992876,0.03058653,0.02211303,0.0,0.03252589,0.9950934,0.09344101,0.0,0.01914649,-0.09409368,0.9953793,0.0,-0.5381187,-1.745824,0.8343097,1.0,-0.9992874,0.03252589,0.01914649,0.0,0.03058652,0.9950933,-0.09409366,0.0,0.02211303,0.093441,0.9953791,0.0,-0.5027856,1.676802,-0.9844223,1.0,0.8675709,0.9228306,-0.09262259,-0.2711065,0.9580826,-0.000664955,-0.001523232,-0.02974905,50.36667,3146.0,-0.175,-0.246
1.0,0.02752418,-0.3625593,0.999951,-0.2272507,-0.2343959,0.9998738,-0.09986688,-0.2984751,0.9999126,-0.9992651,0.03101688,0.02253376,0.0,0.03299264,0.9950848,0.09336929,0.0,0.01952698,-0.09404409,0.9953767,0.0,-0.5385501,-1.745546,0.8346701,1.0,-0.9992647,0.03299263,0.01952696,0.0,0.03101687,0.9950848,-0.09404407,0.0,0.02253375,0.09336925,0.9953762,0.0,-0.5028209,1.676802,-0.9844528,1.0,0.8489932,0.9287375,-0.09217865,-0.2758777,0.9567626,-0.000664955,-0.001578018,-0.02974905,50.38889,3147.0,-0.175,-0.246
1.0,0.0421508,-0.3897543,0.9999213,-0.227377,-0.2332749,0.9999754,-0.09261027,-0.3115167,0.9999484,-0.9992681,0.03101965,0.02239078,0.0,0.03298,0.9950945,0.09326927,0.0,0.01938776,-0.09393944,0.9953892,0.0,-0.5385205,-1.745486,0.8348104,1.0,-0.9992678,0.03298,0.01938776,0.0,0.03101964,0.9950946,-0.09393942,0.0,0.02239078,0.09326926,0.995389,0.0,-0.5026738,1.676822,-0.9844903,1.0,0.8620979,0.9220896,-0.08519364,-0.2871592,0.9540868,-0.000664955,-0.001600067,-0.02974918,50.4,3148.0,-0.175,-0.246
1.0,-0.1680903,0.2463104,1.000003,-0.2259149,-0.2342352,1.000016,-0.1970027,0.006039143,1.00001,-0.9992718,0.03086251,0.0224382,0.0,0.03282971,0.9950912,0.09335808,0.0,0.01944679,-0.09402672,0.9953798,0.0,-0.5380715,-1.745659,0.8346784,1.0,-0.9992717,0.03282971,0.01944679,0.0,0.03086251,0.9950912,-0.09402673,0.0,0.0224382,0.09335806,0.9953797,0.0,-0.5025328,1.676831,-0.9844968,1.0,0.8620979,0.9220896,-0.1873908,0.008150178,0.9822516,-0.001275956,-0.002473526,-0.02593667,50.42222,3149.0,-0.175,-0.246
1.0,-0.2579004,0.06154771,1.000067,-0.2256334,-0.2404616,1.000024,-0.2417659,-0.08946005,1.000046,-0.9992738,0.03082845,0.0223987,0.0,0.03278943,0.9951053,0.09322224,0.0,0.01941516,-0.09388898,0.9953935,0.0,-0.5380304,-1.745559,0.8348506,1.0,-0.9992735,0.03278942,0.01941516,0.0,0.03082845,0.9951052,-0.09388895,0.0,0.02239869,0.09322222,0.9953932,0.0,-0.5025262,1.67683,-0.9844474,1.0,0.8561388,0.9141296,-0.2281079,-0.08121678,0.9702425,-0.001271508,-0.003833115,-0.02288271,50.43333,3150.0,-0.175,-0.246
1.0,-0.1649714,-0.06966749,1.000006,-0.2259351,-0.2404371,1.000029,-0.1954533,-0.1550514,1.000018,-0.9992813,0.03067938,0.02227329,0.0,0.032632,0.9950969,0.09336708,0.0,0.01929964,-0.09402678,0.9953828,0.0,-0.5377989,-1.745748,0.8344961,1.0,-0.9992809,0.032632,0.01929963,0.0,0.03067937,0.9950969,-0.09402676,0.0,0.02227328,0.09336706,0.9953824,0.0,-0.5024406,1.676823,-0.9844105,1.0,0.8716411,0.9123362,-0.1848753,-0.1426818,0.9723492,-0.001389489,-0.005278733,-0.02065865,50.45555,3151.0,-0.175,-0.246
1.0,-0.1381838,-0.2665954,1.000057,-0.2257314,-0.2390944,1.000063,-0.1819575,-0.252845,1.00006,-0.9992887,0.03049382,0.02218818,0.0,0.03244052,0.9950967,0.09343463,0.0,0.0192302,-0.09408796,0.9953783,0.0,-0.5375492,-1.745906,0.8343086,1.0,-0.9992886,0.03244052,0.0192302,0.0,0.03049382,0.9950967,-0.09408795,0.0,0.02218817,0.09343461,0.995378,0.0,-0.5024393,1.67683,-0.9843839,1.0,0.857816,0.930696,-0.1690359,-0.2329426,0.9576871,-0.001269753,-0.003845604,-0.02364345,50.46667,3152.0,-0.175,-0.246
1.0,-0.1442556,-0.2819076,1.000012,-0.2245729,-0.2388129,1.000021,-0.1844142,-0.2603602,1.000016,-0.9992942,0.03039341,0.02208018,0.0,0.03233035,0.9951004,0.09343364,0.0,0.01913223,-0.09408154,0.9953808,0.0,-0.5375142,-1.745948,0.8342611,1.0,-0.999294,0.03233035,0.01913222,0.0,0.03039341,0.9951005,-0.09408154,0.0,0.02208017,0.09343363,0.9953805,0.0,-0.50249,1.676824,-0.9843849,1.0,0.8648883,0.9136528,-0.170463,-0.2398415,0.9557293,-0.00111235,-0.00245462,-0.02769685,50.47778,3153.0,-0.175,-0.246
1.0,-0.1139107,-0.1307656,1.000006,-0.2242444,-0.240001,0.999999,-0.1690776,-0.1853833,1.000003,-0.9993048,0.03005294,0.02206543,0.0,0.03198982,0.9951119,0.09342818,0.0,0.01914979,-0.09406909,0.9953816,0.0,-0.5369333,-1.746123,0.8342265,1.0,-0.9993047,0.03198982,0.01914978,0.0,0.03005294,0.9951119,-0.09406908,0.0,0.02206543,0.09342816,0.9953814,0.0,-0.5024914,1.676823,-0.9843475,1.0,0.8534118,0.9251842,-0.158808,-0.1728463,0.9720618,-0.001005081,-0.00245401,-0.02876774,50.5,3154.0,-0.175,-0.246
1.0,-0.1248735,-0.1637868,1.000003,-0.2239725,-0.2391813,1.000014,-0.1744228,-0.2014837,1.000009,-0.9993006,0.03019577,0.02206057,0.0,0.03213416,0.9950948,0.09356187,0.0,0.01912718,-0.09420532,0.9953691,0.0,-0.5372012,-1.746187,0.8340076,1.0,-0.9993005,0.03213415,0.01912718,0.0,0.03019577,0.9950948,-0.09420532,0.0,0.02206056,0.09356187,0.995369,0.0,-0.5024965,1.676853,-0.9843703,1.0,0.8684464,0.9318699,-0.1633096,-0.1873987,0.9686133,-0.0009694975,-0.002445618,-0.02876929,50.51111,3155.0,-0.175,-0.246
1.0,-0.1262265,-0.1949357,0.9999481,-0.2235886,-0.2388417,0.9999403,-0.1749077,-0.2168888,0.9999442,-0.9992999,0.03013602,0.02217455,0.0,0.03208157,0.995115,0.09336375,0.0,0.01925262,-0.09400977,0.9953852,0.0,-0.5369977,-1.746096,0.8344468,1.0,-0.9992997,0.03208157,0.01925261,0.0,0.03013602,0.995115,-0.09400976,0.0,0.02217455,0.09336374,0.995385,0.0,-0.5025047,1.676887,-0.9844072,1.0,0.8775713,0.9199532,-0.1633043,-0.2013224,0.9658162,-0.0009680865,-0.002455322,-0.02877143,50.53333,3156.0,-0.175,-0.246
1.0,-0.1256894,-0.2570911,0.9999878,-0.2249021,-0.2385595,0.999968,-0.1752959,-0.2478253,0.9999779,-0.9992929,0.0302232,0.02237039,0.0,0.03218709,0.9951103,0.09337831,0.0,0.01943882,-0.0940323,0.9953794,0.0,-0.5370035,-1.746033,0.8345086,1.0,-0.9992927,0.03218709,0.01943881,0.0,0.0302232,0.9951103,-0.0940323,0.0,0.02237039,0.09337829,0.9953792,0.0,-0.5025213,1.676855,-0.9843973,1.0,0.8616143,0.9432025,-0.1626465,-0.2289127,0.959763,-0.000957909,-0.00245781,-0.02877596,50.54445,3157.0,-0.175,-0.246
1.0,-0.1242356,-0.2903474,1.000011,-0.2248497,-0.2362959,1.000011,-0.1745427,-0.2633218,1.000011,-0.9992924,0.0302707,0.02232705,0.0,0.03223222,0.9950997,0.09347614,0.0,0.01938805,-0.09412964,0.9953712,0.0,-0.5373062,-1.746057,0.8343371,1.0,-0.9992923,0.03223221,0.01938805,0.0,0.0302707,0.9950996,-0.09412962,0.0,0.02232704,0.09347612,0.995371,0.0,-0.5026999,1.676829,-0.9844133,1.0,0.8594592,0.9514001,-0.1614343,-0.2425542,0.956612,-0.0009282222,-0.002467056,-0.02877703,50.55556,3158.0,-0.175,-0.246
