flag,xl,yl,zl,xr,yr,zr,xc,yc,zc,mat_00,mat_10,mat_20,mat_30,mat_01,mat_11,mat_21,mat_31,mat_02,mat_12,mat_22,mat_32,mat_03,mat_13,mat_23,mat_33,ctw_00,ctw_10,ctw_20,ctw_30,ctw_01,ctw_11,ctw_21,ctw_31,ctw_02,ctw_12,ctw_22,ctw_32,ctw_03,ctw_13,ctw_23,ctw_33,opennessl,opennessr,ray_x,ray_y,ray_z,eye_x,eye_y,eye_z,time,frame
6,-0.1913678,-0.06504534,1.000084,-0.2110615,-0.1111047,1.0001,-0.2012148,-0.08807472,1.000092,0.05972505,-0.01462707,-0.9981077,0,-0.02809074,0.999472,-0.01632797,0,-0.9978196,-0.02901278,-0.05928266,0,-0.4813422,-1.623948,-1.294672,1,0.05972507,-0.02809074,-0.9978194,0,-0.01462707,0.999472,-0.02901277,0,-0.9981077,-0.01632796,-0.05928262,0,-1.287227,1.588429,-0.6041594,1,0.820847,0.9690557,-0.1949205,-0.08096406,0.9774716,0.00204216,-0.003648003,-0.01918505,50.3,3080
6,-0.1938814,-0.06606662,1.000026,-0.2109259,-0.1112744,1.000049,-0.2024039,-0.0886702,1.000037,0.05960435,-0.01404041,-0.9981234,0,-0.02831654,0.9994749,-0.01575039,0,-0.9978205,-0.02920219,-0.05917549,0,-0.4810501,-1.623258,-1.295556,1,0.05960435,-0.02831654,-0.9978203,0,-0.01404041,0.9994749,-0.02920219,0,-0.9981233,-0.01575038,-0.05917547,0,-1.287243,1.588378,-0.6040694,1,0.8609763,0.9609846,-0.1960165,-0.08151741,0.9772064,0.002040482,-0.003648003,-0.01918311,50.31111,3081
6,-0.1963841,-0.06681401,0.9999033,-0.2111597,-0.1109132,0.9999291,-0.2037723,-0.08886339,0.9999162,0.05963248,-0.01344292,-0.99813,0,-0.02860774,0.9994756,-0.0151702,0,-0.9978105,-0.02945888,-0.05921668,0,-0.4806233,-1.622687,-1.296371,1,0.05963251,-0.02860774,-0.9978103,0,-0.01344292,0.9994755,-0.02945887,0,-0.9981298,-0.01517019,-0.05921663,0,-1.287099,1.58842,-0.6041401,1,0.8609763,0.9609846,-0.1972948,-0.08168912,0.9769349,0.002037804,-0.003648567,-0.01918315,50.32222,3082
6,-0.1951143,-0.06718606,0.9999739,-0.2111903,-0.1109366,0.9999859,-0.2031523,-0.08906118,0.9999799,0.0593794,-0.01269283,-0.9981548,0,-0.02823582,0.9994977,-0.01438964,0,-0.9978361,-0.02903817,-0.05899119,0,-0.481567,-1.621354,-1.297295,1,0.05937941,-0.02823582,-0.9978361,0,-0.01269283,0.9994977,-0.02903817,0,-0.9981548,-0.01438963,-0.05899118,0,-1.286886,1.588274,-0.604135,1,0.8845164,0.9677484,-0.1967077,-0.08188201,0.9770371,0.002036368,-0.003648865,-0.01918212,50.34444,3083
6,-0.1952011,-0.06726747,0.9999903,-0.2111359,-0.1114002,0.9999878,-0.2031685,-0.08933358,0.9999889,0.05895805,-0.01260053,-0.998181,0,-0.02818464,0.9995007,-0.01428193,0,-0.9978626,-0.0289754,-0.05857348,0,-0.4821147,-1.621159,-1.297313,1,0.05895805,-0.02818464,-0.9978624,0,-0.01260053,0.9995008,-0.0289754,0,-0.9981808,-0.01428192,-0.05857346,0,-1.286956,1.588233,-0.604046,1,0.8303308,0.9646862,-0.1967151,-0.08214134,0.9770138,0.002034904,-0.003648072,-0.01918364,50.35556,3084
6,-0.1955341,-0.06812538,1.000073,-0.2119094,-0.1106507,1.000067,-0.2037217,-0.08938794,1.00007,0.05862969,-0.01293541,-0.9981961,0,-0.02766829,0.9995109,-0.01457757,0,-0.9978964,-0.02847306,-0.0582431,0,-0.4832337,-1.621352,-1.296728,1,0.05862966,-0.02766829,-0.9978962,0,-0.01293541,0.9995108,-0.02847305,0,-0.9981958,-0.01457756,-0.0582431,0,-1.287029,1.588286,-0.6039074,1,0.8439572,0.964141,-0.1972063,-0.08217837,0.9769116,0.002032157,-0.003647743,-0.01918347,50.37778,3085
6,-0.1957201,-0.06820317,0.9999825,-0.2125503,-0.1087441,0.9999821,-0.2041353,-0.08847362,0.9999823,0.05857909,-0.01294985,-0.9981988,0,-0.02723743,0.9995229,-0.01456545,0,-0.9979112,-0.0280416,-0.05819839,0,-0.4839176,-1.621146,-1.296714,1,0.05857906,-0.02723743,-0.997911,0,-0.01294985,0.9995229,-0.0280416,0,-0.9981988,-0.01456545,-0.05819841,0,-1.287024,1.588305,-0.6038329,1,0.777001,0.9694247,-0.197616,-0.08130765,0.9769017,0.002031411,-0.003647743,-0.01918972,50.38889,3086
6,-0.1973027,-0.06684887,1.000027,-0.2120696,-0.1097194,1.000021,-0.2046862,-0.08828411,1.000024,0.0587216,-0.01313986,-0.998188,0,-0.02687765,0.9995301,-0.01473869,0,-0.9979126,-0.02769442,-0.05834085,0,-0.48421,-1.621156,-1.296519,1,0.0587216,-0.02687765,-0.9979123,0,-0.01313986,0.9995301,-0.02769442,0,-0.9981879,-0.01473869,-0.05834082,0,-1.287038,1.588271,-0.6037362,1,0.8260999,0.9560682,-0.198118,-0.08112343,0.9768154,0.002031411,-0.003639549,-0.01919194,50.4,3087
6,-0.1975286,-0.0664998,1.00009,-0.212597,-0.1107915,1.000096,-0.2050627,-0.08864567,1.000093,0.05949748,-0.01339282,-0.9981387,0,-0.02592477,0.999552,-0.01495712,0,-0.9978918,-0.02676643,-0.05912364,0,-0.4845308,-1.620991,-1.296699,1,0.05949749,-0.02592477,-0.9978917,0,-0.01339282,0.999552,-0.02676642,0,-0.9981386,-0.01495712,-0.05912361,0,-1.287167,1.588309,-0.6035629,1,0.7917249,0.9509176,-0.1984461,-0.08146062,0.9767206,0.002031411,-0.003635025,-0.01919195,50.42222,3088
6,-0.1978906,-0.06684336,1.000252,-0.2128187,-0.1113525,1.000279,-0.205355,-0.08909765,1.000265,0.0606572,-0.0131821,-0.9980717,0,-0.0258127,0.9995577,-0.01477048,0,-0.9978249,-0.02665886,-0.0602901,0,-0.4829139,-1.620646,-1.297619,1,0.06065718,-0.0258127,-0.9978248,0,-0.0131821,0.9995577,-0.02665886,0,-0.9980716,-0.01477048,-0.0602901,0,-1.287188,1.588298,-0.6033016,1,0.8224773,0.9471322,-0.1986759,-0.08188024,0.9766389,0.002031411,-0.003627541,-0.01919195,50.44445,3089
6,-0.1971462,-0.06463388,0.9999419,-0.2130491,-0.1110043,0.9999661,-0.2050979,-0.08781879,0.999954,0.06118923,-0.01283988,-0.9980437,0,-0.02586478,0.9995611,-0.01444515,0,-0.9977911,-0.02669807,-0.0608303,0,-0.4820447,-1.620267,-1.298241,1,0.06118924,-0.02586478,-0.9977909,0,-0.01283988,0.9995611,-0.02669806,0,-0.9980435,-0.01444515,-0.06083027,0,-1.287009,1.588335,-0.6032102,1,0.8224773,0.9471322,-0.1985206,-0.08069123,0.9767694,0.002035912,-0.003626549,-0.01919521,50.45555,3090
6,-0.1978112,-0.06450584,1.000111,-0.2126344,-0.1095519,1.000124,-0.2052229,-0.08702893,1.000118,0.06176919,-0.01274136,-0.9980092,0,-0.025876,0.999562,-0.01436271,0,-0.9977551,-0.02671166,-0.06141245,0,-0.4812017,-1.620111,-1.298668,1,0.06176919,-0.025876,-0.9977549,0,-0.01274136,0.999562,-0.02671166,0,-0.998009,-0.01436271,-0.06141242,0,-1.287001,1.588297,-0.6031516,1,0.7948267,0.9656208,-0.1986241,-0.07992543,0.9768113,0.002044174,-0.003625443,-0.0191993,50.46667,3091
6,-0.1976364,-0.06394756,0.9999206,-0.2141177,-0.1083722,0.9999413,-0.2058772,-0.08615951,0.999931,0.06236041,-0.01249392,-0.9979756,0,-0.02586706,0.9995655,-0.01413018,0,-0.9977186,-0.02669585,-0.06201011,0,-0.4803522,-1.619738,-1.299142,1,0.06236037,-0.02586706,-0.9977183,0,-0.01249392,0.9995655,-0.02669585,0,-0.9979753,-0.01413018,-0.06201012,0,-1.286794,1.588251,-0.6030564,1,0.8017189,0.9612139,-0.1992797,-0.07910221,0.9767448,0.002049149,-0.003625443,-0.01919502,50.48889,3092
6,-0.1977255,-0.06247605,1.000026,-0.2139962,-0.1072042,1.00003,-0.205861,-0.08484023,1.000028,0.0633117,-0.01207129,-0.9979208,0,-0.02610311,0.9995647,-0.01374725,0,-0.9976524,-0.0269192,-0.06296903,0,-0.4786339,-1.619348,-1.300054,1,0.06331169,-0.02610311,-0.9976524,0,-0.01207129,0.9995648,-0.0269192,0,-0.9979208,-0.01374725,-0.06296904,0,-1.286596,1.588277,-0.6029649,1,0.8246576,0.9483247,-0.1992666,-0.07784203,0.9768487,0.002049317,-0.003621246,-0.01919502,50.51111,3093
6,-0.1977697,-0.06348208,1.000086,-0.2138134,-0.106389,1.000097,-0.2057918,-0.08493537,1.000091,0.0636642,-0.01194409,-0.9979,0,-0.0262145,0.9995633,-0.01363644,0,-0.9976271,-0.0270276,-0.06332326,0,-0.4779185,-1.619209,-1.300426,1,0.06366415,-0.0262145,-0.997627,0,-0.01194409,0.9995634,-0.0270276,0,-0.9978998,-0.01363644,-0.06332327,0,-1.286608,1.58824,-0.602895,1,0.8272073,0.9332637,-0.1991895,-0.07793271,0.9768572,0.002049317,-0.003617798,-0.01919502,50.52222,3094
6,-0.1975562,-0.06408291,1.000076,-0.2121916,-0.1047071,1.000081,-0.204874,-0.08439515,1.000079,0.06365842,-0.01165176,-0.9979038,0,-0.02664137,0.9995556,-0.01337056,0,-0.9976162,-0.02743667,-0.06331968,0,-0.4772174,-1.619049,-1.300912,1,0.06365839,-0.02664137,-0.9976161,0,-0.01165176,0.9995556,-0.02743667,0,-0.9979036,-0.01337056,-0.06331971,0,-1.286671,1.588222,-0.6028744,1,0.8331541,0.9428048,-0.198354,-0.07743432,0.9770668,0.002049317,-0.003615578,-0.01920017,50.54445,3095
6,-0.1982567,-0.06402181,0.9999505,-0.2107981,-0.1037432,0.999955,-0.2045275,-0.08388249,0.9999528,0.06346744,-0.01146259,-0.9979181,0,-0.02694203,0.9995499,-0.01319484,0,-0.9976202,-0.02772338,-0.06313002,0,-0.4770236,-1.618933,-1.301074,1,0.0634674,-0.02694203,-0.99762,0,-0.01146259,0.9995499,-0.02772338,0,-0.997918,-0.01319484,-0.06313004,0,-1.286646,1.588185,-0.6029074,1,0.8205324,0.9404657,-0.1980609,-0.07695972,0.9771638,0.002045936,-0.003615028,-0.01921001,50.55556,3096
6,-0.1999987,-0.06381664,0.9998798,-0.2098859,-0.1040933,0.9998809,-0.2049424,-0.08395475,0.9998804,0.06294709,-0.01111858,-0.9979551,0,-0.026727,0.9995605,-0.01282231,0,-0.9976591,-0.02747947,-0.06262231,0,-0.4780412,-1.618289,-1.301387,1,0.06294712,-0.02672699,-0.9976587,0,-0.01111858,0.9995605,-0.02747946,0,-0.9979548,-0.0128223,-0.06262224,0,-1.286628,1.588114,-0.6028875,1,0.8071616,0.9222611,-0.1984433,-0.07703334,0.9770804,0.002033546,-0.003609337,-0.0192125,50.57778,3097
6,-0.1998364,-0.0627739,0.9998988,-0.209851,-0.1039905,0.999903,-0.2048438,-0.083382,0.9999009,0.06272745,-0.01096251,-0.9979705,0,-0.02674464,0.9995621,-0.01266103,0,-0.9976723,-0.02748456,-0.06240678,0,-0.478313,-1.618113,-1.301466,1,0.06272744,-0.02674464,-0.9976723,0,-0.01096251,0.9995621,-0.02748456,0,-0.9979706,-0.01266103,-0.06240679,0,-1.28656,1.588134,-0.6028931,1,0.8263632,0.9278642,-0.1983446,-0.07649157,0.977143,0.002020721,-0.003604759,-0.01921612,50.58889,3098
6,-0.1988184,-0.06372116,0.9998723,-0.2099541,-0.1042281,0.999867,-0.2043861,-0.08397464,0.9998697,0.06245261,-0.01103614,-0.997987,0,-0.02645554,0.9995692,-0.01270919,0,-0.9976974,-0.027196,-0.06213373,0,-0.4791587,-1.618013,-1.301176,1,0.06245258,-0.02645553,-0.9976971,0,-0.01103614,0.9995692,-0.027196,0,-0.9979868,-0.01270919,-0.06213372,0,-1.286489,1.588103,-0.6029056,1,0.808526,0.9300656,-0.1979165,-0.07706558,0.9771847,0.002016771,-0.003604698,-0.01921606,50.6,3099
6,-0.2002518,-0.06260951,1.000004,-0.2113983,-0.09961236,1.0,-0.205825,-0.08111088,1.000002,0.06209517,-0.01106222,-0.998009,0,-0.02606624,0.9995795,-0.01270144,0,-0.9977298,-0.02680304,-0.06178069,0,-0.4802688,-1.617819,-1.301019,1,0.06209514,-0.02606624,-0.9977297,0,-0.01106222,0.9995795,-0.02680304,0,-0.9980088,-0.01270144,-0.06178069,0,-1.286503,1.588095,-0.6029187,1,0.7979115,0.9301004,-0.1992506,-0.07430851,0.9771271,0.0020085,-0.003601479,-0.01921587,50.62222,3100
6,-0.1993653,-0.06228353,1.000107,-0.2108524,-0.09903661,1.000107,-0.2051088,-0.08066013,1.000107,0.06207025,-0.01105921,-0.9980106,0,-0.02618929,0.9995763,-0.01270538,0,-0.9977282,-0.02692582,-0.06175429,0,-0.480086,-1.617866,-1.301111,1,0.06207022,-0.02618929,-0.997728,0,-0.01105921,0.9995763,-0.02692581,0,-0.9980105,-0.01270538,-0.06175431,0,-1.286616,1.588076,-0.6029069,1,0.7979115,0.9301004,-0.1985779,-0.07388207,0.9772964,0.0020085,-0.003601082,-0.01921525,50.63334,3101
6,-0.1993779,-0.06200747,1.000044,-0.2108386,-0.09901383,1.000046,-0.2051083,-0.08051059,1.000045,0.06232989,-0.01108185,-0.9979941,0,-0.02604655,0.9995797,-0.0127262,0,-0.9977157,-0.02678753,-0.062015,0,-0.48,-1.617823,-1.301206,1,0.06232984,-0.02604655,-0.9977157,0,-0.01108185,0.9995798,-0.02678753,0,-0.9979941,-0.0127262,-0.06201505,0,-1.286607,1.588081,-0.6029353,1,0.8225896,0.9188192,-0.1985916,-0.07374378,0.977304,0.0020085,-0.003601082,-0.01921307,50.64445,3102
6,-0.2002631,-0.06185777,1.000023,-0.2114854,-0.09673373,1.000029,-0.2058742,-0.07929581,1.000026,0.06265807,-0.01085024,-0.9979761,0,-0.02654609,0.999569,-0.01253426,0,-0.997682,-0.02727773,-0.06234306,0,-0.4787988,-1.617798,-1.301602,1,0.06265809,-0.02654609,-0.9976819,0,-0.01085024,0.999569,-0.02727773,0,-0.997976,-0.01253426,-0.06234303,0,-1.286521,1.588076,-0.6029646,1,0.8235984,0.9296807,-0.1993191,-0.07257622,0.9772434,0.0020085,-0.003601319,-0.01920351,50.66667,3103
6,-0.1994525,-0.06191569,1.000096,-0.2125539,-0.09647079,1.000105,-0.2060032,-0.07919317,1.0001,0.06287873,-0.01066443,-0.9979643,0,-0.02671114,0.9995667,-0.01236455,0,-0.9976637,-0.02743422,-0.06256658,0,-0.4782079,-1.617547,-1.302032,1,0.06287868,-0.02671114,-0.9976636,0,-0.01066443,0.9995667,-0.02743422,0,-0.9979641,-0.01236454,-0.06256662,0,-1.286563,1.587974,-0.6029306,1,0.8235984,0.9296807,-0.1994298,-0.07247078,0.9772286,0.002013206,-0.003602135,-0.01920351,50.67778,3104
6,-0.1988397,-0.06049647,1.000055,-0.2131569,-0.09530915,1.000059,-0.2059984,-0.07790276,1.000057,0.06312609,-0.01062907,-0.9979491,0,-0.02714848,0.9995549,-0.01236347,0,-0.9976364,-0.02787325,-0.06280941,0,-0.477181,-1.617737,-1.302167,1,0.06312605,-0.02714848,-0.9976361,0,-0.01062907,0.999555,-0.02787325,0,-0.9979489,-0.01236347,-0.06280942,0,-1.286569,1.587963,-0.6029329,1,0.8408235,0.9180301,-0.1994607,-0.07124207,0.9773126,0.002023514,-0.003602768,-0.01920351,50.68889,3105
6,-0.1971422,-0.06193402,1.000081,-0.211795,-0.09524368,1.000092,-0.2044688,-0.07858861,1.000086,0.06342196,-0.0101544,-0.9979352,0,-0.02778129,0.9995428,-0.01193635,0,-0.9976001,-0.02848095,-0.06311089,0,-0.4758282,-1.61747,-1.30322,1,0.06342199,-0.02778129,-0.9976,0,-0.0101544,0.9995427,-0.02848095,0,-0.9979351,-0.01193634,-0.06311085,0,-1.286776,1.587956,-0.6030006,1,0.8139039,0.9242877,-0.198045,-0.07191518,0.9775512,0.002032043,-0.003603035,-0.01920351,50.71111,3106
6,-0.1889999,-0.06724394,1.000059,-0.2108856,-0.09519579,1.000068,-0.1999429,-0.08121981,1.000063,0.06360978,-0.009958014,-0.9979253,0,-0.02826564,0.9995311,-0.01177575,0,-0.9975746,-0.02895604,-0.06329846,0,-0.4747937,-1.617463,-1.303589,1,0.06360975,-0.02826564,-0.9975744,0,-0.009958015,0.9995311,-0.02895604,0,-0.997925,-0.01177575,-0.06329846,0,-1.286789,1.587933,-0.6029925,1,0.8376206,0.9353743,-0.193858,-0.07450211,0.9781965,0.002055322,-0.003589211,-0.01920798,50.72223,3107
6,-0.1887877,-0.0674108,0.9999957,-0.2108383,-0.09496572,0.999992,-0.1998129,-0.08118814,0.9999939,0.06352431,-0.01000783,-0.9979302,0,-0.02844744,0.9995252,-0.01183468,0,-0.9975749,-0.02914034,-0.06320941,0,-0.4746494,-1.61761,-1.303464,1,0.06352428,-0.02844744,-0.9975747,0,-0.01000783,0.9995252,-0.02914034,0,-0.99793,-0.01183468,-0.06320944,0,-1.286803,1.587914,-0.6030272,1,0.8162777,0.9245167,-0.1937508,-0.07447979,0.9782195,0.002055382,-0.003588188,-0.01921026,50.73333,3108
6,-0.1879267,-0.06596039,0.9997383,-0.2110701,-0.0948507,0.9997362,-0.1994984,-0.08040549,0.9997373,0.06308383,-0.009659032,-0.9979616,0,-0.02918217,0.9995077,-0.01151868,0,-0.9975815,-0.02984933,-0.0627709,0,-0.4742622,-1.617572,-1.303441,1,0.06308381,-0.02918217,-0.9975814,0,-0.009659033,0.9995078,-0.02984932,0,-0.9979613,-0.01151868,-0.06277089,0,-1.286489,1.587922,-0.6032167,1,0.8271472,0.9225075,-0.1935167,-0.07375483,0.9783207,0.002055382,-0.003587723,-0.01921632,50.76667,3109
6,-0.1879349,-0.06596278,0.9997739,-0.2110776,-0.09485457,0.9997759,-0.1995063,-0.08040862,0.9997749,0.06290567,-0.009430566,-0.997975,0,-0.02940482,0.9995037,-0.0112985,0,-0.9975863,-0.03005601,-0.06259716,0,-0.4742734,-1.617439,-1.303496,1,0.06290567,-0.02940482,-0.9975861,0,-0.009430565,0.9995037,-0.03005601,0,-0.9979748,-0.0112985,-0.06259713,0,-1.286275,1.587963,-0.6033375,1,0.8271472,0.9225075,-0.1935167,-0.07375483,0.9783207,0.002055382,-0.003587723,-0.01921632,50.77778,3110
6,-0.1877506,-0.06598522,0.9999268,-0.2108665,-0.09534401,0.9999276,-0.1993086,-0.08066468,0.9999272,0.06254452,-0.009113288,-0.9980007,0,-0.02953952,0.9995033,-0.01097825,0,-0.997605,-0.03016709,-0.0622443,0,-0.4745925,-1.617098,-1.303799,1,0.06254455,-0.02953952,-0.9976048,0,-0.00911329,0.9995034,-0.03016709,0,-0.9980004,-0.01097825,-0.06224424,0,-1.286246,1.587962,-0.603393,1,0.8214529,0.9195697,-0.1933028,-0.07399138,0.9783452,0.002055382,-0.003587723,-0.01921699,50.78889,3111
6,-0.1960317,-0.06274671,0.9999304,-0.2114339,-0.09595321,0.9999169,-0.2037326,-0.07935002,0.9999236,0.06214619,-0.009314413,-0.9980237,0,-0.0298817,0.9994908,-0.01118882,0,-0.9976197,-0.03051799,-0.06183618,0,-0.4745854,-1.617495,-1.303271,1,0.06214615,-0.02988171,-0.9976196,0,-0.009314416,0.9994909,-0.03051799,0,-0.9980235,-0.01118882,-0.0618362,0,-1.286268,1.587908,-0.6034076,1,0.8065509,0.9247383,-0.1973838,-0.07266456,0.9776295,0.002031449,-0.003600433,-0.01921355,50.8,3112
6,-0.196115,-0.06229398,1.00002,-0.2112012,-0.0967245,1.000019,-0.2036581,-0.07950942,1.00002,0.06186467,-0.008972283,-0.9980443,0,-0.03020456,0.9994848,-0.01085749,0,-0.9976276,-0.03081719,-0.06156176,0,-0.4745561,-1.617226,-1.303692,1,0.06186463,-0.03020456,-0.9976273,0,-0.008972285,0.9994847,-0.03081718,0,-0.9980442,-0.01085749,-0.06156178,0,-1.286294,1.587904,-0.603526,1,0.8211101,0.9184844,-0.1972937,-0.07280879,0.9776371,0.002029939,-0.003602898,-0.01921301,50.82222,3113
6,-0.1966735,-0.06176369,0.9998379,-0.2114321,-0.09664944,0.9998415,-0.2040528,-0.0792065,0.9998397,0.06157613,-0.008724745,-0.9980643,0,-0.03058162,0.9994758,-0.01062384,0,-0.9976339,-0.03117659,-0.06127703,0,-0.4744198,-1.617176,-1.303798,1,0.06157612,-0.03058162,-0.9976337,0,-0.008724749,0.9994758,-0.03117659,0,-0.9980642,-0.01062383,-0.06127702,0,-1.286171,1.587968,-0.6036081,1,0.8209703,0.9303998,-0.1976951,-0.07252649,0.9775769,0.002029939,-0.003602997,-0.01921279,50.83334,3114
6,-0.1966579,-0.06113775,0.9998206,-0.2125948,-0.09498484,0.9998192,-0.2046263,-0.07806141,0.9998199,0.06139863,-0.008484066,-0.9980773,0,-0.03112526,0.9994613,-0.01041056,0,-0.9976279,-0.03170461,-0.0611015,0,-0.4739807,-1.617139,-1.303889,1,0.06139864,-0.03112526,-0.9976279,0,-0.008484066,0.9994612,-0.03170461,0,-0.9980773,-0.01041056,-0.06110148,0,-1.286,1.587941,-0.6037967,1,0.8554496,0.9325033,-0.1982435,-0.07142731,0.9775468,0.002029939,-0.003602913,-0.01921202,50.85556,3115
6,-0.1976903,-0.06109679,0.9999955,-0.2141193,-0.09718394,0.9999974,-0.2059047,-0.07914037,0.9999964,0.06165189,-0.008515956,-0.9980615,0,-0.03155851,0.999447,-0.0104772,0,-0.9975987,-0.03214327,-0.06134909,0,-0.473033,-1.617394,-1.303861,1,0.06165194,-0.03155851,-0.9975987,0,-0.008515956,0.999447,-0.03214327,0,-0.9980612,-0.0104772,-0.06134904,0,-1.285944,1.587911,-0.6038761,1,0.8294424,0.9305208,-0.1993734,-0.07242732,0.9772433,0.002030212,-0.003602913,-0.01921191,50.86667,3116
6,-0.1969651,-0.06121548,1.000005,-0.2133984,-0.09741373,0.9999996,-0.2051818,-0.07931454,1.000002,0.06162882,-0.008618603,-0.998062,0,-0.03196299,0.9994328,-0.01060411,0,-0.9975873,-0.03255456,-0.0613184,0,-0.4724701,-1.617784,-1.30366,1,0.06162883,-0.03196299,-0.9975872,0,-0.008618605,0.9994329,-0.03255456,0,-0.9980619,-0.01060411,-0.06131838,0,-1.285958,1.587941,-0.6039347,1,0.7851998,0.9186119,-0.1987087,-0.07260325,0.9773656,0.002035035,-0.003602944,-0.01921093,50.87778,3117
6,-0.1879902,-0.06794747,1.000018,-0.2132787,-0.09744632,1.000029,-0.2006345,-0.08269672,1.000023,0.06170309,-0.008283428,-0.9980602,0,-0.03246414,0.9994198,-0.01030174,0,-0.9975665,-0.03303681,-0.06139839,0,-0.4716333,-1.617676,-1.30417,1,0.0617031,-0.03246414,-0.9975665,0,-0.008283429,0.9994198,-0.03303681,0,-0.9980602,-0.01030174,-0.06139837,0,-1.285939,1.587991,-0.6040024,1,0.8113504,0.9283304,-0.1944902,-0.07590775,0.9779629,0.002062828,-0.003585808,-0.01920914,50.88889,3118
6,-0.1874492,-0.06666198,1.000311,-0.2133278,-0.0974252,1.000322,-0.2003887,-0.08204372,1.000317,0.06216633,-0.008227968,-0.9980319,0,-0.03350278,0.9993853,-0.01032598,0,-0.9975033,-0.03407877,-0.06185246,0,-0.469535,-1.61802,-1.3046,1,0.06216634,-0.03350278,-0.9975035,0,-0.008227969,0.9993853,-0.03407877,0,-0.9980319,-0.01032598,-0.06185246,0,-1.286156,1.587824,-0.6041957,1,0.791551,0.9272991,-0.1942231,-0.07526774,0.9780656,0.002066795,-0.003585297,-0.01920641,50.92222,3119
6,-0.1871145,-0.06661615,1.000159,-0.2131584,-0.09792184,1.000159,-0.2001362,-0.08226892,1.000159,0.06226164,-0.008299808,-0.9980254,0,-0.03382438,0.9993734,-0.01042115,0,-0.9974866,-0.03440642,-0.06194192,0,-0.4689228,-1.618305,-1.304643,1,0.06226166,-0.03382438,-0.9974865,0,-0.008299806,0.9993734,-0.03440642,0,-0.9980253,-0.01042115,-0.06194189,0,-1.286302,1.587834,-0.6042362,1,0.806766,0.9324438,-0.1940176,-0.0754974,0.9780886,0.002068017,-0.003585884,-0.01920099,50.93333,3120
6,-0.187175,-0.06644774,1.000011,-0.2139698,-0.09918609,1.00001,-0.2005723,-0.0828168,1.00001,0.06216067,-0.008227223,-0.9980323,0,-0.0339981,0.9993683,-0.01035575,0,-0.9974871,-0.03457492,-0.06184173,0,-0.4688355,-1.61829,-1.30472,1,0.0621607,-0.0339981,-0.9974868,0,-0.008227226,0.9993683,-0.03457492,0,-0.9980322,-0.01035575,-0.06184168,0,-1.286324,1.587817,-0.6042956,1,0.8012696,0.9338728,-0.1944416,-0.07602444,0.9779636,0.002070236,-0.003585884,-0.01920115,50.94445,3121
6,-0.1885315,-0.06534626,1.000017,-0.2149054,-0.09915389,1.000019,-0.2017185,-0.0822502,1.000018,0.06228644,-0.00808922,-0.9980255,0,-0.03435434,0.9993572,-0.01024406,0,-0.9974669,-0.03492457,-0.06196851,0,-0.4681661,-1.618275,-1.304942,1,0.06228644,-0.03435434,-0.9974669,0,-0.008089222,0.9993572,-0.03492457,0,-0.9980255,-0.01024406,-0.0619685,0,-1.286295,1.587783,-0.6043631,1,0.8013674,0.9260148,-0.1955061,-0.07546714,0.9777945,0.002070259,-0.003585884,-0.01920115,50.96667,3122
6,-0.1881688,-0.06486525,1.000073,-0.2152497,-0.09950139,1.00007,-0.2017092,-0.08218314,1.000072,0.06215471,-0.008059236,-0.9980341,0,-0.03454515,0.9993508,-0.01022125,0,-0.9974686,-0.03511254,-0.06183594,0,-0.4680477,-1.618249,-1.305006,1,0.06215468,-0.03454516,-0.9974685,0,-0.008059238,0.9993509,-0.03511254,0,-0.9980338,-0.01022124,-0.06183594,0,-1.286391,1.587691,-0.60438,1,0.8193325,0.9355662,-0.1954887,-0.0753995,0.9778032,0.002070259,-0.003585884,-0.01920099,50.97778,3123
6,-0.1882525,-0.0653788,1.000044,-0.2137971,-0.09923456,1.000049,-0.2010248,-0.08230656,1.000046,0.06212956,-0.007893801,-0.9980369,0,-0.03470542,0.9993469,-0.01006464,0,-0.9974646,-0.0352626,-0.06181502,0,-0.4678247,-1.618115,-1.305284,1,0.06212955,-0.03470542,-0.9974644,0,-0.0078938,0.9993469,-0.0352626,0,-0.9980369,-0.01006464,-0.06181501,0,-1.286429,1.587685,-0.6043836,1,0.8193325,0.9355662,-0.1948596,-0.0755274,0.9779189,0.002070259,-0.00358728,-0.01920312,50.98889,3124
6,-0.1974319,-0.05700966,1.000051,-0.2159667,-0.09842106,1.000052,-0.2066993,-0.07771524,1.000051,0.06202459,-0.007594083,-0.9980458,0,-0.03527771,0.9993295,-0.009796225,0,-0.9974511,-0.03581638,-0.06171513,0,-0.4671274,-1.618081,-1.305997,1,0.0620246,-0.03527771,-0.9974509,0,-0.007594085,0.9993295,-0.03581638,0,-0.9980457,-0.009796221,-0.0617151,0,-1.286759,1.587723,-0.6044901,1,0.8388807,0.9300425,-0.2001312,-0.07104733,0.9771897,0.002047814,-0.003609238,-0.01920675,51.01111,3125
6,-0.195596,-0.05700167,1.000006,-0.2162135,-0.09782738,1.000004,-0.2059048,-0.07741459,1.000005,0.06191707,-0.007581027,-0.9980527,0,-0.03528377,0.9993295,-0.009779664,0,-0.9974576,-0.03582059,-0.06160808,0,-0.4672951,-1.618064,-1.305994,1,0.06191706,-0.03528377,-0.9974573,0,-0.00758103,0.9993294,-0.03582058,0,-0.9980523,-0.009779655,-0.06160805,0,-1.286783,1.587719,-0.6045266,1,0.8199768,0.9368747,-0.1994101,-0.07077522,0.9773569,0.002045631,-0.003608238,-0.01920928,51.02222,3126
6,-0.195679,-0.05708466,1.000053,-0.2152855,-0.09773661,1.000055,-0.2054823,-0.07741052,1.000054,0.06202543,-0.007739785,-0.9980446,0,-0.03555943,0.9993179,-0.009959572,0,-0.9974409,-0.03610764,-0.06170791,0,-0.466799,-1.6184,-1.305785,1,0.06202544,-0.03555943,-0.9974409,0,-0.007739786,0.9993179,-0.03610764,0,-0.9980446,-0.009959569,-0.0617079,0,-1.286805,1.587692,-0.6046183,1,0.8076448,0.9334038,-0.1990097,-0.07077406,0.9774386,0.002042886,-0.003608139,-0.01920931,51.04445,3127
6,-0.1940449,-0.05790921,0.9999685,-0.2143859,-0.09568052,0.9999791,-0.2042156,-0.07679469,0.9999738,0.06217307,-0.007520808,-0.998037,0,-0.03583277,0.9993101,-0.009762616,0,-0.9974219,-0.0363694,-0.06186068,0,-0.4662299,-1.618302,-1.306109,1,0.06217307,-0.03583277,-0.997422,0,-0.007520808,0.9993101,-0.03636941,0,-0.9980371,-0.009762616,-0.06186069,0,-1.286729,1.587728,-0.6046814,1,0.8076448,0.9334038,-0.1978655,-0.07020964,0.9777116,0.002042886,-0.003607041,-0.01921001,51.05556,3128
6,-0.1941053,-0.05800774,1.00001,-0.2144383,-0.09561896,1.000003,-0.2042718,-0.07681341,1.000007,0.06213468,-0.00765451,-0.9980385,0,-0.03614831,0.9992973,-0.009914647,0,-0.997413,-0.03669344,-0.06181437,0,-0.4657962,-1.618628,-1.305868,1,0.06213472,-0.03614831,-0.997413,0,-0.00765451,0.9992972,-0.03669344,0,-0.9980383,-0.00991464,-0.06181432,0,-1.286754,1.587706,-0.6047056,1,0.8176122,0.9402553,-0.1979108,-0.07022476,0.9777012,0.002042785,-0.003606934,-0.01921001,51.06667,3129
6,-0.1924143,-0.05878506,0.9999668,-0.2130672,-0.09529144,0.9999571,-0.2027406,-0.0770383,0.999962,0.06222707,-0.007638008,-0.9980329,0,-0.03700225,0.9992656,-0.009954524,0,-0.997376,-0.0375489,-0.06189871,0,-0.464364,-1.619075,-1.305723,1,0.06222702,-0.03700224,-0.9973757,0,-0.00763801,0.9992656,-0.0375489,0,-0.9980327,-0.009954521,-0.06189873,0,-1.286625,1.587706,-0.6047624,1,0.8138939,0.921095,-0.1965038,-0.07046252,0.9779679,0.002042534,-0.00360701,-0.01921119,51.08889,3130
6,-0.1924769,-0.06441751,0.9999988,-0.2134665,-0.09628811,1.000004,-0.2029717,-0.08035287,1.000002,0.06239527,-0.007544542,-0.9980232,0,-0.03755755,0.9992454,-0.009901843,0,-0.9973447,-0.03810113,-0.06206483,0,-0.4632992,-1.619288,-1.305858,1,0.06239524,-0.03755754,-0.9973444,0,-0.007544547,0.9992455,-0.03810112,0,-0.9980229,-0.009901837,-0.06206482,0,-1.286585,1.587736,-0.6048134,1,0.7987201,0.9275191,-0.1966643,-0.07362247,0.9777029,0.00204219,-0.003604576,-0.01921189,51.1,3131
6,-0.1942516,-0.06801062,0.9999982,-0.2142937,-0.09578905,1.000002,-0.2042727,-0.08189996,1.0,0.06220609,-0.007217811,-0.9980373,0,-0.03875735,0.9992021,-0.009641926,0,-0.9973106,-0.03928106,-0.06187671,0,-0.46183,-1.619466,-1.306154,1,0.06220607,-0.03875734,-0.9973104,0,-0.007217816,0.9992021,-0.03928106,0,-0.9980371,-0.009641918,-0.0618767,0,-1.286551,1.58768,-0.6050227,1,0.8344989,0.9308804,-0.1978429,-0.07508058,0.9773542,0.002043273,-0.003603806,-0.01921213,51.12222,3132
6,-0.189909,-0.06605949,0.9999168,-0.2133785,-0.09606941,0.9999164,-0.2016438,-0.08106433,0.9999166,0.06217921,-0.007154716,-0.9980394,0,-0.0395906,0.9991696,-0.009629369,0,-0.9972795,-0.04011173,-0.06184435,0,-0.460555,-1.61977,-1.30608,1,0.06217924,-0.03959061,-0.9972795,0,-0.007154717,0.9991696,-0.04011173,0,-0.9980393,-0.009629368,-0.06184431,0,-1.286471,1.587614,-0.6050473,1,0.7689775,0.939293,-0.1954459,-0.07432697,0.9778938,0.002043464,-0.003603317,-0.01921188,51.13334,3133
6,-0.1881741,-0.06837776,1.000006,-0.2136378,-0.09875672,1.000014,-0.200906,-0.08356724,1.00001,0.06207448,-0.00676089,-0.9980488,0,-0.03985502,0.9991627,-0.009247259,0,-0.9972756,-0.04035126,-0.06175309,0,-0.460367,-1.619352,-1.306643,1,0.0620745,-0.03985502,-0.9972753,0,-0.006760894,0.9991627,-0.04035126,0,-0.9980484,-0.009247252,-0.06175303,0,-1.286464,1.587565,-0.6051446,1,0.7689775,0.939293,-0.1947126,-0.07671817,0.9778554,0.002043144,-0.003603989,-0.01921055,51.15556,3134
6,-0.188373,-0.06938138,0.9998549,-0.2135719,-0.09936699,0.9998619,-0.2009726,-0.08437407,0.9998584,0.06159878,-0.006090531,-0.9980825,0,-0.04042923,0.9991454,-0.008592198,0,-0.9972819,-0.04088097,-0.06129986,0,-0.4600949,-1.618695,-1.307353,1,0.06159873,-0.04042923,-0.9972818,0,-0.006090538,0.9991455,-0.04088096,0,-0.9980823,-0.008592193,-0.06129989,0,-1.286363,1.587477,-0.6051586,1,0.8091986,0.9312271,-0.1947897,-0.0774965,0.9777787,0.002042604,-0.00360482,-0.01921016,51.16667,3135
6,-0.1902963,-0.06812141,1.000035,-0.2131927,-0.09926523,1.000038,-0.2017445,-0.08369321,1.000036,0.06136262,-0.005844302,-0.9980986,0,-0.04005035,0.9991631,-0.008312814,0,-0.9973118,-0.04048428,-0.06107718,0,-0.4610061,-1.618093,-1.307743,1,0.06136259,-0.04005034,-0.9973116,0,-0.005844303,0.999163,-0.04048428,0,-0.9980984,-0.008312811,-0.06107719,0,-1.286424,1.587405,-0.6051474,1,0.8044295,0.9224483,-0.195479,-0.07682306,0.9776943,0.002042358,-0.00360537,-0.01921057,51.17778,3136
6,-0.190441,-0.06575151,1.000153,-0.2131297,-0.09928985,1.000144,-0.2017852,-0.08252067,1.000148,0.06088972,-0.005851187,-0.9981273,0,-0.03976581,0.9991747,-0.008283198,0,-0.997352,-0.0401957,-0.06060678,0,-0.4620543,-1.617925,-1.307742,1,0.06088971,-0.03976581,-0.9973521,0,-0.005851187,0.9991747,-0.0401957,0,-0.9981273,-0.008283199,-0.0606068,0,-1.286626,1.587384,-0.6051226,1,0.8079598,0.922629,-0.1955128,-0.07569362,0.9777757,0.002042138,-0.003608002,-0.01920907,51.2,3137
6,-0.1907952,-0.06471703,1.00008,-0.2134486,-0.09943204,1.000083,-0.2021218,-0.08207448,1.000082,0.06070518,-0.005647792,-0.9981397,0,-0.03978024,0.9991758,-0.008073023,0,-0.9973627,-0.04019631,-0.06043047,0,-0.4622528,-1.617653,-1.308088,1,0.06070517,-0.03978025,-0.9973628,0,-0.005647793,0.9991759,-0.04019632,0,-0.9981398,-0.008073023,-0.06043049,0,-1.286729,1.587371,-0.6051058,1,0.818312,0.9355221,-0.1958416,-0.07526594,0.9777429,0.002041932,-0.003610451,-0.01920969,51.21111,3138
6,-0.1945411,-0.06378314,0.9999693,-0.2133704,-0.09867014,0.9999769,-0.2039559,-0.08122659,0.9999731,0.06067187,-0.005321447,-0.9981436,0,-0.03947439,0.9991907,-0.00772647,0,-0.997377,-0.03986989,-0.0604127,0,-0.462763,-1.617061,-1.308618,1,0.06067185,-0.03947439,-0.9973768,0,-0.005321448,0.9991907,-0.03986988,0,-0.9981434,-0.007726468,-0.06041269,0,-1.286717,1.587374,-0.6050783,1,0.8156213,0.9303021,-0.1975648,-0.07443859,0.9774595,0.002042152,-0.003610367,-0.01920969,51.23333,3139
6,-0.1935502,-0.06383765,1.00003,-0.2132982,-0.09865786,1.000035,-0.2034243,-0.08124776,1.000032,0.06076825,-0.005237978,-0.9981382,0,-0.03949299,0.9991906,-0.007647902,0,-0.9973704,-0.03988421,-0.06051219,0,-0.4625546,-1.616947,-1.308802,1,0.06076822,-0.03949299,-0.9973701,0,-0.005237983,0.9991906,-0.0398842,0,-0.9981381,-0.007647896,-0.06051218,0,-1.286726,1.587361,-0.6050273,1,0.8255035,0.9327179,-0.1970641,-0.07446249,0.9775587,0.002042558,-0.003610367,-0.01920949,51.24445,3140
6,-0.1933697,-0.06224941,0.9999952,-0.2133301,-0.09903747,1.000004,-0.20335,-0.08064339,0.9999998,0.06089252,-0.005076069,-0.9981315,0,-0.0391972,0.9992036,-0.007472808,0,-0.9973745,-0.039579,-0.06064504,0,-0.4628311,-1.616562,-1.309111,1,0.0608925,-0.0391972,-0.9973743,0,-0.005076071,0.9992035,-0.03957899,0,-0.9981314,-0.007472806,-0.06064505,0,-1.286687,1.58735,-0.6049888,1,0.8255035,0.9327179,-0.1970105,-0.07388996,0.977613,0.002042931,-0.003609596,-0.01920938,51.25556,3141
6,-0.1966628,-0.06089986,1.000041,-0.2135844,-0.09798757,1.000055,-0.2051238,-0.07944366,1.000048,0.0613637,-0.004932206,-0.9981034,0,-0.03909929,0.9992083,-0.00734151,0,-0.9973495,-0.03947563,-0.0611223,0,-0.4623445,-1.616363,-1.309511,1,0.0613637,-0.03909929,-0.9973491,0,-0.004932211,0.9992083,-0.03947563,0,-0.9981031,-0.007341502,-0.06112226,0,-1.286628,1.587392,-0.6049661,1,0.8266332,0.9297971,-0.1986529,-0.07271858,0.9773684,0.002043182,-0.003608422,-0.0192092,51.26667,3142
6,-0.1966029,-0.06031258,0.9998803,-0.2128512,-0.09837389,0.9998788,-0.2047271,-0.07934318,0.9998796,0.06170768,-0.004766194,-0.9980829,0,-0.03936008,0.9991991,-0.007205011,0,-0.997318,-0.03972923,-0.06147063,0,-0.4614234,-1.616261,-1.309799,1,0.06170764,-0.03936008,-0.9973179,0,-0.004766197,0.9991992,-0.03972923,0,-0.9980828,-0.007205009,-0.06147065,0,-1.286518,1.587368,-0.6049128,1,0.8293692,0.9249012,-0.1983223,-0.07264215,0.9774413,0.002045532,-0.003605949,-0.01921064,51.3,3143
6,-0.1976166,-0.06085214,1.000186,-0.2123838,-0.09871402,1.000193,-0.2050004,-0.07978297,1.00019,0.06178325,-0.004607944,-0.9980789,0,-0.03936185,0.9992002,-0.007049704,0,-0.9973131,-0.03972179,-0.06155246,0,-0.461288,-1.616035,-1.310251,1,0.06178327,-0.03936185,-0.9973132,0,-0.004607943,0.9992001,-0.03972179,0,-0.9980791,-0.007049704,-0.06155247,0,-1.286681,1.587349,-0.6048896,1,0.8293692,0.9249012,-0.1985122,-0.07303749,0.9773732,0.002047729,-0.003604653,-0.01920982,51.31111,3144
6,-0.2015914,-0.06071929,1.000039,-0.2135541,-0.09879729,1.000045,-0.2075728,-0.07975817,1.000042,0.06193006,-0.004520332,-0.9980704,0,-0.03907699,0.999212,-0.006950226,0,-0.9973153,-0.03943201,-0.06170464,0,-0.4615317,-1.615756,-1.310493,1,0.06193006,-0.03907699,-0.9973151,0,-0.004520334,0.999212,-0.039432,0,-0.9980701,-0.006950223,-0.06170461,0,-1.286685,1.58734,-0.6048685,1,0.8372911,0.9318977,-0.2009029,-0.07299543,0.9768878,0.002042435,-0.003597565,-0.01921005,51.32222,3145
6,-0.2020342,-0.0618556,0.999991,-0.2129819,-0.09841174,0.9999893,-0.2075081,-0.08013367,0.9999901,0.06163329,-0.004382214,-0.9980894,0,-0.03880019,0.9992239,-0.006783161,0,-0.9973446,-0.03914412,-0.06141543,0,-0.4624029,-1.615463,-1.310757,1,0.06163328,-0.03880019,-0.9973443,0,-0.004382217,0.999224,-0.03914411,0,-0.9980891,-0.006783156,-0.06141542,0,-1.286832,1.587377,-0.6049114,1,0.791065,0.9270188,-0.2008467,-0.07336157,0.9768719,0.002041733,-0.003593117,-0.0192108,51.34444,3146
6,-0.2006778,-0.06216203,1.000072,-0.21336,-0.09853685,1.000071,-0.2070189,-0.0803495,1.000071,0.06134659,-0.00433051,-0.9981071,0,-0.03868852,0.9992288,-0.006713288,0,-0.9973665,-0.03902712,-0.06113172,0,-0.4629384,-1.615303,-1.310845,1,0.06134657,-0.03868852,-0.9973664,0,-0.004330513,0.9992288,-0.03902712,0,-0.9981072,-0.006713287,-0.06113173,0,-1.286959,1.587346,-0.604894,1,0.8260946,0.9242155,-0.2003779,-0.07356954,0.9769526,0.002040893,-0.003592247,-0.0192106,51.35556,3147
6,-0.2006612,-0.06215756,0.9999998,-0.2133473,-0.09853004,0.9999999,-0.2070042,-0.0803438,1.0,0.06134659,-0.00433051,-0.9981071,0,-0.03868852,0.9992288,-0.006713288,0,-0.9973665,-0.03902712,-0.06113172,0,-0.4629384,-1.615303,-1.310845,1,0.06134657,-0.03868852,-0.9973664,0,-0.004330513,0.9992288,-0.03902712,0,-0.9981072,-0.006713287,-0.06113173,0,-1.286959,1.587346,-0.604894,1,0.8260946,0.9242155,-0.2003779,-0.07356954,0.9769526,0.002040893,-0.003592247,-0.0192106,51.36667,3148
6,-0.2051686,-0.06059229,1.000012,-0.2129445,-0.09647707,1.000021,-0.2090566,-0.07853456,1.000016,0.06025916,-0.003704306,-0.9981759,0,-0.03859023,0.9992369,-0.006037911,0,-0.9974366,-0.03888368,-0.06007028,0,-0.4645449,-1.614416,-1.311497,1,0.0602592,-0.03859023,-0.9974365,0,-0.003704307,0.9992368,-0.03888368,0,-0.9981758,-0.006037908,-0.06007022,0,-1.287092,1.587339,-0.6049104,1,0.8075343,0.9040194,-0.2022807,-0.07181679,0.9766908,0.002034585,-0.003589775,-0.01921536,51.38889,3149
6,-0.2065817,-0.06048701,0.9998503,-0.2131078,-0.09612846,0.9998541,-0.2098448,-0.07830786,0.9998522,0.05986685,-0.003539886,-0.9982002,0,-0.03837189,0.9992464,-0.005844945,0,-0.9974687,-0.03865274,-0.05968589,0,-0.4653613,-1.614115,-1.311523,1,0.05986682,-0.03837188,-0.9974685,0,-0.003539889,0.9992465,-0.03865274,0,-0.9982,-0.005844942,-0.05968589,0,-1.287016,1.587376,-0.6048526,1,0.8009276,0.9053264,-0.2030301,-0.07160185,0.9765511,0.002024948,-0.0035887,-0.01921627,51.4,3150
6,-0.2068747,-0.06095835,0.9999249,-0.2129428,-0.09624328,0.9999238,-0.2099088,-0.07860094,0.9999244,0.05929852,-0.003371958,-0.9982347,0,-0.03752888,0.9992798,-0.005604832,0,-0.9975347,-0.03779498,-0.05912924,0,-0.4675213,-1.613376,-1.311467,1,0.05929848,-0.03752888,-0.9975345,0,-0.003371959,0.9992799,-0.03779499,0,-0.9982345,-0.005604831,-0.05912926,0,-1.286868,1.587318,-0.6048921,1,0.833132,0.9094582,-0.2030708,-0.07187666,0.9765224,0.002024765,-0.00358728,-0.01921711,51.42222,3151
6,-0.2058427,-0.06100494,0.9998404,-0.2128452,-0.09631331,0.9998367,-0.209344,-0.07865924,0.9998386,0.05917561,-0.003469771,-0.9982416,0,-0.03727552,0.9992889,-0.0056831,0,-0.9975514,-0.03754627,-0.05900419,0,-0.4680718,-1.613332,-1.311146,1,0.0591756,-0.03727552,-0.9975514,0,-0.003469773,0.9992889,-0.03754627,0,-0.9982414,-0.005683098,-0.05900419,0,-1.28674,1.587286,-0.6048634,1,0.8020708,0.9257238,-0.2025671,-0.07194585,0.9766219,0.002024765,-0.003587212,-0.01921744,51.43333,3152
6,-0.2056506,-0.06107659,1.000024,-0.2126715,-0.09557319,1.000027,-0.2091612,-0.07832489,1.000025,0.05926245,-0.003402337,-0.9982367,0,-0.0373509,0.9992864,-0.005623333,0,-0.9975435,-0.03761829,-0.05909306,0,-0.4678132,-1.613321,-1.311291,1,0.05926242,-0.03735089,-0.9975433,0,-0.00340234,0.9992864,-0.03761828,0,-0.9982366,-0.00562333,-0.05909307,0,-1.286744,1.587323,-0.6048425,1,0.8082178,0.918035,-0.2023685,-0.0716184,0.9766872,0.002024765,-0.003585831,-0.01921742,51.44445,3153
6,-0.2056157,-0.06035239,0.9999908,-0.2124516,-0.09558155,0.9999841,-0.2090336,-0.07796697,0.9999875,0.05905759,-0.003675899,-0.9982479,0,-0.0369515,0.9992998,-0.005865872,0,-0.9975705,-0.03723318,-0.05888039,0,-0.4686257,-1.613466,-1.310959,1,0.05905756,-0.0369515,-0.9975703,0,-0.003675901,0.9992998,-0.03723318,0,-0.9982478,-0.005865869,-0.0588804,0,-1.286917,1.58733,-0.6047513,1,0.8285943,0.9256182,-0.2022634,-0.07128204,0.9767335,0.002025437,-0.003585297,-0.01921978,51.46667,3154
6,-0.2054643,-0.06021632,1.000178,-0.2130103,-0.09501319,1.000165,-0.2092371,-0.07761487,1.000172,0.05926156,-0.00410552,-0.9982341,0,-0.03676052,0.9993043,-0.006292261,0,-0.9975654,-0.0370685,-0.0590694,0,-0.4686225,-1.614006,-1.31054,1,0.05926154,-0.03676052,-0.9975654,0,-0.00410552,0.9993044,-0.03706849,0,-0.998234,-0.006292261,-0.05906941,0,-1.287081,1.58741,-0.6047232,1,0.821928,0.9222703,-0.2024258,-0.07093115,0.9767254,0.002031151,-0.003585297,-0.0192198,51.47778,3155
6,-0.2053034,-0.06014151,1.000009,-0.2128072,-0.09419686,1.000016,-0.2090555,-0.07716895,1.000013,0.05950278,-0.004156206,-0.9982195,0,-0.03613066,0.9993271,-0.006314534,0,-0.9975742,-0.03644206,-0.05931258,0,-0.4692632,-1.613831,-1.310606,1,0.05950277,-0.03613066,-0.9975739,0,-0.004156213,0.9993272,-0.03644205,0,-0.9982194,-0.006314527,-0.05931256,0,-1.287057,1.587514,-0.6046714,1,0.8013818,0.9193038,-0.202296,-0.07051941,0.9767821,0.002032281,-0.003585068,-0.0192204,51.5,3156
6,-0.2075257,-0.06006974,0.9999186,-0.2125621,-0.0925056,0.9999111,-0.2100439,-0.07628767,0.9999149,0.05969828,-0.004434891,-0.9982067,0,-0.03590424,0.9993335,-0.00658717,0,-0.9975706,-0.0362331,-0.05949926,0,-0.4693651,-1.614029,-1.310163,1,0.05969828,-0.03590425,-0.9975706,0,-0.004434891,0.9993336,-0.0362331,0,-0.9982066,-0.00658717,-0.05949926,0,-1.286951,1.587471,-0.6046599,1,0.7771218,0.9213176,-0.2032388,-0.06967174,0.9766473,0.002036584,-0.00358503,-0.01922047,51.51111,3157
6,-0.2071946,-0.05933322,1.000018,-0.2125831,-0.09288241,1.00002,-0.2098889,-0.07610787,1.000019,0.05974716,-0.004423022,-0.9982039,0,-0.03567727,0.9993418,-0.006563522,0,-0.9975759,-0.03600534,-0.05955005,0,-0.4696281,-1.613895,-1.310234,1,0.05974716,-0.03567727,-0.9975757,0,-0.004423027,0.9993418,-0.03600534,0,-0.9982036,-0.006563516,-0.05955002,0,-1.28696,1.587478,-0.6046228,1,0.8249558,0.9253573,-0.2030831,-0.06949519,0.9766922,0.002040657,-0.003585289,-0.01921782,51.53333,3158
6,-0.2071593,-0.05924436,0.9998695,-0.2123635,-0.09307478,0.9998751,-0.2097616,-0.07615952,0.9998722,0.05993706,-0.004004034,-0.9981942,0,-0.0349208,0.9993714,-0.006105596,0,-0.9975913,-0.03522369,-0.05975956,0,-0.4704559,-1.612879,-1.310905,1,0.05993704,-0.03492079,-0.997591,0,-0.004004038,0.9993715,-0.03522368,0,-0.998194,-0.006105593,-0.05975955,0,-1.286798,1.587432,-0.6044732,1,0.8133599,0.9240788,-0.2029935,-0.06955606,0.9767064,0.002040657,-0.003585327,-0.01921688,51.55556,3159
6,-0.2071819,-0.05928156,0.9999655,-0.211859,-0.09342761,0.9999653,-0.2095204,-0.0763547,0.9999654,0.05996972,-0.004043054,-0.9981921,0,-0.03446681,0.9993871,-0.006118605,0,-0.9976051,-0.03477143,-0.05979359,0,-0.4711395,-1.612652,-1.310861,1,0.05996968,-0.03446681,-0.9976048,0,-0.004043056,0.9993871,-0.03477143,0,-0.9981919,-0.006118603,-0.05979361,0,-1.286757,1.587404,-0.6044664,1,0.8133599,0.9240788,-0.2027526,-0.0697386,0.9767435,0.002040657,-0.003586273,-0.01921246,51.56667,3160
6,-0.2071806,-0.05902459,0.999975,-0.2124159,-0.09244313,0.9999809,-0.2097984,-0.07573374,0.9999781,0.05994791,-0.003866361,-0.998194,0,-0.03438329,0.9993911,-0.005935933,0,-0.9976091,-0.03467704,-0.05977851,0,-0.4712663,-1.612343,-1.311113,1,0.05994795,-0.03438329,-0.9976091,0,-0.00386636,0.9993911,-0.03467704,0,-0.998194,-0.005935933,-0.05977847,0,-1.286728,1.587375,-0.6044272,1,0.8133599,0.9240788,-0.2030161,-0.06913617,0.9767317,0.002040657,-0.003592987,-0.01920096,51.57778,3161
