flag,xl,yl,zl,xr,yr,zr,xc,yc,zc,mat_00,mat_10,mat_20,mat_30,mat_01,mat_11,mat_21,mat_31,mat_02,mat_12,mat_22,mat_32,mat_03,mat_13,mat_23,mat_33,ctw_00,ctw_10,ctw_20,ctw_30,ctw_01,ctw_11,ctw_21,ctw_31,ctw_02,ctw_12,ctw_22,ctw_32,ctw_03,ctw_13,ctw_23,ctw_33,opennessl,opennessr,ray_x,ray_y,ray_z,eye_x,eye_y,eye_z,time,frame
25,0.2510355,0.1441121,1.000019,0.0698494,0.1041333,1.000019,0.1604425,0.1241228,1.000019,-0.855495,0.07191794,-0.5127926,0,-0.003004249,0.989602,0.1438013,0,-0.5178025,-0.1245618,0.8463835,0,-1.214623,-1.679417,0.001588672,1,-0.8554949,-0.003004242,-0.5178025,0,0.07191792,0.989602,-0.1245618,0,-0.5127926,0.1438013,0.8463834,0,-0.9175087,1.658077,-0.8394706,1,1.0,1.0,0.1521565,0.1221122,0.9807839,0.002226311,-0.002853172,-0.01982539,64.34444,3938
25,0.2509921,0.1452155,1.000062,0.06973743,0.1037252,1.000061,0.1603648,0.1244703,1.000061,-0.8555403,0.07141541,-0.5127871,0,-0.003581937,0.9896007,0.143797,0,-0.5177238,-0.1248609,0.8463875,0,-1.213739,-1.680109,0.001544684,1,-0.8555405,-0.003581936,-0.5177238,0,0.07141542,0.9896007,-0.1248609,0,-0.5127871,0.143797,0.8463874,0,-0.9176246,1.658067,-0.8394686,1,1.0,1.0,0.1520711,0.1224372,0.9807566,0.002226532,-0.002851929,-0.0198251,64.35556,3939
25,0.2512212,0.1452331,1.000026,0.06941605,0.1035681,1.000031,0.1603189,0.1244006,1.000029,-0.8555462,0.0712189,-0.5128047,0,-0.004018404,0.98955,0.144134,0,-0.517711,-0.1253739,0.8463196,0,-1.213151,-1.680626,0.0008793175,1,-0.855546,-0.004018407,-0.5177109,0,0.07121889,0.9895501,-0.1253739,0,-0.5128047,0.144134,0.8463195,0,-0.9177631,1.658062,-0.8395123,1,1.0,1.0,0.1520333,0.1223721,0.9807706,0.002226242,-0.002848519,-0.01983056,64.37778,3940
25,0.2519751,0.1415433,1.000044,0.06992227,0.1044499,0.9999986,0.1609474,0.1229963,1.000022,-0.855697,0.0712825,-0.5125443,0,-0.004014924,0.9895227,0.1443216,0,-0.5174618,-0.1255534,0.8464454,0,-1.213089,-1.68069,0.0009149909,1,-0.8556967,-0.004014918,-0.5174617,0,0.07128248,0.9895227,-0.1255533,0,-0.5125442,0.1443216,0.8464452,0,-0.9177632,1.658078,-0.8395175,1,1.0,1.0,0.152644,0.121022,0.9808433,0.002231216,-0.002840256,-0.01983971,64.38889,3941
25,0.2522823,0.1411484,1.000026,0.07003739,0.09491115,1.000024,0.1611598,0.1180298,1.000025,-0.8556484,0.07144845,-0.5126022,0,-0.003827605,0.9895247,0.1443129,0,-0.5175434,-0.1254431,0.8464117,0,-1.213522,-1.680401,0.0007026792,1,-0.8556483,-0.003827629,-0.5175435,0,0.07144846,0.9895246,-0.1254431,0,-0.5126022,0.1443129,0.8464118,0,-0.9179263,1.658052,-0.8394402,1,1.0,1.0,0.1529308,0.1162844,0.9813716,0.002233376,-0.002813919,-0.01982059,64.41111,3942
25,0.2541628,0.1423453,1.00011,0.07037765,0.09509251,1.000073,0.1622691,0.1187184,1.000091,-0.8557653,0.07162727,-0.5123822,0,-0.0036797,0.9895022,0.1444709,0,-0.5173513,-0.1255185,0.846518,0,-1.213756,-1.680202,0.0006614029,1,-0.855765,-0.003679699,-0.5173513,0,0.07162725,0.9895023,-0.1255185,0,-0.512382,0.1444709,0.8465179,0,-0.9180028,1.658002,-0.8393945,1,1.0,1.0,0.153947,0.1169123,0.981138,0.002238426,-0.002813835,-0.01981931,64.42223,3943
25,0.2553461,0.142669,1.000056,0.07276881,0.09556332,1.000012,0.1640562,0.1191156,1.000034,-0.8560221,0.07198656,-0.5119025,0,-0.003294047,0.9894768,0.1446541,0,-0.5169288,-0.1255133,0.8467768,0,-1.2143,-1.679779,0.0009360909,1,-0.856022,-0.003294051,-0.5169288,0,0.07198655,0.9894768,-0.1255134,0,-0.5119025,0.1446541,0.8467769,0,-0.9180669,1.657967,-0.839334,1,1.0,1.0,0.1556264,0.1172903,0.9808279,0.002248626,-0.002833733,-0.01974994,64.44444,3944
25,0.2549191,0.1430871,0.9999709,0.0742358,0.09839641,0.9999557,0.1645771,0.1207417,0.9999632,-0.8560992,0.07215701,-0.5117493,0,-0.003244132,0.9894354,0.1449381,0,-0.5168012,-0.1257416,0.8468208,0,-1.214382,-1.679732,0.0006703436,1,-0.8560993,-0.003244133,-0.5168012,0,0.07215701,0.9894354,-0.1257416,0,-0.5117494,0.1449381,0.8468209,0,-0.9180839,1.657949,-0.8393738,1,1.0,1.0,0.156094,0.1188426,0.9805667,0.002253608,-0.002844185,-0.01973579,64.45556,3945
25,0.2535108,0.1425407,0.9999946,0.07406834,0.0957205,0.9999997,0.1637896,0.1191307,0.999997,-0.8560698,0.07237589,-0.511768,0,-0.00300692,0.9894331,0.1449587,0,-0.5168517,-0.1256336,0.8468062,0,-1.214779,-1.679416,0.000603348,1,-0.8560696,-0.003006929,-0.5168517,0,0.07237589,0.9894332,-0.1256336,0,-0.5117679,0.1449587,0.846806,0,-0.9180775,1.65793,-0.8393626,1,1.0,1.0,0.1553813,0.1173275,0.9808624,0.002254256,-0.002844185,-0.01971455,64.46667,3946
25,0.2525644,0.1427068,0.9998825,0.07524753,0.09686947,0.99997,0.1639085,0.1197889,0.9999263,-0.8557314,0.07287918,-0.5122622,0,-0.002547089,0.9894255,0.1450198,0,-0.5174142,-0.1254027,0.8464968,0,-1.215755,-1.678702,-0.0002150834,1,-0.8557313,-0.002547087,-0.5174142,0,0.07287916,0.9894255,-0.1254027,0,-0.5122622,0.1450198,0.8464968,0,-0.9181274,1.657885,-0.8393806,1,1.0,1.0,0.1554911,0.1179659,0.9807683,0.002256745,-0.002850655,-0.019701,64.48889,3947
25,0.2494298,0.1425179,1.000114,0.07790753,0.09916186,1.000171,0.1636702,0.1208403,1.000143,-0.8555425,0.07305714,-0.512552,0,-0.002380006,0.9894285,0.1450019,0,-0.517727,-0.1252752,0.8463243,0,-1.216222,-1.678396,-0.0007924139,1,-0.8555426,-0.002380013,-0.517727,0,0.07305715,0.9894285,-0.1252752,0,-0.512552,0.1450019,0.8463244,0,-0.9183167,1.657873,-0.8392615,1,1.0,1.0,0.1552193,0.1189687,0.9806902,0.002263046,-0.002871666,-0.01964335,64.5,3948
25,0.2492353,0.1424396,0.9998225,0.07952797,0.09889805,0.9999021,0.1643836,0.1206696,0.9998622,-0.8549666,0.07292867,-0.5135304,0,-0.002631601,0.9894433,0.1448964,0,-0.5186763,-0.125233,0.8457491,0,-1.216045,-1.678537,-0.00197956,1,-0.8549666,-0.00263162,-0.5186764,0,0.07292868,0.9894434,-0.1252331,0,-0.5135304,0.1448965,0.8457492,0,-0.918281,1.657904,-0.839268,1,1.0,1.0,0.1559321,0.1188412,0.9805927,0.002269936,-0.002883156,-0.01960324,64.52222,3949
25,0.2491287,0.1421505,0.9996551,0.0802857,0.0996247,0.9997703,0.1647102,0.1208888,0.9997127,-0.8546017,0.07295308,-0.5141339,0,-0.002662968,0.9894537,0.144825,0,-0.5192771,-0.1251369,0.8453946,0,-1.216076,-1.678582,-0.002532154,1,-0.8546017,-0.002662977,-0.5192772,0,0.07295307,0.9894537,-0.1251369,0,-0.5141339,0.144825,0.8453946,0,-0.9181045,1.658008,-0.8393922,1,1.0,1.0,0.1562542,0.1190669,0.9805139,0.002275016,-0.002888138,-0.01958904,64.53333,3950
25,0.2500795,0.1420726,0.999859,0.08031747,0.0993427,0.9999591,0.1652012,0.1207085,0.9999091,-0.8543067,0.07298709,-0.5146194,0,-0.002743907,0.9894446,0.1448854,0,-0.5197622,-0.1251886,0.8450888,0,-1.216107,-1.678597,-0.003345579,1,-0.8543066,-0.002743912,-0.5197621,0,0.07298709,0.9894447,-0.1251886,0,-0.5146194,0.1448854,0.8450888,0,-0.9181336,1.658027,-0.8394001,1,1.0,1.0,0.1566875,0.1188656,0.9804693,0.002277389,-0.002888138,-0.01958322,64.54445,3951
25,0.2505413,0.141709,0.9998635,0.08035457,0.09828262,0.9999589,0.1654505,0.1199968,0.9999112,-0.8537345,0.07220055,-0.5156788,0,-0.003858313,0.989436,0.1449193,0,-0.5206944,-0.1257122,0.844437,0,-1.214522,-1.679689,-0.004839957,1,-0.8537344,-0.00385831,-0.5206943,0,0.07220054,0.9894359,-0.1257122,0,-0.5156788,0.1449193,0.8444369,0,-0.9181004,1.65796,-0.8394649,1,1.0,1.0,0.1569336,0.118186,0.9805121,0.002278412,-0.002888138,-0.0195783,64.56667,3952
25,0.2506475,0.1412908,1.000038,0.08152083,0.09662901,1.000058,0.1660847,0.11896,1.000048,-0.8537338,0.07192549,-0.5157184,0,-0.004308376,0.9894045,0.1451211,0,-0.5206921,-0.1261167,0.8443781,0,-1.213892,-1.680256,-0.005342871,1,-0.8537337,-0.004308372,-0.5206919,0,0.07192548,0.9894046,-0.1261166,0,-0.5157183,0.1451211,0.8443781,0,-0.9182426,1.657998,-0.8394606,1,1.0,1.0,0.1575271,0.1171751,0.9805382,0.002278412,-0.002885826,-0.01957545,64.57778,3953
25,0.2531232,0.1407395,1.000037,0.08030003,0.0961722,1.00002,0.166711,0.1184554,1.000028,-0.8539566,0.07098442,-0.5154798,0,-0.00552867,0.9893577,0.145399,0,-0.5203149,-0.1270143,0.844476,0,-1.212048,-1.681764,-0.005526453,1,-0.8539565,-0.005528674,-0.5203149,0,0.07098441,0.9893577,-0.1270143,0,-0.5154797,0.145399,0.844476,0,-0.9185059,1.657969,-0.8395878,1,1.0,1.0,0.1581296,0.1166861,0.9804996,0.00227523,-0.002884544,-0.01957351,64.6,3954
25,0.2549025,0.1410574,1.000207,0.07894987,0.09739839,1.000136,0.1669241,0.1192273,1.000171,-0.854185,0.07072923,-0.5151364,0,-0.005764175,0.9893564,0.1453985,0,-0.5199374,-0.1271666,0.8446857,0,-1.211776,-1.682075,-0.00513798,1,-0.854185,-0.00576417,-0.5199373,0,0.07072922,0.9893564,-0.1271666,0,-0.5151363,0.1453985,0.8446856,0,-0.9187554,1.657934,-0.8396111,1,1.0,1.0,0.1582964,0.1173779,0.9803901,0.002263595,-0.002869629,-0.01963579,64.61111,3955
25,0.2562199,0.1420325,1.000334,0.0757378,0.1010191,1.000201,0.165975,0.1215247,1.000267,-0.8548113,0.07059202,-0.5141153,0,-0.005467579,0.9894244,0.1449465,0,-0.5189102,-0.1267129,0.8453852,0,-1.212258,-1.681885,-0.002994239,1,-0.8548112,-0.005467572,-0.5189102,0,0.07059199,0.9894243,-0.1267128,0,-0.5141152,0.1449465,0.8453851,0,-0.9190636,1.657904,-0.8396384,1,1.0,1.0,0.157352,0.1195368,0.9802812,0.002249198,-0.002854538,-0.01972198,64.63333,3956
25,0.2574956,0.1423815,1.000204,0.07630363,0.09990128,1.000083,0.166896,0.1211403,1.000143,-0.8551148,0.07042116,-0.513634,0,-0.005386043,0.9894716,0.1446272,0,-0.5184111,-0.1264392,0.8457325,0,-1.212374,-1.681927,-0.001735866,1,-0.8551144,-0.005386037,-0.5184109,0,0.07042116,0.9894716,-0.1264392,0,-0.5136338,0.1446271,0.8457322,0,-0.9191672,1.65794,-0.8397016,1,1.0,1.0,0.1582498,0.119163,0.9801823,0.002238709,-0.002847687,-0.01972657,64.64445,3957
25,0.2569442,0.1422225,1.000123,0.07937601,0.1000421,1.000059,0.1681583,0.1211318,1.000091,-0.8555884,0.06988603,-0.5129179,0,-0.005472284,0.9895685,0.1439588,0,-0.5176281,-0.1259763,0.8462809,0,-1.212021,-1.682374,0.0006474853,1,-0.8555881,-0.005472273,-0.517628,0,0.06988601,0.9895686,-0.1259763,0,-0.5129178,0.1439588,0.8462806,0,-0.9190842,1.658099,-0.8398631,1,1.0,1.0,0.1594441,0.119138,0.9799917,0.00223481,-0.002847687,-0.01972603,64.66667,3958
25,0.2576302,0.1407472,1.000212,0.07964104,0.1003699,1.000128,0.1686331,0.1205578,1.00017,-0.8558105,0.06979989,-0.5125591,0,-0.005402751,0.9895945,0.1437831,0,-0.5172616,-0.1258203,0.8465282,0,-1.212073,-1.682325,0.001401335,1,-0.85581,-0.005402744,-0.5172614,0,0.06979986,0.9895945,-0.1258203,0,-0.5125588,0.1437831,0.8465279,0,-0.9191598,1.658069,-0.8398152,1,1.0,1.0,0.1598874,0.1185757,0.9799877,0.00223481,-0.002846825,-0.0197257,64.67778,3959
25,0.2575273,0.1403641,0.999957,0.07961082,0.1003709,0.9999892,0.16857,0.1203678,0.9999732,-0.8557485,0.06965587,-0.5126818,0,-0.005662426,0.9895759,0.1439009,0,-0.5173611,-0.126046,0.8464338,0,-1.211736,-1.682616,0.001000941,1,-0.8557484,-0.005662431,-0.517361,0,0.06965585,0.9895759,-0.126046,0,-0.5126817,0.1439009,0.8464336,0,-0.9192239,1.65807,-0.8398392,1,1.0,1.0,0.1598613,0.1184191,0.9800109,0.00223481,-0.002846825,-0.0197257,64.68889,3960
25,0.2575023,0.1403482,0.9998436,0.07914472,0.1010134,0.9998801,0.1683244,0.1206811,0.9998618,-0.8556257,0.06926756,-0.5129395,0,-0.006137948,0.9895774,0.1438716,0,-0.5175589,-0.1262486,0.8462827,0,-1.211129,-1.683023,0.0007254183,1,-0.8556255,-0.00613795,-0.5175588,0,0.06926756,0.9895773,-0.1262486,0,-0.5129393,0.1438715,0.8462824,0,-0.9193216,1.657944,-0.8399234,1,1.0,1.0,0.1596433,0.1187364,0.9800079,0.00223481,-0.002849869,-0.01971979,64.71111,3961
25,0.256328,0.1395159,0.9998864,0.07860908,0.09785783,0.9999475,0.1674702,0.1186875,0.9999169,-0.8554977,0.06908076,-0.5131781,0,-0.006519098,0.9895455,0.144074,0,-0.5177657,-0.1266004,0.8461034,0,-1.210599,-1.683444,2.896786e-05,1,-0.8554975,-0.00651911,-0.5177657,0,0.06908075,0.9895454,-0.1266004,0,-0.5131779,0.144074,0.8461034,0,-0.9193562,1.657949,-0.8399561,1,1.0,1.0,0.1588706,0.1168647,0.9803585,0.002241721,-0.002854225,-0.01967504,64.72222,3962
25,0.2544441,0.139485,0.9999454,0.08085191,0.09846365,0.9999712,0.1676486,0.1189746,0.9999583,-0.8553426,0.06883687,-0.5134695,0,-0.006700773,0.9895801,0.1438275,0,-0.5180199,-0.1264624,0.8459687,0,-1.210375,-1.683606,0.0001514852,1,-0.8553421,-0.006700779,-0.5180197,0,0.06883685,0.9895801,-0.1264624,0,-0.5134693,0.1438275,0.8459685,0,-0.9193132,1.657931,-0.8400392,1,1.0,1.0,0.1590175,0.1171413,0.9803016,0.002253854,-0.002864983,-0.01965784,64.74445,3963
25,0.2555861,0.1405271,0.9998897,0.08532622,0.09817858,0.9998772,0.1704559,0.1193526,0.9998834,-0.8553833,0.06868123,-0.5134223,0,-0.006839696,0.9895869,0.1437737,0,-0.5179505,-0.1264933,0.8460064,0,-1.209974,-1.683891,0.0004494488,1,-0.8553832,-0.006839703,-0.5179505,0,0.06868123,0.9895869,-0.1264933,0,-0.5134223,0.1437737,0.8460063,0,-0.9191092,1.658016,-0.8400878,1,1.0,1.0,0.1616465,0.1175154,0.9798267,0.002276992,-0.002912369,-0.01953897,64.75555,3964
25,0.2534215,0.1382913,1.00001,0.08822417,0.09941444,0.999987,0.1708223,0.1188528,0.9999986,-0.8554654,0.06860045,-0.5132965,0,-0.006926542,0.9895828,0.1437985,0,-0.517814,-0.12657,0.8460786,0,-1.209804,-1.684013,0.0006082654,1,-0.8554651,-0.006926529,-0.5178138,0,0.06860045,0.9895828,-0.1265699,0,-0.5132964,0.1437984,0.8460783,0,-0.9191084,1.658003,-0.8401132,1,1.0,1.0,0.1619768,0.11704,0.9798291,0.002285865,-0.002927406,-0.01951027,64.76667,3965
25,0.2534759,0.1385585,1.000065,0.08670637,0.09749277,1.000012,0.1700896,0.1180251,1.000039,-0.855615,0.06884656,-0.5130138,0,-0.006619744,0.9895785,0.1438422,0,-0.5175704,-0.1264696,0.8462425,0,-1.210305,-1.683658,0.0009596646,1,-0.855615,-0.006619749,-0.5175704,0,0.06884656,0.9895785,-0.1264696,0,-0.5130137,0.1438422,0.8462424,0,-0.9191492,1.657962,-0.8401619,1,1.0,1.0,0.1613031,0.1162762,0.9800312,0.002285918,-0.002937195,-0.01948895,64.78889,3966
25,0.2534353,0.1382413,0.9999282,0.08759657,0.09725351,0.999902,0.1705152,0.1177471,0.999915,-0.855724,0.06926933,-0.5127751,0,-0.006313968,0.9895271,0.1442092,0,-0.5173941,-0.1266409,0.8463247,0,-1.210694,-1.683347,0.0007237196,1,-0.855724,-0.00631396,-0.5173941,0,0.06926932,0.989527,-0.1266409,0,-0.512775,0.1442092,0.8463246,0,-0.9190446,1.657969,-0.8401991,1,1.0,1.0,0.1617259,0.1160197,0.9799919,0.002285918,-0.002938728,-0.01948503,64.8,3967
25,0.2535335,0.1382769,1.000067,0.08744803,0.09618569,1.000014,0.1704893,0.1172308,1.000041,-0.8560103,0.06977801,-0.5122279,0,-0.005957268,0.9894513,0.144743,0,-0.5169245,-0.126953,0.8465649,0,-1.2112,-1.683008,0.0005220771,1,-0.8560104,-0.005957251,-0.5169244,0,0.069778,0.9894514,-0.126953,0,-0.5122279,0.144743,0.8465648,0,-0.919095,1.657964,-0.8402036,1,1.0,1.0,0.1616957,0.1155251,0.9800553,0.002285918,-0.00294381,-0.01945875,64.82223,3968
25,0.2537134,0.1381,1.000314,0.0874823,0.09366649,1.000303,0.1705976,0.1158831,1.000309,-0.856019,0.06988341,-0.5121993,0,-0.005782437,0.9894639,0.1446644,0,-0.5169123,-0.1267972,0.8465959,0,-1.211777,-1.682611,0.0004128218,1,-0.8560188,-0.005782414,-0.5169121,0,0.06988338,0.9894639,-0.1267972,0,-0.5121991,0.1446643,0.8465955,0,-0.919506,1.657816,-0.840082,1,1.0,1.0,0.1617835,0.1142232,0.9801934,0.002284959,-0.002949982,-0.01944302,64.83334,3969
25,0.25246,0.141048,1.000072,0.08732772,0.09864657,1.000024,0.1698926,0.1198469,1.000048,-0.8561753,0.06991461,-0.5119333,0,-0.005742811,0.9894539,0.144734,0,-0.5166534,-0.1268576,0.8467445,0,-1.211768,-1.682598,0.0006629825,1,-0.8561754,-0.005742813,-0.5166535,0,0.06991463,0.989454,-0.1268576,0,-0.5119334,0.144734,0.8467447,0,-0.9195083,1.657799,-0.8400761,1,1.0,1.0,0.1610975,0.1180452,0.9798535,0.002280792,-0.002971924,-0.01942877,64.84444,3970
25,0.2538251,0.1410605,0.9999886,0.08750713,0.09818345,0.9999865,0.1706662,0.119622,0.9999876,-0.8562036,0.06993669,-0.511883,0,-0.005750876,0.9894438,0.1448033,0,-0.5166066,-0.1269249,0.8467631,0,-1.211741,-1.682653,0.0007708669,1,-0.8562037,-0.005750869,-0.5166065,0,0.0699367,0.9894438,-0.1269249,0,-0.5118831,0.1448033,0.8467631,0,-0.9194231,1.65781,-0.8402164,1,1.0,1.0,0.1618368,0.1178337,0.9797572,0.002280923,-0.00297953,-0.01941325,64.86667,3971
25,0.2538684,0.1409608,0.9999669,0.087246,0.09800663,0.9999833,0.1705576,0.1194837,0.999975,-0.8561741,0.07007945,-0.5119129,0,-0.005702607,0.9894173,0.1449861,0,-0.516656,-0.1270526,0.8467138,0,-1.211802,-1.682592,0.0003932118,1,-0.8561741,-0.005702602,-0.5166559,0,0.07007945,0.9894173,-0.1270526,0,-0.5119128,0.1449861,0.8467137,0,-0.9193972,1.657818,-0.8401952,1,1.0,1.0,0.1617427,0.1177135,0.9797871,0.002280923,-0.002985176,-0.01939288,64.87778,3972
25,0.2534024,0.1406512,0.9999694,0.08734858,0.09708087,1.000007,0.1703765,0.1188665,0.9999884,-0.8559465,0.06996283,-0.5123094,0,-0.005926665,0.9894111,0.1450196,0,-0.5170306,-0.1271653,0.8464683,0,-1.211529,-1.682752,-0.0002334714,1,-0.8559464,-0.005926664,-0.5170305,0,0.06996281,0.989411,-0.1271653,0,-0.5123093,0.1450196,0.8464681,0,-0.9193938,1.657787,-0.8401877,1,1.0,1.0,0.1615833,0.1171349,0.9798827,0.002281189,-0.002989494,-0.01938464,64.9,3973
25,0.2532937,0.1404512,0.9997256,0.08831096,0.09610188,0.9997544,0.1708029,0.1182768,0.99974,-0.8558784,0.06992811,-0.5124282,0,-0.006048463,0.9893957,0.1451195,0,-0.5171422,-0.127304,0.8463793,0,-1.211278,-1.68296,-0.0003599226,1,-0.8558781,-0.006048462,-0.517142,0,0.0699281,0.9893957,-0.127304,0,-0.5124281,0.1451195,0.8463792,0,-0.9192045,1.657839,-0.8403456,1,1.0,1.0,0.162032,0.1166027,0.9798722,0.002284203,-0.002994301,-0.01936092,64.91111,3974
25,0.2519128,0.1387163,0.999873,0.0907141,0.09531538,0.9999235,0.1713146,0.1170162,0.9998983,-0.8557558,0.06988451,-0.5126388,0,-0.006249812,0.9893669,0.1453065,0,-0.5173426,-0.1275508,0.8462198,0,-1.210999,-1.683164,-0.0009626746,1,-0.8557555,-0.006249819,-0.5173424,0,0.06988449,0.9893669,-0.1275507,0,-0.5126386,0.1453065,0.8462194,0,-0.9191857,1.657839,-0.8403754,1,1.0,1.0,0.1625057,0.1153886,0.9799374,0.002293732,-0.002998772,-0.01932678,64.92223,3975
25,0.2525474,0.1390403,0.9999357,0.09141675,0.09496066,0.9999504,0.1719825,0.1170007,0.9999431,-0.8556871,0.06955228,-0.5127982,0,-0.006531991,0.9893963,0.1450943,0,-0.5174523,-0.1275049,0.8461593,0,-1.210728,-1.683399,-0.0008224845,1,-0.8556871,-0.006531998,-0.5174523,0,0.06955229,0.9893963,-0.1275049,0,-0.5127982,0.1450943,0.8461593,0,-0.9193422,1.65776,-0.84044,1,1.0,1.0,0.163121,0.1153568,0.979839,0.002297805,-0.002998429,-0.01932168,64.94444,3976
25,0.2522712,0.1399291,1.000027,0.09160158,0.0950609,1.000024,0.1719365,0.1174951,1.000025,-0.8557025,0.06980405,-0.5127385,0,-0.006325163,0.9893749,0.1452491,0,-0.5174296,-0.1275332,0.8461691,0,-1.211204,-1.68307,-0.001049697,1,-0.8557023,-0.006325157,-0.5174295,0,0.06980405,0.9893749,-0.1275332,0,-0.5127385,0.1452491,0.8461689,0,-0.9194833,1.657679,-0.8404718,1,1.0,1.0,0.1630566,0.1158194,0.9797951,0.002298232,-0.002999519,-0.01931838,64.95556,3977
25,0.2523093,0.1408514,0.9999263,0.09158909,0.09505068,0.9999166,0.1719491,0.1179509,0.9999214,-0.855739,0.06994697,-0.5126581,0,-0.00633058,0.9893305,0.1455512,0,-0.5173692,-0.1277992,0.8461659,0,-1.21119,-1.683089,-0.001357138,1,-0.855739,-0.006330552,-0.517369,0,0.06994696,0.9893305,-0.1277992,0,-0.512658,0.1455511,0.8461657,0,-0.9194312,1.657661,-0.8405812,1,1.0,1.0,0.1630761,0.1162625,0.9797394,0.002298232,-0.002999214,-0.01931763,64.97778,3978
25,0.2523142,0.1400458,0.9999747,0.09054422,0.09537301,0.9999315,0.171428,0.117709,0.9999533,-0.8558797,0.07003327,-0.5124115,0,-0.006224994,0.9893222,0.1456121,0,-0.5171378,-0.1278162,0.8463048,0,-1.21132,-1.68298,-0.001025915,1,-0.8558795,-0.006224975,-0.5171376,0,0.07003326,0.9893222,-0.1278161,0,-0.5124114,0.1456121,0.8463045,0,-0.9194047,1.657619,-0.8406628,1,1.0,1.0,0.1625886,0.1160358,0.9798473,0.002298232,-0.00299527,-0.01931594,64.98889,3979
25,0.2516901,0.1397412,1.000026,0.0915685,0.09511052,1.000012,0.171629,0.1174257,1.000019,-0.855952,0.06960375,-0.5123492,0,-0.006689005,0.9893243,0.1455768,0,-0.5170122,-0.1280338,0.8463485,0,-1.210512,-1.683447,-0.0008749664,1,-0.8559517,-0.006688995,-0.5170122,0,0.06960374,0.9893244,-0.1280338,0,-0.5123491,0.1455768,0.8463485,0,-0.9194139,1.657505,-0.840647,1,1.0,1.0,0.1627723,0.1157537,0.9798501,0.002297363,-0.002992569,-0.01931702,65.0,3980
25,0.252191,0.1396241,0.9998761,0.08933803,0.09414127,0.9998932,0.1707648,0.1168827,0.9998847,-0.8560801,0.06901664,-0.5122149,0,-0.007689936,0.9892336,0.1461433,0,-0.5167865,-0.1290492,0.8463323,0,-1.208687,-1.684642,-0.001580179,1,-0.8560796,-0.007689924,-0.5167863,0,0.06901662,0.9892335,-0.1290492,0,-0.5122147,0.1461433,0.8463321,0,-0.919273,1.65744,-0.8406971,1,1.0,1.0,0.1620006,0.1152666,0.9800354,0.002290077,-0.002990433,-0.01931782,65.02222,3981
25,0.2517193,0.1398181,0.9997028,0.08930331,0.09434623,0.9996944,0.170511,0.1170822,0.9996986,-0.8562131,0.06912017,-0.5119785,0,-0.007904928,0.9891406,0.1467598,0,-0.5165628,-0.1297048,0.8463687,0,-1.20803,-1.685091,-0.00208652,1,-0.8562127,-0.007904914,-0.5165625,0,0.06912016,0.9891405,-0.1297048,0,-0.5119783,0.1467598,0.8463683,0,-0.9189253,1.657549,-0.8408216,1,1.0,1.0,0.1617885,0.1154789,0.9800454,0.002288949,-0.002989052,-0.01931767,65.03333,3982
25,0.254289,0.1395125,0.999792,0.08690551,0.09526523,0.9998012,0.1705975,0.1173889,0.9997966,-0.8562415,0.06940998,-0.5118916,0,-0.007897934,0.989057,0.1473222,0,-0.5165156,-0.1301862,0.8463235,0,-1.207968,-1.685055,-0.002737015,1,-0.8562413,-0.007897934,-0.5165155,0,0.06940997,0.9890571,-0.1301862,0,-0.5118915,0.1473221,0.8463233,0,-0.9187539,1.657479,-0.840989,1,1.0,1.0,0.1618497,0.1157406,0.9800044,0.002281434,-0.002975952,-0.01936086,65.05556,3983
25,0.254205,0.1394194,0.9999728,0.08629957,0.09512235,0.9999497,0.1702518,0.1172705,0.9999612,-0.8563138,0.0699784,-0.5116928,0,-0.007372938,0.9890203,0.1475956,0,-0.5164031,-0.1301608,0.8463959,0,-1.208762,-1.68442,-0.002904385,1,-0.8563139,-0.007372943,-0.5164031,0,0.06997841,0.9890204,-0.1301608,0,-0.5116929,0.1475956,0.8463959,0,-0.9186932,1.657443,-0.8409959,1,1.0,1.0,0.1615037,0.1156125,0.9800767,0.00227955,-0.002973213,-0.01936881,65.06667,3984
25,0.2403394,0.1409683,0.9999222,0.08572054,0.09583889,0.9999335,0.1630302,0.1184037,0.9999279,-0.8562982,0.07069619,-0.5116208,0,-0.006560434,0.9890189,0.1476436,0,-0.5164405,-0.1297834,0.8464313,0,-1.209933,-1.683492,-0.002608836,1,-0.8562979,-0.006560423,-0.5164403,0,0.07069616,0.9890189,-0.1297834,0,-0.5116206,0.1476436,0.846431,0,-0.9183815,1.657453,-0.8411393,1,1.0,1.0,0.1546988,0.1168231,0.9810303,0.002296707,-0.002977211,-0.0193719,65.08889,3985
25,0.2421215,0.1369092,0.9997429,0.08492211,0.100144,0.9997476,0.1635221,0.1185265,0.9997452,-0.8562269,0.0710386,-0.5116923,0,-0.006075922,0.9890468,0.1474771,0,-0.5165641,-0.1293828,0.846417,0,-1.210508,-1.68303,-0.00214684,1,-0.856227,-0.006075944,-0.5165642,0,0.07103861,0.9890468,-0.1293828,0,-0.5116923,0.1474771,0.846417,0,-0.918008,1.657557,-0.8412433,1,1.0,1.0,0.1551807,0.1169535,0.9809388,0.002300811,-0.002979675,-0.01937804,65.1,3986
25,0.2426098,0.1400582,0.9998173,0.08383209,0.09944014,0.9998487,0.1632217,0.1197495,0.9998329,-0.8561232,0.07117256,-0.5118471,0,-0.005977117,0.9890404,0.1475239,0,-0.5167372,-0.129358,0.846315,0,-1.210569,-1.682972,-0.002321243,1,-0.8561231,-0.00597713,-0.5167372,0,0.07117257,0.9890405,-0.129358,0,-0.5118472,0.1475239,0.8463151,0,-0.9178024,1.657634,-0.8412873,1,1.0,1.0,0.1548628,0.1181029,0.9808513,0.002300796,-0.002973778,-0.01938853,65.11111,3987
25,0.243405,0.1392932,0.9997807,0.08050117,0.1001758,0.9998181,0.1619541,0.1197348,0.9997994,-0.8558536,0.07128394,-0.5122824,0,-0.005807549,0.9890702,0.1473313,0,-0.5171856,-0.1290691,0.8460853,0,-1.210825,-1.682796,-0.002354115,1,-0.8558537,-0.005807546,-0.5171856,0,0.07128395,0.9890701,-0.1290691,0,-0.5122824,0.1473313,0.8460853,0,-0.9175382,1.657719,-0.8414264,1,1.0,1.0,0.153677,0.1181067,0.9810373,0.002299422,-0.002966301,-0.01939786,65.13333,3988
25,0.2439167,0.1388677,0.9998113,0.06157777,0.0986993,0.999911,0.1527503,0.1187843,0.9998612,-0.8555964,0.07127091,-0.5127139,0,-0.005981635,0.9890489,0.1474668,0,-0.5176092,-0.1292389,0.8458004,0,-1.210604,-1.68291,-0.003170609,1,-0.8555961,-0.005981625,-0.5176091,0,0.0712709,0.989049,-0.1292389,0,-0.5127137,0.1474668,0.8458001,0,-0.9174711,1.657707,-0.8414353,1,1.0,1.0,0.1449962,0.1172373,0.982462,0.002279785,-0.002879608,-0.01969377,65.14445,3989
25,0.2436777,0.1391255,0.999843,0.06159401,0.09857485,0.9999325,0.1526386,0.1188511,0.9998877,-0.8553567,0.07139184,-0.5130966,0,-0.006217074,0.9889725,0.147969,0,-0.5180022,-0.1297562,0.8454804,0,-1.210229,-1.683177,-0.004487246,1,-0.8553567,-0.006217069,-0.5180022,0,0.07139183,0.9889725,-0.1297562,0,-0.5130966,0.1479689,0.8454803,0,-0.9173146,1.657755,-0.8415099,1,1.0,1.0,0.1448866,0.1173,0.9824706,0.002279175,-0.002880402,-0.0196934,65.16667,3990
25,0.2443991,0.1392374,0.9996664,0.06154132,0.09862816,0.9996882,0.1529708,0.1189328,0.9996773,-0.8553224,0.07159506,-0.5131255,0,-0.006158303,0.988931,0.1482481,0,-0.5180596,-0.1299599,0.8454139,0,-1.210168,-1.683208,-0.004752129,1,-0.8553224,-0.006158301,-0.5180596,0,0.07159505,0.988931,-0.1299599,0,-0.5131256,0.1482482,0.8454139,0,-0.9170129,1.657828,-0.8416712,1,1.0,1.0,0.1452284,0.1173963,0.9824087,0.002278382,-0.002880402,-0.01969289,65.17778,3991
25,0.2445074,0.1397191,0.9998052,0.06135002,0.09930167,0.9997994,0.1529284,0.1195103,0.9998023,-0.8552438,0.07180226,-0.5132277,0,-0.005845036,0.9889554,0.1480983,0,-0.5181931,-0.12966,0.8453782,0,-1.210514,-1.682948,-0.00437364,1,-0.8552436,-0.005845037,-0.518193,0,0.07180227,0.9889554,-0.12966,0,-0.5132277,0.1480983,0.8453782,0,-0.9166893,1.657932,-0.8417933,1,1.0,1.0,0.1451633,0.1179311,0.9823542,0.002276969,-0.002879608,-0.01969284,65.2,3992
25,0.2451152,0.1397873,0.9998338,0.0606364,0.09920187,0.9998055,0.152875,0.1194944,0.9998196,-0.8553154,0.07185376,-0.5131011,0,-0.005751416,0.9889588,0.1480794,0,-0.5180759,-0.1296056,0.8454584,0,-1.21047,-1.682949,-0.00395295,1,-0.8553153,-0.005751425,-0.5180758,0,0.07185376,0.9889588,-0.1296056,0,-0.5131011,0.1480794,0.8454583,0,-0.9164357,1.657991,-0.841893,1,1.0,1.0,0.1451126,0.1179146,0.9823636,0.002274888,-0.002879242,-0.01969256,65.21111,3993
25,0.2458497,0.140123,1.000096,0.06181592,0.1008463,1.000021,0.1538305,0.1204839,1.000058,-0.855495,0.07167278,-0.5128267,0,-0.005733471,0.9890025,0.1477878,0,-0.5177793,-0.129372,0.8456757,0,-1.210386,-1.683022,-0.003004432,1,-0.855495,-0.005733487,-0.5177794,0,0.0716728,0.9890024,-0.129372,0,-0.5128268,0.1477878,0.8456758,0,-0.9163929,1.658017,-0.8419078,1,1.0,1.0,0.1459689,0.1188279,0.9821268,0.002274757,-0.002892632,-0.01965871,65.22222,3994
25,0.2451247,0.1402498,1.000094,0.06189564,0.1009257,1.000021,0.1535078,0.120587,1.000057,-0.8558073,0.07144254,-0.5123378,0,-0.005676761,0.9890605,0.1474012,0,-0.5172638,-0.1290554,0.8460397,0,-1.210193,-1.683195,-0.00151369,1,-0.8558071,-0.005676755,-0.5172637,0,0.07144252,0.9890605,-0.1290554,0,-0.5123376,0.1474012,0.8460395,0,-0.9162154,1.658135,-0.8419337,1,1.0,1.0,0.1456662,0.1189314,0.9821593,0.00227176,-0.002892166,-0.01965769,65.24445,3995
25,0.2446637,0.1383018,1.000117,0.06353825,0.1025183,1.000065,0.1540994,0.1204096,1.000091,-0.8559341,0.0714969,-0.5121181,0,-0.005512074,0.9890768,0.1472978,0,-0.5170555,-0.1289001,0.8461905,0,-1.210361,-1.683103,-0.001051128,1,-0.8559341,-0.005512073,-0.5170555,0,0.0714969,0.9890769,-0.1289001,0,-0.5121182,0.1472979,0.8461906,0,-0.9161913,1.658202,-0.8418868,1,1.0,1.0,0.1462274,0.1187501,0.9820977,0.002267769,-0.00289167,-0.01964699,65.25555,3996
25,0.2449472,0.1376217,0.9999621,0.06340563,0.1031305,0.9999712,0.1541767,0.1203762,0.9999667,-0.8559805,0.07157569,-0.5120297,0,-0.005214956,0.9891248,0.146986,0,-0.5169819,-0.1284873,0.8462983,0,-1.210746,-1.682812,-0.000328809,1,-0.8559805,-0.005214938,-0.5169818,0,0.07157567,0.9891248,-0.1284873,0,-0.5120296,0.1469859,0.8462982,0,-0.9160948,1.658246,-0.8418755,1,1.0,1.0,0.1463218,0.1187355,0.9820854,0.002265953,-0.002894921,-0.01963178,65.27778,3997
25,0.2451776,0.1376039,1.000033,0.06371439,0.1020587,1.000022,0.1544456,0.1198311,1.000027,-0.8559626,0.07170279,-0.512042,0,-0.004901629,0.9891674,0.14671,0,-0.5170148,-0.1280881,0.8463389,0,-1.211247,-1.682461,0.000159502,1,-0.8559623,-0.004901623,-0.5170146,0,0.07170279,0.9891674,-0.1280881,0,-0.5120419,0.14671,0.8463386,0,-0.9160627,1.658275,-0.8418704,1,1.0,1.0,0.1465778,0.1182082,0.9821109,0.002265953,-0.002895317,-0.01961761,65.28889,3998
25,0.2452751,0.137561,1.000193,0.0641298,0.1014661,1.000175,0.1547019,0.1195135,1.000184,-0.8560108,0.07121957,-0.5120286,0,-0.005203918,0.9892274,0.1462945,0,-0.5169318,-0.1278942,0.8464186,0,-1.210682,-1.682824,0.0008088648,1,-0.8560108,-0.005203907,-0.5169318,0,0.07121956,0.9892274,-0.1278942,0,-0.5120287,0.1462945,0.8464187,0,-0.9160929,1.658277,-0.8417483,1,1.0,1.0,0.1468052,0.1178897,0.9821152,0.002265953,-0.002898491,-0.01960093,65.31111,3999
25,0.2455887,0.1375293,0.9999973,0.06358814,0.102638,1.000004,0.1545885,0.1200838,1.000001,-0.8559684,0.07081389,-0.5121557,0,-0.005446807,0.9892861,0.1458882,0,-0.5169994,-0.1276653,0.8464119,0,-1.210251,-1.68314,0.001391381,1,-0.8559684,-0.005446806,-0.5169994,0,0.07081389,0.989286,-0.1276653,0,-0.5121557,0.1458882,0.8464119,0,-0.9160344,1.658312,-0.8417553,1,1.0,1.0,0.1467147,0.1184582,0.9820603,0.002265953,-0.002902695,-0.01959638,65.32223,4000
25,0.2456359,0.1388954,0.9998595,0.06467178,0.1025213,0.9998645,0.155154,0.1207083,0.999862,-0.8559407,0.07062338,-0.5122286,0,-0.005557943,0.9893149,0.1456889,0,-0.5170444,-0.127548,0.8464023,0,-1.209965,-1.683379,0.001799017,1,-0.8559405,-0.005557909,-0.5170442,0,0.07062337,0.9893149,-0.127548,0,-0.5122285,0.1456889,0.846402,0,-0.9158503,1.658405,-0.8418396,1,1.0,1.0,0.1472508,0.1190614,0.9819072,0.00227195,-0.002906815,-0.01959488,65.33334,4001
25,0.2458187,0.1372013,1.000161,0.06469581,0.1018849,1.000167,0.1552575,0.1195431,1.000164,-0.8559666,0.0700926,-0.512258,0,-0.005970709,0.989362,0.1453519,0,-0.5169967,-0.1274749,0.8464422,0,-1.209332,-1.683837,0.002237529,1,-0.8559665,-0.005970716,-0.5169967,0,0.0700926,0.9893621,-0.1274749,0,-0.5122579,0.1453519,0.8464423,0,-0.9159769,1.658378,-0.8417615,1,1.0,1.0,0.1473234,0.1179224,0.9820336,0.002275138,-0.002909325,-0.01959192,65.35556,4002
25,0.2448339,0.1371871,1.000006,0.06501251,0.1019119,0.999979,0.1549226,0.1195494,0.9999924,-0.8560457,0.06995435,-0.512145,0,-0.0060721,0.9893707,0.1452885,0,-0.5168648,-0.1274834,0.8465217,0,-1.209094,-1.68399,0.002549917,1,-0.8560452,-0.006072104,-0.5168647,0,0.06995434,0.9893706,-0.1274834,0,-0.5121449,0.1452885,0.8465216,0,-0.9159308,1.658378,-0.8417771,1,1.0,1.0,0.1470304,0.1179553,0.9820736,0.002276543,-0.002911553,-0.01959043,65.36667,4003
25,0.2448155,0.1372065,0.9999182,0.06496945,0.1000292,0.9998753,0.1548912,0.1186174,0.9998967,-0.8563393,0.07000383,-0.5116471,0,-0.006029032,0.9893467,0.1454537,0,-0.5163786,-0.1276424,0.8467945,0,-1.209017,-1.684068,0.003115207,1,-0.856339,-0.006029014,-0.5163785,0,0.07000381,0.9893467,-0.1276424,0,-0.5116468,0.1454537,0.8467941,0,-0.9158431,1.658385,-0.8419067,1,1.0,1.0,0.1470305,0.1170835,0.9821779,0.002276543,-0.002912903,-0.01958373,65.38889,4004
25,0.2449827,0.1374391,1.000059,0.0649316,0.1000852,0.9999813,0.1549549,0.1187616,1.00002,-0.8565781,0.07007821,-0.5112367,0,-0.005969312,0.9893235,0.1456139,0,-0.5159828,-0.1277815,0.8470145,0,-1.208973,-1.684088,0.003444076,1,-0.8565781,-0.005969302,-0.5159829,0,0.07007819,0.9893234,-0.1277814,0,-0.5112367,0.1456139,0.8470145,0,-0.9158009,1.65839,-0.8419214,1,1.0,1.0,0.1470716,0.1172074,0.982157,0.002276543,-0.002914238,-0.01957925,65.4,4005
25,0.2450504,0.1388045,1.000283,0.06430456,0.09996079,1.000232,0.1546759,0.1193824,1.000257,-0.8566877,0.07025765,-0.5110285,0,-0.005644407,0.9893451,0.1454802,0,-0.5158046,-0.1275156,0.8471631,0,-1.209601,-1.683635,0.003779709,1,-0.8566876,-0.005644401,-0.5158046,0,0.07025763,0.9893451,-0.1275156,0,-0.5110285,0.1454802,0.8471631,0,-0.9160302,1.658318,-0.8418094,1,1.0,1.0,0.1467654,0.1177792,0.9821344,0.002276543,-0.002918251,-0.01957858,65.41111,4006
25,0.2451512,0.1401117,1.000265,0.06402403,0.100697,1.000203,0.1545857,0.1204036,1.000234,-0.8570185,0.07039542,-0.5104546,0,-0.005436189,0.989334,0.1455634,0,-0.5152571,-0.1275254,0.8474947,0,-1.209785,-1.683432,0.00428021,1,-0.8570184,-0.005436197,-0.5152571,0,0.07039542,0.9893339,-0.1275254,0,-0.5104547,0.1455634,0.8474949,0,-0.9161175,1.658277,-0.8416584,1,1.0,1.0,0.1466666,0.1187559,0.9820316,0.002276467,-0.002921341,-0.01957855,65.43333,4007
25,0.2451777,0.139567,0.999979,0.06574583,0.1008835,0.9999938,0.1554622,0.1202253,0.9999864,-0.8569359,0.07036506,-0.5105973,0,-0.005325641,0.9893758,0.1452832,0,-0.5153955,-0.1272176,0.8474568,0,-1.20998,-1.683279,0.004607528,1,-0.8569359,-0.005325636,-0.5153955,0,0.07036505,0.9893758,-0.1272176,0,-0.5105973,0.1452832,0.8474569,0,-0.9160783,1.658283,-0.8416655,1,1.0,1.0,0.1475299,0.1185993,0.9819212,0.002276566,-0.002921501,-0.0195781,65.44444,4008
25,0.2451812,0.1393323,0.9999504,0.06572106,0.101846,0.999972,0.1554517,0.1205894,0.9999611,-0.8568778,0.07051718,-0.5106739,0,-0.005140916,0.9893821,0.1452464,0,-0.515494,-0.1270838,0.847417,0,-1.210232,-1.683148,0.004521281,1,-0.8568778,-0.005140917,-0.515494,0,0.07051717,0.9893821,-0.1270838,0,-0.5106739,0.1452464,0.8474171,0,-0.9160207,1.658398,-0.8415994,1,1.0,1.0,0.1475173,0.1189489,0.9818807,0.002276566,-0.002921745,-0.01957792,65.46667,4009
25,0.2447232,0.1399479,0.9999928,0.06464079,0.10219,1.000047,0.1546835,0.1210693,1.00002,-0.8566972,0.0703264,-0.5110032,0,-0.005247839,0.9894227,0.1449665,0,-0.5157931,-0.126874,0.8472666,0,-1.210173,-1.68318,0.004515648,1,-0.856697,-0.005247836,-0.515793,0,0.07032637,0.9894227,-0.126874,0,-0.5110031,0.1449665,0.8472664,0,-0.9160719,1.658371,-0.8415763,1,1.0,1.0,0.1467775,0.1194125,0.9819354,0.002276566,-0.002922966,-0.01957626,65.47778,4010
25,0.2450772,0.1397005,1.000038,0.06417599,0.1021803,1.00011,0.1546289,0.1209411,1.000074,-0.8563707,0.06993016,-0.5116044,0,-0.005466677,0.9895037,0.1444039,0,-0.5163326,-0.12646,0.8469998,0,-1.210009,-1.683303,0.004591018,1,-0.8563707,-0.005466676,-0.5163326,0,0.06993015,0.9895037,-0.12646,0,-0.5116042,0.1444039,0.8469996,0,-0.9161539,1.658357,-0.8415263,1,1.0,1.0,0.1467181,0.1192837,0.9819599,0.002278984,-0.002921417,-0.0195789,65.5,4011
25,0.2456684,0.1429476,0.9999008,0.09187266,0.08604875,0.9999515,0.1687716,0.1144988,0.9999261,-0.8561854,0.06992513,-0.5119154,0,-0.00548118,0.9895144,0.1443302,0,-0.51664,-0.1263793,0.8468245,0,-1.210088,-1.683219,0.004303038,1,-0.8561851,-0.005481163,-0.5166397,0,0.06992511,0.9895144,-0.1263792,0,-0.5119152,0.1443301,0.8468242,0,-0.916157,1.658315,-0.8415473,1,1.0,1.0,0.1601612,0.1130487,0.9805959,0.002314263,-0.002993927,-0.01921844,65.51112,4012
25,0.2564963,0.1414893,0.9998896,0.08592805,0.1010117,0.9999329,0.1712133,0.121251,0.9999112,-0.8560477,0.06987364,-0.5121525,0,-0.005536824,0.9895248,0.1442568,0,-0.5168673,-0.1263264,0.8466936,0,-1.209989,-1.683266,0.00414899,1,-0.8560476,-0.005536797,-0.5168671,0,0.06987362,0.9895248,-0.1263264,0,-0.5121523,0.1442568,0.8466933,0,-0.9160678,1.658335,-0.8415576,1,1.0,1.0,0.1623404,0.1192346,0.9795043,0.002239151,-0.002856125,-0.01961942,65.52222,4013
25,0.2594766,0.1413247,0.9999357,0.08607516,0.1010646,0.9999528,0.1727763,0.1211948,0.9999442,-0.8558612,0.0700383,-0.5124416,0,-0.005423002,0.9895191,0.1443005,0,-0.5171773,-0.1262801,0.8465111,0,-1.210152,-1.683145,0.003895164,1,-0.855861,-0.005423007,-0.5171773,0,0.07003828,0.9895191,-0.1262801,0,-0.5124416,0.1443005,0.8465111,0,-0.9158416,1.658379,-0.8417084,1,1.0,1.0,0.1637972,0.1191468,0.9792724,0.002240013,-0.002854385,-0.01961792,65.54445,4014
25,0.2592812,0.1431879,1.00019,0.08573788,0.09697134,1.000214,0.1725103,0.1200799,1.000202,-0.8557829,0.07014706,-0.5125577,0,-0.005328104,0.989517,0.1443182,0,-0.5173081,-0.126236,0.8464379,0,-1.210439,-1.682849,0.003470391,1,-0.8557826,-0.005328096,-0.5173079,0,0.07014704,0.989517,-0.126236,0,-0.5125576,0.1443182,0.8464377,0,-0.9160467,1.658257,-0.8415431,1,1.0,1.0,0.1635311,0.1180648,0.979448,0.00223835,-0.002851578,-0.019619,65.55556,4015
25,0.2577071,0.1433981,0.9999199,0.08464429,0.1014123,0.9999457,0.1711764,0.1224055,0.9999328,-0.8556784,0.07026788,-0.5127152,0,-0.005148523,0.9895339,0.1442086,0,-0.5174823,-0.1260359,0.846361,0,-1.210762,-1.682602,0.003494054,1,-0.8556783,-0.005148534,-0.5174823,0,0.07026787,0.9895339,-0.1260359,0,-0.5127151,0.1442086,0.846361,0,-0.9159982,1.658254,-0.8415732,1,1.0,1.0,0.1622822,0.1203193,0.9793813,0.002234161,-0.002851913,-0.01964221,65.56667,4016
25,0.2582428,0.142978,0.9999729,0.08357716,0.1028811,0.9999636,0.1709098,0.1229294,0.9999682,-0.8557482,0.07035498,-0.5125869,0,-0.005120654,0.9895114,0.1443639,0,-0.5173673,-0.1261639,0.8464123,0,-1.210677,-1.682676,0.003413349,1,-0.8557481,-0.005120672,-0.5173673,0,0.07035498,0.9895113,-0.1261639,0,-0.5125869,0.1443639,0.8464122,0,-0.9159003,1.658334,-0.8415467,1,1.0,1.0,0.1620205,0.1208141,0.9793637,0.002229455,-0.002850869,-0.01965134,65.58889,4017
25,0.2579576,0.1429036,0.9998314,0.08262259,0.1029356,0.999826,0.1702899,0.1229198,0.9998287,-0.8557311,0.07078658,-0.5125562,0,-0.004625659,0.9895116,0.1443792,0,-0.5174004,-0.1259207,0.8464284,0,-1.211314,-1.682147,0.003605098,1,-0.8557309,-0.004625658,-0.5174003,0,0.07078657,0.9895117,-0.1259207,0,-0.512556,0.1443792,0.8464282,0,-0.9156372,1.658381,-0.8416026,1,1.0,1.0,0.1614633,0.1208238,0.9794546,0.002225036,-0.002844353,-0.01967196,65.6,4018
25,0.2576841,0.1433239,1.000077,0.08184168,0.1017015,1.000101,0.1697636,0.1225128,1.000089,-0.8556299,0.07094187,-0.5127038,0,-0.004376289,0.9895355,0.1442236,0,-0.51757,-0.1256457,0.8463656,0,-1.211787,-1.681749,0.003621757,1,-0.8556295,-0.004376283,-0.5175698,0,0.07094185,0.9895355,-0.1256457,0,-0.5127035,0.1442236,0.8463653,0,-0.9156774,1.658325,-0.8415543,1,1.0,1.0,0.1609393,0.1204031,0.9795926,0.002219925,-0.002832039,-0.01970259,65.62222,4019
25,0.2580861,0.1429471,1.000118,0.08155924,0.1019541,1.000116,0.1698225,0.1224504,1.000117,-0.8556392,0.07093975,-0.5126882,0,-0.004390929,0.9895318,0.1442479,0,-0.5175542,-0.1256754,0.8463708,0,-1.211837,-1.681673,0.003483087,1,-0.8556392,-0.004390924,-0.5175541,0,0.07093975,0.9895319,-0.1256753,0,-0.5126881,0.1442479,0.8463706,0,-0.9158117,1.658245,-0.8414838,1,1.0,1.0,0.1609926,0.12034,0.9795916,0.002218392,-0.002831772,-0.01970291,65.63333,4020
25,0.2591471,0.1428103,0.9999695,0.08089331,0.1022967,0.9999875,0.1700206,0.1225538,0.9999785,-0.8554454,0.07075672,-0.5130367,0,-0.00453788,0.9895608,0.1440443,0,-0.5178732,-0.1255501,0.8461943,0,-1.211686,-1.681742,0.003442764,1,-0.8554454,-0.004537878,-0.5178731,0,0.07075672,0.9895608,-0.1255501,0,-0.5130367,0.1440442,0.8461941,0,-0.9157708,1.658192,-0.841556,1,1.0,1.0,0.1611991,0.1204429,0.979545,0.002214333,-0.002826065,-0.01971627,65.65556,4021
25,0.259389,0.1439922,0.9999082,0.0812335,0.1019706,0.9999297,0.1703118,0.1229815,0.9999189,-0.8554217,0.07047428,-0.5131155,0,-0.00493212,0.9895461,0.1441325,0,-0.517909,-0.1258248,0.8461316,0,-1.211021,-1.682205,0.00322488,1,-0.8554214,-0.004932107,-0.5179089,0,0.07047425,0.9895461,-0.1258247,0,-0.5131152,0.1441324,0.8461313,0,-0.9157261,1.658181,-0.84159,1,1.0,1.0,0.1614719,0.1208446,0.9794505,0.002213714,-0.002822327,-0.01972573,65.66667,4022
25,0.2592508,0.1436338,0.9999512,0.08155936,0.1020656,1.000003,0.1704066,0.1228501,0.9999774,-0.8553385,0.06999911,-0.5133193,0,-0.005622238,0.9895174,0.1443045,0,-0.5180395,-0.1263151,0.8459787,0,-1.20991,-1.682941,0.002582997,1,-0.8553382,-0.005622226,-0.5180393,0,0.06999908,0.9895173,-0.1263151,0,-0.513319,0.1443044,0.8459784,0,-0.915752,1.658124,-0.841547,1,1.0,1.0,0.1615548,0.1207091,0.9794536,0.002212433,-0.002820351,-0.01972926,65.67778,4023
25,0.2600304,0.1435331,1.000123,0.08190075,0.1018733,1.000102,0.1709649,0.1227031,1.000113,-0.855463,0.07005453,-0.5131038,0,-0.005972855,0.9894074,0.1450428,0,-0.5178296,-0.1271435,0.845983,0,-1.209338,-1.683302,0.001487613,1,-0.8554629,-0.005972838,-0.5178294,0,0.07005451,0.9894073,-0.1271434,0,-0.5131037,0.1450428,0.8459828,0,-0.9158576,1.658032,-0.8415099,1,1.0,1.0,0.1620596,0.1205442,0.9793905,0.002211602,-0.002820351,-0.019731,65.7,4024
