flag,xl,yl,zl,xr,yr,zr,xc,yc,zc,mat_00,mat_10,mat_20,mat_30,mat_01,mat_11,mat_21,mat_31,mat_02,mat_12,mat_22,mat_32,mat_03,mat_13,mat_23,mat_33,ctw_00,ctw_10,ctw_20,ctw_30,ctw_01,ctw_11,ctw_21,ctw_31,ctw_02,ctw_12,ctw_22,ctw_32,ctw_03,ctw_13,ctw_23,ctw_33,opennessl,opennessr,ray_x,ray_y,ray_z,eye_x,eye_y,eye_z,time,frame,u,v
25.0,0.2372187,0.1084547,0.9999189,0.04559968,0.09227511,0.9999259,0.1414093,0.1003649,0.9999223,0.1610775,-0.04904595,-0.9857224,0.0,-0.02162535,0.9983492,-0.05320803,0.0,-0.9867049,-0.02988721,-0.159751,0.0,-0.7770923,-1.778757,-1.080577,1.0,0.1610775,-0.02162535,-0.9867048,0.0,-0.04904594,0.9983492,-0.02988721,0.0,-0.9857222,-0.05320803,-0.159751,0.0,-1.027218,1.701521,-0.9925461,1.0,1.0,1.0,0.1378626,0.09266004,0.9861075,-0.001633812,0.004222672,-0.02324116,47.85556,2962.0,0.175,0.104
25.0,0.2372136,0.1084215,1.000079,0.04535504,0.09219026,1.000064,0.1412838,0.1003059,1.000072,0.1609699,-0.0491383,-0.9857354,0.0,-0.02172735,0.9983414,-0.05331476,0.0,-0.9867202,-0.02999949,-0.1596352,0.0,-0.7771356,-1.778891,-1.08032,1.0,0.1609699,-0.02172735,-0.98672,0.0,-0.0491383,0.9983413,-0.02999948,0.0,-0.9857352,-0.05331476,-0.1596352,0.0,-1.027225,1.701458,-0.9926382,1.0,1.0,1.0,0.1377281,0.09259248,0.9861326,-0.001636451,0.004222237,-0.02323808,47.87778,2963.0,0.175,0.104
25.0,0.2365917,0.1087727,1.000041,0.04517712,0.09227958,1.000007,0.1408835,0.1005259,1.000024,0.1607954,-0.04908475,-0.9857665,0.0,-0.02177312,0.9983432,-0.05326255,0.0,-0.9867476,-0.03002759,-0.1594602,0.0,-0.7772667,-1.778884,-1.08027,1.0,0.1607954,-0.02177313,-0.9867475,0.0,-0.04908475,0.9983432,-0.03002758,0.0,-0.9857664,-0.05326255,-0.1594602,0.0,-1.027229,1.701475,-0.9926417,1.0,1.0,1.0,0.1373541,0.09281352,0.9861641,-0.001637276,0.004221314,-0.02323532,47.88889,2964.0,0.175,0.104
25.0,0.2368058,0.1093523,0.9999757,0.04509208,0.09211721,0.9999519,0.1409483,0.1007347,0.9999638,0.1606731,-0.04920483,-0.9857804,0.0,-0.02171677,0.9983386,-0.0533713,0.0,-0.9867688,-0.0299833,-0.1593376,0.0,-0.7776154,-1.778941,-1.079933,1.0,0.1606732,-0.02171677,-0.9867688,0.0,-0.04920483,0.9983386,-0.0299833,0.0,-0.9857804,-0.0533713,-0.1593376,0.0,-1.027168,1.701461,-0.9927392,1.0,1.0,1.0,0.1374219,0.09301692,0.9861354,-0.001638421,0.00422171,-0.02323296,47.91111,2965.0,0.175,0.104
25.0,0.2366921,0.1090468,1.000039,0.04525489,0.09220324,1.000021,0.1409728,0.1006249,1.00003,0.1605629,-0.04911644,-0.9858029,0.0,-0.02159231,0.9983473,-0.05325831,0.0,-0.9867895,-0.02983708,-0.159237,0.0,-0.7780102,-1.77875,-1.080075,1.0,0.1605629,-0.02159232,-0.9867893,0.0,-0.04911644,0.9983474,-0.02983707,0.0,-0.9858027,-0.05325831,-0.159237,0.0,-1.027187,1.701488,-0.9927928,1.0,1.0,1.0,0.1374388,0.09290645,0.9861435,-0.001638916,0.004221588,-0.02322978,47.92222,2966.0,0.175,0.104
25.0,0.236403,0.1092123,1.000152,0.04564472,0.09231251,1.000147,0.1410238,0.1007623,1.00015,0.1605588,-0.04925965,-0.9857964,0.0,-0.02167386,0.9983371,-0.05341637,0.0,-0.9867883,-0.02994248,-0.1592242,0.0,-0.7778767,-1.778881,-1.079919,1.0,0.1605588,-0.02167386,-0.9867883,0.0,-0.04925964,0.9983371,-0.02994248,0.0,-0.9857962,-0.05341637,-0.1592241,0.0,-1.027312,1.701378,-0.9928129,1.0,1.0,1.0,0.1374703,0.09302787,0.9861276,-0.001639321,0.004220467,-0.02322772,47.93333,2967.0,0.175,0.104
25.0,0.2378636,0.1140767,1.000209,0.04109885,0.09127222,1.000162,0.1394796,0.1026743,1.000185,0.1602634,-0.04945092,-0.9858348,0.0,-0.02156967,0.9983304,-0.05358421,0.0,-0.9868385,-0.02985172,-0.1589292,0.0,-0.7785178,-1.778989,-1.079648,1.0,0.1602635,-0.02156967,-0.9868386,0.0,-0.04945092,0.9983304,-0.02985173,0.0,-0.9858348,-0.05358421,-0.1589292,0.0,-1.02756,1.701374,-0.992965,1.0,1.0,1.0,0.135937,0.09488139,0.9861636,-0.001590157,0.004210015,-0.02321529,47.96667,2968.0,0.175,0.104
25.0,0.2366577,0.1076299,1.000003,0.03562501,0.08877092,0.9999628,0.1361399,0.09820028,0.9999828,0.1600388,-0.04910719,-0.9858886,0.0,-0.02164358,0.9983471,-0.05324115,0.0,-0.9868735,-0.02985881,-0.1587114,0.0,-0.7787777,-1.778648,-1.080056,1.0,0.1600388,-0.02164358,-0.9868733,0.0,-0.04910718,0.9983471,-0.02985879,0.0,-0.9858883,-0.05324114,-0.1587113,0.0,-1.027524,1.70135,-0.9930804,1.0,1.0,1.0,0.1328287,0.0906682,0.9869832,-0.001563026,0.004204812,-0.0232188,47.98889,2969.0,0.175,0.104
25.0,0.23967,0.1086487,1.00001,0.03940409,0.08847682,0.9999802,0.1395361,0.09856255,0.9999952,0.1598566,-0.04867291,-0.9859397,0.0,-0.02178481,0.9983665,-0.0528185,0.0,-0.9868999,-0.02992189,-0.1585351,0.0,-0.7788501,-1.778248,-1.080661,1.0,0.1598565,-0.02178481,-0.9868997,0.0,-0.04867291,0.9983665,-0.02992188,0.0,-0.9859395,-0.05281849,-0.158535,0.0,-1.027515,1.701298,-0.9931782,1.0,1.0,1.0,0.1360479,0.0909723,0.9865167,-0.001571967,0.004206551,-0.02321476,48.01111,2970.0,0.175,0.104
25.0,0.2391916,0.1100511,1.000065,0.04035684,0.08859827,1.000046,0.1397736,0.09932463,1.000055,0.159767,-0.04866395,-0.9859546,0.0,-0.0219125,0.9983633,-0.05282718,0.0,-0.9869117,-0.03004477,-0.1584392,0.0,-0.7788882,-1.778396,-1.080607,1.0,0.159767,-0.0219125,-0.9869113,0.0,-0.04866395,0.9983633,-0.03004476,0.0,-0.9859543,-0.05282717,-0.1584391,0.0,-1.027532,1.701332,-0.9933355,1.0,1.0,1.0,0.1362557,0.09169275,0.9864212,-0.00157174,0.004206833,-0.02321244,48.03333,2971.0,0.175,0.104
25.0,0.240812,0.1039163,1.000024,0.0412401,0.09131011,1.000023,0.1410262,0.09761321,1.000024,0.1597748,-0.04849735,-0.9859616,0.0,-0.02223803,0.9983622,-0.05271098,0.0,-0.9869031,-0.03034773,-0.1584346,0.0,-0.7783152,-1.778498,-1.080841,1.0,0.1597748,-0.02223804,-0.9869028,0.0,-0.04849735,0.9983622,-0.03034773,0.0,-0.9859614,-0.05271097,-0.1584346,0.0,-1.027565,1.701305,-0.9933373,1.0,1.0,1.0,0.1374553,0.0900289,0.9864081,-0.001560112,0.004223656,-0.02320522,48.04445,2972.0,0.175,0.104
25.0,0.2414554,0.1131633,1.000018,0.04465386,0.09426028,0.9999987,0.1430541,0.1037115,1.000008,0.1595794,-0.04819334,-0.9860081,0.0,-0.02307394,0.9983527,-0.0525311,0.0,-0.9869155,-0.03113398,-0.1582045,0.0,-0.777194,-1.778969,-1.081025,1.0,0.1595794,-0.02307394,-0.9869153,0.0,-0.04819334,0.9983526,-0.03113396,0.0,-0.9860079,-0.05253109,-0.1582045,0.0,-1.02761,1.701318,-0.993434,1.0,1.0,1.0,0.139324,0.09584089,0.9855979,-0.001569886,0.004224915,-0.02308181,48.06667,2973.0,0.175,0.104
25.0,0.2423375,0.1215955,1.000082,0.04432286,0.0871881,1.00005,0.1433293,0.1043916,1.000066,0.1594093,-0.04794498,-0.9860477,0.0,-0.0234783,0.9983534,-0.05233895,0.0,-0.9869335,-0.03149404,-0.1580211,0.0,-0.776762,-1.779069,-1.081268,1.0,0.1594092,-0.02347831,-0.9869332,0.0,-0.04794498,0.9983534,-0.03149404,0.0,-0.9860476,-0.05233894,-0.1580211,0.0,-1.027657,1.701311,-0.9935056,1.0,1.0,1.0,0.1395747,0.09640162,0.9855078,-0.001581131,0.004304581,-0.02311622,48.08889,2974.0,0.175,0.104
25.0,0.276714,0.1220256,1.000297,0.05434784,0.09206545,1.000204,0.1655274,0.1070448,1.00025,0.1590055,-0.04778719,-0.9861206,0.0,-0.02392655,0.998348,-0.05223773,0.0,-0.9869878,-0.03190055,-0.1575994,0.0,-0.7765408,-1.779267,-1.081285,1.0,0.1590054,-0.02392655,-0.9869877,0.0,-0.04778719,0.998348,-0.03190054,0.0,-0.9861205,-0.05223773,-0.1575994,0.0,-1.027829,1.701264,-0.9936056,1.0,1.0,1.0,0.1603919,0.09831769,0.9821447,-0.001685563,0.004545647,-0.02366223,48.1,2975.0,0.175,0.104
25.0,0.2843882,0.132021,1.000354,0.06932602,0.09631738,1.000224,0.1768524,0.1141682,1.000289,0.1584487,-0.04816931,-0.9861916,0.0,-0.02363546,0.998338,-0.05256004,0.0,-0.9870843,-0.03163716,-0.1570469,0.0,-0.777734,-1.779463,-1.080414,1.0,0.1584487,-0.02363546,-0.9870842,0.0,-0.0481693,0.998338,-0.03163715,0.0,-0.9861915,-0.05256003,-0.1570468,0.0,-1.027979,1.701337,-0.9936617,1.0,1.0,1.0,0.1708139,0.1049331,0.9796997,-0.001645226,0.004514786,-0.02348045,48.12222,2976.0,0.175,0.104
25.0,0.2497457,0.1112147,1.000406,0.05231599,0.08267637,1.000268,0.1510262,0.09694469,1.000337,0.1578023,-0.04855249,-0.9862764,0.0,-0.02350638,0.9983228,-0.05290648,0.0,-0.987191,-0.03153256,-0.1563963,0.0,-0.7787775,-1.779759,-1.079469,1.0,0.1578023,-0.02350638,-0.9871908,0.0,-0.04855249,0.9983228,-0.03153256,0.0,-0.9862764,-0.05290648,-0.1563963,0.0,-1.028173,1.701357,-0.9937473,1.0,1.0,1.0,0.1468901,0.08897237,0.9851433,-0.00162194,0.004484268,-0.02342467,48.14445,2977.0,0.175,0.104
25.0,0.2445155,0.1117612,1.000291,0.04581625,0.078904,1.000193,0.1451626,0.0953318,1.000242,0.1573306,-0.04878284,-0.9863404,0.0,-0.0232113,0.9983206,-0.05307779,0.0,-0.9872732,-0.031245,-0.1559341,0.0,-0.7799594,-1.779745,-1.078941,1.0,0.1573306,-0.0232113,-0.9872731,0.0,-0.04878285,0.9983206,-0.031245,0.0,-0.9863403,-0.05307779,-0.1559341,0.0,-1.028312,1.701384,-0.9938848,1.0,1.0,1.0,0.1413805,0.08753103,0.986078,-0.00160994,0.004462128,-0.02344489,48.16667,2978.0,0.175,0.104
25.0,0.2472852,0.1068371,1.00016,0.04511374,0.08044961,1.000111,0.1461979,0.09364298,1.000135,0.1570711,-0.04860101,-0.9863908,0.0,-0.02326881,0.998329,-0.05289451,0.0,-0.9873132,-0.03126034,-0.1556777,0.0,-0.7801901,-1.779608,-1.079162,1.0,0.1570711,-0.02326881,-0.9873131,0.0,-0.04860102,0.998329,-0.03126033,0.0,-0.9863907,-0.05289451,-0.1556777,0.0,-1.028421,1.701399,-0.9939246,1.0,1.0,1.0,0.1424001,0.08593781,0.9860715,-0.001622055,0.004434425,-0.02346591,48.17778,2979.0,0.175,0.104
25.0,0.2419035,0.1120175,1.000152,0.05103818,0.09164165,1.000149,0.1464708,0.1018294,1.000151,0.1570608,-0.04874613,-0.9863852,0.0,-0.02313786,0.9983253,-0.05302041,0.0,-0.9873179,-0.03115027,-0.1556699,0.0,-0.7804298,-1.779645,-1.079072,1.0,0.1570608,-0.02313786,-0.9873179,0.0,-0.04874613,0.9983253,-0.03115027,0.0,-0.986385,-0.05302041,-0.1556699,0.0,-1.028556,1.701394,-0.9939477,1.0,1.0,1.0,0.1425444,0.09379505,0.9853343,-0.001606269,0.004393807,-0.02342777,48.18889,2980.0,0.175,0.104
25.0,0.2372956,0.11014,1.000096,0.05337321,0.08881879,1.000123,0.1453353,0.09947953,1.000109,0.1571259,-0.04879001,-0.9863726,0.0,-0.02318114,0.9983215,-0.05307373,0.0,-0.9873065,-0.0312045,-0.1557312,0.0,-0.7802632,-1.77977,-1.079259,1.0,0.1571259,-0.02318113,-0.9873064,0.0,-0.04879,0.9983215,-0.0312045,0.0,-0.9863727,-0.05307373,-0.1557312,0.0,-1.028787,1.701415,-0.99397,1.0,1.0,1.0,0.1415139,0.09159245,0.9856899,-0.00160537,0.004374428,-0.0233795,48.21111,2981.0,0.175,0.104
25.0,0.238782,0.1116681,1.000123,0.05378938,0.08831189,1.000122,0.1462855,0.09999006,1.000123,0.1571288,-0.04889207,-0.9863672,0.0,-0.02310576,0.9983184,-0.05316522,0.0,-0.9873079,-0.03114455,-0.1557348,0.0,-0.780408,-1.779839,-1.079215,1.0,0.1571286,-0.02310576,-0.9873076,0.0,-0.04889207,0.9983184,-0.03114454,0.0,-0.9863672,-0.05316521,-0.1557348,0.0,-1.028898,1.701437,-0.9940064,1.0,1.0,1.0,0.1424082,0.09208792,0.985515,-0.001606452,0.00435569,-0.02334284,48.22223,2982.0,0.175,0.104
25.0,0.2404837,0.1124926,1.000114,0.05347526,0.08689583,1.000118,0.1469796,0.09969421,1.000116,0.1574598,-0.0492646,-0.9862959,0.0,-0.02321574,0.9982942,-0.05357025,0.0,-0.9872526,-0.03133275,-0.1560475,0.0,-0.7797555,-1.780386,-1.079031,1.0,0.1574597,-0.02321574,-0.9872524,0.0,-0.04926459,0.9982941,-0.03133274,0.0,-0.9862956,-0.05357024,-0.1560474,0.0,-1.029174,1.701443,-0.99398,1.0,1.0,1.0,0.1430686,0.09180094,0.9854461,-0.001607392,0.004352341,-0.0233412,48.24445,2983.0,0.175,0.104
25.0,0.2388895,0.1101148,1.000045,0.05320238,0.08776824,1.000086,0.1460473,0.09894185,1.000066,0.1577291,-0.04946312,-0.9862429,0.0,-0.02355001,0.9982722,-0.05383277,0.0,-0.9872016,-0.03171703,-0.1562918,0.0,-0.7789022,-1.781037,-1.07885,1.0,0.1577291,-0.02355001,-0.9872015,0.0,-0.04946312,0.9982722,-0.03171702,0.0,-0.9862428,-0.05383276,-0.1562918,0.0,-1.029248,1.701539,-0.9940379,1.0,1.0,1.0,0.1422361,0.09115321,0.9856267,-0.0016204,0.004307488,-0.0231992,48.26667,2984.0,0.175,0.104
25.0,0.2403141,0.1089674,1.000158,0.05177456,0.08811369,1.000176,0.1460449,0.09854061,1.000167,0.1578948,-0.04992057,-0.9861933,0.0,-0.02378872,0.9982392,-0.05433903,0.0,-0.9871694,-0.03204013,-0.1564293,0.0,-0.7783518,-1.781754,-1.078214,1.0,0.1578948,-0.02378872,-0.9871693,0.0,-0.04992056,0.998239,-0.03204012,0.0,-0.9861932,-0.05433902,-0.1564293,0.0,-1.029376,1.701511,-0.9941168,1.0,1.0,1.0,0.1422394,0.0907951,0.9856593,-0.001623857,0.004279717,-0.02311556,48.28889,2985.0,0.175,0.104
25.0,0.2404601,0.1094929,1.00008,0.05180944,0.08980234,1.000099,0.1461354,0.09964763,1.00009,0.1579921,-0.04979929,-0.9861839,0.0,-0.02393097,0.998241,-0.05424202,0.0,-0.9871504,-0.03217015,-0.1565224,0.0,-0.7779903,-1.781804,-1.078575,1.0,0.157992,-0.02393098,-0.9871502,0.0,-0.0497993,0.9982411,-0.03217015,0.0,-0.9861838,-0.05424201,-0.1565224,0.0,-1.029489,1.701548,-0.9941353,1.0,1.0,1.0,0.1423219,0.09186686,0.9855481,-0.001623826,0.00427124,-0.02310957,48.3,2986.0,0.175,0.104
25.0,0.2412476,0.1095857,1.000056,0.05290575,0.08651908,1.000094,0.1470779,0.09805255,1.000075,0.1583851,-0.05004222,-0.9861086,0.0,-0.02384227,0.9982298,-0.05448681,0.0,-0.9870896,-0.03214097,-0.1569116,0.0,-0.7777365,-1.782039,-1.078656,1.0,0.1583851,-0.02384228,-0.9870895,0.0,-0.05004223,0.9982299,-0.03214097,0.0,-0.9861084,-0.0544868,-0.1569116,0.0,-1.029667,1.701569,-0.9942257,1.0,1.0,1.0,0.1432353,0.0903485,0.9855561,-0.001623618,0.004256088,-0.02309252,48.32222,2987.0,0.175,0.104
25.0,0.2427188,0.1142839,1.000167,0.0538229,0.08755174,1.000202,0.1482719,0.1009179,1.000185,0.1586351,-0.05065927,-0.9860368,0.0,-0.02352735,0.9982053,-0.05506957,0.0,-0.987057,-0.03193481,-0.1571585,0.0,-0.777992,-1.782451,-1.078002,1.0,0.1586351,-0.02352736,-0.9870568,0.0,-0.05065927,0.9982052,-0.03193479,0.0,-0.9860367,-0.05506956,-0.1571585,0.0,-1.029831,1.701583,-0.9942617,1.0,1.0,1.0,0.1443051,0.09307617,0.9851461,-0.001620644,0.004237816,-0.02310622,48.34444,2988.0,0.175,0.104
25.0,0.2430061,0.1157261,1.000168,0.05409309,0.08588759,1.000179,0.1485499,0.1008068,1.000173,0.1587008,-0.05077665,-0.9860203,0.0,-0.02341792,0.9982021,-0.05517311,0.0,-0.987049,-0.03184656,-0.1572263,0.0,-0.7781189,-1.782439,-1.07805,1.0,0.1587007,-0.02341793,-0.9870489,0.0,-0.05077665,0.9982021,-0.03184655,0.0,-0.9860201,-0.05517311,-0.1572263,0.0,-1.029997,1.701533,-0.9943038,1.0,1.0,1.0,0.1445692,0.09297229,0.9851171,-0.001620124,0.004232842,-0.0231076,48.35556,2989.0,0.175,0.104
25.0,0.2434251,0.1150884,1.000383,0.05360056,0.08762445,1.000361,0.1485122,0.1013564,1.000372,0.1586288,-0.05110489,-0.9860148,0.0,-0.02334019,0.9981863,-0.05549068,0.0,-0.9870625,-0.0318162,-0.1571484,0.0,-0.7782797,-1.782735,-1.077756,1.0,0.1586288,-0.02334019,-0.9870623,0.0,-0.05110489,0.9981864,-0.03181619,0.0,-0.9860148,-0.05549068,-0.1571483,0.0,-1.030332,1.701531,-0.9942979,1.0,1.0,1.0,0.1444967,0.09348211,0.9850796,-0.001619864,0.004228615,-0.02312477,48.36667,2990.0,0.175,0.104
25.0,0.2439943,0.1149335,1.000072,0.05255494,0.08721205,1.000125,0.1482762,0.1010731,1.000098,0.1589199,-0.05119368,-0.9859635,0.0,-0.02335206,0.9981804,-0.05559197,0.0,-0.9870154,-0.03185895,-0.1574352,0.0,-0.777952,-1.782879,-1.077948,1.0,0.1589198,-0.02335207,-0.9870152,0.0,-0.05119368,0.9981804,-0.03185895,0.0,-0.9859632,-0.05559196,-0.1574352,0.0,-1.030457,1.701542,-0.994358,1.0,1.0,1.0,0.144319,0.09324422,0.9851282,-0.001623604,0.004223153,-0.02312495,48.37778,2991.0,0.175,0.104
25.0,0.2450863,0.1139134,1.00021,0.05170073,0.08855811,1.000253,0.148395,0.101236,1.000232,0.1591277,-0.05132738,-0.9859229,0.0,-0.02332148,0.9981735,-0.05572923,0.0,-0.9869826,-0.03186125,-0.15764,0.0,-0.7778573,-1.783064,-1.078211,1.0,0.1591276,-0.02332148,-0.9869824,0.0,-0.05132738,0.9981735,-0.03186123,0.0,-0.9859228,-0.05572922,-0.15764,0.0,-1.030774,1.701579,-0.9945112,1.0,1.0,1.0,0.1444118,0.09338986,0.9851008,-0.001625457,0.004218888,-0.02312843,48.41111,2992.0,0.175,0.104
25.0,0.2450801,0.1125466,1.000157,0.05163698,0.08816925,1.000162,0.1483587,0.1003578,1.000159,0.1594817,-0.05144908,-0.9858594,0.0,-0.02345917,0.9981615,-0.05588607,0.0,-0.9869221,-0.03204025,-0.1579815,0.0,-0.7771776,-1.783414,-1.078518,1.0,0.1594816,-0.02345918,-0.9869221,0.0,-0.05144908,0.9981616,-0.03204025,0.0,-0.9858592,-0.05588606,-0.1579815,0.0,-1.031076,1.701629,-0.9945406,1.0,1.0,1.0,0.1444013,0.09255876,0.9851808,-0.001628081,0.004218888,-0.02312809,48.43333,2993.0,0.175,0.104
25.0,0.2450658,0.1116973,1.000111,0.05137713,0.08784905,1.000144,0.1482224,0.09977333,1.000128,0.1596941,-0.05168569,-0.9858126,0.0,-0.023729,0.9981388,-0.05617587,0.0,-0.9868813,-0.03236331,-0.1581705,0.0,-0.7764646,-1.783958,-1.078293,1.0,0.1596941,-0.02372901,-0.9868813,0.0,-0.05168569,0.998139,-0.03236331,0.0,-0.9858124,-0.05617588,-0.1581704,0.0,-1.031203,1.701639,-0.9945673,1.0,1.0,1.0,0.1442863,0.09200561,0.9852494,-0.001629471,0.004218735,-0.02312686,48.44445,2994.0,0.175,0.104
25.0,0.2456722,0.1110068,1.000035,0.05330161,0.08833891,1.00002,0.1494866,0.09967278,1.000027,0.1597695,-0.05178034,-0.9857954,0.0,-0.02389398,0.9981279,-0.05630067,0.0,-0.9868652,-0.03254971,-0.1582332,0.0,-0.7760779,-1.784312,-1.078202,1.0,0.1597695,-0.02389398,-0.9868651,0.0,-0.05178034,0.9981279,-0.03254969,0.0,-0.9857953,-0.05630066,-0.1582331,0.0,-1.031285,1.701724,-0.9945703,1.0,1.0,1.0,0.1454931,0.09190392,0.9850814,-0.001629592,0.00421653,-0.02312616,48.46667,2995.0,0.175,0.104
25.0,0.2365086,0.1066476,1.00009,0.05356619,0.08632039,1.000147,0.145039,0.09648424,1.000119,0.1600976,-0.05167023,-0.9857479,0.0,-0.02434887,0.9981185,-0.05627322,0.0,-0.9868009,-0.03301106,-0.1585383,0.0,-0.7749349,-1.784674,-1.07867,1.0,0.1600976,-0.02434887,-0.9868007,0.0,-0.05167024,0.9981185,-0.03301105,0.0,-0.9857479,-0.05627322,-0.1585382,0.0,-1.031446,1.701747,-0.9946306,1.0,1.0,1.0,0.1413502,0.08890291,0.9859596,-0.001654404,0.004220734,-0.02311165,48.48889,2996.0,0.175,0.104
25.0,0.2364985,0.1061948,1.000254,0.05356108,0.0866748,1.000241,0.1450293,0.09643473,1.000247,0.1602743,-0.05187978,-0.9857083,0.0,-0.02452217,0.9981003,-0.05651926,0.0,-0.9867679,-0.03323029,-0.1586976,0.0,-0.774412,-1.785109,-1.078715,1.0,0.1602742,-0.02452217,-0.9867677,0.0,-0.05187978,0.9981003,-0.03323028,0.0,-0.9857081,-0.05651925,-0.1586975,0.0,-1.031791,1.70176,-0.9946738,1.0,1.0,1.0,0.1413249,0.08884566,0.9859685,-0.00165445,0.004219857,-0.02310846,48.51111,2997.0,0.175,0.104
25.0,0.2370791,0.1053807,1.000086,0.05355041,0.0867267,1.000117,0.1453156,0.09605394,1.000101,0.1604611,-0.05195588,-0.9856739,0.0,-0.02474439,0.9980881,-0.05663847,0.0,-0.9867321,-0.03347817,-0.1588687,0.0,-0.7738131,-1.785434,-1.078763,1.0,0.160461,-0.02474439,-0.9867318,0.0,-0.05195588,0.9980881,-0.03347816,0.0,-0.9856737,-0.05663846,-0.1588686,0.0,-1.031905,1.701774,-0.9947006,1.0,1.0,1.0,0.1416195,0.08849107,0.985958,-0.00165445,0.00421959,-0.02310714,48.52222,2998.0,0.175,0.104
25.0,0.2370815,0.1051804,1.000041,0.05359252,0.08670507,1.000064,0.1453377,0.09594274,1.000052,0.1606033,-0.05220054,-0.9856377,0.0,-0.02492538,0.9980676,-0.05692027,0.0,-0.9867043,-0.03370898,-0.1589919,0.0,-0.7733421,-1.785873,-1.078549,1.0,0.1606033,-0.02492538,-0.9867042,0.0,-0.05220053,0.9980674,-0.03370898,0.0,-0.9856377,-0.05692026,-0.1589919,0.0,-1.03208,1.701754,-0.9947403,1.0,1.0,1.0,0.1416491,0.08839067,0.9859628,-0.001654344,0.004217903,-0.02310155,48.54445,2999.0,0.175,0.104
25.0,0.2375955,0.1054889,1.000317,0.0532001,0.08657789,1.000314,0.1453979,0.09603333,1.000316,0.1605947,-0.05237569,-0.9856299,0.0,-0.02478887,0.9980621,-0.05707534,0.0,-0.9867092,-0.03359865,-0.1589852,0.0,-0.773574,-1.785976,-1.078571,1.0,0.1605947,-0.02478887,-0.986709,0.0,-0.05237569,0.9980621,-0.03359865,0.0,-0.9856297,-0.05707533,-0.1589851,0.0,-1.032381,1.701779,-0.9947755,1.0,1.0,1.0,0.1416697,0.08845703,0.9859539,-0.001653794,0.004216004,-0.02309279,48.56667,3000.0,0.175,0.104
25.0,0.2375312,0.1054574,1.0,0.05317343,0.08655256,1.0,0.1453524,0.09600487,1.0,0.1605947,-0.05237569,-0.9856299,0.0,-0.02478887,0.9980621,-0.05707534,0.0,-0.9867092,-0.03359865,-0.1589852,0.0,-0.773574,-1.785976,-1.078571,1.0,0.1605947,-0.02478887,-0.986709,0.0,-0.05237569,0.9980621,-0.03359865,0.0,-0.9856297,-0.05707533,-0.1589851,0.0,-1.032381,1.701779,-0.9947755,1.0,1.0,1.0,0.1416697,0.08845703,0.9859539,-0.001653794,0.004216004,-0.02309279,48.57778,3001.0,0.175,0.104
25.0,0.2373349,0.1054756,1.000433,0.05294472,0.08654212,1.000473,0.1451409,0.0960089,1.000453,0.1608397,-0.05269071,-0.9855732,0.0,-0.02473914,0.998045,-0.05739477,0.0,-0.9866705,-0.03361359,-0.1592217,0.0,-0.7733434,-1.786353,-1.078663,1.0,0.1608397,-0.02473915,-0.9866704,0.0,-0.05269071,0.998045,-0.03361359,0.0,-0.9855731,-0.05739477,-0.1592217,0.0,-1.032841,1.701819,-0.9948274,1.0,1.0,1.0,0.1414086,0.08842652,0.9859942,-0.00165297,0.004215096,-0.02309117,48.58889,3002.0,0.175,0.104
25.0,0.2376927,0.1053744,1.000166,0.05292699,0.0855058,1.000157,0.1453096,0.09543998,1.000162,0.1608052,-0.05273863,-0.9855763,0.0,-0.02485505,0.9980383,-0.0574608,0.0,-0.9866732,-0.03373655,-0.159179,0.0,-0.7731488,-1.786565,-1.07866,1.0,0.1608052,-0.02485506,-0.9866731,0.0,-0.05273863,0.9980384,-0.03373654,0.0,-0.985576,-0.05746079,-0.1591789,0.0,-1.032996,1.701863,-0.9948176,1.0,1.0,1.0,0.1416143,0.08790471,0.9860112,-0.00165303,0.004215172,-0.02308869,48.6,3003.0,0.175,0.104
25.0,0.2374646,0.1051879,1.000117,0.05291402,0.08632591,1.000126,0.1451896,0.09575683,1.000121,0.1609126,-0.05320932,-0.9855334,0.0,-0.02494429,0.9980075,-0.05795558,0.0,-0.9866535,-0.03390921,-0.1592647,0.0,-0.7727714,-1.787209,-1.078045,1.0,0.1609125,-0.02494429,-0.9866533,0.0,-0.05320932,0.9980075,-0.0339092,0.0,-0.9855332,-0.05795557,-0.1592647,0.0,-1.033196,1.701893,-0.9947547,1.0,1.0,1.0,0.1415026,0.08821288,0.9859998,-0.001652938,0.004214928,-0.02308688,48.62222,3004.0,0.175,0.104
25.0,0.2377232,0.1054027,1.000147,0.05233322,0.08646838,1.000185,0.1450294,0.09593565,1.000167,0.1611332,-0.05332755,-0.9854909,0.0,-0.02502077,0.9979975,-0.05809535,0.0,-0.9866155,-0.03401883,-0.1594763,0.0,-0.772394,-1.787416,-1.078158,1.0,0.1611332,-0.02502077,-0.9866153,0.0,-0.05332755,0.9979974,-0.03401882,0.0,-0.9854909,-0.05809534,-0.1594762,0.0,-1.033376,1.701875,-0.9948022,1.0,1.0,1.0,0.1413433,0.08838316,0.9860073,-0.001652747,0.004213997,-0.0230842,48.63334,3005.0,0.175,0.104
25.0,0.2383909,0.1054715,1.00006,0.05238957,0.08690631,1.000045,0.1453897,0.0961889,1.000053,0.1611584,-0.05361762,-0.9854711,0.0,-0.02517864,0.9979748,-0.0584155,0.0,-0.9866074,-0.03422698,-0.1594821,0.0,-0.7722058,-1.788028,-1.077773,1.0,0.1611584,-0.02517865,-0.9866073,0.0,-0.05361761,0.9979748,-0.03422698,0.0,-0.985471,-0.0584155,-0.159482,0.0,-1.033536,1.702006,-0.9949481,1.0,1.0,1.0,0.1416947,0.08862817,0.985935,-0.001652969,0.004215416,-0.0230957,48.65556,3006.0,0.175,0.104
25.0,0.2395621,0.1126798,1.000132,0.0472177,0.08805044,1.000101,0.1433888,0.100365,1.000116,0.1610148,-0.0536209,-0.9854944,0.0,-0.02537104,0.9979682,-0.05844486,0.0,-0.9866259,-0.03441351,-0.1593273,0.0,-0.772066,-1.788141,-1.077683,1.0,0.1610148,-0.02537104,-0.9866258,0.0,-0.0536209,0.9979681,-0.0344135,0.0,-0.9854943,-0.05844485,-0.1593272,0.0,-1.033618,1.701935,-0.9949807,1.0,1.0,1.0,0.1397016,0.09262308,0.9858522,-0.001603325,0.004234406,-0.02307034,48.66667,3007.0,0.175,0.104
25.0,0.2347896,0.1133983,1.000107,0.0476881,0.08614936,1.000116,0.1412391,0.0997737,1.000112,0.1610816,-0.05350091,-0.98549,0.0,-0.02587241,0.9979575,-0.0584067,0.0,-0.9866019,-0.03490525,-0.1593684,0.0,-0.7711076,-1.788523,-1.077906,1.0,0.1610816,-0.02587242,-0.9866019,0.0,-0.05350091,0.9979576,-0.03490525,0.0,-0.9854898,-0.0584067,-0.1593684,0.0,-1.033742,1.701962,-0.9949892,1.0,1.0,1.0,0.1376826,0.09209158,0.9861859,-0.001605941,0.004229263,-0.02305178,48.67778,3008.0,0.175,0.104
25.0,0.2354177,0.1142558,1.000141,0.04371765,0.08684246,1.000109,0.1395666,0.1005489,1.000125,0.1607738,-0.05341849,-0.9855447,0.0,-0.0265331,0.9979395,-0.05841872,0.0,-0.9866347,-0.03554176,-0.1590251,0.0,-0.770282,-1.789058,-1.077882,1.0,0.1607738,-0.02653311,-0.9866346,0.0,-0.05341849,0.9979395,-0.03554175,0.0,-0.9855446,-0.05841871,-0.1590251,0.0,-1.034029,1.701965,-0.9949835,1.0,1.0,1.0,0.1360916,0.09285616,0.9863351,-0.001607369,0.004224968,-0.02304563,48.7,3009.0,0.175,0.104
25.0,0.235612,0.1162417,1.000061,0.04429968,0.08783358,1.000041,0.1399552,0.1020376,1.000051,0.1606905,-0.05336671,-0.9855611,0.0,-0.02689619,0.9979296,-0.05842173,0.0,-0.9866384,-0.03589566,-0.1589225,0.0,-0.7697219,-1.789382,-1.077827,1.0,0.1606905,-0.02689619,-0.9866382,0.0,-0.05336671,0.9979296,-0.03589565,0.0,-0.985561,-0.05842173,-0.1589225,0.0,-1.034071,1.702006,-0.9949591,1.0,1.0,1.0,0.1364512,0.09428228,0.98615,-0.001608215,0.004222695,-0.02304629,48.71111,3010.0,0.175,0.104
25.0,0.2359157,0.1162897,1.000146,0.04624858,0.08802468,1.000113,0.1410812,0.1021571,1.000129,0.1602752,-0.05314421,-0.9856408,0.0,-0.02689237,0.9979438,-0.05818055,0.0,-0.986706,-0.03583112,-0.1585164,0.0,-0.7701637,-1.789091,-1.078079,1.0,0.1602751,-0.02689238,-0.986706,0.0,-0.05314421,0.9979438,-0.03583111,0.0,-0.9856406,-0.05818054,-0.1585164,0.0,-1.034241,1.701978,-0.9949235,1.0,1.0,1.0,0.1375042,0.09437574,0.9859949,-0.001608139,0.004222542,-0.02304574,48.73333,3011.0,0.175,0.104
25.0,0.2364013,0.114039,1.000223,0.04540556,0.08919218,1.000175,0.1409018,0.1016154,1.000199,0.1600587,-0.05347034,-0.9856582,0.0,-0.02670938,0.9979316,-0.05847342,0.0,-0.9867461,-0.0356855,-0.1582995,0.0,-0.7706907,-1.789282,-1.077522,1.0,0.1600587,-0.02670938,-0.986746,0.0,-0.05347034,0.9979316,-0.03568549,0.0,-0.9856582,-0.05847342,-0.1582994,0.0,-1.034386,1.70199,-0.9948986,1.0,1.0,1.0,0.137332,0.09385659,0.9860684,-0.001607605,0.004220253,-0.02304569,48.74445,3012.0,0.175,0.104
25.0,0.2371274,0.1144314,1.000117,0.04537708,0.088283,1.000079,0.1412511,0.101357,1.000098,0.1595493,-0.05374327,-0.9857261,0.0,-0.02661573,0.9979199,-0.05871612,0.0,-0.9868313,-0.03560394,-0.157787,0.0,-0.77145,-1.789465,-1.076837,1.0,0.1595492,-0.02661573,-0.9868308,0.0,-0.05374327,0.9979198,-0.03560392,0.0,-0.9857258,-0.0587161,-0.1577869,0.0,-1.034554,1.701982,-0.9949135,1.0,1.0,1.0,0.1376769,0.09361524,0.9860433,-0.001605927,0.004219361,-0.02304469,48.76667,3013.0,0.175,0.104
25.0,0.2388434,0.1152929,1.000314,0.04597429,0.08858024,1.000231,0.1424062,0.1019358,1.000272,0.1591437,-0.05395633,-0.98578,0.0,-0.02648134,0.9979128,-0.05889555,0.0,-0.9869003,-0.03547763,-0.1573827,0.0,-0.7720475,-1.78958,-1.076381,1.0,0.1591437,-0.02648134,-0.9869,0.0,-0.05395633,0.9979129,-0.03547763,0.0,-0.9857798,-0.05889555,-0.1573827,0.0,-1.034767,1.702006,-0.9948275,1.0,1.0,1.0,0.138735,0.09414188,0.9858448,-0.001601822,0.004215866,-0.02304176,48.78889,3014.0,0.175,0.104
25.0,0.239099,0.116831,1.000115,0.04588225,0.08850306,1.000082,0.1424897,0.1026669,1.000099,0.1590642,-0.05422957,-0.9857778,0.0,-0.02649327,0.9978963,-0.05917117,0.0,-0.9869128,-0.0355285,-0.1572929,0.0,-0.7720918,-1.789923,-1.07596,1.0,0.1590642,-0.02649327,-0.9869126,0.0,-0.05422957,0.9978962,-0.03552849,0.0,-0.9857777,-0.05917116,-0.1572929,0.0,-1.034912,1.702037,-0.9948211,1.0,1.0,1.0,0.1388231,0.09485606,0.9857639,-0.00159697,0.004214348,-0.02304154,48.81111,3015.0,0.175,0.104
25.0,0.2397899,0.1157959,0.9999896,0.04639754,0.08865746,1.00001,0.1430944,0.1022269,0.9999998,0.1591506,-0.05419183,-0.985766,0.0,-0.02630692,0.997905,-0.05910639,0.0,-0.9869038,-0.03533929,-0.1573915,0.0,-0.772234,-1.789662,-1.076176,1.0,0.1591506,-0.02630693,-0.9869037,0.0,-0.05419183,0.997905,-0.03533928,0.0,-0.9857658,-0.05910638,-0.1573915,0.0,-1.034941,1.701989,-0.994747,1.0,1.0,1.0,0.1394115,0.09443717,0.9857211,-0.001595085,0.004213745,-0.02304135,48.82222,3016.0,0.175,0.104
25.0,0.2398143,0.115646,1.000108,0.04655892,0.08844329,1.000103,0.1431864,0.1020446,1.000106,0.1591144,-0.05426368,-0.9857678,0.0,-0.02627015,0.9979021,-0.05917194,0.0,-0.9869106,-0.03531138,-0.157355,0.0,-0.7722192,-1.789734,-1.076219,1.0,0.1591143,-0.02627016,-0.9869105,0.0,-0.05426367,0.9979021,-0.03531137,0.0,-0.9857677,-0.05917195,-0.157355,0.0,-1.035148,1.702011,-0.9946577,1.0,1.0,1.0,0.1394867,0.09425385,0.985728,-0.001595184,0.004212769,-0.02303972,48.84444,3017.0,0.175,0.104
25.0,0.2403565,0.1158032,1.000126,0.04640269,0.08855364,1.000116,0.1433793,0.1021784,1.000121,0.1590822,-0.05441526,-0.9857646,0.0,-0.02621428,0.9978951,-0.05931533,0.0,-0.9869173,-0.03527713,-0.1573209,0.0,-0.7723769,-1.78985,-1.07604,1.0,0.1590822,-0.02621428,-0.9869173,0.0,-0.05441526,0.997895,-0.03527712,0.0,-0.9857645,-0.05931532,-0.1573209,0.0,-1.035246,1.70201,-0.9946964,1.0,1.0,1.0,0.1396638,0.09437863,0.985691,-0.001593849,0.004212074,-0.02304135,48.85556,3018.0,0.175,0.104
25.0,0.2401539,0.116027,1.000155,0.04627697,0.08847453,1.000142,0.1432149,0.1022507,1.000149,0.1591979,-0.054679,-0.9857314,0.0,-0.02610766,0.9978827,-0.05956949,0.0,-0.9869016,-0.03521848,-0.1574333,0.0,-0.772221,-1.790074,-1.075993,1.0,0.1591978,-0.02610766,-0.9869012,0.0,-0.054679,0.9978828,-0.03521847,0.0,-0.9857312,-0.05956949,-0.1574332,0.0,-1.035583,1.702027,-0.9945466,1.0,1.0,1.0,0.139503,0.09444893,0.985707,-0.001592773,0.004210297,-0.02304135,48.87778,3019.0,0.175,0.104
25.0,0.2406257,0.1153415,1.000226,0.04624632,0.08801927,1.000206,0.1434354,0.1016802,1.000216,0.1591486,-0.05509284,-0.9857163,0.0,-0.02606964,0.9978591,-0.05998059,0.0,-0.9869104,-0.03524309,-0.1573716,0.0,-0.7721812,-1.790419,-1.075383,1.0,0.1591486,-0.02606964,-0.9869103,0.0,-0.05509284,0.9978591,-0.03524309,0.0,-0.9857162,-0.05998059,-0.1573716,0.0,-1.03577,1.701953,-0.9944083,1.0,1.0,1.0,0.1397071,0.09389866,0.9857307,-0.001590424,0.004206833,-0.02304105,48.88889,3020.0,0.175,0.104
25.0,0.2407123,0.1154774,1.000143,0.04528616,0.08776876,1.000144,0.1429992,0.1016232,1.000144,0.1591665,-0.05516485,-0.9857094,0.0,-0.02608483,0.9978541,-0.06005655,0.0,-0.9869072,-0.03527105,-0.1573859,0.0,-0.77203,-1.790557,-1.075399,1.0,0.1591664,-0.02608483,-0.986907,0.0,-0.05516485,0.9978542,-0.03527104,0.0,-0.9857092,-0.06005655,-0.1573859,0.0,-1.035926,1.701991,-0.9943293,1.0,1.0,1.0,0.1393074,0.0938583,0.9857911,-0.001592454,0.004204453,-0.02304056,48.9,3021.0,0.175,0.104
1.0,-0.05316594,-0.1867235,1.000061,-0.2450207,-0.2070457,1.000051,-0.1490938,-0.1968847,1.000056,0.1818887,-0.1153654,-0.9765283,0.0,-0.01069419,0.9928031,-0.11928,0.0,-0.9832611,-0.03213887,-0.1793459,0.0,-0.7527968,-1.845419,-0.9853551,1.0,0.1818886,-0.01069421,-0.9832608,0.0,-0.1153654,0.992803,-0.03213884,0.0,-0.9765282,-0.1192799,-0.1793459,0.0,-1.038199,1.706554,-0.9762247,1.0,0.8502103,0.9999966,-0.1420076,-0.1900205,0.9714556,0.0006320644,0.003463394,-0.02419927,64.87778,4032.0,-0.175,-0.246
1.0,-0.0531224,-0.1866691,1.000126,-0.2446854,-0.2068897,1.000099,-0.1489048,-0.1967794,1.000113,0.1817477,-0.1151231,-0.9765831,0.0,-0.01088779,0.9928269,-0.1190643,0.0,-0.983285,-0.03227251,-0.1791906,0.0,-0.7526476,-1.845354,-0.9857232,1.0,0.1817477,-0.01088781,-0.9832848,0.0,-0.1151231,0.9928268,-0.03227248,0.0,-0.9765829,-0.1190642,-0.1791905,0.0,-1.038291,1.706558,-0.9762533,1.0,0.8189134,0.9951051,-0.1418269,-0.1899188,0.9715019,0.0006321482,0.003463898,-0.0242031,64.88889,4033.0,-0.175,-0.246
1.0,-0.05286255,-0.1865641,1.000105,-0.2441991,-0.2075102,1.000089,-0.1485313,-0.1970371,1.000097,0.1814596,-0.1149709,-0.9766546,0.0,-0.01082952,0.9928485,-0.1188893,0.0,-0.9833388,-0.03215031,-0.1789168,0.0,-0.7531111,-1.845085,-0.9859705,1.0,0.1814596,-0.01082952,-0.9833387,0.0,-0.1149709,0.9928485,-0.03215029,0.0,-0.9766545,-0.1188893,-0.1789168,0.0,-1.038424,1.706512,-0.97629,1.0,0.8365573,0.9936492,-0.1414749,-0.1901662,0.9715048,0.0006323475,0.003464333,-0.02420684,64.91111,4034.0,-0.175,-0.246
1.0,-0.05296673,-0.1868408,1.000174,-0.244882,-0.207066,1.00018,-0.1489242,-0.1969535,1.000177,0.1814532,-0.1151675,-0.9766327,0.0,-0.01040776,0.9928383,-0.1190122,0.0,-0.9833446,-0.03175971,-0.178955,0.0,-0.7538168,-1.84483,-0.9859697,1.0,0.1814532,-0.01040777,-0.9833445,0.0,-0.1151675,0.9928383,-0.03175969,0.0,-0.9766325,-0.1190122,-0.178955,0.0,-1.038612,1.70643,-0.9762971,1.0,1.0,1.0,-0.1418312,-0.190066,0.9714724,0.0006325226,0.003465447,-0.02421251,64.92223,4035.0,-0.175,-0.246
1.0,-0.05331594,-0.1868244,1.000324,-0.244161,-0.2073362,1.000329,-0.1487384,-0.1970802,1.000327,0.1813425,-0.1153736,-0.9766289,0.0,-0.01011149,0.9928231,-0.1191642,0.0,-0.9833682,-0.03148472,-0.1788744,0.0,-0.754373,-1.844774,-0.9860729,1.0,0.1813425,-0.01011151,-0.9833679,0.0,-0.1153736,0.9928231,-0.0314847,0.0,-0.9766288,-0.1191642,-0.1788744,0.0,-1.039065,1.706402,-0.9762915,1.0,1.0,1.0,-0.141635,-0.1901607,0.9714826,0.0006327741,0.003466774,-0.02421661,64.94444,4036.0,-0.175,-0.246
1.0,-0.05392261,-0.1866627,1.000108,-0.2443041,-0.2075585,1.000072,-0.1491145,-0.1971108,1.00009,0.1811284,-0.1154426,-0.9766604,0.0,-0.009855222,0.9928237,-0.1191809,0.0,-0.9834102,-0.03121226,-0.1786909,0.0,-0.7550341,-1.844588,-0.9860198,1.0,0.1811284,-0.009855232,-0.9834099,0.0,-0.1154426,0.9928236,-0.03121224,0.0,-0.9766603,-0.1191808,-0.1786909,0.0,-1.039192,1.706395,-0.9762745,1.0,1.0,1.0,-0.1420144,-0.1902213,0.9714153,0.0006328579,0.00346814,-0.02421961,64.95556,4037.0,-0.175,-0.246
1.0,-0.05504839,-0.1856504,1.000161,-0.244363,-0.2082323,1.000145,-0.1497062,-0.1969413,1.000153,0.1810445,-0.1155144,-0.9766675,0.0,-0.00979789,0.992817,-0.1192407,0.0,-0.9834262,-0.03115717,-0.1786123,0.0,-0.7551228,-1.844675,-0.9860249,1.0,0.1810445,-0.009797894,-0.983426,0.0,-0.1155144,0.992817,-0.03115715,0.0,-0.9766675,-0.1192407,-0.1786122,0.0,-1.039394,1.706452,-0.9761984,1.0,0.8114862,0.9782857,-0.1425615,-0.1900416,0.9713704,0.0006345902,0.003470535,-0.0242237,64.96667,4038.0,-0.175,-0.246
1.0,-0.05655579,-0.1855337,1.000195,-0.2441522,-0.2070724,1.000256,-0.1503522,-0.1963028,1.000226,0.1815603,-0.1153835,-0.9765872,0.0,-0.009330228,0.9928457,-0.1190391,0.0,-0.9833357,-0.03072455,-0.1791848,0.0,-0.7551922,-1.844234,-0.9870379,1.0,0.1815602,-0.009330228,-0.9833355,0.0,-0.1153835,0.9928457,-0.03072455,0.0,-0.9765871,-0.1190391,-0.1791848,0.0,-1.03961,1.706498,-0.9761326,1.0,1.0,1.0,-0.1431707,-0.1894308,0.9714,0.000637901,0.003473633,-0.02422772,64.98889,4039.0,-0.175,-0.246
1.0,-0.05669747,-0.1855461,0.9999895,-0.2437068,-0.2053272,0.9999982,-0.1502019,-0.1954367,0.9999937,0.1816048,-0.1153888,-0.9765783,0.0,-0.009318937,0.9928453,-0.1190438,0.0,-0.9833274,-0.03071959,-0.1792302,0.0,-0.7550864,-1.844216,-0.9870525,1.0,0.1816048,-0.009318937,-0.9833274,0.0,-0.1153888,0.9928453,-0.03071959,0.0,-0.9765783,-0.1190438,-0.1792302,0.0,-1.039608,1.706482,-0.9760602,1.0,0.8200817,0.9979792,-0.1430851,-0.1886834,0.9715581,0.0006397488,0.003474953,-0.02423124,65.0,4040.0,-0.175,-0.246
1.0,-0.05664484,-0.1846775,0.9999263,-0.243777,-0.205639,0.9999547,-0.1502101,-0.1951579,0.9999405,0.1819029,-0.1153364,-0.9765291,0.0,-0.009058937,0.9928586,-0.1189525,0.0,-0.9832749,-0.03048413,-0.1795591,0.0,-0.7551105,-1.844027,-0.9875379,1.0,0.1819029,-0.009058952,-0.9832746,0.0,-0.1153364,0.9928586,-0.03048412,0.0,-0.9765289,-0.1189525,-0.179559,0.0,-1.039686,1.706547,-0.9760159,1.0,0.8184831,0.9893363,-0.1431079,-0.188439,0.9716023,0.0006413339,0.003477165,-0.02423495,65.02222,4041.0,-0.175,-0.246
1.0,-0.05712038,-0.1833965,1.000102,-0.2438144,-0.2056265,1.000132,-0.1504665,-0.1945113,1.000117,0.1820841,-0.1154217,-0.9764852,0.0,-0.009129304,0.9928454,-0.1190578,0.0,-0.9832407,-0.03059316,-0.1797276,0.0,-0.7547104,-1.844224,-0.9875879,1.0,0.1820841,-0.009129314,-0.9832405,0.0,-0.1154217,0.9928454,-0.03059316,0.0,-0.9764851,-0.1190578,-0.1797276,0.0,-1.039808,1.70656,-0.9759793,1.0,0.8263533,0.9841421,-0.1433391,-0.1878097,0.97169,0.0006415406,0.003477409,-0.0242373,65.03333,4042.0,-0.175,-0.246
1.0,-0.05738316,-0.1826816,1.000124,-0.243829,-0.2059319,1.00015,-0.1506052,-0.1943068,1.000137,0.1825101,-0.115537,-0.976392,0.0,-0.009104781,0.9928305,-0.1191841,0.0,-0.9831619,-0.03064214,-0.1801497,0.0,-0.7540988,-1.844416,-0.9878923,1.0,0.1825101,-0.00910479,-0.9831618,0.0,-0.115537,0.9928304,-0.03064214,0.0,-0.976392,-0.1191841,-0.1801497,0.0,-1.040038,1.706586,-0.9758865,1.0,0.8085757,0.9929982,-0.1434712,-0.1876158,0.9717079,0.0006426005,0.003478951,-0.02424091,65.05556,4043.0,-0.175,-0.246
1.0,-0.05681774,-0.1821894,1.000196,-0.2439939,-0.2057368,1.000231,-0.1504048,-0.1939629,1.000213,0.1826938,-0.1157528,-0.9763321,0.0,-0.008891817,0.99281,-0.1193702,0.0,-0.9831297,-0.03048959,-0.180351,0.0,-0.7541908,-1.844468,-0.987926,1.0,0.1826938,-0.008891831,-0.9831297,0.0,-0.1157528,0.99281,-0.03048957,0.0,-0.9763319,-0.1193702,-0.180351,0.0,-1.04026,1.706572,-0.9758779,1.0,0.8085757,0.9929982,-0.1432834,-0.1872935,0.9717978,0.0006427458,0.003479614,-0.0242452,65.06667,4044.0,-0.175,-0.246
1.0,-0.05697362,-0.1811275,1.000127,-0.2437483,-0.2057963,1.000157,-0.1503602,-0.1934617,1.000142,0.1828424,-0.1158363,-0.9762944,0.0,-0.008745469,0.9928038,-0.119433,0.0,-0.9831034,-0.03037558,-0.1805136,0.0,-0.7542273,-1.844498,-0.988067,1.0,0.1828424,-0.008745474,-0.9831033,0.0,-0.1158363,0.9928038,-0.03037557,0.0,-0.9762942,-0.119433,-0.1805136,0.0,-1.040399,1.70662,-0.9758705,1.0,0.8343737,0.988609,-0.1432617,-0.1868484,0.9718868,0.0006410982,0.003481026,-0.02424953,65.07778,4045.0,-0.175,-0.246
1.0,-0.05665888,-0.1807344,1.000086,-0.2425621,-0.2058775,1.000127,-0.1496093,-0.1933056,1.000106,0.1832978,-0.1164183,-0.9761397,0.0,-0.008789528,0.9927292,-0.1200473,0.0,-0.9830182,-0.03058421,-0.1809418,0.0,-0.7535392,-1.845237,-0.987529,1.0,0.1832977,-0.008789536,-0.983018,0.0,-0.1164183,0.9927292,-0.0305842,0.0,-0.9761397,-0.1200473,-0.1809417,0.0,-1.040664,1.706647,-0.975863,1.0,0.8112083,0.9848858,-0.1425709,-0.1867314,0.9720108,0.0006399769,0.003482346,-0.02425402,65.1,4046.0,-0.175,-0.246
1.0,-0.05637486,-0.1799731,1.000093,-0.2436972,-0.2062541,1.000092,-0.1500362,-0.1931135,1.000093,0.1833245,-0.1166924,-0.9761021,0.0,-0.008740112,0.9926969,-0.1203178,0.0,-0.9830137,-0.03058844,-0.1809658,0.0,-0.7535232,-1.845511,-0.9871917,1.0,0.1833245,-0.008740116,-0.9830136,0.0,-0.1166923,0.9926969,-0.03058844,0.0,-0.9761019,-0.1203178,-0.1809658,0.0,-1.040817,1.70667,-0.9758227,1.0,0.8219149,0.9873924,-0.1429709,-0.1865483,0.9719871,0.0006368794,0.003484657,-0.02425803,65.11111,4047.0,-0.175,-0.246
1.0,-0.05603948,-0.179811,1.000125,-0.2439657,-0.206141,1.000159,-0.1500015,-0.1929757,1.000142,0.1837846,-0.1170311,-0.9759749,0.0,-0.008610293,0.9926574,-0.1206529,0.0,-0.9829289,-0.03057757,-0.1814275,0.0,-0.7530249,-1.845811,-0.9873875,1.0,0.1837846,-0.008610293,-0.9829288,0.0,-0.1170311,0.9926574,-0.03057757,0.0,-0.9759748,-0.1206529,-0.1814274,0.0,-1.041288,1.706643,-0.9757495,1.0,0.8075056,0.9842764,-0.1429322,-0.1864144,0.9720186,0.000633942,0.003485153,-0.02426262,65.13333,4048.0,-0.175,-0.246
1.0,-0.04923025,-0.1828544,1.00012,-0.2452495,-0.206017,1.000118,-0.1472399,-0.1944356,1.000119,0.1837598,-0.1172386,-0.9759547,0.0,-0.008317579,0.9926409,-0.1208091,0.0,-0.982936,-0.03031745,-0.1814323,0.0,-0.7534952,-1.845779,-0.9872526,1.0,0.1837597,-0.008317593,-0.9829359,0.0,-0.1172385,0.9926409,-0.03031744,0.0,-0.9759547,-0.1208091,-0.1814323,0.0,-1.041448,1.706659,-0.9757164,1.0,0.828133,0.9938447,-0.1403205,-0.1878232,0.9721279,0.0006245123,0.003485131,-0.02427319,65.14445,4049.0,-0.175,-0.246
1.0,-0.04621302,-0.179708,1.000209,-0.2442553,-0.2104805,1.000204,-0.1452343,-0.1950942,1.000206,0.1837611,-0.117477,-0.9759258,0.0,-0.008249089,0.9926135,-0.121039,0.0,-0.9829364,-0.03029276,-0.1814347,0.0,-0.7535569,-1.846075,-0.9870826,1.0,0.1837611,-0.008249089,-0.9829363,0.0,-0.117477,0.9926135,-0.03029276,0.0,-0.9759256,-0.121039,-0.1814347,0.0,-1.041716,1.706748,-0.9757121,1.0,0.8147448,0.9895619,-0.1383697,-0.1884774,0.9722809,0.000564307,0.003502533,-0.02427616,65.15556,4050.0,-0.175,-0.246
1.0,-0.04572599,-0.1775782,1.000152,-0.2402997,-0.1934529,1.000166,-0.1430124,-0.1855155,1.000159,0.1838905,-0.1174314,-0.9759069,0.0,-0.008097813,0.9926233,-0.1209688,0.0,-0.9829134,-0.03014773,-0.181583,0.0,-0.7535152,-1.845875,-0.98773,1.0,0.1838904,-0.008097827,-0.9829133,0.0,-0.1174314,0.9926233,-0.03014772,0.0,-0.9759067,-0.1209688,-0.181583,0.0,-1.042132,1.706672,-0.975644,1.0,0.8245102,0.9811878,-0.1365238,-0.1797768,0.9741876,0.0005555721,0.003537125,-0.02429463,65.17778,4051.0,-0.175,-0.246
