flag,xl,yl,zl,xr,yr,zr,xc,yc,zc,mat_00,mat_10,mat_20,mat_30,mat_01,mat_11,mat_21,mat_31,mat_02,mat_12,mat_22,mat_32,mat_03,mat_13,mat_23,mat_33,ctw_00,ctw_10,ctw_20,ctw_30,ctw_01,ctw_11,ctw_21,ctw_31,ctw_02,ctw_12,ctw_22,ctw_32,ctw_03,ctw_13,ctw_23,ctw_33,opennessl,opennessr,ray_x,ray_y,ray_z,eye_x,eye_y,eye_z,time,frame,u,v
25.0,0.2243229,0.1750861,1.000195,0.09630206,0.1155776,1.000168,0.160312,0.1453314,1.000181,0.03144801,-0.2153612,0.9760281,0.0,-0.01912158,0.9762026,0.2160158,0.0,0.9993225,0.02545647,-0.02658153,0.0,1.027318,-1.640273,-0.3002977,1.0,0.03144795,-0.0191216,0.9993224,0.0,-0.2153611,0.9762026,0.02545646,0.0,0.9760279,0.2160158,-0.02658157,0.0,-0.09245923,1.685752,-0.9928489,1.0,1.0,1.0,0.1520482,0.138173,0.9786672,0.0003503039,-3.311923e-05,-0.02942106,40.91111,2538.0,0.175,0.104
25.0,0.2240285,0.174682,1.000131,0.09664346,0.1154286,1.000086,0.1603353,0.1450545,1.000108,0.03177392,-0.2146454,0.9761752,0.0,-0.0189442,0.9763634,0.2153034,0.0,0.9993156,0.02533392,-0.02695662,0.0,1.026934,-1.640657,-0.2994748,1.0,0.03177393,-0.01894422,0.9993155,0.0,-0.2146454,0.9763634,0.02533389,0.0,0.976175,0.2153034,-0.02695661,0.0,-0.09244936,1.68581,-0.9927399,1.0,1.0,1.0,0.1520873,0.1379244,0.9786962,0.0003490904,-3.311923e-05,-0.02941738,40.93333,2539.0,0.175,0.104
25.0,0.2243206,0.1748891,1.000227,0.09595563,0.1155082,1.000166,0.1601371,0.145198,1.000196,0.03205818,-0.2142172,0.9762598,0.0,-0.01896624,0.9764556,0.214883,0.0,0.9993061,0.02540475,-0.02724051,0.0,1.026916,-1.640766,-0.2991289,1.0,0.0320582,-0.01896625,0.999306,0.0,-0.2142172,0.9764556,0.02540473,0.0,0.9762599,0.214883,-0.02724049,0.0,-0.09237373,1.685889,-0.9926682,1.0,1.0,1.0,0.15189,0.1380508,0.978709,0.0003470685,-3.311923e-05,-0.02941609,40.94445,2540.0,0.175,0.104
25.0,0.2241412,0.1743526,1.000341,0.09442222,0.1136013,1.000309,0.1592812,0.1439765,1.000325,0.03212279,-0.2136265,0.9763871,0.0,-0.01939808,0.976574,0.2143056,0.0,0.9992957,0.02582411,-0.02722633,0.0,1.027602,-1.640402,-0.2983745,1.0,0.03212278,-0.01939807,0.9992957,0.0,-0.2136266,0.976574,0.02582413,0.0,0.9763871,0.2143056,-0.02722634,0.0,-0.09211375,1.685851,-0.9926396,1.0,1.0,1.0,0.1511043,0.1369052,0.9789916,0.0003407439,-2.849579e-05,-0.02943494,40.96667,2541.0,0.175,0.104
25.0,0.2236952,0.1742694,1.000033,0.09427497,0.1138254,1.000025,0.1589849,0.1440472,1.000029,0.03212625,-0.2134449,0.9764268,0.0,-0.01950571,0.9766111,0.214127,0.0,0.9992936,0.025925,-0.02721143,0.0,1.02775,-1.640347,-0.2980604,1.0,0.03212622,-0.01950572,0.9992934,0.0,-0.2134449,0.9766111,0.02592499,0.0,0.9764266,0.214127,-0.02721145,0.0,-0.09210734,1.685851,-0.9926083,1.0,1.0,1.0,0.1508709,0.1370157,0.9790121,0.0003392333,-2.938847e-05,-0.02943375,40.97778,2542.0,0.175,0.104
25.0,0.2223198,0.1738557,1.000012,0.09377269,0.113912,0.9999958,0.158046,0.1438836,1.000004,0.03227001,-0.2134776,0.9764148,0.0,-0.01953676,0.9766023,0.2141643,0.0,0.9992882,0.02598707,-0.02734435,0.0,1.02779,-1.640164,-0.2980728,1.0,0.03227005,-0.01953675,0.9992883,0.0,-0.2134776,0.9766022,0.02598706,0.0,0.9764149,0.2141643,-0.02734431,0.0,-0.09226243,1.685704,-0.9925863,1.0,1.0,1.0,0.1500051,0.1368856,0.9791633,0.0003390806,-2.995296e-05,-0.02943318,41.0,2543.0,0.175,0.104
25.0,0.2216928,0.1750443,0.9999593,0.09285128,0.1139936,0.9999639,0.1572721,0.1445189,0.9999616,0.03222674,-0.2135167,0.9764077,0.0,-0.01942254,0.9765969,0.2141991,0.0,0.9992918,0.02586726,-0.02732551,0.0,1.027653,-1.640314,-0.2980831,1.0,0.03222676,-0.01942254,0.9992919,0.0,-0.2135167,0.976597,0.02586726,0.0,0.9764077,0.2141991,-0.0273255,0.0,-0.09230158,1.685734,-0.9926397,1.0,1.0,1.0,0.1492788,0.1374986,0.9791884,0.0003389055,-2.995296e-05,-0.02943458,41.01111,2544.0,0.175,0.104
25.0,0.2217381,0.1748526,1.000142,0.09367719,0.114243,1.000112,0.1577072,0.1445474,1.000127,0.03242445,-0.2135257,0.9763992,0.0,-0.01921511,0.9765992,0.2142075,0.0,0.9992895,0.02570719,-0.0275628,0.0,1.027311,-1.6404,-0.2984235,1.0,0.03242447,-0.01921511,0.9992894,0.0,-0.2135256,0.9765992,0.02570718,0.0,0.9763992,0.2142075,-0.02756277,0.0,-0.09219702,1.685678,-0.9926363,1.0,1.0,1.0,0.1496592,0.1374994,0.9791302,0.0003395081,-3.408047e-05,-0.02943453,41.02222,2545.0,0.175,0.104
25.0,0.222191,0.1735562,0.9999751,0.0936795,0.1144035,0.9999671,0.1579351,0.1439797,0.999971,0.03258336,-0.2135711,0.976384,0.0,-0.01899964,0.9765939,0.214251,0.0,0.9992884,0.02553196,-0.02776295,0.0,1.026921,-1.640523,-0.2986292,1.0,0.03258337,-0.01899963,0.9992884,0.0,-0.2135711,0.9765938,0.02553196,0.0,0.976384,0.214251,-0.02776293,0.0,-0.09225206,1.685617,-0.9925954,1.0,1.0,1.0,0.1499029,0.1369866,0.9791648,0.0003407747,-3.543089e-05,-0.02943411,41.04445,2546.0,0.175,0.104
25.0,0.2224875,0.1730047,0.9999406,0.09368092,0.1147055,0.9999456,0.1580843,0.1438549,0.9999431,0.03261316,-0.213717,0.9763511,0.0,-0.01899894,0.9765617,0.2143977,0.0,0.9992875,0.02554183,-0.0277884,0.0,1.026908,-1.640486,-0.2988646,1.0,0.0326132,-0.01899895,0.9992875,0.0,-0.2137169,0.9765615,0.02554182,0.0,0.976351,0.2143977,-0.02778836,0.0,-0.09229381,1.685622,-0.9925808,1.0,1.0,1.0,0.1500473,0.136874,0.9791585,0.0003418811,-3.84216e-05,-0.02943207,41.05556,2547.0,0.175,0.104
25.0,0.2217653,0.1734178,0.9996638,0.09370814,0.114591,0.9996365,0.1577362,0.1440042,0.9996502,0.03273571,-0.2135171,0.9763908,0.0,-0.01899674,0.9766049,0.2142008,0.0,0.9992836,0.02556027,-0.02791375,0.0,1.026857,-1.640659,-0.2982551,1.0,0.03273573,-0.01899674,0.9992834,0.0,-0.2135171,0.9766049,0.02556025,0.0,0.9763907,0.2142008,-0.02791372,0.0,-0.09271009,1.685669,-0.9925112,1.0,1.0,1.0,0.1497599,0.1370585,0.9791766,0.0003430936,-4.029856e-05,-0.02943175,41.07778,2548.0,0.175,0.104
25.0,0.2217618,0.1736007,0.9998869,0.09350161,0.1126834,0.9998759,0.1576316,0.1431419,0.9998815,0.03274494,-0.2133446,0.9764282,0.0,-0.01902785,0.9766419,0.2140295,0.0,0.9992827,0.02558774,-0.0279206,0.0,1.026896,-1.6407,-0.2978254,1.0,0.03274496,-0.01902787,0.9992825,0.0,-0.2133446,0.9766418,0.02558771,0.0,0.976428,0.2140294,-0.02792059,0.0,-0.09285505,1.685659,-0.9924925,1.0,1.0,1.0,0.1496466,0.1362275,0.97931,0.0003442988,-4.112243e-05,-0.02942999,41.08889,2549.0,0.175,0.104
25.0,0.2221684,0.173951,0.9999354,0.09306896,0.1124893,0.9999262,0.1576186,0.14322,0.9999309,0.03277606,-0.2133334,0.9764296,0.0,-0.01887238,0.9766481,0.2140147,0.0,0.9992846,0.02544213,-0.02798456,0.0,1.026628,-1.640864,-0.2977822,1.0,0.03277605,-0.0188724,0.9992844,0.0,-0.2133334,0.9766482,0.0254421,0.0,0.9764294,0.2140147,-0.02798456,0.0,-0.09293675,1.685652,-0.9924797,1.0,1.0,1.0,0.1496256,0.136296,0.9793036,0.000345543,-4.202267e-05,-0.02942591,41.1,2550.0,0.175,0.104
25.0,0.2233803,0.1750395,0.9998606,0.09381355,0.1118509,0.999876,0.1585973,0.1434455,0.9998684,0.03300452,-0.2133821,0.9764112,0.0,-0.01897653,0.9766335,0.2140721,0.0,0.9992751,0.02559426,-0.02818406,0.0,1.02679,-1.640682,-0.2980568,1.0,0.0330045,-0.01897654,0.9992749,0.0,-0.2133821,0.9766336,0.02559424,0.0,0.9764111,0.2140721,-0.02818407,0.0,-0.09295485,1.685636,-0.9924537,1.0,1.0,1.0,0.150538,0.1364955,0.979136,0.0003478164,-4.205329e-05,-0.02942219,41.12222,2551.0,0.175,0.104
25.0,0.2243184,0.1750284,0.9999343,0.09384249,0.1112751,0.9999216,0.1590801,0.1431516,0.9999279,0.03315485,-0.2134507,0.9763912,0.0,-0.01903973,0.976616,0.2141464,0.0,0.999269,0.02569023,-0.02831554,0.0,1.026909,-1.640564,-0.2982315,1.0,0.03315488,-0.01903974,0.9992687,0.0,-0.2134507,0.976616,0.02569021,0.0,0.976391,0.2141464,-0.0283155,0.0,-0.09303604,1.685619,-0.9924558,1.0,1.0,1.0,0.1509836,0.1362057,0.9791077,0.0003495179,-4.272454e-05,-0.02941879,41.13334,2552.0,0.175,0.104
25.0,0.2243982,0.1757222,0.9999006,0.09290747,0.1113896,0.9999111,0.1586531,0.1435559,0.9999058,0.03321296,-0.2133826,0.976404,0.0,-0.018951,0.9766329,0.2140773,0.0,0.9992686,0.02561397,-0.02839303,0.0,1.026784,-1.640728,-0.2980986,1.0,0.03321294,-0.01895101,0.9992687,0.0,-0.2133826,0.9766328,0.02561397,0.0,0.976404,0.2140773,-0.02839306,0.0,-0.09314073,1.685664,-0.9924711,1.0,1.0,1.0,0.1505819,0.1365952,0.9791152,0.0003499826,-4.327402e-05,-0.02941529,41.15556,2553.0,0.175,0.104
25.0,0.224439,0.1735971,0.9998156,0.0912044,0.1113887,0.9998108,0.1578216,0.1424928,0.9998132,0.03327483,-0.2134594,0.9763852,0.0,-0.01889829,0.976617,0.2141542,0.0,0.9992676,0.02557798,-0.02846277,0.0,1.02667,-1.640718,-0.2981121,1.0,0.03327486,-0.01889831,0.9992675,0.0,-0.2134594,0.9766171,0.02557795,0.0,0.9763851,0.2141542,-0.02846275,0.0,-0.09331672,1.685597,-0.9924364,1.0,1.0,1.0,0.149842,0.1356306,0.979363,0.0003503412,-4.347996e-05,-0.02941245,41.16667,2554.0,0.175,0.104
25.0,0.2246069,0.1738112,0.9997776,0.09090487,0.1109627,0.9997761,0.1577558,0.142387,0.999777,0.03347677,-0.2134588,0.9763784,0.0,-0.01867652,0.9766217,0.2141524,0.0,0.9992651,0.02540451,-0.0287075,0.0,1.026273,-1.641063,-0.298026,1.0,0.0334768,-0.01867654,0.9992649,0.0,-0.2134588,0.9766217,0.02540448,0.0,0.9763783,0.2141523,-0.02870747,0.0,-0.09366954,1.685688,-0.9923834,1.0,1.0,1.0,0.1497876,0.1355382,0.9793841,0.0003507761,-4.395295e-05,-0.02941162,41.18889,2555.0,0.175,0.104
25.0,0.2247442,0.1737348,0.9999074,0.09119204,0.1111851,0.9998851,0.157968,0.1424595,0.9998963,0.03367341,-0.2134641,0.9763705,0.0,-0.01877454,0.976617,0.2141655,0.0,0.9992566,0.02554259,-0.02887833,0.0,1.026441,-1.640981,-0.2980888,1.0,0.0336734,-0.01877455,0.9992564,0.0,-0.2134641,0.976617,0.02554258,0.0,0.9763704,0.2141654,-0.02887833,0.0,-0.09380913,1.685721,-0.9923716,1.0,1.0,1.0,0.1499676,0.135588,0.9793496,0.0003509363,-4.426576e-05,-0.02940766,41.2,2556.0,0.175,0.104
25.0,0.224288,0.1734747,0.9999375,0.08924032,0.1092996,0.9999145,0.1567639,0.1413869,0.9999261,0.03375077,-0.213307,0.9764022,0.0,-0.0186966,0.9766529,0.2140081,0.0,0.9992554,0.02547836,-0.02897471,0.0,1.026319,-1.641106,-0.2978045,1.0,0.03375081,-0.01869662,0.9992552,0.0,-0.213307,0.9766529,0.02547833,0.0,0.976402,0.2140081,-0.02897467,0.0,-0.09392158,1.685712,-0.9923708,1.0,1.0,1.0,0.1488641,0.1346057,0.9796534,0.0003511049,-4.431151e-05,-0.0294029,41.21111,2557.0,0.175,0.104
25.0,0.2240168,0.173141,0.9998846,0.08927131,0.1082979,0.9998855,0.1566441,0.1407194,0.9998851,0.03372413,-0.2132241,0.9764211,0.0,-0.01855318,0.9766749,0.2139203,0.0,0.999259,0.02533,-0.02898151,0.0,1.026112,-1.641338,-0.2975967,1.0,0.03372411,-0.01855319,0.9992589,0.0,-0.213224,0.9766749,0.02532999,0.0,0.9764211,0.2139203,-0.02898152,0.0,-0.09399764,1.685753,-0.9924017,1.0,1.0,1.0,0.1487712,0.1339906,0.9797519,0.0003516702,-4.525762e-05,-0.02939653,41.23333,2558.0,0.175,0.104
25.0,0.2237309,0.173156,1.000243,0.08901255,0.1091003,1.000216,0.1563712,0.1411278,1.000229,0.03374308,-0.21284,0.9765042,0.0,-0.01856267,0.9767586,0.2135369,0.0,0.9992582,0.02533192,-0.02900797,0.0,1.026119,-1.641401,-0.2971404,1.0,0.03374309,-0.01856267,0.9992582,0.0,-0.21284,0.9767587,0.02533192,0.0,0.9765042,0.2135369,-0.02900797,0.0,-0.09382142,1.685751,-0.9923974,1.0,1.0,1.0,0.1484624,0.1343352,0.9797515,0.0003519366,-4.535669e-05,-0.02939395,41.24445,2559.0,0.175,0.104
25.0,0.2237898,0.1732615,1.000262,0.08905292,0.1109663,1.000224,0.1564208,0.1421132,1.000243,0.03375798,-0.2122427,0.9766338,0.0,-0.01864844,0.9768868,0.2129423,0.0,0.9992561,0.02540121,-0.02901971,0.0,1.026124,-1.641473,-0.296201,1.0,0.03375797,-0.01864846,0.999256,0.0,-0.2122427,0.9768868,0.0254012,0.0,0.9766337,0.2129423,-0.02901973,0.0,-0.0937506,1.685742,-0.9922607,1.0,1.0,1.0,0.1484877,0.1352537,0.9796212,0.0003526844,-4.525762e-05,-0.02938895,41.26667,2560.0,0.175,0.104
25.0,0.2233523,0.1733005,0.9999794,0.09045634,0.1107501,0.9999806,0.1569043,0.1420254,0.9999799,0.03371543,-0.2122712,0.9766291,0.0,-0.0184461,0.9768859,0.2129638,0.0,0.9992613,0.02519517,-0.02902055,0.0,1.025839,-1.641681,-0.2962213,1.0,0.03371542,-0.01844611,0.9992611,0.0,-0.2122712,0.976886,0.02519516,0.0,0.9766289,0.2129638,-0.02902054,0.0,-0.09376986,1.685742,-0.9923151,1.0,1.0,1.0,0.1489751,0.135195,0.9795554,0.0003538588,-4.432676e-05,-0.0293862,41.27778,2561.0,0.175,0.104
25.0,0.2236328,0.1755626,1.000119,0.09069668,0.109482,1.000106,0.1571646,0.1425223,1.000112,0.03369164,-0.2120421,0.9766796,0.0,-0.01844057,0.9769361,0.212734,0.0,0.9992622,0.0251779,-0.0290044,0.0,1.025808,-1.641759,-0.2958952,1.0,0.03369163,-0.01844058,0.999262,0.0,-0.2120421,0.9769362,0.02517789,0.0,0.9766795,0.212734,-0.0290044,0.0,-0.09368841,1.685757,-0.9922969,1.0,1.0,1.0,0.1491888,0.1356374,0.9794617,0.0003548963,-4.408264e-05,-0.029384,41.28889,2562.0,0.175,0.104
25.0,0.2214091,0.1752959,0.9999162,0.09068689,0.1103625,0.9999272,0.1560482,0.1428293,0.9999217,0.03349483,-0.2120581,0.9766829,0.0,-0.01850665,0.976932,0.2127469,0.0,0.9992676,0.02520105,-0.02879769,0.0,1.025882,-1.641724,-0.2955293,1.0,0.03349483,-0.01850665,0.9992674,0.0,-0.2120581,0.976932,0.02520105,0.0,0.9766829,0.2127469,-0.02879768,0.0,-0.09386431,1.685712,-0.992268,1.0,1.0,1.0,0.1481704,0.1359699,0.9795702,0.0003549196,-4.395295e-05,-0.02938323,41.31111,2563.0,0.175,0.104
25.0,0.2217191,0.1760241,0.999831,0.09059485,0.1091138,0.9998257,0.1561567,0.1425688,0.9998282,0.03351039,-0.2120031,0.9766943,0.0,-0.0185251,0.9769435,0.2126928,0.0,0.9992667,0.0252208,-0.02881038,0.0,1.025927,-1.64178,-0.2952681,1.0,0.03351039,-0.01852512,0.9992666,0.0,-0.2120031,0.9769435,0.02522078,0.0,0.9766942,0.2126928,-0.02881037,0.0,-0.09405487,1.685733,-0.992274,1.0,1.0,1.0,0.1482889,0.1357361,0.9795846,0.0003556907,-4.380802e-05,-0.02938058,41.32222,2564.0,0.175,0.104
25.0,0.2221457,0.1752793,1.000006,0.09112725,0.1101046,0.99999,0.1566363,0.1426917,0.999998,0.03366607,-0.2121114,0.9766654,0.0,-0.01855631,0.9769183,0.212806,0.0,0.9992608,0.02528766,-0.02895302,0.0,1.025952,-1.641741,-0.295495,1.0,0.03366609,-0.01855632,0.9992608,0.0,-0.2121114,0.9769182,0.02528765,0.0,0.9766654,0.212806,-0.028953,0.0,-0.09417211,1.685768,-0.992233,1.0,1.0,1.0,0.1487087,0.1358205,0.9795094,0.0003567049,-4.357146e-05,-0.02937871,41.34444,2565.0,0.175,0.104
25.0,0.2253092,0.182337,0.999967,0.09111886,0.1098763,0.9999481,0.1582138,0.1461064,0.9999576,0.03373241,-0.2120021,0.9766869,0.0,-0.0184947,0.9769433,0.2126966,0.0,0.9992598,0.02523831,-0.02903378,0.0,1.025821,-1.641861,-0.2953173,1.0,0.03373246,-0.01849471,0.9992598,0.0,-0.2120021,0.9769433,0.02523829,0.0,0.9766868,0.2126966,-0.02903374,0.0,-0.09424893,1.68579,-0.9921984,1.0,1.0,1.0,0.1501078,0.1390001,0.9788496,0.000364434,-6.246951e-05,-0.02937196,41.35556,2566.0,0.175,0.104
25.0,0.2254114,0.1819226,0.9997761,0.09064556,0.109898,0.999757,0.1580281,0.1459101,0.9997666,0.03377897,-0.2117374,0.9767427,0.0,-0.01870617,0.9769952,0.2124391,0.0,0.9992543,0.0254471,-0.02904111,0.0,1.026164,-1.641695,-0.2946132,1.0,0.03377899,-0.01870618,0.9992543,0.0,-0.2117374,0.9769953,0.02544709,0.0,0.9767426,0.2124391,-0.02904109,0.0,-0.09450988,1.685712,-0.9921786,1.0,1.0,1.0,0.1499668,0.1388461,0.9788932,0.0003643418,-6.210338e-05,-0.02936875,41.36667,2567.0,0.175,0.104
25.0,0.2259712,0.1825275,0.999898,0.09053244,0.1090876,0.9998395,0.1582508,0.1458067,0.9998687,0.03384632,-0.211034,0.9768927,0.0,-0.0186906,0.977148,0.2117367,0.0,0.9992524,0.02542526,-0.02912855,0.0,1.026155,-1.642154,-0.2931774,1.0,0.03384636,-0.01869063,0.9992521,0.0,-0.211034,0.9771481,0.02542521,0.0,0.9768926,0.2117367,-0.0291285,0.0,-0.09487912,1.685884,-0.992175,1.0,1.0,1.0,0.1501618,0.1387313,0.9788795,0.0003640139,-6.191258e-05,-0.02936876,41.38889,2568.0,0.175,0.104
25.0,0.2259557,0.1825255,1.000076,0.09021719,0.1090603,1.000056,0.1580861,0.1457925,1.000066,0.03374451,-0.2105801,0.9769941,0.0,-0.01870105,0.9772466,0.2112804,0.0,0.9992556,0.02540039,-0.02903867,0.0,1.026092,-1.64237,-0.292323,1.0,0.03374454,-0.01870106,0.9992554,0.0,-0.2105801,0.9772466,0.02540037,0.0,0.976994,0.2112804,-0.02903864,0.0,-0.09487744,1.685951,-0.9920993,1.0,1.0,1.0,0.1499823,0.1386953,0.9789121,0.000363213,-6.094365e-05,-0.02936777,41.4,2569.0,0.175,0.104
25.0,0.2224229,0.1730679,0.9999074,0.08990674,0.1087743,0.9999087,0.1561647,0.1409211,0.9999083,0.03399312,-0.210304,0.9770449,0.0,-0.01901778,0.9772968,0.2110199,0.0,0.9992411,0.02575444,-0.02922183,0.0,1.026546,-1.64217,-0.2918803,1.0,0.03399311,-0.01901778,0.9992412,0.0,-0.210304,0.9772968,0.02575445,0.0,0.9770449,0.2110199,-0.02922186,0.0,-0.0950703,1.686003,-0.9920033,1.0,1.0,1.0,0.1483197,0.1341831,0.979794,0.0003541112,-3.913883e-05,-0.02937065,41.42222,2570.0,0.175,0.104
25.0,0.2224261,0.1729617,0.99975,0.09004994,0.1086971,0.999759,0.1562383,0.1408296,0.9997545,0.03395891,-0.2101572,0.9770777,0.0,-0.01948652,0.9773164,0.2108858,0.0,0.9992332,0.02620131,-0.02909338,0.0,1.027262,-1.6417,-0.2912799,1.0,0.03395892,-0.01948653,0.9992332,0.0,-0.2101572,0.9773165,0.0262013,0.0,0.9770776,0.2108858,-0.02909337,0.0,-0.09529664,1.685905,-0.9919338,1.0,1.0,1.0,0.1484109,0.1341145,0.9797895,0.0003540572,-3.833009e-05,-0.02937025,41.43333,2571.0,0.175,0.104
25.0,0.2230436,0.1731037,0.9998926,0.09181005,0.1092466,0.9998816,0.1574266,0.141175,0.9998869,0.03422469,-0.2103102,0.9770355,0.0,-0.02048117,0.9772553,0.2110749,0.0,0.9992043,0.02723481,-0.02913886,0.0,1.028885,-1.640712,-0.2913982,1.0,0.0342247,-0.02048118,0.9992043,0.0,-0.2103102,0.9772554,0.0272348,0.0,0.9770354,0.2110749,-0.02913886,0.0,-0.09556528,1.685974,-0.9918734,1.0,1.0,1.0,0.1494921,0.1343981,0.9795862,0.0003540572,-3.833009e-05,-0.02936935,41.45555,2572.0,0.175,0.104
25.0,0.2228609,0.1731773,1.000078,0.09183156,0.1092821,1.000065,0.157346,0.1412296,1.000072,0.03442895,-0.2104239,0.9770038,0.0,-0.02066948,0.9772243,0.2111997,0.0,0.9991934,0.02746556,-0.02929544,0.0,1.02914,-1.640436,-0.2918311,1.0,0.03442894,-0.0206695,0.9991934,0.0,-0.2104239,0.9772243,0.02746555,0.0,0.9770039,0.2111997,-0.02929546,0.0,-0.09549884,1.68598,-0.9918036,1.0,1.0,1.0,0.1493908,0.1344278,0.9795976,0.0003540572,-3.833009e-05,-0.02936904,41.46667,2573.0,0.175,0.104
25.0,0.222488,0.1743442,0.9999636,0.09173395,0.1092337,0.9999313,0.1571104,0.1417885,0.9999473,0.03463531,-0.2102701,0.9770296,0.0,-0.02080485,0.9772526,0.2110557,0.0,0.9991834,0.02763695,-0.02947283,0.0,1.029365,-1.640275,-0.2916604,1.0,0.03463534,-0.02080486,0.9991835,0.0,-0.2102701,0.9772527,0.02763693,0.0,0.9770296,0.2110557,-0.02947281,0.0,-0.09559237,1.685935,-0.9917883,1.0,1.0,1.0,0.1491782,0.1349704,0.9795554,0.0003538206,-3.833009e-05,-0.02936904,41.47778,2574.0,0.175,0.104
25.0,0.2226536,0.1732902,0.9999089,0.09225184,0.1102156,0.9998584,0.1574518,0.141752,0.9998837,0.03530639,-0.2108021,0.976891,0.0,-0.02006837,0.9771537,0.2115841,0.0,0.9991751,0.0270749,-0.03026932,0.0,1.028037,-1.640639,-0.2932232,1.0,0.03530639,-0.02006838,0.9991749,0.0,-0.2108021,0.9771537,0.02707488,0.0,0.9768909,0.2115841,-0.03026931,0.0,-0.09569928,1.685829,-0.9916446,1.0,1.0,1.0,0.1495043,0.1349458,0.9795092,0.0003564451,-4.588324e-05,-0.02936106,41.51111,2575.0,0.175,0.104
25.0,0.2225059,0.173207,0.9998346,0.09230958,0.1111922,0.9998258,0.1574077,0.1421993,0.9998302,0.03533649,-0.2108694,0.9768754,0.0,-0.01975195,0.9771475,0.2116426,0.0,0.9991803,0.02677391,-0.03036386,0.0,1.027517,-1.640893,-0.2932402,1.0,0.03533646,-0.01975197,0.9991801,0.0,-0.2108694,0.9771476,0.0267739,0.0,0.9768752,0.2116426,-0.03036388,0.0,-0.09586375,1.685752,-0.9916457,1.0,1.0,1.0,0.1494607,0.1353722,0.9794569,0.0003574751,-4.654692e-05,-0.02936037,41.52222,2576.0,0.175,0.104
25.0,0.221983,0.1746828,0.9998336,0.0924256,0.1112439,0.9998469,0.1572045,0.1429636,0.9998401,0.03521591,-0.2109333,0.976866,0.0,-0.01989023,0.9771307,0.2117075,0.0,0.9991819,0.02688559,-0.03021508,0.0,1.027718,-1.640859,-0.2929775,1.0,0.03521596,-0.01989025,0.9991817,0.0,-0.2109333,0.9771307,0.02688556,0.0,0.9768658,0.2117075,-0.03021503,0.0,-0.09610429,1.685801,-0.9916137,1.0,1.0,1.0,0.1492548,0.1360918,0.9793886,0.000358765,-4.991144e-05,-0.02935966,41.54445,2577.0,0.175,0.104
25.0,0.2218087,0.1744617,0.9996434,0.08993438,0.1114403,0.9997298,0.1558731,0.1429522,0.9996867,0.03472871,-0.2111857,0.9768288,0.0,-0.02013762,0.9770721,0.2119543,0.0,0.9991939,0.02703191,-0.02967966,0.0,1.028031,-1.640604,-0.2926725,1.0,0.03472869,-0.02013763,0.9991937,0.0,-0.2111858,0.9770721,0.0270319,0.0,0.9768288,0.2119543,-0.02967967,0.0,-0.09628338,1.685724,-0.9915398,1.0,1.0,1.0,0.1480352,0.1361259,0.979569,0.0003603138,-4.991144e-05,-0.0293617,41.55556,2578.0,0.175,0.104
25.0,0.2222885,0.1733665,0.9997836,0.08941445,0.1111913,0.9998463,0.1558526,0.1422797,0.999815,0.03414971,-0.2116036,0.9767588,0.0,-0.02020548,0.9769829,0.2123586,0.0,0.9992125,0.02698789,-0.02908814,0.0,1.028086,-1.640555,-0.2926566,1.0,0.03414972,-0.0202055,0.9992124,0.0,-0.2116036,0.9769829,0.02698786,0.0,0.9767587,0.2123585,-0.02908812,0.0,-0.09640127,1.685715,-0.9915144,1.0,1.0,1.0,0.1480105,0.1354815,0.9796621,0.0003613736,-4.930119e-05,-0.02936139,41.57778,2579.0,0.175,0.104
25.0,0.2231466,0.1736751,0.9998978,0.08772194,0.1097074,0.9999672,0.1554355,0.1416924,0.9999324,0.03367674,-0.2116793,0.9767588,0.0,-0.02026883,0.9769675,0.2124234,0.0,0.9992273,0.0269515,-0.02861059,0.0,1.028134,-1.640547,-0.2923094,1.0,0.03367674,-0.02026884,0.9992272,0.0,-0.2116794,0.9769675,0.02695148,0.0,0.9767588,0.2124234,-0.02861059,0.0,-0.09637821,1.685693,-0.991487,1.0,1.0,1.0,0.1476133,0.1349254,0.9797987,0.0003655776,-4.897313e-05,-0.0293602,41.58889,2580.0,0.175,0.104
25.0,0.2228037,0.1734761,0.9998577,0.0881936,0.1108115,0.9998823,0.1554989,0.142144,0.9998701,0.03335708,-0.2122284,0.9766507,0.0,-0.02042945,0.9768454,0.2129685,0.0,0.9992347,0.02705646,-0.02824903,0.0,1.028345,-1.640368,-0.2925289,1.0,0.0333571,-0.02042946,0.9992347,0.0,-0.2122284,0.9768455,0.02705645,0.0,0.9766506,0.2129685,-0.028249,0.0,-0.09673678,1.685694,-0.9914395,1.0,1.0,1.0,0.1476695,0.1353546,0.979731,0.0003689351,-4.892726e-05,-0.02935977,41.61111,2581.0,0.175,0.104
25.0,0.2231161,0.1734655,0.9997432,0.08782294,0.1107133,0.9997452,0.1554696,0.1420893,0.9997443,0.03329593,-0.2121106,0.9766783,0.0,-0.02048059,0.9768701,0.2128504,0.0,0.9992357,0.02709001,-0.02818167,0.0,1.028402,-1.640477,-0.2919985,1.0,0.03329595,-0.02048059,0.9992356,0.0,-0.2121105,0.9768701,0.02709,0.0,0.9766783,0.2128504,-0.02818165,0.0,-0.09701547,1.685747,-0.9914049,1.0,1.0,1.0,0.1476601,0.135319,0.9797374,0.0003692778,-4.811864e-05,-0.02935871,41.62222,2582.0,0.175,0.104
25.0,0.2237397,0.1730953,0.9999976,0.08784482,0.1105286,0.9999527,0.1557915,0.1418114,0.9999753,0.03333342,-0.2118467,0.9767343,0.0,-0.02028728,0.9769326,0.212582,0.0,0.9992384,0.02690136,-0.02826673,0.0,1.027931,-1.640847,-0.2914194,1.0,0.03333344,-0.02028727,0.9992384,0.0,-0.2118467,0.9769327,0.02690137,0.0,0.9767343,0.2125821,-0.02826671,0.0,-0.09723305,1.685801,-0.9912447,1.0,1.0,1.0,0.1479335,0.1350231,0.9797369,0.0003692778,-4.666136e-05,-0.02935501,41.64445,2583.0,0.175,0.104
25.0,0.2239502,0.1738523,1.000113,0.08785997,0.1106558,1.000069,0.1559044,0.1422534,1.000091,0.03359544,-0.2117397,0.9767486,0.0,-0.02019642,0.9769568,0.2124795,0.0,0.9992315,0.02686519,-0.02854496,0.0,1.027796,-1.641035,-0.2915535,1.0,0.03359549,-0.02019643,0.9992315,0.0,-0.2117397,0.9769568,0.02686517,0.0,0.9767485,0.2124795,-0.02854491,0.0,-0.09722717,1.685927,-0.9912418,1.0,1.0,1.0,0.1480144,0.1354186,0.9796702,0.0003692778,-4.582212e-05,-0.02935336,41.65556,2584.0,0.175,0.104
25.0,0.2239296,0.1733825,1.000008,0.08734926,0.1106737,1.000004,0.1556395,0.1420281,1.000006,0.03352761,-0.2114497,0.9768137,0.0,-0.02038945,0.977015,0.2121932,0.0,0.9992298,0.02703103,-0.0284456,0.0,1.02799,-1.640861,-0.2909472,1.0,0.03352757,-0.02038946,0.9992297,0.0,-0.2114497,0.977015,0.02703101,0.0,0.9768136,0.2121931,-0.02844563,0.0,-0.09722438,1.685843,-0.9911205,1.0,1.0,1.0,0.1477863,0.135224,0.9797314,0.0003678361,-4.5044e-05,-0.02934997,41.66667,2585.0,0.175,0.104
25.0,0.2231744,0.1732204,0.9999624,0.08792019,0.1096297,0.9999464,0.155547,0.1414246,0.9999543,0.03402233,-0.2111885,0.9768531,0.0,-0.0211477,0.9770479,0.2119672,0.0,0.9991974,0.02786982,-0.02877527,0.0,1.029108,-1.640216,-0.2907442,1.0,0.03402231,-0.02114771,0.9991973,0.0,-0.2111885,0.977048,0.02786981,0.0,0.976853,0.2119672,-0.0287753,0.0,-0.0973931,1.685961,-0.9909356,1.0,1.0,1.0,0.1477239,0.1346689,0.9798173,0.0003623581,-4.537206e-05,-0.02934641,41.68889,2586.0,0.175,0.104
25.0,0.2234169,0.1734649,0.9999887,0.09091619,0.109799,0.9999671,0.1571662,0.1416315,0.9999779,0.03412962,-0.2109831,0.9768938,0.0,-0.02133518,0.9770866,0.2117701,0.0,0.9991897,0.02806985,-0.0288462,0.0,1.029346,-1.640083,-0.2904169,1.0,0.03412959,-0.0213352,0.9991896,0.0,-0.2109831,0.9770866,0.02806983,0.0,0.9768937,0.2117701,-0.02884623,0.0,-0.09745444,1.685966,-0.9908521,1.0,1.0,1.0,0.1492273,0.1348283,0.9795676,0.0003596572,-4.488381e-05,-0.02934334,41.7,2587.0,0.175,0.104
25.0,0.2234479,0.1735753,1.00005,0.09099561,0.1104664,1.000017,0.1572212,0.1420204,1.000034,0.03445971,-0.2105146,0.9769832,0.0,-0.021587,0.9771789,0.2113182,0.0,0.999173,0.02837211,-0.02912891,0.0,1.029656,-1.639973,-0.2898466,1.0,0.03445969,-0.02158701,0.9991729,0.0,-0.2105146,0.9771789,0.0283721,0.0,0.9769831,0.2113182,-0.02912892,0.0,-0.0975447,1.686024,-0.9907176,1.0,1.0,1.0,0.1492629,0.1351825,0.9795133,0.000359566,-4.407507e-05,-0.02934312,41.72222,2588.0,0.175,0.104
25.0,0.2236233,0.1736213,0.9999856,0.09180613,0.1114029,0.9999602,0.1577143,0.1425115,0.9999729,0.03451157,-0.2102427,0.9770399,0.0,-0.02154175,0.9772387,0.2110464,0.0,0.9991722,0.02833072,-0.02919704,0.0,1.029491,-1.640123,-0.2893738,1.0,0.03451157,-0.02154178,0.9991721,0.0,-0.2102427,0.9772385,0.02833069,0.0,0.9770398,0.2110464,-0.02919704,0.0,-0.09762366,1.68604,-0.9906222,1.0,1.0,1.0,0.1497204,0.1356395,0.9793802,0.0003595501,-4.407507e-05,-0.02934317,41.73333,2589.0,0.175,0.104
25.0,0.223429,0.1736031,1.000126,0.09340389,0.1116629,1.000076,0.1584155,0.1426324,1.000101,0.03490394,-0.210154,0.9770451,0.0,-0.02172241,0.9772503,0.2109741,0.0,0.9991546,0.0285876,-0.02954483,0.0,1.029842,-1.639859,-0.2896301,1.0,0.03490394,-0.02172241,0.9991546,0.0,-0.2101539,0.9772502,0.0285876,0.0,0.977045,0.2109741,-0.02954484,0.0,-0.09758667,1.686027,-0.9906486,1.0,1.0,1.0,0.1503527,0.1357228,0.9792719,0.0003595501,-4.424283e-05,-0.0293435,41.74445,2590.0,0.175,0.104
25.0,0.2227072,0.1735542,0.9997575,0.09207498,0.1116875,0.9997405,0.1573908,0.1426206,0.9997491,0.03516299,-0.2097631,0.9771197,0.0,-0.02190011,0.9773279,0.2105959,0.0,0.9991416,0.02880421,-0.02977192,0.0,1.030016,-1.639769,-0.288859,1.0,0.03516298,-0.02190012,0.9991416,0.0,-0.2097631,0.9773279,0.02880421,0.0,0.9771197,0.2105959,-0.02977193,0.0,-0.09793176,1.685982,-0.9904996,1.0,1.0,1.0,0.149449,0.1357776,0.9794025,0.0003596572,-4.531851e-05,-0.02934195,41.76667,2591.0,0.175,0.104
25.0,0.2224354,0.1737167,0.9998026,0.09215979,0.1115963,0.9997811,0.1572971,0.1426562,0.9997919,0.03518087,-0.2095152,0.9771723,0.0,-0.02177817,0.9773847,0.2103448,0.0,0.9991437,0.02868114,-0.02982241,0.0,1.029791,-1.640047,-0.2882288,1.0,0.03518089,-0.02177816,0.9991436,0.0,-0.2095152,0.9773846,0.02868114,0.0,0.9771723,0.2103448,-0.02982238,0.0,-0.09819451,1.686011,-0.9904667,1.0,1.0,1.0,0.1493544,0.1358082,0.9794128,0.0003604814,-4.662329e-05,-0.02934122,41.77778,2592.0,0.175,0.104
25.0,0.2215271,0.1731287,0.9998517,0.09200424,0.1115664,0.9998398,0.1567655,0.1423474,0.9998457,0.03541803,-0.2092157,0.9772279,0.0,-0.02178723,0.9774474,0.2100523,0.0,0.9991351,0.02873074,-0.03006101,0.0,1.029611,-1.640208,-0.2876832,1.0,0.03541801,-0.02178725,0.9991351,0.0,-0.2092157,0.9774474,0.02873072,0.0,0.9772278,0.2100523,-0.03006103,0.0,-0.09849206,1.686078,-0.9902443,1.0,1.0,1.0,0.1488567,0.135526,0.9795277,0.0003625564,-4.915614e-05,-0.02933985,41.8,2593.0,0.175,0.104
25.0,0.2199804,0.1739283,0.9998574,0.09364915,0.1124717,0.9998716,0.1568149,0.1432002,0.9998643,0.03532571,-0.2092422,0.9772256,0.0,-0.02182217,0.9774413,0.2100772,0.0,0.9991376,0.0287463,-0.02996266,0.0,1.029582,-1.640205,-0.2875117,1.0,0.03532568,-0.02182217,0.9991375,0.0,-0.2092422,0.9774412,0.02874631,0.0,0.9772255,0.2100772,-0.02996268,0.0,-0.098607,1.686072,-0.9901584,1.0,1.0,1.0,0.1488818,0.1363228,0.9794132,0.0003644265,-5.284126e-05,-0.02933969,41.81111,2594.0,0.175,0.104
25.0,0.2198466,0.1742705,1.000071,0.09332444,0.1126813,1.000065,0.1565854,0.1434758,1.000068,0.03538895,-0.2092049,0.9772313,0.0,-0.02196902,0.9774446,0.2100461,0.0,0.9991322,0.02890214,-0.02999473,0.0,1.029721,-1.640101,-0.287549,1.0,0.03538897,-0.02196904,0.9991321,0.0,-0.2092049,0.9774446,0.02890212,0.0,0.9772313,0.2100461,-0.02999471,0.0,-0.09855607,1.686129,-0.9900495,1.0,1.0,1.0,0.1486319,0.1365611,0.979418,0.0003677905,-5.498505e-05,-0.02933786,41.82222,2595.0,0.175,0.104
25.0,0.2197492,0.1732014,0.9998759,0.09348866,0.1116818,0.9999003,0.1566193,0.1424418,0.9998882,0.03539568,-0.20943,0.9771829,0.0,-0.02230205,0.9773865,0.2102815,0.0,0.9991245,0.02923623,-0.02992457,0.0,1.030044,-1.639625,-0.287701,1.0,0.0353957,-0.02230204,0.9991245,0.0,-0.20943,0.9773865,0.02923623,0.0,0.9771827,0.2102814,-0.02992454,0.0,-0.09870935,1.686018,-0.9898154,1.0,1.0,1.0,0.1487052,0.1356201,0.9795375,0.0003708042,-5.755608e-05,-0.02933671,41.84444,2596.0,0.175,0.104
25.0,0.2198703,0.1729166,0.9998472,0.09222659,0.1117399,0.9998561,0.1560487,0.1423282,0.9998517,0.03551847,-0.209787,0.9771019,0.0,-0.02236827,0.9773068,0.2106441,0.0,0.9991187,0.02933785,-0.03001988,0.0,1.030086,-1.639438,-0.288302,1.0,0.03551847,-0.02236828,0.9991185,0.0,-0.2097869,0.9773069,0.02933783,0.0,0.9771016,0.2106441,-0.03001986,0.0,-0.09881938,1.686004,-0.9897353,1.0,1.0,1.0,0.1481813,0.1355307,0.9796293,0.0003712159,-5.866238e-05,-0.02933545,41.85556,2597.0,0.175,0.104
25.0,0.2207552,0.1727372,0.9999498,0.09087308,0.1119088,0.9999639,0.1558145,0.1423231,0.9999568,0.03565931,-0.2099333,0.9770653,0.0,-0.02271168,0.9772643,0.2108049,0.0,0.999106,0.02970798,-0.03008068,0.0,1.030605,-1.638811,-0.2887177,1.0,0.03565935,-0.02271169,0.9991058,0.0,-0.2099332,0.9772642,0.02970795,0.0,0.9770651,0.2108049,-0.03008063,0.0,-0.09869558,1.685821,-0.9896827,1.0,1.0,1.0,0.1479469,0.1355201,0.9796663,0.0003735358,-6.151584e-05,-0.02933216,41.87778,2598.0,0.175,0.104
25.0,0.220588,0.1713579,0.9999906,0.09112568,0.1122677,1.000006,0.155857,0.141813,0.9999987,0.03566307,-0.21022,0.9770034,0.0,-0.02266925,0.9772036,0.2110905,0.0,0.9991067,0.02967606,-0.03008455,0.0,1.030481,-1.638817,-0.2892471,1.0,0.03566307,-0.02266924,0.9991067,0.0,-0.21022,0.9772037,0.02967607,0.0,0.9770034,0.2110906,-0.03008455,0.0,-0.09866685,1.685876,-0.9896286,1.0,1.0,1.0,0.14799,0.1350392,0.9797261,0.0003746031,-6.324006e-05,-0.0293291,41.88889,2599.0,0.175,0.104
25.0,0.2206051,0.1710579,0.9996655,0.09110793,0.1125532,0.9996749,0.1558567,0.1418058,0.9996702,0.03570455,-0.2106256,0.9769145,0.0,-0.02273192,0.9771137,0.2114994,0.0,0.9991038,0.02975863,-0.03009945,0.0,1.030457,-1.638628,-0.2895865,1.0,0.03570452,-0.02273192,0.9991038,0.0,-0.2106256,0.9771137,0.02975863,0.0,0.9769145,0.2114994,-0.03009949,0.0,-0.09902783,1.685798,-0.9894871,1.0,1.0,1.0,0.1480355,0.1350744,0.9797144,0.0003748704,-6.324006e-05,-0.02932598,41.91111,2600.0,0.175,0.104
1.0,-0.1079644,-0.152384,0.9999778,-0.2483764,-0.2296721,0.9999442,-0.1781712,-0.1910287,0.999961,-0.001501083,-0.2248002,0.9744037,0.0,-0.01209928,0.9743376,0.2247663,0.0,0.9999257,0.01145219,0.004182577,0.0,1.019586,-1.648684,-0.2927884,1.0,-0.001501176,-0.0120993,0.9999256,0.0,-0.2248002,0.9743376,0.01145219,0.0,0.9744037,0.2247663,0.004182482,0.0,-0.08379965,1.68452,-0.9994047,1.0,1.0,1.0,-0.1698955,-0.1786131,0.9691402,0.002210434,-0.001391731,-0.02899345,54.81111,3404.0,-0.175,-0.246
1.0,-0.1073465,-0.154066,0.9998913,-0.2483226,-0.2292582,0.999851,-0.1778354,-0.1916627,0.9998713,-0.001147389,-0.2250215,0.9743531,0.0,-0.01182448,0.9742887,0.2249927,0.0,0.9999295,0.01126307,0.003778696,0.0,1.019116,-1.648869,-0.2934774,1.0,-0.001147434,-0.01182449,0.9999293,0.0,-0.2250215,0.9742887,0.01126307,0.0,0.9743531,0.2249927,0.003778651,0.0,-0.08391109,1.684556,-0.9993638,1.0,1.0,1.0,-0.1695851,-0.1792141,0.9690837,0.002211616,-0.001392517,-0.02899725,54.82222,3405.0,-0.175,-0.246
1.0,-0.1067582,-0.157163,1.000049,-0.24747,-0.2301915,0.9999824,-0.1771154,-0.1936783,1.000016,-0.0003880262,-0.2247915,0.9744068,0.0,-0.01089509,0.97435,0.2247741,0.0,0.9999406,0.01052903,0.002827168,0.0,1.017454,-1.649712,-0.2941669,1.0,-0.0003879986,-0.01089508,0.9999405,0.0,-0.2247915,0.97435,0.01052903,0.0,0.9744068,0.2247741,0.002827197,0.0,-0.08380835,1.684604,-0.9991916,1.0,1.0,1.0,-0.1688467,-0.1810485,0.9688717,0.002212807,-0.001390892,-0.02899962,54.84444,3406.0,-0.175,-0.246
1.0,-0.1068489,-0.1574458,0.999949,-0.248239,-0.2294684,0.9999036,-0.1775448,-0.1934578,0.9999263,-0.0001442432,-0.2245534,0.9744619,0.0,-0.01108033,0.9744023,0.2245381,0.0,0.9999387,0.01076498,0.002628684,0.0,1.017697,-1.649547,-0.2939712,1.0,-0.0001442483,-0.01108034,0.9999385,0.0,-0.2245534,0.9744023,0.01076497,0.0,0.9744617,0.2245381,0.002628677,0.0,-0.08380071,1.684606,-0.9991041,1.0,1.0,1.0,-0.1692603,-0.1808508,0.9688364,0.002213363,-0.00139045,-0.02900041,54.85556,3407.0,-0.175,-0.246
1.0,-0.107026,-0.1574169,1.000056,-0.2478413,-0.2286299,1.000062,-0.1774336,-0.1930232,1.000059,-0.0003916025,-0.2238957,0.9746131,0.0,-0.01077729,0.9745575,0.2238786,0.0,0.999942,0.01041606,0.002794623,0.0,1.017043,-1.649972,-0.2929797,1.0,-0.0003915874,-0.01077733,0.9999417,0.0,-0.2238957,0.9745575,0.01041602,0.0,0.974613,0.2238786,0.002794629,0.0,-0.08348159,1.684546,-0.9989787,1.0,1.0,1.0,-0.1691516,-0.1804361,0.9689327,0.002214486,-0.00139045,-0.02900132,54.87778,3408.0,-0.175,-0.246
1.0,-0.1076504,-0.1574003,1.000092,-0.2475913,-0.228709,1.000174,-0.1776193,-0.1930533,1.000133,-0.0009325743,-0.2239994,0.974589,0.0,-0.01079112,0.9745348,0.2239766,0.0,0.9999415,0.01030804,0.003326058,0.0,1.016928,-1.650046,-0.2926341,1.0,-0.0009325993,-0.01079114,0.9999412,0.0,-0.2239993,0.9745348,0.01030803,0.0,0.9745887,0.2239766,0.003326028,0.0,-0.08346289,1.684544,-0.9988866,1.0,1.0,1.0,-0.1693095,-0.180446,0.9689032,0.002215294,-0.001390221,-0.02900165,54.88889,3409.0,-0.175,-0.246
1.0,-0.1077401,-0.1582489,1.000135,-0.247654,-0.2289027,1.000188,-0.1776961,-0.1935748,1.000162,-0.001357436,-0.2240165,0.9745845,0.0,-0.01059715,0.9745338,0.2239901,0.0,0.999943,0.01002377,0.003696799,0.0,1.016557,-1.650302,-0.2923792,1.0,-0.00135743,-0.01059716,0.9999429,0.0,-0.2240164,0.9745338,0.01002376,0.0,0.9745844,0.2239901,0.003696803,0.0,-0.08336662,1.684537,-0.9988757,1.0,1.0,1.0,-0.1693604,-0.1809142,0.9688071,0.002215317,-0.001389801,-0.02900165,54.9,3410.0,-0.175,-0.246
1.0,-0.1088429,-0.1622929,1.000067,-0.2469667,-0.2293144,1.000103,-0.1779042,-0.1958031,1.000085,-0.00180459,-0.224404,0.9744946,0.0,-0.01066823,0.974445,0.2243728,0.0,0.9999415,0.009991236,0.004152417,0.0,1.016527,-1.65014,-0.2926543,1.0,-0.00180454,-0.01066822,0.9999415,0.0,-0.224404,0.974445,0.009991234,0.0,0.9744945,0.2243728,0.004152468,0.0,-0.08327357,1.684479,-0.9987654,1.0,1.0,1.0,-0.1695012,-0.1829572,0.9683986,0.002216858,-0.001383003,-0.02898664,54.92222,3411.0,-0.175,-0.246
1.0,-0.109736,-0.1625141,1.000092,-0.2445333,-0.2313771,1.000145,-0.1771336,-0.1969447,1.000118,-0.002117634,-0.2245798,0.9744536,0.0,-0.01064304,0.9744055,0.2245456,0.0,0.9999412,0.009895667,0.004453659,0.0,1.016382,-1.65019,-0.2926776,1.0,-0.002117641,-0.01064307,0.999941,0.0,-0.2245797,0.9744054,0.009895635,0.0,0.9744533,0.2245456,0.004453643,0.0,-0.08324627,1.684491,-0.9986885,1.0,1.0,1.0,-0.1687618,-0.184013,0.9683278,0.002220017,-0.001382614,-0.02898669,54.93333,3412.0,-0.175,-0.246
1.0,-0.1099424,-0.1640243,1.000042,-0.2460597,-0.2314795,1.00006,-0.1780009,-0.1977516,1.000051,-0.002557158,-0.2241912,0.9745419,0.0,-0.01040737,0.9744982,0.2241539,0.0,0.9999427,0.009569228,0.004825234,0.0,1.015818,-1.65066,-0.2916749,1.0,-0.002557203,-0.01040739,0.9999425,0.0,-0.2241912,0.9744982,0.009569224,0.0,0.9745418,0.2241538,0.004825187,0.0,-0.08321634,1.684517,-0.998557,1.0,1.0,1.0,-0.1695405,-0.1847335,0.9680545,0.002219583,-0.001381073,-0.02898641,54.95556,3413.0,-0.175,-0.246
1.0,-0.1100381,-0.1644231,0.9999516,-0.2472913,-0.2317279,0.9999273,-0.1786651,-0.1980757,0.9999394,-0.002646208,-0.223763,0.97464,0.0,-0.0101926,0.9745988,0.2237259,0.0,0.9999446,0.009342089,0.004859686,0.0,1.015385,-1.65104,-0.2909306,1.0,-0.002646177,-0.01019259,0.9999446,0.0,-0.223763,0.9745988,0.009342087,0.0,0.9746399,0.2237259,0.004859717,0.0,-0.08320224,1.68454,-0.9984905,1.0,1.0,1.0,-0.1701546,-0.1850283,0.9678904,0.002219575,-0.001379364,-0.02898655,54.96667,3414.0,-0.175,-0.246
1.0,-0.1091786,-0.163636,1.000015,-0.2461696,-0.2317676,1.00003,-0.1776738,-0.1977017,1.000023,-0.002924204,-0.2232676,0.9747528,0.0,-0.01007808,0.974714,0.2232285,0.0,0.999945,0.00917089,0.005100369,0.0,1.015003,-1.651361,-0.2897615,1.0,-0.002924198,-0.0100781,0.9999449,0.0,-0.2232676,0.974714,0.00917087,0.0,0.9747528,0.2232285,0.005100371,0.0,-0.08328161,1.684517,-0.9983245,1.0,1.0,1.0,-0.1692465,-0.1847055,0.9681113,0.002218773,-0.001377686,-0.02898696,54.98889,3415.0,-0.175,-0.246
1.0,-0.1087044,-0.1639298,0.9999653,-0.2443935,-0.2315088,0.9999872,-0.1765486,-0.1977189,0.9999762,-0.003034115,-0.2232829,0.9747491,0.0,-0.0102862,0.9747089,0.2232417,0.0,0.9999427,0.00934916,0.005254149,0.0,1.015279,-1.651237,-0.2895764,1.0,-0.003034142,-0.01028624,0.9999423,0.0,-0.2232829,0.9747089,0.009349125,0.0,0.9747488,0.2232417,0.005254111,0.0,-0.08334819,1.684564,-0.9982616,1.0,1.0,1.0,-0.1682222,-0.1847619,0.968279,0.002216538,-0.001377739,-0.0289867,55.0,3416.0,-0.175,-0.246
1.0,-0.1091392,-0.1646056,1.00003,-0.2437303,-0.2317932,1.000018,-0.1764349,-0.1981997,1.000024,-0.002995968,-0.2231538,0.9747788,0.0,-0.01036996,0.9747375,0.2231125,0.0,0.9999419,0.009440012,0.005234361,0.0,1.015433,-1.651143,-0.2894293,1.0,-0.002995942,-0.01036999,0.9999416,0.0,-0.2231537,0.9747375,0.009439973,0.0,0.9747785,0.2231125,0.005234375,0.0,-0.08328713,1.684536,-0.9982719,1.0,1.0,1.0,-0.1680948,-0.1851954,0.9682184,0.002214005,-0.001376717,-0.02898586,55.01111,3417.0,-0.175,-0.246
1.0,-0.1088967,-0.1650022,0.9999743,-0.2462738,-0.231106,0.9999532,-0.1775855,-0.1980544,0.9999636,-0.002931952,-0.2230747,0.974797,0.0,-0.01051495,0.9747541,0.2230333,0.0,0.9999405,0.009596035,0.005203605,0.0,1.015461,-1.65101,-0.2891614,1.0,-0.002932,-0.01051498,0.9999403,0.0,-0.2230747,0.9747541,0.009596019,0.0,0.9747969,0.2230332,0.005203552,0.0,-0.08344752,1.684499,-0.9980524,1.0,1.0,1.0,-0.1691562,-0.1850402,0.9680632,0.002209716,-0.001376297,-0.02898487,55.03333,3418.0,-0.175,-0.246
1.0,-0.1083443,-0.1656092,1.000033,-0.2474156,-0.2310979,1.000072,-0.1778792,-0.1983529,1.000053,-0.00313735,-0.2232686,0.9747519,0.0,-0.01043972,0.9747109,0.2232256,0.0,0.9999406,0.009475805,0.005388856,0.0,1.015207,-1.651114,-0.2892845,1.0,-0.003137334,-0.01043972,0.9999405,0.0,-0.2232686,0.9747109,0.009475796,0.0,0.9747519,0.2232256,0.00538887,0.0,-0.08347627,1.684533,-0.9979422,1.0,1.0,1.0,-0.1693992,-0.1852877,0.9679733,0.002206696,-0.00137648,-0.02898485,55.04445,3419.0,-0.175,-0.246
1.0,-0.1074844,-0.1664231,1.000081,-0.247599,-0.2309202,1.000084,-0.1775416,-0.1986716,1.000082,-0.003189921,-0.2231363,0.9747822,0.0,-0.01014535,0.974744,0.2230944,0.0,0.9999436,0.009177901,0.00537312,0.0,1.014513,-1.651407,-0.2891729,1.0,-0.003189878,-0.01014539,0.9999434,0.0,-0.2231363,0.974744,0.009177851,0.0,0.9747819,0.2230944,0.005373152,0.0,-0.08337212,1.684505,-0.9977459,1.0,1.0,1.0,-0.1690766,-0.1855823,0.9679733,0.002206185,-0.00137648,-0.028985,55.06667,3420.0,-0.175,-0.246
1.0,-0.1067575,-0.1664518,1.000154,-0.2477932,-0.2303296,1.000165,-0.1772751,-0.1983905,1.00016,-0.003345609,-0.222887,0.9748386,0.0,-0.0103443,0.9747996,0.2228426,0.0,0.9999409,0.009338506,0.005566835,0.0,1.014761,-1.651316,-0.288726,1.0,-0.003345532,-0.01034431,0.9999409,0.0,-0.222887,0.9747995,0.009338482,0.0,0.9748385,0.2228426,0.005566909,0.0,-0.0832008,1.68454,-0.9976726,1.0,1.0,1.0,-0.1688291,-0.1853202,0.9680667,0.002205682,-0.001378052,-0.0289853,55.07778,3421.0,-0.175,-0.246
