flag,xl,yl,zl,xr,yr,zr,xc,yc,zc,mat_00,mat_10,mat_20,mat_30,mat_01,mat_11,mat_21,mat_31,mat_02,mat_12,mat_22,mat_32,mat_03,mat_13,mat_23,mat_33,ctw_00,ctw_10,ctw_20,ctw_30,ctw_01,ctw_11,ctw_21,ctw_31,ctw_02,ctw_12,ctw_22,ctw_32,ctw_03,ctw_13,ctw_23,ctw_33,opennessl,opennessr,ray_x,ray_y,ray_z,eye_x,eye_y,eye_z,time,frame
25,0.03784624,-0.07943747,1.000014,0.01757511,0.02936251,1.000021,0.02771067,-0.02503767,1.000017,-0.9991062,0.03742353,0.01965545,0,0.03877458,0.9965361,0.07356859,0,0.01683417,-0.07426497,0.9970964,0,-0.5482395,-1.727177,0.8652914,1,-0.9991062,0.03877458,0.01683418,0,0.03742353,0.9965361,-0.07426497,0,0.01965545,0.0735686,0.9970965,0,-0.5001202,1.678793,-0.9818187,1,1.0,1.0,0.03066928,-0.0242133,0.9992363,-0.00360382,-0.0003150711,-0.02023766,36.22222,2256
25,0.03927363,-0.08006005,0.9999924,0.01624206,0.03145603,0.9999859,0.02775783,-0.02430189,0.9999892,-0.9990975,0.03757598,0.0198063,0,0.03893819,0.9965282,0.07358899,0,0.01697236,-0.0742938,0.997092,0,-0.5482975,-1.727154,0.8653438,1,-0.9990975,0.03893819,0.01697235,0,0.03757598,0.9965281,-0.07429378,0,0.0198063,0.07358899,0.9970919,0,-0.5000424,1.678827,-0.9818381,1,1.0,1.0,0.03072038,-0.02348097,0.9992521,-0.003606673,-0.0003288193,-0.02021244,36.23333,2257
25,0.03984897,-0.07973692,1.000025,0.01632127,0.03043306,1.000042,0.02808504,-0.0246524,1.000033,-0.9990963,0.03747961,0.02005413,0,0.03885541,0.9965531,0.07329501,0,0.01723794,-0.07400797,0.9971088,0,-0.5479918,-1.7269,0.865876,1,-0.9990961,0.0388554,0.01723793,0,0.03747961,0.996553,-0.07400797,0,0.02005412,0.07329499,0.9971085,0,-0.5001373,1.678775,-0.9817305,1,1.0,1.0,0.0310379,-0.02382222,0.9992343,-0.003605613,-0.0003294601,-0.02021137,36.25556,2258
25,0.0596393,-0.06086887,0.999983,0.01521508,0.02994273,0.9999854,0.03742724,-0.01546302,0.9999841,-0.9991024,0.03740014,0.01990233,0,0.03876581,0.9965527,0.07334778,0,0.01709051,-0.07405346,0.997108,0,-0.5480315,-1.726978,0.8657219,1,-0.999102,0.0387658,0.0170905,0,0.03740013,0.9965527,-0.07405345,0,0.01990233,0.07334778,0.9971077,0,-0.5001801,1.678771,-0.9817405,1,1.0,1.0,0.04011343,-0.01481023,0.9990854,-0.00354135,-0.0003381348,-0.02039602,36.26667,2259
25,0.03774494,-0.07762976,0.9999741,0.01530823,0.02881064,0.9999781,0.02652658,-0.02440987,0.9999762,-0.9991078,0.0372005,0.01999159,0,0.03857379,0.996558,0.07337679,0,0.01719313,-0.07408248,0.9971039,0,-0.5476947,-1.727085,0.8657214,1,-0.9991079,0.03857378,0.01719313,0,0.0372005,0.9965581,-0.07408249,0,0.01999159,0.07337679,0.9971039,0,-0.5002649,1.678743,-0.9817442,1,1.0,1.0,0.0295197,-0.02357999,0.999286,-0.003611001,-0.0003365784,-0.02022312,36.28889,2260
25,0.03708875,-0.07921828,0.9999894,0.01698953,0.02755432,0.9999939,0.02703914,-0.02583221,0.9999917,-0.9991165,0.0370763,0.01979643,0,0.03843551,0.9965631,0.07338054,0,0.01700771,-0.07407659,0.9971077,0,-0.5476767,-1.727138,0.8656245,1,-0.9991162,0.0384355,0.0170077,0,0.0370763,0.9965631,-0.07407658,0,0.01979642,0.07338054,0.9971073,0,-0.500293,1.678732,-0.9817463,1,1.0,1.0,0.03001785,-0.02497153,0.9992374,-0.003608949,-0.0003365784,-0.02022314,36.3,2261
25,0.036687,-0.08585487,1.000002,0.01708471,0.02852646,0.9999996,0.02688598,-0.0286641,1.000001,-0.9991201,0.03700725,0.0197462,0,0.03836343,0.9965636,0.07341117,0,0.0169616,-0.07410409,0.9971064,0,-0.5476189,-1.727185,0.8655459,1,-0.9991197,0.03836343,0.01696159,0,0.03700724,0.9965637,-0.07410409,0,0.01974619,0.07341115,0.9971061,0,-0.5003097,1.678718,-0.9817441,1,1.0,1.0,0.02986865,-0.02775846,0.9991683,-0.003611848,-0.0003219376,-0.0202079,36.31111,2262
25,0.03704539,-0.08679251,1.000004,0.01725927,0.0290799,0.9999912,0.02715247,-0.02885589,0.9999975,-0.9991344,0.03661869,0.01973644,0,0.03798422,0.9965388,0.07394415,0,0.01696039,-0.07462981,0.9970671,0,-0.5468883,-1.727869,0.8646259,1,-0.9991344,0.03798422,0.01696039,0,0.03661869,0.9965388,-0.07462982,0,0.01973644,0.07394414,0.997067,0,-0.5002072,1.678728,-0.9817652,1,1.0,1.0,0.03012839,-0.02794718,0.9991552,-0.003610786,-0.0003204346,-0.0202104,36.33334,2263
25,0.0368773,-0.08831023,1.000061,0.01848109,0.02892525,1.000035,0.02767943,-0.02969166,1.000048,-0.9991397,0.03657588,0.01954746,0,0.03793185,0.9965211,0.07420807,0,0.01676523,-0.0748857,0.9970512,0,-0.5469573,-1.72807,0.864027,1,-0.9991397,0.03793185,0.01676523,0,0.03657588,0.9965211,-0.07488568,0,0.01954746,0.07420806,0.9970511,0,-0.5001705,1.678688,-0.9817169,1,1.0,1.0,0.03063891,-0.02876324,0.9991166,-0.003607849,-0.0003199311,-0.02021082,36.34444,2264
25,0.03673606,-0.08842029,0.9998936,0.01961418,0.02874621,0.9998804,0.02817523,-0.02983657,0.9998869,-0.9991391,0.03640603,0.01990075,0,0.03779222,0.9965121,0.07440108,0,0.01712269,-0.07508911,0.9970299,0,-0.5463192,-1.728341,0.8640136,1,-0.9991387,0.03779222,0.01712268,0,0.03640602,0.9965121,-0.0750891,0,0.01990074,0.07440107,0.9970297,0,-0.5001211,1.678676,-0.9818723,1,1.0,1.0,0.03112555,-0.02890853,0.9990973,-0.003604393,-0.0003213272,-0.02020198,36.36667,2265
25,0.03657023,-0.09166019,1.000008,0.02287492,0.03042886,0.9999648,0.02972307,-0.03061449,0.999986,-0.999139,0.03641998,0.01988004,0,0.03781065,0.9964848,0.07475508,0,0.01708758,-0.07544238,0.9970039,0,-0.5464008,-1.728655,0.8634075,1,-0.9991387,0.03781064,0.01708757,0,0.03641997,0.9964848,-0.07544237,0,0.01988003,0.07475507,0.9970036,0,-0.5001372,1.678694,-0.9818975,1,1.0,1.0,0.03263202,-0.0296507,0.9990276,-0.003597634,-0.0003384781,-0.0201235,36.37778,2266
25,0.0566013,-0.1308658,0.9999875,0.02439485,0.03280633,0.9999849,0.04049814,-0.04902966,0.9999862,-0.99913,0.03644143,0.0202813,0,0.03786228,0.9964831,0.07475176,0,0.01748592,-0.07545462,0.9969959,0,-0.5461678,-1.728628,0.863673,1,-0.9991299,0.03786227,0.01748592,0,0.03644143,0.996483,-0.07545462,0,0.0202813,0.07475176,0.9969959,0,-0.5002153,1.678667,-0.9819613,1,1.0,1.0,0.04313176,-0.04762054,0.9979339,-0.003568536,-0.0003773651,-0.01957662,36.4,2267
25,0.08498652,-0.1960742,1.000015,0.02508947,0.03352994,0.9999734,0.05503797,-0.08126976,0.9999943,-0.9991174,0.03660962,0.02059529,0,0.0380553,0.9964691,0.07484002,0,0.01778271,-0.07555772,0.9969829,0,-0.546193,-1.728635,0.8637004,1,-0.9991175,0.0380553,0.01778271,0,0.03660962,0.9964691,-0.07555772,0,0.02059529,0.07484,0.9969828,0,-0.5002145,1.678678,-0.9819933,1,1.0,1.0,0.05717854,-0.07905837,0.9952288,-0.00351349,-0.0003130265,-0.01913151,36.41111,2268
25,0.07923034,-0.1952114,1.000022,0.02505973,0.03529336,0.9999643,0.05214509,-0.07995582,0.999993,-0.9991137,0.036636,0.02073274,0,0.03809584,0.9964515,0.07505375,0,0.01790951,-0.07577705,0.996964,0,-0.5461462,-1.728827,0.8634232,1,-0.9991136,0.03809584,0.0179095,0,0.036636,0.9964516,-0.07577705,0,0.02073275,0.07505375,0.9969639,0,-0.5002259,1.678695,-0.9820259,1,1.0,1.0,0.05437216,-0.07778759,0.9954862,-0.003517357,-0.0003233109,-0.01911326,36.42222,2269
25,0.08097324,-0.1989451,1.000006,0.02544384,0.03602006,1.000029,0.05320855,-0.08146374,1.000017,-0.9991175,0.03644787,0.02088112,0,0.03791536,0.9964754,0.07482766,0,0.01808022,-0.07555333,0.9969779,0,-0.545788,-1.728699,0.8638552,1,-0.9991174,0.03791536,0.01808021,0,0.03644788,0.9964755,-0.07555332,0,0.02088112,0.07482765,0.9969777,0,-0.5003371,1.678659,-0.9819853,1,1.0,1.0,0.05539844,-0.07924805,0.9953144,-0.00351349,-0.0003227463,-0.01907584,36.44445,2270
25,0.07908798,-0.2005083,0.9999586,0.02517103,0.03614424,0.9999546,0.05212951,-0.08218192,0.9999567,-0.9991212,0.03639042,0.0208021,0,0.03785279,0.9964749,0.07486645,0,0.01800435,-0.07558807,0.9969767,0,-0.5457839,-1.728782,0.8637918,1,-0.999121,0.03785278,0.01800435,0,0.03639041,0.9964749,-0.07558805,0,0.0208021,0.07486644,0.9969764,0,-0.5003617,1.678678,-0.9820288,1,1.0,1.0,0.05435156,-0.07995148,0.9953159,-0.003517357,-0.0003259888,-0.019076,36.45555,2271
25,0.0737325,-0.1972959,1.000008,0.02415388,0.03609723,0.9999814,0.04894319,-0.08059772,0.9999948,-0.9991267,0.03628123,0.02072858,0,0.03773842,0.9964789,0.0748716,0,0.01793916,-0.07558846,0.9969778,0,-0.545658,-1.728831,0.8637446,1,-0.9991265,0.03773842,0.01793916,0,0.03628123,0.9964789,-0.07558846,0,0.02072858,0.07487158,0.9969777,0,-0.5003614,1.678666,-0.9820251,1,1.0,1.0,0.05124133,-0.07846513,0.9955991,-0.003518349,-0.0002644882,-0.01931201,36.47778,2272
25,0.07371584,-0.1971526,0.9999371,0.02109292,0.03583372,0.9999318,0.04740433,-0.08065914,0.9999346,-0.9991347,0.03606062,0.02072804,0,0.03751878,0.9964854,0.07489503,0,0.01795443,-0.0756079,0.996976,0,-0.54526,-1.728938,0.8637708,1,-0.9991345,0.03751878,0.01795443,0,0.03606062,0.9964854,-0.07560791,0,0.02072804,0.07489502,0.9969759,0,-0.5003458,1.678627,-0.9820903,1,1.0,1.0,0.04974227,-0.07854076,0.9956691,-0.003517357,-0.0002567368,-0.01934098,36.48889,2273
25,0.07514946,-0.1930125,1.000029,0.02090921,0.03532602,0.9999893,0.04802936,-0.07884083,1.000009,-0.9991497,0.03584083,0.020381,0,0.03727899,0.9964702,0.07521577,0,0.01761327,-0.0759116,0.9969591,0,-0.5451738,-1.729315,0.8630783,1,-0.9991496,0.03727899,0.01761326,0,0.03584083,0.9964702,-0.07591158,0,0.020381,0.07521577,0.9969589,0,-0.5003205,1.678617,-0.9821263,1,1.0,1.0,0.05035108,-0.07677791,0.9957761,-0.003516357,-0.0002419586,-0.01939143,36.51111,2274
25,0.02168463,-0.09471128,0.9999794,0.02116499,0.0359285,0.9999688,0.02142494,-0.02939097,0.9999743,-0.9991516,0.0358896,0.02020543,0,0.03731582,0.9964622,0.07530282,0,0.01743136,-0.07599291,0.9969561,0,-0.5454276,-1.729337,0.8628662,1,-0.9991513,0.03731582,0.01743136,0,0.0358896,0.9964623,-0.0759929,0,0.02020543,0.07530282,0.9969559,0,-0.500334,1.678596,-0.9821493,1,1.0,1.0,0.02452048,-0.02849419,0.9992931,-0.003608764,-0.0003011933,-0.02022831,36.52222,2275
25,0.02639818,-0.09382632,0.9999205,0.02141623,0.03627817,0.9999053,0.0239074,-0.02877361,0.9999129,-0.9991562,0.0358249,0.02008474,0,0.0372443,0.9964554,0.07542808,0,0.01731135,-0.07611247,0.996949,0,-0.5455235,-1.729446,0.8626762,1,-0.9991562,0.0372443,0.01731135,0,0.0358249,0.9964555,-0.07611248,0,0.02008474,0.07542808,0.996949,0,-0.5004326,1.678564,-0.9822329,1,1.0,1.0,0.02693516,-0.02787866,0.9992483,-0.003591331,-0.0003118973,-0.02024105,36.53333,2276
25,0.02623801,-0.09144513,0.9999931,0.02094978,0.03271597,0.999967,0.02359418,-0.02936393,0.9999801,-0.9991654,0.03556003,0.02010549,0,0.03698912,0.9964327,0.07585344,0,0.01733641,-0.07653382,0.9969163,0,-0.5451167,-1.729909,0.8620126,1,-0.9991652,0.03698912,0.01733641,0,0.03556003,0.9964327,-0.0765338,0,0.02010548,0.07585345,0.9969162,0,-0.5004772,1.678515,-0.9823005,1,1.0,1.0,0.02661858,-0.02848549,0.9992397,-0.003585762,-0.0002781983,-0.02033173,36.55556,2277
25,0.02311167,-0.09248678,0.9999917,0.02118533,0.03665905,0.9999739,0.0221487,-0.02791326,0.9999829,-0.9991611,0.0356165,0.02021889,0,0.03705642,0.9964201,0.07598481,0,0.0174402,-0.07667029,0.996904,0,-0.5451208,-1.730016,0.8618602,1,-0.9991608,0.03705641,0.01744019,0,0.0356165,0.9964202,-0.07667029,0,0.02021888,0.07598478,0.9969038,0,-0.5004721,1.678535,-0.9823256,1,1.0,1.0,0.02520527,-0.02703716,0.9993166,-0.003583999,-0.0003109131,-0.02024105,36.56667,2278
25,0.01880284,-0.09727172,0.9999424,0.02118449,0.03709849,0.999943,0.01999366,-0.03008673,0.9999428,-0.9991614,0.03562088,0.02019892,0,0.03706405,0.9963989,0.07625987,0,0.01740973,-0.07694456,0.9968835,0,-0.5450798,-1.73024,0.8614529,1,-0.9991611,0.03706405,0.01740973,0,0.03562087,0.9963989,-0.07694454,0,0.02019891,0.07625987,0.9968832,0,-0.5003904,1.678517,-0.9824107,1,1.0,1.0,0.0230944,-0.02918014,0.9993073,-0.003583291,-0.000296875,-0.02024474,36.58889,2279
25,0.02770844,-0.1119166,0.999999,0.02133964,0.03724916,0.9999657,0.02452441,-0.03733261,0.9999824,-0.9991624,0.03557778,0.02021346,0,0.03702607,0.9963833,0.07648153,0,0.01741931,-0.07716589,0.9968661,0,-0.5450192,-1.730449,0.8610972,1,-0.9991625,0.03702607,0.01741931,0,0.03557778,0.9963833,-0.07716589,0,0.02021346,0.07648152,0.996866,0,-0.500403,1.678512,-0.9824364,1,1.0,1.0,0.0274916,-0.03629233,0.9989631,-0.003552337,-0.0002684937,-0.02023937,36.6,2280
25,-0.145167,0.1263662,0.9999676,0.01854771,0.03718062,0.9999729,-0.06331,0.08177361,0.9999701,-0.9991608,0.03558657,0.02028763,0,0.03703884,0.9963903,0.07638326,0,0.01749618,-0.07707057,0.9968722,0,-0.5450557,-1.730284,0.861351,1,-0.9991605,0.03703884,0.01749618,0,0.03558657,0.9963903,-0.07707058,0,0.02028763,0.07638326,0.9968721,0,-0.5004981,1.678434,-0.9824744,1,1.0,1.0,-0.05781519,0.08082345,0.9950503,-0.004066216,-0.001047424,-0.01966887,36.62222,2281
25,0.06208295,0.01494079,0.9999558,0.01755375,0.03702017,0.9999592,0.03981833,0.02598049,0.9999577,-0.9991707,0.03535231,0.02020533,0,0.0367992,0.9963979,0.07640135,0,0.01743158,-0.07708152,0.9968724,0,-0.544864,-1.730439,0.8613183,1,-0.9991707,0.0367992,0.01743158,0,0.03535231,0.9963978,-0.07708152,0,0.02020533,0.07640134,0.9968724,0,-0.5006403,1.67845,-0.9825115,1,1.0,1.0,0.04245009,0.02620825,0.9987547,-0.003515868,-0.0007743989,-0.01959538,36.63334,2282
25,0.04655481,-0.0608323,0.9999648,0.01734776,0.0361847,0.9999613,0.03195132,-0.0123238,0.999963,-0.9991683,0.03544591,0.02015694,0,0.03688973,0.9963905,0.07645401,0,0.0173742,-0.07713401,0.9968693,0,-0.5451892,-1.730396,0.8612386,1,-0.9991684,0.03688973,0.0173742,0,0.03544592,0.9963905,-0.07713401,0,0.02015695,0.07645403,0.9968694,0,-0.5007603,1.678417,-0.9825425,1,1.0,1.0,0.03480328,-0.01152624,0.9993277,-0.003556571,-0.0005642853,-0.01959538,36.64444,2283
25,0.05715605,-0.1365089,0.9999825,0.01739897,0.03653428,1.000028,0.03727736,-0.0499892,1.000005,-0.9991777,0.03515669,0.02021149,0,0.03660215,0.9964159,0.07626124,0,0.01745795,-0.07693829,0.9968833,0,-0.5448191,-1.730413,0.8615931,1,-0.9991772,0.03660214,0.01745795,0,0.03515669,0.9964158,-0.07693828,0,0.02021148,0.07626121,0.9968828,0,-0.5009493,1.678446,-0.9825309,1,1.0,1.0,0.03995774,-0.04856118,0.9980207,-0.003538314,-0.0003862382,-0.01943929,36.66667,2284
25,0.06098527,-0.1627203,0.9999759,0.01738193,0.03653295,1.000001,0.0391835,-0.06309486,0.9999885,-0.9991797,0.03501568,0.02035299,0,0.03646952,0.9964332,0.07609781,0,0.01761578,-0.07677763,0.9968928,0,-0.5444529,-1.730345,0.8619554,1,-0.9991793,0.03646952,0.01761577,0,0.03501568,0.9964333,-0.07677762,0,0.02035299,0.07609779,0.9968924,0,-0.5009603,1.678436,-0.9825376,1,1.0,1.0,0.04178341,-0.06140834,0.9972378,-0.003528205,-0.0003228684,-0.01940196,36.67778,2285
25,0.06153769,-0.1747722,0.9999572,0.01728579,0.03607836,0.9999751,0.03941173,-0.06934799,0.9999662,-0.9991822,0.03504831,0.02016966,0,0.03648731,0.9964355,0.07605901,0,0.01743203,-0.07673273,0.9968995,0,-0.5447365,-1.730283,0.8619591,1,-0.999182,0.0364873,0.01743202,0,0.0350483,0.9964354,-0.07673272,0,0.02016966,0.07605899,0.9968991,0,-0.5010328,1.678431,-0.9825597,1,1.0,1.0,0.0419921,-0.06752479,0.9968334,-0.003527763,-0.0002995605,-0.01935755,36.68889,2286
25,0.06067951,-0.1803192,0.9999809,0.02000281,0.03610008,1.0,0.04034106,-0.07211062,0.9999907,-0.999182,0.03503612,0.0201999,0,0.03647419,0.9964502,0.07587165,0,0.01746995,-0.07654636,0.9969131,0,-0.5446214,-1.73019,0.86234,1,-0.9991819,0.03647418,0.01746995,0,0.03503612,0.9964502,-0.07654634,0,0.0201999,0.07587165,0.9969128,0,-0.5009758,1.678486,-0.9826031,1,1.0,1.0,0.04288102,-0.07022404,0.9966092,-0.003518295,-0.0002843475,-0.01935793,36.71111,2287
25,0.06152754,-0.180565,0.9999769,0.02017815,0.0365445,1.00001,0.04085276,-0.07201191,0.9999931,-0.9991814,0.03512936,0.02006316,0,0.03655324,0.9964625,0.07567241,0,0.01733386,-0.07634384,0.9969308,0,-0.5449439,-1.729937,0.8626418,1,-0.9991814,0.03655324,0.01733387,0,0.03512936,0.9964626,-0.07634383,0,0.02006316,0.07567242,0.9969309,0,-0.5010335,1.678459,-0.9826183,1,1.0,1.0,0.04338005,-0.07012897,0.9965943,-0.003518043,-0.0002823105,-0.01935811,36.73333,2288
25,0.05756926,-0.1795501,1.000018,0.02022548,0.03670218,0.9999641,0.03889761,-0.07142103,0.9999909,-0.999181,0.0351631,0.02002745,0,0.03658861,0.9964417,0.07592908,0,0.01728629,-0.07659966,0.9969121,0,-0.5450823,-1.730132,0.8622003,1,-0.9991808,0.03658861,0.01728629,0,0.03516309,0.9964417,-0.07659966,0,0.02002745,0.07592907,0.996912,0,-0.5010667,1.678453,-0.9826429,1,1.0,1.0,0.04148227,-0.06955916,0.996715,-0.00352736,-0.000282074,-0.01937167,36.74445,2289
25,0.05509259,-0.1728732,0.9999326,0.02082648,0.03689242,0.9999456,0.03795942,-0.06799105,0.9999392,-0.9991795,0.03515356,0.02011466,0,0.03658438,0.996448,0.07584868,0,0.01737686,-0.07652233,0.9969164,0,-0.5449452,-1.73009,0.8624423,1,-0.9991795,0.03658438,0.01737686,0,0.03515356,0.996448,-0.07652233,0,0.02011466,0.07584869,0.9969164,0,-0.501027,1.678466,-0.9827039,1,1.0,1.0,0.04057365,-0.06622262,0.9969796,-0.003526192,-0.0002799607,-0.01944944,36.75556,2290
25,0.04656429,-0.1024742,0.9999527,0.0208285,0.03703597,0.9999831,0.03369615,-0.03272012,0.9999679,-0.9991825,0.03508496,0.02009121,0,0.03651059,0.9964663,0.07564346,0,0.01736626,-0.07631516,0.9969326,0,-0.5447418,-1.729889,0.8628763,1,-0.9991823,0.03651059,0.01736626,0,0.03508495,0.9964662,-0.07631513,0,0.0200912,0.07564345,0.9969323,0,-0.5009395,1.678394,-0.9827858,1,1.0,1.0,0.03642119,-0.03176787,0.9988315,-0.003504631,-0.0002730866,-0.02024072,36.77778,2291
25,-0.1004668,0.1869951,1.000071,0.02086402,0.03691238,1.000063,-0.03980096,0.1119534,1.000067,-0.9991796,0.03522738,0.01997971,0,0.03664479,0.9964584,0.07568199,0,0.01724287,-0.07635205,0.9969319,0,-0.5451317,-1.729874,0.8626887,1,-0.9991796,0.03664479,0.01724287,0,0.03522738,0.9964585,-0.07635205,0,0.01997971,0.07568198,0.9969317,0,-0.5009818,1.678434,-0.9827215,1,1.0,1.0,-0.03490705,0.1105979,0.993252,-0.004001128,-0.001473366,-0.0185896,36.78889,2292
25,-0.01300049,0.05877272,1.000073,0.02086418,0.0369125,1.000063,0.003932016,0.04784242,1.000068,-0.9991738,0.03539655,0.01998091,0,0.03681104,0.9964635,0.07553483,0,0.01723657,-0.07620793,0.9969431,0,-0.5455165,-1.729619,0.8629066,1,-0.9991735,0.03681104,0.01723657,0,0.03539654,0.9964635,-0.07620791,0,0.0199809,0.07553482,0.9969428,0,-0.5010847,1.678403,-0.9826764,1,1.0,1.0,0.007521851,0.04790248,0.9988237,-0.003742447,-0.001031754,-0.01901577,36.81111,2293
25,0.05217215,-0.06817939,0.9999942,0.02084462,0.03700442,0.9999905,0.03650836,-0.01558743,0.9999923,-0.9991688,0.03550639,0.0200343,0,0.03692499,0.9964578,0.07555373,0,0.0172807,-0.07623069,0.9969405,0,-0.5456803,-1.729591,0.8629091,1,-0.9991685,0.03692498,0.0172807,0,0.0355064,0.9964579,-0.07623069,0,0.0200343,0.07555375,0.9969405,0,-0.5011029,1.678418,-0.9826872,1,1.0,1.0,0.0392449,-0.01472658,0.9991211,-0.003536049,-0.0005608521,-0.01948528,36.82222,2294
25,0.05928052,-0.1209474,0.9998813,0.02055836,0.03766259,0.9999084,0.03991928,-0.04164353,0.9998949,-0.9991649,0.03563558,0.01999008,0,0.0370477,0.9964653,0.07539452,0,0.0172327,-0.07607215,0.9969535,0,-0.5458224,-1.729477,0.8632641,1,-0.9991649,0.0370477,0.01723269,0,0.03563558,0.9964653,-0.07607213,0,0.01999008,0.0753945,0.9969532,0,-0.5009924,1.6785,-0.9827929,1,1.0,1.0,0.04254744,-0.04037774,0.9982783,-0.003527504,-0.0004123994,-0.01948468,36.83334,2295
25,0.04853682,-0.1524258,0.9999288,0.02057732,0.03791698,0.9999659,0.03455683,-0.05725604,0.9999475,-0.9991765,0.0353277,0.01996626,0,0.03672874,0.9965212,0.07481034,0,0.01725392,-0.07548206,0.9969981,0,-0.5452126,-1.729194,0.864368,1,-0.9991761,0.03672873,0.01725392,0,0.0353277,0.9965212,-0.07548204,0,0.01996625,0.07481033,0.9969977,0,-0.5009332,1.678539,-0.9828889,1,1.0,1.0,0.03729636,-0.05573177,0.9977489,-0.003552421,-0.0003099976,-0.01954588,36.85556,2296
25,0.03143412,-0.1300675,0.9999285,0.02175999,0.03760903,0.9999467,0.02659682,-0.04623,0.9999377,-0.999173,0.03535843,0.02008452,0,0.03676624,0.9965287,0.0746913,0,0.01737383,-0.07536794,0.9970046,0,-0.5450893,-1.729128,0.8646944,1,-0.9991727,0.03676623,0.01737382,0,0.03535842,0.9965287,-0.07536794,0,0.02008451,0.07469128,0.9970042,0,-0.5008661,1.678581,-0.9829544,1,1.0,1.0,0.02955231,-0.04498288,0.9985505,-0.003583902,-0.0002913971,-0.01984118,36.86667,2297
25,0.02160393,-0.1050999,1.000016,0.02056377,0.03792287,1.0,0.02108405,-0.03358795,1.000008,-0.9991907,0.03475096,0.02025677,0,0.03617677,0.9965358,0.07488445,0,0.01758429,-0.07555667,0.9969865,0,-0.5440022,-1.729568,0.8644913,1,-0.9991906,0.03617677,0.01758429,0,0.03475095,0.9965357,-0.07555667,0,0.02025677,0.07488445,0.9969864,0,-0.5009696,1.67852,-0.9830006,1,1.0,1.0,0.02417529,-0.0326063,0.9991758,-0.003597451,-0.0002990189,-0.02009008,36.88889,2298
25,0.02834584,-0.09118556,0.9999775,0.02029258,0.03757461,0.9999387,0.0243197,-0.02680424,0.9999582,-0.999186,0.03487696,0.02027036,0,0.03630875,0.9965084,0.0751844,0,0.01757739,-0.0758592,0.9969636,0,-0.5442536,-1.729769,0.8640223,1,-0.999186,0.03630875,0.01757738,0,0.03487696,0.9965084,-0.0758592,0,0.02027037,0.0751844,0.9969636,0,-0.5009955,1.67853,-0.983051,1,1.0,1.0,0.02732356,-0.02595228,0.9992897,-0.003574387,-0.0003108826,-0.02019044,36.9,2299
25,0.02246763,-0.08809905,0.9999447,0.02022989,0.03815448,0.9999328,0.02134886,-0.02497216,0.9999387,-0.9991829,0.0348462,0.02047904,0,0.03629659,0.9964975,0.07533504,0,0.01778217,-0.0760168,0.9969481,0,-0.5440484,-1.729907,0.8640112,1,-0.9991828,0.03629659,0.01778217,0,0.03484619,0.9964975,-0.07601679,0,0.02047904,0.07533503,0.9969478,0,-0.5010173,1.678505,-0.9832017,1,1.0,1.0,0.02442624,-0.02416796,0.9994095,-0.003585625,-0.0003014221,-0.02026487,36.92222,2300
25,0.02228129,-0.09066825,0.9998963,0.01984801,0.03789793,0.9998951,0.02106468,-0.02638509,0.9998958,-0.9991723,0.03497883,0.02077015,0,0.0364509,0.9964923,0.07532895,0,0.01806238,-0.07602369,0.9969425,0,-0.5439458,-1.729855,0.8642726,1,-0.9991721,0.03645089,0.01806237,0,0.03497882,0.9964923,-0.07602368,0,0.02077014,0.07532895,0.9969422,0,-0.5009382,1.67851,-0.9833148,1,1.0,1.0,0.02414829,-0.0255607,0.9993816,-0.003585907,-0.0002931138,-0.02027003,36.93333,2301
25,0.02206427,-0.09050167,0.9999344,0.02008644,0.03811835,0.9999369,0.02107536,-0.02619172,0.9999356,-0.9991709,0.03491843,0.02093339,0,0.03640258,0.9964961,0.07530203,0,0.01823061,-0.07600162,0.9969411,0,-0.5437082,-1.729822,0.8644656,1,-0.999171,0.03640258,0.01823061,0,0.03491843,0.9964961,-0.07600161,0,0.02093338,0.07530202,0.9969409,0,-0.5009509,1.678457,-0.9833782,1,1.0,1.0,0.02415792,-0.02536906,0.9993863,-0.003586045,-0.0002938691,-0.02027873,36.94445,2302
25,0.02184761,-0.08977156,0.9999651,0.02204012,0.03740481,0.9999231,0.02194442,-0.02618202,0.9999441,-0.9991641,0.035023,0.02108049,0,0.03652952,0.9964442,0.07592408,0,0.01834644,-0.07663068,0.9968908,0,-0.5438177,-1.73034,0.8635834,1,-0.9991642,0.03652952,0.01834644,0,0.03502301,0.9964443,-0.07663068,0,0.02108049,0.07592409,0.9968907,0,-0.5009663,1.678486,-0.9835183,1,1.0,1.0,0.02500835,-0.02535539,0.9993656,-0.003586175,-0.0002981263,-0.02028368,36.96667,2303
25,-0.006931596,0.06353709,0.9998895,0.01995682,0.03725803,0.9999026,0.00651232,0.05039762,0.9998959,-0.9991614,0.03505873,0.02116104,0,0.03657933,0.9964093,0.07635759,0,0.01840806,-0.0770676,0.9968561,0,-0.5438202,-1.730674,0.8629445,1,-0.999161,0.03657932,0.01840806,0,0.03505872,0.9964092,-0.07706758,0,0.02116104,0.07635757,0.9968557,0,-0.5009496,1.678459,-0.9835994,1,1.0,1.0,0.01005573,0.05045629,0.9986757,-0.00374611,-0.001075501,-0.01889274,36.97778,2304
25,0.07105829,-0.06659593,0.9999387,0.02069853,0.03724216,0.9999312,0.04587847,-0.0146766,0.9999349,-0.9991466,0.03546846,0.02117579,0,0.03699595,0.9963652,0.07673054,0,0.01837731,-0.07744846,0.9968271,0,-0.5444328,-1.730737,0.8624262,1,-0.9991463,0.03699594,0.0183773,0,0.03546845,0.9963653,-0.07744845,0,0.02117578,0.07673053,0.9968268,0,-0.5008439,1.678414,-0.9837273,1,1.0,1.0,0.04837553,-0.01380307,0.9987339,-0.003494997,-0.0005897599,-0.01939909,37.0,2305
25,0.04776256,-0.1155674,1.00005,0.01923334,0.03613918,0.9999964,0.03349821,-0.03971206,1.000023,-0.9991469,0.03553517,0.0210454,0,0.03705944,0.9963331,0.07711714,0,0.01822786,-0.07783128,0.9968001,0,-0.5445903,-1.731005,0.8616729,1,-0.9991467,0.03705944,0.01822785,0,0.03553516,0.996333,-0.07783125,0,0.0210454,0.07711712,0.9967997,0,-0.5007483,1.67839,-0.9837149,1,1.0,1.0,0.03628783,-0.03847387,0.9986004,-0.003549699,-0.0004328003,-0.01949355,37.01111,2306
25,0.02367646,-0.1288916,0.999944,0.02104671,0.03615608,0.999941,0.02236162,-0.0463676,0.9999425,-0.9991418,0.03566002,0.02108159,0,0.03718704,0.9963271,0.07713247,0,0.01825361,-0.07785022,0.9967982,0,-0.5447272,-1.730944,0.8617229,1,-0.9991413,0.03718703,0.0182536,0,0.03566001,0.9963271,-0.0778502,0,0.02108158,0.07713244,0.9967977,0,-0.5007005,1.678377,-0.9837745,1,1.0,1.0,0.02541587,-0.04510075,0.9986591,-0.003591333,-0.0003143463,-0.01981607,37.02222,2307
25,0.01697299,-0.09497803,0.9999486,0.0200213,0.03418677,0.9999413,0.01849725,-0.0303954,0.9999449,-0.9991479,0.03558203,0.02091685,0,0.03709992,0.9963155,0.07732438,0,0.01808843,-0.07803449,0.9967866,0,-0.5448226,-1.731165,0.8614259,1,-0.9991478,0.03709992,0.01808842,0,0.03558203,0.9963155,-0.07803449,0,0.02091685,0.07732437,0.9967865,0,-0.5007782,1.67839,-0.9838932,1,1.0,1.0,0.02163477,-0.02946508,0.9993317,-0.003587585,-0.0003174973,-0.02017153,37.04445,2308
25,0.01517189,-0.09903292,0.9999382,0.0202463,0.03582604,0.9999456,0.01770891,-0.03160367,0.9999419,-0.9991419,0.03590273,0.02065179,0,0.03739802,0.9963087,0.07726826,0,0.01780142,-0.07797429,0.9967965,0,-0.5455775,-1.730966,0.8614486,1,-0.9991418,0.03739802,0.01780142,0,0.03590272,0.9963087,-0.07797428,0,0.02065179,0.07726826,0.9967964,0,-0.5007533,1.678417,-0.9839478,1,1.0,1.0,0.02086156,-0.0306465,0.9993126,-0.003586845,-0.0003192978,-0.02017153,37.05556,2309
25,0.0178513,-0.09407298,0.9999292,0.02027834,0.03554896,0.9999537,0.01906447,-0.02926283,0.9999413,-0.9991498,0.0359396,0.02020704,0,0.03739544,0.9963295,0.07700073,0,0.01736549,-0.07769091,0.9968264,0,-0.5461397,-1.730695,0.8618135,1,-0.9991495,0.03739544,0.01736549,0,0.03593959,0.9963295,-0.0776909,0,0.02020703,0.07700072,0.9968262,0,-0.5008894,1.678405,-0.9840535,1,1.0,1.0,0.02218361,-0.02835335,0.9993518,-0.003581566,-0.0003187713,-0.02023667,37.07778,2310
25,0.01904662,-0.09287225,0.9999717,0.02029491,0.03579121,0.9999455,0.01967118,-0.02853981,0.9999588,-0.9991593,0.0357819,0.02000909,0,0.03722638,0.9963198,0.07720845,0,0.01717278,-0.07788841,0.9968143,0,-0.546101,-1.730988,0.8613971,1,-0.9991592,0.03722638,0.01717278,0,0.03578189,0.9963197,-0.0778884,0,0.02000908,0.07720844,0.9968141,0,-0.5009396,1.678439,-0.9840985,1,1.0,1.0,0.02277659,-0.02764843,0.9993582,-0.003580634,-0.0003151703,-0.02024638,37.08889,2311
25,0.01845996,-0.08846568,0.9999815,0.02173201,0.03626678,0.999973,0.02009614,-0.02609928,0.9999774,-0.9991597,0.03578402,0.0199865,0,0.03722657,0.9963205,0.07719854,0,0.01715049,-0.07787769,0.9968154,0,-0.5461167,-1.730971,0.8614759,1,-0.9991596,0.03722657,0.01715049,0,0.03578402,0.9963205,-0.0778777,0,0.0199865,0.07719853,0.9968154,0,-0.5009345,1.678428,-0.9841704,1,1.0,1.0,0.02319354,-0.02526088,0.9994118,-0.003580634,-0.0003127899,-0.02025072,37.11111,2312
25,0.01870907,-0.0861694,0.9999111,0.02209268,0.036769,0.9999036,0.02040091,-0.02469996,0.9999073,-0.9991618,0.03579644,0.01985355,0,0.03722962,0.9963157,0.07725912,0,0.01701481,-0.07793351,0.9968134,0,-0.5462711,-1.731011,0.861397,1,-0.9991619,0.03722962,0.01701481,0,0.03579643,0.9963156,-0.07793351,0,0.01985355,0.07725912,0.9968134,0,-0.5009511,1.67842,-0.9842611,1,1.0,1.0,0.02349394,-0.02389176,0.9994384,-0.003580634,-0.0003125992,-0.02027262,37.12222,2313
25,0.01970922,-0.07554561,0.999954,0.0220652,0.03826668,0.9999377,0.0208874,-0.01863918,0.9999458,-0.9991578,0.03592034,0.01983816,0,0.03735439,0.9963,0.07740129,0,0.01698448,-0.07807714,0.9968027,0,-0.5464404,-1.731091,0.8611966,1,-0.9991577,0.03735439,0.01698448,0,0.03592034,0.9963,-0.07807714,0,0.01983816,0.0774013,0.9968026,0,-0.5008833,1.67844,-0.9843206,1,1.0,1.0,0.0239667,-0.0179555,0.9995515,-0.00357759,-0.000310379,-0.02038614,37.13334,2314
25,0.02713492,-0.072606,0.9999495,0.02138432,0.0381721,0.9999551,0.02425961,-0.01721713,0.9999523,-0.999158,0.03582473,0.01999711,0,0.03727007,0.9963095,0.0773202,0,0.01715333,-0.07800039,0.9968058,0,-0.5461512,-1.731061,0.8614759,1,-0.999158,0.03727008,0.01715333,0,0.03582472,0.9963094,-0.07800037,0,0.0199971,0.07732019,0.9968057,0,-0.5009036,1.678418,-0.9843792,1,1.0,1.0,0.02726384,-0.0165615,0.999491,-0.003573356,-0.000310379,-0.02039817,37.15556,2315
25,0.2349003,0.08548158,0.9999776,0.02145768,0.03677204,0.9999828,0.1281792,0.06112679,0.9999801,-0.9991618,0.03572123,0.01999044,0,0.03716753,0.996308,0.07738836,0,0.01715223,-0.0780665,0.9968007,0,-0.5460245,-1.731185,0.8613678,1,-0.9991618,0.03716753,0.01715223,0,0.03572123,0.996308,-0.0780665,0,0.01999044,0.07738836,0.9968005,0,-0.5009459,1.678428,-0.9843939,1,1.0,1.0,0.1263773,0.05844884,0.9902588,-0.002703629,0.0005943909,-0.02558238,37.16667,2316
25,0.2397818,0.08969498,0.9998809,0.0212125,0.03646544,0.9998639,0.1304965,0.06307992,0.9998723,-0.9991561,0.03579787,0.02014652,0,0.03725909,0.9962913,0.07755832,0,0.01729538,-0.07824351,0.9967843,0,-0.5459611,-1.731349,0.8613313,1,-0.9991558,0.03725909,0.01729538,0,0.03579786,0.9962915,-0.07824349,0,0.02014652,0.07755832,0.9967841,0,-0.5008744,1.678467,-0.9845855,1,1.0,1.0,0.1285722,0.06031665,0.9898642,-0.00269925,0.000594307,-0.025588,37.18889,2317
25,0.2462045,0.09382466,0.9999594,0.02083725,0.03694063,0.9999541,0.1335207,0.06538253,0.9999567,-0.9991515,0.03590459,0.02018223,0,0.03736903,0.9962839,0.0776008,0,0.017321,-0.07828914,0.9967803,0,-0.5461237,-1.731321,0.8613189,1,-0.9991514,0.03736903,0.017321,0,0.03590458,0.9962839,-0.07828914,0,0.02018222,0.07760081,0.9967802,0,-0.5008813,1.678456,-0.9846298,1,1.0,1.0,0.1314059,0.06249169,0.9893569,-0.002699317,0.0006015091,-0.02564527,37.2,2318
25,0.2484259,0.09259713,0.9997419,0.02084528,0.03718559,0.9998105,0.1346386,0.06489226,0.9997762,-0.9991533,0.03605862,0.01981672,0,0.0374996,0.9962533,0.07793042,0,0.01693241,-0.07860754,0.9967619,0,-0.5468036,-1.73146,0.8608407,1,-0.9991531,0.03749959,0.0169324,0,0.03605861,0.9962533,-0.07860754,0,0.01981672,0.07793041,0.9967617,0,-0.5009655,1.678392,-0.9849002,1,1.0,1.0,0.1324827,0.06199694,0.9892446,-0.002697991,0.0006237794,-0.02571104,37.22222,2319
25,0.2305301,0.09334217,1.000014,0.02159457,0.03782203,0.9999704,0.1260607,0.06558146,0.9999925,-0.9991549,0.03587604,0.02005729,0,0.03733808,0.996252,0.07802416,0,0.01718292,-0.07870713,0.9967496,0,-0.5463512,-1.731578,0.8608224,1,-0.9991549,0.03733808,0.01718292,0,0.03587604,0.9962521,-0.07870714,0,0.02005729,0.07802417,0.9967498,0,-0.5010331,1.678323,-0.9849241,1,1.0,1.0,0.1242278,0.06249927,0.9902835,-0.00269876,0.0008021698,-0.02641571,37.23333,2320
25,0.2262155,0.09144954,0.999841,0.02154369,0.0383083,0.9999002,0.1238818,0.06487967,0.9998705,-0.9991612,0.0358505,0.01979372,0,0.03729349,0.9962462,0.07811944,0,0.0169188,-0.07879208,0.9967476,0,-0.5465716,-1.731677,0.8606195,1,-0.999161,0.03729349,0.0169188,0,0.0358505,0.9962462,-0.07879208,0,0.01979372,0.07811943,0.9967474,0,-0.5010664,1.678329,-0.9850153,1,1.0,1.0,0.1221615,0.06180507,0.990584,-0.002699019,0.0008385925,-0.02654852,37.24445,2321
25,0.226996,0.09209321,0.9998785,0.02201752,0.03818637,0.9999127,0.124508,0.06514028,0.9998955,-0.9991695,0.03571009,0.01962996,0,0.03714234,0.9962436,0.07822459,0,0.01676282,-0.07888872,0.9967425,0,-0.5464595,-1.731806,0.8605037,1,-0.9991693,0.03714234,0.01676281,0,0.03571009,0.9962437,-0.07888872,0,0.01962996,0.0782246,0.9967425,0,-0.5010543,1.678285,-0.9851605,1,1.0,1.0,0.1227513,0.06204792,0.9904959,-0.002698821,0.0008399124,-0.02655195,37.26667,2322
25,0.2267027,0.08892009,0.9999146,0.02150026,0.03359465,0.9999379,0.1241024,0.06125764,0.9999263,-0.9991766,0.03554595,0.01955726,0,0.03697523,0.9962391,0.07836117,0,0.01669829,-0.07901978,0.9967332,0,-0.5462629,-1.732024,0.8602849,1,-0.9991767,0.03697523,0.01669829,0,0.03554595,0.996239,-0.07901978,0,0.01955727,0.07836117,0.9967332,0,-0.5010716,1.678295,-0.985217,1,1.0,1.0,0.1223773,0.05827177,0.9907715,-0.002697799,0.0008800583,-0.02665333,37.27778,2323
25,-0.2243494,0.1032341,0.9999751,0.01917725,0.03783407,0.9999391,-0.1025835,0.0705334,0.9999572,-0.9991903,0.03530243,0.01929901,0,0.03671047,0.9962563,0.07826741,0,0.01646373,-0.07891251,0.9967456,0,-0.5459884,-1.732081,0.8604442,1,-0.9991903,0.03671047,0.01646373,0,0.03530243,0.9962563,-0.07891251,0,0.01929901,0.07826741,0.9967456,0,-0.5010054,1.678295,-0.9853379,1,1.0,1.0,-0.09561175,0.06873709,0.9930426,-0.004146698,-0.0002346878,-0.02242668,37.3,2324
25,0.04978997,-0.09273235,0.9999415,0.01908155,0.03786438,0.999928,0.0344358,-0.02743351,0.9999348,-0.9992013,0.03491957,0.01942788,0,0.03634008,0.9962643,0.0783372,0,0.01661981,-0.07898065,0.9967376,0,-0.5452832,-1.732283,0.8604554,1,-0.9992012,0.03634008,0.01661981,0,0.03491957,0.9962644,-0.07898065,0,0.01942788,0.07833722,0.9967377,0,-0.5010739,1.678222,-0.9854026,1,1.0,1.0,0.03726585,-0.02650591,0.9989538,-0.003605301,-0.0003767777,-0.01979818,37.31111,2325
25,0.03974635,-0.0860689,0.9999533,0.01901841,0.03822388,0.9999437,0.02938244,-0.02392233,0.9999484,-0.9991987,0.03495082,0.01951002,0,0.03638027,0.9962509,0.07848933,0,0.01669361,-0.0791362,0.9967241,0,-0.5453184,-1.732407,0.8603354,1,-0.9991984,0.03638026,0.01669361,0,0.03495081,0.9962509,-0.07913619,0,0.01951002,0.07848931,0.9967239,0,-0.5011175,1.678223,-0.9855096,1,1.0,1.0,0.03232529,-0.02311043,0.9992102,-0.003615937,-0.0003311462,-0.0200659,37.33334,2326
25,0.03144209,-0.06905084,0.9999053,0.01896816,0.03820561,0.9998918,0.02520535,-0.01542238,0.9998986,-0.9991939,0.03500903,0.01965455,0,0.03645153,0.99624,0.0785946,0,0.01682913,-0.07924768,0.996713,0,-0.5453591,-1.732437,0.8603272,1,-0.9991934,0.03645153,0.01682913,0,0.03500903,0.99624,-0.07924765,0,0.01965455,0.07859459,0.9967127,0,-0.5011776,1.678185,-0.9856128,1,1.0,1.0,0.02823449,-0.01480396,0.9994917,-0.003615837,-0.0003110886,-0.02036135,37.34444,2327
25,0.03446797,-0.0712014,0.9999404,0.01871985,0.03976625,0.9999403,0.02659391,-0.01571769,0.9999404,-0.9991912,0.03503735,0.01974051,0,0.03648633,0.9962399,0.07857981,0,0.01691306,-0.0792365,0.9967126,0,-0.5453602,-1.732404,0.8604568,1,-0.9991908,0.03648632,0.01691305,0,0.03503734,0.9962399,-0.07923649,0,0.0197405,0.0785798,0.9967122,0,-0.5012059,1.678174,-0.9856737,1,1.0,1.0,0.0295895,-0.01509876,0.9994481,-0.003613075,-0.0003046799,-0.02036094,37.35556,2328
25,0.03496616,-0.07076806,0.9999496,0.01838626,0.03941655,0.9999394,0.02667633,-0.01567557,0.9999444,-0.9991819,0.03503191,0.02021375,0,0.03652293,0.9962181,0.0788388,0,0.01737543,-0.07951256,0.9966825,0,-0.5451082,-1.732619,0.8603714,1,-0.9991817,0.03652293,0.01737543,0,0.03503191,0.9962181,-0.07951255,0,0.02021375,0.0788388,0.9966823,0,-0.5013565,1.678145,-0.9858104,1,1.0,1.0,0.02966907,-0.01505609,0.9994464,-0.003611938,-0.0003051987,-0.02036014,37.37778,2329
25,0.03508934,-0.06957075,0.9999543,0.01808663,0.03952601,0.9999612,0.02658789,-0.01502255,0.9999577,-0.9991738,0.03515125,0.02040123,0,0.03665512,0.996221,0.07874098,0,0.01755629,-0.07942373,0.9966863,0,-0.5451629,-1.732508,0.8606793,1,-0.9991738,0.03665512,0.01755629,0,0.03515125,0.9962209,-0.07942373,0,0.02040124,0.07874098,0.9966864,0,-0.5013714,1.678173,-0.9858586,1,1.0,1.0,0.0295832,-0.01441636,0.9994583,-0.003612771,-0.0003061066,-0.02035755,37.38889,2330
25,0.03544466,-0.06786638,1.000027,0.01818465,0.04007907,1.00002,0.02681472,-0.01389348,1.000024,-0.9991612,0.03539189,0.02060273,0,0.03691697,0.9961849,0.07907391,0,0.01772555,-0.07976817,0.9966561,0,-0.545559,-1.732677,0.8602257,1,-0.999161,0.03691696,0.01772554,0,0.03539188,0.9961849,-0.07976815,0,0.02060272,0.07907389,0.9966556,0,-0.5015016,1.678186,-0.9858909,1,1.0,1.0,0.02980385,-0.01330924,0.9994672,-0.003612771,-0.0003061295,-0.02035252,37.41111,2331
25,0.03561365,-0.06796531,0.9999084,0.01802236,0.03963421,0.9999349,0.02681774,-0.01416621,0.9999216,-0.9991641,0.03534152,0.02055357,0,0.03685864,0.9962059,0.07883738,0,0.01768936,-0.07952905,0.9966757,0,-0.545539,-1.732503,0.8606917,1,-0.9991637,0.03685863,0.01768935,0,0.03534151,0.9962058,-0.07952902,0,0.02055357,0.07883736,0.9966754,0,-0.5015438,1.678183,-0.9859642,1,1.0,1.0,0.02980966,-0.01357826,0.9994633,-0.003612717,-0.0003057556,-0.02035178,37.42222,2332
25,0.03641877,-0.06860292,0.9999183,0.01756499,0.04063921,0.9998956,0.02699208,-0.01398139,0.999907,-0.9991546,0.03556217,0.02063015,0,0.03708814,0.9961821,0.07902966,0,0.01774092,-0.07972798,0.9966589,0,-0.5457422,-1.732697,0.8604887,1,-0.9991544,0.03708814,0.01774092,0,0.03556217,0.9961821,-0.07972796,0,0.02063014,0.07902965,0.9966586,0,-0.5014143,1.678318,-0.9860758,1,1.0,1.0,0.02998089,-0.01339748,0.9994606,-0.003612771,-0.0003055039,-0.02035139,37.43333,2333
25,0.03641899,-0.06939521,0.9999163,0.01694337,0.04311362,0.9999482,0.02668094,-0.01314181,0.9999321,-0.9991615,0.03553279,0.02034816,0,0.03703284,0.9962001,0.07882773,0,0.01746987,-0.07951517,0.9966807,0,-0.5458615,-1.732483,0.8607929,1,-0.9991612,0.03703283,0.01746987,0,0.03553279,0.9962002,-0.07951517,0,0.02034816,0.07882772,0.9966804,0,-0.5013592,1.678261,-0.9861579,1,1.0,1.0,0.02967535,-0.01257363,0.9994805,-0.003611535,-0.0003068085,-0.02033087,37.45555,2334
25,0.05251091,-0.12692,0.999947,0.0183001,0.04217202,0.999935,0.03540546,-0.04237364,0.9999411,-0.9991611,0.03562255,0.02020842,0,0.03711304,0.9961888,0.07893332,0,0.01731959,-0.07961709,0.9966753,0,-0.5460986,-1.732544,0.8605987,1,-0.9991608,0.03711304,0.01731959,0,0.03562254,0.9961888,-0.07961708,0,0.02020841,0.07893331,0.9966749,0,-0.5013141,1.678279,-0.986219,1,1.0,1.0,0.03820446,-0.04119335,0.9984205,-0.003610153,-0.0003061066,-0.01967769,37.46667,2335
25,0.05308563,-0.1313631,0.9999068,0.02115087,0.04027859,0.9999195,0.03711805,-0.04554271,0.9999132,-0.999163,0.03560911,0.02013313,0,0.03709808,0.996169,0.07918973,0,0.01723612,-0.07987034,0.9966563,0,-0.546014,-1.732834,0.8602405,1,-0.9991629,0.03709808,0.01723612,0,0.03560911,0.996169,-0.07987034,0,0.02013312,0.07918972,0.9966562,0,-0.5011715,1.67833,-0.9863549,1,1.0,1.0,0.03986684,-0.0442954,0.9982228,-0.0036018,-0.0003000794,-0.01966827,37.48889,2336
25,0.06145617,-0.1545693,0.9999502,0.02150585,0.03584426,0.9999347,0.0414811,-0.05936188,0.9999424,-0.9991657,0.03566232,0.01991516,0,0.03713606,0.9961567,0.07932674,0,0.01700965,-0.08000011,0.9966499,0,-0.5463009,-1.732923,0.8599513,1,-0.9991653,0.03713605,0.01700964,0,0.03566231,0.9961566,-0.0800001,0,0.01991516,0.07932673,0.9966496,0,-0.501171,1.678334,-0.9864117,1,1.0,1.0,0.04409292,-0.05782866,0.9973523,-0.003590912,-0.0002498169,-0.01955233,37.5,2337
25,0.08152483,-0.1587788,0.9999484,0.02159935,0.03652099,0.9999022,0.05156207,-0.06112675,0.9999253,-0.9991698,0.03557901,0.01984552,0,0.03705467,0.9961257,0.079753,0,0.01693109,-0.08042216,0.9966171,0,-0.5461781,-1.733387,0.8593363,1,-0.9991698,0.03705467,0.01693109,0,0.03557901,0.9961256,-0.08042217,0,0.01984551,0.079753,0.9966171,0,-0.5011064,1.678375,-0.9865847,1,1.0,1.0,0.05387674,-0.05953122,0.9967715,-0.00354074,-0.0002414017,-0.01952786,37.52222,2338
25,0.08430609,-0.1641428,0.9999112,0.02160077,0.03652155,0.9999323,0.05295345,-0.06381183,0.9999217,-0.999175,0.03537712,0.01994643,0,0.03685909,0.9961442,0.07961176,0,0.01705308,-0.08028128,0.9966264,0,-0.5457261,-1.733388,0.8597081,1,-0.999175,0.0368591,0.01705308,0,0.03537712,0.9961444,-0.08028128,0,0.01994643,0.07961176,0.9966264,0,-0.5011017,1.678377,-0.98666,1,1.0,1.0,0.05522825,-0.06214567,0.9965379,-0.00354074,-0.0002414017,-0.01946045,37.53333,2339
25,0.07616585,-0.1609681,0.9999726,0.02196572,0.03655542,0.9999557,0.04906581,-0.06220562,0.9999642,-0.9991783,0.03530957,0.01989705,0,0.03678949,0.9961388,0.07971211,0,0.01700563,-0.08037861,0.9966193,0,-0.5456145,-1.733522,0.8595474,1,-0.9991784,0.0367895,0.01700563,0,0.03530957,0.9961388,-0.08037861,0,0.01989705,0.07971209,0.9966193,0,-0.5010588,1.678385,-0.9867011,1,1.0,1.0,0.05146299,-0.06058433,0.9968355,-0.003562919,-0.0002494812,-0.01944998,37.54445,2340
