flag,xl,yl,zl,xr,yr,zr,xc,yc,zc,mat_00,mat_10,mat_20,mat_30,mat_01,mat_11,mat_21,mat_31,mat_02,mat_12,mat_22,mat_32,mat_03,mat_13,mat_23,mat_33,ctw_00,ctw_10,ctw_20,ctw_30,ctw_01,ctw_11,ctw_21,ctw_31,ctw_02,ctw_12,ctw_22,ctw_32,ctw_03,ctw_13,ctw_23,ctw_33,opennessl,opennessr,ray_x,ray_y,ray_z,eye_x,eye_y,eye_z,time,frame
0,0.0445753,0.07290746,1,-0.0657188,0.02046482,1,-0.01057172,0.04668601,1,0.08454525,-0.1243396,0.9886314,0,-0.003131628,0.9921456,0.1250494,0,0.9964148,0.01366837,-0.0834918,0,1.004747,-1.680301,-0.1999036,1,0.08454522,-0.003131646,0.9964145,0,-0.1243396,0.9921457,0.01366835,0,0.9886312,0.1250494,-0.08349179,0,-0.09624356,1.695248,-0.9948677,1,0,0,-0.01160156,0.04644198,0.9988536,0.001375345,-0.001138725,-0.02860245,0,1
0,0.04442309,0.07293894,1,-0.06468359,0.02025998,1,-0.01013034,0.04659946,1,0.08454525,-0.1243396,0.9886314,0,-0.003131628,0.9921456,0.1250494,0,0.9964148,0.01366837,-0.0834918,0,1.004747,-1.680301,-0.1999036,1,0.08454522,-0.003131646,0.9964145,0,-0.1243396,0.9921457,0.01366835,0,0.9886312,0.1250494,-0.08349179,0,-0.09624356,1.695248,-0.9948677,1,1,1,-0.01117496,0.04635838,0.9988624,0.001377442,-0.001138725,-0.02860063,0.01111111,2
0,0.00800509,0.2098344,0.999867,-0.09556123,0.1261767,0.9999143,-0.04377769,0.1680064,0.9998907,0.08425665,-0.1245163,0.9886336,0,-0.003272079,0.9921218,0.1252345,0,0.9964387,0.01378673,-0.08318543,0,1.00483,-1.680153,-0.1998211,1,0.08425666,-0.003272082,0.9964387,0,-0.1245163,0.9921218,0.01378673,0,0.9886337,0.1252345,-0.08318543,0,-0.09632018,1.695229,-0.9947098,1,1,1,-0.04347235,0.1619685,0.9858379,0.001553916,-0.0008888322,-0.02810922,0.02222222,3
0,0.04936346,0.1402657,0.9899861,-0.06469008,0.08971174,0.9894581,-0.007670462,0.1149827,0.989722,0.09569609,-0.138934,0.9856671,0,-0.004723102,0.990137,0.1400226,0,0.9953994,0.01805503,-0.094096,0,0.9967949,-1.67376,-0.2272515,1,0.09569605,-0.004723111,0.9953994,0,-0.138934,0.990137,0.01805502,0,0.985667,0.1400226,-0.09409604,0,-0.1039372,1.69378,-0.9833727,1,1,1,-0.008807746,0.1131894,0.9935344,0.001353302,-0.0009817735,-0.02816972,0.3555556,4
0,0.04953241,0.1416278,0.9999999,-0.06505635,0.090679,0.9999999,-0.007761844,0.1161535,0.9999999,0.09569609,-0.138934,0.9856671,0,-0.004723102,0.990137,0.1400226,0,0.9953994,0.01805503,-0.094096,0,0.9967949,-1.67376,-0.2272515,1,0.09569605,-0.004723111,0.9953994,0,-0.138934,0.990137,0.01805502,0,0.985667,0.1400226,-0.09409604,0,-0.1039372,1.69378,-0.9833727,1,1,1,-0.008807746,0.1131894,0.9935344,0.001353302,-0.0009817735,-0.02816972,0.3666667,5
0,0.04927117,0.143199,0.9999847,-0.06446183,0.09063639,1.000112,-0.007593796,0.1169192,1.000048,0.08310777,-0.1329463,0.9876327,0,-0.003995068,0.9910088,0.133737,0,0.9965325,0.01506023,-0.08182943,0,0.9939512,-1.678052,-0.2051308,1,0.0831078,-0.00399506,0.9965326,0,-0.1329463,0.9910088,0.01506024,0,0.9876328,0.133737,-0.08182941,0,-0.103102,1.694368,-0.9820185,1,1,1,-0.008636662,0.1138833,0.9934566,0.00134523,-0.0009573594,-0.02824159,0.4,6
0,0.05466583,0.1386611,0.9997731,-0.06551658,0.09135852,0.9998509,-0.005424365,0.1150105,0.999812,0.08252722,-0.1330418,0.9876686,0,-0.004195258,0.990994,0.1338403,0,0.9965801,0.015189,-0.08122587,0,0.9942248,-1.677924,-0.2045304,1,0.08252725,-0.004195258,0.9965799,0,-0.1330418,0.9909941,0.01518899,0,0.9876685,0.1338403,-0.08122583,0,-0.1032766,1.694358,-0.9819517,1,1,1,-0.006542804,0.1121074,0.9936746,0.001344498,-0.0009680176,-0.02817722,0.4111111,7
0,0.0545653,0.1404106,0.9999864,-0.06762011,0.09200219,1.000027,-0.00652682,0.1162068,1.000007,0.08210331,-0.1327807,0.987739,0,-0.004311763,0.9910285,0.1335813,0,0.9966145,0.01522636,-0.08079422,0,0.9942569,-1.677997,-0.2036343,1,0.08210332,-0.004311755,0.9966145,0,-0.1327807,0.9910285,0.01522637,0,0.9877389,0.1335814,-0.0807942,0,-0.1033,1.694432,-0.9817936,1,1,1,-0.007606385,0.1132215,0.9935406,0.001344635,-0.0009625473,-0.02817507,0.4222222,8
0,0.05647251,0.1411224,0.9997135,-0.06870605,0.09040345,0.9997854,-0.006115757,0.1157637,0.9997495,0.08150434,-0.1325535,0.9878192,0,-0.004763804,0.9910535,0.1333806,0,0.9966617,0.01557688,-0.08014369,0,0.9949425,-1.677802,-0.2023692,1,0.08150432,-0.004763815,0.9966615,0,-0.1325535,0.9910534,0.01557687,0,0.9878191,0.1333805,-0.08014369,0,-0.1035865,1.694524,-0.9817048,1,1,1,-0.007207653,0.1128322,0.9935879,0.001340835,-0.000961464,-0.02812002,0.4333333,9
0,0.06261145,0.1498792,0.9999276,-0.07196795,0.08282327,0.9999501,-0.00467781,0.1163515,0.999939,0.08090663,-0.1314263,0.9880189,0,-0.005799368,0.9911897,0.132323,0,0.9967049,0.0164357,-0.07943165,0,0.9964876,-1.677215,-0.1996997,1,0.08090664,-0.005799377,0.9967048,0,-0.1314262,0.9911896,0.01643568,0,0.9880188,0.1323229,-0.07943162,0,-0.1037455,1.694642,-0.9815001,1,0.9967204,0.9574264,-0.005792628,0.1132866,0.9935455,0.001316613,-0.0008876115,-0.02827086,0.4666667,10
0,0.06257448,0.1505268,1.00127,-0.06927495,0.08247062,1.001909,-0.003339365,0.1165085,1.001589,0.07533008,-0.1308899,0.988531,0,-0.003545485,0.9913062,0.1315275,0,0.9971524,0.0134128,-0.07421106,0,0.9916945,-1.680305,-0.194645,1,0.07533002,-0.003545495,0.9971522,0,-0.1308898,0.9913061,0.0134128,0,0.9885307,0.1315275,-0.07421108,0,-0.1022267,1.694814,-0.9807776,1,0.9968136,0.947536,-0.004489304,0.1132574,0.9935555,0.001314247,-0.0008874436,-0.02827141,0.6222222,11
0,0.06275406,0.09766936,1.000143,-0.06012399,0.03701053,1.000277,0.001317114,0.06734151,1.00021,0.07346362,-0.1301666,0.9887668,0,-0.003736481,0.9914029,0.1307912,0,0.9972908,0.01330291,-0.07234567,0,0.9917029,-1.680423,-0.1918292,1,0.07346362,-0.003736491,0.9972909,0,-0.1301666,0.9914029,0.0133029,0,0.9887668,0.1307912,-0.07234568,0,-0.1019146,1.694771,-0.9805397,1,0.9938866,0.9452819,4.450059E-05,0.0664639,0.9977888,0.001270888,-0.001175499,-0.02839888,0.6555555,12
0,0.08093737,0.05129118,0.9998194,-0.05345442,-0.01505961,0.9998797,0.01374254,0.01811668,0.9998496,0.07291371,-0.1299795,0.9888322,0,-0.003728308,0.9914287,0.1305957,0,0.9973313,0.0132089,-0.07180417,0,0.9916052,-1.680457,-0.1908136,1,0.07291373,-0.003728312,0.9973313,0,-0.1299795,0.9914287,0.01320889,0,0.9888321,0.1305957,-0.07180414,0,-0.102044,1.69467,-0.980463,1,1,1,0.01215953,0.01888228,0.9997478,0.001235267,-0.001305313,-0.02847379,0.6666667,13
0,0.08152945,-0.02658209,1.000026,-0.04317378,-0.08053228,1.000082,0.01917885,-0.05355651,1.000054,0.07188052,-0.1302153,0.9888768,0,-0.003974065,0.9913961,0.1308359,0,0.9974054,0.01333442,-0.07074457,0,0.9917285,-1.680358,-0.1902673,1,0.0718805,-0.003974074,0.9974052,0,-0.1302153,0.9913961,0.01333441,0,0.9888766,0.1308359,-0.07074457,0,-0.1019434,1.694736,-0.980209,1,1,1,0.01744476,-0.05068498,0.9985623,0.001197625,-0.001312744,-0.02921947,0.6888889,14
0,0.07566939,-0.03992163,1.000083,-0.04448847,-0.08936279,1.000152,0.01559144,-0.06464149,1.000117,0.07127178,-0.1301282,0.9889323,0,-0.004030868,0.9914079,0.1307445,0,0.9974488,0.01330466,-0.07013488,0,0.9915891,-1.680347,-0.1896415,1,0.07127178,-0.00403088,0.9974487,0,-0.1301282,0.9914079,0.01330464,0,0.9889323,0.1307445,-0.07013487,0,-0.1017903,1.694701,-0.9800034,1,1,1,0.01396168,-0.0614264,0.998014,0.001190957,-0.001284363,-0.02926935,0.7,15
0,0.07597896,-0.02961713,1.000068,-0.04567264,-0.09424165,1.000134,0.01515421,-0.06192842,1.000101,0.0708521,-0.1304219,0.9889238,0,-0.00387612,0.9913718,0.1310225,0,0.9974793,0.01311642,-0.06973529,0,0.9912447,-1.680473,-0.1898115,1,0.07085215,-0.003876127,0.9974794,0,-0.1304219,0.9913718,0.0131164,0,0.9889236,0.1310225,-0.06973524,0,-0.1016933,1.694685,-0.9799411,1,1,1,0.01354599,-0.05876616,0.9981799,0.001187248,-0.001335442,-0.02910545,0.7111111,16
0,0.08093546,-0.0263982,1.00003,-0.04609784,-0.09368342,1.000041,0.017419,-0.06004057,1.000036,0.07067019,-0.1305283,0.9889228,0,-0.004142575,0.9913545,0.1311453,0,0.9974912,0.01336476,-0.06951845,0,0.9914324,-1.680108,-0.1897288,1,0.07067014,-0.004142595,0.997491,0,-0.1305282,0.9913545,0.01336474,0,0.9889226,0.1311453,-0.06951847,0,-0.1017391,1.694572,-0.9796804,1,1,1,0.01574796,-0.05691669,0.9982547,0.001185889,-0.001369743,-0.02898627,0.7333333,17
0,0.07997881,-0.02553388,1.000088,-0.0477473,-0.08989402,1.000122,0.01611634,-0.0577134,1.000105,0.07042879,-0.1305423,0.9889382,0,-0.004266307,0.9913514,0.1311647,0,0.9975078,0.01345689,-0.06926274,0,0.9915088,-1.680048,-0.1896171,1,0.07042877,-0.004266313,0.9975076,0,-0.1305422,0.9913514,0.01345688,0,0.9889379,0.1311647,-0.06926274,0,-0.1016285,1.694619,-0.9795626,1,1,1,0.01449151,-0.05465942,0.9983999,0.001179466,-0.001375298,-0.02896411,0.7444445,18
0,0.0807384,-0.02462071,1.000051,-0.04920442,-0.08749455,1.000026,0.01576652,-0.05605799,1.000039,0.07071459,-0.1308064,0.9888828,0,-0.004222549,0.9913164,0.1314303,0,0.9974877,0.01346966,-0.06954825,0,0.9911844,-1.6799,-0.1904847,1,0.07071463,-0.004222557,0.9974875,0,-0.1308064,0.9913163,0.01346964,0,0.9888827,0.1314303,-0.06954819,0,-0.1014659,1.694533,-0.9793143,1,1,1,0.01415892,-0.05306297,0.9984908,0.001174728,-0.001374367,-0.02895201,0.7666667,19
0,0.07990365,-0.02487062,0.9999974,-0.05069453,-0.08771382,0.9999987,0.01460459,-0.0562921,0.9999981,0.07069427,-0.1307168,0.9888961,0,-0.004432127,0.9913255,0.1313548,0,0.9974883,0.01366896,-0.0695017,0,0.9914547,-1.679683,-0.1903128,1,0.07069428,-0.004432138,0.9974881,0,-0.1307168,0.9913256,0.01366894,0,0.988896,0.1313548,-0.06950167,0,-0.1014534,1.694505,-0.9792319,1,1,1,0.01303509,-0.05329399,0.9984939,0.001171897,-0.001372559,-0.02895175,0.7777778,20
0,0.08046198,-0.02304347,1.000082,-0.05219973,-0.08774885,1.000067,0.01413074,-0.0553963,1.000074,0.07092375,-0.1309682,0.9888465,0,-0.004382864,0.9912924,0.1316065,0,0.9974723,0.01366803,-0.06973213,0,0.9913176,-1.679633,-0.1910268,1,0.07092371,-0.00438289,0.997472,0,-0.1309682,0.9912924,0.013668,0,0.9888462,0.1316065,-0.06973214,0,-0.1013903,1.694493,-0.9791751,1,1,1,0.0125772,-0.05242634,0.9985456,0.001169228,-0.001369454,-0.02896079,0.7888889,21
0,0.08000493,-0.0211184,1.000017,-0.05348223,-0.08735148,1.000037,0.01326174,-0.05423482,1.000027,0.07116854,-0.1314122,0.9887698,0,-0.004476622,0.9912314,0.1320616,0,0.9974542,0.01382498,-0.06995624,0,0.9911856,-1.679399,-0.1919225,1,0.07116858,-0.004476625,0.9974543,0,-0.1314122,0.9912314,0.01382498,0,0.9887698,0.1320616,-0.06995622,0,-0.1014676,1.694456,-0.978871,1,1,1,0.01173714,-0.05130572,0.998614,0.001167541,-0.001367851,-0.02897143,0.8111112,22
0,0.07969405,-0.02018771,0.9999838,-0.05548889,-0.08663449,0.9999518,0.01210213,-0.05341165,0.9999678,0.07137734,-0.1313305,0.9887657,0,-0.004539073,0.991241,0.131987,0,0.9974391,0.01390897,-0.07015604,0,0.9911907,-1.679297,-0.1919616,1,0.07137734,-0.00453908,0.9974389,0,-0.1313305,0.9912411,0.01390896,0,0.9887657,0.131987,-0.07015601,0,-0.1014864,1.694423,-0.9787621,1,1,1,0.01061525,-0.05051289,0.9986671,0.00116471,-0.001367539,-0.02897629,0.8222222,23
0,0.07928948,-0.02109975,1.000058,-0.05560352,-0.08605659,1.000048,0.01184283,-0.0535784,1.000053,0.07158464,-0.1316165,0.9887127,0,-0.004746258,0.9911996,0.1322912,0,0.9974233,0.0141627,-0.07032996,0,0.9912824,-1.67902,-0.1927637,1,0.07158463,-0.004746253,0.9974232,0,-0.1316165,0.9911995,0.0141627,0,0.9887127,0.1322912,-0.07032997,0,-0.1013594,1.69445,-0.9785057,1,1,1,0.01036357,-0.05067168,0.9986616,0.001164337,-0.001365982,-0.02897288,0.8444445,24
0,0.07964467,-0.02329143,0.9999835,-0.05550351,-0.08377339,1.000004,0.01207105,-0.05353222,0.9999939,0.07160002,-0.131969,0.9886647,0,-0.004796699,0.9911516,0.1326483,0,0.997422,0.01423997,-0.07033342,0,0.9912612,-1.678908,-0.1933513,1,0.07159998,-0.004796728,0.9974217,0,-0.131969,0.9911516,0.01423995,0,0.9886645,0.1326483,-0.07033344,0,-0.1013785,1.694455,-0.978397,1,1,1,0.01058122,-0.05063653,0.998661,0.001168664,-0.001358635,-0.02897781,0.8555556,25
0,0.07827368,-0.02313625,0.9997984,-0.05488399,-0.08232252,0.9998783,0.01169618,-0.0527283,0.9998383,0.07116503,-0.1331425,0.9885387,0,-0.004929103,0.9909924,0.1338278,0,0.9974524,0.01439647,-0.06986773,0,0.9912034,-1.678514,-0.1947007,1,0.07116503,-0.004929106,0.9974523,0,-0.1331425,0.9909924,0.01439647,0,0.9885386,0.1338278,-0.06986771,0,-0.1015514,1.694337,-0.9781168,1,1,1,0.01021486,-0.04986975,0.9987035,0.001173225,-0.001354187,-0.02898905,0.8777778,26
0,0.07885928,-0.02274631,0.9999573,-0.05501904,-0.07721011,1.000006,0.01192109,-0.0499776,0.9999819,0.07110339,-0.1338686,0.988445,0,-0.004979551,0.9908932,0.1345583,0,0.9974565,0.01448956,-0.06978929,0,0.9911984,-1.678268,-0.1958167,1,0.07110342,-0.004979542,0.9974565,0,-0.1338685,0.9908931,0.01448957,0,0.9884451,0.1345583,-0.06978926,0,-0.1015908,1.694268,-0.9780259,1,1,1,0.01042756,-0.04719949,0.998831,0.001178474,-0.001354187,-0.02899075,0.8888889,27
0,0.07858308,-0.02228817,0.9998941,-0.05469873,-0.07433623,0.9999987,0.01194397,-0.04831105,0.9999465,0.07049382,-0.1362382,0.9881649,0,-0.004338011,0.9905781,0.1368804,0,0.9975028,0.01393589,-0.0692386,0,0.9899173,-1.678478,-0.1988668,1,0.07049379,-0.004338019,0.9975029,0,-0.1362382,0.9905782,0.01393589,0,0.9881648,0.1368804,-0.06923863,0,-0.1019427,1.694179,-0.9778236,1,1,1,0.01044541,-0.04558583,0.9989058,0.001184716,-0.001354546,-0.02899075,0.9111111,28
0,0.08035338,-0.02216891,1.000023,-0.05412756,-0.0710598,1.000117,0.01311454,-0.04661345,1.00007,0.0700714,-0.1371034,0.9880752,0,-0.004113391,0.9904618,0.1377262,0,0.9975335,0.01371501,-0.06883907,0,0.9894788,-1.678541,-0.1999529,1,0.07007138,-0.004113394,0.9975334,0,-0.1371034,0.9904618,0.01371501,0,0.9880753,0.1377262,-0.06883908,0,-0.1018992,1.694139,-0.9777815,1,1,1,0.01157372,-0.04393421,0.9989673,0.001192329,-0.001355591,-0.02898943,0.9222223,29
0,0.08024283,-0.02004856,0.9998917,-0.05418457,-0.07084376,0.9999803,0.01303064,-0.04544525,0.9999361,0.06980783,-0.1382462,0.9879347,0,-0.003873952,0.9903056,0.1388517,0,0.997553,0.01352015,-0.06859553,0,0.989006,-1.678503,-0.2015224,1,0.06980782,-0.003873957,0.9975529,0,-0.1382462,0.9903057,0.01352015,0,0.9879346,0.1388517,-0.06859552,0,-0.1019961,1.694044,-0.9777158,1,1,1,0.01148864,-0.04280421,0.9990174,0.001198373,-0.001359268,-0.0289924,0.9333333,30
0,0.07961527,-0.01807956,0.9998435,-0.0544712,-0.06499001,0.9999643,0.01257405,-0.04153363,0.9999039,0.06887895,-0.1403741,0.9876998,0,-0.0037404,0.9900078,0.140963,0,0.997618,0.01340378,-0.06766564,0,0.9885166,-1.678008,-0.2040254,1,0.06887894,-0.003740408,0.997618,0,-0.1403741,0.9900077,0.01340377,0,0.9876996,0.140963,-0.06766564,0,-0.1021211,1.693699,-0.9774759,1,1,1,0.01104188,-0.03901497,0.9991777,0.001203469,-0.001358414,-0.02899156,0.9555556,31
0,0.07921074,-0.01721716,0.9999003,-0.05638588,-0.0618402,1.000043,0.01141508,-0.03952734,0.9999715,0.06827497,-0.1418513,0.9875307,0,-0.003486015,0.9898004,0.1424184,0,0.9976605,0.01316617,-0.06708413,0,0.988014,-1.677972,-0.2058574,1,0.068275,-0.00348602,0.9976604,0,-0.1418513,0.9898004,0.01316616,0,0.9875306,0.1424184,-0.0670841,0,-0.1021887,1.693619,-0.9774197,1,1,1,0.009914531,-0.03706844,0.9992635,0.001205849,-0.001356972,-0.02899314,0.9666667,32
0,0.07872155,-0.01761124,0.9998675,-0.05677797,-0.06237768,0.9999925,0.01097399,-0.03999331,0.99993,0.06729907,-0.1445476,0.9872066,0,-0.00366661,0.9894073,0.1451198,0,0.9977261,0.01338613,-0.06605619,0,0.9881822,-1.677068,-0.2093126,1,0.06729908,-0.00366661,0.9977261,0,-0.1445476,0.9894073,0.01338613,0,0.9872066,0.1451198,-0.06605619,0,-0.1022852,1.693302,-0.9773122,1,1,1,0.00948478,-0.0375277,0.9992505,0.001207602,-0.001352486,-0.02896637,0.9888889,33
0,0.06876513,-0.003547693,0.9998724,-0.05686795,-0.05883813,1.000022,0.005950935,-0.03119109,0.999947,0.06683576,-0.146249,0.9869874,0,-0.003502443,0.9891588,0.1468079,0,0.9977579,0.01326888,-0.06559891,0,0.987807,-1.676779,-0.2116411,1,0.06683572,-0.003502444,0.9977579,0,-0.146249,0.9891588,0.01326889,0,0.9869875,0.1468079,-0.06559896,0,-0.1023608,1.693131,-0.9772266,1,1,1,0.004603229,-0.02899146,0.999569,0.001213266,-0.001353546,-0.02879883,1,34
0,0.07200669,0.0001934499,0.999895,-0.05685118,-0.0579384,1.000026,0.007579796,-0.02887084,0.9999605,0.06603938,-0.1492278,0.9865952,0,-0.003304802,0.9887154,0.1497697,0,0.9978116,0.01315121,-0.06480098,0,0.9873492,-1.676171,-0.2157257,1,0.06603937,-0.003304817,0.9978115,0,-0.1492278,0.9887154,0.0131512,0,0.986595,0.1497697,-0.06480098,0,-0.1025013,1.692829,-0.9771239,1,1,1,0.006188311,-0.02674561,0.9996231,0.00121119,-0.001345497,-0.02880601,1.022222,35
0,0.07327989,0.005589779,0.9998965,-0.05644766,-0.06101611,1.000023,0.008418307,-0.02771112,0.9999597,0.06581551,-0.1507735,0.986375,0,-0.003023684,0.9884836,0.1512976,0,0.9978272,0.01294021,-0.06460166,0,0.9868792,-1.676035,-0.2180567,1,0.0658155,-0.003023684,0.9978272,0,-0.1507735,0.9884837,0.01294021,0,0.9863749,0.1512976,-0.06460166,0,-0.1025679,1.692709,-0.9771335,1,1,1,0.007004745,-0.02563927,0.9996467,0.001209388,-0.001324905,-0.02881993,1.033333,36
0,0.06830597,0.004432301,0.999724,-0.05584989,-0.06311388,0.9998771,0.006230257,-0.02933849,0.9998004,0.0651809,-0.1537063,0.9859644,0,-0.002633996,0.9880356,0.1542033,0,0.99787,0.01264814,-0.0639962,0,0.9861287,-1.67565,-0.2221777,1,0.0651809,-0.002633995,0.99787,0,-0.1537063,0.9880356,0.01264813,0,0.9859644,0.1542033,-0.06399618,0,-0.1027753,1.69246,-0.9770529,1,1,1,0.004882007,-0.02725982,0.9996165,0.001206368,-0.001287331,-0.02884152,1.055556,37
0,0.0686858,0.006918717,0.9998392,-0.05580564,-0.06299274,0.9999616,0.006441891,-0.02803515,0.9999004,0.06478727,-0.154893,0.9858047,0,-0.002213776,0.9878553,0.1553607,0,0.9978967,0.01224776,-0.06365752,0,0.9853506,-1.675744,-0.2236907,1,0.06478722,-0.002213795,0.9978966,0,-0.1548929,0.9878554,0.01224774,0,0.9858046,0.1553606,-0.06365754,0,-0.1028838,1.692327,-0.9769935,1,1,1,0.005087955,-0.02600072,0.9996489,0.00120623,-0.001278122,-0.02881639,1.066667,38
0,0.06959651,0.004372525,0.999819,-0.05539385,-0.06079074,0.9999639,0.007103525,-0.02820705,0.9998913,0.06435132,-0.1563523,0.9856029,0,-0.001991987,0.9876278,0.1568036,0,0.9979255,0.01205385,-0.06324369,0,0.9849719,-1.675642,-0.2256006,1,0.0643513,-0.001992011,0.9979252,0,-0.1563523,0.9876277,0.01205382,0,0.9856027,0.1568036,-0.06324368,0,-0.103022,1.692247,-0.9769982,1,1,1,0.00573108,-0.02618994,0.9996406,0.001206184,-0.001255692,-0.02879922,1.077778,39
0,0.07060979,0.004991159,0.9999307,-0.0538214,-0.06888849,1.000068,0.008396216,-0.03194637,0.9999994,0.06319702,-0.1587094,0.9853008,0,-0.001850344,0.9872538,0.1591427,0,0.9979994,0.0118805,-0.06209785,0,0.984561,-1.675233,-0.2283096,1,0.06319702,-0.001850355,0.9979993,0,-0.1587094,0.9872539,0.01188049,0,0.9853007,0.1591427,-0.06209782,0,-0.1031429,1.692036,-0.9768661,1,1,1,0.006985866,-0.02985444,0.9995299,0.001205659,-0.001217865,-0.02880529,1.1,40
0,0.07106499,0.007518084,0.9998759,-0.05254962,-0.05478771,0.9999782,0.009259112,-0.02363337,0.9999269,0.06287748,-0.1596396,0.9851708,0,-0.00204125,0.9871015,0.1600828,0,0.9980191,0.01207659,-0.06174058,0,0.9848756,-1.674852,-0.2294717,1,0.06287747,-0.002041257,0.9980192,0,-0.1596396,0.9871014,0.01207658,0,0.9851708,0.1600828,-0.06174059,0,-0.1032305,1.691994,-0.9768659,1,1,1,0.007829304,-0.02180036,0.9997317,0.001202813,-0.001200615,-0.02880653,1.111111,41
0,0.0708932,0.01050386,0.9998816,-0.05159729,-0.05815101,0.9999793,0.009649381,-0.02382216,0.9999305,0.06201208,-0.1610032,0.9850039,0,-0.003020175,0.9868684,0.1614981,0,0.9980709,0.01298973,-0.0607115,0,0.9865187,-1.673503,-0.2306716,1,0.06201207,-0.003020189,0.9980708,0,-0.1610032,0.9868684,0.01298971,0,0.9850038,0.1614981,-0.06071149,0,-0.1034029,1.691759,-0.9768816,1,1,1,0.008209228,-0.02199917,0.9997243,0.001201836,-0.001184334,-0.02881159,1.133333,42
0,0.07078312,0.005868729,0.999896,-0.05086656,-0.04880792,1.00001,0.009959877,-0.02146824,0.9999529,0.0614568,-0.1617556,0.9849154,0,-0.003256537,0.9867429,0.162259,0,0.9981045,0.01317933,-0.06011534,0,0.9868729,-1.67309,-0.231327,1,0.06145684,-0.003256533,0.9981045,0,-0.1617556,0.9867429,0.01317933,0,0.9849153,0.162259,-0.06011529,0,-0.1034442,1.691658,-0.9768583,1,1,1,0.0085114,-0.01972889,0.9997692,0.001201638,-0.001166855,-0.02881565,1.144444,43
0,0.0707916,0.004366928,0.9997128,-0.05075433,-0.04876621,0.9998432,0.0100205,-0.02219808,0.9997779,0.06085092,-0.1629099,0.9847627,0,-0.003063418,0.9865558,0.1633958,0,0.9981422,0.01295953,-0.05953377,0,0.986533,-1.672982,-0.2324548,1,0.06085092,-0.003063425,0.9981421,0,-0.1629099,0.9865558,0.01295952,0,0.9847626,0.1633958,-0.05953376,0,-0.103664,1.691495,-0.9768581,1,1,1,0.008572159,-0.02044711,0.9997542,0.001201271,-0.001160797,-0.02881754,1.155556,44
0,0.07071882,0.004636355,0.9998526,-0.05064813,-0.04953603,0.9999849,0.01003713,-0.02244826,0.9999188,0.05989569,-0.1655911,0.984374,0,-0.002459668,0.9861169,0.166034,0,0.9982017,0.01236595,-0.05865687,0,0.9855325,-1.672915,-0.2359363,1,0.05989569,-0.002459666,0.9982015,0,-0.1655911,0.986117,0.01236595,0,0.9843739,0.166034,-0.05865685,0,-0.1037995,1.691288,-0.9769121,1,1,1,0.008587076,-0.02069127,0.9997491,0.001201042,-0.001157356,-0.02882068,1.177778,45
0,0.07097258,0.005060827,0.9998797,-0.0511369,-0.04771386,1.000002,0.009919718,-0.02132523,0.9999409,0.05960381,-0.1674034,0.9840852,0,-0.002040304,0.9858153,0.1678213,0,0.9982201,0.01201063,-0.05841678,0,0.9847417,-1.672838,-0.2386571,1,0.0596038,-0.00204032,0.99822,0,-0.1674034,0.9858153,0.01201062,0,0.984085,0.1678213,-0.05841679,0,-0.1038743,1.691171,-0.9768386,1,1,1,0.008473963,-0.01959958,0.999772,0.001200249,-0.001157356,-0.02881225,1.188889,46
0,0.07133912,0.005124215,0.9998915,-0.04956599,-0.04500873,1.000009,0.01088808,-0.01994119,0.99995,0.05849636,-0.1703986,0.9836374,0,-0.001233004,0.9853115,0.170762,0,0.9982869,0.01120179,-0.05742705,0,0.9833279,-1.672773,-0.2425869,1,0.05849637,-0.001233011,0.9982868,0,-0.1703986,0.9853115,0.01120178,0,0.9836374,0.170762,-0.05742703,0,-0.1039418,1.69084,-0.9768363,1,1,1,0.009414109,-0.01825499,0.9997891,0.001201004,-0.001157356,-0.02881119,1.211111,47
0,0.06055161,0.005178552,1.000053,-0.06623415,-0.0587457,1.000178,-0.002839342,-0.02678189,1.000115,0.05796301,-0.1714821,0.9834806,0,-0.0007722527,0.9851289,0.171815,0,0.9983184,0.01071841,-0.05696863,0,0.9825488,-1.672897,-0.2440203,1,0.05796303,-0.0007722509,0.9983184,0,-0.1714821,0.9851289,0.01071841,0,0.9834806,0.171815,-0.05696862,0,-0.1038341,1.690704,-0.9768673,1,1,1,-0.003979077,-0.02480502,0.9996843,0.00125567,-0.001252426,-0.02877527,1.222222,48
0,0.06330036,0.002092205,0.9999312,-0.06037804,-0.05969657,1.00005,0.001462888,-0.02880042,0.9999905,0.05675936,-0.1733916,0.9832161,0,-1.463294E-05,0.9848035,0.1736724,0,0.998388,0.00987193,-0.05589432,0,0.9812036,-1.67309,-0.2461526,1,0.05675939,-1.463641E-05,0.9983878,0,-0.1733916,0.9848034,0.009871918,0,0.9832159,0.1736724,-0.05589427,0,-0.103771,1.690429,-0.9768637,1,1,1,0.0002083915,-0.02679349,0.9996409,0.00124839,-0.001225792,-0.02880647,1.244444,49
0,0.06281403,0.0009291852,0.999904,-0.06173582,-0.05942971,1.000048,0.0005413368,-0.02924826,0.9999759,0.05601871,-0.1744188,0.9830768,0,0.0003822893,0.9846266,0.174672,0,0.9984297,0.00940907,-0.05522418,0,0.9804997,-1.673258,-0.2471477,1,0.0560187,0.0003822973,0.9984296,0,-0.1744188,0.9846267,0.009409079,0,0.9830768,0.174672,-0.05522419,0,-0.1038089,1.69033,-0.9768646,1,1,1,-0.0006854464,-0.02722962,0.999629,0.001246697,-0.001224548,-0.02881201,1.255556,50
0,0.0627953,0.001610781,0.9997836,-0.06085448,-0.05955922,0.9999495,0.0009728745,-0.0289719,0.9998667,0.05509561,-0.1754278,0.9829494,0,0.0007393062,0.9844516,0.1756544,0,0.9984809,0.00895109,-0.05436867,0,0.9798126,-1.673375,-0.2478234,1,0.05509563,0.0007393072,0.9984809,0,-0.1754278,0.9844515,0.008951089,0,0.9829494,0.1756545,-0.05436866,0,-0.1039419,1.690163,-0.9768193,1,1,1,-0.0002650615,-0.02696897,0.9996362,0.001245278,-0.001219719,-0.02881449,1.266667,51
0,0.06287706,0.001362315,0.9998785,-0.06107773,-0.05768026,1.000072,0.0009024963,-0.02815649,0.999975,0.05348617,-0.1779952,0.9825768,0,0.001242198,0.9839963,0.1781847,0,0.9985679,0.008309871,-0.05285126,0,0.9789706,-1.673291,-0.2504619,1,0.05348612,0.001242185,0.9985677,0,-0.1779952,0.9839963,0.008309862,0,0.9825766,0.1781847,-0.05285129,0,-0.104101,1.689924,-0.9769009,1,1,1,-0.0003322232,-0.02617353,0.9996574,0.001244582,-0.001220146,-0.02881299,1.288889,52
0,0.06298896,0.000969558,0.9999129,-0.05805799,-0.05551954,1.000065,0.00246748,-0.02727306,0.9999887,0.05270511,-0.1791576,0.9824076,0,0.001556806,0.9837885,0.1793259,0,0.9986089,0.007921979,-0.05212957,0,0.9784191,-1.673362,-0.2516609,1,0.05270508,0.001556798,0.9986089,0,-0.1791576,0.9837885,0.007921974,0,0.9824076,0.179326,-0.05212959,0,-0.1041298,1.689841,-0.9769207,1,1,1,0.00118896,-0.02531503,0.9996788,0.001244041,-0.001220787,-0.02881211,1.3,53
0,0.0632259,0.0007354077,0.9999312,-0.05511662,-0.05407995,1,0.004055712,-0.02667139,0.9999655,0.05128711,-0.1799389,0.9823399,0,0.002235614,0.9836526,0.1800626,0,0.9986814,0.00703875,-0.05085099,0,0.9772351,-1.674037,-0.2515643,1,0.05128713,0.002235626,0.9986815,0,-0.1799389,0.9836527,0.00703876,0,0.9823399,0.1800627,-0.05085098,0,-0.1042223,1.689784,-0.9769557,1,1,1,0.002732588,-0.02473179,0.9996904,0.001243408,-0.001220047,-0.02880961,1.322222,54
0,0.06432981,0.000628415,1.000018,-0.05447452,-0.05348745,1.000109,0.004928898,-0.02642851,1.000064,0.05054379,-0.1799938,0.9823684,0,0.00216902,0.983643,0.1801158,0,0.9987195,0.006972969,-0.05010748,0,0.9772683,-1.674121,-0.2509903,1,0.05054381,0.002169014,0.9987196,0,-0.1799938,0.9836431,0.006972957,0,0.9823684,0.1801158,-0.05010745,0,-0.1041614,1.689825,-0.9769199,1,1,1,0.003581366,-0.02449427,0.9996935,0.00124292,-0.001219383,-0.02880639,1.333333,55
0,0.06500422,0.0004100085,0.9999602,-0.05414236,-0.0527138,1.000045,0.005432155,-0.02615074,1.000003,0.04994458,-0.1802771,0.9823471,0,0.002193183,0.983592,0.1803941,0,0.9987496,0.006855264,-0.04952049,0,0.9772606,-1.674151,-0.2508874,1,0.04994461,0.002193162,0.9987496,0,-0.1802771,0.983592,0.006855238,0,0.982347,0.1803941,-0.04952047,0,-0.1041614,1.689797,-0.976986,1,1,1,0.004070933,-0.0242265,0.9996982,0.001242569,-0.001218949,-0.02880575,1.344445,56
0,0.06510015,0.001558911,0.9999954,-0.05419114,-0.05180335,1.000036,0.005455066,-0.0251218,1.000016,0.04913163,-0.1803889,0.9823676,0,0.00211817,0.9835719,0.1805041,0,0.9987901,0.006787658,-0.04870659,0,0.9774278,-1.674116,-0.25035,1,0.04913163,0.002118151,0.99879,0,-0.1803889,0.983572,0.006787638,0,0.9823674,0.1805041,-0.04870658,0,-0.1040788,1.689732,-0.9770754,1,1,1,0.004094566,-0.02322594,0.9997219,0.001240997,-0.001220062,-0.02880162,1.366667,57
0,0.06499954,0.002380689,0.9998647,-0.05425863,-0.05384451,0.9999357,0.00537144,-0.02573101,0.9999002,0.04872286,-0.1807947,0.9823133,0,0.002120517,0.9834978,0.1809076,0,0.9988101,0.006731316,-0.04830223,0,0.9773788,-1.674107,-0.2505339,1,0.04872289,0.002120528,0.9988102,0,-0.1807947,0.9834979,0.006731323,0,0.9823132,0.1809076,-0.04830221,0,-0.1041877,1.689731,-0.9770483,1,1,1,0.004017594,-0.02382161,0.9997082,0.001237267,-0.001218895,-0.0287819,1.377778,58
0,0.06729604,0.003641405,0.9999216,-0.05432627,-0.05455489,0.9999681,0.006485451,-0.02545607,0.9999448,0.04803586,-0.1809906,0.9823111,0,0.002337731,0.983464,0.1810887,0,0.9988429,0.006402381,-0.04766464,0,0.9769484,-1.674444,-0.2500802,1,0.04803586,0.002337721,0.9988428,0,-0.1809906,0.9834641,0.006402371,0,0.9823111,0.1810887,-0.04766464,0,-0.1043306,1.689758,-0.9770175,1,1,1,0.005104172,-0.02355382,0.9997096,0.001233055,-0.001219071,-0.02877347,1.4,59
0,0.06722634,0.003279323,0.9997449,-0.05401344,-0.05602375,0.9997748,0.006606929,-0.02637198,0.9997598,0.04785585,-0.1811655,0.9822876,0,0.002418898,0.9834325,0.1812588,0,0.9988514,0.006298244,-0.04750121,0,0.9766333,-1.674535,-0.2499667,1,0.04785584,0.002418894,0.9988513,0,-0.1811655,0.9834325,0.006298242,0,0.9822876,0.1812588,-0.04750122,0,-0.1045664,1.689739,-0.9768385,1,1,1,0.005225415,-0.0244478,0.9996874,0.001230729,-0.001219177,-0.02875874,1.411111,60
0,0.06787846,0.004097393,0.9999314,-0.05397115,-0.05377059,0.9999651,0.006954256,-0.02483612,0.9999483,0.04771829,-0.181436,0.9822444,0,0.002361201,0.9833823,0.1815315,0,0.9988581,0.006343104,-0.04735374,0,0.9766894,-1.674441,-0.2502301,1,0.0477183,0.002361194,0.998858,0,-0.181436,0.9833823,0.006343093,0,0.9822443,0.1815315,-0.04735372,0,-0.1046226,1.689734,-0.9768022,1,1,1,0.005563752,-0.02294186,0.9997213,0.001228699,-0.001229332,-0.02875089,1.422222,61
0,0.06690212,0.002996574,0.999926,-0.05436558,-0.05359025,0.9999471,0.006268539,-0.02529665,0.9999365,0.04766715,-0.1818585,0.9821687,0,0.002156883,0.9833029,0.1819638,0,0.998861,0.006555289,-0.0472635,0,0.9768799,-1.674207,-0.2506439,1,0.04766716,0.002156867,0.998861,0,-0.1818584,0.9833029,0.00655527,0,0.9821686,0.1819638,-0.04726348,0,-0.1048591,1.689753,-0.9766386,1,1,1,0.004898854,-0.02338501,0.9997146,0.001227411,-0.001234283,-0.02874436,1.444445,62
0,0.06645001,0.002115055,1.000068,-0.05333437,-0.05423278,1.000103,0.006558292,-0.02605832,1.000086,0.0475508,-0.1821205,0.9821259,0,0.00190676,0.9832528,0.1822371,0,0.998867,0.006792858,-0.04710174,0,0.977228,-1.673954,-0.2510317,1,0.04755082,0.001906748,0.998867,0,-0.1821205,0.9832528,0.006792842,0,0.9821258,0.1822371,-0.04710171,0,-0.1047846,1.689804,-0.9765739,1,1,1,0.005180215,-0.02411793,0.9996957,0.001227021,-0.001237641,-0.02874285,1.455556,63
0,0.06598102,0.0006599394,1.000154,-0.05429719,-0.05736453,1.000135,0.005841587,-0.02835264,1.000145,0.04780537,-0.1822739,0.982085,0,0.001950681,0.9832243,0.1823904,0,0.9988548,0.006803498,-0.04735893,0,0.977001,-1.673892,-0.251599,1,0.04780534,0.001950685,0.9988548,0,-0.1822739,0.9832242,0.006803506,0,0.9820849,0.1823904,-0.04735896,0,-0.1047211,1.689794,-0.9764092,1,1,1,0.004483217,-0.02633422,0.9996431,0.001227029,-0.001248223,-0.02874479,1.477778,64
0,0.06610867,0.0008161096,1.000068,-0.05459579,-0.05871689,1.000061,0.005756266,-0.02895033,1.000064,0.04796749,-0.1824488,0.9820446,0,0.001891427,0.9831911,0.1825694,0,0.9988472,0.006899945,-0.04750627,0,0.9771664,-1.673705,-0.2521074,1,0.04796746,0.001891407,0.998847,0,-0.1824488,0.9831911,0.006899931,0,0.9820445,0.1825694,-0.0475063,0,-0.104657,1.689751,-0.9764679,1,1,1,0.004398424,-0.02691548,0.9996281,0.001229247,-0.001249573,-0.02874436,1.488889,65
0,0.06443897,-1.811469E-05,0.9999249,-0.05460877,-0.05910369,0.999916,0.004914921,-0.02956084,0.9999205,0.04810327,-0.1825603,0.9820173,0,0.001885161,0.9831702,0.1826823,0,0.9988407,0.006936371,-0.04763782,0,0.9771346,-1.673651,-0.2523457,1,0.04810323,0.001885135,0.9988405,0,-0.1825603,0.9831702,0.006936354,0,0.9820171,0.1826822,-0.04763785,0,-0.1047376,1.68974,-0.9764138,1,1,1,0.003579609,-0.02751168,0.9996151,0.001231071,-0.001249863,-0.02874241,1.5,66
0,0.06478859,-0.0009144307,0.9999666,-0.05454701,-0.05942009,0.9999492,0.005120523,-0.03016751,0.999958,0.04828656,-0.1825971,0.9820014,0,0.001697622,0.9831618,0.1827294,0,0.9988321,0.00715632,-0.04778349,0,0.9773828,-1.673541,-0.2525046,1,0.04828657,0.001697611,0.998832,0,-0.1825971,0.9831617,0.007156307,0,0.9820012,0.1827294,-0.04778347,0,-0.1048185,1.689843,-0.9763305,1,1,1,0.003778196,-0.02809978,0.999598,0.001232125,-0.001249916,-0.02874148,1.522222,67
0,0.06403944,-0.0008857027,1.000068,-0.05582442,-0.06108214,1.000075,0.004107449,-0.03098369,1.000072,0.04821467,-0.1824115,0.9820395,0,0.001271874,0.9831933,0.1825634,0,0.9988363,0.007553212,-0.04763639,0,0.9781061,-1.67316,-0.2521535,1,0.0482147,0.001271872,0.998836,0,-0.1824115,0.9831932,0.007553199,0,0.9820393,0.1825633,-0.04763633,0,-0.104738,1.689829,-0.9763415,1,1,1,0.002791469,-0.02888805,0.9995787,0.001234231,-0.001251236,-0.02873833,1.533333,68
0,0.06477604,-0.002485315,0.9998792,-0.05739086,-0.06198382,0.9998816,0.00369259,-0.0322345,0.9998804,0.04843652,-0.1823184,0.9820459,0,0.0007724315,0.9832063,0.1824958,0,0.998826,0.008080907,-0.04776388,0,0.9789638,-1.672693,-0.2519991,1,0.04843648,0.0007724146,0.9988258,0,-0.1823184,0.9832063,0.008080897,0,0.9820458,0.1824958,-0.04776391,0,-0.1049057,1.689835,-0.976334,1,1,1,0.002385972,-0.03010458,0.9995438,0.001237502,-0.00125412,-0.02873621,1.555556,69
0,0.06465767,2.453569E-05,0.9999207,-0.0570401,-0.06351517,0.9999295,0.003808849,-0.0317453,0.9999251,0.04837185,-0.1822123,0.9820687,0,0.0004573166,0.9832236,0.182404,0,0.9988292,0.008374095,-0.04764372,0,0.9794536,-1.672445,-0.2516526,1,0.0483719,0.0004573343,0.9988294,0,-0.1822122,0.9832236,0.008374104,0,0.9820686,0.182404,-0.04764368,0,-0.1049778,1.689842,-0.9762915,1,1,1,0.002490666,-0.02963334,0.9995578,0.00124582,-0.001248749,-0.02874798,1.566667,70
0,0.06514965,0.0009969408,0.9999043,-0.05729479,-0.05759882,0.999897,0.003927343,-0.02830107,0.9999005,0.04846734,-0.1820615,0.9820919,0,2.016872E-05,0.9832476,0.1822747,0,0.9988247,0.008814573,-0.0476591,0,0.9802132,-1.671957,-0.2513899,1,0.04846737,2.016425E-05,0.9988249,0,-0.1820615,0.9832477,0.008814563,0,0.9820919,0.1822747,-0.04765908,0,-0.1050192,1.68975,-0.9763048,1,1,1,0.002600062,-0.02629439,0.9996509,0.001251686,-0.0012416,-0.02882869,1.588889,71
0,0.06493579,-0.002887269,0.999965,-0.05717138,-0.05900134,0.9999598,0.00388211,-0.03094442,0.9999624,0.04859841,-0.1822585,0.9820489,0,5.07161E-05,0.9832111,0.1824717,0,0.9988184,0.008818045,-0.04779178,0,0.9801821,-1.6719,-0.2518125,1,0.04859845,5.070749E-05,0.9988183,0,-0.1822585,0.9832112,0.008818028,0,0.9820489,0.1824717,-0.04779174,0,-0.1050611,1.689729,-0.9763156,1,1,1,0.002552886,-0.0288607,0.9995801,0.001254463,-0.001240265,-0.02883035,1.6,72
0,0.06415967,-0.002997514,1.00007,-0.05917882,-0.0596546,1.000056,0.002490096,-0.03132636,1.000063,0.04875553,-0.1823796,0.9820187,0,0.0001276582,0.983189,0.1825906,0,0.9988108,0.00877694,-0.04795915,0,0.9802446,-1.671913,-0.2522389,1,0.04875549,0.000127651,0.9988108,0,-0.1823796,0.983189,0.008776939,0,0.9820186,0.1825906,-0.04795918,0,-0.1050118,1.689737,-0.9765018,1,1,1,0.001192957,-0.02922875,0.999572,0.001262093,-0.001240265,-0.02883385,1.611111,73
0,0.06326536,-0.002715239,1.000147,-0.06053321,-0.05985301,1.000139,0.001365837,-0.03128429,1.000143,0.04897553,-0.1824508,0.9819945,0,0.00036975,0.9831775,0.1826522,0,0.9987999,0.008582398,-0.04821908,0,0.9798986,-1.671993,-0.2526872,1,0.04897551,0.000369744,0.9987999,0,-0.1824508,0.9831775,0.008582395,0,0.9819943,0.1826522,-0.0482191,0,-0.1049101,1.689657,-0.9765573,1,1,1,0.0001000292,-0.02918433,0.999574,0.00126294,-0.001241066,-0.0288384,1.633333,74
0,0.06305689,-0.002333039,0.9999595,-0.06214483,-0.0594359,0.9999717,0.0004562959,-0.03088411,0.9999657,0.04900897,-0.1828394,0.9819205,0,0.0006108806,0.9831071,0.1830299,0,0.9987982,0.00837028,-0.04829276,0,0.9795387,-1.6721,-0.2533587,1,0.04900897,0.0006108694,0.9987981,0,-0.1828394,0.9831072,0.008370269,0,0.9819204,0.1830299,-0.04829276,0,-0.1049539,1.689627,-0.9766009,1,1,1,-0.0007852265,-0.02880301,0.9995848,0.001264031,-0.001239319,-0.02884971,1.644444,75
0,0.06282226,-0.003401496,0.9999999,-0.06381099,-0.05903191,0.9999819,-0.0004946627,-0.03121688,0.9999909,0.04935616,-0.1830406,0.9818658,0,0.0008762702,0.9830713,0.1832213,0,0.998781,0.008182734,-0.04868102,0,0.9793645,-1.672088,-0.2542326,1,0.04935615,0.0008762549,0.9987807,0,-0.1830405,0.9830713,0.008182717,0,0.9818656,0.1832213,-0.04868101,0,-0.1047754,1.689505,-0.9768644,1,1,1,-0.001709198,-0.02912436,0.9995744,0.001264839,-0.001239754,-0.02885374,1.666667,76
0,0.06263141,-0.003162637,0.9998817,-0.06350548,-0.05864903,0.9998806,-0.000437066,-0.03090584,0.9998811,0.04945618,-0.1832467,0.9818222,0,0.0008936301,0.9830328,0.1834277,0,0.9987759,0.008194245,-0.0487808,0,0.979414,-1.671992,-0.2545578,1,0.04945618,0.0008936281,0.9987759,0,-0.1832467,0.9830328,0.008194245,0,0.9818222,0.1834276,-0.0487808,0,-0.1048945,1.68944,-0.976932,1,1,1,-0.001655167,-0.02882588,0.9995831,0.001266364,-0.001239128,-0.02886027,1.677778,77
0,0.062633,-0.003279735,0.9998827,-0.06501175,-0.05767648,0.9998821,-0.00118944,-0.03047818,0.9998825,0.04948133,-0.1833001,0.981811,0,0.0009092838,0.9830229,0.1834805,0,0.9987747,0.008186132,-0.04880792,0,0.9796196,-1.672008,-0.2545554,1,0.0494813,0.0009092602,0.9987746,0,-0.1833001,0.983023,0.008186115,0,0.9818108,0.1834805,-0.04880795,0,-0.1050267,1.689437,-0.9771562,1,1,1,-0.002387087,-0.02841361,0.9995934,0.001267312,-0.001235581,-0.02887024,1.688889,78
0,0.06208689,-0.00324006,1.000005,-0.06638153,-0.05861394,0.9999886,-0.002147559,-0.03092719,0.9999968,0.04949981,-0.1834688,0.9817785,0,0.0008627102,0.982991,0.1836519,0,0.9987738,0.00824374,-0.04881614,0,0.9798455,-1.671928,-0.2548214,1,0.0494998,0.0008627153,0.9987738,0,-0.1834688,0.982991,0.008243745,0,0.9817785,0.1836519,-0.04881614,0,-0.1050708,1.689444,-0.9773004,1,1,1,-0.003319839,-0.02885047,0.9995782,0.001269386,-0.001231293,-0.0288755,1.711111,79
0,0.06076501,-0.003282859,0.9999548,-0.0670371,-0.05814108,0.9999793,-0.003135659,-0.03071179,0.999967,0.04930091,-0.1835655,0.9817705,0,0.001085632,0.982975,0.1837362,0,0.9987834,0.007992543,-0.04866087,0,0.9795293,-1.672156,-0.2547768,1,0.04930094,0.001085616,0.9987833,0,-0.1835655,0.9829749,0.007992521,0,0.9817704,0.1837362,-0.04866084,0,-0.1051096,1.689436,-0.9773704,1,1,1,-0.004282171,-0.02864415,0.9995805,0.001272018,-0.001229317,-0.02886802,1.722222,80
0,0.05766926,-0.003717877,1.000008,-0.06648129,-0.05812259,0.9999955,-0.004406314,-0.0309203,1.000002,0.0494464,-0.1834452,0.9817855,0,0.001100093,0.9829974,0.1836163,0,0.9987762,0.007999115,-0.0488075,0,0.979766,-1.672171,-0.2548033,1,0.04944642,0.001100088,0.9987761,0,-0.1834452,0.9829973,0.007999107,0,0.9817856,0.1836162,-0.04880749,0,-0.1050354,1.689447,-0.9776273,1,1,1,-0.005520537,-0.02884899,0.9995686,0.001276085,-0.001225761,-0.02887019,1.744444,81
0,0.05833305,-0.001846152,1.000089,-0.06605649,-0.05876919,1.000097,-0.00386145,-0.03030762,1.000093,0.04934996,-0.1833631,0.9818059,0,0.0010809,0.9830127,0.1835342,0,0.998781,0.007996179,-0.04870987,0,0.9798959,-1.67218,-0.2546621,1,0.04934999,0.001080896,0.9987809,0,-0.1833631,0.9830127,0.007996169,0,0.9818057,0.1835341,-0.04870983,0,-0.1049453,1.689454,-0.9777348,1,1,1,-0.004993781,-0.0282538,0.9995883,0.001278663,-0.001223656,-0.02887193,1.755556,82
0,0.05722813,-0.00219031,0.9999551,-0.06584197,-0.05816086,0.9999469,-0.004307006,-0.03017588,0.9999511,0.04936987,-0.1832978,0.981817,0,0.001162805,0.9830256,0.1834649,0,0.9987799,0.007915989,-0.04874498,0,0.9799402,-1.672319,-0.2545315,1,0.04936987,0.001162794,0.99878,0,-0.1832978,0.9830256,0.007915979,0,0.9818169,0.1834649,-0.04874498,0,-0.1050086,1.689491,-0.9779137,1,1,1,-0.005429142,-0.02813103,0.9995896,0.001280876,-0.00122213,-0.02887216,1.766667,83
0,0.05724233,-0.002126978,0.9998705,-0.06591858,-0.05826842,0.9999027,-0.004337683,-0.03019738,0.9998866,0.04911411,-0.1833258,0.9818245,0,0.001635395,0.9830243,0.183468,0,0.9987918,0.007405192,-0.04858017,0,0.9793884,-1.672808,-0.2541091,1,0.04911411,0.001635398,0.998792,0,-0.1833258,0.9830244,0.007405197,0,0.9818246,0.183468,-0.04858018,0,-0.10528,1.68943,-0.9781625,1,1,1,-0.005459619,-0.02815384,0.9995887,0.001281044,-0.001221847,-0.0288734,1.788889,84
0,0.0552307,-0.002221195,0.9999468,-0.06577928,-0.05830367,0.999981,-0.005273722,-0.03026212,0.9999639,0.04893088,-0.1836166,0.9817794,0,0.00179828,0.9829714,0.1837499,0,0.9988006,0.007225543,-0.04842788,0,0.9792285,-1.67294,-0.2543955,1,0.04893091,0.001798272,0.9988005,0,-0.1836166,0.9829714,0.00722553,0,0.9817793,0.1837499,-0.04842785,0,-0.1053337,1.689436,-0.9782858,1,1,1,-0.006369143,-0.02821462,0.9995816,0.001281449,-0.001221847,-0.02887444,1.8,85
0,0.05581327,-0.004516945,0.9999382,-0.06536981,-0.05940452,0.9999574,-0.004777946,-0.03196067,0.9999478,0.04863477,-0.183495,0.9818169,0,0.001412727,0.9829917,0.1836446,0,0.9988157,0.007544503,-0.04806685,0,0.980049,-1.672691,-0.2537993,1,0.04863481,0.001412706,0.9988155,0,-0.183495,0.9829918,0.007544471,0,0.9818166,0.1836446,-0.04806679,0,-0.1054106,1.689466,-0.9784679,1,1,1,-0.005888305,-0.02986404,0.9995366,0.001282623,-0.001221687,-0.02887529,1.822222,86
