flag,xl,yl,zl,xr,yr,zr,xc,yc,zc,mat_00,mat_10,mat_20,mat_30,mat_01,mat_11,mat_21,mat_31,mat_02,mat_12,mat_22,mat_32,mat_03,mat_13,mat_23,mat_33,ctw_00,ctw_10,ctw_20,ctw_30,ctw_01,ctw_11,ctw_21,ctw_31,ctw_02,ctw_12,ctw_22,ctw_32,ctw_03,ctw_13,ctw_23,ctw_33,opennessl,opennessr,ray_x,ray_y,ray_z,eye_x,eye_y,eye_z,time,frame,u,v
6.0,-0.08319186,-0.1439818,0.9999815,-0.2360585,-0.1497156,0.999997,-0.1596248,-0.1468486,0.9999894,-0.9933792,0.03009558,-0.1108692,0.0,0.01983408,0.9955131,0.09252147,0.0,-0.1131562,-0.08970992,0.989519,0.0,0.2116644,-1.701463,0.7046473,1.0,-0.9933792,0.01983408,-0.1131562,0.0,0.03009558,0.9955131,-0.08970991,0.0,-0.1108692,0.09252147,0.9895189,0.0,0.3395932,1.624436,-0.8259488,1.0,1.0,1.0,-0.156297,-0.1339549,0.9785844,0.003821151,-0.006766922,-0.02335447,24.98889,1550.0,-0.175,-0.15849999999999997
6.0,-0.08327259,-0.1439185,0.9999958,-0.2360221,-0.151078,1.000036,-0.1596464,-0.1474984,1.000016,-0.9933639,0.03009528,-0.1110083,0.0,0.01984268,0.9955304,0.09233338,0.0,-0.1132909,-0.08951792,0.9895211,0.0,0.2115145,-1.701407,0.7051762,1.0,-0.9933635,0.01984267,-0.1132909,0.0,0.03009527,0.9955305,-0.08951791,0.0,-0.1110082,0.09233336,0.9895208,0.0,0.3395955,1.624494,-0.8261303,1.0,1.0,1.0,-0.1563005,-0.1345621,0.9785005,0.003820991,-0.006766113,-0.02335224,25.01111,1551.0,-0.175,-0.15849999999999997
6.0,-0.08487164,-0.1439448,0.9998939,-0.2360125,-0.152383,0.9998928,-0.1604421,-0.148164,0.9998934,-0.9933642,0.03003708,-0.1110206,0.0,0.01981115,0.9955536,0.09208956,0.0,-0.1132931,-0.08927902,0.9895425,0.0,0.2116089,-1.701203,0.7056658,1.0,-0.993364,0.01981115,-0.113293,0.0,0.03003708,0.9955537,-0.08927898,0.0,-0.1110206,0.09208954,0.989542,0.0,0.3396472,1.624462,-0.8261937,1.0,1.0,1.0,-0.1570472,-0.1351874,0.9782947,0.003820915,-0.006765694,-0.02335071,25.02222,1552.0,-0.175,-0.15849999999999997
6.0,-0.08500978,-0.1440845,0.9999573,-0.2361076,-0.1522321,0.9999636,-0.1605585,-0.1481581,0.9999605,-0.9933231,0.03024395,-0.1113318,0.0,0.02001554,0.9955698,0.09187008,0.0,-0.1136171,-0.0890283,0.9895278,0.0,0.2111308,-1.701083,0.70622,1.0,-0.9933228,0.02001554,-0.1136171,0.0,0.03024394,0.9955698,-0.08902829,0.0,-0.1113318,0.09187008,0.9895276,0.0,0.3397933,1.62444,-0.8262807,1.0,1.0,1.0,-0.1571458,-0.1351716,0.9782811,0.003820624,-0.006765587,-0.02334935,25.04445,1553.0,-0.175,-0.15849999999999997
6.0,-0.08537959,-0.1444876,1.000037,-0.2361177,-0.1507072,1.000067,-0.160748,-0.1475976,1.000052,-0.9933035,0.0301723,-0.1115261,0.0,0.0199179,0.9955651,0.09194237,0.0,-0.1138056,-0.08910529,0.9894993,0.0,0.2110839,-1.701059,0.7061353,1.0,-0.9933032,0.01991789,-0.1138056,0.0,0.03017229,0.9955651,-0.08910527,0.0,-0.1115261,0.09194234,0.9894989,0.0,0.3397476,1.624387,-0.8262709,1.0,1.0,1.0,-0.1573205,-0.1346308,0.9783275,0.003820548,-0.006764648,-0.02334825,25.05556,1554.0,-0.175,-0.15849999999999997
6.0,-0.08556056,-0.1446218,1.000054,-0.233831,-0.1525927,1.000073,-0.1596954,-0.1486072,1.000063,-0.9932911,0.0301401,-0.1116452,0.0,0.01986579,0.9955589,0.09202132,0.0,-0.1139229,-0.08918603,0.9894785,0.0,0.2110434,-1.701016,0.7059983,1.0,-0.9932908,0.01986579,-0.1139228,0.0,0.03014009,0.9955589,-0.08918601,0.0,-0.1116451,0.09202132,0.9894783,0.0,0.3397175,1.624302,-0.8262342,1.0,1.0,1.0,-0.1563166,-0.135598,0.9783549,0.003819977,-0.006764923,-0.02334647,25.06667,1555.0,-0.175,-0.15849999999999997
6.0,-0.08537094,-0.144683,0.9999233,-0.2338327,-0.1532407,0.9999066,-0.1596022,-0.148962,0.9999149,-0.9933113,0.0301415,-0.1114641,0.0,0.01984806,0.9955306,0.09233005,0.0,-0.1137489,-0.08950013,0.9894701,0.0,0.2112979,-1.701207,0.7055137,1.0,-0.9933113,0.01984806,-0.1137489,0.0,0.0301415,0.9955305,-0.08950012,0.0,-0.1114641,0.09233004,0.9894699,0.0,0.339801,1.62427,-0.826308,1.0,1.0,1.0,-0.156244,-0.135952,0.9783173,0.003819467,-0.006765007,-0.02334468,25.08889,1556.0,-0.175,-0.15849999999999997
6.0,-0.08530573,-0.1447782,1.000041,-0.2337957,-0.153389,1.000041,-0.1595508,-0.1490837,1.000041,-0.993304,0.03042296,-0.1114519,0.0,0.02011864,0.995515,0.09243967,0.0,-0.1137644,-0.08957843,0.9894611,0.0,0.210837,-1.701371,0.7052984,1.0,-0.9933041,0.02011864,-0.1137644,0.0,0.03042296,0.995515,-0.08957844,0.0,-0.111452,0.09243969,0.9894612,0.0,0.3397928,1.624301,-0.8262858,1.0,1.0,1.0,-0.1561749,-0.136051,0.9783146,0.003819038,-0.006765465,-0.02334321,25.1,1557.0,-0.175,-0.15849999999999997
6.0,-0.08639537,-0.1427971,0.9999891,-0.2340489,-0.1547363,1.000016,-0.1602216,-0.1487668,1.000002,-0.9932634,0.03079098,-0.1117138,0.0,0.02045177,0.9954986,0.09254359,0.0,-0.1140604,-0.0896354,0.989422,0.0,0.2100693,-1.701536,0.7052256,1.0,-0.9932632,0.02045177,-0.1140604,0.0,0.03079098,0.9954985,-0.08963539,0.0,-0.1117137,0.09254357,0.9894218,0.0,0.3398294,1.624316,-0.8263228,1.0,1.0,1.0,-0.1568123,-0.1357451,0.9782551,0.003818077,-0.006765572,-0.02333948,25.12222,1558.0,-0.175,-0.15849999999999997
6.0,-0.08717841,-0.1450194,1.000053,-0.2349237,-0.1540775,1.000062,-0.1610509,-0.1495486,1.000058,-0.9932545,0.03087761,-0.1117682,0.0,0.02052217,0.9954879,0.09264307,0.0,-0.1141245,-0.08972441,0.9894065,0.0,0.209777,-1.701602,0.7050362,1.0,-0.9932544,0.02052217,-0.1141245,0.0,0.03087761,0.9954879,-0.08972441,0.0,-0.1117682,0.09264307,0.9894065,0.0,0.3397039,1.624303,-0.826302,1.0,1.0,1.0,-0.1575611,-0.1364543,0.9780362,0.003817451,-0.006766083,-0.02333683,25.13333,1559.0,-0.175,-0.15849999999999997
6.0,-0.08663711,-0.1450799,0.9999593,-0.2349456,-0.1525448,0.9999716,-0.1607912,-0.1488122,0.9999654,-0.9932204,0.03107107,-0.1120164,0.0,0.02070072,0.99549,0.09258072,0.0,-0.1143877,-0.08963425,0.9893842,0.0,0.2092749,-1.701559,0.7052575,1.0,-0.9932206,0.02070072,-0.1143878,0.0,0.03107107,0.99549,-0.08963426,0.0,-0.1120164,0.09258074,0.9893844,0.0,0.3397257,1.624259,-0.8263502,1.0,1.0,1.0,-0.1573478,-0.13578,0.9781643,0.003817451,-0.006766838,-0.02333568,25.15556,1560.0,-0.175,-0.15849999999999997
6.0,-0.08634283,-0.1457383,0.9999704,-0.2350779,-0.1547929,0.9999688,-0.1607105,-0.1502657,0.9999695,-0.9932313,0.03080175,-0.1119953,0.0,0.02042173,0.9954869,0.09267563,0.0,-0.1143444,-0.08976119,0.9893777,0.0,0.2098101,-1.701591,0.7051328,1.0,-0.9932312,0.02042173,-0.1143444,0.0,0.03080175,0.995487,-0.08976119,0.0,-0.1119953,0.09267563,0.9893777,0.0,0.3397735,1.624278,-0.8263889,1.0,1.0,1.0,-0.1572421,-0.137145,0.9779909,0.003816643,-0.006767296,-0.02333102,25.16667,1561.0,-0.175,-0.15849999999999997
6.0,-0.08570626,-0.143586,1.000038,-0.2379069,-0.1552469,1.000081,-0.1618057,-0.1494164,1.00006,-0.993199,0.03081773,-0.1122789,0.0,0.02041196,0.9954871,0.09267561,0.0,-0.1146282,-0.08975346,0.9893458,0.0,0.2095786,-1.701572,0.7051888,1.0,-0.9931986,0.02041196,-0.1146282,0.0,0.03081772,0.9954872,-0.08975346,0.0,-0.1122789,0.0926756,0.9893455,0.0,0.3397695,1.624261,-0.8263737,1.0,1.0,1.0,-0.1582671,-0.1363151,0.9779416,0.003816376,-0.006766709,-0.02332846,25.17778,1562.0,-0.175,-0.15849999999999997
6.0,-0.08569711,-0.1426031,0.9999496,-0.2379895,-0.1554613,0.9999667,-0.161843,-0.1490323,0.9999582,-0.993171,0.03087882,-0.1125077,0.0,0.02049256,0.9955176,0.09232955,0.0,-0.1148544,-0.08939345,0.9893519,0.0,0.209219,-1.701373,0.7058702,1.0,-0.9931709,0.02049256,-0.1148545,0.0,0.03087882,0.9955176,-0.08939347,0.0,-0.1125077,0.09232956,0.989352,0.0,0.3397425,1.624286,-0.826416,1.0,1.0,1.0,-0.1583248,-0.1359677,0.9779806,0.003816453,-0.006765946,-0.02332779,25.2,1563.0,-0.175,-0.15849999999999997
6.0,-0.08607377,-0.1422185,1.000065,-0.2376252,-0.1512576,1.000101,-0.1618487,-0.146738,1.000082,-0.9931387,0.03108753,-0.1127362,0.0,0.02067215,0.9955068,0.09240629,0.0,-0.1151024,-0.08944175,0.989319,0.0,0.2086932,-1.701497,0.7057617,1.0,-0.9931384,0.02067215,-0.1151023,0.0,0.03108753,0.9955069,-0.08944174,0.0,-0.1127362,0.09240629,0.9893187,0.0,0.3397214,1.624321,-0.826387,1.0,1.0,1.0,-0.1583595,-0.1337998,0.9782739,0.00381717,-0.006765488,-0.02332678,25.21111,1564.0,-0.175,-0.15849999999999997
6.0,-0.0864267,-0.1426343,1.000002,-0.2376106,-0.1512644,1.000018,-0.1620183,-0.1469494,1.00001,-0.9930949,0.0309651,-0.113153,0.0,0.02047158,0.995479,0.09274958,0.0,-0.1155134,-0.08979271,0.9892391,0.0,0.2087167,-1.701576,0.7052883,1.0,-0.993095,0.02047158,-0.1155134,0.0,0.0309651,0.995479,-0.08979273,0.0,-0.113153,0.09274957,0.9892391,0.0,0.3397705,1.624195,-0.8263783,1.0,1.0,1.0,-0.1585246,-0.1340046,0.9782192,0.003817514,-0.006764832,-0.02332524,25.23333,1565.0,-0.175,-0.15849999999999997
6.0,-0.08647043,-0.143233,1.000017,-0.2380759,-0.15089,0.9999865,-0.1622739,-0.1470617,1.000002,-0.9931211,0.0309613,-0.1129246,0.0,0.02044597,0.9954454,0.09311489,0.0,-0.1152932,-0.0901655,0.989231,0.0,0.2088333,-1.701791,0.7046287,1.0,-0.993121,0.02044597,-0.1152932,0.0,0.0309613,0.9954454,-0.09016549,0.0,-0.1129246,0.09311488,0.9892307,0.0,0.3396564,1.624159,-0.8264061,1.0,1.0,1.0,-0.1587617,-0.134109,0.9781663,0.003817322,-0.006761933,-0.02332282,25.24445,1566.0,-0.175,-0.15849999999999997
6.0,-0.08691526,-0.1425001,0.9998998,-0.2380194,-0.1519563,0.9998786,-0.1624679,-0.1472283,0.9998892,-0.9931612,0.03111029,-0.11253,0.0,0.02057675,0.9953986,0.09358493,0.0,-0.1149236,-0.09062942,0.9892315,0.0,0.2089431,-1.702175,0.7038703,1.0,-0.9931611,0.02057675,-0.1149236,0.0,0.03111029,0.9953986,-0.09062944,0.0,-0.11253,0.09358494,0.9892315,0.0,0.3396758,1.624172,-0.8265454,1.0,1.0,1.0,-0.1589551,-0.1342743,0.9781123,0.003816269,-0.006763077,-0.02332091,25.26667,1567.0,-0.175,-0.15849999999999997
6.0,-0.08713806,-0.1452082,1.000076,-0.2405539,-0.1536087,1.00007,-0.163846,-0.1494083,1.000073,-0.9931617,0.03125234,-0.1124859,0.0,0.0207145,0.9953887,0.09365956,0.0,-0.1148942,-0.090689,0.9892294,0.0,0.2087801,-1.70228,0.7036642,1.0,-0.9931618,0.02071451,-0.1148942,0.0,0.03125234,0.9953888,-0.09068898,0.0,-0.1124858,0.09365954,0.9892293,0.0,0.3397049,1.624201,-0.8264756,1.0,1.0,1.0,-0.1601663,-0.1362703,0.9776385,0.00381585,-0.006760766,-0.02331848,25.27778,1568.0,-0.175,-0.15849999999999997
6.0,-0.08780186,-0.1455665,1.000022,-0.240819,-0.1537086,1.000033,-0.1643101,-0.1496373,1.000028,-0.9931461,0.03149714,-0.1125565,0.0,0.02095192,0.9953827,0.09367189,0.0,-0.1149872,-0.09067158,0.9892203,0.0,0.2082909,-1.702379,0.7036461,1.0,-0.9931459,0.02095192,-0.1149872,0.0,0.03149713,0.9953827,-0.09067158,0.0,-0.1125565,0.09367189,0.9892202,0.0,0.3396833,1.624243,-0.8264675,1.0,1.0,1.0,-0.1605978,-0.1364822,0.9775382,0.003813316,-0.006759857,-0.02331803,25.28889,1569.0,-0.175,-0.15849999999999997
6.0,-0.08882909,-0.1464119,0.9999579,-0.2418773,-0.1547051,0.9999444,-0.1653535,-0.1505587,0.9999512,-0.9931622,0.03161785,-0.1123803,0.0,0.02117588,0.995448,0.09292415,0.0,-0.1148068,-0.08990899,0.9893109,0.0,0.2080389,-1.701925,0.7048578,1.0,-0.9931621,0.02117588,-0.1148068,0.0,0.03161785,0.9954481,-0.08990899,0.0,-0.1123803,0.09292415,0.9893107,0.0,0.3396397,1.624274,-0.8264574,1.0,1.0,1.0,-0.1615558,-0.1373387,0.9772604,0.00380809,-0.006754883,-0.02331713,25.31111,1570.0,-0.175,-0.15849999999999997
6.0,-0.08883382,-0.1441214,1.000039,-0.2406857,-0.1558081,1.000019,-0.1647602,-0.1499649,1.000029,-0.9931822,0.03147582,-0.1122431,0.0,0.02103961,0.9954457,0.09297957,0.0,-0.1146585,-0.08998409,0.9893212,0.0,0.2083239,-1.701933,0.704687,1.0,-0.9931821,0.02103961,-0.1146585,0.0,0.03147582,0.9954457,-0.08998409,0.0,-0.1122431,0.09297956,0.9893211,0.0,0.3395695,1.624277,-0.8264225,1.0,1.0,1.0,-0.1610035,-0.1367879,0.9774287,0.00380642,-0.006751717,-0.02331374,25.32222,1571.0,-0.175,-0.15849999999999997
6.0,-0.08880297,-0.1443129,1.000035,-0.240715,-0.1559136,1.000068,-0.1647583,-0.150113,1.000051,-0.9931591,0.03134175,-0.1124861,0.0,0.02090922,0.9954695,0.09275439,0.0,-0.1148835,-0.08976786,0.9893149,0.0,0.2082729,-1.701754,0.7050834,1.0,-0.9931587,0.02090922,-0.1148835,0.0,0.03134174,0.9954695,-0.08976784,0.0,-0.112486,0.09275438,0.9893144,0.0,0.339496,1.624289,-0.8263848,1.0,1.0,1.0,-0.1609956,-0.1369248,0.9774109,0.00380642,-0.006751717,-0.02331149,25.33333,1572.0,-0.175,-0.15849999999999997
6.0,-0.08860103,-0.1449511,1.000012,-0.2401145,-0.1556645,1.000034,-0.1643572,-0.1503079,1.000023,-0.9931419,0.03156356,-0.1125748,0.0,0.0211101,0.9954545,0.09286947,0.0,-0.1149944,-0.08985608,0.9892938,0.0,0.2078442,-1.701913,0.7049146,1.0,-0.9931417,0.0211101,-0.1149944,0.0,0.03156356,0.9954545,-0.08985609,0.0,-0.1125748,0.09286947,0.9892938,0.0,0.3394928,1.624324,-0.8263941,1.0,1.0,1.0,-0.1606228,-0.1371198,0.9774449,0.00380642,-0.006750855,-0.02331038,25.35556,1573.0,-0.175,-0.15849999999999997
6.0,-0.08850694,-0.1436874,1.000068,-0.2391321,-0.1556899,1.000068,-0.1638196,-0.1496887,1.000068,-0.9931492,0.03132131,-0.1125792,0.0,0.0208709,0.9954627,0.09283502,0.0,-0.1149761,-0.08984938,0.9892967,0.0,0.2081604,-1.701797,0.7049019,1.0,-0.9931488,0.02087089,-0.1149761,0.0,0.03132131,0.9954628,-0.08984937,0.0,-0.1125791,0.09283502,0.9892964,0.0,0.3393939,1.624292,-0.8263289,1.0,1.0,1.0,-0.1601289,-0.1365485,0.9776058,0.00380642,-0.006747139,-0.02330883,25.36667,1574.0,-0.175,-0.15849999999999997
6.0,-0.08835053,-0.1438792,0.9999684,-0.2391742,-0.155674,0.9999479,-0.1637629,-0.1497768,0.9999582,-0.9931679,0.03096171,-0.1125139,0.0,0.02057181,0.9955133,0.09235792,0.0,-0.1148686,-0.08941229,0.9893488,0.0,0.2086245,-1.7014,0.7057238,1.0,-0.9931674,0.0205718,-0.1148686,0.0,0.03096171,0.9955134,-0.08941227,0.0,-0.1125138,0.09235791,0.9893484,0.0,0.339281,1.624296,-0.8263684,1.0,1.0,1.0,-0.1600916,-0.1366473,0.9775981,0.003807412,-0.006746697,-0.02330785,25.38889,1575.0,-0.175,-0.15849999999999997
6.0,-0.08847133,-0.1427784,1.000081,-0.2391674,-0.1541153,1.000069,-0.1638197,-0.1484469,1.000075,-0.9931922,0.03049761,-0.1124246,0.0,0.02009677,0.9955087,0.09251261,0.0,-0.114741,-0.08962342,0.9893444,0.0,0.2094496,-1.701437,0.7053732,1.0,-0.993192,0.02009677,-0.114741,0.0,0.03049761,0.9955087,-0.08962342,0.0,-0.1124245,0.09251261,0.9893443,0.0,0.3392147,1.62433,-0.8263131,1.0,1.0,1.0,-0.1601573,-0.1353854,0.977763,0.003809761,-0.006745866,-0.02330454,25.4,1576.0,-0.175,-0.15849999999999997
6.0,-0.08881256,-0.142071,1.000069,-0.234017,-0.1544273,1.000046,-0.1614152,-0.1482491,1.000058,-0.9932551,0.03048918,-0.1118691,0.0,0.02008876,0.9954685,0.09294578,0.0,-0.114196,-0.09007155,0.9893667,0.0,0.2099133,-1.701717,0.7043447,1.0,-0.993255,0.02008876,-0.114196,0.0,0.03048918,0.9954684,-0.09007156,0.0,-0.1118691,0.09294577,0.9893667,0.0,0.3391758,1.624323,-0.8261603,1.0,1.0,1.0,-0.1579253,-0.1352513,0.9781445,0.003810318,-0.006745537,-0.0233028,25.42222,1577.0,-0.175,-0.15849999999999997
6.0,-0.08860953,-0.1412141,1.000109,-0.2341952,-0.1538031,1.00012,-0.1614021,-0.1475086,1.000115,-0.9932438,0.03082648,-0.1118779,0.0,0.0203636,0.9954123,0.09348611,0.0,-0.1142465,-0.09057625,0.9893149,0.0,0.2093784,-1.702121,0.703397,1.0,-0.9932436,0.0203636,-0.1142465,0.0,0.03082648,0.9954124,-0.09057624,0.0,-0.1118779,0.0934861,0.9893146,0.0,0.3391287,1.624291,-0.8261318,1.0,1.0,1.0,-0.1579199,-0.1345493,0.9782422,0.003810456,-0.006746605,-0.02330166,25.43333,1578.0,-0.175,-0.15849999999999997
6.0,-0.08823874,-0.1408452,1.000154,-0.2368334,-0.1527694,1.000161,-0.1625359,-0.1468072,1.000157,-0.9932214,0.03172739,-0.1118244,0.0,0.02120883,0.9953436,0.09402779,0.0,-0.1142869,-0.09101874,0.9892695,0.0,0.2077912,-1.702655,0.7023926,1.0,-0.9932213,0.02120883,-0.1142869,0.0,0.0317274,0.9953437,-0.09101875,0.0,-0.1118244,0.09402779,0.9892694,0.0,0.338948,1.624276,-0.8260812,1.0,1.0,1.0,-0.158985,-0.1338618,0.978164,0.003811005,-0.006747215,-0.02330087,25.45556,1579.0,-0.175,-0.15849999999999997
6.0,-0.08832992,-0.140425,1.000041,-0.2382473,-0.1537289,1.000054,-0.1632883,-0.1470769,1.000047,-0.9932048,0.03200398,-0.1118921,0.0,0.02145898,0.9953213,0.09420753,0.0,-0.1143836,-0.0911663,0.9892447,0.0,0.2074061,-1.702723,0.7020944,1.0,-0.9932048,0.02145898,-0.1143836,0.0,0.03200398,0.9953212,-0.09116629,0.0,-0.1118921,0.09420754,0.9892447,0.0,0.3390495,1.624163,-0.8260502,1.0,1.0,1.0,-0.1596973,-0.1341144,0.9780133,0.003811478,-0.006746414,-0.02329953,25.46667,1580.0,-0.175,-0.15849999999999997
6.0,-0.08833908,-0.1399072,1.000051,-0.2379614,-0.1488604,1.000078,-0.1631496,-0.1443838,1.000065,-0.9931804,0.03208395,-0.112088,0.0,0.02153344,0.9953298,0.09410046,0.0,-0.1145836,-0.09104507,0.9892329,0.0,0.2070734,-1.702628,0.7022759,1.0,-0.99318,0.02153344,-0.1145836,0.0,0.03208395,0.9953297,-0.09104505,0.0,-0.112088,0.09410043,0.9892325,0.0,0.3390049,1.624133,-0.8260028,1.0,1.0,1.0,-0.1596201,-0.1315876,0.9783691,0.003811211,-0.0067454,-0.02329823,25.47778,1581.0,-0.175,-0.15849999999999997
6.0,-0.0876714,-0.1404498,1.000098,-0.2404242,-0.1479021,1.000132,-0.1640469,-0.144176,1.000115,-0.9931793,0.03134164,-0.1123066,0.0,0.02077862,0.9953534,0.09402043,0.0,-0.1147316,-0.09104556,0.9892156,0.0,0.2082258,-1.702487,0.7023543,1.0,-0.9931791,0.02077862,-0.1147316,0.0,0.03134164,0.9953534,-0.09104556,0.0,-0.1123066,0.09402043,0.9892156,0.0,0.3390433,1.624214,-0.8258936,1.0,1.0,1.0,-0.1604546,-0.1313698,0.9782619,0.003812928,-0.00674363,-0.02329531,25.5,1582.0,-0.175,-0.15849999999999997
6.0,-0.08637818,-0.1392514,1.000088,-0.2405226,-0.147807,1.000125,-0.1634495,-0.143529,1.000107,-0.9931618,0.03101413,-0.1125515,0.0,0.02043158,0.9953637,0.09398781,0.0,-0.1149447,-0.09104548,0.9891908,0.0,0.2085669,-1.702391,0.7023979,1.0,-0.9931617,0.02043158,-0.1149447,0.0,0.03101413,0.9953637,-0.09104549,0.0,-0.1125515,0.0939878,0.9891908,0.0,0.3389948,1.62422,-0.8258269,1.0,1.0,1.0,-0.1599139,-0.130775,0.9784302,0.003814522,-0.00674363,-0.02329453,25.51111,1583.0,-0.175,-0.15849999999999997
6.0,-0.08614176,-0.1390449,1.000176,-0.2414306,-0.1475168,1.000264,-0.163784,-0.1432806,1.00022,-0.9930832,0.03081245,-0.1132988,0.0,0.02009905,0.9953207,0.09451336,0.0,-0.1156808,-0.09158242,0.9890555,0.0,0.2085467,-1.7026,0.7015155,1.0,-0.9930828,0.02009904,-0.1156808,0.0,0.03081245,0.9953207,-0.0915824,0.0,-0.1132988,0.09451334,0.9890553,0.0,0.3390463,1.624139,-0.825641,1.0,1.0,1.0,-0.160214,-0.130525,0.9784144,0.003815116,-0.006740166,-0.02329415,25.53333,1584.0,-0.175,-0.15849999999999997
6.0,-0.08584337,-0.1396815,1.000167,-0.24418,-0.1475547,1.000236,-0.16501,-0.1436179,1.000201,-0.9930367,0.03075662,-0.1137197,0.0,0.01998162,0.9953049,0.09470421,0.0,-0.1160986,-0.09177245,0.9889889,0.0,0.2083187,-1.702684,0.7011892,1.0,-0.9930366,0.01998162,-0.1160985,0.0,0.03075662,0.9953049,-0.09177245,0.0,-0.1137197,0.09470421,0.9889888,0.0,0.3389759,1.624121,-0.8255422,1.0,1.0,1.0,-0.1613523,-0.1308226,0.9781875,0.003816041,-0.006736557,-0.02329374,25.54445,1585.0,-0.175,-0.15849999999999997
6.0,-0.0855263,-0.1397146,1.000211,-0.246155,-0.1474593,1.000211,-0.1658407,-0.1435869,1.000211,-0.9930453,0.03046901,-0.1137226,0.0,0.01969915,0.9953154,0.09465248,0.0,-0.1160739,-0.09175395,0.9889935,0.0,0.2087968,-1.702473,0.7010598,1.0,-0.9930451,0.01969915,-0.1160738,0.0,0.03046901,0.9953155,-0.09175394,0.0,-0.1137226,0.09465247,0.9889933,0.0,0.3389436,1.624027,-0.8253162,1.0,1.0,1.0,-0.1621253,-0.1307755,0.9780661,0.003816246,-0.006736557,-0.02329092,25.55556,1586.0,-0.175,-0.15849999999999997
6.0,-0.08470961,-0.1397663,0.9999595,-0.2441465,-0.1428683,0.9999076,-0.1644292,-0.1413171,0.9999335,-0.9930688,0.03025525,-0.1135739,0.0,0.01958313,0.9953859,0.09393231,0.0,-0.1158918,-0.09105711,0.9890792,0.0,0.2088779,-1.701978,0.702053,1.0,-0.9930688,0.01958313,-0.1158918,0.0,0.03025525,0.9953859,-0.09105711,0.0,-0.1135739,0.0939323,0.9890792,0.0,0.3386588,1.624089,-0.825156,1.0,1.0,1.0,-0.1608988,-0.1287042,0.9785432,0.003816246,-0.006736557,-0.0232898,25.57778,1587.0,-0.175,-0.15849999999999997
6.0,-0.08274122,-0.140443,1.00009,-0.2416433,-0.1432131,1.00008,-0.1621925,-0.1418282,1.000085,-0.9930774,0.03017025,-0.1135229,0.0,0.01953905,0.9954161,0.0936214,0.0,-0.1158272,-0.09075515,0.9891148,0.0,0.2089355,-1.701791,0.7024311,1.0,-0.993077,0.01953904,-0.1158271,0.0,0.03017025,0.9954162,-0.09075512,0.0,-0.1135229,0.09362137,0.9891143,0.0,0.3385745,1.624146,-0.8250305,1.0,1.0,1.0,-0.1587808,-0.1292145,0.9788219,0.003815399,-0.006733109,-0.02328838,25.58889,1588.0,-0.175,-0.15849999999999997
6.0,-0.08248895,-0.141351,1.000166,-0.2444279,-0.141716,1.000188,-0.1634578,-0.1415336,1.000177,-0.9930601,0.0303209,-0.1136329,0.0,0.01977139,0.9954846,0.09284113,0.0,-0.1159348,-0.08995014,0.9891756,0.0,0.2082684,-1.701331,0.7034959,1.0,-0.9930599,0.01977139,-0.1159348,0.0,0.0303209,0.9954847,-0.08995013,0.0,-0.1136329,0.09284114,0.9891754,0.0,0.3383492,1.624218,-0.8247702,1.0,1.0,1.0,-0.1599523,-0.1289029,0.9786723,0.003815116,-0.006731872,-0.02328638,25.61111,1589.0,-0.175,-0.15849999999999997
6.0,-0.08332945,-0.1415345,1.000109,-0.2466969,-0.1449862,1.0001,-0.1650133,-0.1432603,1.000104,-0.9930694,0.03019828,-0.1135842,0.0,0.01967014,0.9955003,0.09269404,0.0,-0.1158723,-0.08981738,0.9891949,0.0,0.2085173,-1.70126,0.7036004,1.0,-0.9930693,0.01967014,-0.1158723,0.0,0.03019828,0.9955004,-0.08981739,0.0,-0.1135842,0.09269404,0.9891949,0.0,0.3383652,1.624284,-0.8246393,1.0,1.0,1.0,-0.1613686,-0.1305034,0.9782274,0.003804345,-0.006732445,-0.02328046,25.62222,1590.0,-0.175,-0.15849999999999997
6.0,-0.08328151,-0.141627,1.000185,-0.2491037,-0.141313,1.000136,-0.1661938,-0.14147,1.00016,-0.9931172,0.02972345,-0.1132915,0.0,0.01922756,0.9955143,0.09263628,0.0,-0.1155368,-0.08982035,0.989234,0.0,0.2094378,-1.701129,0.7034107,1.0,-0.9931169,0.01922755,-0.1155368,0.0,0.02972344,0.9955144,-0.08982035,0.0,-0.1132915,0.09263627,0.9892337,0.0,0.3382501,1.62431,-0.8244358,1.0,1.0,1.0,-0.1624873,-0.1287896,0.9782694,0.003795838,-0.006734734,-0.02327732,25.63333,1591.0,-0.175,-0.15849999999999997
6.0,-0.08393997,-0.1424624,1.000183,-0.247347,-0.1409101,1.000159,-0.1656441,-0.1416861,1.000171,-0.9931662,0.02919256,-0.1129998,0.0,0.01878142,0.9955702,0.09212562,0.0,-0.1151886,-0.08937375,0.989315,0.0,0.210401,-1.700626,0.7037807,1.0,-0.9931659,0.01878141,-0.1151886,0.0,0.02919255,0.9955702,-0.08937372,0.0,-0.1129998,0.0921256,0.9893147,0.0,0.3381357,1.624305,-0.824016,1.0,1.0,1.0,-0.1619674,-0.1290006,0.9783278,0.003793214,-0.006736641,-0.02327647,25.65556,1592.0,-0.175,-0.15849999999999997
6.0,-0.0841392,-0.1435212,1.000089,-0.2473874,-0.1404786,1.00008,-0.1657636,-0.1419999,1.000085,-0.9931778,0.02899977,-0.1129473,0.0,0.01864145,0.9956114,0.09170852,0.0,-0.1151112,-0.08897736,0.9893597,0.0,0.2106071,-1.700366,0.7043229,1.0,-0.9931776,0.01864145,-0.1151111,0.0,0.02899977,0.9956114,-0.08897734,0.0,-0.1129473,0.09170851,0.9893595,0.0,0.3380319,1.624386,-0.8238794,1.0,1.0,1.0,-0.162085,-0.1293023,0.9782686,0.00379255,-0.006738571,-0.02327513,25.66667,1593.0,-0.175,-0.15849999999999997
6.0,-0.08410898,-0.1430817,1.000168,-0.2474214,-0.1407239,1.000222,-0.1657637,-0.141903,1.000195,-0.9931098,0.02904452,-0.1135321,0.0,0.0186769,0.9956447,0.09133818,0.0,-0.1156905,-0.08858841,0.9893271,0.0,0.2099372,-1.700181,0.7047556,1.0,-0.9931096,0.0186769,-0.1156905,0.0,0.02904452,0.9956448,-0.08858841,0.0,-0.113532,0.09133818,0.9893268,0.0,0.3378839,1.624485,-0.8235622,1.0,1.0,1.0,-0.1620707,-0.1291963,0.978285,0.00379255,-0.006739396,-0.02327436,25.68889,1594.0,-0.175,-0.15849999999999997
6.0,-0.08417111,-0.1414488,1.000223,-0.2481095,-0.1407182,1.000286,-0.1661387,-0.1410834,1.000255,-0.9930576,0.02930923,-0.1139208,0.0,0.01891962,0.9956498,0.09123403,0.0,-0.1160992,-0.08844529,0.989292,0.0,0.2091117,-1.70007,0.7048218,1.0,-0.9930573,0.01891962,-0.1160992,0.0,0.02930922,0.9956498,-0.08844528,0.0,-0.1139208,0.09123402,0.9892917,0.0,0.3377815,1.624415,-0.8233598,1.0,1.0,1.0,-0.1624271,-0.1284082,0.9783295,0.00379255,-0.006743683,-0.02327329,25.7,1595.0,-0.175,-0.15849999999999997
6.0,-0.08421256,-0.142464,1.000169,-0.2493766,-0.1389838,1.00023,-0.166793,-0.1407239,1.000199,-0.992995,0.02924867,-0.1144801,0.0,0.01880517,0.9956491,0.09126453,0.0,-0.1166514,-0.0884724,0.9892247,0.0,0.2086276,-1.700002,0.7045799,1.0,-0.9929948,0.01880517,-0.1166514,0.0,0.02924867,0.9956492,-0.08847237,0.0,-0.1144801,0.09126452,0.9892243,0.0,0.3375492,1.624379,-0.823054,1.0,1.0,1.0,-0.1630525,-0.1280609,0.978271,0.00379364,-0.006746346,-0.02327352,25.72222,1596.0,-0.175,-0.15849999999999997
6.0,-0.08303297,-0.1426869,1.000142,-0.246687,-0.140202,1.000181,-0.1648589,-0.1414444,1.000162,-0.9929847,0.02863422,-0.1147255,0.0,0.01823798,0.9957145,0.09066413,0.0,-0.1168299,-0.08793572,0.9892514,0.0,0.209328,-1.699482,0.7054507,1.0,-0.9929843,0.01823797,-0.1168299,0.0,0.02863422,0.9957146,-0.08793571,0.0,-0.1147254,0.09066413,0.9892512,0.0,0.3374559,1.624423,-0.8228573,1.0,1.0,1.0,-0.161248,-0.128778,0.978476,0.003798241,-0.006749733,-0.02327375,25.73333,1597.0,-0.175,-0.15849999999999997
6.0,-0.08333188,-0.1407725,1.000072,-0.2447952,-0.1374518,1.000115,-0.1640624,-0.1391119,1.000094,-0.9929675,0.02812928,-0.1149978,0.0,0.01777053,0.9957714,0.09013028,0.0,-0.1170468,-0.08745285,0.9892685,0.0,0.2097,-1.699097,0.706298,1.0,-0.9929674,0.01777053,-0.1170468,0.0,0.02812928,0.9957715,-0.08745285,0.0,-0.1149977,0.09013027,0.9892684,0.0,0.3372423,1.624527,-0.8227645,1.0,1.0,1.0,-0.1605654,-0.1266159,0.9788704,0.003801879,-0.006741287,-0.02327332,25.74445,1598.0,-0.175,-0.15849999999999997
6.0,-0.08317614,-0.1427385,1.00009,-0.243108,-0.140599,1.000067,-0.1631427,-0.1416687,1.000078,-0.9929991,0.02754994,-0.1148649,0.0,0.01727899,0.9958394,0.08947285,0.0,-0.116852,-0.08686171,0.9893436,0.0,0.2106206,-1.698591,0.7071128,1.0,-0.992999,0.01727899,-0.116852,0.0,0.02754994,0.9958394,-0.08686171,0.0,-0.1148649,0.08947286,0.9893435,0.0,0.3371646,1.624618,-0.8225085,1.0,1.0,1.0,-0.1596579,-0.1290441,0.9787017,0.003799072,-0.0067379,-0.02327283,25.76667,1599.0,-0.175,-0.15849999999999997
6.0,-0.08377787,-0.1428362,1.000259,-0.2427676,-0.1417984,1.000215,-0.1632737,-0.1423172,1.000237,-0.9930378,0.02731727,-0.1145861,0.0,0.01705519,0.9958317,0.08960041,0.0,-0.1165561,-0.0870223,0.9893645,0.0,0.2111341,-1.69862,0.7065657,1.0,-0.9930375,0.01705519,-0.1165561,0.0,0.02731727,0.9958318,-0.08702228,0.0,-0.1145861,0.08960041,0.9893641,0.0,0.3370283,1.624631,-0.8222596,1.0,1.0,1.0,-0.159743,-0.1296322,0.97861,0.003798195,-0.006737778,-0.02327172,25.77778,1600.0,-0.175,-0.15849999999999997
6.0,-0.08373547,-0.1437059,1.000168,-0.2417044,-0.1427556,1.000131,-0.1627207,-0.1432306,1.000149,-0.9930708,0.02786342,-0.1141671,0.0,0.01759638,0.995789,0.08997022,0.0,-0.1161932,-0.08733787,0.9893793,0.0,0.2104353,-1.698869,0.7055409,1.0,-0.9930707,0.01759638,-0.1161932,0.0,0.02786342,0.995789,-0.08733786,0.0,-0.1141671,0.08997021,0.9893791,0.0,0.336863,1.624534,-0.8219718,1.0,1.0,1.0,-0.1592214,-0.1305088,0.9785785,0.003796677,-0.006742585,-0.02326984,25.8,1601.0,-0.175,-0.15849999999999997
6.0,-0.0847486,-0.1442074,1.000199,-0.238399,-0.1473275,1.000154,-0.1615749,-0.1457675,1.000176,-0.9930806,0.02873129,-0.1138661,0.0,0.0184724,0.995757,0.090148,0.0,-0.115973,-0.08742085,0.9893978,0.0,0.2091537,-1.699191,0.7049684,1.0,-0.9930805,0.0184724,-0.115973,0.0,0.02873129,0.995757,-0.08742084,0.0,-0.1138661,0.09014799,0.9893976,0.0,0.3367984,1.624567,-0.8217826,1.0,1.0,1.0,-0.158097,-0.1329049,0.9784384,0.003794442,-0.00674952,-0.02326867,25.81111,1602.0,-0.175,-0.15849999999999997
6.0,-0.08464711,-0.1405818,1.00007,-0.2395689,-0.1468611,1.000062,-0.1621083,-0.1437214,1.000066,-0.9930677,0.02926637,-0.113842,0.0,0.0190604,0.995784,0.08972713,0.0,-0.115988,-0.08693525,0.9894388,0.0,0.2081539,-1.699021,0.7055452,1.0,-0.9930677,0.0190604,-0.1159881,0.0,0.02926637,0.995784,-0.08693524,0.0,-0.113842,0.08972714,0.9894387,0.0,0.3367558,1.624584,-0.8216552,1.0,1.0,1.0,-0.158646,-0.1309773,0.9786094,0.003788232,-0.006758835,-0.02326731,25.82222,1603.0,-0.175,-0.15849999999999997
6.0,-0.08411886,-0.1423372,1.000054,-0.238822,-0.1487998,1.000082,-0.1614698,-0.1455685,1.000068,-0.9929805,0.02995731,-0.1144234,0.0,0.01978676,0.9958343,0.08900853,0.0,-0.1166132,-0.08611964,0.9894367,0.0,0.2064441,-1.698784,0.7067112,1.0,-0.9929801,0.01978676,-0.1166132,0.0,0.02995731,0.9958343,-0.08611963,0.0,-0.1144234,0.0890085,0.9894364,0.0,0.3367501,1.624719,-0.8214703,1.0,1.0,1.0,-0.1580157,-0.1327326,0.9784749,0.003790467,-0.006750298,-0.02326708,25.84444,1604.0,-0.175,-0.15849999999999997
6.0,-0.08426034,-0.1418717,1.000088,-0.2388769,-0.1491263,1.000144,-0.1615673,-0.1454988,1.000116,-0.9929403,0.02981743,-0.1148076,0.0,0.01964251,0.9958595,0.08875833,0.0,-0.1169788,-0.0858766,0.9894147,0.0,0.2063654,-1.698595,0.7071369,1.0,-0.99294,0.01964251,-0.1169787,0.0,0.02981742,0.9958594,-0.08587659,0.0,-0.1148075,0.08875831,0.9894145,0.0,0.3367408,1.624744,-0.8213806,1.0,1.0,1.0,-0.1581008,-0.1326655,0.9784703,0.003790489,-0.006744225,-0.02326648,25.85556,1605.0,-0.175,-0.15849999999999997
6.0,-0.08386654,-0.1440014,1.000182,-0.2389808,-0.1484436,1.000245,-0.1614222,-0.1462223,1.000213,-0.9928792,0.02931482,-0.1154639,0.0,0.01900944,0.9958177,0.08936248,0.0,-0.1176006,-0.08653123,0.9892839,0.0,0.2068797,-1.698766,0.7060092,1.0,-0.9928788,0.01900945,-0.1176006,0.0,0.02931481,0.9958178,-0.08653121,0.0,-0.1154639,0.08936247,0.9892837,0.0,0.336724,1.624638,-0.8211104,1.0,1.0,1.0,-0.1579379,-0.1333399,0.9784049,0.003791985,-0.006740158,-0.02326614,25.87778,1606.0,-0.175,-0.15849999999999997
6.0,-0.08321934,-0.1430468,1.000159,-0.2378211,-0.1493501,1.000142,-0.1605207,-0.1461985,1.00015,-0.9929037,0.02904444,-0.1153203,0.0,0.01869715,0.995783,0.08981505,0.0,-0.1174426,-0.08702153,0.9892596,0.0,0.2075178,-1.698964,0.7051012,1.0,-0.9929035,0.01869715,-0.1174426,0.0,0.02904444,0.9957829,-0.08702153,0.0,-0.1153202,0.08981504,0.9892595,0.0,0.3367031,1.624591,-0.8210031,1.0,1.0,1.0,-0.1571115,-0.1333357,0.9785385,0.003795685,-0.006748924,-0.02326141,25.88889,1607.0,-0.175,-0.15849999999999997
6.0,-0.08321728,-0.1426316,1.000049,-0.2373891,-0.1484391,0.9999742,-0.160305,-0.1455356,1.000012,-0.9929836,0.02890333,-0.114666,0.0,0.01858656,0.9957645,0.090042,0.0,-0.1167829,-0.08727898,0.989315,0.0,0.2083124,-1.699047,0.7043542,1.0,-0.9929835,0.01858656,-0.1167829,0.0,0.02890333,0.9957645,-0.08727898,0.0,-0.114666,0.090042,0.9893149,0.0,0.3367243,1.624557,-0.8207918,1.0,1.0,1.0,-0.156946,-0.1327302,0.9786474,0.003797638,-0.006753159,-0.02326123,25.91111,1608.0,-0.175,-0.15849999999999997
6.0,-0.08332064,-0.1432749,1.000179,-0.238192,-0.148465,1.000138,-0.1607573,-0.1458698,1.000159,-0.9930152,0.02884525,-0.1144069,0.0,0.01855449,0.9957676,0.09001446,0.0,-0.1165191,-0.08726296,0.9893476,0.0,0.2083956,-1.698957,0.7041345,1.0,-0.9930151,0.01855449,-0.1165191,0.0,0.02884524,0.9957677,-0.08726294,0.0,-0.1144068,0.09001445,0.9893473,0.0,0.3365046,1.624517,-0.8206074,1.0,1.0,1.0,-0.1573394,-0.1330194,0.9785449,0.003797638,-0.006751114,-0.02326123,25.92222,1609.0,-0.175,-0.15849999999999997
6.0,-0.08330259,-0.1439934,1.000064,-0.2389141,-0.1475655,1.00001,-0.1611095,-0.1457793,1.000037,-0.9930522,0.0289092,-0.1140682,0.0,0.01866408,0.9957775,0.08988234,0.0,-0.116185,-0.08712888,0.9893986,0.0,0.2084839,-1.698895,0.7041661,1.0,-0.9930522,0.01866408,-0.116185,0.0,0.0289092,0.9957775,-0.08712888,0.0,-0.1140682,0.08988234,0.9893986,0.0,0.336472,1.624538,-0.820501,1.0,1.0,1.0,-0.1576875,-0.1329493,0.9784984,0.003797638,-0.006743096,-0.02326151,25.93333,1610.0,-0.175,-0.15849999999999997
6.0,-0.08335271,-0.1436286,1.000118,-0.2396603,-0.1438899,1.000062,-0.1615078,-0.1437591,1.00009,-0.9931051,0.02912268,-0.1135527,0.0,0.01892279,0.9957719,0.08988982,0.0,-0.1156904,-0.08712131,0.9894572,0.0,0.2084844,-1.699084,0.703862,1.0,-0.9931051,0.01892279,-0.1156904,0.0,0.02912268,0.9957719,-0.0871213,0.0,-0.1135527,0.08988982,0.9894572,0.0,0.3364542,1.624685,-0.820348,1.0,1.0,1.0,-0.1580914,-0.1310424,0.9786904,0.003797638,-0.006737312,-0.02326052,25.95556,1611.0,-0.175,-0.15849999999999997
6.0,-0.0845964,-0.1453203,1.00013,-0.2418893,-0.1436741,1.000085,-0.1632439,-0.144497,1.000107,-0.9931288,0.02942801,-0.1132664,0.0,0.01924846,0.9957613,0.08993908,0.0,-0.115433,-0.08714088,0.9894856,0.0,0.2081481,-1.699129,0.703563,1.0,-0.9931287,0.01924845,-0.115433,0.0,0.02942801,0.9957613,-0.08714087,0.0,-0.1132664,0.08993907,0.9894855,0.0,0.3364099,1.624642,-0.8202018,1.0,1.0,1.0,-0.1596854,-0.1317033,0.9783429,0.003790635,-0.006732964,-0.02326086,25.96667,1612.0,-0.175,-0.15849999999999997
2.0,-0.008054003,-0.2392154,0.9999809,-0.1536908,-0.2438098,0.9999829,-0.0808724,-0.2415127,0.999982,-0.9917051,0.033627,-0.1240588,0.0,0.02079885,0.9944342,0.1032858,0.0,-0.1268415,-0.0998488,0.9868848,0.0,0.2001014,-1.709213,0.6958268,1.0,-0.9917048,0.02079884,-0.1268415,0.0,0.03362699,0.9944342,-0.09984878,0.0,-0.1240588,0.1032858,0.9868846,0.0,0.3422407,1.623669,-0.8319824,1.0,0.9797941,0.9166855,-0.07984168,-0.2227778,0.9715942,0.00322734,-0.00685437,-0.0234276,30.45556,1896.0,-0.0875,-0.246
2.0,-0.009022705,-0.2393713,1.000038,-0.153977,-0.2434821,1.0,-0.08150072,-0.2414268,1.000019,-0.9917479,0.03355626,-0.1237354,0.0,0.02073213,0.9944124,0.103509,0.0,-0.1265173,-0.1000895,0.986902,0.0,0.200444,-1.709316,0.6954032,1.0,-0.9917476,0.02073213,-0.1265173,0.0,0.03355626,0.9944124,-0.1000895,0.0,-0.1237353,0.103509,0.9869018,0.0,0.342194,1.623629,-0.8320196,1.0,0.959677,0.9066622,-0.08043297,-0.2226814,0.9715675,0.00322734,-0.006855302,-0.0234277,30.47778,1897.0,-0.0875,-0.246
2.0,-0.007112145,-0.2381029,1.000013,-0.1527717,-0.243472,1.000031,-0.07994157,-0.2407873,1.000022,-0.9917227,0.0338775,-0.1238484,0.0,0.02103229,0.9943976,0.1035905,0.0,-0.1266639,-0.1001282,0.9868792,0.0,0.1998014,-1.709435,0.6952975,1.0,-0.9917227,0.02103229,-0.1266639,0.0,0.03387751,0.9943976,-0.1001282,0.0,-0.1238484,0.1035905,0.9868793,0.0,0.3421704,1.623629,-0.8320298,1.0,0.9696425,0.9127117,-0.07897235,-0.2221273,0.9718142,0.003226974,-0.006858048,-0.02342847,30.48889,1898.0,-0.0875,-0.246
2.0,-0.008187801,-0.2379098,1.000011,-0.1509391,-0.2434823,1.000005,-0.07956351,-0.2406959,1.000008,-0.9917201,0.03419233,-0.1237835,0.0,0.02139493,0.9944226,0.1032759,0.0,-0.1266243,-0.09977243,0.9869205,0.0,0.1993884,-1.709298,0.6957538,1.0,-0.9917199,0.02139493,-0.1266243,0.0,0.03419233,0.9944226,-0.09977242,0.0,-0.1237834,0.1032759,0.9869201,0.0,0.3423051,1.623644,-0.8319468,1.0,0.9716998,0.9138483,-0.07861812,-0.2220539,0.9718597,0.003227006,-0.006858048,-0.02342899,30.51111,1899.0,-0.0875,-0.246
2.0,-0.008874327,-0.2375997,0.9999658,-0.1541835,-0.2414171,0.9999916,-0.08152839,-0.2395084,0.9999787,-0.9916879,0.0344438,-0.1239706,0.0,0.02165398,0.9944379,0.1030746,0.0,-0.1268314,-0.09953342,0.9869179,0.0,0.19879,-1.709247,0.6961293,1.0,-0.9916878,0.02165399,-0.1268314,0.0,0.0344438,0.994438,-0.09953342,0.0,-0.1239706,0.1030746,0.9869178,0.0,0.3423101,1.623682,-0.8319368,1.0,0.9725988,0.9183514,-0.08049411,-0.2209571,0.9719561,0.003226831,-0.006855477,-0.02342831,30.52222,1900.0,-0.0875,-0.246
2.0,-0.008603513,-0.2381715,0.9999781,-0.1548164,-0.239883,1.000006,-0.08170932,-0.2390273,0.999992,-0.9916559,0.03451119,-0.1242082,0.0,0.02172939,0.9944618,0.1028272,0.0,-0.127069,-0.09927024,0.9869139,0.0,0.1985377,-1.709094,0.6964952,1.0,-0.9916557,0.02172939,-0.127069,0.0,0.03451118,0.9944619,-0.09927023,0.0,-0.1242082,0.1028272,0.9869136,0.0,0.3423743,1.623696,-0.8318148,1.0,0.9747483,0.9152339,-0.08067284,-0.2205182,0.972041,0.003227516,-0.006853913,-0.02342667,30.54445,1901.0,-0.0875,-0.246
2.0,-0.009804256,-0.2388853,1.000121,-0.1557249,-0.2392508,1.00011,-0.08276488,-0.2390678,1.000116,-0.991666,0.03453417,-0.1241211,0.0,0.02171219,0.9944227,0.1032083,0.0,-0.126993,-0.09965323,0.9868851,0.0,0.1986744,-1.709466,0.6957929,1.0,-0.991666,0.02171219,-0.126993,0.0,0.03453417,0.9944228,-0.09965323,0.0,-0.1241211,0.1032083,0.986885,0.0,0.3424162,1.623807,-0.8317911,1.0,0.9649015,0.9206718,-0.08165937,-0.2205146,0.9719594,0.003228248,-0.006851006,-0.02342588,30.55556,1902.0,-0.0875,-0.246
2.0,-0.01015656,-0.2390052,1.000122,-0.155824,-0.2372018,1.000162,-0.08298938,-0.2381035,1.000142,-0.991635,0.03446383,-0.1243888,0.0,0.02160067,0.994414,0.1033159,0.0,-0.1272546,-0.09976475,0.9868401,0.0,0.1986518,-1.709442,0.6955776,1.0,-0.9916347,0.02160067,-0.1272546,0.0,0.03446383,0.994414,-0.09976474,0.0,-0.1243888,0.1033159,0.9868399,0.0,0.342426,1.623738,-0.8316864,1.0,0.9661472,0.9192176,-0.08188663,-0.2196349,0.9721394,0.003229209,-0.006849525,-0.02342588,30.56667,1903.0,-0.0875,-0.246
2.0,-0.009858236,-0.238481,1.000033,-0.1561659,-0.2358547,1.000035,-0.083012,-0.2371679,1.000034,-0.9916029,0.03450048,-0.1246327,0.0,0.02161546,0.9944159,0.1032945,0.0,-0.1275005,-0.09973316,0.9868115,0.0,0.1984363,-1.709416,0.6955476,1.0,-0.991603,0.02161546,-0.1275005,0.0,0.03450049,0.9944159,-0.09973315,0.0,-0.1246327,0.1032945,0.9868115,0.0,0.3424338,1.623735,-0.8315591,1.0,0.9682067,0.914057,-0.08193234,-0.2188074,0.9723222,0.003229638,-0.006852685,-0.02342742,30.58889,1904.0,-0.0875,-0.246
2.0,-0.01078147,-0.237846,0.9999347,-0.1560632,-0.2353619,0.9999705,-0.08342153,-0.2366039,0.9999525,-0.9915766,0.03435818,-0.1248831,0.0,0.02148747,0.9944508,0.1029848,0.0,-0.1277285,-0.09943384,0.9868125,0.0,0.1984524,-1.7092,0.6961301,1.0,-0.9915762,0.02148747,-0.1277284,0.0,0.03435818,0.9944509,-0.09943383,0.0,-0.124883,0.1029848,0.9868121,0.0,0.3424405,1.623761,-0.8315539,1.0,0.9706797,0.9066504,-0.08233452,-0.2183065,0.9724008,0.003229531,-0.006853112,-0.02342769,30.6,1905.0,-0.0875,-0.246
2.0,-0.01078954,-0.2403602,0.9999532,-0.1562982,-0.2355217,0.9999856,-0.08354313,-0.2379411,0.9999694,-0.9915584,0.03361347,-0.1252287,0.0,0.02077203,0.9945189,0.1024729,0.0,-0.1279868,-0.09900665,0.9868219,0.0,0.199288,-1.708751,0.6970379,1.0,-0.9915583,0.02077202,-0.1279868,0.0,0.03361347,0.9945189,-0.09900663,0.0,-0.1252287,0.1024729,0.9868216,0.0,0.3423318,1.623818,-0.8315235,1.0,0.957709,0.9217895,-0.0824251,-0.2195152,0.9721209,0.003229531,-0.00684816,-0.02342645,30.62222,1906.0,-0.0875,-0.246
2.0,-0.01079866,-0.2413059,0.9999593,-0.1565486,-0.2357589,0.9999908,-0.08367292,-0.2385325,0.999975,-0.9915328,0.03356748,-0.1254436,0.0,0.02069574,0.9945137,0.1025387,0.0,-0.1281973,-0.0990743,0.9867877,0.0,0.1992209,-1.708808,0.6970345,1.0,-0.9915327,0.02069574,-0.1281973,0.0,0.03356748,0.9945137,-0.09907427,0.0,-0.1254435,0.1025387,0.9867874,0.0,0.3423329,1.623837,-0.8315842,1.0,0.9691329,0.9112329,-0.08253681,-0.2200496,0.9719906,0.003229531,-0.006844506,-0.0234263,30.63333,1907.0,-0.0875,-0.246
2.0,-0.01147581,-0.2412533,0.999989,-0.1566876,-0.2353805,0.9999921,-0.08408158,-0.2383169,0.9999906,-0.9915287,0.03360558,-0.1254653,0.0,0.02071515,0.9945001,0.1026665,0.0,-0.1282254,-0.09919775,0.9867716,0.0,0.1991351,-1.708933,0.6968633,1.0,-0.9915286,0.02071515,-0.1282254,0.0,0.03360557,0.9945001,-0.09919774,0.0,-0.1254653,0.1026665,0.9867714,0.0,0.34231,1.623864,-0.8316329,1.0,0.9689327,0.9240593,-0.08292466,-0.2198431,0.9720044,0.00322924,-0.006845238,-0.02342697,30.64445,1908.0,-0.0875,-0.246
2.0,-0.01105468,-0.2404122,1.000089,-0.1564641,-0.2351616,1.000082,-0.08375955,-0.237787,1.000086,-0.9915075,0.03376139,-0.1255913,0.0,0.02081241,0.9944612,0.1030226,0.0,-0.1283738,-0.09953378,0.9867184,0.0,0.1986636,-1.708976,0.6961826,1.0,-0.9915074,0.0208124,-0.1283738,0.0,0.03376138,0.9944612,-0.09953377,0.0,-0.1255912,0.1030226,0.9867184,0.0,0.3421082,1.623653,-0.8315338,1.0,0.9587269,0.9186987,-0.08262189,-0.2193469,0.9721423,0.003228631,-0.006849389,-0.02342885,30.66667,1909.0,-0.0875,-0.246
2.0,-0.009061329,-0.2387662,1.000103,-0.1555557,-0.23582,1.000114,-0.08230821,-0.237293,1.000109,-0.9914994,0.03373037,-0.125663,0.0,0.02074747,0.9944414,0.1032266,0.0,-0.1284464,-0.09974192,0.9866879,0.0,0.1986886,-1.709128,0.6957967,1.0,-0.9914994,0.02074747,-0.1284464,0.0,0.03373036,0.9944414,-0.09974193,0.0,-0.125663,0.1032266,0.986688,0.0,0.342085,1.62368,-0.8314852,1.0,0.9577287,0.9161119,-0.08125796,-0.2189148,0.9723546,0.00322728,-0.006855118,-0.02343095,30.67778,1910.0,-0.0875,-0.246
