flag,xl,yl,zl,xr,yr,zr,xc,yc,zc,mat_00,mat_10,mat_20,mat_30,mat_01,mat_11,mat_21,mat_31,mat_02,mat_12,mat_22,mat_32,mat_03,mat_13,mat_23,mat_33,ctw_00,ctw_10,ctw_20,ctw_30,ctw_01,ctw_11,ctw_21,ctw_31,ctw_02,ctw_12,ctw_22,ctw_32,ctw_03,ctw_13,ctw_23,ctw_33,opennessl,opennessr,ray_x,ray_y,ray_z,eye_x,eye_y,eye_z,time,frame
6,-0.1056012,-0.1649123,0.9999649,-0.2352981,-0.139834,0.9999388,-0.1704501,-0.1523731,0.999952,-0.961552,-0.0442099,0.2710414,0,-0.03625087,0.9987538,0.03430369,0,0.2722202,-0.02315929,0.9619564,0,-0.1307096,-1.790574,0.9746032,1,-0.9615517,-0.03625086,0.2722201,0,-0.04420989,0.9987537,-0.02315929,0,0.2710413,0.03430369,0.9619562,0,-0.4690028,1.750172,-0.9434122,1,1.0,1.0,-0.1651346,-0.1397222,0.9763239,0.002280861,-0.006224328,-0.02128495,38.6,2398
6,-0.1035035,-0.1646702,1.000131,-0.2356574,-0.1394559,1.000113,-0.1695808,-0.1520629,1.000122,-0.9615738,-0.04414993,0.2709737,0,-0.03595427,0.9987355,0.0351378,0,0.2721823,-0.02404493,0.9619453,0,-0.1312122,-1.791291,0.9730097,1,-0.9615737,-0.03595427,0.2721823,0,-0.04414992,0.9987355,-0.02404492,0,0.2709736,0.0351378,0.9619451,0,-0.4689155,1.750119,-0.9433398,1,1.0,1.0,-0.1643112,-0.1394286,0.9765047,0.002286034,-0.006222961,-0.02128614,38.62222,2399
6,-0.1034395,-0.1644301,1.000067,-0.2358022,-0.1395683,1.000088,-0.1696204,-0.1519995,1.000077,-0.9616388,-0.04408091,0.270754,0,-0.0358061,0.9987305,0.03542853,0,0.2719721,-0.0243748,0.9619964,0,-0.1318634,-1.791504,0.9724511,1,-0.9616387,-0.0358061,0.271972,0,-0.04408091,0.9987307,-0.0243748,0,0.270754,0.03542853,0.9619963,0,-0.4690712,1.750056,-0.9432988,1,1.0,1.0,-0.1643574,-0.1393742,0.9765047,0.002286896,-0.006222985,-0.02128515,38.63334,2400
6,-0.1034474,-0.1642947,1.000033,-0.2363419,-0.1393165,1.000059,-0.1698942,-0.1518059,1.000046,-0.9617198,-0.043797,0.2705122,0,-0.03544792,0.9987345,0.0356753,0,0.2717324,-0.02472055,0.9620553,0,-0.1327506,-1.791678,0.9719952,1,-0.9617199,-0.03544793,0.2717324,0,-0.043797,0.9987346,-0.02472055,0,0.2705123,0.03567531,0.9620553,0,-0.4690756,1.750029,-0.9433318,1,1.0,1.0,-0.1646215,-0.1391919,0.9764861,0.002287818,-0.006221665,-0.02128736,38.64444,2401
6,-0.1037385,-0.1645723,1.000113,-0.2358325,-0.1389021,1.000145,-0.1697849,-0.1517372,1.000129,-0.9618523,-0.0437545,0.2700479,0,-0.0351771,0.9987135,0.03652327,0,0.2712986,-0.02563048,0.962154,0,-0.1336203,-1.79246,0.9704284,1,-0.9618521,-0.0351771,0.2712985,0,-0.0437545,0.9987136,-0.02563048,0,0.2700479,0.03652327,0.9621539,0,-0.4690133,1.750011,-0.9433921,1,1.0,1.0,-0.1645092,-0.1391232,0.9765149,0.002288399,-0.006217896,-0.0212879,38.66667,2402
6,-0.1041916,-0.1649928,1.00004,-0.23568,-0.1376644,1.000058,-0.1699354,-0.1513287,1.000049,-0.961911,-0.043719,0.2698445,0,-0.03507076,0.9987074,0.03678986,0,0.2711042,-0.02592492,0.9622009,0,-0.1340092,-1.79265,0.9699372,1,-0.9619108,-0.03507076,0.2711042,0,-0.043719,0.9987075,-0.02592492,0,0.2698445,0.03678987,0.9622008,0,-0.4690099,1.749949,-0.9434182,1,1.0,1.0,-0.1646701,-0.1387479,0.9765412,0.002288513,-0.006216362,-0.02128945,38.67778,2403
6,-0.1040303,-0.1650537,1.000045,-0.2353664,-0.1388488,1.000077,-0.1696979,-0.1519516,1.000061,-0.9620645,-0.04381236,0.2692818,0,-0.03502042,0.9986877,0.03736963,0,0.2705657,-0.02652163,0.9623363,0,-0.1346555,-1.793233,0.9688209,1,-0.9620642,-0.03502041,0.2705656,0,-0.04381235,0.9986876,-0.02652162,0,0.2692818,0.03736963,0.962336,0,-0.4689988,1.749959,-0.9434576,1,1.0,1.0,-0.1644342,-0.1393359,0.9764972,0.00228939,-0.006215683,-0.02128986,38.7,2404
6,-0.1044533,-0.1642814,1.000059,-0.2346752,-0.1390451,1.000099,-0.1695635,-0.1516634,1.000079,-0.9621413,-0.0442489,0.2689359,0,-0.03542797,0.9986659,0.03756717,0,0.2702394,-0.02661707,0.9624254,0,-0.1343559,-1.79345,0.9684098,1,-0.962141,-0.03542797,0.2702393,0,-0.04424889,0.9986659,-0.02661707,0,0.2689357,0.03756716,0.9624251,0,-0.4690675,1.749917,-0.94345,1,1.0,1.0,-0.1643129,-0.1390669,0.976556,0.00228939,-0.006215683,-0.02129006,38.71111,2405
6,-0.1044061,-0.1644564,1.000029,-0.2346544,-0.1388563,1.000028,-0.1695303,-0.1516562,1.000029,-0.9621485,-0.04415557,0.2689248,0,-0.03531045,0.9986672,0.03764183,0,0.2702285,-0.02672117,0.9624254,0,-0.1345792,-1.793489,0.968258,1,-0.9621484,-0.03531045,0.2702284,0,-0.04415556,0.9986672,-0.02672118,0,0.2689248,0.03764182,0.9624254,0,-0.4690663,1.7499,-0.943433,1,1.0,1.0,-0.1642896,-0.1390673,0.9765599,0.00228939,-0.006214981,-0.02129035,38.72222,2406
6,-0.1044014,-0.1643051,1.000025,-0.2339588,-0.1382366,1.000045,-0.1691796,-0.1512711,1.000035,-0.9622411,-0.04421541,0.2685846,0,-0.03532697,0.9986592,0.03783938,0,0.2698976,-0.02692231,0.9625129,0,-0.1348985,-1.793709,0.9678304,1,-0.9622405,-0.03532696,0.2698975,0,-0.0442154,0.9986591,-0.0269223,0,0.2685845,0.03783936,0.9625124,0,-0.4690585,1.749916,-0.9434308,1,1.0,1.0,-0.1639708,-0.1387149,0.9766636,0.00228939,-0.006213104,-0.02129102,38.74445,2407
6,-0.1073329,-0.1648985,1.000038,-0.2340791,-0.1394615,1.000065,-0.1707055,-0.1521802,1.000052,-0.9623023,-0.04418717,0.2683686,0,-0.03528848,0.9986585,0.03789454,0,0.269683,-0.02699568,0.9625707,0,-0.1352128,-1.793784,0.9676832,1,-0.9623023,-0.03528848,0.269683,0,-0.04418717,0.9986585,-0.02699568,0,0.2683686,0.03789454,0.9625707,0,-0.4690736,1.749936,-0.9434233,1,1.0,1.0,-0.1653591,-0.1395356,0.9763125,0.002281067,-0.006208153,-0.02129548,38.75556,2408
6,-0.1075144,-0.1665357,0.9999033,-0.2339103,-0.1392573,0.9999135,-0.1707123,-0.1528966,0.9999082,-0.9623538,-0.04417365,0.2681869,0,-0.03530222,0.998661,0.03781425,0,0.2694982,-0.02692309,0.9626247,0,-0.1353277,-1.793787,0.9679005,1,-0.9623535,-0.03530221,0.2694981,0,-0.04417364,0.998661,-0.02692309,0,0.2681868,0.03781424,0.9626244,0,-0.4690493,1.750008,-0.9435483,1,1.0,1.0,-0.1653706,-0.1402317,0.9762109,0.002279458,-0.006202477,-0.02129158,38.77778,2409
6,-0.1082582,-0.1666073,0.9999729,-0.2357528,-0.1407364,0.9999745,-0.1720055,-0.1536719,0.9999736,-0.9623395,-0.04435037,0.2682082,0,-0.03552335,0.9986584,0.03767723,0,0.2695194,-0.02673064,0.9626238,0,-0.1349892,-1.793653,0.9681522,1,-0.9623395,-0.03552335,0.2695194,0,-0.04435037,0.9986583,-0.02673064,0,0.2682082,0.03767723,0.9626239,0,-0.469121,1.749974,-0.9435297,1,1.0,1.0,-0.1665391,-0.1409255,0.9759123,0.002272773,-0.006197587,-0.0212907,38.78889,2410
6,-0.1084861,-0.1666108,0.9999669,-0.2351701,-0.1398288,1.000006,-0.1718276,-0.15322,0.9999868,-0.962413,-0.04459987,0.2679039,0,-0.03579041,0.9986488,0.0376794,0,0.2692224,-0.02667475,0.9627087,0,-0.1348168,-1.793701,0.9681553,1,-0.9624126,-0.03579041,0.2692223,0,-0.04459986,0.9986488,-0.02667474,0,0.2679038,0.03767939,0.9627084,0,-0.4691207,1.749973,-0.9436021,1,1.0,1.0,-0.1663805,-0.1405054,0.9759999,0.002271295,-0.006196869,-0.02129054,38.8,2411
6,-0.1086275,-0.1657146,1.000054,-0.2364117,-0.1402087,1.00006,-0.1725195,-0.1529618,1.000057,-0.9624801,-0.04445966,0.2676859,0,-0.03561807,0.9986504,0.03779796,0,0.2690051,-0.02684532,0.9627646,0,-0.1353215,-1.793772,0.9679049,1,-0.9624798,-0.03561807,0.269005,0,-0.04445965,0.9986504,-0.02684532,0,0.2676858,0.03779795,0.9627644,0,-0.4690891,1.749947,-0.9436166,1,1.0,1.0,-0.1670167,-0.1402396,0.9759294,0.002270057,-0.006195221,-0.02129129,38.82222,2412
6,-0.1077494,-0.1658514,1.000014,-0.2369535,-0.1398803,1.000058,-0.1723507,-0.1528661,1.000036,-0.9625957,-0.04441214,0.2672774,0,-0.03549802,0.9986435,0.03809392,0,0.2686067,-0.02718122,0.9628664,0,-0.1358645,-1.79399,0.9673741,1,-0.9625955,-0.03549802,0.2686067,0,-0.04441213,0.9986435,-0.02718122,0,0.2672774,0.03809392,0.9628663,0,-0.4690147,1.749882,-0.9437206,1,1.0,1.0,-0.1668648,-0.1401572,0.9759672,0.002269707,-0.006194657,-0.02129171,38.83334,2413
6,-0.1070168,-0.1657855,1.000011,-0.2364693,-0.1403161,1.000014,-0.171743,-0.1530508,1.000012,-0.9626046,-0.04463527,0.2672081,0,-0.03553632,0.9986151,0.03879388,0,0.2685696,-0.02784758,0.9628577,0,-0.1359643,-1.794554,0.9661754,1,-0.9626045,-0.03553631,0.2685696,0,-0.04463526,0.9986151,-0.02784757,0,0.2672081,0.03879388,0.9628576,0,-0.4691501,1.749755,-0.9437475,1,1.0,1.0,-0.1663001,-0.1403474,0.9760363,0.002269707,-0.006194657,-0.02129228,38.85556,2414
6,-0.1059929,-0.1662594,1.000037,-0.2365919,-0.140687,1.000059,-0.1712919,-0.1534732,1.000048,-0.9626732,-0.04478753,0.2669355,0,-0.03556787,0.9985951,0.03927682,0,0.2683196,-0.02831641,0.9629138,0,-0.1363986,-1.795018,0.9653278,1,-0.962673,-0.03556787,0.2683196,0,-0.04478753,0.9985952,-0.0283164,0,0.2669355,0.03927682,0.9629136,0,-0.4693819,1.74973,-0.9437573,1,1.0,1.0,-0.1658654,-0.1407468,0.9760528,0.002269439,-0.006196389,-0.02129334,38.86667,2415
6,-0.1038672,-0.165846,0.9999598,-0.2347994,-0.1398029,0.999965,-0.1693332,-0.1528243,0.9999623,-0.9626985,-0.04476601,0.2668484,0,-0.03549032,0.9985897,0.03948464,0,0.2682396,-0.02854127,0.9629295,0,-0.1366211,-1.795184,0.965022,1,-0.962698,-0.03549032,0.2682395,0,-0.044766,0.9985898,-0.02854127,0,0.2668483,0.03948464,0.9629292,0,-0.4694025,1.7497,-0.9438375,1,1.0,1.0,-0.1640715,-0.1401908,0.9764359,0.002269271,-0.006199456,-0.02129357,38.87778,2416
6,-0.1041229,-0.1662772,0.999983,-0.2345532,-0.1410059,0.9999977,-0.1693378,-0.1536415,0.9999905,-0.9627225,-0.04496641,0.2667279,0,-0.03566816,0.9985785,0.03960579,0,0.2681297,-0.02861569,0.962958,0,-0.1363992,-1.795341,0.9648935,1,-0.9627221,-0.03566815,0.2681296,0,-0.04496641,0.9985786,-0.02861569,0,0.2667277,0.03960579,0.9629575,0,-0.4694084,1.749708,-0.9439537,1,1.0,1.0,-0.1640529,-0.1409532,0.9763293,0.0022687,-0.006198502,-0.02129375,38.9,2417
6,-0.1044877,-0.1663057,1.000023,-0.2340657,-0.1409421,0.9999758,-0.1692776,-0.1536236,0.9999995,-0.9626412,-0.04499191,0.2670165,0,-0.0356088,0.9985697,0.03988168,0,0.268429,-0.02888361,0.9628665,0,-0.1360495,-1.795526,0.9644486,1,-0.962641,-0.03560879,0.2684289,0,-0.04499191,0.9985697,-0.0288836,0,0.2670164,0.03988168,0.9628662,0,-0.4692746,1.749649,-0.9439767,1,1.0,1.0,-0.163994,-0.1409371,0.9763414,0.002267037,-0.006197754,-0.02129419,38.91111,2418
6,-0.1048918,-0.1659928,1.000033,-0.2348049,-0.1414715,1.000031,-0.1698483,-0.1537322,1.000032,-0.9626268,-0.04508072,0.2670531,0,-0.03551181,0.998546,0.04055582,0,0.2684931,-0.02955658,0.9628282,0,-0.1361971,-1.796103,0.9633124,1,-0.9626268,-0.03551181,0.2684931,0,-0.04508072,0.998546,-0.02955658,0,0.2670531,0.04055582,0.962828,0,-0.4693321,1.749586,-0.9440228,1,1.0,1.0,-0.1645164,-0.1410213,0.9762415,0.002265967,-0.006198174,-0.02129547,38.93333,2419
6,-0.1044832,-0.1653404,1.000075,-0.2351592,-0.1410812,1.000076,-0.1698212,-0.1532109,1.000076,-0.9626412,-0.04510238,0.2669976,0,-0.03547234,0.9985381,0.04078431,0,0.2684468,-0.02978963,0.9628338,0,-0.1363458,-1.796287,0.9628596,1,-0.9626411,-0.03547233,0.2684467,0,-0.04510238,0.998538,-0.02978963,0,0.2669976,0.04078431,0.9628338,0,-0.4693501,1.749555,-0.943983,1,1.0,1.0,-0.164491,-0.1405254,0.9763172,0.002260559,-0.006200814,-0.02129682,38.94445,2420
6,-0.1043604,-0.1649564,1.000039,-0.2351725,-0.1411275,1.000046,-0.1697662,-0.1530421,1.000043,-0.9626669,-0.04506987,0.2669105,0,-0.03538818,0.9985332,0.0409753,0,0.2683657,-0.03000008,0.9628499,0,-0.1367255,-1.796494,0.962469,1,-0.9626669,-0.03538818,0.2683657,0,-0.04506987,0.9985334,-0.03000009,0,0.2669104,0.0409753,0.9628499,0,-0.4694819,1.749583,-0.9439157,1,1.0,1.0,-0.1644477,-0.1403739,0.9763463,0.002259872,-0.006199364,-0.02129693,38.96667,2421
6,-0.1034433,-0.1650216,0.9999575,-0.2351894,-0.1405597,0.9999596,-0.1693163,-0.1527908,0.9999585,-0.962682,-0.04488323,0.2668882,0,-0.03518672,0.9985391,0.04100612,0,0.2683388,-0.03008493,0.962855,0,-0.1370693,-1.796527,0.9624596,1,-0.9626816,-0.03518671,0.2683386,0,-0.04488321,0.9985391,-0.03008492,0,0.266888,0.04100611,0.9628544,0,-0.4694569,1.749613,-0.9439758,1,1.0,1.0,-0.1640477,-0.1401609,0.9764442,0.002259872,-0.006197754,-0.0212978,38.97778,2422
6,-0.1046183,-0.1650371,1.000009,-0.2350555,-0.1396466,0.9999983,-0.169837,-0.1523418,1.000004,-0.9626508,-0.04505092,0.2669723,0,-0.03535987,0.9985333,0.04099914,0,0.2684278,-0.03002775,0.9628319,0,-0.1367044,-1.796523,0.9624699,1,-0.9626505,-0.03535987,0.2684276,0,-0.04505091,0.9985333,-0.03002774,0,0.2669722,0.04099914,0.9628315,0,-0.4694863,1.749594,-0.9439467,1,1.0,1.0,-0.1645348,-0.1397244,0.9764248,0.002259576,-0.006196442,-0.02129859,38.98889,2423
6,-0.1046193,-0.1651172,1.000015,-0.2348695,-0.1399059,1.000033,-0.169744,-0.1525118,1.000024,-0.9626907,-0.04522012,0.2667992,0,-0.03546868,0.9985188,0.04125863,0,0.2682697,-0.03025629,0.9628686,0,-0.1366354,-1.796783,0.9619784,1,-0.9626906,-0.03546868,0.2682697,0,-0.04522012,0.9985188,-0.03025628,0,0.2667992,0.04125864,0.9628686,0,-0.4694434,1.749585,-0.9439676,1,1.0,1.0,-0.1644416,-0.139884,0.9764176,0.002259805,-0.006194901,-0.02129743,39.01111,2424
6,-0.1046358,-0.1652784,1.000106,-0.2337412,-0.1395942,1.000103,-0.1691887,-0.1524364,1.000104,-0.9627031,-0.04533251,0.2667358,0,-0.03548505,0.9985029,0.04162577,0,0.2682235,-0.03060812,0.9628705,0,-0.1366695,-1.797141,0.9612683,1,-0.9627028,-0.03548506,0.2682234,0,-0.04533251,0.998503,-0.03060811,0,0.2667357,0.04162576,0.9628702,0,-0.4694456,1.749587,-0.9439257,1,1.0,1.0,-0.1639147,-0.1398151,0.9765161,0.002260431,-0.006195114,-0.02129804,39.02222,2425
6,-0.1031671,-0.1646149,1.000013,-0.2324757,-0.1388225,1.000042,-0.1678209,-0.1517189,1.000027,-0.9627583,-0.04527471,0.2665461,0,-0.03544692,0.9985066,0.04156987,0,0.2680302,-0.0305735,0.9629253,0,-0.1370202,-1.797001,0.9612986,1,-0.9627582,-0.03544691,0.2680301,0,-0.04527471,0.9985066,-0.0305735,0,0.2665462,0.04156987,0.9629253,0,-0.4695064,1.749499,-0.9438738,1,1.0,1.0,-0.1626699,-0.1391817,0.9768147,0.002261613,-0.006195114,-0.02130044,39.04445,2426
6,-0.1039979,-0.1649532,0.9999964,-0.2324589,-0.1391089,1.000008,-0.1682283,-0.1520311,1.000002,-0.9627662,-0.04533157,0.2665076,0,-0.03556275,0.9985108,0.04137011,0,0.2679861,-0.030352,0.9629445,0,-0.1369013,-1.796887,0.9616243,1,-0.9627662,-0.03556275,0.2679861,0,-0.04533157,0.9985108,-0.030352,0,0.2665076,0.04137011,0.9629446,0,-0.4695399,1.74956,-0.9438424,1,1.0,1.0,-0.1630463,-0.1394707,0.9767107,0.002261697,-0.006193169,-0.02130091,39.05556,2427
6,-0.1039349,-0.164666,1.000046,-0.2324415,-0.1392148,1.000065,-0.1681879,-0.1519404,1.000056,-0.9627939,-0.045361,0.2664032,0,-0.03564655,0.9985152,0.04119087,0,0.2678761,-0.03016196,0.9629813,0,-0.1367916,-1.796723,0.9618612,1,-0.9627935,-0.03564654,0.267876,0,-0.04536099,0.9985152,-0.03016195,0,0.266403,0.04119087,0.962981,0,-0.4694459,1.749559,-0.9438035,1,1.0,1.0,-0.1630023,-0.13938,0.9767309,0.002261941,-0.006192185,-0.02130106,39.06667,2428
6,-0.1041758,-0.1652903,1.000069,-0.2322484,-0.1403899,1.000045,-0.1682125,-0.15284,1.000057,-0.9627485,-0.04522024,0.2665906,0,-0.03537383,0.998507,0.04162423,0,0.2680748,-0.03064333,0.9629108,0,-0.1370656,-1.797064,0.9610485,1,-0.9627485,-0.03537382,0.2680748,0,-0.04522024,0.998507,-0.03064333,0,0.2665905,0.04162422,0.9629105,0,-0.4694297,1.749529,-0.9437279,1,1.0,1.0,-0.1630054,-0.1402251,0.9766095,0.002261941,-0.006189721,-0.02130204,39.08889,2429
6,-0.1044642,-0.1651806,1.000045,-0.2322213,-0.1392231,1.000054,-0.1683425,-0.1522018,1.00005,-0.962775,-0.04528472,0.2664838,0,-0.03540395,0.9984998,0.04176895,0,0.2679756,-0.03077952,0.9629339,0,-0.1371568,-1.797245,0.9607577,1,-0.9627751,-0.03540395,0.2679755,0,-0.04528472,0.9984998,-0.03077952,0,0.2664838,0.04176895,0.9629338,0,-0.4694653,1.749563,-0.9437097,1,1.0,1.0,-0.1631411,-0.1396231,0.9766731,0.00226172,-0.006191437,-0.02130302,39.1,2430
6,-0.1032145,-0.1649459,0.9999357,-0.2324852,-0.1389204,0.9999152,-0.1678502,-0.1519331,0.9999256,-0.962684,-0.04548212,0.2667788,0,-0.03567624,0.9985017,0.04149142,0,0.2682663,-0.03042546,0.9628643,0,-0.136481,-1.797022,0.9612737,1,-0.9626839,-0.03567623,0.2682662,0,-0.04548212,0.9985017,-0.03042546,0,0.2667788,0.04149142,0.9628642,0,-0.469568,1.749575,-0.943638,1,1.0,1.0,-0.1627074,-0.1393957,0.976778,0.002261705,-0.006193916,-0.02130564,39.12222,2431
6,-0.1033001,-0.164857,0.9999921,-0.2327898,-0.1384829,0.9999967,-0.1680448,-0.1516699,0.9999945,-0.9626485,-0.04619744,0.2667843,0,-0.03646405,0.9984801,0.04132616,0,0.268288,-0.03005453,0.96287,0,-0.1352322,-1.797003,0.961552,1,-0.9626483,-0.03646405,0.2682878,0,-0.04619744,0.9984802,-0.03005453,0,0.2667842,0.04132615,0.9628696,0,-0.4697249,1.749604,-0.9435761,1,1.0,1.0,-0.1628835,-0.1391355,0.9767857,0.002261535,-0.006194184,-0.02130673,39.13334,2432
6,-0.1035007,-0.1651661,0.9999728,-0.2328671,-0.1384494,0.9999652,-0.1681841,-0.1518076,0.999969,-0.962489,-0.0473288,0.2671607,0,-0.03773723,0.9984493,0.04092569,0,0.2686834,-0.02930862,0.9627825,0,-0.1325505,-1.796802,0.9622841,1,-0.962489,-0.03773724,0.2686834,0,-0.0473288,0.9984493,-0.02930862,0,0.2671607,0.04092569,0.9627826,0,-0.4697033,1.749631,-0.943518,1,1.0,1.0,-0.163013,-0.1392661,0.9767455,0.002260925,-0.006192452,-0.02130867,39.15556,2433
6,-0.1035136,-0.1653873,1.000038,-0.2330827,-0.1403844,1.00004,-0.168298,-0.1528857,1.000039,-0.9624699,-0.04753422,0.2671934,0,-0.03800979,0.9984478,0.04070894,0,0.2687137,-0.02902516,0.9627827,0,-0.13208,-1.796615,0.9626025,1,-0.9624697,-0.03800978,0.2687137,0,-0.04753421,0.9984478,-0.02902516,0,0.2671934,0.04070894,0.9627827,0,-0.4697247,1.749619,-0.9434323,1,1.0,1.0,-0.1630842,-0.1402657,0.9765905,0.00226027,-0.006191941,-0.02130897,39.16667,2434
6,-0.1035245,-0.1659098,1.000037,-0.2334818,-0.1396516,1.000038,-0.1685031,-0.1527806,1.000038,-0.9624196,-0.04728334,0.2674187,0,-0.03778608,0.9984627,0.04055283,0,0.268925,-0.02892413,0.9627267,0,-0.1323128,-1.796443,0.9628766,1,-0.9624196,-0.03778608,0.268925,0,-0.04728334,0.9984627,-0.02892414,0,0.2674187,0.04055283,0.9627268,0,-0.4697734,1.749634,-0.9433654,1,1.0,1.0,-0.1632763,-0.1401596,0.9765736,0.002259308,-0.006194817,-0.02131013,39.18889,2435
6,-0.1035158,-0.1654733,1.000037,-0.2334901,-0.1399766,1.000031,-0.1685031,-0.1527249,1.000034,-0.9624245,-0.04685638,0.2674762,0,-0.03734989,0.9984803,0.04052222,0,0.2689685,-0.02900937,0.962712,0,-0.1330591,-1.796352,0.9628944,1,-0.9624245,-0.03734989,0.2689684,0,-0.04685638,0.9984803,-0.02900937,0,0.2674762,0.04052222,0.962712,0,-0.4697812,1.749634,-0.9433123,1,1.0,1.0,-0.1632781,-0.1401065,0.976581,0.00225901,-0.006197075,-0.02131016,39.2,2436
6,-0.1033002,-0.1653726,1.000032,-0.2335967,-0.1396071,1.000034,-0.1684484,-0.1524899,1.000033,-0.9624249,-0.04687634,0.267472,0,-0.03738198,0.9984807,0.04048194,0,0.2689633,-0.02896218,0.962715,0,-0.1331988,-1.796305,0.9629278,1,-0.9624246,-0.03738198,0.2689632,0,-0.04687633,0.9984808,-0.02896218,0,0.2674719,0.04048193,0.9627147,0,-0.4699541,1.749616,-0.9432241,1,1.0,1.0,-0.1632332,-0.1398848,0.9766203,0.002260087,-0.006199036,-0.02131108,39.21111,2437
6,-0.1029588,-0.1662944,1.000033,-0.2335943,-0.140667,1.000055,-0.1682761,-0.1534808,1.000044,-0.962407,-0.04688801,0.2675344,0,-0.03742035,0.9984834,0.04038097,0,0.269022,-0.02885168,0.9627019,0,-0.1332247,-1.79622,0.9630243,1,-0.9624066,-0.03742035,0.269022,0,-0.046888,0.9984834,-0.02885168,0,0.2675343,0.04038096,0.9627017,0,-0.4700795,1.749623,-0.9430887,1,1.0,1.0,-0.1630515,-0.1408167,0.9765167,0.002261842,-0.006199036,-0.02131121,39.23333,2438
6,-0.1026024,-0.1667586,1.000106,-0.2336391,-0.1416418,1.000147,-0.16812,-0.1542004,1.000127,-0.9624895,-0.04679794,0.2672525,0,-0.03736547,0.9984897,0.04027425,0,0.2687336,-0.02877753,0.9627845,0,-0.1336792,-1.796142,0.9630651,1,-0.9624895,-0.03736547,0.2687336,0,-0.04679794,0.9984899,-0.02877753,0,0.2672525,0.04027425,0.9627845,0,-0.4701021,1.749648,-0.9429886,1,1.0,1.0,-0.1628786,-0.1414812,0.9764495,0.002263116,-0.006200859,-0.02131259,39.24445,2439
6,-0.1028764,-0.1652567,1.000112,-0.2338373,-0.1419133,1.000177,-0.1683557,-0.1535853,1.000144,-0.9626738,-0.04618225,0.2666952,0,-0.03678603,0.9985173,0.0401238,0,0.2681528,-0.02881547,0.9629453,0,-0.1353562,-1.796009,0.963093,1,-0.9626739,-0.03678603,0.2681528,0,-0.04618225,0.9985173,-0.02881547,0,0.2666952,0.04012379,0.9629452,0,-0.4700999,1.749724,-0.9428625,1,1.0,1.0,-0.1631109,-0.1408934,0.9764957,0.002265366,-0.006205132,-0.02131377,39.26667,2440
6,-0.1021999,-0.1676345,1.000038,-0.2336381,-0.1395812,1.000099,-0.1679178,-0.1536084,1.000069,-0.9627743,-0.04612884,0.2663414,0,-0.03684788,0.9985303,0.03974166,0,0.2677832,-0.02844813,0.9630591,0,-0.1356575,-1.795638,0.9636421,1,-0.9627743,-0.03684788,0.2677833,0,-0.04612884,0.9985304,-0.02844813,0,0.2663414,0.03974166,0.9630591,0,-0.4700961,1.749704,-0.9428,1,1.0,1.0,-0.162718,-0.1409263,0.9765565,0.002269379,-0.006213059,-0.02131493,39.27778,2441
6,-0.1024238,-0.1672281,1.00011,-0.2327699,-0.1393547,1.000145,-0.1675961,-0.1532917,1.000128,-0.9628499,-0.04596165,0.2660972,0,-0.03670239,0.9985386,0.03966818,0,0.2675315,-0.0284281,0.9631296,0,-0.1361229,-1.79559,0.9636279,1,-0.9628499,-0.03670238,0.2675315,0,-0.04596164,0.9985386,-0.0284281,0,0.2660972,0.03966818,0.9631296,0,-0.4700128,1.749745,-0.9427267,1,1.0,1.0,-0.1624203,-0.1406266,0.9766493,0.002273126,-0.006216103,-0.02131494,39.28889,2442
6,-0.1019613,-0.1691021,1.000136,-0.234101,-0.1391332,1.000181,-0.1680303,-0.1541181,1.000159,-0.9630245,-0.04635464,0.2653967,0,-0.03713582,0.9985232,0.03965192,0,0.2668428,-0.02833004,0.9633237,0,-0.1360786,-1.795632,0.9633889,1,-0.9630241,-0.03713582,0.2668427,0,-0.04635463,0.9985232,-0.02833003,0,0.2653966,0.0396519,0.9633234,0,-0.469963,1.749727,-0.9426138,1,1.0,1.0,-0.1628045,-0.1413866,0.9764755,0.002276412,-0.006216431,-0.02131521,39.31111,2443
6,-0.1026975,-0.1688366,1.000113,-0.2340378,-0.1388379,1.000161,-0.1683668,-0.1538378,1.000138,-0.9631332,-0.04655184,0.2649669,0,-0.03727667,0.998507,0.03992929,0,0.2664301,-0.02858014,0.9634305,0,-0.1362775,-1.795921,0.9627831,1,-0.9631331,-0.03727667,0.26643,0,-0.04655184,0.998507,-0.02858014,0,0.2649669,0.03992929,0.9634303,0,-0.4699624,1.749716,-0.9425937,1,1.0,1.0,-0.1631275,-0.1411178,0.9764606,0.002277305,-0.006217621,-0.02131628,39.32222,2444
6,-0.1028564,-0.1694304,1.000119,-0.2337548,-0.1389598,1.00014,-0.1683052,-0.1541952,1.00013,-0.9633018,-0.04652277,0.2643585,0,-0.03713407,0.9984931,0.04040479,0,0.2658399,-0.0291053,0.9635777,0,-0.1372047,-1.796363,0.9617591,1,-0.9633017,-0.03713406,0.2658399,0,-0.04652276,0.998493,-0.0291053,0,0.2643586,0.04040479,0.9635777,0,-0.4699905,1.749701,-0.9425389,1,1.0,1.0,-0.1630635,-0.1414542,0.9764225,0.002277305,-0.006218606,-0.02131656,39.34444,2445
6,-0.1025774,-0.1686696,1.000096,-0.2337973,-0.1394309,1.000129,-0.1681867,-0.1540505,1.000113,-0.9633797,-0.04656198,0.2640672,0,-0.0371311,0.9984854,0.04059617,0,0.2655575,-0.02930442,0.9636495,0,-0.1374359,-1.796551,0.961323,1,-0.9633797,-0.0371311,0.2655575,0,-0.04656198,0.9984855,-0.02930442,0,0.2640672,0.04059617,0.9636496,0,-0.4699078,1.749701,-0.9425283,1,1.0,1.0,-0.1629592,-0.1413231,0.9764589,0.002277305,-0.006219292,-0.02131658,39.35556,2446
6,-0.101959,-0.1682194,1.00001,-0.231915,-0.1408988,1.000026,-0.1669367,-0.1545592,1.000018,-0.9634708,-0.0465843,0.2637316,0,-0.03717202,0.998485,0.04056996,0,0.265222,-0.02928453,0.9637427,0,-0.1379168,-1.796483,0.961243,1,-0.9634704,-0.03717202,0.2652219,0,-0.04658429,0.998485,-0.02928453,0,0.2637315,0.04056995,0.9637424,0,-0.4700766,1.749637,-0.9424213,1,1.0,1.0,-0.1617984,-0.1418401,0.976577,0.002276864,-0.006219101,-0.02131681,39.37778,2447
6,-0.1020033,-0.1680716,0.9999952,-0.2316791,-0.1409221,0.9999876,-0.1668413,-0.1544967,0.9999914,-0.9634402,-0.04701051,0.2637672,0,-0.03758959,0.998466,0.04065355,0,0.2652737,-0.02925235,0.9637294,0,-0.1372324,-1.796697,0.9611155,1,-0.9634401,-0.03758959,0.2652737,0,-0.04701051,0.998466,-0.02925235,0,0.2637672,0.04065355,0.9637293,0,-0.4701895,1.74971,-0.9424086,1,1.0,1.0,-0.1617136,-0.1417868,0.9765988,0.002275628,-0.006219094,-0.02131686,39.38889,2448
6,-0.1016588,-0.1682176,1.000035,-0.2315292,-0.1422588,1.000042,-0.1665938,-0.1552382,1.000038,-0.9634441,-0.04715722,0.2637271,0,-0.03775894,0.998462,0.04059523,0,0.2652358,-0.02915317,0.9637429,0,-0.1370431,-1.796659,0.961172,1,-0.9634438,-0.03775894,0.2652358,0,-0.0471572,0.9984619,-0.02915317,0,0.263727,0.04059522,0.9637427,0,-0.4702457,1.749702,-0.942352,1,1.0,1.0,-0.1614558,-0.1424815,0.9765404,0.002271209,-0.006218377,-0.02131684,39.4,2449
6,-0.09993103,-0.1687055,0.999964,-0.2314296,-0.1427628,0.9999344,-0.1656809,-0.1557341,0.9999493,-0.9633524,-0.04767606,0.2639686,0,-0.03820962,0.9984331,0.04088376,0,0.2655041,-0.02929933,0.9636647,0,-0.1361399,-1.796918,0.9607533,1,-0.9633522,-0.03820961,0.265504,0,-0.04767605,0.9984331,-0.02929932,0,0.2639684,0.04088375,0.9636642,0,-0.4704292,1.749621,-0.9423463,1,1.0,1.0,-0.1606022,-0.1429798,0.9766083,0.002265106,-0.006216804,-0.02131708,39.42222,2450
6,-0.1003633,-0.167763,1.000039,-0.2316677,-0.1440622,1.000004,-0.1660161,-0.1559125,1.000021,-0.9633062,-0.04767225,0.2641372,0,-0.03809375,0.9984215,0.04127042,0,0.2656878,-0.02969407,0.9636017,0,-0.1361614,-1.797273,0.9601029,1,-0.9633062,-0.03809375,0.2656878,0,-0.04767226,0.9984217,-0.02969407,0,0.2641373,0.04127042,0.9636018,0,-0.4704441,1.749626,-0.9423488,1,1.0,1.0,-0.1608943,-0.1431316,0.9765379,0.002259125,-0.006215248,-0.02131522,39.43333,2451
6,-0.0983699,-0.1688406,1.000185,-0.2324281,-0.1442178,1.000167,-0.1653994,-0.1565291,1.000176,-0.963291,-0.04763866,0.2641992,0,-0.03778831,0.9983925,0.04224443,0,0.2657869,-0.03071004,0.9635427,0,-0.1366197,-1.798074,0.9582666,1,-0.9632908,-0.0377883,0.2657869,0,-0.04763864,0.9983923,-0.03071003,0,0.2641991,0.04224442,0.9635423,0,-0.4704355,1.74954,-0.9422376,1,1.0,1.0,-0.1602781,-0.143702,0.9765555,0.002253647,-0.006215248,-0.02131459,39.45555,2452
6,-0.09713411,-0.168379,1.000203,-0.2314836,-0.1439621,1.000142,-0.16431,-0.1561701,1.000173,-0.9631929,-0.04829884,0.2644365,0,-0.03821813,0.9983379,0.04313754,0,0.2660805,-0.0314435,0.9634379,0,-0.1355699,-1.798898,0.9566353,1,-0.9631929,-0.03821812,0.2660805,0,-0.04829885,0.9983379,-0.0314435,0,0.2644365,0.04313754,0.9634379,0,-0.470434,1.74946,-0.9421498,1,1.0,1.0,-0.1592717,-0.1433899,0.976766,0.002253632,-0.006215248,-0.02131332,39.46667,2453
6,-0.09716275,-0.1683944,1.000304,-0.2310204,-0.1436313,1.000215,-0.1640932,-0.1560121,1.00026,-0.9629936,-0.04989206,0.2648664,0,-0.0391723,0.9981912,0.04560468,0,0.2666627,-0.03354159,0.9632062,0,-0.1332915,-1.801276,0.9521068,1,-0.9629934,-0.0391723,0.2666626,0,-0.04989206,0.9981912,-0.03354158,0,0.2648664,0.04560468,0.963206,0,-0.4704093,1.749376,-0.9419488,1,1.0,1.0,-0.1590603,-0.1432358,0.9768231,0.002253632,-0.006215248,-0.02131199,39.48889,2454
6,-0.0971694,-0.168561,1.000323,-0.2310355,-0.1437226,1.000277,-0.1641033,-0.1561413,1.0003,-0.9629303,-0.05077154,0.2649298,0,-0.03976154,0.9981145,0.04676039,0,0.2668043,-0.03449297,0.9631333,0,-0.1321855,-1.802423,0.9499065,1,-0.96293,-0.03976154,0.2668043,0,-0.05077153,0.9981145,-0.03449297,0,0.2649297,0.04676038,0.9631332,0,-0.4704556,1.749351,-0.9417898,1,1.0,1.0,-0.1590609,-0.1433512,0.976806,0.002253632,-0.00621502,-0.02131118,39.5,2455
6,-0.09708706,-0.1672442,1.000253,-0.2302061,-0.1434149,1.000191,-0.1636478,-0.1553293,1.000222,-0.9628127,-0.05164665,0.2651876,0,-0.04042582,0.998048,0.04760157,0,0.2671284,-0.03511097,0.9630212,0,-0.1306643,-1.803233,0.9483066,1,-0.9628126,-0.04042582,0.2671284,0,-0.05164665,0.9980481,-0.03511097,0,0.2651876,0.04760157,0.963021,0,-0.4704154,1.74929,-0.9416483,1,1.0,1.0,-0.1586676,-0.1426094,0.9769785,0.002255867,-0.006216233,-0.02131096,39.51111,2456
6,-0.09813932,-0.1672959,1.000153,-0.2300485,-0.1428025,1.000144,-0.164094,-0.1550492,1.000148,-0.9627382,-0.05282453,0.2652263,0,-0.0413588,0.99796,0.04863422,0,0.2672543,-0.03585257,0.9629589,0,-0.128944,-1.80433,0.9463302,1,-0.962738,-0.0413588,0.2672543,0,-0.05282453,0.9979601,-0.03585258,0,0.2652262,0.04863421,0.9629589,0,-0.4704438,1.749292,-0.9415061,1,1.0,1.0,-0.1591019,-0.1423476,0.9769461,0.002256989,-0.006216233,-0.02131112,39.53333,2457
6,-0.09834284,-0.1673081,1.000093,-0.2294199,-0.1429717,1.000068,-0.1638818,-0.1551396,1.00008,-0.9626811,-0.05333235,0.2653317,0,-0.04178949,0.9979259,0.04896434,0,0.2673928,-0.03604896,0.9629132,0,-0.1280595,-1.804689,0.9457088,1,-0.9626811,-0.04178949,0.2673928,0,-0.05333235,0.9979259,-0.03604896,0,0.2653317,0.04896434,0.962913,0,-0.4704552,1.749288,-0.9414502,1,1.0,1.0,-0.158913,-0.1424458,0.9769626,0.002257774,-0.006216233,-0.02131009,39.54445,2458
6,-0.09846324,-0.1647261,1.000034,-0.2297456,-0.141898,1.000009,-0.1641049,-0.1533119,1.000022,-0.9624823,-0.05439509,0.2658368,0,-0.04279112,0.9978692,0.0492539,0,0.2679496,-0.03603055,0.9627591,0,-0.1259548,-1.805072,0.9452366,1,-0.9624821,-0.04279112,0.2679495,0,-0.05439509,0.9978693,-0.03603054,0,0.2658368,0.0492539,0.9627589,0,-0.4706949,1.749279,-0.9413231,1,1.0,1.0,-0.1591703,-0.1407362,0.9771684,0.002258866,-0.006215638,-0.02130902,39.56667,2459
6,-0.1003018,-0.1651297,1.000079,-0.2301483,-0.1420481,1.000024,-0.165226,-0.1535886,1.000051,-0.9623536,-0.05490784,0.2661968,0,-0.04324482,0.9978383,0.04948344,0,0.2683384,-0.03610894,0.9626478,0,-0.1247945,-1.805313,0.9448175,1,-0.9623536,-0.04324482,0.2683384,0,-0.05490784,0.9978384,-0.03610893,0,0.2661968,0.04948345,0.9626477,0,-0.4707296,1.749261,-0.9412271,1,1.0,1.0,-0.1602059,-0.1409771,0.9769645,0.002259964,-0.006205567,-0.02130888,39.57778,2460
6,-0.1021628,-0.1668616,1.000071,-0.2307146,-0.1437133,1.000062,-0.1664389,-0.1552873,1.000066,-0.9622445,-0.05524702,0.2665211,0,-0.0434191,0.9978013,0.05007394,0,0.2687015,-0.03661126,0.9625275,0,-0.1241671,-1.805833,0.9437381,1,-0.9622443,-0.04341909,0.2687015,0,-0.05524701,0.9978012,-0.03661126,0,0.2665211,0.05007393,0.9625275,0,-0.4707721,1.749215,-0.9411239,1,1.0,1.0,-0.161297,-0.1425629,0.9765547,0.002260552,-0.006182282,-0.02130626,39.6,2461
6,-0.1037252,-0.1663121,1.000107,-0.2338307,-0.1430666,1.000072,-0.1687785,-0.1546891,1.000089,-0.9622135,-0.0552073,0.2666413,0,-0.04320157,0.9977797,0.05068832,0,0.2688476,-0.03725366,0.9624621,0,-0.1244035,-1.80637,0.942637,1,-0.9622132,-0.04320157,0.2688476,0,-0.0552073,0.9977798,-0.03725366,0,0.2666413,0.05068832,0.9624619,0,-0.4707734,1.749204,-0.9411005,1,1.0,1.0,-0.1634853,-0.1419532,0.9762796,0.002261422,-0.006176125,-0.02130466,39.61111,2462
6,-0.1051662,-0.165446,1.000106,-0.2359965,-0.1428148,1.000092,-0.1705816,-0.1541303,1.000099,-0.9622259,-0.05510584,0.2666171,0,-0.04293671,0.9977617,0.05126338,0,0.2688452,-0.0378793,0.9624383,0,-0.1248985,-1.806842,0.9415861,1,-0.9622259,-0.04293671,0.2688452,0,-0.05510584,0.9977618,-0.0378793,0,0.266617,0.05126338,0.9624383,0,-0.4707911,1.749167,-0.9410821,1,1.0,1.0,-0.1651732,-0.1413892,0.9760773,0.002261636,-0.006175499,-0.02130466,39.62222,2463
6,-0.1056204,-0.165136,1.000038,-0.2365461,-0.1428033,1.000013,-0.1710837,-0.1539694,1.000026,-0.9622399,-0.05486395,0.2666174,0,-0.04240388,0.9977322,0.05227279,0,0.2688806,-0.03899334,0.9623841,0,-0.125788,-1.807625,0.9398121,1,-0.9622394,-0.04240387,0.2688805,0,-0.05486394,0.9977322,-0.03899333,0,0.2666172,0.05227278,0.9623837,0,-0.4707817,1.749066,-0.9411232,1,1.0,1.0,-0.1656561,-0.1412367,0.9760175,0.002263558,-0.006175499,-0.0213075,39.64444,2464
6,-0.1055452,-0.1640477,1.000062,-0.2354102,-0.1426169,1.00006,-0.1704777,-0.1533323,1.000061,-0.9622716,-0.0548843,0.2664986,0,-0.04225797,0.9977059,0.05288868,0,0.2687899,-0.03963158,0.9623834,0,-0.1260985,-1.808164,0.9387283,1,-0.9622713,-0.04225797,0.2687898,0,-0.05488429,0.9977059,-0.03963156,0,0.2664984,0.05288867,0.9623829,0,-0.4707504,1.74904,-0.9411824,1,1.0,1.0,-0.1651077,-0.1406477,0.9761955,0.002270455,-0.006176209,-0.02130967,39.65556,2465
6,-0.1055388,-0.1638356,1.000056,-0.2367827,-0.1433094,1.000089,-0.1711602,-0.1535727,1.000072,-0.9624646,-0.05475071,0.2658281,0,-0.0419133,0.9976754,0.05373163,0,0.268152,-0.04057305,0.962522,0,-0.1273369,-1.808833,0.9371553,1,-0.9624643,-0.0419133,0.2681519,0,-0.0547507,0.9976753,-0.04057304,0,0.265828,0.05373161,0.9625216,0,-0.4707142,1.748936,-0.9412765,1,1.0,1.0,-0.1657374,-0.1408558,0.9760588,0.002273453,-0.00617643,-0.02131094,39.67778,2466
6,-0.1055808,-0.1634355,1.000101,-0.2370982,-0.1433031,1.000114,-0.1713393,-0.1533694,1.000108,-0.9625157,-0.05484115,0.2656241,0,-0.04186324,0.9976478,0.0542802,0,0.2679761,-0.04112566,0.9625475,0,-0.1275287,-1.809315,0.9361333,1,-0.9625155,-0.04186324,0.267976,0,-0.05484115,0.9976478,-0.04112566,0,0.2656241,0.0542802,0.9625474,0,-0.4706328,1.748907,-0.9413072,1,1.0,1.0,-0.1659064,-0.1406563,0.9760589,0.002277436,-0.00617643,-0.02131314,39.68889,2467
6,-0.1055775,-0.1634011,1.000086,-0.2371142,-0.1433705,1.000125,-0.1713451,-0.1533862,1.000106,-0.9626263,-0.05467481,0.2652579,0,-0.04159808,0.9976375,0.05467226,0,0.2676204,-0.04159473,0.9626265,0,-0.128354,-1.809614,0.9353683,1,-0.9626258,-0.04159807,0.2676203,0,-0.05467479,0.9976374,-0.04159472,0,0.2652577,0.05467224,0.962626,0,-0.4706108,1.748861,-0.9413302,1,1.0,1.0,-0.165915,-0.1406722,0.9760551,0.002280739,-0.00617643,-0.02131335,39.7,2468
6,-0.1058289,-0.1633019,1.000043,-0.2367089,-0.1434717,1.000109,-0.1712677,-0.1533872,1.000076,-0.9628644,-0.05455942,0.2644159,0,-0.04136965,0.9976178,0.05520126,0,0.2667977,-0.04221253,0.9628278,0,-0.1296177,-1.810053,0.9343344,1,-0.962864,-0.04136965,0.2667976,0,-0.0545594,0.9976178,-0.04221252,0,0.2644157,0.05520125,0.9628274,0,-0.4706123,1.748803,-0.941428,1,1.0,1.0,-0.1658493,-0.1406788,0.9760653,0.002282754,-0.006176133,-0.02131408,39.72222,2469
6,-0.1056932,-0.1637545,1.00004,-0.2363306,-0.1431983,1.000096,-0.1710109,-0.1534768,1.000068,-0.9629846,-0.05448506,0.2639925,0,-0.04130789,0.9976196,0.05521558,0,0.2663726,-0.04226677,0.962943,0,-0.1301504,-1.810053,0.9342308,1,-0.9629846,-0.04130789,0.2663726,0,-0.05448506,0.9976197,-0.04226678,0,0.2639925,0.05521558,0.962943,0,-0.4705837,1.748784,-0.9414476,1,1.0,1.0,-0.16561,-0.1407706,0.9760927,0.002283143,-0.006174454,-0.02131352,39.73333,2470
6,-0.1058669,-0.1642231,1.000072,-0.2363024,-0.1443534,1.000135,-0.1710836,-0.1542883,1.000104,-0.9632434,-0.05395195,0.2631571,0,-0.040778,0.9976382,0.05527269,0,0.2655177,-0.04251003,0.9631685,0,-0.1319269,-1.81003,0.9339398,1,-0.9632431,-0.040778,0.2655176,0,-0.05395195,0.9976383,-0.04251003,0,0.263157,0.05527269,0.9631683,0,-0.4705051,1.748754,-0.9414567,1,1.0,1.0,-0.1656545,-0.1415333,0.9759748,0.002283303,-0.006166313,-0.02131135,39.75556,2471
6,-0.1062298,-0.1638799,1.000046,-0.2350724,-0.1439889,1.000118,-0.1706499,-0.1539346,1.000082,-0.9634039,-0.05366302,0.2626272,0,-0.04051085,0.9976507,0.05524422,0,0.2649748,-0.04258326,0.9633147,0,-0.1329214,-1.809991,0.9338892,1,-0.9634039,-0.04051084,0.2649747,0,-0.05366302,0.9976507,-0.04258325,0,0.2626272,0.05524421,0.9633145,0,-0.4704512,1.748762,-0.9414834,1,1.0,1.0,-0.1652627,-0.141219,0.9760869,0.002283303,-0.006161301,-0.02131008,39.76667,2472
6,-0.1066158,-0.1647392,1.000005,-0.2349487,-0.1442656,1.000045,-0.1707816,-0.1545025,1.000026,-0.9636178,-0.05362034,0.2618512,0,-0.0404921,0.9976494,0.05528105,0,0.2641999,-0.04266689,0.9635239,0,-0.133845,-1.810049,0.9336677,1,-0.9636173,-0.04049209,0.2641998,0,-0.05362033,0.9976494,-0.04266689,0,0.2618511,0.05528104,0.9635236,0,-0.4705127,1.748761,-0.9414783,1,1.0,1.0,-0.1653802,-0.1417599,0.9759884,0.002282608,-0.006156174,-0.02131068,39.78889,2473
6,-0.1058939,-0.1648318,1.000039,-0.2356457,-0.1442523,1.000096,-0.1707689,-0.1545423,1.000067,-0.9637185,-0.05371825,0.2614594,0,-0.04065732,0.997652,0.05511338,0,0.2638061,-0.04248354,0.9636397,0,-0.1339768,-1.809958,0.9338659,1,-0.9637184,-0.04065732,0.2638061,0,-0.05371825,0.9976521,-0.04248354,0,0.2614594,0.05511338,0.9636397,0,-0.4705117,1.748793,-0.9414598,1,1.0,1.0,-0.1653587,-0.1417999,0.9759863,0.002279914,-0.006148224,-0.02130836,39.8,2474
6,-0.1073181,-0.1631025,0.9999668,-0.2350461,-0.1442083,1.000002,-0.1711815,-0.1536555,0.9999846,-0.9637417,-0.05449113,0.261214,0,-0.04150251,0.997624,0.05498923,0,0.2635898,-0.04215438,0.9637134,0,-0.1329162,-1.810011,0.9340795,1,-0.9637416,-0.04150252,0.2635898,0,-0.05449113,0.9976242,-0.04215437,0,0.261214,0.05498924,0.9637133,0,-0.4707209,1.74883,-0.9414494,1,1.0,1.0,-0.1657687,-0.1409735,0.9760365,0.002273392,-0.006145562,-0.02130779,39.81111,2475
6,-0.1068459,-0.162977,0.9999592,-0.2352224,-0.1444089,1.000019,-0.1710332,-0.1536931,0.9999892,-0.9638712,-0.0549803,0.2606328,0,-0.04221409,0.9976301,0.05433334,0,0.2630024,-0.04136797,0.963908,0,-0.1324491,-1.809582,0.9351622,1,-0.9638712,-0.04221409,0.2630024,0,-0.05498029,0.9976301,-0.04136796,0,0.2606328,0.05433334,0.9639078,0,-0.4708892,1.748892,-0.9414344,1,1.0,1.0,-0.1656273,-0.1410121,0.976055,0.002271065,-0.006145172,-0.02130708,39.83334,2476
6,-0.1064738,-0.1627626,0.9999938,-0.2355239,-0.1444483,1.000013,-0.1709985,-0.1536058,1.000003,-0.9639074,-0.05471479,0.2605551,0,-0.04203534,0.9976561,0.05399385,0,0.2628987,-0.04109254,0.963948,0,-0.1328662,-1.809321,0.9357195,1,-0.9639073,-0.04203533,0.2628987,0,-0.05471479,0.9976561,-0.04109254,0,0.2605551,0.05399385,0.963948,0,-0.4708739,1.748972,-0.9414042,1,1.0,1.0,-0.1655941,-0.1409294,0.9760724,0.002270294,-0.006145004,-0.02130794,39.84444,2477
6,-0.1043216,-0.163165,1.000061,-0.2362409,-0.1443942,1.000069,-0.1702811,-0.1537796,1.000065,-0.9639369,-0.05430964,0.2605304,0,-0.04170879,0.9976879,0.05365756,0,0.2628422,-0.04085609,0.9639735,0,-0.133461,-1.809013,0.9362898,1,-0.9639369,-0.04170879,0.2628421,0,-0.05430963,0.9976879,-0.04085609,0,0.2605304,0.05365755,0.9639733,0,-0.4708268,1.749025,-0.9413885,1,1.0,1.0,-0.1649101,-0.1411016,0.9761634,0.002266357,-0.006143334,-0.02130759,39.86667,2478
6,-0.1043581,-0.1633397,0.9999205,-0.2359538,-0.1439282,0.9999188,-0.170156,-0.153634,0.9999197,-0.9639342,-0.05426741,0.2605501,0,-0.04167599,0.9976916,0.05361442,0,0.2628582,-0.04082208,0.9639707,0,-0.133485,-1.808964,0.9364426,1,-0.9639339,-0.04167598,0.2628581,0,-0.0542674,0.9976916,-0.04082207,0,0.26055,0.05361441,0.9639704,0,-0.4708286,1.749018,-0.941461,1,1.0,1.0,-0.1648145,-0.1409859,0.9761962,0.002261193,-0.006144997,-0.02130857,39.87778,2479
6,-0.1031587,-0.1635999,0.9999595,-0.2372021,-0.1436938,0.9999824,-0.17018,-0.1536471,0.9999709,-0.9639724,-0.05406458,0.2604505,0,-0.04155892,0.9977139,0.05328975,0,0.2627361,-0.04054581,0.9640155,0,-0.133927,-1.808627,0.9370292,1,-0.9639721,-0.04155891,0.2627361,0,-0.05406457,0.9977139,-0.0405458,0,0.2604504,0.05328975,0.9640155,0,-0.4709342,1.748992,-0.9414554,1,1.0,1.0,-0.1648238,-0.1409899,0.9761941,0.002256409,-0.006145653,-0.02131088,39.9,2480
6,-0.1030044,-0.1634919,0.9999029,-0.2381251,-0.1447402,0.9999101,-0.1705646,-0.154116,0.9999064,-0.96398,-0.0538883,0.2604588,0,-0.04146207,0.9977347,0.05297429,0,0.2627235,-0.04026699,0.9640306,0,-0.1341053,-1.808363,0.9376457,1,-0.9639798,-0.04146207,0.2627234,0,-0.05388829,0.9977347,-0.04026699,0,0.2604587,0.05297429,0.9640305,0,-0.4709424,1.749035,-0.9415038,1,1.0,1.0,-0.165178,-0.1414276,0.976071,0.002253541,-0.006146653,-0.02131181,39.91111,2481
6,-0.1025351,-0.1631578,0.9999596,-0.2384326,-0.1451803,0.9999592,-0.1704838,-0.1541692,0.9999595,-0.9639814,-0.05380496,0.260471,0,-0.04139043,0.9977407,0.05291874,0,0.2627298,-0.04023167,0.9640304,0,-0.1342389,-1.808291,0.9377787,1,-0.9639812,-0.04139042,0.2627298,0,-0.05380496,0.9977407,-0.04023167,0,0.260471,0.05291874,0.9640303,0,-0.4709629,1.749024,-0.9415291,1,1.0,1.0,-0.1650932,-0.1414676,0.9760795,0.002252526,-0.006152283,-0.02131001,39.92222,2482
6,-0.1017754,-0.1613848,0.9999908,-0.2383043,-0.142571,1.000015,-0.1700394,-0.1519779,1.000003,-0.9640765,-0.05365083,0.2601506,0,-0.04122848,0.9977442,0.05297856,0,0.2624061,-0.04034977,0.9641136,0,-0.1349236,-1.808296,0.9376854,1,-0.9640762,-0.04122847,0.262406,0,-0.05365082,0.9977441,-0.04034976,0,0.2601506,0.05297856,0.9641135,0,-0.4710326,1.748976,-0.9415947,1,1.0,1.0,-0.1647216,-0.1394057,0.9764388,0.002252114,-0.006165932,-0.02131004,39.94445,2483
