flag,xl,yl,zl,xr,yr,zr,xc,yc,zc,mat_00,mat_10,mat_20,mat_30,mat_01,mat_11,mat_21,mat_31,mat_02,mat_12,mat_22,mat_32,mat_03,mat_13,mat_23,mat_33,ctw_00,ctw_10,ctw_20,ctw_30,ctw_01,ctw_11,ctw_21,ctw_31,ctw_02,ctw_12,ctw_22,ctw_32,ctw_03,ctw_13,ctw_23,ctw_33,opennessl,opennessr,ray_x,ray_y,ray_z,eye_x,eye_y,eye_z,time,frame
6,-0.07234052,-0.06569365,1.000276,-0.2432932,-0.09641789,1.000233,-0.1578182,-0.08105599,1.000254,0.2540678,-0.02458257,-0.9668741,0,0.01222076,0.9996787,-0.02220534,0,-0.9671093,0.006174275,-0.2542865,0,-0.6942914,-1.625548,-1.099175,1,0.2540677,0.01222076,-0.9671091,0,-0.02458256,0.9996787,0.006174277,0,-0.9668739,-0.02220534,-0.2542865,0,-0.926327,1.609103,-0.9409244,1,1.0,1.0,-0.1539685,-0.07328083,0.9853546,0.001513191,-0.005222954,-0.01942049,27.11111,1632
6,-0.07279357,-0.06543788,1.000104,-0.2425269,-0.09600759,1.000053,-0.1576614,-0.08072314,1.000079,0.2537585,-0.02451263,-0.966957,0,0.0122938,0.9996798,-0.0221159,0,-0.9671896,0.00627548,-0.2539787,0,-0.6949592,-1.625411,-1.099227,1,0.2537585,0.0122938,-0.9671894,0,-0.02451263,0.9996798,0.006275481,0,-0.9669569,-0.0221159,-0.2539786,0,-0.9263967,1.609123,-0.9411372,1,1.0,1.0,-0.153854,-0.07297109,0.9853954,0.001516861,-0.005226632,-0.01941767,27.12222,1633
6,-0.07383439,-0.06578498,1.000257,-0.2448753,-0.095856,1.000239,-0.1593553,-0.08082049,1.000248,0.2536537,-0.02493229,-0.9669737,0,0.01224549,0.9996704,-0.02256314,0,-0.9672176,0.006117842,-0.2538754,0,-0.6953232,-1.625956,-1.09885,1,0.2536537,0.01224549,-0.9672175,0,-0.02493229,0.9996703,0.006117844,0,-0.9669738,-0.02256314,-0.2538754,0,-0.9267263,1.609141,-0.9415523,1,1.0,1.0,-0.1554303,-0.07303368,0.9851434,0.001521522,-0.00522757,-0.0194166,27.14445,1634
6,-0.07490715,-0.06605175,1.000108,-0.2446969,-0.09580774,1.000077,-0.1598029,-0.08092997,1.000093,0.2534805,-0.02491949,-0.9670195,0,0.01213429,0.9996714,-0.0225802,0,-0.9672645,0.006010451,-0.2536995,0,-0.6955172,-1.626025,-1.098822,1,0.2534805,0.01213429,-0.9672644,0,-0.02491949,0.9996713,0.006010451,0,-0.9670194,-0.0225802,-0.2536996,0,-0.9268019,1.609119,-0.9417465,1,1.0,1.0,-0.1558819,-0.07314369,0.9850639,0.001530158,-0.005228447,-0.01941808,27.15556,1635
6,-0.07417342,-0.06600028,1.000109,-0.2444056,-0.09675471,1.000088,-0.1592901,-0.08137779,1.000098,0.253215,-0.0247947,-0.9670922,0,0.01154709,0.9996778,-0.02260675,0,-0.9673411,0.005442736,-0.2534197,0,-0.6951361,-1.626449,-1.098939,1,0.253215,0.01154709,-0.967341,0,-0.0247947,0.9996777,0.005442735,0,-0.9670923,-0.02260675,-0.2534197,0,-0.9270838,1.609109,-0.9420741,1,1.0,1.0,-0.1554012,-0.07357858,0.9851074,0.001538925,-0.005229004,-0.01941808,27.17778,1636
6,-0.07580543,-0.06578699,1.000027,-0.2460433,-0.096248,1.000009,-0.1609248,-0.08101761,1.000018,0.2531165,-0.02470412,-0.9671203,0,0.01129834,0.9996812,-0.02257883,0,-0.9673699,0.005211772,-0.253315,0,-0.6950632,-1.62664,-1.098944,1,0.2531165,0.01129833,-0.9673698,0,-0.02470411,0.9996812,0.005211774,0,-0.9671203,-0.02257883,-0.253315,0,-0.927064,1.609161,-0.9422846,1,1.0,1.0,-0.1569619,-0.07321851,0.9848868,0.001543419,-0.00523056,-0.01941964,27.18889,1637
6,-0.07628679,-0.06434778,1.000057,-0.2476508,-0.09510555,1.000019,-0.1619698,-0.07972696,1.000038,0.2529567,-0.02494506,-0.9671561,0,0.01112922,0.9996764,-0.02287302,0,-0.9674137,0.004977806,-0.2531525,0,-0.6950214,-1.62706,-1.098439,1,0.2529567,0.01112922,-0.9674135,0,-0.02494506,0.9996765,0.00497781,0,-0.9671559,-0.02287302,-0.2531524,0,-0.9271389,1.609144,-0.9423465,1,1.0,1.0,-0.1579629,-0.07196295,0.9848193,0.001551537,-0.005231568,-0.01943528,27.2,1638
6,-0.07633585,-0.06431659,1.000081,-0.2505138,-0.09507851,1.000047,-0.1634257,-0.07969778,1.000064,0.2529163,-0.02547107,-0.9671528,0,0.01124801,0.9996632,-0.02338585,0,-0.9674228,0.004963876,-0.2531177,0,-0.6955185,-1.627576,-1.097814,1,0.2529163,0.011248,-0.9674227,0,-0.02547107,0.9996632,0.004963876,0,-0.9671528,-0.02338585,-0.2531176,0,-0.9273016,1.609177,-0.9426573,1,1.0,1.0,-0.1593302,-0.07191765,0.9846023,0.001552269,-0.005231011,-0.019439,27.22222,1639
6,-0.07638228,-0.06405751,0.999949,-0.250515,-0.09550282,0.9999388,-0.1634489,-0.07978016,0.9999439,0.252866,-0.02541951,-0.9671674,0,0.01102726,0.9996656,-0.02339057,0,-0.9674385,0.004750522,-0.2530617,0,-0.6954349,-1.627853,-1.09772,1,0.2528659,0.01102725,-0.9674384,0,-0.02541951,0.9996656,0.004750525,0,-0.9671673,-0.02339057,-0.2530617,0,-0.9272066,1.609301,-0.9428483,1,1.0,1.0,-0.1593702,-0.07200579,0.9845894,0.001553291,-0.005229943,-0.01943946,27.23333,1640
6,-0.07674307,-0.06431562,1.000042,-0.2512868,-0.09679428,1.000002,-0.1640159,-0.0805553,1.000022,0.2526847,-0.02616699,-0.9671948,0,0.01129474,0.9996459,-0.02409413,0,-0.9674828,0.00483599,-0.2528908,0,-0.6964514,-1.628532,-1.096492,1,0.2526847,0.01129473,-0.9674827,0,-0.02616698,0.9996458,0.004835992,0,-0.9671947,-0.02409413,-0.2528908,0,-0.9271524,1.609402,-0.9432217,1,1.0,1.0,-0.1598841,-0.07273937,0.9844522,0.001554168,-0.005229264,-0.01944117,27.25556,1641
6,-0.07710397,-0.06431656,1.00002,-0.2513381,-0.09837694,1.000021,-0.164221,-0.08134676,1.000021,0.2527193,-0.02636907,-0.9671803,0,0.01141346,0.9996402,-0.02427177,0,-0.9674723,0.004904926,-0.2529294,0,-0.6967461,-1.628692,-1.096257,1,0.2527193,0.01141346,-0.9674723,0,-0.02636907,0.9996403,0.004904926,0,-0.9671801,-0.02427178,-0.2529294,0,-0.9271443,1.60945,-0.9433697,1,1.0,1.0,-0.1600684,-0.07349686,0.9843659,0.001554168,-0.005229515,-0.01944117,27.26667,1642
6,-0.07668036,-0.06447164,1.000039,-0.2513463,-0.09803985,0.9999996,-0.1640143,-0.08125597,1.000019,0.2525502,-0.02669256,-0.9672155,0,0.01159374,0.9996311,-0.0245599,0,-0.9675143,0.005011039,-0.2527665,0,-0.6973271,-1.628871,-1.095743,1,0.2525502,0.01159374,-0.9675144,0,-0.02669257,0.9996312,0.005011039,0,-0.9672156,-0.0245599,-0.2527665,0,-0.9271885,1.609444,-0.9434789,1,1.0,1.0,-0.1598748,-0.07341149,0.9844038,0.001554276,-0.005229851,-0.01944329,27.27778,1643
6,-0.0762482,-0.06491327,1.000114,-0.251484,-0.09789059,1.000119,-0.1638659,-0.08140182,1.000116,0.2527723,-0.02670195,-0.9671574,0,0.01172082,0.9996303,-0.02453518,0,-0.9674549,0.005134064,-0.2529918,0,-0.6973852,-1.628704,-1.09634,1,0.2527723,0.01172082,-0.9674548,0,-0.02670195,0.9996302,0.005134067,0,-0.9671572,-0.02453518,-0.2529917,0,-0.9275427,1.609377,-0.9436917,1,1.0,1.0,-0.1597188,-0.07354663,0.984419,0.001554292,-0.005229851,-0.01944345,27.3,1644
6,-0.0761835,-0.06633948,1.000327,-0.2514546,-0.09805558,1.000351,-0.1638184,-0.08219748,1.000339,0.2528893,-0.02666928,-0.9671277,0,0.01180192,0.9996307,-0.02447955,0,-0.9674233,0.005223338,-0.2531106,0,-0.6974036,-1.628533,-1.096828,1,0.2528892,0.01180191,-0.9674231,0,-0.02666928,0.9996306,0.005223341,0,-0.9671275,-0.02447955,-0.2531106,0,-0.9278387,1.609312,-0.9437968,1,1.0,1.0,-0.1596315,-0.07429521,0.984377,0.001554474,-0.005229988,-0.01944331,27.31111,1645
6,-0.0793713,-0.05370118,1.000057,-0.2511778,-0.09794828,1.000077,-0.1652741,-0.07582437,1.000067,0.2528552,-0.02615638,-0.9671506,0,0.01151,0.9996451,-0.02402597,0,-0.9674358,0.005056811,-0.2530665,0,-0.6972842,-1.628207,-1.097686,1,0.2528551,0.01151,-0.9674356,0,-0.02615638,0.9996451,0.005056816,0,-0.9671504,-0.02402597,-0.2530665,0,-0.9279038,1.609282,-0.9441316,1,1.0,1.0,-0.1611095,-0.06813125,0.9845821,0.001542992,-0.005279534,-0.01939531,27.33333,1646
6,-0.0802168,-0.05601091,0.9999889,-0.2500827,-0.09880697,0.9999614,-0.1651505,-0.07740929,0.9999751,0.2526796,-0.02604465,-0.9671995,0,0.01141195,0.9996483,-0.02393708,0,-0.9674827,0.004989214,-0.252888,0,-0.6975101,-1.628179,-1.097705,1,0.2526796,0.01141194,-0.9674827,0,-0.02604465,0.9996483,0.004989216,0,-0.9671993,-0.02393707,-0.252888,0,-0.9278578,1.609291,-0.9443019,1,1.0,1.0,-0.1609908,-0.06965998,0.9844945,0.001540023,-0.005283386,-0.01937479,27.34444,1647
6,-0.07807797,-0.06366246,1.000086,-0.2499015,-0.09769626,1.000059,-0.1639906,-0.08067953,1.000073,0.2525331,-0.0259304,-0.9672408,0,0.01105798,0.9996529,-0.02391224,0,-0.9675251,0.004657095,-0.2527322,0,-0.6972484,-1.628383,-1.097732,1,0.2525331,0.01105798,-0.967525,0,-0.0259304,0.9996529,0.004657096,0,-0.9672406,-0.02391224,-0.2527322,0,-0.9279177,1.609279,-0.944454,1,1.0,1.0,-0.1598312,-0.0728557,0.9844521,0.001528587,-0.005231072,-0.01941216,27.35556,1648
6,-0.07039946,-0.06987114,1.00004,-0.241923,-0.09738874,0.999964,-0.1561631,-0.0836304,1.000002,0.2516532,-0.02608286,-0.9674659,0,0.01068973,0.9996507,-0.02416999,0,-0.9677585,0.00425949,-0.2518441,0,-0.697944,-1.628964,-1.096797,1,0.2516532,0.01068973,-0.9677584,0,-0.02608285,0.9996507,0.00425949,0,-0.967466,-0.02416999,-0.2518441,0,-0.9279621,1.609346,-0.9447246,1,1.0,1.0,-0.1524062,-0.07579231,0.9854075,0.001495567,-0.00522612,-0.01936588,27.37778,1649
6,-0.07035175,-0.06925271,1.000137,-0.2435973,-0.09648387,1.000118,-0.1569749,-0.08286847,1.000127,0.2515619,-0.02621076,-0.9674863,0,0.01075644,0.9996472,-0.0242852,0,-0.9677815,0.004297469,-0.2517551,0,-0.6982576,-1.629042,-1.096698,1,0.2515619,0.01075643,-0.9677814,0,-0.02621075,0.9996471,0.004297472,0,-0.9674861,-0.0242852,-0.2517551,0,-0.9280831,1.609344,-0.9448591,1,1.0,1.0,-0.1531697,-0.07503956,0.9853467,0.001501678,-0.005228959,-0.01936042,27.38889,1650
6,-0.06998238,-0.06812724,1.000031,-0.2428565,-0.09640684,0.9999211,-0.1564224,-0.08226772,0.999976,0.2509946,-0.02647816,-0.9676263,0,0.0106981,0.9996406,-0.0245792,0,-0.9679294,0.004182516,-0.2511876,0,-0.6988693,-1.629404,-1.095909,1,0.2509945,0.0106981,-0.9679294,0,-0.02647816,0.9996406,0.004182518,0,-0.9676263,-0.0245792,-0.2511876,0,-0.928162,1.609359,-0.9449201,1,1.0,1.0,-0.152678,-0.07447895,0.9854655,0.001502433,-0.005229485,-0.01935543,27.4,1651
6,-0.07112738,-0.06696927,1.000081,-0.2447375,-0.09642193,1.000074,-0.1579328,-0.08169571,1.000077,0.250833,-0.02659529,-0.9676651,0,0.01075107,0.9996374,-0.02468719,0,-0.9679707,0.004211069,-0.2510279,0,-0.6993823,-1.629545,-1.095753,1,0.2508329,0.01075106,-0.9679707,0,-0.02659529,0.9996374,0.004211072,0,-0.9676649,-0.02468719,-0.2510279,0,-0.9282315,1.609422,-0.945184,1,1.0,1.0,-0.1540991,-0.07390016,0.9852879,0.001505593,-0.005234978,-0.01934788,27.42222,1652
6,-0.07105339,-0.06600263,1.000195,-0.2439655,-0.09699368,1.000157,-0.1575104,-0.0814985,1.000176,0.2506445,-0.02674659,-0.9677096,0,0.01079751,0.9996333,-0.02483229,0,-0.9680189,0.004224782,-0.2508414,0,-0.6996782,-1.629597,-1.095602,1,0.2506446,0.01079752,-0.968019,0,-0.02674659,0.9996334,0.004224782,0,-0.9677097,-0.02483229,-0.2508414,0,-0.9284405,1.609348,-0.9452396,1,1.0,1.0,-0.1536888,-0.07370837,0.9853663,0.001506393,-0.005234757,-0.01935028,27.43333,1653
6,-0.07176283,-0.06633762,1.000183,-0.2450531,-0.09658398,1.000219,-0.1584069,-0.08146051,1.000201,0.250613,-0.0263372,-0.9677291,0,0.01094479,0.9996431,-0.02437138,0,-0.9680256,0.004483811,-0.2508118,0,-0.7001582,-1.629008,-1.096684,1,0.2506129,0.01094479,-0.9680255,0,-0.0263372,0.999643,0.004483813,0,-0.967729,-0.02437138,-0.2508118,0,-0.928728,1.609362,-0.9455281,1,1.0,1.0,-0.1545333,-0.07365952,0.985238,0.001508972,-0.00523539,-0.01935419,27.45556,1654
6,-0.07173491,-0.06581061,1.000254,-0.2464245,-0.09724174,1.000256,-0.1590796,-0.08152635,1.000255,0.2505656,-0.02595776,-0.9677516,0,0.01084035,0.999653,-0.02400671,0,-0.968039,0.004475513,-0.2507601,0,-0.7000753,-1.628644,-1.097477,1,0.2505656,0.01084035,-0.9680389,0,-0.02595776,0.999653,0.004475514,0,-0.9677515,-0.02400671,-0.25076,0,-0.9289461,1.609321,-0.9456144,1,1.0,1.0,-0.15516,-0.07370935,0.9851357,0.001510559,-0.005237061,-0.01935756,27.46667,1655
6,-0.0713366,-0.06572136,1.000105,-0.2468705,-0.09804173,1.000099,-0.1591038,-0.08188154,1.000102,0.2505024,-0.02626894,-0.9677595,0,0.01026106,0.9996477,-0.02447847,0,-0.9680616,0.003798324,-0.2506837,0,-0.6994029,-1.62963,-1.096955,1,0.2505023,0.01026106,-0.9680616,0,-0.02626894,0.9996477,0.003798324,0,-0.9677594,-0.02447847,-0.2506837,0,-0.9291952,1.609381,-0.9458639,1,1.0,1.0,-0.1552034,-0.07406065,0.9851025,0.001512748,-0.005237877,-0.01935756,27.48889,1656
6,-0.07154384,-0.06567917,1.000157,-0.2465354,-0.09947173,1.000134,-0.1590402,-0.08257569,1.000145,0.2504154,-0.02639392,-0.9677787,0,0.01010085,0.9996451,-0.02464938,0,-0.9680859,0.003602798,-0.2505932,0,-0.6993802,-1.630002,-1.096786,1,0.2504154,0.01010085,-0.9680857,0,-0.02639391,0.9996452,0.003602801,0,-0.9677785,-0.02464938,-0.2505932,0,-0.929333,1.609453,-0.9460346,1,1.0,1.0,-0.1551316,-0.07472481,0.9850636,0.001514756,-0.005238716,-0.01935427,27.5,1657
6,-0.07232034,-0.06557532,1.000176,-0.245489,-0.09950253,1.000156,-0.1589053,-0.08253904,1.000166,0.250383,-0.02671432,-0.9677783,0,0.009880518,0.9996377,-0.02503748,0,-0.9680964,0.003293187,-0.2505563,0,-0.6991214,-1.630591,-1.096331,1,0.250383,0.009880517,-0.9680964,0,-0.02671432,0.9996377,0.003293189,0,-0.9677781,-0.02503748,-0.2505563,0,-0.9295169,1.609459,-0.9461396,1,1.0,1.0,-0.1550021,-0.07468986,0.9850866,0.001514756,-0.005238716,-0.01935314,27.51111,1658
6,-0.07237011,-0.06475425,1.0001,-0.2447037,-0.09868806,1.000056,-0.1585379,-0.0817215,1.000078,0.2502507,-0.02727721,-0.9677968,0,0.009591751,0.9996238,-0.02569404,0,-0.9681336,0.002852913,-0.2504182,0,-0.6989027,-1.631562,-1.095391,1,0.2502508,0.009591751,-0.9681336,0,-0.02727721,0.9996239,0.002852915,0,-0.9677967,-0.02569404,-0.2504182,0,-0.9297193,1.609507,-0.9462823,1,1.0,1.0,-0.1546774,-0.07391551,0.9851961,0.001514756,-0.005237313,-0.01935552,27.53333,1659
6,-0.07235724,-0.06553847,1.000079,-0.2437417,-0.09952565,1.000071,-0.1580498,-0.08253217,1.000075,0.2502232,-0.02731292,-0.9678029,0,0.009464282,0.9996232,-0.02576397,0,-0.968142,0.002712813,-0.2503874,0,-0.698808,-1.631742,-1.095341,1,0.2502231,0.009464278,-0.9681419,0,-0.02731292,0.9996232,0.002712816,0,-0.9678028,-0.02576397,-0.2503873,0,-0.9297837,1.609521,-0.9463781,1,1.0,1.0,-0.1542078,-0.07470022,0.9852105,0.001514756,-0.005236916,-0.01935874,27.54445,1660
6,-0.07235897,-0.06543894,1.000252,-0.2456793,-0.09917758,1.000273,-0.1590185,-0.08230809,1.000262,0.2501782,-0.02707484,-0.9678211,0,0.009564523,0.9996293,-0.02549228,0,-0.9681525,0.002879137,-0.2503443,0,-0.6990933,-1.631334,-1.096141,1,0.2501781,0.009564523,-0.9681525,0,-0.02707484,0.9996293,0.002879136,0,-0.9678212,-0.02549228,-0.2503444,0,-0.9301386,1.609473,-0.9465448,1,1.0,1.0,-0.1550958,-0.07446018,0.9850893,0.001514909,-0.005237313,-0.01936444,27.56667,1661
6,-0.07206851,-0.06541497,1.000173,-0.245076,-0.100079,1.000192,-0.1585716,-0.08274686,1.000183,0.2502148,-0.02672693,-0.9678214,0,0.009631778,0.9996381,-0.02511543,0,-0.9681424,0.003037586,-0.2503817,0,-0.6992049,-1.630871,-1.096928,1,0.2502148,0.009631774,-0.9681424,0,-0.02672693,0.9996381,0.003037589,0,-0.9678213,-0.02511543,-0.2503817,0,-0.930267,1.609465,-0.9466266,1,1.0,1.0,-0.1546805,-0.07489209,0.9851219,0.001514099,-0.005237908,-0.01936453,27.57778,1662
6,-0.07172525,-0.06633759,1.000153,-0.2442594,-0.0993702,1.000178,-0.1579918,-0.08285366,1.000165,0.2503327,-0.02666092,-0.9677927,0,0.009801252,0.9996393,-0.02500301,0,-0.9681103,0.003226507,-0.2505037,0,-0.6993909,-1.630649,-1.097334,1,0.2503327,0.00980125,-0.9681102,0,-0.02666092,0.9996394,0.003226509,0,-0.9677927,-0.02500301,-0.2505037,0,-0.9303859,1.609479,-0.9467124,1,1.0,1.0,-0.1541345,-0.07500316,0.9851989,0.001513962,-0.005236954,-0.01936453,27.58889,1663
6,-0.07158843,-0.06758159,0.9999635,-0.2433788,-0.09925254,0.9999541,-0.1574838,-0.08341717,0.9999588,0.2503291,-0.02669235,-0.9677928,0,0.009578019,0.9996392,-0.02509325,0,-0.9681135,0.002987966,-0.2504945,0,-0.6991243,-1.630958,-1.097262,1,0.2503291,0.009578019,-0.9681134,0,-0.02669235,0.9996393,0.002987967,0,-0.9677928,-0.02509325,-0.2504945,0,-0.9304449,1.609532,-0.9468164,1,1.0,1.0,-0.1536779,-0.07556585,0.9852273,0.001513688,-0.00523571,-0.01937216,27.61111,1664
6,-0.0711855,-0.06725494,1.000043,-0.2425495,-0.09876129,1.00002,-0.1568682,-0.08300811,1.000031,0.2502662,-0.02704509,-0.9677993,0,0.009593377,0.99963,-0.02545382,0,-0.9681296,0.00291423,-0.2504331,0,-0.6992254,-1.631338,-1.0967,1,0.2502662,0.009593374,-0.9681295,0,-0.02704509,0.9996299,0.002914233,0,-0.9677991,-0.02545382,-0.2504331,0,-0.930513,1.609527,-0.9468367,1,1.0,1.0,-0.1530899,-0.07517365,0.9853489,0.001514221,-0.005235909,-0.01938079,27.62222,1665
6,-0.0711922,-0.06756109,0.9999306,-0.2423021,-0.09918209,0.9999073,-0.1567477,-0.08337188,0.9999188,0.250111,-0.02726627,-0.9678332,0,0.009287605,0.999625,-0.02576178,0,-0.9681727,0.002545548,-0.2502704,0,-0.6991532,-1.631964,-1.095967,1,0.2501109,0.009287603,-0.9681726,0,-0.02726627,0.999625,0.002545547,0,-0.9678332,-0.02576178,-0.2502704,0,-0.930345,1.609611,-0.9470348,1,1.0,1.0,-0.1529884,-0.07553285,0.9853372,0.001513824,-0.005235413,-0.01938079,27.64445,1666
6,-0.07091612,-0.06759539,1.000015,-0.2423154,-0.09925195,0.9999713,-0.1566168,-0.08342396,0.9999933,0.2499087,-0.0273615,-0.9678828,0,0.008890625,0.9996234,-0.02596322,0,-0.9682286,0.002116644,-0.2500579,0,-0.6988485,-1.632442,-1.095532,1,0.2499088,0.008890622,-0.9682285,0,-0.0273615,0.9996234,0.002116648,0,-0.9678827,-0.02596322,-0.2500578,0,-0.9303643,1.609597,-0.9471362,1,1.0,1.0,-0.1528534,-0.07557923,0.9853546,0.001513787,-0.005235275,-0.01938079,27.65556,1667
6,-0.07123652,-0.06752154,1.000057,-0.2429128,-0.09902959,1.000061,-0.1570745,-0.08327533,1.000059,0.2499245,-0.02740607,-0.9678774,0,0.009068689,0.9996217,-0.02596322,0,-0.9682229,0.002288533,-0.2500785,0,-0.6991743,-1.632307,-1.095602,1,0.2499245,0.009068687,-0.9682228,0,-0.02740606,0.9996217,0.002288535,0,-0.9678774,-0.02596322,-0.2500785,0,-0.9304027,1.609584,-0.9472074,1,1.0,1.0,-0.1532775,-0.07542668,0.9853003,0.001513764,-0.00523555,-0.01938079,27.66667,1668
6,-0.07150671,-0.06499473,1.000047,-0.24233,-0.09922679,1.000042,-0.1569186,-0.08211087,1.000045,0.2496027,-0.02705308,-0.9679704,0,0.009218263,0.9996307,-0.02556089,0,-0.9683045,0.002542937,-0.2497599,0,-0.6999111,-1.631683,-1.096109,1,0.2496026,0.00921826,-0.9683044,0,-0.02705308,0.9996308,0.002542939,0,-0.9679704,-0.02556089,-0.2497599,0,-0.9304437,1.609515,-0.9473419,1,1.0,1.0,-0.1531436,-0.0743093,0.9854061,0.001513107,-0.005235642,-0.01938723,27.68889,1669
6,-0.07174441,-0.06757212,1.000051,-0.2421173,-0.09939999,1.000049,-0.1569309,-0.08348593,1.00005,0.2494903,-0.02660853,-0.9680117,0,0.009455467,0.9996417,-0.02504097,0,-0.9683312,0.002905521,-0.2496525,0,-0.7004428,-1.630883,-1.096906,1,0.2494902,0.009455463,-0.968331,0,-0.02660853,0.9996417,0.002905522,0,-0.9680116,-0.02504097,-0.2496525,0,-0.9304595,1.609454,-0.9473673,1,1.0,1.0,-0.1531402,-0.07563119,0.9853061,0.001512489,-0.005235657,-0.01937795,27.7,1670
6,-0.07175225,-0.06757684,1.000124,-0.2417693,-0.09920989,1.000146,-0.1567602,-0.08339319,1.000135,0.2493533,-0.02589253,-0.9680664,0,0.01001467,0.999658,-0.02415794,0,-0.9683608,0.003671,-0.2495274,0,-0.7015576,-1.629448,-1.098447,1,0.2493533,0.01001467,-0.9683607,0,-0.02589253,0.999658,0.003671002,0,-0.9680663,-0.02415794,-0.2495273,0,-0.9306243,1.609381,-0.9474717,1,1.0,1.0,-0.1529676,-0.07553766,0.98534,0.001512489,-0.005235657,-0.01937709,27.72222,1671
6,-0.07181928,-0.0657705,1.000126,-0.2419573,-0.09824959,1.000104,-0.1568889,-0.0820104,1.000115,0.2492046,-0.0258154,-0.9681068,0,0.01013854,0.9996594,-0.02404698,0,-0.9683979,0.003822572,-0.2493815,0,-0.7019396,-1.629189,-1.098654,1,0.2492046,0.01013854,-0.9683976,0,-0.0258154,0.9996594,0.003822573,0,-0.9681066,-0.02404697,-0.2493814,0,-0.9307463,1.609331,-0.9475128,1,1.0,1.0,-0.1531077,-0.0742055,0.9854195,0.001512489,-0.005239151,-0.01937503,27.73333,1672
6,-0.0712862,-0.06588214,1.000202,-0.2420994,-0.09796865,1.000174,-0.1566935,-0.08192557,1.000188,0.2490521,-0.02590765,-0.9681436,0,0.01029573,0.9996565,-0.0241024,0,-0.9684354,0.003964991,-0.2492333,0,-0.7023059,-1.629113,-1.098675,1,0.2490521,0.01029573,-0.9684353,0,-0.02590765,0.9996565,0.003964993,0,-0.9681435,-0.0241024,-0.2492333,0,-0.9309708,1.609303,-0.9475048,1,1.0,1.0,-0.1529157,-0.07412095,0.9854556,0.001514207,-0.005239503,-0.01937259,27.74445,1673
6,-0.07190683,-0.06508319,1.000148,-0.2421778,-0.09791981,1.000152,-0.1570422,-0.0815015,1.00015,0.2491227,-0.02594721,-0.9681242,0,0.01026933,0.9996556,-0.02414974,0,-0.9684175,0.003925744,-0.2493035,0,-0.7022318,-1.629149,-1.098829,1,0.2491228,0.01026934,-0.9684174,0,-0.02594721,0.9996555,0.003925743,0,-0.9681243,-0.02414974,-0.2493034,0,-0.931133,1.609263,-0.9475996,1,1.0,1.0,-0.1532557,-0.07371151,0.9854336,0.001515037,-0.005240227,-0.01937136,27.76667,1674
6,-0.07338652,-0.0654177,1.000066,-0.2420525,-0.09789118,1.000043,-0.1577201,-0.08165462,1.000055,0.2490403,-0.02616437,-0.9681397,0,0.01018768,0.9996505,-0.02439532,0,-0.9684396,0.003787672,-0.2492198,0,-0.702265,-1.629477,-1.098457,1,0.2490403,0.01018767,-0.9684395,0,-0.02616436,0.9996504,0.003787675,0,-0.9681395,-0.02439532,-0.2492198,0,-0.9312018,1.609264,-0.9476865,1,1.0,1.0,-0.1539083,-0.07385778,0.9853209,0.001515404,-0.005240517,-0.01937136,27.77778,1675
6,-0.0741367,-0.06603704,1.000106,-0.2410253,-0.09815323,1.000121,-0.1575805,-0.08209515,1.000113,0.2493387,-0.02621848,-0.9680614,0,0.009934139,0.9996501,-0.02451533,0,-0.9683654,0.003504234,-0.249512,0,-0.701695,-1.629818,-1.098571,1,0.2493387,0.009934137,-0.9683653,0,-0.02621848,0.9996501,0.003504236,0,-0.9680612,-0.02451533,-0.2495119,0,-0.9312555,1.609287,-0.9478923,1,1.0,1.0,-0.1537644,-0.07427876,0.9853117,0.001515784,-0.005240517,-0.01936577,27.8,1676
6,-0.0740158,-0.06679802,0.99997,-0.2420489,-0.09783354,0.9999601,-0.1580327,-0.0823159,0.9999651,0.249289,-0.02624032,-0.9680735,0,0.009884125,0.9996497,-0.02455095,0,-0.9683787,0.00344828,-0.2494611,0,-0.7017798,-1.629902,-1.098453,1,0.2492891,0.009884127,-0.9683787,0,-0.02624032,0.9996497,0.003448277,0,-0.9680737,-0.02455095,-0.2494611,0,-0.9312063,1.6093,-0.9479895,1,1.0,1.0,-0.1542119,-0.07449774,0.9852253,0.001515931,-0.005240158,-0.01935462,27.81111,1677
6,-0.07401228,-0.065309,1.000031,-0.2420463,-0.09791826,1.000025,-0.1580293,-0.08161387,1.000028,0.249251,-0.0258258,-0.9680946,0,0.009673285,0.9996609,-0.02417736,0,-0.9683907,0.003338424,-0.2494163,0,-0.7017845,-1.629655,-1.099164,1,0.2492509,0.009673283,-0.9683905,0,-0.0258258,0.9996608,0.003338424,0,-0.9680945,-0.02417735,-0.2494162,0,-0.9312611,1.609316,-0.9483102,1,1.0,1.0,-0.1542075,-0.07381885,0.985277,0.001515931,-0.005239579,-0.01935462,27.83333,1678
6,-0.07397702,-0.06432068,1.000056,-0.2420534,-0.09757898,0.9999998,-0.1580167,-0.0809503,1.000028,0.2489703,-0.02600891,-0.9681619,0,0.009580292,0.9996566,-0.02439135,0,-0.9684638,0.003202548,-0.249134,0,-0.7020344,-1.629923,-1.098705,1,0.2489703,0.009580288,-0.9684637,0,-0.02600891,0.9996566,0.003202552,0,-0.9681618,-0.02439135,-0.249134,0,-0.9313313,1.60929,-0.9483997,1,1.0,1.0,-0.1542028,-0.07318139,0.9853253,0.001515868,-0.005239579,-0.01935351,27.84444,1679
6,-0.07403892,-0.06433574,1.000046,-0.2411456,-0.09775693,1.000018,-0.157593,-0.08104651,1.000032,0.2488292,-0.0261531,-0.9681942,0,0.009644267,0.9996527,-0.02452425,0,-0.9684994,0.003235175,-0.248995,0,-0.7023803,-1.630031,-1.098455,1,0.2488292,0.009644268,-0.9684994,0,-0.02615309,0.9996527,0.003235175,0,-0.9681943,-0.02452425,-0.248995,0,-0.9313751,1.6093,-0.9484912,1,1.0,1.0,-0.1538012,-0.07327864,0.9853808,0.00151494,-0.00523951,-0.0193486,27.85556,1680
6,-0.0740262,-0.06452408,1.000058,-0.2408573,-0.09582101,1.000004,-0.157443,-0.08017289,1.000031,0.2483056,-0.02658952,-0.9683168,0,0.009622991,0.9996416,-0.02498206,0,-0.968634,0.003114919,-0.2484724,0,-0.7032256,-1.630661,-1.09748,1,0.2483055,0.009622988,-0.9686339,0,-0.02658952,0.9996416,0.00311492,0,-0.9683167,-0.02498206,-0.2484724,0,-0.9314515,1.609427,-0.9487822,1,1.0,1.0,-0.1536693,-0.07244067,0.9854634,0.001514787,-0.005239182,-0.01934744,27.87778,1681
6,-0.0733906,-0.06472858,1.00015,-0.2412624,-0.09822757,1.000062,-0.1573288,-0.08147877,1.000106,0.2478777,-0.02687704,-0.9684185,0,0.009342346,0.9996349,-0.02535213,0,-0.9687464,0.002763071,-0.2480383,0,-0.7033148,-1.631262,-1.096773,1,0.2478776,0.009342344,-0.9687462,0,-0.02687704,0.9996349,0.002763074,0,-0.9684184,-0.02535213,-0.2480382,0,-0.9316429,1.609431,-0.9488679,1,1.0,1.0,-0.1535335,-0.07369294,0.9853917,0.001511888,-0.005238739,-0.01934548,27.88889,1682
6,-0.07324299,-0.06493978,1.000063,-0.2425152,-0.09824429,0.9999869,-0.1578811,-0.08159261,1.000025,0.2471581,-0.02787003,-0.9685743,0,0.008977619,0.9996092,-0.02647215,0,-0.9689336,0.002152681,-0.2473118,0,-0.7037911,-1.632848,-1.094638,1,0.2471581,0.008977615,-0.9689334,0,-0.02787002,0.9996092,0.002152684,0,-0.9685743,-0.02647215,-0.2473117,0,-0.9317985,1.60955,-0.9491285,1,1.0,1.0,-0.1540631,-0.07380317,0.9853008,0.001509049,-0.005237656,-0.01934376,27.91111,1683
6,-0.07288167,-0.06535902,1.000034,-0.2420993,-0.09940907,0.9999614,-0.1574923,-0.08238463,0.9999976,0.2468187,-0.02806393,-0.9686553,0,0.008507299,0.9996048,-0.0267929,0,-0.9690244,0.00162765,-0.2469599,0,-0.7035367,-1.633525,-1.093944,1,0.2468186,0.008507295,-0.9690243,0,-0.02806393,0.9996047,0.001627653,0,-0.9686552,-0.0267929,-0.2469599,0,-0.9318521,1.609554,-0.9492457,1,1.0,1.0,-0.1536901,-0.07457136,0.9853012,0.001507508,-0.005236794,-0.01934501,27.92222,1684
6,-0.07287541,-0.06532401,0.9999737,-0.2420885,-0.101031,0.9999212,-0.1574831,-0.08317783,0.9999474,0.2462045,-0.02830799,-0.9688044,0,0.008354379,0.9995982,-0.02708465,0,-0.969182,0.001425397,-0.2463421,0,-0.7042529,-1.633967,-1.093093,1,0.2462045,0.008354379,-0.9691818,0,-0.02830799,0.9995983,0.001425397,0,-0.9688044,-0.02708465,-0.2463421,0,-0.9318572,1.609589,-0.9494948,1,1.0,1.0,-0.1536802,-0.07533767,0.9852444,0.001507508,-0.005236802,-0.01934461,27.94444,1685
6,-0.07261199,-0.06524727,1.000043,-0.2421259,-0.1020543,1.000011,-0.1573698,-0.08365107,1.000027,0.2460309,-0.02834578,-0.9688475,0,0.008373199,0.9995971,-0.02711913,0,-0.9692259,0.001440207,-0.2461691,0,-0.7045801,-1.634008,-1.092971,1,0.2460308,0.008373196,-0.9692257,0,-0.02834578,0.9995972,0.00144021,0,-0.9688474,-0.02711913,-0.246169,0,-0.931891,1.609609,-0.9495995,1,1.0,1.0,-0.1535563,-0.0757878,0.9852293,0.001507508,-0.005236977,-0.01934225,27.95556,1686
6,-0.07303265,-0.06688248,1.000024,-0.2420412,-0.1027563,0.9999401,-0.157539,-0.08482016,0.999982,0.2455155,-0.02812809,-0.9689845,0,0.008209941,0.9996035,-0.02693673,0,-0.9693578,0.001341922,-0.2456491,0,-0.7049994,-1.633875,-1.092949,1,0.2455156,0.008209944,-0.969358,0,-0.02812809,0.9996033,0.001341921,0,-0.9689845,-0.02693673,-0.2456491,0,-0.9319201,1.609574,-0.9496863,1,1.0,1.0,-0.1537089,-0.0769116,0.9851184,0.001507126,-0.005237808,-0.01934268,27.96667,1687
6,-0.07317457,-0.06752554,0.9999731,-0.2422951,-0.1028769,0.9999492,-0.1577355,-0.08520146,0.9999611,0.2451651,-0.02784168,-0.9690815,0,0.008026402,0.9996116,-0.02668824,0,-0.9694482,0.00123521,-0.2452933,0,-0.7053615,-1.633715,-1.093113,1,0.245165,0.008026397,-0.969448,0,-0.02784168,0.9996116,0.001235213,0,-0.9690815,-0.02668824,-0.2452933,0,-0.9318706,1.609568,-0.9499266,1,1.0,1.0,-0.1538933,-0.07727601,0.985061,0.001507126,-0.005239296,-0.01934033,27.98889,1688
6,-0.07521442,-0.06747549,0.999965,-0.2420395,-0.1033915,0.9998876,-0.1586289,-0.08543406,0.9999263,0.244726,-0.02786033,-0.969192,0,0.007939452,0.9996111,-0.02673,0,-0.9695598,0.001153323,-0.244852,0,-0.7058091,-1.633828,-1.092731,1,0.2447259,0.007939448,-0.9695597,0,-0.02786033,0.9996111,0.001153326,0,-0.969192,-0.02673001,-0.244852,0,-0.9318551,1.609588,-0.9499969,1,1.0,1.0,-0.1547401,-0.07748698,0.9849118,0.00150824,-0.005244278,-0.01933804,28.0,1689
6,-0.07529262,-0.06700926,0.9999816,-0.2419581,-0.1048961,0.9999317,-0.1586267,-0.085953,0.9999566,0.2444481,-0.02791716,-0.9692605,0,0.007551139,0.9996099,-0.0268869,0,-0.969633,0.0007465677,-0.2445636,0,-0.7058148,-1.634347,-1.092167,1,0.2444481,0.007551137,-0.969633,0,-0.02791715,0.9996099,0.0007465691,0,-0.9692603,-0.0268869,-0.2445635,0,-0.9316854,1.609674,-0.9502654,1,1.0,1.0,-0.1547299,-0.07798012,0.9848745,0.00150975,-0.005248291,-0.0193309,28.02222,1690
6,-0.07866734,-0.05557852,0.9999575,-0.2436042,-0.1050971,0.9999148,-0.1611368,-0.08033826,0.9999361,0.244284,-0.0281823,-0.9692942,0,0.00747887,0.9996026,-0.02717867,0,-0.9696749,0.0006099055,-0.2443977,0,-0.7060056,-1.634687,-1.091558,1,0.244284,0.007478865,-0.9696748,0,-0.0281823,0.9996027,0.0006099084,0,-0.9692941,-0.02717868,-0.2443977,0,-0.9316441,1.609651,-0.950373,1,1.0,1.0,-0.1571716,-0.07250441,0.9849063,0.001502906,-0.005311241,-0.01923586,28.03333,1691
6,-0.07902485,-0.05656055,1.000033,-0.2450834,-0.1064413,1.000013,-0.1620547,-0.0815012,1.000023,0.2441798,-0.02810999,-0.9693226,0,0.00714863,0.9996048,-0.02718737,0,-0.9697037,0.0002907189,-0.2442843,0,-0.7056558,-1.634917,-1.091505,1,0.2441798,0.007148626,-0.9697035,0,-0.02810998,0.9996048,0.0002907213,0,-0.9693223,-0.02718736,-0.2442843,0,-0.9316707,1.60964,-0.9504391,1,1.0,1.0,-0.158014,-0.07360426,0.9846898,0.001502975,-0.005314568,-0.01921299,28.04445,1692
6,-0.07950142,-0.05647703,1.000191,-0.2450548,-0.1069857,1.000152,-0.1622792,-0.08173182,1.000172,0.2441038,-0.02825182,-0.9693374,0,0.006665568,0.9996008,-0.0274553,0,-0.9697261,-0.000240759,-0.2441947,0,-0.7050188,-1.635481,-1.091179,1,0.2441039,0.00666557,-0.9697262,0,-0.02825182,0.9996008,-0.0002407604,0,-0.9693375,-0.0274553,-0.2441947,0,-0.9318286,1.609568,-0.9505292,1,1.0,1.0,-0.1582007,-0.07381291,0.9846442,0.001503104,-0.005314781,-0.01921162,28.06667,1693
6,-0.07960433,-0.05646661,0.9999738,-0.2450473,-0.1076783,0.9999692,-0.1623259,-0.08207238,0.9999714,0.2440773,-0.0282203,-0.9693452,0,0.006563158,0.9996017,-0.02744857,0,-0.9697337,-0.00033761,-0.2441653,0,-0.7049491,-1.635505,-1.091145,1,0.2440773,0.006563156,-0.9697335,0,-0.02822029,0.9996017,-0.0003376068,0,-0.9693451,-0.02744857,-0.2441652,0,-0.9317884,1.60953,-0.9505847,1,1.0,1.0,-0.1582718,-0.07415403,0.9846072,0.001503272,-0.00531485,-0.01920834,28.07778,1694
6,-0.07996067,-0.05706491,1.000036,-0.2460698,-0.1074778,1.000019,-0.1630158,-0.08227153,1.000027,0.2439994,-0.0283228,-0.9693617,0,0.006703532,0.9995988,-0.02751891,0,-0.9697523,-0.0002164505,-0.2440914,0,-0.7053064,-1.635468,-1.091022,1,0.2439994,0.006703532,-0.9697521,0,-0.0283228,0.9995989,-0.0002164503,0,-0.9693617,-0.02751891,-0.2440914,0,-0.9318221,1.609516,-0.9506356,1,1.0,1.0,-0.1589115,-0.07433435,0.9844905,0.001504494,-0.005313927,-0.01920967,28.08889,1695
6,-0.08052069,-0.05869937,0.9999937,-0.246088,-0.1065426,0.9999791,-0.1633046,-0.08262117,0.9999864,0.2439122,-0.02760708,-0.9694044,0,0.006301727,0.9996188,-0.02688196,0,-0.9697769,-0.0004479149,-0.2439931,0,-0.7048478,-1.634973,-1.091941,1,0.2439121,0.006301724,-0.9697768,0,-0.02760707,0.9996186,-0.0004479142,0,-0.9694042,-0.02688195,-0.2439931,0,-0.9317477,1.609437,-0.9507034,1,1.0,1.0,-0.159188,-0.07466744,0.9844207,0.001507095,-0.005315933,-0.01921278,28.11111,1696
6,-0.08040112,-0.05845307,0.9998024,-0.246478,-0.1068908,0.9998114,-0.1634394,-0.08267175,0.9998068,0.2439062,-0.02740067,-0.9694117,0,0.006285405,0.9996244,-0.02667322,0,-0.9697785,-0.0004126225,-0.2439868,0,-0.7048949,-1.634746,-1.092068,1,0.2439062,0.006285402,-0.9697784,0,-0.02740067,0.9996244,-0.0004126199,0,-0.9694116,-0.02667322,-0.2439868,0,-0.931528,1.609433,-0.9507165,1,1.0,1.0,-0.1593423,-0.07472695,0.9843912,0.001508179,-0.00531601,-0.01921235,28.12222,1697
6,-0.08179894,-0.05695116,0.9997737,-0.2470955,-0.1069746,0.9997309,-0.1644482,-0.08196323,0.9997523,0.2435967,-0.02724841,-0.9694938,0,0.006074684,0.9996285,-0.02656904,0,-0.9698576,-0.0005827649,-0.2436718,0,-0.7050648,-1.634783,-1.091766,1,0.2435967,0.006074681,-0.9698576,0,-0.02724841,0.9996285,-0.0005827625,0,-0.9694937,-0.02656904,-0.2436718,0,-0.9312539,1.609452,-0.9507977,1,1.0,1.0,-0.1603086,-0.07403997,0.9842861,0.001508721,-0.005315033,-0.01921326,28.14445,1698
6,-0.08013141,-0.05638403,0.9998945,-0.2470419,-0.1063722,0.9998444,-0.163588,-0.08137868,0.9998693,0.243305,-0.02727479,-0.9695663,0,0.006150837,0.9996278,-0.02657694,0,-0.9699304,-0.0005026637,-0.2433823,0,-0.705591,-1.634764,-1.091464,1,0.243305,0.006150833,-0.9699303,0,-0.02727478,0.9996278,-0.0005026595,0,-0.9695662,-0.02657694,-0.2433822,0,-0.9311606,1.609487,-0.9508387,1,1.0,1.0,-0.1594871,-0.07347937,0.9844617,0.001508911,-0.005314927,-0.01921864,28.15556,1699
6,-0.07941607,-0.05648386,0.9998683,-0.2471105,-0.1050804,0.9998224,-0.1632642,-0.08078247,0.9998454,0.2430586,-0.02786095,-0.9696115,0,0.006296038,0.9996117,-0.02714472,0,-0.9699913,-0.0004930478,-0.2431396,0,-0.7063439,-1.635369,-1.090029,1,0.2430585,0.006296034,-0.9699911,0,-0.02786095,0.9996118,-0.0004930449,0,-0.9696113,-0.02714471,-0.2431396,0,-0.9307849,1.609593,-0.9509829,1,1.0,1.0,-0.1591918,-0.07291382,0.9845514,0.00150882,-0.005312325,-0.0192254,28.17778,1700
6,-0.07855183,-0.05603252,0.9998293,-0.2472658,-0.1039944,0.9997729,-0.1629101,-0.08001415,0.9998011,0.2427578,-0.02793162,-0.9696848,0,0.006260903,0.9996097,-0.0272262,0,-0.9700667,-0.00053827,-0.2428379,0,-0.7066941,-1.635475,-1.089538,1,0.2427578,0.006260902,-0.9700667,0,-0.02793161,0.9996096,-0.00053827,0,-0.9696847,-0.0272262,-0.2428379,0,-0.930634,1.609597,-0.9510017,1,1.0,1.0,-0.1588722,-0.07218642,0.9846566,0.001508255,-0.005307846,-0.01922978,28.18889,1701
6,-0.07689053,-0.06693269,1.000028,-0.2487496,-0.1017706,1.000001,-0.1628207,-0.08435196,1.000015,0.2427511,-0.02807939,-0.9696822,0,0.006531639,0.9996057,-0.02731076,0,-0.9700667,-0.0002961038,-0.2428387,0,-0.7071843,-1.635274,-1.089371,1,0.242751,0.006531637,-0.9700665,0,-0.0280794,0.9996057,-0.0002961027,0,-0.9696822,-0.02731076,-0.2428387,0,-0.9305915,1.609497,-0.9510416,1,1.0,1.0,-0.1586954,-0.07639794,0.9843673,0.001508652,-0.0052417,-0.01929937,28.21111,1702
6,-0.07552403,-0.06372367,0.9999233,-0.2482779,-0.1020187,0.9999443,-0.1619004,-0.08287095,0.9999338,0.2428344,-0.02785221,-0.9696679,0,0.006335613,0.999612,-0.02712568,0,-0.9700471,-0.0004436104,-0.2429166,0,-0.7068622,-1.635221,-1.089635,1,0.2428344,0.006335611,-0.9700471,0,-0.02785221,0.9996119,-0.0004436073,0,-0.9696677,-0.02712568,-0.2429166,0,-0.9304783,1.609508,-0.9511056,1,1.0,1.0,-0.1578567,-0.07499948,0.9846097,0.001507607,-0.005234146,-0.01930134,28.22222,1703
6,-0.07343572,-0.06188961,0.9998995,-0.2469288,-0.101636,0.9999169,-0.1601816,-0.08176274,0.9999081,0.2429019,-0.0276488,-0.9696568,0,0.006130318,0.9996175,-0.02696744,0,-0.9700316,-0.0006061411,-0.2429785,0,-0.7065587,-1.635162,-1.089823,1,0.2429019,0.006130316,-0.9700313,0,-0.0276488,0.9996175,-0.0006061395,0,-0.9696568,-0.02696744,-0.2429785,0,-0.9303405,1.609479,-0.9511788,1,1.0,1.0,-0.1562546,-0.07395543,0.9849442,0.001509055,-0.005234146,-0.01930325,28.23333,1704
6,-0.07207865,-0.06048422,0.9998809,-0.2460199,-0.1015356,0.9998904,-0.159049,-0.08100992,0.9998856,0.242893,-0.0268694,-0.9696809,0,0.005916039,0.9996387,-0.02621762,0,-0.9700351,-0.0006314106,-0.2429643,0,-0.7064387,-1.634476,-1.090658,1,0.242893,0.005916035,-0.970035,0,-0.02686939,0.9996387,-0.0006314076,0,-0.9696808,-0.02621762,-0.2429642,0,-0.9299189,1.60947,-0.9512932,1,1.0,1.0,-0.1551989,-0.07324576,0.9851642,0.001510605,-0.005234146,-0.01930713,28.25556,1705
6,-0.07306871,-0.06021223,0.9999791,-0.245697,-0.1009586,0.9999839,-0.1593826,-0.0805853,0.9999815,0.2428823,-0.02657678,-0.9696917,0,0.005549714,0.9996464,-0.0260077,0,-0.9700399,-0.0009353012,-0.2429439,0,-0.7058882,-1.634452,-1.090955,1,0.2428823,0.005549711,-0.9700398,0,-0.02657678,0.9996463,-0.0009352996,0,-0.9696916,-0.0260077,-0.2429439,0,-0.9298806,1.609419,-0.9513092,1,1.0,1.0,-0.1555031,-0.07282747,0.9851471,0.001509454,-0.005234146,-0.01930659,28.26667,1706
6,-0.07305562,-0.06100359,0.9998091,-0.2462058,-0.1003144,0.9998464,-0.1596297,-0.08065852,0.9998279,0.2429391,-0.02623982,-0.9696867,0,0.005340457,0.9996551,-0.02571281,0,-0.9700269,-0.001068078,-0.2429954,0,-0.7056877,-1.634256,-1.091091,1,0.242939,0.005340454,-0.9700269,0,-0.02623982,0.999655,-0.001068076,0,-0.9696866,-0.02571281,-0.2429954,0,-0.92946,1.609406,-0.9514116,1,1.0,1.0,-0.1557579,-0.07290422,0.9851012,0.001509202,-0.005235764,-0.01930596,28.28889,1707
6,-0.07305795,-0.06100466,0.9998308,-0.2453938,-0.1003111,0.9997914,-0.1592269,-0.08065837,0.9998112,0.2426481,-0.02593601,-0.9697677,0,0.005348543,0.9996631,-0.02539727,0,-0.9700997,-0.0009757578,-0.242705,0,-0.7060947,-1.633858,-1.091231,1,0.2426481,0.005348541,-0.9700997,0,-0.025936,0.9996631,-0.0009757559,0,-0.9697675,-0.02539727,-0.242705,0,-0.9292837,1.60937,-0.9514238,1,1.0,1.0,-0.1553804,-0.07290918,0.9851605,0.001508935,-0.005236114,-0.01930525,28.3,1708
6,-0.07281235,-0.0600451,0.9998046,-0.2450299,-0.1004814,0.9997993,-0.1589213,-0.08026314,0.9998019,0.2425331,-0.02553483,-0.9698071,0,0.005233967,0.9996734,-0.02501228,0,-0.9701291,-0.0009903722,-0.2425876,0,-0.706154,-1.633491,-1.091566,1,0.2425331,0.005233963,-0.970129,0,-0.02553483,0.9996735,-0.0009903699,0,-0.969807,-0.02501228,-0.2425876,0,-0.9290532,1.609351,-0.9514785,1,1.0,1.0,-0.155098,-0.07253323,0.9852327,0.001508935,-0.005236153,-0.01930373,28.31111,1709
6,-0.07208186,-0.06045268,0.9998767,-0.2446055,-0.09944969,0.9998529,-0.1583442,-0.07995141,0.9998647,0.2422217,-0.02508607,-0.9698967,0,0.004949892,0.9996846,-0.02462034,0,-0.9702084,-0.001162698,-0.2422694,0,-0.7061261,-1.633118,-1.091768,1,0.2422216,0.004949889,-0.9702082,0,-0.02508606,0.9996847,-0.001162695,0,-0.9698965,-0.02462034,-0.2422694,0,-0.9288315,1.609218,-0.95149,1,1.0,1.0,-0.1545464,-0.07223462,0.9853414,0.001507638,-0.0052369,-0.01930354,28.33333,1710
6,-0.07181859,-0.060882,1.000031,-0.2451197,-0.0993911,0.9999887,-0.1584702,-0.08013702,1.00001,0.2419493,-0.02486815,-0.9699702,0,0.004775054,0.9996899,-0.02443901,0,-0.9702772,-0.001281342,-0.241993,0,-0.7061456,-1.632937,-1.091905,1,0.2419493,0.004775055,-0.9702772,0,-0.02486814,0.9996899,-0.001281341,0,-0.9699702,-0.02443901,-0.241993,0,-0.928872,1.609118,-0.9514827,1,1.0,1.0,-0.1546398,-0.07240249,0.9853144,0.001505043,-0.005236511,-0.01930144,28.34444,1711
6,-0.07326531,-0.0612906,0.999901,-0.2459739,-0.09936269,0.9998443,-0.1596211,-0.08032724,0.9998727,0.2416126,-0.02441701,-0.9700656,0,0.004634384,0.999701,-0.02400867,0,-0.9703618,-0.001305141,-0.2416535,0,-0.7064271,-1.6325,-1.092149,1,0.2416126,0.004634382,-0.9703617,0,-0.024417,0.999701,-0.00130514,0,-0.9700655,-0.02400867,-0.2416535,0,-0.928635,1.609065,-0.951542,1,1.0,1.0,-0.1557418,-0.07258229,0.9851275,0.00150258,-0.005236633,-0.0192982,28.36667,1712
6,-0.07356456,-0.0610879,0.9999019,-0.2452892,-0.09991518,0.9998778,-0.1594275,-0.08050178,0.9998899,0.2414374,-0.02424104,-0.9701136,0,0.004620749,0.9997053,-0.02383048,0,-0.9704055,-0.001270921,-0.2414783,0,-0.7066635,-1.632302,-1.092217,1,0.2414374,0.004620746,-0.9704053,0,-0.02424104,0.9997054,-0.001270917,0,-0.9701135,-0.02383048,-0.2414782,0,-0.9285286,1.609058,-0.9515713,1,1.0,1.0,-0.1555548,-0.07275158,0.9851447,0.001501824,-0.005236641,-0.01929226,28.37778,1713
6,-0.07262978,-0.05904015,0.9998435,-0.2452789,-0.09971924,0.9998467,-0.1589543,-0.07937957,0.9998451,0.2411063,-0.02384846,-0.9702057,0,0.004401741,0.9997146,-0.02347993,0,-0.9704888,-0.001390567,-0.2411424,0,-0.7068102,-1.631953,-1.0922,1,0.2411062,0.004401736,-0.9704887,0,-0.02384846,0.9997146,-0.001390565,0,-0.9702057,-0.02347993,-0.2411424,0,-0.9281617,1.608954,-0.9515963,1,1.0,1.0,-0.1551273,-0.07168058,0.9852905,0.001501824,-0.005236641,-0.01929142,28.4,1714
6,-0.07357088,-0.05743807,0.9997091,-0.2451864,-0.09978776,0.9997342,-0.1593779,-0.07861262,0.9997217,0.241138,-0.02336221,-0.9702097,0,0.004287418,0.9997261,-0.02300735,0,-0.9704815,-0.001388256,-0.2411721,0,-0.7067491,-1.631535,-1.092672,1,0.241138,0.004287415,-0.9704813,0,-0.02336221,0.999726,-0.001388252,0,-0.9702095,-0.02300735,-0.241172,0,-0.9278127,1.608978,-0.9516736,1,1.0,1.0,-0.1555545,-0.07094656,0.9852762,0.001501824,-0.005237412,-0.01928502,28.41111,1715
