flag,xl,yl,zl,xr,yr,zr,xc,yc,zc,mat_00,mat_10,mat_20,mat_30,mat_01,mat_11,mat_21,mat_31,mat_02,mat_12,mat_22,mat_32,mat_03,mat_13,mat_23,mat_33,ctw_00,ctw_10,ctw_20,ctw_30,ctw_01,ctw_11,ctw_21,ctw_31,ctw_02,ctw_12,ctw_22,ctw_32,ctw_03,ctw_13,ctw_23,ctw_33,opennessl,opennessr,ray_x,ray_y,ray_z,eye_x,eye_y,eye_z,time,frame,u,v
6.0,-0.08230215,-0.1763982,1.000249,-0.2692328,-0.2248909,1.000272,-0.1757668,-0.2006443,1.00026,-0.8548453,0.05965849,-0.5154419,0.0,0.03721661,0.9978595,0.05377201,0.0,-0.5175465,-0.02678375,0.8552358,0.0,-1.278931,-1.664937,0.4559532,1.0,-0.8548453,0.03721661,-0.5175465,0.0,0.05965849,0.9978594,-0.02678375,0.0,-0.5154419,0.053772,0.8552358,0.0,-0.7589433,1.684453,-1.096447,1.0,1.0,1.0,-0.1654149,-0.188087,0.9681225,-0.0009218063,-0.001835297,-0.0230538,46.41111,2821.0,-0.175,-0.15849999999999997
6.0,-0.08696005,-0.1754952,1.000054,-0.2685888,-0.2269657,1.000016,-0.1777756,-0.2012309,1.000035,-0.8549584,0.06027775,-0.5151826,0.0,0.03814282,0.9978417,0.05345123,0.0,-0.5172926,-0.02604805,0.8554122,0.0,-1.280283,-1.663713,0.4567122,1.0,-0.8549581,0.03814281,-0.5172924,0.0,0.06027774,0.9978417,-0.02604805,0.0,-0.5151824,0.05345122,0.8554121,0.0,-0.7590138,1.684543,-1.096294,1.0,1.0,1.0,-0.1672675,-0.1885978,0.9677048,-0.0009362185,-0.001841278,-0.02304634,46.43333,2822.0,-0.175,-0.15849999999999997
6.0,-0.08716986,-0.1757633,1.00014,-0.2696623,-0.228451,1.000144,-0.178416,-0.2021071,1.000142,-0.8550354,0.06083858,-0.5149884,0.0,0.03891139,0.9978215,0.05327387,0.0,-0.5171075,-0.02551214,0.85554,0.0,-1.28139,-1.662711,0.4570997,1.0,-0.8550355,0.03891139,-0.5171077,0.0,0.06083858,0.9978216,-0.02551213,0.0,-0.5149884,0.05327388,0.8555402,0.0,-0.7590762,1.684598,-1.096103,1.0,1.0,1.0,-0.1678103,-0.1893586,0.9674622,-0.0009397129,-0.001841477,-0.02304631,46.46667,2823.0,-0.175,-0.15849999999999997
6.0,-0.08695778,-0.1762326,1.000046,-0.2698815,-0.2284897,1.000035,-0.1784201,-0.2023613,1.000041,-0.855037,0.06098218,-0.514969,0.0,0.03914879,0.9978184,0.05315949,0.0,-0.5170873,-0.02529291,0.855559,0.0,-1.281718,-1.662341,0.4572588,1.0,-0.8550369,0.03914878,-0.5170872,0.0,0.06098218,0.9978184,-0.02529291,0.0,-0.514969,0.05315948,0.8555588,0.0,-0.7590684,1.684584,-1.096017,1.0,1.0,1.0,-0.167822,-0.1896084,0.9674112,-0.0009397129,-0.001841477,-0.02304542,46.47778,2824.0,-0.175,-0.15849999999999997
6.0,-0.08748269,-0.1754201,1.000123,-0.2699874,-0.2290684,1.000151,-0.178734,-0.2022439,1.000137,-0.8549503,0.06112885,-0.5150958,0.0,0.03930667,0.9978114,0.05317422,0.0,-0.5172189,-0.02521461,0.8554819,0.0,-1.282034,-1.662132,0.4569449,1.0,-0.85495,0.03930667,-0.5172186,0.0,0.06112883,0.9978113,-0.0252146,0.0,-0.5150956,0.0531742,0.8554814,0.0,-0.7591009,1.684589,-1.09591,1.0,1.0,1.0,-0.1680999,-0.1894756,0.967389,-0.0009397129,-0.001841477,-0.02304321,46.48889,2825.0,-0.175,-0.15849999999999997
6.0,-0.08573848,-0.1748938,1.000113,-0.271727,-0.2306338,1.000182,-0.1787305,-0.2027628,1.000148,-0.8545744,0.0612069,-0.5157095,0.0,0.03958407,0.9978186,0.05283177,0.0,-0.5178182,-0.0247348,0.8551331,0.0,-1.282937,-1.661513,0.4564399,1.0,-0.8545744,0.03958407,-0.5178181,0.0,0.06120689,0.9978185,-0.0247348,0.0,-0.5157095,0.05283177,0.8551331,0.0,-0.759279,1.684558,-1.095742,1.0,1.0,1.0,-0.1680838,-0.1899481,0.9672992,-0.00093544,-0.001840736,-0.02303966,46.51111,2826.0,-0.175,-0.15849999999999997
6.0,-0.08561414,-0.1750576,1.000129,-0.271671,-0.2309236,1.000276,-0.1786382,-0.2029887,1.000203,-0.854121,0.06122242,-0.5164583,0.0,0.03969712,0.9978245,0.05263367,0.0,-0.5185571,-0.02445362,0.8546933,0.0,-1.283593,-1.661213,0.4556274,1.0,-0.854121,0.03969712,-0.5185571,0.0,0.06122243,0.9978246,-0.02445361,0.0,-0.5164583,0.05263367,0.8546932,0.0,-0.7593279,1.684573,-1.095661,1.0,1.0,1.0,-0.1679855,-0.1901479,0.9672769,-0.0009334115,-0.001839623,-0.02303955,46.52222,2827.0,-0.175,-0.15849999999999997
6.0,-0.08548075,-0.175916,1.0001,-0.2715608,-0.229934,1.000162,-0.1785188,-0.2029243,1.000131,-0.8536704,0.06041036,-0.5172982,0.0,0.03881485,0.9978675,0.05247736,0.0,-0.5193653,-0.02471951,0.8541948,0.0,-1.282428,-1.662379,0.4546621,1.0,-0.8536704,0.03881486,-0.5193653,0.0,0.06041037,0.9978676,-0.02471951,0.0,-0.5172983,0.05247736,0.8541947,0.0,-0.7591496,1.684752,-1.095511,1.0,1.0,1.0,-0.1678914,-0.1901065,0.9673014,-0.0009308252,-0.001838532,-0.02303948,46.54445,2828.0,-0.175,-0.15849999999999997
6.0,-0.08444083,-0.1761375,1.00018,-0.2708321,-0.2290025,1.000246,-0.1776345,-0.2025692,1.000213,-0.8534927,0.05979322,-0.5176629,0.0,0.03819767,0.9979014,0.05228556,0.0,-0.5197029,-0.02485183,0.8539855,0.0,-1.281625,-1.663092,0.4542972,1.0,-0.8534928,0.03819767,-0.5197029,0.0,0.05979322,0.9979014,-0.02485183,0.0,-0.5176629,0.05228556,0.8539855,0.0,-0.7592429,1.684804,-1.095358,1.0,1.0,1.0,-0.1670824,-0.1897958,0.9675025,-0.0009246143,-0.00183783,-0.02303891,46.55556,2829.0,-0.175,-0.15849999999999997
6.0,-0.08438203,-0.1758503,0.9998888,-0.27255,-0.2297983,0.9999422,-0.1784642,-0.2028236,0.9999155,-0.8533778,0.05947831,-0.5178885,0.0,0.03793721,0.9979212,0.05209593,0.0,-0.5199106,-0.02481027,0.8538604,0.0,-1.281179,-1.663447,0.4543138,1.0,-0.853378,0.03793721,-0.5199105,0.0,0.05947831,0.9979211,-0.02481026,0.0,-0.5178885,0.05209593,0.8538602,0.0,-0.7591068,1.684925,-1.095289,1.0,1.0,1.0,-0.167885,-0.1900566,0.9673123,-0.0009216312,-0.001834274,-0.02304382,46.57778,2830.0,-0.175,-0.15849999999999997
6.0,-0.08357891,-0.176423,1.00009,-0.2726023,-0.2289647,1.000117,-0.1780898,-0.2026936,1.000104,-0.8532706,0.05960659,-0.5180506,0.0,0.0381618,0.9979195,0.05196451,0.0,-0.5200702,-0.02457005,0.8537701,0.0,-1.281654,-1.66309,0.4542137,1.0,-0.8532705,0.0381618,-0.5200701,0.0,0.05960659,0.9979196,-0.02457005,0.0,-0.5180505,0.05196451,0.85377,0.0,-0.7591605,1.684937,-1.095206,1.0,1.0,1.0,-0.1675146,-0.1899174,0.9674038,-0.0009224778,-0.001832771,-0.02304392,46.58889,2831.0,-0.175,-0.15849999999999997
6.0,-0.08356878,-0.1764069,1.0,-0.2725745,-0.2289387,1.0,-0.1780716,-0.202673,1.0,-0.8532706,0.05960659,-0.5180506,0.0,0.0381618,0.9979195,0.05196451,0.0,-0.5200702,-0.02457005,0.8537701,0.0,-1.281654,-1.66309,0.4542137,1.0,-0.8532705,0.0381618,-0.5200701,0.0,0.05960659,0.9979196,-0.02457005,0.0,-0.5180505,0.05196451,0.85377,0.0,-0.7591605,1.684937,-1.095206,1.0,1.0,1.0,-0.1675146,-0.1899174,0.9674038,-0.0009224778,-0.001832771,-0.02304392,46.6,2832.0,-0.175,-0.15849999999999997
6.0,-0.08314124,-0.1761741,1.000216,-0.2716919,-0.2278381,1.00017,-0.1774178,-0.2020066,1.000193,-0.8535489,0.06035362,-0.5175056,0.0,0.03886724,0.9978763,0.05227069,0.0,-0.5195613,-0.02450157,0.854082,0.0,-1.282641,-1.66223,0.454015,1.0,-0.8535485,0.03886723,-0.5195612,0.0,0.06035361,0.9978763,-0.02450157,0.0,-0.5175054,0.05227068,0.8540817,0.0,-0.7595196,1.684821,-1.094904,1.0,1.0,1.0,-0.1669026,-0.1892927,0.967632,-0.0009238515,-0.001835976,-0.0230467,46.62222,2833.0,-0.175,-0.15849999999999997
6.0,-0.08016101,-0.175942,1.000217,-0.2703669,-0.2276815,1.000215,-0.1752639,-0.2018119,1.000216,-0.8535552,0.06001664,-0.5175344,0.0,0.03854857,0.9978952,0.05214531,0.0,-0.5195747,-0.02455868,0.8540722,0.0,-1.282225,-1.662465,0.4539566,1.0,-0.8535549,0.03854856,-0.5195745,0.0,0.06001663,0.9978952,-0.02455868,0.0,-0.5175343,0.0521453,0.8540719,0.0,-0.7597358,1.684722,-1.094751,1.0,1.0,1.0,-0.1649228,-0.1891747,0.9679946,-0.0009242781,-0.00183625,-0.02304904,46.63334,2834.0,-0.175,-0.15849999999999997
6.0,-0.07901865,-0.1755404,1.000272,-0.2690711,-0.2277042,1.000285,-0.1740445,-0.2016222,1.000278,-0.8535619,0.05979032,-0.5175493,0.0,0.03832088,0.9979072,0.05208382,0.0,-0.5195803,-0.02462382,0.8540667,0.0,-1.281937,-1.662774,0.4536744,1.0,-0.8535618,0.03832088,-0.5195803,0.0,0.05979032,0.9979072,-0.02462382,0.0,-0.5175493,0.05208383,0.8540668,0.0,-0.7599962,1.68479,-1.094481,1.0,1.0,1.0,-0.1637956,-0.1890238,0.9682153,-0.0009251935,-0.001839081,-0.02305145,46.65556,2835.0,-0.175,-0.15849999999999997
6.0,-0.0789938,-0.1753252,1.000065,-0.2685606,-0.2266184,1.000085,-0.1737764,-0.2009716,1.000075,-0.8534683,0.05956621,-0.5177295,0.0,0.03823768,0.9979262,0.05178002,0.0,-0.5197402,-0.02439582,0.8539761,0.0,-1.281899,-1.662725,0.4538459,1.0,-0.8534682,0.03823768,-0.5197401,0.0,0.05956621,0.9979263,-0.02439583,0.0,-0.5177295,0.05178002,0.8539759,0.0,-0.760048,1.684794,-1.094391,1.0,1.0,1.0,-0.1635976,-0.1884681,0.9683572,-0.0009251935,-0.001843315,-0.02305649,46.66667,2836.0,-0.175,-0.15849999999999997
6.0,-0.07900476,-0.1749372,1.000081,-0.2684512,-0.2276568,1.000073,-0.1737283,-0.2012971,1.000077,-0.8535265,0.05923137,-0.5176721,0.0,0.03798263,0.9979474,0.05155893,0.0,-0.5196633,-0.02434436,0.8540243,0.0,-1.281245,-1.663077,0.4543137,1.0,-0.8535265,0.03798264,-0.5196633,0.0,0.05923136,0.9979473,-0.02434436,0.0,-0.5176719,0.05155892,0.8540241,0.0,-0.7598847,1.684904,-1.094297,1.0,1.0,1.0,-0.1635436,-0.188765,0.9683084,-0.0009248266,-0.001844887,-0.02305674,46.68889,2837.0,-0.175,-0.15849999999999997
6.0,-0.07943368,-0.1756472,1.000067,-0.2678837,-0.2262456,1.000081,-0.1736583,-0.2009462,1.000074,-0.8534803,0.0592899,-0.5177414,0.0,0.03805988,0.9979454,0.05154067,0.0,-0.5197335,-0.02428377,0.8539833,0.0,-1.281378,-1.66304,0.4541826,1.0,-0.8534802,0.03805987,-0.5197334,0.0,0.05928991,0.9979454,-0.02428377,0.0,-0.5177414,0.05154067,0.8539833,0.0,-0.7598801,1.684984,-1.094224,1.0,1.0,1.0,-0.1634912,-0.1884461,0.9683794,-0.0009235693,-0.001845848,-0.02305723,46.7,2838.0,-0.175,-0.15849999999999997
6.0,-0.0793871,-0.175665,1.000077,-0.2671013,-0.2273035,1.000069,-0.1732447,-0.2014845,1.000073,-0.8536242,0.05909837,-0.5175263,0.0,0.03786662,0.9979547,0.05150202,0.0,-0.5195115,-0.0243664,0.8541162,0.0,-1.280969,-1.663273,0.454366,1.0,-0.8536239,0.03786661,-0.5195113,0.0,0.05909836,0.9979547,-0.02436639,0.0,-0.5175261,0.05150201,0.8541159,0.0,-0.7600226,1.684976,-1.094087,1.0,1.0,1.0,-0.1630962,-0.1889492,0.968348,-0.0009215167,-0.001845848,-0.02305734,46.72223,2839.0,-0.175,-0.15849999999999997
6.0,-0.07989505,-0.1757626,1.000029,-0.2668621,-0.2265455,1.000029,-0.1733786,-0.2011539,1.000029,-0.8536527,0.05875542,-0.517518,0.0,0.0374482,0.997969,0.05153122,0.0,-0.5194947,-0.02460965,0.8541192,0.0,-1.280239,-1.663863,0.4543022,1.0,-0.8536526,0.0374482,-0.5194947,0.0,0.05875542,0.997969,-0.02460965,0.0,-0.517518,0.05153122,0.8541193,0.0,-0.7600086,1.685016,-1.094053,1.0,1.0,1.0,-0.1632391,-0.1886521,0.9683818,-0.0009185867,-0.001845726,-0.02305462,46.73333,2840.0,-0.175,-0.15849999999999997
6.0,-0.08236954,-0.175969,1.000095,-0.2666452,-0.2269246,1.000078,-0.1745077,-0.201447,1.000087,-0.8537093,0.05888011,-0.5174105,0.0,0.03753456,0.9979604,0.05163486,0.0,-0.5193954,-0.02466039,0.8541782,0.0,-1.280287,-1.663804,0.4541883,1.0,-0.8537093,0.03753456,-0.5193954,0.0,0.05888011,0.9979604,-0.02466038,0.0,-0.5174103,0.05163486,0.8541781,0.0,-0.7600262,1.685014,-1.093963,1.0,1.0,1.0,-0.1642648,-0.1888762,0.9681647,-0.0009156419,-0.001846001,-0.02305391,46.74445,2841.0,-0.175,-0.15849999999999997
6.0,-0.08262253,-0.1767797,1.000228,-0.2682141,-0.2269789,1.000242,-0.175418,-0.201879,1.000235,-0.8536954,0.05917685,-0.5173995,0.0,0.03771535,0.9979394,0.05190859,0.0,-0.5194051,-0.02480022,0.8541682,0.0,-1.280627,-1.663627,0.4535459,1.0,-0.8536954,0.03771536,-0.5194052,0.0,0.05917685,0.9979395,-0.02480022,0.0,-0.5173995,0.0519086,0.8541682,0.0,-0.7601523,1.684956,-1.093827,1.0,1.0,1.0,-0.1650674,-0.1892184,0.9679613,-0.0009154808,-0.001845635,-0.02305391,46.76667,2842.0,-0.175,-0.15849999999999997
6.0,-0.08271331,-0.1768204,1.000171,-0.2681441,-0.2269111,1.000175,-0.1754284,-0.2018658,1.000173,-0.8536916,0.05944219,-0.5173753,0.0,0.03793653,0.9979233,0.0520563,0.0,-0.5193952,-0.0248126,0.8541738,0.0,-1.280815,-1.663401,0.4531757,1.0,-0.8536917,0.03793653,-0.5193953,0.0,0.05944219,0.9979233,-0.0248126,0.0,-0.5173754,0.0520563,0.8541738,0.0,-0.7600825,1.684945,-1.093613,1.0,1.0,1.0,-0.1650878,-0.1892167,0.9679582,-0.0009147106,-0.001845635,-0.02305433,46.77778,2843.0,-0.175,-0.15849999999999997
6.0,-0.08248103,-0.1764316,1.00002,-0.2686901,-0.2268851,0.9999981,-0.1755862,-0.2016585,1.000009,-0.8537132,0.05938858,-0.5173463,0.0,0.03802428,0.9979328,0.05181053,0.0,-0.5193537,-0.0245596,0.8542066,0.0,-1.280878,-1.663216,0.4535807,1.0,-0.8537129,0.03802429,-0.5193536,0.0,0.05938856,0.9979328,-0.0245596,0.0,-0.5173461,0.05181051,0.8542063,0.0,-0.7600681,1.684982,-1.093528,1.0,1.0,1.0,-0.1652642,-0.1890508,0.9679605,-0.0009140708,-0.001845963,-0.02305531,46.78889,2844.0,-0.175,-0.15849999999999997
6.0,-0.08245492,-0.1766464,1.00004,-0.2682523,-0.2262242,0.99998,-0.1753554,-0.201436,1.00001,-0.8537828,0.05900829,-0.5172749,0.0,0.03831738,0.9979836,0.05060094,0.0,-0.5192177,-0.02338159,0.8543223,0.0,-1.281445,-1.662239,0.4553846,1.0,-0.8537825,0.03831737,-0.5192176,0.0,0.05900828,0.9979836,-0.02338159,0.0,-0.5172747,0.05060093,0.854322,0.0,-0.7604307,1.684946,-1.093259,1.0,1.0,1.0,-0.1650597,-0.1888548,0.9680336,-0.000912101,-0.001845261,-0.02305537,46.81111,2845.0,-0.175,-0.15849999999999997
6.0,-0.08168137,-0.1768653,1.000003,-0.2691914,-0.2270128,1.000007,-0.1754362,-0.201939,1.000005,-0.8536968,0.05905924,-0.5174106,0.0,0.03861235,0.9979922,0.05020657,0.0,-0.5193369,-0.02288275,0.8542632,0.0,-1.281986,-1.661692,0.4558187,1.0,-0.8536968,0.03861235,-0.5193369,0.0,0.05905923,0.9979922,-0.02288274,0.0,-0.5174106,0.05020657,0.8542631,0.0,-0.7604435,1.684971,-1.093195,1.0,1.0,1.0,-0.1651217,-0.189315,0.9679332,-0.0009104619,-0.001842659,-0.02305541,46.82222,2846.0,-0.175,-0.15849999999999997
6.0,-0.08161548,-0.1760317,1.000122,-0.2716439,-0.2264226,1.000158,-0.1766287,-0.2012268,1.00014,-0.8536347,0.05940314,-0.5174739,0.0,0.03888245,0.9979709,0.05042034,0.0,-0.519419,-0.0229199,0.8542123,0.0,-1.282501,-1.661426,0.4551899,1.0,-0.8536345,0.03888244,-0.519419,0.0,0.05940313,0.9979708,-0.0229199,0.0,-0.5174739,0.05042034,0.8542123,0.0,-0.7605444,1.68497,-1.093064,1.0,1.0,1.0,-0.1662193,-0.1886074,0.9678834,-0.0009099422,-0.001841225,-0.02305625,46.84444,2847.0,-0.175,-0.15849999999999997
6.0,-0.08150205,-0.1759866,0.9999753,-0.2715657,-0.2275372,0.9999485,-0.1765345,-0.2017623,0.999962,-0.8537123,0.05930842,-0.5173566,0.0,0.03878549,0.9979755,0.05040373,0.0,-0.5192986,-0.02296435,0.8542843,0.0,-1.282185,-1.661583,0.4553972,1.0,-0.8537123,0.0387855,-0.5192986,0.0,0.05930842,0.9979756,-0.02296435,0.0,-0.5173566,0.05040373,0.8542842,0.0,-0.7604687,1.684996,-1.093033,1.0,1.0,1.0,-0.1661445,-0.1891326,0.9677938,-0.0009099422,-0.001838463,-0.02305429,46.85556,2848.0,-0.175,-0.15849999999999997
6.0,-0.08102423,-0.1772266,0.9999592,-0.2714589,-0.2284907,0.9999622,-0.1762414,-0.2028586,0.9999607,-0.8537985,0.05841933,-0.5173157,0.0,0.03779243,0.9980174,0.05032979,0.0,-0.5192304,-0.02342087,0.8543135,0.0,-1.280319,-1.66293,0.4555742,1.0,-0.8537982,0.03779243,-0.5192302,0.0,0.05841932,0.9980174,-0.02342087,0.0,-0.5173157,0.05032978,0.8543134,0.0,-0.7603115,1.685091,-1.092931,1.0,1.0,1.0,-0.1658423,-0.190148,0.9676467,-0.0009099422,-0.001830948,-0.02305432,46.87778,2849.0,-0.175,-0.15849999999999997
6.0,-0.08020079,-0.1775105,1.00019,-0.2704568,-0.2282123,1.000168,-0.1753295,-0.2028615,1.000179,-0.8539003,0.0580123,-0.5171932,0.0,0.03727809,0.9980332,0.05039979,0.0,-0.5190998,-0.02375643,0.8543835,0.0,-1.279361,-1.663667,0.4554378,1.0,-0.8539003,0.03727808,-0.5190998,0.0,0.0580123,0.9980331,-0.02375643,0.0,-0.5171933,0.05039979,0.8543834,0.0,-0.7603843,1.685133,-1.092757,1.0,1.0,1.0,-0.16497,-0.1901409,0.9677972,-0.0009099422,-0.001829392,-0.02305483,46.88889,2850.0,-0.175,-0.15849999999999997
6.0,-0.08044112,-0.1774961,1.000012,-0.2701496,-0.2275633,1.000012,-0.1752952,-0.2025297,1.000012,-0.8539265,0.05760592,-0.5171955,0.0,0.0368142,0.9980513,0.05038143,0.0,-0.5190899,-0.0239819,0.8543832,0.0,-1.278476,-1.664273,0.4554515,1.0,-0.8539264,0.0368142,-0.5190898,0.0,0.05760592,0.9980513,-0.0239819,0.0,-0.5171954,0.05038143,0.8543831,0.0,-0.7602953,1.685149,-1.092686,1.0,1.0,1.0,-0.1649724,-0.1898709,0.9678497,-0.000911247,-0.001826965,-0.0230548,46.9,2851.0,-0.175,-0.15849999999999997
6.0,-0.08088624,-0.1776221,1.000218,-0.2712915,-0.2267763,1.000255,-0.176088,-0.2021988,1.000236,-0.8538259,0.05791432,-0.5173273,0.0,0.03709103,0.9980345,0.05051195,0.0,-0.5192358,-0.0239402,0.8542958,0.0,-1.278996,-1.663909,0.4548538,1.0,-0.8538257,0.03709102,-0.5192356,0.0,0.05791431,0.9980344,-0.02394019,0.0,-0.5173271,0.05051193,0.8542954,0.0,-0.7603673,1.685102,-1.092514,1.0,1.0,1.0,-0.1656748,-0.1895074,0.967801,-0.0009138333,-0.001825913,-0.02305499,46.92222,2852.0,-0.175,-0.15849999999999997
6.0,-0.08093753,-0.1774202,1.000272,-0.2717212,-0.2268546,1.000291,-0.1763288,-0.2021372,1.000281,-0.8537599,0.0590963,-0.5173024,0.0,0.03824092,0.9979717,0.05089455,0.0,-0.5192608,-0.02366961,0.8542881,0.0,-1.28087,-1.662542,0.4540156,1.0,-0.8537599,0.03824091,-0.5192608,0.0,0.0590963,0.9979715,-0.0236696,0.0,-0.5173024,0.05089454,0.854288,0.0,-0.7604421,1.685045,-1.092317,1.0,1.0,1.0,-0.165889,-0.1894359,0.9677784,-0.0009166943,-0.001826347,-0.02305498,46.93333,2853.0,-0.175,-0.15849999999999997
6.0,-0.08075219,-0.1765263,1.000037,-0.2716773,-0.2265535,1.000013,-0.1762155,-0.2015402,1.000025,-0.8538628,0.05947705,-0.5170891,0.0,0.03863878,0.9979517,0.0509835,0.0,-0.5190624,-0.02355321,0.854412,0.0,-1.28129,-1.662034,0.4540165,1.0,-0.8538625,0.03863877,-0.5190622,0.0,0.05947704,0.9979518,-0.02355322,0.0,-0.5170891,0.0509835,0.8544118,0.0,-0.7604253,1.68499,-1.092132,1.0,1.0,1.0,-0.1658411,-0.1889383,0.9678838,-0.0009167558,-0.001827393,-0.02305582,46.95555,2854.0,-0.175,-0.15849999999999997
6.0,-0.07841745,-0.177062,1.000079,-0.2704804,-0.2263951,1.000016,-0.1744511,-0.2017292,1.000047,-0.8540571,0.05943421,-0.5167731,0.0,0.03852745,0.9979501,0.05110124,0.0,-0.5187509,-0.02373342,0.8545961,0.0,-1.280863,-1.662276,0.4541762,1.0,-0.8540567,0.03852744,-0.5187508,0.0,0.05943421,0.99795,-0.02373341,0.0,-0.516773,0.05110123,0.8545959,0.0,-0.7604277,1.685008,-1.092037,1.0,1.0,1.0,-0.1642077,-0.1891594,0.9681191,-0.0009172587,-0.001827087,-0.02305553,46.96667,2855.0,-0.175,-0.15849999999999997
6.0,-0.07843927,-0.1772141,1.000101,-0.2704988,-0.2262011,1.000074,-0.1744698,-0.2017079,1.000087,-0.8541296,0.05935984,-0.5166617,0.0,0.03847175,0.9979545,0.0510558,0.0,-0.5186356,-0.02373138,0.8546661,0.0,-1.280673,-1.662288,0.4542954,1.0,-0.8541294,0.03847174,-0.5186355,0.0,0.05935984,0.9979545,-0.02373139,0.0,-0.5166616,0.05105579,0.854666,0.0,-0.76047,1.684963,-1.091922,1.0,1.0,1.0,-0.1642196,-0.1891322,0.9681224,-0.0009172363,-0.001827065,-0.02305576,46.97778,2856.0,-0.175,-0.15849999999999997
6.0,-0.07890427,-0.1779605,1.000111,-0.2701486,-0.2263589,1.000084,-0.1745275,-0.20216,1.000097,-0.8542501,0.0593319,-0.5164654,0.0,0.03844924,0.9979557,0.05104958,0.0,-0.5184384,-0.02375141,0.854785,0.0,-1.280417,-1.662372,0.4542916,1.0,-0.8542501,0.03844924,-0.5184385,0.0,0.0593319,0.9979557,-0.02375141,0.0,-0.5164654,0.05104959,0.8547851,0.0,-0.7605388,1.685013,-1.091623,1.0,1.0,1.0,-0.1642579,-0.1895426,0.9680356,-0.0009172363,-0.001825691,-0.0230556,47.0,2857.0,-0.175,-0.15849999999999997
6.0,-0.08027151,-0.1778363,1.000136,-0.2701588,-0.2265291,1.000252,-0.1752115,-0.2021813,1.000194,-0.8539549,0.05969938,-0.5169111,0.0,0.03869493,0.9979319,0.05132836,0.0,-0.5189063,-0.02383027,0.854499,0.0,-1.281048,-1.662115,0.4531239,1.0,-0.8539549,0.03869493,-0.5189063,0.0,0.05969938,0.9979319,-0.02383027,0.0,-0.5169111,0.05132836,0.8544989,0.0,-0.7605054,1.68499,-1.091547,1.0,1.0,1.0,-0.1648724,-0.1895279,0.967934,-0.0009169383,-0.001823067,-0.02305524,47.01111,2858.0,-0.175,-0.15849999999999997
6.0,-0.07906437,-0.1777684,1.000146,-0.2698618,-0.2265794,1.000231,-0.1744604,-0.202173,1.000188,-0.8537625,0.05994071,-0.5172008,0.0,0.03894956,0.9979205,0.05135798,0.0,-0.5192038,-0.02370278,0.8543218,0.0,-1.281529,-1.661793,0.4524585,1.0,-0.8537625,0.03894956,-0.5192037,0.0,0.0599407,0.9979205,-0.02370278,0.0,-0.5172008,0.05135798,0.8543217,0.0,-0.7605003,1.685015,-1.091309,1.0,1.0,1.0,-0.1641834,-0.1895432,0.9680481,-0.0009159399,-0.001822952,-0.02305513,47.03333,2859.0,-0.175,-0.15849999999999997
6.0,-0.07906294,-0.1783157,1.000036,-0.270365,-0.2267065,1.00007,-0.174713,-0.2025107,1.000053,-0.8536656,0.05925396,-0.51744,0.0,0.0383247,0.9979603,0.05105256,0.0,-0.5194097,-0.02375108,0.8541954,0.0,-1.280563,-1.662456,0.4525821,1.0,-0.8536655,0.03832469,-0.5194096,0.0,0.05925397,0.9979604,-0.02375108,0.0,-0.51744,0.05105255,0.8541951,0.0,-0.760481,1.685037,-1.091215,1.0,1.0,1.0,-0.164427,-0.1898711,0.9679425,-0.0009152228,-0.001819611,-0.02305365,47.04445,2860.0,-0.175,-0.15849999999999997
6.0,-0.07910445,-0.1762898,1.000161,-0.2703297,-0.2269675,1.000185,-0.1747164,-0.2016284,1.000173,-0.8536108,0.05861138,-0.5176036,0.0,0.03768591,0.9979945,0.05085889,0.0,-0.5195465,-0.02390733,0.8541077,0.0,-1.279689,-1.663106,0.4525063,1.0,-0.8536106,0.0376859,-0.5195464,0.0,0.05861137,0.9979945,-0.02390732,0.0,-0.5176035,0.05085889,0.8541076,0.0,-0.7606606,1.684983,-1.091107,1.0,1.0,1.0,-0.1644399,-0.1890459,0.9681019,-0.0009133453,-0.001818756,-0.02305246,47.05556,2861.0,-0.175,-0.15849999999999997
6.0,-0.07877788,-0.1762029,0.9999983,-0.2703634,-0.2257165,0.9999273,-0.174573,-0.2009606,0.9999628,-0.8537966,0.05784938,-0.5173829,0.0,0.03701758,0.9980376,0.05050492,0.0,-0.5192893,-0.02396866,0.8542625,0.0,-1.278349,-1.663835,0.4533585,1.0,-0.8537963,0.03701757,-0.5192891,0.0,0.05784937,0.9980375,-0.02396866,0.0,-0.5173828,0.0505049,0.8542622,0.0,-0.7606379,1.684994,-1.091,1.0,1.0,1.0,-0.1643618,-0.1884783,0.9682257,-0.0009104535,-0.001817276,-0.023052,47.07778,2862.0,-0.175,-0.15849999999999997
6.0,-0.07897505,-0.1762766,1.000023,-0.2703818,-0.2257342,1.000005,-0.1746789,-0.2010056,1.000014,-0.8538665,0.05818882,-0.5172294,0.0,0.03726486,0.9980155,0.05075916,0.0,-0.5191566,-0.02406706,0.8543403,0.0,-1.278417,-1.663761,0.4531422,1.0,-0.8538663,0.03726486,-0.5191565,0.0,0.05818881,0.9980155,-0.02406706,0.0,-0.5172293,0.05075915,0.8543401,0.0,-0.7604066,1.685098,-1.090878,1.0,1.0,1.0,-0.1644502,-0.188507,0.9682052,-0.0009104535,-0.001817123,-0.023052,47.08889,2863.0,-0.175,-0.15849999999999997
6.0,-0.07901049,-0.176938,1.000245,-0.2703638,-0.225696,1.000243,-0.1746871,-0.2013171,1.000244,-0.8538157,0.05974136,-0.5171361,0.0,0.03868101,0.9979277,0.05141994,0.0,-0.5191363,-0.02389981,0.8543572,0.0,-1.280664,-1.662142,0.4518416,1.0,-0.8538157,0.038681,-0.5191364,0.0,0.05974136,0.9979278,-0.0238998,0.0,-0.5171361,0.05141994,0.8543572,0.0,-0.7604886,1.685001,-1.090598,1.0,1.0,1.0,-0.1644141,-0.1887519,0.9681635,-0.0009104535,-0.001817085,-0.02305198,47.11111,2864.0,-0.175,-0.15849999999999997
6.0,-0.0804258,-0.1769379,1.000098,-0.2707226,-0.2255486,1.000116,-0.1755736,-0.201243,1.000107,-0.8537604,0.06013268,-0.5171821,0.0,0.0390619,0.9979065,0.05154335,0.0,-0.5191989,-0.02380355,0.854322,0.0,-1.281232,-1.661699,0.4514889,1.0,-0.8537604,0.03906189,-0.5191988,0.0,0.06013268,0.9979065,-0.02380356,0.0,-0.5171821,0.05154335,0.8543219,0.0,-0.7604403,1.684997,-1.090485,1.0,1.0,1.0,-0.1652533,-0.1886813,0.9680345,-0.0009101331,-0.00181749,-0.02305194,47.12222,2865.0,-0.175,-0.15849999999999997
6.0,-0.07892489,-0.1781602,1.000019,-0.27044,-0.2265306,1.000031,-0.1746821,-0.2023452,1.000025,-0.8537275,0.06014055,-0.5172354,0.0,0.03905854,0.9979057,0.05156114,0.0,-0.5192531,-0.0238167,0.8542885,0.0,-1.281007,-1.66172,0.451371,1.0,-0.8537275,0.03905854,-0.5192531,0.0,0.06014055,0.9979057,-0.0238167,0.0,-0.5172355,0.05156115,0.8542886,0.0,-0.7602288,1.685001,-1.090345,1.0,1.0,1.0,-0.1644141,-0.189726,0.9679732,-0.0009084931,-0.00181881,-0.02305276,47.13334,2866.0,-0.175,-0.15849999999999997
6.0,-0.08056089,-0.1784586,1.000065,-0.2702665,-0.2267666,1.000136,-0.1754115,-0.2026119,1.0001,-0.8532954,0.06016586,-0.5179453,0.0,0.03908982,0.9979066,0.0515204,0.0,-0.5199608,-0.02371572,0.8538611,0.0,-1.281304,-1.661681,0.4503144,1.0,-0.853295,0.03908983,-0.5199606,0.0,0.06016585,0.9979067,-0.02371573,0.0,-0.5179451,0.05152039,0.8538607,0.0,-0.7601162,1.685089,-1.090141,1.0,1.0,1.0,-0.1650667,-0.1899358,0.9678209,-0.0009073876,-0.001816978,-0.02305409,47.15556,2867.0,-0.175,-0.15849999999999997
6.0,-0.08037716,-0.1778714,1.000102,-0.2701023,-0.2270775,1.000191,-0.1752368,-0.2024735,1.000146,-0.853048,0.06018277,-0.5183507,0.0,0.03909397,0.9979063,0.05152446,0.0,-0.5203663,-0.02368844,0.8536147,0.0,-1.281477,-1.661642,0.4496652,1.0,-0.8530478,0.03909397,-0.5203661,0.0,0.06018276,0.9979062,-0.02368844,0.0,-0.5183505,0.05152444,0.8536144,0.0,-0.7600746,1.685092,-1.090039,1.0,1.0,1.0,-0.1649036,-0.1898074,0.9678739,-0.0009071128,-0.001816521,-0.02305395,47.16667,2868.0,-0.175,-0.15849999999999997
6.0,-0.07968304,-0.178278,1.000158,-0.2703463,-0.2269916,1.000211,-0.1750129,-0.2026341,1.000185,-0.8528111,0.06013853,-0.5187451,0.0,0.03907999,0.9979111,0.05144154,0.0,-0.5207551,-0.02359737,0.8533798,0.0,-1.281624,-1.661596,0.4489262,1.0,-0.8528112,0.03907999,-0.5207552,0.0,0.06013852,0.997911,-0.02359736,0.0,-0.5187451,0.05144154,0.8533798,0.0,-0.7601787,1.685117,-1.089726,1.0,1.0,1.0,-0.1646852,-0.1899528,0.9678826,-0.000908698,-0.001817436,-0.02305469,47.18889,2869.0,-0.175,-0.15849999999999997
6.0,-0.08068201,-0.1780036,1.000058,-0.2704016,-0.2269833,1.000064,-0.1755416,-0.2024933,1.000061,-0.8527825,0.05990347,-0.5188197,0.0,0.03890061,0.9979264,0.05128083,0.0,-0.5208157,-0.02354898,0.8533443,0.0,-1.281274,-1.661753,0.4490207,1.0,-0.8527823,0.0389006,-0.5208156,0.0,0.05990347,0.9979264,-0.02354899,0.0,-0.5188196,0.05128082,0.8533443,0.0,-0.7601419,1.685124,-1.089609,1.0,1.0,1.0,-0.1651945,-0.1898289,0.96782,-0.0009087985,-0.001819206,-0.02305488,47.2,2870.0,-0.175,-0.15849999999999997
6.0,-0.0807673,-0.1769649,1.000282,-0.2705794,-0.2280412,1.000333,-0.1756718,-0.2025025,1.000308,-0.8526629,0.0598773,-0.5190191,0.0,0.03880044,0.9979249,0.05138414,0.0,-0.5210188,-0.02367519,0.8532169,0.0,-1.281257,-1.661885,0.4483101,1.0,-0.8526628,0.03880044,-0.5210187,0.0,0.05987729,0.9979249,-0.02367518,0.0,-0.519019,0.05138415,0.8532168,0.0,-0.7602897,1.685114,-1.08941,1.0,1.0,1.0,-0.1652766,-0.1897887,0.967814,-0.0009087985,-0.001820641,-0.02305596,47.21111,2871.0,-0.175,-0.15849999999999997
6.0,-0.07867512,-0.1774028,1.000211,-0.2706355,-0.2272679,1.000196,-0.1746557,-0.2023356,1.000203,-0.8526922,0.05988494,-0.5189701,0.0,0.03867433,0.9979183,0.05160795,0.0,-0.5209804,-0.02393487,0.8532332,0.0,-1.280798,-1.662164,0.4477299,1.0,-0.8526919,0.03867433,-0.5209802,0.0,0.05988494,0.9979182,-0.02393487,0.0,-0.51897,0.05160794,0.853233,0.0,-0.7602291,1.685131,-1.089072,1.0,1.0,1.0,-0.1643624,-0.1896839,0.9679902,-0.0009087985,-0.001821396,-0.0230558,47.24445,2872.0,-0.175,-0.15849999999999997
6.0,-0.07948875,-0.1772095,0.9999515,-0.2697927,-0.2275801,0.9999179,-0.1746418,-0.2023952,0.9999346,-0.8527749,0.06019893,-0.5187978,0.0,0.03900551,0.9979019,0.05167661,0.0,-0.5208202,-0.02383254,0.8533337,0.0,-1.281097,-1.661827,0.4479012,1.0,-0.8527749,0.03900551,-0.5208201,0.0,0.06019894,0.9979019,-0.02383254,0.0,-0.5187978,0.0516766,0.8533337,0.0,-0.7600772,1.685164,-1.089036,1.0,1.0,1.0,-0.1643851,-0.1897853,0.9679665,-0.0009123227,-0.001822189,-0.02305702,47.25556,2873.0,-0.175,-0.15849999999999997
6.0,-0.07856572,-0.176745,1.000094,-0.2705298,-0.2278336,1.000052,-0.1745491,-0.2022897,1.000073,-0.8528932,0.06040066,-0.5185797,0.0,0.03919032,0.9978896,0.05177224,0.0,-0.5206123,-0.02383289,0.8534606,0.0,-1.281204,-1.661644,0.4479493,1.0,-0.8528933,0.03919032,-0.5206124,0.0,0.06040066,0.9978896,-0.02383289,0.0,-0.5185796,0.05177224,0.8534604,0.0,-0.7600687,1.685156,-1.08892,1.0,1.0,1.0,-0.1642788,-0.1896665,0.9680079,-0.0009154435,-0.001823151,-0.02305889,47.26667,2874.0,-0.175,-0.15849999999999997
6.0,-0.07859695,-0.1771356,1.000174,-0.270633,-0.2278851,1.000121,-0.1746167,-0.202511,1.000148,-0.8530648,0.06066995,-0.5182664,0.0,0.03935663,0.9978696,0.05203301,0.0,-0.5203191,-0.0239903,0.8536351,0.0,-1.281199,-1.661568,0.4477855,1.0,-0.8530645,0.03935662,-0.5203189,0.0,0.06066994,0.9978694,-0.02399029,0.0,-0.5182662,0.05203298,0.8536347,0.0,-0.7600656,1.685152,-1.088738,1.0,1.0,1.0,-0.1643226,-0.1898534,0.9679638,-0.0009158636,-0.00182325,-0.0230589,47.27778,2875.0,-0.175,-0.15849999999999997
6.0,-0.07867768,-0.1774718,1.000114,-0.271102,-0.228957,1.000126,-0.1748897,-0.2032143,1.00012,-0.8530947,0.06117665,-0.5181571,0.0,0.0398683,0.997842,0.0521718,0.0,-0.5202307,-0.02384944,0.8536928,0.0,-1.281612,-1.661143,0.4477595,1.0,-0.8530948,0.03986831,-0.5202306,0.0,0.06117665,0.997842,-0.02384944,0.0,-0.5181572,0.0521718,0.8536927,0.0,-0.7597036,1.685293,-1.0886,1.0,1.0,1.0,-0.1645562,-0.1904902,0.9677989,-0.000916969,-0.001823883,-0.0230595,47.3,2876.0,-0.175,-0.15849999999999997
6.0,-0.07772449,-0.1773939,1.000235,-0.2711541,-0.2290559,1.000263,-0.1744384,-0.2032245,1.000249,-0.8529806,0.06112625,-0.518351,0.0,0.03994545,0.9978511,0.05193817,0.0,-0.5204119,-0.02359648,0.8535893,0.0,-1.281895,-1.660827,0.4476319,1.0,-0.8529805,0.03994545,-0.5204119,0.0,0.06112626,0.9978512,-0.02359649,0.0,-0.518351,0.05193818,0.8535893,0.0,-0.7598813,1.685215,-1.088397,1.0,1.0,1.0,-0.1641211,-0.1904907,0.9678727,-0.0009171218,-0.001823776,-0.02305998,47.31111,2877.0,-0.175,-0.15849999999999997
6.0,-0.0776971,-0.1770453,1.000023,-0.2711971,-0.2296903,1.000073,-0.1744454,-0.2033672,1.000048,-0.8527329,0.06131934,-0.5187355,0.0,0.04034899,0.997851,0.05162678,0.0,-0.5207865,-0.0230934,0.8533746,0.0,-1.282507,-1.660212,0.4475058,1.0,-0.852733,0.040349,-0.5207865,0.0,0.06131933,0.997851,-0.0230934,0.0,-0.5187355,0.05162678,0.8533745,0.0,-0.7596954,1.685289,-1.088142,1.0,1.0,1.0,-0.1641537,-0.1906563,0.9678346,-0.0009171218,-0.001823059,-0.02305929,47.33334,2878.0,-0.175,-0.15849999999999997
6.0,-0.07900715,-0.177063,1.000096,-0.2729665,-0.2298272,1.000152,-0.1759852,-0.2034444,1.000124,-0.8525659,0.06138302,-0.5190026,0.0,0.04044334,0.9978496,0.0515805,0.0,-0.5210526,-0.02298557,0.853215,0.0,-1.28273,-1.660066,0.4471257,1.0,-0.8525658,0.04044333,-0.5210527,0.0,0.06138302,0.9978496,-0.02298558,0.0,-0.5190025,0.0515805,0.853215,0.0,-0.7596522,1.685311,-1.088022,1.0,1.0,1.0,-0.1655566,-0.1906683,0.9675932,-0.0009171218,-0.001822647,-0.02305895,47.34444,2879.0,-0.175,-0.15849999999999997
6.0,-0.0800252,-0.1761713,1.000142,-0.2728389,-0.2299642,1.000179,-0.1764309,-0.2030674,1.00016,-0.8524437,0.06143018,-0.5191979,0.0,0.04054876,0.9978501,0.05148823,0.0,-0.5212446,-0.02283798,0.8531018,0.0,-1.282945,-1.65989,0.4468683,1.0,-0.8524434,0.04054876,-0.5212443,0.0,0.06143017,0.9978501,-0.02283798,0.0,-0.5191977,0.05148822,0.8531016,0.0,-0.7596577,1.685335,-1.087861,1.0,1.0,1.0,-0.1659735,-0.1903052,0.9675933,-0.0009159166,-0.001822273,-0.02305799,47.35556,2880.0,-0.175,-0.15849999999999997
6.0,-0.08078027,-0.1767615,1.000374,-0.2730873,-0.2302907,1.00045,-0.1769311,-0.2035251,1.000412,-0.8522267,0.06123526,-0.519577,0.0,0.04038458,0.9978631,0.05136412,0.0,-0.521612,-0.02279097,0.8528786,0.0,-1.28302,-1.659928,0.446183,1.0,-0.8522264,0.04038456,-0.5216119,0.0,0.06123526,0.9978632,-0.02279097,0.0,-0.5195768,0.05136411,0.8528784,0.0,-0.7599508,1.685277,-1.087609,1.0,1.0,1.0,-0.1663852,-0.1906666,0.9674514,-0.0009120256,-0.001819389,-0.02305714,47.36667,2881.0,-0.175,-0.15849999999999997
6.0,-0.08125213,-0.1758143,1.000437,-0.2730125,-0.2302984,1.000515,-0.1771295,-0.2030554,1.000476,-0.8520705,0.06010048,-0.5199653,0.0,0.03882876,0.9979067,0.05171466,0.0,-0.5219849,-0.02387493,0.8526205,0.0,-1.280529,-1.661985,0.4445894,1.0,-0.8520705,0.03882876,-0.5219849,0.0,0.06010048,0.9979068,-0.02387493,0.0,-0.5199652,0.05171467,0.8526205,0.0,-0.7600439,1.685236,-1.087163,1.0,1.0,1.0,-0.1665722,-0.1902211,0.9675069,-0.0009118114,-0.001819328,-0.02305736,47.4,2882.0,-0.175,-0.15849999999999997
6.0,-0.08113819,-0.1755948,1.000315,-0.2724786,-0.2302939,1.000371,-0.1768065,-0.2029438,1.000343,-0.8520099,0.06032173,-0.5200391,0.0,0.03873447,0.9978806,0.05228789,0.0,-0.5220911,-0.02440635,0.8525407,0.0,-1.280488,-1.662201,0.4432762,1.0,-0.8520097,0.03873446,-0.5220909,0.0,0.06032173,0.9978806,-0.02440635,0.0,-0.520039,0.05228787,0.8525403,0.0,-0.7602001,1.685099,-1.08701,1.0,1.0,1.0,-0.1662988,-0.1901518,0.9675676,-0.0009117657,-0.001819328,-0.02305836,47.41111,2883.0,-0.175,-0.15849999999999997
2.0,-0.01130885,-0.2613562,1.000027,-0.1912481,-0.3080412,0.9999539,-0.1012806,-0.2846997,0.9999904,-0.8463066,0.0544645,-0.5299045,0.0,0.04037335,0.9984564,0.0381431,0.0,-0.531164,-0.01088674,0.8471991,0.0,-1.29434,-1.653473,0.4496856,1.0,-0.8463066,0.04037335,-0.531164,0.0,0.05446451,0.9984564,-0.01088674,0.0,-0.5299045,0.0381431,0.8471991,0.0,-0.7670624,1.686025,-1.086481,1.0,0.9562808,0.9993365,-0.0935811,-0.2649896,0.9596995,-0.001561852,-0.002330284,-0.02265324,54.97778,3354.0,-0.0875,-0.246
2.0,-0.009696662,-0.2588856,0.9999959,-0.1893953,-0.3058283,0.9999292,-0.09954798,-0.2823577,0.9999626,-0.8464608,0.05448916,-0.5296557,0.0,0.04056079,0.9984581,0.03789637,0.0,-0.5309039,-0.01059454,0.8473659,0.0,-1.294621,-1.653112,0.4504143,1.0,-0.8464608,0.04056079,-0.5309039,0.0,0.05448915,0.9984581,-0.01059454,0.0,-0.5296555,0.03789636,0.8473656,0.0,-0.7672052,1.686005,-1.086499,1.0,0.9562808,0.9993365,-0.09202294,-0.2629938,0.9603989,-0.001563889,-0.002327545,-0.0226511,54.98889,3355.0,-0.0875,-0.246
2.0,-0.01024199,-0.2583261,0.9999127,-0.18975,-0.3077092,0.9998925,-0.09999666,-0.283018,0.9999027,-0.8464718,0.05441405,-0.5296459,0.0,0.0406595,0.9984654,0.03759763,0.0,-0.530879,-0.01029019,0.8473853,0.0,-1.294788,-1.652897,0.4509569,1.0,-0.8464717,0.0406595,-0.5308788,0.0,0.05441404,0.9984654,-0.01029019,0.0,-0.5296458,0.03759762,0.847385,0.0,-0.7672133,1.686051,-1.086518,1.0,0.9562808,0.9993365,-0.09243053,-0.2635741,0.9602007,-0.001564132,-0.002328674,-0.02265057,55.0,3356.0,-0.0875,-0.246
2.0,-0.007056534,-0.258284,0.9999375,-0.1897647,-0.3096163,0.9999299,-0.09841093,-0.2839504,0.9999338,-0.8464016,0.05426851,-0.5297729,0.0,0.04083154,0.998479,0.03704624,0.0,-0.5309776,-0.00972455,0.8473301,0.0,-1.295177,-1.652389,0.4516487,1.0,-0.8464016,0.04083154,-0.5309775,0.0,0.05426852,0.9984791,-0.009724552,0.0,-0.5297729,0.03704624,0.84733,0.0,-0.7672955,1.686028,-1.086474,1.0,0.9469832,0.993061,-0.09093084,-0.2644182,0.9601117,-0.001563545,-0.002327507,-0.0226497,55.01111,3357.0,-0.0875,-0.246
2.0,-0.007485867,-0.2596918,1.000136,-0.1901658,-0.3095315,1.000183,-0.09882447,-0.2846111,1.00016,-0.846298,0.05456653,-0.5299078,0.0,0.0412271,0.9984655,0.0369732,0.0,-0.5311121,-0.009443784,0.8472489,0.0,-1.296108,-1.651751,0.4514129,1.0,-0.8462979,0.04122709,-0.5311121,0.0,0.05456654,0.9984655,-0.009443783,0.0,-0.5299078,0.0369732,0.8472489,0.0,-0.767556,1.685961,-1.086437,1.0,0.9545462,0.9993349,-0.0912801,-0.2649315,0.9599371,-0.001565985,-0.002328598,-0.02264779,55.03333,3358.0,-0.0875,-0.246
2.0,-0.006839901,-0.2598215,1.00006,-0.190219,-0.3102372,1.000138,-0.09852719,-0.2850284,1.000099,-0.8461608,0.05444159,-0.5301399,0.0,0.04090285,0.9984685,0.03725024,0.0,-0.5313559,-0.00983546,0.8470917,0.0,-1.295851,-1.652232,0.4505784,1.0,-0.8461606,0.04090285,-0.5313558,0.0,0.05444159,0.9984685,-0.009835465,0.0,-0.5301397,0.03725024,0.8470916,0.0,-0.7676787,1.685922,-1.08649,1.0,1.0,1.0,-0.09100065,-0.2653166,0.9598573,-0.0015644,-0.002329445,-0.02264642,55.05556,3359.0,-0.0875,-0.246
2.0,-0.006312281,-0.2597491,1.000205,-0.1900733,-0.3104932,1.000243,-0.09819165,-0.2851208,1.000224,-0.8461214,0.0546402,-0.5301824,0.0,0.04084533,0.9984534,0.03771454,0.0,-0.5314231,-0.01025561,0.8470447,0.0,-1.29584,-1.652478,0.4496281,1.0,-0.8461211,0.04084533,-0.531423,0.0,0.05464018,0.9984534,-0.0102556,0.0,-0.5301821,0.03771454,0.8470443,0.0,-0.7677609,1.685893,-1.086441,1.0,0.9589523,0.9983004,-0.09067716,-0.2653748,0.9598718,-0.001563437,-0.002329536,-0.02264562,55.06667,3360.0,-0.0875,-0.246
2.0,-0.006294429,-0.2599299,1.000112,-0.1894889,-0.3103214,1.000223,-0.09788853,-0.2851244,1.000167,-0.8458657,0.0547944,-0.5305743,0.0,0.04074533,0.9984408,0.0381547,0.0,-0.5318376,-0.01065532,0.8467795,0.0,-1.295963,-1.652742,0.4482985,1.0,-0.8458654,0.04074532,-0.5318376,0.0,0.05479439,0.9984408,-0.01065532,0.0,-0.5305741,0.03815469,0.8467793,0.0,-0.7677936,1.685864,-1.086462,1.0,1.0,1.0,-0.09040091,-0.2653984,0.9598913,-0.001561973,-0.002329933,-0.02264411,55.07778,3361.0,-0.0875,-0.246
2.0,-0.00635314,-0.2595318,1.000083,-0.1892333,-0.3113459,1.000144,-0.09779134,-0.2854381,1.000113,-0.8457339,0.05511701,-0.5307511,0.0,0.04074749,0.9984177,0.03875314,0.0,-0.5320473,-0.01114806,0.8466415,0.0,-1.295939,-1.653029,0.4472611,1.0,-0.8457335,0.04074748,-0.532047,0.0,0.055117,0.9984176,-0.01114806,0.0,-0.5307509,0.03875313,0.8466412,0.0,-0.7675245,1.685887,-1.086598,1.0,1.0,1.0,-0.09030943,-0.2656868,0.9598202,-0.001560417,-0.002330643,-0.02264318,55.1,3362.0,-0.0875,-0.246
2.0,-0.006881475,-0.2607434,1.000198,-0.1908154,-0.3118651,1.000216,-0.09884781,-0.2863039,1.000207,-0.8456877,0.05532548,-0.5308028,0.0,0.04091643,0.9984061,0.03887465,0.0,-0.5321074,-0.01115726,0.8466034,0.0,-1.296376,-1.652723,0.4468093,1.0,-0.8456874,0.04091643,-0.5321074,0.0,0.05532547,0.9984061,-0.01115726,0.0,-0.5308027,0.03887465,0.8466033,0.0,-0.7677235,1.685763,-1.086521,1.0,1.0,1.0,-0.09126557,-0.2663971,0.9595328,-0.001560158,-0.002329277,-0.02264166,55.11111,3363.0,-0.0875,-0.246
2.0,-0.006896019,-0.2612471,1.000011,-0.1916686,-0.3100648,1.000004,-0.09928268,-0.2856562,1.000008,-0.8458096,0.05596165,-0.5305418,0.0,0.04136636,0.9983684,0.03936029,0.0,-0.5318788,-0.01134473,0.8467445,0.0,-1.297118,-1.652381,0.446288,1.0,-0.8458095,0.04136636,-0.5318788,0.0,0.05596164,0.9983684,-0.01134473,0.0,-0.5305417,0.03936029,0.8467445,0.0,-0.7678705,1.685776,-1.086547,1.0,1.0,1.0,-0.09170129,-0.2658703,0.9596373,-0.001560158,-0.002329277,-0.0226403,55.13334,3364.0,-0.0875,-0.246
2.0,-0.006947428,-0.2613523,1.000091,-0.190679,-0.3079956,1.000057,-0.09881437,-0.2846746,1.000074,-0.8459269,0.05595126,-0.5303559,0.0,0.04129937,0.9983676,0.03945217,0.0,-0.5316976,-0.01147028,0.8468567,0.0,-1.297004,-1.652483,0.4463317,1.0,-0.8459267,0.04129937,-0.5316974,0.0,0.05595126,0.9983676,-0.01147028,0.0,-0.5303558,0.03945217,0.8468566,0.0,-0.7679968,1.685742,-1.086547,1.0,1.0,1.0,-0.09128264,-0.2650084,0.9599156,-0.001560158,-0.002329277,-0.02263921,55.14445,3365.0,-0.0875,-0.246
2.0,-0.006944329,-0.2613289,1.0,-0.1906703,-0.3079787,1.0,-0.09880739,-0.284654,1.0,-0.8459269,0.05595126,-0.5303559,0.0,0.04129937,0.9983676,0.03945217,0.0,-0.5316976,-0.01147028,0.8468567,0.0,-1.297004,-1.652483,0.4463317,1.0,-0.8459267,0.04129937,-0.5316974,0.0,0.05595126,0.9983676,-0.01147028,0.0,-0.5303558,0.03945217,0.8468566,0.0,-0.7679968,1.685742,-1.086547,1.0,1.0,1.0,-0.09128264,-0.2650084,0.9599156,-0.001560158,-0.002329277,-0.02263921,55.15556,3366.0,-0.0875,-0.246
2.0,-0.007495403,-0.2609769,1.000172,-0.191375,-0.308676,1.000107,-0.09943691,-0.2848269,1.00014,-0.8462074,0.05590533,-0.5299129,0.0,0.04122764,0.998369,0.03949144,0.0,-0.5312564,-0.01157089,0.8471321,0.0,-1.296857,-1.652569,0.4467542,1.0,-0.8462073,0.04122763,-0.5312564,0.0,0.05590533,0.998369,-0.01157089,0.0,-0.5299129,0.03949143,0.847132,0.0,-0.7682818,1.685697,-1.086545,1.0,0.9500624,0.9935419,-0.091852,-0.2651191,0.9598307,-0.001561485,-0.002322518,-0.02263552,55.17778,3367.0,-0.0875,-0.246
2.0,-0.008116454,-0.2623554,1.00007,-0.1916117,-0.3069766,1.00003,-0.09986517,-0.2846664,1.00005,-0.8464956,0.05595348,-0.5294476,0.0,0.04128308,0.9983662,0.03950556,0.0,-0.530793,-0.01158405,0.8474225,0.0,-1.296702,-1.65259,0.4473892,1.0,-0.8464953,0.04128308,-0.5307928,0.0,0.05595347,0.9983662,-0.01158405,0.0,-0.5294474,0.03950555,0.8474222,0.0,-0.7683148,1.685748,-1.086551,1.0,1.0,1.0,-0.09226168,-0.2649971,0.9598251,-0.001561485,-0.002315903,-0.02263236,55.2,3368.0,-0.0875,-0.246
