flag,xl,yl,zl,xr,yr,zr,xc,yc,zc,mat_00,mat_10,mat_20,mat_30,mat_01,mat_11,mat_21,mat_31,mat_02,mat_12,mat_22,mat_32,mat_03,mat_13,mat_23,mat_33,ctw_00,ctw_10,ctw_20,ctw_30,ctw_01,ctw_11,ctw_21,ctw_31,ctw_02,ctw_12,ctw_22,ctw_32,ctw_03,ctw_13,ctw_23,ctw_33,opennessl,opennessr,ray_x,ray_y,ray_z,eye_x,eye_y,eye_z,time,frame,u,v
6.0,1.937151e-07,2.693851e-07,1.000029,1.937151e-07,2.693851e-07,1.000029,1.937151e-07,2.693851e-07,1.000029,0.2420402,-0.01971971,-0.9700658,0.0,-0.01045174,0.9996824,-0.02292957,0.0,-0.97021,-0.01568875,-0.2417572,0.0,-0.6949639,-1.736829,-1.200381,1.0,0.2420401,-0.01045174,-0.9702098,0.0,-0.01971972,0.9996824,-0.01568875,0.0,-0.9700658,-0.02292957,-0.2417572,0.0,-1.03049,1.701489,-0.9917102,1.0,0.0,0.0,0.0,0.0,1.0,0.0,0.0,0.0,16.63333,1000.0,-0.175,-0.15849999999999997
6.0,-7.450581e-08,-1.16881e-07,1.000135,-7.450581e-08,-1.16881e-07,1.000135,-7.450581e-08,-1.16881e-07,1.000135,0.2426862,-0.01884739,-0.9699218,0.0,-0.01077161,0.9996973,-0.02212118,0.0,-0.9700451,-0.01581612,-0.2424097,0.0,-0.6935431,-1.736028,-1.202317,1.0,0.2426862,-0.01077161,-0.970045,0.0,-0.01884739,0.9996973,-0.01581612,0.0,-0.9699216,-0.02212118,-0.2424097,0.0,-1.03056,1.701435,-0.9916787,1.0,0.0,0.0,0.0,0.0,1.0,0.0,0.0,0.0,16.65556,1001.0,-0.175,-0.15849999999999997
6.0,0.0,4.530884e-07,0.9999554,0.0,4.530884e-07,0.9999554,0.0,4.530884e-07,0.9999554,0.2428901,-0.01842388,-0.9698789,0.0,-0.0110193,0.9997027,-0.02175002,0.0,-0.9699913,-0.01597025,-0.2426149,0.0,-0.6928731,-1.735678,-1.203063,1.0,0.2428901,-0.0110193,-0.9699912,0.0,-0.01842388,0.9997027,-0.01597025,0.0,-0.9698787,-0.02175001,-0.2426149,0.0,-1.030511,1.70136,-0.991681,1.0,0.0,0.0615613,0.0,0.0,1.0,0.0,0.0,0.0,16.66667,1002.0,-0.175,-0.15849999999999997
6.0,1.192093e-07,-2.793968e-09,0.9998477,1.192093e-07,-2.793968e-09,0.9998477,1.192093e-07,-2.793968e-09,0.9998477,0.2436275,-0.01734767,-0.9697137,0.0,-0.01112064,0.9997243,-0.02067846,0.0,-0.9698052,-0.01582168,-0.2433674,0.0,-0.6917102,-1.73439,-1.205144,1.0,0.2436275,-0.01112064,-0.9698052,0.0,-0.01734767,0.9997243,-0.01582168,0.0,-0.9697136,-0.02067845,-0.2433674,0.0,-1.030213,1.7013,-0.9915578,1.0,0.2095607,0.1785263,0.0,0.0,1.0,0.0,0.0,0.0,16.68889,1003.0,-0.175,-0.15849999999999997
6.0,-5.960464e-08,2.118759e-07,0.9998184,-5.960464e-08,2.118759e-07,0.9998184,-5.960464e-08,2.118759e-07,0.9998184,0.2438897,-0.01700871,-0.9696539,0.0,-0.01136331,0.9997274,-0.02039436,0.0,-0.9697365,-0.01599246,-0.24363,0.0,-0.691074,-1.734305,-1.205645,1.0,0.2438897,-0.01136332,-0.9697363,0.0,-0.01700871,0.9997275,-0.01599246,0.0,-0.9696537,-0.02039436,-0.2436299,0.0,-1.03001,1.701391,-0.9916266,1.0,0.2095607,0.1785263,0.0,0.0,1.0,0.0,0.0,0.0,16.7,1004.0,-0.175,-0.15849999999999997
6.0,7.450581e-08,4.051253e-08,0.9999587,7.450581e-08,4.051253e-08,0.9999587,7.450581e-08,4.051253e-08,0.9999587,0.2440424,-0.01703285,-0.969615,0.0,-0.01115981,0.9997302,-0.02037069,0.0,-0.9697004,-0.01579203,-0.2437865,0.0,-0.6912732,-1.73406,-1.205759,1.0,0.2440424,-0.01115981,-0.9697003,0.0,-0.01703285,0.9997302,-0.01579203,0.0,-0.9696149,-0.02037069,-0.2437865,0.0,-1.029958,1.701316,-0.9916599,1.0,0.4352051,0.4412017,0.0,0.0,1.0,0.0,0.0,0.0,16.71111,1005.0,-0.175,-0.15849999999999997
6.0,-0.06188381,-0.1145448,0.9999528,-0.2360049,-0.1155428,0.9999456,-0.1489445,-0.1150438,0.9999492,0.2442415,-0.0164445,-0.9695751,0.0,-0.01157648,0.9997355,-0.01987222,0.0,-0.9696454,-0.01607789,-0.2439865,0.0,-0.6903608,-1.733786,-1.206645,1.0,0.2442414,-0.01157648,-0.9696452,0.0,-0.0164445,0.9997354,-0.01607788,0.0,-0.9695749,-0.01987222,-0.2439865,0.0,-1.029829,1.701356,-0.9916858,1.0,0.5918177,0.5215384,-0.143346,-0.1138315,0.9831043,0.0005686488,0.003685425,-0.02545204,16.73333,1006.0,-0.175,-0.15849999999999997
6.0,-0.06096667,-0.09470841,0.9999976,-0.2300119,-0.1210657,1.00002,-0.1454887,-0.1078869,1.000009,0.2443273,-0.01620544,-0.9695575,0.0,-0.01143293,0.9997427,-0.01959105,0.0,-0.9696255,-0.01587151,-0.2440792,0.0,-0.6905463,-1.73334,-1.207162,1.0,0.2443273,-0.01143293,-0.9696254,0.0,-0.01620544,0.9997427,-0.01587151,0.0,-0.9695574,-0.01959105,-0.2440791,0.0,-1.029783,1.701349,-0.9917249,1.0,0.6727726,0.6024722,-0.1402307,-0.107041,0.9843158,0.0005806889,0.003610726,-0.02528944,16.74445,1007.0,-0.175,-0.15849999999999997
6.0,-0.0532167,-0.1166188,1.000002,-0.2285589,-0.1221941,1.000005,-0.1408878,-0.1194064,1.000003,0.2442875,-0.01558331,-0.9695777,0.0,-0.01184786,0.9997483,-0.01905332,0.0,-0.9696305,-0.01614191,-0.2440414,0.0,-0.6899311,-1.732916,-1.207834,1.0,0.2442875,-0.01184786,-0.9696305,0.0,-0.01558331,0.9997483,-0.01614191,0.0,-0.9695776,-0.01905332,-0.2440414,0.0,-1.029552,1.701292,-0.9917123,1.0,0.7451091,0.6821716,-0.135732,-0.1180169,0.9836914,0.0005779574,0.003595505,-0.02524161,16.76667,1008.0,-0.175,-0.15849999999999997
6.0,-0.05458057,-0.1166237,1.000143,-0.2253765,-0.1193717,1.000142,-0.1399786,-0.1179975,1.000143,0.2442766,-0.01533659,-0.9695843,0.0,-0.01179591,0.999754,-0.01878566,0.0,-0.9696339,-0.01602603,-0.2440356,0.0,-0.6900164,-1.732488,-1.208403,1.0,0.2442766,-0.01179591,-0.9696338,0.0,-0.01533659,0.9997539,-0.01602603,0.0,-0.9695842,-0.01878566,-0.2440356,0.0,-1.029664,1.701222,-0.9917214,1.0,0.7806637,0.7338865,-0.1348755,-0.1166716,0.9839697,0.000574654,0.003585152,-0.02524694,16.77778,1009.0,-0.175,-0.15849999999999997
6.0,-0.05399042,-0.1008248,1.000054,-0.2248706,-0.1338366,1.000074,-0.1394298,-0.1173306,1.000064,0.2442669,-0.01490515,-0.9695935,0.0,-0.01214413,0.9997565,-0.01842827,0.0,-0.969632,-0.01627629,-0.2440264,0.0,-0.6895267,-1.732277,-1.209177,1.0,0.2442669,-0.01214413,-0.969632,0.0,-0.01490515,0.9997565,-0.01627629,0.0,-0.9695935,-0.01842826,-0.2440263,0.0,-1.029801,1.701198,-0.9918532,1.0,0.7893995,0.7873032,-0.1343758,-0.1160595,0.9841104,0.0005761636,0.00359182,-0.02527984,16.8,1010.0,-0.175,-0.15849999999999997
6.0,-0.05437353,-0.09672558,0.9999327,-0.2298809,-0.1277154,0.9999003,-0.142128,-0.1122208,0.9999166,0.2440624,-0.01470712,-0.969648,0.0,-0.01231881,0.9997573,-0.01826447,0.0,-0.9696813,-0.01640258,-0.2438219,0.0,-0.6895452,-1.732219,-1.209237,1.0,0.2440623,-0.01231881,-0.9696813,0.0,-0.01470712,0.9997573,-0.01640257,0.0,-0.969648,-0.01826447,-0.2438219,0.0,-1.029719,1.701219,-0.9918905,1.0,0.8103217,0.8193583,-0.137013,-0.111191,0.984309,0.0005763099,0.003588837,-0.02528126,16.81111,1011.0,-0.175,-0.15849999999999997
6.0,-0.05432174,-0.09716626,1.000021,-0.2263461,-0.1257278,1.000014,-0.1403342,-0.111447,1.000017,0.2439828,-0.01444522,-0.9696721,0.0,-0.01240938,0.9997607,-0.01801583,0.0,-0.9697003,-0.01642859,-0.2437451,0.0,-0.689532,-1.731993,-1.20961,1.0,0.2439827,-0.01240938,-0.9697,0.0,-0.01444522,0.9997607,-0.01642858,0.0,-0.9696718,-0.01801582,-0.2437451,0.0,-1.02971,1.70123,-0.9919299,1.0,0.8025522,0.835102,-0.1353268,-0.1104686,0.9846235,0.0005851062,0.003586762,-0.02529754,16.82222,1012.0,-0.175,-0.15849999999999997
6.0,-0.05423248,-0.09587669,1.000038,-0.231777,-0.1365579,1.000002,-0.1430056,-0.1162178,1.00002,0.2437577,-0.01409358,-0.9697338,0.0,-0.01282299,0.9997602,-0.01775323,0.0,-0.9697514,-0.01676238,-0.2435185,0.0,-0.6891699,-1.731905,-1.209952,1.0,0.2437577,-0.012823,-0.9697514,0.0,-0.01409358,0.9997602,-0.01676238,0.0,-0.9697338,-0.01775323,-0.2435185,0.0,-1.02975,1.701171,-0.992,1.0,0.827338,0.8510419,-0.1377745,-0.1149443,0.9837713,0.0005896688,0.003582817,-0.02531499,16.84444,1013.0,-0.175,-0.15849999999999997
6.0,-0.05409226,-0.09485353,0.9999648,-0.2252217,-0.1273575,0.9999614,-0.139657,-0.1111058,0.9999632,0.243699,-0.01382161,-0.9697525,0.0,-0.01302186,0.9997617,-0.01752172,0.0,-0.9697636,-0.01689801,-0.2434609,0.0,-0.6889743,-1.731815,-1.210254,1.0,0.2436989,-0.01302186,-0.9697635,0.0,-0.01382161,0.9997616,-0.01689801,0.0,-0.9697524,-0.01752172,-0.2434609,0.0,-1.029681,1.701225,-0.9920559,1.0,0.8335568,0.8552641,-0.1347033,-0.1101512,0.9847445,0.0005912557,0.00357975,-0.02531718,16.85556,1014.0,-0.175,-0.15849999999999997
6.0,-0.05402809,-0.09463543,0.9999849,-0.2277761,-0.1291954,0.9999784,-0.1409022,-0.1119154,0.9999817,0.243698,-0.01370584,-0.9697544,0.0,-0.01327409,0.9997593,-0.01746568,0.0,-0.9697604,-0.01712896,-0.2434574,0.0,-0.688522,-1.73185,-1.210232,1.0,0.243698,-0.01327409,-0.9697603,0.0,-0.01370584,0.9997593,-0.01712895,0.0,-0.9697543,-0.01746568,-0.2434574,0.0,-1.029573,1.701156,-0.9920059,1.0,0.8444471,0.8474599,-0.1358665,-0.1109002,0.9845006,0.0005932851,0.003579414,-0.02530818,16.87778,1015.0,-0.175,-0.15849999999999997
6.0,-0.05377656,-0.09506308,0.9999883,-0.2275015,-0.1281797,0.9999952,-0.1406388,-0.1116215,0.9999917,0.2437528,-0.01383426,-0.9697388,0.0,-0.01312404,0.9997597,-0.01756139,0.0,-0.9697487,-0.01700753,-0.2435126,0.0,-0.688799,-1.73185,-1.210102,1.0,0.2437527,-0.01312404,-0.9697486,0.0,-0.01383426,0.9997596,-0.01700753,0.0,-0.9697387,-0.01756138,-0.2435126,0.0,-1.029545,1.701142,-0.9920914,1.0,0.8540666,0.8593044,-0.1356233,-0.1106236,0.9845652,0.0005944902,0.003577935,-0.02529768,16.88889,1016.0,-0.175,-0.15849999999999997
6.0,-0.0536941,-0.09566265,1.000102,-0.227077,-0.1271392,1.000099,-0.1403857,-0.1114009,1.000101,0.2437485,-0.01387844,-0.9697393,0.0,-0.01308068,0.9997596,-0.01759597,0.0,-0.9697503,-0.01697384,-0.2435084,0.0,-0.6889214,-1.731762,-1.210174,1.0,0.2437485,-0.01308068,-0.9697501,0.0,-0.01387844,0.9997596,-0.01697384,0.0,-0.9697391,-0.01759597,-0.2435084,0.0,-1.029664,1.70104,-0.9921637,1.0,0.8436465,0.8711925,-0.1353762,-0.1104062,0.9846237,0.0005955286,0.003576287,-0.02528929,16.91111,1017.0,-0.175,-0.15849999999999997
6.0,-0.05345112,-0.0937122,1.000061,-0.2271843,-0.1271381,1.000073,-0.1403176,-0.1104252,1.000067,0.2438073,-0.01385446,-0.9697248,0.0,-0.01305418,0.9997605,-0.01756565,0.0,-0.9697359,-0.0169416,-0.2435681,0.0,-0.6888934,-1.731688,-1.210325,1.0,0.2438072,-0.01305418,-0.9697357,0.0,-0.01385446,0.9997605,-0.0169416,0.0,-0.9697245,-0.01756565,-0.243568,0.0,-1.029716,1.701021,-0.9921786,1.0,0.873732,0.8788813,-0.1353329,-0.109479,0.9847331,0.0005967179,0.003568978,-0.02527858,16.92222,1018.0,-0.175,-0.15849999999999997
6.0,-0.05309409,-0.09293732,1.000051,-0.2272373,-0.1279744,1.000087,-0.1401647,-0.1104556,1.000069,0.2439916,-0.01371988,-0.9696804,0.0,-0.01321428,0.99976,-0.01747046,0.0,-0.9696874,-0.01707628,-0.2437518,0.0,-0.6884039,-1.731689,-1.210655,1.0,0.2439916,-0.01321429,-0.9696872,0.0,-0.01371988,0.99976,-0.01707627,0.0,-0.9696802,-0.01747046,-0.2437517,0.0,-1.029742,1.701026,-0.9922065,1.0,0.8547151,0.8830177,-0.1351909,-0.1095059,0.9847497,0.0005983133,0.00356408,-0.02526974,16.93333,1019.0,-0.175,-0.15849999999999997
6.0,-0.05295387,-0.09248731,0.9999437,-0.2273533,-0.1274916,0.9999783,-0.1401526,-0.1099891,0.9999609,0.2440842,-0.0134135,-0.9696614,0.0,-0.01327111,0.9997645,-0.01717055,0.0,-0.9696633,-0.01705954,-0.2438487,0.0,-0.6881887,-1.731317,-1.211236,1.0,0.2440841,-0.01327111,-0.9696632,0.0,-0.0134135,0.9997645,-0.01705954,0.0,-0.9696612,-0.01717054,-0.2438487,0.0,-1.029735,1.700979,-0.992205,1.0,0.8618755,0.8956288,-0.1352007,-0.1090707,0.9847965,0.0005988544,0.003559555,-0.02526766,16.95556,1020.0,-0.175,-0.15849999999999997
6.0,-0.05170381,-0.09196846,1.000025,-0.2281267,-0.1272112,1.000052,-0.1399144,-0.1095897,1.000039,0.2442361,-0.01343096,-0.9696228,0.0,-0.01323972,0.9997647,-0.01718341,0.0,-0.9696254,-0.01703435,-0.2440007,0.0,-0.6880636,-1.731263,-1.211343,1.0,0.2442361,-0.01323973,-0.9696255,0.0,-0.01343096,0.9997647,-0.01703435,0.0,-0.9696228,-0.01718341,-0.2440008,0.0,-1.029748,1.70093,-0.9922236,1.0,0.8839794,0.916765,-0.1349727,-0.1086831,0.9848707,0.0005994178,0.003555344,-0.02526465,16.96667,1021.0,-0.175,-0.15849999999999997
6.0,-0.05052003,-0.09245558,1.000053,-0.2305274,-0.1271318,1.000102,-0.1405225,-0.1097932,1.000078,0.2446762,-0.01368615,-0.9695083,0.0,-0.01340879,0.999757,-0.01749716,0.0,-0.9695122,-0.01728108,-0.2444332,0.0,-0.6872267,-1.73172,-1.211194,1.0,0.2446762,-0.0134088,-0.969512,0.0,-0.01368616,0.9997571,-0.01728108,0.0,-0.9695083,-0.01749716,-0.2444332,0.0,-1.029815,1.700892,-0.9922565,1.0,0.8714654,0.9222453,-0.1355396,-0.108861,0.9847733,0.0006009908,0.003551918,-0.02526465,16.98889,1022.0,-0.175,-0.15849999999999997
6.0,-0.04968268,-0.09261145,1.000092,-0.2299647,-0.1253028,1.000105,-0.1398234,-0.1089568,1.000099,0.244723,-0.01354546,-0.9694985,0.0,-0.0134797,0.9997582,-0.01737081,0.0,-0.9694994,-0.01731958,-0.2444812,0.0,-0.6870214,-1.731611,-1.211524,1.0,0.2447229,-0.0134797,-0.9694993,0.0,-0.01354546,0.9997582,-0.01731958,0.0,-0.9694984,-0.01737081,-0.2444812,0.0,-1.029896,1.700886,-0.9922525,1.0,0.8817344,0.9272428,-0.1348912,-0.1080695,0.9849494,0.0006024176,0.003546845,-0.02526465,17.0,1023.0,-0.175,-0.15849999999999997
6.0,-0.04925364,-0.09463017,1.000286,-0.2291217,-0.1268784,1.000314,-0.1391868,-0.1107543,1.000301,0.2448766,-0.01343976,-0.9694612,0.0,-0.0138364,0.9997537,-0.01735466,0.0,-0.9694556,-0.0176636,-0.2446304,0.0,-0.6860936,-1.731824,-1.211938,1.0,0.2448767,-0.0138364,-0.9694555,0.0,-0.01343976,0.9997537,-0.0176636,0.0,-0.969461,-0.01735466,-0.2446303,0.0,-1.030194,1.700871,-0.9922044,1.0,0.8830122,0.9280691,-0.1342429,-0.1097621,0.9848509,0.0006057285,0.003545304,-0.02526465,17.01111,1024.0,-0.175,-0.15849999999999997
6.0,-0.04773575,-0.09744973,1.000298,-0.2300014,-0.1279176,1.00035,-0.138867,-0.1126832,1.000324,0.2452922,-0.01331628,-0.9693577,0.0,-0.01449812,0.9997435,-0.01740239,0.0,-0.9693408,-0.01832253,-0.2450362,0.0,-0.6843759,-1.732348,-1.212534,1.0,0.2452922,-0.01449812,-0.9693406,0.0,-0.01331628,0.9997435,-0.01832253,0.0,-0.9693577,-0.01740239,-0.2450362,0.0,-1.030575,1.700881,-0.9922491,1.0,0.8692442,0.904973,-0.1339123,-0.1115938,0.9846899,0.0006075744,0.003545937,-0.02526978,17.03333,1025.0,-0.175,-0.15849999999999997
6.0,-0.04070035,-0.09134148,1.000247,-0.2284483,-0.1289406,1.000306,-0.1345726,-0.1101404,1.000276,0.2455813,-0.01319378,-0.9692863,0.0,-0.01462517,0.9997432,-0.01731383,0.0,-0.9692658,-0.01842793,-0.2453253,0.0,-0.6837314,-1.732338,-1.213123,1.0,0.2455813,-0.01462517,-0.9692656,0.0,-0.01319378,0.9997432,-0.01842792,0.0,-0.9692862,-0.01731383,-0.2453252,0.0,-1.030808,1.700889,-0.9922504,1.0,0.8862687,0.9242904,-0.1298758,-0.1092666,0.9854913,0.0006261133,0.003604393,-0.0256038,17.04445,1026.0,-0.175,-0.15849999999999997
6.0,-0.03925765,-0.09271617,1.000089,-0.2271007,-0.1292649,1.000128,-0.1331781,-0.1109903,1.000109,0.2458306,-0.01349792,-0.9692189,0.0,-0.0144844,0.9997402,-0.01759678,0.0,-0.9692047,-0.01836438,-0.2455712,0.0,-0.6836098,-1.732556,-1.212922,1.0,0.2458305,-0.0144844,-0.9692045,0.0,-0.01349793,0.9997404,-0.01836438,0.0,-0.9692187,-0.01759678,-0.2455712,0.0,-1.03092,1.700861,-0.9922336,1.0,0.8796399,0.9146009,-0.1285706,-0.1101084,0.9855687,0.0006296383,0.003603005,-0.0256039,17.05556,1027.0,-0.175,-0.15849999999999997
6.0,-0.03775036,-0.09398451,1.000144,-0.2275959,-0.1280557,1.000191,-0.1326717,-0.1110198,1.000167,0.2461834,-0.01374122,-0.9691259,0.0,-0.01412864,0.9997424,-0.01776438,0.0,-0.9691203,-0.01806573,-0.2459258,0.0,-0.6836211,-1.732425,-1.213232,1.0,0.2461834,-0.01412864,-0.9691203,0.0,-0.01374122,0.9997423,-0.01806573,0.0,-0.9691257,-0.01776438,-0.2459258,0.0,-1.031284,1.700768,-0.9921737,1.0,0.8731136,0.9237676,-0.1280853,-0.1101309,0.9856294,0.0006308593,0.003597054,-0.02560935,17.07778,1028.0,-0.175,-0.15849999999999997
6.0,-0.03652301,-0.09469627,1.000185,-0.2263812,-0.1281757,1.00019,-0.131452,-0.1114359,1.000188,0.2461857,-0.01367196,-0.9691263,0.0,-0.01398118,0.9997464,-0.01765555,0.0,-0.9691219,-0.01789607,-0.245932,0.0,-0.6837867,-1.732208,-1.213598,1.0,0.2461856,-0.01398118,-0.9691217,0.0,-0.01367196,0.9997463,-0.01789606,0.0,-0.9691262,-0.01765555,-0.245932,0.0,-1.031474,1.700782,-0.992135,1.0,0.8935459,0.9398916,-0.1269253,-0.1105391,0.9857337,0.0006318968,0.003595993,-0.0256093,17.08889,1029.0,-0.175,-0.15849999999999997
6.0,-0.03649807,-0.09593671,1.000158,-0.2260678,-0.1285564,1.000177,-0.1312822,-0.1122463,1.000168,0.2463016,-0.0138847,-0.9690939,0.0,-0.01364329,0.9997486,-0.01779144,0.0,-0.9690973,-0.01760369,-0.2460502,0.0,-0.6841571,-1.732118,-1.213617,1.0,0.2463015,-0.01364329,-0.9690971,0.0,-0.0138847,0.9997486,-0.01760369,0.0,-0.9690937,-0.01779144,-0.2460502,0.0,-1.03165,1.700757,-0.9921171,1.0,0.8995218,0.9679771,-0.1267575,-0.1113123,0.9856683,0.0006324835,0.003594872,-0.02560325,17.1,1030.0,-0.175,-0.15849999999999997
6.0,-0.03574997,-0.09603923,1.000065,-0.2267796,-0.1282567,1.000121,-0.1312629,-0.1121475,1.000093,0.246735,-0.01382769,-0.9689844,0.0,-0.01332236,0.9997553,-0.01765911,0.0,-0.9689915,-0.01726628,-0.2464904,0.0,-0.6841287,-1.731694,-1.214263,1.0,0.246735,-0.01332236,-0.9689914,0.0,-0.01382769,0.9997553,-0.01726628,0.0,-0.9689842,-0.01765911,-0.2464904,0.0,-1.031749,1.700714,-0.9921189,1.0,0.9039118,0.9711299,-0.1267499,-0.1112237,0.9856793,0.000631622,0.00359082,-0.0255949,17.12222,1031.0,-0.175,-0.15849999999999997
6.0,-0.03506303,-0.09585747,1.000171,-0.2275028,-0.1287732,1.000197,-0.1312821,-0.1123151,1.000184,0.2468572,-0.01382515,-0.9689533,0.0,-0.01313044,0.9997587,-0.01760989,0.0,-0.9689629,-0.01706992,-0.2466161,0.0,-0.6842508,-1.731501,-1.214601,1.0,0.2468572,-0.01313044,-0.9689628,0.0,-0.01382515,0.9997587,-0.01706991,0.0,-0.9689533,-0.01760989,-0.2466161,0.0,-1.031917,1.700709,-0.9921103,1.0,0.8947903,0.9651761,-0.1267544,-0.1113714,0.985662,0.0006306916,0.003588493,-0.02559153,17.13333,1032.0,-0.175,-0.15849999999999997
6.0,-0.0361695,-0.09506019,1.000141,-0.2272446,-0.1281362,1.000241,-0.1317039,-0.1115973,1.000191,0.2473345,-0.01375553,-0.9688326,0.0,-0.01282841,0.9997651,-0.01746969,0.0,-0.9688453,-0.01674943,-0.2470999,0.0,-0.6841418,-1.731156,-1.215304,1.0,0.2473345,-0.01282841,-0.9688452,0.0,-0.01375553,0.9997651,-0.01674943,0.0,-0.9688324,-0.01746969,-0.2470999,0.0,-1.032027,1.700742,-0.9921247,1.0,0.8943815,0.9554736,-0.1271602,-0.1106793,0.9856879,0.0006279517,0.003583107,-0.02558653,17.14445,1033.0,-0.175,-0.15849999999999997
6.0,-0.03532702,-0.09642834,1.000165,-0.2279886,-0.1277884,1.000174,-0.1316576,-0.1121082,1.000169,0.2473943,-0.01382551,-0.9688163,0.0,-0.0128788,0.999763,-0.01755583,0.0,-0.9688293,-0.0168204,-0.2471576,0.0,-0.6839212,-1.731274,-1.215368,1.0,0.2473943,-0.0128788,-0.9688292,0.0,-0.01382551,0.999763,-0.0168204,0.0,-0.9688161,-0.01755583,-0.2471576,0.0,-1.032206,1.700719,-0.9921111,1.0,0.8830977,0.9612515,-0.127113,-0.1111651,0.9856392,0.0006257929,0.003578171,-0.02556014,17.16667,1034.0,-0.175,-0.15849999999999997
6.0,-0.03579021,-0.09565467,1.000513,-0.2287161,-0.1276955,1.0006,-0.1322505,-0.1116743,1.000556,0.2481692,-0.01422852,-0.9686123,0.0,-0.01271321,0.9997582,-0.01794331,0.0,-0.9686334,-0.01676715,-0.2479284,0.0,-0.6830641,-1.731618,-1.215995,1.0,0.2481692,-0.01271321,-0.9686331,0.0,-0.01422852,0.9997581,-0.01676714,0.0,-0.9686121,-0.01794331,-0.2479283,0.0,-1.032951,1.700696,-0.9921525,1.0,0.912935,0.9664031,-0.1276311,-0.1107031,0.9856242,0.0006239777,0.00357634,-0.02555834,17.18889,1035.0,-0.175,-0.15849999999999997
6.0,-0.03554803,-0.09581131,1.000158,-0.2284457,-0.1271871,1.000193,-0.1319957,-0.1114988,1.000176,0.2483752,-0.01436035,-0.9685575,0.0,-0.01286122,0.9997531,-0.01812098,0.0,-0.9685786,-0.01695763,-0.2481292,0.0,-0.6824691,-1.73195,-1.216003,1.0,0.2483752,-0.01286122,-0.9685785,0.0,-0.01436035,0.9997531,-0.01695763,0.0,-0.9685574,-0.01812098,-0.2481291,0.0,-1.033132,1.70071,-0.9921204,1.0,0.9061939,0.9749499,-0.1274386,-0.1105781,0.9856632,0.0006231833,0.003573914,-0.02555456,17.2,1036.0,-0.175,-0.15849999999999997
6.0,-0.03582406,-0.09506236,1.000107,-0.2286731,-0.1267135,1.000134,-0.1322476,-0.1108879,1.00012,0.2485242,-0.01439585,-0.9685187,0.0,-0.01292672,0.9997512,-0.01817711,0.0,-0.9685395,-0.01703722,-0.2482762,0.0,-0.6822015,-1.732184,-1.21612,1.0,0.2485241,-0.01292672,-0.9685394,0.0,-0.01439585,0.9997513,-0.01703722,0.0,-0.9685187,-0.01817711,-0.2482763,0.0,-1.033227,1.700829,-0.9921842,1.0,0.9091694,0.9864268,-0.1276921,-0.1099983,0.9856953,0.0006225118,0.003571007,-0.02554719,17.21111,1037.0,-0.175,-0.15849999999999997
6.0,-0.03660697,-0.09540322,1.000125,-0.2287105,-0.126862,1.000121,-0.1326588,-0.1111326,1.000123,0.2485932,-0.01454042,-0.9684989,0.0,-0.01325315,0.9997426,-0.0184113,0.0,-0.9685174,-0.01741258,-0.2483366,0.0,-0.681521,-1.73275,-1.215966,1.0,0.2485932,-0.01325315,-0.9685172,0.0,-0.01454042,0.9997426,-0.01741258,0.0,-0.9684988,-0.0184113,-0.2483365,0.0,-1.033435,1.700884,-0.9922053,1.0,0.8907733,0.9715772,-0.1280754,-0.1102249,0.9856202,0.0006206054,0.003570954,-0.02554539,17.23333,1038.0,-0.175,-0.15849999999999997
6.0,-0.03740302,-0.09420922,1.00007,-0.2294161,-0.1267437,1.000085,-0.1334092,-0.1104763,1.000078,0.2487204,-0.01473523,-0.9684633,0.0,-0.01355016,0.9997335,-0.01869096,0.0,-0.9684806,-0.01777166,-0.2484545,0.0,-0.6808101,-1.733316,-1.215662,1.0,0.2487204,-0.01355016,-0.9684805,0.0,-0.01473523,0.9997334,-0.01777165,0.0,-0.9684632,-0.01869095,-0.2484544,0.0,-1.033533,1.700907,-0.9921917,1.0,0.8992755,0.9819348,-0.1287992,-0.1095967,0.9855959,0.0006201714,0.003570648,-0.02554171,17.24445,1039.0,-0.175,-0.15849999999999997
6.0,-0.03775153,-0.09172137,1.000303,-0.228287,-0.1267095,1.000285,-0.1330199,-0.1092157,1.000294,0.2487,-0.01497538,-0.9684649,0.0,-0.01357327,0.9997284,-0.0189444,0.0,-0.9684855,-0.01785671,-0.2484292,0.0,-0.6807083,-1.733601,-1.215686,1.0,0.2487,-0.01357327,-0.9684853,0.0,-0.01497537,0.9997284,-0.0178567,0.0,-0.9684647,-0.0189444,-0.2484291,0.0,-1.034018,1.70086,-0.9922243,1.0,0.8970482,0.9822112,-0.1284216,-0.108382,0.9857796,0.0006195372,0.003570015,-0.02553881,17.26667,1040.0,-0.175,-0.15849999999999997
6.0,-0.03847352,-0.0918258,1.000177,-0.2281659,-0.1271056,1.000207,-0.1333189,-0.1094655,1.000192,0.2488585,-0.01504966,-0.968423,0.0,-0.01347716,0.9997287,-0.01899942,0.0,-0.9684461,-0.01777976,-0.2485881,0.0,-0.6806749,-1.733606,-1.215882,1.0,0.2488584,-0.01347716,-0.9684461,0.0,-0.01504966,0.9997286,-0.01777975,0.0,-0.9684229,-0.01899942,-0.2485881,0.0,-1.034187,1.700861,-0.9922739,1.0,0.9001995,0.9787307,-0.1287125,-0.1086256,0.9857147,0.0006189877,0.003569947,-0.02553941,17.27778,1041.0,-0.175,-0.15849999999999997
6.0,-0.04003307,-0.09194083,1.000272,-0.2282281,-0.1285663,1.000251,-0.1341312,-0.1102537,1.000262,0.2486984,-0.01474274,-0.9684688,0.0,-0.01357501,0.9997329,-0.01870466,0.0,-0.9684859,-0.01779879,-0.2484318,0.0,-0.6806565,-1.733414,-1.216528,1.0,0.2486983,-0.01357501,-0.9684858,0.0,-0.01474274,0.9997329,-0.01779879,0.0,-0.9684687,-0.01870466,-0.2484318,0.0,-1.034446,1.700956,-0.9922829,1.0,0.894375,0.9710623,-0.1294606,-0.1093557,0.985536,0.0006189877,0.003569939,-0.02554034,17.28889,1042.0,-0.175,-0.15849999999999997
6.0,-0.0402174,-0.09198023,1.000186,-0.2280739,-0.1284052,1.000165,-0.1341462,-0.110193,1.000176,0.2486207,-0.01481818,-0.9684876,0.0,-0.01376954,0.9997278,-0.01883095,0.0,-0.9685031,-0.01801739,-0.248349,0.0,-0.6803963,-1.733695,-1.216451,1.0,0.2486207,-0.01376954,-0.9685029,0.0,-0.01481818,0.9997278,-0.01801739,0.0,-0.9684875,-0.01883095,-0.2483489,0.0,-1.034647,1.700948,-0.9923068,1.0,0.894375,0.9710623,-0.129486,-0.1093069,0.9855382,0.0006189877,0.003570557,-0.02554292,17.3,1043.0,-0.175,-0.15849999999999997
6.0,-0.04045677,-0.09487449,1.000181,-0.2279647,-0.1282855,1.000133,-0.1342122,-0.1115803,1.000157,0.2482373,-0.01490016,-0.9685847,0.0,-0.0141228,0.9997197,-0.01899864,0.0,-0.9685963,-0.0183953,-0.2479573,0.0,-0.6803585,-1.734203,-1.216174,1.0,0.2482373,-0.0141228,-0.9685962,0.0,-0.01490016,0.9997197,-0.0183953,0.0,-0.9685846,-0.01899864,-0.2479573,0.0,-1.034917,1.701002,-0.9924532,1.0,0.8910251,0.9810088,-0.129532,-0.1106243,0.9853851,0.0006195912,0.00357042,-0.02554673,17.33333,1044.0,-0.175,-0.15849999999999997
6.0,-0.04082918,-0.09081338,1.00022,-0.2276234,-0.1283629,1.000177,-0.1342276,-0.1095886,1.000198,0.2481005,-0.01531043,-0.9686134,0.0,-0.01413905,0.9997114,-0.01942356,0.0,-0.9686311,-0.01851426,-0.2478124,0.0,-0.6804613,-1.734703,-1.215601,1.0,0.2481005,-0.01413905,-0.9686311,0.0,-0.01531043,0.9997114,-0.01851426,0.0,-0.9686133,-0.01942356,-0.2478123,0.0,-1.035184,1.70097,-0.9924738,1.0,0.8910251,0.9810088,-0.1295676,-0.1087281,0.9855914,0.0006206585,0.003570709,-0.02556361,17.34444,1045.0,-0.175,-0.15849999999999997
6.0,-0.04093486,-0.090713,1.00016,-0.2273707,-0.12801,1.000114,-0.1341542,-0.1093619,1.000137,0.2478884,-0.01544045,-0.9686656,0.0,-0.0140934,0.9997097,-0.0195419,0.0,-0.9686861,-0.018496,-0.2475988,0.0,-0.6807831,-1.734828,-1.215421,1.0,0.2478884,-0.0140934,-0.9686862,0.0,-0.01544045,0.9997097,-0.018496,0.0,-0.9686655,-0.01954189,-0.2475988,0.0,-1.035365,1.700979,-0.9924895,1.0,0.8977982,0.9746759,-0.1295089,-0.108519,0.9856222,0.0006216057,0.003570183,-0.02556796,17.35556,1046.0,-0.175,-0.15849999999999997
6.0,-0.04013702,-0.09264765,1.000181,-0.2282465,-0.1280533,1.000165,-0.1341922,-0.1103505,1.000173,0.2477832,-0.01551631,-0.9686913,0.0,-0.01403229,0.9997094,-0.01960249,0.0,-0.9687139,-0.01845013,-0.2474934,0.0,-0.6810746,-1.734946,-1.215541,1.0,0.2477832,-0.01403229,-0.9687139,0.0,-0.0155163,0.9997094,-0.01845013,0.0,-0.9686912,-0.01960249,-0.2474934,0.0,-1.035645,1.701058,-0.9926149,1.0,0.9057072,0.9892045,-0.1295285,-0.1094532,0.9855164,0.0006237794,0.00357061,-0.02557256,17.37778,1047.0,-0.175,-0.15849999999999997
6.0,-0.04101145,-0.09032873,1.00018,-0.2298838,-0.1269657,1.000166,-0.1354481,-0.1086473,1.000173,0.2477239,-0.01554005,-0.9687061,0.0,-0.0141639,0.9997064,-0.01965945,0.0,-0.9687272,-0.01859077,-0.247431,0.0,-0.6809112,-1.735095,-1.215585,1.0,0.2477239,-0.0141639,-0.9687271,0.0,-0.01554005,0.9997064,-0.01859077,0.0,-0.968706,-0.01965945,-0.247431,0.0,-1.03583,1.701043,-0.9926473,1.0,0.8960375,0.9791796,-0.1307358,-0.1078209,0.9855368,0.0006240606,0.003574425,-0.02559176,17.38889,1048.0,-0.175,-0.15849999999999997
6.0,-0.04117608,-0.08984611,1.000101,-0.2311176,-0.1269061,1.000098,-0.136147,-0.1083761,1.000099,0.2477193,-0.01554898,-0.9687071,0.0,-0.01424724,0.9997046,-0.01968986,0.0,-0.9687272,-0.01867896,-0.2474247,0.0,-0.6807638,-1.735127,-1.215632,1.0,0.2477193,-0.01424724,-0.968727,0.0,-0.01554898,0.9997047,-0.01867896,0.0,-0.9687069,-0.01968986,-0.2474246,0.0,-1.035932,1.70098,-0.9926619,1.0,0.9094484,0.9788722,-0.1314093,-0.1075608,0.9854756,0.000626022,0.003574875,-0.02559964,17.4,1049.0,-0.175,-0.15849999999999997
6.0,-0.04171783,-0.09018516,1.000148,-0.2315178,-0.1259276,1.000139,-0.1366181,-0.1080566,1.000143,0.2475641,-0.01551141,-0.9687474,0.0,-0.01451521,0.9997002,-0.01971639,0.0,-0.9687629,-0.01894264,-0.2472647,0.0,-0.680499,-1.735403,-1.215807,1.0,0.247564,-0.01451521,-0.9687627,0.0,-0.01551141,0.9997002,-0.01894264,0.0,-0.9687474,-0.01971639,-0.2472647,0.0,-1.036261,1.701034,-0.9927413,1.0,0.90069,0.9883581,-0.1318554,-0.1072468,0.9854503,0.0006285626,0.003575051,-0.02560013,17.42222,1050.0,-0.175,-0.15849999999999997
6.0,-0.04404476,-0.09225164,1.000144,-0.2318577,-0.1258838,1.000121,-0.137952,-0.109068,1.000133,0.2474863,-0.01568983,-0.9687645,0.0,-0.01471423,0.9996927,-0.01994972,0.0,-0.9687797,-0.01919191,-0.2471794,0.0,-0.6802325,-1.735822,-1.215513,1.0,0.2474862,-0.01471423,-0.9687796,0.0,-0.01568983,0.9996927,-0.0191919,0.0,-0.9687642,-0.01994972,-0.2471793,0.0,-1.036432,1.701031,-0.9927587,1.0,0.9038956,0.9803135,-0.1331034,-0.1081895,0.9851794,0.0006302716,0.003574913,-0.02560013,17.43333,1051.0,-0.175,-0.15849999999999997
6.0,-0.04496709,-0.09272037,1.00014,-0.2332138,-0.1248069,1.000119,-0.139091,-0.1087639,1.00013,0.2474087,-0.01585476,-0.9687816,0.0,-0.01465516,0.9996905,-0.02010326,0.0,-0.9688004,-0.01917137,-0.2470998,0.0,-0.6803927,-1.735969,-1.21554,1.0,0.2474086,-0.01465516,-0.9688004,0.0,-0.01585476,0.9996905,-0.01917137,0.0,-0.9687814,-0.02010326,-0.2470997,0.0,-1.036781,1.701024,-0.9928053,1.0,0.8936629,0.9808137,-0.1341838,-0.1078845,0.9850663,0.0006317068,0.003574204,-0.02560053,17.45556,1052.0,-0.175,-0.15849999999999997
6.0,-0.04501605,-0.0925783,0.9999708,-0.2333314,-0.1247903,0.9999564,-0.1391741,-0.1086845,0.9999635,0.2473654,-0.01605367,-0.9687893,0.0,-0.01459184,0.9996876,-0.02029148,0.0,-0.9688125,-0.01915582,-0.2470539,0.0,-0.6805784,-1.736174,-1.215173,1.0,0.2473654,-0.01459183,-0.9688123,0.0,-0.01605367,0.9996876,-0.01915582,0.0,-0.9687892,-0.02029148,-0.2470539,0.0,-1.036767,1.701043,-0.9928237,1.0,0.9059221,0.9810364,-0.134285,-0.1078244,0.9850591,0.0006325459,0.003573372,-0.02560073,17.46667,1053.0,-0.175,-0.15849999999999997
6.0,-0.05112588,-0.09451254,1.000311,-0.2342426,-0.1246249,1.000297,-0.1426846,-0.1095689,1.000304,0.2471604,-0.01610062,-0.9688409,0.0,-0.01484611,0.9996817,-0.02040053,0.0,-0.9688609,-0.01942572,-0.2468427,0.0,-0.6802791,-1.736442,-1.215309,1.0,0.2471604,-0.01484611,-0.9688608,0.0,-0.01610062,0.9996817,-0.01942572,0.0,-0.9688407,-0.02040053,-0.2468427,0.0,-1.037261,1.700997,-0.9928176,1.0,0.9069722,0.9693443,-0.1375666,-0.1085398,0.9845276,0.0006181635,0.003496674,-0.02527609,17.48889,1054.0,-0.175,-0.15849999999999997
6.0,-0.05181998,-0.09462354,1.000252,-0.2343295,-0.1251625,1.000251,-0.1430748,-0.1098932,1.000252,0.2471637,-0.01618654,-0.9688386,0.0,-0.01471609,0.9996824,-0.02045613,0.0,-0.9688621,-0.01931352,-0.246847,0.0,-0.6804792,-1.736521,-1.215473,1.0,0.2471637,-0.01471609,-0.9688619,0.0,-0.01618654,0.9996824,-0.01931352,0.0,-0.9688385,-0.02045612,-0.246847,0.0,-1.037516,1.701091,-0.9928646,1.0,0.8982356,0.9730701,-0.1379364,-0.1088458,0.9844421,0.0006183237,0.003495377,-0.0252754,17.5,1055.0,-0.175,-0.15849999999999997
6.0,-0.05239704,-0.09456933,1.000131,-0.2339804,-0.1262668,1.000123,-0.1431888,-0.1104181,1.000127,0.2471497,-0.01639809,-0.9688386,0.0,-0.0146052,0.9996802,-0.02064587,0.0,-0.9688674,-0.01925271,-0.2468312,0.0,-0.6806543,-1.736662,-1.215284,1.0,0.2471497,-0.0146052,-0.9688671,0.0,-0.01639809,0.9996802,-0.0192527,0.0,-0.9688385,-0.02064587,-0.2468311,0.0,-1.037668,1.701075,-0.9928689,1.0,0.8966973,0.9809047,-0.1380537,-0.1093546,0.9843693,0.0006192774,0.003494675,-0.02527517,17.51111,1056.0,-0.175,-0.15849999999999997
6.0,-0.05320793,-0.09437319,1.000165,-0.2339294,-0.1265647,1.000176,-0.1435685,-0.110469,1.00017,0.2471842,-0.01662481,-0.9688259,0.0,-0.01452913,0.9996768,-0.02086114,0.0,-0.9688597,-0.01923274,-0.2468627,0.0,-0.6806753,-1.736875,-1.215314,1.0,0.2471841,-0.01452913,-0.9688596,0.0,-0.01662482,0.9996768,-0.01923274,0.0,-0.9688259,-0.02086114,-0.2468627,0.0,-1.03805,1.701071,-0.9928992,1.0,0.9081451,0.9781239,-0.1384046,-0.1093923,0.9843158,0.0006196667,0.003494072,-0.02527579,17.53333,1057.0,-0.175,-0.15849999999999997
6.0,-0.05311906,-0.0955794,1.000131,-0.2335715,-0.1267453,1.000107,-0.143346,-0.1111626,1.000119,0.2470906,-0.01686025,-0.9688458,0.0,-0.01451796,0.999672,-0.0210993,0.0,-0.9688837,-0.0192791,-0.2467648,0.0,-0.6808187,-1.737156,-1.214991,1.0,0.2470906,-0.01451796,-0.9688835,0.0,-0.01686024,0.9996719,-0.0192791,0.0,-0.9688455,-0.0210993,-0.2467648,0.0,-1.038204,1.701066,-0.9929418,1.0,0.9035676,0.9832797,-0.1381923,-0.1100582,0.9842713,0.0006198958,0.003494072,-0.02527579,17.54445,1058.0,-0.175,-0.15849999999999997
6.0,-0.05317199,-0.09514198,1.000044,-0.2332285,-0.1269263,1.000046,-0.1432001,-0.1110342,1.000045,0.2472243,-0.01706656,-0.968808,0.0,-0.01444076,0.999669,-0.02129526,0.0,-0.9688507,-0.01925503,-0.246896,0.0,-0.6806837,-1.737349,-1.214951,1.0,0.2472243,-0.01444076,-0.9688506,0.0,-0.01706656,0.9996689,-0.01925503,0.0,-0.968808,-0.02129526,-0.246896,0.0,-1.038423,1.701072,-0.9929001,1.0,0.9031832,0.9917845,-0.1380666,-0.1099455,0.9843016,0.0006203381,0.003492966,-0.02527761,17.56667,1059.0,-0.175,-0.15849999999999997
6.0,-0.05212072,-0.09595304,1.000124,-0.2334393,-0.1288191,1.000108,-0.1427804,-0.1123862,1.000116,0.2471531,-0.01719616,-0.9688239,0.0,-0.01429078,0.9996691,-0.02138932,0.0,-0.9688711,-0.01913168,-0.2468255,0.0,-0.6809816,-1.737376,-1.214874,1.0,0.2471531,-0.01429078,-0.9688711,0.0,-0.01719616,0.999669,-0.01913168,0.0,-0.9688238,-0.02138932,-0.2468256,0.0,-1.038568,1.701084,-0.9928844,1.0,0.9084646,0.982722,-0.1376424,-0.1112254,0.9842172,0.0006206594,0.003492806,-0.02527945,17.57778,1060.0,-0.175,-0.15849999999999997
2.0,0.02586243,-0.1677812,0.9996551,-0.1651441,-0.1853638,0.9996125,-0.06964222,-0.1765727,0.9996339,0.2359673,0.008439982,-0.9717245,0.0,-0.02315284,0.9997272,0.003060914,0.0,-0.9714852,-0.02177591,-0.2360983,0.0,-0.6855715,-1.711245,-1.245926,1.0,0.2359672,-0.02315285,-0.9714851,0.0,0.008439979,0.9997273,-0.02177591,0.0,-0.9717243,0.003060916,-0.2360983,0.0,-1.034481,1.69872,-0.9974473,1.0,0.8931404,0.9182813,-0.06687839,-0.1723607,0.982761,0.0001252126,0.003232819,-0.02557862,20.62222,1248.0,-0.0875,-0.246
2.0,0.02646518,-0.1661901,0.999887,-0.1656266,-0.1852532,0.9999362,-0.0695793,-0.1757215,0.9999116,0.2361714,0.008895197,-0.9716707,0.0,-0.02314309,0.9997259,0.003526937,0.0,-0.9714358,-0.0216545,-0.2363125,0.0,-0.685365,-1.71056,-1.24669,1.0,0.2361714,-0.02314309,-0.9714357,0.0,0.008895195,0.9997259,-0.0216545,0.0,-0.9716707,0.003526939,-0.2363125,0.0,-1.034292,1.698627,-0.9974377,1.0,0.8954992,0.9288084,-0.06680891,-0.1715241,0.982912,0.0001239311,0.003232567,-0.02557864,20.63333,1249.0,-0.0875,-0.246
2.0,0.02589528,-0.1656953,0.9998443,-0.1649692,-0.1854713,0.9998627,-0.06953636,-0.1755831,0.9998535,0.2362197,0.009332348,-0.971655,0.0,-0.02312379,0.9997247,0.003980304,0.0,-0.9714246,-0.02152811,-0.2363704,0.0,-0.6853644,-1.709933,-1.247271,1.0,0.2362196,-0.02312378,-0.9714244,0.0,0.009332342,0.9997246,-0.02152811,0.0,-0.9716548,0.003980306,-0.2363704,0.0,-1.034063,1.698579,-0.9974093,1.0,0.8857376,0.9282459,-0.06677315,-0.171405,0.9829352,0.0001236573,0.003232475,-0.02557864,20.64445,1250.0,-0.0875,-0.246
2.0,0.02595955,-0.1656074,0.999806,-0.1643152,-0.1859024,0.9998597,-0.0691762,-0.1757547,0.9998329,0.236499,0.01023662,-0.9715779,0.0,-0.02287002,0.9997261,0.004966227,0.0,-0.9713627,-0.02104549,-0.2366683,0.0,-0.6853564,-1.708527,-1.248615,1.0,0.2364989,-0.02287002,-0.9713625,0.0,0.01023661,0.9997261,-0.02104549,0.0,-0.9715777,0.004966228,-0.2366682,0.0,-1.03355,1.698586,-0.9971937,1.0,0.8813981,0.924279,-0.06642704,-0.1715724,0.9829295,0.0001216661,0.003232498,-0.02557769,20.66667,1251.0,-0.0875,-0.246
2.0,0.0260717,-0.1655881,0.9996856,-0.1644326,-0.1860927,0.9997156,-0.06917956,-0.1758403,0.9997007,0.2365877,0.01083136,-0.9715498,0.0,-0.02283704,0.9997236,0.005584279,0.0,-0.9713418,-0.02086615,-0.2367697,0.0,-0.6853737,-1.707673,-1.249321,1.0,0.2365877,-0.02283704,-0.9713416,0.0,0.01083136,0.9997236,-0.02086614,0.0,-0.9715497,0.00558428,-0.2367696,0.0,-1.03313,1.698525,-0.9971659,1.0,0.8851423,0.9076697,-0.06643718,-0.1716735,0.9829112,0.0001211632,0.003232689,-0.02557622,20.67778,1252.0,-0.0875,-0.246
2.0,0.02526428,-0.1658403,0.9997382,-0.1636823,-0.185928,0.9997258,-0.06920937,-0.1758844,0.9997321,0.2366503,0.01118338,-0.9715306,0.0,-0.02290505,0.99972,0.005928544,0.0,-0.971325,-0.02084996,-0.2368402,0.0,-0.6852469,-1.707208,-1.249433,1.0,0.2366503,-0.02290505,-0.9713247,0.0,0.01118338,0.99972,-0.02084996,0.0,-0.9715304,0.005928545,-0.2368402,0.0,-1.032606,1.698442,-0.9971085,1.0,0.8947373,0.9188261,-0.0664636,-0.1717106,0.9829029,0.0001214445,0.003233749,-0.02557366,20.7,1253.0,-0.0875,-0.246
2.0,0.02604049,-0.1663236,0.9998277,-0.1623031,-0.1861354,0.9998702,-0.06812999,-0.1762292,0.999849,0.2368568,0.01132319,-0.9714787,0.0,-0.02300413,0.9997171,0.00604368,0.0,-0.9712723,-0.02091653,-0.2370502,0.0,-0.6848595,-1.707153,-1.249597,1.0,0.2368567,-0.02300412,-0.971272,0.0,0.01132319,0.999717,-0.02091653,0.0,-0.9714785,0.006043681,-0.2370502,0.0,-1.032413,1.698467,-0.9971097,1.0,0.9079669,0.942244,-0.06542255,-0.1720258,0.9829175,0.0001215432,0.003234589,-0.0255695,20.71111,1254.0,-0.0875,-0.246
2.0,0.02619977,-0.166073,0.9998806,-0.162626,-0.1866375,0.9998668,-0.06821331,-0.1763553,0.9998736,0.2367721,0.01146789,-0.9714977,0.0,-0.02313213,0.9997134,0.006163231,0.0,-0.9712899,-0.02101352,-0.2369695,0.0,-0.6847474,-1.706952,-1.249598,1.0,0.236772,-0.02313212,-0.9712898,0.0,0.01146789,0.9997134,-0.02101352,0.0,-0.9714975,0.006163232,-0.2369694,0.0,-1.032277,1.698325,-0.9970737,1.0,0.899745,0.9272423,-0.06549883,-0.1721394,0.9828926,0.0001208503,0.003235802,-0.02556815,20.72222,1255.0,-0.0875,-0.246
2.0,0.02555303,-0.1661133,0.999729,-0.1616801,-0.1868347,0.9998062,-0.06806129,-0.1764736,0.9997677,0.2371014,0.01214548,-0.971409,0.0,-0.02333451,0.9997045,0.006803777,0.0,-0.9712047,-0.02105416,-0.2373148,0.0,-0.6840919,-1.706286,-1.250568,1.0,0.2371014,-0.0233345,-0.9712046,0.0,0.01214548,0.9997045,-0.02105416,0.0,-0.971409,0.006803778,-0.2373148,0.0,-1.03189,1.698328,-0.9970959,1.0,0.899745,0.9272423,-0.06535865,-0.1722692,0.9828792,0.0001205765,0.003236649,-0.02556683,20.74445,1256.0,-0.0875,-0.246
2.0,0.02555248,-0.1670875,0.9997513,-0.1619236,-0.1877709,0.9997396,-0.06818604,-0.1774292,0.9997455,0.2370052,0.01249944,-0.9714281,0.0,-0.0235861,0.9996966,0.007108734,0.0,-0.9712221,-0.02122739,-0.2372281,0.0,-0.6838117,-1.706047,-1.250717,1.0,0.2370051,-0.02358609,-0.9712219,0.0,0.01249944,0.9996964,-0.02122739,0.0,-0.9714279,0.007108732,-0.2372281,0.0,-1.03159,1.698291,-0.997053,1.0,0.901875,0.9308292,-0.0654685,-0.1731643,0.9827146,0.0001201257,0.003240586,-0.02556327,20.75556,1257.0,-0.0875,-0.246
2.0,0.02604285,-0.1671344,0.9999421,-0.1612059,-0.1872768,0.9999552,-0.06758097,-0.1772053,0.9999487,0.2372761,0.01302633,-0.9713549,0.0,-0.02360853,0.9996921,0.007639405,0.0,-0.9711553,-0.02111962,-0.2375106,0.0,-0.6833035,-1.705269,-1.251499,1.0,0.2372762,-0.02360853,-0.9711553,0.0,0.01302633,0.9996921,-0.02111961,0.0,-0.971355,0.007639406,-0.2375106,0.0,-1.031305,1.698173,-0.9968527,1.0,0.8903177,0.9218429,-0.06488058,-0.1729305,0.9827948,0.0001195148,0.003241135,-0.02556174,20.77778,1258.0,-0.0875,-0.246
2.0,0.02588598,-0.1670339,0.9998164,-0.1611162,-0.1852645,0.9998391,-0.06761444,-0.1761491,0.9998277,0.237377,0.01319576,-0.971328,0.0,-0.02354537,0.9996921,0.007826977,0.0,-0.9711322,-0.02101234,-0.2376147,0.0,-0.6833228,-1.704965,-1.251681,1.0,0.237377,-0.02354537,-0.9711321,0.0,0.01319576,0.9996921,-0.02101233,0.0,-0.9713279,0.007826978,-0.2376146,0.0,-1.031089,1.698148,-0.9968398,1.0,0.8966444,0.9262489,-0.06493074,-0.1719678,0.9829603,0.0001190417,0.003241325,-0.0255607,20.78889,1259.0,-0.0875,-0.246
2.0,0.02536397,-0.1670388,0.9996538,-0.1615661,-0.1852534,0.9996352,-0.06810158,-0.176146,0.9996445,0.237481,0.01338613,-0.9713,0.0,-0.02335734,0.9996946,0.008066627,0.0,-0.9711114,-0.02077131,-0.2377211,0.0,-0.6836386,-1.704529,-1.251577,1.0,0.237481,-0.02335734,-0.9711112,0.0,0.01338612,0.9996946,-0.02077131,0.0,-0.9712999,0.00806663,-0.2377211,0.0,-1.030488,1.698136,-0.9968205,1.0,0.8827918,0.9210496,-0.06540599,-0.1719901,0.9829249,0.0001177993,0.003242104,-0.02556001,20.81111,1260.0,-0.0875,-0.246
2.0,0.02542622,-0.1670522,0.9998336,-0.1617216,-0.185355,0.9998286,-0.06814784,-0.1762035,0.9998312,0.2374287,0.01365143,-0.9713091,0.0,-0.02336574,0.9996922,0.008338775,0.0,-0.971124,-0.02071549,-0.2376747,0.0,-0.6837692,-1.70417,-1.251789,1.0,0.2374287,-0.02336574,-0.9711238,0.0,0.01365143,0.9996921,-0.02071549,0.0,-0.9713089,0.008338777,-0.2376746,0.0,-1.030263,1.698108,-0.9968455,1.0,0.9025894,0.9180695,-0.06543768,-0.1720136,0.9829187,0.000117356,0.003242485,-0.02555875,20.82222,1261.0,-0.0875,-0.246
2.0,0.02678972,-0.16715,0.9998353,-0.1614415,-0.1856663,0.9998406,-0.0673258,-0.1764082,0.999838,0.2374326,0.01411794,-0.9713015,0.0,-0.02346422,0.999686,0.008794736,0.0,-0.9711207,-0.02070267,-0.2376893,0.0,-0.6837444,-1.703557,-1.25205,1.0,0.2374326,-0.02346422,-0.9711205,0.0,0.01411794,0.9996859,-0.02070267,0.0,-0.9713014,0.008794736,-0.2376893,0.0,-1.029724,1.69799,-0.9968652,1.0,0.9147753,0.9419444,-0.06464893,-0.1722124,0.9829361,0.0001156926,0.003242783,-0.02555747,20.84444,1262.0,-0.0875,-0.246
