flag,xl,yl,zl,xr,yr,zr,xc,yc,zc,mat_00,mat_10,mat_20,mat_30,mat_01,mat_11,mat_21,mat_31,mat_02,mat_12,mat_22,mat_32,mat_03,mat_13,mat_23,mat_33,ctw_00,ctw_10,ctw_20,ctw_30,ctw_01,ctw_11,ctw_21,ctw_31,ctw_02,ctw_12,ctw_22,ctw_32,ctw_03,ctw_13,ctw_23,ctw_33,opennessl,opennessr,ray_x,ray_y,ray_z,eye_x,eye_y,eye_z,time,frame
6,-0.09922592,-0.077216,1.000031,-0.2272274,-0.1343251,1.000026,-0.1632269,-0.1057706,1.000028,-0.04069448,-0.234997,0.9711438,0,0.003326461,0.9719117,0.2353222,0,0.9991661,-0.01280679,0.03876972,0,0.9837412,-1.671,-0.2690981,1,-0.04069448,0.003326467,0.9991661,0,-0.234997,0.9719118,-0.01280679,0,0.9711439,0.2353222,0.03876973,0,-0.0913142,1.684117,-0.9938881,1,1.0,1.0,-0.1578482,-0.09972029,0.9824153,0.002145141,-0.001297295,-0.02921168,8.5,509
6,-0.09944668,-0.07773868,0.9999391,-0.2273995,-0.1348039,0.9998993,-0.1634237,-0.106272,0.9999192,-0.0404439,-0.2348194,0.9711974,0,0.003257886,0.9719564,0.2351387,0,0.9991766,-0.01267397,0.03854477,0,0.9837728,-1.67093,-0.268984,1,-0.04044397,0.00325786,0.9991763,0,-0.2348194,0.9719564,-0.01267397,0,0.9711972,0.2351386,0.03854468,0,-0.09134259,1.684114,-0.9937719,1,1.0,1.0,-0.1580399,-0.1002018,0.9823354,0.002144746,-0.001296738,-0.02921196,8.511111,510
6,-0.09969306,-0.07729709,0.999989,-0.2272298,-0.1342834,0.9999522,-0.1634621,-0.1057909,0.9999706,-0.03981209,-0.2348685,0.9712116,0,0.003294311,0.971946,0.2351812,0,0.9992018,-0.0125625,0.03792143,0,0.9836563,-1.670827,-0.2697129,1,-0.03981204,0.003294295,0.9992017,0,-0.2348685,0.971946,-0.01256252,0,0.9712114,0.2351811,0.03792146,0,-0.09131498,1.684144,-0.993633,1,1.0,1.0,-0.1580745,-0.09974168,0.9823768,0.002144935,-0.00129628,-0.02922083,8.533334,511
6,-0.1055909,-0.07744614,0.9999985,-0.2277518,-0.1347755,0.9999872,-0.1666714,-0.106111,0.999993,-0.03961504,-0.2350551,0.9711745,0,0.003245935,0.971902,0.2353636,0,0.9992098,-0.01247629,0.03773892,0,0.9836698,-1.670698,-0.2702076,1,-0.03961499,0.003245926,0.9992098,0,-0.2350551,0.971902,-0.01247631,0,0.9711743,0.2353636,0.03773895,0,-0.09131917,1.684158,-0.9935393,1,1.0,1.0,-0.1610491,-0.09999538,0.9818677,0.002145463,-0.00129245,-0.02923203,8.544445,512
6,-0.1060424,-0.07651387,0.9999235,-0.2280268,-0.1345765,0.9998828,-0.1670353,-0.1055457,0.9999033,-0.03922009,-0.234496,0.9713256,0,0.003181107,0.9720393,0.2347967,0,0.9992256,-0.01229863,0.03737748,0,0.9835528,-1.670771,-0.2695289,1,-0.03922005,0.003181105,0.9992255,0,-0.234496,0.9720392,-0.01229864,0,0.9713256,0.2347967,0.03737751,0,-0.09141371,1.684211,-0.993265,1,1.0,1.0,-0.1614081,-0.09946314,0.9818628,0.002146531,-0.001292442,-0.02924934,8.566667,513
6,-0.10652,-0.0762433,0.9998578,-0.22967,-0.1320866,0.9998122,-0.1680955,-0.1041655,0.999835,-0.0389905,-0.234152,0.9714179,0,0.003114723,0.9721239,0.2344472,0,0.9992348,-0.01216688,0.03717422,0,0.9835355,-1.670799,-0.2690408,1,-0.03899044,0.003114707,0.9992346,0,-0.2341519,0.9721238,-0.01216691,0,0.9714178,0.2344471,0.03717427,0,-0.09152139,1.684236,-0.9931098,1,1.0,1.0,-0.1624232,-0.09814242,0.9818283,0.002147758,-0.001297653,-0.0292649,8.577778,514
6,-0.105397,-0.07434542,0.9998516,-0.2323847,-0.133114,0.999814,-0.1688915,-0.1037301,0.9998329,-0.03895605,-0.2337048,0.9715269,0,0.003341913,0.972229,0.2340077,0,0.9992353,-0.01236276,0.03709328,0,0.9830146,-1.671185,-0.2682651,1,-0.03895615,0.003341881,0.9992354,0,-0.2337048,0.9722291,-0.01236277,0,0.9715269,0.2340077,0.03709318,0,-0.09164269,1.684266,-0.9929726,1,1.0,1.0,-0.1631691,-0.09771775,0.9817469,0.002150886,-0.001297653,-0.02928465,8.588889,515
6,-0.1047833,-0.07591393,0.9999092,-0.2331147,-0.1327215,0.9999115,-0.1689491,-0.1043177,0.9999103,-0.03882658,-0.2341009,0.9714368,0,0.003461115,0.9721324,0.2344069,0,0.9992401,-0.01246345,0.03693426,0,0.9825354,-1.671138,-0.2688246,1,-0.0388265,0.00346111,0.9992398,0,-0.234101,0.9721325,-0.01246347,0,0.9714367,0.2344069,0.03693432,0,-0.09192055,1.684181,-0.9926878,1,1.0,1.0,-0.1632041,-0.09826308,0.9816867,0.002153343,-0.001299248,-0.0292886,8.611112,516
6,-0.1047811,-0.07572734,0.9999579,-0.2349851,-0.1327114,0.9999799,-0.1698826,-0.1042192,0.9999689,-0.0388459,-0.2344211,0.9713587,0,0.003431521,0.9720554,0.2347265,0,0.9992394,-0.01245139,0.03695595,0,0.9824631,-1.67098,-0.2692786,1,-0.03884591,0.003431507,0.9992393,0,-0.2344212,0.9720554,-0.0124514,0,0.9713588,0.2347265,0.03695594,0,-0.09198242,1.684121,-0.9925704,1,1.0,1.0,-0.164067,-0.09814856,0.9815543,0.00215812,-0.001300385,-0.02929009,8.622223,517
6,-0.1041744,-0.07610534,0.9999313,-0.2347486,-0.1329323,0.9999576,-0.1694611,-0.1045185,0.9999444,-0.03851914,-0.2356371,0.9710776,0,0.003195845,0.9717646,0.2359306,0,0.9992528,-0.01219125,0.03667843,0,0.9825501,-1.670382,-0.2712644,1,-0.03851908,0.003195849,0.9992526,0,-0.2356371,0.9717646,-0.01219126,0,0.9710773,0.2359306,0.03667847,0,-0.09233832,1.684078,-0.9922303,1,1.0,1.0,-0.16368,-0.09843918,0.9815898,0.002163422,-0.001301704,-0.02929097,8.644444,518
6,-0.1041912,-0.07506113,0.9997828,-0.2345556,-0.1353603,0.9997838,-0.1693734,-0.1052107,0.9997832,-0.03842449,-0.2357266,0.9710594,0,0.0029369,0.9717463,0.2360096,0,0.9992572,-0.01192046,0.03664649,0,0.9829059,-1.670128,-0.2712106,1,-0.03842442,0.002936923,0.9992571,0,-0.2357266,0.9717463,-0.01192045,0,0.9710595,0.2360096,0.03664655,0,-0.0925643,1.684062,-0.9921455,1,1.0,1.0,-0.1636142,-0.09910539,0.9815338,0.002165504,-0.001305138,-0.02929102,8.655556,519
6,-0.1042007,-0.07337607,0.9998868,-0.2342016,-0.1348381,0.9998578,-0.1692017,-0.1041073,0.9998722,-0.03818703,-0.2358365,0.9710423,0,0.003133543,0.9717179,0.2361239,0,0.9992658,-0.01205966,0.03636801,0,0.9823506,-1.670332,-0.271482,1,-0.03818702,0.003133532,0.9992656,0,-0.2358365,0.971718,-0.01205967,0,0.971042,0.2361239,0.03636801,0,-0.09279177,1.684117,-0.9918996,1,1.0,1.0,-0.1634605,-0.09805485,0.9816649,0.002167762,-0.001308632,-0.02929137,8.677778,520
6,-0.1064327,-0.07274131,0.9998139,-0.2357109,-0.1347049,0.9997975,-0.171072,-0.1037234,0.9998057,-0.03807712,-0.2358046,0.9710543,0,0.003149763,0.9717258,0.2360912,0,0.99927,-0.01204825,0.03625786,0,0.9821588,-1.67034,-0.2713628,1,-0.03807718,0.003149737,0.9992698,0,-0.2358046,0.9717258,-0.01204826,0,0.9710541,0.2360911,0.03625778,0,-0.09296804,1.684085,-0.9917272,1,1.0,1.0,-0.1652145,-0.09766681,0.9814098,0.002170342,-0.001310913,-0.0292913,8.68889,521
6,-0.1067665,-0.07158118,0.9998863,-0.2361624,-0.1346128,0.9998796,-0.1714646,-0.1030971,0.9998829,-0.03806901,-0.2356717,0.9710869,0,0.00304433,0.9717594,0.2359543,0,0.9992706,-0.01193884,0.03627646,0,0.9822077,-1.670306,-0.2710051,1,-0.038069,0.003044316,0.9992704,0,-0.2356717,0.9717594,-0.01193885,0,0.9710867,0.2359542,0.03627645,0,-0.09308264,1.68409,-0.9916015,1,1.0,1.0,-0.1655782,-0.0970621,0.9814086,0.002171966,-0.001311104,-0.02928941,8.7,522
6,-0.09562908,-0.07896363,0.9998497,-0.2207412,-0.1336834,0.9998198,-0.1581858,-0.1063239,0.9998347,-0.03825355,-0.2351128,0.971215,0,0.003083184,0.971894,0.2353987,0,0.9992633,-0.01199927,0.03645349,0,0.9818622,-1.670642,-0.2697246,1,-0.03825354,0.00308319,0.9992633,0,-0.2351129,0.971894,-0.01199927,0,0.9712151,0.2353986,0.0364535,0,-0.09326906,1.684152,-0.991353,1,1.0,1.0,-0.1531357,-0.100345,0.9830974,0.00212185,-0.001279427,-0.02930422,8.722222,523
6,-0.09605713,-0.08282652,0.9999101,-0.2227531,-0.1360663,0.999911,-0.1594053,-0.1094465,0.9999106,-0.0383811,-0.2347536,0.9712969,0,0.002910882,0.9719827,0.2350343,0,0.999259,-0.0118482,0.03662252,0,0.9818582,-1.670638,-0.2688612,1,-0.03838119,0.002910855,0.9992588,0,-0.2347536,0.9719827,-0.01184821,0,0.9712968,0.2350343,0.03662242,0,-0.09335947,1.684165,-0.9910782,1,1.0,1.0,-0.1542363,-0.1032523,0.9826242,0.002097993,-0.00132962,-0.02901047,8.733334,524
6,-0.0914124,-0.07946842,0.9997843,-0.2281911,-0.1344155,0.9998144,-0.1598013,-0.1069416,0.9997994,-0.03897107,-0.2341688,0.9714146,0,0.003154211,0.9721194,0.2344653,0,0.9992354,-0.01220139,0.03714597,0,0.9810765,-1.671226,-0.2670343,1,-0.03897111,0.00315418,0.9992353,0,-0.2341688,0.9721193,-0.01220141,0,0.9714144,0.2344652,0.03714591,0,-0.09371435,1.684147,-0.9907982,1,1.0,1.0,-0.1546561,-0.1008999,0.9828025,0.002109849,-0.001308449,-0.02910561,8.755556,525
6,-0.09038185,-0.07435837,0.9998701,-0.2239523,-0.1348469,0.9998784,-0.157167,-0.1046025,0.9998742,-0.03912437,-0.2340703,0.9714322,0,0.003348529,0.9721403,0.2343758,0,0.9992288,-0.01242267,0.03725064,0,0.9805203,-1.671528,-0.2666457,1,-0.03912441,0.003348517,0.9992287,0,-0.2340702,0.9721403,-0.01242267,0,0.971432,0.2343757,0.03725059,0,-0.09386435,1.684171,-0.9905962,1,1.0,1.0,-0.1522137,-0.09872787,0.9834041,0.002117814,-0.001288406,-0.0292114,8.766666,526
6,-0.0909254,-0.07442056,0.999967,-0.2245888,-0.1359444,1.000012,-0.1577563,-0.1051819,0.9999895,-0.03941917,-0.2341625,0.9713981,0,0.003326647,0.9721174,0.2344709,0,0.9992174,-0.01247413,0.03754115,0,0.9803891,-1.671636,-0.2664543,1,-0.03941922,0.00332662,0.999217,0,-0.2341625,0.9721174,-0.01247414,0,0.9713979,0.2344709,0.03754108,0,-0.09395512,1.684241,-0.9904706,1,1.0,1.0,-0.1527375,-0.09925304,0.98327,0.002117028,-0.001291939,-0.02921864,8.777778,527
6,-0.09116459,-0.07446913,0.999938,-0.2226259,-0.1371643,0.999943,-0.1568952,-0.1058167,0.9999405,-0.03943133,-0.2340884,0.9714154,0,0.00316029,0.9721373,0.2343907,0,0.9992174,-0.01231229,0.03759289,0,0.980341,-1.671486,-0.2661476,1,-0.03943133,0.00316029,0.9992172,0,-0.2340884,0.9721374,-0.01231229,0,0.9714153,0.2343907,0.03759288,0,-0.09407954,1.684198,-0.9901481,1,1.0,1.0,-0.1519312,-0.09987037,0.9833325,0.002116676,-0.001292107,-0.02922189,8.8,528
6,-0.09144861,-0.07497108,0.9999878,-0.2207421,-0.1361586,0.9999601,-0.156096,-0.1055653,0.999974,-0.03928256,-0.2339081,0.9714649,0,0.003075697,0.9721823,0.2342053,0,0.9992235,-0.01218808,0.03747034,0,0.980306,-1.671472,-0.2659654,1,-0.03928251,0.003075678,0.9992234,0,-0.2339081,0.9721823,-0.01218811,0,0.9714647,0.2342053,0.03747037,0,-0.09408601,1.684251,-0.9899509,1,1.0,1.0,-0.1511834,-0.09964027,0.9834712,0.002116303,-0.001292267,-0.02922104,8.811111,529
6,-0.09142265,-0.07464653,0.9999137,-0.2247052,-0.1333173,0.9998776,-0.1580644,-0.1039824,0.9998956,-0.03883529,-0.2334684,0.9715886,0,0.002810948,0.9722927,0.23375,0,0.9992417,-0.0118088,0.03710294,0,0.9804518,-1.671322,-0.2653918,1,-0.03883521,0.002810928,0.9992416,0,-0.2334684,0.9722928,-0.01180883,0,0.9715885,0.23375,0.03710299,0,-0.09427322,1.684293,-0.9895978,1,1.0,1.0,-0.153053,-0.09811435,0.9833354,0.002114655,-0.00129953,-0.02922513,8.833334,530
6,-0.09141937,-0.07483378,0.9998665,-0.2226558,-0.133558,0.9998302,-0.1570381,-0.1041963,0.9998484,-0.03869379,-0.2332453,0.9716478,0,0.002972998,0.9723448,0.233531,0,0.9992467,-0.01192489,0.03693032,0,0.9800197,-1.671567,-0.2650874,1,-0.03869384,0.002972965,0.9992468,0,-0.2332453,0.9723448,-0.01192491,0,0.9716477,0.233531,0.03693027,0,-0.0943928,1.684332,-0.9894251,1,1.0,1.0,-0.1520984,-0.09833653,0.9834613,0.002114517,-0.001299034,-0.02922513,8.844444,531
6,-0.09248096,-0.0747294,0.9998628,-0.222188,-0.1346899,0.9998395,-0.157335,-0.1047097,0.9998512,-0.03863239,-0.2328601,0.9717427,0,0.003104351,0.972436,0.2331496,0,0.9992487,-0.01202377,0.03684473,0,0.9795595,-1.671864,-0.2643383,1,-0.03863247,0.003104344,0.9992487,0,-0.2328601,0.972436,-0.01202376,0,0.9717425,0.2331496,0.03684464,0,-0.09459869,1.68437,-0.9891862,1,1.0,1.0,-0.152366,-0.09881858,0.9833714,0.00211254,-0.001298798,-0.02922663,8.866667,532
6,-0.09332596,-0.0753083,0.9999911,-0.2237933,-0.1349911,0.9999726,-0.1585598,-0.1051499,0.9999818,-0.03851795,-0.2328199,0.9717569,0,0.003157079,0.9724452,0.23311,0,0.999253,-0.01204678,0.03672147,0,0.9793686,-1.671914,-0.2643978,1,-0.03851784,0.003157056,0.9992529,0,-0.2328199,0.9724452,-0.01204683,0,0.9717567,0.23311,0.03672156,0,-0.09460127,1.684386,-0.989069,1,1.0,1.0,-0.1534793,-0.09920267,0.9831597,0.002108978,-0.001300171,-0.02923216,8.877778,533
6,-0.09325443,-0.07769968,0.9998814,-0.2250487,-0.1346695,0.999874,-0.1591516,-0.1061847,0.9998778,-0.03856552,-0.2325759,0.9718134,0,0.003132999,0.9725039,0.2328655,0,0.9992512,-0.01202527,0.03677642,0,0.9792343,-1.672002,-0.2638222,1,-0.03856549,0.003133013,0.9992512,0,-0.2325759,0.972504,-0.01202527,0,0.9718133,0.2328655,0.03677645,0,-0.09471681,1.684396,-0.9889048,1,1.0,1.0,-0.1540312,-0.1001796,0.9829742,0.002109338,-0.001302879,-0.02923565,8.888889,534
6,-0.09357429,-0.0780337,0.9998302,-0.2265387,-0.1343786,0.9998604,-0.1600559,-0.1062057,0.9998453,-0.0387938,-0.2324516,0.9718339,0,0.003087632,0.9725336,0.2327422,0,0.9992424,-0.01202963,0.03701055,0,0.9790213,-1.672101,-0.2631033,1,-0.03879381,0.003087637,0.9992425,0,-0.2324516,0.9725336,-0.01202962,0,0.9718341,0.2327422,0.03701055,0,-0.09500982,1.684387,-0.9886569,1,1.0,1.0,-0.1548787,-0.1001887,0.9828402,0.00210936,-0.001303566,-0.02923645,8.911111,535
6,-0.09285872,-0.07900693,0.9998825,-0.2274263,-0.1344671,0.9998852,-0.1601423,-0.1067369,0.9998839,-0.0388484,-0.2323121,0.9718652,0,0.00297033,0.9725682,0.2325989,0,0.9992408,-0.01192283,0.03709269,0,0.979113,-1.672048,-0.2626645,1,-0.0388484,0.002970301,0.9992406,0,-0.2323121,0.9725682,-0.01192285,0,0.9718651,0.2325989,0.03709267,0,-0.09512556,1.684368,-0.9885622,1,1.0,1.0,-0.1549482,-0.1006853,0.9827785,0.002111733,-0.00130407,-0.02923451,8.922222,536
6,-0.09282756,-0.07966078,0.9998609,-0.2283842,-0.1369618,0.9998761,-0.1606057,-0.1083112,0.9998685,-0.03903174,-0.2325139,0.9718096,0,0.002663501,0.972523,0.2327916,0,0.9992344,-0.01167464,0.03733993,0,0.9793119,-1.671838,-0.2623449,1,-0.03903169,0.002663479,0.9992343,0,-0.2325139,0.972523,-0.01167467,0,0.9718096,0.2327915,0.03733996,0,-0.09555203,1.684364,-0.9882843,1,1.0,1.0,-0.1553608,-0.1021652,0.9825606,0.002114624,-0.00130648,-0.029235,8.944445,537
6,-0.09274974,-0.07913642,0.9996788,-0.2314457,-0.1385538,0.9997044,-0.1620974,-0.1088447,0.9996916,-0.03913081,-0.2326485,0.9717734,0,0.002538048,0.9724919,0.2329227,0,0.9992309,-0.01158085,0.0374639,0,0.9793577,-1.671744,-0.2621033,1,-0.03913079,0.002538044,0.9992309,0,-0.2326485,0.9724919,-0.01158086,0,0.9717733,0.2329227,0.03746392,0,-0.09590073,1.684322,-0.9881452,1,1.0,1.0,-0.1567698,-0.102662,0.982285,0.002116104,-0.001308495,-0.02923481,8.955556,538
6,-0.0927439,-0.08001564,0.9998472,-0.2315059,-0.1455144,0.999885,-0.1621241,-0.1127644,0.999866,-0.03922439,-0.2329775,0.9716908,0,0.002439708,0.9724139,0.2332494,0,0.9992274,-0.01151972,0.03757393,0,0.9793214,-1.671615,-0.2623623,1,-0.03922439,0.002439721,0.9992275,0,-0.2329775,0.9724139,-0.01151971,0,0.9716908,0.2332494,0.03757394,0,-0.09610045,1.684309,-0.9879634,1,1.0,1.0,-0.1567116,-0.1063419,0.9819027,0.002119736,-0.001311447,-0.02923247,8.966667,539
6,-0.09270431,-0.07951054,0.9996864,-0.2335597,-0.1486496,0.9996934,-0.1631321,-0.11408,0.9996899,-0.03916764,-0.2331274,0.9716572,0,0.00230062,0.9723796,0.2333935,0,0.9992301,-0.01137689,0.0375495,0,0.9794096,-1.671537,-0.2623091,1,-0.03916765,0.002300617,0.9992299,0,-0.2331274,0.9723796,-0.01137689,0,0.971657,0.2333935,0.03754947,0,-0.09644536,1.684336,-0.9878227,1,1.0,1.0,-0.1576556,-0.1075815,0.9816166,0.002120972,-0.001314499,-0.02923217,8.977778,540
6,-0.09268337,-0.07904345,0.9998181,-0.2354064,-0.1495422,0.9998267,-0.1640447,-0.1142928,0.9998225,-0.0389663,-0.2332974,0.9716244,0,0.001980714,0.9723429,0.2335494,0,0.9992387,-0.01102503,0.03742647,0,0.9796873,-1.671212,-0.2624264,1,-0.03896625,0.001980686,0.9992385,0,-0.2332974,0.972343,-0.01102507,0,0.9716243,0.2335494,0.03742651,0,-0.09673493,1.684341,-0.9875449,1,1.0,1.0,-0.1584812,-0.1077518,0.9814649,0.002121277,-0.001316032,-0.02923217,9.0,541
6,-0.09259023,-0.07813076,0.9997904,-0.2372829,-0.1497196,0.9997826,-0.1649369,-0.1139253,0.9997866,-0.0385462,-0.2333938,0.971618,0,0.00180047,0.9723228,0.2336346,0,0.9992552,-0.01075508,0.03705907,0,0.9796145,-1.67096,-0.2626453,1,-0.03854613,0.001800467,0.9992551,0,-0.2333938,0.9723228,-0.01075509,0,0.971618,0.2336346,0.03705913,0,-0.09704056,1.684312,-0.9871227,1,1.0,1.0,-0.1593224,-0.1073938,0.9813679,0.002121277,-0.001317169,-0.02923194,9.022223,542
6,-0.09264676,-0.07828613,0.9997176,-0.2386493,-0.1493828,0.9996872,-0.1656486,-0.113835,0.9997025,-0.03821242,-0.2336085,0.9715797,0,0.001754776,0.9722725,0.2338441,0,0.9992682,-0.01064061,0.03674293,0,0.9795352,-1.670789,-0.2630436,1,-0.03821238,0.001754744,0.9992681,0,-0.2336085,0.9722726,-0.01064065,0,0.9715795,0.2338441,0.03674295,0,-0.09731245,1.684255,-0.9869316,1,1.0,1.0,-0.1599983,-0.1073052,0.9812676,0.002121078,-0.001317963,-0.02922954,9.033334,543
6,-0.09238125,-0.07829815,0.9996685,-0.2373303,-0.1492444,0.9996644,-0.164856,-0.1137715,0.9996665,-0.03785753,-0.2341888,0.9714538,0,0.001755819,0.9721336,0.2344211,0,0.9992816,-0.01058029,0.03639138,0,0.9791176,-1.670722,-0.2638147,1,-0.03785753,0.001755813,0.9992816,0,-0.2341888,0.9721335,-0.0105803,0,0.9714537,0.2344211,0.03639138,0,-0.09791362,1.684289,-0.9864903,1,1.0,1.0,-0.1592684,-0.1072606,0.9813913,0.002121009,-0.001319435,-0.02922552,9.055555,544
6,-0.09268194,-0.078007,0.9997679,-0.2389312,-0.149458,0.9997405,-0.1658073,-0.113733,0.9997541,-0.03766036,-0.234175,0.9714648,0,0.00170213,0.972138,0.2344033,0,0.9992892,-0.01048125,0.03621244,0,0.9790636,-1.670642,-0.2637459,1,-0.03766033,0.001702112,0.999289,0,-0.234175,0.972138,-0.01048127,0,0.9714648,0.2344032,0.03621246,0,-0.09813075,1.684251,-0.9863271,1,1.0,1.0,-0.160139,-0.1072013,0.981256,0.00212075,-0.001317459,-0.02922806,9.066667,545
6,-0.09355831,-0.07852106,0.9999027,-0.2394471,-0.1493258,0.9998906,-0.1665031,-0.1139236,0.9998966,-0.03753912,-0.234208,0.9714615,0,0.001620166,0.9721311,0.2344321,0,0.9992939,-0.01037429,0.0361135,0,0.9790594,-1.670583,-0.2638021,1,-0.03753912,0.001620153,0.9992938,0,-0.234208,0.9721311,-0.0103743,0,0.9714614,0.2344321,0.03611349,0,-0.09823738,1.684283,-0.9861723,1,1.0,1.0,-0.1607609,-0.1073571,0.9811373,0.00212075,-0.00131559,-0.02922814,9.077778,546
6,-0.09346913,-0.07868218,0.9999509,-0.2391503,-0.1500536,0.9999847,-0.1663091,-0.1143674,0.9999678,-0.03761911,-0.2343408,0.9714264,0,0.001499392,0.9721001,0.2345614,0,0.9992911,-0.01028053,0.03621829,0,0.9789215,-1.670512,-0.2636714,1,-0.03761921,0.001499352,0.9992909,0,-0.2343408,0.9721001,-0.01028054,0,0.9714263,0.2345614,0.03621817,0,-0.09850568,1.684285,-0.9858515,1,1.0,1.0,-0.1605625,-0.1077724,0.9811242,0.00212075,-0.001314323,-0.02922898,9.1,547
6,-0.09502751,-0.07895945,0.9998778,-0.2396486,-0.1494256,0.9998793,-0.1673379,-0.1141926,0.9998785,-0.03757787,-0.2343628,0.9714227,0,0.00131461,0.9720968,0.2345763,0,0.9992929,-0.0100919,0.03622115,0,0.97909,-1.670342,-0.2635702,1,-0.03757777,0.001314612,0.9992927,0,-0.2343628,0.9720968,-0.01009192,0,0.9714226,0.2345763,0.03622122,0,-0.09863599,1.684274,-0.9857076,1,1.0,1.0,-0.1615347,-0.1076021,0.9809833,0.00212075,-0.001312203,-0.02922926,9.111112,548
6,-0.09519969,-0.08168272,0.999893,-0.239484,-0.1490522,0.9999485,-0.1673408,-0.1153667,0.9999207,-0.03813469,-0.2344343,0.9713838,0,0.001139425,0.97208,0.2346471,0,0.999272,-0.01005501,0.03680289,0,0.9790642,-1.670347,-0.2627889,1,-0.03813472,0.001139417,0.9992719,0,-0.2344343,0.9720799,-0.01005501,0,0.9713836,0.2346471,0.03680285,0,-0.09898138,1.684258,-0.9854754,1,1.0,1.0,-0.1615132,-0.1087047,0.9808654,0.002121314,-0.001312035,-0.02921866,9.133333,549
6,-0.09436467,-0.08151591,0.9998494,-0.2384715,-0.1493465,0.9999255,-0.1664166,-0.11543,0.9998875,-0.03862762,-0.2344949,0.9713496,0,0.001062401,0.9720649,0.2347098,0,0.9992532,-0.01009825,0.03729939,0,0.979005,-1.670386,-0.2622058,1,-0.03862759,0.001062412,0.999253,0,-0.2344949,0.9720649,-0.01009824,0,0.9713497,0.2347098,0.03729942,0,-0.09918675,1.684225,-0.9853615,1,1.0,1.0,-0.1606641,-0.1087822,0.9809961,0.002126305,-0.001313332,-0.02921705,9.144444,550
6,-0.09367178,-0.08165575,0.9998822,-0.2404377,-0.1494605,0.9999908,-0.1670524,-0.1155566,0.9999365,-0.03951192,-0.2347519,0.971252,0,0.00112433,0.9719999,0.2349784,0,0.9992185,-0.01037646,0.03814161,0,0.9785846,-1.670569,-0.2614876,1,-0.03951189,0.001124342,0.9992185,0,-0.2347519,0.9719999,-0.01037646,0,0.971252,0.2349784,0.03814164,0,-0.09953324,1.684137,-0.9851808,1,1.0,1.0,-0.1612482,-0.1088858,0.9808888,0.002130097,-0.001312943,-0.02921767,9.166667,551
6,-0.09297775,-0.08139656,0.9999201,-0.2413219,-0.1500071,0.9999856,-0.1671483,-0.1157009,0.9999529,-0.03973854,-0.2350766,0.9711643,0,0.0008225963,0.9719239,0.2352941,0,0.9992099,-0.01014908,0.0384295,0,0.9789081,-1.670253,-0.2616107,1,-0.03973856,0.0008225531,0.9992096,0,-0.2350765,0.9719239,-0.01014912,0,0.971164,0.2352941,0.03842945,0,-0.09967005,1.684109,-0.9850325,1,1.0,1.0,-0.161336,-0.1090203,0.9808595,0.002134467,-0.001310639,-0.02921913,9.177778,552
6,-0.09435426,-0.08235111,0.9998832,-0.2414642,-0.1500525,0.9999385,-0.1679079,-0.116201,0.9999108,-0.04005253,-0.2351552,0.9711323,0,0.0006781742,0.9719055,0.2353704,0,0.9991974,-0.01008576,0.03876781,0,0.9789655,-1.670163,-0.2612534,1,-0.04005254,0.0006781571,0.9991973,0,-0.2351552,0.9719055,-0.01008578,0,0.9711322,0.2353704,0.0387678,0,-0.0998258,1.684068,-0.9848964,1,1.0,1.0,-0.1620391,-0.1094833,0.980692,0.002134467,-0.001310143,-0.02921947,9.18889,553
6,-0.09323215,-0.08301935,0.999776,-0.2405892,-0.1501127,0.9998501,-0.1669093,-0.116565,0.999813,-0.0403533,-0.2356612,0.9709973,0,-0.0004620701,0.9717929,0.2358352,0,0.9991855,-0.00906802,0.03932393,0,0.9805267,-1.669095,-0.2610016,1,-0.04035325,-0.0004621022,0.9991851,0,-0.2356612,0.9717929,-0.009068056,0,0.9709969,0.2358351,0.03932393,0,-0.1003418,1.684021,-0.9845996,1,1.0,1.0,-0.1611214,-0.1098539,0.9808018,0.002134467,-0.001309815,-0.02921426,9.211111,554
6,-0.09340541,-0.0823667,0.9998014,-0.2391981,-0.1500024,0.9997992,-0.166302,-0.1161847,0.9998003,-0.04027069,-0.235807,0.9709653,0,-0.0004426315,0.9717575,0.2359811,0,0.9991888,-0.009073332,0.03923774,0,0.9803282,-1.669093,-0.261132,1,-0.0402707,-0.0004426441,0.9991887,0,-0.235807,0.9717576,-0.00907334,0,0.970965,0.2359811,0.03923771,0,-0.1005552,1.68401,-0.9844309,1,1.0,1.0,-0.1605662,-0.1095072,0.9809316,0.002134467,-0.001309853,-0.02921397,9.222222,555
6,-0.1019929,-0.08543576,0.9997829,-0.2374967,-0.1498868,0.999781,-0.1697448,-0.1176615,0.9997818,-0.04018831,-0.235904,0.9709451,0,-0.0003977865,0.9717337,0.2360791,0,0.9991921,-0.009101398,0.03914618,0,0.9799225,-1.669187,-0.2608733,1,-0.04018832,-0.0003977825,0.9991919,0,-0.2359039,0.9717337,-0.009101391,0,0.970945,0.2360791,0.03914617,0,-0.1010926,1.683981,-0.9841104,1,1.0,1.0,-0.1637497,-0.1108152,0.9802582,0.002111015,-0.00136071,-0.02900495,9.244445,556
6,-0.1018968,-0.08518452,0.9998083,-0.2376412,-0.1500092,0.9998014,-0.1697693,-0.117597,0.9998049,-0.040012,-0.2362129,0.9708772,0,-0.0002582148,0.9716577,0.2363922,0,0.9991992,-0.009207837,0.038939,0,0.9795202,-1.669179,-0.2614128,1,-0.04001204,-0.0002582151,0.9991992,0,-0.2362129,0.9716577,-0.009207829,0,0.9708772,0.2363921,0.03893897,0,-0.1012893,1.683919,-0.9839261,1,1.0,1.0,-0.1637692,-0.1107502,0.9802623,0.002110489,-0.001361938,-0.02900423,9.255556,557
6,-0.1008861,-0.08520687,0.9996292,-0.2369968,-0.1499637,0.9996113,-0.1689418,-0.1175856,0.9996202,-0.03951061,-0.2366907,0.9707813,0,3.436208e-05,0.9715397,0.236877,0,0.9992192,-0.009392515,0.038378,0,0.9787589,-1.669213,-0.2622094,1,-0.03951062,3.436162e-05,0.9992191,0,-0.2366907,0.9715396,-0.009392511,0,0.9707813,0.236877,0.03837799,0,-0.1018678,1.683784,-0.9836097,1,1.0,1.0,-0.1630295,-0.1107728,0.980383,0.002109711,-0.001362152,-0.02900516,9.277778,558
6,-0.1008326,-0.08579698,0.9997802,-0.2364839,-0.1526298,0.9998175,-0.1686576,-0.1192129,0.9997988,-0.0395627,-0.2370937,0.970681,0,-5.219132e-05,0.9714419,0.2372774,0,0.9992172,-0.009336658,0.03844523,0,0.9787182,-1.669117,-0.2625655,1,-0.03956269,-5.220517e-05,0.999217,0,-0.2370937,0.971442,-0.009336674,0,0.9706809,0.2372774,0.03844523,0,-0.1021491,1.683802,-0.9834415,1,1.0,1.0,-0.1627074,-0.1122902,0.9802638,0.002106652,-0.001362152,-0.02900527,9.288889,559
6,-0.1027416,-0.08549812,0.9998114,-0.2371233,-0.1526448,0.9998139,-0.1699324,-0.1190714,0.9998126,-0.03946745,-0.2372734,0.970641,0,-0.0001339987,0.9713989,0.2374532,0,0.9992209,-0.009241581,0.03837037,0,0.9787318,-1.668944,-0.2627425,1,-0.03946738,-0.0001340096,0.9992208,0,-0.2372734,0.9713989,-0.009241609,0,0.9706408,0.2374532,0.03837043,0,-0.1023392,1.68373,-0.9833114,1,1.0,1.0,-0.1638884,-0.1121342,0.980085,0.002104759,-0.001362152,-0.02900527,9.3,560
6,-0.1026949,-0.08477901,0.9998837,-0.235842,-0.1521353,0.9999484,-0.1692674,-0.118456,0.999916,-0.03987205,-0.2384679,0.9703317,0,-0.0003678203,0.9711072,0.2386434,0,0.9992049,-0.009158276,0.03880775,0,0.9787346,-1.668455,-0.2637801,1,-0.03987204,-0.0003678377,0.9992046,0,-0.2384679,0.9711072,-0.009158294,0,0.9703313,0.2386434,0.03880773,0,-0.1028947,1.683558,-0.9829995,1,1.0,1.0,-0.1632666,-0.1115567,0.9802547,0.002105193,-0.00136071,-0.02900777,9.322223,561
6,-0.09389144,-0.0772012,0.9996651,-0.235004,-0.1505887,0.9997485,-0.1644462,-0.1138937,0.9997067,-0.04010153,-0.2391077,0.9701647,0,-0.0004716963,0.9709501,0.2392818,0,0.9991956,-0.009137928,0.03904939,0,0.9786574,-1.668335,-0.2642251,1,-0.04010153,-0.0004717144,0.9991953,0,-0.2391077,0.97095,-0.009137941,0,0.9701644,0.2392818,0.03904935,0,-0.1033242,1.683556,-0.9827972,1,1.0,1.0,-0.1588842,-0.1073756,0.981441,0.002126709,-0.001322098,-0.02922896,9.333334,562
6,-0.09333454,-0.07706995,0.9998964,-0.2350162,-0.1500949,0.9999677,-0.1641739,-0.1135813,0.9999319,-0.04021132,-0.2403971,0.9698414,0,-0.0008959323,0.9706347,0.2405566,0,0.9991909,-0.008804165,0.03924596,0,0.979082,-1.66761,-0.2658883,1,-0.04021139,-0.0008959713,0.9991907,0,-0.2403971,0.9706346,-0.008804185,0,0.9698414,0.2405566,0.03924588,0,-0.1036487,1.683478,-0.9825367,1,1.0,1.0,-0.158604,-0.1070614,0.9815205,0.002128394,-0.001323372,-0.02922926,9.355556,563
6,-0.09545933,-0.0777145,0.9999368,-0.2323833,-0.1495646,0.9999757,-0.1639207,-0.1136389,0.9999563,-0.04014647,-0.2408979,0.9697198,0,-0.001243904,0.9705135,0.2410436,0,0.9991931,-0.008470796,0.03926229,0,0.9794268,-1.667122,-0.2666004,1,-0.04014641,-0.001243907,0.9991929,0,-0.2408979,0.9705135,-0.008470809,0,0.9697197,0.2410436,0.03926234,0,-0.1037581,1.683445,-0.9822908,1,1.0,1.0,-0.1583673,-0.1071186,0.9815525,0.002131951,-0.001321899,-0.02922926,9.366667,564
6,-0.09556174,-0.07741629,1.00002,-0.2319613,-0.149612,1.000034,-0.1637613,-0.113514,1.000027,-0.04021931,-0.2408993,0.9697165,0,-0.001393892,0.9705142,0.2410397,0,0.9991899,-0.008342758,0.03936923,0,0.9795629,-1.667072,-0.2664986,1,-0.04021933,-0.001393909,0.9991899,0,-0.2408993,0.9705144,-0.008342769,0,0.9697164,0.2410397,0.0393692,0,-0.103771,1.683519,-0.9821855,1,1.0,1.0,-0.1582121,-0.106997,0.9815909,0.002132835,-0.001321671,-0.02922587,9.377778,565
6,-0.09645972,-0.07621784,0.9999262,-0.2316562,-0.1478783,0.9999231,-0.1640581,-0.1120482,0.9999247,-0.04021466,-0.2401253,0.9699086,0,-0.001354493,0.970706,0.2402665,0,0.9991902,-0.008348472,0.03936183,0,0.9792278,-1.667382,-0.2652119,1,-0.04021462,-0.001354516,0.9991902,0,-0.2401253,0.970706,-0.008348502,0,0.9699085,0.2402665,0.03936186,0,-0.1037698,1.683585,-0.9819157,1,1.0,1.0,-0.158526,-0.1056199,0.9816894,0.002132835,-0.001321518,-0.02922926,9.400001,566
6,-0.09663838,-0.07623614,0.9999322,-0.2300082,-0.1457651,0.9999101,-0.1633236,-0.111001,0.9999211,-0.04047072,-0.2394389,0.9700676,0,-0.001141295,0.9708734,0.2395902,0,0.9991801,-0.008589223,0.03956521,0,0.9786581,-1.667863,-0.2638229,1,-0.0404707,-0.001141323,0.99918,0,-0.2394389,0.9708735,-0.008589255,0,0.9700676,0.2395902,0.03956521,0,-0.1038183,1.68361,-0.9817431,1,1.0,1.0,-0.1578607,-0.1046441,0.981901,0.002132835,-0.001321518,-0.02922601,9.411111,567
6,-0.09646884,-0.07544111,0.9998095,-0.2294272,-0.144698,0.9998173,-0.1629478,-0.1100695,0.9998134,-0.04079401,-0.2384164,0.9703059,0,-0.001370847,0.9711267,0.2385604,0,0.9991667,-0.00840167,0.03994298,0,0.9787236,-1.668178,-0.2614525,1,-0.040794,-0.001370871,0.9991666,0,-0.2384164,0.9711267,-0.008401696,0,0.9703059,0.2385604,0.03994299,0,-0.1041059,1.683726,-0.9814803,1,1.0,1.0,-0.157542,-0.1037846,0.9820434,0.002132835,-0.001318825,-0.02922389,9.433333,568
6,-0.09649995,-0.07455574,0.999894,-0.2289264,-0.1440066,0.9998791,-0.1627134,-0.1092814,0.9998866,-0.04101658,-0.2377474,0.9704607,0,-0.001520589,0.9712917,0.2378867,0,0.9991573,-0.008281611,0.04020059,0,0.9788004,-1.668315,-0.2599701,1,-0.04101658,-0.001520607,0.9991573,0,-0.2377473,0.9712917,-0.008281626,0,0.9704606,0.2378867,0.04020058,0,-0.1041996,1.683752,-0.981341,1,1.0,1.0,-0.157325,-0.1030432,0.9821563,0.002131088,-0.001313324,-0.02921066,9.444445,569
6,-0.1040296,-0.08285233,0.9999388,-0.2272877,-0.1392477,0.9999639,-0.1656583,-0.1110497,0.9999514,-0.04121923,-0.237122,0.9706051,0,-0.002010673,0.9714484,0.2372427,0,0.9991482,-0.007827349,0.04051912,0,0.9793733,-1.66814,-0.2583356,1,-0.0412192,-0.00201071,0.999148,0,-0.237122,0.9714483,-0.00782739,0,0.970605,0.2372426,0.04051913,0,-0.104442,1.68377,-0.9811286,1,1.0,1.0,-0.1600373,-0.104658,0.9815471,0.002111771,-0.001334793,-0.02902266,9.466667,570
6,-0.1029744,-0.08293745,0.9999087,-0.2264574,-0.1391546,0.9999033,-0.164716,-0.111046,0.9999059,-0.04132795,-0.2368377,0.9706699,0,-0.001933821,0.971517,0.236962,0,0.9991439,-0.007916018,0.04060876,0,0.9791138,-1.668288,-0.2576919,1,-0.04132789,-0.001933844,0.9991436,0,-0.2368376,0.9715169,-0.007916053,0,0.9706697,0.236962,0.0406088,0,-0.1045149,1.683726,-0.9810171,1,1.0,1.0,-0.1591676,-0.1046727,0.981687,0.002111573,-0.001335892,-0.02902381,9.477778,571
6,-0.101956,-0.08216134,1.000101,-0.2262451,-0.1362333,1.00011,-0.1641005,-0.1091973,1.000105,-0.04147315,-0.2366754,0.9707033,0,-0.001949012,0.9715564,0.2368001,0,0.9991378,-0.007928923,0.0407548,0,0.9790041,-1.668318,-0.2573721,1,-0.04147315,-0.001949026,0.9991376,0,-0.2366754,0.9715564,-0.007928935,0,0.9707032,0.2368001,0.04075478,0,-0.1044155,1.683719,-0.9808987,1,1.0,1.0,-0.1585934,-0.1029161,0.9819656,0.002110565,-0.001337975,-0.02902722,9.488889,572
6,-0.1020972,-0.08110382,1.000024,-0.2259305,-0.1362327,1.000042,-0.1640135,-0.1086679,1.000033,-0.04163218,-0.2368228,0.9706605,0,-0.001691103,0.971518,0.2369595,0,0.9991316,-0.008223623,0.04084682,0,0.9782546,-1.668449,-0.2574936,1,-0.04163209,-0.001691113,0.9991315,0,-0.2368228,0.971518,-0.008223652,0,0.9706605,0.2369595,0.0408469,0,-0.104461,1.683598,-0.9806079,1,1.0,1.0,-0.1585312,-0.1024226,0.9820272,0.002110368,-0.001340004,-0.02902722,9.511111,573
6,-0.1020437,-0.07859548,0.9999393,-0.2261094,-0.1380965,0.999939,-0.1640767,-0.108346,0.9999391,-0.04154599,-0.2369609,0.9706306,0,-0.001752697,0.971485,0.2370945,0,0.9991352,-0.00814908,0.04077673,0,0.9782508,-1.6683,-0.2577279,1,-0.04154607,-0.001752743,0.999135,0,-0.2369608,0.971485,-0.008149102,0,0.9706303,0.2370945,0.04077661,0,-0.1045207,1.683549,-0.9804904,1,1.0,1.0,-0.158608,-0.1021166,0.9820467,0.002109856,-0.001350098,-0.02902949,9.522223,574
6,-0.1014327,-0.07717385,0.9999365,-0.2255542,-0.1397931,0.9999521,-0.1634932,-0.1084832,0.9999443,-0.0416733,-0.2369037,0.970639,0,-0.001653083,0.9714979,0.2370424,0,0.99913,-0.008273758,0.0408771,0,0.9777923,-1.668411,-0.2575054,1,-0.04167325,-0.001653104,0.9991298,0,-0.2369037,0.9714979,-0.008273791,0,0.9706389,0.2370424,0.04087714,0,-0.10456,1.683514,-0.9802194,1,1.0,1.0,-0.1580619,-0.1022477,0.9821211,0.00210981,-0.001357483,-0.02903395,9.544445,575
6,-0.1003091,-0.07585875,0.999956,-0.2264626,-0.1433573,0.9999595,-0.1633858,-0.1096079,0.9999577,-0.0416925,-0.2369765,0.9706205,0,-0.001509652,0.9714789,0.2371213,0,0.9991295,-0.00842084,0.04086113,0,0.9774173,-1.668525,-0.257607,1,-0.04169248,-0.001509687,0.9991292,0,-0.2369765,0.9714789,-0.008420876,0,0.9706202,0.2371212,0.04086112,0,-0.1046116,1.683496,-0.9800906,1,1.0,1.0,-0.1579407,-0.1033049,0.9820299,0.00210962,-0.001361984,-0.0290466,9.555555,576
6,-0.1000107,-0.07724544,0.9999107,-0.2269241,-0.1441013,0.9999141,-0.1634673,-0.1106732,0.9999126,-0.04189789,-0.2366177,0.9706992,0,-0.00160297,0.9715669,0.23676,0,0.9991207,-0.008363716,0.04108596,0,0.9773864,-1.668567,-0.2566871,1,-0.04189794,-0.00160301,0.9991205,0,-0.2366176,0.9715669,-0.008363742,0,0.9706988,0.23676,0.04108589,0,-0.1046959,1.683464,-0.9799359,1,1.0,1.0,-0.1580052,-0.1043122,0.981913,0.002109093,-0.001362877,-0.02905059,9.566667,577
6,-0.09990387,-0.07767155,1.000055,-0.2266414,-0.144407,1.000051,-0.1632728,-0.1110394,1.000053,-0.04210603,-0.2364275,0.9707363,0,-0.001746818,0.971614,0.2365655,0,0.9991116,-0.00826513,0.04132378,0,0.9773837,-1.66849,-0.2562292,1,-0.04210601,-0.001746817,0.9991116,0,-0.2364275,0.9716139,-0.008265135,0,0.9707364,0.2365655,0.0413238,0,-0.1045923,1.683451,-0.9797173,1,1.0,1.0,-0.1577976,-0.104647,0.9819109,0.00210859,-0.001362877,-0.02904835,9.588889,578
6,-0.09983684,-0.07743943,0.9999474,-0.2267902,-0.1442535,0.9999679,-0.1633132,-0.1108462,0.9999576,-0.04219007,-0.236477,0.9707207,0,-0.001996033,0.9716038,0.2366054,0,0.9991077,-0.008044779,0.04146397,0,0.9776478,-1.668292,-0.2560906,1,-0.04218999,-0.001996041,0.9991075,0,-0.236477,0.9716038,-0.008044806,0,0.9707207,0.2366053,0.04146405,0,-0.1046733,1.683463,-0.9795778,1,1.0,1.0,-0.1578527,-0.1044725,0.9819206,0.002108765,-0.001364296,-0.02904785,9.6,579
6,-0.1008007,-0.07765083,0.9998845,-0.2278495,-0.1451545,0.9998877,-0.1643249,-0.1114025,0.999886,-0.04230845,-0.2363055,0.9707572,0,-0.002107725,0.9716462,0.2364301,0,0.9991024,-0.007956907,0.0416069,0,0.9775298,-1.668317,-0.2554442,1,-0.04230845,-0.002107716,0.9991025,0,-0.2363055,0.9716462,-0.007956902,0,0.9707573,0.2364301,0.04160692,0,-0.1049005,1.683469,-0.9792988,1,1.0,1.0,-0.1587958,-0.1049892,0.9817134,0.002109009,-0.001363419,-0.02904785,9.622223,580
6,-0.1006914,-0.07787362,0.999908,-0.2279816,-0.1454883,0.9999214,-0.1643364,-0.1116808,0.9999146,-0.04236448,-0.2363442,0.9707455,0,-0.002242759,0.9716378,0.2364636,0,0.9990998,-0.007840477,0.04169297,0,0.9776053,-1.668244,-0.2553141,1,-0.04236445,-0.002242785,0.9990996,0,-0.2363442,0.9716377,-0.007840508,0,0.9707453,0.2364636,0.04169298,0,-0.1050192,1.683494,-0.9791602,1,1.0,1.0,-0.1587979,-0.1052504,0.9816851,0.00210894,-0.001361977,-0.02904711,9.633333,581
6,-0.1005018,-0.07893112,0.9997633,-0.2293337,-0.1454499,0.999736,-0.1649182,-0.1121909,0.9997497,-0.0420109,-0.2361938,0.9707974,0,-0.002543218,0.9716774,0.2362979,0,0.9991139,-0.007458135,0.04142177,0,0.9778085,-1.667979,-0.2549885,1,-0.04201093,-0.002543228,0.9991139,0,-0.2361938,0.9716773,-0.007458135,0,0.9707974,0.2362978,0.04142173,0,-0.1053454,1.683477,-0.9788199,1,1.0,1.0,-0.1593571,-0.1057398,0.9815419,0.002109924,-0.001361107,-0.02904004,9.655556,582
6,-0.1007298,-0.07891169,0.999917,-0.2300569,-0.1454601,0.9999214,-0.1653932,-0.1121859,0.9999192,-0.04195297,-0.2363569,0.9707602,0,-0.002559774,0.9716378,0.2364599,0,0.9991163,-0.00743527,0.04136813,0,0.9776978,-1.668001,-0.255227,1,-0.04195298,-0.002559777,0.9991164,0,-0.2363569,0.9716378,-0.00743527,0,0.9707602,0.2364599,0.04136812,0,-0.105462,1.683547,-0.9786777,1,1.0,1.0,-0.1597734,-0.1057114,0.9814773,0.002109542,-0.001360558,-0.02904015,9.666667,583
6,-0.1016041,-0.07767045,0.9998921,-0.2301141,-0.145471,0.9998667,-0.1658596,-0.1115711,0.9998795,-0.04177332,-0.2363203,0.970777,0,-0.002549,0.971647,0.2364224,0,0.999124,-0.007401615,0.04119134,0,0.9775847,-1.66799,-0.255248,1,-0.04177334,-0.002549031,0.9991238,0,-0.2363203,0.971647,-0.007401637,0,0.9707768,0.2364224,0.04119129,0,-0.1055541,1.683536,-0.97856,1,1.0,1.0,-0.1602222,-0.1051277,0.9814668,0.002109505,-0.001360535,-0.02904128,9.677778,584
6,-0.1016173,-0.07883976,0.9998977,-0.2310026,-0.1453978,0.9998902,-0.1663101,-0.1121189,0.999894,-0.04140699,-0.2366062,0.9707229,0,-0.002536617,0.9715779,0.2367064,0,0.9991391,-0.007338963,0.04083025,0,0.977318,-1.667934,-0.2559437,1,-0.04140696,-0.002536593,0.9991391,0,-0.2366063,0.9715779,-0.007338949,0,0.970723,0.2367065,0.0408303,0,-0.1057255,1.68359,-0.9782673,1,1.0,1.0,-0.1606293,-0.1056355,0.9813457,0.002108947,-0.001360558,-0.02904128,9.7,585
6,-0.1017344,-0.07857253,0.9999412,-0.2316257,-0.1452387,0.9999269,-0.1666802,-0.1119058,0.999934,-0.04129922,-0.2366057,0.9707277,0,-0.002513409,0.9715781,0.236706,0,0.9991437,-0.007335946,0.04072011,0,0.977134,-1.667982,-0.2560026,1,-0.04129922,-0.002513401,0.9991435,0,-0.2366056,0.9715781,-0.007335938,0,0.9707276,0.236706,0.0407201,0,-0.1057903,1.683628,-0.9781088,1,1.0,1.0,-0.1609703,-0.1054247,0.9813125,0.002108803,-0.001360863,-0.02904363,9.711111,586
6,-0.101602,-0.07737432,0.999773,-0.2317947,-0.1465174,0.9997562,-0.1666987,-0.1119461,0.9997646,-0.0411042,-0.2365777,0.9707428,0,-0.002341732,0.971584,0.2366835,0,0.9991521,-0.007455461,0.04049015,0,0.9766245,-1.668226,-0.2558651,1,-0.04110416,-0.002341731,0.9991521,0,-0.2365777,0.971584,-0.007455467,0,0.9707426,0.2366835,0.04049018,0,-0.1061424,1.683667,-0.9778737,1,1.0,1.0,-0.1610124,-0.1054789,0.9812998,0.002109077,-0.001360489,-0.02904404,9.733334,587
6,-0.1014573,-0.07770148,0.9998919,-0.2318478,-0.1467676,0.9999127,-0.1666522,-0.1122342,0.9999022,-0.04130566,-0.2364819,0.9707575,0,-0.002412915,0.9716075,0.2365863,0,0.9991437,-0.007429995,0.04070354,0,0.9765665,-1.668284,-0.255369,1,-0.04130569,-0.002412925,0.9991436,0,-0.2364819,0.9716075,-0.007429997,0,0.9707575,0.2365863,0.0407035,0,-0.1062799,1.683691,-0.9777311,1,1.0,1.0,-0.1609445,-0.1057386,0.9812829,0.002109488,-0.001360016,-0.02904414,9.744445,588
6,-0.1017558,-0.07801833,0.9997906,-0.2319066,-0.1482373,0.9998326,-0.1668305,-0.1131273,0.9998116,-0.04129922,-0.2365955,0.9707302,0,-0.002861723,0.9715831,0.2366816,0,0.9991428,-0.006996788,0.04080272,0,0.9769912,-1.667967,-0.2549739,1,-0.04129923,-0.002861744,0.9991426,0,-0.2365954,0.971583,-0.006996804,0,0.97073,0.2366816,0.04080269,0,-0.1067735,1.683712,-0.9774204,1,1.0,1.0,-0.1611093,-0.1065863,0.9811642,0.002110114,-0.001360008,-0.02904521,9.766667,589
6,-0.1026769,-0.07720211,0.9998771,-0.2330019,-0.1480137,0.9998976,-0.1678391,-0.1126077,0.9998873,-0.04124546,-0.2368717,0.9706651,0,-0.003123842,0.9715176,0.236947,0,0.9991442,-0.006740764,0.04081059,0,0.9773168,-1.667654,-0.2552748,1,-0.0412454,-0.003123849,0.9991441,0,-0.2368717,0.9715176,-0.006740783,0,0.970665,0.236947,0.04081063,0,-0.1069238,1.683694,-0.9773036,1,1.0,1.0,-0.1620451,-0.1060718,0.9810659,0.002112648,-0.001360329,-0.02904754,9.777778,590
6,-0.1034192,-0.07724084,0.9996284,-0.2332864,-0.1493188,0.9996446,-0.1683526,-0.1132795,0.9996365,-0.0411129,-0.2372045,0.9705894,0,-0.003421932,0.9714384,0.2372671,0,0.9991486,-0.006433442,0.04075027,0,0.9776987,-1.667306,-0.2554895,1,-0.04111282,-0.003421916,0.9991486,0,-0.2372045,0.9714384,-0.006433445,0,0.9705894,0.237267,0.04075035,0,-0.1073211,1.68365,-0.9771816,1,1.0,1.0,-0.1625521,-0.1067209,0.9809116,0.002115364,-0.001361572,-0.02904682,9.788889,591
6,-0.1030428,-0.07705517,0.9997678,-0.2325759,-0.1494171,0.999783,-0.1678093,-0.1132358,0.9997754,-0.04096365,-0.2378227,0.9704445,0,-0.003843933,0.97129,0.2378677,0,0.9991533,-0.00601358,0.04070175,0,0.9782068,-1.666739,-0.2561643,1,-0.04096362,-0.003843952,0.9991531,0,-0.2378227,0.97129,-0.006013602,0,0.9704443,0.2378676,0.04070175,0,-0.1077242,1.68358,-0.9769751,1,1.0,1.0,-0.1620296,-0.1066745,0.981003,0.002118043,-0.001361954,-0.029044,9.811111,592
6,-0.1028585,-0.07683793,0.9998593,-0.2311338,-0.1494718,0.9998752,-0.1669959,-0.1131547,0.9998672,-0.04085267,-0.2381881,0.9703594,0,-0.003937252,0.9712011,0.2382289,0,0.9991574,-0.00591173,0.04061389,0,0.9782588,-1.66654,-0.2567068,1,-0.0408526,-0.003937241,0.9991574,0,-0.2381881,0.971201,-0.005911735,0,0.9703594,0.2382289,0.04061396,0,-0.1078877,1.683552,-0.9768608,1,1.0,1.0,-0.1612639,-0.1066017,0.981137,0.002119981,-0.001362747,-0.02904312,9.822223,593
6,-0.1032366,-0.07676607,0.9999166,-0.2319365,-0.1489789,0.9999207,-0.1675865,-0.1128724,0.9999187,-0.04048538,-0.2383665,0.9703311,0,-0.004037514,0.9711583,0.2384013,0,0.999172,-0.005734012,0.0402801,0,0.9781138,-1.666214,-0.2572636,1,-0.04048534,-0.004037537,0.9991719,0,-0.2383665,0.9711583,-0.00573404,0,0.9703309,0.2384013,0.04028011,0,-0.1079393,1.683438,-0.9764952,1,1.0,1.0,-0.1618089,-0.106319,0.9810781,0.002120079,-0.001364319,-0.02904311,9.844444,594
