flag,xl,yl,zl,xr,yr,zr,xc,yc,zc,mat_00,mat_10,mat_20,mat_30,mat_01,mat_11,mat_21,mat_31,mat_02,mat_12,mat_22,mat_32,mat_03,mat_13,mat_23,mat_33,ctw_00,ctw_10,ctw_20,ctw_30,ctw_01,ctw_11,ctw_21,ctw_31,ctw_02,ctw_12,ctw_22,ctw_32,ctw_03,ctw_13,ctw_23,ctw_33,opennessl,opennessr,ray_x,ray_y,ray_z,eye_x,eye_y,eye_z,time,frame
25,0.2076125,0.1433625,0.9999563,0.08898621,0.07812724,0.999942,0.1482991,0.1107447,0.9999492,0.0711965,-0.114164,-0.9909075,0,0.05675893,0.9922825,-0.1102443,0,-0.9958462,0.04839384,-0.07712686,0,-0.6095647,-1.673699,-0.8376135,1,0.07119649,0.05675893,-0.9958461,0,-0.114164,0.9922826,0.04839385,0,-0.9909074,-0.1102443,-0.07712685,0,-0.9776748,1.603039,-0.5906383,1,1.0,1.0,0.1437397,0.1068111,0.9838345,-0.0007465975,-9.468058e-06,-0.02020382,73.02222,4560
25,0.2080293,0.1433132,0.9999968,0.0893056,0.07776938,0.9999749,0.1486672,0.1105409,0.9999859,0.07124305,-0.1145005,-0.9908653,0,0.05648411,0.9922586,-0.1106003,0,-0.9958584,0.04808864,-0.07715899,0,-0.6090862,-1.674213,-0.8369685,1,0.07124304,0.05648411,-0.9958584,0,-0.1145005,0.9922587,0.04808864,0,-0.9908652,-0.1106003,-0.07715897,0,-0.9776281,1.603087,-0.5906326,1,1.0,1.0,0.1440847,0.106607,0.9838062,-0.0007469719,-9.14e-06,-0.02020968,73.03333,4561
25,0.2083254,0.1433674,0.9999788,0.08973929,0.07824995,0.9999681,0.1490322,0.1108084,0.9999734,0.07161266,-0.115177,-0.9907603,0,0.05571499,0.9922216,-0.1113198,0,-0.9958752,0.04722829,-0.07747269,0,-0.6074358,-1.675331,-0.8357778,1,0.07161263,0.05571499,-0.9958753,0,-0.115177,0.9922217,0.0472283,0,-0.9907602,-0.1113198,-0.07747272,0,-0.9775149,1.603105,-0.5905573,1,1.0,1.0,0.1444272,0.106857,0.9837288,-0.0007470548,-8.430477e-06,-0.0202099,73.05556,4562
25,0.2092148,0.1428638,1.000131,0.08981133,0.07764602,1.00009,0.1495125,0.1102543,1.000111,0.07136834,-0.1152262,-0.9907721,0,0.05524645,0.9922369,-0.111417,0,-0.9959189,0.046785,-0.07718009,0,-0.6068957,-1.675669,-0.8355181,1,0.07136828,0.05524645,-0.9959188,0,-0.1152262,0.9922369,0.04678499,0,-0.9907722,-0.111417,-0.07718013,0,-0.977576,1.603099,-0.590508,1,1.0,1.0,0.1448684,0.1063029,0.983724,-0.0007452471,-3.234862e-06,-0.02020896,73.06667,4563
25,0.2093489,0.1439877,0.9998944,0.0897833,0.07814787,0.999935,0.1495666,0.1110683,0.9999147,0.07155782,-0.1149879,-0.9907862,0,0.05536633,0.992259,-0.1111601,0,-0.9958986,0.04690181,-0.07737035,0,-0.6069157,-1.675381,-0.8360284,1,0.07155782,0.05536633,-0.9958987,0,-0.1149879,0.992259,0.04690182,0,-0.9907862,-0.1111601,-0.07737035,0,-0.9775444,1.603081,-0.5905319,1,1.0,1.0,0.1449335,0.1070946,0.9836285,-0.0007441714,-3.815512e-08,-0.0202097,73.07778,4564
25,0.2097517,0.1440346,0.9999262,0.08993823,0.07803639,0.9999231,0.1498449,0.1110354,0.9999247,0.07068545,-0.1141746,-0.990943,0,0.05633166,0.9922993,-0.1103127,0,-0.9959068,0.04802394,-0.07657278,0,-0.6093781,-1.673887,-0.8369206,1,0.07068545,0.05633165,-0.9959067,0,-0.1141746,0.9922993,0.04802395,0,-0.9909427,-0.1103127,-0.07657275,0,-0.9773815,1.603001,-0.5905824,1,1.0,1.0,0.1451956,0.1070585,0.9835938,-0.0007445831,-3.815512e-08,-0.02020716,73.1,4565
25,0.2097278,0.1437542,1.000025,0.08967622,0.07813608,1.000011,0.1497018,0.1109448,1.000018,0.07027364,-0.1137712,-0.9910185,0,0.05676924,0.9923207,-0.1098952,0,-0.9959111,0.04853664,-0.07619274,0,-0.6104701,-1.673149,-0.8374518,1,0.07027368,0.05676924,-0.995911,0,-0.1137712,0.9923206,0.04853663,0,-0.9910185,-0.1098952,-0.07619269,0,-0.9773864,1.602924,-0.5905726,1,1.0,1.0,0.145051,0.1069652,0.9836253,-0.0007457882,-3.815512e-08,-0.02020336,73.11111,4566
25,0.21032,0.1431499,1.000026,0.0904561,0.07817443,1.000004,0.1503877,0.1106617,1.000015,0.06996143,-0.1133251,-0.9910918,0,0.05718648,0.9923479,-0.109432,0,-0.9959093,0.04902104,-0.07590669,0,-0.6115202,-1.672402,-0.8380044,1,0.06996136,0.05718648,-0.9959091,0,-0.1133251,0.9923479,0.04902103,0,-0.9910917,-0.109432,-0.07590674,0,-0.9772815,1.602871,-0.5906458,1,1.0,1.0,0.145704,0.1066856,0.9835591,-0.0007467503,-1.144363e-07,-0.02020247,73.13333,4567
25,0.2101153,0.143521,0.9999463,0.09056775,0.07751966,0.9999436,0.1503415,0.1105204,0.999945,0.0700531,-0.1134158,-0.9910749,0,0.05677398,0.9923586,-0.1095497,0,-0.9959263,0.04859297,-0.07595688,0,-0.6107926,-1.67274,-0.8377669,1,0.07005312,0.05677399,-0.9959264,0,-0.1134158,0.9923586,0.04859298,0,-0.9910749,-0.1095497,-0.07595687,0,-0.9772171,1.602858,-0.5906551,1,1.0,1.0,0.1456738,0.1065606,0.9835771,-0.0007476807,-1.57929e-06,-0.0201965,73.14445,4568
25,0.2097021,0.1443578,0.9999879,0.09058452,0.08083293,0.9999946,0.1501434,0.1125956,0.9999912,0.07010859,-0.1133994,-0.9910729,0,0.05672621,0.992363,-0.1095342,0,-0.9959252,0.04854051,-0.07600594,0,-0.6106223,-1.672786,-0.8378189,1,0.07010862,0.0567262,-0.9959251,0,-0.1133994,0.992363,0.04854051,0,-0.9910728,-0.1095342,-0.07600588,0,-0.9772225,1.602879,-0.5906153,1,1.0,1.0,0.1454512,0.1085542,0.9833921,-0.0007467959,-1.815797e-05,-0.02017396,73.15556,4569
25,0.2087126,0.1441725,0.9999995,0.09054814,0.08023152,1.000014,0.1496307,0.1122021,1.000007,0.07048732,-0.1133034,-0.9910569,0,0.05618398,0.992402,-0.1094612,0,-0.9959291,0.04796591,-0.07631761,0,-0.6094378,-1.673144,-0.8381287,1,0.07048734,0.056184,-0.9959292,0,-0.1133034,0.992402,0.0479659,0,-0.991057,-0.1094612,-0.07631759,0,-0.9772487,1.60293,-0.590667,1,1.0,1.0,0.1449723,0.1081868,0.9835033,-0.000746903,-1.815797e-05,-0.02016552,73.17778,4570
25,0.2077906,0.1435665,1.000013,0.09054986,0.08041892,1.000019,0.1491703,0.1119929,1.000016,0.07043916,-0.1129969,-0.9910954,0,0.05572224,0.9924576,-0.1091919,0,-0.9959585,0.04753466,-0.07620436,0,-0.6087364,-1.673175,-0.8385628,1,0.0704392,0.05572224,-0.9959585,0,-0.1129969,0.9924576,0.04753466,0,-0.9910954,-0.1091919,-0.07620431,0,-0.9772805,1.602911,-0.5906445,1,1.0,1.0,0.1445426,0.1079948,0.9835876,-0.0007494735,-1.947785e-05,-0.02016338,73.18889,4571
25,0.2059251,0.1435913,1.000041,0.09238975,0.08203018,1.000037,0.1491572,0.1128107,1.000039,0.07023311,-0.1123171,-0.9911872,0,0.05557432,0.9925383,-0.1085323,0,-0.9959813,0.04746199,-0.07595104,0,-0.6086974,-1.672682,-0.8396069,1,0.07023316,0.05557432,-0.9959813,0,-0.1123171,0.9925383,0.04746199,0,-0.9911873,-0.1085324,-0.075951,0,-0.9773277,1.602904,-0.5906314,1,1.0,1.0,0.1445129,0.1087752,0.983506,-0.0007466124,-2.256775e-05,-0.02015572,73.21111,4572
25,0.2070927,0.1439759,1.000045,0.09238674,0.08349509,1.000024,0.1497394,0.1137353,1.000034,0.07002705,-0.1122948,-0.9912044,0,0.05561778,0.9925376,-0.1085166,0,-0.9959934,0.04752948,-0.07575011,0,-0.6089828,-1.67259,-0.8395378,1,0.0700271,0.05561777,-0.9959934,0,-0.1122948,0.9925376,0.04752949,0,-0.9912044,-0.1085166,-0.07575006,0,-0.9773315,1.602875,-0.5906405,1,1.0,1.0,0.1450448,0.1096515,0.9833303,-0.0007418059,-2.637482e-05,-0.02015359,73.22222,4573
25,0.2071162,0.1461425,1.000074,0.09170417,0.08230806,1.000012,0.1494094,0.1142243,1.000043,0.06969869,-0.1130509,-0.9911417,0,0.05578458,0.9924448,-0.1092767,0,-0.9960072,0.04767396,-0.07547861,0,-0.6096338,-1.673183,-0.8380718,1,0.06969869,0.05578457,-0.996007,0,-0.1130509,0.9924448,0.04767397,0,-0.9911414,-0.1092767,-0.07547858,0,-0.9773117,1.602968,-0.5906888,1,1.0,1.0,0.1447243,0.1101169,0.9833256,-0.0007418059,-2.189635e-05,-0.02015594,73.24445,4574
25,0.2071514,0.1459398,1.0001,0.09111187,0.08313532,1.00006,0.1491311,0.1145369,1.00008,0.06952804,-0.1134197,-0.9911113,0,0.055939,0.9923958,-0.1096425,0,-0.9960104,0.04781855,-0.07534391,0,-0.6100908,-1.673424,-0.8373924,1,0.06952804,0.055939,-0.9960104,0,-0.1134197,0.9923958,0.04781855,0,-0.9911115,-0.1096425,-0.07534393,0,-0.9773301,1.603013,-0.5907285,1,1.0,1.0,0.1444501,0.1104102,0.9833331,-0.0007409137,-1.744842e-05,-0.02016167,73.25555,4575
25,0.2069945,0.1450771,0.9999843,0.0910952,0.08428621,0.9999555,0.1490445,0.1146811,0.9999699,0.06953585,-0.1139471,-0.9910505,0,0.05609103,0.99233,-0.1101587,0,-0.9960014,0.04792905,-0.07539392,0,-0.6103451,-1.673789,-0.8364487,1,0.06953583,0.05609102,-0.9960012,0,-0.1139471,0.9923301,0.04792905,0,-0.9910502,-0.1101586,-0.07539391,0,-0.9772452,1.603044,-0.5907444,1,1.0,1.0,0.1443809,0.1105575,0.9833266,-0.0007407302,-1.463317e-05,-0.02016338,73.26667,4576
25,0.2071352,0.1453882,1.00009,0.09126866,0.08395598,1.000089,0.1492019,0.1146722,1.000089,0.06948584,-0.1140821,-0.9910383,0,0.05652668,0.9922937,-0.1102633,0,-0.9959801,0.04835837,-0.07539904,0,-0.6110924,-1.673677,-0.8363834,1,0.06948584,0.05652668,-0.9959801,0,-0.1140821,0.9922937,0.04835837,0,-0.9910384,-0.1102633,-0.07539904,0,-0.9773623,1.603099,-0.5907622,1,1.0,1.0,0.1445134,0.1105312,0.9833101,-0.0007414017,-1.234436e-05,-0.02016727,73.28889,4577
25,0.2056833,0.14549,1.000046,0.09123327,0.08262047,1.000034,0.1484582,0.1140549,1.00004,0.06943411,-0.1141948,-0.991029,0,0.05660512,0.992277,-0.1103727,0,-0.9959793,0.04843368,-0.07536191,0,-0.6112846,-1.673722,-0.8361984,1,0.06943413,0.05660512,-0.9959793,0,-0.1141948,0.9922771,0.04843368,0,-0.9910289,-0.1103727,-0.07536188,0,-0.9773831,1.603104,-0.5907798,1,1.0,1.0,0.1438285,0.109962,0.9834743,-0.0007423097,-1.412199e-05,-0.02016702,73.3,4578
25,0.2054731,0.1465313,1.000113,0.09095968,0.08474108,1.000124,0.1482166,0.1156363,1.000119,0.06956375,-0.1143145,-0.9910062,0,0.05639765,0.9922745,-0.1105019,0,-0.9959821,0.04820348,-0.07547337,0,-0.6107,-1.673928,-0.836192,1,0.06956371,0.05639764,-0.9959819,0,-0.1143144,0.9922745,0.04820348,0,-0.991006,-0.1105019,-0.07547338,0,-0.9775429,1.603037,-0.5906672,1,1.0,1.0,0.1435665,0.1114683,0.9833431,-0.0007435158,-1.932526e-05,-0.02016526,73.32223,4579
25,0.204562,0.1469032,1.000034,0.09049068,0.08346228,1.000045,0.1475264,0.1151828,1.000039,0.06977373,-0.1145256,-0.990967,0,0.05641315,0.9922513,-0.110702,0,-0.9959665,0.04817947,-0.07569379,0,-0.6104829,-1.674151,-0.8360089,1,0.06977369,0.05641314,-0.9959664,0,-0.1145256,0.9922513,0.04817948,0,-0.9909669,-0.110702,-0.07569382,0,-0.9775947,1.60307,-0.5906414,1,1.0,1.0,0.1429347,0.1110563,0.9834817,-0.0007452704,-2.012635e-05,-0.02016497,73.33334,4580
25,0.1973471,0.1462291,1.000135,0.08973353,0.08302097,1.000139,0.1435404,0.1146253,1.000137,0.07005948,-0.1149291,-0.9909001,0,0.05638986,0.9922088,-0.1110939,0,-0.9959478,0.04809354,-0.07599443,0,-0.6101797,-1.674584,-0.8356228,1,0.07005945,0.05638985,-0.9959477,0,-0.1149291,0.9922088,0.04809352,0,-0.9909002,-0.1110939,-0.07599446,0,-0.9777282,1.603112,-0.5906731,1,1.0,1.0,0.1391816,0.1105735,0.9840742,-0.000765129,-1.890564e-05,-0.02016527,73.34444,4581
25,0.1966673,0.1460992,1.000023,0.09006994,0.08263396,1.000023,0.1433685,0.1143665,1.000023,0.07035744,-0.1152365,-0.9908434,0,0.05637293,0.9921767,-0.1113887,0,-0.9959278,0.0480197,-0.07630324,0,-0.6098764,-1.674926,-0.8353488,1,0.07035743,0.05637291,-0.9959275,0,-0.1152365,0.9921768,0.04801971,0,-0.9908432,-0.1113887,-0.07630321,0,-0.977803,1.603155,-0.590703,1,1.0,1.0,0.1390377,0.1103417,0.9841205,-0.0007649921,-1.906586e-05,-0.02016527,73.36667,4582
25,0.1969012,0.1464743,0.9999955,0.09046929,0.08244875,1.000044,0.1436859,0.1144621,1.00002,0.07097518,-0.115519,-0.9907663,0,0.05646743,0.9921438,-0.1116344,0,-0.9958785,0.04802275,-0.07694066,0,-0.6093979,-1.675198,-0.8353329,1,0.07097518,0.05646741,-0.9958783,0,-0.1155189,0.9921437,0.04802274,0,-0.9907662,-0.1116344,-0.07694063,0,-0.9778846,1.603196,-0.5907096,1,1.0,1.0,0.139337,0.1104293,0.9840684,-0.0007649921,-1.992797e-05,-0.02016498,73.38889,4583
25,0.196902,0.146475,1.0,0.09046421,0.0824451,1.0,0.1436831,0.1144599,1.0,0.07097518,-0.115519,-0.9907663,0,0.05646743,0.9921438,-0.1116344,0,-0.9958785,0.04802275,-0.07694066,0,-0.6093979,-1.675198,-0.8353329,1,0.07097518,0.05646741,-0.9958783,0,-0.1155189,0.9921437,0.04802274,0,-0.9907662,-0.1116344,-0.07694063,0,-0.9778846,1.603196,-0.5907096,1,1.0,1.0,0.139337,0.1104293,0.9840684,-0.0007649921,-1.992797e-05,-0.02016498,73.4,4584
25,0.1976656,0.146309,1.000106,0.09010293,0.08063492,1.000077,0.1438839,0.1134715,1.000091,0.07111877,-0.1161549,-0.9906816,0,0.0563836,0.9920767,-0.1122708,0,-0.995873,0.04787363,-0.07710451,0,-0.6091532,-1.675814,-0.8343632,1,0.07111877,0.05638359,-0.995873,0,-0.1161549,0.9920766,0.04787364,0,-0.9906817,-0.1122708,-0.07710452,0,-0.9779202,1.603208,-0.5907451,1,1.0,1.0,0.1395315,0.1094801,0.9841468,-0.0007660147,-2.472688e-05,-0.02015605,73.41111,4585
25,0.1986273,0.146202,0.9999086,0.09082577,0.07988008,0.9999169,0.1447268,0.1130412,0.9999128,0.07117814,-0.1161616,-0.9906767,0,0.05652352,0.9920695,-0.1122638,0,-0.9958609,0.04800579,-0.07717955,0,-0.6093274,-1.67572,-0.8343378,1,0.07117815,0.0565235,-0.9958608,0,-0.1161616,0.9920694,0.04800579,0,-0.9906766,-0.1122638,-0.07717951,0,-0.9778424,1.603206,-0.5907549,1,1.0,1.0,0.1403597,0.1090804,0.9840735,-0.0007660147,-2.80533e-05,-0.02014902,73.42223,4586
25,0.1987978,0.1459246,0.9999936,0.09083704,0.08009067,0.999999,0.1448174,0.1130076,0.9999963,0.07106155,-0.1158308,-0.9907237,0,0.05642047,0.9921113,-0.1119462,0,-0.995875,0.04794203,-0.0770362,0,-0.6093485,-1.675516,-0.8348674,1,0.07106155,0.05642046,-0.9958749,0,-0.1158308,0.9921112,0.04794202,0,-0.9907237,-0.1119462,-0.07703619,0,-0.9778981,1.603218,-0.5908223,1,1.0,1.0,0.1404352,0.1090396,0.9840673,-0.0007665176,-2.95105e-05,-0.02014884,73.44444,4587
25,0.199169,0.146479,1.000218,0.09079702,0.08024178,1.000206,0.1449829,0.1133603,1.000212,0.07076848,-0.115429,-0.9907916,0,0.05599101,0.9921756,-0.111591,0,-0.9959201,0.0475783,-0.07667774,0,-0.6089015,-1.675447,-0.8354959,1,0.07076847,0.05599101,-0.9959201,0,-0.115429,0.9921756,0.04757829,0,-0.9907917,-0.111591,-0.07667774,0,-0.9781065,1.603196,-0.5907663,1,1.0,1.0,0.1405612,0.1093565,0.984014,-0.0007699588,-3.507233e-05,-0.02014708,73.46667,4588
25,0.200606,0.1473211,0.9999843,0.09060967,0.08026981,0.9999786,0.1456078,0.1137953,0.9999815,0.07062525,-0.1152474,-0.990823,0,0.05585451,0.9922018,-0.1114265,0,-0.995938,0.0474724,-0.07651156,0,-0.6089035,-1.67542,-0.8356704,1,0.07062522,0.05585451,-0.9959379,0,-0.1152474,0.9922018,0.04747241,0,-0.990823,-0.1114265,-0.07651158,0,-0.9780854,1.603249,-0.5908324,1,1.0,1.0,0.1411783,0.1097883,0.9838776,-0.0007720031,-3.793335e-05,-0.02014562,73.47778,4589
25,0.2016186,0.1472608,1.000112,0.09025184,0.0802109,1.000077,0.1459347,0.1137353,1.000094,0.07035607,-0.1153035,-0.9908355,0,0.05575706,0.9921987,-0.111503,0,-0.9959624,0.04740118,-0.07623619,0,-0.6090427,-1.675479,-0.835444,1,0.07035609,0.05575708,-0.9959626,0,-0.1153035,0.9921987,0.04740118,0,-0.9908356,-0.111503,-0.0762362,0,-0.9781263,1.603212,-0.5908552,1,1.0,1.0,0.1414765,0.1097161,0.9838428,-0.0007753223,-3.953555e-05,-0.02014384,73.48889,4590
25,0.2031866,0.1473709,0.999963,0.09199413,0.08032931,0.9999608,0.1475904,0.1138502,0.9999619,0.070297,-0.1153229,-0.9908375,0,0.05608034,0.9921808,-0.1115005,0,-0.9959484,0.04772835,-0.07621467,0,-0.609623,-1.675239,-0.8353963,1,0.070297,0.05608034,-0.9959485,0,-0.1153229,0.9921808,0.04772836,0,-0.9908376,-0.1115005,-0.07621469,0,-0.9780808,1.603181,-0.5908662,1,1.0,1.0,0.1430579,0.1098168,0.9836029,-0.0007762527,-4.189301e-05,-0.02014154,73.5,4591
25,0.2052252,0.1476732,1.000053,0.09238359,0.08082565,0.9999895,0.1488036,0.1142483,1.000021,0.06991225,-0.1160497,-0.9907799,0,0.05641085,0.9920807,-0.1122216,0,-0.995957,0.04804507,-0.07590503,0,-0.6105188,-1.675591,-0.8339481,1,0.0699122,0.05641083,-0.9959567,0,-0.1160497,0.9920807,0.04804506,0,-0.9907798,-0.1122216,-0.07590505,0,-0.9780281,1.603175,-0.5908473,1,1.0,1.0,0.1441903,0.1101727,0.9833978,-0.0007771533,-4.282381e-05,-0.02013872,73.52222,4592
25,0.2073009,0.1474302,1.000067,0.091546,0.08130671,1.000043,0.1494232,0.1143681,1.000055,0.06987566,-0.1163813,-0.9907436,0,0.05650289,0.9920384,-0.1125483,0,-0.9959543,0.04811547,-0.07589519,0,-0.610722,-1.675819,-0.8333963,1,0.06987562,0.05650288,-0.9959543,0,-0.1163813,0.9920385,0.04811549,0,-0.9907435,-0.1125483,-0.07589521,0,-0.9780412,1.603187,-0.5908691,1,1.0,1.0,0.1447715,0.1102688,0.9833016,-0.0007819971,-3.981782e-05,-0.02015312,73.53333,4593
25,0.211017,0.1476014,1.000063,0.09252869,0.08039691,1.000056,0.1517728,0.1139991,1.00006,0.06978154,-0.1165488,-0.9907306,0,0.05660567,0.9920139,-0.1127128,0,-0.995955,0.04821569,-0.07582158,0,-0.6109855,-1.675951,-0.833064,1,0.06978153,0.05660567,-0.995955,0,-0.1165488,0.9920139,0.0482157,0,-0.9907303,-0.1127128,-0.07582158,0,-0.9780363,1.603255,-0.5908711,1,1.0,1.0,0.1470096,0.1098663,0.9830146,-0.0008027274,-2.710725e-05,-0.0201732,73.55556,4594
25,0.2110423,0.1481484,1.000123,0.09271173,0.07973617,1.000159,0.1518776,0.1139426,1.000141,0.0700857,-0.1165541,-0.9907085,0,0.056629,0.9920139,-0.1127016,0,-0.9959323,0.04820405,-0.07612634,0,-0.6106763,-1.675931,-0.8334267,1,0.0700857,0.05662899,-0.9959323,0,-0.1165541,0.9920139,0.04820406,0,-0.9907084,-0.1127016,-0.07612633,0,-0.9782197,1.6032,-0.5908513,1,1.0,1.0,0.1470971,0.1097976,0.9830091,-0.0008027274,-2.211001e-05,-0.02017811,73.56667,4595
25,0.2111602,0.15118,0.9999781,0.09262946,0.08105607,1.000017,0.1518954,0.1161187,0.9999977,0.07033324,-0.1163885,-0.9907103,0,0.05655161,0.9920378,-0.1125297,0,-0.9959193,0.04811168,-0.07635522,0,-0.6103058,-1.67589,-0.8338916,1,0.07033327,0.05655162,-0.9959193,0,-0.1163885,0.9920378,0.04811169,0,-0.9907103,-0.1125297,-0.0763552,0,-0.9782746,1.603223,-0.5908574,1,1.0,1.0,0.1470985,0.111881,0.982774,-0.0008027274,-2.122499e-05,-0.02018654,73.57778,4596
25,0.2113067,0.1506591,1.000044,0.09448808,0.08118801,1.000053,0.1528976,0.1159236,1.000048,0.0706135,-0.1162698,-0.9907043,0,0.05607509,0.9920757,-0.112434,0,-0.9959264,0.04761449,-0.07657379,0,-0.6091714,-1.676126,-0.834271,1,0.07061351,0.0560751,-0.9959264,0,-0.1162698,0.9920758,0.04761448,0,-0.9907044,-0.112434,-0.07657378,0,-0.978383,1.603203,-0.5907654,1,1.0,1.0,0.1480392,0.1116726,0.9826564,-0.0008027274,-1.959229e-05,-0.02018654,73.6,4597
25,0.2105375,0.1509322,1.000023,0.09298529,0.08109266,1.000034,0.1517615,0.1160124,1.000029,0.07082927,-0.1163513,-0.9906794,0,0.05559928,0.9920902,-0.1125419,0,-0.9959377,0.04710979,-0.07673812,0,-0.6081958,-1.67653,-0.8342097,1,0.07082932,0.05559928,-0.9959377,0,-0.1163513,0.9920902,0.0471098,0,-0.9906793,-0.1125419,-0.07673807,0,-0.9784227,1.6032,-0.5907598,1,1.0,1.0,0.1469681,0.111776,0.9828054,-0.0008008117,-1.812744e-05,-0.02018654,73.62222,4598
25,0.2104928,0.1508995,1.00014,0.09330057,0.08114962,1.000122,0.1518964,0.1160242,1.000131,0.07075393,-0.1162613,-0.9906954,0,0.05477131,0.9921389,-0.112519,0,-0.995989,0.04630052,-0.0765655,0,-0.6069272,-1.677068,-0.8342684,1,0.07075392,0.0547713,-0.9959889,0,-0.1162612,0.9921387,0.04630052,0,-0.9906952,-0.112519,-0.0765655,0,-0.9785413,1.603255,-0.5907198,1,1.0,1.0,0.1470794,0.1117739,0.982789,-0.0007993849,-1.799013e-05,-0.02018654,73.63334,4599
25,0.210647,0.1517039,1.000136,0.09392875,0.08140335,1.00014,0.1522879,0.1165538,1.000138,0.07081097,-0.1163641,-0.9906791,0,0.05499439,0.9921171,-0.1126022,0,-0.9959726,0.04650833,-0.07665217,0,-0.6072116,-1.677016,-0.8343107,1,0.070811,0.05499439,-0.9959726,0,-0.1163641,0.9921171,0.04650832,0,-0.9906793,-0.1126022,-0.07665215,0,-0.9786814,1.603244,-0.5907226,1,1.0,1.0,0.147439,0.1122741,0.9826781,-0.0007987134,-2.094268e-05,-0.02018095,73.64445,4600
25,0.2097621,0.151704,1.00008,0.09373079,0.08239944,1.000033,0.1517457,0.1170508,1.000057,0.07028347,-0.1165508,-0.9906947,0,0.05568316,0.9920607,-0.1127612,0,-0.9959716,0.04723978,-0.07621539,0,-0.6088035,-1.676659,-0.8338698,1,0.07028348,0.05568317,-0.9959717,0,-0.1165509,0.9920606,0.04723977,0,-0.9906949,-0.1127612,-0.07621539,0,-0.9787377,1.603219,-0.5906998,1,1.0,1.0,0.1469325,0.1127676,0.9826974,-0.0007985989,-2.387236e-05,-0.02017454,73.66667,4601
25,0.2089115,0.1517998,0.9999903,0.09390739,0.0815569,0.9999779,0.1514093,0.1166781,0.9999841,0.07012409,-0.1165684,-0.9907041,0,0.05606184,0.9920397,-0.1127574,0,-0.9959618,0.04763368,-0.07610095,0,-0.6095526,-1.676404,-0.8337855,1,0.0701241,0.05606184,-0.9959616,0,-0.1165684,0.9920398,0.04763368,0,-0.990704,-0.1127574,-0.07610091,0,-0.978706,1.603217,-0.5906896,1,1.0,1.0,0.1466315,0.112427,0.9827815,-0.0007985989,-2.466582e-05,-0.02017326,73.67778,4602
25,0.2091122,0.1501332,1.000068,0.09382315,0.08159504,1.000065,0.1514676,0.1158642,1.000067,0.07015103,-0.1166926,-0.9906875,0,0.05615743,0.9920211,-0.1128732,0,-0.9959544,0.0477163,-0.07614446,0,-0.6096601,-1.676443,-0.8336678,1,0.07015102,0.05615744,-0.9959544,0,-0.1166926,0.9920213,0.0477163,0,-0.9906874,-0.1128732,-0.07614446,0,-0.9787645,1.603206,-0.5906791,1,1.0,1.0,0.146688,0.1116446,0.9828622,-0.000798706,-2.616883e-05,-0.02017191,73.68889,4603
25,0.2091825,0.1505029,1.000041,0.09340166,0.08132084,1.000069,0.1512924,0.1159124,1.000055,0.07024765,-0.1170592,-0.9906374,0,0.05658293,0.9919594,-0.113203,0,-0.9959235,0.04810092,-0.0763064,0,-0.6102334,-1.676522,-0.8332863,1,0.07024769,0.05658295,-0.9959236,0,-0.1170592,0.9919595,0.04810093,0,-0.9906374,-0.113203,-0.07630638,0,-0.9788694,1.60324,-0.5906886,1,1.0,1.0,0.1465252,0.1116962,0.9828806,-0.0007996224,-2.745821e-05,-0.02016831,73.71111,4604
25,0.2095138,0.1519994,1.00021,0.09342028,0.08128528,1.000224,0.1514673,0.1166426,1.000217,0.0703792,-0.1170944,-0.990624,0,0.05665199,0.9919528,-0.1132267,0,-0.9959105,0.048152,-0.07644647,0,-0.6101466,-1.67652,-0.8335522,1,0.07037918,0.05665197,-0.9959102,0,-0.1170944,0.9919527,0.048152,0,-0.9906237,-0.1132266,-0.07644645,0,-0.9791061,1.603214,-0.5906456,1,1.0,1.0,0.1466557,0.1123727,0.982784,-0.0007992098,-2.915191e-05,-0.02016631,73.72222,4605
25,0.2097232,0.1531416,1.000209,0.09336932,0.08247439,1.000225,0.1515466,0.1178083,1.000217,0.07087439,-0.1172296,-0.9905726,0,0.05642112,0.9919512,-0.1133559,0,-0.9958882,0.04785519,-0.07691813,0,-0.609272,-1.676867,-0.8339021,1,0.07087436,0.05642112,-0.9958883,0,-0.1172296,0.9919512,0.04785518,0,-0.9905726,-0.1133559,-0.07691816,0,-0.9794374,1.603219,-0.5906623,1,1.0,1.0,0.1467115,0.1134814,0.9826483,-0.0007987143,-3.069307e-05,-0.02016423,73.74445,4606
25,0.2096021,0.1543126,1.000093,0.09317758,0.08239916,1.000108,0.1513901,0.118356,1.0001,0.0710333,-0.1171907,-0.9905658,0,0.05610119,0.9919718,-0.1133341,0,-0.995895,0.04752142,-0.07703757,0,-0.6085472,-1.677075,-0.8341214,1,0.07103331,0.05610118,-0.995895,0,-0.1171907,0.9919718,0.04752142,0,-0.9905658,-0.1133341,-0.07703757,0,-0.9795628,1.603217,-0.5906108,1,1.0,1.0,0.1465722,0.114018,0.982607,-0.000798584,-3.121185e-05,-0.02016039,73.75555,4607
25,0.2099994,0.153003,1.000001,0.09310031,0.08161664,1.000025,0.1515502,0.1173104,1.000013,0.07145393,-0.1170734,-0.9905495,0,0.05568992,0.992007,-0.1132284,0,-0.9958881,0.04707299,-0.07740259,0,-0.6074553,-1.677333,-0.8346308,1,0.07145391,0.05568991,-0.9958881,0,-0.1170734,0.992007,0.047073,0,-0.9905494,-0.1132284,-0.0774026,0,-0.979709,1.603251,-0.590603,1,1.0,1.0,0.1467492,0.1130305,0.9826947,-0.0007969812,-3.166197e-05,-0.02016748,73.77778,4608
25,0.2102864,0.1538238,1.000106,0.09301189,0.08147717,1.000104,0.151649,0.1176505,1.000105,0.0715434,-0.1171898,-0.9905293,0,0.05549424,0.9920034,-0.113356,0,-0.9958926,0.04685879,-0.07747465,0,-0.6070665,-1.677547,-0.8345479,1,0.07154338,0.05549423,-0.9958924,0,-0.1171898,0.9920034,0.04685879,0,-0.9905292,-0.113356,-0.07747463,0,-0.9798038,1.60322,-0.5906215,1,1.0,1.0,0.1468239,0.113344,0.9826474,-0.0007962724,-3.355407e-05,-0.02016686,73.78889,4609
25,0.2105105,0.1538213,1.000166,0.09296054,0.08213024,1.000154,0.1517355,0.1179755,1.00016,0.07144707,-0.1171588,-0.99054,0,0.05533443,0.992014,-0.1133419,0,-0.9959084,0.04671299,-0.07735944,0,-0.6069221,-1.677646,-0.8346578,1,0.07144708,0.05533441,-0.9959083,0,-0.1171588,0.9920139,0.046713,0,-0.9905396,-0.1133419,-0.07735939,0,-0.9799497,1.60323,-0.5906395,1,1.0,1.0,0.1468923,0.1136461,0.9826023,-0.0007962724,-3.355407e-05,-0.0201666,73.8,4610
25,0.2112205,0.1537787,1.000097,0.09294727,0.08169628,1.000072,0.1520835,0.1177372,1.000085,0.07111126,-0.1175481,-0.9905179,0,0.05513109,0.991977,-0.1137633,0,-0.9959437,0.04651848,-0.0770213,0,-0.6069992,-1.678173,-0.8339258,1,0.07111126,0.0551311,-0.9959436,0,-0.1175481,0.9919772,0.04651848,0,-0.9905179,-0.1137633,-0.0770213,0,-0.9801199,1.603304,-0.590701,1,1.0,1.0,0.1472347,0.1134221,0.9825768,-0.0007962724,-3.393556e-05,-0.02016528,73.82223,4611
25,0.2112443,0.1534645,1.000175,0.09312744,0.08143546,1.000126,0.1521853,0.1174492,1.00015,0.0708943,-0.1178525,-0.9904972,0,0.05503461,0.9919454,-0.1140857,0,-0.9959644,0.0464236,-0.07680923,0,-0.6071615,-1.678455,-0.8333423,1,0.0708943,0.05503461,-0.9959645,0,-0.1178525,0.9919454,0.0464236,0,-0.9904972,-0.1140857,-0.07680925,0,-0.9801891,1.603278,-0.5907998,1,1.0,1.0,0.1473258,0.1131392,0.9825959,-0.0007962724,-3.327179e-05,-0.02016643,73.83334,4612
25,0.2104908,0.1530533,1.000188,0.09196961,0.08070776,1.000152,0.1512297,0.1168799,1.00017,0.0702247,-0.1183575,-0.9904848,0,0.05532182,0.99187,-0.1146008,0,-0.9959961,0.04674761,-0.0762015,0,-0.6084417,-1.678624,-0.8321954,1,0.07022465,0.05532181,-0.9959959,0,-0.1183575,0.99187,0.04674761,0,-0.9904846,-0.1146008,-0.07620152,0,-0.980227,1.603267,-0.5909483,1,1.0,1.0,0.1464341,0.112606,0.9827904,-0.0008006059,-2.946472e-05,-0.02017954,73.85556,4613
25,0.2098706,0.1530629,1.00014,0.09144768,0.08032058,1.000109,0.1506586,0.116691,1.000125,0.06997281,-0.1184212,-0.990495,0,0.05552048,0.9918519,-0.1146612,0,-0.9960027,0.04696959,-0.0759775,0,-0.6090559,-1.67852,-0.8320609,1,0.06997284,0.05552049,-0.9960026,0,-0.1184212,0.991852,0.04696959,0,-0.9904949,-0.1146612,-0.07597747,0,-0.980307,1.603253,-0.5909998,1,1.0,1.0,0.1459085,0.1124407,0.9828874,-0.0008041458,-2.977753e-05,-0.02017872,73.86667,4614
25,0.2105839,0.1528469,1.00012,0.09144591,0.08031939,1.000093,0.1510145,0.1165827,1.000106,0.06978607,-0.11853,-0.9904952,0,0.0556595,0.9918318,-0.1147684,0,-0.996008,0.04712121,-0.07581335,0,-0.609538,-1.678572,-0.8318612,1,0.06978606,0.05565948,-0.9960079,0,-0.11853,0.9918318,0.04712122,0,-0.990495,-0.1147684,-0.07581335,0,-0.9803781,1.603316,-0.5910745,1,1.0,1.0,0.1462481,0.1123343,0.9828491,-0.0008041458,-3.016664e-05,-0.02017777,73.87778,4615
25,0.20982,0.1523945,0.9999532,0.09142725,0.08030691,0.9999375,0.1506233,0.1163503,0.9999453,0.06961298,-0.1187749,-0.990478,0,0.05520494,0.9918238,-0.1150564,0,-0.9960454,0.04666986,-0.07560074,0,-0.6090521,-1.6791,-0.8312703,1,0.06961295,0.05520494,-0.9960454,0,-0.1187749,0.9918239,0.04666986,0,-0.9904779,-0.1150564,-0.07560077,0,-0.9803918,1.603351,-0.5911248,1,1.0,1.0,0.1459055,0.1121377,0.9829225,-0.0008041458,-3.11966e-05,-0.02017703,73.9,4616
25,0.2098139,0.1526387,1.000068,0.0914729,0.08022214,1.000073,0.1506436,0.1164305,1.000071,0.06959718,-0.1186068,-0.9904992,0,0.0548799,0.9918584,-0.1149134,0,-0.9960645,0.04636084,-0.07553971,0,-0.6086791,-1.679177,-0.8315636,1,0.06959721,0.05487989,-0.9960645,0,-0.1186068,0.9918584,0.04636084,0,-0.9904992,-0.1149134,-0.07553969,0,-0.9804626,1.603353,-0.5912516,1,1.0,1.0,0.145906,0.1122008,0.9829153,-0.0008041458,-3.189087e-05,-0.02017693,73.91111,4617
25,0.2097665,0.1523165,1.000045,0.09152126,0.07927088,1.000036,0.1506438,0.1157934,1.00004,0.06960994,-0.1187064,-0.9904864,0,0.05469353,0.9918556,-0.1150267,0,-0.9960738,0.0461662,-0.07553548,0,-0.6084038,-1.679342,-0.8313928,1,0.06960994,0.05469353,-0.9960738,0,-0.1187064,0.9918556,0.0461662,0,-0.9904864,-0.1150267,-0.07553548,0,-0.9804809,1.603308,-0.5912859,1,1.0,1.0,0.1459218,0.1116081,0.9829804,-0.0008041458,-4.117584e-05,-0.02016552,73.92223,4618
25,0.2103476,0.1547101,1.000046,0.09295387,0.07968951,1.000077,0.1516512,0.1172004,1.000062,0.06978953,-0.1183258,-0.9905193,0,0.05441743,0.9919134,-0.1146583,0,-0.9960764,0.04589956,-0.07566416,0,-0.6077518,-1.679203,-0.8322554,1,0.06978954,0.05441742,-0.9960764,0,-0.1183258,0.9919134,0.04589957,0,-0.9905192,-0.1146582,-0.07566415,0,-0.9806433,1.603271,-0.5912645,1,1.0,1.0,0.1468424,0.1129358,0.9826916,-0.0007988969,-4.817199e-05,-0.02015707,73.94444,4619
25,0.2112038,0.1518443,1.000077,0.09328516,0.08015945,1.000104,0.1522448,0.1160023,1.000091,0.07000065,-0.1182312,-0.9905156,0,0.05421523,0.9919348,-0.1145691,0,-0.9960726,0.04568112,-0.07584602,0,-0.607291,-1.679297,-0.8326302,1,0.07000066,0.05421523,-0.9960726,0,-0.1182312,0.9919348,0.04568112,0,-0.9905156,-0.1145691,-0.07584602,0,-0.9807678,1.603284,-0.5913454,1,1.0,1.0,0.1474129,0.1117902,0.9827372,-0.0007938538,-5.415344e-05,-0.02015167,73.95556,4620
25,0.2110247,0.1551257,1.000132,0.09436847,0.08067959,1.000148,0.1526967,0.1179027,1.00014,0.07007951,-0.1181394,-0.9905211,0,0.05420321,0.9919463,-0.1144746,0,-0.9960678,0.04566709,-0.07591861,0,-0.6072661,-1.679268,-0.8329923,1,0.07007945,0.05420319,-0.9960675,0,-0.1181394,0.9919463,0.04566709,0,-0.9905209,-0.1144745,-0.07591863,0,-0.9809272,1.603303,-0.5914304,1,1.0,1.0,0.1477993,0.1135957,0.9824721,-0.0007890016,-6.343843e-05,-0.02013306,73.97778,4621
25,0.2114026,0.1534299,1.0001,0.09335755,0.08096496,1.000089,0.15238,0.1171972,1.000094,0.07008463,-0.1182876,-0.990503,0,0.05416789,0.9919308,-0.1146254,0,-0.9960693,0.04561997,-0.07592648,0,-0.6072615,-1.679431,-0.8328137,1,0.0700846,0.05416788,-0.9960692,0,-0.1182876,0.9919309,0.04561998,0,-0.9905029,-0.1146254,-0.07592649,0,-0.9810005,1.603312,-0.5914915,1,1.0,1.0,0.1475166,0.1129351,0.9825907,-0.0007867813,-6.351472e-05,-0.02013114,73.98889,4622
25,0.2114229,0.1533723,1.000036,0.09341026,0.08039172,1.000038,0.1524165,0.1168819,1.000037,0.07017386,-0.1184093,-0.9904822,0,0.05422007,0.9919149,-0.1147392,0,-0.9960602,0.04565232,-0.07602668,0,-0.6073251,-1.679595,-0.8327072,1,0.07017387,0.05422007,-0.9960601,0,-0.1184094,0.9919149,0.04565232,0,-0.9904822,-0.1147392,-0.07602665,0,-0.981043,1.6034,-0.5915627,1,1.0,1.0,0.1475645,0.112641,0.9826173,-0.0007866519,-6.351472e-05,-0.02012901,74.0,4623
25,0.2114378,0.153158,1.000241,0.09323977,0.08045083,1.000211,0.1523384,0.1168039,1.000226,0.0701232,-0.1190958,-0.9904034,0,0.05441166,0.9918261,-0.1154143,0,-0.9960532,0.04579628,-0.07603025,0,-0.6077011,-1.680094,-0.8317785,1,0.07012325,0.05441167,-0.9960533,0,-0.1190958,0.991826,0.04579628,0,-0.9904035,-0.1154143,-0.07603021,0,-0.9812744,1.603428,-0.591601,1,1.0,1.0,0.147466,0.1125484,0.9826427,-0.0007862318,-6.351472e-05,-0.02012406,74.02222,4624
25,0.2115375,0.1556615,1.000142,0.09354597,0.08045924,1.000111,0.1525414,0.1180599,1.000126,0.07002532,-0.1193426,-0.9903806,0,0.05435843,0.9917992,-0.1156701,0,-0.9960631,0.0457357,-0.07593834,0,-0.6077067,-1.680372,-0.8313725,1,0.07002532,0.05435842,-0.9960629,0,-0.1193426,0.9917991,0.04573569,0,-0.9903806,-0.1156701,-0.07593833,0,-0.9813603,1.603461,-0.5915942,1,1.0,1.0,0.1476507,0.1137509,0.9824764,-0.0007858966,-6.417083e-05,-0.02012161,74.03333,4625
25,0.2114805,0.1557516,1.000091,0.09353116,0.08232899,1.00009,0.1525058,0.1190403,1.00009,0.06982088,-0.1194884,-0.9903775,0,0.0547172,0.9917645,-0.1157982,0,-0.9960578,0.04610555,-0.07578391,0,-0.6085435,-1.680343,-0.8314129,1,0.06982085,0.05471719,-0.9960577,0,-0.1194884,0.9917645,0.04610554,0,-0.9903775,-0.1157982,-0.07578394,0,-0.9817051,1.603526,-0.591679,1,1.0,1.0,0.1476063,0.1146856,0.9823744,-0.0007858966,-6.256104e-05,-0.02012119,74.05556,4626
25,0.2098687,0.1553467,1.000078,0.09191287,0.08196759,1.000073,0.1508907,0.1186571,1.000076,0.06979114,-0.1195379,-0.9903736,0,0.05478484,0.9917554,-0.115844,0,-0.996056,0.04617258,-0.0757646,0,-0.6086931,-1.680301,-0.8313912,1,0.06979114,0.05478485,-0.9960562,0,-0.1195379,0.9917554,0.04617257,0,-0.9903736,-0.115844,-0.07576461,0,-0.9817662,1.603483,-0.5916987,1,1.0,1.0,0.1460925,0.1143473,0.9826401,-0.0007856367,-6.043245e-05,-0.0201214,74.06667,4627
25,0.21019,0.1560812,1.000018,0.09262276,0.08172033,1.000028,0.1514065,0.1189009,1.000023,0.06974417,-0.1193662,-0.9903978,0,0.05494001,0.991768,-0.1156624,0,-0.996051,0.04634565,-0.075728,0,-0.6090006,-1.68004,-0.8317254,1,0.06974413,0.05493999,-0.9960508,0,-0.1193661,0.9917681,0.04634567,0,-0.9903975,-0.1156624,-0.075728,0,-0.9818044,1.60347,-0.5917178,1,1.0,1.0,0.1465823,0.1145749,0.9825407,-0.0007858956,-5.915831e-05,-0.02012138,74.07778,4628
25,0.2099449,0.1592471,1.000005,0.09097906,0.08384681,1.000005,0.150462,0.1215469,1.000005,0.0697487,-0.1189341,-0.9904493,0,0.05466482,0.9918312,-0.1152505,0,-0.9960657,0.04610416,-0.07568043,0,-0.6085412,-1.679817,-0.8324934,1,0.06974868,0.05466482,-0.9960657,0,-0.1189341,0.9918312,0.04610416,0,-0.9904494,-0.1152505,-0.07568044,0,-0.9818851,1.603415,-0.5917039,1,1.0,1.0,0.1456511,0.1171023,0.9823812,-0.0007879632,-5.673218e-05,-0.02013762,74.1,4629
25,0.2098064,0.1597305,1.000077,0.09119341,0.08203676,1.000079,0.1505,0.1208837,1.000078,0.06969845,-0.1188176,-0.990467,0,0.05460653,0.9918472,-0.1151406,0,-0.9960725,0.04606083,-0.07561839,0,-0.6085038,-1.679774,-0.8327329,1,0.06969839,0.05460651,-0.9960723,0,-0.1188176,0.9918471,0.04606083,0,-0.9904667,-0.1151406,-0.07561841,0,-0.9819692,1.603426,-0.5917119,1,1.0,1.0,0.1456877,0.116461,0.982452,-0.0007878486,-5.416106e-05,-0.0201391,74.11111,4630
25,0.2086436,0.1594386,1.000068,0.09098545,0.08176825,1.000082,0.1498148,0.1206039,1.000075,0.07009161,-0.1190132,-0.9904156,0,0.05453629,0.9918298,-0.1153236,0,-0.9960487,0.04593038,-0.07600951,0,-0.6079711,-1.679942,-0.8329923,1,0.07009164,0.05453629,-0.9960486,0,-0.1190132,0.9918298,0.04593038,0,-0.9904156,-0.1153236,-0.07600947,0,-0.9823301,1.603309,-0.5917237,1,1.0,1.0,0.1450466,0.1162046,0.9825772,-0.0007877499,-5.217743e-05,-0.02013938,74.13334,4631
25,0.2082483,0.1597139,1.000121,0.0911842,0.08218414,1.000117,0.1497162,0.1209489,1.000119,0.07018816,-0.1192705,-0.9903778,0,0.0547851,0.9917888,-0.1155578,0,-0.9960282,0.04614716,-0.07614607,0,-0.6082988,-1.680057,-0.8327693,1,0.07018816,0.05478511,-0.9960283,0,-0.1192705,0.9917887,0.04614716,0,-0.9903778,-0.1155578,-0.07614608,0,-0.982442,1.603354,-0.591765,1,1.0,1.0,0.1449418,0.1165292,0.9825542,-0.0007876735,-5.217743e-05,-0.02013979,74.14445,4632
25,0.2082646,0.1596487,1.000115,0.09037476,0.08296693,1.000093,0.1493194,0.1213074,1.000104,0.07026517,-0.1197378,-0.990316,0,0.05513251,0.9917184,-0.1159956,0,-0.9960037,0.04644815,-0.07628471,0,-0.608723,-1.680195,-0.8323137,1,0.07026517,0.0551325,-0.9960036,0,-0.1197378,0.9917185,0.04644816,0,-0.9903159,-0.1159956,-0.0762847,0,-0.9826643,1.603296,-0.5917411,1,1.0,1.0,0.1445633,0.1168779,0.9825686,-0.0007870551,-5.197144e-05,-0.02014019,74.16667,4633
25,0.2071975,0.1590228,1.000151,0.09027784,0.08360865,1.000149,0.1487376,0.1213158,1.00015,0.07037503,-0.1198683,-0.9902923,0,0.05491164,0.991714,-0.1161381,0,-0.996008,0.04620535,-0.07637411,0,-0.6082885,-1.680513,-0.8322594,1,0.07037508,0.05491165,-0.9960082,0,-0.1198683,0.991714,0.04620536,0,-0.9902923,-0.1161381,-0.07637408,0,-0.9828119,1.603333,-0.5917746,1,1.0,1.0,0.1440078,0.1168861,0.9826492,-0.0007869797,-4.875948e-05,-0.02014429,74.17778,4634
25,0.2071463,0.1581039,0.9999856,0.09034075,0.08358119,1.000002,0.1487437,0.1208429,0.9999939,0.07043606,-0.1196678,-0.9903123,0,0.0545528,0.9917544,-0.115962,0,-0.9960235,0.04585639,-0.07638353,0,-0.6076759,-1.680617,-0.8326677,1,0.07043609,0.05455279,-0.9960233,0,-0.1196678,0.9917544,0.04585639,0,-0.9903122,-0.115962,-0.07638347,0,-0.9829143,1.603352,-0.5917944,1,1.0,1.0,0.1440418,0.1164514,0.9826958,-0.0007859571,-4.528809e-05,-0.02014218,74.2,4635
25,0.2073781,0.1582031,1.000065,0.08950423,0.08351622,1.000075,0.1484413,0.12086,1.00007,0.0703426,-0.1194734,-0.9903425,0,0.05486698,0.9917621,-0.1157475,0,-0.9960129,0.04619509,-0.07631826,0,-0.6082598,-1.680218,-0.8330907,1,0.07034259,0.05486695,-0.9960127,0,-0.1194734,0.9917621,0.04619511,0,-0.9903423,-0.1157475,-0.07631825,0,-0.9829996,1.603322,-0.5917966,1,1.0,1.0,0.1437449,0.1164644,0.9827377,-0.0007851105,-4.528809e-05,-0.02014218,74.21111,4636
25,0.2072451,0.1578053,0.9998237,0.08946014,0.08330772,0.9998528,0.148353,0.1205568,0.9998382,0.07032877,-0.1191511,-0.9903823,0,0.05519919,0.9917842,-0.1154,0,-0.9959955,0.04655235,-0.07632798,0,-0.6088759,-1.67975,-0.8335767,1,0.07032873,0.05519918,-0.9959954,0,-0.1191511,0.9917842,0.04655235,0,-0.9903821,-0.1154,-0.076328,0,-0.982882,1.603364,-0.5918666,1,1.0,1.0,0.1436982,0.1162033,0.9827755,-0.0007849578,-4.528809e-05,-0.02014003,74.22222,4637
25,0.2060085,0.1565722,1.000111,0.08974773,0.08422008,1.000062,0.1478775,0.1203953,1.000086,0.06962723,-0.1189802,-0.9904522,0,0.05549549,0.9917864,-0.1152392,0,-0.9960282,0.04694185,-0.0756582,0,-0.610005,-1.679378,-0.8336239,1,0.06962724,0.05549549,-0.9960283,0,-0.1189802,0.9917863,0.04694185,0,-0.9904523,-0.1152392,-0.0756582,0,-0.9830046,1.603371,-0.5918196,1,1.0,1.0,0.1432194,0.1160276,0.9828661,-0.000787369,-4.39453e-05,-0.02015041,74.25555,4638
25,0.205909,0.1552107,0.999929,0.08887357,0.08337548,0.999918,0.1473911,0.1192931,0.9999235,0.06971186,-0.1194391,-0.9903911,0,0.05562838,0.9917271,-0.1156846,0,-0.9960149,0.04702926,-0.07577932,0,-0.6101902,-1.679689,-0.8328921,1,0.06971184,0.05562838,-0.996015,0,-0.1194391,0.991727,0.04702926,0,-0.9903913,-0.1156846,-0.07577935,0,-0.982972,1.603384,-0.5918801,1,1.0,1.0,0.1428013,0.1150094,0.9830466,-0.0007889867,-4.83093e-05,-0.02015004,74.27778,4639
25,0.2045168,0.1543814,1.000077,0.08885094,0.08405112,1.000066,0.1466838,0.1192161,1.000072,0.06964773,-0.1194639,-0.9903926,0,0.05556624,0.9917268,-0.1157172,0,-0.9960229,0.04697296,-0.07570964,0,-0.6102441,-1.679765,-0.8328578,1,0.06964769,0.05556624,-0.9960228,0,-0.1194639,0.9917268,0.04697295,0,-0.9903926,-0.1157172,-0.07570967,0,-0.9830254,1.603401,-0.591969,1,1.0,1.0,0.1421147,0.1149329,0.9831551,-0.0007885359,-4.978178e-05,-0.02014745,74.28889,4640
25,0.2044971,0.1537239,1.000055,0.08993514,0.08136327,1.000035,0.1472159,0.1175432,1.000045,0.06944615,-0.1194408,-0.9904096,0,0.05566328,0.9917237,-0.1156963,0,-0.9960315,0.04709479,-0.07551986,0,-0.6105855,-1.679666,-0.8328167,1,0.06944613,0.05566329,-0.9960315,0,-0.1194408,0.9917238,0.04709478,0,-0.9904095,-0.1156963,-0.07551985,0,-0.9830475,1.603399,-0.591953,1,1.0,1.0,0.1426481,0.1133383,0.9832629,-0.0007877583,-5.025484e-05,-0.02013346,74.3,4641
25,0.2045196,0.1545999,1.000057,0.08994014,0.08139744,1.000078,0.1472302,0.1179992,1.000068,0.06966466,-0.1192503,-0.9904171,0,0.0551532,0.9917712,-0.1155339,0,-0.9960446,0.04657605,-0.07566845,0,-0.6095546,-1.679843,-0.8333269,1,0.06966468,0.05515321,-0.9960446,0,-0.1192503,0.9917712,0.04657605,0,-0.9904172,-0.1155339,-0.07566844,0,-0.9831987,1.603362,-0.5919598,1,1.0,1.0,0.1426513,0.1137721,0.9832124,-0.0007874761,-5.320742e-05,-0.02013226,74.32223,4642
25,0.2045259,0.1548432,1.000057,0.0898453,0.08175613,1.000058,0.1471855,0.1182996,1.000058,0.06967229,-0.1192699,-0.9904143,0,0.05523165,0.9917653,-0.1155472,0,-0.9960398,0.04665176,-0.07568604,0,-0.6096736,-1.679834,-0.8333718,1,0.06967229,0.05523163,-0.9960396,0,-0.1192699,0.9917653,0.04665177,0,-0.9904143,-0.1155472,-0.07568602,0,-0.9832596,1.60338,-0.5919664,1,1.0,1.0,0.1426055,0.1140617,0.9831854,-0.0007869871,-5.474855e-05,-0.02012949,74.33334,4643
25,0.2050424,0.1543685,1.000067,0.09072384,0.08158847,1.00007,0.1478832,0.1179785,1.000069,0.06995749,-0.1193025,-0.9903904,0,0.05516859,0.991766,-0.1155713,0,-0.9960234,0.04655334,-0.0759632,0,-0.609398,-1.680016,-0.8336632,1,0.06995747,0.05516857,-0.9960232,0,-0.1193025,0.9917659,0.04655334,0,-0.9903902,-0.1155713,-0.0759632,0,-0.98345,1.603454,-0.5920919,1,1.0,1.0,0.1432668,0.1137457,0.9831259,-0.0007850872,-5.538942e-05,-0.02012156,74.35556,4644
25,0.205399,0.1543564,1.000122,0.09120288,0.08159687,1.00009,0.1483005,0.1179761,1.000106,0.06974328,-0.1194019,-0.9903934,0,0.05514645,0.9917542,-0.1156826,0,-0.9960395,0.0465486,-0.07575279,0,-0.609611,-1.680107,-0.8334253,1,0.06974329,0.05514645,-0.9960395,0,-0.1194019,0.9917542,0.0465486,0,-0.9903934,-0.1156826,-0.07575278,0,-0.9835106,1.603458,-0.5921243,1,1.0,1.0,0.143656,0.1137383,0.98307,-0.0007833559,-5.97763e-05,-0.02010797,74.36667,4645
