flag,xl,yl,zl,xr,yr,zr,xc,yc,zc,mat_00,mat_10,mat_20,mat_30,mat_01,mat_11,mat_21,mat_31,mat_02,mat_12,mat_22,mat_32,mat_03,mat_13,mat_23,mat_33,ctw_00,ctw_10,ctw_20,ctw_30,ctw_01,ctw_11,ctw_21,ctw_31,ctw_02,ctw_12,ctw_22,ctw_32,ctw_03,ctw_13,ctw_23,ctw_33,opennessl,opennessr,ray_x,ray_y,ray_z,eye_x,eye_y,eye_z,time,frame
25,0.2258226,0.1552413,1.000269,0.1053584,0.1480453,1.000261,0.1655903,0.1516431,1.000265,-0.3275204,-0.01941478,-0.9446448,0,0.01105545,0.9996417,-0.02437817,0,-0.9447796,0.01842781,0.3271884,0,-1.189322,-1.550372,-0.4163509,1,-0.3275202,0.01105544,-0.9447792,0,-0.01941478,0.9996417,0.01842781,0,-0.9446445,-0.02437816,0.3271882,0,-0.8129309,1.552815,-0.9588521,1,1.0,1.0,0.1611199,0.1475374,0.9758449,-0.003281464,-0.002992859,-0.02252973,68.12222,4228
25,0.2251231,0.1556929,1.000133,0.1056356,0.148241,1.000129,0.1653793,0.1519668,1.000131,-0.3273258,-0.01970725,-0.9447061,0,0.01096608,0.9996359,-0.0246527,0,-0.9448479,0.01842919,0.3269906,0,-1.189035,-1.55065,-0.4162877,1,-0.3273259,0.01096608,-0.9448479,0,-0.01970724,0.9996359,0.01842919,0,-0.944706,-0.0246527,0.3269905,0,-0.8130302,1.552862,-0.9587575,1,1.0,1.0,0.1609392,0.147864,0.9758253,-0.003283769,-0.002993599,-0.02252692,68.14445,4229
25,0.2244858,0.1556417,1.00003,0.1043383,0.1481664,1.000028,0.1644121,0.1519041,1.000029,-0.3273486,-0.01961965,-0.9447,0,0.01104651,0.9996367,-0.02458832,0,-0.9448391,0.01848459,0.3270129,0,-1.189117,-1.550557,-0.4163966,1,-0.3273486,0.01104651,-0.9448391,0,-0.01961965,0.9996366,0.01848459,0,-0.9446999,-0.02458831,0.3270129,0,-0.8130471,1.552891,-0.9586961,1,1.0,1.0,0.1600577,0.1478429,0.9759734,-0.003284723,-0.002995033,-0.02252505,68.15556,4230
25,0.2255473,0.1557305,1.000083,0.104604,0.1488742,1.00008,0.1650756,0.1523025,1.000082,-0.3273621,-0.01994024,-0.9446886,0,0.01146985,0.9996198,-0.02507436,0,-0.9448294,0.01904383,0.3270088,0,-1.18973,-1.550259,-0.4157462,1,-0.327362,0.01146986,-0.9448293,0,-0.01994024,0.9996198,0.01904383,0,-0.9446886,-0.02507436,0.3270088,0,-0.8131356,1.552891,-0.958616,1,1.0,1.0,0.1606579,0.1481954,0.9758213,-0.003284745,-0.002998184,-0.02252338,68.17778,4231
25,0.2252535,0.1560325,1.000095,0.104726,0.1484671,1.000098,0.1649899,0.1522497,1.000096,-0.3273307,-0.02015961,-0.9446949,0,0.01147972,0.9996138,-0.02530922,0,-0.9448403,0.01912932,0.3269728,0,-1.189721,-1.550395,-0.415487,1,-0.3273306,0.01147972,-0.94484,0,-0.02015961,0.9996137,0.01912931,0,-0.9446946,-0.02530922,0.3269728,0,-0.8131956,1.552938,-0.9585847,1,1.0,1.0,0.1605797,0.1481494,0.9758411,-0.003286622,-0.003000984,-0.02251829,68.18889,4232
25,0.2229316,0.1555347,1.000084,0.1050332,0.1485635,1.000077,0.1639823,0.152049,1.000081,-0.3273945,-0.02002746,-0.9446756,0,0.01161051,0.9996146,-0.02521602,0,-0.9448165,0.01922375,0.3270358,0,-1.189928,-1.550207,-0.4156401,1,-0.3273945,0.01161051,-0.9448164,0,-0.02002746,0.9996147,0.01922376,0,-0.9446753,-0.02521602,0.3270357,0,-0.8132674,1.552945,-0.9585334,1,1.0,1.0,0.1596549,0.14799,0.9760171,-0.003291894,-0.003003899,-0.02251597,68.2,4233
25,0.2213014,0.1577297,1.000086,0.1043332,0.148306,1.000091,0.1628172,0.1530176,1.000088,-0.3273549,-0.02000621,-0.9446898,0,0.01176899,0.999612,-0.02524753,0,-0.9448283,0.01938294,0.3269924,0,-1.190146,-1.54999,-0.4157349,1,-0.3273548,0.01176898,-0.944828,0,-0.02000621,0.999612,0.01938294,0,-0.9446896,-0.02524753,0.3269923,0,-0.8133499,1.552899,-0.9584981,1,1.0,1.0,0.158555,0.1489244,0.9760542,-0.003298829,-0.00300856,-0.02251313,68.21111,4234
25,0.2227446,0.1582971,1.000109,0.1060437,0.147018,1.000085,0.1643937,0.1526574,1.000097,-0.3276023,-0.01947451,-0.9446149,0,0.01179647,0.9996253,-0.02469976,0,-0.944742,0.01923482,0.3272498,0,-1.190267,-1.549722,-0.4164162,1,-0.3276023,0.01179647,-0.9447421,0,-0.01947451,0.9996253,0.01923482,0,-0.944615,-0.02469976,0.3272498,0,-0.8134672,1.552896,-0.9584145,1,1.0,1.0,0.1600309,0.1485544,0.9758697,-0.003300705,-0.003011002,-0.022506,68.23334,4235
25,0.2240968,0.1598423,1.000095,0.1065947,0.1461301,1.000077,0.1653456,0.1529865,1.000086,-0.3277706,-0.01927431,-0.9445608,0,0.01166939,0.999633,-0.02444746,0,-0.9446853,0.01903561,0.3274254,0,-1.190152,-1.549746,-0.4166907,1,-0.3277706,0.0116694,-0.9446853,0,-0.0192743,0.999633,0.01903561,0,-0.9445608,-0.02444747,0.3274254,0,-0.8135566,1.552878,-0.9583833,1,1.0,1.0,0.1609119,0.1488456,0.9756805,-0.003302293,-0.003015259,-0.02250138,68.24445,4236
25,0.2227243,0.1600783,1.000128,0.106738,0.1483174,1.000101,0.1647308,0.154198,1.000115,-0.3279911,-0.01926207,-0.9444845,0,0.01142505,0.9996381,-0.02435446,0,-0.9446118,0.01877883,0.3276523,0,-1.189863,-1.550031,-0.4167324,1,-0.3279911,0.01142505,-0.9446117,0,-0.01926207,0.9996381,0.01877883,0,-0.9444844,-0.02435446,0.3276523,0,-0.8137184,1.552915,-0.9583072,1,1.0,1.0,0.1603108,0.1499966,0.9756031,-0.003304292,-0.003026466,-0.02249613,68.26667,4237
25,0.2228903,0.1618408,1.000024,0.1074412,0.148106,1.000013,0.1651658,0.1549733,1.000018,-0.3280803,-0.01920815,-0.9444545,0,0.01154433,0.9996371,-0.02434066,0,-0.9445793,0.01888878,0.3277395,0,-1.190071,-1.549891,-0.4166512,1,-0.3280803,0.01154433,-0.9445794,0,-0.01920815,0.9996371,0.01888879,0,-0.9444546,-0.02434066,0.3277395,0,-0.8137175,1.552925,-0.9582878,1,1.0,1.0,0.1607102,0.1507268,0.9754249,-0.003302704,-0.003030441,-0.02249569,68.27778,4238
25,0.226096,0.1626742,1.000127,0.1137241,0.1505607,1.000114,0.1699099,0.1566173,1.00012,-0.3282615,-0.0194897,-0.9443859,0,0.01135981,0.9996334,-0.02457845,0,-0.9445187,0.0187962,0.3279197,0,-1.189858,-1.550235,-0.4161371,1,-0.3282614,0.01135981,-0.9445185,0,-0.0194897,0.9996333,0.0187962,0,-0.9443858,-0.02457845,0.3279197,0,-0.813792,1.552955,-0.9582449,1,1.0,1.0,0.1650416,0.1521426,0.9744814,-0.003283477,-0.003039849,-0.02249233,68.3,4239
25,0.2260714,0.1626537,1.0,0.1137073,0.1505439,1.0,0.1698894,0.1565989,1.0,-0.3282615,-0.0194897,-0.9443859,0,0.01135981,0.9996334,-0.02457845,0,-0.9445187,0.0187962,0.3279197,0,-1.189858,-1.550235,-0.4161371,1,-0.3282614,0.01135981,-0.9445185,0,-0.0194897,0.9996333,0.0187962,0,-0.9443858,-0.02457845,0.3279197,0,-0.813792,1.552955,-0.9582449,1,1.0,1.0,0.1650416,0.1521426,0.9744814,-0.003283477,-0.003039849,-0.02249233,68.31111,4240
25,0.22512,0.1624416,1.00012,0.113758,0.1475435,1.000118,0.169439,0.1549924,1.000119,-0.3283663,-0.01940964,-0.9443512,0,0.01139505,0.9996347,-0.02450815,0,-0.9444818,0.01880857,0.3280251,0,-1.189966,-1.550146,-0.4164343,1,-0.3283662,0.01139504,-0.9444816,0,-0.01940964,0.9996347,0.01880857,0,-0.944351,-0.02450815,0.328025,0,-0.8140925,1.552934,-0.9581443,1,1.0,1.0,0.1646446,0.1506441,0.9747812,-0.003282174,-0.00304126,-0.02247971,68.33334,4241
25,0.2261215,0.1619302,1.000032,0.1138095,0.1480731,1.000056,0.1699659,0.1550018,1.000044,-0.3281798,-0.01930502,-0.944418,0,0.01138997,0.9996376,-0.02439173,0,-0.9445466,0.01876176,0.327841,0,-1.189853,-1.550126,-0.416941,1,-0.3281798,0.01138996,-0.9445465,0,-0.01930502,0.9996375,0.01876176,0,-0.944418,-0.02439172,0.327841,0,-0.8141775,1.552947,-0.9580979,1,1.0,1.0,0.165145,0.150652,0.9746954,-0.003281686,-0.003041603,-0.02247248,68.34444,4242
25,0.2387768,0.1678114,1.00025,0.1144569,0.145816,1.000243,0.1766165,0.1568139,1.000246,-0.3282336,-0.01928569,-0.9443996,0,0.01135798,0.9996387,-0.02436128,0,-0.9445282,0.01872266,0.3278959,0,-1.189789,-1.550069,-0.4171617,1,-0.3282335,0.01135798,-0.9445284,0,-0.01928569,0.9996387,0.01872266,0,-0.9443997,-0.02436129,0.327896,0,-0.8143901,1.55286,-0.9579821,1,1.0,1.0,0.1711952,0.152159,0.9734166,-0.003247948,-0.003051621,-0.02246656,68.35556,4243
25,0.2387298,0.1680669,1.00022,0.1146158,0.1448688,1.000206,0.1766726,0.1564679,1.000213,-0.3282064,-0.01946824,-0.9444054,0,0.011509,0.999631,-0.02460636,0,-0.944536,0.01894513,0.3278612,0,-1.189931,-1.549983,-0.4171642,1,-0.3282063,0.011509,-0.944536,0,-0.01946823,0.9996309,0.01894513,0,-0.9444053,-0.02460636,0.3278612,0,-0.8146905,1.552841,-0.9577963,1,1.0,1.0,0.1712579,0.1518425,0.973455,-0.003244614,-0.00305233,-0.02246257,68.37778,4244
25,0.2377818,0.1711532,1.000153,0.1149533,0.1441544,1.000162,0.1763676,0.1576537,1.000157,-0.3281162,-0.01964161,-0.9444332,0,0.01121175,0.9996324,-0.0246848,0,-0.9445709,0.01868823,0.3277754,0,-1.189336,-1.550379,-0.4173074,1,-0.3281162,0.01121175,-0.9445708,0,-0.01964161,0.9996324,0.01868823,0,-0.9444331,-0.0246848,0.3277753,0,-0.8148113,1.552843,-0.9576554,1,1.0,1.0,0.1709557,0.152963,0.9733326,-0.003244073,-0.00305481,-0.02245842,68.38889,4245
25,0.2380494,0.171205,1.00023,0.1151129,0.1443913,1.000218,0.176581,0.157798,1.000224,-0.3281839,-0.01968382,-0.9444088,0,0.01130594,0.9996294,-0.02476359,0,-0.9445463,0.01880444,0.3278397,0,-1.189563,-1.550314,-0.417431,1,-0.3281838,0.01130594,-0.9445462,0,-0.01968381,0.9996294,0.01880444,0,-0.9444087,-0.02476359,0.3278397,0,-0.8151368,1.552852,-0.9575939,1,1.0,1.0,0.1711382,0.1530838,0.9732816,-0.003242691,-0.003055184,-0.02245297,68.41111,4246
25,0.2390729,0.17143,1.000178,0.1156716,0.1442161,1.000161,0.1773722,0.157823,1.00017,-0.3282675,-0.01994106,-0.9443744,0,0.01118281,0.999625,-0.0249949,0,-0.9445187,0.01876577,0.3279214,0,-1.189416,-1.550534,-0.4170825,1,-0.3282674,0.01118281,-0.9445185,0,-0.01994106,0.999625,0.01876577,0,-0.9443743,-0.02499489,0.3279213,0,-0.8152478,1.552829,-0.9575583,1,1.0,1.0,0.1718771,0.1530958,0.9731495,-0.003242668,-0.003055626,-0.0224511,68.42223,4247
25,0.2390604,0.1719174,1.000118,0.1161064,0.1433602,1.000129,0.1775836,0.157639,1.000123,-0.3281444,-0.02000505,-0.9444158,0,0.01130983,0.9996209,-0.02510412,0,-0.9445599,0.01891896,0.3277937,0,-1.189529,-1.550437,-0.4174177,1,-0.3281443,0.01130983,-0.9445598,0,-0.02000505,0.9996209,0.01891896,0,-0.9444157,-0.02510412,0.3277937,0,-0.8155696,1.552824,-0.9574218,1,1.0,1.0,0.1720846,0.1529258,0.9731396,-0.003242668,-0.003055298,-0.02245035,68.44444,4248
25,0.2391163,0.1717141,1.00019,0.1156817,0.1430335,1.000173,0.1773988,0.1573738,1.000181,-0.3282052,-0.0202705,-0.9443889,0,0.01143963,0.9996111,-0.02543143,0,-0.9445372,0.01915019,0.3278457,0,-1.189743,-1.550424,-0.4169565,1,-0.3282053,0.01143963,-0.9445372,0,-0.0202705,0.9996111,0.01915019,0,-0.9443889,-0.02543143,0.3278457,0,-0.8156769,1.552828,-0.9573681,1,1.0,1.0,0.1719117,0.1526749,0.9732096,-0.003242774,-0.003054619,-0.02244833,68.45556,4249
25,0.2390771,0.1716816,0.9999999,0.115656,0.1430089,0.9999999,0.1773664,0.1573452,0.9999999,-0.3282052,-0.0202705,-0.9443889,0,0.01143963,0.9996111,-0.02543143,0,-0.9445372,0.01915019,0.3278457,0,-1.189743,-1.550424,-0.4169565,1,-0.3282053,0.01143963,-0.9445372,0,-0.0202705,0.9996111,0.01915019,0,-0.9443889,-0.02543143,0.3278457,0,-0.8156769,1.552828,-0.9573681,1,1.0,1.0,0.1719117,0.1526749,0.9732096,-0.003242774,-0.003054619,-0.02244833,68.46667,4250
25,0.2390717,0.1713327,1.000198,0.1106879,0.1413844,1.000172,0.1748795,0.1563585,1.000185,-0.3284999,-0.02073076,-0.9442767,0,0.01094854,0.9996083,-0.02575436,0,-0.9444407,0.01879875,0.3281443,0,-1.189172,-1.551232,-0.4163269,1,-0.3284998,0.01094854,-0.9444404,0,-0.02073076,0.9996083,0.01879875,0,-0.9442762,-0.02575435,0.3281441,0,-0.8159286,1.552922,-0.9573258,1,1.0,1.0,0.1696234,0.151788,0.9737496,-0.003259049,-0.003049645,-0.02244567,68.48889,4251
25,0.238829,0.1714849,1.000068,0.1010759,0.142369,1.000052,0.1699522,0.1569267,1.00006,-0.3288722,-0.02082661,-0.9441448,0,0.01062898,0.9996119,-0.02575252,0,-0.9443147,0.01850458,0.3285232,0,-1.188874,-1.551628,-0.415725,1,-0.3288722,0.01062898,-0.9443146,0,-0.02082662,0.9996119,0.01850458,0,-0.9441448,-0.02575252,0.3285232,0,-0.8158072,1.552957,-0.9573831,1,1.0,1.0,0.1650887,0.1524466,0.9744259,-0.003286483,-0.003046059,-0.02247131,68.51112,4252
25,0.2412072,0.1704006,1.000048,0.1010669,0.1421998,1.000015,0.1711363,0.1563,1.000032,-0.3290992,-0.02083994,-0.9440655,0,0.01041369,0.9996156,-0.02569639,0,-0.9442381,0.01828787,0.3287557,0,-1.188659,-1.551909,-0.4155236,1,-0.3290992,0.01041369,-0.9442378,0,-0.02083994,0.9996157,0.01828787,0,-0.9440653,-0.02569639,0.3287556,0,-0.81581,1.553013,-0.9573905,1,1.0,1.0,0.1662062,0.1518392,0.9743308,-0.003287041,-0.003046059,-0.0224699,68.52222,4253
25,0.2404195,0.1707598,1.000189,0.1012485,0.1423197,1.000151,0.1708331,0.1565394,1.00017,-0.3292875,-0.02081781,-0.9440003,0,0.01068075,0.9996108,-0.02576985,0,-0.9441695,0.01856832,0.3289371,0,-1.189369,-1.55162,-0.4154107,1,-0.3292874,0.01068074,-0.9441691,0,-0.02081781,0.9996108,0.01856832,0,-0.944,-0.02576985,0.3289369,0,-0.8160934,1.553014,-0.9575108,1,1.0,1.0,0.1658993,0.1520498,0.9743502,-0.003288063,-0.003046059,-0.02246846,68.54445,4254
25,0.2405945,0.1698996,1.000372,0.1012884,0.1412428,1.000351,0.1709409,0.1555711,1.000361,-0.3293914,-0.02098586,-0.9439604,0,0.01068601,0.9996061,-0.02595181,0,-0.9441331,0.01863547,0.3290373,0,-1.189501,-1.551665,-0.4153138,1,-0.3293912,0.01068601,-0.9441329,0,-0.02098586,0.9996062,0.01863547,0,-0.9439601,-0.02595181,0.3290373,0,-0.8164139,1.552987,-0.9574773,1,1.0,1.0,0.1659929,0.1511203,0.9744788,-0.003288253,-0.003047371,-0.02246926,68.55556,4255
25,0.2402508,0.1700945,1.000216,0.1012678,0.1412215,1.000195,0.170759,0.1556578,1.000206,-0.3295149,-0.02105497,-0.9439155,0,0.01075582,0.9996027,-0.02605191,0,-0.9440891,0.01873708,0.3291575,0,-1.189688,-1.55165,-0.4151749,1,-0.3295149,0.01075582,-0.9440892,0,-0.02105497,0.9996028,0.01873708,0,-0.9439155,-0.02605192,0.3291575,0,-0.81658,1.553014,-0.9574405,1,1.0,1.0,0.1658466,0.1512278,0.9744871,-0.003288873,-0.003048897,-0.02247084,68.56667,4256
25,0.240151,0.1705374,1.000234,0.1019044,0.1413336,1.00022,0.1710272,0.1559354,1.000227,-0.3296969,-0.02159809,-0.9438398,0,0.0106274,0.99959,-0.02658614,0,-0.9440271,0.01879593,0.3293322,0,-1.189568,-1.552063,-0.4143629,1,-0.3296969,0.0106274,-0.9440269,0,-0.02159809,0.9995901,0.01879593,0,-0.9438396,-0.02658614,0.3293321,0,-0.8168105,1.553053,-0.9573483,1,1.0,1.0,0.1660856,0.1514788,0.9744074,-0.003289192,-0.003050698,-0.02247125,68.58889,4257
25,0.2404591,0.1707662,1.000069,0.1018796,0.1413073,1.000032,0.1711687,0.1560366,1.000051,-0.3299125,-0.0217588,-0.9437608,0,0.01074971,0.9995829,-0.0268036,0,-0.9439503,0.01898799,0.329541,0,-1.189879,-1.552061,-0.413739,1,-0.3299125,0.01074971,-0.9439503,0,-0.0217588,0.9995829,0.018988,0,-0.9437607,-0.0268036,0.329541,0,-0.8167976,1.553115,-0.9573724,1,1.0,1.0,0.1662413,0.1515951,0.9743628,-0.003289314,-0.003051148,-0.02247111,68.6,4258
25,0.2407588,0.1705124,1.000181,0.1020069,0.1392217,1.000177,0.1713828,0.1548671,1.000179,-0.3299145,-0.02192367,-0.9437562,0,0.01052366,0.9995828,-0.02689935,0,-0.9439522,0.01880625,0.3295461,0,-1.189623,-1.552429,-0.4137446,1,-0.3299145,0.01052366,-0.9439521,0,-0.02192367,0.9995828,0.01880625,0,-0.9437562,-0.02689935,0.3295461,0,-0.8169827,1.553171,-0.9574036,1,1.0,1.0,0.1664479,0.1504833,0.9744998,-0.0032892,-0.00305162,-0.02247071,68.61111,4259
25,0.2408474,0.1696045,1.000203,0.1013927,0.1391494,1.000192,0.1711197,0.1543769,1.000198,-0.3298641,-0.02216623,-0.9437682,0,0.0105552,0.9995752,-0.0271662,0,-0.9439694,0.01892282,0.3294901,0,-1.18978,-1.552515,-0.4138691,1,-0.3298641,0.0105552,-0.9439693,0,-0.02216622,0.9995752,0.01892281,0,-0.9437681,-0.0271662,0.32949,0,-0.8174757,1.553171,-0.9573724,1,1.0,1.0,0.1662134,0.1500302,0.9746097,-0.003289559,-0.003051827,-0.02247053,68.63333,4260
25,0.2410913,0.1684234,1.000033,0.1007053,0.1390014,1.000022,0.1708982,0.1537124,1.000028,-0.329982,-0.02236209,-0.9437223,0,0.01033829,0.9995738,-0.02730041,0,-0.9439306,0.01876512,0.3296102,0,-1.189613,-1.552933,-0.4136843,1,-0.329982,0.01033829,-0.9439306,0,-0.02236209,0.9995738,0.01876512,0,-0.9437223,-0.02730041,0.3296102,0,-0.8176808,1.553276,-0.9574165,1,1.0,1.0,0.1660499,0.1494404,0.9747282,-0.003289597,-0.003051994,-0.02246993,68.65556,4261
25,0.2410159,0.1674922,1.000223,0.1006609,0.1388795,1.000199,0.1708379,0.1531856,1.000211,-0.3301165,-0.02254483,-0.9436709,0,0.01013009,0.9995726,-0.02742407,0,-0.9438859,0.01861261,0.329747,0,-1.189381,-1.553268,-0.4134866,1,-0.3301165,0.01013009,-0.9438859,0,-0.02254483,0.9995725,0.01861261,0,-0.9436709,-0.02742407,0.329747,0,-0.8178479,1.553313,-0.9573841,1,1.0,1.0,0.1659786,0.1489251,0.9748192,-0.003290048,-0.003051392,-0.0224702,68.66667,4262
25,0.240964,0.1693484,1.000247,0.1001217,0.1384219,1.000219,0.1705424,0.1538848,1.000233,-0.3304516,-0.02277255,-0.9435481,0,0.01004047,0.9995675,-0.02764097,0,-0.9437695,0.01860767,0.33008,0,-1.189472,-1.553457,-0.413057,1,-0.3304516,0.01004047,-0.9437696,0,-0.02277255,0.9995675,0.01860767,0,-0.9435483,-0.02764097,0.3300801,0,-0.8181782,1.553311,-0.957339,1,1.0,1.0,0.1656852,0.14958,0.9747688,-0.003290291,-0.00305098,-0.02246926,68.68889,4263
25,0.241422,0.1693345,1.000185,0.09960032,0.1404307,1.000158,0.1705106,0.1548824,1.000171,-0.3306148,-0.02284175,-0.9434894,0,0.01015105,0.9995632,-0.0277564,0,-0.9437112,0.01875408,0.3302386,0,-1.189752,-1.553336,-0.4128024,1,-0.3306148,0.01015105,-0.943711,0,-0.02284176,0.9995633,0.01875408,0,-0.9434893,-0.02775639,0.3302385,0,-0.818305,1.553276,-0.9573271,1,1.0,1.0,0.1656419,0.1505201,0.9746314,-0.003290551,-0.003052269,-0.02246837,68.7,4264
25,0.2403651,0.169217,1.000405,0.09930962,0.1406832,1.00038,0.1698369,0.1549498,1.000393,-0.3307304,-0.02309455,-0.9434427,0,0.01016326,0.9995554,-0.02803094,0,-0.9436706,0.01885913,0.3303487,0,-1.189872,-1.55342,-0.4125616,1,-0.3307304,0.01016326,-0.9436704,0,-0.02309454,0.9995553,0.01885913,0,-0.9434425,-0.02803093,0.3303486,0,-0.8186305,1.553258,-0.9572615,1,1.0,1.0,0.164983,0.1505679,0.9747358,-0.003291938,-0.003052528,-0.02246864,68.71111,4265
25,0.2398345,0.1689435,1.000166,0.09921312,0.1404744,1.000157,0.1695237,0.1547087,1.000162,-0.3311188,-0.02329815,-0.9433014,0,0.01034268,0.9995455,-0.0283178,0,-0.9435324,0.01913282,0.3307275,0,-1.190526,-1.553387,-0.4119524,1,-0.3311189,0.01034268,-0.9435323,0,-0.02329816,0.9995455,0.01913282,0,-0.9433014,-0.0283178,0.3307273,0,-0.8189921,1.553328,-0.9573351,1,1.0,1.0,0.1647345,0.1503829,0.9748064,-0.003292617,-0.003051872,-0.02246837,68.73334,4266
25,0.2389131,0.1691098,1.000262,0.09888184,0.1405287,1.000222,0.1688969,0.1548189,1.000242,-0.3313284,-0.02365799,-0.9432189,0,0.01014358,0.9995385,-0.02863378,0,-0.943461,0.0190548,0.3309355,0,-1.1904,-1.553754,-0.41135,1,-0.3313284,0.01014359,-0.943461,0,-0.02365799,0.9995385,0.01905481,0,-0.9432188,-0.02863378,0.3309355,0,-0.8191651,1.553334,-0.9573594,1,1.0,1.0,0.164141,0.150488,0.9748904,-0.003295738,-0.003050736,-0.02246889,68.74445,4267
25,0.2373887,0.1685669,1.000285,0.0981746,0.1406855,1.000255,0.1677811,0.154626,1.00027,-0.3317553,-0.02414669,-0.9430565,0,0.009796358,0.9995303,-0.02903892,0,-0.9433147,0.01887233,0.3313628,0,-1.190176,-1.55434,-0.4106254,1,-0.3317552,0.009796359,-0.9433146,0,-0.02414669,0.9995303,0.01887233,0,-0.9430562,-0.02903892,0.3313628,0,-0.8196222,1.553346,-0.9573107,1,1.0,1.0,0.1631082,0.1503296,0.9750881,-0.003298348,-0.003049973,-0.02247014,68.76667,4268
25,0.2257715,0.1647098,1.000334,0.09810406,0.1399198,1.000328,0.1619377,0.1523149,1.000331,-0.3317362,-0.02457235,-0.9430521,0,0.009273926,0.9995275,-0.02930616,0,-0.9433267,0.01846771,0.3313516,0,-1.189451,-1.55508,-0.4105086,1,-0.3317363,0.009273924,-0.9433266,0,-0.02457235,0.9995274,0.01846771,0,-0.9430521,-0.02930615,0.3313516,0,-0.819927,1.553345,-0.9572996,1,1.0,1.0,0.1577493,0.1482908,0.9762812,-0.00332814,-0.003042092,-0.02246806,68.77778,4269
25,0.2264959,0.164582,1.000212,0.09812984,0.1395805,1.000191,0.1623125,0.1520808,1.000201,-0.3318752,-0.0247044,-0.9429997,0,0.008976512,0.9995291,-0.02934449,0,-0.9432806,0.01820356,0.3314972,0,-1.189142,-1.555471,-0.4104371,1,-0.3318752,0.008976511,-0.9432805,0,-0.0247044,0.9995291,0.01820356,0,-0.9429998,-0.02934449,0.3314971,0,-0.8201157,1.553369,-0.9573203,1,1.0,1.0,0.1581227,0.1480812,0.9762526,-0.00332814,-0.003041138,-0.02246721,68.78889,4270
25,0.2247934,0.1626846,1.000335,0.09811163,0.1396589,1.000294,0.161452,0.1511714,1.000314,-0.3321439,-0.0255172,-0.9428836,0,0.008574429,0.999511,-0.03007017,0,-0.9431899,0.01807231,0.3317627,0,-1.188783,-1.55632,-0.409307,1,-0.3321438,0.008574428,-0.9431896,0,-0.0255172,0.999511,0.01807231,0,-0.9428834,-0.03007017,0.3317626,0,-0.8204886,1.553444,-0.9573287,1,1.0,1.0,0.1573251,0.1472354,0.9765093,-0.00332814,-0.003040871,-0.02246726,68.81111,4271
25,0.2248163,0.1617094,1.000003,0.09934512,0.1391749,1.00002,0.1620811,0.150442,1.000011,-0.3319762,-0.02575368,-0.9429361,0,0.008566771,0.9995037,-0.03031474,0,-0.9432488,0.01814169,0.3315908,0,-1.188751,-1.556473,-0.4091375,1,-0.3319762,0.008566772,-0.9432489,0,-0.02575368,0.9995037,0.01814169,0,-0.9429361,-0.03031474,0.3315908,0,-0.8205127,1.553481,-0.9573853,1,1.0,1.0,0.1579718,0.1465809,0.9765034,-0.00332814,-0.003040306,-0.02246723,68.82223,4272
25,0.2250202,0.1616809,1.000214,0.09909293,0.1389864,1.00021,0.1620566,0.1503338,1.000212,-0.3319833,-0.02620051,-0.9429213,0,0.008273507,0.9994949,-0.03068542,0,-0.943249,0.01798831,0.3315989,0,-1.188402,-1.556994,-0.4089367,1,-0.3319833,0.008273505,-0.9432488,0,-0.02620051,0.9994949,0.01798831,0,-0.9429213,-0.03068542,0.3315988,0,-0.8209189,1.553492,-0.9573486,1,1.0,1.0,0.1579213,0.1464526,0.9765309,-0.003327667,-0.0030401,-0.02246613,68.84444,4273
25,0.2252586,0.1617196,1.000318,0.1000753,0.1388908,1.000306,0.1626669,0.1503052,1.000312,-0.332074,-0.02618539,-0.9428899,0,0.008277235,0.9994952,-0.03067254,0,-0.9432171,0.01799007,0.3316897,0,-1.188524,-1.556901,-0.409142,1,-0.332074,0.008277231,-0.9432169,0,-0.02618538,0.9994952,0.01799007,0,-0.9428898,-0.03067254,0.3316896,0,-0.8212217,1.553403,-0.9573187,1,1.0,1.0,0.1584748,0.1463983,0.9764493,-0.003327132,-0.003039086,-0.02246614,68.85556,4274
25,0.225437,0.1615577,1.000316,0.09819996,0.1387336,1.000329,0.1618187,0.1501458,1.000322,-0.332022,-0.02627784,-0.9429057,0,0.008376685,0.9994903,-0.03080445,0,-0.9432346,0.01812617,0.3316326,0,-1.18878,-1.556786,-0.4095287,1,-0.3320219,0.008376682,-0.9432344,0,-0.02627783,0.9994903,0.01812617,0,-0.9429054,-0.03080445,0.3316326,0,-0.8217567,1.553336,-0.9572664,1,1.0,1.0,0.1576875,0.1462673,0.9765964,-0.00332685,-0.003039383,-0.02246426,68.87778,4275
25,0.2257491,0.1619149,1.000243,0.0980573,0.1386551,1.000238,0.1619031,0.150285,1.000241,-0.3319992,-0.02655934,-0.9429058,0,0.008562963,0.9994775,-0.03116786,0,-0.9432409,0.01842177,0.3315983,0,-1.189108,-1.556699,-0.4091874,1,-0.3319991,0.008562957,-0.9432406,0,-0.02655933,0.9994774,0.01842177,0,-0.9429055,-0.03116786,0.3315982,0,-0.8219528,1.553314,-0.9572521,1,1.0,1.0,0.1577752,0.146407,0.9765613,-0.00332685,-0.003040138,-0.02246343,68.88889,4276
25,0.2257127,0.1639786,0.9999843,0.09847894,0.1396338,0.9999784,0.1620958,0.1518063,0.9999813,-0.3320502,-0.02649602,-0.9428896,0,0.008694587,0.999477,-0.03114809,0,-0.9432217,0.01854076,0.3316462,0,-1.189377,-1.556622,-0.4091349,1,-0.3320502,0.008694584,-0.9432216,0,-0.02649602,0.999477,0.01854076,0,-0.9428894,-0.03114809,0.3316461,0,-0.821946,1.553405,-0.9572968,1,1.0,1.0,0.1579584,0.1478602,0.9763128,-0.003326897,-0.003040482,-0.02246474,68.9,4277
25,0.2260222,0.1651689,1.000201,0.09827834,0.1395964,1.000185,0.16215,0.1523826,1.000193,-0.3320521,-0.02670514,-0.942883,0,0.008655183,0.9994708,-0.03135594,0,-0.9432214,0.01857263,0.3316453,0,-1.189345,-1.556702,-0.4088234,1,-0.3320521,0.008655182,-0.9432213,0,-0.02670514,0.9994708,0.01857263,0,-0.942883,-0.03135594,0.3316453,0,-0.821969,1.553353,-0.957319,1,1.0,1.0,0.1579655,0.1483707,0.9762341,-0.003327414,-0.003043381,-0.02246473,68.92223,4278
25,0.2275226,0.1633332,0.9999747,0.09880358,0.1387571,0.999985,0.1631634,0.1510452,0.9999799,-0.3319998,-0.02654474,-0.9429059,0,0.008837122,0.9994726,-0.03124878,0,-0.943238,0.01870716,0.3315901,0,-1.18962,-1.556497,-0.4090675,1,-0.3319997,0.008837124,-0.9432381,0,-0.02654474,0.9994726,0.01870717,0,-0.9429058,-0.03124878,0.3315901,0,-0.8219823,1.553406,-0.9573342,1,1.0,1.0,0.1589715,0.1471267,0.9762591,-0.003328736,-0.003042656,-0.02246529,68.93333,4279
25,0.2277377,0.164214,1.000096,0.09867635,0.1391117,1.000097,0.1632071,0.1516628,1.000097,-0.3319489,-0.02653152,-0.9429242,0,0.008581438,0.9994781,-0.03114383,0,-0.9432583,0.01842981,0.3315479,0,-1.189378,-1.556779,-0.4095344,1,-0.3319488,0.00858144,-0.9432583,0,-0.02653152,0.999478,0.0184298,0,-0.9429242,-0.03114384,0.3315479,0,-0.8222764,1.553418,-0.9574196,1,1.0,1.0,0.1589818,0.1476859,0.976173,-0.003329735,-0.003041641,-0.02246523,68.95556,4280
25,0.2276208,0.1642102,1.000094,0.09853852,0.138738,1.000091,0.1630801,0.1514741,1.000093,-0.3320059,-0.0263793,-0.9429086,0,0.008467943,0.9994853,-0.03094376,0,-0.9432395,0.018258,0.3316115,0,-1.18932,-1.55679,-0.4098843,1,-0.3320056,0.008467939,-0.9432392,0,-0.0263793,0.9994853,0.018258,0,-0.9429083,-0.03094375,0.3316115,0,-0.8224113,1.553377,-0.9574671,1,1.0,1.0,0.158869,0.1475126,0.9762175,-0.003330383,-0.003040604,-0.0224641,68.96667,4281
25,0.2276869,0.1644768,1.000323,0.09818104,0.1386085,1.000345,0.1629342,0.1515427,1.000334,-0.3318249,-0.02654038,-0.9429676,0,0.008195638,0.9994853,-0.03101511,0,-0.9433054,0.01801981,0.3314366,0,-1.188928,-1.557089,-0.410342,1,-0.3318249,0.008195639,-0.9433054,0,-0.02654038,0.9994853,0.01801981,0,-0.9429675,-0.03101511,0.3314366,0,-0.8227808,1.553305,-0.9574612,1,1.0,1.0,0.1586971,0.1475459,0.9762404,-0.003331192,-0.003040184,-0.02246424,68.97778,4282
25,0.22756,0.1641686,1.000067,0.09786835,0.138645,1.000058,0.1627142,0.1514068,1.000062,-0.3317455,-0.02642616,-0.9429987,0,0.008143473,0.9994901,-0.03087411,0,-0.9433338,0.01792163,0.3313612,0,-1.189002,-1.557118,-0.4108358,1,-0.3317455,0.008143473,-0.9433338,0,-0.02642616,0.9994901,0.01792163,0,-0.9429988,-0.03087411,0.3313612,0,-0.8230122,1.553322,-0.9575842,1,1.0,1.0,0.1585371,0.147461,0.9762793,-0.003333337,-0.003039772,-0.02246414,69.0,4283
25,0.2270261,0.1644785,0.9999436,0.09907988,0.1403707,0.9999354,0.1630529,0.1524244,0.9999395,-0.3318211,-0.02639521,-0.942973,0,0.00787029,0.9994962,-0.03074685,0,-0.9433095,0.01762393,0.3314463,0,-1.188693,-1.557412,-0.4108755,1,-0.3318212,0.007870289,-0.9433095,0,-0.02639521,0.9994962,0.01762392,0,-0.942973,-0.03074684,0.3314462,0,-0.8229864,1.553349,-0.9576749,1,1.0,1.0,0.1588492,0.1484196,0.9760832,-0.003335021,-0.003039139,-0.02246556,69.01112,4284
25,0.2282534,0.1643772,1.000103,0.1002909,0.1409519,1.000094,0.164272,0.1526643,1.000099,-0.3319137,-0.02622591,-0.9429452,0,0.007998878,0.9994993,-0.03061441,0,-0.9432759,0.01770385,0.3315377,0,-1.189024,-1.55721,-0.411074,1,-0.3319136,0.007998878,-0.9432757,0,-0.0262259,0.9994993,0.01770384,0,-0.942945,-0.03061441,0.3315376,0,-0.8231127,1.553357,-0.9577224,1,1.0,1.0,0.1599555,0.1485931,0.9758762,-0.003336068,-0.003037415,-0.02246539,69.02222,4285
25,0.2271594,0.1647045,1.000103,0.1010045,0.1402415,1.000102,0.164082,0.1524731,1.000103,-0.3319458,-0.02650549,-0.9429261,0,0.007515838,0.9994991,-0.0307416,0,-0.9432686,0.01729142,0.3315803,0,-1.188453,-1.557828,-0.4109749,1,-0.3319457,0.007515834,-0.9432685,0,-0.02650548,0.9994991,0.01729142,0,-0.942926,-0.0307416,0.3315803,0,-0.8233117,1.553345,-0.9578217,1,1.0,1.0,0.1597836,0.148415,0.9759314,-0.003336967,-0.003034676,-0.02246528,69.04445,4286
25,0.2264917,0.1645691,1.000211,0.1010625,0.1428386,1.000181,0.1637769,0.1537039,1.000196,-0.3321761,-0.02647779,-0.9428457,0,0.007464784,0.9995008,-0.03069876,0,-0.9431878,0.01723554,0.3318126,0,-1.188571,-1.557853,-0.4109156,1,-0.3321761,0.007464787,-0.9431878,0,-0.02647779,0.9995009,0.01723553,0,-0.9428456,-0.03069876,0.3318126,0,-0.8234933,1.553333,-0.9578484,1,1.0,1.0,0.1594589,0.1495556,0.9758105,-0.00333818,-0.003032234,-0.02246477,69.05556,4287
25,0.2264409,0.1643955,1.000065,0.1010041,0.1431014,1.00007,0.1637225,0.1537483,1.000067,-0.3323693,-0.02649343,-0.9427772,0,0.007680025,0.9994962,-0.03079486,0,-0.9431181,0.01747582,0.3319983,0,-1.189193,-1.557679,-0.4107243,1,-0.3323693,0.007680029,-0.9431181,0,-0.02649343,0.9994963,0.01747582,0,-0.9427771,-0.03079486,0.3319984,0,-0.8237411,1.553379,-0.9579683,1,1.0,1.0,0.1594268,0.1496147,0.9758066,-0.003338387,-0.003030556,-0.02246588,69.07778,4288
25,0.2284126,0.1671945,1.000236,0.100675,0.1429584,1.000219,0.1645434,0.1550763,1.000228,-0.3324672,-0.02660966,-0.9427394,0,0.007697957,0.999492,-0.03092632,0,-0.9430834,0.01753915,0.3320935,0,-1.189368,-1.557686,-0.4105882,1,-0.3324672,0.007697955,-0.9430834,0,-0.02660965,0.9994919,0.01753915,0,-0.9427394,-0.03092632,0.3320935,0,-0.823953,1.553352,-0.9579993,1,1.0,1.0,0.1601381,0.1508079,0.9755064,-0.003340554,-0.003026741,-0.02246538,69.08889,4289
25,0.2296418,0.1660283,1.000143,0.1004484,0.1444886,1.000122,0.1650447,0.1552583,1.000133,-0.3326033,-0.0267058,-0.9426888,0,0.007636456,0.9994899,-0.03100927,0,-0.9430361,0.01751258,0.3322297,0,-1.189417,-1.557795,-0.4103828,1,-0.3326032,0.007636454,-0.9430358,0,-0.02670579,0.99949,0.01751258,0,-0.9426885,-0.03100927,0.3322296,0,-0.8240693,1.553358,-0.9580405,1,1.0,1.0,0.1606144,0.1509772,0.9754019,-0.003341187,-0.003024346,-0.02246529,69.1,4290
25,0.228437,0.1660378,1.000124,0.1000872,0.1460627,1.000119,0.1642623,0.1560503,1.000121,-0.3325764,-0.02672634,-0.9426976,0,0.007456987,0.9994926,-0.03096729,0,-0.9430469,0.01732867,0.3322084,0,-1.189247,-1.558012,-0.410855,1,-0.3325764,0.007456983,-0.9430468,0,-0.02672633,0.9994926,0.01732867,0,-0.9426974,-0.03096729,0.3322083,0,-0.8244674,1.553367,-0.9580278,1,1.0,1.0,0.1598717,0.1517329,0.9754066,-0.003342468,-0.003021843,-0.0224645,69.12222,4291
25,0.2284584,0.1671818,1.000056,0.09987891,0.1458426,1.000056,0.1641687,0.1565122,1.000056,-0.3325725,-0.02673824,-0.9426987,0,0.007411313,0.999493,-0.03096375,0,-0.9430487,0.01728432,0.3322057,0,-1.189259,-1.558122,-0.4109209,1,-0.3325724,0.007411312,-0.9430485,0,-0.02673824,0.9994931,0.01728432,0,-0.9426985,-0.03096375,0.3322057,0,-0.8245507,1.553423,-0.9580879,1,1.0,1.0,0.1597842,0.1521725,0.9753525,-0.003342902,-0.003019425,-0.02246593,69.13333,4292
25,0.2286621,0.1662015,0.9999631,0.09990838,0.1461447,0.9999861,0.1642855,0.1561731,0.9999747,-0.3325354,-0.02682688,-0.9427091,0,0.007258526,0.9994929,-0.0310032,0,-0.9430628,0.01715234,0.332172,0,-1.189162,-1.558328,-0.4110166,1,-0.3325354,0.007258525,-0.9430628,0,-0.02682688,0.9994929,0.01715234,0,-0.9427091,-0.0310032,0.332172,0,-0.8247126,1.553427,-0.9581972,1,1.0,1.0,0.1599128,0.1518639,0.9753795,-0.003342988,-0.003018585,-0.02246718,69.15556,4293
25,0.2284201,0.1660398,1.000042,0.09972614,0.1462195,1.000063,0.1640735,0.1561296,1.000053,-0.3323793,-0.02688519,-0.9427627,0,0.006984765,0.999496,-0.03096563,0,-0.9431201,0.0168773,0.3320241,0,-1.188707,-1.558703,-0.4113451,1,-0.3323793,0.006984757,-0.9431198,0,-0.02688519,0.999496,0.0168773,0,-0.9427624,-0.03096562,0.3320239,0,-0.8248085,1.553482,-0.9582103,1,1.0,1.0,0.1597047,0.1518164,0.9754211,-0.003343048,-0.003017799,-0.02246909,69.16667,4294
25,0.2287681,0.1655008,1.00013,0.09957185,0.1460202,1.000149,0.1641703,0.1557605,1.00014,-0.3322566,-0.02746819,-0.942789,0,0.006683554,0.9994822,-0.03147536,0,-0.9431653,0.01675908,0.3319008,0,-1.188433,-1.559337,-0.4109467,1,-0.3322565,0.006683556,-0.9431654,0,-0.02746819,0.9994822,0.01675907,0,-0.9427891,-0.03147536,0.331901,0,-0.8251327,1.553538,-0.958362,1,1.0,1.0,0.1597906,0.1514574,0.9754628,-0.003343293,-0.003016983,-0.02246924,69.18889,4295
25,0.2287777,0.1649928,1.000263,0.09947148,0.1479324,1.000221,0.164124,0.1564624,1.000242,-0.3325105,-0.02790586,-0.9426868,0,0.006673506,0.9994675,-0.03194063,0,-0.9430761,0.01691161,0.3321472,0,-1.188602,-1.559552,-0.4100282,1,-0.3325104,0.006673496,-0.9430758,0,-0.02790585,0.9994674,0.01691161,0,-0.9426864,-0.03194062,0.332147,0,-0.8252712,1.553557,-0.9583777,1,1.0,1.0,0.1597162,0.1520981,0.9753752,-0.003343406,-0.003017151,-0.02246846,69.2,4296
25,0.2287795,0.1655619,1.000002,0.09946582,0.1479729,1.000036,0.1641231,0.1567676,1.000019,-0.3322589,-0.02793673,-0.9427744,0,0.006759288,0.999465,-0.03199877,0,-0.943164,0.01700436,0.3318924,0,-1.188745,-1.559522,-0.4103081,1,-0.3322589,0.006759287,-0.943164,0,-0.02793673,0.999465,0.01700436,0,-0.9427743,-0.03199876,0.3318924,0,-0.825367,1.553593,-0.9584848,1,1.0,1.0,0.1597418,0.152414,0.9753218,-0.003343406,-0.003016999,-0.02246829,69.21111,4297
25,0.2300375,0.1661435,1.000204,0.09900388,0.1472885,1.000194,0.1645206,0.1567161,1.000199,-0.3323138,-0.02824762,-0.9427459,0,0.006735488,0.9994549,-0.03232103,0,-0.9431449,0.01709058,0.3319424,0,-1.188912,-1.559716,-0.4100146,1,-0.3323139,0.006735486,-0.9431448,0,-0.02824762,0.9994548,0.01709057,0,-0.9427457,-0.03232102,0.3319423,0,-0.8256896,1.553622,-0.9585584,1,1.0,1.0,0.1600856,0.1523315,0.9752783,-0.003343766,-0.003016968,-0.02246726,69.23334,4298
25,0.230691,0.1654469,1.000161,0.09888071,0.1463681,1.000134,0.1647854,0.1559072,1.000148,-0.3324753,-0.02849023,-0.9426816,0,0.006526892,0.9994501,-0.0325079,0,-0.9430894,0.01696085,0.3321065,0,-1.188739,-1.560064,-0.4096031,1,-0.3324752,0.006526891,-0.9430893,0,-0.02849023,0.9994502,0.01696085,0,-0.9426815,-0.0325079,0.3321065,0,-0.8257982,1.55365,-0.9585954,1,1.0,1.0,0.1603591,0.1515789,0.9753506,-0.003344064,-0.003017105,-0.02246607,69.24445,4299
25,0.2309444,0.1656016,1.000063,0.09810311,0.1444411,1.000053,0.1645236,0.1550214,1.000058,-0.332655,-0.02864895,-0.9426133,0,0.006610402,0.9994431,-0.03270904,0,-0.9430254,0.01711188,0.3322804,0,-1.189103,-1.560082,-0.4092153,1,-0.3326551,0.006610401,-0.9430255,0,-0.02864895,0.9994431,0.01711188,0,-0.9426133,-0.03270904,0.3322804,0,-0.8259877,1.553688,-0.9586845,1,1.0,1.0,0.1601511,0.1507732,0.9755096,-0.003345864,-0.00301809,-0.02246491,69.26667,4300
25,0.2310523,0.1649548,1.000038,0.0977824,0.1430866,1.000038,0.1644174,0.1540206,1.000038,-0.3326449,-0.02871066,-0.9426152,0,0.006644166,0.9994403,-0.03278617,0,-0.9430289,0.01716904,0.332268,0,-1.18924,-1.560088,-0.4091368,1,-0.3326448,0.00664416,-0.9430285,0,-0.02871065,0.9994403,0.01716904,0,-0.942615,-0.03278616,0.3322679,0,-0.8260443,1.553703,-0.9587594,1,1.0,1.0,0.1600798,0.149846,0.9756641,-0.00334732,-0.003019074,-0.02246399,69.27778,4301
25,0.2321767,0.1639261,1.000316,0.0977748,0.142685,1.000314,0.1649755,0.1533056,1.000315,-0.3326586,-0.02874124,-0.9426092,0,0.006670182,0.9994388,-0.03282803,0,-0.9430237,0.01720791,0.3322803,0,-1.189425,-1.560017,-0.4093612,1,-0.3326587,0.006670182,-0.9430237,0,-0.02874124,0.9994387,0.0172079,0,-0.9426093,-0.03282803,0.3322802,0,-0.8263769,1.553636,-0.9587883,1,1.0,1.0,0.1605752,0.1491293,0.9756927,-0.003348809,-0.003020348,-0.02246336,69.28889,4302
25,0.2312935,0.1643842,1.000169,0.09735987,0.1413745,1.000171,0.1643269,0.1528792,1.00017,-0.3327466,-0.02895495,-0.9425716,0,0.006487059,0.9994346,-0.03299179,0,-0.942994,0.01709242,0.3323706,0,-1.189393,-1.560312,-0.4092214,1,-0.3327466,0.006487054,-0.9429939,0,-0.02895495,0.9994345,0.01709243,0,-0.9425716,-0.03299179,0.3323706,0,-0.8266655,1.553644,-0.9589073,1,1.0,1.0,0.1600043,0.1487691,0.9758414,-0.003349626,-0.003023461,-0.02246184,69.31111,4303
25,0.2313891,0.164544,1.000036,0.09784222,0.1414269,1.000047,0.1646157,0.1529855,1.000041,-0.3326914,-0.0288584,-0.9425941,0,0.006223323,0.9994427,-0.03279541,0,-0.9430152,0.01677682,0.3323265,0,-1.189061,-1.56056,-0.4096667,1,-0.3326916,0.00622332,-0.9430152,0,-0.0288584,0.9994427,0.01677682,0,-0.9425941,-0.03279541,0.3323265,0,-0.8267754,1.553655,-0.9589785,1,1.0,1.0,0.1602912,0.1488821,0.975777,-0.003350937,-0.003025284,-0.02245971,69.32223,4304
25,0.2315677,0.1642689,1.000062,0.09769276,0.1411661,1.000057,0.1646299,0.1527174,1.000059,-0.3327941,-0.02837218,-0.9425727,0,0.005785509,0.999467,-0.03212744,0,-0.9429818,0.01614508,0.3324525,0,-1.188594,-1.560781,-0.4105903,1,-0.332794,0.005785508,-0.9429817,0,-0.02837218,0.9994671,0.01614508,0,-0.9425725,-0.03212744,0.3324525,0,-0.8268508,1.553634,-0.9591216,1,1.0,1.0,0.1603086,0.148631,0.9758124,-0.003351181,-0.003027947,-0.02245808,69.34444,4305
25,0.2311519,0.1639429,0.9998642,0.09769535,0.1399572,0.9998786,0.1644239,0.1519503,0.9998714,-0.3328184,-0.02766396,-0.9425851,0,0.005804806,0.9994906,-0.03138371,0,-0.9429731,0.0159166,0.3324883,0,-1.188697,-1.560416,-0.4117016,1,-0.3328184,0.005804802,-0.942973,0,-0.02766396,0.9994906,0.0159166,0,-0.942585,-0.03138371,0.3324882,0,-0.8268512,1.553601,-0.9591866,1,1.0,1.0,0.1601629,0.1479464,0.9759403,-0.003351342,-0.003028252,-0.02245417,69.35556,4306
25,0.2311634,0.1640793,0.9999096,0.09734493,0.1379854,0.9999532,0.1642551,0.1510327,0.9999314,-0.3326855,-0.02650827,-0.9426653,0,0.006015339,0.9995249,-0.03023013,0,-0.9430188,0.01572757,0.3323679,0,-1.18913,-1.559634,-0.4137638,1,-0.3326854,0.006015332,-0.9430185,0,-0.02650827,0.9995248,0.01572757,0,-0.9426652,-0.03023012,0.3323678,0,-0.8269899,1.553537,-0.9593206,1,1.0,1.0,0.1600191,0.1470865,0.9760939,-0.003352509,-0.003029266,-0.02245204,69.37778,4307
25,0.2305364,0.1638104,0.9999059,0.09774983,0.1382474,0.9999314,0.1641435,0.151029,0.9999187,-0.3326129,-0.02589754,-0.942708,0,0.006256751,0.9995403,-0.02966636,0,-0.9430428,0.0157657,0.3322979,0,-1.189555,-1.559088,-0.4147591,1,-0.3326128,0.00625675,-0.9430426,0,-0.02589754,0.9995403,0.0157657,0,-0.9427076,-0.02966636,0.3322978,0,-0.8270341,1.55351,-0.959397,1,1.0,1.0,0.159917,0.1470878,0.9761105,-0.003352189,-0.003029434,-0.02245113,69.38889,4308
25,0.2306254,0.1642104,1.000028,0.09820423,0.1384012,1.00005,0.1644151,0.1513059,1.000039,-0.3324839,-0.02575868,-0.9427572,0,0.00618198,0.9995459,-0.02949052,0,-0.9430887,0.01563322,0.3321736,0,-1.189423,-1.55909,-0.4152798,1,-0.3324838,0.006181978,-0.9430887,0,-0.02575868,0.999546,0.01563323,0,-0.9427571,-0.02949052,0.3321737,0,-0.827132,1.553489,-0.9594132,1,1.0,1.0,0.1601455,0.1473256,0.9760372,-0.003351707,-0.003030861,-0.02244882,69.41111,4309
25,0.2295365,0.1650979,1.000032,0.0982556,0.138312,1.000102,0.1638973,0.1517053,1.000067,-0.3319561,-0.02588667,-0.9429397,0,0.006107337,0.9995434,-0.02959067,0,-0.9432752,0.01558165,0.3316464,0,-1.189172,-1.559198,-0.4159231,1,-0.3319561,0.006107336,-0.943275,0,-0.02588667,0.9995434,0.01558165,0,-0.9429395,-0.02959067,0.3316464,0,-0.8273055,1.553441,-0.9594817,1,1.0,1.0,0.1596505,0.1477075,0.9760606,-0.003351395,-0.003032799,-0.02244731,69.42223,4310
25,0.2300632,0.1650417,0.9999927,0.09834439,0.1409633,1.000057,0.1642046,0.153003,1.000025,-0.3311847,-0.02604862,-0.9432065,0,0.006134569,0.9995383,-0.02975835,0,-0.9435461,0.01564167,0.3308721,0,-1.188882,-1.559217,-0.4171224,1,-0.3311847,0.006134567,-0.9435459,0,-0.02604861,0.9995383,0.01564167,0,-0.9432061,-0.02975835,0.3308719,0,-0.8277873,1.553377,-0.9593617,1,1.0,1.0,0.1599136,0.1489189,0.9758334,-0.003350944,-0.003032799,-0.02244433,69.44444,4311
25,0.2309914,0.1655488,1.000308,0.09785441,0.1414188,1.000352,0.1644236,0.1534843,1.00033,-0.3308359,-0.02624604,-0.9433233,0,0.006219324,0.9995308,-0.0299911,0,-0.9436678,0.01578896,0.3305174,0,-1.188929,-1.55918,-0.4175525,1,-0.3308359,0.006219322,-0.9436678,0,-0.02624604,0.9995309,0.01578897,0,-0.9433232,-0.02999111,0.3305175,0,-0.8281497,1.55332,-0.9593281,1,1.0,1.0,0.1600619,0.1493205,0.9757478,-0.003351502,-0.003032799,-0.02244031,69.45556,4312
25,0.2304639,0.1664602,1.000022,0.09696379,0.1446574,1.000049,0.1637141,0.155559,1.000035,-0.3303976,-0.02621165,-0.9434779,0,0.006294258,0.9995309,-0.02997311,0,-0.943821,0.01584153,0.3300776,0,-1.188865,-1.559124,-0.4183514,1,-0.3303975,0.006294252,-0.9438208,0,-0.02621165,0.9995309,0.01584153,0,-0.9434777,-0.0299731,0.3300776,0,-0.8283704,1.553336,-0.9592881,1,1.0,1.0,0.1594005,0.1513114,0.9755492,-0.003353035,-0.003030579,-0.02243641,69.47778,4313
25,0.2300019,0.166884,1.000087,0.09643891,0.1458687,1.000117,0.163221,0.1563766,1.000102,-0.330179,-0.02628624,-0.9435524,0,0.006372577,0.9995273,-0.03007559,0,-0.9438969,0.01594318,0.3298553,0,-1.188958,-1.559067,-0.4185908,1,-0.3301788,0.006372574,-0.9438968,0,-0.02628622,0.9995272,0.01594318,0,-0.9435521,-0.03007559,0.3298553,0,-0.8285128,1.553317,-0.9593225,1,1.0,1.0,0.158917,0.1520717,0.9755099,-0.003356567,-0.00302533,-0.02243105,69.48889,4314
