flag,xl,yl,zl,xr,yr,zr,xc,yc,zc,mat_00,mat_10,mat_20,mat_30,mat_01,mat_11,mat_21,mat_31,mat_02,mat_12,mat_22,mat_32,mat_03,mat_13,mat_23,mat_33,ctw_00,ctw_10,ctw_20,ctw_30,ctw_01,ctw_11,ctw_21,ctw_31,ctw_02,ctw_12,ctw_22,ctw_32,ctw_03,ctw_13,ctw_23,ctw_33,opennessl,opennessr,ray_x,ray_y,ray_z,eye_x,eye_y,eye_z,time,frame
6,-0.1780913,-0.0794187,1.000035,-0.2291748,-0.06302713,1.00003,-0.203633,-0.07122287,1.000033,-0.7738718,-0.0865999,0.6273939,0,0.05946456,0.9762968,0.2081071,0,0.6305447,-0.1983559,0.7503788,0,0.5430656,-1.805961,0.3140945,1,-0.7738716,0.05946455,0.6305446,0,-0.08659989,0.9762968,-0.1983559,0,0.6273938,0.2081071,0.7503788,0,0.06680597,1.665496,-0.9363401,1,0.4804003,0.1,-0.1990182,-0.05706035,0.9783332,0.003936021,-0.01171093,-0.0203343,5.677778,330
6,-0.1778505,-0.07924242,0.9999391,-0.2279934,-0.0658115,0.9999409,-0.2029219,-0.07252714,0.99994,-0.7739103,-0.08670215,0.6273322,0,0.05941528,0.9762743,0.2082265,0,0.630502,-0.1984217,0.7503973,0,0.543111,-1.80599,0.3139994,1,-0.7739103,0.05941526,0.6305019,0,-0.08670209,0.9762744,-0.1984217,0,0.6273321,0.2082264,0.7503972,0,0.06675418,1.66549,-0.9364043,1,0.4929473,0.1,-0.1983701,-0.05831573,0.9783908,0.003939758,-0.01171483,-0.02033287,5.688889,331
6,-0.1780467,-0.08013044,0.9999493,-0.1820177,-0.06230783,0.9999503,-0.1800321,-0.07121925,0.9999499,-0.7740266,-0.08668247,0.6271913,0,0.059387,0.9762776,0.2082192,0,0.6303618,-0.1984142,0.7505171,0,0.5431032,-1.805937,0.3142152,1,-0.7740267,0.05938699,0.6303617,0,-0.08668248,0.9762776,-0.1984142,0,0.6271913,0.2082192,0.750517,0,0.06676026,1.665417,-0.9364989,1,0.4952612,0.1,-0.1772129,-0.05735883,0.9824997,0.00404319,-0.01163941,-0.02059753,5.7,332
6,-0.1780778,-0.07981536,0.9999675,-0.1778137,-0.06173262,0.9999618,-0.1779455,-0.07077375,0.9999646,-0.7741301,-0.08705704,0.6270116,0,0.05924332,0.9761875,0.208682,0,0.6302481,-0.1986933,0.7505386,0,0.5433068,-1.806028,0.3136473,1,-0.7741302,0.05924334,0.6302482,0,-0.08705706,0.9761875,-0.1986933,0,0.6270117,0.208682,0.7505387,0,0.06670211,1.665383,-0.9366684,1,0.4837697,0.1,-0.1752666,-0.05695318,0.9828724,0.00404319,-0.01163685,-0.02060616,5.722222,333
6,-0.1781508,-0.08297847,0.9997995,-0.1761365,-0.06213953,0.999795,-0.1771436,-0.07255888,0.9997971,-0.7742108,-0.08723684,0.6268873,0,0.05914662,0.9761497,0.2088863,0,0.6301584,-0.1988003,0.7505858,0,0.5432665,-1.805992,0.3136016,1,-0.7742106,0.05914659,0.6301582,0,-0.08723684,0.9761497,-0.1988003,0,0.6268871,0.2088863,0.7505856,0,0.06646083,1.665279,-0.9367603,1,0.4837697,0.1,-0.1745278,-0.05868294,0.9829021,0.00404319,-0.01163719,-0.02060723,5.733334,334
6,-0.1779905,-0.08344303,0.9997916,-0.1749322,-0.06200191,0.9997851,-0.1764612,-0.07272249,0.9997883,-0.7741505,-0.08760473,0.6269104,0,0.05898985,0.9760828,0.2092428,0,0.6302471,-0.1989668,0.7504672,0,0.543556,-1.80608,0.313203,1,-0.7741504,0.05898986,0.630247,0,-0.08760472,0.9760827,-0.1989668,0,0.6269102,0.2092428,0.7504671,0,0.0662228,1.665284,-0.936973,1,0.4948641,0.1,-0.173888,-0.05884706,0.9830055,0.004041787,-0.01163735,-0.02061404,5.755556,335
6,-0.1786591,-0.08341283,0.9998839,-0.1741549,-0.06679049,0.9998871,-0.1764071,-0.07510172,0.9998854,-0.7740719,-0.0875866,0.62701,0,0.05890273,0.9761246,0.2090722,0,0.6303518,-0.1987695,0.7504317,0,0.5437921,-1.805987,0.3135302,1,-0.7740718,0.05890269,0.6303516,0,-0.08758656,0.9761247,-0.1987695,0,0.6270098,0.2090722,0.7504313,0,0.06616744,1.665287,-0.9370381,1,0.494603,0.1,-0.173793,-0.06113663,0.9828826,0.004036606,-0.01162579,-0.02061128,5.766667,336
6,-0.1782602,-0.08430563,0.9998134,-0.1742656,-0.06888133,0.9998132,-0.176263,-0.07659349,0.9998132,-0.7740256,-0.08763096,0.6270611,0,0.05888353,0.9761208,0.2090957,0,0.6304106,-0.1987689,0.7503824,0,0.5438133,-1.805994,0.3136187,1,-0.7740254,0.05888349,0.6304103,0,-0.08763094,0.9761208,-0.1987689,0,0.6270609,0.2090956,0.7503821,0,0.0660063,1.66527,-0.9371349,1,0.5135098,0.1,-0.173649,-0.06258148,0.9828172,0.004033456,-0.01161669,-0.02062753,5.777778,337
6,-0.1789258,-0.08498295,0.9999072,-0.174411,-0.06865926,0.9999075,-0.1766684,-0.07682121,0.9999074,-0.773917,-0.08744811,0.6272204,0,0.0590364,0.9761449,0.2089398,0,0.6305294,-0.1987309,0.7502924,0,0.5436531,-1.806084,0.3139629,1,-0.7739168,0.05903641,0.6305294,0,-0.08744811,0.9761449,-0.1987309,0,0.6272205,0.2089398,0.7502925,0,0.0658797,1.665305,-0.9372779,1,0.4984202,0.1,-0.1740052,-0.06279141,0.9827408,0.004029999,-0.01161479,-0.02063637,5.8,338
6,-0.179361,-0.08507019,0.9999007,-0.1736604,-0.07104732,0.9999038,-0.1765107,-0.07805873,0.9999024,-0.773894,-0.08730844,0.6272683,0,0.05906274,0.9761855,0.2087425,0,0.6305552,-0.1985927,0.7503074,0,0.5434415,-1.806028,0.3143776,1,-0.7738939,0.0590627,0.630555,0,-0.08730845,0.9761855,-0.1985927,0,0.6272682,0.2087425,0.7503073,0,0.0656855,1.665298,-0.9372137,1,0.4926048,0.1,-0.1738441,-0.06398347,0.9826924,0.0040289,-0.011611,-0.02063766,5.811111,339
6,-0.179713,-0.08541757,0.9999598,-0.1744461,-0.07338215,0.9999626,-0.1770797,-0.0793999,0.9999611,-0.7737176,-0.08728936,0.6274884,0,0.05903711,0.9762184,0.2085959,0,0.630774,-0.1984394,0.7501642,0,0.5436302,-1.806051,0.3145591,1,-0.7737175,0.05903709,0.6307738,0,-0.08728933,0.9762183,-0.1984394,0,0.6274883,0.2085959,0.750164,0,0.06558507,1.66539,-0.9372703,1,0.5023405,0.1,-0.1743492,-0.06526566,0.9825186,0.004026665,-0.01160512,-0.02063796,5.833333,340
6,-0.1793842,-0.08762541,0.9999217,-0.1759336,-0.07302874,0.9999207,-0.1776589,-0.080327,0.9999211,-0.7736696,-0.08725947,0.627552,0,0.05916639,0.9761927,0.2086796,0,0.6308209,-0.198579,0.7500879,0,0.543423,-1.806184,0.3144141,1,-0.7736693,0.05916637,0.6308207,0,-0.08725944,0.9761927,-0.198579,0,0.6275517,0.2086796,0.7500875,0,0.06551199,1.66542,-0.9373107,1,0.506345,0.1,-0.1748867,-0.06614941,0.9823639,0.004026361,-0.0116064,-0.02063213,5.844445,341
6,-0.1799141,-0.08765335,0.9999077,-0.1758688,-0.07318586,0.9999074,-0.1778915,-0.08041966,0.9999074,-0.7734638,-0.08744338,0.6277798,0,0.0590169,0.9762001,0.2086873,0,0.6310871,-0.1984617,0.7498947,0,0.5437843,-1.806067,0.3143151,1,-0.7734637,0.05901691,0.631087,0,-0.08744339,0.9762,-0.1984617,0,0.6277798,0.2086873,0.7498948,0,0.06534806,1.665397,-0.9373136,1,0.5022827,0.1,-0.1751055,-0.06623393,0.9823192,0.004026338,-0.01160896,-0.02062801,5.866667,342
6,-0.1786017,-0.08887751,0.9999223,-0.1760176,-0.07317246,0.9999206,-0.1773097,-0.08102506,0.9999213,-0.7735081,-0.08750942,0.6277161,0,0.05898696,0.9761829,0.208776,0,0.6310356,-0.198517,0.7499235,0,0.5437019,-1.806166,0.3142971,1,-0.7735078,0.05898696,0.6310356,0,-0.08750939,0.9761829,-0.198517,0,0.627716,0.208776,0.7499233,0,0.06521195,1.665459,-0.9373486,1,0.4979033,0.1,-0.174554,-0.0668164,0.9823779,0.004025941,-0.0116129,-0.02062503,5.877778,343
6,-0.1794875,-0.08830778,0.9999726,-0.1769453,-0.07362719,0.9999734,-0.1782165,-0.0809675,0.9999729,-0.7734498,-0.08751402,0.6277875,0,0.05897353,0.9761917,0.2087387,0,0.6311085,-0.1984717,0.7498742,0,0.5437392,-1.806096,0.3143173,1,-0.7734495,0.05897352,0.6311083,0,-0.08751401,0.9761918,-0.1984717,0,0.6277873,0.2087387,0.749874,0,0.06517168,1.66542,-0.9373156,1,0.4936748,0.1,-0.1753934,-0.0667445,0.9822334,0.004025872,-0.01161712,-0.02061588,5.888889,344
6,-0.1795889,-0.0899546,1.000032,-0.1771711,-0.07283302,1.000031,-0.1783801,-0.08139378,1.000031,-0.7732739,-0.08746817,0.62801,0,0.05906787,0.9761956,0.2086936,0,0.6313148,-0.1984726,0.7497002,0,0.5439709,-1.806172,0.3141595,1,-0.7732739,0.05906788,0.6313148,0,-0.08746821,0.9761956,-0.1984726,0,0.6280101,0.2086936,0.7497002,0,0.06536061,1.665483,-0.9374179,1,0.4968543,0.1,-0.1755328,-0.06714206,0.9821813,0.004025659,-0.0116231,-0.02060783,5.911111,345
6,-0.179373,-0.08959326,0.9999139,-0.2220467,-0.07168028,0.9999069,-0.2007099,-0.08063675,0.9999105,-0.7731475,-0.08748276,0.6281641,0,0.05903544,0.9762142,0.2086159,0,0.631473,-0.1983747,0.749593,0,0.544154,-1.80615,0.3142243,1,-0.7731472,0.0590354,0.6314728,0,-0.0874827,0.9762143,-0.1983747,0,0.6281638,0.2086159,0.7495927,0,0.06531994,1.665513,-0.9374533,1,0.5028468,0.1,-0.196233,-0.06605947,0.9783296,0.00391716,-0.0117515,-0.02026776,5.922222,346
6,-0.1794061,-0.08943737,0.9999295,-0.2237214,-0.07082531,0.9999357,-0.2015638,-0.08013143,0.9999325,-0.7731494,-0.08749299,0.6281603,0,0.05872002,0.9763096,0.2082583,0,0.6315001,-0.1979003,0.7496955,0,0.5444832,-1.805869,0.3149876,1,-0.7731493,0.05871998,0.6314998,0,-0.08749295,0.9763097,-0.1979003,0,0.6281601,0.2082582,0.7496952,0,0.06510328,1.665517,-0.9373678,1,0.4915247,0.1,-0.1970237,-0.0655636,0.978204,0.00391716,-0.01175384,-0.02026261,5.944445,347
6,-0.1793272,-0.0888021,0.999771,-0.2237213,-0.07064213,0.9997708,-0.2015243,-0.07972223,0.9997708,-0.7730864,-0.08740927,0.6282493,0,0.05868749,0.9763541,0.208059,0,0.63158,-0.1977179,0.7496762,0,0.5445003,-1.805826,0.3154905,1,-0.7730862,0.0586875,0.63158,0,-0.08740924,0.9763541,-0.1977179,0,0.6282492,0.208059,0.7496762,0,0.06489302,1.66553,-0.9374555,1,0.5079759,0.1,-0.1970223,-0.0651808,0.9782298,0.00391716,-0.01175642,-0.02026159,5.955556,348
6,-0.1804198,-0.08947024,0.9998474,-0.223437,-0.07053328,0.9998407,-0.2019282,-0.08000179,0.9998441,-0.7731931,-0.08703712,0.6281696,0,0.05895112,0.9763836,0.2078455,0,0.6314248,-0.197736,0.7498021,0,0.5439143,-1.805972,0.3162043,1,-0.773193,0.05895111,0.6314247,0,-0.08703715,0.9763836,-0.197736,0,0.6281696,0.2078455,0.7498021,0,0.06473409,1.665536,-0.9376373,1,0.4731865,0.1,-0.1973788,-0.06543595,0.978141,0.00391716,-0.01175859,-0.02025585,5.977778,349
6,-0.1789209,-0.08962943,0.9999139,-0.2234647,-0.07324488,0.9999088,-0.2011927,-0.08143717,0.9999114,-0.7731546,-0.08708571,0.6282101,0,0.0590122,0.9763524,0.2079749,0,0.6314661,-0.1978688,0.7497323,0,0.5438197,-1.80608,0.3160068,1,-0.7731546,0.05901223,0.6314662,0,-0.08708571,0.9763523,-0.1978688,0,0.6282101,0.2079749,0.7497323,0,0.06465425,1.665557,-0.9376911,1,0.4791256,0.1,-0.1966705,-0.06681041,0.9781907,0.003916558,-0.01176026,-0.02025231,5.988889,350
6,-0.1797225,-0.09013395,1.000051,-0.2218305,-0.07275061,1.00005,-0.2007766,-0.08144218,1.000051,-0.7731179,-0.08733989,0.6282203,0,0.05870008,0.9763699,0.2079814,0,0.6315404,-0.1976707,0.7497221,0,0.5445626,-1.8059,0.3159333,1,-0.7731177,0.05870008,0.6315402,0,-0.0873399,0.9763698,-0.1976707,0,0.6282201,0.2079814,0.7497219,0,0.06480829,1.665552,-0.9377487,1,0.4858271,0.1,-0.1962654,-0.06680693,0.9782723,0.003919953,-0.01176582,-0.0202477,6.0,351
6,-0.1790784,-0.09104665,0.9999378,-0.2216932,-0.07274328,0.9999282,-0.2003858,-0.08189484,0.9999329,-0.773,-0.08825995,0.6282365,0,0.05784518,0.9763445,0.2083394,0,0.6317633,-0.1973868,0.7496089,0,0.5463448,-1.805494,0.3152355,1,-0.7729999,0.0578452,0.6317634,0,-0.08825998,0.9763445,-0.1973869,0,0.6282366,0.2083395,0.7496091,0,0.06492912,1.665505,-0.9378449,1,0.4858271,0.1,-0.1959211,-0.06725069,0.9783109,0.003919731,-0.01176624,-0.02024479,6.022223,352
6,-0.1801635,-0.08986919,0.9999585,-0.2209182,-0.07081668,0.9999468,-0.2005408,-0.08034281,0.9999527,-0.7728995,-0.08884777,0.6282775,0,0.05744269,0.9762856,0.2087266,0,0.6319231,-0.1974146,0.7494669,0,0.5472221,-1.805353,0.3145147,1,-0.7728993,0.05744273,0.6319231,0,-0.08884779,0.9762856,-0.1974147,0,0.6282774,0.2087266,0.749467,0,0.06494354,1.665458,-0.9379237,1,0.4816605,0.1,-0.1960801,-0.06575876,0.9783805,0.003918816,-0.01177451,-0.02023999,6.033333,353
6,-0.1809874,-0.08971593,0.9998326,-0.2202094,-0.0696619,0.999828,-0.2005984,-0.07968889,0.9998303,-0.7727724,-0.08932637,0.6283658,0,0.05720163,0.9762149,0.2091227,0,0.6321003,-0.1975479,0.7492824,0,0.5476854,-1.805291,0.3139157,1,-0.7727724,0.05720162,0.6321002,0,-0.08932635,0.9762149,-0.1975478,0,0.6283658,0.2091227,0.7492824,0,0.06472223,1.665377,-0.9380348,1,0.4700092,0.1,-0.1961626,-0.0651371,0.9784055,0.003916756,-0.01177843,-0.02023573,6.055556,354
6,-0.1812317,-0.08969413,0.9998913,-0.2204695,-0.0713056,0.9998784,-0.2008505,-0.08049983,0.9998848,-0.7726215,-0.08918066,0.628572,0,0.05752676,0.9761775,0.2092084,0,0.6322553,-0.1977986,0.7490854,0,0.5472923,-1.805477,0.3136426,1,-0.7726215,0.05752675,0.6322553,0,-0.08918068,0.9761775,-0.1977986,0,0.6285721,0.2092084,0.7490855,0,0.06468912,1.665365,-0.9380945,1,0.4833509,0.1,-0.1963752,-0.06590421,0.9783115,0.003915482,-0.01177997,-0.0202297,6.066667,355
6,-0.1814544,-0.08931263,0.9998714,-0.2208343,-0.07192841,0.9998615,-0.2011442,-0.0806206,0.9998665,-0.7724764,-0.08888093,0.6287931,0,0.0579132,0.9761714,0.2091302,0,0.6323975,-0.1979635,0.748922,0,0.5468187,-1.805649,0.3136778,1,-0.7724762,0.05791317,0.6323973,0,-0.08888092,0.9761714,-0.1979635,0,0.6287929,0.2091302,0.7489218,0,0.06467833,1.665356,-0.9381794,1,0.463232,0.1,-0.1966475,-0.06601597,0.9782493,0.003914131,-0.01178131,-0.02022656,6.077778,356
6,-0.1816658,-0.08905037,0.9999476,-0.2213554,-0.06966354,0.9999384,-0.2015106,-0.07935691,0.999943,-0.7721759,-0.08848868,0.6292171,0,0.05861912,0.9761119,0.209211,0,0.6326991,-0.1984318,0.748543,0,0.5459432,-1.805969,0.3132573,1,-0.7721759,0.0586191,0.6326991,0,-0.08848866,0.976112,-0.1984318,0,0.629217,0.209211,0.748543,0,0.06464958,1.665288,-0.9382661,1,0.4741801,0.1,-0.1969841,-0.06479916,0.978263,0.003911087,-0.01178243,-0.02022431,6.1,357
6,-0.18192,-0.08868343,0.9999146,-0.2208915,-0.0665011,0.9999083,-0.2014057,-0.07759212,0.9999115,-0.7720699,-0.08843843,0.6293541,0,0.05870093,0.976114,0.2091783,0,0.6328208,-0.1984439,0.7484369,0,0.5460121,-1.805994,0.3132548,1,-0.77207,0.0587009,0.6328207,0,-0.08843843,0.976114,-0.1984439,0,0.6293541,0.2091783,0.7484368,0,0.0646921,1.665278,-0.9383677,1,0.4783168,0.1,-0.1969139,-0.06312025,0.9783869,0.003909425,-0.01177912,-0.02021866,6.111111,358
6,-0.18238,-0.08614318,1.0,-0.2207737,-0.06581824,1.000001,-0.2015767,-0.07598068,1.0,-0.7720528,-0.0882264,0.6294051,0,0.05909944,0.9760613,0.2093124,0,0.6328048,-0.1987977,0.7483567,0,0.5453718,-1.806261,0.3130528,1,-0.7720527,0.05909942,0.6328047,0,-0.08822641,0.9760612,-0.1987977,0,0.629405,0.2093123,0.7483565,0,0.06465887,1.665264,-0.9384694,1,0.463709,0.1,-0.1970743,-0.06157523,0.9784529,0.003909425,-0.01177768,-0.0202169,6.133334,359
6,-0.184393,-0.08620362,0.9999655,-0.2207723,-0.06638563,0.9999617,-0.2025826,-0.07629475,0.9999636,-0.772065,-0.08821095,0.629392,0,0.05927197,0.9760109,0.2094985,0,0.6327735,-0.1990518,0.7483155,0,0.5450814,-1.806421,0.3127551,1,-0.7720652,0.05927195,0.6327735,0,-0.08821095,0.9760109,-0.1990518,0,0.629392,0.2094985,0.7483155,0,0.06464665,1.665257,-0.9385238,1,0.4759848,0.1,-0.1980048,-0.06186663,0.9782467,0.003909425,-0.01177621,-0.02021497,6.144444,360
6,-0.1848341,-0.08642051,0.9999809,-0.2211116,-0.06727371,0.9999814,-0.2029729,-0.07684712,0.9999812,-0.7722353,-0.08844501,0.6291506,0,0.05922689,0.9759293,0.2098912,0,0.6325703,-0.199348,0.7484087,0,0.5450636,-1.806538,0.3123329,1,-0.772235,0.05922687,0.6325701,0,-0.08844496,0.9759291,-0.1993479,0,0.6291504,0.2098912,0.7484084,0,0.06463366,1.665215,-0.9386731,1,0.502583,0.1,-0.198355,-0.06239158,0.9781424,0.003909425,-0.01177322,-0.02021202,6.166667,361
6,-0.1852016,-0.08687481,0.9999771,-0.2209417,-0.06646121,0.9999751,-0.2030717,-0.07666788,0.9999761,-0.7722553,-0.08862663,0.6291004,0,0.05912353,0.9758991,0.2100604,0,0.6325555,-0.1994149,0.7484033,0,0.5452054,-1.806526,0.3120959,1,-0.7722551,0.0591235,0.6325553,0,-0.08862662,0.9758991,-0.1994149,0,0.6291003,0.2100604,0.7484031,0,0.06459172,1.665194,-0.9386943,1,0.4897204,0.1,-0.1984513,-0.0622201,0.9781338,0.003911857,-0.01177339,-0.02021361,6.177778,362
6,-0.1839296,-0.08676928,1.000092,-0.2202642,-0.06593607,1.00009,-0.2020968,-0.07635269,1.000091,-0.7725221,-0.08914281,0.6286998,0,0.05878088,0.9758064,0.2105864,0,0.6322615,-0.1996382,0.7485921,0,0.5455294,-1.806546,0.3114512,1,-0.772522,0.05878084,0.6322613,0,-0.08914278,0.9758064,-0.1996381,0,0.6286996,0.2105864,0.7485919,0,0.06458362,1.665185,-0.9387226,1,0.475168,0.1,-0.197541,-0.0619225,0.9783369,0.003917175,-0.01177447,-0.02021065,6.2,363
6,-0.182752,-0.08647737,1.000021,-0.2195484,-0.06625783,1.000027,-0.2011502,-0.07636748,1.000024,-0.7725919,-0.08941026,0.6285757,0,0.05840838,0.975827,0.2105948,0,0.6322105,-0.199418,0.7486938,0,0.5460628,-1.806325,0.3115489,1,-0.7725919,0.05840841,0.6322106,0,-0.08941027,0.975827,-0.199418,0,0.6285757,0.2105948,0.7486938,0,0.06454764,1.665155,-0.938695,1,0.4752105,0.1,-0.1966838,-0.06195086,0.9785078,0.003920448,-0.01177552,-0.02020982,6.211111,364
6,-0.182157,-0.08653116,0.9999848,-0.2187279,-0.066866,0.9999886,-0.2004425,-0.0766985,0.9999866,-0.7726353,-0.08953734,0.6285044,0,0.05821832,0.9758397,0.2105882,0,0.6321751,-0.1992984,0.7487556,0,0.5463349,-1.806216,0.3116536,1,-0.7726352,0.05821832,0.632175,0,-0.08953733,0.9758398,-0.1992984,0,0.6285043,0.2105882,0.7487555,0,0.06451821,1.66514,-0.9387076,1,0.4884162,0.1,-0.1960345,-0.06227755,0.9786174,0.003920448,-0.01177561,-0.02020747,6.222222,365
6,-0.1821837,-0.08519945,0.9999704,-0.2204143,-0.06684887,0.9999718,-0.201299,-0.07602423,0.9999712,-0.7726097,-0.08993617,0.6284792,0,0.05794903,0.9757937,0.2108759,0,0.6322314,-0.1993445,0.748696,0,0.5468312,-1.806183,0.3112094,1,-0.7726094,0.05794901,0.6322311,0,-0.08993611,0.9757937,-0.1993444,0,0.6284789,0.2108759,0.7486956,0,0.06445735,1.665147,-0.9387773,1,0.4963372,0.1,-0.1968357,-0.06162402,0.9784979,0.003920448,-0.01177557,-0.02020495,6.244444,366
6,-0.1812347,-0.08476171,0.999848,-0.2205096,-0.06719342,0.999842,-0.2008722,-0.07597752,0.999845,-0.7725343,-0.08994508,0.6285703,0,0.05801389,0.9757782,0.2109297,0,0.6323173,-0.1994162,0.7486041,0,0.5467041,-1.806197,0.3111624,1,-0.7725343,0.05801387,0.6323173,0,-0.08994509,0.9757781,-0.1994162,0,0.6285704,0.2109297,0.748604,0,0.06430162,1.665098,-0.9388129,1,0.5004481,0.1,-0.1964664,-0.06159102,0.9785742,0.003920448,-0.01177643,-0.02020155,6.255556,367
6,-0.1802063,-0.0871377,0.99986,-0.2201029,-0.0668211,0.9998513,-0.2001546,-0.07697915,0.9998558,-0.7724642,-0.09048624,0.6285787,0,0.05744123,0.9757844,0.2110576,0,0.6324552,-0.1991408,0.7485609,0,0.5475557,-1.805921,0.3110695,1,-0.7724643,0.05744123,0.6324552,0,-0.09048623,0.9757844,-0.1991408,0,0.6285788,0.2110576,0.7485608,0,0.06402458,1.665084,-0.9387915,1,0.4984724,0.1,-0.1957877,-0.06255753,0.978649,0.003916038,-0.01177517,-0.02019608,6.277778,368
6,-0.1812799,-0.08505699,0.9999305,-0.2176811,-0.06738529,0.9999233,-0.1994806,-0.07622108,0.999927,-0.7723104,-0.09072682,0.6287331,0,0.05717853,0.9758025,0.2110451,0,0.6326668,-0.1989424,0.7484348,0,0.5481368,-1.805751,0.3109952,1,-0.7723105,0.05717854,0.6326668,0,-0.09072681,0.9758025,-0.1989423,0,0.6287331,0.2110451,0.7484348,0,0.06396876,1.665081,-0.9387879,1,0.4700404,0.1,-0.1951547,-0.06183783,0.978821,0.003907852,-0.01177452,-0.02019183,6.288889,369
6,-0.1817665,-0.08472402,0.9998811,-0.2184861,-0.06775212,0.9998779,-0.2001263,-0.07623805,0.9998797,-0.7719868,-0.09108502,0.6290787,0,0.05679442,0.9758371,0.210989,0,0.6330963,-0.1986089,0.7481604,0,0.5488909,-1.805518,0.3109853,1,-0.7719867,0.05679439,0.6330961,0,-0.09108496,0.9758372,-0.1986088,0,0.6290786,0.2109889,0.74816,0,0.06364673,1.665103,-0.9387591,1,0.4751317,0.1,-0.1957565,-0.06185149,0.9787001,0.003904573,-0.0117729,-0.02018918,6.311111,370
6,-0.1825327,-0.08475783,0.999948,-0.2187166,-0.06785363,0.9999362,-0.2006246,-0.07630573,0.9999423,-0.7718024,-0.09114834,0.6292959,0,0.0568346,0.9758227,0.2110449,0,0.6333175,-0.1986507,0.747962,0,0.5489691,-1.80555,0.3106977,1,-0.7718022,0.05683457,0.6333173,0,-0.0911483,0.9758226,-0.1986507,0,0.6292956,0.2110449,0.7479616,0,0.06360205,1.665125,-0.9387355,1,0.4833567,0.1,-0.1962004,-0.06190509,0.9786078,0.003899827,-0.01177417,-0.02018511,6.322222,371
6,-0.1826237,-0.08451539,1.000072,-0.221403,-0.06807464,1.000062,-0.2020134,-0.07629496,1.000067,-0.7716632,-0.09099256,0.6294891,0,0.05708292,0.9758117,0.2110289,0,0.6334648,-0.1987763,0.7478038,0,0.548707,-1.805709,0.3104464,1,-0.7716629,0.05708292,0.6334648,0,-0.09099256,0.9758116,-0.1987763,0,0.6294889,0.2110289,0.7478037,0,0.0636882,1.665197,-0.9386716,1,0.4937012,0.1,-0.1974569,-0.06187076,0.9783573,0.003898011,-0.01177521,-0.02018132,6.333333,372
6,-0.1822292,-0.08392814,1.000229,-0.2195781,-0.06820714,1.000219,-0.2009036,-0.07606752,1.000224,-0.7713264,-0.09098258,0.6299033,0,0.05717827,0.9758205,0.2109622,0,0.6338664,-0.1987375,0.747474,0,0.5489658,-1.805671,0.3099336,1,-0.7713262,0.05717824,0.6338661,0,-0.09098255,0.9758204,-0.1987374,0,0.629903,0.2109621,0.7474735,0,0.06391902,1.665238,-0.9384924,1,0.4937012,0.1,-0.1964081,-0.06165691,0.9785818,0.003897958,-0.01177609,-0.02017741,6.355556,373
6,-0.1827098,-0.08401766,0.9999857,-0.2194925,-0.06753974,0.9999789,-0.201101,-0.07577881,0.9999825,-0.7711359,-0.09108143,0.6301221,0,0.05696826,0.9758731,0.2107753,0,0.6341169,-0.1984334,0.7473421,0,0.5494987,-1.805474,0.3100591,1,-0.7711357,0.05696824,0.6341168,0,-0.09108143,0.9758732,-0.1984333,0,0.6301219,0.2107753,0.7473418,0,0.06391793,1.665257,-0.9384326,1,0.4786069,0.1,-0.196639,-0.0613918,0.978552,0.003897958,-0.01177678,-0.02017346,6.366667,374
6,-0.1827331,-0.08411698,1.000009,-0.2194831,-0.06744464,1.000012,-0.201108,-0.07578075,1.00001,-0.7709513,-0.09110703,0.6303442,0,0.05657464,0.9760068,0.2102619,0,0.6343765,-0.1977632,0.7472993,0,0.5503855,-1.805081,0.3106794,1,-0.7709512,0.05657462,0.6343764,0,-0.09110703,0.9760067,-0.1977632,0,0.6303442,0.2102619,0.7472993,0,0.06402984,1.665309,-0.9383005,1,0.497317,0.1,-0.1966405,-0.06139262,0.9785517,0.003897958,-0.01177644,-0.02017154,6.388889,375
6,-0.1841441,-0.08349623,0.9999468,-0.2196981,-0.06879339,0.9999471,-0.2019211,-0.07614481,0.9999469,-0.7708684,-0.09110672,0.6304457,0,0.05638657,0.9760741,0.2099999,0,0.6344941,-0.1974309,0.7472875,0,0.5507209,-1.804846,0.3111112,1,-0.7708682,0.05638656,0.6344939,0,-0.09110668,0.976074,-0.1974309,0,0.6304455,0.2099999,0.7472873,0,0.06396104,1.665277,-0.9382508,1,0.5020138,0.1,-0.1973991,-0.06173314,0.9783776,0.003899117,-0.01177805,-0.02016972,6.4,376
6,-0.1825946,-0.08331896,1.000018,-0.2195211,-0.06876335,1.000013,-0.2010577,-0.07604115,1.000016,-0.7706962,-0.0909314,0.6306817,0,0.05637754,0.976153,0.209635,0,0.6347043,-0.1971211,0.7471908,0,0.5510953,-1.804752,0.3115174,1,-0.7706957,0.05637754,0.634704,0,-0.09093138,0.976153,-0.1971211,0,0.6306815,0.2096349,0.7471906,0,0.06414997,1.665339,-0.9382998,1,0.4970225,0.1,-0.1965997,-0.06163964,0.9785444,0.003907394,-0.01177888,-0.02016774,6.411111,377
6,-0.1831126,-0.08374028,1.00019,-0.2199535,-0.0679341,1.000185,-0.201533,-0.07583717,1.000188,-0.7706177,-0.09089778,0.630782,0,0.05620302,0.9762264,0.2093399,0,0.6348146,-0.1967729,0.7471887,0,0.5515475,-1.804533,0.3117226,1,-0.7706177,0.05620303,0.6348146,0,-0.09089779,0.9762264,-0.1967729,0,0.630782,0.2093399,0.7471886,0,0.06437524,1.665378,-0.9381291,1,0.4837171,0.1,-0.1970136,-0.06142886,0.9784744,0.003911949,-0.01177976,-0.02016396,6.433333,378
6,-0.1830056,-0.08381249,1.000094,-0.2194362,-0.06774966,1.000094,-0.2012209,-0.07578112,1.000094,-0.7706238,-0.09112855,0.6307415,0,0.05595281,0.9762267,0.2094054,0,0.6348296,-0.1966645,0.7472047,0,0.5519708,-1.804417,0.3115511,1,-0.7706236,0.05595275,0.6348293,0,-0.09112851,0.9762268,-0.1966645,0,0.6307413,0.2094054,0.7472044,0,0.06441975,1.665396,-0.9380643,1,0.5030513,0.1,-0.1967469,-0.06138361,0.9785309,0.003915101,-0.01178044,-0.02016135,6.444445,379
6,-0.183921,-0.08312029,1.000075,-0.2187992,-0.06723407,1.000072,-0.20136,-0.07517727,1.000073,-0.7705667,-0.0911703,0.6308053,0,0.05603426,0.9761935,0.2095385,0,0.6348916,-0.1968101,0.7471136,0,0.5519828,-1.804388,0.3111668,1,-0.7705664,0.05603425,0.6348915,0,-0.09117029,0.9761935,-0.1968101,0,0.630805,0.2095385,0.7471133,0,0.06454728,1.6653,-0.9380477,1,0.4997016,0.1,-0.1968901,-0.06080499,0.9785382,0.003918983,-0.01178162,-0.0201583,6.466667,380
6,-0.18459,-0.08350065,1.000058,-0.218201,-0.06708591,1.000053,-0.2013955,-0.07529315,1.000056,-0.7705789,-0.09109566,0.630801,0,0.05635614,0.9761172,0.2098076,0,0.6348482,-0.1972228,0.7470415,0,0.5514188,-1.804679,0.3106112,1,-0.7705787,0.05635613,0.6348482,0,-0.09109563,0.9761172,-0.1972228,0,0.6308009,0.2098077,0.7470414,0,0.06457935,1.665334,-0.9380306,1,0.4963728,0.1,-0.1969264,-0.06091441,0.9785241,0.003920602,-0.01178354,-0.02015704,6.477778,381
6,-0.1833569,-0.0832469,1.000029,-0.2187544,-0.0653443,1.00003,-0.2010556,-0.07429568,1.00003,-0.7705309,-0.09102394,0.6308698,0,0.05631854,0.9761576,0.2096294,0,0.6349097,-0.1970556,0.7470334,0,0.5515881,-1.804575,0.3108393,1,-0.7705309,0.05631853,0.6349096,0,-0.09102391,0.9761577,-0.1970556,0,0.6308698,0.2096294,0.7470333,0,0.06465717,1.665324,-0.9380174,1,0.4804665,0.1,-0.1966322,-0.0599624,0.9786421,0.003923629,-0.01178785,-0.0201556,6.488889,382
6,-0.1833218,-0.08218329,1.000097,-0.2185876,-0.07009979,1.000102,-0.2009549,-0.0761414,1.000099,-0.7704874,-0.09057587,0.6309874,0,0.05676742,0.9761716,0.2094434,0,0.6349225,-0.1971931,0.7469862,0,0.5508261,-1.804775,0.3109279,1,-0.7704874,0.05676743,0.6349225,0,-0.09057588,0.9761716,-0.1971931,0,0.6309875,0.2094434,0.7469862,0,0.06474386,1.66538,-0.9378799,1,0.4988168,0.1,-0.1965055,-0.06172022,0.9785582,0.003923629,-0.01179147,-0.0201539,6.511111,383
6,-0.1826039,-0.08204137,1.000042,-0.2186667,-0.0679501,1.000045,-0.2006352,-0.07499571,1.000044,-0.7704794,-0.09012262,0.6310623,0,0.05710753,0.9762171,0.2091385,0,0.6349019,-0.1971753,0.7470086,0,0.5502476,-1.804878,0.3113733,1,-0.7704793,0.05710752,0.6349018,0,-0.0901226,0.9762171,-0.1971753,0,0.6310622,0.2091385,0.7470084,0,0.06479804,1.66541,-0.937829,1,0.4918285,0.1,-0.1962352,-0.06063193,0.9786804,0.003924117,-0.01179203,-0.02015265,6.522223,384
6,-0.1827139,-0.08246285,1.000068,-0.2192377,-0.06819659,1.000074,-0.2009757,-0.0753298,1.000071,-0.7704631,-0.089728,0.6311383,0,0.05732854,0.9762808,0.2087803,0,0.6349016,-0.1970397,0.7470443,0,0.5497792,-1.804844,0.3119129,1,-0.770463,0.05732851,0.6349016,0,-0.08972798,0.9762809,-0.1970397,0,0.6311383,0.2087803,0.7470443,0,0.06477943,1.665395,-0.9376944,1,0.4944376,0.1,-0.1965398,-0.06094497,0.9785999,0.003922853,-0.01179282,-0.02014867,6.544445,385
6,-0.182343,-0.08243574,0.999973,-0.2194372,-0.06880909,0.9999718,-0.2008902,-0.07562256,0.9999724,-0.770435,-0.08943807,0.631214,0,0.05760533,0.9762937,0.208644,0,0.6349109,-0.1971079,0.7470187,0,0.5492896,-1.804993,0.3121121,1,-0.7704347,0.0576053,0.6349107,0,-0.08943803,0.9762937,-0.1971078,0,0.6312138,0.2086439,0.7470184,0,0.0647473,1.66544,-0.9376815,1,0.4918319,0.1,-0.196476,-0.06123305,0.9785948,0.003922439,-0.01179159,-0.02014633,6.555556,386
6,-0.1823639,-0.08281006,1.00006,-0.2194455,-0.06928936,1.000063,-0.2009047,-0.07604966,1.000062,-0.7704915,-0.08915909,0.6311845,0,0.05782748,0.9763111,0.208501,0,0.6348222,-0.197148,0.7470834,0,0.5489617,-1.805103,0.3122978,1,-0.7704911,0.05782751,0.6348221,0,-0.08915904,0.9763111,-0.197148,0,0.6311843,0.208501,0.7470833,0,0.06491143,1.665483,-0.9376778,1,0.4733266,0.1,-0.1964681,-0.06163711,0.978571,0.003922164,-0.01179039,-0.02014286,6.577778,387
6,-0.1819426,-0.08218117,1.000093,-0.2195241,-0.0698954,1.000097,-0.2007334,-0.0760382,1.000095,-0.7705241,-0.08890804,0.63118,0,0.05795359,0.9763514,0.2082768,0,0.6347709,-0.1970614,0.7471498,0,0.5489238,-1.805063,0.3126282,1,-0.770524,0.05795357,0.6347708,0,-0.08890798,0.9763515,-0.1970614,0,0.6311797,0.2082768,0.7471496,0,0.06514979,1.665451,-0.9377291,1,0.49262,0.1,-0.1963051,-0.06162656,0.9786043,0.003921838,-0.01179025,-0.02013677,6.588889,388
6,-0.1819612,-0.082517,1.00008,-0.2199813,-0.06997754,1.000083,-0.2009712,-0.07624741,1.000082,-0.7705539,-0.08899803,0.6311308,0,0.05779694,0.9763673,0.208246,0,0.6347489,-0.1969422,0.7471999,0,0.5491693,-1.804973,0.3126592,1,-0.7705539,0.05779693,0.6347489,0,-0.08899804,0.9763674,-0.1969422,0,0.6311306,0.2082459,0.7471998,0,0.06519677,1.665466,-0.9376787,1,0.4836172,0.1,-0.1965247,-0.06182498,0.9785478,0.003921228,-0.01179043,-0.02013272,6.6,389
6,-0.1821719,-0.08136547,1.000058,-0.2223541,-0.0694599,1.000054,-0.202263,-0.07541278,1.000056,-0.7705821,-0.08897759,0.6310995,0,0.05792253,0.9763322,0.2083756,0,0.6347035,-0.1971254,0.7471904,0,0.5488332,-1.805018,0.3123504,1,-0.7705819,0.0579225,0.6347033,0,-0.08897757,0.9763321,-0.1971253,0,0.6310992,0.2083756,0.74719,0,0.06519077,1.665421,-0.937546,1,0.4836172,0.1,-0.1977305,-0.06101326,0.9783558,0.003921356,-0.0117915,-0.02012971,6.622222,390
6,-0.1819797,-0.08055598,0.9999331,-0.2201692,-0.06852464,0.9999335,-0.2010744,-0.07454044,0.9999334,-0.7705865,-0.08919778,0.6310629,0,0.05770481,0.9763266,0.2084622,0,0.6347178,-0.1970535,0.747197,0,0.5491028,-1.804914,0.3122959,1,-0.7705864,0.05770479,0.6347177,0,-0.08919779,0.9763266,-0.1970535,0,0.6310627,0.2084621,0.7471969,0,0.06505848,1.665398,-0.9375365,1,0.4709133,0.1,-0.1966681,-0.06019842,0.9786204,0.003921349,-0.01179357,-0.0201265,6.633334,391
6,-0.1820711,-0.08070192,1.000113,-0.2204677,-0.06858562,1.000113,-0.2012694,-0.07464372,1.000113,-0.7705668,-0.08919881,0.6310868,0,0.05749261,0.9763941,0.2082045,0,0.6347611,-0.1967183,0.7472486,0,0.5495529,-1.80477,0.3125989,1,-0.7705666,0.05749261,0.6347609,0,-0.08919878,0.9763942,-0.1967182,0,0.6310866,0.2082044,0.7472484,0,0.06520688,1.665487,-0.9374548,1,0.4793009,0.1,-0.1968134,-0.06028263,0.978586,0.003920578,-0.01179522,-0.02012303,6.655556,392
6,-0.1834009,-0.08037984,1.000054,-0.2204509,-0.06632394,1.00005,-0.2019258,-0.0733519,1.000052,-0.7705028,-0.08936739,0.6311409,0,0.05734375,0.9763911,0.2082594,0,0.634852,-0.1966565,0.7471875,0,0.5498558,-1.804723,0.3123837,1,-0.7705029,0.05734378,0.6348521,0,-0.0893674,0.9763911,-0.1966565,0,0.631141,0.2082595,0.7471876,0,0.06522395,1.665528,-0.9373968,1,0.4750782,0.1,-0.197445,-0.05904378,0.9785343,0.003920129,-0.01179621,-0.02011927,6.666667,393
6,-0.1836814,-0.08039734,0.9999622,-0.2211416,-0.06441917,0.9999636,-0.2024116,-0.0724082,0.999963,-0.7704254,-0.08930568,0.6312445,0,0.05714906,0.9764796,0.2078977,0,0.6349639,-0.1962446,0.747201,0,0.5501879,-1.804469,0.3129233,1,-0.770425,0.05714903,0.6349636,0,-0.08930563,0.9764797,-0.1962446,0,0.6312442,0.2078977,0.7472007,0,0.06519821,1.665529,-0.9372833,1,0.4939038,0.1,-0.1979184,-0.05813936,0.9784928,0.003918488,-0.01179782,-0.02011636,6.688889,394
6,-0.1834153,-0.07974026,1.000016,-0.220533,-0.06500225,1.000008,-0.201974,-0.07237138,1.000012,-0.770279,-0.08952712,0.6313916,0,0.05694903,0.9764834,0.207935,0,0.6351593,-0.196125,0.7470663,0,0.5506731,-1.804345,0.3126779,1,-0.7702788,0.056949,0.635159,0,-0.08952707,0.9764835,-0.196125,0,0.6313913,0.2079349,0.747066,0,0.06521204,1.665536,-0.9372332,1,0.5001266,0.1,-0.1975057,-0.05810637,0.9785782,0.003916802,-0.0117985,-0.02011359,6.7,395
6,-0.1833639,-0.08045796,0.9999608,-0.2186452,-0.06550412,0.999961,-0.2010045,-0.0729811,0.999961,-0.7702514,-0.08956288,0.6314202,0,0.0568437,0.9765069,0.2078532,0,0.6352021,-0.1959915,0.7470647,0,0.5507439,-1.804245,0.3128385,1,-0.7702512,0.05684371,0.6352021,0,-0.08956289,0.9765069,-0.1959915,0,0.6314201,0.2078532,0.7470647,0,0.06508517,1.665527,-0.9371611,1,0.4825817,0.1,-0.1966134,-0.05870408,0.9787221,0.003915207,-0.01179749,-0.02011058,6.711111,396
6,-0.1831668,-0.08057988,1.000141,-0.2180979,-0.06479265,1.000138,-0.2006322,-0.07268623,1.000139,-0.7701553,-0.08992827,0.6314853,0,0.05661896,0.9764657,0.2081082,0,0.6353385,-0.1960297,0.7469386,0,0.5512124,-1.804223,0.312094,1,-0.7701553,0.05661897,0.6353386,0,-0.08992828,0.9764657,-0.1960297,0,0.6314853,0.2081082,0.7469387,0,0.06518561,1.665604,-0.937003,1,0.4853277,0.1,-0.1962408,-0.05841596,0.9788141,0.003915635,-0.01179768,-0.02010951,6.733334,397
6,-0.1826586,-0.08069403,1.000026,-0.2174393,-0.0652069,1.000014,-0.200049,-0.07295042,1.00002,-0.7699867,-0.09017101,0.6316565,0,0.05656347,0.97642,0.2083378,0,0.6355481,-0.196146,0.7467301,0,0.5514775,-1.804235,0.3114532,1,-0.7699866,0.05656346,0.6355478,0,-0.09017099,0.97642,-0.196146,0,0.6316563,0.2083377,0.7467298,0,0.0652092,1.66561,-0.936955,1,0.4717406,0.1,-0.1957215,-0.05868226,0.9789022,0.003915672,-0.0117964,-0.0201093,6.744444,398
6,-0.1827992,-0.07999712,1.000044,-0.2178593,-0.06387573,1.000039,-0.2003292,-0.0719364,1.000041,-0.7698931,-0.09027348,0.6317559,0,0.05652843,0.9764065,0.2084103,0,0.6356646,-0.1961658,0.7466255,0,0.5515479,-1.804136,0.3111497,1,-0.7698929,0.05652841,0.6356644,0,-0.09027345,0.9764066,-0.1961658,0,0.6317558,0.2084103,0.7466254,0,0.06519667,1.665546,-0.9368214,1,0.5089889,0.1,-0.1959887,-0.0577068,0.9789066,0.003916589,-0.01179855,-0.020107,6.766667,399
6,-0.1818398,-0.07873903,1.00002,-0.2181855,-0.06392436,1.000024,-0.2000127,-0.07133171,1.000022,-0.7700005,-0.09035738,0.6316132,0,0.05650432,0.9763753,0.2085629,0,0.6355367,-0.1962824,0.7467039,0,0.5514694,-1.804216,0.3110003,1,-0.7700002,0.05650432,0.6355365,0,-0.09035733,0.9763753,-0.1962823,0,0.631613,0.2085629,0.7467036,0,0.06517556,1.665568,-0.9368396,1,0.5043501,0.1,-0.195708,-0.05713044,0.9789967,0.003917816,-0.01180126,-0.02010644,6.777778,400
6,-0.1803766,-0.07772098,1.000035,-0.2185287,-0.06530981,1.000037,-0.1994528,-0.07151565,1.000036,-0.7699929,-0.09027781,0.6316338,0,0.05647477,0.9764115,0.2084016,0,0.6355485,-0.1961391,0.7467315,0,0.5514328,-1.804128,0.3111625,1,-0.7699926,0.05647473,0.6355482,0,-0.09027779,0.9764115,-0.1961391,0,0.6316335,0.2084015,0.7467312,0,0.06518582,1.665582,-0.9366768,1,0.4827653,0.1,-0.1951884,-0.05730717,0.9790901,0.003919533,-0.01180505,-0.02010443,6.8,401
6,-0.1803609,-0.07846612,1.000164,-0.2187813,-0.06692328,1.000167,-0.1995711,-0.07269457,1.000165,-0.7699896,-0.09013747,0.6316578,0,0.05642173,0.9764745,0.2081207,0,0.6355572,-0.19589,0.7467895,0,0.5516979,-1.803986,0.3114974,1,-0.7699893,0.05642171,0.635557,0,-0.09013744,0.9764745,-0.19589,0,0.6316576,0.2081207,0.7467892,0,0.06543502,1.665589,-0.9366411,1,0.4800718,0.1,-0.1952628,-0.05842683,0.979009,0.003920501,-0.01180554,-0.02010226,6.811111,402
6,-0.1814047,-0.07875578,1.000211,-0.2184531,-0.06628394,1.000218,-0.199929,-0.07251993,1.000214,-0.7700819,-0.08997446,0.6315684,0,0.05644561,0.9765114,0.2079408,0,0.635443,-0.1957807,0.7469151,0,0.5515158,-1.803934,0.3116566,1,-0.7700818,0.05644562,0.6354431,0,-0.08997444,0.9765114,-0.1957807,0,0.6315683,0.2079408,0.746915,0,0.06557185,1.665625,-0.9364133,1,0.5214693,0.1,-0.1955884,-0.05825413,0.9789543,0.003922058,-0.01180515,-0.02009845,6.833333,403
6,-0.1821535,-0.07850179,1.000077,-0.2166072,-0.06300311,1.000083,-0.1993802,-0.07075246,1.00008,-0.7701201,-0.08995841,0.6315241,0,0.05631013,0.9765545,0.2077749,0,0.6354088,-0.1955728,0.7469987,0,0.5517276,-1.803806,0.3119375,1,-0.77012,0.05631013,0.6354088,0,-0.08995841,0.9765545,-0.1955728,0,0.631524,0.2077749,0.7469987,0,0.06563297,1.665634,-0.9363648,1,0.4860739,0.1,-0.1951279,-0.05657651,0.9791447,0.003923912,-0.01180557,-0.02009542,6.844445,404
6,-0.1824027,-0.07775205,1.000042,-0.217899,-0.06339279,1.000049,-0.200151,-0.07057248,1.000045,-0.7701496,-0.08973385,0.6315202,0,0.05628026,0.9766346,0.2074065,0,0.6353757,-0.1952761,0.7471044,0,0.551781,-1.803641,0.3125885,1,-0.7701495,0.05628024,0.6353757,0,-0.08973383,0.9766346,-0.1952761,0,0.63152,0.2074065,0.7471043,0,0.06570032,1.66561,-0.9363324,1,0.5117322,0.1,-0.1958487,-0.05639788,0.9790111,0.00392444,-0.0118063,-0.02009202,6.855556,405
6,-0.1824084,-0.07626724,1.000096,-0.2182696,-0.06335148,1.000101,-0.2003391,-0.06980936,1.000098,-0.7702763,-0.08961044,0.6313832,0,0.05643145,0.9766158,0.2074537,0,0.6352088,-0.1954265,0.7472072,0,0.5515007,-1.803788,0.3124741,1,-0.770276,0.05643142,0.6352086,0,-0.08961041,0.9766158,-0.1954264,0,0.631383,0.2074537,0.7472069,0,0.06587879,1.665662,-0.9363087,1,0.5002823,0.1,-0.196021,-0.05566195,0.9790186,0.003924507,-0.01180701,-0.02008777,6.877778,406
6,-0.1825018,-0.07501173,1.000227,-0.2172775,-0.06163307,1.000236,-0.1998896,-0.06832242,1.000232,-0.7704407,-0.08945648,0.6312041,0,0.05655672,0.9766112,0.2074413,0,0.634998,-0.1955201,0.7473617,0,0.5512479,-1.803825,0.3124651,1,-0.7704407,0.05655672,0.634998,0,-0.08945645,0.9766113,-0.19552,0,0.631204,0.2074413,0.7473616,0,0.06611083,1.665641,-0.9362497,1,0.5005304,0.1,-0.1955977,-0.05423683,0.9791834,0.003924507,-0.01180743,-0.02008529,6.888889,407
6,-0.1823413,-0.07419088,1.000155,-0.2173229,-0.06080459,1.000155,-0.199832,-0.06749775,1.000155,-0.7705758,-0.0892404,0.6310699,0,0.05673243,0.9766144,0.2073781,0,0.6348184,-0.1956027,0.7474926,0,0.5508779,-1.803862,0.3124621,1,-0.7705757,0.05673244,0.6348184,0,-0.0892404,0.9766144,-0.1956027,0,0.6310698,0.2073781,0.7474926,0,0.06633039,1.665627,-0.9361108,1,0.5029796,0.1,-0.1955671,-0.05345091,0.9792326,0.003924507,-0.01180872,-0.02008425,6.911111,408
6,-0.1823105,-0.07319921,1.000082,-0.2173633,-0.06161064,1.000085,-0.199837,-0.06740481,1.000083,-0.7706439,-0.08897538,0.6310242,0,0.05700807,0.9766096,0.2073251,0,0.6347111,-0.1957473,0.747546,0,0.5503357,-1.804001,0.3125297,1,-0.7706437,0.05700806,0.634711,0,-0.08897538,0.9766096,-0.1957473,0,0.6310241,0.2073251,0.7475459,0,0.06638739,1.665635,-0.9360626,1,0.4887101,0.1,-0.1955864,-0.05336284,0.9792336,0.003924293,-0.01181192,-0.02008061,6.922223,409
6,-0.1818796,-0.07270451,1.000119,-0.2179079,-0.0605697,1.000122,-0.1998939,-0.06663716,1.00012,-0.770678,-0.08883511,0.6310023,0,0.05708624,0.9766282,0.2072163,0,0.6346627,-0.1957186,0.7475946,0,0.5502526,-1.804018,0.3126383,1,-0.7706778,0.05708621,0.6346626,0,-0.08883511,0.9766281,-0.1957186,0,0.6310022,0.2072163,0.7475945,0,0.06653196,1.665659,-0.9360311,1,0.5017049,0.1,-0.1956384,-0.05262342,0.9792631,0.003923034,-0.01181392,-0.02007987,6.933333,410
6,-0.1822351,-0.07194272,1.000102,-0.2173487,-0.06054635,1.000099,-0.1997918,-0.06624448,1.000101,-0.7708255,-0.0884854,0.6308714,0,0.0573864,0.9766355,0.2070991,0,0.6344566,-0.1958407,0.7477376,0,0.5497118,-1.804069,0.312821,1,-0.7708253,0.05738639,0.6344564,0,-0.08848536,0.9766355,-0.1958406,0,0.6308712,0.2070991,0.7477375,0,0.06674828,1.665586,-0.9359861,1,0.504389,0.1,-0.1955492,-0.05224873,0.9793011,0.003919457,-0.01181527,-0.02007717,6.955556,411
6,-0.1826337,-0.07175632,1.000103,-0.2196437,-0.05983636,1.000106,-0.2011387,-0.06579641,1.000105,-0.7708659,-0.08849319,0.6308207,0,0.0573219,0.9766487,0.2070545,0,0.6344131,-0.1957711,0.7477926,0,0.5497924,-1.80399,0.3128568,1,-0.7708657,0.05732191,0.6344131,0,-0.08849317,0.9766487,-0.1957711,0,0.6308206,0.2070545,0.7477926,0,0.06681891,1.665571,-0.9359165,1,0.4689594,0.1,-0.1967931,-0.05180544,0.9790755,0.00391617,-0.01181635,-0.02007462,6.966667,412
6,-0.1818846,-0.07223932,0.9999984,-0.2199021,-0.05748305,0.9999928,-0.2008932,-0.06486137,0.9999957,-0.7707438,-0.0892039,0.6308698,0,0.05651727,0.9766757,0.2071483,0,0.6346336,-0.1953133,0.7477252,0,0.5513265,-1.803622,0.3125207,1,-0.7707437,0.0565173,0.6346336,0,-0.08920391,0.9766756,-0.1953133,0,0.6308697,0.2071483,0.7477251,0,0.06688147,1.665656,-0.9358413,1,0.4689594,0.1,-0.1965933,-0.05091703,0.9791622,0.003912514,-0.01181733,-0.02007101,6.988889,413
6,-0.1812976,-0.07166222,1.000073,-0.2192289,-0.05733667,1.00007,-0.2002631,-0.0644995,1.000072,-0.7707,-0.08970739,0.630852,0,0.05601258,0.97667,0.2073124,0,0.6347317,-0.1951113,0.7476947,0,0.5522462,-1.803375,0.3121601,1,-0.7706999,0.05601257,0.6347316,0,-0.0897074,0.9766699,-0.1951113,0,0.6308519,0.2073123,0.7476947,0,0.06691315,1.665655,-0.9357873,1,0.5075001,0.1,-0.1959995,-0.05057329,0.979299,0.003910195,-0.01181732,-0.02006851,7.0,414
6,-0.1817378,-0.07147478,1.000034,-0.221262,-0.05557241,1.000028,-0.2015001,-0.06352338,1.000031,-0.7703608,-0.09052186,0.6311501,0,0.05527245,0.9766636,0.2075404,0,0.6352083,-0.1947662,0.74738,0,0.5537927,-1.802966,0.3113852,1,-0.7703605,0.05527242,0.635208,0,-0.09052184,0.9766637,-0.1947661,0,0.6311498,0.2075404,0.7473797,0,0.06688157,1.665657,-0.9356533,1,0.5283025,0.1,-0.1971555,-0.04962865,0.9791152,0.003907372,-0.01181809,-0.02006532,7.022223,415
