flag,xl,yl,zl,xr,yr,zr,xc,yc,zc,mat_00,mat_10,mat_20,mat_30,mat_01,mat_11,mat_21,mat_31,mat_02,mat_12,mat_22,mat_32,mat_03,mat_13,mat_23,mat_33,ctw_00,ctw_10,ctw_20,ctw_30,ctw_01,ctw_11,ctw_21,ctw_31,ctw_02,ctw_12,ctw_22,ctw_32,ctw_03,ctw_13,ctw_23,ctw_33,opennessl,opennessr,ray_x,ray_y,ray_z,eye_x,eye_y,eye_z,time,frame
0,-0.06296916,-0.1228203,1,-0.1953294,-0.1021649,0.9999999,-0.1291493,-0.1124925,0.9999999,-0.00151968,0.136812,-0.9905959,0,-0.02847825,0.9901893,0.1367995,0,-0.9995933,-0.02841834,-0.002391338,0,-0.790576,-1.52967,-1.19558,1,-0.001519737,-0.02847825,-0.9995932,0,0.136812,0.9901893,-0.02841833,0,-0.9905958,0.1367995,-0.002391394,0,-0.9762608,1.655703,-0.8365841,1,0.1973391,0.2162744,-0.1293988,-0.106953,0.9858078,0.00478376,-0.001791588,-0.02035362,0,1
0,-0.06493033,-0.1222864,1,-0.1951201,-0.09944288,1,-0.1300253,-0.1108647,1,-0.00151968,0.136812,-0.9905959,0,-0.02847825,0.9901893,0.1367995,0,-0.9995933,-0.02841834,-0.002391338,0,-0.790576,-1.52967,-1.19558,1,-0.001519737,-0.02847825,-0.9995932,0,0.136812,0.9901893,-0.02841833,0,-0.9905958,0.1367995,-0.002391394,0,-0.9762608,1.655703,-0.8365841,1,1,1,-0.1302545,-0.1053759,0.985865,0.00478546,-0.001802742,-0.02035125,0.01111111,2
0,-0.06246572,-0.1246766,1.000452,-0.1845975,-0.09138664,1.000695,-0.1235278,-0.1080337,1.000573,-0.0003222227,0.1340156,-0.9909793,0,-0.02875293,0.9905683,0.1339694,0,-0.9995866,-0.02853671,-0.003534079,0,-0.789238,-1.533337,-1.192946,1,-0.0003223007,-0.02875291,-0.9995864,0,0.1340156,0.9905683,-0.02853672,0,-0.990979,0.1339694,-0.003534158,0,-0.9769483,1.656,-0.836884,1,1,1,-0.1239901,-0.1026932,0.9869552,0.004746116,-0.001792481,-0.02048303,0.02222222,3
0,-0.06242294,-0.1246215,1,-0.1844892,-0.09132729,1,-0.1234561,-0.1079743,1,-0.0003222227,0.1340156,-0.9909793,0,-0.02875293,0.9905683,0.1339694,0,-0.9995866,-0.02853671,-0.003534079,0,-0.789238,-1.533337,-1.192946,1,-0.0003223007,-0.02875291,-0.9995864,0,0.1340156,0.9905683,-0.02853672,0,-0.990979,0.1339694,-0.003534158,0,-0.9769483,1.656,-0.836884,1,1,1,-0.1239901,-0.1026932,0.9869552,0.004746116,-0.001792481,-0.02048303,0.1888889,4
0,-0.06450344,-0.1269947,1.006801,-0.1863505,-0.09279408,1.013989,-0.1253174,-0.109962,1.010382,0.01547456,-0.01839129,-0.9997112,0,-0.02813359,0.999427,-0.01882154,0,-0.9994844,-0.02841672,-0.01494825,0,-0.7879281,-1.712025,-0.9692994,1,0.01547453,-0.02813359,-0.9994843,0,-0.01839129,0.999427,-0.02841671,0,-0.9997111,-0.01882154,-0.01494827,0,-0.9883129,1.670633,-0.8506612,1,1,1,-0.1245056,-0.103544,0.9868014,0.004749206,-0.001793259,-0.02049359,0.3555556,5
0,-0.06413983,-0.1257865,1.000114,-0.1862228,-0.09149472,0.9998402,-0.1251855,-0.1086383,0.9999769,0.01402515,-0.01562996,-0.9997795,0,-0.02931962,0.9994414,-0.01603598,0,-0.9994717,-0.02953807,-0.0135591,0,-0.7868863,-1.710115,-0.9726973,1,0.0140252,-0.02931962,-0.9994717,0,-0.01562996,0.9994414,-0.02953807,0,-0.9997795,-0.01603597,-0.01355905,0,-0.9881755,1.67049,-0.8501729,1,1,1,-0.1256328,-0.1033067,0.9866834,0.004749366,-0.001794106,-0.02049376,0.3888889,6
0,-0.06389418,-0.1256195,1.00009,-0.1871785,-0.08921623,1.000052,-0.125537,-0.1074174,1.000071,0.01382238,-0.01527942,-0.9997877,0,-0.02931723,0.9994472,-0.01567954,0,-0.9994746,-0.02952774,-0.01336682,0,-0.7869875,-1.709654,-0.9731957,1,0.01382241,-0.02931723,-0.9994746,0,-0.01527942,0.9994471,-0.02952773,0,-0.9997876,-0.01567953,-0.01336678,0,-0.9882335,1.670377,-0.8500647,1,1,1,-0.125971,-0.1021231,0.9867635,0.004749213,-0.001796028,-0.02049376,0.4,7
0,-0.0659488,-0.1254572,0.999999,-0.1874397,-0.08907025,0.9999682,-0.1266947,-0.1072635,0.9999835,0.01314741,-0.01414337,-0.9998136,0,-0.02856202,0.9994866,-0.01451434,0,-0.9995055,-0.02874752,-0.01273668,0,-0.7888756,-1.70777,-0.9746227,1,0.01314739,-0.02856202,-0.9995056,0,-0.01414337,0.9994867,-0.02874752,0,-0.9998135,-0.01451434,-0.0127367,0,-0.9882229,1.670215,-0.8499933,1,1,1,-0.127084,-0.1019698,0.9866366,0.004748314,-0.001796028,-0.02049519,0.4222222,8
0,-0.06403382,-0.1216931,0.9998214,-0.1872032,-0.08591595,0.9998516,-0.1256182,-0.1038048,0.9998365,0.0128662,-0.01502619,-0.9998044,0,-0.02768216,0.9994985,-0.01537783,0,-0.999534,-0.0278746,-0.01244384,0,-0.790499,-1.708038,-0.9728578,1,0.01286625,-0.02768216,-0.9995339,0,-0.01502619,0.9994985,-0.02787459,0,-0.9998043,-0.01537783,-0.01244379,0,-0.9881619,1.670338,-0.8498474,1,1,1,-0.1261261,-0.09869163,0.9870928,0.004755867,-0.001789665,-0.02050076,0.4444444,9
0,-0.06335748,-0.1207535,0.9997517,-0.1865555,-0.08331342,0.9997553,-0.1249564,-0.1020333,0.9997535,0.01277918,-0.01540909,-0.9997997,0,-0.02771483,0.9994916,-0.01575858,0,-0.9995342,-0.02791065,-0.01234561,0,-0.7905303,-1.708564,-0.971937,1,0.01277917,-0.02771483,-0.9995342,0,-0.01540909,0.9994918,-0.02791066,0,-0.9997996,-0.01575858,-0.01234562,0,-0.9879673,1.67047,-0.8498484,1,1,1,-0.1255309,-0.09701838,0.9873345,0.004759934,-0.00178006,-0.02050157,0.4555556,10
0,0.02589768,-0.1372038,0.999993,-0.0711778,-0.1453459,0.9999841,-0.02264027,-0.1412747,0.9999886,0.01271856,-0.01573903,-0.9997953,0,-0.02792107,0.9994807,-0.01608926,0,-0.9995292,-0.02811998,-0.01227254,0,-0.7902175,-1.709081,-0.9713551,1,0.01271859,-0.02792107,-0.9995292,0,-0.01573903,0.9994807,-0.02811998,0,-0.9997951,-0.01608926,-0.0122725,0,-0.9880049,1.670502,-0.8498258,1,1,1,-0.02541679,-0.1352959,0.9904792,0.003541605,-0.001907234,-0.02030076,0.4666667,11
0,0.03274824,-0.136974,1.000044,-0.06826014,-0.1453809,0.9999874,-0.0177566,-0.1411777,1.000016,0.007168651,-0.01760761,-0.9998194,0,-0.02719744,0.9994717,-0.0177965,0,-0.9996045,-0.02732011,-0.006685972,0,-0.7971944,-1.710421,-0.9645419,1,0.00716864,-0.02719744,-0.9996043,0,-0.01760761,0.9994716,-0.0273201,0,-0.9998191,-0.01779649,-0.00668598,0,-0.9887689,1.67067,-0.8500566,1,1,1,-0.02070544,-0.1351793,0.9906048,0.003564659,-0.001978218,-0.02004662,0.6333333,12
0,0.06753526,-0.1340297,1.000011,-0.0675967,-0.1453873,0.9999555,-3.173621E-05,-0.1397086,0.9999832,0.006780207,-0.01812464,-0.9998127,0,-0.02609213,0.9994921,-0.01829577,0,-0.9996365,-0.0262113,-0.006303906,0,-0.7994703,-1.710076,-0.9634305,1,0.006780261,-0.02609213,-0.9996365,0,-0.01812464,0.9994922,-0.0262113,0,-0.9998127,-0.01829577,-0.006303853,0,-0.9888239,1.670721,-0.8500764,1,1,1,-0.003599796,-0.1336721,0.9910191,0.003669761,-0.002258804,-0.0190459,0.6444445,13
0,0.1471193,-0.1288655,1.000355,-0.06940819,-0.1452798,1.000212,0.03885017,-0.1370731,1.000284,0.005775154,-0.01883439,-0.999806,0,-0.02500666,0.9995072,-0.01897321,0,-0.9996707,-0.02511138,-0.005301297,0,-0.8022511,-1.709863,-0.9617523,1,0.005775127,-0.02500666,-0.9996705,0,-0.01883439,0.9995073,-0.02511137,0,-0.9998057,-0.01897321,-0.005301322,0,-0.9891366,1.670712,-0.8500224,1,1,1,0.03403773,-0.1307405,0.9908321,0.003906663,-0.002854134,-0.01691135,0.6666667,14
0,0.1550666,-0.125892,1.000225,-0.06905118,-0.1439808,1.000116,0.04300342,-0.1349369,1.00017,0.005296886,-0.01897835,-0.9998059,0,-0.02468397,0.9995127,-0.01910356,0,-0.9996813,-0.02478037,-0.00482583,0,-0.8032603,-1.709692,-0.9612992,1,0.005296872,-0.02468397,-0.9996812,0,-0.01897835,0.9995129,-0.02478037,0,-0.9998059,-0.01910356,-0.004825844,0,-0.9893051,1.670668,-0.8500101,1,1,1,0.03807682,-0.1286378,0.9909604,0.003933526,-0.002944603,-0.0166319,0.6777778,15
0,0.1454726,-0.1076414,1.000143,-0.06665411,-0.1378941,1.000057,0.03940611,-0.1227682,1.0001,0.004889727,-0.0190036,-0.9998074,0,-0.02430501,0.9995218,-0.01911704,0,-0.9996926,-0.0243938,-0.004425466,0,-0.8043094,-1.70939,-0.9610249,1,0.004889688,-0.02430501,-0.9996927,0,-0.01900361,0.9995219,-0.02439381,0,-0.9998075,-0.01911704,-0.004425506,0,-0.9893917,1.670652,-0.8500137,1,1,1,0.0345734,-0.1168844,0.9925436,0.004003898,-0.00308149,-0.01623985,0.6888889,16
0,0.1175674,-0.05963485,0.9999286,-0.08378331,-0.1022167,0.9998815,0.01689047,-0.08092619,0.999905,0.00444746,-0.01917173,-0.9998064,0,-0.0236017,0.9995357,-0.01927152,0,-0.9997116,-0.02368284,-0.003992915,0,-0.8060142,-1.708979,-0.9603548,1,0.004447465,-0.0236017,-0.9997115,0,-0.01917172,0.9995356,-0.02368284,0,-0.9998062,-0.01927152,-0.003992909,0,-0.989348,1.670655,-0.8500897,1,1,1,0.01241847,-0.07672457,0.996975,0.004231431,-0.00271621,-0.01637392,0.7111111,17
0,0.1134407,-0.02076625,1.000113,-0.09082166,-0.05390761,0.9999973,0.01130544,-0.03733786,1.000055,0.003893435,-0.01926494,-0.9998068,0,-0.02337619,0.9995394,-0.01935082,0,-0.9997191,-0.02344702,-0.003441334,0,-0.8069439,-1.708896,-0.9598057,1,0.003893468,-0.02337619,-0.9997192,0,-0.01926494,0.9995395,-0.02344702,0,-0.9998069,-0.01935082,-0.003441301,0,-0.9894003,1.670673,-0.8500888,1,1,1,0.007009543,-0.0343155,0.9993865,0.004176011,-0.002435608,-0.01642294,0.7222223,18
0,0.1141874,-0.0213164,0.9999676,-0.09833614,-0.04793002,0.9998761,0.007922206,-0.03462376,0.9999219,0.003525555,-0.01973912,-0.999799,0,-0.02353672,0.9995266,-0.01981674,0,-0.9997169,-0.02360186,-0.003059268,0,-0.8070329,-1.709497,-0.9586301,1,0.00352553,-0.02353672,-0.9997166,0,-0.01973912,0.9995266,-0.02360185,0,-0.9997989,-0.01981674,-0.003059291,0,-0.989336,1.670696,-0.8500842,1,1,1,0.003689022,-0.03163634,0.9994926,0.004171083,-0.002455231,-0.01638791,0.7333333,19
0,0.1126319,-0.02251348,1.000181,-0.097321,-0.04867706,1.000102,0.007652523,-0.03559581,1.000141,0.002716601,-0.01948926,-0.9998064,0,-0.02317272,0.9995404,-0.01954704,0,-0.9997278,-0.02322134,-0.002263725,0,-0.8084894,-1.708951,-0.9585861,1,0.002716592,-0.02317272,-0.9997277,0,-0.01948926,0.9995403,-0.02322133,0,-0.9998063,-0.01954704,-0.002263732,0,-0.9895102,1.670693,-0.8501234,1,1,1,0.003424562,-0.03255956,0.9994639,0.004169579,-0.002481728,-0.01635446,0.7555556,20
0,0.1093764,-0.02449787,1.000139,-0.09922127,-0.05094294,1.000035,0.005073772,-0.03772115,1.000087,0.002205729,-0.0194092,-0.9998093,0,-0.02319278,0.9995417,-0.01945518,0,-0.9997287,-0.02323127,-0.001754582,0,-0.8089869,-1.708845,-0.9583905,1,0.002205746,-0.02319278,-0.9997285,0,-0.01940921,0.9995418,-0.02323127,0,-0.9998091,-0.01945518,-0.001754565,0,-0.9895905,1.670654,-0.8501475,1,1,1,0.0008901451,-0.03462596,0.9993999,0.004168481,-0.00250618,-0.01631603,0.7666667,21
0,0.1084419,-0.02701783,0.9999546,-0.1005585,-0.05215733,0.999826,0.003937036,-0.03958834,0.9998903,0.0009027123,-0.01835814,-0.999831,0,-0.02304935,0.9995655,-0.01837407,0,-0.9997339,-0.02306204,-0.0004791617,0,-0.8105645,-1.707669,-0.9590718,1,0.0009026974,-0.02304935,-0.999734,0,-0.01835814,0.9995654,-0.02306204,0,-0.9998311,-0.01837408,-0.0004791769,0,-0.9895278,1.670622,-0.8501908,1,1,1,-0.0002259177,-0.03645639,0.9993352,0.004166626,-0.002517655,-0.01629039,0.7888889,22
0,0.1081246,-0.0275141,1.000141,-0.1005105,-0.05198293,1.000022,0.003802821,-0.03974933,1.000081,0.0002296567,-0.01752504,-0.9998465,0,-0.02289031,0.9995844,-0.0175257,0,-0.999738,-0.02289082,0.0001715422,0,-0.8115577,-1.706699,-0.9599961,1,0.0002297068,-0.02289031,-0.9997379,0,-0.01752503,0.9995844,-0.02289082,0,-0.9998463,-0.0175257,0.0001715922,0,-0.9895721,1.670588,-0.8502479,1,1,1,-0.0003571347,-0.03660142,0.9993299,0.004165955,-0.00252401,-0.01627293,0.8,23
0,0.1063174,-0.02625899,1.000162,-0.1018329,-0.05122836,0.999995,0.002236264,-0.03874465,1.000078,-0.001341343,-0.01680285,-0.9998579,0,-0.02300613,0.9995947,-0.01676756,0,-0.9997344,-0.02298037,0.001727343,0,-0.8129854,-1.706009,-0.9599364,1,-0.001341318,-0.02300613,-0.9997345,0,-0.01680284,0.9995947,-0.02298037,0,-0.9998579,-0.01676756,0.001727368,0,-0.9895563,1.670518,-0.8503161,1,1,1,-0.001897337,-0.03560026,0.9993643,0.004165947,-0.002540863,-0.01623609,0.8222222,24
0,0.1055263,-0.02501848,1.00013,-0.1021132,-0.05189685,0.9999503,0.00170013,-0.03845864,1.00004,-0.002814293,-0.01709385,-0.99985,0,-0.02240001,0.9996041,-0.0170266,0,-0.9997452,-0.02234873,0.00319612,0,-0.8155112,-1.705735,-0.9584439,1,-0.002814332,-0.02240001,-0.9997451,0,-0.01709385,0.999604,-0.02234873,0,-0.9998499,-0.0170266,0.003196081,0,-0.9897528,1.670473,-0.850361,1,1,1,-0.00242518,-0.03531019,0.9993735,0.004166214,-0.002552895,-0.01619723,0.8555556,25
0,0.1035987,-0.004973268,1.000155,-0.09366125,-0.04314333,0.9999807,0.00496264,-0.0240598,1.000068,-0.003711581,-0.01703117,-0.9998481,0,-0.02217794,0.9996104,-0.0169448,0,-0.9997471,-0.02211168,0.004087806,0,-0.8168349,-1.705502,-0.9578817,1,-0.003711536,-0.02217794,-0.9997472,0,-0.01703118,0.9996104,-0.02211168,0,-0.9998481,-0.0169448,0.004087852,0,-0.9898147,1.67049,-0.8504242,1,1,1,0.0007999434,-0.02123883,0.9997741,0.004149682,-0.002471825,-0.01616785,0.8666667,26
0,0.1062078,0.01887527,1.000155,-0.09635048,-0.03031089,0.9999347,0.004921124,-0.005720478,1.000045,-0.00486958,-0.01676415,-0.9998477,0,-0.02187422,0.999622,-0.01665383,0,-0.9997489,-0.02178979,0.00523448,0,-0.8185308,-1.704984,-0.9574292,1,-0.004869617,-0.02187422,-0.9997488,0,-0.01676415,0.999622,-0.02178979,0,-0.9998475,-0.01665383,0.005234441,0,-0.9898518,1.67049,-0.8504648,1,1,1,0.0007811228,-0.003288991,0.9999943,0.004127136,-0.002378136,-0.01621019,0.8777778,27
0,0.1091596,0.01585413,1.000115,-0.1007936,-0.029998,0.9999107,0.004175479,-0.007074245,1.000013,-0.006986022,-0.01604653,-0.9998471,0,-0.0219426,0.999633,-0.01588979,0,-0.999735,-0.02182823,0.007335663,0,-0.8205636,-1.704262,-0.9569148,1,-0.006986121,-0.0219426,-0.9997346,0,-0.01604654,0.999633,-0.02182822,0,-0.9998466,-0.01588978,0.007335557,0,-0.9898481,1.670426,-0.8505273,1,1,1,4.96641E-05,-0.004648172,0.9999892,0.004124841,-0.002350685,-0.01618319,0.9,28
0,0.104777,0.02144051,1.000183,-0.09980088,-0.02541622,0.9999031,0.002478335,-0.001991047,1.000043,-0.00951612,-0.01501912,-0.999842,0,-0.02160607,0.9996569,-0.01481071,0,-0.9997213,-0.02146171,0.009837389,0,-0.8236113,-1.702866,-0.9565948,1,-0.009516148,-0.02160607,-0.9997211,0,-0.01501913,0.9996568,-0.02146171,0,-0.9998419,-0.0148107,0.009837356,0,-0.9898568,1.670319,-0.8505176,1,1,1,-0.00163771,0.0003885594,0.9999986,0.00414254,-0.002386017,-0.01616477,0.9222223,29
0,0.1063073,0.01720466,1.00003,-0.1019907,-0.02550106,0.9999847,0.002156639,-0.004148656,1.000007,-0.01026332,-0.01528798,-0.9998304,0,-0.02157133,0.9996538,-0.01506385,0,-0.9997146,-0.02141307,0.01058948,0,-0.824416,-1.703093,-0.9554833,1,-0.01026325,-0.02157134,-0.9997147,0,-0.01528798,0.9996538,-0.02141307,0,-0.9998305,-0.01506385,0.01058955,0,-0.9898195,1.670326,-0.850531,1,1,1,-0.001962446,-0.001734028,0.9999966,0.004150795,-0.002386505,-0.01615572,0.9444445,30
0,0.1076294,0.01628736,1.000013,-0.1025742,-0.02452321,0.9999514,0.002525186,-0.004118334,0.9999823,-0.01057076,-0.01521831,-0.9998283,0,-0.02162355,0.9996538,-0.01498704,0,-0.9997103,-0.02146141,0.01089621,0,-0.8245792,-1.703064,-0.9553298,1,-0.01057079,-0.02162355,-0.9997103,0,-0.01521831,0.9996539,-0.02146141,0,-0.9998284,-0.01498704,0.01089618,0,-0.9898001,1.670326,-0.850481,1,1,1,-0.00160842,-0.001704014,0.9999973,0.00415956,-0.002387039,-0.01614438,0.9555556,31
0,0.1093349,0.01530953,1.000127,-0.1030582,-0.02591142,1.000051,0.003135574,-0.005301725,1.000089,-0.01118743,-0.01500569,-0.9998248,0,-0.02164418,0.9996567,-0.01476098,0,-0.9997031,-0.02147525,0.01150846,0,-0.8251271,-1.702821,-0.9552684,1,-0.01118752,-0.02164418,-0.9997032,0,-0.01500569,0.9996567,-0.02147525,0,-0.9998248,-0.01476098,0.01150838,0,-0.9898843,1.670277,-0.8504571,1,1,1,-0.001017651,-0.00286682,0.9999954,0.004169633,-0.002388557,-0.01613385,0.9777778,32
0,0.1073809,0.01377975,1.000034,-0.1069987,-0.02562392,0.9999996,0.0001897654,-0.005922353,1.000017,-0.01141107,-0.01467738,-0.9998272,0,-0.02152598,0.9996641,-0.01442931,0,-0.9997032,-0.02135761,0.01172316,0,-0.8255302,-1.702381,-0.9556571,1,-0.01141105,-0.02152598,-0.9997031,0,-0.01467738,0.9996642,-0.02135761,0,-0.9998271,-0.01442931,0.01172318,0,-0.9898986,1.670249,-0.8504406,1,1,1,-0.003926363,-0.003476504,0.9999863,0.004179657,-0.002389969,-0.01612503,0.9888889,33
0,0.107418,0.01368519,1.00005,-0.1097487,-0.02598889,1.00001,-0.001167017,-0.006152305,1.00003,-0.01157737,-0.01478276,-0.9998237,0,-0.0216198,0.9996607,-0.01453,0,-0.9996992,-0.02144777,0.01189303,0,-0.8255017,-1.702537,-0.9553717,1,-0.01157736,-0.0216198,-0.9996992,0,-0.01478275,0.9996607,-0.02144777,0,-0.9998237,-0.01453,0.01189304,0,-0.9899285,1.670231,-0.8504068,1,1,1,-0.005266286,-0.003700855,0.9999793,0.004184511,-0.002391892,-0.016123,1,34
0,0.1069508,0.01329128,1.000036,-0.1073801,-0.02903513,1.000061,-0.0002136771,-0.007871671,1.000049,-0.01139402,-0.01440603,-0.9998314,0,-0.02166137,0.9996651,-0.01415678,0,-0.9997005,-0.02149642,0.01170218,0,-0.8251571,-1.702183,-0.9562149,1,-0.01139394,-0.02166137,-0.9997004,0,-0.01440603,0.9996651,-0.02149642,0,-0.9998313,-0.01415678,0.01170226,0,-0.9899771,1.670202,-0.8503109,1,1,1,-0.004337788,-0.005390145,0.999976,0.004194207,-0.002394257,-0.0161044,1.022222,35
0,0.1061053,0.01395399,1.000183,-0.1080866,-0.03085625,1.00017,-0.0009909216,-0.008451201,1.000176,-0.01144361,-0.01446092,-0.99983,0,-0.02149479,0.9996679,-0.01421256,0,-0.9997035,-0.02132849,0.0117507,0,-0.8254374,-1.701986,-0.9562559,1,-0.01144366,-0.02149479,-0.9997033,0,-0.01446092,0.9996679,-0.02132849,0,-0.9998298,-0.01421256,0.01175065,0,-0.9901515,1.670087,-0.8502567,1,1,1,-0.005108146,-0.005949527,0.9999692,0.00420015,-0.002404953,-0.01608344,1.033333,36
0,0.1060975,0.01552607,0.9999985,-0.1076263,-0.02866727,1.00007,-0.0007617539,-0.006569829,1.000034,-0.01097655,-0.01384477,-0.999844,0,-0.02150347,0.9996762,-0.01360638,0,-0.9997085,-0.02135076,0.01127076,0,-0.8248571,-1.701275,-0.9579161,1,-0.0109766,-0.02150347,-0.9997085,0,-0.01384477,0.9996762,-0.02135076,0,-0.9998438,-0.01360637,0.01127071,0,-0.9903744,1.669953,-0.8501437,1,1,1,-0.004888093,-0.004080813,0.9999797,0.00420494,-0.002423553,-0.01606188,1.055556,37
0,0.1065119,0.01920654,1.000015,-0.1094405,-0.0283825,1.000096,-0.001461066,-0.004587076,1.000056,-0.01075959,-0.0131165,-0.9998561,0,-0.02165138,0.9996826,-0.01288123,0,-0.9997076,-0.02150967,0.01104021,0,-0.8243785,-1.700656,-0.9593867,1,-0.01075964,-0.02165138,-0.9997078,0,-0.0131165,0.9996825,-0.02150967,0,-0.9998561,-0.01288123,0.01104017,0,-0.9904254,1.669909,-0.8501263,1,1,1,-0.005578339,-0.002113816,0.9999822,0.004207009,-0.002439415,-0.01605175,1.066667,38
0,0.1058649,0.01905992,0.9999809,-0.1114686,-0.02901973,1.000018,-0.002800336,-0.0049794,0.9999996,-0.01118279,-0.0120017,-0.9998654,0,-0.02203134,0.9996882,-0.01175317,0,-0.9996947,-0.02189694,0.01144373,0,-0.8240795,-1.699733,-0.961032,1,-0.01118281,-0.02203134,-0.9996948,0,-0.0120017,0.9996881,-0.02189694,0,-0.9998654,-0.01175317,0.01144371,0,-0.9905179,1.669752,-0.8500492,1,1,1,-0.006896932,-0.00248409,0.9999731,0.004207009,-0.002455956,-0.01601879,1.088889,39
0,0.1058574,0.01997136,1.000085,-0.1113055,-0.02946822,0.9999402,-0.002729589,-0.004750045,1.000013,-0.01199949,-0.01134076,-0.9998639,0,-0.02228107,0.9996904,-0.0110714,0,-0.9996799,-0.02214519,0.01224852,0,-0.8244599,-1.699249,-0.9614961,1,-0.01199954,-0.02228107,-0.9996796,0,-0.01134076,0.9996905,-0.02214518,0,-0.9998635,-0.01107139,0.01224845,0,-0.9905288,1.669708,-0.850049,1,1,1,-0.00682698,-0.002253813,0.9999742,0.004207009,-0.002460327,-0.01601814,1.1,40
0,0.1060131,0.01883541,1.000099,-0.110906,-0.03062009,0.9999993,-0.002450334,-0.005893556,1.000049,-0.01249731,-0.01117381,-0.9998596,0,-0.02214963,0.9996953,-0.01089512,0,-0.9996767,-0.02201035,0.01274097,0,-0.8251933,-1.698886,-0.9614165,1,-0.01249728,-0.02214962,-0.9996763,0,-0.01117381,0.9996954,-0.02201035,0,-0.9998593,-0.01089512,0.01274099,0,-0.9905769,1.669616,-0.8500699,1,1,1,-0.006552034,-0.003379044,0.9999728,0.004207009,-0.002460327,-0.01601814,1.111111,41
0,0.1101397,0.01879386,1.00009,-0.1115629,-0.03071371,0.999932,-0.0007179873,-0.005961666,1.000011,-0.01412535,-0.01130228,-0.9998364,0,-0.02160857,0.999706,-0.01099553,0,-0.9996668,-0.02144972,0.01436543,0,-0.8276538,-1.698513,-0.9598532,1,-0.01412536,-0.02160858,-0.9996667,0,-0.01130229,0.9997061,-0.02144972,0,-0.9998364,-0.01099553,0.01436542,0,-0.9905841,1.669576,-0.8500218,1,1,1,-0.00484367,-0.003445888,0.9999823,0.004203674,-0.002460327,-0.01601814,1.133333,42
0,0.108103,0.01863543,1.000066,-0.1085734,-0.0319766,0.9998686,-0.0002427781,-0.00667289,0.9999673,-0.01505899,-0.01122324,-0.9998236,0,-0.02114003,0.9997171,-0.01090364,0,-0.9996632,-0.0209721,0.01529205,0,-0.8294006,-1.698038,-0.959173,1,-0.01505905,-0.02114003,-0.999663,0,-0.01122324,0.9997171,-0.0209721,0,-0.9998236,-0.01090364,0.01529199,0,-0.9905513,1.669566,-0.8500649,1,1,1,-0.004368033,-0.004148535,0.9999818,0.004195183,-0.002458115,-0.01603381,1.144444,43
0,0.1061539,0.01544392,0.999935,-0.1069879,-0.03305763,0.9997188,-0.0004249699,-0.008809166,0.9998268,-0.01701629,-0.01117083,-0.9997929,0,-0.02084158,0.9997243,-0.01081535,0,-0.999638,-0.02065323,0.01724434,0,-0.8319244,-1.697699,-0.9574353,1,-0.01701621,-0.02084159,-0.999638,0,-0.01117083,0.9997244,-0.02065323,0,-0.9997928,-0.01081534,0.01724442,0,-0.9903578,1.669537,-0.8501757,1,1,1,-0.004542052,-0.006262223,0.9999701,0.004189377,-0.002447426,-0.0160545,1.166667,44
0,0.1080056,0.01398424,1.000059,-0.1068689,-0.03508269,0.9998935,0.0005621817,-0.01055108,0.9999766,-0.0178231,-0.01102883,-0.9997804,0,-0.02047681,0.9997334,-0.01066327,0,-0.9996315,-0.02028226,0.01804411,0,-0.8333648,-1.69722,-0.956971,1,-0.01782303,-0.02047681,-0.9996314,0,-0.01102883,0.9997336,-0.02028226,0,-0.9997801,-0.01066327,0.01804418,0,-0.9903321,1.669499,-0.8502133,1,1,1,-0.003560594,-0.007991598,0.9999617,0.004180237,-0.002430748,-0.01608103,1.177778,45
0,0.1076624,0.0162882,1.000018,-0.1066444,-0.03758238,0.9999141,0.0005050525,-0.01064836,0.9999662,-0.01894689,-0.01080816,-0.9997621,0,-0.01945786,0.9997562,-0.01043934,0,-0.9996312,-0.01925544,0.01915252,0,-0.8362658,-1.696114,-0.9562364,1,-0.01894684,-0.01945786,-0.999631,0,-0.01080816,0.9997562,-0.01925544,0,-0.9997621,-0.01043934,0.01915257,0,-0.9901853,1.669446,-0.8503023,1,1,1,-0.003616956,-0.008098498,0.9999607,0.004180237,-0.002419312,-0.01610098,1.2,46
0,0.1072109,0.01961877,0.9999857,-0.09649096,-0.02943941,0.9999394,0.005358297,-0.004910772,0.9999625,-0.0191679,-0.0108429,-0.9997576,0,-0.01914757,0.9997618,-0.01047584,0,-0.999633,-0.01894213,0.01937103,0,-0.8370261,-1.695861,-0.9559465,1,-0.01916798,-0.01914758,-0.9996328,0,-0.0108429,0.9997618,-0.01894213,0,-0.9997574,-0.01047584,0.01937095,0,-0.9901468,1.669416,-0.8503244,1,1,1,0.001135472,-0.002464932,0.9999964,0.004204414,-0.00240609,-0.01622742,1.211111,47
0,0.1071605,0.01967992,0.9999344,-0.09700906,-0.02833382,0.9998308,0.005072171,-0.004328148,0.9998826,-0.01980126,-0.0111149,-0.9997423,0,-0.01854282,0.9997703,-0.01074795,0,-0.9996321,-0.01832521,0.02000284,0,-0.8387035,-1.69563,-0.9547658,1,-0.01980129,-0.01854282,-0.9996319,0,-0.01111491,0.9997703,-0.01832521,0,-0.9997421,-0.01074795,0.02000281,0,-0.9899737,1.669427,-0.8503695,1,1,1,0.0008526404,-0.001891658,0.9999979,0.004205773,-0.00240609,-0.01622742,1.233333,48
0,0.1074873,0.01927436,0.9998859,-0.09738789,-0.02684158,0.9997772,0.005045868,-0.003784693,0.9998315,-0.02033937,-0.01108391,-0.9997318,0,-0.01839597,0.9997734,-0.01071011,0,-0.999624,-0.0181732,0.02053869,0,-0.839507,-1.695503,-0.9541913,1,-0.02033939,-0.01839597,-0.9996238,0,-0.01108391,0.9997734,-0.0181732,0,-0.9997317,-0.01071011,0.02053866,0,-0.9898031,1.669455,-0.8504061,1,1,1,0.0008222936,-0.001357053,0.9999987,0.004210472,-0.00240609,-0.01621852,1.244444,49
0,0.1074629,0.02067514,0.9999493,-0.09685352,-0.02622059,0.9998404,0.00530085,-0.002773929,0.9998948,-0.02086556,-0.01111324,-0.9997206,0,-0.01836924,0.9997737,-0.01073044,0,-0.9996135,-0.01814021,0.021065,0,-0.8401269,-1.695503,-0.9535905,1,-0.02086558,-0.01836924,-0.9996136,0,-0.01111324,0.9997737,-0.01814021,0,-0.9997205,-0.01073044,0.02106498,0,-0.9896963,1.669455,-0.8504716,1,1,1,0.001060849,-0.0003539912,0.9999994,0.004222978,-0.002414162,-0.01620413,1.255556,50
0,0.1088881,0.02113917,1.000008,-0.09640403,-0.02549948,0.9998042,0.006234853,-0.00218249,0.9999059,-0.02238846,-0.01158337,-0.9996824,0,-0.01765038,0.9997816,-0.01118923,0,-0.9995937,-0.01739427,0.02258801,0,-0.8428758,-1.695339,-0.9513725,1,-0.02238845,-0.01765038,-0.9995934,0,-0.01158337,0.9997817,-0.01739426,0,-0.9996821,-0.01118923,0.02258801,0,-0.9895784,1.669447,-0.8505327,1,1,1,0.001970269,0.0002368649,0.999998,0.004232896,-0.00242302,-0.01617682,1.277778,51
0,0.1087161,0.02126078,1.000015,-0.09654558,-0.02414471,0.9998672,0.006080113,-0.001443545,0.999941,-0.02307177,-0.01175812,-0.9996646,0,-0.0171624,0.9997882,-0.01136347,0,-0.9995864,-0.01689447,0.0232687,0,-0.8444325,-1.695093,-0.9504219,1,-0.02307179,-0.0171624,-0.9995866,0,-0.01175812,0.9997882,-0.01689447,0,-0.9996647,-0.01136347,0.02326868,0,-0.9895169,1.669442,-0.8506061,1,1,1,0.001817685,0.0009707766,0.9999979,0.004232896,-0.002429993,-0.0161655,1.288889,52
0,0.1082906,0.02044988,0.9999885,-0.09640522,-0.02385356,0.9998735,0.005938556,-0.001702978,0.999931,-0.0246408,-0.01122067,-0.9996336,0,-0.01600782,0.9998133,-0.0108281,0,-0.9995683,-0.01573514,0.0248158,0,-0.8479722,-1.693609,-0.9498335,1,-0.02464077,-0.01600781,-0.999568,0,-0.01122067,0.9998133,-0.01573513,0,-0.9996332,-0.0108281,0.02481581,0,-0.9893832,1.669434,-0.8506841,1,1,1,0.001678575,0.00071742,0.9999983,0.004232896,-0.002431931,-0.0161655,1.311111,53
0,0.107569,0.02026141,0.9999713,-0.09612372,-0.02483178,0.9998609,0.005718771,-0.002286378,0.9999161,-0.02517581,-0.01127396,-0.9996194,0,-0.01517306,0.9998255,-0.01089415,0,-0.9995678,-0.01489301,0.02534246,0,-0.8499178,-1.692963,-0.9491742,1,-0.0251758,-0.01517306,-0.9995679,0,-0.01127396,0.9998255,-0.01489302,0,-0.9996195,-0.01089415,0.02534248,0,-0.9892968,1.669432,-0.8507094,1,1,1,0.00146224,0.0001435942,0.9999989,0.004232896,-0.002432205,-0.01615757,1.322222,54
0,0.1075285,0.0199872,1.000122,-0.09674528,-0.02454614,1,0.005387262,-0.002280661,1.000061,-0.02614248,-0.01108661,-0.9995968,0,-0.01449715,0.9998376,-0.01071014,0,-0.9995532,-0.01421131,0.026299,0,-0.8520362,-1.692161,-0.9487746,1,-0.02614251,-0.01449715,-0.9995529,0,-0.01108661,0.9998375,-0.01421131,0,-0.9995967,-0.01071014,0.02629895,0,-0.9894266,1.669373,-0.8507514,1,1,1,0.001140197,0.0001506471,0.9999993,0.004228652,-0.002433785,-0.01615431,1.344445,55
0,0.1071717,0.01985083,0.9999811,-0.09674946,-0.02496277,0.9998409,0.005206116,-0.002557532,0.999911,-0.02685428,-0.0109812,-0.9995792,0,-0.01434186,0.999841,-0.01059878,0,-0.9995366,-0.0140512,0.02700758,0,-0.8530311,-1.691898,-0.9482466,1,-0.02685435,-0.01434186,-0.9995363,0,-0.0109812,0.9998411,-0.01405119,0,-0.9995788,-0.01059878,0.02700749,0,-0.9893339,1.669344,-0.850799,1,1,1,0.0009640861,-0.0001246063,0.9999995,0.00422638,-0.002430825,-0.01616621,1.355556,56
0,0.09939039,0.01958218,1.000047,-0.09656923,-0.02467322,0.9999465,0.00140726,-0.002546458,0.9999968,-0.02738035,-0.01092374,-0.9995655,0,-0.01423196,0.9998432,-0.01053693,0,-0.9995239,-0.01393727,0.0275315,0,-0.8537901,-1.691697,-0.9478861,1,-0.02738033,-0.01423196,-0.9995238,0,-0.01092374,0.9998433,-0.01393727,0,-0.9995654,-0.01053693,0.02753152,0,-0.9893308,1.669293,-0.8508644,1,1,1,-0.002751077,-0.0001431795,0.9999962,0.004203225,-0.002401085,-0.01626894,1.366667,57
0,0.09997845,0.01995751,0.9999863,-0.09645059,-0.02014512,0.9999046,0.001761226,-9.4677E-05,0.9999455,-0.02846575,-0.01061777,-0.9995385,0,-0.01381905,0.9998522,-0.01022755,0,-0.9994994,-0.01352153,0.02860832,0,-0.8556085,-1.690993,-0.9473083,1,-0.02846579,-0.01381905,-0.9994991,0,-0.01061777,0.9998523,-0.01352153,0,-0.9995382,-0.01022755,0.02860826,0,-0.989181,1.669231,-0.8509439,1,1,1,-0.002401595,0.002280755,0.9999945,0.004201454,-0.002412476,-0.01627548,1.388889,58
0,0.1003365,0.01912129,0.9999964,-0.09748118,-0.01990347,0.9999347,0.001425795,-0.0003916553,0.9999655,-0.02882469,-0.01038248,-0.9995305,0,-0.01362942,0.9998572,-0.009992823,0,-0.9994915,-0.01333498,0.02896202,0,-0.8563229,-1.690595,-0.947356,1,-0.02882463,-0.01362942,-0.9994916,0,-0.01038248,0.9998572,-0.01333498,0,-0.9995306,-0.009992824,0.02896208,0,-0.9891471,1.669216,-0.8509942,1,1,1,-0.002730931,0.00198946,0.9999943,0.004201103,-0.002413269,-0.01626851,1.4,59
0,0.1008572,0.01908766,0.999836,-0.09849988,-0.01968489,0.9997981,0.001177298,-0.0002989314,0.9998172,-0.02933538,-0.009885146,-0.9995208,0,-0.01325962,0.999867,-0.009499408,0,-0.9994817,-0.0129746,0.02946246,0,-0.8577015,-1.689826,-0.9473094,1,-0.02933528,-0.01325962,-0.9994816,0,-0.009885145,0.999867,-0.0129746,0,-0.9995207,-0.009499408,0.02946255,0,-0.9887204,1.669229,-0.8512716,1,1,1,-0.00297667,0.002080821,0.9999934,0.00420211,-0.002413193,-0.01626851,1.422222,60
0,0.1010853,0.01910838,0.9999629,-0.09873951,-0.01802485,0.999923,0.001171641,0.0005414481,0.999943,-0.02955055,-0.009798007,-0.9995152,0,-0.01326236,0.9998678,-0.009409362,0,-0.9994753,-0.01297788,0.02967656,0,-0.8579807,-1.689728,-0.9472146,1,-0.02955052,-0.01326236,-0.9994753,0,-0.009798007,0.9998679,-0.01297788,0,-0.9995152,-0.009409363,0.02967659,0,-0.9886652,1.669213,-0.8513495,1,1,1,-0.002983081,0.00290636,0.9999913,0.004203025,-0.002412209,-0.01626851,1.444445,61
0,0.1019769,0.0212722,0.9998953,-0.09831361,-0.01622268,0.9999143,0.001832251,0.002525005,0.9999048,-0.02947235,-0.009701574,-0.9995186,0,-0.01332663,0.9998679,-0.009312009,0,-0.9994769,-0.01304576,0.02959776,0,-0.8578898,-1.689704,-0.9473526,1,-0.02947236,-0.01332663,-0.9994766,0,-0.009701573,0.9998679,-0.01304576,0,-0.9995184,-0.009312008,0.02959774,0,-0.9885732,1.669226,-0.8514448,1,1,1,-0.002335817,0.004858054,0.9999855,0.004205986,-0.002411865,-0.01626803,1.455556,62
0,0.1032867,0.02147794,0.9998412,-0.09757403,-0.01626628,0.9998655,0.002857178,0.002605842,0.9998533,-0.02940989,-0.00958987,-0.9995216,0,-0.01370162,0.9998639,-0.009190002,0,-0.9994736,-0.01342479,0.0295372,0,-0.8573433,-1.689993,-0.9474118,1,-0.0294098,-0.01370162,-0.9994734,0,-0.00958987,0.9998639,-0.01342479,0,-0.9995213,-0.009189998,0.02953727,0,-0.9883793,1.669309,-0.8515956,1,1,1,-0.001328885,0.004935992,0.999987,0.004207542,-0.00240995,-0.01626737,1.477778,63
0,0.1056105,0.02448912,0.9999116,-0.09565883,-0.01565775,0.9999246,0.004976198,0.004415812,0.9999182,-0.02933979,-0.009611788,-0.9995234,0,-0.01378906,0.9998625,-0.00921029,0,-0.9994745,-0.01351226,0.0294683,0,-0.857188,-1.690067,-0.9473566,1,-0.02933979,-0.01378906,-0.9994742,0,-0.009611789,0.9998626,-0.01351226,0,-0.9995232,-0.009210289,0.02946829,0,-0.9882992,1.669289,-0.851657,1,1,1,0.000756507,0.006715272,0.9999771,0.004207473,-0.0024086,-0.01626998,1.488889,64
0,0.1070793,0.02581425,0.9998533,-0.09565789,-0.01408828,0.9999371,0.005713604,0.005863624,0.9998952,-0.0289073,-0.009706843,-0.9995349,0,-0.01376501,0.9998619,-0.009311924,0,-0.9994872,-0.01348943,0.02903688,0,-0.856935,-1.690107,-0.9474627,1,-0.02890726,-0.01376501,-0.9994874,0,-0.009706843,0.9998619,-0.01348943,0,-0.999535,-0.009311925,0.02903693,0,-0.9881994,1.669255,-0.8517829,1,1,1,0.001482175,0.008139661,0.9999657,0.004207473,-0.002408096,-0.01627119,1.5,65
0,0.1073337,0.02549288,0.9999225,-0.09536435,-0.01219094,0.9999873,0.005986985,0.006651477,0.999955,-0.02845371,-0.009673139,-0.9995483,0,-0.01380887,0.9998615,-0.009283079,0,-0.9994997,-0.0135385,0.02858329,0,-0.8565425,-1.690062,-0.9478073,1,-0.02845365,-0.01380887,-0.9994997,0,-0.009673138,0.9998616,-0.0135385,0,-0.9995483,-0.009283081,0.02858334,0,-0.9880991,1.669202,-0.8519034,1,1,1,0.001751017,0.008910893,0.9999587,0.004207473,-0.002404831,-0.01627615,1.522222,66
0,0.1071361,0.02426749,0.9998634,-0.09155677,-0.01209212,0.9999286,0.007791813,0.00608807,0.999896,-0.02810538,-0.009782731,-0.9995572,0,-0.01374229,0.9998614,-0.009399308,0,-0.9995106,-0.01347204,0.02823591,0,-0.8563972,-1.690143,-0.9478159,1,-0.02810537,-0.0137423,-0.9995105,0,-0.009782732,0.9998614,-0.01347204,0,-0.999557,-0.009399303,0.02823592,0,-0.9879996,1.669232,-0.8519852,1,1,1,0.003529238,0.008352146,0.9999589,0.004205428,-0.002399605,-0.0162797,1.533333,67
0,0.1080734,0.02445643,0.9998803,-0.09022163,-0.01151287,0.9999329,0.008927662,0.006472222,0.9999066,-0.02780712,-0.009958317,-0.9995637,0,-0.01398676,0.9998564,-0.00957213,0,-0.9995154,-0.01371449,0.02794242,0,-0.8558002,-1.690536,-0.947692,1,-0.02780713,-0.01398676,-0.9995154,0,-0.009958317,0.9998564,-0.01371449,0,-0.9995638,-0.009572131,0.02794241,0,-0.9879107,1.669252,-0.8520895,1,1,1,0.004651053,0.008727859,0.9999511,0.004201034,-0.002397164,-0.01628411,1.544444,68
0,0.1086831,0.02444218,0.9998704,-0.08690687,-0.01238194,0.9998797,0.01088843,0.006030004,0.999875,-0.02750063,-0.009606919,-0.9995757,0,-0.01447948,0.9998527,-0.009211222,0,-0.9995171,-0.01422002,0.02763569,0,-0.8548054,-1.690624,-0.9482921,1,-0.02750064,-0.01447948,-0.9995167,0,-0.009606922,0.9998528,-0.01422002,0,-0.9995756,-0.009211218,0.02763567,0,-0.9876391,1.669263,-0.8522263,1,1,1,0.006582368,0.008286018,0.999944,0.004199143,-0.002390511,-0.01629853,1.566667,69
0,0.1085321,0.02447413,0.9998297,-0.1082755,-0.02420534,0.9998883,0.0001304615,0.000135023,0.999859,-0.02724338,-0.009548639,-0.9995834,0,-0.0146475,0.9998508,-0.009151983,0,-0.9995216,-0.01439206,0.02737916,0,-0.8543663,-1.690705,-0.9484759,1,-0.02724335,-0.0146475,-0.9995214,0,-0.009548639,0.9998509,-0.01439206,0,-0.999583,-0.00915198,0.02737917,0,-0.9875002,1.669258,-0.8523216,1,1,1,-0.003935123,0.002469433,0.9999892,0.004128906,-0.002374275,-0.01620194,1.577778,70
0,0.09775175,0.01376812,0.9998791,-0.09928979,-0.0245367,0.999925,-0.0007674191,-0.005383671,0.9999021,-0.02686894,-0.008588005,-0.9996023,0,-0.01472765,0.999858,-0.008194331,0,-0.9995306,-0.01450162,0.02699161,0,-0.8540882,-1.689799,-0.95021,1,-0.02686893,-0.01472765,-0.9995303,0,-0.008588005,0.999858,-0.01450161,0,-0.9996019,-0.008194327,0.0269916,0,-0.9872923,1.669194,-0.8525442,1,1,1,-0.004763251,-0.00314748,0.9999837,0.004074714,-0.002184632,-0.01665238,1.6,71
0,-2.104789E-07,2.21713E-07,0.9999166,-2.104789E-07,2.21713E-07,0.9999166,-2.104789E-07,2.21713E-07,0.9999166,-0.02658033,-0.008035203,-0.9996144,0,-0.01424241,0.9998692,-0.007658538,0,-0.9995452,-0.01403335,0.02669132,0,-0.8547108,-1.688834,-0.9512887,1,-0.02658035,-0.01424241,-0.9995452,0,-0.008035204,0.9998693,-0.01403335,0,-0.9996144,-0.007658539,0.0266913,0,-0.9872105,1.669155,-0.8526309,1,1,1,0,0,1,0,0,0,1.611111,72
0,1.266599E-07,5.526817E-08,0.9999452,1.266599E-07,5.526817E-08,0.9999452,1.266599E-07,5.526817E-08,0.9999452,-0.02625048,-0.007742943,-0.9996254,0,-0.01393108,0.9998757,-0.007379047,0,-0.9995583,-0.01373215,0.02635515,0,-0.8549975,-1.688308,-0.9519979,1,-0.02625054,-0.01393107,-0.9995583,0,-0.007742943,0.9998757,-0.01373215,0,-0.9996253,-0.007379047,0.02635509,0,-0.9871578,1.669162,-0.8527139,1,0.8628106,0.9158474,0,0,1,0,0,0,1.622222,73
0,1.192093E-07,3.399327E-07,0.9999033,1.192093E-07,3.399327E-07,0.9999033,1.192093E-07,3.399327E-07,0.9999033,-0.0258497,-0.00764697,-0.9996365,0,-0.01362707,0.9998806,-0.007296452,0,-0.9995729,-0.01343351,0.02595079,0,-0.8553016,-1.688025,-0.952274,1,-0.02584968,-0.01362707,-0.9995731,0,-0.00764697,0.9998806,-0.01343351,0,-0.9996367,-0.007296452,0.02595082,0,-0.9869455,1.66922,-0.8529002,1,0.6025729,0.6471401,0,0,1,0,0,0,1.644444,74
0,0.1621584,-0.080847,0.9998713,-0.03034447,-0.3109875,0.9998931,0.06590774,-0.195916,0.9998822,-0.0256865,-0.007690256,-0.9996406,0,-0.01369378,0.9998793,-0.007340223,0,-0.9995763,-0.01350031,0.02578866,0,-0.8551179,-1.688144,-0.9522442,1,-0.02568645,-0.01369378,-0.9995762,0,-0.007690255,0.9998793,-0.01350031,0,-0.9996403,-0.007340222,0.0257887,0,-0.986849,1.669241,-0.8529888,1,0.4631392,0.4793415,0.05937906,-0.1868533,0.9805916,0.004217347,-0.00179023,-0.01887602,1.655556,75
0,0.101682,-0.004916657,0.9999363,-0.110073,-0.03381173,0.9999132,-0.004196271,-0.0193645,0.9999247,-0.02588797,-0.008172913,-0.9996316,0,-0.01388887,0.999873,-0.007815202,0,-0.9995685,-0.01368144,0.02599823,0,-0.8551034,-1.688733,-0.9510571,1,-0.02588801,-0.01388887,-0.9995683,0,-0.008172914,0.9998731,-0.01368143,0,-0.9996313,-0.007815199,0.02599818,0,-0.9866452,1.66921,-0.8531127,1,0.4631392,0.4793415,-0.008218295,-0.01708833,0.9998202,0.0041575,-0.001993874,-0.01640679,1.677778,76
0,0.1088593,0.004800748,0.9999335,-0.1215706,-0.02830517,0.9999084,-0.006356761,-0.01175247,0.9999209,-0.02599216,-0.00820864,-0.9996285,0,-0.01375251,0.9998746,-0.00785307,0,-0.9995676,-0.01354328,0.02610183,0,-0.8555152,-1.688723,-0.9508243,1,-0.0259922,-0.01375251,-0.9995674,0,-0.00820864,0.9998746,-0.01354328,0,-0.9996284,-0.007853071,0.02610178,0,-0.9865698,1.669279,-0.8531978,1,0.6157632,0.6117566,-0.01033327,-0.009508173,0.9999014,0.004145538,-0.002088753,-0.01633288,1.688889,77
0,0.108874,0.008392197,0.9999064,-0.119238,-0.04593097,0.999875,-0.005183423,-0.01876982,0.9998907,-0.02612185,-0.00840803,-0.9996234,0,-0.01368112,0.999874,-0.008052626,0,-0.9995651,-0.01346562,0.02623355,0,-0.8559241,-1.688853,-0.9502832,1,-0.02612181,-0.01368112,-0.9995651,0,-0.008408029,0.999874,-0.01346562,0,-0.9996234,-0.008052627,0.02623359,0,-0.9864836,1.669278,-0.8533639,1,0.7550696,0.727142,-0.009157253,-0.01634998,0.9998245,0.004124344,-0.002151703,-0.01634625,1.711111,78
0,0.1059946,0.01491099,0.999918,-0.1202944,-0.02458034,0.9998956,-0.007150872,-0.004834986,0.9999068,-0.02619946,-0.008530186,-0.9996204,0,-0.01359473,0.9998742,-0.008176043,0,-0.9995644,-0.01337536,0.02631211,0,-0.8562282,-1.688891,-0.9499151,1,-0.02619944,-0.01359472,-0.9995641,0,-0.008530185,0.9998741,-0.01337535,0,-0.9996202,-0.008176041,0.02631212,0,-0.9863935,1.669272,-0.8534502,1,0.8254721,0.8387238,-0.01109005,-0.002636345,0.999935,0.004121614,-0.002155518,-0.01646815,1.722222,79
0,0.1141158,0.02051563,0.9999544,-0.1091915,-0.03209474,0.9999074,0.002460299,-0.005790112,0.9999309,-0.02628911,-0.008623399,-0.9996172,0,-0.01359258,0.9998735,-0.008268136,0,-0.999562,-0.01337002,0.02640307,0,-0.8564868,-1.689038,-0.9494981,1,-0.02628919,-0.01359258,-0.999562,0,-0.0086234,0.9998734,-0.01337002,0,-0.9996172,-0.008268136,0.02640299,0,-0.9862162,1.669332,-0.8536245,1,0.8891717,0.9334646,-0.001646856,-0.003515147,0.9999925,0.004133744,-0.002217583,-0.01639448,1.744444,80
0,0.1154521,0.02147872,0.9999456,-0.1096784,-0.03044963,0.9999255,0.002886042,-0.004485705,0.9999355,-0.02632964,-0.008830318,-0.9996144,0,-0.01383337,0.9998685,-0.008468196,0,-0.9995577,-0.01360507,0.02644837,0,-0.8561851,-1.68946,-0.9490589,1,-0.02632968,-0.01383337,-0.9995576,0,-0.008830319,0.9998685,-0.01360507,0,-0.9996142,-0.008468194,0.02644832,0,-0.9861543,1.669357,-0.8536905,1,0.9276304,0.9956731,-0.001235079,-0.002212321,0.9999968,0.004141106,-0.002237473,-0.01635912,1.755556,81
0,0.114208,0.02112944,0.9998753,-0.109972,-0.02922199,0.9999064,0.002119079,-0.004046021,0.9998908,-0.02611554,-0.009169701,-0.9996168,0,-0.01368853,0.9998674,-0.00881438,0,-0.9995652,-0.01345309,0.02623761,0,-0.8563538,-1.68966,-0.9485558,1,-0.02611555,-0.01368853,-0.9995652,0,-0.009169702,0.9998675,-0.01345309,0,-0.999617,-0.008814381,0.0262376,0,-0.9860503,1.669353,-0.8538247,1,1,1,-0.001990249,-0.001777704,0.9999965,0.004141801,-0.002239296,-0.01635378,1.766667,82
0,0.112359,0.02110126,0.9998879,-0.1090409,-0.02771272,0.9998917,0.001659019,-0.003305788,0.9998899,-0.02625155,-0.0091333,-0.9996136,0,-0.01383618,0.9998658,-0.008772241,0,-0.9995596,-0.01360055,0.02637434,0,-0.8563779,-1.689776,-0.9483659,1,-0.02625149,-0.01383618,-0.9995596,0,-0.0091333,0.9998659,-0.01360055,0,-0.9996138,-0.008772244,0.0263744,0,-0.9859141,1.669381,-0.8539701,1,1,1,-0.002444044,-0.001043524,0.9999965,0.004142701,-0.002245285,-0.01634023,1.788889,83
0,0.1122214,0.02248187,0.9999241,-0.1086331,-0.02819842,0.9998906,0.001792761,-0.00285877,0.9999073,-0.02643859,-0.008975316,-0.9996101,0,-0.01408976,0.9998637,-0.008604933,0,-0.9995511,-0.01385676,0.0265615,0,-0.8561623,-1.689834,-0.9483886,1,-0.02643864,-0.01408976,-0.9995511,0,-0.008975317,0.9998638,-0.01385676,0,-0.9996102,-0.008604934,0.02656145,0,-0.9858215,1.66938,-0.8540031,1,1,1,-0.002314009,-0.0005913554,0.9999972,0.004144234,-0.002257996,-0.01632481,1.8,84
