flag,xl,yl,zl,xr,yr,zr,xc,yc,zc,mat_00,mat_10,mat_20,mat_30,mat_01,mat_11,mat_21,mat_31,mat_02,mat_12,mat_22,mat_32,mat_03,mat_13,mat_23,mat_33,ctw_00,ctw_10,ctw_20,ctw_30,ctw_01,ctw_11,ctw_21,ctw_31,ctw_02,ctw_12,ctw_22,ctw_32,ctw_03,ctw_13,ctw_23,ctw_33,opennessl,opennessr,ray_x,ray_y,ray_z,eye_x,eye_y,eye_z,time,frame
25,0.202492,0.1593526,0.9999397,0.1342415,0.1080669,0.9999484,0.1683666,0.1337099,0.999944,-0.7564986,-0.1193926,0.643005,0,0.04041279,0.972782,0.2281712,0,0.6527456,-0.1985968,0.7310832,0,0.5910682,-1.793892,0.2534837,1,-0.7564985,0.04041279,0.6527455,0,-0.1193926,0.972782,-0.1985968,0,0.6430049,0.2281712,0.7310831,0,0.0699734,1.663342,-0.9273961,1,1.0,1.0,0.1595425,0.1375743,0.977558,0.001905242,-0.009830223,-0.02000634,32.7,2036
25,0.2017936,0.1587804,0.9999002,0.137988,0.1081014,0.9999164,0.1698906,0.1334411,0.9999084,-0.7565264,-0.1195979,0.6429341,0,0.04043942,0.9726979,0.2285244,0,0.6527116,-0.1988846,0.7310351,0,0.5910752,-1.794003,0.2528854,1,-0.7565263,0.04043942,0.6527117,0,-0.1195979,0.972698,-0.1988846,0,0.642934,0.2285243,0.7310352,0,0.07001638,1.66333,-0.9274694,1,1.0,1.0,0.1609807,0.1372958,0.9773613,0.001901954,-0.009831512,-0.02000034,32.72222,2037
25,0.2021257,0.1584421,1.000006,0.1384313,0.1082688,1.000022,0.1702785,0.1333559,1.000014,-0.7565916,-0.1196229,0.6428527,0,0.04058262,0.9726383,0.2287528,0,0.6526272,-0.1991611,0.7310354,0,0.5908725,-1.794145,0.2524543,1,-0.7565917,0.04058258,0.6526271,0,-0.1196229,0.9726382,-0.199161,0,0.6428527,0.2287527,0.7310352,0,0.07013731,1.663325,-0.9274961,1,1.0,1.0,0.1613306,0.1371934,0.9773179,0.00190033,-0.009831292,-0.01999678,32.73333,2038
25,0.2015199,0.1575339,0.9998697,0.1389755,0.1080551,0.9998941,0.1702476,0.1327947,0.999882,-0.7566375,-0.1199525,0.6427373,0,0.04051556,0.9725364,0.2291975,0,0.6525783,-0.1994603,0.7309974,0,0.591037,-1.794172,0.251781,1,-0.7566373,0.04051555,0.6525782,0,-0.1199525,0.9725364,-0.1994602,0,0.6427373,0.2291975,0.7309974,0,0.07015619,1.663244,-0.927615,1,1.0,1.0,0.1613348,0.1366843,0.9773886,0.001899247,-0.009831253,-0.0199954,32.75556,2039
25,0.2017319,0.1574419,0.9999872,0.1397534,0.1079683,0.9999849,0.1707426,0.132705,0.9999861,-0.7566577,-0.1199769,0.642709,0,0.04036913,0.9725702,0.2290797,0,0.6525639,-0.1992805,0.7310594,0,0.5912684,-1.794084,0.2520572,1,-0.7566575,0.04036913,0.6525638,0,-0.1199769,0.9725702,-0.1992805,0,0.6427089,0.2290796,0.7310593,0,0.07013963,1.663263,-0.9276351,1,1.0,1.0,0.1617842,0.1365765,0.9773294,0.001898834,-0.009831215,-0.01998942,32.76667,2040
25,0.2029666,0.1586081,0.9998346,0.1396466,0.108866,0.9998393,0.1713066,0.1337371,0.999837,-0.7566794,-0.1201256,0.6426555,0,0.04037473,0.9725131,0.2293211,0,0.6525382,-0.1994696,0.7310307,0,0.5912579,-1.794101,0.2518244,1,-0.7566795,0.04037472,0.6525382,0,-0.1201256,0.9725131,-0.1994696,0,0.6426554,0.2293211,0.7310306,0,0.07003897,1.663166,-0.9277782,1,1.0,1.0,0.1623129,0.1375565,0.9771042,0.001898156,-0.00983268,-0.01998226,32.78889,2041
25,0.2029678,0.1594231,0.9999149,0.1417753,0.1112012,0.9999191,0.1723718,0.1353121,0.9999171,-0.7566668,-0.1200886,0.6426775,0,0.04056002,0.9724711,0.2294667,0,0.6525416,-0.1996968,0.7309657,0,0.5910469,-1.794221,0.2515921,1,-0.7566666,0.04055999,0.6525414,0,-0.1200886,0.9724711,-0.1996968,0,0.6426773,0.2294667,0.7309656,0,0.0700675,1.663123,-0.9278879,1,1.0,1.0,0.1632605,0.1390039,0.9767415,0.001898094,-0.009833427,-0.01997678,32.8,2042
25,0.2029986,0.1610022,0.9999728,0.1417558,0.1120802,0.9999914,0.1723771,0.1365414,0.999982,-0.7567397,-0.1201471,0.6425806,0,0.04069329,0.9724013,0.2297384,0,0.6524486,-0.2000009,0.7309655,0,0.5908788,-1.794422,0.2511128,1,-0.7567397,0.04069327,0.6524485,0,-0.1201471,0.9724013,-0.2000009,0,0.6425806,0.2297384,0.7309655,0,0.07018667,1.663163,-0.9279588,1,1.0,1.0,0.1632303,0.1401516,0.9765826,0.001897804,-0.009834183,-0.01996967,32.81111,2043
25,0.2033639,0.1622308,1.000087,0.1413276,0.1118145,1.000101,0.1723456,0.1370229,1.000094,-0.7567996,-0.1201464,0.6425103,0,0.04084896,0.9723473,0.2299395,0,0.6523695,-0.200264,0.7309641,0,0.5907405,-1.794497,0.2506627,1,-0.7567993,0.04084895,0.6523694,0,-0.1201464,0.9723471,-0.200264,0,0.6425102,0.2299395,0.730964,0,0.07041639,1.663106,-0.9279795,1,1.0,1.0,0.1631746,0.1405892,0.9765289,0.001896545,-0.009834145,-0.01996859,32.83334,2044
25,0.2043418,0.1636251,1.000019,0.1413168,0.1119177,1.000019,0.1728292,0.1377713,1.000019,-0.7566401,-0.1203949,0.6426514,0,0.04081798,0.9722853,0.2302067,0,0.6525563,-0.2004154,0.7307558,0,0.5909907,-1.794542,0.2499972,1,-0.7566401,0.04081796,0.6525562,0,-0.1203949,0.9722853,-0.2004154,0,0.6426515,0.2302067,0.7307557,0,0.07045258,1.663132,-0.9279953,1,1.0,1.0,0.1636206,0.1412914,0.9763529,0.001896583,-0.009834305,-0.0199671,32.84444,2045
25,0.2045922,0.1645963,0.9999681,0.1412309,0.1131788,0.9999463,0.1729115,0.1388873,0.9999573,-0.7565515,-0.120239,0.6427852,0,0.04074105,0.9723745,0.2298435,0,0.6526641,-0.2000762,0.7307527,0,0.5913555,-1.794334,0.2505714,1,-0.7565513,0.04074101,0.6526638,0,-0.1202389,0.9723745,-0.2000761,0,0.642785,0.2298435,0.7307524,0,0.07057843,1.66308,-0.9280654,1,1.0,1.0,0.1636819,0.1423444,0.9761897,0.001896684,-0.009833901,-0.01996483,32.86667,2046
25,0.2046202,0.1646087,1.000038,0.1412532,0.1118938,1.00003,0.1729366,0.1382511,1.000034,-0.7565048,-0.1201166,0.6428629,0,0.04089683,0.9723756,0.2298113,0,0.6527082,-0.2001444,0.7306944,0,0.5911715,-1.794435,0.2505524,1,-0.7565047,0.04089685,0.6527082,0,-0.1201166,0.9723756,-0.2001443,0,0.6428627,0.2298112,0.7306943,0,0.07061179,1.663108,-0.9280857,1,1.0,1.0,0.1637076,0.1417331,0.9762744,0.001896706,-0.009830544,-0.01996521,32.87778,2047
25,0.2034918,0.1639278,0.9998918,0.140276,0.1122171,0.9998994,0.1718839,0.1380725,0.9998956,-0.7565734,-0.1201237,0.6427809,0,0.04087961,0.9723708,0.2298345,0,0.65263,-0.2001632,0.7307593,0,0.591118,-1.794495,0.2506636,1,-0.7565732,0.04087957,0.6526297,0,-0.1201237,0.9723708,-0.2001632,0,0.6427807,0.2298344,0.730759,0,0.07054104,1.663139,-0.9281477,1,1.0,1.0,0.1627524,0.1416061,0.9764525,0.001896515,-0.009828438,-0.01996286,32.88889,2048
25,0.2042345,0.1643202,0.9999419,0.140703,0.112985,0.9999381,0.1724688,0.1386526,0.9999399,-0.7564619,-0.120241,0.6428903,0,0.04037329,0.9724961,0.2293934,0,0.6527907,-0.1994829,0.7308017,0,0.5920577,-1.794105,0.2515015,1,-0.7564617,0.04037326,0.6527905,0,-0.120241,0.9724962,-0.1994829,0,0.64289,0.2293933,0.7308014,0,0.0704563,1.663164,-0.9281805,1,1.0,1.0,0.1632778,0.1421305,0.9762886,0.001896866,-0.009827821,-0.01996189,32.91111,2049
25,0.2041342,0.1642334,0.9999411,0.140287,0.114831,0.9999501,0.1722105,0.1395321,0.9999456,-0.7564968,-0.1205878,0.642784,0,0.03989358,0.972515,0.2293971,0,0.6527796,-0.1991811,0.7308939,0,0.5929328,-1.793857,0.2516191,1,-0.7564968,0.03989358,0.6527795,0,-0.1205877,0.972515,-0.1991811,0,0.6427839,0.2293971,0.7308937,0,0.07049792,1.663178,-0.9282635,1,1.0,1.0,0.1630162,0.1429611,0.976211,0.00189795,-0.009827821,-0.01995979,32.92222,2050
25,0.2050413,0.164577,0.9999849,0.1402998,0.1158645,0.9999937,0.1726705,0.1402209,0.9999893,-0.7565222,-0.1211211,0.6426539,0,0.03912132,0.9725572,0.2293511,0,0.6527969,-0.1986507,0.7310227,0,0.5943228,-1.793444,0.2518343,1,-0.7565221,0.03912131,0.6527969,0,-0.1211211,0.9725573,-0.1986507,0,0.6426538,0.2293511,0.7310226,0,0.07055216,1.663218,-0.9283374,1,1.0,1.0,0.1634213,0.1435925,0.9760506,0.001899468,-0.009829598,-0.01995804,32.94445,2051
25,0.2046525,0.1632419,1.000041,0.1403198,0.1172606,1.00005,0.1724862,0.1402513,1.000045,-0.7566057,-0.1212471,0.6425319,0,0.03889444,0.9725723,0.2293261,0,0.6527138,-0.1985003,0.731138,0,0.5947849,-1.793354,0.2519225,1,-0.7566055,0.03889442,0.6527136,0,-0.121247,0.9725721,-0.1985003,0,0.6425317,0.229326,0.7311377,0,0.07071049,1.66326,-0.9283955,1,1.0,1.0,0.1632402,0.1436162,0.9760773,0.001900139,-0.009827821,-0.01995581,32.95555,2052
25,0.2043058,0.1636931,1.000051,0.1405364,0.1173626,1.000053,0.1724211,0.1405281,1.000052,-0.756651,-0.1211587,0.6424953,0,0.03896622,0.972577,0.2292935,0,0.652657,-0.1985307,0.7311803,0,0.5947094,-1.793381,0.2519625,1,-0.7566507,0.03896622,0.6526569,0,-0.1211586,0.9725771,-0.1985307,0,0.6424951,0.2292935,0.7311801,0,0.07081901,1.663254,-0.9284124,1,1.0,1.0,0.163171,0.1438766,0.9760506,0.001901306,-0.009828622,-0.01995581,32.96667,2053
25,0.2051631,0.1617531,0.9999524,0.1413426,0.1175127,0.999949,0.1732527,0.1396329,0.9999507,-0.7567344,-0.1205124,0.6425187,0,0.03970137,0.9725747,0.2291773,0,0.6525162,-0.1989352,0.7311962,0,0.5934343,-1.793834,0.2522164,1,-0.7567341,0.03970132,0.6525158,0,-0.1205123,0.9725747,-0.1989351,0,0.6425185,0.2291773,0.7311959,0,0.07083917,1.663275,-0.9285014,1,1.0,1.0,0.1639766,0.1430344,0.9760394,0.001906448,-0.009829941,-0.01995545,32.98889,2054
25,0.2050441,0.1611004,1.00004,0.1414254,0.1177971,1.000029,0.1732349,0.1394486,1.000034,-0.7567608,-0.1200849,0.6425673,0,0.04007829,0.9726093,0.2289649,0,0.6524622,-0.1990246,0.7312198,0,0.5928226,-1.794013,0.2525897,1,-0.7567607,0.04007828,0.6524621,0,-0.1200849,0.9726093,-0.1990246,0,0.6425673,0.2289649,0.7312198,0,0.07088523,1.66328,-0.9285455,1,1.0,1.0,0.1639508,0.1428532,0.9760702,0.001906448,-0.009832764,-0.01995548,33.0,2055
25,0.2050525,0.1615055,1.000014,0.1417661,0.1177702,1.000007,0.1734092,0.1396377,1.000011,-0.7567438,-0.1196557,0.6426675,0,0.04046168,0.972647,0.2287371,0,0.6524583,-0.1990988,0.7312031,0,0.592264,-1.794245,0.2530762,1,-0.7567437,0.04046169,0.6524582,0,-0.1196557,0.972647,-0.1990988,0,0.6426674,0.2287371,0.731203,0,0.07085662,1.663315,-0.9287096,1,1.0,1.0,0.1641129,0.1430319,0.9760168,0.001906448,-0.009834473,-0.01995364,33.02222,2056
25,0.2041894,0.1625846,0.9999942,0.1413614,0.1188892,0.9999951,0.1727754,0.1407368,0.9999949,-0.7568463,-0.1193557,0.6426025,0,0.04071356,0.9726657,0.2286127,0,0.6523237,-0.1991873,0.731299,0,0.5917045,-1.794419,0.2533824,1,-0.7568462,0.04071357,0.6523237,0,-0.1193557,0.9726658,-0.1991873,0,0.6426024,0.2286127,0.731299,0,0.07083111,1.663353,-0.9287066,1,1.0,1.0,0.1635005,0.1440836,0.9759649,0.001906915,-0.009839775,-0.01995073,33.03333,2057
25,0.2044349,0.1664626,1.000131,0.141401,0.1190495,1.000118,0.172918,0.1427561,1.000124,-0.7570227,-0.1188595,0.6424868,0,0.04094446,0.9727525,0.2282021,0,0.6521046,-0.1990604,0.7315291,0,0.5913225,-1.794505,0.2542063,1,-0.7570226,0.04094443,0.6521044,0,-0.1188595,0.9727524,-0.1990604,0,0.6424866,0.228202,0.7315289,0,0.0710264,1.663387,-0.9287781,1,1.0,1.0,0.1635671,0.1459641,0.9756743,0.001907333,-0.009850632,-0.01994899,33.05556,2058
25,0.2044834,0.1658153,1.00004,0.1413794,0.1168803,1.000051,0.1729313,0.141348,1.000046,-0.7571665,-0.1186441,0.642357,0,0.04119458,0.972737,0.228223,0,0.6519217,-0.1992645,0.7316364,0,0.5907274,-1.794635,0.2542035,1,-0.7571665,0.04119456,0.6519217,0,-0.1186441,0.972737,-0.1992645,0,0.642357,0.228223,0.7316363,0,0.07106675,1.663358,-0.9286995,1,1.0,1.0,0.1636236,0.1446589,0.9758592,0.001908096,-0.009852944,-0.01994417,33.06667,2059
25,0.2048522,0.1637923,1.000018,0.1411515,0.1164195,1.000019,0.1730017,0.140106,1.000019,-0.7572589,-0.1183717,0.6422983,0,0.04143095,0.9727514,0.2281185,0,0.6517994,-0.1993558,0.7317204,0,0.5902807,-1.794767,0.2544399,1,-0.7572591,0.04143094,0.6517993,0,-0.1183716,0.9727516,-0.1993558,0,0.6422983,0.2281185,0.7317204,0,0.07111945,1.663364,-0.9287207,1,1.0,1.0,0.1637218,0.1434995,0.9760138,0.001908493,-0.009854447,-0.01993912,33.07778,2060
25,0.2049828,0.1632327,1.000007,0.1411132,0.1169823,1.000011,0.1730479,0.1401075,1.000009,-0.7573869,-0.1185645,0.6421119,0,0.04114717,0.9727558,0.2281513,0,0.6516688,-0.1992199,0.731874,0,0.5907009,-1.79469,0.2544629,1,-0.7573868,0.04114714,0.6516685,0,-0.1185645,0.9727558,-0.1992198,0,0.6421118,0.2281513,0.7318738,0,0.07120886,1.663433,-0.9287138,1,1.0,1.0,0.1637666,0.1435022,0.976006,0.001908577,-0.009855226,-0.01993608,33.1,2061
25,0.2053819,0.1624434,1.000064,0.1411058,0.1170359,1.000061,0.1732438,0.1397394,1.000062,-0.7573602,-0.1187304,0.6421126,0,0.0408612,0.9727871,0.2280691,0,0.6517176,-0.198968,0.7318988,0,0.5913613,-1.794519,0.2545702,1,-0.7573602,0.04086124,0.6517177,0,-0.1187304,0.9727871,-0.198968,0,0.6421127,0.2280691,0.7318989,0,0.07134683,1.663462,-0.9287721,1,1.0,1.0,0.163949,0.1431474,0.9760274,0.001909134,-0.009856857,-0.0199329,33.11111,2062
25,0.2057054,0.1643435,1.00011,0.1414279,0.1196032,1.000101,0.1735667,0.1419732,1.000106,-0.7573709,-0.1185091,0.6421409,0,0.04076619,0.9728935,0.227632,0,0.6517112,-0.1985795,0.7320101,0,0.5916992,-1.794365,0.2553388,1,-0.7573709,0.04076618,0.651711,0,-0.118509,0.9728935,-0.1985795,0,0.6421408,0.227632,0.73201,0,0.07152388,1.663481,-0.9288514,1,1.0,1.0,0.1641921,0.1452358,0.975678,0.001909332,-0.009866104,-0.01993108,33.13334,2063
25,0.2061731,0.1645039,1.00003,0.1419347,0.1202012,1.000025,0.174054,0.1423524,1.000027,-0.7573754,-0.1183514,0.6421648,0,0.04089483,0.9729097,0.2275396,0,0.651698,-0.1985941,0.7320179,0,0.5915269,-1.794456,0.2554871,1,-0.7573752,0.04089482,0.6516979,0,-0.1183514,0.9729097,-0.1985941,0,0.6421646,0.2275396,0.7320178,0,0.07156657,1.66352,-0.9288865,1,1.0,1.0,0.1646485,0.1455917,0.9755481,0.001910376,-0.009866845,-0.01992788,33.14444,2064
25,0.2061216,0.1637556,1.000049,0.1435761,0.1204782,1.000032,0.1748489,0.1421168,1.00004,-0.7573845,-0.117878,0.6422412,0,0.04090231,0.973074,0.226835,0,0.651687,-0.1980704,0.7321696,0,0.5916201,-1.79426,0.2568006,1,-0.7573843,0.04090229,0.6516868,0,-0.117878,0.9730739,-0.1980704,0,0.6422409,0.226835,0.7321695,0,0.07165227,1.663497,-0.9289623,1,1.0,1.0,0.1653918,0.1453554,0.9754575,0.001910408,-0.009870743,-0.01992454,33.16667,2065
25,0.2107026,0.1767427,1.000051,0.1434833,0.1207503,1.000033,0.1770928,0.1487461,1.000042,-0.7573632,-0.117742,0.6422912,0,0.04083261,0.9731454,0.2265408,0,0.6517162,-0.1978001,0.7322168,0,0.5917813,-1.794154,0.2573366,1,-0.7573629,0.0408326,0.651716,0,-0.1177419,0.9731453,-0.1978,0,0.6422911,0.2265408,0.7322166,0,0.07166111,1.663512,-0.9289831,1,1.0,1.0,0.1673098,0.1515322,0.9741896,0.001921494,-0.009906288,-0.01992165,33.17778,2066
25,0.2109281,0.1791061,0.9998685,0.1437846,0.1208638,0.9998711,0.1773563,0.149985,0.9998697,-0.757354,-0.1178968,0.6422734,0,0.04064845,0.9731476,0.2265644,0,0.651738,-0.1976969,0.7322249,0,0.5919982,-1.794047,0.2574294,1,-0.757354,0.04064848,0.6517382,0,-0.1178968,0.9731476,-0.1976969,0,0.6422734,0.2265644,0.732225,0,0.07149977,1.663484,-0.9290015,1,1.0,1.0,0.1675512,0.1527075,0.9739646,0.001921494,-0.009907914,-0.01991971,33.18889,2067
25,0.2109471,0.1790603,0.9999058,0.1435619,0.1216704,0.9999086,0.1772545,0.1503653,0.9999071,-0.7572517,-0.1180738,0.6423615,0,0.04034434,0.9731883,0.2264439,0,0.6518759,-0.1973907,0.732185,0,0.592691,-1.79388,0.257686,1,-0.7572518,0.04034433,0.6518758,0,-0.1180738,0.9731883,-0.1973906,0,0.6423616,0.2264439,0.7321849,0,0.07147848,1.66352,-0.92913,1,1.0,1.0,0.1674425,0.1530607,0.9739279,0.001920952,-0.009908585,-0.0199183,33.21111,2068
25,0.2108003,0.1798721,0.9999729,0.1426374,0.121547,0.9999754,0.1767189,0.1507097,0.9999741,-0.7572715,-0.117856,0.6423784,0,0.0407012,0.9731548,0.2265238,0,0.6518309,-0.1976856,0.7321455,0,0.5920798,-1.794131,0.2575347,1,-0.7572713,0.04070117,0.6518307,0,-0.117856,0.9731548,-0.1976856,0,0.6423783,0.2265238,0.7321454,0,0.07148112,1.663531,-0.9291626,1,1.0,1.0,0.1669284,0.1533893,0.9739644,0.001919624,-0.009912202,-0.01991383,33.22222,2069
25,0.2103332,0.1780808,0.9999835,0.1408165,0.12175,0.9999897,0.1755746,0.1499157,0.9999866,-0.7574495,-0.1176371,0.6422086,0,0.04106531,0.9731025,0.2266831,0,0.6516011,-0.1980735,0.7322452,0,0.591179,-1.794458,0.2573248,1,-0.7574494,0.0410653,0.651601,0,-0.1176371,0.9731025,-0.1980735,0,0.6422085,0.2266831,0.732245,0,0.07143718,1.663584,-0.9290723,1,1.0,1.0,0.1658825,0.1526769,0.974255,0.001920356,-0.009914498,-0.0199137,33.24445,2070
25,0.2100081,0.1775277,0.9999219,0.1395165,0.1193125,0.9999419,0.1747625,0.1484206,0.9999321,-0.7576053,-0.1175849,0.6420343,0,0.04115251,0.9730777,0.2267739,0,0.6514144,-0.1982264,0.7323698,0,0.5908722,-1.794564,0.2573198,1,-0.7576053,0.0411525,0.6514144,0,-0.1175849,0.9730776,-0.1982264,0,0.6420343,0.2267739,0.7323698,0,0.07142609,1.663581,-0.929086,1,1.0,1.0,0.1651721,0.1513087,0.974589,0.001919946,-0.009914414,-0.01991405,33.25556,2071
25,0.2098955,0.1789745,0.9999616,0.1390846,0.1186469,0.999966,0.17449,0.1488106,0.9999639,-0.7575086,-0.1178027,0.6421087,0,0.04091946,0.973082,0.2267973,0,0.6515417,-0.1980757,0.7322977,0,0.5915022,-1.794436,0.2572088,1,-0.7575084,0.0409194,0.6515414,0,-0.1178026,0.973082,-0.1980756,0,0.6421083,0.2267973,0.7322972,0,0.07152268,1.663595,-0.9291754,1,1.0,1.0,0.1649047,0.1516762,0.9745772,0.001920137,-0.009915917,-0.01991293,33.27778,2072
25,0.2095621,0.1809098,0.9999899,0.1390824,0.1184403,0.9999845,0.1743221,0.1496751,0.9999871,-0.7575586,-0.1177644,0.6420566,0,0.04078114,0.9731321,0.226607,0,0.6514921,-0.1978518,0.7324021,0,0.5917297,-1.794263,0.2576519,1,-0.7575586,0.04078114,0.6514921,0,-0.1177644,0.9731322,-0.1978518,0,0.6420565,0.2266069,0.7324019,0,0.07154253,1.663538,-0.9292101,1,1.0,1.0,0.1647244,0.1524834,0.9744818,0.001920304,-0.009915917,-0.01991182,33.28889,2073
25,0.2085633,0.1817263,0.999992,0.1403581,0.1170305,0.9999863,0.1744608,0.1493785,0.9999891,-0.7575318,-0.1180142,0.6420423,0,0.04034315,0.9731798,0.2264808,0,0.6515506,-0.1974684,0.7324535,0,0.5924882,-1.793985,0.2579341,1,-0.7575317,0.04034316,0.6515505,0,-0.1180143,0.9731798,-0.1974684,0,0.6420423,0.2264808,0.7324535,0,0.07150819,1.66355,-0.9292161,1,1.0,1.0,0.1648599,0.1522037,0.9745026,0.001920524,-0.009915795,-0.01991178,33.3,2074
25,0.2072179,0.1820173,0.999992,0.1402384,0.1151443,0.9999837,0.1737282,0.1485807,0.9999878,-0.757498,-0.1181108,0.6420645,0,0.03995506,0.9732668,0.2261754,0,0.6516138,-0.1969811,0.7325286,0,0.5931556,-1.79366,0.2585514,1,-0.7574978,0.03995502,0.6516137,0,-0.1181108,0.9732668,-0.1969811,0,0.6420644,0.2261754,0.7325284,0,0.07145693,1.663532,-0.9292216,1,1.0,1.0,0.1641981,0.1514762,0.9747276,0.001920524,-0.00991533,-0.01991052,33.32222,2075
25,0.2078075,0.1822663,1.000096,0.1407827,0.1154891,1.000091,0.1742947,0.1488777,1.000094,-0.7574193,-0.1182378,0.6421338,0,0.03983207,0.9732676,0.2261937,0,0.6517126,-0.196901,0.732462,0,0.5934774,-1.793558,0.2583736,1,-0.7574193,0.03983207,0.6517127,0,-0.1182378,0.9732676,-0.196901,0,0.6421337,0.2261937,0.732462,0,0.07153462,1.66353,-0.9291789,1,1.0,1.0,0.1647004,0.1517265,0.974604,0.00192289,-0.009916314,-0.01990644,33.33334,2076
25,0.2082274,0.1830738,0.9999952,0.1407973,0.1152548,1.000006,0.1745124,0.1491645,1.0,-0.7574036,-0.1188617,0.6420372,0,0.0393578,0.9731926,0.2265991,0,0.6517597,-0.1968961,0.7324215,0,0.5942576,-1.793323,0.2576611,1,-0.7574036,0.03935781,0.6517597,0,-0.1188617,0.9731926,-0.1968961,0,0.6420371,0.2265991,0.7324215,0,0.07150744,1.663474,-0.9291281,1,1.0,1.0,0.1649102,0.1520022,0.9745255,0.001923042,-0.009916017,-0.01990511,33.35556,2077
25,0.2081297,0.183185,0.9999751,0.1408149,0.1146887,0.9999814,0.1744723,0.1489369,0.9999782,-0.7572961,-0.1192727,0.6420878,0,0.03900526,0.9731654,0.2267769,0,0.6519058,-0.196782,0.7323221,0,0.5949312,-1.793102,0.2572804,1,-0.7572961,0.03900525,0.6519058,0,-0.1192727,0.9731655,-0.196782,0,0.6420877,0.2267768,0.732322,0,0.07147438,1.663434,-0.9291014,1,1.0,1.0,0.1648819,0.151794,0.9745628,0.001923119,-0.009916017,-0.01990275,33.36667,2078
25,0.2080792,0.1830361,0.9999008,0.1414064,0.114628,0.9999049,0.1747426,0.1488322,0.9999027,-0.7569041,-0.1201957,0.6423778,0,0.03831606,0.9730888,0.2272225,0,0.6524017,-0.196599,0.7319295,0,0.5965024,-1.792715,0.2562494,1,-0.7569041,0.03831605,0.6524017,0,-0.1201957,0.9730889,-0.196599,0,0.6423777,0.2272225,0.7319294,0,0.07140958,1.66339,-0.9291617,1,1.0,1.0,0.165147,0.1517002,0.9745324,0.001923844,-0.009915376,-0.01990096,33.38889,2079
25,0.2081414,0.1826982,1.000044,0.1411862,0.114816,1.000027,0.1746638,0.1487568,1.000035,-0.756793,-0.1201378,0.6425195,0,0.03836774,0.9731055,0.2271419,0,0.6525276,-0.1965514,0.73183,0,0.5965136,-1.792693,0.2562873,1,-0.7567929,0.03836771,0.6525276,0,-0.1201377,0.9731056,-0.1965515,0,0.6425195,0.227142,0.7318301,0,0.07139762,1.663379,-0.9291567,1,1.0,1.0,0.1650546,0.1516124,0.9745618,0.001924316,-0.009914414,-0.0199002,33.4,2080
25,0.2083692,0.1834427,1.000081,0.1410924,0.1155907,1.000064,0.1747308,0.1495164,1.000072,-0.7567544,-0.1197507,0.6426373,0,0.03880913,0.9731134,0.2270333,0,0.6525463,-0.1967486,0.7317604,0,0.595897,-1.792918,0.2563627,1,-0.7567542,0.03880914,0.6525463,0,-0.1197507,0.9731135,-0.1967486,0,0.6426372,0.2270333,0.7317604,0,0.07149611,1.663384,-0.9292006,1,1.0,1.0,0.1650923,0.1523146,0.9744458,0.001925193,-0.009914383,-0.01989898,33.41111,2081
25,0.2084579,0.1847078,0.9999655,0.1411388,0.1162554,0.9999518,0.1747983,0.1504814,0.9999587,-0.7567282,-0.1193648,0.64274,0,0.03906653,0.9731749,0.2267255,0,0.6525614,-0.1966792,0.7317656,0,0.5953528,-1.792983,0.2569315,1,-0.7567281,0.0390665,0.6525613,0,-0.1193648,0.9731749,-0.1966792,0,0.6427398,0.2267255,0.7317656,0,0.07136109,1.663374,-0.9291603,1,1.0,1.0,0.1651487,0.1532296,0.9742929,0.001925934,-0.009914383,-0.01989847,33.43333,2082
25,0.2091577,0.1855573,1.000036,0.141088,0.116379,1.000021,0.1751229,0.1509679,1.000029,-0.7567772,-0.1189872,0.6427522,0,0.0393532,0.9732164,0.2264978,0,0.6524873,-0.1967027,0.7318254,0,0.5948118,-1.793112,0.2573681,1,-0.7567772,0.03935318,0.6524873,0,-0.1189872,0.9732164,-0.1967027,0,0.6427521,0.2264977,0.7318254,0,0.0713586,1.663385,-0.9291656,1,1.0,1.0,0.1654271,0.1536642,0.9741772,0.001927101,-0.009912682,-0.01989478,33.44445,2083
25,0.2096373,0.1847813,1.000066,0.1408802,0.1147609,1.000042,0.1752584,0.1497708,1.000054,-0.7567705,-0.118459,0.6428576,0,0.03964775,0.9733142,0.2260253,0,0.6524772,-0.1965371,0.7318789,0,0.5941845,-1.793224,0.2583076,1,-0.7567704,0.03964775,0.6524772,0,-0.118459,0.9733143,-0.1965371,0,0.6428576,0.2260253,0.7318789,0,0.07118268,1.663428,-0.9291768,1,1.0,1.0,0.165577,0.1525343,0.9743292,0.001929314,-0.009905418,-0.01989149,33.46667,2084
25,0.2100891,0.1849479,1.000036,0.141551,0.1140716,1.000018,0.1758202,0.1495094,1.000027,-0.7567633,-0.1182425,0.6429058,0,0.0397321,0.9733657,0.2257889,0,0.6524804,-0.1964128,0.7319095,0,0.5940334,-1.793223,0.2587395,1,-0.7567634,0.03973208,0.6524803,0,-0.1182425,0.9733657,-0.1964128,0,0.6429058,0.2257889,0.7319094,0,0.07116243,1.663439,-0.9291808,1,1.0,1.0,0.1661065,0.1522742,0.9742798,0.001932602,-0.009897919,-0.01989095,33.47778,2085
25,0.2100761,0.1848549,1.000173,0.1420129,0.1141264,1.000144,0.1760443,0.1494901,1.000158,-0.7566677,-0.1180636,0.6430514,0,0.03978144,0.9734237,0.2255298,0,0.6525884,-0.1962326,0.7318615,0,0.5941782,-1.79322,0.259023,1,-0.7566676,0.03978143,0.6525882,0,-0.1180636,0.9734238,-0.1962326,0,0.6430513,0.2255298,0.7318615,0,0.07131618,1.663509,-0.929211,1,1.0,1.0,0.1662939,0.1522324,0.9742544,0.001933686,-0.009897919,-0.0198909,33.48889,2086
25,0.2088652,0.1846513,1.000087,0.1422683,0.1141425,1.000088,0.1755666,0.149397,1.000087,-0.7567941,-0.1176862,0.6429721,0,0.04011251,0.9734432,0.2253873,0,0.6524217,-0.196363,0.7319753,0,0.5935248,-1.793375,0.2592969,1,-0.7567937,0.0401125,0.6524215,0,-0.1176861,0.9734432,-0.1963629,0,0.6429718,0.2253873,0.7319751,0,0.07139989,1.663499,-0.9291795,1,1.0,1.0,0.1658616,0.1521663,0.9743384,0.00193557,-0.009897392,-0.0198905,33.51111,2087
25,0.2088137,0.1829689,1.000004,0.1407475,0.1138283,0.9999992,0.1747806,0.1483986,1.000002,-0.7567406,-0.1176335,0.6430445,0,0.04023072,0.9734316,0.2254159,0,0.6524764,-0.1964515,0.7319027,0,0.5933725,-1.793436,0.2591882,1,-0.7567404,0.04023073,0.6524763,0,-0.1176335,0.9734317,-0.1964514,0,0.6430444,0.2254159,0.7319026,0,0.07139122,1.663491,-0.9291851,1,1.0,1.0,0.1651686,0.1512659,0.9745963,0.001935638,-0.009897392,-0.01988994,33.52222,2088
25,0.2086985,0.1823533,1.000024,0.1387752,0.1136791,1.000019,0.1737369,0.1480161,1.000021,-0.7567576,-0.1175409,0.6430416,0,0.04046526,0.9733917,0.2255464,0,0.6524423,-0.1967047,0.7318653,0,0.5930482,-1.793576,0.2589295,1,-0.7567573,0.04046521,0.6524419,0,-0.1175408,0.9733917,-0.1967047,0,0.6430413,0.2255463,0.7318649,0,0.07147268,1.663454,-0.9292359,1,1.0,1.0,0.1642042,0.1509308,0.9748113,0.001935638,-0.009897392,-0.0198904,33.54445,2089
25,0.2086661,0.1825596,0.9999896,0.1383552,0.1141327,0.9999864,0.1735106,0.148346,0.9999879,-0.7566907,-0.1174482,0.6431369,0,0.04069579,0.9733617,0.2256342,0,0.6525052,-0.1969083,0.7317541,0,0.5927224,-1.793717,0.2586955,1,-0.7566906,0.0406958,0.6525052,0,-0.1174482,0.9733617,-0.1969083,0,0.6431369,0.2256342,0.7317542,0,0.07146201,1.663444,-0.9292538,1,1.0,1.0,0.1639907,0.1512504,0.9747976,0.001935638,-0.009899545,-0.01989076,33.55556,2090
25,0.2076811,0.1816204,0.9999547,0.1382697,0.1149277,0.9999666,0.1729754,0.1482743,0.9999607,-0.7567105,-0.1176108,0.6430839,0,0.04078124,0.9732767,0.2259852,0,0.6524769,-0.1972311,0.7316924,0,0.5926412,-1.793797,0.2580648,1,-0.7567105,0.04078125,0.6524769,0,-0.1176108,0.9732767,-0.1972311,0,0.6430838,0.2259852,0.7316924,0,0.07153063,1.663373,-0.9293014,1,1.0,1.0,0.1635022,0.1512045,0.9748868,0.001931763,-0.009904549,-0.01989183,33.57778,2091
25,0.2069985,0.1828312,0.9999191,0.1381967,0.1156716,0.9999295,0.1725976,0.1492516,0.9999244,-0.7567021,-0.1177442,0.6430694,0,0.04074505,0.9732417,0.2261427,0,0.652489,-0.1973245,0.7316566,0,0.5926582,-1.793778,0.2578232,1,-0.756702,0.04074504,0.6524889,0,-0.1177442,0.9732416,-0.1973245,0,0.6430694,0.2261427,0.7316564,0,0.07146048,1.663327,-0.9292973,1,1.0,1.0,0.1631353,0.1521387,0.9748029,0.001929414,-0.009912537,-0.01989097,33.58889,2092
25,0.2068075,0.1824127,0.9999563,0.138119,0.1154663,0.9999711,0.1724633,0.1489397,0.9999638,-0.7566425,-0.1179343,0.6431047,0,0.04078683,0.9731685,0.2264499,0,0.6525554,-0.1975718,0.7315304,0,0.5926502,-1.793864,0.2571979,1,-0.7566425,0.04078682,0.6525555,0,-0.1179343,0.9731685,-0.1975718,0,0.6431047,0.2264499,0.7315304,0,0.07146103,1.663318,-0.9293023,1,1.0,1.0,0.1630123,0.1518464,0.9748691,0.001928719,-0.009914017,-0.01988992,33.6,2093
25,0.2067801,0.1821104,0.9999598,0.1383945,0.115502,0.9999614,0.1725875,0.1488062,0.9999606,-0.7565911,-0.1180716,0.64314,0,0.04065663,0.973165,0.2264882,0,0.6526232,-0.1975068,0.7314875,0,0.5930672,-1.793748,0.257162,1,-0.756591,0.04065663,0.6526232,0,-0.1180716,0.973165,-0.1975068,0,0.6431401,0.2264882,0.7314876,0,0.07152727,1.663257,-0.9294378,1,1.0,1.0,0.1631319,0.1517202,0.9748687,0.001928413,-0.009914208,-0.01988731,33.62222,2094
25,0.2074156,0.1822342,0.9999803,0.139357,0.115506,0.9999805,0.1733864,0.1488701,0.9999804,-0.756642,-0.1180823,0.6430783,0,0.04054171,0.9731906,0.2263988,0,0.6525714,-0.1973743,0.7315696,0,0.5932234,-1.793629,0.2574086,1,-0.7566417,0.04054169,0.6525713,0,-0.1180823,0.9731907,-0.1973743,0,0.6430781,0.2263988,0.7315694,0,0.0715279,1.663215,-0.9294491,1,1.0,1.0,0.1638713,0.1517584,0.9747387,0.001928207,-0.009914208,-0.01988589,33.63334,2095
25,0.2075527,0.182033,0.9999547,0.1396327,0.1154623,0.9999678,0.1735925,0.148748,0.9999611,-0.7566878,-0.118512,0.6429453,0,0.04016298,0.9731489,0.2266455,0,0.6525418,-0.1973225,0.7316101,0,0.5938991,-1.793481,0.2570782,1,-0.7566876,0.04016301,0.6525417,0,-0.118512,0.9731489,-0.1973225,0,0.6429453,0.2266455,0.73161,0,0.0715597,1.663206,-0.9295192,1,1.0,1.0,0.1640693,0.1516425,0.9747235,0.001928207,-0.009914445,-0.01988387,33.65556,2096
25,0.2084156,0.1825145,0.9999842,0.1398129,0.1154041,0.9999931,0.1741145,0.1489593,0.9999886,-0.7566547,-0.1187003,0.6429493,0,0.04006589,0.9731154,0.2268066,0,0.6525859,-0.1973746,0.7315565,0,0.5941619,-1.793461,0.2567524,1,-0.7566547,0.04006589,0.6525859,0,-0.1187003,0.9731153,-0.1973746,0,0.6429493,0.2268065,0.7315565,0,0.07161234,1.663206,-0.9295542,1,1.0,1.0,0.1645458,0.1518237,0.9746149,0.001927796,-0.009914445,-0.01988226,33.66667,2097
25,0.2087774,0.183602,0.9999571,0.1396202,0.1151385,0.9999548,0.1741989,0.1493701,0.999956,-0.7565689,-0.1187533,0.6430408,0,0.04011532,0.9730909,0.2269029,0,0.6526825,-0.1974634,0.7314465,0,0.5942096,-1.793479,0.2565343,1,-0.7565687,0.0401153,0.6526824,0,-0.1187533,0.9730909,-0.1974634,0,0.6430406,0.2269028,0.7314463,0,0.07161675,1.663172,-0.9296178,1,1.0,1.0,0.1646199,0.1522097,0.9745423,0.001927925,-0.009913819,-0.01987969,33.68889,2098
25,0.2077963,0.1830368,1.000027,0.1396616,0.1167117,1.000013,0.1737288,0.149874,1.00002,-0.7564278,-0.1188368,0.6431913,0,0.04003442,0.973101,0.2268739,0,0.6528511,-0.1973635,0.731323,0,0.5945001,-1.793386,0.2564745,1,-0.7564276,0.04003439,0.6528509,0,-0.1188367,0.973101,-0.1973634,0,0.6431912,0.2268739,0.7313228,0,0.07161403,1.663158,-0.9296343,1,1.0,1.0,0.1641612,0.1526805,0.974546,0.001928231,-0.00991185,-0.01987605,33.7,2099
25,0.2076668,0.1829685,0.9998695,0.1397907,0.1153362,0.9998714,0.1737287,0.1491522,0.9998704,-0.7564092,-0.1187503,0.6432293,0,0.04023793,0.9730719,0.2269625,0,0.6528602,-0.1975587,0.7312623,0,0.5941464,-1.793507,0.2563952,1,-0.7564089,0.04023791,0.6528599,0,-0.1187502,0.9730718,-0.1975586,0,0.643229,0.2269624,0.7312619,0,0.07151726,1.663112,-0.9297093,1,1.0,1.0,0.164202,0.1520249,0.9746415,0.001928116,-0.009907929,-0.01987442,33.71111,2100
25,0.2078443,0.1844228,0.9999567,0.139142,0.114792,0.9999632,0.1734934,0.1496075,0.99996,-0.7563332,-0.1186866,0.64333,0,0.04035938,0.9730657,0.2269675,0,0.6529405,-0.1976275,0.7311718,0,0.5940011,-1.793603,0.2563367,1,-0.7563333,0.04035938,0.6529404,0,-0.1186866,0.9730656,-0.1976275,0,0.6433301,0.2269675,0.7311718,0,0.07147703,1.66314,-0.9297386,1,1.0,1.0,0.1639583,0.1524398,0.9746177,0.001928003,-0.009904999,-0.01987424,33.73333,2101
25,0.2082454,0.1848249,0.999999,0.1394657,0.1151612,1.000002,0.1738554,0.1499932,1.0,-0.7563269,-0.1186603,0.6433424,0,0.04046302,0.9730443,0.2270409,0,0.6529413,-0.1977487,0.7311382,0,0.5938328,-1.793723,0.2561755,1,-0.7563269,0.04046301,0.6529413,0,-0.1186603,0.9730443,-0.1977487,0,0.6433423,0.2270408,0.7311382,0,0.07147939,1.663182,-0.9297441,1,1.0,1.0,0.164279,0.1527837,0.9745099,0.001929023,-0.009902664,-0.01987395,33.74445,2102
25,0.2086594,0.1845479,0.9999525,0.1402338,0.1149451,0.9999433,0.1744464,0.1497465,0.9999478,-0.7564214,-0.1178531,0.6433799,0,0.04087256,0.9731947,0.2263218,0,0.6528066,-0.1974912,0.7313284,0,0.5930293,-1.793753,0.2576528,1,-0.7564211,0.04087254,0.6528063,0,-0.1178531,0.9731947,-0.1974912,0,0.6433796,0.2263218,0.731328,0,0.07141199,1.66312,-0.9298123,1,1.0,1.0,0.1648419,0.1525449,0.9744523,0.001929666,-0.009900948,-0.01987323,33.76667,2103
25,0.2086306,0.1844061,0.9999118,0.138736,0.1151724,0.9999223,0.1736836,0.1497896,0.999917,-0.7565587,-0.1177302,0.6432409,0,0.04095275,0.973199,0.2262886,0,0.6526425,-0.197543,0.7314607,0,0.5927467,-1.793825,0.2578976,1,-0.7565584,0.04095271,0.6526423,0,-0.1177302,0.9731991,-0.197543,0,0.6432408,0.2262886,0.7314606,0,0.07136997,1.663115,-0.9298511,1,1.0,1.0,0.1641361,0.1526068,0.9745616,0.001929628,-0.009900322,-0.01987358,33.77778,2104
25,0.2082923,0.184307,0.9998793,0.1387145,0.1152797,0.9998875,0.1735035,0.1497936,0.9998833,-0.75657,-0.1177435,0.6432251,0,0.0410291,0.97317,0.2263995,0,0.6526244,-0.197678,0.7314403,0,0.592523,-1.793919,0.2577944,1,-0.7565699,0.04102909,0.6526243,0,-0.1177435,0.97317,-0.197678,0,0.6432249,0.2263995,0.7314402,0,0.07124314,1.663113,-0.9298744,1,1.0,1.0,0.1639738,0.1526196,0.9745871,0.001929628,-0.009900071,-0.01987318,33.78889,2105
25,0.2062228,0.1839676,0.999916,0.1387179,0.1150916,0.9999249,0.1724704,0.1495297,0.9999203,-0.756752,-0.1179681,0.6429698,0,0.04068242,0.9731765,0.2264341,0,0.6524351,-0.197512,0.731654,0,0.5929778,-1.793787,0.2580828,1,-0.7567519,0.04068239,0.6524349,0,-0.1179681,0.9731765,-0.197512,0,0.6429696,0.2264341,0.7316538,0,0.07118803,1.663109,-0.9300011,1,1.0,1.0,0.1630137,0.1523929,0.9747835,0.001929688,-0.009899887,-0.01987316,33.81111,2106
25,0.2064961,0.1834973,0.9998612,0.1387479,0.1152323,0.9998932,0.172622,0.1493653,0.9998773,-0.7567456,-0.1186555,0.6428509,0,0.04008316,0.9731163,0.2267997,0,0.6524796,-0.1973971,0.7316453,0,0.5939811,-1.793528,0.2575257,1,-0.7567455,0.04008313,0.6524795,0,-0.1186555,0.9731162,-0.1973971,0,0.6428507,0.2267996,0.7316452,0,0.07112999,1.663096,-0.9300152,1,1.0,1.0,0.1631641,0.1522424,0.9747819,0.001930634,-0.009900071,-0.01987288,33.82222,2107
25,0.2056256,0.1836043,0.9998603,0.1388155,0.1152824,0.9998993,0.1722206,0.149444,0.9998798,-0.756865,-0.1191598,0.6426169,0,0.03963869,0.9730599,0.2271194,0,0.6523682,-0.1973712,0.7317517,0,0.5946279,-1.793327,0.257138,1,-0.7568648,0.03963872,0.6523682,0,-0.1191598,0.9730599,-0.1973712,0,0.6426169,0.2271194,0.7317516,0,0.07111931,1.663043,-0.9300284,1,1.0,1.0,0.1627879,0.1523251,0.9748319,0.001931367,-0.009900322,-0.01987281,33.83334,2108
25,0.2056138,0.1809809,0.9998746,0.1379845,0.115282,0.9998916,0.171799,0.1481317,0.9998831,-0.7566972,-0.1201653,0.6426272,0,0.03893977,0.9729334,0.2277813,0,0.6526049,-0.1973852,0.7315367,0,0.596028,-1.793042,0.2560222,1,-0.7566972,0.03893974,0.6526048,0,-0.1201653,0.9729334,-0.1973852,0,0.6426272,0.2277813,0.7315367,0,0.07102441,1.662985,-0.9301804,1,1.0,1.0,0.1624256,0.1511088,0.9750816,0.001931527,-0.009900498,-0.01987253,33.85556,2109
25,0.2065015,0.1801644,0.9998091,0.1381013,0.1151638,0.9998149,0.1723014,0.1476642,0.9998121,-0.7565917,-0.1202265,0.6427401,0,0.03914973,0.9728594,0.2280609,0,0.6527147,-0.197712,0.7313505,0,0.5955882,-1.793239,0.2555541,1,-0.7565916,0.03914973,0.6527146,0,-0.1202265,0.9728595,-0.197712,0,0.6427399,0.2280609,0.7313504,0,0.07076732,1.662971,-0.9301936,1,1.0,1.0,0.1629153,0.1506704,0.9750677,0.001931663,-0.009900391,-0.01987023,33.86667,2110
25,0.206694,0.1797283,0.9997633,0.1386519,0.114748,0.9997592,0.172673,0.1472382,0.9997613,-0.7563965,-0.1200572,0.6430014,0,0.03950141,0.972834,0.228109,0,0.6529197,-0.1979403,0.7311058,0,0.5949568,-1.793482,0.255544,1,-0.7563962,0.0395014,0.6529196,0,-0.1200571,0.9728339,-0.1979403,0,0.6430013,0.228109,0.7311057,0,0.07038772,1.662966,-0.9302909,1,1.0,1.0,0.1632794,0.1502712,0.9750684,0.001931543,-0.009900681,-0.01986842,33.88889,2111
25,0.2057991,0.1796219,1.000063,0.139228,0.1153079,1.000036,0.1725135,0.1474645,1.000049,-0.756196,-0.1198994,0.6432664,0,0.0397206,0.972845,0.2280238,0,0.6531384,-0.1979816,0.7308991,0,0.5946599,-1.793574,0.2554952,1,-0.756196,0.0397206,0.6531385,0,-0.1198993,0.972845,-0.1979816,0,0.6432664,0.2280238,0.730899,0,0.07027959,1.66299,-0.9302312,1,1.0,1.0,0.1630824,0.1504462,0.9750744,0.001931091,-0.009900857,-0.01986709,33.9,2112
25,0.2068247,0.1795398,0.999987,0.1387398,0.1151301,0.9999772,0.1727821,0.1473348,0.9999821,-0.7559745,-0.1196563,0.643572,0,0.03991315,0.9728965,0.2277703,0,0.6533831,-0.1978755,0.7307091,0,0.5945203,-1.793645,0.2558258,1,-0.7559745,0.03991313,0.6533831,0,-0.1196563,0.9728965,-0.1978755,0,0.643572,0.2277703,0.7307091,0,0.07017886,1.663032,-0.9303022,1,1.0,1.0,0.1633472,0.1503287,0.9750482,0.001929824,-0.009901138,-0.01986532,33.92222,2113
25,0.2086186,0.1803591,0.9999905,0.1389273,0.1130361,0.9999775,0.1737731,0.1466974,0.9999841,-0.755919,-0.1194655,0.6436729,0,0.040132,0.9729037,0.2277011,0,0.6534342,-0.1979554,0.7306421,0,0.5942173,-1.793761,0.2559186,1,-0.7559188,0.04013197,0.6534339,0,-0.1194655,0.9729037,-0.1979554,0,0.6436727,0.2277011,0.7306417,0,0.07015967,1.663037,-0.9303511,1,1.0,1.0,0.1642842,0.1497052,0.9749867,0.001929993,-0.009895859,-0.01986139,33.93333,2114
25,0.2085558,0.1829379,0.9999419,0.138929,0.1134557,0.9999425,0.1737425,0.1481968,0.9999422,-0.7560985,-0.119013,0.6435456,0,0.04046904,0.9729424,0.2274763,0,0.6532053,-0.1980382,0.730824,0,0.5935524,-1.793974,0.2564733,1,-0.7560985,0.04046907,0.6532055,0,-0.119013,0.9729423,-0.1980382,0,0.6435456,0.2274763,0.730824,0,0.07022562,1.663071,-0.9304238,1,1.0,1.0,0.1642273,0.1511104,0.9747795,0.001930039,-0.009892868,-0.01985909,33.95555,2115
25,0.2085631,0.1849481,1.000094,0.1379804,0.1152922,1.000108,0.1732719,0.1501205,1.000101,-0.7562557,-0.1188654,0.6433881,0,0.04060775,0.9729356,0.2274805,0,0.6530147,-0.19816,0.7309613,0,0.593321,-1.79408,0.2564686,1,-0.7562559,0.04060775,0.6530147,0,-0.1188654,0.9729356,-0.1981599,0,0.643388,0.2274805,0.7309612,0,0.07043973,1.663089,-0.9304307,1,1.0,1.0,0.1637191,0.1528939,0.9745868,0.001930244,-0.009891861,-0.0198589,33.96667,2116
25,0.2081561,0.1858484,0.9998968,0.1379372,0.1145653,0.9999245,0.1730468,0.1502073,0.9999107,-0.7564073,-0.1188991,0.6432039,0,0.04066367,0.9728904,0.2276636,0,0.6528358,-0.1983614,0.7310665,0,0.5930777,-1.794195,0.2563,1,-0.756407,0.04066369,0.6528358,0,-0.1188991,0.9728904,-0.1983614,0,0.6432038,0.2276636,0.7310665,0,0.07042693,1.663088,-0.9304538,1,1.0,1.0,0.1635324,0.153006,0.9746006,0.001935204,-0.009890014,-0.01985857,33.97778,2117
25,0.207983,0.1849599,0.9999031,0.1376506,0.1145137,0.9999375,0.1728168,0.1497376,0.9999203,-0.7566746,-0.1190146,0.6428681,0,0.04066759,0.9728195,0.2279657,0,0.6525258,-0.1986397,0.7312678,0,0.5929319,-1.79424,0.2559421,1,-0.7566743,0.04066757,0.6525257,0,-0.1190146,0.9728195,-0.1986397,0,0.6428678,0.2279657,0.7312676,0,0.07057874,1.663012,-0.9304726,1,1.0,1.0,0.1633244,0.1525717,0.9747035,0.001939422,-0.009890229,-0.01985788,34.0,2118
25,0.2074496,0.1841307,1.00002,0.1379041,0.1147719,1.000037,0.172677,0.1494515,1.000028,-0.7568065,-0.119067,0.642703,0,0.04057408,0.9728152,0.228001,0,0.6523786,-0.1986297,0.7314017,0,0.5929983,-1.794181,0.2559506,1,-0.7568063,0.04057411,0.6523786,0,-0.119067,0.9728151,-0.1986297,0,0.6427029,0.228001,0.7314017,0,0.07065689,1.662989,-0.9304396,1,1.0,1.0,0.1631812,0.1522937,0.974771,0.001943214,-0.009890672,-0.01985731,34.01111,2119
25,0.2061521,0.1850792,0.9998835,0.1372131,0.1129575,0.9999068,0.1716826,0.1490189,0.9998952,-0.7569625,-0.1195701,0.6424257,0,0.03998738,0.9727983,0.2281765,0,0.6522337,-0.19841,0.7315906,0,0.5937747,-1.793858,0.2559087,1,-0.7569625,0.03998734,0.6522336,0,-0.11957,0.9727983,-0.19841,0,0.6424256,0.2281765,0.7315904,0,0.07057129,1.662926,-0.9304196,1,1.0,1.0,0.1622854,0.1519313,0.9749771,0.001944335,-0.009889962,-0.01985735,34.03333,2120
25,0.2066334,0.1852711,0.9998494,0.1360097,0.1126557,0.9998476,0.1713215,0.1489633,0.9998485,-0.757006,-0.1195403,0.64238,0,0.03992658,0.9728226,0.2280834,0,0.652187,-0.1983085,0.7316598,0,0.5937117,-1.793886,0.2562845,1,-0.7570059,0.03992658,0.6521869,0,-0.1195404,0.9728225,-0.1983085,0,0.6423799,0.2280834,0.7316597,0,0.0703695,1.662974,-0.930467,1,1.0,1.0,0.1619568,0.1518938,0.9750376,0.001945222,-0.00988913,-0.01985732,34.04445,2121
25,0.2068968,0.184281,1.000034,0.1360438,0.1121777,1.000008,0.1714702,0.1482289,1.000021,-0.7569947,-0.1192916,0.6424397,0,0.03973611,0.9729698,0.2274878,0,0.6522119,-0.1977351,0.7317928,0,0.5940371,-1.793713,0.2574054,1,-0.7569945,0.03973606,0.6522117,0,-0.1192916,0.9729698,-0.1977351,0,0.6424396,0.2274878,0.7317926,0,0.07034046,1.663067,-0.9304852,1,1.0,1.0,0.1620867,0.1511801,0.9751269,0.001945222,-0.009889076,-0.0198548,34.06667,2122
25,0.2070421,0.1839601,1.000075,0.1354151,0.1120755,1.000057,0.1712286,0.1480175,1.000066,-0.7569789,-0.1192482,0.6424664,0,0.03958881,0.9730316,0.2272495,0,0.6522392,-0.1974575,0.7318435,0,0.5942831,-1.793612,0.2578171,1,-0.7569787,0.0395888,0.652239,0,-0.1192482,0.9730316,-0.1974575,0,0.6424664,0.2272495,0.7318433,0,0.07033591,1.663125,-0.9304584,1,1.0,1.0,0.1618603,0.1509822,0.9751952,0.001945222,-0.009888848,-0.01985188,34.07778,2123
25,0.2069827,0.1849681,1.000225,0.1353557,0.1121383,1.000199,0.171169,0.1485526,1.000212,-0.7569824,-0.1190712,0.642495,0,0.03948668,0.9731246,0.2268684,0,0.6522412,-0.1971054,0.7319365,0,0.5945374,-1.793476,0.2583777,1,-0.7569823,0.03948666,0.6522411,0,-0.1190712,0.9731246,-0.1971054,0,0.6424949,0.2268684,0.7319364,0,0.0704966,1.663182,-0.9304016,1,1.0,1.0,0.1617706,0.1514628,0.9751355,0.001945054,-0.009888848,-0.01985133,34.08889,2124
