flag,xl,yl,zl,xr,yr,zr,xc,yc,zc,mat_00,mat_10,mat_20,mat_30,mat_01,mat_11,mat_21,mat_31,mat_02,mat_12,mat_22,mat_32,mat_03,mat_13,mat_23,mat_33,ctw_00,ctw_10,ctw_20,ctw_30,ctw_01,ctw_11,ctw_21,ctw_31,ctw_02,ctw_12,ctw_22,ctw_32,ctw_03,ctw_13,ctw_23,ctw_33,opennessl,opennessr,ray_x,ray_y,ray_z,eye_x,eye_y,eye_z,time,frame
25,0.2347922,0.1861503,0.999862,0.02897198,0.1622567,0.9999102,0.1318838,0.1742039,0.999886,-0.01013196,0.008353621,-0.9999138,0,-0.06688363,0.9977201,0.009013016,0,-0.9977093,-0.06696919,0.009550095,0,-0.979351,-1.711293,-1.052559,1,-0.01013192,-0.06688362,-0.9977093,0,0.008353625,0.9977201,-0.06696919,0,-0.9999139,0.009013015,0.009550134,0,-1.048095,1.651375,-1.081659,1,1.0,1.0,0.1262859,0.1689384,0.9775028,0.0003659222,-0.001733391,-0.01811534,74.04445,4570
25,0.2345775,0.1864296,0.9997503,0.02751253,0.162117,0.9999345,0.1310515,0.1742744,0.9998423,-0.008799672,0.009516252,-0.9999161,0,-0.06527256,0.9978167,0.01007069,0,-0.9978288,-0.0653557,0.008159399,0,-0.9805923,-1.708393,-1.055818,1,-0.00879976,-0.06527255,-0.9978285,0,0.009516242,0.9978167,-0.06535569,0,-0.9999159,0.0100707,0.008159306,0,-1.048101,1.65129,-1.081501,1,1.0,1.0,0.1254899,0.1690311,0.9775893,0.0003794022,-0.001736534,-0.01811534,74.06667,4571
25,0.2323483,0.1866113,0.9998246,0.02736161,0.1624942,0.9999716,0.1298598,0.1745535,0.9998982,-0.00810039,0.00968913,-0.9999204,0,-0.06502762,0.9978314,0.01019567,0,-0.9978507,-0.06510503,0.007452846,0,-0.9801223,-1.707941,-1.056811,1,-0.008100471,-0.06502762,-0.9978505,0,0.009689115,0.9978314,-0.06510502,0,-0.9999201,0.01019568,0.007452762,0,-1.048117,1.651277,-1.081335,1,1.0,1.0,0.1243479,0.1693075,0.9776874,0.0003828052,-0.001737656,-0.01811765,74.07778,4572
25,0.2328007,0.1867604,1.000012,0.02597989,0.1633296,1.000164,0.1293954,0.175046,1.000088,-0.006514311,0.009077722,-0.9999375,0,-0.06496647,0.9978424,0.00948194,0,-0.9978662,-0.06502418,0.005910516,0,-0.9783117,-1.708561,-1.057587,1,-0.006514319,-0.06496648,-0.9978662,0,0.009077724,0.9978425,-0.06502419,0,-0.9999377,0.00948194,0.005910509,0,-1.048384,1.651345,-1.081071,1,1.0,1.0,0.1238677,0.1697417,0.977673,0.0003906321,-0.001735832,-0.01813212,74.1,4573
25,0.2335033,0.1869215,1.000115,0.02387293,0.1631798,1.000231,0.128692,0.175051,1.000173,-0.005909324,0.008636581,-0.9999452,0,-0.06470892,0.9978636,0.009001002,0,-0.9978867,-0.06475856,0.005337834,0,-0.9780548,-1.708839,-1.057593,1,-0.005909323,-0.06470892,-0.9978867,0,0.008636574,0.9978636,-0.06475856,0,-0.9999453,0.009001009,0.005337835,0,-1.048556,1.651419,-1.081005,1,1.0,1.0,0.1231843,0.1697383,0.97776,0.000397699,-0.001728531,-0.01814888,74.11111,4574
25,0.2347946,0.1867091,0.9998927,0.02336062,0.162803,1.000056,0.1290834,0.174757,0.9999741,-0.005139709,0.008670561,-0.9999492,0,-0.06438927,0.9978844,0.00898361,0,-0.9979117,-0.06443217,0.004570484,0,-0.9777259,-1.708512,-1.058476,1,-0.005139648,-0.06438926,-0.9979115,0,0.008670559,0.9978844,-0.06443217,0,-0.9999492,0.008983616,0.004570543,0,-1.048634,1.651451,-1.080929,1,1.0,1.0,0.1235761,0.1694678,0.9777574,0.0004025809,-0.001711769,-0.01817381,74.13334,4575
25,0.2348981,0.1878285,0.9998921,0.02275494,0.1599667,1.000069,0.128833,0.1738987,0.9999808,-0.00429368,0.008673249,-0.9999532,0,-0.06327122,0.9979565,0.008927604,0,-0.9979872,-0.06330659,0.003736138,0,-0.9786601,-1.707371,-1.059377,1,-0.00429368,-0.06327122,-0.9979872,0,0.008673243,0.9979564,-0.0633066,0,-0.9999532,0.008927609,0.003736139,0,-1.048721,1.651419,-1.08082,1,1.0,1.0,0.1233535,0.1686492,0.977927,0.0004025809,-0.001691628,-0.01819544,74.14445,4576
25,0.2348748,0.1855062,0.9999391,0.02274238,0.160495,1.000045,0.1288123,0.173001,0.9999918,-0.003827214,0.008973638,-0.9999524,0,-0.06276926,0.9979857,0.009196233,0,-0.9980207,-0.06280147,0.003256321,0,-0.9789826,-1.706516,-1.060441,1,-0.003827299,-0.06276926,-0.9980208,0,0.008973635,0.9979857,-0.06280147,0,-0.9999525,0.009196231,0.003256237,0,-1.048824,1.65138,-1.080764,1,1.0,1.0,0.123351,0.1678039,0.9780728,0.0004025809,-0.001684616,-0.01819273,74.15556,4577
25,0.2352514,0.188322,0.9999915,0.02312759,0.1613043,1.000021,0.1291905,0.1748134,1.000006,-0.003319263,0.009738937,-0.9999471,0,-0.06102592,0.9980869,0.009923387,0,-0.9981307,-0.06105563,0.002718568,0,-0.981366,-1.704001,-1.062377,1,-0.003319246,-0.06102592,-0.9981306,0,0.009738933,0.9980869,-0.06105562,0,-0.9999471,0.009923392,0.002718586,0,-1.048983,1.651394,-1.080682,1,1.0,1.0,0.1236708,0.1694849,0.9777425,0.0004025809,-0.001684616,-0.01819273,74.17778,4578
25,0.2333513,0.1882116,0.9998403,0.02249853,0.1614677,0.9998806,0.1279264,0.17484,0.9998605,-0.003107786,0.009599112,-0.9999492,0,-0.0607499,0.9981052,0.009770218,0,-0.9981483,-0.06077717,0.002518773,0,-0.9816426,-1.703957,-1.062205,1,-0.003107806,-0.06074988,-0.9981481,0,0.00959911,0.9981052,-0.06077716,0,-0.9999491,0.009770218,0.002518752,0,-1.048845,1.651471,-1.080711,1,1.0,1.0,0.1225003,0.1695585,0.977877,0.0003929436,-0.001684616,-0.01819273,74.18889,4579
25,0.2346805,0.1875669,1.000071,0.02764477,0.1606969,1.000042,0.1311615,0.1741317,1.000057,-0.002880454,0.008833382,-0.9999568,0,-0.06056326,0.9981239,0.008991648,0,-0.9981602,-0.06058655,0.002340078,0,-0.9818278,-1.704585,-1.061159,1,-0.002880461,-0.06056326,-0.9981602,0,0.008833381,0.9981238,-0.06058655,0,-0.9999568,0.008991648,0.002340072,0,-1.048884,1.651466,-1.080813,1,1.0,1.0,0.1255612,0.1688115,0.977618,0.0003852621,-0.001691193,-0.01816605,74.21111,4580
25,0.2354704,0.1888776,1.000152,0.02746075,0.163581,1.000128,0.1314647,0.176229,1.00014,-0.002940536,0.008319847,-0.9999611,0,-0.06110772,0.9980951,0.008484021,0,-0.9981268,-0.06113029,0.002426505,0,-0.9809668,-1.705723,-1.060274,1,-0.002940514,-0.06110774,-0.9981269,0,0.008319852,0.9980952,-0.0611303,0,-0.9999611,0.008484019,0.002426527,0,-1.048926,1.651525,-1.080828,1,1.0,1.0,0.125806,0.1707712,0.9772461,0.0003786385,-0.001709541,-0.0181216,74.22222,4581
25,0.2346532,0.1878965,0.9999465,0.02724363,0.1642673,0.9999459,0.1309483,0.1760819,0.9999462,-0.002903819,0.007943634,-0.9999643,0,-0.06150575,0.9980738,0.008107223,0,-0.9981026,-0.0615271,0.002409577,0,-0.9802579,-1.70671,-1.059559,1,-0.00290375,-0.06150575,-0.9981025,0,0.007943636,0.9980738,-0.06152709,0,-0.9999642,0.008107224,0.002409646,0,-1.04881,1.651721,-1.080854,1,1.0,1.0,0.1253524,0.1706883,0.9773189,0.0003725886,-0.001719132,-0.01809776,74.23334,4582
25,0.233863,0.1878525,1.000131,0.02875674,0.1633019,1.000131,0.1313096,0.1755775,1.000131,-0.003055811,0.007165898,-0.9999697,0,-0.06187182,0.9980571,0.007341262,0,-0.9980795,-0.06189237,0.002606511,0,-0.9798275,-1.707933,-1.058212,1,-0.003055814,-0.06187181,-0.9980793,0,0.007165893,0.9980571,-0.06189236,0,-0.9999696,0.007341266,0.002606506,0,-1.048935,1.65176,-1.080895,1,1.0,1.0,0.12569,0.1701922,0.977362,0.0003676601,-0.001726814,-0.01807168,74.25555,4583
25,0.2353039,0.1886405,1.000183,0.0291329,0.1618518,1.000095,0.1322154,0.1752456,1.000139,-0.00346148,0.006982606,-0.9999696,0,-0.06189342,0.9980569,0.007183501,0,-0.9980767,-0.06191641,0.003022552,0,-0.9802293,-1.708202,-1.057554,1,-0.003461455,-0.06189343,-0.9980768,0,0.00698261,0.9980569,-0.06191641,0,-0.9999697,0.007183499,0.003022577,0,-1.048988,1.651809,-1.080913,1,1.0,1.0,0.1265537,0.1698684,0.977307,0.0003657304,-0.001731583,-0.01806528,74.26667,4584
25,0.2352914,0.1885307,1.000319,0.02989694,0.1614637,1.000253,0.1325919,0.1749968,1.000286,-0.00369513,0.00631981,-0.9999732,0,-0.06178054,0.9980683,0.006536065,0,-0.9980829,-0.06180304,0.003297567,0,-0.9807276,-1.708789,-1.05633,1,-0.003695147,-0.06178055,-0.998083,0,0.00631981,0.9980685,-0.06180304,0,-0.9999732,0.006536065,0.003297552,0,-1.049126,1.651802,-1.080972,1,1.0,1.0,0.1268979,0.169606,0.9773079,0.0003649592,-0.001731926,-0.01806403,74.28889,4585
25,0.2371977,0.1884764,1.000764,0.03224975,0.1611842,1.000544,0.1347161,0.1748289,1.000654,-0.004868388,0.003899705,-0.9999806,0,-0.06172315,0.9980845,0.004192807,0,-0.9980814,-0.06174236,0.004618287,0,-0.9821509,-1.711455,-1.051262,1,-0.004868314,-0.06172315,-0.9980814,0,0.003899707,0.9980845,-0.06174236,0,-0.9999805,0.004192809,0.00461836,0,-1.049349,1.651963,-1.081081,1,1.0,1.0,0.1288647,0.1693521,0.9770946,0.0003635325,-0.001735626,-0.01805289,74.31111,4586
25,0.237326,0.186745,1.000444,0.03203299,0.1608042,1.000219,0.1346715,0.1737731,1.000332,-0.005844116,0.002931094,-0.9999787,0,-0.06159247,0.998096,0.003285537,0,-0.9980843,-0.06161036,0.005652428,0,-0.9833859,-1.712435,-1.048674,1,-0.005844088,-0.06159247,-0.9980843,0,0.002931095,0.9980959,-0.06161035,0,-0.9999786,0.003285536,0.005652456,0,-1.04938,1.65205,-1.081078,1,1.0,1.0,0.1288865,0.1684285,0.9772514,0.0003625117,-0.00174231,-0.01803761,74.32223,4587
25,0.2355466,0.1864793,1.00025,0.0317844,0.1603414,1.000148,0.133662,0.1734099,1.000199,-0.006232142,0.002050512,-0.9999785,0,-0.06136716,0.9981123,0.002429139,0,-0.9980958,-0.06138098,0.006094456,0,-0.9841447,-1.713267,-1.046775,1,-0.006232054,-0.06136716,-0.9980958,0,0.002050514,0.9981123,-0.06138098,0,-0.9999785,0.002429142,0.006094544,0,-1.049373,1.652181,-1.081053,1,1.0,1.0,0.127962,0.1681379,0.9774228,0.0003581699,-0.001747162,-0.01802709,74.33334,4588
25,0.2357607,0.1869779,1.000235,0.03226765,0.161083,1.000183,0.1340123,0.1740302,1.000209,-0.006891727,0.0009880494,-0.9999759,0,-0.06143331,0.9981102,0.001409585,0,-0.9980875,-0.06144153,0.006817937,0,-0.984822,-1.714437,-1.044447,1,-0.006891657,-0.0614333,-0.9980872,0,0.0009880401,0.9981102,-0.06144153,0,-0.9999756,0.001409598,0.006818002,0,-1.049514,1.652168,-1.081155,1,1.0,1.0,0.12828,0.1687157,0.9772815,0.0003572982,-0.001754875,-0.01802229,74.35556,4589
25,0.2354457,0.1864061,1.00027,0.03172078,0.1569875,1.00016,0.1335794,0.1716959,1.000215,-0.007385612,0.0006744806,-0.9999726,0,-0.06089745,0.9981434,0.00112302,0,-0.9981167,-0.06090407,0.007330775,0,-0.9862734,-1.714154,-1.043509,1,-0.007385561,-0.06089745,-0.9981167,0,0.0006744799,0.9981434,-0.06090407,0,-0.9999724,0.001123024,0.007330825,0,-1.049608,1.652082,-1.081165,1,1.0,1.0,0.1279184,0.166547,0.9777009,0.0003572982,-0.001755745,-0.01802203,74.36667,4590
25,0.2355461,0.1859615,0.9999161,0.03078737,0.1549745,0.999948,0.1331679,0.1704683,0.999932,-0.007293105,0.001096133,-0.9999728,0,-0.06071433,0.998154,0.001536949,0,-0.9981285,-0.06072389,0.007213116,0,-0.9865196,-1.713498,-1.044336,1,-0.007293129,-0.06071433,-0.9981285,0,0.001096133,0.998154,-0.06072389,0,-0.9999728,0.001536947,0.007213091,0,-1.049624,1.652045,-1.081191,1,1.0,1.0,0.1275885,0.1654556,0.9779293,0.0003572982,-0.001759461,-0.01802238,74.37778,4591
25,0.2351057,0.1880807,1.000003,0.03097549,0.154292,0.9999915,0.1330402,0.1711863,0.999997,-0.007652998,0.001536956,-0.9999697,0,-0.06047343,0.9981678,0.001996998,0,-0.9981406,-0.06048687,0.007546067,0,-0.9872227,-1.712731,-1.044629,1,-0.007653032,-0.06047342,-0.9981403,0,0.001536948,0.9981679,-0.06048686,0,-0.9999695,0.001997004,0.00754603,0,-1.04952,1.651978,-1.081102,1,1.0,1.0,0.1274447,0.1661244,0.9778346,0.0003579929,-0.001764954,-0.0180225,74.4,4592
25,0.2350463,0.1866179,0.9998779,0.0298796,0.154091,0.9999186,0.1324643,0.1703547,0.9998982,-0.007465839,0.001615476,-0.9999708,0,-0.05996542,0.9981983,0.002060322,0,-0.9981725,-0.05997905,0.007355571,0,-0.9878373,-1.7121,-1.044876,1,-0.007465894,-0.05996542,-0.9981725,0,0.001615477,0.9981983,-0.05997905,0,-0.9999709,0.002060318,0.007355516,0,-1.049455,1.651932,-1.081037,1,1.0,1.0,0.1269282,0.1653778,0.9780283,0.0003588647,-0.001768753,-0.01802262,74.41111,4593
25,0.2357412,0.1853305,0.9998749,0.03101283,0.1542878,0.9999392,0.1333792,0.1698095,0.9999071,-0.007187724,0.001858644,-0.9999725,0,-0.05970758,0.9982133,0.002284547,0,-0.9981901,-0.05972236,0.007063985,0,-0.987933,-1.711569,-1.045548,1,-0.007187801,-0.05970758,-0.99819,0,0.001858639,0.9982133,-0.05972235,0,-0.9999724,0.002284548,0.007063906,0,-1.049439,1.651913,-1.080978,1,1.0,1.0,0.1277954,0.1648531,0.978004,0.000365587,-0.001775383,-0.0180322,74.42223,4594
25,0.2355936,0.1856628,0.9997936,0.03248538,0.1582542,0.9999239,0.1340441,0.1719592,0.9998587,-0.006579518,0.002111143,-0.9999763,0,-0.05946621,0.9982272,0.002498712,0,-0.9982088,-0.05948123,0.006442308,0,-0.9876952,-1.711077,-1.046561,1,-0.006579512,-0.0594662,-0.9982085,0,0.002111136,0.9982272,-0.05948122,0,-0.999976,0.002498718,0.006442311,0,-1.049422,1.651924,-1.080961,1,1.0,1.0,0.1283746,0.1668596,0.9775878,0.000372421,-0.00178505,-0.01806571,74.44444,4595
25,0.2352708,0.1841516,0.9997718,0.03196894,0.1585567,0.9999627,0.1336265,0.1713555,0.9998673,-0.005280256,0.002856141,-0.999982,0,-0.05876447,0.9982669,0.003161538,0,-0.9982579,-0.0587801,0.00510323,0,-0.9872798,-1.709471,-1.049155,1,-0.005280222,-0.05876447,-0.9982579,0,0.002856142,0.9982669,-0.05878011,0,-0.9999819,0.003161539,0.005103265,0,-1.049466,1.651809,-1.080689,1,1.0,1.0,0.12799,0.1663052,0.9777326,0.0003740154,-0.001788017,-0.01806571,74.46667,4596
25,0.2352498,0.1831317,1.000025,0.03151613,0.1580627,1.00012,0.1333862,0.1705978,1.000072,-0.004826546,0.002959495,-0.999984,0,-0.05874579,0.9982677,0.003237952,0,-0.9982613,-0.05876048,0.004644275,0,-0.9867359,-1.709329,-1.049929,1,-0.004826493,-0.05874579,-0.9982613,0,0.00295949,0.9982677,-0.05876048,0,-0.9999839,0.00323796,0.004644326,0,-1.049616,1.651801,-1.080585,1,1.0,1.0,0.1277542,0.1655709,0.977888,0.0003740154,-0.001788017,-0.01806387,74.47778,4597
25,0.2352862,0.1827838,0.9999393,0.03196947,0.158053,1.000045,0.1336312,0.170419,0.999992,-0.004294515,0.002851911,-0.9999867,0,-0.05868863,0.9982715,0.003099058,0,-0.9982671,-0.05870115,0.004119754,0,-0.9862468,-1.709455,-1.050313,1,-0.004294551,-0.05868862,-0.9982671,0,0.002851905,0.9982715,-0.05870115,0,-0.9999868,0.003099062,0.004119717,0,-1.04966,1.651874,-1.080558,1,1.0,1.0,0.1279994,0.1654124,0.9778829,0.0003740154,-0.001788017,-0.01806019,74.48889,4598
25,0.2351148,0.1845743,0.9997621,0.03260065,0.1578786,0.999824,0.1338598,0.1712269,0.9997931,-0.003776789,0.003233267,-0.9999876,0,-0.05883476,0.9982617,0.003449898,0,-0.9982605,-0.05884706,0.003579974,0,-0.9853767,-1.709241,-1.051338,1,-0.003776768,-0.05883477,-0.9982607,0,0.003233271,0.9982618,-0.05884707,0,-0.9999877,0.003449896,0.003579996,0,-1.04952,1.651922,-1.080483,1,1.0,1.0,0.1282243,0.1661947,0.9777207,0.0003730617,-0.001788506,-0.01805428,74.51112,4599
25,0.2367041,0.1850011,0.9998853,0.03210465,0.1589915,0.9998954,0.1344047,0.1719965,0.9998904,-0.003787875,0.003711963,-0.9999859,0,-0.05880203,0.9982619,0.003928302,0,-0.9982625,-0.05881608,0.003563046,0,-0.985431,-1.708665,-1.052116,1,-0.003787902,-0.05880203,-0.9982626,0,0.003711962,0.9982619,-0.05881609,0,-0.9999861,0.003928301,0.003563021,0,-1.049491,1.651882,-1.080467,1,1.0,1.0,0.1287153,0.1668884,0.977538,0.0003706124,-0.001788239,-0.01804229,74.52222,4600
25,0.2372191,0.1862828,0.9998714,0.031551,0.1582599,0.9998357,0.1343836,0.1722711,0.9998536,-0.003994584,0.003945539,-0.9999843,0,-0.05915842,0.9982399,0.00417497,0,-0.9982406,-0.05917417,0.003754139,0,-0.9850107,-1.708728,-1.052181,1,-0.003994581,-0.05915843,-0.9982406,0,0.003945536,0.9982399,-0.05917417,0,-0.9999843,0.004174973,0.003754141,0,-1.049358,1.651842,-1.08044,1,1.0,1.0,0.1287041,0.1671535,0.9774942,0.0003619771,-0.001788841,-0.0180288,74.53333,4601
25,0.2377764,0.1856529,1.000033,0.03201897,0.1584764,0.9999673,0.1348955,0.1720643,1.0,-0.004738927,0.004467679,-0.9999789,0,-0.0592614,0.9982312,0.004740709,0,-0.9982314,-0.05928262,0.004465818,0,-0.9855694,-1.708189,-1.052264,1,-0.00473896,-0.0592614,-0.9982311,0,0.004467674,0.9982314,-0.05928261,0,-0.9999787,0.004740713,0.004465783,0,-1.04928,1.65175,-1.080393,1,1.0,1.0,0.129176,0.1669265,0.9774708,0.0003598928,-0.001788261,-0.01802583,74.55556,4602
25,0.2385181,0.1877193,1.000082,0.03247214,0.157647,0.9999126,0.1354892,0.172682,0.9999976,-0.005594134,0.004684534,-0.9999734,0,-0.05907463,0.998241,0.005006902,0,-0.9982379,-0.05910107,0.005307555,0,-0.9867704,-1.707784,-1.051707,1,-0.005594133,-0.05907463,-0.9982378,0,0.004684538,0.998241,-0.05910106,0,-0.9999734,0.005006899,0.005307557,0,-1.049199,1.651753,-1.080381,1,1.0,1.0,0.129734,0.167491,0.9773003,0.0003503412,-0.001786797,-0.01801803,74.56667,4603
25,0.238051,0.1877335,0.9999516,0.03686827,0.1583852,0.9999037,0.1374579,0.1730589,0.9999276,-0.005787849,0.004400732,-0.9999737,0,-0.05867976,0.9982656,0.004732845,0,-0.9982602,-0.0587056,0.005519509,0,-0.9877614,-1.707751,-1.050876,1,-0.00578778,-0.05867975,-0.99826,0,0.004400727,0.9982657,-0.0587056,0,-0.9999735,0.004732853,0.005519576,0,-1.04905,1.651802,-1.080497,1,1.0,1.0,0.1315997,0.1678112,0.9769959,0.0003426652,-0.001785828,-0.01801775,74.57778,4604
25,0.2383963,0.1880593,0.9999362,0.03762028,0.1600595,0.9998131,0.138004,0.1740587,0.9998747,-0.007102847,0.005369155,-0.9999604,0,-0.05826672,0.9982843,0.00577403,0,-0.9982758,-0.05830543,0.006777883,0,-0.9898133,-1.706241,-1.051027,1,-0.007102911,-0.05826673,-0.9982758,0,0.005369151,0.9982844,-0.05830543,0,-0.9999604,0.005774032,0.006777818,0,-1.048855,1.651709,-1.080466,1,1.0,1.0,0.1321078,0.168739,0.9767675,0.0003339238,-0.00178511,-0.01801775,74.61111,4605
25,0.2378803,0.1876193,0.9999496,0.03709408,0.159632,0.9998789,0.1374849,0.1736251,0.9999143,-0.007506132,0.005721066,-0.9999555,0,-0.05862233,0.9982613,0.006151421,0,-0.998252,-0.05866589,0.007157683,0,-0.9896095,-1.706182,-1.051156,1,-0.007506118,-0.05862233,-0.9982521,0,0.005721069,0.9982613,-0.0586659,0,-0.9999555,0.00615142,0.0071577,0,-1.048776,1.651668,-1.080451,1,1.0,1.0,0.1316252,0.1683344,0.9769024,0.000331115,-0.001780129,-0.01802075,74.62222,4606
25,0.2378409,0.1850597,0.9997892,0.03742277,0.1586083,0.9997345,0.1376298,0.1718336,0.9997618,-0.007817149,0.005986229,-0.9999515,0,-0.05901757,0.9982362,0.006437331,0,-0.9982263,-0.05906503,0.007449985,0,-0.989301,-1.706306,-1.051073,1,-0.007817065,-0.05901757,-0.9982263,0,0.005986235,0.9982362,-0.05906503,0,-0.9999516,0.006437332,0.007450069,0,-1.048542,1.651677,-1.080499,1,1.0,1.0,0.1318187,0.1666716,0.9771614,0.000331115,-0.001767662,-0.01802583,74.63334,4607
25,0.2361013,0.1841268,0.9996241,0.03718173,0.1575423,0.9996179,0.1366414,0.1708344,0.9996209,-0.007832408,0.006737476,-0.9999467,0,-0.05983553,0.9981823,0.007194264,0,-0.9981776,-0.05988868,0.007415056,0,-0.9878987,-1.706317,-1.051907,1,-0.007832431,-0.05983553,-0.9981774,0,0.006737468,0.9981824,-0.05988868,0,-0.9999466,0.007194269,0.007415029,0,-1.048092,1.651672,-1.080487,1,1.0,1.0,0.1309238,0.1657757,0.9774341,0.000331115,-0.001761833,-0.01802699,74.65556,4608
25,0.2347636,0.1848345,0.9997422,0.03711093,0.1590053,0.9997267,0.1359366,0.1719199,0.9997343,-0.007916212,0.006766289,-0.9999458,0,-0.06006053,0.9981685,0.007229742,0,-0.9981633,-0.06011451,0.007495284,0,-0.9875423,-1.706436,-1.051607,1,-0.007916168,-0.06006053,-0.9981633,0,0.006766293,0.9981686,-0.0601145,0,-0.9999458,0.007229742,0.007495327,0,-1.047821,1.651601,-1.080428,1,1.0,1.0,0.130221,0.166781,0.9773569,0.000331115,-0.001757462,-0.01803584,74.66667,4609
25,0.2342855,0.185802,0.9998522,0.03551572,0.1595889,0.9998258,0.1348997,0.1726954,0.9998391,-0.008069634,0.006931661,-0.9999436,0,-0.05994006,0.9981745,0.007403113,0,-0.9981695,-0.05999641,0.007639408,0,-0.987882,-1.706156,-1.051581,1,-0.008069621,-0.05994005,-0.9981692,0,0.006931654,0.9981745,-0.0599964,0,-0.9999434,0.007403119,0.007639416,0,-1.047667,1.651612,-1.080403,1,1.0,1.0,0.1292092,0.1675077,0.9773669,0.0003353804,-0.001755005,-0.01803575,74.67778,4610
25,0.2346595,0.1834859,0.9999138,0.03526617,0.1607392,0.9998646,0.134961,0.1721123,0.9998891,-0.008369565,0.006889859,-0.9999413,0,-0.05948266,0.9982021,0.007375745,0,-0.9981943,-0.0595409,0.007944703,0,-0.9889407,-1.705694,-1.05102,1,-0.008369577,-0.05948266,-0.9981942,0,0.006889854,0.998202,-0.05954089,0,-0.9999412,0.007375749,0.007944689,0,-1.047483,1.651554,-1.080363,1,1.0,1.0,0.1292662,0.1669453,0.9774557,0.000343347,-0.00174379,-0.01803085,74.7,4611
25,0.2348229,0.183312,0.9999126,0.03522634,0.161089,0.9999349,0.1350252,0.1722004,0.9999237,-0.008320093,0.007468604,-0.9999375,0,-0.05922209,0.9982132,0.007948486,0,-0.9982102,-0.05928452,0.007862926,0,-0.9893267,-1.704789,-1.052079,1,-0.008320097,-0.05922209,-0.9982101,0,0.0074686,0.9982132,-0.05928452,0,-0.9999375,0.007948488,0.007862919,0,-1.047512,1.651516,-1.080351,1,1.0,1.0,0.1293198,0.1670195,0.9774359,0.0003451221,-0.001742737,-0.01802887,74.71111,4612
25,0.2335556,0.1832904,0.9996558,0.03540125,0.1618764,0.9998044,0.1344832,0.1725842,0.9997302,-0.007527113,0.00896582,-0.9999315,0,-0.05867551,0.9982329,0.009392282,0,-0.9982487,-0.05874219,0.006987691,0,-0.9892461,-1.702493,-1.055257,1,-0.007527067,-0.05867552,-0.9982488,0,0.008965828,0.998233,-0.0587422,0,-0.9999315,0.009392278,0.006987739,0,-1.047366,1.651351,-1.080148,1,1.0,1.0,0.128822,0.1674196,0.9774332,0.0003466345,-0.001742668,-0.01802684,74.73334,4613
25,0.2337625,0.1838317,0.9996738,0.03562155,0.1634066,0.9997886,0.1346955,0.1736195,0.9997312,-0.007010221,0.009599138,-0.9999294,0,-0.05831889,0.998248,0.009991851,0,-0.9982734,-0.05838481,0.006438136,0,-0.9892099,-1.701396,-1.056748,1,-0.007010229,-0.05831889,-0.9982734,0,0.009599135,0.9982481,-0.05838481,0,-0.9999294,0.009991854,0.006438128,0,-1.047276,1.651284,-1.080034,1,1.0,1.0,0.129001,0.168384,0.9772439,0.0003474504,-0.001744217,-0.0180199,74.74445,4614
25,0.2332498,0.1837198,0.9997904,0.03541589,0.1640833,0.9999188,0.1343369,0.1739021,0.9998547,-0.006405592,0.01007418,-0.9999287,0,-0.05808672,0.998257,0.01042944,0,-0.998291,-0.05814939,0.005809188,0,-0.9888557,-1.700599,-1.058167,1,-0.006405529,-0.05808672,-0.998291,0,0.01007418,0.998257,-0.05814939,0,-0.9999288,0.01042945,0.005809251,0,-1.047293,1.651231,-1.079907,1,1.0,1.0,0.128641,0.1686384,0.9772474,0.0003486648,-0.001746445,-0.01801576,74.75555,4615
25,0.2324759,0.18289,0.9996358,0.03577885,0.1646176,0.9997975,0.1341325,0.1737545,0.9997167,-0.00477159,0.01160632,-0.9999213,0,-0.0573533,0.9982835,0.011861,0,-0.9983426,-0.05740538,0.0040977,0,-0.9882252,-1.698121,-1.062118,1,-0.004771552,-0.0573533,-0.9983425,0,0.01160632,0.9982835,-0.05740538,0,-0.9999213,0.011861,0.004097739,0,-1.047041,1.651126,-1.079716,1,1.0,1.0,0.1284665,0.1685251,0.9772899,0.0003500674,-0.001744217,-0.01801284,74.77778,4616
25,0.2327434,0.1830916,0.9997723,0.0362825,0.1662433,0.9999139,0.1345175,0.174668,0.9998431,-0.004082084,0.01199571,-0.9999197,0,-0.0571822,0.9982891,0.01220959,0,-0.9983554,-0.05722745,0.003389239,0,-0.9876657,-1.697433,-1.06346,1,-0.004082165,-0.0571822,-0.9983554,0,0.01199571,0.9982891,-0.05722745,0,-0.9999198,0.01220959,0.003389159,0,-1.047045,1.651037,-1.079577,1,1.0,1.0,0.1287946,0.1693503,0.9771041,0.0003518146,-0.001744576,-0.01800936,74.78889,4617
25,0.2344763,0.1846713,0.9999256,0.03630891,0.168087,1.000009,0.1353953,0.1763794,0.9999671,-0.003022313,0.0124926,-0.9999174,0,-0.05691386,0.998299,0.01264441,0,-0.9983745,-0.05694738,0.002306223,0,-0.9868925,-1.696611,-1.065315,1,-0.003022366,-0.05691386,-0.9983745,0,0.0124926,0.9982991,-0.05694737,0,-0.9999174,0.01264441,0.00230617,0,-1.047014,1.651027,-1.079449,1,1.0,1.0,0.1295725,0.1709083,0.9767299,0.0003512725,-0.001745567,-0.01800562,74.81111,4618
25,0.2345271,0.1845835,0.9999419,0.03655171,0.1702868,0.9999579,0.1355396,0.177435,0.9999498,-0.002936602,0.01241767,-0.9999185,0,-0.05692393,0.9982995,0.01256474,0,-0.9983742,-0.05695619,0.002224803,0,-0.9867243,-1.696674,-1.06522,1,-0.00293666,-0.05692393,-0.9983742,0,0.01241767,0.9982994,-0.05695619,0,-0.9999187,0.01256474,0.002224745,0,-1.046963,1.651005,-1.079386,1,1.0,1.0,0.1296889,0.1718891,0.9765423,0.0003512725,-0.001742844,-0.01800266,74.82223,4619
25,0.2346789,0.1839147,0.9996462,0.0366606,0.1719092,0.9996778,0.1356707,0.1779116,0.999662,-0.002799273,0.01275943,-0.9999146,0,-0.05706412,0.9982872,0.01289841,0,-0.9983666,-0.05709536,0.002066374,0,-0.9862996,-1.696465,-1.06568,1,-0.002799274,-0.05706413,-0.9983667,0,0.01275942,0.9982873,-0.05709537,0,-0.9999147,0.01289841,0.002066372,0,-1.046704,1.651023,-1.079347,1,1.0,1.0,0.1298388,0.1723734,0.9764371,0.0003505796,-0.001738815,-0.01799741,74.83334,4620
25,0.2363129,0.1843938,0.9998546,0.03702197,0.1709585,0.999849,0.1366675,0.177676,0.9998518,-0.002857447,0.01311043,-0.99991,0,-0.05729694,0.9982692,0.01325266,0,-0.9983531,-0.05732965,0.002101302,0,-0.9858869,-1.696362,-1.066059,1,-0.002857435,-0.05729694,-0.9983531,0,0.01311043,0.9982693,-0.05732965,0,-0.9999099,0.01325266,0.002101313,0,-1.04654,1.651066,-1.079275,1,1.0,1.0,0.1307676,0.1720977,0.9763618,0.0003438722,-0.001733879,-0.01799352,74.85556,4621
25,0.2426316,0.1842522,0.9999956,0.03928255,0.1699739,0.9999772,0.1409564,0.177113,0.9999865,-0.002947807,0.0131141,-0.9999096,0,-0.05731072,0.9982683,0.01326153,0,-0.9983521,-0.05734463,0.002191067,0,-0.9859639,-1.696396,-1.065951,1,-0.00294775,-0.05731072,-0.9983521,0,0.0131141,0.9982683,-0.05734463,0,-0.9999096,0.01326153,0.002191124,0,-1.046514,1.651088,-1.079283,1,1.0,1.0,0.1348144,0.1714509,0.975925,0.0003327634,-0.001726227,-0.01799307,74.86667,4622
25,0.2415721,0.1834542,0.9999924,0.04059326,0.1700825,0.9999656,0.1410817,0.1767683,0.999979,-0.003224492,0.01320991,-0.9999077,0,-0.05749564,0.9982562,0.0133735,0,-0.9983407,-0.05753344,0.002459407,0,-0.9859564,-1.696537,-1.065756,1,-0.003224541,-0.05749562,-0.9983404,0,0.0132099,0.9982562,-0.05753344,0,-0.9999075,0.01337351,0.002459356,0,-1.046425,1.651143,-1.079307,1,1.0,1.0,0.1349474,0.1711274,0.9759635,0.0003266744,-0.001723503,-0.01798586,74.88889,4623
25,0.2393298,0.1868506,0.9998823,0.04147065,0.1729524,0.9998556,0.1403992,0.1799013,0.999869,-0.003373981,0.01333917,-0.9999054,0,-0.05785897,0.9982333,0.0135121,0,-0.9983191,-0.05789908,0.002596259,0,-0.9854542,-1.696787,-1.065707,1,-0.00337401,-0.05785896,-0.998319,0,0.01333917,0.9982333,-0.05789907,0,-0.9999053,0.0135121,0.002596229,0,-1.046297,1.651172,-1.079273,1,1.0,1.0,0.1342579,0.1740714,0.9755378,0.000317283,-0.001721283,-0.01798861,74.91111,4624
25,0.2385875,0.1866696,0.9999383,0.04220498,0.1741034,0.9999506,0.1403967,0.1803866,0.9999444,-0.003307343,0.01331515,-0.999906,0,-0.0577171,0.9982419,0.01348389,0,-0.9983277,-0.05775626,0.002532959,0,-0.9856451,-1.696654,-1.065678,1,-0.003307284,-0.05771709,-0.9983273,0,0.01331515,0.998242,-0.05775626,0,-0.9999058,0.0134839,0.002533015,0,-1.046246,1.651152,-1.079289,1,1.0,1.0,0.1342392,0.174507,0.9754625,0.000312401,-0.001719284,-0.01799307,74.92223,4625
25,0.238812,0.1880337,0.999876,0.04267862,0.1744847,0.9998538,0.1407444,0.1812591,0.9998649,-0.003434062,0.01351556,-0.9999028,0,-0.05768398,0.998241,0.01369121,0,-0.998329,-0.05772538,0.002648354,0,-0.9858217,-1.69639,-1.065775,1,-0.003434026,-0.05768398,-0.998329,0,0.01351556,0.998241,-0.05772538,0,-0.9999028,0.01369121,0.00264839,0,-1.046129,1.651131,-1.079277,1,1.0,1.0,0.1345566,0.1753212,0.9752728,0.0003122929,-0.001717766,-0.01799563,74.93333,4626
25,0.2396266,0.187766,1.000154,0.04223508,0.1746684,1.000081,0.1409284,0.1812169,1.000117,-0.003798842,0.01343752,-0.9999025,0,-0.05765592,0.9982434,0.01363427,0,-0.9983293,-0.05770209,0.003017426,0,-0.9862765,-1.696544,-1.065334,1,-0.003798852,-0.05765593,-0.9983293,0,0.01343752,0.9982434,-0.0577021,0,-0.9999025,0.01363427,0.003017417,0,-1.04618,1.651224,-1.079308,1,1.0,1.0,0.1346994,0.1752336,0.9752688,0.0003110804,-0.001715813,-0.0179999,74.94444,4627
25,0.2397192,0.188019,1.000147,0.0420645,0.1749329,1.000102,0.1408903,0.1814758,1.000125,-0.004008889,0.01319677,-0.9999049,0,-0.05756272,0.9982519,0.01340574,0,-0.9983339,-0.057611,0.003242254,0,-0.9866087,-1.696588,-1.06497,1,-0.004008905,-0.05756273,-0.9983339,0,0.01319677,0.9982519,-0.057611,0,-0.9999049,0.01340574,0.003242239,0,-1.046435,1.651107,-1.079254,1,1.0,1.0,0.134657,0.1754722,0.9752317,0.0003106687,-0.001713829,-0.01800014,74.96667,4628
25,0.2399331,0.1878654,0.9999862,0.04116622,0.1749172,0.9999831,0.1405495,0.1813912,0.9999847,-0.004024863,0.0132433,-0.9999043,0,-0.0574094,0.9982601,0.0134526,0,-0.9983426,-0.05745804,0.003257513,0,-0.9868798,-1.696369,-1.065021,1,-0.004024805,-0.05740939,-0.9983425,0,0.01324329,0.99826,-0.05745804,0,-0.9999042,0.0134526,0.00325757,0,-1.046425,1.651089,-1.079245,1,1.0,1.0,0.1343554,0.1754232,0.9752822,0.0003115088,-0.001712921,-0.01800014,74.97778,4629
25,0.2390618,0.1897538,0.9997065,0.04054616,0.173693,0.9997195,0.1398044,0.1817235,0.9997131,-0.004013419,0.01392832,-0.999895,0,-0.05733901,0.9982547,0.01413563,0,-0.9983467,-0.05738972,0.003207803,0,-0.986939,-1.695619,-1.066031,1,-0.004013444,-0.05733901,-0.9983467,0,0.01392833,0.9982547,-0.05738972,0,-0.9998949,0.01413563,0.003207778,0,-1.046263,1.651139,-1.079199,1,1.0,1.0,0.1336804,0.1757919,0.9753086,0.0003116764,-0.001711624,-0.01800029,75.0,4630
25,0.2388442,0.186657,0.9998486,0.03990398,0.1746926,0.9998875,0.1393754,0.1806749,0.999868,-0.003819942,0.01401101,-0.9998945,0,-0.05717172,0.9982633,0.01420657,0,-0.9983571,-0.05721997,0.0030123,0,-0.9869902,-1.695335,-1.066268,1,-0.003819967,-0.05717172,-0.998357,0,0.01401101,0.9982632,-0.05721996,0,-0.9998946,0.01420656,0.003012275,0,-1.046173,1.651111,-1.079164,1,1.0,1.0,0.1332783,0.1748001,0.9755418,0.0003138129,-0.001710755,-0.01800601,75.01112,4631
25,0.2384733,0.1902039,0.9999309,0.0399867,0.1745749,0.9999517,0.1392306,0.1823895,0.9999412,-0.003720045,0.01409106,-0.9998939,0,-0.05711774,0.9982653,0.01428061,0,-0.9983606,-0.0571648,0.002908707,0,-0.9869345,-1.695183,-1.066471,1,-0.003720008,-0.05711773,-0.9983603,0,0.01409105,0.9982653,-0.05716479,0,-0.9998937,0.01428061,0.002908741,0,-1.046142,1.651101,-1.079119,1,1.0,1.0,0.1330922,0.1763835,0.9752821,0.0003161393,-0.001710381,-0.01800692,75.03333,4632
25,0.2387916,0.1906305,0.9999954,0.04005769,0.173576,0.9999938,0.1394247,0.1821034,0.9999944,-0.003500462,0.01380082,-0.9998987,0,-0.056892,0.9982825,0.01397769,0,-0.9983742,-0.05693516,0.00270927,0,-0.9869802,-1.695353,-1.066117,1,-0.003500438,-0.056892,-0.9983741,0,0.01380082,0.9982825,-0.05693515,0,-0.9998986,0.01397769,0.002709293,0,-1.046066,1.651191,-1.079012,1,1.0,1.0,0.1332735,0.1761043,0.9753079,0.0003170315,-0.001710259,-0.01800791,75.05556,4633
25,0.2401126,0.1902337,0.9999236,0.04011628,0.1692942,0.9999545,0.1401155,0.1797639,0.999939,-0.003338337,0.01372755,-0.9999002,0,-0.05693115,0.9982814,0.0138954,0,-0.9983726,-0.05697186,0.002551079,0,-0.9867103,-1.695499,-1.066102,1,-0.003338341,-0.05693115,-0.9983725,0,0.01372755,0.9982814,-0.05697185,0,-0.9999002,0.0138954,0.002551075,0,-1.046014,1.651225,-1.07898,1,1.0,1.0,0.1339778,0.1739171,0.9756038,0.0003222749,-0.001702606,-0.01801281,75.06667,4634
25,0.2398273,0.1916548,0.9999098,0.03903525,0.151403,0.9999363,0.139432,0.171529,0.9999231,-0.003047705,0.01411469,-0.9998958,0,-0.05685061,0.9982808,0.01426518,0,-0.9983781,-0.05688816,0.002239943,0,-0.9863977,-1.694756,-1.066997,1,-0.003047611,-0.0568506,-0.9983779,0,0.0141147,0.9982808,-0.05688816,0,-0.9998958,0.01426518,0.002240036,0,-1.045971,1.650986,-1.078819,1,1.0,1.0,0.133498,0.1661576,0.977021,0.0003225785,-0.001613152,-0.01816685,75.08889,4635
25,0.2396877,0.1912446,0.9997946,0.03965257,0.1500446,0.9998968,0.1396734,0.1706455,0.9998457,-0.002664804,0.01474963,-0.9998878,0,-0.05666319,0.9982825,0.01487695,0,-0.9983899,-0.05669647,0.001824498,0,-0.9862851,-1.693917,-1.068454,1,-0.002664835,-0.05666318,-0.9983897,0,0.01474962,0.9982824,-0.05669647,0,-0.9998876,0.01487696,0.001824467,0,-1.045977,1.651017,-1.078787,1,1.0,1.0,0.1337527,0.165335,0.9771256,0.0003225785,-0.001609024,-0.01817563,75.1,4636
25,0.2394899,0.190661,0.999744,0.03959345,0.1477192,0.9998226,0.1395442,0.1691909,0.9997832,-0.002207398,0.01579557,-0.9998729,0,-0.05660553,0.9982701,0.01589522,0,-0.9983942,-0.05663342,0.001309514,0,-0.9857982,-1.692676,-1.07058,1,-0.002207449,-0.05660552,-0.9983941,0,0.01579556,0.99827,-0.05663341,0,-0.9998727,0.01589521,0.001309463,0,-1.045884,1.650963,-1.078675,1,1.0,1.0,0.1336678,0.1639804,0.9773655,0.0003225785,-0.001602516,-0.01819086,75.12222,4637
25,0.239742,0.1918416,0.9999495,0.03965513,0.1462792,0.9999811,0.1396995,0.1690608,0.9999653,-0.002062201,0.01586512,-0.999872,0,-0.0564179,0.9982798,0.01595621,0,-0.9984052,-0.05644358,0.001163602,0,-0.9859545,-1.692419,-1.070834,1,-0.002062226,-0.0564179,-0.998405,0,0.01586511,0.9982797,-0.05644357,0,-0.999872,0.01595621,0.001163578,0,-1.04588,1.650969,-1.078662,1,1.0,1.0,0.1337917,0.1638132,0.9773766,0.0003215782,-0.001592171,-0.01821895,75.13334,4638
25,0.240672,0.1915458,1.000048,0.03926522,0.147637,1.000086,0.1399699,0.1695918,1.000067,-0.001797199,0.01597604,-0.9998707,0,-0.05616555,0.9982924,0.01605177,0,-0.9984198,-0.05618713,0.0008968115,0,-0.9859992,-1.691994,-1.071456,1,-0.001797183,-0.05616554,-0.9984199,0,0.01597604,0.9982924,-0.05618714,0,-0.9998708,0.01605178,0.0008968274,0,-1.046058,1.650925,-1.078549,1,1.0,1.0,0.134021,0.1642798,0.9772668,0.000320496,-0.001587532,-0.01824154,75.15556,4639
25,0.2403818,0.1896216,1.000049,0.03802694,0.1488214,1.000049,0.1392043,0.1692215,1.000049,-0.001690626,0.01544993,-0.9998792,0,-0.05621374,0.9982981,0.01552054,0,-0.9984174,-0.05623318,0.0008192062,0,-0.9857846,-1.692628,-1.070646,1,-0.001690581,-0.05621373,-0.9984173,0,0.01544992,0.998298,-0.05623318,0,-0.9998792,0.01552054,0.0008192508,0,-1.046033,1.650949,-1.078529,1,1.0,1.0,0.1333061,0.1639294,0.9774234,0.0003170241,-0.001571945,-0.01829943,75.16667,4640
25,0.2397991,0.1899024,0.9998628,0.03654127,0.1481898,0.9998764,0.1381706,0.1690462,0.9998696,-0.001582742,0.01523505,-0.9998826,0,-0.05638201,0.998292,0.01530006,0,-0.998408,-0.05639961,0.000721097,0,-0.9853168,-1.693034,-1.07024,1,-0.001582783,-0.056382,-0.998408,0,0.01523504,0.998292,-0.05639961,0,-0.9998828,0.01530006,0.0007210561,0,-1.045881,1.650963,-1.078463,1,1.0,1.0,0.1323542,0.1637888,0.9775764,0.000312835,-0.00155304,-0.01835688,75.17778,4641
25,0.2398967,0.1893083,0.999887,0.03449667,0.1459099,0.9999056,0.1371973,0.1676095,0.9998962,-0.001072645,0.01495852,-0.9998876,0,-0.05591033,0.9983232,0.0149951,0,-0.9984353,-0.05592012,0.0002346039,0,-0.9855913,-1.692908,-1.070159,1,-0.001072738,-0.05591032,-0.9984352,0,0.01495851,0.9983232,-0.05592012,0,-0.9998875,0.01499509,0.0002345108,0,-1.045772,1.651012,-1.078466,1,1.0,1.0,0.1314595,0.1624295,0.9779239,0.0003076326,-0.001529274,-0.01842141,75.2,4642
25,0.2397274,0.1898797,0.999948,0.03229667,0.1434283,0.9999791,0.1360132,0.1666543,0.9999635,-0.0009307861,0.01500769,-0.999887,0,-0.05573391,0.9983324,0.01503623,0,-0.9984453,-0.0557416,9.286404e-05,0,-0.985715,-1.692649,-1.07037,1,-0.0009308528,-0.0557339,-0.9984452,0,0.01500768,0.9983324,-0.0557416,0,-0.9998869,0.01503624,9.2797e-05,0,-1.045763,1.650983,-1.078434,1,1.0,1.0,0.1303507,0.1615184,0.9782231,0.0003023222,-0.00150547,-0.0184834,75.21111,4643
25,0.2396727,0.1896655,0.9999558,0.02964511,0.1410169,1.000055,0.1346624,0.1653423,1.000005,-0.0005550385,0.01542568,-0.9998808,0,-0.05565414,0.9983308,0.01543266,0,-0.9984499,-0.05565608,-0.0003044009,0,-0.9854367,-1.691973,-1.071571,1,-0.0005550287,-0.05565414,-0.9984499,0,0.01542568,0.9983309,-0.05565608,0,-0.9998809,0.01543266,-0.0003043911,0,-1.04589,1.650843,-1.078404,1,1.0,1.0,0.1290913,0.1602691,0.9785955,0.0002968591,-0.001474983,-0.01857239,75.22222,4644
25,0.2391888,0.1889017,0.9996142,0.02758433,0.1395976,0.9997718,0.1333923,0.1642515,0.9996932,2.235174e-05,0.01720257,-0.9998521,0,-0.05543578,0.9983145,0.01717487,0,-0.9984624,-0.0554272,-0.0009759665,0,-0.9851978,-1.689815,-1.075105,1,2.23664e-05,-0.05543578,-0.9984622,0,0.01720257,0.9983145,-0.05542719,0,-0.9998519,0.01717488,-0.0009759518,0,-1.045855,1.650817,-1.078394,1,1.0,1.0,0.127943,0.159273,0.9789089,0.0002913978,-0.001442284,-0.01867826,75.24445,4645
25,0.2391658,0.1875797,0.9995676,0.02640665,0.1393332,0.9996105,0.1327877,0.1634568,0.9995891,7.516146e-05,0.01787936,-0.9998403,0,-0.05517471,0.9983172,0.01784797,0,-0.9984769,-0.05516455,-0.001061559,0,-0.9856189,-1.688928,-1.076002,1,7.51971e-05,-0.0551747,-0.9984766,0,0.01787935,0.9983172,-0.05516454,0,-0.99984,0.01784798,-0.001061523,0,-1.045559,1.650909,-1.078429,1,1.0,1.0,0.1273959,0.1585351,0.9791,0.0002890863,-0.001428139,-0.01872862,75.25555,4646
25,0.2398455,0.1876416,0.999788,0.02540836,0.1384464,0.9998934,0.1326308,0.1630453,0.9998406,0.0005956292,0.01776817,-0.999842,0,-0.05495974,0.9983315,0.01770858,0,-0.9984884,-0.05494051,-0.001571178,0,-0.9854494,-1.68878,-1.076214,1,0.0005956384,-0.05495974,-0.9984884,0,0.01776817,0.9983314,-0.05494051,0,-0.999842,0.01770858,-0.001571169,0,-1.04545,1.65086,-1.078433,1,1.0,1.0,0.127221,0.1580933,0.9791942,0.0002869647,-0.001414055,-0.01878228,75.26667,4647
25,0.2396762,0.1889301,0.9999514,0.02266586,0.1375788,1.000009,0.1311733,0.1632553,0.9999806,0.001208484,0.01714716,-0.9998523,0,-0.05451481,0.9983673,0.0170558,0,-0.9985123,-0.05448615,-0.002141297,0,-0.9855574,-1.688956,-1.075668,1,0.001208496,-0.05451482,-0.9985122,0,0.01714715,0.9983673,-0.05448614,0,-0.9998522,0.0170558,-0.002141285,0,-1.045357,1.650817,-1.078419,1,1.0,1.0,0.1258134,0.1582499,0.9793507,0.0002813581,-0.001382393,-0.01890128,75.28889,4648
25,0.2397074,0.1887231,0.999807,0.01913515,0.1361048,0.9999179,0.1294254,0.1624154,0.9998624,0.001677632,0.01727688,-0.9998494,0,-0.05468419,0.9983562,0.01715932,0,-0.9985023,-0.05464716,-0.002619624,0,-0.9847881,-1.688994,-1.076295,1,0.00167761,-0.05468419,-0.9985023,0,0.01727687,0.9983562,-0.05464716,0,-0.9998493,0.01715932,-0.002619646,0,-1.045301,1.650834,-1.078431,1,1.0,1.0,0.1241815,0.1574557,0.979687,0.0002740175,-0.001342262,-0.01903364,75.3,4649
25,0.2396551,0.1890884,0.999921,0.01699237,0.1334946,0.9999272,0.1283238,0.1612915,0.9999241,0.002003372,0.017564,-0.9998437,0,-0.05528719,0.9983184,0.01742643,0,-0.9984685,-0.05524363,-0.002971053,0,-0.983439,-1.689329,-1.076935,1,0.002003358,-0.05528718,-0.9984685,0,0.01756401,0.9983184,-0.05524363,0,-0.9998438,0.01742643,-0.002971067,0,-1.045126,1.650884,-1.078457,1,1.0,1.0,0.1231454,0.1563613,0.979993,0.0002680887,-0.001304573,-0.01914597,75.32223,4650
25,0.2407162,0.188076,0.9998824,0.01815431,0.1306594,0.9998748,0.129435,0.1593675,0.9998786,0.001870692,0.01790976,-0.9998379,0,-0.05584102,0.9982814,0.0177774,0,-0.9984379,-0.05579871,-0.002867579,0,-0.9826821,-1.689466,-1.077315,1,0.001870695,-0.05584101,-0.9984379,0,0.01790976,0.9982813,-0.05579871,0,-0.9998378,0.0177774,-0.002867576,0,-1.045044,1.65084,-1.078506,1,1.0,1.0,0.1242365,0.1545197,0.9801474,0.0002668761,-0.001285934,-0.01917666,75.33334,4651
25,0.2398202,0.1901999,0.9999049,0.0175783,0.1344898,0.9998868,0.1286986,0.1623446,0.9998958,0.001556933,0.01871338,-0.9998237,0,-0.05654991,0.9982266,0.01859543,0,-0.9983985,-0.05651098,-0.002612412,0,-0.9818343,-1.689269,-1.078242,1,0.001556933,-0.05654991,-0.9983986,0,0.01871338,0.9982266,-0.05651099,0,-0.9998237,0.01859543,-0.002612412,0,-1.044911,1.650801,-1.078541,1,1.0,1.0,0.1234849,0.1573166,0.9797974,0.0002627261,-0.001279144,-0.01918492,75.35556,4652
25,0.2398668,0.1914031,1.000005,0.01756843,0.1348343,0.9999652,0.1287162,0.1631182,0.999985,0.001313984,0.01896727,-0.9998192,0,-0.05657692,0.99822,0.01886257,0,-0.9983974,-0.05654191,-0.002384782,0,-0.9820157,-1.689001,-1.078427,1,0.001314011,-0.05657692,-0.9983973,0,0.01896727,0.9982201,-0.05654191,0,-0.9998193,0.01886258,-0.002384755,0,-1.044906,1.650777,-1.078513,1,1.0,1.0,0.1234756,0.1580206,0.9796852,0.0002622753,-0.001273468,-0.01920037,75.36667,4653
25,0.2391419,0.1913625,0.999996,0.01785201,0.13478,0.9999691,0.128496,0.1630708,0.9999826,0.001259983,0.01870916,-0.9998243,0,-0.05649382,0.9982295,0.01860812,0,-0.9984022,-0.05646044,-0.002314687,0,-0.9822344,-1.689211,-1.07787,1,0.001259966,-0.05649382,-0.9984021,0,0.01870915,0.9982296,-0.05646044,0,-0.999824,0.01860812,-0.002314703,0,-1.044839,1.650788,-1.078533,1,1.0,1.0,0.12327,0.1579771,0.9797182,0.000260314,-0.001270546,-0.0192032,75.37778,4654
