flag,xl,yl,zl,xr,yr,zr,xc,yc,zc,mat_00,mat_10,mat_20,mat_30,mat_01,mat_11,mat_21,mat_31,mat_02,mat_12,mat_22,mat_32,mat_03,mat_13,mat_23,mat_33,ctw_00,ctw_10,ctw_20,ctw_30,ctw_01,ctw_11,ctw_21,ctw_31,ctw_02,ctw_12,ctw_22,ctw_32,ctw_03,ctw_13,ctw_23,ctw_33,opennessl,opennessr,ray_x,ray_y,ray_z,eye_x,eye_y,eye_z,time,frame
25,0.1891338,0.1528548,0.9999994,0.1202773,0.1301899,1.000008,0.1547054,0.1415222,1.000003,0.1409936,-0.05547936,-0.9884549,0,0.03524424,0.998077,-0.05099218,0,-0.989383,0.02764776,-0.1426778,0,-0.7759726,-1.540458,-0.8968334,1,0.1409936,0.03524424,-0.9893829,0,-0.05547936,0.998077,0.02764777,0,-0.9884547,-0.05099217,-0.1426778,0,-0.8625355,1.519113,-0.853102,1,1.0,1.0,0.1469386,0.1337894,0.9800558,0.0005252305,0.001138962,-0.02835461,54.55556,3403
25,0.1891637,0.1526607,1.000023,0.1201955,0.1335323,1.000029,0.1546795,0.1430964,1.000026,0.141135,-0.05565984,-0.9884245,0,0.03533332,0.9980654,-0.05115757,0,-0.9893597,0.02770419,-0.1428286,0,-0.7760227,-1.540564,-0.8967087,1,0.1411349,0.03533331,-0.9893595,0,-0.05565984,0.9980654,0.02770419,0,-0.9884244,-0.05115756,-0.1428285,0,-0.8625523,1.51913,-0.8531609,1,1.0,1.0,0.1468819,0.1352602,0.9798625,0.0005252762,0.001139481,-0.02835052,54.56667,3404
25,0.1893062,0.1525633,0.9999943,0.1207078,0.1333906,0.9999914,0.1550071,0.1429772,0.9999928,0.1411557,-0.05566489,-0.9884213,0,0.03541496,0.9980628,-0.05115029,0,-0.9893538,0.02778473,-0.1428536,0,-0.7761725,-1.540515,-0.8967079,1,0.1411557,0.03541495,-0.9893537,0,-0.05566489,0.9980629,0.02778474,0,-0.9884211,-0.05115029,-0.1428536,0,-0.8625165,1.519152,-0.8532042,1,1.0,1.0,0.1471941,0.1351456,0.9798314,0.000525238,0.001140182,-0.02835019,54.58889,3405
25,0.1898912,0.1533904,1.000062,0.1212659,0.1331035,1.000048,0.1555784,0.1432467,1.000055,0.141025,-0.05590335,-0.9884265,0,0.03532096,0.9980529,-0.05140834,0,-0.9893759,0.0276623,-0.142725,0,-0.7761609,-1.540819,-0.8962078,1,0.141025,0.03532095,-0.9893756,0,-0.05590334,0.9980529,0.02766231,0,-0.9884263,-0.05140834,-0.1427249,0,-0.8625143,1.519161,-0.8532032,1,1.0,1.0,0.1477138,0.1353772,0.9797212,0.0005245665,0.00114241,-0.02834977,54.6,3406
25,0.1889946,0.1535874,0.9999877,0.1216104,0.1329536,0.9999701,0.1553025,0.1432705,0.9999788,0.1408249,-0.05611613,-0.9884428,0,0.03537927,0.9980399,-0.05162043,0,-0.9894021,0.02770095,-0.1425341,0,-0.7765372,-1.540973,-0.8956553,1,0.1408249,0.03537927,-0.9894023,0,-0.05611613,0.9980399,0.02770095,0,-0.9884429,-0.05162044,-0.1425342,0,-0.8624219,1.519192,-0.8532827,1,1.0,1.0,0.147468,0.1354154,0.979753,0.0005240096,0.00114196,-0.02834338,54.61111,3407
25,0.1897377,0.1533508,0.9999496,0.1223361,0.1352862,0.9999431,0.156037,0.1443185,0.9999464,0.1403436,-0.05603008,-0.9885162,0,0.03531412,0.9980455,-0.05155653,0,-0.9894728,0.02767296,-0.142048,0,-0.7769765,-1.54091,-0.8953153,1,0.1403437,0.03531413,-0.9894729,0,-0.05603009,0.9980456,0.02767295,0,-0.9885163,-0.05155653,-0.142048,0,-0.8623275,1.519178,-0.8533334,1,1.0,1.0,0.1481379,0.1363863,0.9795172,0.0005237581,0.001141586,-0.02833818,54.63334,3408
25,0.1897771,0.1533414,0.9999982,0.1224359,0.135161,0.9999835,0.1561065,0.1442512,0.9999909,0.1401526,-0.05607212,-0.9885409,0,0.03518249,0.9980467,-0.05162324,0,-0.9895046,0.0275442,-0.1418517,0,-0.7770432,-1.541078,-0.8950188,1,0.1401527,0.03518249,-0.9895046,0,-0.05607212,0.9980467,0.0275442,0,-0.9885409,-0.05162323,-0.1418516,0,-0.8622696,1.519202,-0.8533999,1,1.0,1.0,0.1481979,0.1363169,0.9795178,0.0005239341,0.001141586,-0.02833644,54.64445,3409
25,0.1909578,0.1534618,0.999865,0.123048,0.1346524,0.9998655,0.1570028,0.1440571,0.9998652,0.1398895,-0.05601554,-0.9885815,0,0.03512361,0.9980509,-0.05158193,0,-0.9895441,0.02750677,-0.1415843,0,-0.777342,-1.54112,-0.8947406,1,0.1398894,0.03512359,-0.9895438,0,-0.05601553,0.9980509,0.02750677,0,-0.9885814,-0.05158193,-0.1415842,0,-0.8621086,1.519267,-0.8535039,1,1.0,1.0,0.1490537,0.1361355,0.9794131,0.000524994,0.001140564,-0.0283325,54.66667,3410
25,0.1909975,0.152843,1.000006,0.122556,0.1345751,0.9999979,0.1567767,0.1437092,1.000002,0.139782,-0.05606197,-0.988594,0,0.03513596,0.998048,-0.05163005,0,-0.9895588,0.02751825,-0.1414789,0,-0.7775026,-1.541161,-0.8945669,1,0.139782,0.03513596,-0.9895587,0,-0.05606196,0.998048,0.02751825,0,-0.988594,-0.05163006,-0.1414789,0,-0.862083,1.519284,-0.8535367,1,1.0,1.0,0.1488337,0.1357996,0.9794933,0.0005235896,0.001139214,-0.02832013,54.67778,3411
25,0.1910122,0.1529361,0.9998767,0.1224031,0.1343132,0.9998819,0.1567077,0.1436248,0.9998794,0.1398239,-0.05593255,-0.9885954,0,0.03511434,0.9980554,-0.05150131,0,-0.9895536,0.02751275,-0.141516,0,-0.7775001,-1.541065,-0.8946995,1,0.1398239,0.03511434,-0.9895536,0,-0.05593255,0.9980555,0.02751276,0,-0.9885953,-0.05150132,-0.141516,0,-0.8619783,1.519292,-0.8535933,1,1.0,1.0,0.1487883,0.1357393,0.9795085,0.0005232468,0.001137955,-0.02831938,54.68889,3412
25,0.191079,0.1536248,0.9999862,0.1224188,0.1342948,0.9999882,0.1567489,0.1439598,0.9999871,0.1399456,-0.05578876,-0.9885864,0,0.0352158,0.9980602,-0.05133821,0,-0.9895329,0.0276293,-0.1416388,0,-0.777608,-1.540809,-0.8950154,1,0.1399455,0.03521579,-0.9895326,0,-0.05578876,0.9980603,0.0276293,0,-0.9885862,-0.05133821,-0.1416387,0,-0.861937,1.519256,-0.8536658,1,1.0,1.0,0.1488051,0.1360395,0.9794644,0.0005234154,0.001136719,-0.02831856,54.71111,3413
25,0.1902375,0.153667,0.9998481,0.1223691,0.1343266,0.999872,0.1563034,0.1439971,0.99986,0.1401705,-0.05532784,-0.9885804,0,0.03514609,0.9980863,-0.05087651,0,-0.9895034,0.02761334,-0.1418468,0,-0.7773499,-1.540432,-0.8958494,1,0.1401705,0.03514608,-0.9895033,0,-0.05532783,0.9980863,0.02761334,0,-0.9885803,-0.05087651,-0.1418468,0,-0.8618863,1.519227,-0.8537272,1,1.0,1.0,0.148407,0.1360999,0.9795163,0.0005239798,0.001135834,-0.02831673,54.72223,3414
25,0.190093,0.1529738,0.9998533,0.1221913,0.1344208,0.9998751,0.1561421,0.1436973,0.9998642,0.1405836,-0.05448121,-0.9885687,0,0.03464165,0.9981441,-0.05008256,0,-0.9894627,0.02720486,-0.1422101,0,-0.77625,-1.540029,-0.8973902,1,0.1405836,0.03464165,-0.9894626,0,-0.05448121,0.9981441,0.02720487,0,-0.9885686,-0.05008256,-0.14221,0,-0.8619064,1.519118,-0.853792,1,1.0,1.0,0.1482607,0.1358227,0.9795769,0.0005251458,0.001135605,-0.02831682,54.74445,3415
25,0.1900312,0.1550013,0.9999842,0.1219618,0.13365,0.9999866,0.1559964,0.1443256,0.9999854,0.1405483,-0.05423632,-0.9885872,0,0.03456131,0.9981586,-0.04984783,0,-0.9894704,0.02716084,-0.1421641,0,-0.7761987,-1.539829,-0.8977366,1,0.1405483,0.03456131,-0.9894704,0,-0.05423633,0.9981587,0.02716084,0,-0.9885871,-0.04984783,-0.142164,0,-0.8619121,1.51907,-0.8538284,1,1.0,1.0,0.1480945,0.1364013,0.9795217,0.0005269861,0.001131447,-0.02831642,54.75556,3416
25,0.1900471,0.1547444,0.9997866,0.1210769,0.1331073,0.999794,0.1555619,0.1439259,0.9997903,0.1405717,-0.05393104,-0.9886007,0,0.03443732,0.9981774,-0.04955675,0,-0.9894715,0.02707848,-0.1421727,0,-0.7760535,-1.539706,-0.8980324,1,0.1405716,0.03443731,-0.9894713,0,-0.05393103,0.9981775,0.02707848,0,-0.9886004,-0.04955675,-0.1421727,0,-0.861742,1.519122,-0.8538654,1,1.0,1.0,0.1477239,0.1360607,0.979625,0.0005273363,0.001131447,-0.02831642,54.76667,3417
25,0.1896757,0.1541332,0.9998187,0.121894,0.1330131,0.999828,0.1557848,0.1435731,0.9998234,0.1408141,-0.05389369,-0.9885681,0,0.03459774,0.9981753,-0.04948925,0,-0.9894314,0.02723344,-0.1424217,0,-0.7761818,-1.539549,-0.89811,1,0.1408141,0.03459774,-0.9894313,0,-0.05389368,0.9981753,0.02723344,0,-0.9885679,-0.04948925,-0.1424217,0,-0.8615174,1.519147,-0.8539616,1,1.0,1.0,0.1479344,0.1357221,0.9796402,0.0005272292,0.001131905,-0.02831463,54.78889,3418
25,0.1902126,0.1545556,0.9999459,0.1215777,0.1327617,0.9999427,0.1558952,0.1436585,0.9999442,0.1407589,-0.05380518,-0.9885808,0,0.03439396,0.9981852,-0.04943073,0,-0.9894464,0.02704338,-0.1423541,0,-0.7759886,-1.539638,-0.8980945,1,0.1407589,0.03439395,-0.9894462,0,-0.05380518,0.9981853,0.02704339,0,-0.9885806,-0.04943074,-0.142354,0,-0.861452,1.51914,-0.8540093,1,1.0,1.0,0.14802,0.1357852,0.9796185,0.0005262299,0.001131905,-0.02831104,54.8,3419
25,0.1902059,0.1558011,0.9999338,0.1214524,0.1312832,0.9999425,0.1558291,0.1435422,0.9999382,0.1408426,-0.05365998,-0.9885769,0,0.0342948,0.9981952,-0.04929609,0,-0.9894379,0.02696005,-0.1424286,0,-0.7758045,-1.539575,-0.8983287,1,0.1408425,0.0342948,-0.9894378,0,-0.05365998,0.9981953,0.02696005,0,-0.9885766,-0.04929609,-0.1424286,0,-0.861414,1.519118,-0.854051,1,1.0,1.0,0.1479621,0.1356788,0.979642,0.0005260389,0.001131905,-0.02830817,54.81111,3420
25,0.189753,0.1547413,1.000159,0.1229022,0.1313998,1.000157,0.1563275,0.1430706,1.000158,0.1408068,-0.05365127,-0.9885823,0,0.03424907,0.9981969,-0.04929485,0,-0.9894446,0.02691698,-0.1423904,0,-0.7758957,-1.539531,-0.8983827,1,0.1408068,0.03424908,-0.9894444,0,-0.05365127,0.998197,0.02691698,0,-0.9885823,-0.04929486,-0.1423904,0,-0.8614716,1.519043,-0.8541872,1,1.0,1.0,0.1484075,0.1352006,0.9796407,0.0005239258,0.001131645,-0.02830623,54.83334,3421
25,0.1895443,0.1537213,0.9999521,0.1223705,0.1308498,0.9999478,0.1559575,0.1422854,0.9999501,0.1406465,-0.05341699,-0.9886179,0,0.03439242,0.9982044,-0.04904211,0,-0.9894624,0.02710336,-0.142231,0,-0.776279,-1.539178,-0.8986238,1,0.1406464,0.03439242,-0.9894623,0,-0.05341699,0.9982044,0.02710336,0,-0.9886177,-0.04904211,-0.142231,0,-0.8614328,1.519042,-0.8541941,1,1.0,1.0,0.1481099,0.1344973,0.9797825,0.0005204473,0.001134735,-0.0283031,54.84444,3422
25,0.1913381,0.1543735,0.999972,0.1218428,0.1315545,0.9999636,0.1565905,0.1429638,0.9999677,0.1405709,-0.05356444,-0.9886206,0,0.03432265,0.9981989,-0.0492031,0,-0.9894756,0.02701555,-0.1421562,0,-0.7764562,-1.53937,-0.8981414,1,0.1405709,0.03432264,-0.9894754,0,-0.05356444,0.9981989,0.02701555,0,-0.9886206,-0.04920311,-0.1421561,0,-0.8612294,1.519056,-0.8543737,1,1.0,1.0,0.1486865,0.1351174,0.97961,0.0005183332,0.001134735,-0.02830183,54.86667,3423
25,0.1906902,0.1541133,0.9999801,0.1197643,0.1325389,0.9999735,0.1552272,0.143326,0.9999768,0.1404871,-0.05358265,-0.9886315,0,0.03429912,0.9981985,-0.04922718,0,-0.9894882,0.02699341,-0.1420719,0,-0.7765796,-1.539401,-0.8980026,1,0.1404872,0.03429913,-0.9894882,0,-0.05358266,0.9981986,0.02699341,0,-0.9886316,-0.04922718,-0.1420719,0,-0.8611795,1.519057,-0.8544436,1,1.0,1.0,0.1474141,0.1354816,0.9797519,0.0005126037,0.001134773,-0.02829663,54.87778,3424
25,0.190723,0.1547718,0.9999943,0.1199324,0.1326579,0.9999821,0.1553274,0.1437145,0.9999882,0.140313,-0.05356495,-0.9886573,0,0.03405461,0.9982058,-0.04924916,0,-0.9895214,0.02675803,-0.1418854,0,-0.7765949,-1.539626,-0.8976269,1,0.140313,0.0340546,-0.9895213,0,-0.05356495,0.9982059,0.02675803,0,-0.9886571,-0.04924916,-0.1418854,0,-0.8609489,1.519103,-0.8546199,1,1.0,1.0,0.1474988,0.135842,0.9796892,0.0005126037,0.001134773,-0.02829418,54.9,3425
25,0.1904104,0.1539316,0.9998099,0.1196098,0.1325316,0.9998068,0.1550101,0.1432316,0.9998084,0.1402497,-0.05345641,-0.9886721,0,0.03392303,0.9982147,-0.04916016,0,-0.9895349,0.02664405,-0.1418127,0,-0.7765823,-1.539668,-0.897523,1,0.1402497,0.03392303,-0.9895348,0,-0.05345641,0.9982146,0.02664405,0,-0.988672,-0.04916016,-0.1418127,0,-0.8607457,1.519141,-0.8547124,1,1.0,1.0,0.1472378,0.1354196,0.9797871,0.0005126037,0.001134888,-0.02828757,54.91111,3426
25,0.1907781,0.1540886,0.9998231,0.1195779,0.1333434,0.9998206,0.155178,0.1437159,0.9998218,0.1402215,-0.05352632,-0.9886723,0,0.0338704,0.9982126,-0.04923905,0,-0.9895408,0.02658235,-0.1417838,0,-0.7767519,-1.539796,-0.8971397,1,0.1402215,0.0338704,-0.9895406,0,-0.05352631,0.9982125,0.02658236,0,-0.9886723,-0.04923905,-0.1417838,0,-0.8604793,1.519178,-0.8548961,1,1.0,1.0,0.1473833,0.1358686,0.9797029,0.0005130693,0.00113485,-0.02828469,54.93333,3427
25,0.1905172,0.1534246,0.9998373,0.1195352,0.133218,0.9998583,0.1550262,0.1433214,0.9998478,0.1404619,-0.05330437,-0.9886502,0,0.03376118,0.9982268,-0.04902411,0,-0.9895104,0.02649198,-0.1420124,0,-0.7764312,-1.539688,-0.8975567,1,0.1404618,0.03376118,-0.9895103,0,-0.05330436,0.9982269,0.02649198,0,-0.9886501,-0.04902411,-0.1420124,0,-0.8603827,1.51917,-0.8549615,1,1.0,1.0,0.1472447,0.1355004,0.9797748,0.0005147019,0.001133904,-0.02828085,54.94445,3428
25,0.1906173,0.1536819,1.000019,0.120133,0.1325375,1.000016,0.155375,0.1431095,1.000018,0.1404008,-0.05327382,-0.9886606,0,0.03379838,0.9982273,-0.04898958,0,-0.9895178,0.02653694,-0.1419525,0,-0.7766008,-1.539591,-0.8975803,1,0.1404008,0.03379837,-0.9895176,0,-0.05327381,0.9982272,0.02653694,0,-0.9886604,-0.04898958,-0.1419524,0,-0.8603867,1.519138,-0.8550178,1,1.0,1.0,0.1475505,0.1352743,0.9797601,0.0005149841,0.001133904,-0.02827962,54.95556,3429
25,0.190101,0.1537271,0.999957,0.1210013,0.1322367,0.9999552,0.1555511,0.1429819,0.9999561,0.1405016,-0.05294698,-0.9886637,0,0.03356968,0.9982497,-0.04868967,0,-0.9895112,0.02634815,-0.142033,0,-0.7763372,-1.539448,-0.8981362,1,0.1405016,0.03356968,-0.9895112,0,-0.05294697,0.9982496,0.02634815,0,-0.9886637,-0.04868967,-0.142033,0,-0.8603872,1.519085,-0.8551977,1,1.0,1.0,0.1477233,0.1351593,0.9797498,0.0005174177,0.001134071,-0.02827862,54.97778,3430
25,0.1897393,0.1536375,1.000074,0.122506,0.1304156,1.000077,0.1561225,0.1420264,1.000076,0.1406065,-0.05304326,-0.9886436,0,0.03333205,0.9982514,-0.0488182,0,-0.9895043,0.02608935,-0.1421286,0,-0.7759367,-1.539704,-0.8980771,1,0.1406065,0.03333204,-0.9895043,0,-0.05304326,0.9982514,0.02608936,0,-0.9886436,-0.04881821,-0.1421286,0,-0.8604474,1.519033,-0.8552654,1,1.0,1.0,0.1482547,0.1342384,0.9797962,0.0005203327,0.001135429,-0.02827927,54.98889,3431
25,0.1904531,0.1536252,0.9999859,0.1224994,0.1298855,0.9999896,0.1564762,0.1417554,0.9999877,0.1408129,-0.05293906,-0.9886199,0,0.03307581,0.9982635,-0.04874435,0,-0.9894836,0.02583556,-0.1423194,0,-0.7754862,-1.539804,-0.8982468,1,0.1408129,0.0330758,-0.9894835,0,-0.05293906,0.9982635,0.02583557,0,-0.9886197,-0.04874435,-0.1423194,0,-0.8603419,1.518996,-0.8553871,1,1.0,1.0,0.1486001,0.1339889,0.9797781,0.0005220333,0.001135506,-0.02827906,55.01111,3432
25,0.1890958,0.1520781,0.9999303,0.1232443,0.1291467,0.999938,0.1561699,0.1406124,0.9999341,0.1409333,-0.05293152,-0.9886031,0,0.03301571,0.9982656,-0.04874221,0,-0.9894684,0.02577002,-0.1424365,0,-0.7753195,-1.539864,-0.8982881,1,0.1409334,0.03301571,-0.9894685,0,-0.05293152,0.9982656,0.02577003,0,-0.9886031,-0.04874222,-0.1424365,0,-0.8602894,1.519007,-0.8554208,1,1.0,1.0,0.1483436,0.1329316,0.9799609,0.0005222782,0.001135429,-0.02827864,55.02222,3433
25,0.1890098,0.1516864,0.9998542,0.1233321,0.1282004,0.9998721,0.1561709,0.1399434,0.9998631,0.1411888,-0.05286321,-0.9885703,0,0.03292669,0.9982716,-0.04867935,0,-0.9894351,0.02567736,-0.1426854,0,-0.7750531,-1.539904,-0.8984786,1,0.1411888,0.03292668,-0.9894349,0,-0.05286321,0.9982716,0.02567737,0,-0.9885703,-0.04867935,-0.1426854,0,-0.8601848,1.519025,-0.8555236,1,1.0,1.0,0.1483668,0.1323151,0.9800408,0.000522553,0.001134453,-0.02827645,55.03333,3434
25,0.1890612,0.1519757,0.9999307,0.1231304,0.1281887,0.9999411,0.1560959,0.1400823,0.9999358,0.1412879,-0.05271993,-0.9885639,0,0.03246886,0.9982905,-0.04859813,0,-0.989436,0.0252312,-0.1427581,0,-0.7744461,-1.540184,-0.8984544,1,0.1412879,0.03246884,-0.9894358,0,-0.05271992,0.9982905,0.0252312,0,-0.9885637,-0.04859812,-0.1427581,0,-0.8599579,1.519034,-0.8556656,1,1.0,1.0,0.1482839,0.1324384,0.9800367,0.000522553,0.001133827,-0.02827645,55.05556,3435
25,0.1891959,0.1513403,0.9999368,0.123888,0.1268716,0.999935,0.1565418,0.1391057,0.9999359,0.1413156,-0.05277981,-0.9885566,0,0.0321675,0.9982952,-0.04870138,0,-0.9894419,0.02491713,-0.1427726,0,-0.7740832,-1.540531,-0.8982269,1,0.1413156,0.03216749,-0.9894418,0,-0.05277981,0.9982952,0.02491713,0,-0.9885566,-0.04870137,-0.1427725,0,-0.859867,1.51906,-0.8557668,1,1.0,1.0,0.1487186,0.1315167,0.980095,0.0005225986,0.001132942,-0.02827294,55.06667,3436
25,0.1891198,0.1501118,1.000054,0.1242076,0.12634,1.000058,0.1566636,0.1382259,1.000056,0.1414666,-0.05291336,-0.988528,0,0.03174683,0.9982994,-0.04889316,0,-0.9894339,0.02446588,-0.1429058,0,-0.7734897,-1.540997,-0.8980189,1,0.1414665,0.03174682,-0.9894337,0,-0.05291335,0.9982994,0.02446588,0,-0.9885278,-0.04889316,-0.1429058,0,-0.8598331,1.519025,-0.855947,1,1.0,1.0,0.1488318,0.1306751,0.9801903,0.0005227812,0.001133644,-0.02827055,55.08889,3437
25,0.1888029,0.1505845,0.9999534,0.1243935,0.1272502,0.9999486,0.1565981,0.1389172,0.9999509,0.1414049,-0.05294285,-0.9885352,0,0.03169834,0.998299,-0.04893149,0,-0.9894443,0.02441577,-0.1428425,0,-0.7735171,-1.541072,-0.8978484,1,0.1414048,0.03169833,-0.9894441,0,-0.05294285,0.9982991,0.02441577,0,-0.988535,-0.04893149,-0.1428425,0,-0.8597643,1.519037,-0.8559763,1,1.0,1.0,0.1487707,0.1313383,0.9801109,0.0005250406,0.001132263,-0.02826852,55.1,3438
25,0.1885942,0.1511455,0.9999142,0.124957,0.1269882,0.9999213,0.1567757,0.139067,0.9999177,0.1414509,-0.05293788,-0.9885289,0,0.031983,0.9982923,-0.04888421,0,-0.9894286,0.0247014,-0.1429024,0,-0.7739953,-1.540796,-0.8979626,1,0.1414509,0.03198299,-0.9894283,0,-0.05293787,0.9982922,0.0247014,0,-0.9885287,-0.04888421,-0.1429024,0,-0.8597459,1.519023,-0.856074,1,1.0,1.0,0.1489377,0.1314845,0.980066,0.0005258946,0.001127266,-0.02826399,55.12222,3439
25,0.1881334,0.1517611,1.000059,0.1245974,0.1268772,1.000047,0.1563654,0.1393192,1.000053,0.141408,-0.05322576,-0.9885196,0,0.03180103,0.9982824,-0.04920229,0,-0.9894406,0.02447833,-0.1428578,0,-0.7737842,-1.541193,-0.8974335,1,0.141408,0.03180102,-0.9894404,0,-0.05322576,0.9982825,0.02447834,0,-0.9885194,-0.04920229,-0.1428577,0,-0.8597423,1.518997,-0.8560929,1,1.0,1.0,0.1485321,0.1317139,0.9800968,0.0005266499,0.001125649,-0.02825767,55.13334,3440
25,0.1880731,0.1517679,0.9999787,0.1247211,0.1279994,0.9999619,0.156397,0.1398835,0.9999703,0.1412613,-0.05329134,-0.9885371,0,0.03186037,0.9982775,-0.04926362,0,-0.9894596,0.0245361,-0.1427159,0,-0.7741696,-1.541219,-0.8970025,1,0.1412613,0.03186037,-0.9894595,0,-0.05329133,0.9982775,0.02453611,0,-0.9885368,-0.04926362,-0.1427158,0,-0.8594934,1.51904,-0.8562104,1,1.0,1.0,0.1485622,0.1322533,0.9800195,0.000527313,0.00112487,-0.02825576,55.15556,3441
25,0.1869217,0.1528978,0.999795,0.1255241,0.1274261,0.9998035,0.1562228,0.1401618,0.9997991,0.1414117,-0.05335907,-0.9885117,0,0.03199123,0.9982711,-0.04930936,0,-0.9894338,0.02465079,-0.1428742,0,-0.7743028,-1.541157,-0.8968636,1,0.1414117,0.03199124,-0.9894338,0,-0.05335907,0.998271,0.02465078,0,-0.9885118,-0.04930935,-0.1428743,0,-0.8592994,1.519039,-0.8562694,1,1.0,1.0,0.1484168,0.1325394,0.9800029,0.0005292967,0.001124214,-0.02825393,55.16667,3442
25,0.1861742,0.1532914,0.9998973,0.125325,0.1273841,0.9999074,0.1557496,0.1403378,0.9999023,0.1416008,-0.05338377,-0.9884834,0,0.03187877,0.9982729,-0.0493458,0,-0.9894105,0.02452422,-0.1430581,0,-0.773964,-1.541297,-0.8968664,1,0.1416008,0.03187876,-0.9894103,0,-0.05338376,0.9982729,0.02452422,0,-0.9884834,-0.04934581,-0.1430581,0,-0.8592239,1.519051,-0.8562729,1,1.0,1.0,0.1479574,0.1326994,0.9800507,0.00052932,0.001124176,-0.02825659,55.17778,3443
25,0.1858911,0.1545316,0.9998761,0.1261167,0.1261308,0.9998842,0.1560038,0.1403313,0.9998803,0.1417587,-0.05314734,-0.9884735,0,0.03167089,0.99829,-0.04913316,0,-0.9893945,0.02434078,-0.1431995,0,-0.7737039,-1.541357,-0.8968995,1,0.1417587,0.03167089,-0.9893944,0,-0.05314734,0.99829,0.02434078,0,-0.9884735,-0.04913317,-0.1431995,0,-0.8588012,1.519158,-0.856416,1,1.0,1.0,0.1481953,0.1326912,0.9800159,0.0005305791,0.001123657,-0.02826547,55.2,3444
25,0.1859027,0.1537398,0.9997455,0.1267496,0.125916,0.9997532,0.1563261,0.139828,0.9997494,0.1418345,-0.05306851,-0.9884669,0,0.03180707,0.9982907,-0.04903195,0,-0.9893793,0.02448581,-0.14328,0,-0.7739037,-1.541183,-0.8968927,1,0.1418345,0.03180707,-0.9893792,0,-0.05306851,0.9982906,0.02448581,0,-0.9884669,-0.04903195,-0.14328,0,-0.8585708,1.519188,-0.856454,1,1.0,1.0,0.1485222,0.1322311,0.9800286,0.0005320972,0.001122627,-0.02826271,55.21111,3445
25,0.1861257,0.1546674,0.9997848,0.1274898,0.1264974,0.9998024,0.1568078,0.1405826,0.9997936,0.1422478,-0.05318545,-0.9884012,0,0.03178059,0.998286,-0.04914358,0,-0.9893208,0.02442141,-0.1436942,0,-0.7735642,-1.541293,-0.8967574,1,0.1422478,0.03178059,-0.9893208,0,-0.05318544,0.9982859,0.0244214,0,-0.9884011,-0.04914358,-0.1436942,0,-0.8582926,1.519166,-0.8565215,1,1.0,1.0,0.1489491,0.132926,0.9798698,0.0005344087,0.001119911,-0.02825997,55.23333,3446
25,0.1861889,0.1530288,0.9998927,0.1279303,0.1264836,0.9998892,0.1570597,0.1397561,0.9998909,0.1422507,-0.0533004,-0.9883946,0,0.0316975,0.9982823,-0.04927168,0,-0.989323,0.0243207,-0.1436958,0,-0.7735041,-1.541481,-0.8964311,1,0.1422507,0.0316975,-0.9893231,0,-0.0533004,0.9982823,0.02432071,0,-0.9883945,-0.04927168,-0.1436958,0,-0.8581576,1.519183,-0.8565689,1,1.0,1.0,0.1491846,0.1321357,0.9799409,0.0005357293,0.001119782,-0.02825945,55.24445,3447
25,0.1870211,0.1522399,0.9998599,0.1287123,0.1256671,0.9998689,0.1578668,0.1389537,0.9998643,0.1425493,-0.05301724,-0.9883668,0,0.0315933,0.9982993,-0.04899342,0,-0.9892834,0.02424178,-0.1439819,0,-0.7731546,-1.541324,-0.8968292,1,0.1425493,0.03159329,-0.9892832,0,-0.05301724,0.9982993,0.02424179,0,-0.9883667,-0.04899343,-0.1439818,0,-0.8579003,1.519191,-0.8566315,1,1.0,1.0,0.1499553,0.1313728,0.9799258,0.0005362863,0.001119057,-0.02825813,55.26667,3448
25,0.1881296,0.1523833,0.9998959,0.1293102,0.1250803,0.9998943,0.1587196,0.1387316,0.9998951,0.1425232,-0.05303945,-0.9883694,0,0.03167374,0.9982962,-0.04900479,0,-0.9892846,0.02432103,-0.1439603,0,-0.7733706,-1.54127,-0.8966856,1,0.1425232,0.03167373,-0.9892845,0,-0.05303944,0.9982961,0.02432104,0,-0.9883693,-0.04900479,-0.1439603,0,-0.8577815,1.519198,-0.8566852,1,1.0,1.0,0.1507493,0.1311458,0.9798344,0.0005367361,0.00111895,-0.02825639,55.27778,3449
25,0.1883609,0.1509775,0.9997877,0.1297809,0.1247227,0.9998104,0.1590708,0.13785,0.9997991,0.1427555,-0.05269483,-0.9883543,0,0.03164789,0.9983141,-0.04865471,0,-0.9892519,0.02433359,-0.1441826,0,-0.7731619,-1.540978,-0.8972781,1,0.1427556,0.03164788,-0.9892519,0,-0.05269483,0.9983141,0.0243336,0,-0.9883543,-0.04865471,-0.1441825,0,-0.8576571,1.519192,-0.8567262,1,1.0,1.0,0.1511068,0.130326,0.9798887,0.0005371477,0.001118462,-0.02825214,55.28889,3450
25,0.1890236,0.1506742,0.9998691,0.129786,0.1245027,0.9998737,0.1594049,0.1375884,0.9998714,0.1428167,-0.05209994,-0.988377,0,0.0315771,0.9983451,-0.04806262,0,-0.9892454,0.02434592,-0.1442255,0,-0.7730787,-1.540416,-0.8980016,1,0.1428167,0.03157709,-0.9892453,0,-0.05209994,0.998345,0.02434593,0,-0.9883768,-0.04806262,-0.1442255,0,-0.857411,1.519118,-0.8567764,1,1.0,1.0,0.1514131,0.1300673,0.9798759,0.0005371477,0.001117699,-0.02824609,55.31111,3451
25,0.18911,0.1500383,0.9997951,0.1287246,0.1250758,0.9998082,0.1589171,0.1375571,0.9998016,0.1428244,-0.0515929,-0.9884025,0,0.03154274,0.9983705,-0.04755528,0,-0.9892453,0.02438486,-0.144219,0,-0.7730567,-1.539963,-0.8986606,1,0.1428243,0.03154273,-0.9892453,0,-0.05159289,0.9983703,0.02438487,0,-0.9884024,-0.04755528,-0.144219,0,-0.8572782,1.519102,-0.8567949,1,1.0,1.0,0.150971,0.1300572,0.9799454,0.0005366364,0.001116859,-0.02823955,55.32222,3452
25,0.1892866,0.150921,0.9999761,0.1237978,0.1226203,0.9999675,0.1565421,0.1367705,0.9999719,0.1427707,-0.05152902,-0.9884136,0,0.03173378,0.9983687,-0.04746426,0,-0.989247,0.02458959,-0.144173,0,-0.7733039,-1.539606,-0.8988757,1,0.1427707,0.03173377,-0.9892468,0,-0.05152902,0.9983687,0.02458959,0,-0.9884134,-0.04746426,-0.144173,0,-0.8573901,1.51897,-0.8567237,1,1.0,1.0,0.14876,0.1293377,0.9803786,0.0005245749,0.001122665,-0.02823616,55.34444,3453
25,0.1893022,0.1494972,0.9999019,0.1236664,0.1222575,0.9999079,0.1564842,0.1358771,0.9999049,0.1427473,-0.05127254,-0.9884303,0,0.03178471,0.9983797,-0.04719836,0,-0.9892488,0.02467953,-0.1441457,0,-0.7734253,-1.539328,-0.8992082,1,0.1427473,0.0317847,-0.9892485,0,-0.05127253,0.9983796,0.02467953,0,-0.9884302,-0.04719835,-0.1441457,0,-0.8573254,1.518975,-0.856737,1,1.0,1.0,0.1487368,0.1285108,0.9804909,0.0005219728,0.001123322,-0.02821864,55.35556,3454
25,0.1913107,0.149447,0.9999397,0.1236486,0.1238326,0.9999366,0.1574796,0.1366397,0.9999381,0.1427254,-0.05116588,-0.9884389,0,0.03183525,0.9983835,-0.04708381,0,-0.9892502,0.02474714,-0.1441236,0,-0.7735909,-1.539182,-0.8991359,1,0.1427255,0.03183525,-0.9892502,0,-0.05116588,0.9983835,0.02474715,0,-0.988439,-0.04708381,-0.1441236,0,-0.8570834,1.518987,-0.8567712,1,1.0,1.0,0.1496467,0.1292022,0.9802615,0.0005212715,0.001124573,-0.02821873,55.37778,3455
25,0.1896028,0.1497647,0.9999048,0.1236234,0.1236349,0.9999037,0.1566131,0.1366998,0.9999043,0.1426574,-0.05102618,-0.988456,0,0.03180576,0.9983908,-0.04694872,0,-0.989261,0.02474101,-0.1440508,0,-0.7736176,-1.539074,-0.8992053,1,0.1426574,0.03180575,-0.9892609,0,-0.05102618,0.9983908,0.02474101,0,-0.9884559,-0.04694872,-0.1440507,0,-0.8569956,1.518986,-0.8567626,1,1.0,1.0,0.1488426,0.129278,0.9803739,0.0005209735,0.00112542,-0.02821846,55.38889,3456
25,0.1903622,0.1485341,1.000021,0.123608,0.1237672,0.9999988,0.156985,0.1361505,1.00001,0.1422487,-0.05105321,-0.9885135,0,0.03194011,0.9983857,-0.04696684,0,-0.9893156,0.02489225,-0.1436498,0,-0.7741963,-1.538887,-0.8987447,1,0.1422487,0.0319401,-0.9893154,0,-0.0510532,0.9983857,0.02489225,0,-0.9885134,-0.04696684,-0.1436497,0,-0.8568578,1.51892,-0.8567224,1,1.0,1.0,0.1491863,0.1287409,0.9803924,0.0005205767,0.001128899,-0.02821116,55.41111,3457
25,0.190561,0.149359,0.9999175,0.1244309,0.1230324,0.9999228,0.1574959,0.1361958,0.9999201,0.1423125,-0.05101937,-0.9885061,0,0.03196056,0.9983869,-0.04692807,0,-0.9893057,0.02491475,-0.1437135,0,-0.7741742,-1.538879,-0.8987871,1,0.1423125,0.03196055,-0.9893056,0,-0.05101937,0.9983868,0.02491475,0,-0.988506,-0.04692807,-0.1437135,0,-0.8567945,1.518961,-0.8567219,1,1.0,1.0,0.1496755,0.1287834,0.9803123,0.0005202945,0.001131203,-0.02820499,55.42222,3458
25,0.1912082,0.1502616,0.9998459,0.1263099,0.1232535,0.9998513,0.1587589,0.1367576,0.9998487,0.1424358,-0.05115636,-0.9884813,0,0.03213375,0.9983761,-0.04703812,0,-0.9892824,0.02506369,-0.1438484,0,-0.7743496,-1.538857,-0.8985683,1,0.1424358,0.03213375,-0.9892823,0,-0.05115636,0.9983761,0.0250637,0,-0.9884811,-0.04703812,-0.1438483,0,-0.8566449,1.518973,-0.8567384,1,1.0,1.0,0.1508483,0.1292947,0.9800652,0.0005245749,0.001132149,-0.02820404,55.43333,3459
25,0.1912827,0.1502552,0.999913,0.1274763,0.1229769,0.9999143,0.1593796,0.1366161,0.9999137,0.1425295,-0.05127497,-0.9884616,0,0.03211483,0.9983711,-0.04715827,0,-0.9892695,0.02502283,-0.143944,0,-0.7742763,-1.539026,-0.8982095,1,0.1425295,0.03211483,-0.9892693,0,-0.05127497,0.998371,0.02502283,0,-0.9884615,-0.04715826,-0.143944,0,-0.8564017,1.519026,-0.856749,1,1.0,1.0,0.1514201,0.1291427,0.979997,0.0005255742,0.001133125,-0.02819627,55.45556,3460
25,0.1913923,0.1508455,0.9999092,0.1275636,0.1233027,0.9999102,0.1594779,0.1370741,0.9999097,0.1426352,-0.05146375,-0.9884365,0,0.03206755,0.9983633,-0.04735313,0,-0.9892557,0.02494252,-0.144052,0,-0.7741039,-1.539233,-0.8978834,1,0.1426351,0.03206755,-0.9892557,0,-0.05146375,0.9983634,0.02494252,0,-0.9884364,-0.04735313,-0.144052,0,-0.856301,1.51902,-0.8567362,1,1.0,1.0,0.151504,0.1295705,0.9799275,0.0005258564,0.00113385,-0.02819214,55.46667,3461
25,0.1909836,0.1504531,0.9999766,0.1274207,0.1239866,0.9999713,0.1592021,0.1372197,0.999974,0.1425938,-0.05119004,-0.9884567,0,0.03181498,0.9983827,-0.04711449,0,-0.9892699,0.0247295,-0.1439918,0,-0.7737706,-1.539162,-0.8980948,1,0.1425938,0.03181498,-0.9892699,0,-0.05119004,0.9983827,0.0247295,0,-0.9884566,-0.04711448,-0.1439918,0,-0.8561827,1.518977,-0.8567235,1,1.0,1.0,0.1512354,0.1297045,0.9799513,0.0005261768,0.001133743,-0.02818982,55.48889,3462
25,0.1906929,0.1506932,0.9998776,0.128655,0.1242261,0.9998826,0.159674,0.1374598,0.9998803,0.1426203,-0.05108044,-0.9884586,0,0.03188801,0.9983861,-0.0469925,0,-0.9892638,0.02481789,-0.1440189,0,-0.7738427,-1.53898,-0.8982065,1,0.1426202,0.031888,-0.9892636,0,-0.05108044,0.9983861,0.02481789,0,-0.9884583,-0.04699249,-0.1440189,0,-0.8560858,1.518964,-0.8566989,1,1.0,1.0,0.1516835,0.129932,0.979852,0.0005261768,0.00113385,-0.02818985,55.5,3463
25,0.1913191,0.1506266,1.000111,0.1286781,0.1245591,1.000105,0.1599986,0.1375927,1.000108,0.1424423,-0.05095732,-0.9884906,0,0.03208384,0.9983868,-0.04684417,0,-0.9892831,0.02504198,-0.1438474,0,-0.7742348,-1.538637,-0.8984143,1,0.1424423,0.03208383,-0.9892828,0,-0.05095731,0.9983869,0.02504198,0,-0.9884905,-0.04684417,-0.1438474,0,-0.856195,1.51891,-0.8566412,1,1.0,1.0,0.1519513,0.1300233,0.9797983,0.0005258797,0.0011334,-0.02818985,55.51111,3464
25,0.1909638,0.1506128,0.9999442,0.1286848,0.1237275,0.9999403,0.1598244,0.1371703,0.9999421,0.1424567,-0.05084345,-0.9884943,0,0.03248504,0.998382,-0.04667045,0,-0.9892679,0.02546276,-0.1438778,0,-0.7746295,-1.538159,-0.8987204,1,0.1424566,0.03248503,-0.9892676,0,-0.05084345,0.998382,0.02546276,0,-0.9884943,-0.04667045,-0.1438778,0,-0.8562343,1.518891,-0.856456,1,1.0,1.0,0.1518212,0.1296509,0.9798678,0.0005246894,0.00113266,-0.02819145,55.53333,3465
25,0.1903607,0.1498985,0.9998941,0.1282296,0.1233865,0.9998983,0.1592952,0.1366426,0.9998962,0.1423831,-0.05053584,-0.9885207,0,0.03253981,0.998395,-0.04635371,0,-0.9892766,0.0255663,-0.1437989,0,-0.7747412,-1.537786,-0.8990849,1,0.1423831,0.03253981,-0.9892766,0,-0.05053583,0.998395,0.0255663,0,-0.9885206,-0.04635371,-0.143799,0,-0.8561673,1.518852,-0.8564054,1,1.0,1.0,0.1513406,0.1291621,0.9800067,0.0005240552,0.001138519,-0.0282262,55.54445,3466
25,0.1904646,0.1507393,0.9998982,0.1273267,0.1216383,0.999918,0.1588956,0.136189,0.9999082,0.1426843,-0.05015312,-0.9884968,0,0.03266916,0.9984098,-0.04594045,0,-0.989229,0.02573837,-0.1440959,0,-0.7745709,-1.537326,-0.899904,1,0.1426843,0.03266916,-0.989229,0,-0.05015311,0.9984099,0.02573838,0,-0.9884966,-0.04594046,-0.1440959,0,-0.8561347,1.518844,-0.8563322,1,1.0,1.0,0.1509776,0.1287429,0.9801178,0.0005200729,0.001137749,-0.02823552,55.56667,3467
25,0.1901691,0.1505564,0.9999196,0.1270139,0.119725,0.9999337,0.1585914,0.1351411,0.9999266,0.1428044,-0.04995119,-0.9884897,0,0.0326931,0.9984187,-0.04572985,0,-0.9892109,0.02578636,-0.1442117,0,-0.7744558,-1.537093,-0.9002907,1,0.1428045,0.03269309,-0.9892107,0,-0.04995118,0.9984187,0.02578636,0,-0.9884896,-0.04572985,-0.1442117,0,-0.8561119,1.518812,-0.8562964,1,1.0,1.0,0.1507121,0.1277636,0.9802869,0.0005189357,0.001137589,-0.02823552,55.57778,3468
25,0.1896535,0.1504436,0.9998997,0.1272626,0.1200503,0.9999214,0.1584581,0.1352471,0.9999105,0.1431681,-0.04986062,-0.9884417,0,0.03276294,0.9984215,-0.04561859,0,-0.989156,0.02585312,-0.1445757,0,-0.7740514,-1.536894,-0.9008159,1,0.1431681,0.03276293,-0.9891559,0,-0.04986061,0.9984214,0.02585312,0,-0.9884415,-0.04561858,-0.1445757,0,-0.8562149,1.518734,-0.8561601,1,1.0,1.0,0.1505885,0.1278684,0.9802923,0.0005184328,0.001136658,-0.02823552,55.6,3469
25,0.1898043,0.1505627,0.999788,0.1271169,0.1194675,0.9997948,0.1584605,0.1350151,0.9997913,0.1432491,-0.04979027,-0.9884334,0,0.03269847,0.9984266,-0.04555481,0,-0.9891464,0.02579457,-0.1446518,0,-0.7738827,-1.536942,-0.9007828,1,0.1432491,0.03269846,-0.9891462,0,-0.04979026,0.9984265,0.02579457,0,-0.9884334,-0.04555481,-0.1446518,0,-0.8560306,1.518793,-0.8561382,1,1.0,1.0,0.150613,0.1276652,0.980315,0.0005173571,0.001136551,-0.02823509,55.61111,3470
25,0.1899204,0.1507867,0.9997439,0.1268822,0.1195385,0.9997601,0.1584013,0.1351628,0.9997519,0.1433911,-0.04955108,-0.988425,0,0.0326459,0.9984391,-0.04531715,0,-0.9891276,0.02576994,-0.1447849,0,-0.77373,-1.536833,-0.9010563,1,0.1433911,0.0326459,-0.9891275,0,-0.04955107,0.9984391,0.02576994,0,-0.9884248,-0.04531715,-0.1447849,0,-0.8558322,1.51886,-0.8561729,1,1.0,1.0,0.1505596,0.1278106,0.9803041,0.0005183714,0.001135574,-0.0282345,55.62222,3471
25,0.1897991,0.1498578,0.999836,0.1268858,0.1182387,0.9998392,0.1583424,0.1340482,0.9998375,0.1435168,-0.04958694,-0.9884049,0,0.03266388,0.9984371,-0.04534744,0,-0.9891088,0.02577701,-0.1449122,0,-0.7736582,-1.536868,-0.9009329,1,0.1435168,0.03266387,-0.9891086,0,-0.04958694,0.9984371,0.02577701,0,-0.9884047,-0.04534744,-0.1449122,0,-0.855662,1.518882,-0.8561723,1,1.0,1.0,0.1505145,0.1267588,0.9804476,0.0005184319,0.001133217,-0.02822461,55.64445,3472
25,0.1902248,0.1488334,0.999974,0.1271724,0.1176432,0.9999761,0.1586985,0.1332383,0.999975,0.1436421,-0.04977799,-0.9883771,0,0.03270037,0.9984275,-0.04553178,0,-0.9890894,0.02578001,-0.145044,0,-0.7736617,-1.537024,-0.900712,1,0.1436421,0.03270036,-0.9890892,0,-0.04977798,0.9984276,0.02578001,0,-0.9883769,-0.04553179,-0.1450439,0,-0.8556226,1.518895,-0.8562387,1,1.0,1.0,0.1508423,0.1259791,0.9804978,0.0005189516,0.001131706,-0.02821503,55.65556,3473
25,0.1905043,0.1488057,0.9999845,0.127726,0.1176376,0.9999858,0.1591149,0.1332214,0.9999851,0.1435788,-0.04984481,-0.9883828,0,0.03283282,0.9984209,-0.04558152,0,-0.9890941,0.02590685,-0.1449887,0,-0.7739236,-1.536969,-0.9005628,1,0.1435788,0.03283281,-0.989094,0,-0.04984481,0.998421,0.02590685,0,-0.9883828,-0.04558153,-0.1449886,0,-0.8555916,1.518903,-0.8562366,1,1.0,1.0,0.1512305,0.1259554,0.980441,0.0005182642,0.001130913,-0.02821252,55.67778,3474
25,0.190488,0.1486763,0.9999983,0.1283996,0.117812,0.9999937,0.1594437,0.1332442,0.9999961,0.1436028,-0.0500531,-0.9883689,0,0.0328771,0.9984102,-0.04578481,0,-0.9890893,0.02591987,-0.1450201,0,-0.7739633,-1.537126,-0.900242,1,0.1436028,0.0328771,-0.9890891,0,-0.0500531,0.9984102,0.02591988,0,-0.9883687,-0.04578481,-0.1450201,0,-0.8555656,1.51891,-0.8562297,1,1.0,1.0,0.1515354,0.1259698,0.980392,0.0005180659,0.001130516,-0.02821078,55.68889,3475
25,0.1906522,0.1485496,1.000023,0.1275843,0.117866,1.000022,0.1591181,0.1332078,1.000023,0.1436311,-0.05058755,-0.9883375,0,0.03306058,0.9983805,-0.04629704,0,-0.9890789,0.02602532,-0.145071,0,-0.7741808,-1.53745,-0.89951,1,0.1436311,0.03306059,-0.9890791,0,-0.05058755,0.9983804,0.02602532,0,-0.9883374,-0.04629703,-0.145071,0,-0.8555987,1.51891,-0.8562061,1,1.0,1.0,0.1512312,0.1259394,0.9804429,0.00051603,0.001129997,-0.02820715,55.71111,3476
25,0.1912896,0.1490484,1.000052,0.1270261,0.1187293,1.000047,0.1591577,0.1338887,1.000049,0.1436653,-0.05085371,-0.988319,0,0.03319813,0.9983644,-0.04654481,0,-0.9890694,0.02612347,-0.1451185,0,-0.7743569,-1.537611,-0.8991809,1,0.1436653,0.03319813,-0.9890694,0,-0.0508537,0.9983644,0.02612347,0,-0.9883189,-0.04654481,-0.1451186,0,-0.8556224,1.518951,-0.8562129,1,1.0,1.0,0.1512544,0.1265795,0.9803569,0.0005146172,0.001125923,-0.02819657,55.72223,3477
25,0.1914736,0.1492924,1.000045,0.1268567,0.1184039,1.000044,0.1591651,0.1338484,1.000044,0.1438415,-0.05125518,-0.9882725,0,0.03326572,0.9983438,-0.04693574,0,-0.9890415,0.02612429,-0.1453083,0,-0.7742583,-1.537927,-0.8987297,1,0.1438415,0.03326572,-0.9890414,0,-0.05125518,0.9983438,0.02612429,0,-0.9882725,-0.04693574,-0.1453083,0,-0.8556461,1.518953,-0.8561891,1,1.0,1.0,0.1512643,0.1265443,0.98036,0.0005137324,0.001124306,-0.0281917,55.73333,3478
25,0.1915207,0.1490028,0.999974,0.1272283,0.1189324,0.9999741,0.1593745,0.1339677,0.9999741,0.1438645,-0.05143953,-0.9882596,0,0.03333753,0.9983332,-0.04711081,0,-0.9890358,0.02616856,-0.1453395,0,-0.7741596,-1.538092,-0.8983693,1,0.1438645,0.03333753,-0.9890357,0,-0.05143953,0.9983332,0.02616856,0,-0.9882595,-0.0471108,-0.1453395,0,-0.8555666,1.519014,-0.8559903,1,1.0,1.0,0.1514684,0.126663,0.9803131,0.0005131382,0.001122162,-0.02818746,55.75556,3479
25,0.1929676,0.1500828,1.000018,0.1272746,0.1184675,1.000011,0.1601211,0.134275,1.000014,0.1438037,-0.0515683,-0.9882618,0,0.03353475,0.9983218,-0.04721354,0,-0.9890379,0.02635163,-0.1452916,0,-0.7744628,-1.538036,-0.8981665,1,0.1438036,0.03353475,-0.9890379,0,-0.05156829,0.9983217,0.02635163,0,-0.9882617,-0.04721353,-0.1452916,0,-0.8555669,1.51902,-0.8559393,1,1.0,1.0,0.1521517,0.1269366,0.9801719,0.0005140835,0.001118477,-0.0281847,55.76667,3480
25,0.1933877,0.1504983,1.000021,0.1284259,0.1178739,1.000024,0.160907,0.1341862,1.000023,0.1440209,-0.05191758,-0.9882119,0,0.03394654,0.9982942,-0.04749995,0,-0.9889923,0.02670539,-0.1455376,0,-0.7747798,-1.538026,-0.8979044,1,0.1440209,0.03394654,-0.9889922,0,-0.05191758,0.9982942,0.02670539,0,-0.9882117,-0.04749995,-0.1455376,0,-0.8555859,1.519053,-0.8558565,1,1.0,1.0,0.1528839,0.1268397,0.9800705,0.0005141757,0.001116783,-0.02818338,55.78889,3481
25,0.1938631,0.1503272,1.000033,0.128796,0.117587,1.000029,0.1613295,0.133957,1.000031,0.1439995,-0.05205583,-0.9882077,0,0.03417177,0.9982815,-0.04760705,0,-0.9889877,0.02691341,-0.1455308,0,-0.7751167,-1.537968,-0.8977471,1,0.1439994,0.03417176,-0.9889875,0,-0.05205582,0.9982814,0.02691341,0,-0.9882076,-0.04760705,-0.1455308,0,-0.8556043,1.519073,-0.8558387,1,1.0,1.0,0.1532804,0.1266185,0.9800372,0.0005145269,0.001114525,-0.02818009,55.8,3482
25,0.1920623,0.1486603,1.000009,0.1293703,0.1189896,1.000002,0.1607164,0.1338249,1.000006,0.1439225,-0.05209205,-0.9882171,0,0.03409909,0.9982816,-0.04765644,0,-0.9890015,0.02683846,-0.1454515,0,-0.7750514,-1.538086,-0.8975984,1,0.1439225,0.03409909,-0.9890012,0,-0.05209204,0.9982816,0.02683847,0,-0.9882169,-0.04765645,-0.1454514,0,-0.8555965,1.519095,-0.8558039,1,1.0,1.0,0.1527163,0.1265147,0.9801387,0.0005142204,0.001108665,-0.0281781,55.81111,3483
25,0.1937595,0.1500217,1.000037,0.1296249,0.1163439,1.000051,0.1616922,0.133183,1.000044,0.1443952,-0.05229577,-0.9881372,0,0.03397172,0.9982758,-0.0478681,0,-0.9889367,0.0266568,-0.1459228,0,-0.7743022,-1.538386,-0.8976703,1,0.1443952,0.03397173,-0.9889368,0,-0.05229577,0.9982758,0.0266568,0,-0.9881372,-0.0478681,-0.1459229,0,-0.855667,1.519068,-0.8557181,1,1.0,1.0,0.1536311,0.1258959,0.9800754,0.0005142288,0.00110244,-0.02817659,55.83334,3484
25,0.1937834,0.1490969,1.000012,0.1305539,0.1155312,1.000021,0.1621688,0.1323142,1.000016,0.144607,-0.05240138,-0.9881008,0,0.03386739,0.9982737,-0.04798444,0,-0.9889095,0.02652549,-0.1461321,0,-0.773903,-1.538602,-0.8976747,1,0.144607,0.03386737,-0.9889094,0,-0.05240137,0.9982737,0.0265255,0,-0.9881005,-0.04798444,-0.1461321,0,-0.855706,1.519081,-0.8556869,1,1.0,1.0,0.1540952,0.125078,0.9801072,0.0005134502,0.001099579,-0.0281758,55.84444,3485
25,0.1938466,0.1501301,1.000165,0.1297568,0.1120606,1.000157,0.1618017,0.1310953,1.000161,0.144416,-0.0526035,-0.9881179,0,0.03371203,0.9982678,-0.04821675,0,-0.9889427,0.02634819,-0.1459392,0,-0.7736833,-1.538922,-0.8973125,1,0.144416,0.03371203,-0.9889425,0,-0.0526035,0.9982678,0.02634819,0,-0.9881178,-0.04821675,-0.1459392,0,-0.855871,1.519074,-0.8555336,1,1.0,1.0,0.1537584,0.1239268,0.9803063,0.0005098497,0.001096855,-0.02817538,55.86667,3486
25,0.1932305,0.1502232,0.99999,0.1301399,0.112065,0.9999986,0.1616852,0.1311444,0.9999945,0.1445763,-0.05261309,-0.988094,0,0.03358632,0.9982709,-0.0482407,0,-0.9889235,0.02621197,-0.1460934,0,-0.7732806,-1.53906,-0.8974031,1,0.1445762,0.03358631,-0.9889234,0,-0.05261309,0.9982709,0.02621197,0,-0.9880938,-0.0482407,-0.1460933,0,-0.8558951,1.519079,-0.855478,1,1.0,1.0,0.1536735,0.1239952,0.9803109,0.0005092928,0.001095749,-0.02817517,55.87778,3487
25,0.1932124,0.1507491,1.000021,0.127573,0.1106837,1.00001,0.1603927,0.1307162,1.000015,0.144469,-0.05302481,-0.9880876,0,0.03346886,0.9982537,-0.04867686,0,-0.9889432,0.02603787,-0.1459914,0,-0.7731191,-1.539531,-0.8966816,1,0.144469,0.03346886,-0.9889431,0,-0.05302481,0.9982536,0.02603787,0,-0.9880875,-0.04867685,-0.1459914,0,-0.8559416,1.51907,-0.8553925,1,1.0,1.0,0.1524822,0.1236161,0.9805449,0.0005023805,0.001094711,-0.02816761,55.9,3488
25,0.1836442,0.1509172,1.000101,0.1275866,0.1117717,1.000091,0.1556154,0.1313445,1.000096,0.1442886,-0.05301696,-0.9881145,0,0.03348207,0.9982535,-0.04867177,0,-0.9889691,0.02606133,-0.1458117,0,-0.7732334,-1.53949,-0.8966276,1,0.1442886,0.03348206,-0.988969,0,-0.05301695,0.9982535,0.02606133,0,-0.9881142,-0.04867177,-0.1458117,0,-0.8560207,1.51905,-0.8553214,1,1.0,1.0,0.1479804,0.1242883,0.9811494,0.0005322034,0.00109063,-0.02814725,55.91111,3489
