flag,xl,yl,zl,xr,yr,zr,xc,yc,zc,mat_00,mat_10,mat_20,mat_30,mat_01,mat_11,mat_21,mat_31,mat_02,mat_12,mat_22,mat_32,mat_03,mat_13,mat_23,mat_33,ctw_00,ctw_10,ctw_20,ctw_30,ctw_01,ctw_11,ctw_21,ctw_31,ctw_02,ctw_12,ctw_22,ctw_32,ctw_03,ctw_13,ctw_23,ctw_33,opennessl,opennessr,ray_x,ray_y,ray_z,eye_x,eye_y,eye_z,time,frame
25,0.2308393,0.09971268,0.9998982,0.06152833,0.04259099,0.9999368,0.1461849,0.07115238,0.9999175,-0.8171836,0.05937954,-0.5733107,0,0.04341534,0.9981947,0.04150288,0,-0.5747401,-0.009024989,0.8182863,0,-1.317171,-1.647503,0.3719137,1,-0.8171834,0.04341534,-0.5747401,0,0.05937954,0.9981946,-0.009024992,0,-0.5733107,0.04150287,0.8182862,0,-0.7653202,1.686279,-1.076231,1,1.0,1.0,0.1445017,0.07003067,0.9870232,-0.003233643,-0.001261864,-0.02069145,111.2,6817
25,0.2303515,0.09878396,0.9998648,0.06146124,0.04342332,0.9999078,0.1459074,0.0711042,0.9998863,-0.8168919,0.05927013,-0.5737376,0,0.04336477,0.9982021,0.04137649,0,-0.5751585,-0.008920113,0.8179934,0,-1.3172,-1.647496,0.3715694,1,-0.8168918,0.04336476,-0.5751584,0,0.05927012,0.9982021,-0.008920115,0,-0.5737376,0.04137648,0.8179934,0,-0.7651793,1.68628,-1.076236,1,1.0,1.0,0.1442468,0.06999664,0.987063,-0.003234879,-0.001268204,-0.02067677,111.2222,6818
25,0.2298799,0.09914561,0.9998639,0.061434,0.04068566,0.9999391,0.1456591,0.06991661,0.9999015,-0.8165927,0.0594712,-0.5741428,0,0.04367273,0.9981927,0.0412805,0,-0.57556,-0.008634975,0.8177141,0,-1.317893,-1.647027,0.3711567,1,-0.8165924,0.04367272,-0.57556,0,0.05947119,0.9981927,-0.008634974,0,-0.5741426,0.0412805,0.8177139,0,-0.7651342,1.686285,-1.076249,1,1.0,1.0,0.1440227,0.06885795,0.9871758,-0.003235131,-0.001270554,-0.02066516,111.2333,6819
25,0.2299336,0.09724606,0.9999885,0.06132269,0.03978971,0.9999753,0.1456278,0.06851754,0.9999819,-0.8165578,0.05866492,-0.5742754,0,0.04248829,0.9982322,0.04156034,0,-0.5756983,-0.009536432,0.8176068,0,-1.316026,-1.648701,0.3704218,1,-0.8165575,0.04248828,-0.5756981,0,0.05866491,0.9982322,-0.009536432,0,-0.5742752,0.04156033,0.8176064,0,-0.7651663,1.686307,-1.076216,1,1.0,1.0,0.1439957,0.06750683,0.9872731,-0.003235405,-0.001271683,-0.02066386,111.2556,6820
25,0.2297435,0.09795254,0.9998851,0.06201196,0.04095042,0.9998726,0.1458774,0.06945126,0.9998788,-0.8167037,0.05811383,-0.5741236,0,0.04163172,0.9982573,0.04182335,0,-0.5755537,-0.01025552,0.8176997,0,-1.314467,-1.649945,0.3703213,1,-0.8167036,0.04163172,-0.5755536,0,0.05811383,0.9982573,-0.01025553,0,-0.5741237,0.04182335,0.8176998,0,-0.7650352,1.686306,-1.076279,1,1.0,1.0,0.1442397,0.06841969,0.9871746,-0.00323578,-0.00128006,-0.02064959,111.2667,6821
25,0.2294222,0.09864752,0.9998701,0.06480622,0.04161305,0.999804,0.1471125,0.07012939,0.9998372,-0.8171012,0.05820032,-0.5735489,0,0.04125728,0.9982435,0.04251899,0,-0.575016,-0.01107925,0.8180672,0,-1.313414,-1.650752,0.370192,1,-0.8171014,0.04125728,-0.5750159,0,0.05820032,0.9982435,-0.01107925,0,-0.5735487,0.04251898,0.8180671,0,-0.7647947,1.6863,-1.076365,1,1.0,1.0,0.1454104,0.06906854,0.9869576,-0.003237305,-0.001285858,-0.02064742,111.2889,6822
25,0.2288796,0.09669992,1.000358,0.07343677,0.04609845,1.000181,0.1511542,0.07139733,1.000269,-0.8181416,0.06080884,-0.5717928,0,0.04335006,0.9980854,0.04411728,0,-0.5733808,-0.01130693,0.8192112,0,-1.316008,-1.648443,0.3699571,1,-0.8181412,0.04335005,-0.5733806,0,0.06080884,0.9980854,-0.01130693,0,-0.5717926,0.04411728,0.8192109,0,-0.7649019,1.686014,-1.076285,1,1.0,1.0,0.1491867,0.07022505,0.9863122,-0.003261436,-0.001289253,-0.02061206,111.3111,6823
25,0.228994,0.09740813,1.000038,0.07221699,0.04450468,0.9999794,0.1506041,0.07095575,1.000009,-0.8183453,0.06299752,-0.5712637,0,0.04615411,0.9979676,0.04393677,0,-0.5728706,-0.009589281,0.8195897,0,-1.320242,-1.644854,0.3712522,1,-0.8183454,0.04615412,-0.5728706,0,0.06299752,0.9979676,-0.009589276,0,-0.5712637,0.04393677,0.8195897,0,-0.7647093,1.686134,-1.076375,1,1.0,1.0,0.1487092,0.06982754,0.9864126,-0.003260497,-0.001292587,-0.02060214,111.3333,6824
25,0.2291605,0.09781068,0.9999954,0.07096866,0.04552392,0.9999533,0.1500635,0.07166687,0.9999744,-0.8183796,0.06332393,-0.5711787,0,0.04683455,0.9979535,0.04353438,0,-0.5727665,-0.008876754,0.8196706,0,-1.321181,-1.643875,0.3721573,1,-0.8183795,0.04683454,-0.5727664,0,0.06332393,0.9979535,-0.008876756,0,-0.5711786,0.04353437,0.8196704,0,-0.7645626,1.686187,-1.076367,1,1.0,1.0,0.1481948,0.07051674,0.9864409,-0.003259553,-0.001291115,-0.02060321,111.3444,6825
25,0.2292221,0.0984068,0.9998426,0.06838033,0.04379075,0.9999386,0.1488038,0.07109985,0.9998906,-0.8179067,0.06329575,-0.5718585,0,0.04714733,0.9979609,0.04302562,0,-0.5734158,-0.008229341,0.8192232,0,-1.321938,-1.643131,0.3719961,1,-0.8179067,0.04714733,-0.5734158,0,0.06329575,0.9979609,-0.008229341,0,-0.5718585,0.04302562,0.8192232,0,-0.7644895,1.686101,-1.07629,1,1.0,1.0,0.147019,0.06999331,0.9866542,-0.003257705,-0.001294441,-0.02060209,111.3667,6826
25,0.229193,0.09973812,0.9996496,0.06536949,0.04360012,0.9998586,0.1472866,0.07167192,0.9997541,-0.8172206,0.06343142,-0.5728236,0,0.04710235,0.9979507,0.043309,0,-0.5743969,-0.008411666,0.8185337,0,-1.322326,-1.643184,0.3700924,1,-0.8172207,0.04710236,-0.5743969,0,0.06343143,0.9979508,-0.008411665,0,-0.5728236,0.043309,0.8185337,0,-0.7644049,1.686073,-1.076295,1,1.0,1.0,0.1455931,0.07056782,0.9868246,-0.003253577,-0.001294548,-0.02060095,111.3778,6827
25,0.2311916,0.09978321,0.9997333,0.06611121,0.04449717,0.9999119,0.148656,0.07214248,0.9998226,-0.816654,0.06341491,-0.5736331,0,0.04688258,0.9979494,0.04357842,0,-0.5752203,-0.008695086,0.8179524,0,-1.322323,-1.643476,0.3684059,1,-0.8166539,0.04688258,-0.5752202,0,0.06341491,0.9979494,-0.008695086,0,-0.5736331,0.04357842,0.8179523,0,-0.7643296,1.686045,-1.076255,1,1.0,1.0,0.1468675,0.07100462,0.9866045,-0.003245902,-0.001296707,-0.02060096,111.4,6828
25,0.2300445,0.09937028,0.9996768,0.06689507,0.04518503,0.9999161,0.1484758,0.07228066,0.9997966,-0.8152726,0.06308311,-0.5756312,0,0.04580938,0.9979592,0.04448551,0,-0.5772627,-0.009898508,0.8164985,0,-1.321487,-1.645012,0.3637676,1,-0.8152725,0.04580937,-0.5772627,0,0.0630831,0.9979591,-0.009898509,0,-0.5756311,0.0444855,0.8164985,0,-0.7642034,1.686009,-1.076144,1,1.0,1.0,0.1466907,0.07114504,0.9866206,-0.003236893,-0.001300324,-0.02060226,111.4222,6829
25,0.2308305,0.0995218,0.9997652,0.06681082,0.0435189,0.9999415,0.148825,0.07152266,0.9998532,-0.8147733,0.06269333,-0.5763801,0,0.04502809,0.9979762,0.04489879,0,-0.5780286,-0.01062903,0.8159474,0,-1.320506,-1.646081,0.3618852,1,-0.8147733,0.04502809,-0.5780284,0,0.06269333,0.9979762,-0.01062903,0,-0.5763801,0.04489877,0.8159472,0,-0.7641315,1.685961,-1.076066,1,1.0,1.0,0.1470192,0.07040899,0.9866245,-0.003235345,-0.001300995,-0.02060137,111.4333,6830
25,0.227836,0.09771598,0.9998932,0.07476395,0.0476923,0.9999959,0.1513023,0.07270535,0.9999446,-0.8144697,0.06227087,-0.576855,0,0.04432867,0.9979964,0.04514437,0,-0.5785105,-0.0111975,0.8155982,0,-1.319595,-1.647038,0.3606817,1,-0.8144695,0.04432866,-0.5785103,0,0.06227086,0.9979964,-0.0111975,0,-0.5768549,0.04514436,0.8155981,0,-0.7641463,1.685951,-1.076013,1,1.0,1.0,0.149379,0.07153781,0.9861888,-0.003275017,-0.001322609,-0.02056342,111.4445,6831
25,0.226565,0.09645002,1.000409,0.06882423,0.04778903,1.000215,0.14769,0.07211709,1.000312,-0.8150052,0.0598853,-0.5763511,0,0.04227931,0.9981398,0.04392471,0,-0.5779094,-0.01143114,0.8160211,0,-1.316046,-1.649408,0.3632071,1,-0.8150049,0.0422793,-0.5779092,0,0.05988529,0.9981398,-0.01143114,0,-0.5763509,0.0439247,0.8160208,0,-0.7644736,1.686027,-1.075794,1,1.0,1.0,0.145935,0.07095277,0.9867465,-0.003299454,-0.001293266,-0.02061082,111.4667,6832
25,0.2264144,0.0993316,1.000263,0.06802624,0.0377583,1.00008,0.1472159,0.06854244,1.000171,-0.8154469,0.05943521,-0.5757725,0,0.04244491,0.9981763,0.04292538,0,-0.5772737,-0.01056475,0.8164824,0,-1.31593,-1.649,0.3658416,1,-0.8154468,0.0424449,-0.5772737,0,0.05943521,0.9981763,-0.01056475,0,-0.5757724,0.04292538,0.8164823,0,-0.7644205,1.686144,-1.075776,1,1.0,1.0,0.1455484,0.06749539,0.9870461,-0.003315185,-0.001264008,-0.02066468,111.4778,6833
25,0.2282892,0.09819848,1.000254,0.06884092,0.03950877,1.000082,0.1485609,0.06885124,1.000168,-0.815876,0.05942336,-0.5751656,0,0.04299779,0.9981863,0.04213521,0,-0.5766263,-0.009646248,0.8169513,0,-1.316486,-1.648116,0.3681459,1,-0.8158758,0.04299779,-0.5766261,0,0.05942335,0.9981862,-0.009646255,0,-0.5751655,0.04213521,0.8169511,0,-0.764408,1.68622,-1.075776,1,1.0,1.0,0.1468209,0.06776825,0.9868389,-0.003320152,-0.001253357,-0.02068173,111.4889,6834
25,0.2272959,0.09785581,1.000117,0.06650224,0.04344857,1.000034,0.1468971,0.07065109,1.000076,-0.8164091,0.06086507,-0.5742576,0,0.04527912,0.9981154,0.0414171,0,-0.5756962,-0.00781142,0.8176264,0,-1.319735,-1.644961,0.3707307,1,-0.8164089,0.04527912,-0.5756962,0,0.06086507,0.9981155,-0.007811425,0,-0.5742575,0.0414171,0.8176264,0,-0.7644277,1.686263,-1.075735,1,1.0,1.0,0.1452385,0.06954548,0.9869494,-0.003310082,-0.001273682,-0.02063831,111.5111,6835
25,0.2271773,0.09776319,1.000014,0.07221672,0.03695225,0.9999634,0.1496959,0.06735712,0.9999887,-0.8165246,0.06163382,-0.5740111,0,0.04627001,0.9980729,0.0413484,0,-0.5754533,-0.007202487,0.8178028,0,-1.32127,-1.643647,0.3712855,1,-0.8165246,0.04627001,-0.5754535,0,0.06163383,0.9980729,-0.007202488,0,-0.5740112,0.0413484,0.817803,0,-0.764423,1.686263,-1.075806,1,1.0,1.0,0.1479341,0.06638404,0.9867668,-0.003305215,-0.001301056,-0.02057816,111.5222,6836
25,0.2268076,0.09772804,0.999908,0.06796667,0.04157079,0.9999689,0.1473888,0.06965017,0.9999385,-0.8163044,0.06286572,-0.5741907,0,0.04737188,0.9979973,0.04191976,0,-0.5756761,-0.007018797,0.8176477,0,-1.323026,-1.642265,0.3700255,1,-0.8163044,0.04737188,-0.5756761,0,0.06286571,0.9979973,-0.007018792,0,-0.5741907,0.04191977,0.8176477,0,-0.7642848,1.686139,-1.075712,1,1.0,1.0,0.1457308,0.06861692,0.9869419,-0.003302475,-0.001302521,-0.0205975,111.5444,6837
25,0.2268433,0.09536536,0.9999357,0.07425037,0.03226797,1.000013,0.1505485,0.06381784,0.9999744,-0.8160752,0.06316643,-0.5744835,0,0.04751012,0.9979772,0.04224112,0,-0.5759897,-0.00717815,0.8174255,0,-1.323429,-1.642162,0.3689698,1,-0.8160751,0.04751012,-0.5759896,0,0.06316642,0.9979771,-0.00717815,0,-0.5744835,0.04224112,0.8174254,0,-0.764321,1.686131,-1.075674,1,1.0,1.0,0.1487644,0.06298671,0.9868647,-0.003293907,-0.001319573,-0.02057589,111.5556,6838
25,0.2265408,0.09473764,0.9997816,0.07524425,0.03296263,0.999928,0.1508958,0.0638522,0.9998549,-0.8155984,0.06308004,-0.5751699,0,0.04718305,0.9979798,0.04254429,0,-0.5766916,-0.007560788,0.8169271,0,-1.323206,-1.642593,0.3673968,1,-0.8155983,0.04718305,-0.5766915,0,0.06308004,0.9979799,-0.007560786,0,-0.5751697,0.04254429,0.8169269,0,-0.7642739,1.686077,-1.075637,1,1.0,1.0,0.1491091,0.06303051,0.9868098,-0.003291213,-0.001325546,-0.02056209,111.5667,6839
25,0.2286531,0.09872562,0.9998449,0.07430586,0.03496948,0.9999491,0.1514821,0.06684898,0.999897,-0.8153176,0.06291245,-0.5755863,0,0.0467193,0.9979863,0.04290357,0,-0.5771264,-0.008089039,0.816615,0,-1.322664,-1.643204,0.3661371,1,-0.8153173,0.04671929,-0.5771262,0,0.06291244,0.9979863,-0.008089045,0,-0.5755861,0.04290355,0.8166147,0,-0.7642695,1.68598,-1.075629,1,1.0,1.0,0.1496217,0.06591818,0.9865435,-0.003284288,-0.001336144,-0.02056798,111.5778,6840
25,0.2308741,0.09811492,0.9999735,0.07072705,0.03496889,1.000145,0.1508047,0.06654429,1.000059,-0.8145893,0.06221675,-0.5766918,0,0.04491824,0.9980114,0.04422311,0,-0.5782964,-0.0101197,0.815764,0,-1.320397,-1.645745,0.3619284,1,-0.8145891,0.04491824,-0.5782964,0,0.06221675,0.9980114,-0.0101197,0,-0.5766918,0.04422312,0.8157641,0,-0.7644671,1.685776,-1.075484,1,1.0,1.0,0.1489501,0.0656203,0.9866651,-0.0032732,-0.001335503,-0.02057466,111.6111,6841
25,0.2333871,0.09172401,0.9998721,0.06889701,0.03530884,0.9999003,0.1511428,0.06351675,0.9998862,-0.8145064,0.06195159,-0.5768374,0,0.0445985,0.9980261,0.04421271,0,-0.5784379,-0.01028544,0.8156617,0,-1.320008,-1.64614,0.3618129,1,-0.8145064,0.0445985,-0.5784377,0,0.06195159,0.9980261,-0.01028545,0,-0.5768374,0.0442127,0.8156615,0,-0.7644665,1.685764,-1.07559,1,1.0,1.0,0.1493215,0.06270872,0.9867982,-0.003269639,-0.001329849,-0.02055657,111.6222,6842
25,0.2273909,0.09404805,1.000083,0.07101732,0.03615395,1.000014,0.1492025,0.06510006,1.000048,-0.8147289,0.06150037,-0.5765716,0,0.04423719,0.9980539,0.04394837,0,-0.5781525,-0.01030009,0.8158638,0,-1.319264,-1.646519,0.3626988,1,-0.8147285,0.04423719,-0.5781523,0,0.06150036,0.9980539,-0.01030009,0,-0.5765715,0.04394836,0.8158637,0,-0.7644591,1.685735,-1.075608,1,1.0,1.0,0.1474684,0.06423979,0.9869784,-0.003288414,-0.001327957,-0.02054598,111.6333,6843
25,0.228072,0.0963411,1.000154,0.07343486,0.03687678,1.000069,0.1507514,0.06660765,1.000111,-0.815249,0.06117159,-0.5758709,0,0.04377352,0.9980699,0.04405018,0,-0.577454,-0.01070397,0.8163532,0,-1.318212,-1.647245,0.3635484,1,-0.8152489,0.04377351,-0.5774539,0,0.06117159,0.9980699,-0.01070396,0,-0.5758708,0.04405018,0.816353,0,-0.764549,1.685754,-1.075622,1,1.0,1.0,0.1489134,0.06566617,0.9866676,-0.003291878,-0.001321251,-0.02054743,111.6556,6844
25,0.2288567,0.09644852,1.000123,0.07272065,0.03788063,1.000035,0.1507866,0.06716336,1.000079,-0.8155539,0.06117254,-0.5754389,0,0.0438593,0.998071,0.04394022,0,-0.5770168,-0.01059727,0.8166637,0,-1.318138,-1.647126,0.3644063,1,-0.8155538,0.0438593,-0.5770167,0,0.06117253,0.9980709,-0.01059727,0,-0.5754387,0.04394021,0.8166634,0,-0.7645601,1.685749,-1.07564,1,1.0,1.0,0.1489489,0.06620167,0.9866263,-0.003294609,-0.001320084,-0.02054456,111.6667,6845
25,0.2290459,0.09775241,1.000305,0.07229623,0.03914993,1.000193,0.1506684,0.06844949,1.000249,-0.8159635,0.06122671,-0.574852,0,0.04394647,0.9980679,0.04392383,0,-0.5764306,-0.01057752,0.8170776,0,-1.318087,-1.647035,0.3651867,1,-0.8159635,0.04394646,-0.5764306,0,0.06122671,0.9980678,-0.01057752,0,-0.574852,0.04392382,0.8170776,0,-0.76474,1.685737,-1.075593,1,1.0,1.0,0.1488024,0.06742642,0.9865655,-0.003296874,-0.001316528,-0.02054841,111.6778,6846
25,0.2291597,0.0978002,1.000111,0.07183057,0.04272784,1.000041,0.1504934,0.07026325,1.000076,-0.8165491,0.0616587,-0.573974,0,0.04430543,0.9980405,0.04418377,0,-0.5755736,-0.01064805,0.8176808,0,-1.318241,-1.646699,0.3660679,1,-0.8165488,0.04430542,-0.5755735,0,0.06165868,0.9980404,-0.01064805,0,-0.5739738,0.04418376,0.8176806,0,-0.7647613,1.685704,-1.075605,1,1.0,1.0,0.1486455,0.0691833,0.9864676,-0.003298797,-0.001315674,-0.02054812,111.7,6847
25,0.2289549,0.0984374,1.000099,0.07142848,0.04271146,1.000034,0.1501901,0.07057361,1.000066,-0.8167504,0.06196243,-0.5736548,0,0.04472543,0.9980245,0.04412153,0,-0.5752554,-0.01037932,0.8179082,0,-1.318758,-1.646119,0.3666579,1,-0.81675,0.04472543,-0.5752552,0,0.06196241,0.9980245,-0.01037931,0,-0.5736545,0.04412152,0.8179079,0,-0.7647635,1.685671,-1.075601,1,1.0,1.0,0.1483583,0.06948482,0.9864895,-0.00330017,-0.001315552,-0.02054785,111.7111,6848
25,0.2293686,0.09882209,1.000022,0.07170701,0.04265336,0.9999995,0.1505372,0.07073746,1.000011,-0.8169075,0.06200312,-0.5734265,0,0.04491341,0.9980245,0.04392984,0,-0.5750175,-0.01013207,0.8180785,0,-1.318823,-1.645841,0.3673923,1,-0.8169073,0.04491341,-0.5750174,0,0.0620031,0.9980245,-0.01013207,0,-0.5734263,0.04392983,0.8180783,0,-0.7646365,1.685683,-1.075578,1,1.0,1.0,0.1486917,0.06963384,0.9864289,-0.003299622,-0.001305969,-0.02055291,111.7333,6849
25,0.2304932,0.1001328,0.9998707,0.07033369,0.04278804,0.9998989,0.1504142,0.07146079,0.9998848,-0.8166882,0.06240442,-0.5736952,0,0.04572813,0.998008,0.04346295,0,-0.5752647,-0.009261666,0.817915,0,-1.320153,-1.644692,0.3678848,1,-0.8166881,0.04572813,-0.5752646,0,0.06240442,0.998008,-0.009261666,0,-0.5736952,0.04346294,0.8179149,0,-0.7644631,1.685794,-1.075568,1,1.0,1.0,0.1485828,0.07033575,0.9863954,-0.00329734,-0.001302956,-0.02055987,111.7667,6850
25,0.2335823,0.1003667,1.000024,0.06965408,0.04330361,1.000029,0.1516182,0.07183538,1.000026,-0.8166224,0.06217768,-0.5738136,0,0.04563535,0.9980237,0.04319863,0,-0.5753656,-0.009090785,0.8178459,0,-1.320011,-1.644739,0.3681401,1,-0.8166222,0.04563535,-0.5753654,0,0.06217768,0.9980237,-0.009090786,0,-0.5738135,0.04319863,0.8178458,0,-0.7644404,1.685825,-1.075522,1,1.0,1.0,0.1496855,0.07066913,0.9862049,-0.00328711,-0.001298546,-0.02057102,111.7778,6851
25,0.2328023,0.1002521,0.999984,0.06919304,0.04375638,0.9999844,0.1509976,0.07200422,0.9999841,-0.8166713,0.06158506,-0.573808,0,0.04489398,0.9980562,0.04322307,0,-0.5753545,-0.009538507,0.8178487,0,-1.318755,-1.645749,0.3681211,1,-0.816671,0.04489398,-0.5753545,0,0.06158505,0.9980562,-0.009538507,0,-0.5738078,0.04322305,0.8178484,0,-0.7644048,1.685843,-1.075517,1,1.0,1.0,0.149099,0.07084038,0.9862815,-0.003282615,-0.001298546,-0.02057228,111.7889,6852
25,0.2329505,0.1000331,1.000005,0.06824628,0.04372066,0.9999856,0.1505979,0.0718764,0.9999954,-0.8169146,0.06065088,-0.5735612,0,0.04363924,0.9981047,0.04338929,0,-0.5751057,-0.01041557,0.8180131,0,-1.316507,-1.647514,0.36827,1,-0.8169143,0.04363924,-0.5751055,0,0.06065086,0.9981046,-0.01041556,0,-0.5735609,0.04338927,0.8180127,0,-0.7643253,1.685864,-1.07554,1,1.0,1.0,0.1487189,0.07072007,0.9863474,-0.003280769,-0.001297394,-0.02057305,111.8111,6853
25,0.2324589,0.09993073,1.000034,0.06941077,0.04378904,1.000006,0.1509342,0.07185949,1.00002,-0.8170265,0.06073239,-0.5733929,0,0.0436817,0.9980991,0.04347427,0,-0.5749432,-0.01047285,0.8181263,0,-1.316483,-1.647492,0.3683807,1,-0.8170264,0.0436817,-0.5749432,0,0.06073239,0.9980992,-0.01047285,0,-0.5733928,0.04347426,0.8181262,0,-0.7643186,1.685851,-1.075539,1,1.0,1.0,0.1490305,0.07069883,0.986302,-0.003277642,-0.001297394,-0.02057305,111.8222,6854
25,0.2329058,0.0969604,0.9999901,0.06962368,0.04287363,0.9999776,0.1512644,0.06991679,0.9999838,-0.8171263,0.06131864,-0.5731883,0,0.04410512,0.9980621,0.04389546,0,-0.5747691,-0.01058759,0.8182472,0,-1.317109,-1.647052,0.3679838,1,-0.8171261,0.04410511,-0.5747691,0,0.06131864,0.9980621,-0.01058759,0,-0.5731882,0.04389546,0.8182471,0,-0.7643248,1.685799,-1.075573,1,1.0,1.0,0.1493687,0.06883132,0.9863828,-0.003277565,-0.001298569,-0.02056084,111.8444,6855
25,0.2325333,0.0969189,0.9999694,0.06981289,0.03902002,0.9999753,0.1511732,0.06796952,0.9999723,-0.817122,0.06177357,-0.5731456,0,0.04451753,0.9980347,0.04410035,0,-0.5747435,-0.01052033,0.8182662,0,-1.317751,-1.646542,0.3677108,1,-0.8171218,0.04451752,-0.5747434,0,0.06177356,0.9980347,-0.01052033,0,-0.5731455,0.04410034,0.818266,0,-0.7642981,1.685753,-1.075576,1,1.0,1.0,0.1493044,0.06696147,0.9865214,-0.003278054,-0.001300499,-0.02055706,111.8556,6856
25,0.2316434,0.0968677,0.9999249,0.06946427,0.03992083,0.999922,0.1505539,0.06839408,0.9999236,-0.817221,0.06211611,-0.5729674,0,0.04461429,0.9980099,0.04456234,0,-0.5745952,-0.01085475,0.8183659,0,-1.317724,-1.646621,0.3672476,1,-0.8172208,0.04461428,-0.574595,0,0.06211611,0.99801,-0.01085475,0,-0.5729673,0.04456234,0.8183658,0,-0.7641693,1.685768,-1.075574,1,1.0,1.0,0.148723,0.0673826,0.9865804,-0.003279123,-0.001303764,-0.02055449,111.8667,6857
25,0.2313879,0.09786842,0.9999746,0.07045266,0.04017117,0.9999738,0.1509203,0.06901973,0.9999741,-0.81743,0.0624609,-0.5726314,0,0.04476867,0.9979856,0.04495008,0,-0.5742856,-0.01110759,0.8185797,0,-1.317532,-1.646621,0.36734,1,-0.8174301,0.04476867,-0.5742856,0,0.0624609,0.9979855,-0.01110759,0,-0.5726315,0.04495008,0.8185797,0,-0.76379,1.685776,-1.075626,1,1.0,1.0,0.149057,0.06798648,0.9864886,-0.003278916,-0.001312286,-0.02054655,111.8889,6858
25,0.2313931,0.09787076,1.0,0.07045531,0.04017211,0.9999999,0.1509243,0.06902143,0.9999999,-0.81743,0.0624609,-0.5726314,0,0.04476867,0.9979856,0.04495008,0,-0.5742856,-0.01110759,0.8185797,0,-1.317532,-1.646621,0.36734,1,-0.8174301,0.04476867,-0.5742856,0,0.0624609,0.9979855,-0.01110759,0,-0.5726315,0.04495008,0.8185797,0,-0.76379,1.685776,-1.075626,1,1.0,1.0,0.149057,0.06798648,0.9864886,-0.003278916,-0.001312286,-0.02054655,111.9,6859
25,0.2302012,0.0977684,0.9996808,0.07011452,0.04003277,0.9997553,0.1501597,0.0689014,0.9997181,-0.8170016,0.06252621,-0.5732355,0,0.04480646,0.9979818,0.04499559,0,-0.574892,-0.01107682,0.8181543,0,-1.317586,-1.646612,0.3665923,1,-0.8170016,0.04480647,-0.574892,0,0.0625262,0.9979818,-0.01107682,0,-0.5732354,0.04499559,0.8181543,0,-0.7633698,1.68583,-1.075638,1,1.0,1.0,0.1483754,0.06789938,0.9865974,-0.003277688,-0.001314804,-0.02053858,111.9222,6860
25,0.2311915,0.09496419,0.9999126,0.06967938,0.04028805,0.9999641,0.1504366,0.06762684,0.9999382,-0.8167952,0.06233016,-0.5735509,0,0.04466335,0.9979948,0.04485105,0,-0.5751964,-0.01101741,0.8179412,0,-1.317466,-1.646708,0.3663826,1,-0.8167951,0.04466335,-0.5751963,0,0.06233015,0.9979947,-0.01101741,0,-0.5735508,0.04485104,0.8179411,0,-0.7633216,1.685815,-1.075624,1,1.0,1.0,0.1486149,0.06665691,0.9866461,-0.003273239,-0.001315796,-0.0205339,111.9333,6861
25,0.231529,0.09793258,0.999981,0.06777966,0.0424207,1.000027,0.1496555,0.07017725,1.000004,-0.8165188,0.06198705,-0.5739815,0,0.04432666,0.9980155,0.04472355,0,-0.5756147,-0.01107494,0.8176461,0,-1.317024,-1.647167,0.3659823,1,-0.8165187,0.04432666,-0.5756147,0,0.06198704,0.9980155,-0.01107494,0,-0.5739813,0.04472354,0.817646,0,-0.7632048,1.685909,-1.075585,1,1.0,1.0,0.1478405,0.06911439,0.9865934,-0.003271355,-0.001315392,-0.02053415,111.9556,6862
25,0.2318062,0.09615449,0.9998864,0.06842911,0.04359763,0.9999235,0.1501184,0.06987644,0.9999049,-0.8163536,0.06153033,-0.5742656,0,0.04396519,0.9980443,0.04443739,0,-0.5758767,-0.01102893,0.8174622,0,-1.316495,-1.647575,0.3661178,1,-0.8163536,0.04396518,-0.5758767,0,0.06153034,0.9980443,-0.01102893,0,-0.5742655,0.04443739,0.8174621,0,-0.7631009,1.685963,-1.075597,1,1.0,1.0,0.1482926,0.06882228,0.9865459,-0.003268532,-0.001310577,-0.02053295,111.9667,6863
25,0.2318125,0.09608677,0.9998395,0.06817788,0.04557401,0.999841,0.1499953,0.07083038,0.9998401,-0.8163438,0.06117342,-0.5743177,0,0.04362568,0.9980654,0.04429869,0,-0.5759165,-0.01110796,0.8174332,0,-1.315766,-1.648027,0.3664427,1,-0.8163437,0.04362569,-0.5759163,0,0.06117341,0.9980654,-0.01110796,0,-0.5743176,0.04429868,0.8174329,0,-0.7628474,1.686007,-1.07562,1,1.0,1.0,0.1481756,0.06974526,0.9864987,-0.003268532,-0.00131044,-0.02053234,111.9778,6864
25,0.2328501,0.09673785,1.000072,0.06815475,0.0457121,1.000075,0.1505024,0.07122497,1.000073,-0.8164716,0.06062004,-0.5741947,0,0.04327039,0.9981008,0.04384553,0,-0.575762,-0.010953,0.817544,0,-1.315093,-1.648353,0.3673369,1,-0.8164715,0.04327039,-0.575762,0,0.06062003,0.9981009,-0.010953,0,-0.5741946,0.04384552,0.8175439,0,-0.7628896,1.686021,-1.075549,1,1.0,1.0,0.148618,0.07010352,0.9864067,-0.003268532,-0.001309677,-0.02053574,112.0,6865
25,0.2326935,0.09668425,1.000042,0.06811795,0.04578871,1.000016,0.1504051,0.07123621,1.000029,-0.8165487,0.06075257,-0.5740711,0,0.04345166,0.998094,0.04382103,0,-0.5756392,-0.01083766,0.8176322,0,-1.315288,-1.648121,0.3675624,1,-0.8165485,0.04345165,-0.575639,0,0.06075256,0.998094,-0.01083766,0,-0.5740709,0.04382103,0.8176319,0,-0.7628618,1.686024,-1.075523,1,1.0,1.0,0.1485321,0.07011767,0.9864187,-0.003268943,-0.001309403,-0.02053701,112.0111,6866
25,0.2333575,0.09657988,1.000011,0.06863987,0.04571361,1.000009,0.1509987,0.07114687,1.00001,-0.8165151,0.06131779,-0.5740588,0,0.04405893,0.9980621,0.04394008,0,-0.5756407,-0.01058532,0.8176345,0,-1.316172,-1.647355,0.3674076,1,-0.8165148,0.04405892,-0.5756405,0,0.06131778,0.9980622,-0.01058532,0,-0.5740587,0.04394007,0.8176341,0,-0.7627481,1.686008,-1.075485,1,1.0,1.0,0.1490991,0.07002637,0.9863396,-0.003271484,-0.00130864,-0.02053867,112.0333,6867
25,0.2319015,0.09729572,1.000095,0.06838757,0.04540253,1.000071,0.1501438,0.07134873,1.000083,-0.8165601,0.06154544,-0.5739702,0,0.04441252,0.9980511,0.04383504,0,-0.5755495,-0.01030249,0.8177022,0,-1.316673,-1.64685,0.3676666,1,-0.8165601,0.04441252,-0.5755493,0,0.06154544,0.9980511,-0.01030248,0,-0.5739701,0.04383504,0.817702,0,-0.7627569,1.686001,-1.075419,1,1.0,1.0,0.1482862,0.07022595,0.986448,-0.003278908,-0.001309754,-0.02053586,112.0444,6868
25,0.2312778,0.09871756,1.000008,0.06884101,0.04195984,1.000015,0.1500596,0.07033869,1.000011,-0.8165041,0.06176529,-0.5740265,0,0.04472309,0.9980399,0.04377438,0,-0.575605,-0.01006972,0.8176661,0,-1.317178,-1.646424,0.3676708,1,-0.8165039,0.04472309,-0.5756049,0,0.06176529,0.99804,-0.01006973,0,-0.5740263,0.04377437,0.8176658,0,-0.7627365,1.686011,-1.075385,1,1.0,1.0,0.1482286,0.06926214,0.9865247,-0.003280747,-0.001312409,-0.02053343,112.0667,6869
25,0.2325603,0.09875662,1.000051,0.06984279,0.04153838,1.000055,0.1512017,0.07014755,1.000053,-0.8163347,0.06128848,-0.5743183,0,0.04467638,0.9980754,0.0430069,0,-0.5758488,-0.009449566,0.8175017,0,-1.31716,-1.646305,0.3684543,1,-0.8163346,0.04467637,-0.5758486,0,0.06128848,0.9980754,-0.009449568,0,-0.5743183,0.0430069,0.8175016,0,-0.762734,1.686136,-1.075254,1,1.0,1.0,0.1493046,0.06906785,0.9863761,-0.003280747,-0.001316177,-0.0205313,112.0889,6870
25,0.2320244,0.1010219,0.9999691,0.07030866,0.04168424,0.9999939,0.1511673,0.07135326,0.9999815,-0.8160498,0.06086359,-0.5747682,0,0.04444514,0.9981036,0.04258886,0,-0.5762704,-0.00920897,0.8172073,0,-1.317051,-1.646455,0.3684677,1,-0.8160496,0.04444514,-0.5762702,0,0.06086358,0.9981036,-0.009208973,0,-0.5747681,0.04258886,0.8172072,0,-0.7627866,1.686177,-1.075254,1,1.0,1.0,0.1492723,0.07023835,0.9862983,-0.003280754,-0.001320457,-0.02051518,112.1111,6871
25,0.2318248,0.1019699,0.9998723,0.07091856,0.04150945,0.9999073,0.1513728,0.07174002,0.9998899,-0.8159463,0.06080714,-0.574921,0,0.04432014,0.9981059,0.04266519,0,-0.5764264,-0.009331929,0.8170959,0,-1.316966,-1.646644,0.3681789,1,-0.8159463,0.04432014,-0.5764263,0,0.06080714,0.9981059,-0.009331923,0,-0.5749208,0.04266518,0.8170956,0,-0.7627721,1.686185,-1.075338,1,1.0,1.0,0.1494761,0.0706173,0.9862404,-0.003281013,-0.0013237,-0.02051292,112.1222,6872
25,0.2314612,0.1002549,0.9998863,0.0709942,0.04102044,0.9999033,0.1512284,0.07063795,0.9998947,-0.8157861,0.06057454,-0.5751731,0,0.04387518,0.998116,0.04288739,0,-0.5766874,-0.009751111,0.8169069,0,-1.316288,-1.64724,0.3675234,1,-0.8157858,0.04387517,-0.5766872,0,0.06057454,0.9981161,-0.009751115,0,-0.575173,0.04288738,0.8169067,0,-0.7626389,1.686127,-1.075381,1,1.0,1.0,0.1493505,0.06956106,0.9863344,-0.003281013,-0.001325844,-0.02050863,112.1444,6873
25,0.2314755,0.1004838,0.9999267,0.07109383,0.04114356,0.9999542,0.1512855,0.0708141,0.9999406,-0.8157449,0.06042931,-0.5752469,0,0.04356355,0.9981216,0.04307554,0,-0.5767693,-0.01007885,0.8168451,0,-1.315819,-1.647701,0.3671144,1,-0.8157446,0.04356355,-0.5767691,0,0.0604293,0.9981216,-0.01007885,0,-0.5752466,0.04307552,0.8168448,0,-0.7626216,1.686114,-1.075406,1,1.0,1.0,0.1493973,0.06973018,0.9863155,-0.003281013,-0.001328674,-0.02050221,112.1556,6874
25,0.2320164,0.09690029,1.000004,0.0711925,0.04120544,0.9999857,0.151604,0.06905265,0.9999948,-0.815848,0.0603864,-0.5751051,0,0.04341578,0.998122,0.04321357,0,-0.5766345,-0.01028706,0.8169377,0,-1.315541,-1.64794,0.3671097,1,-0.8158478,0.04341578,-0.5766344,0,0.0603864,0.9981221,-0.01028707,0,-0.5751048,0.04321355,0.8169373,0,-0.7626413,1.686096,-1.075444,1,1.0,1.0,0.1497084,0.06802999,0.986387,-0.003281013,-0.001330574,-0.02049991,112.1667,6875
25,0.2321162,0.09456895,0.9999792,0.07262722,0.03972111,0.9999797,0.1523719,0.06714484,0.9999794,-0.8159339,0.06078826,-0.5749404,0,0.04366113,0.998096,0.0435661,0,-0.5764941,-0.01044451,0.8170345,0,-1.316076,-1.647605,0.3665791,1,-0.815934,0.04366114,-0.5764941,0,0.06078826,0.998096,-0.01044451,0,-0.5749405,0.0435661,0.8170345,0,-0.762915,1.685959,-1.075426,1,1.0,1.0,0.1504564,0.06619544,0.986398,-0.003282211,-0.001337967,-0.02049442,112.1889,6876
25,0.2328366,0.09517872,1.000076,0.07286614,0.0399242,1.000007,0.1528497,0.06755076,1.000041,-0.8162457,0.06111111,-0.5744635,0,0.04382394,0.998074,0.04390587,0,-0.5760403,-0.01066272,0.8173517,0,-1.31612,-1.647556,0.3667306,1,-0.8162458,0.04382393,-0.5760403,0,0.06111112,0.998074,-0.01066272,0,-0.5744637,0.04390587,0.8173518,0,-0.7629199,1.685959,-1.075454,1,1.0,1.0,0.1508977,0.06658102,0.9863046,-0.003284515,-0.001341476,-0.02048929,112.2,6877
25,0.2339735,0.0956899,1.000006,0.07426867,0.03913985,0.9999835,0.1541207,0.06741442,0.9999949,-0.8163521,0.06123949,-0.5742989,0,0.04389342,0.9980654,0.04403375,0,-0.5758843,-0.01073911,0.8174608,0,-1.316174,-1.647485,0.3667834,1,-0.8163519,0.04389342,-0.5758842,0,0.06123949,0.9980654,-0.01073911,0,-0.5742987,0.04403375,0.8174606,0,-0.7629265,1.685918,-1.075487,1,1.0,1.0,0.1521086,0.06644306,0.986128,-0.003286613,-0.001343216,-0.02048414,112.2222,6878
25,0.2336739,0.09465886,1.000032,0.07448518,0.03896634,0.9999589,0.1540778,0.06681166,0.9999953,-0.8166418,0.06177855,-0.573829,0,0.04453524,0.9980354,0.0440686,0,-0.5754241,-0.01043265,0.8177887,0,-1.316808,-1.646816,0.3677478,1,-0.8166417,0.04453524,-0.575424,0,0.06177855,0.9980354,-0.01043265,0,-0.5738289,0.0440686,0.8177886,0,-0.7625982,1.686019,-1.075644,1,1.0,1.0,0.1520772,0.06586368,0.9861717,-0.003289314,-0.001343613,-0.02048013,112.2444,6879
25,0.2342274,0.09577777,1.000038,0.07449108,0.03906334,0.9999983,0.1543583,0.06741988,1.000018,-0.816671,0.06174646,-0.5737907,0,0.04482837,0.9980429,0.04359705,0,-0.5753598,-0.009882348,0.8178408,0,-1.317267,-1.646261,0.3686544,1,-0.8166711,0.04482836,-0.5753598,0,0.06174646,0.9980429,-0.009882344,0,-0.5737907,0.04359706,0.8178408,0,-0.7625925,1.686018,-1.075672,1,1.0,1.0,0.1523326,0.06644474,0.9860933,-0.003289314,-0.001343216,-0.02048013,112.2556,6880
25,0.2333909,0.09669206,1.000002,0.07449171,0.03940989,1.000007,0.1539415,0.06805103,1.000005,-0.8166387,0.06212868,-0.5737954,0,0.04525652,0.9980212,0.04365234,0,-0.5753721,-0.009680204,0.8178345,0,-1.317968,-1.645699,0.368541,1,-0.8166388,0.04525653,-0.5753721,0,0.06212869,0.9980212,-0.009680208,0,-0.5737955,0.04365234,0.8178345,0,-0.7625913,1.686002,-1.075658,1,1.0,1.0,0.1519352,0.06705581,0.9861132,-0.003289314,-0.001342827,-0.02048013,112.2667,6881
25,0.2336517,0.09611462,0.9999495,0.07372561,0.03924974,0.9999685,0.1536891,0.06768252,0.999959,-0.8165154,0.06208829,-0.5739752,0,0.04536178,0.9980262,0.04342895,0,-0.5755388,-0.009423871,0.8177202,0,-1.318245,-1.645569,0.3686832,1,-0.8165154,0.04536178,-0.5755388,0,0.06208828,0.9980261,-0.009423872,0,-0.5739753,0.04342895,0.8177203,0,-0.7625817,1.686107,-1.075688,1,1.0,1.0,0.1517075,0.06670538,0.9861721,-0.003289314,-0.001340836,-0.02047512,112.2778,6882
25,0.2335603,0.0951582,0.9998257,0.07343352,0.04046956,0.9998483,0.1534975,0.06781404,0.999837,-0.8162695,0.06200174,-0.5743345,0,0.04532023,0.9980323,0.04333055,0,-0.575891,-0.009340432,0.8174733,0,-1.318306,-1.645688,0.3684857,1,-0.8162693,0.04532022,-0.5758909,0,0.06200173,0.9980323,-0.009340433,0,-0.5743344,0.04333054,0.8174731,0,-0.762423,1.686229,-1.075799,1,1.0,1.0,0.1515418,0.06683964,0.9861884,-0.003287918,-0.001338615,-0.02047512,112.3,6883
25,0.2335727,0.09480664,0.9998947,0.07020056,0.04208246,0.9999303,0.1518875,0.06844504,0.9999126,-0.8161504,0.06189164,-0.5745154,0,0.04518404,0.9980386,0.04332916,0,-0.5760702,-0.00940419,0.8173461,0,-1.31818,-1.645856,0.3682681,1,-0.8161504,0.04518403,-0.5760702,0,0.06189163,0.9980385,-0.009404188,0,-0.5745154,0.04332916,0.8173461,0,-0.7623926,1.686231,-1.075845,1,1.0,1.0,0.1500018,0.06745012,0.9863822,-0.003284996,-0.001330719,-0.02047385,112.3111,6884
25,0.2339839,0.0943952,0.999888,0.06917313,0.04201503,0.9999277,0.1515796,0.06820578,0.9999079,-0.8160012,0.06108022,-0.5748144,0,0.04394465,0.9980789,0.04367323,0,-0.5763777,-0.01037739,0.8171177,0,-1.316363,-1.647542,0.3672129,1,-0.8160009,0.04394465,-0.5763775,0,0.06108021,0.9980789,-0.01037739,0,-0.5748142,0.04367323,0.8171175,0,-0.7624419,1.686187,-1.075875,1,1.0,1.0,0.1497084,0.06722279,0.9864423,-0.003279702,-0.001330719,-0.02047477,112.3333,6885
25,0.2306287,0.09391461,1.000021,0.06774938,0.04353812,1.000033,0.1491892,0.06872635,1.000026,-0.8159665,0.06103777,-0.574868,0,0.04387667,0.998081,0.0436948,0,-0.5764318,-0.0104302,0.8170787,0,-1.316286,-1.647523,0.367056,1,-0.8159664,0.04387667,-0.5764318,0,0.06103776,0.9980809,-0.0104302,0,-0.5748679,0.0436948,0.8170788,0,-0.7624755,1.686077,-1.075847,1,1.0,1.0,0.1474237,0.06773925,0.986751,-0.003277229,-0.001330719,-0.02047779,112.3444,6886
25,0.2306283,0.09372333,1.000035,0.06774729,0.04353698,1.000011,0.1491873,0.06862999,1.000023,-0.8160744,0.06129412,-0.5746875,0,0.04406278,0.9980646,0.04387949,0,-0.5762649,-0.0104866,0.8171958,0,-1.316522,-1.647334,0.3670028,1,-0.8160744,0.04406277,-0.5762647,0,0.06129412,0.9980647,-0.0104866,0,-0.5746875,0.04387949,0.8171957,0,-0.7624958,1.686052,-1.075853,1,1.0,1.0,0.1474232,0.06764661,0.9867575,-0.003277229,-0.001330719,-0.02047803,112.3556,6887
25,0.2297103,0.09301938,1.000145,0.06996438,0.04236808,1.000059,0.1498352,0.06769268,1.000102,-0.8163713,0.0631851,-0.5740607,0,0.04573808,0.9979485,0.04479704,0,-0.5757135,-0.01031458,0.8175864,0,-1.319118,-1.645454,0.366443,1,-0.8163711,0.04573807,-0.5757135,0,0.06318509,0.9979485,-0.01031458,0,-0.5740606,0.04479704,0.8175865,0,-0.7625609,1.685997,-1.076005,1,1.0,1.0,0.1480349,0.06673808,0.9867278,-0.003277352,-0.001335526,-0.02047191,112.3889,6888
25,0.2295015,0.09426192,0.9999837,0.06960288,0.04232574,0.9999723,0.1495519,0.06829355,0.9999781,-0.8165753,0.06408482,-0.5736707,0,0.04646891,0.9978907,0.04532963,0,-0.5753657,-0.0103572,0.8178308,0,-1.32022,-1.644631,0.3661628,1,-0.8165751,0.04646891,-0.5753655,0,0.06408482,0.9978908,-0.0103572,0,-0.5736706,0.04532963,0.8178307,0,-0.762606,1.685913,-1.076102,1,1.0,1.0,0.1477807,0.06733327,0.9867254,-0.00327896,-0.001341087,-0.02046675,112.4111,6889
25,0.2291836,0.0944369,0.9998837,0.07009506,0.0427242,0.9998673,0.149639,0.06858038,0.9998754,-0.8166895,0.06440748,-0.5734721,0,0.04662662,0.9978678,0.04567037,0,-0.5751909,-0.01055943,0.8179512,0,-1.320403,-1.644583,0.3660024,1,-0.8166893,0.04662662,-0.5751907,0,0.06440746,0.9978678,-0.01055944,0,-0.573472,0.04567036,0.817951,0,-0.7625436,1.685927,-1.076222,1,1.0,1.0,0.1478792,0.06762014,0.9866911,-0.003282295,-0.001345825,-0.02045841,112.4222,6890
25,0.2293119,0.09295804,0.9998282,0.0699957,0.04264339,0.9998359,0.149654,0.06780082,0.999832,-0.8167007,0.06432243,-0.5734655,0,0.04635474,0.9978695,0.04590937,0,-0.5751968,-0.01091136,0.8179424,0,-1.31999,-1.645034,0.3658001,1,-0.8167006,0.04635474,-0.5751967,0,0.06432243,0.9978695,-0.01091137,0,-0.5734655,0.04590937,0.8179423,0,-0.7624506,1.685924,-1.076407,1,1.0,1.0,0.1479076,0.06687278,0.9867377,-0.003282639,-0.001345825,-0.0204558,112.4445,6891
25,0.2302851,0.09256738,0.9999373,0.07000825,0.04229586,0.9999607,0.1501473,0.06743184,0.9999491,-0.8166715,0.06426761,-0.5735132,0,0.04612964,0.9978696,0.04613309,0,-0.5752562,-0.01121963,0.8178964,0,-1.319697,-1.645403,0.3653618,1,-0.8166714,0.04612964,-0.5752562,0,0.06426761,0.9978697,-0.01121963,0,-0.5735132,0.04613309,0.8178963,0,-0.7624727,1.68592,-1.076453,1,1.0,1.0,0.1483602,0.06650116,0.9866949,-0.003282639,-0.001342079,-0.02046231,112.4556,6892
25,0.2303099,0.09253993,0.9999825,0.07098305,0.04238228,1.000028,0.1506474,0.06746171,1.000005,-0.8164486,0.06415714,-0.5738431,0,0.04572459,0.9978708,0.04650882,0,-0.5756052,-0.01173331,0.8176438,0,-1.319331,-1.646008,0.3642004,1,-0.8164483,0.04572459,-0.575605,0,0.06415712,0.9978708,-0.01173331,0,-0.5738429,0.04650881,0.8176435,0,-0.7625685,1.685891,-1.076513,1,1.0,1.0,0.1488252,0.06652123,0.9866235,-0.003282639,-0.001342079,-0.02046231,112.4778,6893
25,0.2300978,0.09205587,0.9999526,0.07100376,0.04144131,0.99997,0.150551,0.0667487,0.9999614,-0.8164028,0.06412629,-0.5739115,0,0.04563629,0.9978716,0.04657897,0,-0.5756769,-0.01183601,0.8175917,0,-1.319278,-1.646144,0.3639951,1,-0.8164028,0.0456363,-0.5756769,0,0.06412629,0.9978717,-0.01183601,0,-0.5739114,0.04657897,0.8175915,0,-0.7625998,1.685893,-1.076561,1,1.0,1.0,0.1487467,0.06583472,0.9866815,-0.003282228,-0.00133786,-0.0204618,112.4889,6894
25,0.2319583,0.09126734,0.9998674,0.07016596,0.04209729,0.9999541,0.1510644,0.06668347,0.9999107,-0.8161504,0.06399895,-0.5742846,0,0.04531119,0.9978756,0.04680997,0,-0.5760603,-0.01218246,0.8173164,0,-1.318985,-1.646622,0.3630289,1,-0.8161504,0.04531119,-0.5760603,0,0.06399893,0.9978756,-0.01218246,0,-0.5742845,0.04680996,0.8173164,0,-0.7626265,1.685895,-1.076584,1,1.0,1.0,0.1492361,0.06576712,0.986612,-0.00327877,-0.001334908,-0.02046501,112.5,6895
25,0.2330235,0.09230055,1.000019,0.07007781,0.04247901,0.9999902,0.1515499,0.06738939,1.000005,-0.8162421,0.06348028,-0.5742116,0,0.04484156,0.9979076,0.04657845,0,-0.575967,-0.01227074,0.8173808,0,-1.318213,-1.647172,0.3635709,1,-0.8162422,0.04484157,-0.5759671,0,0.0634803,0.9979077,-0.01227075,0,-0.5742117,0.04657845,0.8173809,0,-0.7626512,1.685902,-1.076635,1,1.0,1.0,0.149672,0.06643169,0.9865014,-0.003276115,-0.001330292,-0.02046742,112.5111,6896
25,0.2333082,0.09605776,0.9999418,0.06867012,0.04385987,0.9999409,0.150989,0.06995876,0.9999413,-0.8162721,0.06304268,-0.5742175,0,0.04432842,0.997932,0.04654728,0,-0.5759645,-0.01254108,0.8173788,0,-1.317355,-1.647946,0.3636771,1,-0.8162719,0.04432842,-0.5759643,0,0.06304266,0.997932,-0.01254109,0,-0.5742173,0.04654726,0.8173784,0,-0.7625991,1.686006,-1.076678,1,1.0,1.0,0.1491249,0.06890972,0.9864143,-0.003276115,-0.001326416,-0.02047466,112.5333,6897
25,0.2335256,0.09631998,0.999929,0.068593,0.04587111,0.9998666,0.1510576,0.07109473,0.9998978,-0.816548,0.06255409,-0.5738787,0,0.04410659,0.9979662,0.0460232,0,-0.5755904,-0.01226832,0.8176463,0,-1.316842,-1.6482,0.3652876,1,-0.8165476,0.04410658,-0.5755903,0,0.06255409,0.9979662,-0.01226832,0,-0.5738785,0.04602319,0.8176461,0,-0.762532,1.686118,-1.076858,1,1.0,1.0,0.149184,0.07000186,0.9863285,-0.003276115,-0.0013237,-0.02048036,112.5556,6898
25,0.2348637,0.09556651,1.000128,0.06950369,0.04520031,1.000096,0.1521829,0.07038291,1.000112,-0.8165915,0.06280994,-0.5737885,0,0.04457279,0.9979554,0.04580738,0,-0.5754924,-0.01183056,0.8177215,0,-1.317838,-1.647517,0.3657237,1,-0.8165915,0.0445728,-0.5754924,0,0.06280993,0.9979554,-0.01183057,0,-0.5737885,0.04580739,0.8177215,0,-0.7628067,1.686135,-1.076957,1,1.0,1.0,0.1502216,0.06927789,0.9862221,-0.003276566,-0.001311279,-0.02049792,112.5667,6899
25,0.2345505,0.09630948,1.000068,0.06703171,0.0443502,1.000018,0.1507896,0.07032925,1.000043,-0.8169628,0.06326503,-0.5732099,0,0.0450984,0.9979291,0.04586505,0,-0.5749245,-0.01161918,0.8181242,0,-1.318496,-1.646913,0.3665447,1,-0.8169624,0.0450984,-0.5749243,0,0.06326502,0.9979292,-0.01161919,0,-0.5732097,0.04586504,0.8181239,0,-0.762863,1.686153,-1.07705,1,1.0,1.0,0.1489164,0.06923792,0.9864229,-0.003279389,-0.001304695,-0.02051198,112.5889,6900
25,0.2355505,0.0998119,0.9999899,0.06718948,0.04460416,0.9999874,0.1513698,0.07220791,0.9999886,-0.8169676,0.06309745,-0.5732212,0,0.04494128,0.9979393,0.04579708,0,-0.5749297,-0.01165343,0.8181199,0,-1.318314,-1.647059,0.3666615,1,-0.8169677,0.04494129,-0.5749297,0,0.06309745,0.9979392,-0.01165343,0,-0.5732213,0.04579708,0.8181198,0,-0.7629163,1.686119,-1.077105,1,1.0,1.0,0.1494527,0.07104086,0.9862135,-0.003279389,-0.001303505,-0.02051754,112.6,6901
25,0.2355403,0.09980657,0.9999386,0.06717226,0.04485407,0.9999683,0.151357,0.07233053,0.9999535,-0.816857,0.06292637,-0.5733979,0,0.04479317,0.9979501,0.04570608,0,-0.5750986,-0.01165101,0.8180013,0,-1.318229,-1.647217,0.3665748,1,-0.8168569,0.04479318,-0.5750985,0,0.06292637,0.9979503,-0.01165102,0,-0.5733978,0.04570608,0.818001,0,-0.7629576,1.686134,-1.077162,1,1.0,1.0,0.149444,0.07116161,0.9862062,-0.003279389,-0.001303505,-0.02051759,112.6111,6902
25,0.2337939,0.09606051,0.9999533,0.06779006,0.04495103,0.9999703,0.1507924,0.07050606,0.9999619,-0.8167348,0.06264631,-0.5736028,0,0.04452482,0.9979672,0.04559603,0,-0.5752932,-0.0117003,0.8178638,0,-1.317947,-1.647545,0.3665186,1,-0.8167344,0.04452481,-0.5752929,0,0.0626463,0.9979672,-0.0117003,0,-0.5736025,0.04559602,0.8178635,0,-0.7629643,1.686166,-1.077245,1,1.0,1.0,0.148928,0.06941195,0.9864089,-0.003279389,-0.001303505,-0.02051791,112.6333,6903
