flag,xl,yl,zl,xr,yr,zr,xc,yc,zc,mat_00,mat_10,mat_20,mat_30,mat_01,mat_11,mat_21,mat_31,mat_02,mat_12,mat_22,mat_32,mat_03,mat_13,mat_23,mat_33,ctw_00,ctw_10,ctw_20,ctw_30,ctw_01,ctw_11,ctw_21,ctw_31,ctw_02,ctw_12,ctw_22,ctw_32,ctw_03,ctw_13,ctw_23,ctw_33,opennessl,opennessr,ray_x,ray_y,ray_z,eye_x,eye_y,eye_z,time,frame
6,-0.1508301,-0.1010933,0.999927,-0.238875,-0.1086407,0.9998739,-0.1948529,-0.1048672,0.9999005,-0.2156821,-0.0174414,-0.976308,0,-0.001824045,0.9998459,-0.01745894,0,-0.9764621,0.001984749,0.2156807,0,-1.104462,-1.564118,-0.5619639,1,-0.2156821,-0.001824046,-0.9764618,0,-0.01744139,0.9998459,0.00198475,0,-0.9763076,-0.01745893,0.2156807,0,-0.8141426,1.552051,-0.9541555,1,0.8152328,0.981299,-0.1850973,-0.09633844,0.9779867,-0.00131633,-0.004136757,-0.02267547,36.86667,2266
6,-0.1508212,-0.1013682,0.9999568,-0.2392636,-0.1086517,0.9999115,-0.1950426,-0.1050102,0.9999342,-0.2161795,-0.01748141,-0.9761972,0,-0.001872386,0.9998453,-0.01749025,0,-0.9763519,0.001953216,0.2161788,0,-1.104904,-1.56421,-0.5613865,1,-0.2161794,-0.001872387,-0.9763517,0,-0.01748141,0.9998453,0.001953217,0,-0.9761971,-0.01749025,0.2161787,0,-0.814226,1.552081,-0.9543602,1,0.8212442,0.9906849,-0.185265,-0.09646711,0.9779422,-0.00131633,-0.004137055,-0.02267227,36.87778,2267
6,-0.1515137,-0.1005587,0.9998716,-0.240058,-0.1086886,0.9998074,-0.1957859,-0.1046238,0.9998394,-0.2173145,-0.01806597,-0.9759345,0,-0.001550813,0.9998338,-0.01816306,0,-0.9761004,0.002433604,0.2173064,0,-1.106464,-1.564253,-0.5591246,1,-0.2173144,-0.001550813,-0.9761003,0,-0.01806597,0.9998338,0.002433604,0,-0.9759343,-0.01816306,0.2173064,0,-0.8143792,1.552121,-0.9547116,1,0.8226227,0.988862,-0.1859756,-0.09609526,0.9778439,-0.001316583,-0.004139717,-0.02266465,36.91111,2268
6,-0.1516617,-0.1012228,0.9998979,-0.2411371,-0.1089567,0.9998438,-0.1963999,-0.1050899,0.9998709,-0.2178714,-0.01843952,-0.9758033,0,-0.001678748,0.9998271,-0.01851868,0,-0.975976,0.002396562,0.2178648,0,-1.106707,-1.564607,-0.5579532,1,-0.2178714,-0.001678748,-0.9759759,0,-0.01843953,0.9998272,0.002396562,0,-0.9758033,-0.01851867,0.2178647,0,-0.814423,1.552146,-0.9548112,1,0.8226227,0.988862,-0.18653,-0.09652326,0.9776962,-0.001316842,-0.004141022,-0.02265581,36.92222,2269
6,-0.1521104,-0.1009568,0.9998733,-0.2431265,-0.1117353,0.9998433,-0.1976184,-0.1063461,0.9998583,-0.2181647,-0.01868073,-0.9757333,0,-0.001754589,0.9998227,-0.01874963,0,-0.9759105,0.002378492,0.2181587,0,-1.106902,-1.564855,-0.5571992,1,-0.2181646,-0.001754591,-0.9759103,0,-0.01868073,0.9998227,0.002378494,0,-0.9757331,-0.01874962,0.2181587,0,-0.8143971,1.552188,-0.9549571,1,0.836428,0.993905,-0.1876372,-0.09769171,0.9773682,-0.001315759,-0.00414299,-0.02264739,36.93333,2270
6,-0.152618,-0.1014261,1.000012,-0.2438128,-0.1075395,0.9999709,-0.1982156,-0.1044828,0.9999914,-0.2189738,-0.01921097,-0.9755417,0,-0.002001522,0.9998129,-0.01923966,0,-0.9757287,0.002260413,0.2189713,0,-1.107174,-1.56538,-0.5556182,1,-0.2189738,-0.002001522,-0.9757287,0,-0.01921096,0.9998129,0.002260413,0,-0.9755415,-0.01923966,0.2189712,0,-0.8145431,1.552181,-0.9550987,1,1.0,1.0,-0.1881983,-0.09589472,0.9774382,-0.001315025,-0.004154488,-0.02264393,36.95555,2271
6,-0.1528614,-0.1011377,0.9999307,-0.2437981,-0.1062406,0.9998749,-0.1983302,-0.1036893,0.9999028,-0.2195721,-0.01922086,-0.9754071,0,-0.001943924,0.9998125,-0.01926419,0,-0.9755945,0.00233376,0.2195683,0,-1.10775,-1.565345,-0.5549268,1,-0.219572,-0.001943923,-0.9755942,0,-0.01922085,0.9998125,0.00233376,0,-0.9754068,-0.01926419,0.2195682,0,-0.8145974,1.552208,-0.9552168,1,0.840285,0.9998744,-0.1883345,-0.0951448,0.9774854,-0.001315246,-0.004159844,-0.02263437,36.96667,2272
6,-0.1530796,-0.1016954,1.00018,-0.2382323,-0.1056005,1.000136,-0.1956561,-0.103648,1.000158,-0.2200844,-0.01908905,-0.9752941,0,-0.002100807,0.9998155,-0.01909493,0,-0.9754786,0.002153589,0.220084,0,-1.107958,-1.565364,-0.554848,1,-0.2200844,-0.002100809,-0.9754785,0,-0.01908905,0.9998155,0.002153591,0,-0.975294,-0.01909493,0.2200839,0,-0.8148656,1.552153,-0.9553054,1,1.0,1.0,-0.1858385,-0.09512249,0.9779651,-0.001299895,-0.004165734,-0.02263155,36.97778,2273
6,-0.1535081,-0.1015704,0.9999225,-0.2376703,-0.1053103,0.9998615,-0.1955893,-0.1034403,0.9998919,-0.2214518,-0.01903447,-0.9749857,0,-0.001672381,0.9998154,-0.01913936,0,-0.97517,0.002607895,0.2214427,0,-1.109665,-1.564867,-0.5533671,1,-0.2214517,-0.001672383,-0.9751697,0,-0.01903447,0.9998155,0.002607897,0,-0.9749854,-0.01913936,0.2214426,0,-0.8150484,1.552131,-0.9554918,1,1.0,1.0,-0.1858276,-0.09494615,0.9779843,-0.001299171,-0.004170685,-0.02262984,37.0,2274
6,-0.1536457,-0.1012015,0.9998032,-0.2390675,-0.1073789,0.9997405,-0.1963569,-0.1042902,0.999772,-0.222178,-0.01888447,-0.9748234,0,-0.001474872,0.9998178,-0.01903253,0,-0.9750051,0.002790866,0.2221653,0,-1.110506,-1.564584,-0.5526158,1,-0.2221779,-0.001474873,-0.9750048,0,-0.01888447,0.9998178,0.002790868,0,-0.9748232,-0.01903252,0.2221653,0,-0.814979,1.552144,-0.9556105,1,1.0,1.0,-0.1865431,-0.09574537,0.9777701,-0.00129921,-0.004174714,-0.02262912,37.01111,2275
6,-0.1533131,-0.1005709,0.9999228,-0.2390237,-0.1073736,0.9998587,-0.1961686,-0.1039724,0.9998907,-0.2234545,-0.01859621,-0.974537,0,-0.0006435029,0.9998206,-0.01893112,0,-0.9747142,0.003603127,0.2234265,0,-1.112767,-1.563574,-0.5513939,1,-0.2234545,-0.0006435039,-0.9747141,0,-0.01859621,0.9998206,0.003603126,0,-0.9745368,-0.01893112,0.2234263,0,-0.815083,1.552139,-0.9557995,1,1.0,1.0,-0.1863544,-0.09543442,0.9778365,-0.001299003,-0.004176788,-0.02262861,37.03333,2276
6,-0.1531138,-0.09983464,0.9998983,-0.2410571,-0.1091594,0.9998463,-0.1970858,-0.1044973,0.9998724,-0.2240312,-0.01857484,-0.974405,0,-0.0003836276,0.9998199,-0.01897112,0,-0.9745819,0.003876314,0.2239981,0,-1.113617,-1.563318,-0.5506698,1,-0.2240313,-0.0003836281,-0.9745818,0,-0.01857484,0.9998201,0.003876314,0,-0.9744049,-0.01897112,0.223998,0,-0.8150986,1.552163,-0.9559017,1,0.8355373,0.997113,-0.1871951,-0.09591445,0.9776289,-0.001298791,-0.004180809,-0.02262771,37.04445,2277
6,-0.1530688,-0.09912129,0.9998972,-0.2406957,-0.1092359,0.9998689,-0.1968823,-0.1041787,0.9998829,-0.2250954,-0.01891828,-0.9741532,0,0.00017446,0.9998107,-0.01945687,0,-0.9743369,0.004549599,0.2250494,0,-1.11527,-1.562911,-0.5487555,1,-0.2250952,0.0001744584,-0.9743366,0,-0.01891828,0.9998106,0.004549601,0,-0.9741529,-0.01945687,0.2250494,0,-0.8151813,1.552132,-0.956041,1,0.834503,0.9984739,-0.1870121,-0.09561123,0.9776937,-0.001298614,-0.004185081,-0.02262265,37.06667,2278
6,-0.1534403,-0.09975955,0.9997203,-0.2404978,-0.1096171,0.9996732,-0.1969695,-0.1046885,0.9996969,-0.2256089,-0.01903495,-0.9740321,0,0.0001100274,0.9998086,-0.01956417,0,-0.9742181,0.004521017,0.2255636,0,-1.115584,-1.563134,-0.5478102,1,-0.2256089,0.0001100236,-0.9742178,0,-0.01903494,0.9998085,0.00452102,0,-0.9740318,-0.01956417,0.2255636,0,-0.8150243,1.55224,-0.9561885,1,0.8452283,0.9922068,-0.1871172,-0.09610639,0.9776251,-0.001298255,-0.004188873,-0.02261858,37.07778,2279
6,-0.152782,-0.09832325,1.000053,-0.2408659,-0.1096125,1.000033,-0.1968241,-0.103968,1.000043,-0.2258234,-0.01909928,-0.9739812,0,0.0002568634,0.9998066,-0.01966527,0,-0.9741684,0.004691054,0.2257748,0,-1.116007,-1.562962,-0.5475056,1,-0.2258233,0.0002568617,-0.9741681,0,-0.01909928,0.9998066,0.004691056,0,-0.9739808,-0.01966526,0.2257747,0,-0.8151318,1.552179,-0.9562335,1,0.8227452,0.9880198,-0.1869387,-0.09539338,0.977729,-0.001295578,-0.004191285,-0.02261215,37.08889,2280
6,-0.1525984,-0.09867811,0.9999415,-0.2403421,-0.1097519,0.999915,-0.1964704,-0.1042151,0.9999282,-0.2265557,-0.01923136,-0.9738084,0,3.303587e-05,0.9998049,-0.01975244,0,-0.9739983,0.004507198,0.2265109,0,-1.116205,-1.563275,-0.5465215,1,-0.2265557,3.303446e-05,-0.9739982,0,-0.01923136,0.9998049,0.004507198,0,-0.9738082,-0.01975244,0.2265109,0,-0.8151537,1.552212,-0.956343,1,0.8227452,0.9880198,-0.1866317,-0.09564414,0.9777632,-0.001293038,-0.004191658,-0.02260642,37.11111,2281
6,-0.1535318,-0.09917168,0.9999205,-0.2402736,-0.1100236,0.9998969,-0.1969028,-0.1045976,0.9999087,-0.2268171,-0.01927948,-0.9737465,0,-0.0002067247,0.999805,-0.01974726,0,-0.9739373,0.004277719,0.2267768,0,-1.11604,-1.563504,-0.5461866,1,-0.2268171,-0.0002067256,-0.9739373,0,-0.01927948,0.999805,0.004277721,0,-0.9737466,-0.01974727,0.2267769,0,-0.8151277,1.552183,-0.9564018,1,1.0,1.0,-0.1870321,-0.09600127,0.9776516,-0.001289368,-0.004191597,-0.02259934,37.12222,2282
6,-0.1530188,-0.09828158,0.9999092,-0.2409431,-0.1094997,0.9998783,-0.1969812,-0.1038907,0.9998937,-0.2276442,-0.01939845,-0.9735513,0,-0.001185214,0.9998063,-0.01964445,0,-0.9737438,0.003318078,0.2276231,0,-1.115092,-1.564541,-0.5452377,1,-0.2276442,-0.001185215,-0.9737436,0,-0.01939845,0.9998063,0.003318079,0,-0.973551,-0.01964445,0.2276231,0,-0.8150107,1.552205,-0.9565141,1,0.8207223,0.9919465,-0.1871217,-0.09533232,0.9776999,-0.001287507,-0.00419149,-0.02259391,37.14444,2283
6,-0.1526151,-0.09972159,0.9997611,-0.2410732,-0.1090677,0.9997318,-0.1968445,-0.1043947,0.9997464,-0.2279629,-0.01944501,-0.9734757,0,-0.001339089,0.9998059,-0.01965737,0,-0.9736689,0.003177579,0.2279446,0,-1.115047,-1.564744,-0.5446612,1,-0.2279628,-0.00133909,-0.973669,0,-0.01944501,0.999806,0.00317758,0,-0.9734756,-0.01965737,0.2279446,0,-0.8148301,1.55224,-0.9565616,1,0.8313978,0.996774,-0.1870161,-0.09582452,0.977672,-0.001284561,-0.004192627,-0.02258964,37.15556,2284
6,-0.1525262,-0.09974983,0.9999069,-0.2409385,-0.1094163,0.9998606,-0.1967326,-0.1045832,0.9998837,-0.2285935,-0.01970702,-0.9733225,0,-0.001838745,0.9998021,-0.01981131,0,-0.9735202,0.002739046,0.2285844,0,-1.114735,-1.565378,-0.5435985,1,-0.2285934,-0.001838744,-0.9735203,0,-0.01970702,0.9998021,0.002739046,0,-0.9733225,-0.01981132,0.2285845,0,-0.8147668,1.552249,-0.9566718,1,0.835301,0.9931213,-0.1868865,-0.09599314,0.9776803,-0.001284462,-0.004192749,-0.02258547,37.17778,2285
6,-0.1536291,-0.099842,0.9998463,-0.2412645,-0.1087381,0.9998191,-0.1974471,-0.1042902,0.9998327,-0.2288932,-0.01972866,-0.9732518,0,-0.00171027,0.9998012,-0.01986461,0,-0.9734502,0.002882348,0.2288814,0,-1.115157,-1.565276,-0.5430725,1,-0.228893,-0.001710271,-0.9734499,0,-0.01972865,0.9998012,0.00288235,0,-0.9732515,-0.01986461,0.2288813,0,-0.8146786,1.552269,-0.9567389,1,0.8109548,0.9868938,-0.1875611,-0.09570784,0.9775791,-0.0012844,-0.004193138,-0.0225777,37.18889,2286
6,-0.1536567,-0.09985595,1.0,-0.2413013,-0.1087564,1.0,-0.1974791,-0.1043063,1.0,-0.2288932,-0.01972866,-0.9732518,0,-0.00171027,0.9998012,-0.01986461,0,-0.9734502,0.002882348,0.2288814,0,-1.115157,-1.565276,-0.5430725,1,-0.228893,-0.001710271,-0.9734499,0,-0.01972865,0.9998012,0.00288235,0,-0.9732515,-0.01986461,0.2288813,0,-0.8146786,1.552269,-0.9567389,1,0.8260579,0.9955737,-0.1875611,-0.09570784,0.9775791,-0.0012844,-0.004193138,-0.0225777,37.2,2287
6,-0.1536527,-0.100722,0.9999945,-0.2423129,-0.1122607,0.999926,-0.1979832,-0.1064916,0.9999602,-0.230045,-0.0192728,-0.9729891,0,-0.001554601,0.9998099,-0.0194365,0,-0.9731788,0.002958661,0.2300313,0,-1.116123,-1.564761,-0.5424457,1,-0.230045,-0.001554601,-0.9731787,0,-0.0192728,0.9998099,0.00295866,0,-0.9729891,-0.0194365,0.2300312,0,-0.8147097,1.552185,-0.9567781,1,0.8201567,0.9863481,-0.1879948,-0.09777552,0.9772912,-0.00128859,-0.004191414,-0.02255731,37.22222,2288
6,-0.1524159,-0.101462,0.999893,-0.2420033,-0.1131835,0.9998631,-0.1972097,-0.1073227,0.999878,-0.230372,-0.01924725,-0.9729123,0,-0.001435368,0.99981,-0.01943949,0,-0.9731016,0.003081824,0.2303557,0,-1.116514,-1.56461,-0.5420122,1,-0.2303718,-0.001435369,-0.9731015,0,-0.01924725,0.99981,0.003081826,0,-0.9729123,-0.01943949,0.2303558,0,-0.8146583,1.552173,-0.9568044,1,1.0,1.0,-0.187281,-0.09858544,0.9773468,-0.001289672,-0.00418969,-0.02255255,37.23333,2289
6,-0.1533889,-0.1012427,0.999758,-0.2431041,-0.1126385,0.9997265,-0.1982467,-0.1069408,0.9997422,-0.2308724,-0.018957,-0.9727994,0,-0.001350314,0.9998155,-0.019163,0,-0.9729831,0.003110624,0.2308555,0,-1.117039,-1.564388,-0.5416162,1,-0.2308725,-0.001350315,-0.9729831,0,-0.018957,0.9998154,0.003110623,0,-0.9727994,-0.019163,0.2308554,0,-0.8144336,1.552212,-0.9569593,1,0.8120877,0.9982855,-0.1882671,-0.09821934,0.9771941,-0.001291045,-0.004188584,-0.02255002,37.25556,2290
6,-0.1521268,-0.1009637,0.9998953,-0.2424593,-0.1122179,0.9998866,-0.1972932,-0.1065908,0.9998909,-0.2309468,-0.01909013,-0.9727792,0,-0.001145945,0.9998121,-0.01934857,0,-0.9729658,0.003353739,0.2309253,0,-1.117429,-1.564267,-0.5411698,1,-0.2309468,-0.001145946,-0.9729656,0,-0.01909013,0.9998122,0.003353739,0,-0.972779,-0.01934857,0.2309252,0,-0.8143674,1.552222,-0.9570044,1,0.8214959,0.9942199,-0.1873685,-0.09789115,0.9773998,-0.001291007,-0.004189484,-0.02254617,37.26667,2291
6,-0.1513314,-0.10035,0.9998142,-0.2426767,-0.1125648,0.999772,-0.1970044,-0.1064574,0.999793,-0.2313589,-0.01935642,-0.9726759,0,-0.001048799,0.9998064,-0.01964686,0,-0.9728679,0.003525333,0.2313343,0,-1.117773,-1.564379,-0.540139,1,-0.2313588,-0.001048798,-0.9728679,0,-0.01935642,0.9998065,0.003525334,0,-0.9726759,-0.01964686,0.2313344,0,-0.8142675,1.552292,-0.9569774,1,0.8167217,0.9876262,-0.1871216,-0.09778018,0.9774582,-0.001291313,-0.00418866,-0.02254261,37.27778,2292
6,-0.1514513,-0.1005222,0.9999284,-0.2434069,-0.1126581,0.9999031,-0.1974294,-0.1065903,0.9999158,-0.231903,-0.01971208,-0.9725391,0,-0.001276524,0.9998,-0.01996023,0,-0.9727381,0.003387366,0.2318817,0,-1.117792,-1.564915,-0.5389185,1,-0.231903,-0.001276524,-0.9727381,0,-0.01971208,0.9997999,0.003387367,0,-0.9725392,-0.01996023,0.2318817,0,-0.8141864,1.552418,-0.9570524,1,0.8037059,0.9845864,-0.1874905,-0.09788742,0.9773768,-0.001292053,-0.004188492,-0.02253768,37.3,2293
6,-0.1520932,-0.1008358,0.9999163,-0.2434834,-0.1133535,0.9998881,-0.1977886,-0.1070947,0.9999021,-0.232152,-0.02008998,-0.9724721,0,-0.00141148,0.9997926,-0.02031743,0,-0.9726785,0.003344106,0.2321322,0,-1.117705,-1.565244,-0.5380611,1,-0.232152,-0.001411481,-0.9726785,0,-0.02008998,0.9997926,0.003344106,0,-0.972472,-0.02031743,0.2321322,0,-0.8141726,1.55241,-0.9570318,1,0.8227248,0.9935438,-0.1878162,-0.0983608,0.9772667,-0.001292626,-0.004188668,-0.02252692,37.31111,2294
6,-0.1526777,-0.1003366,1.000125,-0.2436071,-0.1130077,1.000118,-0.1981422,-0.1066721,1.000122,-0.2323534,-0.02009559,-0.9724238,0,-0.001198607,0.9997917,-0.02037476,0,-0.9726306,0.003568592,0.2323291,0,-1.118257,-1.56503,-0.537841,1,-0.2323535,-0.001198607,-0.9726308,0,-0.02009559,0.9997917,0.003568592,0,-0.9724238,-0.02037476,0.2323292,0,-0.8142905,1.552405,-0.95711,1,0.8009665,0.995873,-0.1881126,-0.09793378,0.9772527,-0.001292481,-0.004189865,-0.02252176,37.33334,2295
6,-0.1519735,-0.09978543,0.9999951,-0.2436557,-0.1127677,0.9999802,-0.1978149,-0.1062767,0.9999877,-0.2325507,-0.01980654,-0.9723826,0,-0.00109456,0.9997973,-0.02010318,0,-0.9725837,0.003610675,0.2325252,0,-1.118541,-1.564776,-0.5380397,1,-0.2325506,-0.001094562,-0.9725835,0,-0.01980654,0.9997974,0.003610677,0,-0.9723825,-0.02010318,0.2325252,0,-0.8142906,1.552418,-0.9571168,1,0.7962396,0.9854689,-0.1878413,-0.09757677,0.9773405,-0.001292443,-0.004190224,-0.02251941,37.34444,2296
6,-0.1519741,-0.0997853,1.0,-0.2436597,-0.1127693,0.9999999,-0.1978171,-0.1062773,1.0,-0.2325507,-0.01980654,-0.9723826,0,-0.00109456,0.9997973,-0.02010318,0,-0.9725837,0.003610675,0.2325252,0,-1.118541,-1.564776,-0.5380397,1,-0.2325506,-0.001094562,-0.9725835,0,-0.01980654,0.9997974,0.003610677,0,-0.9723825,-0.02010318,0.2325252,0,-0.8142906,1.552418,-0.9571168,1,0.8005429,0.9804692,-0.1878413,-0.09757677,0.9773405,-0.001292443,-0.004190224,-0.02251941,37.35556,2297
6,-0.1522166,-0.1011647,0.999983,-0.2438572,-0.1131084,0.9999356,-0.1980374,-0.1071369,0.9999592,-0.2332094,-0.01901288,-0.9722407,0,-3.321096e-05,0.999809,-0.01954403,0,-0.9724266,0.004525561,0.2331655,0,-1.12049,-1.563173,-0.5383719,1,-0.2332094,-3.321263e-05,-0.9724265,0,-0.01901287,0.999809,0.004525561,0,-0.9722406,-0.01954403,0.2331654,0,-0.8144563,1.552316,-0.9569902,1,0.8075902,0.9726164,-0.1880382,-0.09839011,0.9772211,-0.00129145,-0.004190659,-0.02251431,37.37778,2298
6,-0.1536477,-0.1004919,0.9999828,-0.2440514,-0.1133301,0.9999546,-0.1988499,-0.1069109,0.9999688,-0.2335546,-0.01869985,-0.972164,0,8.969661e-05,0.9998146,-0.01925327,0,-0.9723439,0.004583887,0.2335097,0,-1.120882,-1.562833,-0.5384389,1,-0.2335545,8.96928e-05,-0.9723434,0,-0.01869985,0.9998146,0.004583888,0,-0.9721637,-0.01925327,0.2335096,0,-0.8144625,1.552277,-0.9569879,1,0.8075902,0.9726164,-0.1887902,-0.09815528,0.9770997,-0.001291702,-0.004196922,-0.02251106,37.38889,2299
6,-0.153587,-0.0990871,0.9999702,-0.2442035,-0.1126866,0.9999394,-0.1988955,-0.1058868,0.9999549,-0.2344391,-0.01805141,-0.9719632,0,0.0005823169,0.9998248,-0.01870932,0,-0.9721307,0.004952187,0.2343875,0,-1.122084,-1.561949,-0.5382504,1,-0.2344391,0.0005823174,-0.9721306,0,-0.01805141,0.9998248,0.004952187,0,-0.9719632,-0.01870932,0.2343875,0,-0.8144153,1.552259,-0.9569175,1,0.8035162,0.9830238,-0.1888527,-0.09718088,0.977185,-0.001292313,-0.00420353,-0.02250786,37.41111,2300
6,-0.1540569,-0.09932218,1.0,-0.2445393,-0.1124208,0.9999691,-0.1992983,-0.1058716,0.9999846,-0.2348113,-0.01776001,-0.9718788,0,0.0007928256,0.9998292,-0.01846232,0,-0.9720407,0.005105693,0.2347572,0,-1.122575,-1.561551,-0.5382452,1,-0.2348113,0.000792825,-0.9720405,0,-0.01776,0.9998292,0.005105691,0,-0.9718785,-0.01846232,0.2347571,0,-0.8144355,1.552237,-0.956859,1,0.7948981,0.9899464,-0.1892182,-0.09715665,0.9771166,-0.001293121,-0.004203575,-0.02250851,37.42222,2301
6,-0.1540378,-0.09958341,1.000057,-0.2448689,-0.1124329,1.000014,-0.1994538,-0.1060083,1.000036,-0.2353354,-0.0173028,-0.9717602,0,0.001073664,0.9998363,-0.01806272,0,-0.9719136,0.005294141,0.2352782,0,-1.1233,-1.560954,-0.5383696,1,-0.2353354,0.001073665,-0.9719136,0,-0.0173028,0.9998363,0.005294141,0,-0.9717602,-0.01806272,0.2352782,0,-0.8145272,1.55218,-0.9568198,1,0.7946874,0.977881,-0.1893492,-0.09727842,0.9770792,-0.001294198,-0.004203575,-0.0225073,37.43333,2302
6,-0.1541919,-0.09933227,0.9999069,-0.2439949,-0.112772,0.999863,-0.1990937,-0.1060524,0.999885,-0.2362913,-0.01668733,-0.9715391,0,0.001571939,0.9998447,-0.01755583,0,-0.9716811,0.005675487,0.2362283,0,-1.124429,-1.560076,-0.5380661,1,-0.2362912,0.001571936,-0.9716809,0,-0.01668733,0.9998446,0.005675489,0,-0.9715389,-0.01755583,0.2362283,0,-0.8144785,1.552155,-0.9566258,1,0.787591,0.978744,-0.1890409,-0.0973403,0.9771327,-0.001297127,-0.004203575,-0.02250567,37.45555,2303
6,-0.1547307,-0.100484,0.9999773,-0.2440095,-0.1127308,0.9999489,-0.1993703,-0.1066076,0.9999631,-0.2366387,-0.01636553,-0.97146,0,0.0017897,0.9998491,-0.01727974,0,-0.9715961,0.005827675,0.2365736,0,-1.124949,-1.559666,-0.5381038,1,-0.2366386,0.001789701,-0.9715961,0,-0.01636553,0.9998491,0.005827675,0,-0.9714599,-0.01727973,0.2365736,0,-0.8144773,1.552146,-0.9566058,1,0.786372,0.9743479,-0.1892726,-0.09785463,0.9770365,-0.001297173,-0.004203575,-0.02250186,37.46667,2304
6,-0.1550253,-0.09928486,1.000007,-0.2458254,-0.1120101,0.999985,-0.2004257,-0.1056475,0.9999958,-0.2368535,-0.01653533,-0.9714048,0,0.001745406,0.9998463,-0.01744504,0,-0.9715439,0.005827413,0.2367883,0,-1.125028,-1.55978,-0.5376989,1,-0.2368535,0.001745404,-0.9715437,0,-0.01653533,0.9998462,0.005827413,0,-0.9714045,-0.01744504,0.2367882,0,-0.8145812,1.552124,-0.9566032,1,0.7990636,0.9825812,-0.1902564,-0.0969268,0.9769379,-0.001297173,-0.004201149,-0.02249881,37.48889,2305
6,-0.1550198,-0.09960651,1.000038,-0.2464229,-0.1121406,1.000036,-0.2007214,-0.1058737,1.000037,-0.2368351,-0.01683635,-0.971404,0,0.001577702,0.9998419,-0.01771389,0,-0.9715486,0.005727857,0.2367711,0,-1.124723,-1.560056,-0.5373594,1,-0.2368351,0.001577701,-0.9715486,0,-0.01683635,0.9998418,0.005727857,0,-0.971404,-0.01771389,0.2367711,0,-0.8146326,1.552065,-0.9565562,1,0.7937942,0.9691049,-0.1905187,-0.09713315,0.9768663,-0.001297173,-0.004199967,-0.02249146,37.5,2306
6,-0.1558826,-0.1009936,1.000062,-0.2464661,-0.1122905,1.000091,-0.2011741,-0.106642,1.000076,-0.2365144,-0.01688215,-0.9714814,0,0.001811258,0.9998397,-0.01781592,0,-0.9716263,0.005973324,0.2364459,0,-1.124873,-1.559897,-0.5375952,1,-0.2365144,0.001811258,-0.9716262,0,-0.01688215,0.9998396,0.005973325,0,-0.9714812,-0.01781591,0.2364459,0,-0.8146467,1.552106,-0.9565263,1,0.7935441,0.9821556,-0.1909172,-0.09785318,0.9767166,-0.001296685,-0.004196854,-0.02247951,37.52222,2307
6,-0.1567133,-0.1024095,1.000364,-0.246157,-0.1129644,1.000417,-0.2014347,-0.1076868,1.00039,-0.2358717,-0.01742202,-0.971628,0,0.001751247,0.9998301,-0.01835283,0,-0.9717826,0.006030473,0.2358011,0,-1.124303,-1.560295,-0.5378128,1,-0.2358717,0.001751246,-0.9717826,0,-0.01742201,0.99983,0.006030472,0,-0.971628,-0.01835283,0.2358011,0,-0.8149287,1.552128,-0.9563516,1,0.7817021,0.983122,-0.1910884,-0.09881208,0.9765866,-0.001292649,-0.004193131,-0.02246729,37.53333,2308
6,-0.1558251,-0.1031641,1.000051,-0.2470765,-0.113225,1.000096,-0.2014505,-0.1081944,1.000074,-0.2348802,-0.01850777,-0.9718482,0,0.001374437,0.9998114,-0.01937248,0,-0.9720235,0.005885952,0.2348105,0,-1.123089,-1.561379,-0.5374843,1,-0.2348801,0.001374434,-0.9720232,0,-0.01850777,0.9998114,0.005885954,0,-0.971848,-0.01937247,0.2348104,0,-0.8150419,1.552215,-0.9562713,1,0.7738217,0.9698571,-0.1911559,-0.09932339,0.9765215,-0.001287872,-0.004191177,-0.02245889,37.55556,2309
6,-0.1547889,-0.1024313,0.9999685,-0.2465648,-0.1111561,0.999978,-0.2006769,-0.1067936,0.9999733,-0.2347411,-0.0189246,-0.9718738,0,0.00134447,0.9998032,-0.01979318,0,-0.9720571,0.005952928,0.2346694,0,-1.122897,-1.561726,-0.5369762,1,-0.234741,0.00134447,-0.9720569,0,-0.0189246,0.9998032,0.005952928,0,-0.9718736,-0.01979318,0.2346694,0,-0.815018,1.5523,-0.956211,1,0.779041,0.9690331,-0.1904932,-0.09802335,0.9767823,-0.001282623,-0.004190102,-0.02245049,37.56667,2310
6,-0.1548217,-0.1031914,1.00009,-0.246565,-0.1103442,1.000136,-0.200693,-0.1067677,1.000113,-0.2342095,-0.01949002,-0.9719907,0,0.001131066,0.9997929,-0.02032004,0,-0.9721854,0.005858533,0.234139,0,-1.122258,-1.562298,-0.5368208,1,-0.2342096,0.001131066,-0.9721856,0,-0.01949002,0.999793,0.005858534,0,-0.9719909,-0.02032004,0.234139,0,-0.8150777,1.552336,-0.9561993,1,0.7722092,0.9722749,-0.1904841,-0.09798882,0.9767876,-0.001282623,-0.004187439,-0.02244744,37.57778,2311
6,-0.1548148,-0.1025832,1.0001,-0.2466832,-0.1106493,1.000118,-0.200749,-0.1066161,1.000109,-0.2337499,-0.02044055,-0.9720818,0,0.001129728,0.9997726,-0.02129448,0,-0.9722961,0.00607577,0.2336736,0,-1.121904,-1.56289,-0.5361046,1,-0.2337499,0.001129729,-0.9722962,0,-0.02044055,0.9997726,0.00607577,0,-0.972082,-0.02129448,0.2336736,0,-0.8153289,1.552386,-0.9560537,1,0.7745764,0.9743008,-0.1905392,-0.09784643,0.9767911,-0.001282623,-0.004185799,-0.02244733,37.6,2312
6,-0.1546046,-0.1025817,1.000129,-0.2464896,-0.1107613,1.000144,-0.2005471,-0.1066716,1.000137,-0.2335606,-0.02085931,-0.9721184,0,0.00154876,0.9997606,-0.02182455,0,-0.972341,0.006602931,0.2334723,0,-1.122421,-1.562737,-0.5356562,1,-0.2335606,0.00154876,-0.9723411,0,-0.02085931,0.9997607,0.006602932,0,-0.9721186,-0.02182455,0.2334724,0,-0.8154722,1.55241,-0.9559962,1,0.7872561,0.9620673,-0.1903473,-0.0978995,0.9768232,-0.001282623,-0.004185761,-0.02244733,37.61111,2313
6,-0.153097,-0.1024613,0.9999592,-0.2455111,-0.1106874,0.9999471,-0.1993043,-0.1065745,0.9999533,-0.2334214,-0.02099054,-0.9721491,0,0.001852599,0.9997556,-0.02203145,0,-0.9723739,0.006943614,0.2333255,0,-1.12282,-1.56263,-0.5355718,1,-0.2334214,0.001852599,-0.972374,0,-0.02099054,0.9997556,0.006943615,0,-0.9721491,-0.02203145,0.2333255,0,-0.8155463,1.552529,-0.9559879,1,0.7718727,0.9685737,-0.1892365,-0.09784712,0.9770443,-0.001282623,-0.004184998,-0.02244912,37.63334,2314
6,-0.1527059,-0.1024449,1.000029,-0.2435216,-0.1101339,1.000018,-0.1981139,-0.1062893,1.000024,-0.2335005,-0.0215281,-0.9721183,0,0.001836782,0.9997433,-0.02258107,0,-0.9723549,0.00705826,0.2334009,0,-1.122874,-1.562981,-0.5347192,1,-0.2335004,0.001836784,-0.9723549,0,-0.02152811,0.9997433,0.00705826,0,-0.9721184,-0.02258107,0.233401,0,-0.81565,1.552567,-0.9559964,1,0.7765976,0.969409,-0.1881223,-0.09759229,0.9772848,-0.001290703,-0.004183197,-0.02246169,37.64444,2315
6,-0.1522753,-0.1023753,1.000174,-0.2430391,-0.110464,1.000155,-0.1976573,-0.1064198,1.000164,-0.2336954,-0.02162516,-0.9720694,0,0.001932348,0.9997404,-0.0227053,0,-0.972308,0.007184499,0.2335929,0,-1.123132,-1.562928,-0.5345197,1,-0.2336953,0.001932348,-0.9723079,0,-0.02162516,0.9997403,0.0071845,0,-0.9720693,-0.0227053,0.2335929,0,-0.8158594,1.552556,-0.9559411,1,0.7761597,0.9666423,-0.1876647,-0.09770774,0.9773614,-0.001299134,-0.004185975,-0.02247261,37.65556,2316
6,-0.15213,-0.1023145,0.9999764,-0.2437012,-0.1093073,0.9999415,-0.197916,-0.1058109,0.999959,-0.2340198,-0.02223736,-0.9719776,0,0.002108469,0.9997244,-0.02337981,0,-0.9722296,0.00752072,0.2339084,0,-1.123622,-1.563177,-0.5331908,1,-0.2340197,0.002108466,-0.9722295,0,-0.02223735,0.9997243,0.007520721,0,-0.9719774,-0.02337981,0.2339083,0,-0.81596,1.552649,-0.9559441,1,0.7664661,0.959366,-0.1879421,-0.09714121,0.9773645,-0.00130548,-0.004189651,-0.02248438,37.67778,2317
6,-0.1523862,-0.1028428,1.00003,-0.2437475,-0.1108911,1.000035,-0.198067,-0.1068668,1.000032,-0.23397,-0.02225018,-0.9719893,0,0.002243401,0.9997231,-0.02342506,0,-0.9722413,0.007661323,0.2338552,0,-1.123839,-1.563095,-0.5332073,1,-0.2339699,0.002243401,-0.9722411,0,-0.02225018,0.9997231,0.007661324,0,-0.9719891,-0.02342506,0.2338553,0,-0.8159953,1.552693,-0.9559736,1,0.7664661,0.959366,-0.1880421,-0.09812836,0.9772466,-0.001312309,-0.004192498,-0.0224922,37.68889,2318
6,-0.1529578,-0.1028118,0.9999094,-0.2433155,-0.112718,0.9998924,-0.1981367,-0.107765,0.9999009,-0.2345902,-0.02242102,-0.9718359,0,0.002594255,0.999716,-0.02369047,0,-0.972091,0.008078735,0.2344654,0,-1.124808,-1.562879,-0.5320904,1,-0.2345901,0.002594251,-0.9720908,0,-0.02242102,0.999716,0.008078738,0,-0.9718356,-0.02369046,0.2344653,0,-0.8160145,1.552748,-0.9560327,1,0.7809135,0.9746903,-0.1881088,-0.09898706,0.9771472,-0.00131688,-0.004194176,-0.0224958,37.71111,2319
6,-0.1530309,-0.1034159,0.9999826,-0.2411784,-0.1122291,0.9999498,-0.197105,-0.1078225,0.9999662,-0.2349414,-0.02251574,-0.9717489,0,0.002493304,0.9997144,-0.02376652,0,-0.9720065,0.008006601,0.2348181,0,-1.124871,-1.562983,-0.5316097,1,-0.2349413,0.002493302,-0.9720062,0,-0.02251573,0.9997144,0.008006602,0,-0.9717485,-0.02376652,0.2348181,0,-0.8160612,1.552707,-0.9560359,1,0.7778363,0.9604569,-0.1871434,-0.09905007,0.9773262,-0.001318673,-0.004198624,-0.02249501,37.72222,2320
6,-0.1530277,-0.1034469,1.000058,-0.2416446,-0.1118795,1.000037,-0.197336,-0.1076631,1.000048,-0.2353289,-0.02249582,-0.9716555,0,0.002358076,0.9997159,-0.02371659,0,-0.971913,0.007872436,0.2352091,0,-1.124981,-1.563052,-0.5315024,1,-0.235329,0.002358073,-0.9719129,0,-0.02249582,0.9997159,0.007872436,0,-0.9716553,-0.02371659,0.235209,0,-0.8163399,1.552655,-0.9560643,1,0.7712044,0.9578384,-0.1873449,-0.0988825,0.9773045,-0.001319809,-0.004203728,-0.02249172,37.74445,2321
6,-0.1530166,-0.1034577,1.000003,-0.2416201,-0.111451,0.9999657,-0.1973188,-0.1074545,0.9999844,-0.235747,-0.02241074,-0.9715562,0,0.002107811,0.9997199,-0.02357185,0,-0.9718124,0.007604845,0.2356337,0,-1.124877,-1.563259,-0.5312945,1,-0.2357469,0.002107807,-0.9718121,0,-0.02241074,0.9997199,0.007604847,0,-0.9715559,-0.02357185,0.2356336,0,-0.8164023,1.552669,-0.9560894,1,0.7688835,0.9745871,-0.187344,-0.09869041,0.9773241,-0.001319809,-0.004205231,-0.02248918,37.75556,2322
6,-0.1537867,-0.1036063,1.00008,-0.241754,-0.1113836,1.000058,-0.1977707,-0.1074951,1.000069,-0.2362328,-0.02210695,-0.971445,0,0.001921489,0.9997286,-0.02321786,0,-0.9716946,0.007351439,0.2361261,0,-1.12499,-1.563287,-0.5314662,1,-0.2362327,0.00192149,-0.9716945,0,-0.02210695,0.9997286,0.007351439,0,-0.971445,-0.02321786,0.2361261,0,-0.8166091,1.552685,-0.9561614,1,0.7744673,0.9666432,-0.1877458,-0.09871227,0.9772449,-0.001319809,-0.004206215,-0.02248639,37.77778,2323
6,-0.1545283,-0.1040502,0.9998865,-0.2416619,-0.1121551,0.9998559,-0.1980952,-0.1081026,0.9998713,-0.2365543,-0.02231789,-0.9713619,0,0.001808036,0.9997243,-0.02340985,0,-0.9716166,0.007293958,0.2364488,0,-1.125047,-1.56355,-0.5307496,1,-0.2365543,0.001808036,-0.9716167,0,-0.02231789,0.9997243,0.007293958,0,-0.9713619,-0.02340985,0.2364487,0,-0.8165798,1.552728,-0.9562153,1,0.7798597,0.9612361,-0.1880701,-0.09929945,0.9771229,-0.001318924,-0.004206474,-0.02248512,37.78889,2324
6,-0.1552975,-0.1035326,1.000038,-0.2417279,-0.113504,1.000039,-0.1985127,-0.1085183,1.000038,-0.2365261,-0.02249049,-0.9713649,0,0.001640063,0.9997214,-0.0235464,0,-0.9716238,0.007162435,0.2364233,0,-1.124844,-1.563835,-0.5306125,1,-0.236526,0.001640063,-0.9716238,0,-0.02249049,0.9997214,0.007162437,0,-0.9713647,-0.02354639,0.2364233,0,-0.8166445,1.55275,-0.9562752,1,0.7602858,0.9553295,-0.1884204,-0.09966978,0.9770178,-0.001317277,-0.004207245,-0.02247982,37.8,2325
6,-0.155479,-0.1036981,1.000051,-0.2455652,-0.1142167,1.000028,-0.2005222,-0.1089574,1.000039,-0.2367405,-0.02279241,-0.9713057,0,0.00143219,0.9997155,-0.02380814,0,-0.971572,0.00702744,0.2366405,0,-1.124674,-1.564206,-0.5300629,1,-0.2367404,0.001432187,-0.9715719,0,-0.0227924,0.9997155,0.007027443,0,-0.9713054,-0.02380814,0.2366404,0,-0.8167606,1.552752,-0.9562745,1,0.7748972,0.9556386,-0.1902666,-0.1000485,0.9766212,-0.001315049,-0.004207604,-0.02247337,37.81111,2326
6,-0.1556737,-0.1036394,1.000239,-0.2462366,-0.1135823,1.000209,-0.2009553,-0.1086111,1.000224,-0.2372766,-0.02331929,-0.9711622,0,0.001542573,0.9997016,-0.02438145,0,-0.9714409,0.007283233,0.2371697,0,-1.125199,-1.564386,-0.528911,1,-0.2372765,0.001542571,-0.9714409,0,-0.02331929,0.9997014,0.007283235,0,-0.9711622,-0.02438145,0.2371698,0,-0.817122,1.552759,-0.9562287,1,0.7656323,0.9602067,-0.1906432,-0.09969712,0.9765837,-0.001311668,-0.004207436,-0.02246452,37.84444,2327
6,-0.1542632,-0.1034779,0.9999608,-0.2463862,-0.1139107,0.9999377,-0.2003251,-0.1086944,0.9999493,-0.2375143,-0.02336148,-0.9711031,0,0.001530224,0.9997005,-0.0244237,0,-0.9713829,0.007286982,0.2374074,0,-1.125335,-1.564455,-0.5285727,1,-0.2375143,0.001530221,-0.9713827,0,-0.02336148,0.9997004,0.007286981,0,-0.9711031,-0.0244237,0.2374073,0,-0.8171296,1.552799,-0.9562436,1,0.7656323,0.9602067,-0.1901161,-0.09981429,0.9766745,-0.001306778,-0.004206757,-0.02245744,37.85556,2328
6,-0.1537108,-0.1028633,1.000173,-0.2461765,-0.1145279,1.000173,-0.1999437,-0.1086956,1.000173,-0.237488,-0.0235319,-0.9711055,0,0.001614932,0.9996956,-0.02461964,0,-0.9713892,0.007415138,0.2373778,0,-1.125483,-1.564418,-0.5284871,1,-0.237488,0.001614932,-0.9713892,0,-0.0235319,0.9996955,0.007415138,0,-0.9711053,-0.02461963,0.2373777,0,-0.8173191,1.552748,-0.9562303,1,0.7485924,0.9554966,-0.1897288,-0.09980235,0.976751,-0.001304099,-0.004206673,-0.02245131,37.86667,2329
6,-0.1529555,-0.1037459,1.000294,-0.2456135,-0.1155,1.000284,-0.1992846,-0.1096231,1.000289,-0.2377466,-0.02398283,-0.9710311,0,0.00145063,0.9996852,-0.02504571,0,-0.9713262,0.007363138,0.2376369,0,-1.125333,-1.564792,-0.5279042,1,-0.2377465,0.00145063,-0.9713261,0,-0.02398283,0.9996852,0.007363138,0,-0.9710311,-0.02504571,0.237637,0,-0.8176836,1.55271,-0.9560941,1,0.7572741,0.9490696,-0.1890892,-0.1006805,0.9767849,-0.001299812,-0.004206749,-0.02244757,37.88889,2330
6,-0.1539038,-0.1041111,1.000081,-0.2453058,-0.1142699,1.000077,-0.1996048,-0.1091904,1.000079,-0.2377688,-0.02424415,-0.9710193,0,0.001558594,0.9996777,-0.02534133,0,-0.9713207,0.007538798,0.2376543,0,-1.125504,-1.564856,-0.5275338,1,-0.2377687,0.001558591,-0.9713203,0,-0.02424414,0.9996776,0.007538799,0,-0.971019,-0.02534133,0.2376542,0,-0.8177935,1.552737,-0.9560574,1,0.7366361,0.9573856,-0.1894328,-0.1002855,0.976759,-0.00129692,-0.004206345,-0.02244283,37.9,2331
6,-0.1533912,-0.1028878,0.9999323,-0.2450805,-0.1147673,0.9999198,-0.1992357,-0.1088275,0.999926,-0.2378621,-0.02454447,-0.9709889,0,0.001488768,0.9996703,-0.02563418,0,-0.9712979,0.007542976,0.2377472,0,-1.125471,-1.565171,-0.5269425,1,-0.2378621,0.001488766,-0.9712977,0,-0.02454447,0.9996703,0.007542977,0,-0.9709887,-0.02563418,0.2377471,0,-0.8177784,1.552823,-0.9560825,1,0.7546242,0.9575261,-0.1891297,-0.09996201,0.9768509,-0.001294724,-0.004208328,-0.02243545,37.91111,2332
6,-0.1529466,-0.1028344,0.9999421,-0.2460478,-0.1145145,0.9999244,-0.1994973,-0.1086744,0.9999333,-0.2381791,-0.02502727,-0.9708987,0,0.001308383,0.9996588,-0.0260896,0,-0.9712204,0.007484302,0.238065,0,-1.125312,-1.56562,-0.5258796,1,-0.238179,0.001308382,-0.9712204,0,-0.02502727,0.9996588,0.007484305,0,-0.9708987,-0.0260896,0.2380651,0,-0.8177848,1.552838,-0.9560152,1,0.7346677,0.9592478,-0.1893739,-0.09981117,0.976819,-0.001293373,-0.004209343,-0.02243236,37.93333,2333
6,-0.1532508,-0.1030281,1.000077,-0.246592,-0.1145707,1.000053,-0.1999214,-0.1087994,1.000065,-0.2384157,-0.02516109,-0.9708373,0,0.001346628,0.9996548,-0.02623866,0,-0.9711624,0.007563063,0.2382996,0,-1.125522,-1.565718,-0.5255029,1,-0.2384157,0.001346624,-0.9711621,0,-0.02516109,0.9996548,0.007563063,0,-0.9708371,-0.02623866,0.2382995,0,-0.817915,1.552904,-0.9559953,1,0.750451,0.9560738,-0.18974,-0.09990964,0.9767378,-0.0012929,-0.004209664,-0.02242914,37.94445,2334
6,-0.153936,-0.1031103,1.000143,-0.2477858,-0.1134041,1.000131,-0.2008611,-0.1082572,1.000137,-0.2387323,-0.02572775,-0.9707445,0,0.001541116,0.9996377,-0.02687251,0,-0.9710841,0.007911366,0.2386062,0,-1.126064,-1.565764,-0.5245932,1,-0.2387324,0.001541115,-0.9710843,0,-0.02572775,0.9996377,0.007911368,0,-0.9707446,-0.02687251,0.2386062,0,-0.8183575,1.552835,-0.9559441,1,0.7393574,0.9537527,-0.1906035,-0.09937264,0.9766245,-0.001291809,-0.00421045,-0.02242651,37.96667,2335
6,-0.1552122,-0.1037512,1.000061,-0.2478281,-0.1154094,1.000031,-0.2015204,-0.1095804,1.000046,-0.2390507,-0.025662,-0.970668,0,0.001541113,0.9996395,-0.02680746,0,-0.971006,0.007904251,0.238925,0,-1.126288,-1.565767,-0.5244318,1,-0.2390507,0.001541111,-0.9710057,0,-0.02566199,0.9996393,0.007904252,0,-0.9706678,-0.02680746,0.238925,0,-0.8184696,1.55288,-0.9559559,1,0.7393574,0.9537527,-0.1912029,-0.1006193,0.9763796,-0.001291786,-0.004211113,-0.02242276,37.97778,2336
6,-0.1551851,-0.1039603,0.9998986,-0.2479934,-0.1153472,0.9998742,-0.2015895,-0.1096539,0.9998863,-0.2392565,-0.02606137,-0.9706067,0,0.001646312,0.9996274,-0.02724642,0,-0.9709551,0.008116798,0.2391244,0,-1.1266,-1.565914,-0.5234855,1,-0.2392564,0.001646308,-0.9709548,0,-0.02606137,0.9996274,0.008116801,0,-0.9706065,-0.02724642,0.2391244,0,-0.8184545,1.552922,-0.9559891,1,0.7377799,0.9469639,-0.1912943,-0.1007023,0.9763532,-0.001291419,-0.004211968,-0.02242114,37.98889,2337
6,-0.1549793,-0.1042296,1.000013,-0.2489299,-0.1136105,0.9999768,-0.201955,-0.1089201,0.9999949,-0.2396263,-0.02609006,-0.9705146,0,0.001721757,0.9996259,-0.02729777,0,-0.9708636,0.008212254,0.2394917,0,-1.127017,-1.565876,-0.5230561,1,-0.2396263,0.001721759,-0.9708637,0,-0.02609007,0.9996259,0.008212253,0,-0.9705145,-0.02729777,0.2394917,0,-0.8185503,1.552952,-0.9560531,1,0.7377799,0.9469639,-0.1916254,-0.09998814,0.9763616,-0.001291084,-0.004216164,-0.02241895,38.0,2338
6,-0.155043,-0.1041201,1.000015,-0.2488648,-0.1136109,0.9999908,-0.2019542,-0.1088655,1.000003,-0.2403157,-0.0264313,-0.9703351,0,0.001608388,0.999617,-0.02762726,0,-0.9706936,0.008199934,0.2401811,0,-1.127301,-1.566181,-0.5218803,1,-0.2403156,0.001608385,-0.9706934,0,-0.02643129,0.999617,0.008199938,0,-0.9703347,-0.02762726,0.2401811,0,-0.8187026,1.552976,-0.956075,1,0.7420443,0.9442533,-0.1916246,-0.09993475,0.9763672,-0.001291092,-0.004217049,-0.02241695,38.02222,2339
6,-0.1551456,-0.1053898,1.000004,-0.2486774,-0.113477,0.9999889,-0.2019116,-0.1094333,0.9999963,-0.2407043,-0.02673047,-0.9702303,0,0.001644418,0.999608,-0.02794781,0,-0.9705971,0.008322621,0.240566,0,-1.127631,-1.566373,-0.5210213,1,-0.2407043,0.001644417,-0.970597,0,-0.02673047,0.999608,0.008322622,0,-0.9702303,-0.02794781,0.240566,0,-0.8188062,1.553052,-0.956099,1,0.7464229,0.9548745,-0.1915768,-0.1004728,0.9763214,-0.001291062,-0.004217957,-0.02241445,38.04445,2340
6,-0.1559841,-0.1055728,1.000083,-0.248684,-0.1131133,1.000052,-0.2023343,-0.1093431,1.000067,-0.2410401,-0.0266799,-0.9701484,0,0.001774873,0.9996083,-0.02793106,0,-0.9705136,0.008454392,0.2408983,0,-1.128078,-1.566203,-0.5207973,1,-0.24104,0.001774873,-0.9705135,0,-0.0266799,0.9996082,0.008454393,0,-0.9701483,-0.02793105,0.2408983,0,-0.8189487,1.553045,-0.9561146,1,0.7408577,0.9551483,-0.1919546,-0.1003716,0.9762576,-0.001291062,-0.004219162,-0.02241385,38.05556,2341
6,-0.156641,-0.1049117,1.000067,-0.2488026,-0.1131014,1.000072,-0.2027218,-0.1090067,1.000069,-0.2409929,-0.02662377,-0.9701617,0,0.001745889,0.9996101,-0.0278656,0,-0.9705254,0.008409201,0.2408525,0,-1.128046,-1.566232,-0.5210057,1,-0.2409928,0.001745884,-0.9705251,0,-0.02662377,0.9996102,0.008409205,0,-0.9701616,-0.0278656,0.2408524,0,-0.8190097,1.553073,-0.9561403,1,0.7422943,0.9517149,-0.192318,-0.1000442,0.9762197,-0.00129068,-0.004221825,-0.02241002,38.06667,2342
6,-0.1562747,-0.1051737,0.9998354,-0.2488938,-0.1126597,0.9998385,-0.2025841,-0.1089166,0.999837,-0.2411274,-0.02643306,-0.9701335,0,0.001878375,0.9996144,-0.0277032,0,-0.9704918,0.008502271,0.2409848,0,-1.128355,-1.56608,-0.520969,1,-0.2411274,0.001878372,-0.9704916,0,-0.02643306,0.9996145,0.008502273,0,-0.9701333,-0.02770319,0.2409847,0,-0.8188829,1.553163,-0.9561982,1,0.7417818,0.9355709,-0.1922365,-0.0999823,0.9762421,-0.001289512,-0.004223297,-0.02240543,38.08889,2343
6,-0.1563221,-0.1042266,0.9999469,-0.2484509,-0.1124669,0.9999255,-0.2023866,-0.1083468,0.9999362,-0.2413274,-0.02671095,-0.9700763,0,0.001666285,0.9996083,-0.02793864,0,-0.9704425,0.008358778,0.2411884,0,-1.128144,-1.566387,-0.520366,1,-0.2413274,0.00166628,-0.9704422,0,-0.02671094,0.9996082,0.008358779,0,-0.970076,-0.02793863,0.2411883,0,-0.8188862,1.553114,-0.9561992,1,0.7393467,0.9510427,-0.1920508,-0.09943392,0.9763347,-0.00128672,-0.004227654,-0.02240156,38.1,2344
6,-0.1567247,-0.1050449,1.000033,-0.247734,-0.1120083,1.000019,-0.2022295,-0.1085268,1.000026,-0.2416,-0.02672904,-0.9700077,0,0.00092074,0.9996138,-0.02777418,0,-0.9703755,0.007603371,0.2414821,0,-1.127168,-1.567046,-0.5205154,1,-0.2416001,0.0009207423,-0.9703755,0,-0.02672904,0.9996137,0.007603368,0,-0.9700078,-0.02777418,0.2414821,0,-0.8191136,1.553022,-0.9561664,1,0.7404701,0.9557187,-0.191892,-0.09959739,0.9763492,-0.001282929,-0.004229782,-0.02239291,38.12222,2345
6,-0.1569196,-0.1057919,1.00006,-0.2473443,-0.1114245,1.000055,-0.202132,-0.1086083,1.000058,-0.2416466,-0.02665209,-0.9699984,0,0.0005813632,0.9996186,-0.02761079,0,-0.9703642,0.007235974,0.241539,0,-1.126693,-1.567386,-0.5207584,1,-0.2416466,0.0005813629,-0.9703642,0,-0.02665209,0.9996186,0.007235975,0,-0.9699981,-0.02761078,0.241539,0,-0.8191702,1.553064,-0.9561773,1,0.7212271,0.9480444,-0.1917983,-0.09967074,0.9763601,-0.001280379,-0.004233101,-0.02238854,38.13334,2346
6,-0.1571809,-0.1058604,1.00006,-0.2478224,-0.1111755,1.000056,-0.2025019,-0.1085181,1.000058,-0.2416921,-0.02621325,-0.9699989,0,0.0005279044,0.9996313,-0.02714558,0,-0.9703528,0.007072938,0.2415891,0,-1.126721,-1.567219,-0.5214145,1,-0.241692,0.0005279061,-0.9703529,0,-0.02621325,0.9996313,0.007072939,0,-0.9699988,-0.02714558,0.2415891,0,-0.8191729,1.553082,-0.9562643,1,0.7328691,0.9604861,-0.1921413,-0.09957805,0.9763021,-0.001279815,-0.004234329,-0.0223849,38.15556,2347
6,-0.1575048,-0.1056359,1.000154,-0.2483792,-0.1114227,1.000139,-0.2029422,-0.1085291,1.000147,-0.2418468,-0.02629428,-0.9699581,0,0.0006940076,0.9996278,-0.02727163,0,-0.9703141,0.007268714,0.2417386,0,-1.127069,-1.566991,-0.5212341,1,-0.2418468,0.000694007,-0.9703142,0,-0.02629428,0.9996278,0.007268714,0,-0.9699581,-0.02727162,0.2417386,0,-0.8193561,1.552975,-0.9562185,1,0.7240501,0.9544907,-0.1925315,-0.09957159,0.976226,-0.001279159,-0.00423552,-0.02238022,38.16667,2348
