flag,xl,yl,zl,xr,yr,zr,xc,yc,zc,mat_00,mat_10,mat_20,mat_30,mat_01,mat_11,mat_21,mat_31,mat_02,mat_12,mat_22,mat_32,mat_03,mat_13,mat_23,mat_33,ctw_00,ctw_10,ctw_20,ctw_30,ctw_01,ctw_11,ctw_21,ctw_31,ctw_02,ctw_12,ctw_22,ctw_32,ctw_03,ctw_13,ctw_23,ctw_33,opennessl,opennessr,ray_x,ray_y,ray_z,eye_x,eye_y,eye_z,time,frame
25,0.2240676,0.08359341,0.9997711,0.08302881,0.05263555,0.9998004,0.1535488,0.06811452,0.9997858,-0.9881421,0.04640118,-0.1463628,0,0.02781328,0.9915666,0.1265785,0,-0.1510019,-0.1210067,0.9810992,0,0.1742953,-1.726224,0.6707301,1,-0.9881422,0.02781329,-0.1510019,0,0.04640118,0.9915666,-0.1210067,0,-0.1463628,0.1265785,0.9810993,0,0.3504973,1.621919,-0.8406186,1,1.0,1.0,0.1464612,0.07004237,0.9867336,0.001612167,-0.004546807,-0.02383801,66.75555,4188
25,0.2249674,0.08402117,0.9999462,0.08360578,0.05300964,0.9999685,0.1542871,0.06851549,0.9999573,-0.9881097,0.04641709,-0.146577,0,0.02783517,0.9915928,0.1263682,0,-0.1512103,-0.1207856,0.9810945,0,0.1739498,-1.726097,0.671168,1,-0.9881095,0.02783517,-0.1512103,0,0.04641709,0.9915928,-0.1207856,0,-0.1465769,0.1263681,0.9810944,0,0.3503796,1.621929,-0.8406638,1,1.0,1.0,0.1471294,0.0704101,0.986608,0.001612129,-0.004548737,-0.02383774,66.76667,4189
25,0.2252368,0.08455279,0.9999259,0.08434488,0.05285571,0.9998966,0.1547903,0.06870408,0.9999112,-0.9881212,0.04663259,-0.1464318,0,0.02814086,0.9916432,0.1259038,0,-0.1510793,-0.1202875,0.9811759,0,0.173601,-1.725908,0.672205,1,-0.9881209,0.02814086,-0.1510793,0,0.04663258,0.9916432,-0.1202874,0,-0.1464317,0.1259038,0.9811757,0,0.3504545,1.621967,-0.8409288,1,1.0,1.0,0.1476087,0.07058849,0.9865236,0.001612029,-0.004548409,-0.0238366,66.78889,4190
25,0.2278997,0.08591357,0.9999008,0.08419544,0.0521514,0.9998908,0.1560474,0.06903243,0.9998958,-0.9881281,0.04673571,-0.1463522,0,0.02824847,0.9916355,0.1259406,0,-0.151014,-0.1203112,0.9811831,0,0.17341,-1.725957,0.6722374,1,-0.9881278,0.02824847,-0.1510139,0,0.0467357,0.9916355,-0.1203112,0,-0.1463522,0.1259406,0.9811828,0,0.3503985,1.62196,-0.8410524,1,1.0,1.0,0.1487947,0.07088825,0.986324,0.001609916,-0.004544182,-0.02383249,66.8,4191
25,0.2273714,0.08544677,0.9998372,0.08343405,0.05147146,0.9998395,0.1554027,0.0684593,0.9998381,-0.9881349,0.04676265,-0.1462971,0,0.02824343,0.9916036,0.1261932,0,-0.1509698,-0.1205639,0.9811587,0,0.1734449,-1.726146,0.6719392,1,-0.9881348,0.02824343,-0.1509698,0,0.04676265,0.9916036,-0.1205639,0,-0.1462971,0.1261932,0.9811587,0,0.3504088,1.62196,-0.841205,1,1.0,1.0,0.1482077,0.07034706,0.9864511,0.001603919,-0.004542397,-0.02382819,66.81111,4192
25,0.22683,0.08662057,0.9999596,0.08272055,0.05329752,0.9999564,0.1547752,0.06995887,0.9999579,-0.9881917,0.04636081,-0.1460411,0,0.02782089,0.9915733,0.1265245,0,-0.1506763,-0.1209674,0.9811543,0,0.1741875,-1.726202,0.6714333,1,-0.9881915,0.02782089,-0.1506762,0,0.04636081,0.9915733,-0.1209674,0,-0.1460411,0.1265244,0.981154,0,0.3502155,1.621857,-0.8413476,1,1.0,1.0,0.1475889,0.07178712,0.9864401,0.001598548,-0.004546143,-0.0238296,66.83334,4193
25,0.2268023,0.08676589,0.9999685,0.08580136,0.052957,0.9999444,0.1563014,0.06986132,0.9999565,-0.9882362,0.04607511,-0.1458297,0,0.02753876,0.9915631,0.1266654,0,-0.1504355,-0.1211594,0.9811674,0,0.1747663,-1.72623,0.6712074,1,-0.9882362,0.02753876,-0.1504355,0,0.04607511,0.9915631,-0.1211594,0,-0.1458297,0.1266654,0.9811674,0,0.3501286,1.621835,-0.8414248,1,1.0,1.0,0.149029,0.07167651,0.9862316,0.001597511,-0.004545021,-0.0238299,66.84444,4194
25,0.2268202,0.08691682,1.000065,0.08684393,0.05269197,1.000016,0.1568311,0.069804,1.000041,-0.9883437,0.0452944,-0.1453449,0,0.02685265,0.991613,0.1264224,0,-0.1498521,-0.1210459,0.9812707,0,0.1760472,-1.725942,0.6715683,1,-0.9883437,0.02685266,-0.1498521,0,0.0452944,0.991613,-0.1210459,0,-0.1453449,0.1264224,0.9812708,0,0.3497797,1.621838,-0.8415276,1,1.0,1.0,0.1495165,0.07160748,0.9861629,0.001597145,-0.004542572,-0.02383457,66.86667,4195
25,0.226763,0.086202,0.9999974,0.08678973,0.05294022,0.9999532,0.1567755,0.06957065,0.9999753,-0.9883896,0.0451314,-0.1450831,0,0.02675023,0.9916397,0.1262342,0,-0.1495673,-0.1208875,0.9813337,0,0.1763799,-1.725832,0.6719153,1,-0.9883896,0.02675023,-0.1495673,0,0.0451314,0.9916397,-0.1208875,0,-0.1450831,0.1262341,0.9813336,0,0.3497049,1.621866,-0.8416238,1,1.0,1.0,0.1494758,0.07138877,0.9861849,0.001597145,-0.004542542,-0.02383447,66.87778,4196
25,0.2273532,0.08632256,0.9999489,0.08678607,0.05253121,0.9999359,0.1570694,0.06942665,0.9999427,-0.9883988,0.04493211,-0.1450837,0,0.02659884,0.9916844,0.1259151,0,-0.1495348,-0.1205953,0.9813747,0,0.1765579,-1.725608,0.6725498,1,-0.9883984,0.02659883,-0.1495348,0,0.0449321,0.9916844,-0.1205952,0,-0.1450836,0.1259151,0.9813746,0,0.3496207,1.621878,-0.8417218,1,1.0,1.0,0.1497589,0.07124833,0.9861521,0.001597145,-0.004540429,-0.02383244,66.88889,4197
25,0.2245256,0.08565702,1.000023,0.08657745,0.05163266,0.9999807,0.1555507,0.06864457,1.000002,-0.9884893,0.0445581,-0.1445806,0,0.02623118,0.9916486,0.1262738,0,-0.1489996,-0.1210278,0.9814029,0,0.1774645,-1.725857,0.6720752,1,-0.9884892,0.02623118,-0.1489996,0,0.04455809,0.9916485,-0.1210277,0,-0.1445806,0.1262738,0.9814027,0,0.3494917,1.621923,-0.8420108,1,1.0,1.0,0.148328,0.07050962,0.9864214,0.00159777,-0.00453891,-0.02382737,66.91111,4198
25,0.2252434,0.08603534,1.000006,0.08569093,0.05216159,0.999972,0.1554665,0.06909824,0.9999892,-0.9885402,0.04456856,-0.1442291,0,0.02622915,0.9916015,0.1266436,0,-0.1486621,-0.1214093,0.9814069,0,0.1776918,-1.726066,0.6713935,1,-0.9885401,0.02622915,-0.1486621,0,0.04456855,0.9916014,-0.1214092,0,-0.1442291,0.1266436,0.9814067,0,0.3494183,1.621882,-0.8420544,1,1.0,1.0,0.1482432,0.07094774,0.9864028,0.001599656,-0.004541176,-0.02383411,66.92223,4199
25,0.2264299,0.08674017,0.9999635,0.08572267,0.0497158,0.9999622,0.1560763,0.0682281,0.9999628,-0.9886155,0.04415097,-0.1438402,0,0.02575389,0.9915252,0.1273365,0,-0.1482432,-0.1221824,0.9813743,0,0.1787876,-1.726452,0.6702489,1,-0.9886156,0.02575389,-0.1482432,0,0.04415097,0.9915252,-0.1221824,0,-0.1438402,0.1273365,0.9813742,0,0.3493855,1.621869,-0.8422028,1,1.0,1.0,0.1488256,0.07011078,0.9863749,0.001604287,-0.004542969,-0.0238352,66.94444,4200
25,0.2261069,0.0865108,0.9999787,0.08443253,0.04891998,0.9999577,0.1552693,0.0677151,0.9999683,-0.9886429,0.0440753,-0.1436755,0,0.02569127,0.9915206,0.1273848,0,-0.1480717,-0.1222469,0.9813921,0,0.1789817,-1.726467,0.6701815,1,-0.9886428,0.02569127,-0.1480717,0,0.04407529,0.9915206,-0.1222469,0,-0.1436754,0.1273848,0.981392,0,0.3493321,1.621858,-0.8422638,1,1.0,1.0,0.1480643,0.06962714,0.9865237,0.00161068,-0.004542969,-0.02382977,66.95556,4201
25,0.22583,0.08523889,1.000002,0.084819,0.04900085,0.9999647,0.1553237,0.06711952,0.9999831,-0.9886689,0.04406356,-0.1435013,0,0.02574519,0.9915566,0.1270933,0,-0.1478898,-0.1219587,0.9814556,0,0.1791453,-1.726319,0.6707125,1,-0.9886684,0.02574519,-0.1478897,0,0.04406355,0.9915566,-0.1219587,0,-0.1435012,0.1270933,0.9814551,0,0.3494311,1.621888,-0.8423201,1,1.0,1.0,0.1481158,0.06905355,0.9865562,0.001614526,-0.004541619,-0.02382947,66.96667,4202
25,0.2247215,0.08492847,0.9999278,0.08260949,0.04983647,0.9999223,0.1536653,0.06738229,0.9999249,-0.9886173,0.04418002,-0.1438203,0,0.02595098,0.9916601,0.1262407,0,-0.1481982,-0.1210715,0.9815189,0,0.1784847,-1.725823,0.6724065,1,-0.9886169,0.02595099,-0.1481981,0,0.04418001,0.9916601,-0.1210714,0,-0.1438202,0.1262407,0.9815185,0,0.3494055,1.621912,-0.8424761,1,1.0,1.0,0.1465559,0.06932426,0.9867703,0.001616783,-0.00454052,-0.02382883,66.98889,4203
25,0.2239285,0.0854153,0.999878,0.08289842,0.04991686,0.9999179,0.1534142,0.06766654,0.9998981,-0.9885688,0.04418455,-0.1441517,0,0.02594018,0.991682,0.1260712,0,-0.148523,-0.1208907,0.981492,0,0.1781931,-1.725739,0.672839,1,-0.9885686,0.02594018,-0.148523,0,0.04418454,0.9916819,-0.1208907,0,-0.1441516,0.1260712,0.9814917,0,0.3493979,1.621937,-0.842546,1,1.0,1.0,0.1463188,0.06959922,0.986786,0.001617905,-0.00453859,-0.02382987,67.0,4204
25,0.2236536,0.0855235,0.9998851,0.08136693,0.05030231,0.9999461,0.1525115,0.06791347,0.9999152,-0.9885008,0.04388133,-0.1447084,0,0.02551739,0.9916512,0.1263991,0,-0.1490468,-0.1212531,0.9813677,0,0.1784145,-1.725844,0.6724488,1,-0.9885008,0.02551739,-0.1490468,0,0.04388133,0.9916511,-0.1212531,0,-0.1447084,0.1263991,0.9813679,0,0.3494042,1.621885,-0.8425914,1,1.0,1.0,0.145458,0.06984448,0.986896,0.001622269,-0.004539071,-0.02383023,67.02222,4205
25,0.2236285,0.08582686,0.9999576,0.08067389,0.05054289,0.9999882,0.1521518,0.06818511,0.9999729,-0.9884777,0.04386164,-0.1448732,0,0.02545135,0.9916312,0.1265692,0,-0.1492123,-0.1214235,0.9813217,0,0.1784582,-1.72585,0.6721812,1,-0.9884775,0.02545135,-0.1492123,0,0.04386164,0.9916313,-0.1214235,0,-0.1448732,0.1265691,0.9813215,0,0.3494816,1.621787,-0.8425566,1,1.0,1.0,0.1451052,0.07011342,0.9869289,0.00162664,-0.004547432,-0.0238206,67.03333,4206
25,0.224704,0.08441091,0.9999613,0.08080915,0.05127607,0.9999868,0.1527571,0.06784371,0.999974,-0.9884026,0.04403276,-0.1453324,0,0.02556214,0.9916251,0.1265946,0,-0.1496896,-0.1214114,0.9812504,0,0.1777034,-1.725741,0.6722997,1,-0.9884025,0.02556214,-0.1496896,0,0.04403275,0.9916251,-0.1214114,0,-0.1453324,0.1265946,0.9812503,0,0.3493386,1.621636,-0.8426186,1,1.0,1.0,0.1456749,0.06978431,0.9868683,0.00163224,-0.004551827,-0.02381519,67.05556,4207
25,0.2250069,0.08415522,0.9999267,0.08179273,0.05059802,0.9999921,0.1534012,0.06737714,0.9999595,-0.9883314,0.04449367,-0.1456754,0,0.02592165,0.9915653,0.1269892,0,-0.1500969,-0.1217313,0.9811485,0,0.1767535,-1.726073,0.6716523,1,-0.9883314,0.02592165,-0.1500969,0,0.04449368,0.9915653,-0.1217313,0,-0.1456754,0.1269892,0.9811485,0,0.3493336,1.62164,-0.8425777,1,1.0,1.0,0.1462884,0.06933443,0.9868092,0.001634086,-0.00455465,-0.02380822,67.06667,4208
25,0.2250921,0.08355926,0.9999056,0.08141793,0.04959144,0.9999606,0.1532561,0.0665758,0.9999331,-0.988256,0.04501849,-0.1460268,0,0.02638786,0.9915392,0.1270975,0,-0.1505131,-0.1217515,0.9810824,0,0.1756137,-1.726192,0.6715492,1,-0.9882557,0.02638785,-0.150513,0,0.04501848,0.9915391,-0.1217515,0,-0.1460268,0.1270975,0.9810821,0,0.349326,1.621601,-0.8425791,1,1.0,1.0,0.1461633,0.06856614,0.9868814,0.001634086,-0.004551827,-0.02380649,67.07778,4209
25,0.2241722,0.08577598,1.000015,0.08139187,0.04931128,1.000026,0.1527822,0.06754357,1.000021,-0.9881761,0.04549432,-0.1464182,0,0.02678808,0.9915047,0.1272826,0,-0.150965,-0.1218553,0.9809999,0,0.174554,-1.726424,0.6712012,1,-0.9881761,0.02678809,-0.150965,0,0.04549432,0.9915047,-0.1218553,0,-0.1464182,0.1272826,0.9809998,0,0.3493087,1.621649,-0.8424706,1,1.0,1.0,0.1456949,0.06950076,0.9868854,0.001634086,-0.00455906,-0.02380427,67.1,4210
25,0.2253055,0.08429662,1.00002,0.08179109,0.04898445,1.000055,0.153549,0.06664076,1.000038,-0.9881424,0.04550025,-0.1466439,0,0.02675588,0.9914972,0.1273476,0,-0.1511914,-0.1219139,0.9809577,0,0.1744451,-1.726425,0.6710619,1,-0.9881424,0.02675588,-0.1511914,0,0.04550025,0.9914972,-0.121914,0,-0.146644,0.1273476,0.9809579,0,0.3493365,1.62162,-0.8423841,1,1.0,1.0,0.1464252,0.06862638,0.9868384,0.001633621,-0.004559143,-0.02380325,67.11111,4211
25,0.224744,0.0840769,0.9999936,0.08170965,0.04997455,0.9999943,0.1532269,0.06702566,0.999994,-0.9881115,0.04556832,-0.146831,0,0.0268053,0.9914995,0.1273188,0,-0.1513845,-0.1218693,0.9809335,0,0.1742907,-1.726402,0.67112,1,-0.9881114,0.0268053,-0.1513845,0,0.04556832,0.9914995,-0.1218693,0,-0.146831,0.1273188,0.9809335,0,0.3494291,1.621608,-0.8423347,1,1.0,1.0,0.1461277,0.06900103,0.9868564,0.001628357,-0.004559143,-0.02380925,67.13333,4212
25,0.224445,0.08391257,1.000006,0.0819435,0.04897073,1.00002,0.1531945,0.0664417,1.000013,-0.9880904,0.04564667,-0.146949,0,0.02688025,0.9915067,0.1272473,0,-0.1515093,-0.1217818,0.9809253,0,0.1740317,-1.726401,0.6712451,1,-0.9880902,0.02688025,-0.1515093,0,0.04564666,0.9915067,-0.1217818,0,-0.146949,0.1272473,0.980925,0,0.3494022,1.621646,-0.8423179,1,1.0,1.0,0.1461015,0.06843894,0.9868994,0.001627099,-0.004558052,-0.02380885,67.14445,4213
25,0.2240242,0.08349642,1.000137,0.08454622,0.04923234,1.000125,0.1542849,0.06636444,1.000131,-0.988081,0.04591741,-0.1469281,0,0.02718859,0.9915266,0.1270268,0,-0.1515158,-0.121518,0.980957,0,0.1734515,-1.726293,0.6715111,1,-0.9880807,0.02718859,-0.1515158,0,0.0459174,0.9915265,-0.121518,0,-0.146928,0.1270268,0.9809567,0,0.3493148,1.62165,-0.8422184,1,1.0,1.0,0.1471171,0.06834432,0.9867551,0.001623573,-0.004555764,-0.02381159,67.15556,4214
25,0.2239234,0.08433832,1.000022,0.08386452,0.04902205,1.000043,0.1538943,0.06668036,1.000033,-0.9880301,0.0457506,-0.1473209,0,0.02710237,0.9916362,0.1261871,0,-0.1518619,-0.1206839,0.9810064,0,0.1730338,-1.72579,0.6729804,1,-0.98803,0.02710237,-0.1518619,0,0.0457506,0.9916362,-0.1206838,0,-0.1473209,0.126187,0.9810063,0,0.3490626,1.621745,-0.8421957,1,1.0,1.0,0.1467663,0.06865642,0.9867857,0.001617584,-0.004554551,-0.02380398,67.17778,4215
25,0.2250063,0.08509675,1.000041,0.08531363,0.05018391,1.000021,0.1551596,0.06764011,1.000031,-0.9880346,0.04569447,-0.1473076,0,0.0271151,0.9916912,0.1257515,0,-0.1518298,-0.1202526,0.9810642,0,0.173055,-1.725553,0.6737345,1,-0.9880348,0.0271151,-0.1518298,0,0.04569448,0.9916911,-0.1202526,0,-0.1473076,0.1257515,0.9810643,0,0.3490789,1.6218,-0.8422041,1,1.0,1.0,0.1479546,0.06956275,0.9865448,0.001613305,-0.004552277,-0.02379948,67.18889,4216
25,0.2246436,0.08563596,1.000192,0.08452454,0.05017076,1.00012,0.1545827,0.06790292,1.000156,-0.9881303,0.04534945,-0.1467723,0,0.026924,0.9917697,0.1251721,0,-0.1512408,-0.1197347,0.9812187,0,0.1737878,-1.725119,0.6744962,1,-0.9881301,0.02692399,-0.1512407,0,0.04534945,0.9917697,-0.1197346,0,-0.1467722,0.1251721,0.9812184,0,0.3489555,1.621814,-0.8421007,1,1.0,1.0,0.1473943,0.06981064,0.9866111,0.001609717,-0.004550575,-0.02379762,67.21111,4217
25,0.2241084,0.08550598,1.000099,0.08438957,0.04980848,1.000088,0.1542488,0.06765711,1.000094,-0.9881467,0.04518773,-0.1467124,0,0.02677718,0.9917803,0.1251191,0,-0.1511603,-0.1197074,0.9812344,0,0.1740447,-1.725076,0.6744945,1,-0.9881464,0.02677718,-0.1511603,0,0.04518772,0.9917803,-0.1197074,0,-0.1467124,0.125119,0.981234,0,0.3488905,1.621844,-0.8420326,1,1.0,1.0,0.1470923,0.06958137,0.9866723,0.00160817,-0.004549309,-0.02379698,67.22222,4218
25,0.2240494,0.0854688,1.000061,0.08400573,0.05007268,1.000056,0.1540275,0.06777056,1.000058,-0.9881462,0.04526879,-0.1466895,0,0.0268699,0.9917848,0.1250635,0,-0.1511459,-0.1196395,0.9812447,0,0.1738682,-1.725135,0.6745347,1,-0.9881462,0.0268699,-0.1511459,0,0.0452688,0.9917848,-0.1196395,0,-0.1466895,0.1250636,0.9812449,0,0.3488492,1.621931,-0.8419986,1,1.0,1.0,0.1468885,0.06969519,0.9866947,0.001606727,-0.004549309,-0.023798,67.23334,4219
25,0.2238997,0.08460329,1.000127,0.08390504,0.04873463,1.000096,0.1539018,0.06666874,1.000112,-0.9881504,0.04565481,-0.146543,0,0.02737765,0.9918546,0.1243983,0,-0.1510287,-0.1189122,0.9813514,0,0.1729512,-1.724747,0.6753743,1,-0.98815,0.02737765,-0.1510287,0,0.0456548,0.9918545,-0.1189122,0,-0.146543,0.1243982,0.981351,0,0.3486161,1.621948,-0.8417521,1,1.0,1.0,0.1467736,0.06863569,0.986786,0.001606437,-0.004549691,-0.02379961,67.25555,4220
25,0.2234897,0.08315328,1.000179,0.08392912,0.0487228,1.00015,0.1537089,0.06593771,1.000165,-0.9881543,0.04572737,-0.1464926,0,0.02753756,0.991916,0.1238721,0,-0.1509727,-0.1183707,0.9814253,0,0.1726182,-1.724484,0.6761544,1,-0.9881543,0.02753756,-0.1509727,0,0.04572737,0.9919161,-0.1183707,0,-0.1464926,0.1238721,0.9814253,0,0.3484812,1.622033,-0.8416628,1,1.0,1.0,0.146591,0.06793302,0.9868618,0.001606437,-0.004549691,-0.02380035,67.26667,4221
25,0.2226919,0.08365571,1.000018,0.08354808,0.04852469,1.000034,0.1531203,0.06609032,1.000026,-0.9881213,0.04594016,-0.1466495,0,0.02782568,0.9919836,0.123265,0,-0.1511367,-0.1177201,0.9814785,0,0.1718587,-1.724175,0.677153,1,-0.9881211,0.02782567,-0.1511367,0,0.04594016,0.9919836,-0.1177201,0,-0.1466495,0.123265,0.9814782,0,0.3483302,1.622102,-0.8416069,1,1.0,1.0,0.1460533,0.06809538,0.9869304,0.001606965,-0.004551193,-0.02380028,67.28889,4222
25,0.2222109,0.08448716,1.00011,0.08293959,0.04695908,1.000072,0.1525745,0.06572273,1.000091,-0.9881548,0.04566724,-0.1465096,0,0.02763312,0.9920411,0.1228451,0,-0.1509535,-0.1173414,0.981552,0,0.1722952,-1.723863,0.6778092,1,-0.9881544,0.02763313,-0.1509534,0,0.04566723,0.9920412,-0.1173414,0,-0.1465095,0.1228451,0.9815517,0,0.3482837,1.622116,-0.8415766,1,1.0,1.0,0.1455328,0.06774856,0.987031,0.001606965,-0.004556015,-0.02379994,67.3,4223
25,0.221782,0.08432759,1.00003,0.08220169,0.04625835,1.000038,0.151992,0.06529308,1.000034,-0.9881697,0.04544158,-0.1464787,0,0.02736893,0.9920151,0.1231141,0,-0.1509035,-0.1176487,0.9815229,0,0.1726765,-1.724123,0.6772988,1,-0.9881694,0.02736893,-0.1509035,0,0.04544157,0.9920151,-0.1176486,0,-0.1464786,0.1231141,0.9815226,0,0.3481902,1.622245,-0.8415674,1,1.0,1.0,0.1449934,0.06734667,0.9871379,0.001608779,-0.00455732,-0.0237992,67.32223,4224
25,0.223557,0.08556987,1.000102,0.08171253,0.04570619,1.000098,0.1526347,0.06563778,1.0001,-0.9881736,0.04558905,-0.1464059,0,0.02750566,0.991995,0.1232447,0,-0.1508525,-0.1177602,0.9815173,0,0.1725915,-1.724171,0.6769586,1,-0.9881735,0.02750566,-0.1508525,0,0.04558905,0.9919951,-0.1177602,0,-0.1464058,0.1232447,0.9815171,0,0.3482643,1.62219,-0.8414492,1,1.0,1.0,0.1455841,0.06767452,0.9870286,0.001614921,-0.004564011,-0.02378275,67.33334,4225
25,0.2241491,0.08568517,1.000056,0.08015026,0.04566029,1.000058,0.1521497,0.06567267,1.000057,-0.988192,0.04529855,-0.1463718,0,0.02719729,0.9919867,0.1233805,0,-0.1507878,-0.1179427,0.9815053,0,0.1731173,-1.724183,0.6766548,1,-0.988192,0.02719729,-0.1507878,0,0.04529855,0.9919867,-0.1179427,0,-0.1463718,0.1233805,0.9815052,0,0.3482193,1.622172,-0.841391,1,1.0,1.0,0.1451313,0.06771877,0.9870922,0.001617211,-0.004566757,-0.02377246,67.34444,4226
25,0.2241012,0.08413118,1.00002,0.08075649,0.04916895,1.000029,0.152429,0.06665012,1.000024,-0.9882394,0.04509583,-0.1461139,0,0.02695083,0.9919332,0.1238635,0,-0.150521,-0.1184689,0.9814829,0,0.1736895,-1.724487,0.6757288,1,-0.9882393,0.02695083,-0.150521,0,0.04509583,0.9919332,-0.1184689,0,-0.1461139,0.1238635,0.9814828,0,0.3481473,1.622197,-0.8413703,1,1.0,1.0,0.1453883,0.06866878,0.9869888,0.001619972,-0.004579361,-0.02376444,67.36667,4227
25,0.2232646,0.08499616,1.000073,0.0821007,0.05071211,1.000042,0.152682,0.06785385,1.000057,-0.988279,0.04490308,-0.1459064,0,0.02678744,0.9919416,0.1238313,0,-0.150291,-0.1184714,0.9815179,0,0.1739927,-1.724333,0.6757153,1,-0.9882787,0.02678744,-0.150291,0,0.04490308,0.9919416,-0.1184714,0,-0.1459063,0.1238313,0.9815176,0,0.3479723,1.622103,-0.8413612,1,1.0,1.0,0.1456113,0.06982886,0.9868745,0.001620689,-0.004588577,-0.02375471,67.37778,4228
25,0.2238649,0.08540197,1.000059,0.08208579,0.0511533,1.000038,0.152975,0.06827736,1.000049,-0.9883153,0.04514719,-0.1455839,0,0.02705821,0.9919235,0.1239183,0,-0.1500027,-0.1185311,0.9815547,0,0.1737008,-1.724429,0.6753942,1,-0.9883152,0.02705821,-0.1500026,0,0.04514719,0.9919235,-0.1185311,0,-0.1455839,0.1239183,0.9815546,0,0.3478508,1.622107,-0.8412791,1,1.0,1.0,0.1458844,0.07023483,0.9868054,0.001622131,-0.004590958,-0.02374822,67.4,4229
25,0.223586,0.08578396,1.000111,0.08207327,0.05073024,1.000089,0.1528292,0.06825688,1.0001,-0.9883612,0.045053,-0.1453024,0,0.02693015,0.9918714,0.1243618,0,-0.1497242,-0.1190014,0.9815406,0,0.1740345,-1.72456,0.6744747,1,-0.9883608,0.02693015,-0.1497241,0,0.04505299,0.9918714,-0.1190013,0,-0.1453024,0.1243618,0.98154,0,0.3477082,1.621976,-0.8411917,1,1.0,1.0,0.1457393,0.07021567,0.9868281,0.001623558,-0.004592827,-0.02374215,67.41111,4230
25,0.2230627,0.0859281,1.000035,0.08205815,0.05196451,1.000036,0.1525604,0.06894638,1.000036,-0.9883815,0.04527691,-0.1450937,0,0.02700252,0.9917225,0.1255281,0,-0.1495762,-0.1201518,0.9814228,0,0.173905,-1.725274,0.6722763,1,-0.9883813,0.02700251,-0.1495762,0,0.04527691,0.9917225,-0.1201518,0,-0.1450937,0.1255281,0.9814227,0,0.3475426,1.621908,-0.8410699,1,1.0,1.0,0.1454875,0.0708885,0.9868172,0.001624078,-0.004597451,-0.02374074,67.43333,4231
25,0.223314,0.0866062,1.000075,0.08213826,0.05210549,1.00004,0.1527253,0.06935556,1.000058,-0.9884228,0.04547355,-0.1447513,0,0.02719151,0.9916754,0.1258593,0,-0.1492696,-0.1204662,0.981431,0,0.1739859,-1.725496,0.6715965,1,-0.9884225,0.02719151,-0.1492696,0,0.04547355,0.9916754,-0.1204661,0,-0.1447513,0.1258593,0.9814307,0,0.3476504,1.621874,-0.8410185,1,1.0,1.0,0.1456354,0.0712809,0.9867672,0.001625108,-0.004600258,-0.02373781,67.44444,4232
25,0.223327,0.08651662,1.000144,0.08214854,0.05222275,1.000122,0.1527373,0.06936964,1.000133,-0.9884344,0.04582379,-0.14456,0,0.02748309,0.9915975,0.126408,0,-0.1491378,-0.120973,0.9813886,0,0.173605,-1.725871,0.6703826,1,-0.9884344,0.02748308,-0.1491378,0,0.0458238,0.9915976,-0.1209731,0,-0.14456,0.126408,0.9813886,0,0.3475936,1.621857,-0.8407987,1,1.0,1.0,0.145636,0.07128808,0.9867665,0.001625435,-0.004599724,-0.02373692,67.46667,4233
25,0.22273,0.08649936,1.000053,0.08213966,0.05163851,1.000074,0.1524352,0.06906904,1.000063,-0.9884007,0.04592732,-0.1447581,0,0.02758578,0.9916142,0.1262546,0,-0.1493427,-0.1207969,0.9813792,0,0.1732352,-1.725793,0.6706106,1,-0.9884006,0.02758578,-0.1493427,0,0.04592732,0.9916143,-0.1207969,0,-0.1447581,0.1262547,0.981379,0,0.3475631,1.621875,-0.8407222,1,1.0,1.0,0.1453639,0.07100669,0.9868269,0.00162545,-0.004598541,-0.02373477,67.47778,4234
25,0.2223337,0.08624073,1.000069,0.08195952,0.05074503,1.000088,0.152147,0.06849311,1.000079,-0.9883667,0.04600144,-0.1449657,0,0.02767191,0.9916431,0.1260092,0,-0.1495509,-0.1205318,0.98138,0,0.1727596,-1.725595,0.6709897,1,-0.9883668,0.02767191,-0.1495509,0,0.04600144,0.9916431,-0.1205318,0,-0.1449658,0.1260092,0.9813799,0,0.3474002,1.621842,-0.8406485,1,1.0,1.0,0.1450948,0.07045139,0.9869063,0.001626449,-0.004593323,-0.02373294,67.48889,4235
25,0.2218136,0.08646227,0.9999061,0.08130671,0.05037314,0.9999421,0.1515609,0.06841828,0.9999241,-0.9882877,0.04618791,-0.1454459,0,0.02783847,0.9916704,0.1257567,0,-0.1500428,-0.1202347,0.9813415,0,0.1719887,-1.725566,0.6714895,1,-0.9882873,0.02783846,-0.1500427,0,0.04618791,0.9916705,-0.1202347,0,-0.1454458,0.1257566,0.9813411,0,0.3473398,1.62196,-0.8406275,1,1.0,1.0,0.1445633,0.07039381,0.9869885,0.001626754,-0.004591141,-0.02373269,67.51112,4236
25,0.2216773,0.08684704,1.000096,0.08148023,0.04965886,1.000124,0.1515793,0.06825313,1.00011,-0.9882776,0.04589353,-0.1456075,0,0.02750593,0.9916654,0.1258694,0,-0.1501705,-0.1203889,0.981303,0,0.1724049,-1.725558,0.6711874,1,-0.9882773,0.02750592,-0.1501705,0,0.04589351,0.9916654,-0.1203888,0,-0.1456075,0.1258694,0.9813028,0,0.3473057,1.621952,-0.8404858,1,1.0,1.0,0.1445549,0.0702227,0.9870018,0.001629516,-0.004591141,-0.02372923,67.52222,4237
25,0.2229859,0.08819141,1.000076,0.08058947,0.04974037,1.000096,0.151788,0.06896618,1.000086,-0.9882928,0.04537411,-0.1456662,0,0.02690067,0.9916182,0.1263715,0,-0.1501792,-0.1209735,0.9812297,0,0.1733577,-1.72584,0.6701092,1,-0.9882926,0.02690067,-0.1501792,0,0.0453741,0.9916182,-0.1209735,0,-0.1456662,0.1263715,0.9812297,0,0.3472488,1.622028,-0.8402773,1,1.0,1.0,0.1447469,0.07089902,0.9869254,0.001630507,-0.004583184,-0.02373074,67.54445,4238
25,0.2228967,0.08656366,1.000083,0.08060622,0.04974107,1.00009,0.1517516,0.06815243,1.000087,-0.9882808,0.04546068,-0.1457207,0,0.0269856,0.9916199,0.1263401,0,-0.150243,-0.1209271,0.9812256,0,0.1732196,-1.725817,0.6700832,1,-0.9882807,0.0269856,-0.150243,0,0.04546068,0.9916198,-0.1209271,0,-0.1457207,0.1263401,0.9812256,0,0.3472913,1.622022,-0.8401758,1,1.0,1.0,0.1447193,0.07011162,0.9869856,0.001630507,-0.004576348,-0.02373969,67.55556,4239
25,0.2225157,0.08563888,1.000146,0.08081771,0.04963598,1.000144,0.1516667,0.06763744,1.000145,-0.9882692,0.04549369,-0.1457884,0,0.02705165,0.9916524,0.1260705,0,-0.1503068,-0.1206478,0.9812503,0,0.1730143,-1.725674,0.6704296,1,-0.9882693,0.02705165,-0.1503068,0,0.0454937,0.9916524,-0.1206478,0,-0.1457884,0.1260705,0.9812502,0,0.3472329,1.622067,-0.8400528,1,1.0,1.0,0.1446357,0.06960985,0.9870334,0.001630507,-0.004572335,-0.02374397,67.56667,4240
25,0.2232881,0.08498913,1.000277,0.08082841,0.04989289,1.000246,0.1520576,0.06744061,1.000261,-0.9882808,0.0453699,-0.1457496,0,0.02711679,0.9918031,0.1248649,0,-0.15022,-0.1194493,0.9814103,0,0.1728842,-1.724895,0.6721936,1,-0.9882805,0.02711679,-0.15022,0,0.04536989,0.9918031,-0.1194493,0,-0.1457496,0.1248649,0.98141,0,0.3470883,1.622135,-0.8397645,1,1.0,1.0,0.1449916,0.06940832,0.9869954,0.001629196,-0.004570588,-0.02374391,67.58889,4241
25,0.2228451,0.08397689,1.000128,0.08238213,0.04938991,1.000107,0.1526131,0.06668329,1.000118,-0.9882832,0.04508493,-0.1458222,0,0.02693952,0.9919044,0.1240968,0,-0.1502365,-0.1187144,0.9814969,0,0.1731292,-1.724371,0.6734665,1,-0.9882827,0.02693952,-0.1502365,0,0.04508491,0.9919043,-0.1187144,0,-0.1458221,0.1240968,0.9814966,0,0.34705,1.622172,-0.8397024,1,1.0,1.0,0.1455451,0.06868368,0.9869646,0.001627395,-0.004567788,-0.02374045,67.6,4242
25,0.2204485,0.08289367,1.000066,0.08212768,0.04814523,1.000074,0.1512883,0.06551958,1.00007,-0.9883069,0.04460948,-0.1458068,0,0.02646525,0.991918,0.1240899,0,-0.150164,-0.1187801,0.9814999,0,0.173766,-1.724291,0.6733707,1,-0.9883068,0.02646525,-0.150164,0,0.04460948,0.991918,-0.1187801,0,-0.1458068,0.1240899,0.9814999,0,0.3468359,1.622198,-0.8396313,1,1.0,1.0,0.1443179,0.06757947,0.9872211,0.001622054,-0.004565033,-0.02373865,67.62222,4243
25,0.2395874,0.07896286,1.000085,0.08944596,0.05371153,1.000091,0.1645168,0.06633708,1.000088,-0.9883201,0.04439788,-0.1457816,0,0.0262116,0.9918884,0.1243799,0,-0.1501213,-0.1191059,0.9814669,0,0.1742335,-1.724402,0.6727587,1,-0.98832,0.0262116,-0.1501213,0,0.04439789,0.9918885,-0.1191059,0,-0.1457816,0.1243799,0.9814669,0,0.3468341,1.62217,-0.8395208,1,1.0,1.0,0.1568222,0.06832723,0.9852604,0.001555291,-0.004665573,-0.02374499,67.63333,4244
25,0.2271063,0.07185981,1.000039,0.08816107,0.05159865,1.000049,0.1576339,0.06172935,1.000044,-0.9883213,0.04443652,-0.145762,0,0.026181,0.9918303,0.1248491,0,-0.150119,-0.1195748,0.9814104,0,0.1742953,-1.724732,0.6718703,1,-0.9883212,0.026181,-0.150119,0,0.04443651,0.9918302,-0.1195748,0,-0.1457619,0.1248491,0.9814103,0,0.346834,1.622196,-0.8394499,1,1.0,1.0,0.1503926,0.06401249,0.9865518,0.001568291,-0.004698036,-0.02372254,67.64445,4245
25,0.2295385,0.07471783,1.000064,0.08840434,0.05136564,1.000093,0.158972,0.06304201,1.000079,-0.9882845,0.04494119,-0.1458572,0,0.02658339,0.9917434,0.1254527,0,-0.1502909,-0.1201055,0.9813193,0,0.173581,-1.725135,0.6706248,1,-0.9882842,0.02658339,-0.1502909,0,0.04494118,0.9917434,-0.1201055,0,-0.1458572,0.1254526,0.981319,0,0.3468924,1.622145,-0.8392074,1,1.0,1.0,0.1516338,0.065267,0.9862796,0.001571755,-0.004706856,-0.02370874,67.66667,4246
25,0.2274825,0.07574943,1.000063,0.08832568,0.04925365,1.000087,0.1579046,0.06250158,1.000075,-0.988266,0.04483999,-0.1460138,0,0.02645092,0.9917373,0.1255288,0,-0.1504361,-0.1201936,0.9812863,0,0.1736908,-1.725122,0.6704229,1,-0.9882657,0.02645092,-0.150436,0,0.04483997,0.9917372,-0.1201936,0,-0.1460138,0.1255288,0.981286,0,0.3468981,1.622117,-0.839096,1,1.0,1.0,0.150635,0.06475774,0.9864661,0.001571846,-0.004706055,-0.02370414,67.67778,4247
25,0.2270094,0.07488625,0.9999946,0.08840354,0.04969512,1.000047,0.1577075,0.06229104,1.000021,-0.9881704,0.04454486,-0.1467481,0,0.02604282,0.9917303,0.1256694,0,-0.1511324,-0.120361,0.9811586,0,0.1738765,-1.725167,0.6701856,1,-0.9881704,0.02604282,-0.1511324,0,0.04454486,0.9917303,-0.120361,0,-0.1467481,0.1256694,0.9811586,0,0.3470154,1.62215,-0.8389228,1,1.0,1.0,0.1504596,0.06456006,0.986506,0.001572152,-0.0047053,-0.02370014,67.7,4248
25,0.2276947,0.07559015,1.000057,0.08848818,0.04987271,1.000078,0.1580918,0.06273159,1.000068,-0.9881479,0.04418516,-0.1470092,0,0.02572517,0.9918005,0.1251798,0,-0.1513349,-0.1199143,0.9811822,0,0.174266,-1.72482,0.6710156,1,-0.9881477,0.02572517,-0.1513349,0,0.04418516,0.9918005,-0.1199143,0,-0.1470092,0.1251798,0.9811819,0,0.3470575,1.622197,-0.8388464,1,1.0,1.0,0.1508097,0.06497581,0.9864252,0.001573921,-0.004703842,-0.02369375,67.71111,4249
25,0.2279716,0.07541819,1.000058,0.08914047,0.0510649,1.000114,0.1585572,0.06324188,1.000086,-0.9880625,0.04393113,-0.1476586,0,0.0253803,0.991801,0.1252459,0,-0.1519501,-0.1200032,0.9810764,0,0.1742145,-1.724752,0.6708269,1,-0.988062,0.02538029,-0.15195,0,0.04393112,0.991801,-0.1200031,0,-0.1476585,0.1252459,0.9810759,0,0.3469583,1.622171,-0.8386357,1,1.0,1.0,0.1512391,0.06545774,0.9863276,0.001576271,-0.004701614,-0.02368773,67.73334,4250
25,0.227705,0.07489009,1.000097,0.08854689,0.051049,1.000102,0.1581261,0.06296952,1.000099,-0.988063,0.04387671,-0.1476709,0,0.0253118,0.9917927,0.1253257,0,-0.1519578,-0.1200918,0.9810642,0,0.1743194,-1.724815,0.6705849,1,-0.9880627,0.0253118,-0.1519577,0,0.0438767,0.9917926,-0.1200918,0,-0.1476708,0.1253257,0.9810641,0,0.3469436,1.622205,-0.8385338,1,1.0,1.0,0.1508368,0.06519677,0.9864065,0.001573921,-0.004697785,-0.0236831,67.74445,4251
25,0.2275507,0.07589781,1.000103,0.08892594,0.05054981,1.000104,0.1582383,0.06322386,1.000103,-0.9880717,0.04394126,-0.1475929,0,0.02532757,0.9917444,0.1257042,0,-0.1518981,-0.1204665,0.9810275,0,0.174378,-1.725052,0.6697958,1,-0.9880716,0.02532757,-0.1518981,0,0.04394126,0.9917445,-0.1204665,0,-0.1475929,0.1257042,0.9810274,0,0.346956,1.622198,-0.8384113,1,1.0,1.0,0.1509406,0.06543862,0.9863745,0.001573289,-0.004697136,-0.02368109,67.75555,4252
25,0.2273761,0.07668421,1.000174,0.08959781,0.0503382,1.000148,0.1584864,0.06351091,1.000161,-0.9880902,0.04434534,-0.1473474,0,0.02566103,0.9916517,0.1263661,0,-0.1517211,-0.12108,0.9809792,0,0.1738605,-1.725417,0.6683335,1,-0.9880902,0.02566103,-0.1517211,0,0.04434534,0.9916517,-0.12108,0,-0.1473474,0.1263661,0.9809793,0,0.3467813,1.622096,-0.8381565,1,1.0,1.0,0.1511648,0.06570902,0.9863223,0.001572655,-0.004697243,-0.02367304,67.77778,4253
25,0.2274755,0.07662933,1.0001,0.09040717,0.05109947,1.00009,0.1589412,0.0638644,1.000095,-0.9881026,0.04443135,-0.1472394,0,0.02573751,0.9916306,0.1265163,0,-0.1516284,-0.1212215,0.9809762,0,0.1736541,-1.72549,0.6679617,1,-0.9881023,0.02573751,-0.1516283,0,0.04443135,0.9916306,-0.1212215,0,-0.1472394,0.1265163,0.9809761,0,0.3466041,1.622071,-0.8380901,1,1.0,1.0,0.1515996,0.06604752,0.9862329,0.001572494,-0.004696778,-0.02366927,67.78889,4254
25,0.2275943,0.0757666,1.000111,0.09026717,0.05070527,1.000067,0.1589299,0.06323583,1.00009,-0.9881549,0.04495567,-0.1467271,0,0.0264206,0.9916897,0.1259102,0,-0.1511681,-0.1205421,0.9811308,0,0.1729019,-1.725287,0.6687631,1,-0.9881549,0.0264206,-0.1511682,0,0.04495567,0.9916897,-0.1205421,0,-0.1467271,0.1259101,0.9811308,0,0.346541,1.622177,-0.8379766,1,1.0,1.0,0.1516005,0.06544266,0.986273,0.001568154,-0.004694481,-0.0236657,67.81111,4255
25,0.2265504,0.07557875,1.000149,0.08938335,0.0506394,1.000111,0.1579661,0.06310879,1.00013,-0.9881647,0.04518057,-0.1465935,0,0.02675938,0.9917601,0.1252827,0,-0.1510459,-0.1198772,0.9812313,0,0.1724263,-1.724967,0.6697549,1,-0.9881643,0.02675937,-0.1510459,0,0.04518057,0.9917601,-0.1198772,0,-0.1465934,0.1252827,0.981231,0,0.3465022,1.622231,-0.8379241,1,1.0,1.0,0.1506979,0.06532738,0.986419,0.001560394,-0.004692978,-0.02365099,67.82223,4256
25,0.2263423,0.07763918,1.000206,0.08959392,0.05000245,1.000194,0.1579679,0.06382065,1.0002,-0.9881914,0.04496745,-0.1464778,0,0.026657,0.9918427,0.1246497,0,-0.1508881,-0.1192731,0.9813291,0,0.1727104,-1.724573,0.6705288,1,-0.9881914,0.026657,-0.1508881,0,0.04496745,0.9918426,-0.1192731,0,-0.1464778,0.1246497,0.9813291,0,0.3464382,1.62232,-0.8376447,1,1.0,1.0,0.1506848,0.06600303,0.986376,0.001559165,-0.004689774,-0.0236453,67.84444,4257
25,0.2266028,0.07815263,1.000157,0.09032541,0.05090304,1.000139,0.1584638,0.06452783,1.000148,-0.9882079,0.04492941,-0.1463786,0,0.02665157,0.9918597,0.1245154,0,-0.1507814,-0.1191459,0.981361,0,0.1728175,-1.724508,0.6706169,1,-0.9882076,0.02665157,-0.1507813,0,0.0449294,0.9918597,-0.1191458,0,-0.1463785,0.1245154,0.9813607,0,0.3464246,1.622362,-0.8375273,1,1.0,1.0,0.1511527,0.06667955,0.9862589,0.001559165,-0.004689774,-0.02364318,67.85556,4258
25,0.2269082,0.07877932,1.00014,0.09136973,0.05215616,1.000138,0.1591389,0.06546757,1.000139,-0.9882189,0.04463211,-0.1463953,0,0.02637385,0.9918857,0.1243675,0,-0.1507582,-0.1190413,0.9813772,0,0.1732958,-1.724357,0.6707455,1,-0.9882187,0.02637385,-0.1507581,0,0.0446321,0.9918857,-0.1190413,0,-0.1463953,0.1243675,0.9813771,0,0.3464098,1.622375,-0.8373982,1,1.0,1.0,0.1517802,0.0675768,0.9861014,0.001559165,-0.004691643,-0.02364216,67.86667,4259
25,0.2271237,0.07833524,1.000185,0.09150171,0.0517996,1.00019,0.1593128,0.06506743,1.000188,-0.9882163,0.0443731,-0.1464911,0,0.02610678,0.9918965,0.1243378,0,-0.1508212,-0.1190482,0.9813666,0,0.173895,-1.724199,0.6704515,1,-0.9882163,0.02610678,-0.1508212,0,0.0443731,0.9918965,-0.1190482,0,-0.1464911,0.1243378,0.9813666,0,0.3465691,1.622324,-0.8369944,1,1.0,1.0,0.1519411,0.06718723,0.9861034,0.001559234,-0.004690452,-0.02364002,67.88889,4260
25,0.2276804,0.0783385,1.000115,0.09190488,0.0505686,1.000137,0.1597931,0.0644536,1.000126,-0.9881872,0.0442792,-0.1467163,0,0.02602267,0.9919292,0.1240937,0,-0.1510269,-0.1188098,0.981364,0,0.1738539,-1.724005,0.6707792,1,-0.988187,0.02602267,-0.1510269,0,0.04427919,0.9919292,-0.1188098,0,-0.1467163,0.1240937,0.9813638,0,0.3465519,1.622328,-0.8368505,1,1.0,1.0,0.1524042,0.06659806,0.9860719,0.001563133,-0.004690452,-0.02363985,67.9,4261
25,0.2282178,0.077942,1.000097,0.09208059,0.05086834,1.000117,0.1601496,0.06440514,1.000107,-0.9881792,0.0439945,-0.1468555,0,0.02582592,0.9920202,0.1234057,0,-0.1511128,-0.1181543,0.9814299,0,0.1742561,-1.723528,0.6716329,1,-0.988179,0.02582592,-0.1511127,0,0.0439945,0.9920203,-0.1181542,0,-0.1468554,0.1234057,0.9814296,0,0.3466549,1.622391,-0.8364703,1,1.0,1.0,0.1527414,0.06654955,0.9860229,0.001564888,-0.004690452,-0.02363864,67.92223,4262
25,0.2290317,0.07944047,1.000147,0.09196042,0.05142192,1.00014,0.1604959,0.06543114,1.000143,-0.9881662,0.04402521,-0.1469328,0,0.02592788,0.9920824,0.1228832,0,-0.1511794,-0.1176194,0.9814838,0,0.1741273,-1.723163,0.6724354,1,-0.9881663,0.02592788,-0.1511794,0,0.04402521,0.9920824,-0.1176194,0,-0.1469328,0.1228832,0.9814838,0,0.3467322,1.622374,-0.8363374,1,1.0,1.0,0.1530488,0.06753265,0.9859084,0.00156823,-0.004696083,-0.02363667,67.93333,4263
25,0.2297298,0.07851897,1.000067,0.092097,0.05143365,1.00008,0.1609136,0.06497636,1.000074,-0.9881514,0.04387267,-0.1470791,0,0.02579157,0.9921136,0.1226598,0,-0.1513005,-0.1174131,0.98149,0,0.1742817,-1.722959,0.6727727,1,-0.9881512,0.02579157,-0.1513005,0,0.04387267,0.9921135,-0.1174131,0,-0.147079,0.1226598,0.9814897,0,0.3467582,1.622354,-0.8362485,1,1.0,1.0,0.1534569,0.06710207,0.9858744,0.001568511,-0.004700882,-0.02362958,67.94444,4264
25,0.2319128,0.07636085,1.000115,0.09213342,0.05135717,1.000122,0.1620233,0.06385894,1.000119,-0.9881614,0.0434635,-0.1471334,0,0.02532273,0.9920843,0.122994,0,-0.1513144,-0.1178121,0.9814401,0,0.1751429,-1.723073,0.6719328,1,-0.9881611,0.02532272,-0.1513144,0,0.04346349,0.9920844,-0.1178121,0,-0.1471333,0.122994,0.9814398,0,0.3468239,1.622355,-0.8359587,1,1.0,1.0,0.1545036,0.0660204,0.9857839,0.001570892,-0.004703636,-0.02362052,67.96667,4265
25,0.2303458,0.09651218,1.000202,0.08576293,0.04616794,1.000181,0.1580539,0.07133977,1.000192,-0.9882176,0.04323031,-0.1468245,0,0.02506052,0.9920382,0.1234187,0,-0.1509909,-0.118285,0.9814329,0,0.1758999,-1.72325,0.6709548,1,-0.9882172,0.02506051,-0.1509909,0,0.04323031,0.9920382,-0.118285,0,-0.1468245,0.1234187,0.9814327,0,0.3468365,1.622313,-0.8357723,1,1.0,1.0,0.1506379,0.07318804,0.9858761,0.001615853,-0.004666497,-0.02364488,67.97778,4266
25,0.2278516,0.09418678,1.000188,0.08684507,0.04445069,1.000174,0.1573481,0.06931862,1.000181,-0.9882377,0.04358135,-0.1465848,0,0.02534545,0.9919527,0.1240464,0,-0.1508113,-0.118872,0.9813896,0,0.1755434,-1.723596,0.6694166,1,-0.9882374,0.02534545,-0.1508112,0,0.04358134,0.9919527,-0.118872,0,-0.1465848,0.1240463,0.9813895,0,0.3467215,1.622237,-0.8353718,1,1.0,1.0,0.1500034,0.07124855,0.986115,0.001608329,-0.004655098,-0.02364461,68.0,4267
25,0.2285984,0.09402376,1.000299,0.0855868,0.04524418,1.000301,0.1570927,0.06963397,1.0003,-0.988205,0.04385334,-0.1467246,0,0.02565096,0.991985,0.1237246,0,-0.1509744,-0.1185017,0.9814094,0,0.1748931,-1.723419,0.6697066,1,-0.9882047,0.02565096,-0.1509743,0,0.04385333,0.991985,-0.1185016,0,-0.1467246,0.1237246,0.9814091,0,0.3466702,1.62226,-0.8350797,1,1.0,1.0,0.1497465,0.07153955,0.9861329,0.001603744,-0.004649826,-0.02364995,68.01112,4268
25,0.2295221,0.09573745,1.000282,0.08487034,0.04668646,1.000255,0.1571956,0.07121179,1.000269,-0.9882255,0.04402091,-0.1465354,0,0.02606869,0.992157,0.1222497,0,-0.1507677,-0.1169903,0.9816223,0,0.1742784,-1.722503,0.6718014,1,-0.9882255,0.02606869,-0.1507677,0,0.04402091,0.992157,-0.1169903,0,-0.1465354,0.1222497,0.9816223,0,0.3464952,1.622323,-0.8346958,1,1.0,1.0,0.1498327,0.07305062,0.9860091,0.001602386,-0.004647896,-0.02364958,68.03333,4269
25,0.2295123,0.09265111,1.000174,0.08514783,0.04723477,1.00015,0.1573296,0.06994253,1.000162,-0.9882141,0.04411336,-0.1465846,0,0.02624863,0.9922266,0.1216444,0,-0.1508113,-0.116363,0.9816903,0,0.1739509,-1.722176,0.6727347,1,-0.9882139,0.02624863,-0.1508113,0,0.04411336,0.9922267,-0.116363,0,-0.1465846,0.1216443,0.9816901,0,0.3464842,1.622388,-0.8345809,1,1.0,1.0,0.149988,0.07182997,0.9860751,0.001601379,-0.004636856,-0.02365178,68.04445,4270
25,0.2283847,0.08962632,1.000215,0.08514121,0.04517641,1.000208,0.1567628,0.06740129,1.000212,-0.9881777,0.04440146,-0.1467438,0,0.02660816,0.992288,0.1210644,0,-0.1509875,-0.1157286,0.9817383,0,0.1732035,-1.721842,0.6735781,1,-0.9881773,0.02660816,-0.1509875,0,0.04440146,0.9922881,-0.1157285,0,-0.1467437,0.1210644,0.9817378,0,0.3464514,1.622408,-0.8343918,1,1.0,1.0,0.1494766,0.06938472,0.9863278,0.001598984,-0.004624016,-0.02364439,68.05556,4271
25,0.2272752,0.08969644,1.000123,0.08441137,0.04445834,1.000131,0.1558435,0.0670774,1.000127,-0.98818,0.04382788,-0.1469004,0,0.02603313,0.9923186,0.1209379,0,-0.1510724,-0.1156841,0.9817305,0,0.1740247,-1.721695,0.673522,1,-0.9881797,0.02603313,-0.1510724,0,0.04382787,0.9923187,-0.1156841,0,-0.1469003,0.1209378,0.98173,0,0.3463665,1.622486,-0.8340991,1,1.0,1.0,0.1486259,0.06908948,0.9864771,0.001599846,-0.004624016,-0.02363822,68.07778,4272
25,0.2272011,0.08988026,1.000239,0.08458622,0.04528015,1.000215,0.1558932,0.06757997,1.000227,-0.988233,0.04340023,-0.1466709,0,0.02560402,0.9923085,0.1211125,0,-0.1507991,-0.115932,0.9817432,0,0.1750242,-1.721686,0.6729661,1,-0.9882326,0.02560402,-0.1507991,0,0.04340022,0.9923086,-0.115932,0,-0.1466709,0.1211125,0.9817429,0,0.3463906,1.622458,-0.8338847,1,1.0,1.0,0.1486512,0.06956588,0.9864398,0.001602051,-0.00462616,-0.02364037,68.08889,4273
25,0.2289947,0.0904299,1.000114,0.08463478,0.04675678,1.000123,0.156815,0.06859346,1.000119,-0.988254,0.04290885,-0.1466734,0,0.02508453,0.9923013,0.1212804,0,-0.1507483,-0.1161766,0.981722,0,0.1758955,-1.721683,0.6725453,1,-0.9882538,0.02508453,-0.1507482,0,0.04290884,0.9923012,-0.1161766,0,-0.1466734,0.1212804,0.9817218,0,0.3463494,1.622449,-0.8337557,1,1.0,1.0,0.1495224,0.07053594,0.9862391,0.001602814,-0.004626663,-0.0236495,68.1,4274
25,0.2283905,0.09035376,1.000093,0.08590887,0.0468102,1.000111,0.1571501,0.06858215,1.000102,-0.9882683,0.04248007,-0.1467012,0,0.02455194,0.9922358,0.1219236,0,-0.1507415,-0.1168915,0.9816382,0,0.176852,-1.722008,0.6712114,1,-0.9882683,0.02455194,-0.1507415,0,0.04248007,0.9922357,-0.1168915,0,-0.1467012,0.1219236,0.9816381,0,0.3463957,1.62246,-0.8335157,1,1.0,1.0,0.1498407,0.07052303,0.9861918,0.001602508,-0.004626771,-0.02365018,68.12222,4275
