flag,xl,yl,zl,xr,yr,zr,xc,yc,zc,mat_00,mat_10,mat_20,mat_30,mat_01,mat_11,mat_21,mat_31,mat_02,mat_12,mat_22,mat_32,mat_03,mat_13,mat_23,mat_33,ctw_00,ctw_10,ctw_20,ctw_30,ctw_01,ctw_11,ctw_21,ctw_31,ctw_02,ctw_12,ctw_22,ctw_32,ctw_03,ctw_13,ctw_23,ctw_33,opennessl,opennessr,ray_x,ray_y,ray_z,eye_x,eye_y,eye_z,time,frame
25,0.2168527,0.2216314,0.9998499,0.1322436,0.1641652,0.9998602,0.1745481,0.1928983,0.9998549,0.02363586,0.007879366,-0.9996897,0,-0.03541953,0.9993477,0.007039237,0,-0.9990931,-0.03524216,-0.0238995,0,-0.5152546,-1.595642,-1.292344,1,0.02363583,-0.03541953,-0.9990929,0,0.00787936,0.9993477,-0.03524216,0,-0.9996895,0.00703924,-0.02389953,0,-1.267192,1.585448,-0.6019075,1,1.0,1.0,0.1655414,0.1855396,0.9685923,0.0003301855,-0.002365982,-0.01950407,93.8,5816
25,0.2168798,0.2216639,1.0,0.1322661,0.1641879,1.0,0.1745728,0.192926,1.0,0.02363586,0.007879366,-0.9996897,0,-0.03541953,0.9993477,0.007039237,0,-0.9990931,-0.03524216,-0.0238995,0,-0.5152546,-1.595642,-1.292344,1,0.02363583,-0.03541953,-0.9990929,0,0.00787936,0.9993477,-0.03524216,0,-0.9996895,0.00703924,-0.02389953,0,-1.267192,1.585448,-0.6019075,1,1.0,1.0,0.1655414,0.1855396,0.9685923,0.0003301855,-0.002365982,-0.01950407,93.81111,5817
25,0.2163122,0.2199058,0.999582,0.1283568,0.1672936,0.9995956,0.1723345,0.1935998,0.9995888,0.02376992,0.008488118,-0.9996815,0,-0.03584959,0.9993281,0.007632702,0,-0.9990746,-0.03565674,-0.02405822,0,-0.5143005,-1.595065,-1.292845,1,0.02376989,-0.03584959,-0.9990743,0,0.008488114,0.999328,-0.03565674,0,-0.9996814,0.007632704,-0.02405823,0,-1.266669,1.585423,-0.6018028,1,1.0,1.0,0.163512,0.1862871,0.9687936,0.0003330614,-0.002359017,-0.01950346,93.83334,5818
25,0.2166192,0.2238255,0.9998167,0.1295169,0.1638847,0.9998407,0.1730682,0.1938553,0.9998286,0.02375174,0.008920966,-0.9996781,0,-0.03629743,0.9993086,0.008055261,0,-0.9990588,-0.03609441,-0.02405912,0,-0.513607,-1.594743,-1.293419,1,0.02375173,-0.03629742,-0.9990587,0,0.008920962,0.9993085,-0.03609441,0,-0.9996781,0.008055264,-0.02405912,0,-1.266577,1.585417,-0.6018034,1,1.0,1.0,0.1641471,0.1864585,0.9686532,0.0003330912,-0.002358406,-0.01950346,93.84444,5819
25,0.218003,0.2257931,0.9999692,0.1295622,0.1628599,0.9999833,0.1737826,0.1943269,0.9999763,0.02349138,0.009517835,-0.9996789,0,-0.0370271,0.9992769,0.008643906,0,-0.9990382,-0.03681215,-0.02382684,0,-0.5127746,-1.594292,-1.294258,1,0.0234914,-0.03702709,-0.999038,0,0.009517828,0.9992769,-0.03681214,0,-0.9996786,0.008643911,-0.02382681,0,-1.266622,1.58534,-0.6018086,1,1.0,1.0,0.1647715,0.1868432,0.968473,0.0003332756,-0.002357025,-0.01950343,93.85556,5820
25,0.2166974,0.2247449,0.9999657,0.1295532,0.1626747,0.9999583,0.1731252,0.1937097,0.999962,0.02268076,0.01054115,-0.9996873,0,-0.03728776,0.9992576,0.00969064,0,-0.9990472,-0.0370563,-0.02305698,0,-0.513328,-1.592932,-1.29533,1,0.02268076,-0.03728776,-0.9990471,0,0.01054115,0.9992576,-0.0370563,0,-0.9996871,0.009690642,-0.02305697,0,-1.266491,1.585161,-0.6017334,1,1.0,1.0,0.1641839,0.186299,0.9686776,0.0003332756,-0.002356834,-0.01950343,93.87778,5821
25,0.2183221,0.2256606,0.9999127,0.1295251,0.16057,0.9998975,0.1739236,0.1931149,0.9999052,0.02224982,0.01089056,-0.9996932,0,-0.03698689,0.9992651,0.01006269,0,-0.999068,-0.03675165,-0.02263629,0,-0.5143117,-1.592283,-1.295573,1,0.02224984,-0.0369869,-0.9990681,0,0.01089056,0.9992651,-0.03675166,0,-0.9996931,0.01006269,-0.02263627,0,-1.266391,1.585127,-0.6016784,1,1.0,1.0,0.1649477,0.185739,0.9686554,0.0003332756,-0.002355896,-0.01950349,93.9,5822
25,0.2185583,0.2251834,0.9998376,0.1286261,0.160389,0.9998242,0.173592,0.1927859,0.999831,0.02205127,0.01095629,-0.9996969,0,-0.03641886,0.9992851,0.01014846,0,-0.9990933,-0.03618404,-0.02243453,0,-0.5154478,-1.591881,-1.295402,1,0.02205128,-0.03641886,-0.9990933,0,0.0109563,0.9992851,-0.03618404,0,-0.9996968,0.01014845,-0.02243452,0,-1.266202,1.585117,-0.6016429,1,1.0,1.0,0.1646624,0.1854581,0.9687578,0.0003330391,-0.00235466,-0.01950364,93.91111,5823
25,0.2181672,0.2246088,0.9998208,0.1283383,0.1648294,0.9997932,0.1732525,0.1947187,0.999807,0.02148813,0.01106107,-0.9997081,0,-0.03518363,0.9993278,0.01030061,0,-0.9991499,-0.03495201,-0.0218628,0,-0.5183139,-1.591033,-1.294923,1,0.02148807,-0.03518363,-0.9991497,0,0.01106106,0.9993278,-0.03495201,0,-0.9997078,0.01030061,-0.02186285,0,-1.265809,1.585066,-0.6017938,1,1.0,1.0,0.1642958,0.187244,0.9684764,0.0003332831,-0.002353378,-0.01950338,93.93333,5824
25,0.2181787,0.2248537,0.9999385,0.1284063,0.1680496,0.9999179,0.1732923,0.1964514,0.9999282,0.02125311,0.01106812,-0.9997129,0,-0.03490791,0.9993373,0.01032185,0,-0.9991645,-0.03467852,-0.0216254,0,-0.5189426,-1.590839,-1.29471,1,0.02125312,-0.03490791,-0.9991646,0,0.01106812,0.9993373,-0.03467852,0,-0.9997128,0.01032185,-0.02162539,0,-1.265701,1.585033,-0.6016756,1,1.0,1.0,0.1642633,0.1888091,0.968178,0.0003332831,-0.002352722,-0.01950316,93.94445,5825
25,0.2132178,0.225095,0.9999079,0.1250126,0.1739336,0.999935,0.1691152,0.1995144,0.9999214,0.02184081,0.0110705,-0.9997002,0,-0.03465711,0.9993461,0.01030941,0,-0.9991606,-0.03442156,-0.02221018,0,-0.51845,-1.59064,-1.294876,1,0.02184079,-0.03465711,-0.9991605,0,0.0110705,0.9993461,-0.03442156,0,-0.9997002,0.01030942,-0.0222102,0,-1.265555,1.584981,-0.6015265,1,1.0,1.0,0.1603118,0.1917364,0.9682651,0.0003333129,-0.002352379,-0.01950316,93.96667,5826
25,0.2123146,0.2239106,0.9997193,0.1237969,0.1739984,0.999789,0.168056,0.1989553,0.9997541,0.02261347,0.01110172,-0.9996827,0,-0.03471641,0.999344,0.01031266,0,-0.9991414,-0.03447219,-0.02298409,0,-0.5172681,-1.590614,-1.295214,1,0.0226135,-0.03471641,-0.9991412,0,0.01110172,0.999344,-0.03447219,0,-0.9996825,0.01031266,-0.02298404,0,-1.265447,1.58497,-0.601425,1,1.0,1.0,0.1593705,0.1912782,0.968511,0.0003351439,-0.002345078,-0.01950316,93.97778,5827
25,0.2122604,0.2233958,0.9996867,0.1240719,0.1731871,0.9997695,0.1681667,0.1982923,0.9997282,0.02423877,0.01131301,-0.9996423,0,-0.03448185,0.9993504,0.0104736,0,-0.9991115,-0.03421564,-0.02461308,0,-0.515329,-1.590162,-1.296172,1,0.02423873,-0.03448184,-0.9991112,0,0.011313,0.9993504,-0.03421564,0,-0.9996421,0.01047361,-0.02461311,0,-1.265228,1.584935,-0.6011823,1,1.0,1.0,0.159493,0.1906696,0.9686109,0.0003383793,-0.002341629,-0.01950274,94.0,5828
25,0.2126985,0.2235215,0.9995604,0.1235213,0.1720094,0.9996604,0.1681105,0.1977667,0.9996104,0.02520525,0.01157955,-0.9996153,0,-0.034544,0.9993458,0.0107054,0,-0.9990853,-0.03426087,-0.02558881,0,-0.5138058,-1.589847,-1.296917,1,0.02520529,-0.03454399,-0.9990853,0,0.01157955,0.9993457,-0.03426088,0,-0.9996151,0.0107054,-0.02558877,0,-1.265057,1.584942,-0.6009918,1,1.0,1.0,0.1594689,0.1902062,0.968706,0.0003437661,-0.002336823,-0.01950208,94.01112,5829
25,0.2136462,0.2234776,0.9998155,0.1214033,0.1719796,0.9998888,0.1675252,0.1977295,0.9998522,0.02595168,0.01166765,-0.9995953,0,-0.03484453,0.9993348,0.01075996,0,-0.9990559,-0.03455118,-0.02634102,0,-0.5122323,-1.589887,-1.297423,1,0.02595172,-0.03484453,-0.9990557,0,0.01166764,0.9993348,-0.03455118,0,-0.9995949,0.01075997,-0.02634097,0,-1.265054,1.584941,-0.6008565,1,1.0,1.0,0.1588868,0.1901458,0.9688135,0.0003494024,-0.002335869,-0.01950331,94.02222,5830
25,0.2113108,0.2230972,0.999872,0.1199216,0.1719625,0.9999171,0.1656163,0.1975303,0.9998946,0.02718264,0.01184388,-0.9995604,0,-0.03520335,0.9993209,0.0108837,0,-0.9990105,-0.03489202,-0.0275811,0,-0.5098742,-1.589841,-1.298217,1,0.02718261,-0.03520334,-0.9990103,0,0.01184388,0.9993209,-0.03489201,0,-0.9995602,0.0108837,-0.02758112,0,-1.264957,1.584941,-0.6006486,1,1.0,1.0,0.1571104,0.1900099,0.9691298,0.0003569648,-0.002335098,-0.01950293,94.04445,5831
25,0.2109805,0.2240165,0.9998685,0.1209776,0.1705573,0.9998885,0.1659792,0.1972871,0.9998784,0.02727664,0.01206081,-0.9995552,0,-0.03505114,0.9993238,0.01110152,0,-0.9990133,-0.03473274,-0.02768093,0,-0.5099019,-1.589453,-1.298553,1,0.02727663,-0.03505114,-0.9990131,0,0.01206081,0.9993239,-0.03473273,0,-0.9995551,0.01110152,-0.02768093,0,-1.264897,1.584922,-0.6005498,1,1.0,1.0,0.157456,0.1897795,0.9691188,0.0003569648,-0.002335091,-0.01950252,94.05556,5832
25,0.2051226,0.2218215,0.9999381,0.1208935,0.1641358,0.999936,0.1630078,0.1929786,0.9999371,0.02752614,0.01219844,-0.9995467,0,-0.03452461,0.9993406,0.01124516,0,-0.9990248,-0.03419942,-0.02792913,0,-0.5102415,-1.588967,-1.298755,1,0.02752613,-0.03452461,-0.9990246,0,0.01219844,0.9993407,-0.03419942,0,-0.9995465,0.01124517,-0.02792913,0,-1.264738,1.584908,-0.6003587,1,1.0,1.0,0.1548102,0.1858985,0.9702966,0.0003569648,-0.002335098,-0.01950217,94.07778,5833
25,0.2049446,0.2214982,1.000048,0.1212712,0.1637145,1.000027,0.1631079,0.1926061,1.000037,0.02735674,0.01208092,-0.9995527,0,-0.03422285,0.9993521,0.01114186,0,-0.9990398,-0.03390273,-0.02775246,0,-0.5108947,-1.589003,-1.298481,1,0.02735674,-0.03422284,-0.9990397,0,0.01208093,0.9993522,-0.03390273,0,-0.9995527,0.01114186,-0.02775246,0,-1.264727,1.584957,-0.6003116,1,1.0,1.0,0.154899,0.1855375,0.9703515,0.0003569648,-0.002336311,-0.01950155,94.08889,5834
25,0.2026104,0.2199601,0.9999433,0.1226705,0.1630099,0.9999309,0.1626402,0.1914849,0.9999371,0.02709782,0.01222502,-0.9995581,0,-0.03405406,0.9993561,0.01129935,0,-0.9990526,-0.03373282,-0.0274967,0,-0.5114309,-1.588744,-1.298507,1,0.02709783,-0.03405405,-0.9990525,0,0.01222502,0.9993561,-0.03373282,0,-0.999558,0.01129935,-0.02749668,0,-1.264652,1.584977,-0.6002437,1,1.0,1.0,0.154518,0.1845379,0.9706029,0.0003481675,-0.002337471,-0.01949915,94.1,5835
25,0.2099586,0.2222132,1.000068,0.1258094,0.1611925,1.000071,0.1678839,0.1917028,1.000069,0.02684957,0.01206977,-0.9995666,0,-0.03380393,0.9993662,0.01115934,0,-0.9990677,-0.03348966,-0.02724057,0,-0.5120742,-1.588825,-1.298312,1,0.02684959,-0.03380394,-0.9990678,0,0.01206978,0.9993663,-0.03348966,0,-0.9995667,0.01115934,-0.02724056,0,-1.264823,1.584996,-0.6001728,1,1.0,1.0,0.1593673,0.1845708,0.9698122,0.0003408734,-0.002336838,-0.01949526,94.12222,5836
25,0.210941,0.2202093,0.9999862,0.1309589,0.1619891,0.9999748,0.17095,0.191099,0.9999806,0.02665585,0.01213625,-0.9995711,0,-0.03339935,0.9993789,0.01124324,0,-0.9990866,-0.03308533,-0.02704465,0,-0.5129082,-1.588533,-1.298294,1,0.02665587,-0.03339935,-0.9990865,0,0.01213625,0.9993788,-0.03308533,0,-0.999571,0.01124324,-0.02704463,0,-1.264786,1.585012,-0.6001086,1,1.0,1.0,0.1622448,0.183944,0.9694541,0.0003343262,-0.002335335,-0.01949168,94.13334,5837
25,0.21235,0.2190736,0.9999252,0.1308661,0.1612273,0.999935,0.1716079,0.1901504,0.9999303,0.02689338,0.01212307,-0.9995649,0,-0.03299922,0.9993923,0.01123313,0,-0.9990935,-0.03268277,-0.02727711,0,-0.5132053,-1.58833,-1.298235,1,0.0268934,-0.03299923,-0.9990934,0,0.01212307,0.9993922,-0.03268276,0,-0.9995648,0.01123313,-0.02727708,0,-1.264612,1.585013,-0.6000631,1,1.0,1.0,0.1628898,0.1830592,0.9695134,0.0003332738,-0.00233197,-0.01949091,94.15556,5838
25,0.2141945,0.2206809,0.9997611,0.1313541,0.1622103,0.999767,0.1727743,0.1914457,0.999764,0.02685273,0.0122797,-0.9995641,0,-0.03275619,0.9993984,0.01139769,0,-0.9991027,-0.03243585,-0.02723879,0,-0.5136225,-1.588016,-1.298259,1,0.0268527,-0.03275619,-0.9991025,0,0.0122797,0.9993984,-0.03243584,0,-0.999564,0.01139769,-0.0272388,0,-1.2644,1.585034,-0.6000332,1,1.0,1.0,0.1639571,0.1842433,0.9691091,0.0003332738,-0.002331223,-0.01949086,94.16667,5839
25,0.2138641,0.2184142,0.9998721,0.1313808,0.162365,0.9999011,0.1726225,0.1903901,0.9998865,0.02715558,0.01235257,-0.9995549,0,-0.03283428,0.9993951,0.01145857,0,-0.9990919,-0.03250851,-0.02754474,0,-0.5130613,-1.587966,-1.29848,1,0.02715557,-0.03283428,-0.9990917,0,0.01235257,0.9993951,-0.0325085,0,-0.9995549,0.01145857,-0.02754474,0,-1.264354,1.585038,-0.599984,1,1.0,1.0,0.1638283,0.1832569,0.9693179,0.0003332738,-0.002331245,-0.01949086,94.17778,5840
25,0.2143737,0.2204622,0.9998925,0.1314937,0.1623186,0.9999096,0.1729339,0.1913906,0.9999011,0.02748674,0.0122728,-0.9995468,0,-0.03320479,0.999384,0.01135769,0,-0.9990705,-0.03287756,-0.02787733,0,-0.5118487,-1.588204,-1.298384,1,0.02748675,-0.03320479,-0.9990706,0,0.0122728,0.999384,-0.03287756,0,-0.9995469,0.0113577,-0.02787733,0,-1.264235,1.584976,-0.5997848,1,1.0,1.0,0.1640856,0.184164,0.9691024,0.0003333893,-0.002330299,-0.019491,94.2,5841
25,0.2160264,0.2211023,0.9998272,0.1314641,0.1627355,0.9998572,0.1737455,0.1919193,0.9998422,0.02777964,0.01236326,-0.9995376,0,-0.0333087,0.9993797,0.01143557,0,-0.999059,-0.03297562,-0.02817416,0,-0.5112374,-1.588214,-1.298584,1,0.02777959,-0.0333087,-0.9990589,0,0.01236325,0.9993797,-0.03297562,0,-0.9995376,0.01143557,-0.02817421,0,-1.264146,1.58505,-0.5997152,1,1.0,1.0,0.1648251,0.1846358,0.9688872,0.0003384091,-0.00232991,-0.01949178,94.21111,5842
25,0.2168582,0.2195366,0.9999329,0.1321397,0.1629283,0.9999362,0.174499,0.1912326,0.9999346,0.02804786,0.01216257,-0.9995326,0,-0.03345335,0.9993773,0.01122194,0,-0.9990467,-0.03312296,-0.02843726,0,-0.5105592,-1.588543,-1.298147,1,0.02804784,-0.03345335,-0.9990466,0,0.01216257,0.9993773,-0.03312296,0,-0.9995326,0.01122194,-0.02843727,0,-1.2639,1.585042,-0.5996054,1,1.0,1.0,0.1655236,0.183968,0.9688951,0.0003427584,-0.002330101,-0.01949213,94.23334,5843
25,0.2175845,0.2191074,0.9997704,0.1312361,0.1623431,0.9998031,0.1744105,0.1907257,0.9997868,0.02824903,0.01243167,-0.9995238,0,-0.03342988,0.999375,0.01148501,0,-0.9990419,-0.03308951,-0.02864695,0,-0.5102819,-1.588143,-1.298552,1,0.028249,-0.03342987,-0.9990416,0,0.01243167,0.9993751,-0.03308951,0,-0.9995235,0.01148501,-0.02864695,0,-1.263775,1.585006,-0.5995433,1,1.0,1.0,0.1654769,0.1835307,0.968986,0.000344865,-0.00233059,-0.01949213,94.24445,5844
25,0.2153597,0.2183187,0.9998657,0.1312001,0.1603262,0.9998797,0.17328,0.1893228,0.9998727,0.02828687,0.01249836,-0.9995217,0,-0.0334703,0.999373,0.01154928,0,-0.9990394,-0.0331276,-0.02868748,0,-0.5099934,-1.588072,-1.298528,1,0.02828689,-0.0334703,-0.9990393,0,0.01249836,0.999373,-0.0331276,0,-0.9995217,0.01154928,-0.02868746,0,-1.263632,1.585004,-0.5993639,1,1.0,1.0,0.1644579,0.1822593,0.9693994,0.0003453605,-0.002330727,-0.019492,94.26667,5845
25,0.2144721,0.2174566,1.000024,0.1312214,0.1598688,0.9999932,0.1728465,0.1886622,1.000009,0.02799988,0.01237187,-0.9995315,0,-0.03357704,0.9993708,0.01142929,0,-0.9990439,-0.03324129,-0.02839768,0,-0.5101231,-1.588283,-1.298111,1,0.02799988,-0.03357704,-0.9990438,0,0.01237187,0.9993708,-0.03324128,0,-0.9995312,0.01142929,-0.02839766,0,-1.263569,1.584992,-0.5992953,1,1.0,1.0,0.1640552,0.1816416,0.9695836,0.0003453605,-0.002331009,-0.01949163,94.27778,5846
25,0.2143618,0.2152658,1.00004,0.1311111,0.1570449,1.000052,0.1727366,0.1861556,1.000046,0.02797377,0.01261056,-0.9995292,0,-0.03362778,0.9993663,0.01166737,0,-0.9990429,-0.03328557,-0.0283801,0,-0.5099621,-1.587987,-1.298561,1,0.02797375,-0.03362777,-0.9990428,0,0.01261055,0.9993662,-0.03328556,0,-0.999529,0.01166737,-0.02838011,0,-1.263658,1.584983,-0.5991842,1,1.0,1.0,0.1640185,0.1793322,0.9700195,0.000345245,-0.002331184,-0.01949059,94.28889,5847
25,0.2142569,0.2144112,1.0,0.1306647,0.1565684,0.9999983,0.1724607,0.1854899,0.9999994,0.02761066,0.01273578,-0.9995376,0,-0.03347691,0.9993697,0.01180889,0,-0.9990581,-0.03313538,-0.02801961,0,-0.5105151,-1.587731,-1.298536,1,0.02761065,-0.0334769,-0.9990579,0,0.01273577,0.9993697,-0.03313538,0,-0.9995375,0.01180889,-0.02801961,0,-1.263619,1.584974,-0.5990286,1,1.0,1.0,0.1637907,0.1787359,0.9701681,0.0003436953,-0.002332092,-0.01948757,94.31111,5848
25,0.2145475,0.2133252,0.9999995,0.1306416,0.1564801,0.9999746,0.1725945,0.1849023,0.9999871,0.02728033,0.01278262,-0.9995462,0,-0.03325665,0.9993763,0.01187278,0,-0.9990746,-0.03291766,-0.02768844,0,-0.5110998,-1.587544,-1.298389,1,0.02728035,-0.03325665,-0.9990743,0,0.01278262,0.9993763,-0.03291766,0,-0.9995461,0.01187279,-0.02768842,0,-1.263564,1.584972,-0.5988353,1,1.0,1.0,0.163933,0.1781942,0.9702436,0.0003434829,-0.002333107,-0.01948647,94.32223,5849
25,0.216628,0.2149906,0.9999385,0.1318493,0.1565223,0.9999524,0.1742387,0.1857566,0.9999456,0.02745318,0.01276822,-0.9995416,0,-0.03299944,0.999385,0.01185986,0,-0.9990783,-0.03265872,-0.02785766,0,-0.51125,-1.587435,-1.298437,1,0.0274532,-0.03299943,-0.9990782,0,0.01276822,0.9993851,-0.03265872,0,-0.9995415,0.01185987,-0.02785764,0,-1.263538,1.584988,-0.5987937,1,1.0,1.0,0.165438,0.1789424,0.9698505,0.0003434829,-0.002333435,-0.01948448,94.33334,5850
25,0.2169188,0.2150591,1.000073,0.1306499,0.1575874,1.000073,0.1737843,0.1863234,1.000073,0.0276162,0.01274048,-0.9995375,0,-0.03265135,0.9993967,0.01183656,0,-0.9990854,-0.03230936,-0.02801555,0,-0.5115189,-1.587288,-1.29853,1,0.02761621,-0.03265134,-0.9990851,0,0.01274048,0.9993967,-0.03230936,0,-0.9995372,0.01183656,-0.02801553,0,-1.26358,1.584999,-0.5987141,1,1.0,1.0,0.1649826,0.1794581,0.9698328,0.0003434829,-0.002335693,-0.01948166,94.35556,5851
25,0.2171672,0.2134538,0.9999376,0.1318266,0.1576625,0.9999557,0.1744969,0.1855581,0.9999466,0.02778381,0.01280904,-0.999532,0,-0.03274973,0.9993927,0.01189691,0,-0.9990774,-0.03240386,-0.02818644,0,-0.5110741,-1.587261,-1.298709,1,0.02778381,-0.03274973,-0.9990772,0,0.01280903,0.9993928,-0.03240386,0,-0.9995318,0.01189691,-0.02818643,0,-1.26357,1.585011,-0.5986418,1,1.0,1.0,0.1656829,0.1787558,0.9698431,0.0003435425,-0.002336586,-0.01948045,94.36667,5852
25,0.2181143,0.2153503,0.9998949,0.1308058,0.1582053,0.9999211,0.1744604,0.1867783,0.999908,0.02808928,0.0128015,-0.9995235,0,-0.03265504,0.999396,0.01188217,0,-0.999072,-0.03230571,-0.02849036,0,-0.5107738,-1.587196,-1.298817,1,0.02808929,-0.03265504,-0.9990718,0,0.0128015,0.9993961,-0.03230571,0,-0.9995233,0.01188217,-0.02849035,0,-1.263532,1.584991,-0.5985789,1,1.0,1.0,0.1656199,0.1798871,0.9696446,0.0003440473,-0.002337334,-0.01947958,94.37778,5853
25,0.218598,0.2143141,1.000029,0.1312384,0.1576611,1.000049,0.1749183,0.185988,1.000039,0.02855432,0.01260711,-0.9995128,0,-0.03283564,0.9993927,0.01166753,0,-0.9990529,-0.03248648,-0.02895093,0,-0.5097645,-1.587522,-1.298804,1,0.02855431,-0.03283564,-0.9990527,0,0.0126071,0.9993927,-0.03248648,0,-0.9995127,0.01166753,-0.02895094,0,-1.263601,1.584973,-0.5984562,1,1.0,1.0,0.1660442,0.1791259,0.969713,0.0003458466,-0.002338112,-0.0194791,94.4,5854
25,0.2198777,0.2147573,0.9999775,0.1315458,0.1584766,0.9999874,0.1757118,0.1866172,0.9999824,0.02871042,0.0125384,-0.9995093,0,-0.03281472,0.9993942,0.01159437,0,-0.9990491,-0.03246573,-0.02910447,0,-0.5095794,-1.587617,-1.298773,1,0.02871042,-0.03281472,-0.9990489,0,0.0125384,0.9993943,-0.03246573,0,-0.9995091,0.01159437,-0.02910447,0,-1.263599,1.584992,-0.5984379,1,1.0,1.0,0.1667663,0.179693,0.9694841,0.0003487244,-0.002338966,-0.01947869,94.41111,5855
25,0.2170105,0.2151191,0.999983,0.1319248,0.1584882,0.999995,0.1744677,0.1868036,0.999989,0.02892816,0.0124215,-0.9995044,0,-0.03279256,0.9993963,0.01147106,0,-0.9990435,-0.03244447,-0.02931803,0,-0.5092938,-1.587733,-1.298704,1,0.02892816,-0.03279256,-0.9990434,0,0.0124215,0.9993964,-0.03244447,0,-0.9995043,0.01147106,-0.02931803,0,-1.263605,1.584971,-0.5983952,1,1.0,1.0,0.1656093,0.1798999,0.9696441,0.000348907,-0.002339729,-0.0194777,94.42223,5856
25,0.2155859,0.2150137,1.000142,0.1327641,0.1598527,1.000129,0.174175,0.1874329,1.000136,0.02887535,0.01247248,-0.9995053,0,-0.03293335,0.9993911,0.01151962,0,-0.9990404,-0.03258442,-0.02926856,0,-0.5089327,-1.587692,-1.298955,1,0.02887538,-0.03293335,-0.9990403,0,0.01247247,0.9993911,-0.03258442,0,-0.9995052,0.01151962,-0.02926853,0,-1.263814,1.584928,-0.5981967,1,1.0,1.0,0.1652985,0.1804633,0.9695924,0.000348907,-0.002340119,-0.0194775,94.45556,5857
25,0.2154089,0.2135827,1.00009,0.1330093,0.1588523,1.000078,0.174209,0.1862175,1.000084,0.02876365,0.01240921,-0.9995093,0,-0.03280228,0.9993961,0.01146383,0,-0.9990479,-0.03245644,-0.02915335,0,-0.5092385,-1.587692,-1.298856,1,0.02876366,-0.03280228,-0.9990478,0,0.01240921,0.9993961,-0.03245643,0,-0.9995092,0.01146383,-0.02915333,0,-1.263869,1.584919,-0.5981504,1,1.0,1.0,0.1653721,0.1793523,0.9697859,0.000348907,-0.002340355,-0.01947695,94.46667,5858
25,0.2155153,0.2121421,0.9998556,0.131862,0.1588234,0.9998569,0.1736886,0.1854828,0.9998562,0.02875614,0.01244721,-0.999509,0,-0.03289381,0.9993927,0.0114994,0,-0.9990452,-0.03254697,-0.02914816,0,-0.5090478,-1.587698,-1.298771,1,0.02875619,-0.0328938,-0.999045,0,0.01244721,0.9993927,-0.03254697,0,-0.9995089,0.0114994,-0.02914811,0,-1.263732,1.584924,-0.5980932,1,1.0,1.0,0.1649467,0.1787293,0.9699734,0.0003483277,-0.002341583,-0.01947617,94.47778,5859
25,0.2150552,0.2106932,1.00001,0.1321211,0.1590659,1.000019,0.1735883,0.1848796,1.000015,0.02872652,0.01266536,-0.9995071,0,-0.03301896,0.9993861,0.01171484,0,-0.9990419,-0.03266615,-0.02912706,0,-0.508848,-1.587485,-1.299147,1,0.0287265,-0.03301895,-0.9990417,0,0.01266536,0.999386,-0.03266615,0,-0.9995071,0.01171484,-0.02912708,0,-1.263783,1.584928,-0.5980577,1,1.0,1.0,0.1648479,0.1781515,0.9700965,0.0003468692,-0.002342652,-0.01947598,94.48889,5860
25,0.2145586,0.2113088,1.000008,0.1316253,0.1570871,0.9999947,0.1730918,0.1841978,1.000001,0.02839184,0.01249489,-0.9995189,0,-0.03298273,0.9993891,0.01155637,0,-0.9990526,-0.03263874,-0.0287866,0,-0.5092742,-1.587614,-1.29849,1,0.02839182,-0.03298272,-0.9990525,0,0.01249488,0.9993891,-0.03263874,0,-0.9995186,0.01155638,-0.0287866,0,-1.263568,1.584852,-0.5979885,1,1.0,1.0,0.1644113,0.1775411,0.9702824,0.0003445968,-0.00234494,-0.01947559,94.51112,5861
25,0.2142065,0.2103824,0.9999948,0.1310919,0.1554216,0.9999916,0.172649,0.1829019,0.9999933,0.02847719,0.01230895,-0.9995187,0,-0.03317391,0.999385,0.01136214,0,-0.9990439,-0.03283438,-0.02886802,0,-0.5089267,-1.588004,-1.298203,1,0.02847719,-0.03317391,-0.9990438,0,0.01230894,0.999385,-0.03283438,0,-0.9995185,0.01136214,-0.02886801,0,-1.263539,1.584895,-0.5980577,1,1.0,1.0,0.1640388,0.1763616,0.9705606,0.0003441386,-0.00234655,-0.01947495,94.52222,5862
25,0.214085,0.2138965,1.000106,0.1311092,0.1554701,1.000087,0.172597,0.1846831,1.000097,0.02821857,0.01198273,-0.99953,0,-0.03320526,0.9993876,0.01104357,0,-0.9990502,-0.03287802,-0.02859914,0,-0.5092039,-1.588496,-1.297599,1,0.02821853,-0.03320526,-0.99905,0,0.01198272,0.9993875,-0.03287802,0,-0.9995299,0.01104357,-0.02859917,0,-1.263586,1.584945,-0.598057,1,1.0,1.0,0.1639263,0.1779887,0.9702826,0.0003438033,-0.002346741,-0.0194728,94.54445,5863
25,0.2138817,0.2110144,1.000106,0.130852,0.1556917,1.000091,0.1723668,0.1833528,1.000098,0.02814209,0.01182142,-0.9995341,0,-0.03316863,0.9993905,0.01088585,0,-0.9990536,-0.03284682,-0.02851701,0,-0.5093437,-1.588683,-1.297361,1,0.02814206,-0.03316863,-0.9990534,0,0.01182142,0.9993905,-0.03284682,0,-0.999534,0.01088586,-0.02851704,0,-1.263642,1.584943,-0.5980417,1,1.0,1.0,0.1637497,0.1767687,0.9705353,0.0003438033,-0.002346771,-0.01947171,94.55556,5864
25,0.214079,0.2103843,1.000029,0.1295274,0.1554051,1.000031,0.1718031,0.1828949,1.00003,0.02815121,0.0118513,-0.9995334,0,-0.03319131,0.9993894,0.01091478,0,-0.9990525,-0.03286856,-0.02852744,0,-0.5092884,-1.588664,-1.297449,1,0.02815126,-0.03319131,-0.9990523,0,0.0118513,0.9993894,-0.03286856,0,-0.9995334,0.01091478,-0.02852738,0,-1.263679,1.584952,-0.5980357,1,1.0,1.0,0.1632509,0.1763737,0.9706913,0.0003438033,-0.002347412,-0.01946938,94.56667,5865
25,0.2141725,0.2114703,1.000146,0.1299122,0.1558511,1.000109,0.1720423,0.1836604,1.000128,0.02789038,0.01159155,-0.9995438,0,-0.03338503,0.9993857,0.01065817,0,-0.9990534,-0.03307254,-0.02826023,0,-0.5092685,-1.589087,-1.29693,1,0.02789037,-0.03338502,-0.9990532,0,0.01159155,0.9993857,-0.03307253,0,-0.9995437,0.01065817,-0.02826023,0,-1.263715,1.584932,-0.597993,1,1.0,1.0,0.1634359,0.1770579,0.9705356,0.0003447719,-0.002347771,-0.01946751,94.57778,5866
25,0.2121624,0.2136421,1.00027,0.1293457,0.1553791,1.000226,0.1707538,0.1845099,1.000248,0.02789807,0.01082242,-0.9995522,0,-0.03409107,0.99937,0.009868946,0,-0.9990294,-0.03380048,-0.02824944,0,-0.5080979,-1.590526,-1.295828,1,0.02789807,-0.03409107,-0.9990292,0,0.01082242,0.99937,-0.03380048,0,-0.9995521,0.009868948,-0.02824944,0,-1.263859,1.584991,-0.5979716,1,1.0,1.0,0.1621998,0.1778566,0.9705969,0.0003456194,-0.002347496,-0.01946716,94.61111,5867
25,0.2114286,0.2132066,1.000142,0.1292007,0.155424,1.000111,0.1703144,0.1843149,1.000126,0.02763796,0.01066009,-0.9995613,0,-0.03442377,0.9993602,0.009706123,0,-0.9990252,-0.03414041,-0.02798724,0,-0.5078226,-1.590943,-1.295475,1,0.02763796,-0.03442376,-0.999025,0,0.01066009,0.9993601,-0.0341404,0,-0.9995611,0.009706123,-0.02798723,0,-1.263912,1.585018,-0.5978997,1,1.0,1.0,0.1618158,0.1777078,0.9706882,0.0003461074,-0.002346039,-0.01946673,94.62222,5868
25,0.210584,0.2129854,1.0002,0.1293488,0.1549174,1.000199,0.1699662,0.1839512,1.000199,0.02760583,0.01069554,-0.9995617,0,-0.03496034,0.9993414,0.009727646,0,-0.9990074,-0.03467647,-0.02796155,0,-0.5069718,-1.591157,-1.295693,1,0.02760581,-0.03496034,-0.9990073,0,0.01069553,0.9993414,-0.03467647,0,-0.9995616,0.009727648,-0.02796157,0,-1.264111,1.584989,-0.5978739,1,1.0,1.0,0.1614914,0.1773698,0.970804,0.0003468394,-0.002345665,-0.01946649,94.63334,5869
25,0.2092988,0.2135456,1.000126,0.1298081,0.1556145,1.000102,0.1695534,0.1845798,1.000114,0.02735466,0.01062934,-0.9995694,0,-0.03525252,0.9993317,0.009662079,0,-0.9990041,-0.03497303,-0.02771109,0,-0.506799,-1.591378,-1.295507,1,0.02735466,-0.03525252,-0.9990039,0,0.01062934,0.9993318,-0.03497303,0,-0.9995692,0.009662081,-0.02771109,0,-1.264171,1.584966,-0.5978494,1,1.0,1.0,0.1611033,0.1779749,0.9707577,0.0003476087,-0.002346092,-0.019466,94.64445,5870
25,0.209587,0.2144345,1.000162,0.1294998,0.1554488,1.000135,0.1695432,0.1849413,1.000148,0.02665055,0.01073425,-0.9995873,0,-0.03527642,0.9993296,0.009790955,0,-0.9990222,-0.03500092,-0.02701133,0,-0.5076792,-1.591349,-1.295554,1,0.02665053,-0.03527641,-0.9990221,0,0.01073424,0.9993296,-0.03500092,0,-0.999587,0.009790955,-0.02701134,0,-1.264407,1.585057,-0.5978761,1,1.0,1.0,0.1610785,0.1783055,0.9707012,0.0003482588,-0.002348801,-0.01946589,94.66667,5871
25,0.2089733,0.2146646,1.000015,0.1298373,0.1540316,1.000007,0.1694054,0.1843482,1.000011,0.02647728,0.0108169,-0.9995909,0,-0.03492171,0.9993411,0.009889189,0,-0.9990393,-0.03464558,-0.02683753,0,-0.5084383,-1.591092,-1.295608,1,0.02647723,-0.0349217,-0.9990392,0,0.0108169,0.9993411,-0.03464558,0,-0.9995908,0.009889189,-0.02683757,0,-1.264405,1.5851,-0.597845,1,1.0,1.0,0.1609869,0.1777864,0.9708116,0.0003482737,-0.002350464,-0.01946539,94.67778,5872
25,0.208979,0.2145838,1.000351,0.1296108,0.1542328,1.000305,0.1692947,0.1844075,1.000328,0.02585346,0.01033098,-0.9996125,0,-0.03443298,0.9993625,0.009437834,0,-0.9990727,-0.03417564,-0.02619272,0,-0.5098519,-1.591442,-1.29481,1,0.02585348,-0.03443298,-0.9990724,0,0.01033097,0.9993623,-0.03417563,0,-0.9996123,0.009437838,-0.02619269,0,-1.264685,1.585091,-0.5976821,1,1.0,1.0,0.1608349,0.1777933,0.9708356,0.0003489014,-0.002351456,-0.01946585,94.7,5873
25,0.2042432,0.2155178,1.000256,0.1296005,0.1536332,1.000221,0.1669218,0.184575,1.000238,0.02561235,0.01005405,-0.9996216,0,-0.03409251,0.9993765,0.009178059,0,-0.9990906,-0.03384452,-0.02593911,0,-0.5106804,-1.591669,-1.294405,1,0.0256123,-0.0340925,-0.9990903,0,0.01005404,0.9993765,-0.03384453,0,-0.9996213,0.009178065,-0.02593915,0,-1.264833,1.585146,-0.5976608,1,1.0,1.0,0.1586416,0.178029,0.9711531,0.0003492124,-0.002354126,-0.01946552,94.71111,5874
25,0.2065248,0.2153561,1.000065,0.1296238,0.1541346,1.000088,0.1680743,0.1847456,1.000077,0.02586508,0.01010437,-0.9996144,0,-0.03373628,0.9993882,0.009229153,0,-0.9990961,-0.03348456,-0.0261901,0,-0.5109121,-1.591453,-1.294756,1,0.02586504,-0.03373628,-0.999096,0,0.01010437,0.9993881,-0.03348456,0,-0.9996144,0.009229154,-0.02619014,0,-1.264962,1.585193,-0.5976493,1,1.0,1.0,0.15973,0.1781823,0.9709466,0.0003500972,-0.002354508,-0.01946408,94.72222,5875
25,0.2043039,0.2150666,1.000092,0.1296548,0.1540539,1.000085,0.1669794,0.1845601,1.000089,0.02595663,0.009866131,-0.9996145,0,-0.03384202,0.9993868,0.008985118,0,-0.9990902,-0.03359575,-0.02627456,0,-0.5105848,-1.591761,-1.294479,1,0.02595658,-0.03384202,-0.99909,0,0.009866125,0.9993868,-0.03359574,0,-0.9996143,0.008985121,-0.0262746,0,-1.265023,1.585137,-0.5976084,1,1.0,1.0,0.1587166,0.1780391,0.9711391,0.0003504865,-0.002354508,-0.01946351,94.73334,5876
25,0.2071724,0.215422,1.000019,0.1296985,0.1547193,1.000063,0.1684353,0.1850713,1.000041,0.02711856,0.009380083,-0.9995882,0,-0.03316227,0.999414,0.008478764,0,-0.999082,-0.03291868,-0.02741379,0,-0.5101267,-1.592088,-1.294503,1,0.02711861,-0.03316227,-0.999082,0,0.009380084,0.999414,-0.03291868,0,-0.9995883,0.008478764,-0.02741374,0,-1.265203,1.585213,-0.597555,1,1.0,1.0,0.1600593,0.1784789,0.9708379,0.0003525931,-0.002354508,-0.01946277,94.76667,5877
25,0.2082496,0.2148525,1.000023,0.1297629,0.1540667,1.000049,0.1690063,0.1844603,1.000036,0.02765703,0.00911408,-0.999576,0,-0.03322057,0.9994144,0.008193434,0,-0.9990654,-0.03297988,-0.02794361,0,-0.5093036,-1.592504,-1.29443,1,0.02765703,-0.03322057,-0.9990652,0,0.00911408,0.9994146,-0.03297988,0,-0.999576,0.008193436,-0.02794361,0,-1.265281,1.585258,-0.5975191,1,1.0,1.0,0.1606042,0.177901,0.970854,0.0003553703,-0.002354378,-0.01946094,94.77778,5878
25,0.2087472,0.2140435,1.000074,0.1301987,0.154295,1.000086,0.1694729,0.1841695,1.00008,0.02799344,0.008875413,-0.9995688,0,-0.03315541,0.9994186,0.007945543,0,-0.9990582,-0.03291869,-0.02827144,0,-0.5089503,-1.592826,-1.294317,1,0.02799344,-0.03315541,-0.9990581,0,0.00887541,0.9994186,-0.03291869,0,-0.9995686,0.007945545,-0.02827143,0,-1.265374,1.58531,-0.5974969,1,1.0,1.0,0.1610369,0.1776116,0.9708353,0.0003572088,-0.002352646,-0.01946018,94.78889,5879
25,0.2147153,0.2141178,1.000118,0.1302134,0.1553303,1.000119,0.1724642,0.184724,1.000119,0.02854216,0.008209111,-0.9995589,0,-0.0336345,0.9994079,0.007247445,0,-0.9990267,-0.03341281,-0.02880138,0,-0.5074648,-1.593966,-1.293784,1,0.02854217,-0.03363449,-0.9990264,0,0.008209109,0.9994078,-0.0334128,0,-0.9995589,0.007247446,-0.02880137,0,-1.265645,1.58533,-0.5974923,1,1.0,1.0,0.1637878,0.1780334,0.9702977,0.0003578886,-0.002351685,-0.01945921,94.81111,5880
25,0.2196476,0.2131327,1.000373,0.130355,0.1552551,1.000351,0.175001,0.1841936,1.000362,0.02872062,0.007549051,-0.999559,0,-0.03351089,0.9994166,0.006585095,0,-0.9990257,-0.03330698,-0.02895683,0,-0.5074042,-1.594757,-1.2931,1,0.0287206,-0.03351089,-0.9990255,0,0.007549047,0.9994167,-0.03330698,0,-0.9995589,0.006585098,-0.02895683,0,-1.265917,1.585338,-0.5974704,1,1.0,1.0,0.1661168,0.1774295,0.9700124,0.0003545005,-0.002346619,-0.01945777,94.82223,5881
25,0.2213598,0.2126547,1.000259,0.1340677,0.1559797,1.000239,0.1777135,0.184317,1.000249,0.02861768,0.00736404,-0.9995633,0,-0.03355895,0.9994162,0.006402156,0,-0.999027,-0.03336108,-0.02884811,0,-0.507487,-1.595112,-1.292947,1,0.02861769,-0.03355895,-0.9990269,0,0.007364039,0.9994163,-0.03336108,0,-0.9995633,0.006402158,-0.0288481,0,-1.266112,1.585428,-0.5975069,1,1.0,1.0,0.1686385,0.1774843,0.9695671,0.0003541186,-0.002345581,-0.01945777,94.83334,5882
25,0.2242434,0.2117874,1.000232,0.133899,0.155612,1.000197,0.1790711,0.1836993,1.000215,0.02853292,0.006474452,-0.9995719,0,-0.03313179,0.9994357,0.005527814,0,-0.9990437,-0.03295988,-0.02873135,0,-0.5083417,-1.596066,-1.291776,1,0.02853293,-0.03313179,-0.9990435,0,0.006474447,0.9994356,-0.03295987,0,-0.9995719,0.005527818,-0.02873133,0,-1.266385,1.585464,-0.5975761,1,1.0,1.0,0.1699186,0.1768806,0.9694539,0.0003503188,-0.002343956,-0.01945777,94.85556,5883
25,0.2239613,0.2118391,1.000291,0.1342467,0.1552829,1.000237,0.1791036,0.1835602,1.000264,0.02819127,0.006055846,-0.9995843,0,-0.03312457,0.9994381,0.005120746,0,-0.9990537,-0.03296644,-0.02837598,0,-0.5088103,-1.596642,-1.29106,1,0.02819122,-0.03312457,-0.9990534,0,0.006055842,0.9994382,-0.03296643,0,-0.9995841,0.005120749,-0.02837602,0,-1.26651,1.585502,-0.5975994,1,1.0,1.0,0.1699541,0.1767429,0.9694728,0.0003407132,-0.002343475,-0.01945777,94.86667,5884
25,0.223371,0.2136287,1.000252,0.1345148,0.1545338,1.000207,0.1789425,0.1840807,1.000229,0.02767539,0.005387316,-0.9996025,0,-0.03331597,0.9994349,0.00446401,0,-0.9990616,-0.03317919,-0.02783924,0,-0.5092403,-1.597649,-1.290025,1,0.0276754,-0.03331598,-0.9990616,0,0.005387312,0.9994349,-0.03317918,0,-0.9996024,0.004464014,-0.02783923,0,-1.266812,1.585539,-0.5976844,1,1.0,1.0,0.1697986,0.1772326,0.9694107,0.0003376845,-0.002343475,-0.01945777,94.88889,5885
25,0.2233237,0.2135758,1.0,0.1344811,0.1545019,1.0,0.1789024,0.1840389,1.0,0.02767539,0.005387316,-0.9996025,0,-0.03331597,0.9994349,0.00446401,0,-0.9990616,-0.03317919,-0.02783924,0,-0.5092403,-1.597649,-1.290025,1,0.0276754,-0.03331598,-0.9990616,0,0.005387312,0.9994349,-0.03317918,0,-0.9996024,0.004464014,-0.02783923,0,-1.266812,1.585539,-0.5976844,1,1.0,1.0,0.1697986,0.1772326,0.9694107,0.0003376845,-0.002343475,-0.01945777,94.9,5886
25,0.223113,0.2140812,1.000199,0.1330999,0.1556344,1.000169,0.1781062,0.1848574,1.000184,0.02720898,0.005128291,-0.9996167,0,-0.03329883,0.9994365,0.004220988,0,-0.9990751,-0.03317121,-0.02736443,0,-0.5099505,-1.598173,-1.28973,1,0.027209,-0.03329883,-0.9990749,0,0.005128287,0.9994366,-0.03317121,0,-0.9996166,0.004220992,-0.02736442,0,-1.267164,1.585736,-0.5977848,1,1.0,1.0,0.1690309,0.1779796,0.9694079,0.0003158264,-0.002345574,-0.01946092,94.92223,5887
25,0.2236387,0.2118825,1.000068,0.1330652,0.1556969,1.000062,0.1783518,0.1837896,1.000065,0.02721471,0.005023592,-0.9996171,0,-0.03303741,0.9994456,0.00412328,0,-0.9990836,-0.03291254,-0.02736557,0,-0.5104096,-1.598121,-1.289624,1,0.02721468,-0.0330374,-0.9990834,0,0.005023587,0.9994456,-0.03291253,0,-0.9996169,0.004123282,-0.02736558,0,-1.26721,1.58569,-0.5978312,1,1.0,1.0,0.1693074,0.1770094,0.9695373,0.0003148951,-0.002346314,-0.01946153,94.93333,5888
25,0.2216025,0.2119677,1.000028,0.1339308,0.1544842,1.000035,0.1777666,0.183226,1.000032,0.02737629,0.004481445,-0.9996152,0,-0.03303034,0.9994479,0.003576099,0,-0.9990793,-0.03291973,-0.02750921,0,-0.5103608,-1.598907,-1.28891,1,0.0273763,-0.03303035,-0.9990793,0,0.004481445,0.9994479,-0.03291973,0,-0.9996151,0.003576099,-0.0275092,0,-1.267276,1.585776,-0.5979835,1,1.0,1.0,0.1687878,0.1765141,0.9697182,0.0003148653,-0.002348534,-0.01946272,94.95556,5889
25,0.2239981,0.2114469,1.000104,0.1342544,0.1545795,1.000096,0.179126,0.1830132,1.0001,0.02732253,0.00442818,-0.999617,0,-0.03322946,0.9994416,0.003519136,0,-0.9990743,-0.03312057,-0.02745444,0,-0.5101383,-1.599112,-1.288869,1,0.02732254,-0.03322945,-0.9990741,0,0.004428173,0.9994415,-0.03312057,0,-0.9996167,0.003519142,-0.02745441,0,-1.267355,1.585803,-0.5980147,1,1.0,1.0,0.1700388,0.1762716,0.9695438,0.0003148653,-0.002352516,-0.01946316,94.96667,5890
25,0.2241864,0.2132794,1.00001,0.134281,0.1535703,0.9999961,0.1792336,0.1834247,1.000003,0.02732611,0.004187283,-0.9996179,0,-0.03321211,0.9994429,0.003278642,0,-0.9990748,-0.03310983,-0.02744997,0,-0.5101836,-1.599389,-1.288445,1,0.02732611,-0.03321211,-0.9990746,0,0.004187279,0.9994429,-0.03310983,0,-0.9996178,0.003278646,-0.02744995,0,-1.267314,1.585778,-0.5980347,1,1.0,1.0,0.170141,0.1766678,0.9694538,0.0003152154,-0.002357422,-0.01946365,94.97778,5891
25,0.2226373,0.213576,1.00005,0.1357617,0.1537628,1.000078,0.1791997,0.1836698,1.000064,0.02800226,0.004031932,-0.9995998,0,-0.0333715,0.9994382,0.003096429,0,-0.9990507,-0.03327144,-0.02812105,0,-0.5092577,-1.599623,-1.288714,1,0.02800223,-0.0333715,-0.9990506,0,0.004031931,0.9994382,-0.03327143,0,-0.9995998,0.003096429,-0.02812108,0,-1.267488,1.58572,-0.598236,1,1.0,1.0,0.170088,0.1768864,0.9694232,0.0003206097,-0.002359055,-0.01946365,95.0,5892
25,0.2193225,0.2134218,1.000152,0.1351157,0.153609,1.000126,0.177219,0.1835149,1.000139,0.02782679,0.003852095,-0.9996054,0,-0.03340072,0.9994377,0.002921645,0,-0.9990547,-0.03330624,-0.0279398,0,-0.5094578,-1.59986,-1.28841,1,0.02782677,-0.03340072,-0.9990545,0,0.003852092,0.9994379,-0.03330624,0,-0.9996052,0.002921647,-0.0279398,0,-1.267562,1.585709,-0.5982594,1,1.0,1.0,0.1682473,0.1767887,0.9697621,0.0003246609,-0.002359833,-0.0194635,95.01112,5893
25,0.2196867,0.2140617,1.000086,0.1332603,0.1523162,1.000088,0.1764735,0.1831891,1.000087,0.02822077,0.003888804,-0.9995942,0,-0.03345469,0.9994359,0.002943684,0,-0.9990418,-0.03335804,-0.02833498,0,-0.5090069,-1.599916,-1.288822,1,0.02822079,-0.0334547,-0.9990416,0,0.003888801,0.999436,-0.03335804,0,-0.999594,0.002943687,-0.02833495,0,-1.267712,1.585778,-0.5984078,1,1.0,1.0,0.1675745,0.1765185,0.9699278,0.0003259126,-0.002359978,-0.01946227,95.03333,5894
25,0.2197358,0.2137717,1.00014,0.1333081,0.1533193,1.000141,0.1765219,0.1835454,1.00014,0.02823985,0.003886152,-0.9995937,0,-0.03376808,0.9994254,0.002931503,0,-0.9990306,-0.03367158,-0.02835488,0,-0.5085112,-1.600023,-1.288955,1,0.02823988,-0.03376808,-0.9990306,0,0.003886151,0.9994254,-0.03367157,0,-0.9995936,0.002931505,-0.02835484,0,-1.267853,1.585711,-0.5984417,1,1.0,1.0,0.1676011,0.1768373,0.9698652,0.0003261566,-0.002359985,-0.01946063,95.04445,5895
25,0.2198166,0.2140141,1.000075,0.1333434,0.1529409,1.000111,0.1765801,0.183478,1.000093,0.02847904,0.004125935,-0.9995859,0,-0.03386957,0.9994212,0.003160282,0,-0.9990205,-0.03376554,-0.0286023,0,-0.5081615,-1.599795,-1.289635,1,0.02847904,-0.03386956,-0.9990203,0,0.004125934,0.9994212,-0.03376554,0,-0.9995858,0.003160283,-0.0286023,0,-1.268028,1.585734,-0.5985681,1,1.0,1.0,0.1676641,0.1767808,0.9698646,0.0003261566,-0.002359985,-0.0194603,95.06667,5896
25,0.222447,0.2132121,0.9998595,0.1333365,0.1535414,0.9998795,0.1778919,0.183377,0.9998696,0.02845865,0.004636277,-0.9995843,0,-0.03400915,0.9994148,0.003667232,0,-0.9990164,-0.03389065,-0.02859968,0,-0.5082194,-1.599203,-1.29044,1,0.02845865,-0.03400914,-0.999016,0,0.004636274,0.9994148,-0.03389064,0,-0.999584,0.003667234,-0.02859967,0,-1.268026,1.585715,-0.5988235,1,1.0,1.0,0.168915,0.1766867,0.9696646,0.0003261566,-0.002358673,-0.01945509,95.08889,5897
25,0.2236476,0.2123239,1.000052,0.1331407,0.1537279,1.000056,0.1783942,0.183026,1.000054,0.02823484,0.004628584,-0.9995908,0,-0.03387876,0.9994192,0.003670832,0,-0.9990271,-0.03376124,-0.02837527,0,-0.5087193,-1.5991,-1.290341,1,0.02823485,-0.03387875,-0.9990269,0,0.004628578,0.9994192,-0.03376124,0,-0.9995904,0.003670837,-0.02837524,0,-1.268048,1.585673,-0.5988256,1,1.0,1.0,0.1693611,0.176317,0.9696541,0.0003257599,-0.002356071,-0.01945384,95.11111,5898
25,0.2242402,0.2121356,1.000084,0.1332344,0.1540445,1.000077,0.1787371,0.1830899,1.00008,0.0282895,0.004430766,-0.9995899,0,-0.03391798,0.9994186,0.003470091,0,-0.9990242,-0.03380591,-0.02842337,0,-0.5086323,-1.599388,-1.290105,1,0.02828953,-0.03391798,-0.9990242,0,0.004430768,0.9994186,-0.03380591,0,-0.9995899,0.003470091,-0.02842333,0,-1.2681,1.585683,-0.5988738,1,1.0,1.0,0.1696751,0.1763611,0.9695913,0.0003224108,-0.002355232,-0.01945286,95.12222,5899
25,0.2264096,0.2125736,1.000077,0.1339881,0.1548123,1.000073,0.1801988,0.1836929,1.000075,0.02832723,0.00438547,-0.9995892,0,-0.03384057,0.9994214,0.003425728,0,-0.9990258,-0.03372962,-0.02845925,0,-0.5087342,-1.59946,-1.29031,1,0.02832723,-0.03384056,-0.9990256,0,0.004385466,0.9994214,-0.03372962,0,-0.9995889,0.003425731,-0.02845923,0,-1.268354,1.585739,-0.5989088,1,1.0,1.0,0.1710087,0.1768749,0.9692633,0.000321893,-0.002354058,-0.01945212,95.14445,5900
25,0.2273411,0.2113995,1.000216,0.1350007,0.1546152,1.000204,0.1811709,0.1830074,1.00021,0.02840418,0.004035965,-0.9995884,0,-0.03383842,0.9994226,0.003073745,0,-0.9990236,-0.03373718,-0.02852434,0,-0.5086738,-1.599937,-1.289949,1,0.02840417,-0.03383842,-0.9990236,0,0.004035962,0.9994226,-0.03373718,0,-0.9995883,0.003073747,-0.02852434,0,-1.268513,1.585765,-0.5989494,1,1.0,1.0,0.1719046,0.176187,0.9692301,0.0003218707,-0.002347,-0.019451,95.15556,5901
