flag,xl,yl,zl,xr,yr,zr,xc,yc,zc,mat_00,mat_10,mat_20,mat_30,mat_01,mat_11,mat_21,mat_31,mat_02,mat_12,mat_22,mat_32,mat_03,mat_13,mat_23,mat_33,ctw_00,ctw_10,ctw_20,ctw_30,ctw_01,ctw_11,ctw_21,ctw_31,ctw_02,ctw_12,ctw_22,ctw_32,ctw_03,ctw_13,ctw_23,ctw_33,opennessl,opennessr,ray_x,ray_y,ray_z,eye_x,eye_y,eye_z,time,frame
6,-0.02133669,-0.03059605,0.999982,-0.2722762,-0.07020879,0.9999554,-0.1468077,-0.05040273,0.9999688,-0.9996632,0.008365691,0.02457233,0,0.0144331,0.9659532,0.258314,0,0.02157474,-0.2585817,0.9657487,0,0.001316013,-1.919155,0.5601264,1,-0.9996629,0.0144331,0.02157473,0,0.008365691,0.9659533,-0.2585816,0,0.02457232,0.258314,0.9657483,0,0.003607024,1.709107,-1.037228,1,1.0,0.1,-0.142404,-0.04024386,0.9889902,0.000359199,-0.008813424,-0.02209914,11.77778,714
6,-0.02133726,-0.03159955,0.9999633,-0.271806,-0.06912431,0.9999008,-0.1465745,-0.05036256,0.9999322,-0.9996564,0.008277163,0.02487213,0,0.01443192,0.965873,0.2586138,0,0.02188273,-0.2588839,0.9656606,0,0.001752059,-1.919334,0.5595621,1,-0.9996563,0.01443192,0.02188273,0,0.008277164,0.9658731,-0.2588839,0,0.02487213,0.2586138,0.9656605,0,0.003720597,1.709097,-1.03727,1,1.0,0.1,-0.1421893,-0.04020447,0.9890227,0.0003602747,-0.00881701,-0.02209892,11.78889,715
6,-0.02141581,-0.03183845,0.9999719,-0.2710308,-0.06881285,0.9999469,-0.1462245,-0.05032608,0.9999592,-0.9996409,0.009052306,0.02522365,0,0.01528183,0.9657435,0.259048,0,0.02201459,-0.2593404,0.9655352,0,0.000561777,-1.919475,0.5586703,1,-0.9996408,0.01528183,0.02201459,0,0.009052306,0.9657436,-0.2593404,0,0.02522364,0.259048,0.9655349,0,0.003845556,1.70899,-1.037226,1,1.0,0.1,-0.1418551,-0.04016703,0.9890722,0.0003616484,-0.008819764,-0.02209942,11.81111,716
6,-0.02173023,-0.032655,0.9999627,-0.2711447,-0.06964061,0.9999559,-0.1464378,-0.05114788,0.9999592,-0.9996345,0.009515096,0.02531002,0,0.01575961,0.9656384,0.2594111,0,0.02197201,-0.2597152,0.9654355,0,-0.0001472668,-1.919703,0.5579941,1,-0.9996342,0.0157596,0.021972,0,0.009515096,0.9656384,-0.2597151,0,0.02531002,0.2594111,0.9654351,0,0.003996102,1.708992,-1.03728,1,1.0,0.1,-0.1420528,-0.04095589,0.9890114,0.0003618849,-0.008823616,-0.02210117,11.82222,717
6,-0.02245636,-0.03597009,0.999972,-0.2718205,-0.06958443,0.9999557,-0.1471391,-0.05277765,0.999964,-0.9996191,0.01038166,0.02557791,0,0.0166709,0.965569,0.2596125,0,0.02200203,-0.25994,0.9653742,0,-0.001562006,-1.919817,0.5576442,1,-0.9996186,0.0166709,0.02200202,0,0.01038165,0.9655689,-0.2599399,0,0.0255779,0.2596125,0.9653739,0,0.004106098,1.70897,-1.037338,1,1.0,0.1,-0.1427075,-0.04252595,0.988851,0.000361938,-0.008823616,-0.02210268,11.84444,718
6,-0.0224235,-0.03505272,0.999944,-0.2710955,-0.06586868,0.9999508,-0.1467592,-0.0504607,0.9999474,-0.9996169,0.01060604,0.02557296,0,0.01689003,0.9655217,0.2597741,0,0.02193607,-0.2601065,0.965331,0,-0.001909157,-1.919918,0.5573855,1,-0.9996165,0.01689002,0.02193606,0,0.01060604,0.9655217,-0.2601064,0,0.02557294,0.2597741,0.9653305,0,0.004200319,1.708961,-1.037402,1,1.0,0.1,-0.1423615,-0.0402828,0.9889947,0.00036145,-0.008831948,-0.02210965,11.85556,719
6,-0.02287963,-0.0345549,0.9999733,-0.2712507,-0.06699887,0.9999686,-0.1470654,-0.05077675,0.999971,-0.9996169,0.0105731,0.02558537,0,0.01686062,0.9655319,0.2597379,0,0.02195726,-0.2600697,0.9653403,0,-0.001667486,-1.919901,0.5574827,1,-0.9996166,0.01686062,0.02195725,0,0.0105731,0.9655319,-0.2600697,0,0.02558537,0.2597378,0.96534,0,0.004369063,1.708955,-1.037432,1,1.0,0.1,-0.142646,-0.0405848,0.9889413,0.0003617322,-0.008831948,-0.02211703,11.86667,720
6,-0.02344555,-0.0339942,1.000013,-0.2712599,-0.06706923,1.000085,-0.1473495,-0.05053139,1.000049,-0.9996276,0.01066994,0.02512319,0,0.01684511,0.9653965,0.260242,0,0.02147707,-0.2605682,0.9652168,0,-0.002044404,-1.920056,0.5564969,1,-0.9996272,0.0168451,0.02147706,0,0.01066994,0.9653965,-0.2605682,0,0.02512318,0.2602419,0.9652163,0,0.004462274,1.708826,-1.037401,1,1.0,0.1,-0.1429063,-0.04034276,0.9889137,0.0003627008,-0.008831948,-0.0221217,11.88889,721
6,-0.02347524,-0.03386772,0.9999951,-0.2709342,-0.06711224,1.000067,-0.1472014,-0.05048949,1.000031,-0.9996343,0.01063565,0.02486894,0,0.01675125,0.9653301,0.260494,0,0.02123622,-0.2608153,0.9651552,0,-0.002074236,-1.920236,0.5560237,1,-0.999634,0.01675125,0.02123621,0,0.01063564,0.9653301,-0.2608153,0,0.02486894,0.260494,0.965155,0,0.004521755,1.708856,-1.037432,1,1.0,0.1,-0.1427691,-0.04030451,0.988935,0.000363525,-0.008831948,-0.02212421,11.9,722
6,-0.02367831,-0.03415093,0.999992,-0.2710951,-0.06746572,1.000024,-0.1473853,-0.05080813,1.000008,-0.9996383,0.01103247,0.02452475,0,0.01705454,0.9652007,0.2609537,0,0.02079234,-0.2612776,0.9650397,0,-0.002882191,-1.920447,0.5551684,1,-0.9996384,0.01705454,0.02079234,0,0.01103247,0.9652006,-0.2612776,0,0.02452474,0.2609537,0.9650397,0,0.004690762,1.708793,-1.03747,1,1.0,0.1,-0.1429457,-0.04061145,0.988897,0.0003645401,-0.008831574,-0.02212369,11.92222,723
6,-0.02413407,-0.0359585,1.0,-0.2709636,-0.06912485,1.000086,-0.147545,-0.05254108,1.000043,-0.9996439,0.01129469,0.02417601,0,0.0172167,0.965196,0.2609602,0,0.02038712,-0.2612835,0.9650469,0,-0.00351918,-1.920453,0.5551749,1,-0.9996439,0.0172167,0.02038712,0,0.01129469,0.965196,-0.2612835,0,0.02417601,0.2609602,0.9650468,0,0.00475109,1.708796,-1.037481,1,1.0,0.1,-0.1430832,-0.04228649,0.9888069,0.0003653867,-0.008827553,-0.02212332,11.93333,724
6,-0.02413244,-0.03536317,0.9999855,-0.2709884,-0.06811902,0.9999686,-0.1475612,-0.05174112,0.9999772,-0.9996409,0.01140379,0.02424692,0,0.01734091,0.9651896,0.2609757,0,0.02042677,-0.2613025,0.9650408,0,-0.00358039,-1.920483,0.5551552,1,-0.999641,0.01734091,0.02042677,0,0.01140379,0.9651896,-0.2613024,0,0.02424692,0.2609757,0.9650407,0,0.004860878,1.70881,-1.037501,1,1.0,0.1,-0.1431123,-0.0415177,0.9888353,0.0003653867,-0.008826516,-0.02212208,11.94444,725
6,-0.02366048,-0.03457844,0.9999777,-0.2701991,-0.06908986,1.000018,-0.146928,-0.05183393,0.999998,-0.9996375,0.01210343,0.0240506,0,0.01796189,0.96522,0.2608213,0,0.02005729,-0.2611587,0.9650875,0,-0.004706909,-1.920343,0.5554956,1,-0.9996375,0.01796189,0.02005728,0,0.01210343,0.96522,-0.2611587,0,0.0240506,0.2608213,0.9650874,0,0.005177529,1.708753,-1.037522,1,1.0,0.1,-0.1425093,-0.04161263,0.9889183,0.0003653867,-0.008823822,-0.02211844,11.96667,726
6,-0.02326833,-0.03554279,0.9999384,-0.2709714,-0.06922576,0.9999711,-0.1471184,-0.05238408,0.9999547,-0.9996395,0.01226435,0.02388581,0,0.01806987,0.965275,0.2606102,0,0.01986016,-0.2609479,0.9651487,0,-0.005018033,-1.920273,0.5559784,1,-0.9996395,0.01806987,0.01986015,0,0.01226435,0.965275,-0.2609478,0,0.0238858,0.2606101,0.9651484,0,0.00525469,1.708788,-1.037593,1,1.0,0.1,-0.1426928,-0.0421468,0.9888692,0.0003651194,-0.008821976,-0.02211445,11.97778,727
6,-0.02354893,-0.03596044,0.9998635,-0.2723248,-0.07390499,0.9998832,-0.1479359,-0.0549328,0.9998732,-0.9996326,0.01288788,0.02384465,0,0.01865252,0.9653791,0.2601832,0,0.01966592,-0.2605324,0.9652648,0,-0.005985244,-1.920128,0.5569596,1,-0.9996325,0.01865252,0.01966592,0,0.01288788,0.965379,-0.2605324,0,0.02384465,0.2601832,0.9652649,0,0.005482833,1.708852,-1.037751,1,1.0,0.1,-0.1434598,-0.04461696,0.9886498,0.0003604051,-0.008812431,-0.02210763,12.0,728
6,-0.02319938,-0.03599462,0.9999939,-0.2660958,-0.07487491,1.000073,-0.1446441,-0.05543411,1.000033,-0.9996402,0.01287639,0.02353049,0,0.01856089,0.9653627,0.2602507,0,0.01936437,-0.2605938,0.9652544,0,-0.006088775,-1.920174,0.5568511,1,-0.9996402,0.01856089,0.01936437,0,0.01287639,0.9653627,-0.2605938,0,0.02353049,0.2602507,0.9652542,0,0.005535346,1.708857,-1.037771,1,1.0,0.1,-0.1403094,-0.04511583,0.9890792,0.0003553312,-0.00881038,-0.02210763,12.01111,729
6,-0.02409402,-0.0364469,1.000007,-0.2666628,-0.07550469,0.9999935,-0.1453791,-0.05597585,1.0,-0.9996407,0.01273161,0.02358752,0,0.01843616,0.9653622,0.2602613,0,0.01945695,-0.2606027,0.9652501,0,-0.005721612,-1.920181,0.5568208,1,-0.9996408,0.01843616,0.01945695,0,0.01273161,0.9653623,-0.2606027,0,0.02358752,0.2602613,0.96525,0,0.005593423,1.708857,-1.037764,1,1.0,0.1,-0.1410061,-0.04563775,0.9889563,0.0003537592,-0.008809159,-0.02210763,12.02222,730
6,-0.02277885,-0.03688008,1.000019,-0.266106,-0.07612652,1.00002,-0.1444424,-0.05650333,1.000019,-0.9996419,0.0126537,0.02358585,0,0.01836762,0.9652681,0.2606148,0,0.01946892,-0.2609547,0.9651549,0,-0.005422497,-1.920441,0.5561128,1,-0.9996416,0.01836761,0.01946891,0,0.0126537,0.965268,-0.2609546,0,0.02358584,0.2606148,0.9651545,0,0.005763739,1.708909,-1.037777,1,1.0,0.1,-0.1401114,-0.04615344,0.9890595,0.0003534164,-0.008807846,-0.02210763,12.04445,731
6,-0.02274822,-0.037954,0.999999,-0.2660421,-0.07617113,0.9999463,-0.1443975,-0.05706301,0.9999726,-0.9996393,0.0124448,0.02380247,0,0.01822242,0.9652713,0.2606134,0,0.01973256,-0.260953,0.9651499,0,-0.004852468,-1.920457,0.5561055,1,-0.9996392,0.01822242,0.01973256,0,0.0124448,0.9652713,-0.260953,0,0.02380247,0.2606133,0.9651496,0,0.00581229,1.708921,-1.037778,1,1.0,0.1,-0.140071,-0.04669785,0.9890397,0.0003528129,-0.008804978,-0.02210763,12.05556,732
6,-0.02266786,-0.03730902,0.9999533,-0.2660369,-0.07395488,0.9999114,-0.1443543,-0.05563217,0.9999322,-0.9996272,0.0127147,0.0241671,0,0.01857808,0.9652666,0.2606056,0,0.02001417,-0.2609574,0.965143,0,-0.005053018,-1.920529,0.5561584,1,-0.9996269,0.01857808,0.02001416,0,0.0127147,0.9652665,-0.2609574,0,0.02416709,0.2606056,0.9651427,0,0.00592708,1.708978,-1.037847,1,1.0,0.1,-0.1400416,-0.04531574,0.9891081,0.000352188,-0.008807549,-0.02212346,12.07778,733
6,-0.02146211,-0.03682658,1.00001,-0.2644549,-0.07292911,0.9999125,-0.1429629,-0.05487859,0.9999616,-0.999617,0.01277743,0.02455502,0,0.01873794,0.9652891,0.2605107,0,0.02037403,-0.260871,0.9651588,0,-0.005198151,-1.920327,0.5563132,1,-0.9996166,0.01873794,0.02037403,0,0.01277743,0.9652892,-0.260871,0,0.02455501,0.2605107,0.9651585,0,0.00568041,1.708843,-1.037782,1,1.0,0.1,-0.1387191,-0.04459658,0.9893271,0.0003547892,-0.008803406,-0.02216193,12.08889,734
6,-0.0210687,-0.03695884,0.9999695,-0.2638052,-0.07478851,0.9999681,-0.142437,-0.05587387,0.9999688,-0.9996123,0.0128444,0.02470348,0,0.01883912,0.9653157,0.2604049,0,0.02050192,-0.2607694,0.9651834,0,-0.005211294,-1.920308,0.556541,1,-0.9996123,0.01883912,0.02050191,0,0.0128444,0.9653157,-0.2607694,0,0.02470348,0.260405,0.9651834,0,0.005707427,1.708876,-1.037815,1,1.0,0.1,-0.1382112,-0.04556431,0.9893542,0.0003544698,-0.008800415,-0.02217227,12.11111,735
6,-0.02067995,-0.03788927,0.9999823,-0.2644362,-0.07494149,0.9999185,-0.1425609,-0.05641595,0.9999502,-0.9996049,0.01304313,0.02489987,0,0.01907405,0.9654146,0.2600209,0,0.02064721,-0.2603931,0.965282,0,-0.005423152,-1.92011,0.5572971,1,-0.9996048,0.01907405,0.02064721,0,0.01304313,0.9654145,-0.2603931,0,0.02489987,0.2600209,0.9652818,0,0.005746617,1.708897,-1.03782,1,1.0,0.1,-0.138327,-0.04609042,0.9893135,0.0003546597,-0.008796044,-0.02218086,12.12222,736
6,-0.02061802,-0.03841072,0.9999865,-0.2712198,-0.07602602,1.000019,-0.1459174,-0.05721802,1.000003,-0.9996073,0.01304838,0.02480488,0,0.01905871,0.96536,0.2602245,0,0.02055013,-0.260595,0.9652296,0,-0.005460928,-1.920244,0.5569192,1,-0.999607,0.01905871,0.02055012,0,0.01304838,0.96536,-0.260595,0,0.02480487,0.2602245,0.9652293,0,0.005782979,1.708907,-1.037848,1,1.0,0.1,-0.1414988,-0.04684554,0.9888294,0.0003557503,-0.008792549,-0.02219118,12.13333,737
6,-0.02046309,-0.03847495,1.000036,-0.2664459,-0.07442009,1.00011,-0.1434512,-0.05644703,1.000073,-0.9996119,0.01309996,0.02458917,0,0.01905024,0.9653863,0.2601276,0,0.02033038,-0.2604951,0.9652611,0,-0.005630237,-1.920145,0.5571075,1,-0.9996117,0.01905023,0.02033038,0,0.01309996,0.9653863,-0.2604951,0,0.02458917,0.2601276,0.965261,0,0.005826958,1.70887,-1.037828,1,1.0,0.1,-0.1391559,-0.04611266,0.9891963,0.0003564991,-0.008793274,-0.02219031,12.15556,738
6,-0.01998508,-0.03865817,0.9999166,-0.2672669,-0.07400358,0.9999631,-0.1436239,-0.05633047,0.9999399,-0.9996164,0.01310873,0.02440391,0,0.01901082,0.965382,0.2601465,0,0.02014891,-0.2605106,0.9652609,0,-0.005622177,-1.92028,0.5571639,1,-0.9996161,0.01901081,0.0201489,0,0.01310872,0.965382,-0.2605105,0,0.0244039,0.2601465,0.9652605,0,0.005955429,1.708966,-1.037948,1,1.0,0.1,-0.1393395,-0.04600523,0.9891754,0.0003577583,-0.008793274,-0.02219083,12.16667,739
6,-0.01926575,-0.03901714,1.000039,-0.2775412,-0.07357526,1.000135,-0.148399,-0.05629542,1.000087,-0.9996307,0.01314086,0.02379021,0,0.01888559,0.9653354,0.2603285,0,0.01954459,-0.2606816,0.9652271,0,-0.00600303,-1.920329,0.5567747,1,-0.9996305,0.01888558,0.01954458,0,0.01314086,0.9653355,-0.2606816,0,0.0237902,0.2603284,0.9652268,0,0.005988189,1.708931,-1.037891,1,1.0,0.1,-0.1438485,-0.04593642,0.988533,0.0003606714,-0.008791573,-0.02219534,12.18889,740
6,-0.01787876,-0.03931153,1.000001,-0.2782109,-0.07405537,1.000029,-0.1480435,-0.05668315,1.000015,-0.9996337,0.01314898,0.02366113,0,0.01885663,0.9653779,0.2601731,0,0.01942092,-0.2605239,0.9652722,0,-0.006048282,-1.920255,0.5570825,1,-0.9996334,0.01885663,0.01942092,0,0.01314898,0.9653779,-0.2605239,0,0.02366112,0.2601731,0.9652719,0,0.006022126,1.708948,-1.037891,1,1.0,0.1,-0.1435262,-0.0463113,0.9885624,0.0003679357,-0.008796097,-0.02219594,12.2,741
6,-0.01812912,-0.03889087,1.000045,-0.2754183,-0.07392633,1.000094,-0.1467714,-0.0564082,1.000069,-0.9996433,0.01332647,0.02314965,0,0.01890219,0.965274,0.2605548,0,0.01887348,-0.2608994,0.9651817,0,-0.006697108,-1.920347,0.5563241,1,-0.9996431,0.01890219,0.01887347,0,0.01332647,0.965274,-0.2608993,0,0.02314964,0.2605547,0.9651812,0,0.006018028,1.708835,-1.037844,1,1.0,0.1,-0.1423163,-0.04604996,0.9887494,0.0003690869,-0.008797661,-0.02219605,12.22222,742
6,-0.01812429,-0.03727183,0.999993,-0.2761477,-0.07409579,1.00002,-0.1471347,-0.05568346,1.000006,-0.9996457,0.01327041,0.02307448,0,0.01883202,0.9652257,0.2607388,0,0.01881197,-0.2610809,0.9651337,0,-0.006607534,-1.920451,0.5559761,1,-0.9996457,0.01883202,0.01881197,0,0.01327041,0.9652257,-0.2610809,0,0.02307448,0.2607387,0.9651335,0,0.006051114,1.708829,-1.03786,1,1.0,0.1,-0.1426748,-0.04534552,0.9887304,0.0003697732,-0.008802575,-0.02219319,12.23333,743
6,-0.01867031,-0.03708717,0.999956,-0.2761731,-0.07473651,0.9999395,-0.1474224,-0.05591196,0.9999478,-0.9996419,0.01340835,0.02315826,0,0.01898685,0.9652262,0.2607258,0,0.01885706,-0.2610722,0.9651351,0,-0.0068211,-1.920365,0.5560206,1,-0.9996419,0.01898685,0.01885706,0,0.01340835,0.9652261,-0.2610722,0,0.02315826,0.2607258,0.9651351,0,0.006053799,1.708747,-1.03786,1,1.0,0.1,-0.1429556,-0.04556576,0.9886796,0.0003697732,-0.008805038,-0.02218232,12.25556,744
6,-0.01816986,-0.03669679,0.9999748,-0.2731861,-0.07564902,0.999965,-0.1456785,-0.05617282,0.9999699,-0.9996431,0.01322747,0.02321065,0,0.01882744,0.9652079,0.2608051,0,0.01895331,-0.261149,0.9651124,0,-0.006673974,-1.920378,0.5558887,1,-0.9996431,0.01882744,0.01895331,0,0.01322747,0.9652079,-0.261149,0,0.02321065,0.2608051,0.9651124,0,0.005827616,1.708711,-1.037873,1,1.0,0.1,-0.1412971,-0.04582595,0.988906,0.0003696056,-0.008805717,-0.02218717,12.26667,745
6,-0.01850743,-0.0393151,0.9999713,-0.2735721,-0.07610029,0.9999149,-0.1460424,-0.05770814,0.999943,-0.9996376,0.01328767,0.02341168,0,0.01893555,0.9652403,0.2606773,0,0.01913411,-0.2610261,0.9651421,0,-0.006661038,-1.920278,0.5561567,1,-0.9996376,0.01893555,0.01913411,0,0.01328767,0.9652402,-0.2610261,0,0.02341169,0.2606773,0.965142,0,0.005836832,1.708678,-1.037885,1,1.0,0.1,-0.1416324,-0.04732003,0.9887877,0.0003667306,-0.008792603,-0.02219312,12.27778,746
6,-0.01899544,-0.03890842,0.9999688,-0.2708712,-0.07660881,0.9999235,-0.1449354,-0.05775911,0.999946,-0.9996296,0.01342722,0.02367486,0,0.01913588,0.9652787,0.2605203,0,0.01935478,-0.2608769,0.9651781,0,-0.006865085,-1.920159,0.5564946,1,-0.9996294,0.01913588,0.01935477,0,0.01342722,0.9652787,-0.2608768,0,0.02367486,0.2605204,0.9651779,0,0.00574494,1.708642,-1.037908,1,1.0,0.1,-0.1405788,-0.04737676,0.9889353,0.0003634105,-0.008792061,-0.02219334,12.3,747
6,-0.01992654,-0.03905118,0.9999868,-0.2702222,-0.07464984,0.999924,-0.1450772,-0.05685094,0.9999553,-0.9996233,0.01341641,0.02394238,0,0.01919731,0.9652503,0.2606212,0,0.01961378,-0.2609827,0.9651442,0,-0.006703364,-1.920219,0.5562976,1,-0.9996233,0.01919731,0.01961379,0,0.01341641,0.9652503,-0.2609827,0,0.02394238,0.2606212,0.9651442,0,0.005742511,1.708637,-1.03792,1,1.0,0.1,-0.1407127,-0.04649921,0.9889579,0.0003579408,-0.00879168,-0.02219301,12.31111,748
6,-0.01933283,-0.03903523,0.9999802,-0.2702215,-0.07548526,0.9999351,-0.1447793,-0.05726084,0.9999576,-0.9996179,0.01335301,0.02420984,0,0.01921104,0.9651831,0.2608688,0,0.01988354,-0.2612342,0.9650708,0,-0.006493477,-1.920344,0.5558568,1,-0.9996175,0.01921104,0.01988354,0,0.01335301,0.9651831,-0.2612342,0,0.02420983,0.2608688,0.9650705,0,0.005694186,1.708603,-1.037971,1,1.0,0.1,-0.140426,-0.04689764,0.9889799,0.0003566593,-0.00879007,-0.02219312,12.33333,749
6,-0.01856793,-0.03895715,1.000042,-0.270324,-0.07465497,1.000062,-0.1444451,-0.05680609,1.000052,-0.9996195,0.01330898,0.02416665,0,0.0191618,0.965124,0.2610908,0,0.01984897,-0.2614545,0.9650118,0,-0.006405878,-1.920472,0.5553842,1,-0.9996192,0.0191618,0.01984896,0,0.01330898,0.965124,-0.2614545,0,0.02416665,0.2610908,0.9650115,0,0.005734312,1.708611,-1.037941,1,1.0,0.1,-0.1400992,-0.04645757,0.9890469,0.0003566593,-0.008789757,-0.02219315,12.34444,750
6,-0.01853386,-0.04020756,0.9999644,-0.2691728,-0.07456926,0.9999941,-0.1438519,-0.05738819,0.9999792,-0.9996259,0.01316411,0.023976,0,0.01898067,0.9650135,0.2615123,0,0.01969459,-0.2618695,0.9649024,0,-0.006094518,-1.920709,0.5546786,1,-0.9996258,0.01898066,0.01969459,0,0.01316411,0.9650134,-0.2618695,0,0.023976,0.2615122,0.9649022,0,0.005893211,1.708571,-1.038066,1,1.0,0.1,-0.1395434,-0.04702654,0.9890987,0.0003566593,-0.008790161,-0.02218782,12.36667,751
6,-0.018538,-0.04030573,1.000037,-0.2692471,-0.07304311,1.000032,-0.1438928,-0.05667439,1.000035,-0.999629,0.01297364,0.02395779,0,0.01878654,0.9650899,0.2612442,0,0.01973214,-0.2615973,0.9649756,0,-0.005749441,-1.920526,0.5551648,1,-0.9996285,0.01878653,0.01973213,0,0.01297364,0.9650899,-0.2615973,0,0.02395778,0.2612441,0.9649751,0,0.005868392,1.708555,-1.038011,1,1.0,0.1,-0.1395794,-0.04633409,0.9891263,0.0003566593,-0.008790016,-0.02218569,12.37778,752
6,-0.01924057,-0.04044622,0.9999986,-0.2706084,-0.07297835,1.000008,-0.1449241,-0.05671221,1.000003,-0.9996307,0.01287223,0.02393352,0,0.0186842,0.9650664,0.2613382,0,0.01973343,-0.2616889,0.9649506,0,-0.005569233,-1.920585,0.5549845,1,-0.9996306,0.0186842,0.01973343,0,0.01287223,0.9650664,-0.2616889,0,0.02393352,0.2613382,0.9649505,0,0.005872313,1.708558,-1.038018,1,1.0,0.1,-0.1405621,-0.04636573,0.9889856,0.0003568577,-0.008789917,-0.0221835,12.38889,753
6,-0.01988057,-0.040696,0.9999622,-0.269866,-0.07153255,0.9999797,-0.1448725,-0.05611411,0.9999709,-0.9996377,0.01275446,0.02370631,0,0.01851087,0.9650716,0.2613314,0,0.01954515,-0.2616755,0.9649581,0,-0.005569553,-1.920693,0.5551073,1,-0.9996375,0.01851087,0.01954514,0,0.01275445,0.9650717,-0.2616755,0,0.0237063,0.2613313,0.964958,0,0.005770319,1.708643,-1.038145,1,1.0,0.1,-0.1405246,-0.04579105,0.9890177,0.0003600698,-0.008789475,-0.02218165,12.41111,754
6,-0.02005269,-0.04069826,1.000019,-0.2695425,-0.06919283,0.999965,-0.1448001,-0.05494589,0.9999921,-0.9996325,0.01279034,0.02391223,0,0.01859757,0.9650947,0.2612402,0,0.01973622,-0.2615888,0.9649779,0,-0.005452564,-1.920647,0.5552558,1,-0.9996319,0.01859756,0.01973621,0,0.01279034,0.9650947,-0.2615887,0,0.02391222,0.2612401,0.9649774,0,0.005837781,1.708653,-1.038121,1,1.0,0.1,-0.1404626,-0.04466293,0.9890781,0.0003625713,-0.008788636,-0.02218165,12.42222,755
6,-0.01997211,-0.04047865,0.9999909,-0.2708205,-0.06957793,0.999997,-0.145396,-0.05502823,0.9999939,-0.9996362,0.01250974,0.02390279,0,0.01832646,0.9650698,0.261351,0,0.01979843,-0.2616939,0.9649479,0,-0.004937391,-1.92074,0.5550498,1,-0.9996359,0.01832646,0.01979842,0,0.01250974,0.9650699,-0.2616939,0,0.02390278,0.2613509,0.9649477,0,0.005825122,1.708676,-1.038142,1,1.0,0.1,-0.1410275,-0.04473979,0.9889942,0.0003631748,-0.008787476,-0.02218256,12.43333,756
6,-0.01975166,-0.04143101,0.9999816,-0.272799,-0.07097533,0.9999681,-0.146276,-0.05620331,0.9999749,-0.9996309,0.01269379,0.02402992,0,0.01853569,0.9650888,0.2612663,0,0.01987455,-0.2616152,0.9649678,0,-0.005289664,-1.920688,0.5552102,1,-0.9996303,0.01853568,0.01987454,0,0.01269379,0.9650888,-0.2616151,0,0.02402991,0.2612663,0.9649675,0,0.005751449,1.708675,-1.038136,1,1.0,0.1,-0.1418593,-0.04587599,0.9888232,0.0003644787,-0.008781769,-0.02217482,12.45556,757
6,-0.01988829,-0.04024085,0.9999367,-0.2731967,-0.07095847,0.9998567,-0.1465462,-0.0556002,0.9998968,-0.9996245,0.01261454,0.02432799,0,0.01853435,0.9651257,0.2611299,0,0.02018554,-0.2614827,0.9649972,0,-0.005156696,-1.920503,0.5555242,1,-0.9996244,0.01853435,0.02018553,0,0.01261454,0.9651258,-0.2614827,0,0.02432799,0.2611299,0.964997,0,0.005556725,1.708559,-1.038153,1,1.0,0.1,-0.1421302,-0.04529551,0.9888111,0.0003644787,-0.008781769,-0.022173,12.46667,758
6,-0.02015471,-0.03871006,0.9999927,-0.2736889,-0.07088852,0.9999396,-0.1469243,-0.05479953,0.9999662,-0.9996203,0.0126808,0.02446548,0,0.01864164,0.9650291,0.2614792,0,0.02029413,-0.261836,0.9648991,0,-0.005290679,-1.920658,0.5547819,1,-0.9996201,0.01864164,0.02029413,0,0.0126808,0.9650291,-0.261836,0,0.02446547,0.2614792,0.9648989,0,0.005493817,1.708525,-1.038098,1,1.0,0.1,-0.1424842,-0.04451757,0.9887955,0.0003647078,-0.008781769,-0.022173,12.48889,759
6,-0.01982483,-0.03858948,1.000027,-0.2739204,-0.07146126,1.000023,-0.1468729,-0.05502543,1.000025,-0.9996178,0.01282341,0.0244902,0,0.01878749,0.9650042,0.2615605,0,0.02027905,-0.2619207,0.9648764,0,-0.005546922,-1.920684,0.5545955,1,-0.9996178,0.01878749,0.02027904,0,0.01282341,0.9650041,-0.2619207,0,0.02449019,0.2615605,0.9648762,0,0.005502768,1.708512,-1.03807,1,1.0,0.1,-0.142427,-0.0447307,0.9887941,0.0003656996,-0.008783417,-0.022173,12.5,760
6,-0.01870304,-0.03859541,0.9999356,-0.2739676,-0.07139194,0.9999358,-0.1463353,-0.05499375,0.9999356,-0.9996139,0.0128679,0.02462995,0,0.01886759,0.964996,0.2615852,0,0.02040175,-0.2619489,0.9648662,0,-0.005638414,-1.920569,0.5545642,1,-0.9996138,0.01886759,0.02040175,0,0.0128679,0.9649959,-0.2619489,0,0.02462994,0.2615852,0.964866,0,0.005418558,1.708382,-1.038056,1,1.0,0.1,-0.1419317,-0.04471008,0.9888662,0.000369003,-0.008780854,-0.02218238,12.52222,761
6,-0.01872821,-0.04126343,0.9999833,-0.2738851,-0.07150793,1.00001,-0.1463054,-0.05638555,0.9999967,-0.9996194,0.01267103,0.02450658,0,0.01864249,0.9650353,0.2614563,0,0.02033679,-0.2618136,0.9649042,0,-0.005337655,-1.920492,0.5548381,1,-0.9996193,0.01864249,0.02033679,0,0.01267103,0.9650353,-0.2618136,0,0.02450658,0.2614563,0.9649041,0,0.005401806,1.708377,-1.038068,1,1.0,0.1,-0.141881,-0.04606966,0.9888111,0.000369316,-0.008759895,-0.0222233,12.53333,762
6,-0.01872615,-0.04080883,0.9999489,-0.2802871,-0.07255739,0.9999238,-0.1495078,-0.05668309,0.9999365,-0.9996173,0.01275398,0.02455184,0,0.0187267,0.9651326,0.2610908,0,0.02036583,-0.2614506,0.9650022,0,-0.005367007,-1.920303,0.555599,1,-0.999617,0.0187267,0.02036582,0,0.01275397,0.9651325,-0.2614506,0,0.02455183,0.2610908,0.9650018,0,0.005485572,1.708386,-1.038109,1,1.0,0.1,-0.1449203,-0.04633899,0.9883576,0.000369316,-0.008759851,-0.02222655,12.54445,763
6,-0.01647667,-0.04178709,0.9999584,-0.2799282,-0.07260606,0.9999924,-0.1482008,-0.05719629,0.9999754,-0.9996213,0.01260662,0.02446362,0,0.01854931,0.9652905,0.2605188,0,0.02033024,-0.260874,0.9651588,0,-0.005234446,-1.919931,0.5567856,1,-0.9996212,0.01854931,0.02033024,0,0.01260661,0.9652905,-0.2608739,0,0.02446362,0.2605189,0.9651588,0,0.005350381,1.708335,-1.03814,1,1.0,0.1,-0.1436783,-0.04684952,0.9885148,0.0003778385,-0.008748338,-0.02225376,12.56667,764
6,-0.01707051,-0.04145908,0.9999519,-0.2800799,-0.07278487,0.9999848,-0.1485737,-0.0571219,0.9999683,-0.9996266,0.01241363,0.02433977,0,0.01833096,0.9652904,0.2605351,0,0.02026076,-0.260884,0.9651575,0,-0.004955001,-1.919986,0.5568082,1,-0.9996266,0.01833096,0.02026077,0,0.01241363,0.9652902,-0.260884,0,0.02433978,0.2605351,0.9651576,0,0.005328251,1.708367,-1.038201,1,1.0,0.1,-0.1440344,-0.04677577,0.9884666,0.0003792951,-0.008748338,-0.02225298,12.57778,765
6,-0.01856243,-0.04197598,1.00001,-0.2800903,-0.07333231,1.0,-0.1493269,-0.05765405,1.000005,-0.9996295,0.01206063,0.02440703,0,0.01801213,0.965239,0.2607475,0,0.02041383,-0.2610905,0.9650986,0,-0.004244339,-1.92011,0.5563817,1,-0.9996292,0.01801213,0.02041383,0,0.01206062,0.9652389,-0.2610905,0,0.02440702,0.2607474,0.9650984,0,0.005335346,1.708367,-1.038199,1,1.0,0.1,-0.1447392,-0.04728585,0.9883394,0.0003796313,-0.008745102,-0.02225283,12.58889,766
6,-0.01892039,-0.04101717,0.9999796,-0.279568,-0.07533997,0.999981,-0.1492441,-0.0581786,0.9999802,-0.9996303,0.01190757,0.024445,0,0.01788201,0.9651427,0.2611125,0,0.02048371,-0.2614531,0.9649988,0,-0.003885679,-1.920331,0.5555682,1,-0.9996302,0.01788201,0.0204837,0,0.01190757,0.9651428,-0.2614531,0,0.024445,0.2611125,0.9649988,0,0.005401362,1.708397,-1.038119,1,1.0,0.1,-0.1446602,-0.04779569,0.9883264,0.0003808206,-0.008743058,-0.02226543,12.61111,767
6,-0.01882842,-0.04004958,1.000061,-0.2793311,-0.07732764,1.000069,-0.1490794,-0.05868852,1.000065,-0.9996301,0.01190761,0.0244503,0,0.01788834,0.96508,0.2613438,0,0.02048452,-0.2616845,0.9649361,0,-0.003905756,-1.920473,0.555057,1,-0.9996301,0.01788834,0.02048452,0,0.01190761,0.96508,-0.2616845,0,0.0244503,0.2613437,0.9649361,0,0.005392615,1.708419,-1.038072,1,1.0,0.1,-0.1444886,-0.04828478,0.9883277,0.0003811801,-0.008743058,-0.02227261,12.62222,768
6,-0.01897867,-0.04096901,0.999905,-0.2793394,-0.07749048,0.9998245,-0.1491629,-0.05923036,0.9998648,-0.9996083,0.01259994,0.02499701,0,0.01869669,0.9651048,0.2611955,0,0.02083368,-0.2615605,0.9649624,0,-0.004692776,-1.920538,0.5554355,1,-0.9996079,0.01869669,0.02083368,0,0.01259994,0.9651049,-0.2615604,0,0.024997,0.2611955,0.9649621,0,0.005623496,1.708531,-1.038213,1,1.0,0.1,-0.1445929,-0.04881535,0.9882864,0.0003813552,-0.008743439,-0.02226429,12.64444,769
6,-0.0191398,-0.04206577,0.9999726,-0.2792091,-0.07618219,0.9999326,-0.1491764,-0.05912411,0.9999526,-0.999603,0.0128163,0.02509803,0,0.01892426,0.9651975,0.2608365,0,0.0208816,-0.2612079,0.9650569,0,-0.005019238,-1.920312,0.5561565,1,-0.9996026,0.01892425,0.02088159,0,0.0128163,0.9651975,-0.2612078,0,0.02509802,0.2608365,0.9650565,0,0.005635627,1.70851,-1.038218,1,1.0,0.1,-0.1445945,-0.04870393,0.9882916,0.0003814697,-0.008748329,-0.0222638,12.65556,770
6,-0.01826785,-0.04040235,0.999912,-0.2793861,-0.0752151,0.9998828,-0.1488284,-0.057809,0.9998974,-0.9995956,0.01317111,0.02520178,0,0.01929288,0.9652038,0.2607861,0,0.02089002,-0.2611668,0.9650676,0,-0.005557912,-1.920407,0.5563378,1,-0.9995956,0.01929288,0.02089002,0,0.01317111,0.9652038,-0.2611668,0,0.02520178,0.2607861,0.9650676,0,0.005717527,1.708606,-1.038334,1,1.0,0.1,-0.144282,-0.04743957,0.9883988,0.0003847042,-0.008747963,-0.02228205,12.66667,771
6,-0.01808347,-0.04091549,0.9999779,-0.2805827,-0.07541627,0.9999507,-0.1493344,-0.05816606,0.9999642,-0.999594,0.01336504,0.0251657,0,0.01946251,0.9653031,0.2604057,0,0.02081219,-0.2607898,0.9651712,0,-0.005879187,-1.920183,0.5570723,1,-0.9995939,0.01946251,0.02081219,0,0.01336504,0.965303,-0.2607898,0,0.0251657,0.2604057,0.9651712,0,0.005767409,1.708608,-1.038312,1,1.0,0.1,-0.1447494,-0.04777933,0.9883141,0.0003854595,-0.008746048,-0.02228646,12.68889,772
6,-0.01827471,-0.04268548,1.000043,-0.280454,-0.07558489,1.000115,-0.1493608,-0.05913463,1.000079,-0.9996034,0.0131895,0.02488615,0,0.01921976,0.9653116,0.2603923,0,0.02058844,-0.2607674,0.9651822,0,-0.005832924,-1.920102,0.5570697,1,-0.9996032,0.01921976,0.02058844,0,0.0131895,0.9653116,-0.2607673,0,0.02488614,0.2603923,0.965182,0,0.005631257,1.708552,-1.038253,1,1.0,0.1,-0.1447531,-0.04870854,0.9882683,0.0003868332,-0.008746048,-0.02228854,12.7,773
6,-0.01852239,-0.04108787,1.000038,-0.2802809,-0.07572421,1.000036,-0.1494018,-0.058406,1.000037,-0.9996119,0.01301241,0.02463919,0,0.01899371,0.965196,0.260837,0,0.02038753,-0.2612037,0.9650685,0,-0.005629417,-1.920292,0.5561388,1,-0.9996116,0.01899371,0.02038752,0,0.01301241,0.965196,-0.2612037,0,0.02463919,0.260837,0.9650683,0,0.005657589,1.708504,-1.038185,1,1.0,0.1,-0.1448011,-0.04800722,0.9882954,0.0003881445,-0.008745514,-0.02230766,12.72222,774
6,-0.01779768,-0.04083624,1.000027,-0.2804388,-0.07624888,1.000095,-0.1491149,-0.05854216,1.000061,-0.9996186,0.01289046,0.02442337,0,0.01882579,0.9651189,0.2611344,0,0.02020531,-0.2614946,0.9649935,0,-0.005665133,-1.920406,0.5555437,1,-0.9996185,0.01882579,0.02020531,0,0.01289046,0.9651188,-0.2614946,0,0.02442337,0.2611344,0.9649935,0,0.005523694,1.708455,-1.038157,1,1.0,0.1,-0.1445272,-0.04813822,0.9883292,0.0003906935,-0.008745492,-0.02231194,12.73333,775
6,-0.01843977,-0.04122531,1.000023,-0.2820161,-0.07586986,1.000096,-0.1502243,-0.05854702,1.000059,-0.9996251,0.01288051,0.02416568,0,0.01875134,0.9650866,0.261259,0,0.01995683,-0.2616142,0.9649663,0,-0.005798169,-1.92045,0.5552912,1,-0.9996248,0.01875134,0.01995683,0,0.01288051,0.9650865,-0.2616141,0,0.02416568,0.261259,0.9649661,0,0.005521387,1.708434,-1.038138,1,1.0,0.1,-0.1455784,-0.04813628,0.988175,0.0003921967,-0.008745102,-0.02231441,12.74444,776
6,-0.0173379,-0.04059678,0.9999564,-0.2821227,-0.07565507,0.9999746,-0.1497294,-0.05812582,0.9999654,-0.9996223,0.01332818,0.02403848,0,0.01914799,0.9651087,0.2611487,0,0.01971911,-0.2615103,0.9649994,0,-0.0064126,-1.920446,0.5555339,1,-0.999622,0.01914799,0.0197191,0,0.01332818,0.9651086,-0.2615103,0,0.02403847,0.2611486,0.964999,0,0.005831685,1.708485,-1.03818,1,1.0,0.1,-0.1451267,-0.04773693,0.9882609,0.0003924947,-0.008746583,-0.02231098,12.76667,777
6,-0.01725904,-0.04050511,0.9999585,-0.2821102,-0.07565242,0.9999236,-0.1496863,-0.05807889,0.9999409,-0.9996147,0.01369824,0.02414546,0,0.01953004,0.9651437,0.2609907,0,0.01972873,-0.2613617,0.9650394,0,-0.006786404,-1.920492,0.5558782,1,-0.9996145,0.01953003,0.01972872,0,0.01369824,0.9651437,-0.2613617,0,0.02414545,0.2609907,0.9650392,0,0.006101632,1.708604,-1.038253,1,1.0,0.1,-0.1450897,-0.04769173,0.9882684,0.0003924947,-0.008747475,-0.02231029,12.77778,778
6,-0.01721469,-0.0403077,1.000019,-0.2821324,-0.07569054,1.000014,-0.1496737,-0.05799919,1.000016,-0.9996115,0.01399764,0.0241,0,0.01979887,0.9652494,0.2605793,0,0.01961502,-0.2609552,0.9651515,0,-0.007352757,-1.92029,0.5566629,1,-0.9996116,0.01979887,0.01961502,0,0.01399765,0.9652495,-0.2609553,0,0.02410001,0.2605793,0.9651517,0,0.006114066,1.70865,-1.03823,1,1.0,0.1,-0.1450684,-0.04760947,0.9882755,0.0003924947,-0.008749451,-0.02230643,12.78889,779
6,-0.01724517,-0.04015139,1.000004,-0.2809173,-0.07575205,0.9999905,-0.1490819,-0.05795166,0.9999974,-0.9996057,0.01438189,0.02412562,0,0.02015888,0.9654778,0.2597043,0,0.01955771,-0.2600882,0.965387,0,-0.007909914,-1.91988,0.5583715,1,-0.9996053,0.02015887,0.0195577,0,0.01438189,0.9654778,-0.2600881,0,0.0241256,0.2597043,0.9653866,0,0.00623366,1.708749,-1.038227,1,1.0,0.1,-0.1445112,-0.04756846,0.9883591,0.0003923038,-0.008749695,-0.02230581,12.81111,780
6,-0.01770023,-0.03948769,0.9999832,-0.2780747,-0.07545733,1.000017,-0.1478859,-0.05747241,1.0,-0.9996135,0.01409858,0.0239618,0,0.01983835,0.9655411,0.2594936,0,0.01947761,-0.2598686,0.9654475,0,-0.00734051,-1.919823,0.5588067,1,-0.9996133,0.01983835,0.01947761,0,0.01409857,0.9655411,-0.2598687,0,0.02396179,0.2594935,0.9654475,0,0.006339089,1.708807,-1.038257,1,1.0,0.1,-0.143381,-0.04710769,0.9885458,0.0003893655,-0.008756722,-0.02228879,12.82222,781
6,-0.01723599,-0.03996417,1.00006,-0.2783489,-0.07464424,1.000065,-0.1477922,-0.0573042,1.000063,-0.9996186,0.01387406,0.02388446,0,0.019602,0.9655377,0.2595241,0,0.01946069,-0.2598933,0.9654415,0,-0.006895939,-1.9198,0.5586593,1,-0.9996182,0.019602,0.01946068,0,0.01387406,0.9655377,-0.2598932,0,0.02388445,0.2595241,0.965441,0,0.006398838,1.708789,-1.038161,1,1.0,0.1,-0.1432848,-0.04693943,0.9885677,0.0003871312,-0.008761726,-0.02227397,12.84445,782
6,-0.01631208,-0.04023317,1.00005,-0.2780459,-0.07723907,1.000073,-0.1471779,-0.05873603,1.000062,-0.9996222,0.013706,0.0238264,0,0.01942829,0.9654915,0.2597088,0,0.01944462,-0.2600735,0.9653932,0,-0.006595312,-1.919881,0.558253,1,-0.999622,0.01942829,0.01944461,0,0.013706,0.9654915,-0.2600735,0,0.0238264,0.2597087,0.9653928,0,0.00641991,1.708774,-1.038115,1,1.0,0.1,-0.1426962,-0.04830706,0.988587,0.0003892677,-0.008780671,-0.02227116,12.85556,783
6,-0.01626745,-0.04086673,1.000054,-0.2572717,-0.0669708,1.000061,-0.1367693,-0.05391869,1.000057,-0.9996237,0.01358317,0.02383773,0,0.01931933,0.965404,0.2600421,0,0.01948084,-0.2604047,0.9653031,0,-0.006355782,-1.920071,0.5575503,1,-0.9996234,0.01931933,0.01948084,0,0.01358317,0.965404,-0.2604047,0,0.02383772,0.2600421,0.9653029,0,0.006436524,1.70878,-1.038077,1,1.0,0.1,-0.1328441,-0.04371538,0.9901724,0.0003878558,-0.008784173,-0.02226318,12.86667,784
6,-0.01664322,-0.04133776,1.000018,-0.2688085,-0.06751713,1.000014,-0.1427261,-0.0544275,1.000016,-0.9996101,0.01393397,0.0242045,0,0.01974948,0.9654506,0.2598365,0,0.01974769,-0.2602132,0.9653494,0,-0.006869207,-1.920007,0.5578939,1,-0.9996097,0.01974947,0.01974768,0,0.01393397,0.9654506,-0.2602131,0,0.02420449,0.2598364,0.965349,0,0.006383256,1.708846,-1.038037,1,1.0,0.1,-0.1385063,-0.04417619,0.9893758,0.0003859941,-0.008782517,-0.02225973,12.88889,785
6,-0.01717631,-0.04059526,1.000038,-0.2651454,-0.0696716,0.9999761,-0.1411636,-0.05513379,1.000007,-0.9996037,0.01397219,0.02444049,0,0.01984536,0.9654808,0.259717,0,0.01996801,-0.2600991,0.9653755,0,-0.006892065,-1.919857,0.5580765,1,-0.9996035,0.01984535,0.019968,0,0.01397218,0.9654808,-0.2600991,0,0.02444048,0.259717,0.9653754,0,0.0062956,1.708779,-1.037969,1,1.0,0.1,-0.1370197,-0.04486535,0.9895517,0.0003852006,-0.008785728,-0.02225428,12.9,786
6,-0.01748881,-0.04046249,1.000033,-0.2706282,-0.06993309,0.9999936,-0.1440604,-0.05519822,1.000013,-0.9995937,0.0142504,0.02468758,0,0.02017566,0.965509,0.2595868,0,0.02013687,-0.2599794,0.9654043,0,-0.007278607,-1.919804,0.5582639,1,-0.9995935,0.02017566,0.02013687,0,0.0142504,0.965509,-0.2599794,0,0.02468758,0.2595868,0.965404,0,0.00630014,1.708817,-1.037913,1,1.0,0.1,-0.139769,-0.04490717,0.9891652,0.0003847741,-0.008789055,-0.02224601,12.92222,787
6,-0.01779753,-0.03944638,0.9999959,-0.2651933,-0.07074404,0.9999864,-0.1414958,-0.05509543,0.9999911,-0.9995948,0.01414254,0.02470148,0,0.02007154,0.9655569,0.2594168,0,0.02018187,-0.2598075,0.9654495,0,-0.007034555,-1.919701,0.5585982,1,-0.9995948,0.02007154,0.02018188,0,0.01414254,0.9655569,-0.2598075,0,0.02470148,0.2594168,0.9654496,0,0.006319541,1.708812,-1.037909,1,1.0,0.1,-0.1373391,-0.04482534,0.9895093,0.0003858414,-0.00878753,-0.02224597,12.93333,788
6,-0.01787707,-0.0403401,0.9999952,-0.2705288,-0.07066715,1.000038,-0.144201,-0.05550328,1.000017,-0.9996015,0.01400794,0.0245146,0,0.01989721,0.9655052,0.2596223,0,0.02003221,-0.2600066,0.9653993,0,-0.006934194,-1.919719,0.5581602,1,-0.9996011,0.0198972,0.0200322,0,0.01400794,0.9655053,-0.2600065,0,0.0245146,0.2596223,0.9653988,0,0.006276806,1.708726,-1.037848,1,1.0,0.1,-0.1399011,-0.04520301,0.9891331,0.0003859708,-0.008787392,-0.02224649,12.95556,789
6,-0.01743427,-0.03888696,1.000036,-0.2652515,-0.06935036,1.000098,-0.1413401,-0.05411816,1.000067,-0.9996114,0.01369563,0.02428879,0,0.01954051,0.9654643,0.2598015,0,0.01989181,-0.2601751,0.9653567,0,-0.006683161,-1.919745,0.5577863,1,-0.999611,0.0195405,0.0198918,0,0.01369563,0.9654644,-0.260175,0,0.02428878,0.2598015,0.9653563,0,0.006063607,1.708662,-1.037799,1,1.0,0.1,-0.1371891,-0.0438785,0.9895725,0.0003881222,-0.008787934,-0.02224657,12.96667,790
6,-0.01935776,-0.03735542,1.000014,-0.2686807,-0.06913152,1.000048,-0.1440177,-0.05324331,1.000031,-0.9996123,0.01379146,0.0241865,0,0.01961125,0.9653996,0.2600366,0,0.01976335,-0.2604101,0.9652959,0,-0.006922801,-1.919953,0.5573197,1,-0.9996123,0.01961125,0.01976335,0,0.01379146,0.9653996,-0.2604101,0,0.0241865,0.2600366,0.9652957,0,0.00607924,1.708735,-1.037817,1,1.0,0.1,-0.1397407,-0.04302027,0.9892532,0.0003885655,-0.008786713,-0.02225098,12.97778,791
6,-0.01935972,-0.03663784,1.000069,-0.2713604,-0.06623852,1.000098,-0.1453587,-0.05143788,1.000083,-0.9996241,0.01342827,0.02390843,0,0.0191897,0.965386,0.2601184,0,0.01958792,-0.2604794,0.9652808,0,-0.006312209,-1.919917,0.5570987,1,-0.9996238,0.01918969,0.01958792,0,0.01342826,0.965386,-0.2604793,0,0.02390842,0.2601184,0.9652806,0,0.006151962,1.70867,-1.037731,1,1.0,0.1,-0.141018,-0.04126713,0.9891466,0.0003907243,-0.008786248,-0.02225085,13.0,792
6,-0.01822929,-0.0368197,1.000007,-0.2668532,-0.06757516,0.9999809,-0.1425425,-0.05219766,0.9999939,-0.9996212,0.01345433,0.02401236,0,0.01924196,0.965385,0.2601183,0,0.01968146,-0.2604818,0.9652781,0,-0.006301937,-1.919902,0.5570871,1,-0.999621,0.01924195,0.01968146,0,0.01345433,0.9653851,-0.2604818,0,0.02401236,0.2601183,0.9652781,0,0.006154477,1.708658,-1.03772,1,1.0,0.1,-0.1383534,-0.04202267,0.9894909,0.0003907243,-0.008784508,-0.02225115,13.01111,793
6,-0.01825902,-0.03683478,0.9999748,-0.2668321,-0.06699112,0.9999372,-0.1425473,-0.05191335,0.9999559,-0.9996107,0.01362014,0.02435786,0,0.01949519,0.96534,0.2602664,0,0.01996875,-0.2606398,0.9652296,0,-0.00651736,-1.920005,0.5567171,1,-0.9996104,0.01949519,0.01996874,0,0.01362014,0.96534,-0.2606398,0,0.02435785,0.2602663,0.9652295,0,0.00607549,1.70869,-1.03766,1,1.0,0.1,-0.1383645,-0.04175006,0.989501,0.0003907243,-0.008783311,-0.02225115,13.03333,794
6,-0.01583291,-0.0369437,0.9999929,-0.2680485,-0.06699011,0.9999333,-0.1419435,-0.05196738,0.999963,-0.9996041,0.0136661,0.02459191,0,0.01960028,0.9653422,0.2602505,0,0.020183,-0.2606295,0.9652278,0,-0.006483824,-1.92,0.5567439,1,-0.9996042,0.01960028,0.020183,0,0.01366609,0.9653421,-0.2606295,0,0.02459192,0.2602505,0.965228,0,0.006066248,1.708691,-1.037663,1,1.0,0.1,-0.1377901,-0.0418042,0.9895788,0.0003907243,-0.008784134,-0.02225085,13.04445,795
6,-0.01494278,-0.03744251,0.9999942,-0.2734085,-0.06789142,0.9999327,-0.1441786,-0.05266744,0.9999634,-0.9995983,0.01369378,0.02482224,0,0.01968581,0.9653566,0.2601906,0,0.02039932,-0.2605747,0.9652383,0,-0.006419642,-1.919962,0.5568561,1,-0.9995978,0.01968581,0.02039932,0,0.01369378,0.9653565,-0.2605746,0,0.02482223,0.2601905,0.965238,0,0.006052062,1.708686,-1.037661,1,1.0,0.1,-0.1399069,-0.04246866,0.9892535,0.0003898246,-0.00878463,-0.02225085,13.05556,796
6,-0.01643525,-0.03754991,1.000046,-0.2744924,-0.06848738,1.000009,-0.1454657,-0.05301866,1.000028,-0.9995892,0.01373493,0.02516274,0,0.01981454,0.9653512,0.2602007,0,0.02071705,-0.2605923,0.9652268,0,-0.006303991,-1.920001,0.5567616,1,-0.9995887,0.01981453,0.02071704,0,0.01373492,0.9653512,-0.2605923,0,0.02516273,0.2602006,0.9652265,0,0.006060023,1.70873,-1.037608,1,1.0,0.1,-0.1411228,-0.04277281,0.9890677,0.0003812192,-0.008814125,-0.02214919,13.07778,797
6,-0.0174397,-0.03778267,1.000023,-0.2773492,-0.06943822,1.000027,-0.1473942,-0.05361047,1.000025,-0.999589,0.01376107,0.02515202,0,0.019838,0.965338,0.2602479,0,0.02069892,-0.2606399,0.9652143,0,-0.006364085,-1.920038,0.5566472,1,-0.9995888,0.019838,0.02069891,0,0.01376107,0.9653381,-0.2606399,0,0.02515202,0.2602479,0.9652141,0,0.006059511,1.708746,-1.037591,1,1.0,0.1,-0.1429469,-0.0433291,0.9887815,0.0003759544,-0.008818932,-0.02212016,13.08889,798
6,-0.0174703,-0.03781301,1.000009,-0.2753721,-0.06895933,1.000023,-0.1464205,-0.05338621,1.000016,-0.9995909,0.01373765,0.02508589,0,0.01979253,0.9654096,0.2599856,0,0.02064657,-0.2603758,0.9652866,0,-0.006454543,-1.91982,0.5570425,1,-0.9995909,0.01979253,0.02064657,0,0.01373765,0.9654096,-0.2603757,0,0.02508589,0.2599856,0.9652866,0,0.005948011,1.708718,-1.037447,1,1.0,0.1,-0.1420266,-0.04311994,0.9889232,0.0003759544,-0.008818162,-0.02211916,13.11111,799
