flag,xl,yl,zl,xr,yr,zr,xc,yc,zc,mat_00,mat_10,mat_20,mat_30,mat_01,mat_11,mat_21,mat_31,mat_02,mat_12,mat_22,mat_32,mat_03,mat_13,mat_23,mat_33,ctw_00,ctw_10,ctw_20,ctw_30,ctw_01,ctw_11,ctw_21,ctw_31,ctw_02,ctw_12,ctw_22,ctw_32,ctw_03,ctw_13,ctw_23,ctw_33,opennessl,opennessr,ray_x,ray_y,ray_z,eye_x,eye_y,eye_z,time,frame
25,0.1440071,0.1317873,1.00033,0.115322,0.1081088,1.000325,0.1296645,0.1199479,1.000327,-0.7905182,0.05428971,0.610028,0,0.06970768,0.9975662,0.001553344,0,0.6084589,-0.04375157,0.7923787,0,0.06320649,-1.686784,1.354617,1,-0.7905179,0.06970766,0.6084587,0,0.05428971,0.9975663,-0.04375156,0,0.6100277,0.001553345,0.7923783,0,-0.684813,1.676168,-1.185627,1,1.0,1.0,0.1286324,0.1176636,0.9846873,-0.004215646,-0.002515755,-0.02452993,41.14445,2530
25,0.1438643,0.1316943,1.00036,0.1162182,0.108141,1.000347,0.1300415,0.1199175,1.000353,-0.7904347,0.05468398,0.6101005,0,0.06990647,0.9975529,0.001157736,0,0.6085442,-0.04356509,0.7923232,0,0.06300807,-1.686249,1.354973,1,-0.7904347,0.06990647,0.6085441,0,0.05468398,0.9975529,-0.04356508,0,0.6101004,0.001157739,0.7923231,0,-0.6846549,1.676149,-1.185381,1,1.0,1.0,0.1289861,0.1176253,0.9846455,-0.00421598,-0.002514656,-0.02453272,41.15556,2531
25,0.1440405,0.1296308,1.000316,0.1189337,0.1033543,1.000309,0.1314873,0.1164926,1.000312,-0.7905071,0.05515078,0.6099648,0,0.07014558,0.9975365,0.0007142313,0,0.6084227,-0.04335094,0.7924283,0,0.06232083,-1.685749,1.355258,1,-0.790507,0.07014558,0.6084228,0,0.05515079,0.9975365,-0.04335094,0,0.6099647,0.0007142366,0.7924283,0,-0.6844241,1.676257,-1.184941,1,1.0,1.0,0.130406,0.1143608,0.9848431,-0.004216667,-0.002514366,-0.0245388,41.17778,2532
25,0.1437692,0.1258837,1.000337,0.1203521,0.1034065,1.000332,0.1320609,0.1146451,1.000335,-0.7905567,0.05540137,0.6098781,0,0.07013749,0.9975373,0.0002995916,0,0.6083595,-0.04301216,0.7924955,0,0.06239313,-1.685353,1.355313,1,-0.7905563,0.07013748,0.6083593,0,0.05540137,0.9975373,-0.04301214,0,0.6098778,0.0002995942,0.7924951,0,-0.6838793,1.67642,-1.184527,1,1.0,1.0,0.1309721,0.1125988,0.984971,-0.00421811,-0.002516212,-0.02454657,41.2,2533
25,0.1434582,0.1256996,1.00043,0.1222275,0.1048148,1.000422,0.1328429,0.1152571,1.000426,-0.7905647,0.05559905,0.6098494,0,0.07009177,0.9975405,-8.237176e-05,0,0.608354,-0.0426803,0.7925173,0,0.06265044,-1.684831,1.355577,1,-0.7905647,0.07009176,0.608354,0,0.05559906,0.9975405,-0.0426803,0,0.6098493,-8.237101e-05,0.7925173,0,-0.6834936,1.676408,-1.184341,1,1.0,1.0,0.1316897,0.1131642,0.9848105,-0.004218597,-0.002523171,-0.02455707,41.21111,2534
25,0.1436713,0.1242288,1.000333,0.1228179,0.09882746,1.000331,0.1332446,0.1115282,1.000332,-0.7906305,0.05617921,0.6097112,0,0.07027453,0.9975274,-0.0007858388,0,0.6082478,-0.04222586,0.7926234,0,0.06220847,-1.683937,1.356148,1,-0.7906302,0.07027451,0.6082476,0,0.0561792,0.9975274,-0.04222585,0,0.6097111,-0.0007858309,0.7926232,0,-0.6830723,1.676467,-1.183858,1,1.0,1.0,0.1321325,0.1096309,0.9851508,-0.004218026,-0.002525368,-0.02455933,41.23333,2535
25,0.1424654,0.1232745,1.000425,0.1236485,0.09903978,1.000411,0.1330571,0.1111571,1.000418,-0.7906252,0.0566602,0.6096734,0,0.0704516,0.9975143,-0.00134261,0,0.6082339,-0.04189097,0.7926518,0,0.06195158,-1.683206,1.356733,1,-0.790625,0.07045159,0.6082339,0,0.0566602,0.9975143,-0.04189096,0,0.6096732,-0.001342601,0.7926516,0,-0.6828123,1.676479,-1.183609,1,1.0,1.0,0.1319495,0.1092727,0.9852151,-0.004217964,-0.002525879,-0.02455994,41.24445,2536
25,0.1432883,0.1241636,1.00036,0.1235171,0.0994632,1.000357,0.1334029,0.1118134,1.000358,-0.7907395,0.05681552,0.6095107,0,0.07045087,0.997514,-0.001584884,0,0.6080856,-0.04168732,0.7927765,0,0.06180412,-1.682932,1.356821,1,-0.7907392,0.07045085,0.6080853,0,0.05681552,0.9975139,-0.04168732,0,0.6095105,-0.001584881,0.7927762,0,-0.6825091,1.676544,-1.183394,1,1.0,1.0,0.1322741,0.1098981,0.9851021,-0.004218156,-0.002527176,-0.02456179,41.25556,2537
25,0.1431065,0.1253476,1.000444,0.1236184,0.09904926,1.000435,0.1333624,0.1121984,1.000439,-0.7905599,0.0569919,0.609727,0,0.07038971,0.9975176,-0.001973258,0,0.608326,-0.04135853,0.7926091,0,0.06255585,-1.682508,1.356521,1,-0.7905599,0.0703897,0.6083258,0,0.0569919,0.9975176,-0.04135852,0,0.609727,-0.001973258,0.792609,0,-0.6817639,1.676605,-1.182831,1,1.0,1.0,0.1322207,0.1102575,0.985069,-0.004218316,-0.002528969,-0.02456561,41.27778,2538
25,0.1427453,0.1246012,1.000323,0.1234392,0.1002886,1.000318,0.1330924,0.112445,1.000321,-0.7906021,0.0571187,0.6096603,0,0.0703755,0.9975182,-0.002194533,0,0.6082726,-0.04117015,0.7926598,0,0.06256598,-1.682173,1.356602,1,-0.7906023,0.07037551,0.6082726,0,0.05711872,0.9975182,-0.04117015,0,0.6096604,-0.002194529,0.7926598,0,-0.6815181,1.676572,-1.182636,1,1.0,1.0,0.1319778,0.110509,0.9850733,-0.004218834,-0.002530144,-0.02456038,41.28889,2539
25,0.1428724,0.1246175,1.000309,0.123112,0.09925377,1.000301,0.1329923,0.1119356,1.000305,-0.7904177,0.05761812,0.6098526,0,0.07069831,0.9974943,-0.002611376,0,0.608475,-0.04105147,0.7925106,0,0.06253439,-1.68179,1.356606,1,-0.7904176,0.0706983,0.6084749,0,0.05761811,0.9974943,-0.04105146,0,0.6098526,-0.002611378,0.7925106,0,-0.6809999,1.676697,-1.182215,1,1.0,1.0,0.1318922,0.1100284,0.9851387,-0.004218834,-0.002530167,-0.02456003,41.31111,2540
25,0.1430524,0.1238315,1.000443,0.1228835,0.09905192,1.000433,0.132968,0.1114416,1.000438,-0.7903411,0.05787252,0.6099277,0,0.07077104,0.9974883,-0.002941169,0,0.608566,-0.04084069,0.7924516,0,0.0626272,-1.681433,1.356754,1,-0.790341,0.07077103,0.6085658,0,0.05787252,0.9974883,-0.04084069,0,0.6099277,-0.002941164,0.7924516,0,-0.6807165,1.676768,-1.181946,1,1.0,1.0,0.13186,0.1095469,0.9851967,-0.004218781,-0.002530876,-0.02455949,41.32222,2541
25,0.1429432,0.1235647,1.000512,0.1222107,0.09906437,1.000494,0.1325771,0.1113145,1.000503,-0.7902311,0.05838707,0.6100212,0,0.07095438,0.9974732,-0.003555911,0,0.6086875,-0.04047369,0.7923771,0,0.06264675,-1.680652,1.357347,1,-0.7902309,0.07095437,0.6086874,0,0.05838706,0.9974732,-0.04047368,0,0.6100212,-0.003555908,0.7923771,0,-0.6803768,1.676787,-1.181685,1,1.0,1.0,0.1314843,0.1094248,0.9852604,-0.004219002,-0.002530876,-0.02455914,41.33334,2542
25,0.1426143,0.1229047,1.000519,0.1229424,0.09902719,1.000499,0.1327786,0.1109658,1.000509,-0.7899947,0.05931036,0.6102384,0,0.07113978,0.9974546,-0.004849486,0,0.6089727,-0.03958115,0.7922032,0,0.06302327,-1.679086,1.358695,1,-0.7899945,0.07113977,0.6089725,0,0.05931035,0.9974545,-0.03958114,0,0.6102383,-0.00484949,0.7922029,0,-0.6797521,1.676918,-1.181201,1,1.0,1.0,0.1316788,0.1090891,0.9852716,-0.004219208,-0.0025299,-0.02455884,41.35556,2543
25,0.1427728,0.1237169,1.000551,0.1221243,0.09845698,1.000532,0.1324488,0.1110869,1.000542,-0.7899301,0.05971569,0.6102823,0,0.07113765,0.9974512,-0.005521566,0,0.6090566,-0.0390524,0.7921648,0,0.06327587,-1.678227,1.359353,1,-0.7899302,0.07113765,0.6090565,0,0.05971569,0.9974512,-0.0390524,0,0.6102823,-0.005521568,0.7921647,0,-0.6793891,1.676954,-1.180909,1,1.0,1.0,0.1313617,0.1092034,0.9853013,-0.004219161,-0.002527969,-0.02455788,41.36667,2544
25,0.1424689,0.1234606,1.000596,0.123861,0.09847331,1.000575,0.1331651,0.1109669,1.000585,-0.7900069,0.06099394,0.6100567,0,0.07161353,0.997408,-0.006984062,0,0.6089014,-0.03817085,0.7923272,0,0.06235462,-1.676399,1.360946,1,-0.7900066,0.07161351,0.6089013,0,0.06099393,0.997408,-0.03817085,0,0.6100566,-0.006984058,0.792327,0,-0.6787436,1.677094,-1.180272,1,1.0,1.0,0.1320346,0.1090749,0.9852256,-0.004218644,-0.002527245,-0.02455424,41.38889,2545
25,0.1426623,0.12294,1.000528,0.124068,0.09881018,1.000509,0.1333655,0.1108751,1.000518,-0.7899418,0.06155699,0.6100844,0,0.07178802,0.9973903,-0.007684181,0,0.6089653,-0.03772669,0.7922993,0,0.06224048,-1.675548,1.361678,1,-0.7899415,0.071788,0.6089652,0,0.06155698,0.9973903,-0.03772669,0,0.6100843,-0.007684175,0.7922992,0,-0.6784301,1.67717,-1.179971,1,1.0,1.0,0.1322339,0.1089911,0.9852081,-0.004218254,-0.002525665,-0.0245469,41.4,2546
25,0.1416939,0.1229052,1.000475,0.123937,0.09820967,1.000456,0.1328159,0.1105573,1.000466,-0.7899539,0.06197023,0.6100268,0,0.07170078,0.9973902,-0.008472082,0,0.6089597,-0.03704684,0.7923356,0,0.0622797,-1.674511,1.362624,1,-0.7899538,0.07170077,0.6089596,0,0.06197022,0.9973902,-0.03704683,0,0.6100267,-0.008472077,0.7923355,0,-0.6782689,1.67722,-1.179616,1,1.0,1.0,0.131725,0.1087013,0.9853083,-0.004217355,-0.002524452,-0.02454504,41.41111,2547
25,0.1411639,0.1226793,1.000341,0.1245964,0.09760071,1.000331,0.1328803,0.11014,1.000336,-0.7900724,0.06279488,0.6097891,0,0.07188447,0.9973671,-0.0095699,0,0.6087846,-0.03627345,0.7925062,0,0.06179953,-1.673204,1.363791,1,-0.7900721,0.07188445,0.6087843,0,0.06279486,0.997367,-0.03627344,0,0.6097889,-0.009569896,0.7925059,0,-0.6777297,1.677408,-1.179127,1,1.0,1.0,0.1318063,0.1083129,0.9853402,-0.004215461,-0.00252005,-0.02454408,41.43333,2548
25,0.1398981,0.123285,1.000557,0.123231,0.0973218,1.000538,0.1315648,0.1103032,1.000548,-0.7900395,0.06354497,0.6097541,0,0.07227626,0.9973316,-0.01028991,0,0.6087809,-0.0359413,0.7925241,0,0.0613606,-1.672332,1.36453,1,-0.7900391,0.07227623,0.6087807,0,0.06354495,0.9973315,-0.03594129,0,0.6097538,-0.01028991,0.7925239,0,-0.6772817,1.677475,-1.178883,1,1.0,1.0,0.1305296,0.108458,0.9854942,-0.004209641,-0.00251265,-0.02454404,41.44445,2549
25,0.1398831,0.1231895,1.000433,0.1255237,0.09694401,1.000422,0.1327037,0.1100667,1.000428,-0.7901837,0.06396515,0.6095231,0,0.07238963,0.9973178,-0.01081581,0,0.6085801,-0.03557668,0.7926947,0,0.06088138,-1.671674,1.365057,1,-0.7901835,0.07238963,0.6085799,0,0.06396513,0.9973177,-0.03557667,0,0.6095229,-0.0108158,0.7926944,0,-0.6769969,1.677547,-1.178596,1,1.0,1.0,0.1316231,0.1082298,0.9853739,-0.00420906,-0.002512398,-0.02454376,41.45555,2550
25,0.1399971,0.1232407,1.000445,0.1227167,0.09662917,1.000437,0.1313571,0.1099349,1.000441,-0.7902765,0.06431774,0.6093655,0,0.0725145,0.9973043,-0.01122127,0,0.6084445,-0.03531992,0.7928101,0,0.06044245,-1.671089,1.36535,1,-0.7902766,0.07251449,0.6084445,0,0.06431774,0.9973043,-0.03531992,0,0.6093654,-0.01122127,0.79281,0,-0.6767502,1.677522,-1.178262,1,1.0,1.0,0.1303507,0.1081214,0.9855549,-0.004208878,-0.002512146,-0.02454369,41.46667,2551
25,0.1400216,0.1240022,1.001022,0.1227068,0.09682661,1.000984,0.1313646,0.1104143,1.001003,-0.7902081,0.06544363,0.6093346,0,0.07289831,0.9972602,-0.01257027,0,0.6084877,-0.03448633,0.7928138,0,0.05999935,-1.669465,1.366753,1,-0.7902079,0.07289831,0.6084875,0,0.06544363,0.9972602,-0.03448632,0,0.6093344,-0.01257026,0.7928135,0,-0.6761419,1.677697,-1.177663,1,1.0,1.0,0.1302814,0.1085185,0.9855204,-0.004208878,-0.002512146,-0.0245468,41.48889,2552
25,0.1392013,0.1237147,1.000586,0.1227146,0.09402196,1.000559,0.1309585,0.1088681,1.000573,-0.7903816,0.06674263,0.6089683,0,0.0731767,0.9972162,-0.01431817,0,0.6082287,-0.03324547,0.7930653,0,0.05922174,-1.667209,1.368878,1,-0.7903817,0.0731767,0.6082286,0,0.06674262,0.9972162,-0.03324547,0,0.6089683,-0.01431817,0.7930653,0,-0.6755214,1.677834,-1.177057,1,1.0,1.0,0.1299715,0.1071002,0.9857165,-0.004209274,-0.002513794,-0.0245497,41.51111,2553
25,0.1395459,0.1244029,1.000424,0.1244094,0.09457521,1.000408,0.1319778,0.1094892,1.000416,-0.7905669,0.06721027,0.6086763,0,0.07322992,0.9972023,-0.01499827,0,0.6079814,-0.03271618,0.7932769,0,0.05872124,-1.666348,1.369691,1,-0.7905668,0.07322992,0.6079814,0,0.06721027,0.9972023,-0.03271618,0,0.6086763,-0.01499826,0.7932769,0,-0.67528,1.677929,-1.176763,1,1.0,1.0,0.130947,0.1076964,0.9855223,-0.004210122,-0.002517533,-0.02454958,41.52222,2554
25,0.1400104,0.1242319,1.000294,0.1243939,0.09496164,1.000278,0.1322023,0.1095966,1.000286,-0.7906439,0.0680211,0.6084863,0,0.07299002,0.9971939,-0.0166333,0,0.6079103,-0.03126241,0.7933902,0,0.05898744,-1.664163,1.37186,1,-0.7906438,0.07299002,0.6079101,0,0.0680211,0.9971941,-0.0312624,0,0.6084862,-0.0166333,0.79339,0,-0.6749218,1.678006,-1.176305,1,1.0,1.0,0.1311739,0.1078102,0.9854797,-0.00421016,-0.002519219,-0.02454956,41.54445,2555
25,0.1419681,0.1237542,1.000392,0.1222996,0.09545048,1.000382,0.1321342,0.1096022,1.000387,-0.7906215,0.06818318,0.6084973,0,0.07292676,0.9971927,-0.01698333,0,0.6079471,-0.03094835,0.7933744,0,0.05915594,-1.663746,1.372094,1,-0.7906213,0.07292675,0.6079468,0,0.06818317,0.9971927,-0.03094834,0,0.6084971,-0.01698333,0.7933741,0,-0.6747057,1.678064,-1.176038,1,1.0,1.0,0.1310974,0.1078079,0.9854902,-0.004211021,-0.00252121,-0.02454908,41.55556,2556
25,0.141652,0.1234224,1.000326,0.1233852,0.09612659,1.00031,0.1325189,0.1097743,1.000318,-0.7906128,0.06835742,0.608489,0,0.07272311,0.997198,-0.01753533,0,0.6079827,-0.03038756,0.7933687,0,0.0595029,-1.663098,1.372756,1,-0.7906127,0.07272311,0.6079825,0,0.06835741,0.9971981,-0.03038755,0,0.6084889,-0.01753533,0.7933685,0,-0.6745776,1.678183,-1.175815,1,1.0,1.0,0.1314694,0.1079762,0.9854223,-0.004213478,-0.002524765,-0.02455139,41.56667,2557
25,0.141704,0.1221893,1.000225,0.1229084,0.09679855,1.000225,0.1323061,0.1094939,1.000225,-0.7907153,0.06803916,0.6083914,0,0.07200619,0.9972428,-0.01794104,0,0.6079346,-0.02962168,0.7934344,0,0.06042475,-1.66253,1.37294,1,-0.7907153,0.07200618,0.6079346,0,0.06803916,0.9972429,-0.02962169,0,0.6083912,-0.01794104,0.7934343,0,-0.6743889,1.678227,-1.175319,1,1.0,1.0,0.131285,0.1077238,0.9854744,-0.004215142,-0.002526756,-0.02455173,41.58889,2558
25,0.1416284,0.1222131,1.000299,0.1222266,0.09763715,1.000292,0.1319274,0.1099253,1.000296,-0.7906355,0.06787354,0.6085137,0,0.07166996,0.9972639,-0.01811467,0,0.6080782,-0.02929005,0.7933367,0,0.06118995,-1.662311,1.372944,1,-0.7906353,0.07166996,0.6080781,0,0.06787354,0.9972638,-0.02929004,0,0.6085136,-0.01811467,0.7933366,0,-0.6742492,1.678248,-1.175104,1,1.0,1.0,0.1309162,0.1081357,0.9854784,-0.004218872,-0.00253048,-0.0245521,41.6,2559
25,0.1421159,0.1220841,1.000236,0.122707,0.09880711,1.000235,0.1324114,0.1104454,1.000235,-0.790614,0.06760468,0.6085715,0,0.07143007,0.9972834,-0.01798869,0,0.6081344,-0.02924819,0.7932953,0,0.06161773,-1.6626,1.37221,1,-0.7906138,0.07143006,0.6081343,0,0.06760466,0.9972833,-0.02924819,0,0.6085714,-0.01798869,0.793295,0,-0.6739726,1.678366,-1.174667,1,1.0,1.0,0.1313747,0.1086314,0.9853628,-0.004220237,-0.002533142,-0.02455271,41.62222,2560
25,0.1418212,0.1220892,1.000337,0.1238831,0.1001088,1.000337,0.1328521,0.1110991,1.000337,-0.7905251,0.06737534,0.6087126,0,0.07120713,0.9973007,-0.01791071,0,0.6082762,-0.02918581,0.7931888,0,0.06221431,-1.66274,1.371725,1,-0.7905248,0.07120711,0.608276,0,0.06737533,0.9973008,-0.02918581,0,0.6087124,-0.0179107,0.7931886,0,-0.6737766,1.67839,-1.174409,1,1.0,1.0,0.1317704,0.109243,0.9852423,-0.004221481,-0.002540497,-0.02455567,41.63334,2561
25,0.1417955,0.1214279,1.000184,0.1228568,0.09863053,1.00019,0.1323259,0.1100292,1.000187,-0.7904855,0.06726016,0.6087766,0,0.07125622,0.9973017,-0.01766111,0,0.6083218,-0.02941827,0.7931452,0,0.0622316,-1.663034,1.37085,1,-0.7904854,0.07125621,0.6083217,0,0.06726016,0.9973017,-0.02941826,0,0.6087765,-0.0176611,0.7931451,0,-0.6734922,1.678323,-1.174063,1,1.0,1.0,0.1313085,0.1082504,0.9854136,-0.004223297,-0.002541527,-0.02455634,41.65556,2562
25,0.1413148,0.1214854,1.000165,0.1232021,0.09917719,1.000166,0.1322585,0.1103313,1.000166,-0.7903588,0.06687526,0.6089833,0,0.07094385,0.9973277,-0.01744787,0,0.6085228,-0.02941354,0.792991,0,0.06302834,-1.663276,1.370292,1,-0.7903588,0.07094384,0.6085228,0,0.06687526,0.9973277,-0.02941354,0,0.6089834,-0.01744788,0.7929911,0,-0.6734378,1.678268,-1.173906,1,1.0,1.0,0.1312443,0.108542,0.9853901,-0.004224456,-0.002543221,-0.02455679,41.66667,2563
25,0.1416761,0.121942,1.000198,0.1231092,0.09929027,1.000197,0.1323925,0.1106162,1.000198,-0.790363,0.0670022,0.6089643,0,0.07106292,0.9973183,-0.01750027,0,0.6085038,-0.0294432,0.7930049,0,0.06279206,-1.663189,1.370189,1,-0.7903627,0.07106289,0.6085035,0,0.06700219,0.9973183,-0.02944319,0,0.608964,-0.01750027,0.7930045,0,-0.6733299,1.678245,-1.173745,1,1.0,1.0,0.1313629,0.1088075,0.9853449,-0.004224456,-0.002543572,-0.02455811,41.67778,2564
25,0.1414154,0.1221238,1.00013,0.1231024,0.09931776,1.000137,0.132259,0.1107208,1.000134,-0.7905413,0.06695186,0.6087381,0,0.07117369,0.9973146,-0.01725921,0,0.6082589,-0.02968202,0.7931836,0,0.06214309,-1.663495,1.369542,1,-0.7905412,0.07117369,0.6082588,0,0.06695186,0.9973146,-0.02968202,0,0.608738,-0.0172592,0.7931834,0,-0.6731914,1.678242,-1.173473,1,1.0,1.0,0.1312428,0.1089154,0.9853491,-0.004224456,-0.002543717,-0.02455805,41.7,2565
25,0.1412779,0.1233466,1.000178,0.124101,0.1011549,1.000185,0.1326893,0.1122507,1.000182,-0.7905496,0.06687678,0.6087355,0,0.07132042,0.9973095,-0.01694417,0,0.6082309,-0.03002007,0.7931924,0,0.06195104,-1.663988,1.368801,1,-0.7905495,0.07132042,0.6082308,0,0.06687678,0.9973096,-0.03002006,0,0.6087355,-0.01694417,0.7931923,0,-0.6729802,1.678286,-1.173356,1,1.0,1.0,0.1316217,0.1103588,0.9851379,-0.004223594,-0.002544563,-0.0245567,41.71111,2566
25,0.141446,0.1245893,1.000085,0.1254408,0.1021802,1.000095,0.1334432,0.1133848,1.00009,-0.7909329,0.06646045,0.6082829,0,0.07117809,0.9973285,-0.01641637,0,0.607749,-0.03031218,0.7935505,0,0.06146485,-1.664649,1.367705,1,-0.7909329,0.07117809,0.607749,0,0.06646044,0.9973285,-0.03031217,0,0.608283,-0.01641637,0.7935505,0,-0.6727038,1.67828,-1.173157,1,1.0,1.0,0.1323285,0.1114356,0.984922,-0.00422236,-0.002545716,-0.02455335,41.73333,2567
25,0.1419046,0.1246484,1.000018,0.1270243,0.09947699,1.000029,0.1344642,0.1120627,1.000023,-0.7911125,0.06614754,0.6080837,0,0.07100444,0.9973458,-0.01611535,0,0.6075357,-0.03042759,0.7937095,0,0.06133574,-1.665017,1.36716,1,-0.7911122,0.07100444,0.6075355,0,0.06614752,0.9973458,-0.03042759,0,0.6080835,-0.01611534,0.7937094,0,-0.6726874,1.678275,-1.173054,1,1.0,1.0,0.1333157,0.1101676,0.9849315,-0.004217125,-0.002539093,-0.02454767,41.74445,2568
25,0.1416023,0.1250421,1.000136,0.1279583,0.09819952,1.000146,0.1347801,0.1116208,1.000141,-0.7915319,0.06590954,0.6075633,0,0.07102092,0.9973518,-0.0156686,0,0.606987,-0.03074751,0.7941167,0,0.06040168,-1.665637,1.366203,1,-0.7915319,0.07102092,0.6069871,0,0.06590954,0.9973518,-0.03074751,0,0.6075633,-0.0156686,0.7941168,0,-0.6724634,1.678342,-1.172802,1,1.0,1.0,0.1336031,0.1097258,0.9849418,-0.004213349,-0.002532165,-0.02453689,41.76667,2569
25,0.141654,0.1251863,1.000008,0.1280546,0.1001891,1.000026,0.1348542,0.1126879,1.000017,-0.7918575,0.06574968,0.6071565,0,0.07115066,0.9973496,-0.015209,0,0.6065473,-0.03115623,0.7944368,0,0.05946684,-1.666216,1.365395,1,-0.7918572,0.07115065,0.6065471,0,0.06574967,0.9973496,-0.03115622,0,0.6071564,-0.01520899,0.7944368,0,-0.6723657,1.678335,-1.172702,1,1.0,1.0,0.133674,0.1107495,0.9848176,-0.004213006,-0.002529671,-0.02453251,41.77778,2570
25,0.1425498,0.1248015,1.00005,0.1273912,0.09925612,1.000065,0.1349703,0.1120289,1.000057,-0.7919692,0.06542578,0.6070457,0,0.07109835,0.9973605,-0.01473593,0,0.6064075,-0.03148954,0.7945305,0,0.0593558,-1.666829,1.364503,1,-0.7919691,0.07109835,0.6064073,0,0.06542577,0.9973604,-0.03148953,0,0.6070455,-0.01473592,0.7945302,0,-0.6722541,1.678317,-1.172621,1,1.0,1.0,0.1337885,0.1101142,0.9848733,-0.004213006,-0.002525619,-0.02452667,41.78889,2571
25,0.142883,0.1263728,1.000124,0.1281043,0.09921303,1.000133,0.1354933,0.112793,1.000129,-0.7922549,0.06540266,0.6066753,0,0.07111778,0.9973603,-0.01464806,0,0.6060319,-0.0315404,0.7948149,0,0.05880034,-1.666912,1.364112,1,-0.7922547,0.07111778,0.6060317,0,0.06540265,0.9973604,-0.03154039,0,0.6066751,-0.01464806,0.7948148,0,-0.6719678,1.678312,-1.172427,1,1.0,1.0,0.1342631,0.1108245,0.9847291,-0.004213006,-0.002524864,-0.024524,41.81111,2572
25,0.1433971,0.1261136,1.000048,0.1280671,0.09968844,1.000053,0.1357318,0.112901,1.00005,-0.7923682,0.06535785,0.6065322,0,0.07115076,0.9973599,-0.01452142,0,0.60588,-0.03164892,0.7949265,0,0.05848622,-1.667118,1.363846,1,-0.7923679,0.07115075,0.6058797,0,0.06535785,0.9973599,-0.03164891,0,0.606532,-0.01452141,0.7949262,0,-0.6719144,1.67836,-1.172355,1,1.0,1.0,0.1344976,0.1109305,0.9846851,-0.004213852,-0.002523476,-0.02452148,41.82222,2573
25,0.1433242,0.1278821,1.000059,0.1277341,0.1013901,1.000059,0.1355293,0.1146363,1.000059,-0.7925222,0.06491178,0.6063789,0,0.07062137,0.9973983,-0.01446934,0,0.6057405,-0.03135604,0.7950443,0,0.05897951,-1.667075,1.363672,1,-0.792522,0.07062136,0.6057403,0,0.06491176,0.9973982,-0.03135602,0,0.6063787,-0.01446934,0.7950442,0,-0.6719462,1.678304,-1.172178,1,1.0,1.0,0.1342828,0.1125797,0.9845272,-0.00421621,-0.002523529,-0.02451591,41.84444,2574
25,0.1441987,0.1307291,1.000076,0.1284365,0.1013225,1.000082,0.1363176,0.1160257,1.000079,-0.7926399,0.06464163,0.606254,0,0.07038408,0.9974171,-0.01432643,0,0.6056142,-0.03131493,0.7951422,0,0.05913794,-1.667252,1.363346,1,-0.7926396,0.07038407,0.605614,0,0.06464162,0.9974172,-0.03131492,0,0.6062538,-0.01432642,0.7951421,0,-0.6718846,1.678315,-1.172078,1,1.0,1.0,0.135005,0.1138847,0.9842783,-0.004217416,-0.002523376,-0.02451352,41.85556,2575
25,0.1442491,0.1305295,1.000163,0.1285319,0.101688,1.000162,0.1363904,0.1161087,1.000162,-0.7927101,0.06472363,0.6061532,0,0.07042161,0.9974133,-0.01440608,0,0.6055177,-0.03126644,0.7952174,0,0.05889589,-1.667104,1.363331,1,-0.7927099,0.0704216,0.6055177,0,0.06472362,0.9974133,-0.03126644,0,0.6061532,-0.01440608,0.7952175,0,-0.6717994,1.678284,-1.171932,1,1.0,1.0,0.135066,0.1139525,0.9842622,-0.00422097,-0.002522568,-0.02451082,41.86667,2576
25,0.1452108,0.1299434,1.000251,0.1275469,0.1016668,1.000251,0.1363789,0.1158049,1.000251,-0.7925406,0.06428272,0.6064219,0,0.07040833,0.997424,-0.01371269,0,0.6057413,-0.03182929,0.795025,0,0.05937546,-1.668085,1.361755,1,-0.7925403,0.07040831,0.6057411,0,0.06428269,0.9974239,-0.03182928,0,0.6064218,-0.01371268,0.7950248,0,-0.6715116,1.67828,-1.171689,1,1.0,1.0,0.135052,0.1136544,0.9842985,-0.004224732,-0.002521477,-0.0245076,41.88889,2577
25,0.1452506,0.1282517,1.000096,0.126434,0.1013117,1.000105,0.1358422,0.1147817,1.000101,-0.7925323,0.06401668,0.6064609,0,0.07033155,0.997434,-0.01337662,0,0.605761,-0.03205193,0.795001,0,0.05953777,-1.668514,1.361053,1,-0.792532,0.07033154,0.6057608,0,0.06401667,0.997434,-0.03205192,0,0.6064607,-0.01337661,0.7950008,0,-0.6714271,1.678251,-1.171583,1,1.0,1.0,0.1345827,0.1127075,0.9844717,-0.004227668,-0.002521233,-0.02450845,41.9,2578
25,0.1452948,0.1284056,1.000047,0.1278225,0.1018289,1.00006,0.1365586,0.1151173,1.000053,-0.7925588,0.06347029,0.6064834,0,0.07020785,0.9974523,-0.01263801,0,0.6057404,-0.03256353,0.7949957,0,0.05959851,-1.66947,1.359536,1,-0.7925588,0.07020785,0.6057404,0,0.0634703,0.9974523,-0.03256353,0,0.6064833,-0.012638,0.7949957,0,-0.6713388,1.678214,-1.17129,1,1.0,1.0,0.1352598,0.1130204,0.984343,-0.004228272,-0.002521568,-0.02450878,41.92222,2579
25,0.145281,0.1305842,1.000077,0.1289233,0.1021218,1.000078,0.1371022,0.1163528,1.000077,-0.792568,0.06342514,0.606476,0,0.07017402,0.9974551,-0.01260732,0,0.6057323,-0.03256671,0.7950017,0,0.05953664,-1.669397,1.359404,1,-0.7925681,0.07017403,0.6057323,0,0.06342514,0.9974551,-0.0325667,0,0.6064761,-0.01260732,0.7950018,0,-0.6713775,1.678109,-1.171159,1,1.0,1.0,0.1357512,0.1141812,0.9841414,-0.004228272,-0.002521278,-0.02450878,41.93333,2580
25,0.1454179,0.1302443,1.000067,0.1289224,0.1021209,1.000071,0.13717,0.1161825,1.000069,-0.7925062,0.06317943,0.6065826,0,0.07002997,0.9974678,-0.01239777,0,0.6058299,-0.03265365,0.7949239,0,0.05985457,-1.669721,1.358955,1,-0.7925059,0.07002997,0.6058299,0,0.06317943,0.9974679,-0.03265365,0,0.6065825,-0.01239777,0.7949238,0,-0.6713911,1.678149,-1.17105,1,1.0,1.0,0.1358195,0.1140203,0.9841506,-0.004228195,-0.002521477,-0.02450367,41.95555,2581
25,0.1441493,0.1302608,1.000341,0.1293388,0.1048606,1.000344,0.1367441,0.1175606,1.000342,-0.7926233,0.0632432,0.6064229,0,0.07011344,0.9974622,-0.01238272,0,0.605667,-0.03270356,0.795046,0,0.05944026,-1.669697,1.358596,1,-0.7926232,0.07011343,0.605667,0,0.0632432,0.9974622,-0.03270356,0,0.6064228,-0.01238271,0.7950459,0,-0.671173,1.678115,-1.170752,1,1.0,1.0,0.1353621,0.1153037,0.984064,-0.004227745,-0.002521278,-0.0245051,41.96667,2582
25,0.1437193,0.1306691,1.000151,0.1279504,0.1047062,1.000154,0.1358349,0.1176878,1.000153,-0.7924688,0.06305164,0.6066449,0,0.0700753,0.9974679,-0.0121315,0,0.6058738,-0.03289699,0.7948805,0,0.05987394,-1.670076,1.357981,1,-0.7924684,0.0700753,0.6058736,0,0.06305163,0.9974679,-0.03289698,0,0.6066447,-0.01213149,0.7948803,0,-0.6710625,1.678126,-1.170649,1,1.0,1.0,0.1345258,0.1154567,0.9841608,-0.004227501,-0.002521049,-0.02450787,41.97778,2583
25,0.143508,0.1305327,1.000114,0.1281458,0.1049353,1.000114,0.1358269,0.117734,1.000114,-0.7927119,0.06295806,0.6063367,0,0.06987342,0.997481,-0.0122209,0,0.6055788,-0.03267917,0.795114,0,0.05970502,-1.669862,1.357877,1,-0.7927118,0.06987342,0.6055788,0,0.06295805,0.997481,-0.03267917,0,0.6063367,-0.0122209,0.7951141,0,-0.6708704,1.678078,-1.170393,1,1.0,1.0,0.1345204,0.1155027,0.9841562,-0.004225082,-0.002518364,-0.0245081,42.0,2584
25,0.1432559,0.1302781,1.000033,0.1287279,0.1033486,1.000036,0.1359918,0.1168133,1.000035,-0.7926828,0.06281544,0.6063898,0,0.06982187,0.9974866,-0.01205656,0,0.605623,-0.03278224,0.7950763,0,0.0598309,-1.670098,1.357545,1,-0.7926825,0.06982186,0.6056229,0,0.06281544,0.9974867,-0.03278223,0,0.6063896,-0.01205655,0.7950762,0,-0.6708665,1.678091,-1.170336,1,1.0,1.0,0.1346987,0.1146331,0.9842335,-0.00422316,-0.002514084,-0.02450655,42.01111,2585
25,0.1434572,0.1297015,1.000025,0.129064,0.1038552,1.000021,0.1362606,0.1167784,1.000023,-0.7927071,0.06283637,0.6063557,0,0.06972869,0.9974912,-0.01221116,0,0.6056018,-0.03260052,0.7951,0,0.05983388,-1.669897,1.357663,1,-0.792707,0.06972869,0.6056016,0,0.06283638,0.9974913,-0.0326005,0,0.6063555,-0.01221116,0.7950996,0,-0.6708653,1.678114,-1.170152,1,1.0,1.0,0.1349528,0.1145954,0.9842031,-0.004221245,-0.002512085,-0.02450221,42.03333,2586
25,0.1428013,0.1306455,1.000061,0.1285441,0.1035618,1.000062,0.1356727,0.1171035,1.000062,-0.7927243,0.06277049,0.6063403,0,0.06967542,0.9974955,-0.01217122,0,0.6055857,-0.03259858,0.7951124,0,0.05993837,-1.669997,1.357531,1,-0.7927239,0.06967539,0.6055854,0,0.06277048,0.9974955,-0.03259857,0,0.6063401,-0.01217121,0.7951121,0,-0.6707844,1.678161,-1.170127,1,1.0,1.0,0.1343868,0.114908,0.9842441,-0.004219108,-0.002511681,-0.02450096,42.04445,2587
25,0.1420259,0.1316158,1.00018,0.1288022,0.1023269,1.000168,0.1354143,0.1169714,1.000174,-0.792593,0.06305394,0.6064823,0,0.06980031,0.9974828,-0.01248512,0,0.6057429,-0.03243703,0.7949991,0,0.06003237,-1.669599,1.35791,1,-0.7925928,0.06980029,0.6057428,0,0.06305394,0.9974828,-0.03243702,0,0.6064821,-0.01248511,0.7949989,0,-0.670692,1.67816,-1.170058,1,1.0,1.0,0.1341297,0.1147711,0.984295,-0.004218002,-0.002508141,-0.02450005,42.05556,2588
25,0.1428428,0.1316106,1.000149,0.1282021,0.1018483,1.000142,0.1355226,0.1167294,1.000146,-0.7926009,0.06342474,0.6064334,0,0.07017571,0.9974551,-0.01260156,0,0.6056893,-0.03256889,0.7950346,0,0.05937886,-1.669502,1.357847,1,-0.7926006,0.07017571,0.6056891,0,0.06342474,0.9974551,-0.03256888,0,0.6064332,-0.01260156,0.7950343,0,-0.6704922,1.678197,-1.169874,1,1.0,1.0,0.1342382,0.1145418,0.984307,-0.004217294,-0.002507172,-0.02450138,42.07778,2589
25,0.1430838,0.1316293,1.000143,0.1284862,0.1002439,1.00014,0.1357849,0.1159365,1.000142,-0.7925458,0.06350242,0.6064972,0,0.07022374,0.9974508,-0.01267116,0,0.6057557,-0.03254803,0.7949848,0,0.05953407,-1.669508,1.357826,1,-0.7925456,0.07022373,0.6057556,0,0.06350242,0.9974508,-0.03254802,0,0.606497,-0.01267115,0.7949846,0,-0.6703163,1.678276,-1.169853,1,1.0,1.0,0.1344979,0.113787,0.9843591,-0.004217187,-0.002507057,-0.02450128,42.08889,2590
25,0.1434012,0.131283,1.000302,0.129587,0.1011937,1.00029,0.1364943,0.1162384,1.000296,-0.7924267,0.06404673,0.6065956,0,0.07063832,0.9974169,-0.01303274,0,0.6058634,-0.0325214,0.794904,0,0.0591929,-1.669087,1.358171,1,-0.7924266,0.07063831,0.6058631,0,0.06404672,0.9974168,-0.03252139,0,0.6065953,-0.01303274,0.7949036,0,-0.6700544,1.678294,-1.169758,1,1.0,1.0,0.1351426,0.1140457,0.9842408,-0.004217019,-0.002506897,-0.02449989,42.11111,2591
25,0.1434872,0.1309228,1.000106,0.1295392,0.1000805,1.000108,0.1365133,0.1155017,1.000107,-0.7923982,0.06420352,0.6066163,0,0.07087417,0.9974008,-0.01298363,0,0.6058731,-0.03270522,0.794889,0,0.05887944,-1.669184,1.357975,1,-0.792398,0.07087416,0.6058729,0,0.0642035,0.9974007,-0.03270521,0,0.6066161,-0.01298362,0.7948887,0,-0.669946,1.678304,-1.169703,1,1.0,1.0,0.1351953,0.1133664,0.9843121,-0.004216859,-0.002506043,-0.02449984,42.12222,2592
25,0.143544,0.1310271,1.000024,0.1295433,0.1000727,1.000035,0.1365436,0.11555,1.000029,-0.7924932,0.06430457,0.6064814,0,0.07123619,0.9973791,-0.01266625,0,0.6057063,-0.0331655,0.7949969,0,0.05815244,-1.669692,1.357276,1,-0.7924929,0.07123618,0.6057063,0,0.06430456,0.9973791,-0.0331655,0,0.6064813,-0.01266625,0.7949968,0,-0.669708,1.678365,-1.169629,1,1.0,1.0,0.1352326,0.1134195,0.9843009,-0.004216827,-0.00250544,-0.02450314,42.14445,2593
25,0.1436435,0.1312529,1.00001,0.1303315,0.1003747,1.00002,0.1369875,0.1158141,1.000015,-0.7925596,0.06438368,0.6063861,0,0.07153387,0.9973611,-0.01239956,0,0.6055842,-0.03354975,0.7950737,0,0.05749428,-1.669992,1.35679,1,-0.7925595,0.07153387,0.6055842,0,0.06438366,0.9973611,-0.03354974,0,0.606386,-0.01239956,0.7950736,0,-0.6696506,1.678296,-1.169593,1,1.0,1.0,0.1356488,0.1136647,0.9842153,-0.004216501,-0.002506256,-0.02450314,42.15556,2594
25,0.1441217,0.1304451,1.000083,0.1314832,0.10112,1.000087,0.1378025,0.1157824,1.000085,-0.7927315,0.06464754,0.6061333,0,0.07197842,0.9973311,-0.01223403,0,0.6053066,-0.03393022,0.795269,0,0.05642974,-1.670197,1.356374,1,-0.7927313,0.07197841,0.6053064,0,0.06464753,0.9973312,-0.03393022,0,0.6061333,-0.01223403,0.795269,0,-0.6694358,1.678272,-1.16951,1,1.0,1.0,0.1364088,0.1136188,0.9841155,-0.004216453,-0.002509041,-0.02450283,42.17778,2595
25,0.1440317,0.1293867,1.000115,0.1314506,0.1018584,1.000116,0.1377411,0.1156225,1.000115,-0.7928909,0.0646615,0.6059235,0,0.07192342,0.9973341,-0.01231461,0,0.6051044,-0.03381594,0.7954278,0,0.05625349,-1.670091,1.356415,1,-0.7928906,0.07192341,0.6051043,0,0.0646615,0.9973342,-0.03381594,0,0.6059233,-0.0123146,0.7954277,0,-0.6692902,1.678297,-1.169445,1,1.0,1.0,0.1363487,0.1134657,0.9841415,-0.004216034,-0.002510254,-0.02450552,42.18889,2596
25,0.1440704,0.1298212,1.000129,0.1305906,0.1020372,1.000127,0.1373308,0.1159292,1.000128,-0.7929487,0.06476232,0.6058368,0,0.07196692,0.9973297,-0.01241805,0,0.6050233,-0.03375333,0.7954922,0,0.05610114,-1.669955,1.356478,1,-0.7929487,0.07196692,0.6050231,0,0.06476232,0.9973297,-0.03375333,0,0.6058367,-0.01241805,0.7954919,0,-0.6691688,1.678304,-1.169376,1,1.0,1.0,0.1359549,0.1137628,0.9841617,-0.004215348,-0.002512352,-0.02450604,42.2,2597
25,0.1443732,0.1293489,1.000158,0.1301721,0.1002601,1.000144,0.1372729,0.1148044,1.000151,-0.7929945,0.06548221,0.6056995,0,0.07236544,0.9972925,-0.013075,0,0.6049157,-0.03346331,0.7955861,0,0.05547076,-1.669045,1.357431,1,-0.7929944,0.07236544,0.6049157,0,0.06548221,0.9972925,-0.03346331,0,0.6056995,-0.013075,0.7955861,0,-0.6689143,1.678261,-1.16936,1,1.0,1.0,0.1359141,0.1126947,0.9842903,-0.004215348,-0.0025122,-0.024506,42.22222,2598
25,0.1445495,0.129367,1.000159,0.1277142,0.0996751,1.000162,0.1361319,0.1145211,1.000161,-0.7930096,0.06560779,0.6056659,0,0.07258597,0.9972776,-0.01299032,0,0.6048692,-0.0336614,0.7956129,0,0.05512798,-1.669253,1.357121,1,-0.7930098,0.07258597,0.6048694,0,0.06560781,0.9972776,-0.0336614,0,0.605666,-0.01299032,0.7956131,0,-0.6687289,1.678337,-1.169278,1,1.0,1.0,0.1348409,0.1124415,0.9844667,-0.004215348,-0.0025122,-0.02450615,42.23333,2599
25,0.1439887,0.128745,1.000257,0.1275581,0.09939069,1.000248,0.1357734,0.1140678,1.000253,-0.7930646,0.06571697,0.6055822,0,0.0724542,0.9972826,-0.01333844,0,0.6048131,-0.03329873,0.795671,0,0.05527067,-1.668752,1.357494,1,-0.7930646,0.0724542,0.6048132,0,0.06571696,0.9972825,-0.03329873,0,0.6055822,-0.01333844,0.7956709,0,-0.6685758,1.67832,-1.169114,1,1.0,1.0,0.1344984,0.1120061,0.9845633,-0.004216087,-0.002511231,-0.02450556,42.24445,2600
25,0.1434386,0.1299151,1.000536,0.1262655,0.09958845,1.000509,0.1348522,0.1147514,1.000523,-0.7927456,0.06604031,0.6059647,0,0.07238685,0.9972785,-0.01398801,0,0.6052393,-0.03277494,0.7953686,0,0.05639231,-1.667986,1.358107,1,-0.7927455,0.07238685,0.6052393,0,0.06604031,0.9972785,-0.03277494,0,0.6059647,-0.013988,0.7953686,0,-0.6681056,1.678362,-1.168994,1,1.0,1.0,0.1335872,0.1126407,0.9846149,-0.004217675,-0.002512169,-0.02450452,42.26667,2601
25,0.1430097,0.1321033,1.000175,0.1272896,0.09969924,1.000171,0.1351497,0.1159013,1.000173,-0.7924968,0.06564555,0.6063331,0,0.07183319,0.9973172,-0.01408774,0,0.6056312,-0.03239035,0.7950861,0,0.05802333,-1.667848,1.357912,1,-0.7924965,0.07183319,0.605631,0,0.06564553,0.9973172,-0.03239034,0,0.6063329,-0.01408774,0.7950859,0,-0.6678769,1.678335,-1.16882,1,1.0,1.0,0.1338969,0.1137642,0.9844437,-0.004219178,-0.002511917,-0.0244996,42.28889,2602
25,0.1440527,0.1321223,1.000197,0.1277496,0.09970849,1.000198,0.1359012,0.1159154,1.000197,-0.792269,0.06550869,0.6066452,0,0.07180908,0.9973213,-0.0139144,0,0.6059318,-0.03253869,0.7948508,0,0.05863172,-1.66815,1.357386,1,-0.7922691,0.07180908,0.6059318,0,0.06550869,0.9973214,-0.03253869,0,0.6066453,-0.0139144,0.7948509,0,-0.6677213,1.678359,-1.168725,1,1.0,1.0,0.1346039,0.1137631,0.9843473,-0.00422081,-0.002511353,-0.02450135,42.3,2603
25,0.144722,0.1319547,1.000191,0.1265762,0.100043,1.000193,0.1356491,0.1159988,1.000193,-0.7921474,0.06545655,0.6068096,0,0.07186829,0.9973192,-0.01376182,0,0.6060836,-0.03270897,0.794728,0,0.05884677,-1.668423,1.35691,1,-0.7921475,0.07186828,0.6060837,0,0.06545656,0.9973192,-0.03270898,0,0.6068096,-0.01376182,0.7947281,0,-0.6675616,1.678395,-1.168613,1,1.0,1.0,0.1343687,0.113847,0.9843698,-0.004223855,-0.002511429,-0.0244993,42.31111,2604
25,0.1453867,0.1321301,1.000241,0.126616,0.1004649,1.00023,0.1360013,0.1162974,1.000236,-0.7916626,0.06586203,0.6073985,0,0.07231595,0.9972851,-0.01388448,0,0.6066639,-0.03293277,0.7942761,0,0.05920249,-1.668359,1.356618,1,-0.7916622,0.07231593,0.6066638,0,0.06586202,0.9972851,-0.03293276,0,0.6073983,-0.01388448,0.7942759,0,-0.6672578,1.678384,-1.168389,1,1.0,1.0,0.134694,0.1141204,0.9842936,-0.004226532,-0.00251178,-0.02449896,42.33334,2605
25,0.1455528,0.1323443,1.000252,0.1260923,0.1026051,1.000229,0.1358227,0.1174745,1.000241,-0.7915112,0.06628121,0.6075502,0,0.07238417,0.9972715,-0.01449672,0,0.6068533,-0.0325027,0.7941492,0,0.0594691,-1.667579,1.357462,1,-0.7915109,0.07238416,0.6068531,0,0.0662812,0.9972715,-0.03250269,0,0.6075499,-0.01449671,0.7941489,0,-0.6671262,1.678403,-1.168317,1,1.0,1.0,0.1345093,0.1152419,0.9841883,-0.004229264,-0.002516136,-0.02450055,42.34444,2606
25,0.1459621,0.1324665,1.000167,0.1273277,0.1031153,1.000149,0.1366452,0.117791,1.000158,-0.7912436,0.06682161,0.6078392,0,0.07251804,0.9972508,-0.01523177,0,0.607186,-0.03202727,0.7939141,0,0.05980104,-1.666654,1.358387,1,-0.7912436,0.07251805,0.607186,0,0.06682161,0.9972507,-0.03202727,0,0.6078392,-0.01523177,0.793914,0,-0.6669954,1.678426,-1.168131,1,1.0,1.0,0.1352909,0.1155392,0.9840463,-0.004229264,-0.002516899,-0.02449909,42.36667,2607
25,0.1455978,0.1321801,1.000253,0.1260508,0.1050349,1.000233,0.1358245,0.1186075,1.000243,-0.7913148,0.06749421,0.6076723,0,0.07270973,0.9972236,-0.01607861,0,0.6070703,-0.03146044,0.7940253,0,0.05936545,-1.665518,1.359668,1,-0.7913148,0.07270972,0.6070701,0,0.0674942,0.9972234,-0.03146043,0,0.6076721,-0.01607861,0.7940251,0,-0.6668428,1.678439,-1.168047,1,1.0,1.0,0.1344943,0.1163169,0.9840639,-0.004229188,-0.002517494,-0.02449909,42.37778,2608
25,0.1457511,0.1324366,1.000094,0.1273671,0.1051379,1.000085,0.1365592,0.1187871,1.00009,-0.791298,0.06777346,0.607663,0,0.07281253,0.9972107,-0.01640386,0,0.6070799,-0.03126514,0.7940255,0,0.05911654,-1.66518,1.360159,1,-0.7912979,0.07281252,0.6070798,0,0.06777345,0.9972107,-0.03126514,0,0.607663,-0.01640386,0.7940255,0,-0.6668847,1.678542,-1.167952,1,1.0,1.0,0.1352009,0.116493,0.9839463,-0.004226815,-0.002518387,-0.02449909,42.38889,2609
25,0.1457375,0.1319916,1.000158,0.1260285,0.1052841,1.000154,0.135883,0.1186378,1.000156,-0.7913977,0.06807738,0.6074992,0,0.07298467,0.9971938,-0.01666905,0,0.6069291,-0.03114628,0.7941455,0,0.0586611,-1.664867,1.360488,1,-0.7913976,0.07298468,0.6069292,0,0.06807738,0.9971938,-0.03114628,0,0.6074991,-0.01666905,0.7941454,0,-0.6667311,1.678591,-1.167883,1,1.0,1.0,0.1345548,0.1163548,0.984051,-0.004223572,-0.002518204,-0.02449558,42.4,2610
25,0.1471393,0.1319286,1.000159,0.126551,0.1051641,1.000153,0.1368451,0.1185463,1.000156,-0.7916418,0.0688109,0.6070982,0,0.07324043,0.9971604,-0.01751827,0,0.6065797,-0.03059594,0.7944337,0,0.05787861,-1.663831,1.361663,1,-0.7916419,0.07324044,0.6065798,0,0.0688109,0.9971606,-0.03059594,0,0.6070982,-0.01751827,0.7944337,0,-0.6663541,1.678722,-1.167765,1,1.0,1.0,0.1354596,0.1162543,0.9839389,-0.004219079,-0.002518471,-0.02448992,42.42222,2611
25,0.1477019,0.1305586,1.000136,0.1266943,0.1047616,1.000133,0.137198,0.1176602,1.000134,-0.7919209,0.06932471,0.6066757,0,0.07351919,0.9971318,-0.01797418,0,0.6061817,-0.03036818,0.7947462,0,0.05700117,-1.663248,1.362185,1,-0.7919209,0.07351919,0.6061817,0,0.06932472,0.9971318,-0.03036818,0,0.6066757,-0.01797417,0.7947462,0,-0.6659597,1.678771,-1.167654,1,1.0,1.0,0.1358032,0.1154151,0.9839903,-0.004212776,-0.002520874,-0.02448411,42.44445,2612
25,0.1480826,0.130807,1.000201,0.1265791,0.1051196,1.00019,0.1373311,0.1179632,1.000196,-0.7919445,0.06966766,0.6066056,0,0.07361775,0.9971166,-0.01840672,0,0.6061389,-0.03007984,0.7947899,0,0.05690747,-1.662728,1.362765,1,-0.7919445,0.07361774,0.6061389,0,0.06966767,0.9971167,-0.03007984,0,0.6066056,-0.01840672,0.7947897,0,-0.6657547,1.678828,-1.16762,1,1.0,1.0,0.1359153,0.1156966,0.9839417,-0.004211633,-0.002523659,-0.02448365,42.45555,2613
25,0.1459823,0.1295238,1.000278,0.1266357,0.1066127,1.000269,0.136309,0.1180684,1.000273,-0.791981,0.07005118,0.606514,0,0.07376203,0.9970978,-0.01884501,0,0.6060739,-0.02981281,0.7948496,0,0.05678856,-1.662171,1.363279,1,-0.7919807,0.07376202,0.6060738,0,0.07005116,0.9970978,-0.02981281,0,0.6065139,-0.018845,0.7948495,0,-0.6654348,1.67885,-1.167573,1,1.0,1.0,0.1349413,0.1158053,0.984063,-0.004211633,-0.002525604,-0.02447615,42.46667,2614
25,0.1454586,0.1293806,1.000352,0.12656,0.1053777,1.000335,0.1360095,0.1173791,1.000344,-0.7918291,0.07108217,0.6065921,0,0.07443786,0.9970317,-0.01966578,0,0.6061894,-0.02958148,0.79477,0,0.05615473,-1.66119,1.3642,1,-0.7918292,0.07443787,0.6061894,0,0.07108217,0.9970317,-0.02958149,0,0.6065921,-0.01966578,0.79477,0,-0.6649669,1.678907,-1.167406,1,1.0,1.0,0.1346599,0.1151491,0.9841786,-0.004211633,-0.002525673,-0.02447615,42.48889,2615
25,0.1460923,0.127425,1.000229,0.1280767,0.1045505,1.000215,0.1370847,0.1159876,1.000222,-0.7917048,0.07165316,0.6066875,0,0.07479198,0.9969956,-0.02014997,0,0.6063085,-0.02942253,0.7946851,0,0.05587798,-1.660625,1.364833,1,-0.7917044,0.07479196,0.6063085,0,0.07165314,0.9969956,-0.02942252,0,0.6066874,-0.02014996,0.7946851,0,-0.6647992,1.678957,-1.167352,1,1.0,1.0,0.1357101,0.1138289,0.9841878,-0.004211633,-0.002526879,-0.02447618,42.5,2616
25,0.1459131,0.1269776,1.000149,0.1268851,0.1027176,1.000138,0.1363991,0.1148474,1.000144,-0.7916497,0.07221852,0.6066923,0,0.07485941,0.996973,-0.02099499,0,0.6063721,-0.02879594,0.7946597,0,0.05609643,-1.65959,1.365994,1,-0.7916496,0.0748594,0.6063719,0,0.07221851,0.9969731,-0.02879594,0,0.6066921,-0.02099499,0.7946594,0,-0.6644758,1.679046,-1.167305,1,1.0,1.0,0.1350943,0.1127671,0.9843948,-0.004215882,-0.002528076,-0.02447727,42.52222,2617
