flag,xl,yl,zl,xr,yr,zr,xc,yc,zc,mat_00,mat_10,mat_20,mat_30,mat_01,mat_11,mat_21,mat_31,mat_02,mat_12,mat_22,mat_32,mat_03,mat_13,mat_23,mat_33,ctw_00,ctw_10,ctw_20,ctw_30,ctw_01,ctw_11,ctw_21,ctw_31,ctw_02,ctw_12,ctw_22,ctw_32,ctw_03,ctw_13,ctw_23,ctw_33,opennessl,opennessr,ray_x,ray_y,ray_z,eye_x,eye_y,eye_z,time,frame,u,v
25.0,0.2328366,0.09517872,1.000076,0.07286614,0.0399242,1.000007,0.1528497,0.06755076,1.000041,-0.8162457,0.06111111,-0.5744635,0.0,0.04382394,0.998074,0.04390587,0.0,-0.5760403,-0.01066272,0.8173517,0.0,-1.31612,-1.647556,0.3667306,1.0,-0.8162458,0.04382393,-0.5760403,0.0,0.06111112,0.998074,-0.01066272,0.0,-0.5744637,0.04390587,0.8173518,0.0,-0.7629199,1.685959,-1.075454,1.0,1.0,1.0,0.1508977,0.06658102,0.9863046,-0.003284515,-0.001341476,-0.02048929,112.2,6877.0,0.175,0.104
25.0,0.2339735,0.0956899,1.000006,0.07426867,0.03913985,0.9999835,0.1541207,0.06741442,0.9999949,-0.8163521,0.06123949,-0.5742989,0.0,0.04389342,0.9980654,0.04403375,0.0,-0.5758843,-0.01073911,0.8174608,0.0,-1.316174,-1.647485,0.3667834,1.0,-0.8163519,0.04389342,-0.5758842,0.0,0.06123949,0.9980654,-0.01073911,0.0,-0.5742987,0.04403375,0.8174606,0.0,-0.7629265,1.685918,-1.075487,1.0,1.0,1.0,0.1521086,0.06644306,0.986128,-0.003286613,-0.001343216,-0.02048414,112.2222,6878.0,0.175,0.104
25.0,0.2336739,0.09465886,1.000032,0.07448518,0.03896634,0.9999589,0.1540778,0.06681166,0.9999953,-0.8166418,0.06177855,-0.573829,0.0,0.04453524,0.9980354,0.0440686,0.0,-0.5754241,-0.01043265,0.8177887,0.0,-1.316808,-1.646816,0.3677478,1.0,-0.8166417,0.04453524,-0.575424,0.0,0.06177855,0.9980354,-0.01043265,0.0,-0.5738289,0.0440686,0.8177886,0.0,-0.7625982,1.686019,-1.075644,1.0,1.0,1.0,0.1520772,0.06586368,0.9861717,-0.003289314,-0.001343613,-0.02048013,112.2444,6879.0,0.175,0.104
25.0,0.2342274,0.09577777,1.000038,0.07449108,0.03906334,0.9999983,0.1543583,0.06741988,1.000018,-0.816671,0.06174646,-0.5737907,0.0,0.04482837,0.9980429,0.04359705,0.0,-0.5753598,-0.009882348,0.8178408,0.0,-1.317267,-1.646261,0.3686544,1.0,-0.8166711,0.04482836,-0.5753598,0.0,0.06174646,0.9980429,-0.009882344,0.0,-0.5737907,0.04359706,0.8178408,0.0,-0.7625925,1.686018,-1.075672,1.0,1.0,1.0,0.1523326,0.06644474,0.9860933,-0.003289314,-0.001343216,-0.02048013,112.2556,6880.0,0.175,0.104
25.0,0.2333909,0.09669206,1.000002,0.07449171,0.03940989,1.000007,0.1539415,0.06805103,1.000005,-0.8166387,0.06212868,-0.5737954,0.0,0.04525652,0.9980212,0.04365234,0.0,-0.5753721,-0.009680204,0.8178345,0.0,-1.317968,-1.645699,0.368541,1.0,-0.8166388,0.04525653,-0.5753721,0.0,0.06212869,0.9980212,-0.009680208,0.0,-0.5737955,0.04365234,0.8178345,0.0,-0.7625913,1.686002,-1.075658,1.0,1.0,1.0,0.1519352,0.06705581,0.9861132,-0.003289314,-0.001342827,-0.02048013,112.2667,6881.0,0.175,0.104
25.0,0.2336517,0.09611462,0.9999495,0.07372561,0.03924974,0.9999685,0.1536891,0.06768252,0.999959,-0.8165154,0.06208829,-0.5739752,0.0,0.04536178,0.9980262,0.04342895,0.0,-0.5755388,-0.009423871,0.8177202,0.0,-1.318245,-1.645569,0.3686832,1.0,-0.8165154,0.04536178,-0.5755388,0.0,0.06208828,0.9980261,-0.009423872,0.0,-0.5739753,0.04342895,0.8177203,0.0,-0.7625817,1.686107,-1.075688,1.0,1.0,1.0,0.1517075,0.06670538,0.9861721,-0.003289314,-0.001340836,-0.02047512,112.2778,6882.0,0.175,0.104
25.0,0.2335603,0.0951582,0.9998257,0.07343352,0.04046956,0.9998483,0.1534975,0.06781404,0.999837,-0.8162695,0.06200174,-0.5743345,0.0,0.04532023,0.9980323,0.04333055,0.0,-0.575891,-0.009340432,0.8174733,0.0,-1.318306,-1.645688,0.3684857,1.0,-0.8162693,0.04532022,-0.5758909,0.0,0.06200173,0.9980323,-0.009340433,0.0,-0.5743344,0.04333054,0.8174731,0.0,-0.762423,1.686229,-1.075799,1.0,1.0,1.0,0.1515418,0.06683964,0.9861884,-0.003287918,-0.001338615,-0.02047512,112.3,6883.0,0.175,0.104
25.0,0.2335727,0.09480664,0.9998947,0.07020056,0.04208246,0.9999303,0.1518875,0.06844504,0.9999126,-0.8161504,0.06189164,-0.5745154,0.0,0.04518404,0.9980386,0.04332916,0.0,-0.5760702,-0.00940419,0.8173461,0.0,-1.31818,-1.645856,0.3682681,1.0,-0.8161504,0.04518403,-0.5760702,0.0,0.06189163,0.9980385,-0.009404188,0.0,-0.5745154,0.04332916,0.8173461,0.0,-0.7623926,1.686231,-1.075845,1.0,1.0,1.0,0.1500018,0.06745012,0.9863822,-0.003284996,-0.001330719,-0.02047385,112.3111,6884.0,0.175,0.104
25.0,0.2339839,0.0943952,0.999888,0.06917313,0.04201503,0.9999277,0.1515796,0.06820578,0.9999079,-0.8160012,0.06108022,-0.5748144,0.0,0.04394465,0.9980789,0.04367323,0.0,-0.5763777,-0.01037739,0.8171177,0.0,-1.316363,-1.647542,0.3672129,1.0,-0.8160009,0.04394465,-0.5763775,0.0,0.06108021,0.9980789,-0.01037739,0.0,-0.5748142,0.04367323,0.8171175,0.0,-0.7624419,1.686187,-1.075875,1.0,1.0,1.0,0.1497084,0.06722279,0.9864423,-0.003279702,-0.001330719,-0.02047477,112.3333,6885.0,0.175,0.104
25.0,0.2306287,0.09391461,1.000021,0.06774938,0.04353812,1.000033,0.1491892,0.06872635,1.000026,-0.8159665,0.06103777,-0.574868,0.0,0.04387667,0.998081,0.0436948,0.0,-0.5764318,-0.0104302,0.8170787,0.0,-1.316286,-1.647523,0.367056,1.0,-0.8159664,0.04387667,-0.5764318,0.0,0.06103776,0.9980809,-0.0104302,0.0,-0.5748679,0.0436948,0.8170788,0.0,-0.7624755,1.686077,-1.075847,1.0,1.0,1.0,0.1474237,0.06773925,0.986751,-0.003277229,-0.001330719,-0.02047779,112.3444,6886.0,0.175,0.104
25.0,0.2306283,0.09372333,1.000035,0.06774729,0.04353698,1.000011,0.1491873,0.06862999,1.000023,-0.8160744,0.06129412,-0.5746875,0.0,0.04406278,0.9980646,0.04387949,0.0,-0.5762649,-0.0104866,0.8171958,0.0,-1.316522,-1.647334,0.3670028,1.0,-0.8160744,0.04406277,-0.5762647,0.0,0.06129412,0.9980647,-0.0104866,0.0,-0.5746875,0.04387949,0.8171957,0.0,-0.7624958,1.686052,-1.075853,1.0,1.0,1.0,0.1474232,0.06764661,0.9867575,-0.003277229,-0.001330719,-0.02047803,112.3556,6887.0,0.175,0.104
25.0,0.2297103,0.09301938,1.000145,0.06996438,0.04236808,1.000059,0.1498352,0.06769268,1.000102,-0.8163713,0.0631851,-0.5740607,0.0,0.04573808,0.9979485,0.04479704,0.0,-0.5757135,-0.01031458,0.8175864,0.0,-1.319118,-1.645454,0.366443,1.0,-0.8163711,0.04573807,-0.5757135,0.0,0.06318509,0.9979485,-0.01031458,0.0,-0.5740606,0.04479704,0.8175865,0.0,-0.7625609,1.685997,-1.076005,1.0,1.0,1.0,0.1480349,0.06673808,0.9867278,-0.003277352,-0.001335526,-0.02047191,112.3889,6888.0,0.175,0.104
25.0,0.2295015,0.09426192,0.9999837,0.06960288,0.04232574,0.9999723,0.1495519,0.06829355,0.9999781,-0.8165753,0.06408482,-0.5736707,0.0,0.04646891,0.9978907,0.04532963,0.0,-0.5753657,-0.0103572,0.8178308,0.0,-1.32022,-1.644631,0.3661628,1.0,-0.8165751,0.04646891,-0.5753655,0.0,0.06408482,0.9978908,-0.0103572,0.0,-0.5736706,0.04532963,0.8178307,0.0,-0.762606,1.685913,-1.076102,1.0,1.0,1.0,0.1477807,0.06733327,0.9867254,-0.00327896,-0.001341087,-0.02046675,112.4111,6889.0,0.175,0.104
25.0,0.2291836,0.0944369,0.9998837,0.07009506,0.0427242,0.9998673,0.149639,0.06858038,0.9998754,-0.8166895,0.06440748,-0.5734721,0.0,0.04662662,0.9978678,0.04567037,0.0,-0.5751909,-0.01055943,0.8179512,0.0,-1.320403,-1.644583,0.3660024,1.0,-0.8166893,0.04662662,-0.5751907,0.0,0.06440746,0.9978678,-0.01055944,0.0,-0.573472,0.04567036,0.817951,0.0,-0.7625436,1.685927,-1.076222,1.0,1.0,1.0,0.1478792,0.06762014,0.9866911,-0.003282295,-0.001345825,-0.02045841,112.4222,6890.0,0.175,0.104
25.0,0.2293119,0.09295804,0.9998282,0.0699957,0.04264339,0.9998359,0.149654,0.06780082,0.999832,-0.8167007,0.06432243,-0.5734655,0.0,0.04635474,0.9978695,0.04590937,0.0,-0.5751968,-0.01091136,0.8179424,0.0,-1.31999,-1.645034,0.3658001,1.0,-0.8167006,0.04635474,-0.5751967,0.0,0.06432243,0.9978695,-0.01091137,0.0,-0.5734655,0.04590937,0.8179423,0.0,-0.7624506,1.685924,-1.076407,1.0,1.0,1.0,0.1479076,0.06687278,0.9867377,-0.003282639,-0.001345825,-0.0204558,112.4445,6891.0,0.175,0.104
25.0,0.2302851,0.09256738,0.9999373,0.07000825,0.04229586,0.9999607,0.1501473,0.06743184,0.9999491,-0.8166715,0.06426761,-0.5735132,0.0,0.04612964,0.9978696,0.04613309,0.0,-0.5752562,-0.01121963,0.8178964,0.0,-1.319697,-1.645403,0.3653618,1.0,-0.8166714,0.04612964,-0.5752562,0.0,0.06426761,0.9978697,-0.01121963,0.0,-0.5735132,0.04613309,0.8178963,0.0,-0.7624727,1.68592,-1.076453,1.0,1.0,1.0,0.1483602,0.06650116,0.9866949,-0.003282639,-0.001342079,-0.02046231,112.4556,6892.0,0.175,0.104
25.0,0.2303099,0.09253993,0.9999825,0.07098305,0.04238228,1.000028,0.1506474,0.06746171,1.000005,-0.8164486,0.06415714,-0.5738431,0.0,0.04572459,0.9978708,0.04650882,0.0,-0.5756052,-0.01173331,0.8176438,0.0,-1.319331,-1.646008,0.3642004,1.0,-0.8164483,0.04572459,-0.575605,0.0,0.06415712,0.9978708,-0.01173331,0.0,-0.5738429,0.04650881,0.8176435,0.0,-0.7625685,1.685891,-1.076513,1.0,1.0,1.0,0.1488252,0.06652123,0.9866235,-0.003282639,-0.001342079,-0.02046231,112.4778,6893.0,0.175,0.104
25.0,0.2300978,0.09205587,0.9999526,0.07100376,0.04144131,0.99997,0.150551,0.0667487,0.9999614,-0.8164028,0.06412629,-0.5739115,0.0,0.04563629,0.9978716,0.04657897,0.0,-0.5756769,-0.01183601,0.8175917,0.0,-1.319278,-1.646144,0.3639951,1.0,-0.8164028,0.0456363,-0.5756769,0.0,0.06412629,0.9978717,-0.01183601,0.0,-0.5739114,0.04657897,0.8175915,0.0,-0.7625998,1.685893,-1.076561,1.0,1.0,1.0,0.1487467,0.06583472,0.9866815,-0.003282228,-0.00133786,-0.0204618,112.4889,6894.0,0.175,0.104
25.0,0.2319583,0.09126734,0.9998674,0.07016596,0.04209729,0.9999541,0.1510644,0.06668347,0.9999107,-0.8161504,0.06399895,-0.5742846,0.0,0.04531119,0.9978756,0.04680997,0.0,-0.5760603,-0.01218246,0.8173164,0.0,-1.318985,-1.646622,0.3630289,1.0,-0.8161504,0.04531119,-0.5760603,0.0,0.06399893,0.9978756,-0.01218246,0.0,-0.5742845,0.04680996,0.8173164,0.0,-0.7626265,1.685895,-1.076584,1.0,1.0,1.0,0.1492361,0.06576712,0.986612,-0.00327877,-0.001334908,-0.02046501,112.5,6895.0,0.175,0.104
25.0,0.2330235,0.09230055,1.000019,0.07007781,0.04247901,0.9999902,0.1515499,0.06738939,1.000005,-0.8162421,0.06348028,-0.5742116,0.0,0.04484156,0.9979076,0.04657845,0.0,-0.575967,-0.01227074,0.8173808,0.0,-1.318213,-1.647172,0.3635709,1.0,-0.8162422,0.04484157,-0.5759671,0.0,0.0634803,0.9979077,-0.01227075,0.0,-0.5742117,0.04657845,0.8173809,0.0,-0.7626512,1.685902,-1.076635,1.0,1.0,1.0,0.149672,0.06643169,0.9865014,-0.003276115,-0.001330292,-0.02046742,112.5111,6896.0,0.175,0.104
25.0,0.2333082,0.09605776,0.9999418,0.06867012,0.04385987,0.9999409,0.150989,0.06995876,0.9999413,-0.8162721,0.06304268,-0.5742175,0.0,0.04432842,0.997932,0.04654728,0.0,-0.5759645,-0.01254108,0.8173788,0.0,-1.317355,-1.647946,0.3636771,1.0,-0.8162719,0.04432842,-0.5759643,0.0,0.06304266,0.997932,-0.01254109,0.0,-0.5742173,0.04654726,0.8173784,0.0,-0.7625991,1.686006,-1.076678,1.0,1.0,1.0,0.1491249,0.06890972,0.9864143,-0.003276115,-0.001326416,-0.02047466,112.5333,6897.0,0.175,0.104
25.0,0.2335256,0.09631998,0.999929,0.068593,0.04587111,0.9998666,0.1510576,0.07109473,0.9998978,-0.816548,0.06255409,-0.5738787,0.0,0.04410659,0.9979662,0.0460232,0.0,-0.5755904,-0.01226832,0.8176463,0.0,-1.316842,-1.6482,0.3652876,1.0,-0.8165476,0.04410658,-0.5755903,0.0,0.06255409,0.9979662,-0.01226832,0.0,-0.5738785,0.04602319,0.8176461,0.0,-0.762532,1.686118,-1.076858,1.0,1.0,1.0,0.149184,0.07000186,0.9863285,-0.003276115,-0.0013237,-0.02048036,112.5556,6898.0,0.175,0.104
25.0,0.2348637,0.09556651,1.000128,0.06950369,0.04520031,1.000096,0.1521829,0.07038291,1.000112,-0.8165915,0.06280994,-0.5737885,0.0,0.04457279,0.9979554,0.04580738,0.0,-0.5754924,-0.01183056,0.8177215,0.0,-1.317838,-1.647517,0.3657237,1.0,-0.8165915,0.0445728,-0.5754924,0.0,0.06280993,0.9979554,-0.01183057,0.0,-0.5737885,0.04580739,0.8177215,0.0,-0.7628067,1.686135,-1.076957,1.0,1.0,1.0,0.1502216,0.06927789,0.9862221,-0.003276566,-0.001311279,-0.02049792,112.5667,6899.0,0.175,0.104
25.0,0.2345505,0.09630948,1.000068,0.06703171,0.0443502,1.000018,0.1507896,0.07032925,1.000043,-0.8169628,0.06326503,-0.5732099,0.0,0.0450984,0.9979291,0.04586505,0.0,-0.5749245,-0.01161918,0.8181242,0.0,-1.318496,-1.646913,0.3665447,1.0,-0.8169624,0.0450984,-0.5749243,0.0,0.06326502,0.9979292,-0.01161919,0.0,-0.5732097,0.04586504,0.8181239,0.0,-0.762863,1.686153,-1.07705,1.0,1.0,1.0,0.1489164,0.06923792,0.9864229,-0.003279389,-0.001304695,-0.02051198,112.5889,6900.0,0.175,0.104
25.0,0.2355505,0.0998119,0.9999899,0.06718948,0.04460416,0.9999874,0.1513698,0.07220791,0.9999886,-0.8169676,0.06309745,-0.5732212,0.0,0.04494128,0.9979393,0.04579708,0.0,-0.5749297,-0.01165343,0.8181199,0.0,-1.318314,-1.647059,0.3666615,1.0,-0.8169677,0.04494129,-0.5749297,0.0,0.06309745,0.9979392,-0.01165343,0.0,-0.5732213,0.04579708,0.8181198,0.0,-0.7629163,1.686119,-1.077105,1.0,1.0,1.0,0.1494527,0.07104086,0.9862135,-0.003279389,-0.001303505,-0.02051754,112.6,6901.0,0.175,0.104
25.0,0.2355403,0.09980657,0.9999386,0.06717226,0.04485407,0.9999683,0.151357,0.07233053,0.9999535,-0.816857,0.06292637,-0.5733979,0.0,0.04479317,0.9979501,0.04570608,0.0,-0.5750986,-0.01165101,0.8180013,0.0,-1.318229,-1.647217,0.3665748,1.0,-0.8168569,0.04479318,-0.5750985,0.0,0.06292637,0.9979503,-0.01165102,0.0,-0.5733978,0.04570608,0.818001,0.0,-0.7629576,1.686134,-1.077162,1.0,1.0,1.0,0.149444,0.07116161,0.9862062,-0.003279389,-0.001303505,-0.02051759,112.6111,6902.0,0.175,0.104
25.0,0.2337939,0.09606051,0.9999533,0.06779006,0.04495103,0.9999703,0.1507924,0.07050606,0.9999619,-0.8167348,0.06264631,-0.5736028,0.0,0.04452482,0.9979672,0.04559603,0.0,-0.5752932,-0.0117003,0.8178638,0.0,-1.317947,-1.647545,0.3665186,1.0,-0.8167344,0.04452481,-0.5752929,0.0,0.0626463,0.9979672,-0.0117003,0.0,-0.5736025,0.04559602,0.8178635,0.0,-0.7629643,1.686166,-1.077245,1.0,1.0,1.0,0.148928,0.06941195,0.9864089,-0.003279389,-0.001303505,-0.02051791,112.6333,6903.0,0.175,0.104
25.0,0.2339543,0.09634411,0.9998727,0.06722981,0.04475759,0.9999188,0.1505932,0.0705514,0.9998957,-0.8165603,0.06238246,-0.5738798,0.0,0.0443017,0.9979839,0.04544801,0.0,-0.5755579,-0.01168718,0.8176776,0.0,-1.317786,-1.647693,0.3664231,1.0,-0.81656,0.04430169,-0.5755579,0.0,0.06238245,0.9979839,-0.01168719,0.0,-0.5738797,0.045448,0.8176775,0.0,-0.762981,1.686098,-1.077335,1.0,1.0,1.0,0.1487464,0.06946275,0.9864326,-0.003277246,-0.001304298,-0.02051808,112.6444,6904.0,0.175,0.104
25.0,0.2382051,0.09573781,0.9999617,0.06797153,0.04495886,1.000009,0.1530895,0.07034899,0.9999853,-0.8161806,0.0622638,-0.5744326,0.0,0.0439815,0.9979873,0.04568273,0.0,-0.5761208,-0.01202095,0.8172764,0.0,-1.31772,-1.648021,0.3650757,1.0,-0.8161803,0.04398149,-0.5761206,0.0,0.06226379,0.9979873,-0.01202095,0.0,-0.5744324,0.04568272,0.8172761,0.0,-0.7631739,1.685982,-1.077344,1.0,1.0,1.0,0.1510812,0.06924344,0.9860932,-0.003262473,-0.001310501,-0.02050992,112.6667,6905.0,0.175,0.104
25.0,0.239454,0.09599497,0.9999003,0.06696662,0.04309873,1.000036,0.153214,0.06954872,0.9999682,-0.815607,0.062224,-0.5752509,0.0,0.04347382,0.9979806,0.04631162,0.0,-0.576971,-0.01276372,0.8166651,0.0,-1.317512,-1.648687,0.3625508,1.0,-0.8156068,0.04347382,-0.5769709,0.0,0.062224,0.9979807,-0.01276373,0.0,-0.5752509,0.04631162,0.8166649,0.0,-0.7634264,1.685845,-1.077292,1.0,1.0,1.0,0.1512053,0.06847537,0.9861279,-0.003257896,-0.00131205,-0.02050706,112.7,6906.0,0.175,0.104
25.0,0.2390911,0.09610991,0.9998298,0.06897002,0.04403768,0.9999222,0.1540331,0.07007489,0.9998761,-0.8152958,0.06212656,-0.5757023,0.0,0.04334749,0.9979862,0.0463094,0.0,-0.5774199,-0.01280061,0.8163469,0.0,-1.317595,-1.648793,0.3619083,1.0,-0.8152959,0.04334749,-0.5774199,0.0,0.06212656,0.9979862,-0.01280061,0.0,-0.5757023,0.0463094,0.816347,0.0,-0.7634445,1.685827,-1.077354,1.0,1.0,1.0,0.1519872,0.06898325,0.9859722,-0.003257896,-0.001315636,-0.02050343,112.7111,6907.0,0.175,0.104
25.0,0.2389503,0.09595232,0.9998912,0.06901813,0.04439943,0.9999109,0.1539847,0.07017609,0.9999011,-0.8152405,0.06225271,-0.5757671,0.0,0.04343183,0.997978,0.04640671,0.0,-0.5774918,-0.01282601,0.8162959,0.0,-1.317756,-1.648706,0.3617188,1.0,-0.8152404,0.04343182,-0.5774917,0.0,0.0622527,0.997978,-0.01282601,0.0,-0.5757669,0.0464067,0.8162956,0.0,-0.7633858,1.685819,-1.077409,1.0,1.0,1.0,0.1519376,0.06907918,0.9859732,-0.003257896,-0.001315521,-0.02049948,112.7222,6908.0,0.175,0.104
25.0,0.2396139,0.09691913,0.999943,0.06978554,0.04461086,0.9999655,0.1547003,0.07076521,0.9999541,-0.8151544,0.06225767,-0.5758883,0.0,0.04336838,0.9979764,0.04650167,0.0,-0.577618,-0.0129307,0.8162049,0.0,-1.31778,-1.648769,0.3614028,1.0,-0.8151544,0.04336837,-0.5776179,0.0,0.06225767,0.9979763,-0.0129307,0.0,-0.5758883,0.04650166,0.8162047,0.0,-0.7634184,1.685777,-1.077472,1.0,1.0,1.0,0.1525985,0.06963423,0.9858321,-0.003258058,-0.001314926,-0.02050343,112.7444,6909.0,0.175,0.104
25.0,0.2394595,0.09654783,0.999963,0.06952783,0.04461005,0.9999639,0.1544936,0.07057894,0.9999635,-0.815177,0.06217833,-0.5758652,0.0,0.04320931,0.9979791,0.04658981,0.0,-0.5775984,-0.01309619,0.8162162,0.0,-1.317543,-1.648983,0.3613179,1.0,-0.8151767,0.04320931,-0.5775981,0.0,0.06217832,0.9979791,-0.01309619,0.0,-0.575865,0.04658979,0.8162159,0.0,-0.7634287,1.685747,-1.077519,1.0,1.0,1.0,0.1524072,0.0694567,0.9858742,-0.0032612,-0.001314995,-0.02050311,112.7556,6910.0,0.175,0.104
25.0,0.2387344,0.09642804,0.9998771,0.06862798,0.04457131,0.9998972,0.1536818,0.07050006,0.9998871,-0.8151112,0.06240286,-0.5759339,0.0,0.04342677,0.997966,0.04666907,0.0,-0.5776747,-0.01302953,0.8161632,0.0,-1.318053,-1.648666,0.3609583,1.0,-0.815111,0.04342676,-0.5776746,0.0,0.06240286,0.9979659,-0.01302953,0.0,-0.5759338,0.04666906,0.816163,0.0,-0.76359,1.685706,-1.077488,1.0,1.0,1.0,0.151657,0.06939436,0.9859942,-0.003265747,-0.001315567,-0.02050276,112.7778,6911.0,0.175,0.104
25.0,0.2364073,0.09622254,1.000035,0.06971759,0.04270153,0.9999993,0.1530616,0.06946153,1.000017,-0.8152426,0.06239284,-0.5757486,0.0,0.04339948,0.9979659,0.04669541,0.0,-0.577491,-0.0130809,0.8162923,0.0,-1.317934,-1.648743,0.3612096,1.0,-0.8152427,0.04339948,-0.577491,0.0,0.06239283,0.9979659,-0.0130809,0.0,-0.5757486,0.04669541,0.8162922,0.0,-0.7636003,1.68572,-1.077514,1.0,1.0,1.0,0.1510706,0.06838188,0.9861549,-0.003275871,-0.001305046,-0.02051998,112.7889,6912.0,0.175,0.104
25.0,0.2361571,0.09656596,0.9999579,0.06864801,0.04270194,0.9999652,0.1524027,0.06963383,0.9999615,-0.8152075,0.06225284,-0.5758137,0.0,0.04328875,0.9979749,0.04660789,0.0,-0.577549,-0.01306884,0.8162514,0.0,-1.317813,-1.648918,0.361297,1.0,-0.8152074,0.04328874,-0.5775491,0.0,0.06225284,0.9979748,-0.01306884,0.0,-0.5758137,0.04660789,0.8162514,0.0,-0.7636016,1.685785,-1.07756,1.0,1.0,1.0,0.15046,0.06855369,0.9862364,-0.003282515,-0.001301209,-0.02052647,112.8,6913.0,0.175,0.104
25.0,0.2357898,0.09763683,0.9999422,0.06740808,0.04257163,0.9999543,0.1515993,0.07010452,0.9999483,-0.815115,0.06216167,-0.5759546,0.0,0.04341459,0.9979852,0.04626849,0.0,-0.5776703,-0.0127093,0.8161714,0.0,-1.318127,-1.648658,0.3617374,1.0,-0.8151149,0.04341459,-0.5776701,0.0,0.06216165,0.9979852,-0.0127093,0.0,-0.5759545,0.04626848,0.8161712,0.0,-0.763597,1.685825,-1.077635,1.0,1.0,1.0,0.1497002,0.06900562,0.9863204,-0.003288361,-0.001292954,-0.02055109,112.8222,6914.0,0.175,0.104
25.0,0.2358016,0.097642,1.0,0.06741264,0.0425732,1.0,0.1516071,0.07010754,1.0,-0.815115,0.06216167,-0.5759546,0.0,0.04341459,0.9979852,0.04626849,0.0,-0.5776703,-0.0127093,0.8161714,0.0,-1.318127,-1.648658,0.3617374,1.0,-0.8151149,0.04341459,-0.5776701,0.0,0.06216165,0.9979852,-0.0127093,0.0,-0.5759545,0.04626848,0.8161712,0.0,-0.763597,1.685825,-1.077635,1.0,1.0,1.0,0.1497002,0.06900562,0.9863204,-0.003288361,-0.001292954,-0.02055109,112.8333,6915.0,0.175,0.104
25.0,0.2375406,0.09707059,0.9998593,0.06732747,0.04163283,0.99985,0.1524338,0.06935142,0.9998547,-0.8151673,0.06120661,-0.5759828,0.0,0.04242234,0.9980394,0.04601755,0.0,-0.5776701,-0.01307747,0.8161657,0.0,-1.316548,-1.650001,0.3623105,1.0,-0.8151672,0.04242234,-0.57767,0.0,0.06120661,0.9980395,-0.01307746,0.0,-0.5759827,0.04601754,0.8161655,0.0,-0.7635309,1.685944,-1.077813,1.0,1.0,1.0,0.1505105,0.06827343,0.9862481,-0.003290732,-0.001287483,-0.02055952,112.8556,6916.0,0.175,0.104
25.0,0.2378449,0.09688008,0.9999864,0.06802276,0.04165925,0.9999733,0.1529335,0.06926956,0.9999799,-0.8152901,0.06057674,-0.5758758,0.0,0.04156016,0.9980696,0.04614924,0.0,-0.5775598,-0.01369152,0.8162339,0.0,-1.315067,-1.651196,0.3622731,1.0,-0.8152897,0.04156015,-0.5775595,0.0,0.06057673,0.9980696,-0.01369152,0.0,-0.5758756,0.04614923,0.8162335,0.0,-0.7635124,1.685944,-1.077837,1.0,1.0,1.0,0.1509645,0.06817945,0.9861852,-0.00329123,-0.001285507,-0.02056696,112.8667,6917.0,0.175,0.104
25.0,0.239154,0.09932458,1.000034,0.06799185,0.04144076,0.9999976,0.153572,0.07038211,1.000015,-0.8152982,0.05994571,-0.5759301,0.0,0.04078875,0.9981016,0.04614608,0.0,-0.5776029,-0.01413135,0.8161955,0.0,-1.313886,-1.652186,0.362161,1.0,-0.8152981,0.04078875,-0.577603,0.0,0.05994571,0.9981016,-0.01413135,0.0,-0.5759301,0.04614608,0.8161956,0.0,-0.7635883,1.685929,-1.077847,1.0,1.0,1.0,0.1515493,0.06923977,0.9860216,-0.003289352,-0.001285286,-0.02056734,112.8889,6918.0,0.175,0.104
25.0,0.2396923,0.1000616,1.00006,0.06902233,0.04116308,1.000031,0.1543565,0.0706118,1.000046,-0.8154285,0.06008236,-0.5757315,0.0,0.04083365,0.9980915,0.04632502,0.0,-0.577416,-0.01426552,0.8163257,0.0,-1.313866,-1.652242,0.3621279,1.0,-0.8154283,0.04083364,-0.5774159,0.0,0.06008235,0.9980915,-0.01426552,0.0,-0.5757314,0.04632502,0.8163254,0.0,-0.7636048,1.685963,-1.077832,1.0,1.0,1.0,0.1522825,0.06945111,0.9858938,-0.00328891,-0.001285027,-0.02056864,112.9,6919.0,0.175,0.104
25.0,0.2404852,0.1005528,0.9999756,0.0688442,0.04097825,0.9999881,0.1546649,0.07076588,0.9999818,-0.8153902,0.06061163,-0.5757301,0.0,0.04135638,0.9980617,0.04650192,0.0,-0.5774328,-0.0141071,0.8163165,0.0,-1.314772,-1.651612,0.361825,1.0,-0.8153902,0.04135639,-0.5774326,0.0,0.06061162,0.9980617,-0.0141071,0.0,-0.57573,0.04650192,0.8163162,0.0,-0.7636321,1.685959,-1.077855,1.0,1.0,1.0,0.1525803,0.0695968,0.9858375,-0.003288697,-0.001282509,-0.02057442,112.9111,6920.0,0.175,0.104
25.0,0.2393345,0.09757019,1.000005,0.06831846,0.04071075,1.0,0.1538263,0.06914049,1.000003,-0.8156035,0.06151441,-0.5753319,0.0,0.04228636,0.9980106,0.04676107,0.0,-0.5770639,-0.0138098,0.8165822,0.0,-1.316097,-1.650519,0.3620412,1.0,-0.8156035,0.04228636,-0.5770639,0.0,0.06151441,0.9980106,-0.0138098,0.0,-0.575332,0.04676107,0.8165822,0.0,-0.7635885,1.685959,-1.077901,1.0,1.0,1.0,0.1518024,0.06804053,0.9860662,-0.003289161,-0.00128215,-0.02057686,112.9333,6921.0,0.175,0.104
25.0,0.2409819,0.09722847,0.999981,0.06926772,0.04151033,0.999977,0.1551247,0.06936935,0.999979,-0.8156419,0.06181565,-0.5752454,0.0,0.04251312,0.9979915,0.04696432,0.0,-0.5769932,-0.01385058,0.8166317,0.0,-1.316438,-1.650344,0.3618387,1.0,-0.8156417,0.04251312,-0.5769931,0.0,0.06181564,0.9979915,-0.01385058,0.0,-0.5752453,0.04696432,0.8166314,0.0,-0.7635792,1.686002,-1.077923,1.0,1.0,1.0,0.1530252,0.06825221,0.9858625,-0.003285439,-0.001285034,-0.02057705,112.9445,6922.0,0.175,0.104
25.0,0.2410942,0.0975528,1.000008,0.06849065,0.0416794,0.9999981,0.154792,0.069616,1.000003,-0.8157446,0.06167252,-0.5751151,0.0,0.04245899,0.9980016,0.04679688,0.0,-0.5768518,-0.0137555,0.816733,0.0,-1.316114,-1.650427,0.3624977,1.0,-0.8157445,0.04245898,-0.5768518,0.0,0.06167252,0.9980017,-0.0137555,0.0,-0.575115,0.04679688,0.8167329,0.0,-0.7633494,1.686046,-1.077969,1.0,1.0,1.0,0.1527071,0.0684929,0.9858952,-0.003287369,-0.00128669,-0.02057621,112.9667,6923.0,0.175,0.104
25.0,0.2407562,0.09645106,1.000007,0.0684956,0.04170874,1.000049,0.1546271,0.06908045,1.000028,-0.8155705,0.06185295,-0.5753428,0.0,0.04273775,0.9979939,0.0467082,0.0,-0.5770776,-0.01350496,0.8165778,0.0,-1.316748,-1.649999,0.3622431,1.0,-0.8155702,0.04273775,-0.5770774,0.0,0.06185294,0.9979939,-0.01350497,0.0,-0.5753427,0.04670819,0.8165776,0.0,-0.7634291,1.686044,-1.077948,1.0,1.0,1.0,0.1525521,0.06798001,0.9859546,-0.00328624,-0.001288757,-0.02057596,112.9778,6924.0,0.175,0.104
25.0,0.2406349,0.09452651,0.9999166,0.06861371,0.04195412,0.9999793,0.1546259,0.06824091,0.9999479,-0.8153396,0.06163383,-0.5756933,0.0,0.04257034,0.9980082,0.04655566,0.0,-0.577416,-0.01345121,0.8163394,0.0,-1.316642,-1.650123,0.3619753,1.0,-0.8153395,0.04257034,-0.577416,0.0,0.06163382,0.9980082,-0.01345122,0.0,-0.5756932,0.04655566,0.8163393,0.0,-0.7634202,1.686034,-1.077941,1.0,1.0,1.0,0.1525718,0.06717962,0.9860064,-0.003285416,-0.001290283,-0.02056604,113.0,6925.0,0.175,0.104
25.0,0.236391,0.09790342,0.9996854,0.06685287,0.04475952,0.9998952,0.1516274,0.07133398,0.9997903,-0.8143625,0.06168626,-0.5770691,0.0,0.04228835,0.9979991,0.04700442,0.0,-0.578814,-0.01387533,0.8153417,0.0,-1.316726,-1.650546,0.3593751,1.0,-0.8143623,0.04228835,-0.5788139,0.0,0.06168626,0.9979992,-0.01387533,0.0,-0.577069,0.04700441,0.8153415,0.0,-0.7630919,1.686034,-1.078054,1.0,1.0,1.0,0.1496933,0.07020731,0.9862367,-0.003239632,-0.001300308,-0.02053424,113.0222,6926.0,0.175,0.104
25.0,0.229899,0.105619,1.0,0.06040487,0.0521786,0.999992,0.1451516,0.07889863,0.9999962,-0.8141139,0.06087216,-0.5775061,0.0,0.04158371,0.9980487,0.04657875,0.0,-0.5792146,-0.01390556,0.8150566,0.0,-1.315711,-1.651304,0.3594757,1.0,-0.8141138,0.0415837,-0.5792145,0.0,0.06087215,0.9980486,-0.01390556,0.0,-0.5775061,0.04657875,0.8150566,0.0,-0.7630208,1.68605,-1.078034,1.0,1.0,1.0,0.143452,0.07751864,0.9866167,-0.003233772,-0.001286179,-0.0205498,113.0444,6927.0,0.175,0.104
25.0,0.2308848,0.1054967,1.000036,0.05929434,0.0475379,1.000066,0.1450906,0.07651772,1.000051,-0.814021,0.06064839,-0.5776607,0.0,0.04132105,0.9980606,0.04655774,0.0,-0.5793641,-0.01402942,0.8149483,0.0,-1.315393,-1.651592,0.3592006,1.0,-0.8140207,0.04132104,-0.5793639,0.0,0.06064838,0.9980606,-0.01402943,0.0,-0.5776605,0.04655772,0.814948,0.0,-0.7630949,1.686019,-1.077992,1.0,1.0,1.0,0.1434171,0.07521871,0.9867997,-0.003241347,-0.00127916,-0.02056556,113.0556,6928.0,0.175,0.104
25.0,0.2309683,0.1049885,1.000094,0.06066823,0.04724572,1.00007,0.1458178,0.0761167,1.000082,-0.814132,0.06056006,-0.5775136,0.0,0.04133948,0.9980679,0.04638379,0.0,-0.5792068,-0.01388841,0.8150625,0.0,-1.315435,-1.651555,0.3596512,1.0,-0.8141317,0.04133948,-0.5792066,0.0,0.06056006,0.998068,-0.01388841,0.0,-0.5775135,0.04638379,0.8150623,0.0,-0.7632155,1.686061,-1.077984,1.0,1.0,1.0,0.1441065,0.07482374,0.9867293,-0.003242563,-0.001279305,-0.0205673,113.0778,6929.0,0.175,0.104
25.0,0.2304226,0.1043325,1.000085,0.0615983,0.04768667,1.000043,0.1460093,0.07600904,1.000064,-0.8142298,0.0606312,-0.5773678,0.0,0.04154995,0.998067,0.04621455,0.0,-0.5790538,-0.01363967,0.8151753,0.0,-1.315725,-1.651234,0.360146,1.0,-0.81423,0.04154996,-0.5790538,0.0,0.06063121,0.9980671,-0.01363967,0.0,-0.5773677,0.04621455,0.8151752,0.0,-0.76325,1.686067,-1.07798,1.0,1.0,1.0,0.1442942,0.07472119,0.9867096,-0.003244682,-0.001281098,-0.02056191,113.0889,6930.0,0.175,0.104
25.0,0.2305366,0.1046686,1.000064,0.06191018,0.04741692,1.00004,0.1462227,0.07604238,1.000052,-0.8143229,0.06105834,-0.5771916,0.0,0.04195309,0.998042,0.04638915,0.0,-0.5788939,-0.01356078,0.8152902,0.0,-1.3164,-1.650741,0.3600735,1.0,-0.8143228,0.04195309,-0.5788939,0.0,0.06105834,0.9980421,-0.01356078,0.0,-0.5771915,0.04638915,0.8152901,0.0,-0.763352,1.686033,-1.078006,1.0,1.0,1.0,0.1445005,0.07475446,0.9866769,-0.003247308,-0.001283478,-0.02055751,113.1,6931.0,0.175,0.104
25.0,0.2318707,0.1036315,1.000057,0.06136727,0.04708387,1.00003,0.1466181,0.07535726,1.000043,-0.8146825,0.06117458,-0.5766716,0.0,0.04227156,0.9980395,0.04615582,0.0,-0.5783646,-0.01322553,0.8156712,0.0,-1.316746,-1.650237,0.3612289,1.0,-0.8146824,0.04227155,-0.5783646,0.0,0.06117458,0.9980394,-0.01322553,0.0,-0.5766717,0.04615583,0.8156712,0.0,-0.7634664,1.685989,-1.078028,1.0,1.0,1.0,0.1448861,0.07409266,0.9866703,-0.003250405,-0.001283699,-0.02055751,113.1222,6932.0,0.175,0.104
25.0,0.2327572,0.1022827,1.000087,0.06139758,0.04675288,1.00004,0.147076,0.07451694,1.000064,-0.8148764,0.06124795,-0.57639,0.0,0.04225908,0.9980329,0.04630815,0.0,-0.5780925,-0.0133777,0.8158617,0.0,-1.316601,-1.650352,0.3613657,1.0,-0.8148761,0.04225907,-0.5780924,0.0,0.06124794,0.9980329,-0.0133777,0.0,-0.5763898,0.04630814,0.8158616,0.0,-0.7634982,1.68601,-1.078019,1.0,1.0,1.0,0.1453269,0.07327949,0.9866662,-0.00325174,-0.001284645,-0.02055579,113.1333,6933.0,0.175,0.104
25.0,0.2330642,0.1025228,1.000179,0.06173897,0.04631872,1.000155,0.1474012,0.07442031,1.000167,-0.8149405,0.06088811,-0.5763375,0.0,0.04195461,0.9980546,0.04611734,0.0,-0.5780243,-0.01340287,0.8159096,0.0,-1.316157,-1.650578,0.361638,1.0,-0.8149403,0.04195461,-0.5780242,0.0,0.0608881,0.9980546,-0.01340287,0.0,-0.5763375,0.04611734,0.8159094,0.0,-0.763663,1.685908,-1.077957,1.0,1.0,1.0,0.1456197,0.07317641,0.9866307,-0.00325016,-0.001284798,-0.02055354,113.1556,6934.0,0.175,0.104
25.0,0.2345505,0.1018466,1.000208,0.06215414,0.04600853,1.000202,0.148352,0.07392738,1.000205,-0.815033,0.05997463,-0.5763023,0.0,0.0411433,0.9981083,0.04568441,0.0,-0.5779521,-0.01352331,0.8159586,0.0,-1.314913,-1.651415,0.3621134,1.0,-0.8150328,0.04114329,-0.5779521,0.0,0.05997463,0.9981083,-0.01352332,0.0,-0.5763024,0.04568441,0.8159587,0.0,-0.7639676,1.685848,-1.077759,1.0,1.0,1.0,0.1465193,0.07269011,0.9865335,-0.003250054,-0.001284866,-0.02055267,113.1778,6935.0,0.175,0.104
25.0,0.2345907,0.09993815,0.9999372,0.06218395,0.04661514,0.9999999,0.148389,0.07327718,0.9999685,-0.8148376,0.0598751,-0.5765889,0.0,0.04098191,0.9981127,0.04573189,0.0,-0.578239,-0.01363434,0.8157536,0.0,-1.314839,-1.651601,0.3615701,1.0,-0.8148374,0.04098191,-0.5782389,0.0,0.05987509,0.9981127,-0.01363434,0.0,-0.5765889,0.04573189,0.8157535,0.0,-0.764013,1.685834,-1.077762,1.0,1.0,1.0,0.1465946,0.07208738,0.9865665,-0.003250054,-0.001290825,-0.02054663,113.1889,6936.0,0.175,0.104
1.0,-0.0856117,-0.2524568,1.000231,-0.2618558,-0.2925386,1.000204,-0.1737346,-0.2724983,1.000217,-0.8053306,0.06242139,-0.5895308,0.0,0.03754243,0.997815,0.05436686,0.0,-0.5916364,-0.02165086,0.8059144,0.0,-1.31863,-1.656698,0.3386745,1.0,-0.8053303,0.03754243,-0.5916361,0.0,0.06242137,0.9978151,-0.02165087,0.0,-0.5895306,0.05436685,0.805914,0.0,-0.7588605,1.68417,-1.088961,1.0,1.0,1.0,-0.1611123,-0.2522632,0.954152,-0.000921295,-0.001914536,-0.02323056,139.5111,8561.0,-0.175,-0.246
1.0,-0.08603656,-0.2547999,0.9999582,-0.2621156,-0.296487,0.9999276,-0.1740772,-0.2756437,0.9999429,-0.8053697,0.06235042,-0.5894846,0.0,0.03772807,0.9978281,0.05399626,0.0,-0.591571,-0.02124684,0.8059729,0.0,-1.318865,-1.656337,0.3393384,1.0,-0.8053697,0.03772806,-0.591571,0.0,0.06235042,0.9978281,-0.02124684,0.0,-0.5894846,0.05399626,0.8059729,0.0,-0.7588655,1.684175,-1.088892,1.0,1.0,1.0,-0.1613426,-0.2550556,0.9533705,-0.0009216303,-0.00191494,-0.02322899,139.5222,8562.0,-0.175,-0.246
1.0,-0.08594322,-0.252231,1.000046,-0.2624578,-0.2978242,1.000012,-0.1742014,-0.2750278,1.000029,-0.8053279,0.06246624,-0.5895295,0.0,0.03804155,0.9978288,0.0537627,0.0,-0.5916079,-0.02086999,0.8059558,0.0,-1.319496,-1.65582,0.3394011,1.0,-0.8053279,0.03804155,-0.5916078,0.0,0.06246624,0.9978288,-0.02086999,0.0,-0.5895295,0.0537627,0.8059557,0.0,-0.759107,1.684173,-1.088723,1.0,1.0,1.0,-0.1614674,-0.2544937,0.9534995,-0.0009212038,-0.001915878,-0.02322764,139.5444,8563.0,-0.175,-0.246
1.0,-0.08477914,-0.2517824,1.000002,-0.2624675,-0.2980701,0.9999889,-0.1736235,-0.2749265,0.9999955,-0.8053631,0.06254946,-0.5894726,0.0,0.03815527,0.9978251,0.05375072,0.0,-0.5915527,-0.02079736,0.8059982,0.0,-1.319658,-1.655739,0.3395003,1.0,-0.805363,0.03815527,-0.5915526,0.0,0.06254946,0.9978251,-0.02079736,0.0,-0.5894725,0.05375071,0.805998,0.0,-0.7591119,1.684242,-1.088719,1.0,1.0,1.0,-0.1609538,-0.2544338,0.9536023,-0.0009189993,-0.001917381,-0.02322746,139.5556,8564.0,-0.175,-0.246
1.0,-0.08503288,-0.2520829,1.000023,-0.2626406,-0.2996731,1.000011,-0.1738367,-0.2758783,1.000017,-0.8053874,0.0624794,-0.589447,0.0,0.03813981,0.9978309,0.05365464,0.0,-0.5915208,-0.02073137,0.8060234,0.0,-1.319577,-1.65572,0.3396592,1.0,-0.8053871,0.0381398,-0.5915206,0.0,0.06247939,0.9978309,-0.02073137,0.0,-0.5894468,0.05365463,0.8060231,0.0,-0.7591109,1.684232,-1.088655,1.0,1.0,1.0,-0.1611079,-0.2552488,0.9533584,-0.0009191204,-0.001918785,-0.02322718,139.5667,8565.0,-0.175,-0.246
1.0,-0.0846222,-0.2537946,1.000051,-0.2634252,-0.299874,1.000043,-0.174024,-0.2768343,1.000047,-0.8054308,0.06262187,-0.5893724,0.0,0.03822548,0.9978208,0.05378166,0.0,-0.5914559,-0.02078836,0.8060694,0.0,-1.319573,-1.655656,0.3395271,1.0,-0.8054308,0.03822548,-0.5914559,0.0,0.06262185,0.9978207,-0.02078836,0.0,-0.5893724,0.05378166,0.8060693,0.0,-0.7590368,1.684229,-1.08857,1.0,1.0,1.0,-0.1612372,-0.2560666,0.9531173,-0.0009180987,-0.001919213,-0.02322877,139.5889,8566.0,-0.175,-0.246
1.0,-0.08149266,-0.2557213,1.000143,-0.2643,-0.3014431,1.000103,-0.1728975,-0.2785826,1.000123,-0.8055571,0.0629639,-0.5891634,0.0,0.03848398,0.9977982,0.05401596,0.0,-0.5912672,-0.02083958,0.8062066,0.0,-1.319794,-1.655368,0.3392882,1.0,-0.805557,0.03848399,-0.591267,0.0,0.06296389,0.9977982,-0.02083958,0.0,-0.5891632,0.05401594,0.8062063,0.0,-0.759045,1.684187,-1.088385,1.0,1.0,1.0,-0.1601449,-0.2576106,0.9528853,-0.0009097364,-0.001921516,-0.02322972,139.6111,8567.0,-0.175,-0.246
1.0,-0.08098853,-0.2564414,1.000048,-0.2648876,-0.3026723,1.000053,-0.172938,-0.2795567,1.000051,-0.805541,0.06295116,-0.5891865,0.0,0.03846638,0.9977988,0.05401742,0.0,-0.5912901,-0.02084938,0.8061894,0.0,-1.31976,-1.655355,0.3392042,1.0,-0.8055411,0.03846639,-0.59129,0.0,0.06295116,0.9977988,-0.02084938,0.0,-0.5891865,0.05401742,0.8061894,0.0,-0.7590597,1.684154,-1.088337,1.0,1.0,1.0,-0.1601573,-0.2584717,0.95265,-0.0009065242,-0.001922707,-0.02322958,139.6222,8568.0,-0.175,-0.246
1.0,-0.08267665,-0.2581057,0.9999845,-0.2649837,-0.3040052,0.999948,-0.1738312,-0.2810559,0.9999662,-0.8056833,0.06292435,-0.5889952,0.0,0.03836392,0.9977972,0.05412027,0.0,-0.5911031,-0.02100763,0.8063226,0.0,-1.319414,-1.655574,0.3393467,1.0,-0.8056831,0.03836391,-0.591103,0.0,0.06292434,0.9977972,-0.02100763,0.0,-0.5889949,0.05412026,0.8063222,0.0,-0.7589802,1.684179,-1.088312,1.0,1.0,1.0,-0.1609215,-0.2597567,0.9521716,-0.0009064255,-0.001924149,-0.02322907,139.6333,8569.0,-0.175,-0.246
1.0,-0.08261418,-0.2565175,1.000099,-0.2646897,-0.3042702,1.000066,-0.173653,-0.2803941,1.000082,-0.8058213,0.0631201,-0.5887851,0.0,0.03840684,0.9977802,0.05440175,0.0,-0.5909119,-0.02122472,0.8064568,0.0,-1.319364,-1.655527,0.3390116,1.0,-0.8058214,0.03840684,-0.5909119,0.0,0.0631201,0.9977803,-0.02122472,0.0,-0.5887849,0.05440175,0.8064568,0.0,-0.7590696,1.684082,-1.088164,1.0,1.0,1.0,-0.1607691,-0.2591617,0.9523594,-0.0009063492,-0.001924851,-0.02322913,139.6556,8570.0,-0.175,-0.246
1.0,-0.08262217,-0.2577058,1.000028,-0.2646537,-0.3044343,1.000006,-0.1736388,-0.2810704,1.000017,-0.8058734,0.06328115,-0.5886965,0.0,0.03863194,0.9977732,0.0543706,0.0,-0.5908263,-0.02107333,0.8065236,0.0,-1.319677,-1.655208,0.3391597,1.0,-0.8058733,0.03863194,-0.5908262,0.0,0.06328114,0.9977732,-0.02107333,0.0,-0.5886965,0.0543706,0.8065236,0.0,-0.7590873,1.684064,-1.088121,1.0,1.0,1.0,-0.1607394,-0.2597634,0.9522005,-0.0009062337,-0.001925804,-0.02322954,139.6667,8571.0,-0.175,-0.246
1.0,-0.08308879,-0.2575895,0.9999871,-0.2652459,-0.3051642,0.9999466,-0.1741685,-0.2813773,0.9999667,-0.8062346,0.06323322,-0.5882071,0.0,0.03871422,0.9977794,0.05419872,0.0,-0.590328,-0.02092491,0.8068923,0.0,-1.319527,-1.655104,0.3401507,1.0,-0.8062344,0.03871421,-0.5903279,0.0,0.06323322,0.9977794,-0.02092491,0.0,-0.5882069,0.05419872,0.8068922,0.0,-0.7591118,1.684078,-1.088052,1.0,1.0,1.0,-0.161215,-0.2600178,0.9520507,-0.0009060903,-0.001929565,-0.0232288,139.6889,8572.0,-0.175,-0.246
1.0,-0.08354455,-0.2577886,0.9999092,-0.2652025,-0.305335,0.9998716,-0.1743745,-0.2815622,0.9998904,-0.8063253,0.06348296,-0.5880556,0.0,0.03907554,0.9977688,0.05413386,0.0,-0.5901802,-0.02067092,0.807007,0.0,-1.320005,-1.654685,0.3405597,1.0,-0.8063253,0.03907553,-0.5901801,0.0,0.06348296,0.9977688,-0.02067091,0.0,-0.5880556,0.05413385,0.8070068,0.0,-0.759041,1.684137,-1.088078,1.0,1.0,1.0,-0.1614054,-0.2601879,0.9519719,-0.0009065941,-0.001929565,-0.02322811,139.7,8573.0,-0.175,-0.246
1.0,-0.08371878,-0.2572477,0.9999856,-0.2646347,-0.3054517,0.9999547,-0.1741779,-0.28135,0.9999701,-0.8064207,0.06375961,-0.587895,0.0,0.03936778,0.9977533,0.05420929,0.0,-0.5900305,-0.02057137,0.8071189,0.0,-1.320398,-1.654396,0.3406962,1.0,-0.8064206,0.03936778,-0.5900305,0.0,0.06375962,0.9977533,-0.02057138,0.0,-0.587895,0.05420929,0.8071189,0.0,-0.7590187,1.684191,-1.088091,1.0,1.0,1.0,-0.1612237,-0.2599922,0.9520562,-0.0009063194,-0.001930351,-0.02322775,139.7111,8574.0,-0.175,-0.246
1.0,-0.08382615,-0.2568803,1.000012,-0.2631882,-0.3079208,1.000015,-0.173507,-0.2824004,1.000013,-0.8063942,0.06384377,-0.587922,0.0,0.03951075,0.9977505,0.054155,0.0,-0.5900569,-0.02044104,0.8071028,0.0,-1.320652,-1.654148,0.3407256,1.0,-0.8063943,0.03951075,-0.590057,0.0,0.06384377,0.9977505,-0.02044104,0.0,-0.587922,0.054155,0.8071029,0.0,-0.7590391,1.684155,-1.088073,1.0,1.0,1.0,-0.1605691,-0.2609184,0.9519134,-0.000906243,-0.001931221,-0.02322814,139.7222,8575.0,-0.175,-0.246
1.0,-0.08415437,-0.2561921,1.000036,-0.2627288,-0.3030503,1.000003,-0.1734425,-0.2796215,1.00002,-0.8064886,0.06389404,-0.5877875,0.0,0.0395301,0.9977463,0.05421939,0.0,-0.5899271,-0.02049201,0.8071967,0.0,-1.320575,-1.654147,0.3406672,1.0,-0.8064882,0.03953009,-0.5899268,0.0,0.06389402,0.9977462,-0.02049201,0.0,-0.5877872,0.05421937,0.8071963,0.0,-0.7590988,1.68415,-1.087925,1.0,1.0,1.0,-0.160618,-0.2585071,0.9525627,-0.0009058462,-0.001932488,-0.02322872,139.7556,8576.0,-0.175,-0.246
1.0,-0.08495584,-0.2560212,1.000074,-0.261989,-0.303192,1.000092,-0.1734719,-0.2796063,1.000082,-0.806476,0.06361052,-0.5878354,0.0,0.03908635,0.997757,0.05434455,0.0,-0.5899738,-0.02085123,0.8071533,0.0,-1.319849,-1.654762,0.3403369,1.0,-0.8064757,0.03908635,-0.5899735,0.0,0.06361052,0.997757,-0.02085123,0.0,-0.5878352,0.05434453,0.807153,0.0,-0.7591037,1.684143,-1.087884,1.0,1.0,1.0,-0.1606366,-0.2584777,0.9525677,-0.0009052968,-0.001932915,-0.02322822,139.7667,8577.0,-0.175,-0.246
1.0,-0.08466387,-0.2559281,0.9998685,-0.2621801,-0.3073183,0.999884,-0.1734215,-0.2816229,0.9998762,-0.8064177,0.06350341,-0.5879269,0.0,0.03899757,0.9977639,0.0542807,0.0,-0.5900592,-0.02084519,0.807091,0.0,-1.319603,-1.654869,0.3404309,1.0,-0.8064175,0.03899757,-0.5900591,0.0,0.0635034,0.997764,-0.02084519,0.0,-0.5879266,0.05428069,0.8070907,0.0,-0.758913,1.684151,-1.087898,1.0,1.0,1.0,-0.1605446,-0.2602754,0.9520935,-0.0009027338,-0.001935593,-0.02322878,139.7778,8578.0,-0.175,-0.246
1.0,-0.08482277,-0.2556866,1.000047,-0.2618765,-0.3088362,1.000072,-0.1733489,-0.282261,1.000059,-0.8061107,0.06385891,-0.5883093,0.0,0.03941037,0.9977466,0.05430119,0.0,-0.5904513,-0.02058728,0.8068109,0.0,-1.320434,-1.654237,0.3397194,1.0,-0.8061103,0.03941036,-0.5904511,0.0,0.0638589,0.9977466,-0.02058728,0.0,-0.5883092,0.05430119,0.8068107,0.0,-0.7589179,1.684101,-1.087797,1.0,1.0,1.0,-0.1604284,-0.2607891,0.9519726,-0.0009023445,-0.001936134,-0.02322853,139.8,8579.0,-0.175,-0.246
1.0,-0.08473733,-0.2551961,0.9999973,-0.2618109,-0.3088171,1.000023,-0.1732734,-0.2820063,1.00001,-0.8059835,0.06406847,-0.5884609,0.0,0.03974166,0.9977391,0.05419648,0.0,-0.5906027,-0.02029506,0.8067075,0.0,-1.321027,-1.653763,0.3396581,1.0,-0.8059832,0.03974165,-0.5906025,0.0,0.06406846,0.9977391,-0.02029506,0.0,-0.5884606,0.05419647,0.8067071,0.0,-0.7588964,1.684116,-1.08777,1.0,1.0,1.0,-0.1603784,-0.260581,0.952038,-0.0009008562,-0.001937462,-0.02322831,139.8111,8580.0,-0.175,-0.246
1.0,-0.08508357,-0.2546245,1.000055,-0.261996,-0.308266,1.000071,-0.1735394,-0.281445,1.000063,-0.8059196,0.0642243,-0.588531,0.0,0.03992719,0.9977313,0.05420357,0.0,-0.590677,-0.02018533,0.8066555,0.0,-1.321368,-1.653485,0.3394895,1.0,-0.8059196,0.0399272,-0.590677,0.0,0.0642243,0.9977313,-0.02018533,0.0,-0.588531,0.05420357,0.8066556,0.0,-0.7589226,1.684091,-1.087729,1.0,1.0,1.0,-0.160636,-0.2600683,0.9521347,-0.0008981628,-0.001940659,-0.02322864,139.8222,8581.0,-0.175,-0.246
