flag,xl,yl,zl,xr,yr,zr,xc,yc,zc,mat_00,mat_10,mat_20,mat_30,mat_01,mat_11,mat_21,mat_31,mat_02,mat_12,mat_22,mat_32,mat_03,mat_13,mat_23,mat_33,ctw_00,ctw_10,ctw_20,ctw_30,ctw_01,ctw_11,ctw_21,ctw_31,ctw_02,ctw_12,ctw_22,ctw_32,ctw_03,ctw_13,ctw_23,ctw_33,opennessl,opennessr,ray_x,ray_y,ray_z,eye_x,eye_y,eye_z,time,frame,u,v
25.0,0.1909638,0.1506128,0.9999442,0.1286848,0.1237275,0.9999403,0.1598244,0.1371703,0.9999421,0.1424567,-0.05084345,-0.9884943,0.0,0.03248504,0.998382,-0.04667045,0.0,-0.9892679,0.02546276,-0.1438778,0.0,-0.7746295,-1.538159,-0.8987204,1.0,0.1424566,0.03248503,-0.9892676,0.0,-0.05084345,0.998382,0.02546276,0.0,-0.9884943,-0.04667045,-0.1438778,0.0,-0.8562343,1.518891,-0.856456,1.0,1.0,1.0,0.1518212,0.1296509,0.9798678,0.0005246894,0.00113266,-0.02819145,55.53333,3465.0,0.175,0.104
25.0,0.1903607,0.1498985,0.9998941,0.1282296,0.1233865,0.9998983,0.1592952,0.1366426,0.9998962,0.1423831,-0.05053584,-0.9885207,0.0,0.03253981,0.998395,-0.04635371,0.0,-0.9892766,0.0255663,-0.1437989,0.0,-0.7747412,-1.537786,-0.8990849,1.0,0.1423831,0.03253981,-0.9892766,0.0,-0.05053583,0.998395,0.0255663,0.0,-0.9885206,-0.04635371,-0.143799,0.0,-0.8561673,1.518852,-0.8564054,1.0,1.0,1.0,0.1513406,0.1291621,0.9800067,0.0005240552,0.001138519,-0.0282262,55.54445,3466.0,0.175,0.104
25.0,0.1904646,0.1507393,0.9998982,0.1273267,0.1216383,0.999918,0.1588956,0.136189,0.9999082,0.1426843,-0.05015312,-0.9884968,0.0,0.03266916,0.9984098,-0.04594045,0.0,-0.989229,0.02573837,-0.1440959,0.0,-0.7745709,-1.537326,-0.899904,1.0,0.1426843,0.03266916,-0.989229,0.0,-0.05015311,0.9984099,0.02573838,0.0,-0.9884966,-0.04594046,-0.1440959,0.0,-0.8561347,1.518844,-0.8563322,1.0,1.0,1.0,0.1509776,0.1287429,0.9801178,0.0005200729,0.001137749,-0.02823552,55.56667,3467.0,0.175,0.104
25.0,0.1901691,0.1505564,0.9999196,0.1270139,0.119725,0.9999337,0.1585914,0.1351411,0.9999266,0.1428044,-0.04995119,-0.9884897,0.0,0.0326931,0.9984187,-0.04572985,0.0,-0.9892109,0.02578636,-0.1442117,0.0,-0.7744558,-1.537093,-0.9002907,1.0,0.1428045,0.03269309,-0.9892107,0.0,-0.04995118,0.9984187,0.02578636,0.0,-0.9884896,-0.04572985,-0.1442117,0.0,-0.8561119,1.518812,-0.8562964,1.0,1.0,1.0,0.1507121,0.1277636,0.9802869,0.0005189357,0.001137589,-0.02823552,55.57778,3468.0,0.175,0.104
25.0,0.1896535,0.1504436,0.9998997,0.1272626,0.1200503,0.9999214,0.1584581,0.1352471,0.9999105,0.1431681,-0.04986062,-0.9884417,0.0,0.03276294,0.9984215,-0.04561859,0.0,-0.989156,0.02585312,-0.1445757,0.0,-0.7740514,-1.536894,-0.9008159,1.0,0.1431681,0.03276293,-0.9891559,0.0,-0.04986061,0.9984214,0.02585312,0.0,-0.9884415,-0.04561858,-0.1445757,0.0,-0.8562149,1.518734,-0.8561601,1.0,1.0,1.0,0.1505885,0.1278684,0.9802923,0.0005184328,0.001136658,-0.02823552,55.6,3469.0,0.175,0.104
25.0,0.1898043,0.1505627,0.999788,0.1271169,0.1194675,0.9997948,0.1584605,0.1350151,0.9997913,0.1432491,-0.04979027,-0.9884334,0.0,0.03269847,0.9984266,-0.04555481,0.0,-0.9891464,0.02579457,-0.1446518,0.0,-0.7738827,-1.536942,-0.9007828,1.0,0.1432491,0.03269846,-0.9891462,0.0,-0.04979026,0.9984265,0.02579457,0.0,-0.9884334,-0.04555481,-0.1446518,0.0,-0.8560306,1.518793,-0.8561382,1.0,1.0,1.0,0.150613,0.1276652,0.980315,0.0005173571,0.001136551,-0.02823509,55.61111,3470.0,0.175,0.104
25.0,0.1899204,0.1507867,0.9997439,0.1268822,0.1195385,0.9997601,0.1584013,0.1351628,0.9997519,0.1433911,-0.04955108,-0.988425,0.0,0.0326459,0.9984391,-0.04531715,0.0,-0.9891276,0.02576994,-0.1447849,0.0,-0.77373,-1.536833,-0.9010563,1.0,0.1433911,0.0326459,-0.9891275,0.0,-0.04955107,0.9984391,0.02576994,0.0,-0.9884248,-0.04531715,-0.1447849,0.0,-0.8558322,1.51886,-0.8561729,1.0,1.0,1.0,0.1505596,0.1278106,0.9803041,0.0005183714,0.001135574,-0.0282345,55.62222,3471.0,0.175,0.104
25.0,0.1897991,0.1498578,0.999836,0.1268858,0.1182387,0.9998392,0.1583424,0.1340482,0.9998375,0.1435168,-0.04958694,-0.9884049,0.0,0.03266388,0.9984371,-0.04534744,0.0,-0.9891088,0.02577701,-0.1449122,0.0,-0.7736582,-1.536868,-0.9009329,1.0,0.1435168,0.03266387,-0.9891086,0.0,-0.04958694,0.9984371,0.02577701,0.0,-0.9884047,-0.04534744,-0.1449122,0.0,-0.855662,1.518882,-0.8561723,1.0,1.0,1.0,0.1505145,0.1267588,0.9804476,0.0005184319,0.001133217,-0.02822461,55.64445,3472.0,0.175,0.104
25.0,0.1902248,0.1488334,0.999974,0.1271724,0.1176432,0.9999761,0.1586985,0.1332383,0.999975,0.1436421,-0.04977799,-0.9883771,0.0,0.03270037,0.9984275,-0.04553178,0.0,-0.9890894,0.02578001,-0.145044,0.0,-0.7736617,-1.537024,-0.900712,1.0,0.1436421,0.03270036,-0.9890892,0.0,-0.04977798,0.9984276,0.02578001,0.0,-0.9883769,-0.04553179,-0.1450439,0.0,-0.8556226,1.518895,-0.8562387,1.0,1.0,1.0,0.1508423,0.1259791,0.9804978,0.0005189516,0.001131706,-0.02821503,55.65556,3473.0,0.175,0.104
25.0,0.1905043,0.1488057,0.9999845,0.127726,0.1176376,0.9999858,0.1591149,0.1332214,0.9999851,0.1435788,-0.04984481,-0.9883828,0.0,0.03283282,0.9984209,-0.04558152,0.0,-0.9890941,0.02590685,-0.1449887,0.0,-0.7739236,-1.536969,-0.9005628,1.0,0.1435788,0.03283281,-0.989094,0.0,-0.04984481,0.998421,0.02590685,0.0,-0.9883828,-0.04558153,-0.1449886,0.0,-0.8555916,1.518903,-0.8562366,1.0,1.0,1.0,0.1512305,0.1259554,0.980441,0.0005182642,0.001130913,-0.02821252,55.67778,3474.0,0.175,0.104
25.0,0.190488,0.1486763,0.9999983,0.1283996,0.117812,0.9999937,0.1594437,0.1332442,0.9999961,0.1436028,-0.0500531,-0.9883689,0.0,0.0328771,0.9984102,-0.04578481,0.0,-0.9890893,0.02591987,-0.1450201,0.0,-0.7739633,-1.537126,-0.900242,1.0,0.1436028,0.0328771,-0.9890891,0.0,-0.0500531,0.9984102,0.02591988,0.0,-0.9883687,-0.04578481,-0.1450201,0.0,-0.8555656,1.51891,-0.8562297,1.0,1.0,1.0,0.1515354,0.1259698,0.980392,0.0005180659,0.001130516,-0.02821078,55.68889,3475.0,0.175,0.104
25.0,0.1906522,0.1485496,1.000023,0.1275843,0.117866,1.000022,0.1591181,0.1332078,1.000023,0.1436311,-0.05058755,-0.9883375,0.0,0.03306058,0.9983805,-0.04629704,0.0,-0.9890789,0.02602532,-0.145071,0.0,-0.7741808,-1.53745,-0.89951,1.0,0.1436311,0.03306059,-0.9890791,0.0,-0.05058755,0.9983804,0.02602532,0.0,-0.9883374,-0.04629703,-0.145071,0.0,-0.8555987,1.51891,-0.8562061,1.0,1.0,1.0,0.1512312,0.1259394,0.9804429,0.00051603,0.001129997,-0.02820715,55.71111,3476.0,0.175,0.104
25.0,0.1912896,0.1490484,1.000052,0.1270261,0.1187293,1.000047,0.1591577,0.1338887,1.000049,0.1436653,-0.05085371,-0.988319,0.0,0.03319813,0.9983644,-0.04654481,0.0,-0.9890694,0.02612347,-0.1451185,0.0,-0.7743569,-1.537611,-0.8991809,1.0,0.1436653,0.03319813,-0.9890694,0.0,-0.0508537,0.9983644,0.02612347,0.0,-0.9883189,-0.04654481,-0.1451186,0.0,-0.8556224,1.518951,-0.8562129,1.0,1.0,1.0,0.1512544,0.1265795,0.9803569,0.0005146172,0.001125923,-0.02819657,55.72223,3477.0,0.175,0.104
25.0,0.1914736,0.1492924,1.000045,0.1268567,0.1184039,1.000044,0.1591651,0.1338484,1.000044,0.1438415,-0.05125518,-0.9882725,0.0,0.03326572,0.9983438,-0.04693574,0.0,-0.9890415,0.02612429,-0.1453083,0.0,-0.7742583,-1.537927,-0.8987297,1.0,0.1438415,0.03326572,-0.9890414,0.0,-0.05125518,0.9983438,0.02612429,0.0,-0.9882725,-0.04693574,-0.1453083,0.0,-0.8556461,1.518953,-0.8561891,1.0,1.0,1.0,0.1512643,0.1265443,0.98036,0.0005137324,0.001124306,-0.0281917,55.73333,3478.0,0.175,0.104
25.0,0.1915207,0.1490028,0.999974,0.1272283,0.1189324,0.9999741,0.1593745,0.1339677,0.9999741,0.1438645,-0.05143953,-0.9882596,0.0,0.03333753,0.9983332,-0.04711081,0.0,-0.9890358,0.02616856,-0.1453395,0.0,-0.7741596,-1.538092,-0.8983693,1.0,0.1438645,0.03333753,-0.9890357,0.0,-0.05143953,0.9983332,0.02616856,0.0,-0.9882595,-0.0471108,-0.1453395,0.0,-0.8555666,1.519014,-0.8559903,1.0,1.0,1.0,0.1514684,0.126663,0.9803131,0.0005131382,0.001122162,-0.02818746,55.75556,3479.0,0.175,0.104
25.0,0.1929676,0.1500828,1.000018,0.1272746,0.1184675,1.000011,0.1601211,0.134275,1.000014,0.1438037,-0.0515683,-0.9882618,0.0,0.03353475,0.9983218,-0.04721354,0.0,-0.9890379,0.02635163,-0.1452916,0.0,-0.7744628,-1.538036,-0.8981665,1.0,0.1438036,0.03353475,-0.9890379,0.0,-0.05156829,0.9983217,0.02635163,0.0,-0.9882617,-0.04721353,-0.1452916,0.0,-0.8555669,1.51902,-0.8559393,1.0,1.0,1.0,0.1521517,0.1269366,0.9801719,0.0005140835,0.001118477,-0.0281847,55.76667,3480.0,0.175,0.104
25.0,0.1933877,0.1504983,1.000021,0.1284259,0.1178739,1.000024,0.160907,0.1341862,1.000023,0.1440209,-0.05191758,-0.9882119,0.0,0.03394654,0.9982942,-0.04749995,0.0,-0.9889923,0.02670539,-0.1455376,0.0,-0.7747798,-1.538026,-0.8979044,1.0,0.1440209,0.03394654,-0.9889922,0.0,-0.05191758,0.9982942,0.02670539,0.0,-0.9882117,-0.04749995,-0.1455376,0.0,-0.8555859,1.519053,-0.8558565,1.0,1.0,1.0,0.1528839,0.1268397,0.9800705,0.0005141757,0.001116783,-0.02818338,55.78889,3481.0,0.175,0.104
25.0,0.1938631,0.1503272,1.000033,0.128796,0.117587,1.000029,0.1613295,0.133957,1.000031,0.1439995,-0.05205583,-0.9882077,0.0,0.03417177,0.9982815,-0.04760705,0.0,-0.9889877,0.02691341,-0.1455308,0.0,-0.7751167,-1.537968,-0.8977471,1.0,0.1439994,0.03417176,-0.9889875,0.0,-0.05205582,0.9982814,0.02691341,0.0,-0.9882076,-0.04760705,-0.1455308,0.0,-0.8556043,1.519073,-0.8558387,1.0,1.0,1.0,0.1532804,0.1266185,0.9800372,0.0005145269,0.001114525,-0.02818009,55.8,3482.0,0.175,0.104
25.0,0.1920623,0.1486603,1.000009,0.1293703,0.1189896,1.000002,0.1607164,0.1338249,1.000006,0.1439225,-0.05209205,-0.9882171,0.0,0.03409909,0.9982816,-0.04765644,0.0,-0.9890015,0.02683846,-0.1454515,0.0,-0.7750514,-1.538086,-0.8975984,1.0,0.1439225,0.03409909,-0.9890012,0.0,-0.05209204,0.9982816,0.02683847,0.0,-0.9882169,-0.04765645,-0.1454514,0.0,-0.8555965,1.519095,-0.8558039,1.0,1.0,1.0,0.1527163,0.1265147,0.9801387,0.0005142204,0.001108665,-0.0281781,55.81111,3483.0,0.175,0.104
25.0,0.1937595,0.1500217,1.000037,0.1296249,0.1163439,1.000051,0.1616922,0.133183,1.000044,0.1443952,-0.05229577,-0.9881372,0.0,0.03397172,0.9982758,-0.0478681,0.0,-0.9889367,0.0266568,-0.1459228,0.0,-0.7743022,-1.538386,-0.8976703,1.0,0.1443952,0.03397173,-0.9889368,0.0,-0.05229577,0.9982758,0.0266568,0.0,-0.9881372,-0.0478681,-0.1459229,0.0,-0.855667,1.519068,-0.8557181,1.0,1.0,1.0,0.1536311,0.1258959,0.9800754,0.0005142288,0.00110244,-0.02817659,55.83334,3484.0,0.175,0.104
25.0,0.1937834,0.1490969,1.000012,0.1305539,0.1155312,1.000021,0.1621688,0.1323142,1.000016,0.144607,-0.05240138,-0.9881008,0.0,0.03386739,0.9982737,-0.04798444,0.0,-0.9889095,0.02652549,-0.1461321,0.0,-0.773903,-1.538602,-0.8976747,1.0,0.144607,0.03386737,-0.9889094,0.0,-0.05240137,0.9982737,0.0265255,0.0,-0.9881005,-0.04798444,-0.1461321,0.0,-0.855706,1.519081,-0.8556869,1.0,1.0,1.0,0.1540952,0.125078,0.9801072,0.0005134502,0.001099579,-0.0281758,55.84444,3485.0,0.175,0.104
25.0,0.1938466,0.1501301,1.000165,0.1297568,0.1120606,1.000157,0.1618017,0.1310953,1.000161,0.144416,-0.0526035,-0.9881179,0.0,0.03371203,0.9982678,-0.04821675,0.0,-0.9889427,0.02634819,-0.1459392,0.0,-0.7736833,-1.538922,-0.8973125,1.0,0.144416,0.03371203,-0.9889425,0.0,-0.0526035,0.9982678,0.02634819,0.0,-0.9881178,-0.04821675,-0.1459392,0.0,-0.855871,1.519074,-0.8555336,1.0,1.0,1.0,0.1537584,0.1239268,0.9803063,0.0005098497,0.001096855,-0.02817538,55.86667,3486.0,0.175,0.104
25.0,0.1932305,0.1502232,0.99999,0.1301399,0.112065,0.9999986,0.1616852,0.1311444,0.9999945,0.1445763,-0.05261309,-0.988094,0.0,0.03358632,0.9982709,-0.0482407,0.0,-0.9889235,0.02621197,-0.1460934,0.0,-0.7732806,-1.53906,-0.8974031,1.0,0.1445762,0.03358631,-0.9889234,0.0,-0.05261309,0.9982709,0.02621197,0.0,-0.9880938,-0.0482407,-0.1460933,0.0,-0.8558951,1.519079,-0.855478,1.0,1.0,1.0,0.1536735,0.1239952,0.9803109,0.0005092928,0.001095749,-0.02817517,55.87778,3487.0,0.175,0.104
25.0,0.1932124,0.1507491,1.000021,0.127573,0.1106837,1.00001,0.1603927,0.1307162,1.000015,0.144469,-0.05302481,-0.9880876,0.0,0.03346886,0.9982537,-0.04867686,0.0,-0.9889432,0.02603787,-0.1459914,0.0,-0.7731191,-1.539531,-0.8966816,1.0,0.144469,0.03346886,-0.9889431,0.0,-0.05302481,0.9982536,0.02603787,0.0,-0.9880875,-0.04867685,-0.1459914,0.0,-0.8559416,1.51907,-0.8553925,1.0,1.0,1.0,0.1524822,0.1236161,0.9805449,0.0005023805,0.001094711,-0.02816761,55.9,3488.0,0.175,0.104
25.0,0.1836442,0.1509172,1.000101,0.1275866,0.1117717,1.000091,0.1556154,0.1313445,1.000096,0.1442886,-0.05301696,-0.9881145,0.0,0.03348207,0.9982535,-0.04867177,0.0,-0.9889691,0.02606133,-0.1458117,0.0,-0.7732334,-1.53949,-0.8966276,1.0,0.1442886,0.03348206,-0.988969,0.0,-0.05301695,0.9982535,0.02606133,0.0,-0.9881142,-0.04867177,-0.1458117,0.0,-0.8560207,1.51905,-0.8553214,1.0,1.0,1.0,0.1479804,0.1242883,0.9811494,0.0005322034,0.00109063,-0.02814725,55.91111,3489.0,0.175,0.104
25.0,0.1809182,0.1529916,1.000081,0.1275694,0.1119769,1.000069,0.1542438,0.1324842,1.000075,0.1441315,-0.05311901,-0.9881319,0.0,0.03348241,0.9982482,-0.04877901,0.0,-0.988992,0.02605443,-0.1456576,0.0,-0.7733472,-1.539561,-0.8963847,1.0,0.1441315,0.03348241,-0.988992,0.0,-0.05311901,0.9982482,0.02605444,0.0,-0.9881317,-0.048779,-0.1456576,0.0,-0.8560624,1.519033,-0.855287,1.0,1.0,1.0,0.1466906,0.1253988,0.9812018,0.0005287854,0.001080429,-0.02811365,55.92222,3490.0,0.175,0.104
25.0,0.1833967,0.1505898,1.000062,0.1253184,0.1122749,1.000041,0.1543576,0.1314322,1.000051,0.1438981,-0.05311535,-0.9881661,0.0,0.03361908,0.9982445,-0.04876143,0.0,-0.9890213,0.02620455,-0.1454312,0.0,-0.7736479,-1.539402,-0.8962209,1.0,0.1438981,0.03361908,-0.9890212,0.0,-0.05311535,0.9982445,0.02620455,0.0,-0.988166,-0.04876142,-0.1454312,0.0,-0.8560543,1.519007,-0.8551534,1.0,1.0,1.0,0.1468209,0.1244086,0.9813084,0.0005243523,0.001081902,-0.02812444,55.94445,3491.0,0.175,0.104
25.0,0.18282,0.1497472,1.00004,0.1258258,0.1137126,1.000031,0.1543227,0.1317297,1.000036,0.1437463,-0.05316872,-0.9881852,0.0,0.03383797,0.9982358,-0.04878725,0.0,-0.9890359,0.0264252,-0.1452918,0.0,-0.7740204,-1.539283,-0.8960897,1.0,0.1437463,0.03383797,-0.9890358,0.0,-0.05316872,0.9982358,0.02642519,0.0,-0.9881852,-0.04878725,-0.1452918,0.0,-0.8560818,1.519041,-0.8550525,1.0,1.0,1.0,0.1467805,0.1246982,0.9812777,0.0005314564,0.00107544,-0.02811187,55.95556,3492.0,0.175,0.104
25.0,0.1839208,0.1525358,0.9999918,0.1244999,0.1170136,0.9999925,0.1542104,0.1347748,0.9999922,0.1437896,-0.05343923,-0.9881643,0.0,0.03401428,0.9982178,-0.04903343,0.0,-0.9890234,0.0265612,-0.1453511,0.0,-0.7742149,-1.539414,-0.8956106,1.0,0.1437896,0.03401428,-0.9890236,0.0,-0.05343923,0.9982178,0.0265612,0.0,-0.9881644,-0.04903343,-0.145351,0.0,-0.8559515,1.51909,-0.855006,1.0,1.0,1.0,0.1466069,0.127576,0.9809336,0.0005563442,0.001066368,-0.028093,55.97778,3493.0,0.175,0.104
25.0,0.1843011,0.1533269,0.9998971,0.1224785,0.1170133,0.9998913,0.1533897,0.13517,0.9998943,0.1436768,-0.05343622,-0.988181,0.0,0.03414879,0.9982142,-0.0490137,0.0,-0.9890354,0.02670304,-0.145245,0.0,-0.7744855,-1.539326,-0.8954452,1.0,0.1436768,0.03414877,-0.9890352,0.0,-0.05343621,0.9982141,0.02670304,0.0,-0.9881809,-0.0490137,-0.145245,0.0,-0.855842,1.519135,-0.8549476,1.0,1.0,1.0,0.1458474,0.1279777,0.9809945,0.0005576247,0.001063286,-0.02808177,55.98889,3494.0,0.175,0.104
25.0,0.184525,0.1528905,1.000038,0.1229462,0.118262,1.000028,0.1537355,0.1355761,1.000033,0.1436518,-0.05368656,-0.988171,0.0,0.034213,0.9981999,-0.04925783,0.0,-0.9890367,0.02673232,-0.14523,0.0,-0.7745872,-1.539466,-0.8950498,1.0,0.1436518,0.034213,-0.9890367,0.0,-0.05368656,0.9982,0.02673232,0.0,-0.988171,-0.04925783,-0.14523,0.0,-0.8558401,1.519108,-0.8549297,1.0,1.0,1.0,0.1461435,0.1283385,0.9809033,0.0005589677,0.001061653,-0.02807462,56.0,3495.0,0.175,0.104
25.0,0.1844488,0.1527007,0.9999956,0.122406,0.1182184,1.000009,0.1534274,0.1354597,1.000002,0.1440229,-0.0537749,-0.9881122,0.0,0.03433892,0.9981926,-0.04931841,0.0,-0.9889783,0.02682772,-0.1456092,0.0,-0.7742712,-1.539434,-0.8953444,1.0,0.1440229,0.03433891,-0.9889784,0.0,-0.0537749,0.9981926,0.02682772,0.0,-0.9881122,-0.0493184,-0.1456092,0.0,-0.8559707,1.519082,-0.8548084,1.0,1.0,1.0,0.1458621,0.1282396,0.9809582,0.0005596094,0.001060906,-0.02807063,56.02222,3496.0,0.175,0.104
25.0,0.1843154,0.1527911,0.9999793,0.122329,0.1179176,0.9999889,0.1533222,0.1353543,0.9999841,0.1442246,-0.05386713,-0.9880778,0.0,0.03438755,0.998187,-0.04939888,0.0,-0.9889473,0.02685303,-0.1458155,0.0,-0.7740613,-1.539482,-0.8953728,1.0,0.1442246,0.03438754,-0.9889473,0.0,-0.05386712,0.9981869,0.02685304,0.0,-0.9880776,-0.04939888,-0.1458154,0.0,-0.8559866,1.519078,-0.8547252,1.0,1.0,1.0,0.1457697,0.1281484,0.9809837,0.0005597463,0.001058235,-0.02805917,56.03333,3497.0,0.175,0.104
25.0,0.184364,0.1529949,0.9999487,0.1223373,0.1177351,0.9999612,0.1533507,0.1353653,0.999955,0.1444458,-0.05391136,-0.9880431,0.0,0.03440984,0.9981844,-0.04943421,0.0,-0.9889143,0.02685783,-0.1460386,0.0,-0.7736657,-1.539494,-0.8954993,1.0,0.1444458,0.03440983,-0.9889143,0.0,-0.05391135,0.9981844,0.02685784,0.0,-0.988043,-0.0494342,-0.1460386,0.0,-0.8560353,1.519053,-0.8545191,1.0,1.0,1.0,0.1458016,0.1281658,0.9809767,0.0005597463,0.001055122,-0.02804782,56.05556,3498.0,0.175,0.104
25.0,0.1843894,0.152972,1.000032,0.1224356,0.1179719,1.000039,0.1534126,0.1354722,1.000036,0.1444995,-0.05383619,-0.9880393,0.0,0.03457864,0.9981837,-0.04933185,0.0,-0.9889006,0.02703661,-0.1460987,0.0,-0.773778,-1.539281,-0.8957617,1.0,0.1444995,0.03457863,-0.9889004,0.0,-0.05383618,0.9981837,0.02703662,0.0,-0.9880391,-0.04933186,-0.1460986,0.0,-0.8561062,1.519052,-0.8544419,1.0,1.0,1.0,0.1458468,0.128256,0.9809583,0.0005597463,0.001054787,-0.02804637,56.06667,3499.0,0.175,0.104
25.0,0.1846408,0.1536242,0.9997426,0.1222731,0.1177088,0.9997465,0.1534568,0.1356664,0.9997447,0.1443553,-0.05374938,-0.9880652,0.0,0.03477768,0.9981824,-0.04921876,0.0,-0.9889147,0.02725762,-0.1459622,0.0,-0.7740356,-1.539019,-0.8956069,1.0,0.1443553,0.03477767,-0.9889145,0.0,-0.05374937,0.9981824,0.02725762,0.0,-0.9880649,-0.04921876,-0.1459622,0.0,-0.855903,1.51906,-0.8542298,1.0,1.0,1.0,0.1459246,0.1284734,0.9809183,0.0005597463,0.001054627,-0.02804369,56.08889,3500.0,0.175,0.104
25.0,0.1848384,0.1543836,0.9999718,0.122224,0.1177167,0.9999754,0.1535311,0.1360501,0.9999736,0.1444732,-0.05391246,-0.988039,0.0,0.03503324,0.9981673,-0.04934248,0.0,-0.9888884,0.02748553,-0.1460971,0.0,-0.7742276,-1.538957,-0.8954881,1.0,0.1444732,0.03503323,-0.9888883,0.0,-0.05391245,0.9981673,0.02748554,0.0,-0.9880389,-0.04934247,-0.1460971,0.0,-0.8558909,1.519074,-0.8541539,1.0,1.0,1.0,0.1459563,0.1288046,0.9808701,0.0005593877,0.001054596,-0.0280436,56.1,3501.0,0.175,0.104
25.0,0.183845,0.1537645,1.000025,0.1220439,0.1184122,1.000019,0.1529444,0.1360884,1.000022,0.1440715,-0.05380544,-0.9881034,0.0,0.03501574,0.9981726,-0.04924824,0.0,-0.9889476,0.02750391,-0.1456922,0.0,-0.7745163,-1.538897,-0.8952231,1.0,0.1440714,0.03501574,-0.9889476,0.0,-0.05380544,0.9981726,0.02750391,0.0,-0.9881034,-0.04924824,-0.1456922,0.0,-0.8557884,1.519117,-0.8540574,1.0,1.0,1.0,0.1454045,0.1288452,0.9809467,0.0005557705,0.00105452,-0.02804189,56.12222,3502.0,0.175,0.104
25.0,0.1838251,0.1540984,0.9999778,0.1216935,0.1183691,0.9999732,0.1527593,0.1362337,0.9999755,0.1439778,-0.05383261,-0.9881155,0.0,0.03527398,0.9981639,-0.04924029,0.0,-0.988952,0.02776526,-0.1456123,0.0,-0.7749285,-1.538683,-0.895142,1.0,0.1439778,0.03527398,-0.9889521,0.0,-0.05383262,0.9981639,0.02776526,0.0,-0.9881157,-0.04924029,-0.1456123,0.0,-0.8557628,1.519116,-0.8539888,1.0,1.0,1.0,0.145237,0.1289839,0.9809533,0.0005514529,0.001059395,-0.02805904,56.13334,3503.0,0.175,0.104
25.0,0.1826114,0.1544111,0.9999321,0.1213427,0.1193742,0.9999277,0.1519771,0.1368926,0.9999299,0.1439262,-0.05391043,-0.9881189,0.0,0.03546252,0.9981546,-0.0492926,0.0,-0.9889529,0.02794669,-0.1455724,0.0,-0.7752138,-1.538557,-0.8949479,1.0,0.1439261,0.03546251,-0.9889526,0.0,-0.05391041,0.9981546,0.02794668,0.0,-0.9881188,-0.0492926,-0.1455724,0.0,-0.8556856,1.519094,-0.8539318,1.0,1.0,1.0,0.1445024,0.1296142,0.9809787,0.0005473485,0.001064682,-0.0280761,56.14445,3504.0,0.175,0.104
25.0,0.1821254,0.1542229,0.9998952,0.1226925,0.1186971,0.9998976,0.152409,0.13646,0.9998964,0.1437487,-0.053844,-0.9881485,0.0,0.03570931,0.9981506,-0.04919429,0.0,-0.9889698,0.02821448,-0.1454056,0.0,-0.77562,-1.538271,-0.894869,1.0,0.1437487,0.03570931,-0.9889698,0.0,-0.05384399,0.9981507,0.02821448,0.0,-0.9881482,-0.04919429,-0.1454056,0.0,-0.8555955,1.519101,-0.8537822,1.0,1.0,1.0,0.1449194,0.1292015,0.9809716,0.0005449979,0.001067101,-0.02808358,56.16667,3505.0,0.175,0.104
25.0,0.1817992,0.152871,0.999986,0.1230301,0.1186306,0.9999783,0.1524147,0.1357505,0.9999821,0.1436065,-0.05384621,-0.9881689,0.0,0.03580448,0.9981477,-0.04918664,0.0,-0.9889869,0.02831736,-0.1452685,0.0,-0.7758429,-1.538161,-0.8947438,1.0,0.1436066,0.03580449,-0.988987,0.0,-0.0538462,0.9981475,0.02831735,0.0,-0.9881689,-0.04918663,-0.1452685,0.0,-0.855566,1.519081,-0.8537199,1.0,1.0,1.0,0.1449258,0.1285183,0.9810604,0.0005426025,0.0010728,-0.02809959,56.17778,3506.0,0.175,0.104
25.0,0.1810858,0.1525156,0.9999607,0.1233189,0.1185511,0.9999616,0.1522022,0.1355333,0.9999613,0.1435544,-0.05386216,-0.9881757,0.0,0.03604823,0.9981397,-0.04916847,0.0,-0.9889857,0.02856363,-0.145229,0.0,-0.7761045,-1.537905,-0.8948548,1.0,0.1435544,0.03604823,-0.9889857,0.0,-0.05386214,0.9981397,0.02856363,0.0,-0.9881755,-0.04916847,-0.145229,0.0,-0.8556952,1.519022,-0.8535869,1.0,1.0,1.0,0.1447339,0.1283184,0.9811149,0.0005421219,0.001074211,-0.02810501,56.2,3507.0,0.175,0.104
25.0,0.1810292,0.1537753,0.9999627,0.1240644,0.1191921,0.9999711,0.1525467,0.1364836,0.999967,0.1436936,-0.05388932,-0.9881539,0.0,0.03621517,0.9981338,-0.0491673,0.0,-0.9889594,0.02872114,-0.145377,0.0,-0.776171,-1.537804,-0.8949533,1.0,0.1436936,0.03621517,-0.9889593,0.0,-0.05388931,0.9981337,0.02872114,0.0,-0.9881539,-0.0491673,-0.145377,0.0,-0.855692,1.51904,-0.8535396,1.0,1.0,1.0,0.1450379,0.1292042,0.9809538,0.0005419767,0.00107296,-0.02810642,56.21111,3508.0,0.175,0.104
25.0,0.1808655,0.1533727,1.000006,0.123536,0.1193797,1.000001,0.1522007,0.1363762,1.000004,0.1436329,-0.05398638,-0.9881575,0.0,0.03653478,0.9981195,-0.04922016,0.0,-0.9889565,0.02903247,-0.1453352,0.0,-0.776524,-1.537587,-0.8948817,1.0,0.1436329,0.03653476,-0.9889563,0.0,-0.05398637,0.9981195,0.02903247,0.0,-0.9881573,-0.04922016,-0.1453352,0.0,-0.8557583,1.51902,-0.8533661,1.0,1.0,1.0,0.1447114,0.1291051,0.981015,0.0005423818,0.001072945,-0.02810613,56.23333,3509.0,0.175,0.104
25.0,0.1805779,0.15278,0.9998109,0.123699,0.1199372,0.9998251,0.1521384,0.1363587,0.999818,0.1438121,-0.05385843,-0.9881383,0.0,0.03649336,0.9981273,-0.0490917,0.0,-0.9889318,0.0290005,-0.1455083,0.0,-0.7762755,-1.537594,-0.89507,1.0,0.1438121,0.03649336,-0.9889319,0.0,-0.05385843,0.9981273,0.0290005,0.0,-0.9881384,-0.0490917,-0.1455083,0.0,-0.8556276,1.519103,-0.8533327,1.0,1.0,1.0,0.1446777,0.1291147,0.9810187,0.000543572,0.001071007,-0.02810463,56.24445,3510.0,0.175,0.104
25.0,0.180284,0.1526306,0.9998375,0.1236023,0.1206468,0.9998399,0.151943,0.1366385,0.9998388,0.1438119,-0.05363378,-0.9881507,0.0,0.03641927,0.9981407,-0.04887568,0.0,-0.9889348,0.02895881,-0.1454978,0.0,-0.7760656,-1.537462,-0.8952393,1.0,0.1438119,0.03641926,-0.9889346,0.0,-0.05363378,0.9981408,0.02895882,0.0,-0.9881504,-0.04887568,-0.1454978,0.0,-0.8554836,1.519112,-0.8532103,1.0,1.0,1.0,0.1444869,0.1293797,0.981012,0.0005443189,0.001069641,-0.02810247,56.26667,3511.0,0.175,0.104
25.0,0.1799148,0.1522123,0.9999514,0.1243203,0.1206371,0.9999554,0.1521174,0.1364247,0.9999534,0.1438338,-0.05353913,-0.9881526,0.0,0.03638496,0.9981464,-0.04878448,0.0,-0.9889328,0.02893702,-0.1455152,0.0,-0.7759446,-1.537407,-0.8953629,1.0,0.1438338,0.03638494,-0.9889326,0.0,-0.05353913,0.9981463,0.02893702,0.0,-0.9881524,-0.04878448,-0.1455152,0.0,-0.8554595,1.51911,-0.8531579,1.0,1.0,1.0,0.1446382,0.1291639,0.9810181,0.0005448842,0.001068443,-0.02809633,56.27778,3512.0,0.175,0.104
25.0,0.179691,0.1518121,0.9999321,0.1246199,0.1211396,0.999936,0.1521555,0.1364759,0.999934,0.1438725,-0.05347181,-0.9881506,0.0,0.03635035,0.9981508,-0.04872043,0.0,-0.9889284,0.02891008,-0.1455502,0.0,-0.7758191,-1.537406,-0.8954363,1.0,0.1438725,0.03635034,-0.9889283,0.0,-0.05347181,0.9981508,0.02891009,0.0,-0.9881504,-0.04872043,-0.1455501,0.0,-0.8554147,1.519138,-0.8531138,1.0,1.0,1.0,0.1446753,0.1292144,0.981006,0.000545769,0.0010681,-0.02809285,56.28889,3513.0,0.175,0.104
25.0,0.1794891,0.1516754,1.000035,0.1235255,0.1212571,1.000017,0.1515072,0.1364662,1.000026,0.1437193,-0.05387612,-0.9881508,0.0,0.03643537,0.9981281,-0.04912085,0.0,-0.9889475,0.02894403,-0.1454133,0.0,-0.7760296,-1.537671,-0.8946316,1.0,0.1437193,0.03643538,-0.9889475,0.0,-0.05387613,0.9981281,0.02894403,0.0,-0.9881509,-0.04912085,-0.1454133,0.0,-0.8553444,1.519122,-0.8530375,1.0,1.0,1.0,0.1440583,0.1292071,0.9810978,0.0005453257,0.001066956,-0.02808872,56.31111,3514.0,0.175,0.104
25.0,0.1797693,0.1514271,1.000097,0.1225947,0.1224276,1.000091,0.1511821,0.1369274,1.000094,0.1436321,-0.05391141,-0.9881617,0.0,0.03643508,0.9981261,-0.04915911,0.0,-0.9889603,0.02894292,-0.1453272,0.0,-0.7759973,-1.537654,-0.8945848,1.0,0.1436321,0.03643508,-0.9889601,0.0,-0.05391141,0.9981262,0.02894292,0.0,-0.9881616,-0.04915911,-0.1453272,0.0,-0.8554333,1.51907,-0.8529337,1.0,1.0,1.0,0.1437379,0.1296389,0.9810877,0.0005452344,0.001065697,-0.02808447,56.32222,3515.0,0.175,0.104
25.0,0.1804489,0.1514642,1.000044,0.1225917,0.1226155,1.000052,0.1515201,0.1370398,1.000048,0.1436401,-0.05377924,-0.9881678,0.0,0.03631669,0.9981362,-0.04904276,0.0,-0.9889635,0.02884246,-0.1453254,0.0,-0.7757232,-1.537666,-0.8948016,1.0,0.14364,0.03631668,-0.9889634,0.0,-0.05377923,0.9981362,0.02884247,0.0,-0.9881675,-0.04904276,-0.1453255,0.0,-0.8554835,1.519089,-0.8528492,1.0,1.0,1.0,0.144058,0.1297451,0.9810268,0.0005451655,0.001065376,-0.02808237,56.34444,3516.0,0.175,0.104
25.0,0.1803829,0.1519271,0.999975,0.1225946,0.1225247,0.999971,0.1514887,0.1372259,0.999973,0.143477,-0.05360029,-0.9882011,0.0,0.03634118,0.9981441,-0.04886322,0.0,-0.9889862,0.02890164,-0.1451586,0.0,-0.7758869,-1.537442,-0.8949342,1.0,0.143477,0.03634118,-0.9889863,0.0,-0.05360029,0.9981441,0.02890164,0.0,-0.988201,-0.04886322,-0.1451586,0.0,-0.8554603,1.519056,-0.8528143,1.0,1.0,1.0,0.1440363,0.1299305,0.9810054,0.0005449215,0.001064262,-0.02807751,56.35556,3517.0,0.175,0.104
25.0,0.1803656,0.1522767,0.9999238,0.1216135,0.1218705,0.9999303,0.1509894,0.1370734,0.999927,0.1433423,-0.05318522,-0.9882432,0.0,0.03662045,0.9981561,-0.04840701,0.0,-0.9889955,0.02925113,-0.1450257,0.0,-0.7764163,-1.536757,-0.8954472,1.0,0.1433423,0.03662045,-0.9889953,0.0,-0.05318522,0.9981562,0.02925113,0.0,-0.9882429,-0.04840701,-0.1450257,0.0,-0.8553588,1.51901,-0.852783,1.0,1.0,1.0,0.1435795,0.1298039,0.9810891,0.0005449215,0.001062927,-0.02807188,56.37778,3518.0,0.175,0.104
25.0,0.1804199,0.1525069,0.9999412,0.1216147,0.1218866,0.9999376,0.1510172,0.1371966,0.9999395,0.1432978,-0.05317824,-0.9882499,0.0,0.03646862,0.9981609,-0.04842355,0.0,-0.9890075,0.02910112,-0.1449736,0.0,-0.7762302,-1.536904,-0.8953127,1.0,0.1432978,0.03646862,-0.9890075,0.0,-0.05317824,0.9981609,0.02910112,0.0,-0.9882499,-0.04842355,-0.1449736,0.0,-0.8552905,1.519032,-0.8527686,1.0,1.0,1.0,0.143602,0.1299183,0.9810707,0.000544914,0.001062614,-0.02806804,56.38889,3519.0,0.175,0.104
25.0,0.1805813,0.1522675,0.9999549,0.1212974,0.1202182,0.9999626,0.1509392,0.1362429,0.9999588,0.1432973,-0.05296722,-0.9882614,0.0,0.03660099,0.9981673,-0.04819103,0.0,-0.9890028,0.0292657,-0.1449733,0.0,-0.7764025,-1.536588,-0.8956668,1.0,0.1432973,0.03660098,-0.9890026,0.0,-0.05296721,0.9981673,0.0292657,0.0,-0.9882612,-0.04819102,-0.1449733,0.0,-0.8552851,1.519026,-0.8527425,1.0,1.0,1.0,0.1435443,0.129024,0.9811971,0.0005448842,0.001061462,-0.02806352,56.4,3520.0,0.175,0.104
25.0,0.180434,0.1540509,0.9999338,0.1220829,0.1214984,0.9999535,0.1512587,0.137775,0.9999437,0.143489,-0.05267009,-0.9882494,0.0,0.03666339,0.9981802,-0.04787602,0.0,-0.9889727,0.02936289,-0.1451589,0.0,-0.7761699,-1.536158,-0.896374,1.0,0.143489,0.03666339,-0.9889725,0.0,-0.05267009,0.9981802,0.02936289,0.0,-0.9882492,-0.04787602,-0.1451589,0.0,-0.8553787,1.518904,-0.8526213,1.0,1.0,1.0,0.1438175,0.1304664,0.9809663,0.0005448842,0.001052444,-0.02806034,56.42222,3521.0,0.175,0.104
25.0,0.1807756,0.1544515,0.9999636,0.1221202,0.1207699,0.9999668,0.1514478,0.1376108,0.9999653,0.1433456,-0.05234779,-0.9882873,0.0,0.03674467,0.9981931,-0.04754288,0.0,-0.9889904,0.02949923,-0.1450101,0.0,-0.7763741,-1.53578,-0.8967759,1.0,0.1433456,0.03674466,-0.9889902,0.0,-0.05234778,0.998193,0.02949922,0.0,-0.9882872,-0.04754287,-0.1450101,0.0,-0.855377,1.518898,-0.8525636,1.0,1.0,1.0,0.1439947,0.1303105,0.9809611,0.000545592,0.00104921,-0.0280539,56.43333,3522.0,0.175,0.104
25.0,0.1811842,0.1541191,0.9999932,0.122178,0.1201909,0.999994,0.151681,0.137155,0.9999937,0.1435003,-0.05197369,-0.9882846,0.0,0.03644726,0.9982201,-0.047204,0.0,-0.9889789,0.02924647,-0.1451392,0.0,-0.7756851,-1.535721,-0.8973113,1.0,0.1435003,0.03644725,-0.9889788,0.0,-0.05197369,0.9982201,0.02924648,0.0,-0.9882844,-0.047204,-0.1451392,0.0,-0.8553048,1.518902,-0.8524567,1.0,1.0,1.0,0.1442157,0.1298757,0.9809863,0.0005473178,0.001049133,-0.02805124,56.45556,3523.0,0.175,0.104
25.0,0.1812468,0.153826,0.9997635,0.1221708,0.1187609,0.9997727,0.1517088,0.1362934,0.999768,0.1436453,-0.05196341,-0.9882641,0.0,0.03647714,0.9982199,-0.04718489,0.0,-0.9889569,0.02927115,-0.1452851,0.0,-0.7756066,-1.535691,-0.8972394,1.0,0.1436453,0.03647713,-0.9889566,0.0,-0.0519634,0.9982199,0.02927116,0.0,-0.988264,-0.04718489,-0.1452851,0.0,-0.8550968,1.518913,-0.8524454,1.0,1.0,1.0,0.1442868,0.1290946,0.9810789,0.0005484857,0.001049133,-0.02804727,56.46667,3524.0,0.175,0.104
25.0,0.181514,0.1537716,0.9999224,0.1221881,0.118567,0.9999256,0.1518511,0.1361693,0.9999239,0.1440302,-0.05198157,-0.9882072,0.0,0.03647076,0.9982198,-0.04719267,0.0,-0.9889011,0.02924349,-0.1456696,0.0,-0.7751625,-1.535754,-0.8974134,1.0,0.1440302,0.03647076,-0.9889009,0.0,-0.05198155,0.9982197,0.02924349,0.0,-0.988207,-0.04719267,-0.1456696,0.0,-0.8550142,1.518939,-0.8523738,1.0,1.0,1.0,0.1444007,0.1289571,0.9810804,0.0005492624,0.001049133,-0.02804425,56.48889,3525.0,0.175,0.104
25.0,0.1817526,0.1532901,0.9999386,0.1221695,0.1183105,0.9999461,0.1519611,0.1358004,0.9999424,0.1440173,-0.05175723,-0.9882208,0.0,0.0365151,0.9982291,-0.04695992,0.0,-0.9889013,0.02932194,-0.1456521,0.0,-0.7752138,-1.535525,-0.8977358,1.0,0.1440172,0.03651509,-0.9889011,0.0,-0.05175722,0.9982291,0.02932193,0.0,-0.9882207,-0.04695992,-0.1456521,0.0,-0.8549914,1.518955,-0.8523424,1.0,1.0,1.0,0.1445078,0.1286057,0.9811106,0.0005490864,0.001050293,-0.02804206,56.5,3526.0,0.175,0.104
1.0,-0.1273948,-0.1620311,0.9999431,-0.1839138,-0.1714436,0.9999282,-0.1556543,-0.1667373,0.9999357,0.140055,-0.05227181,-0.988763,0.0,0.01620444,0.9985928,-0.05049616,0.0,-0.9900112,0.008950112,-0.140705,0.0,-0.7559344,-1.553798,-0.8879624,1.0,0.140055,0.01620444,-0.990011,0.0,-0.05227181,0.9985928,0.008950115,0.0,-0.988763,-0.05049616,-0.1407049,0.0,-0.8533317,1.519022,-0.8594175,1.0,0.8876594,0.8207105,-0.1498692,-0.1582393,0.9759609,0.002305795,4.45862e-05,-0.02871297,69.63333,4349.0,-0.175,-0.246
1.0,-0.1274438,-0.1620324,1.000051,-0.1839503,-0.1714824,1.000049,-0.1556972,-0.1667575,1.00005,0.1400141,-0.05244052,-0.9887599,0.0,0.01644564,0.9985819,-0.05063266,0.0,-0.990013,0.009171501,-0.1406779,0.0,-0.7562752,-1.553724,-0.8878062,1.0,0.140014,0.01644563,-0.9900128,0.0,-0.05244052,0.9985819,0.009171503,0.0,-0.9887599,-0.05063266,-0.1406779,0.0,-0.8534161,1.519006,-0.8593669,1.0,0.8753207,0.8117503,-0.1498927,-0.15824,0.9759571,0.002305764,4.447176e-05,-0.02871307,69.64445,4350.0,-0.175,-0.246
1.0,-0.1270004,-0.162748,0.999947,-0.1846993,-0.168466,0.9999509,-0.1558497,-0.1656071,0.9999489,0.1401402,-0.05279707,-0.9887231,0.0,0.01670508,0.9985613,-0.05095467,0.0,-0.9899908,0.009375906,-0.1408205,0.0,-0.7564976,-1.553846,-0.8873343,1.0,0.1401401,0.01670508,-0.9899907,0.0,-0.05279706,0.9985612,0.009375906,0.0,-0.9887229,-0.05095466,-0.1408205,0.0,-0.8533506,1.519034,-0.8593118,1.0,0.8813961,0.8028539,-0.1500739,-0.1571871,0.9760994,0.002305618,4.435732e-05,-0.02871359,69.66667,4351.0,-0.175,-0.246
1.0,-0.1262096,-0.1618604,0.9999855,-0.1846243,-0.1679247,0.9999769,-0.1554168,-0.1648925,0.9999813,0.1399996,-0.05286391,-0.9887394,0.0,0.01673572,0.9985574,-0.05101917,0.0,-0.9900102,0.009404598,-0.1406823,0.0,-0.756624,-1.553877,-0.8871447,1.0,0.1399995,0.01673571,-0.99001,0.0,-0.05286391,0.9985574,0.009404599,0.0,-0.9887393,-0.05101917,-0.1406823,0.0,-0.8533718,1.519037,-0.8592573,1.0,0.8857585,0.801927,-0.1496838,-0.1565305,0.9762648,0.00230555,4.431151e-05,-0.0287138,69.67778,4352.0,-0.175,-0.246
1.0,-0.1262411,-0.1631649,0.9999768,-0.1850291,-0.1703097,0.9999809,-0.1556353,-0.1667373,0.9999788,0.1400657,-0.05298516,-0.9887235,0.0,0.01701328,0.9985486,-0.05110152,0.0,-0.989996,0.009663867,-0.1407638,0.0,-0.7569485,-1.553757,-0.8870561,1.0,0.1400657,0.01701329,-0.9899961,0.0,-0.05298516,0.9985485,0.009663863,0.0,-0.9887236,-0.05110152,-0.1407638,0.0,-0.8533568,1.51905,-0.8592262,1.0,0.8878431,0.8108973,-0.1498446,-0.1582325,0.9759657,0.002305076,4.398348e-05,-0.02871416,69.68889,4353.0,-0.175,-0.246
1.0,-0.125874,-0.1628324,1.000014,-0.185158,-0.1685407,1.000028,-0.1555162,-0.1656867,1.000021,0.1400357,-0.05323064,-0.9887146,0.0,0.01727968,0.9985332,-0.05131187,0.0,-0.9899958,0.00989918,-0.1407501,0.0,-0.7572776,-1.553722,-0.8868092,1.0,0.1400356,0.01727968,-0.9899956,0.0,-0.05323064,0.9985332,0.009899184,0.0,-0.9887145,-0.05131187,-0.1407501,0.0,-0.8534609,1.519024,-0.8591394,1.0,0.8819408,0.8217276,-0.1497523,-0.1572561,0.9761377,0.002305275,4.299925e-05,-0.02871456,69.71111,4354.0,-0.175,-0.246
1.0,-0.1253978,-0.1625186,0.9998648,-0.185495,-0.1692624,0.9998604,-0.1554464,-0.1658905,0.9998626,0.1399761,-0.05335764,-0.9887163,0.0,0.01735763,0.9985257,-0.05142964,0.0,-0.9900028,0.00996284,-0.1406959,0.0,-0.7574154,-1.553786,-0.8864757,1.0,0.1399761,0.01735762,-0.9900026,0.0,-0.05335764,0.9985259,0.009962847,0.0,-0.988716,-0.05142964,-0.1406959,0.0,-0.8533591,1.519051,-0.8590866,1.0,0.895439,0.8103519,-0.1497054,-0.1574687,0.9761106,0.002305839,4.212951e-05,-0.02871519,69.72222,4355.0,-0.175,-0.246
1.0,-0.1248887,-0.1618007,0.9998763,-0.1856205,-0.1682156,0.9998789,-0.1552545,-0.1650083,0.9998776,0.1402048,-0.05328542,-0.9886876,0.0,0.01746342,0.9985285,-0.05133934,0.0,-0.9899685,0.01006784,-0.140929,0.0,-0.75734,-1.553683,-0.8865866,1.0,0.1402048,0.01746342,-0.9899685,0.0,-0.05328543,0.9985286,0.01006785,0.0,-0.9886877,-0.05133934,-0.140929,0.0,-0.8531632,1.519106,-0.8590463,1.0,0.8881831,0.8321494,-0.1495453,-0.1566531,0.9762664,0.002306182,4.150392e-05,-0.02871567,69.74445,4356.0,-0.175,-0.246
1.0,-0.125125,-0.1617004,0.999938,-0.1854814,-0.1688654,0.9999375,-0.1553032,-0.1652829,0.9999379,0.1402047,-0.05351023,-0.9886756,0.0,0.0177345,0.9985141,-0.05152778,0.0,-0.9899638,0.01030922,-0.1409453,0.0,-0.7577145,-1.553602,-0.8862708,1.0,0.1402047,0.01773449,-0.9899636,0.0,-0.05351023,0.9985141,0.01030923,0.0,-0.9886755,-0.05152777,-0.1409453,0.0,-0.8531327,1.519064,-0.859009,1.0,0.8991844,0.8303654,-0.1495763,-0.1568972,0.9762225,0.002306702,4.090884e-05,-0.0287164,69.75555,4357.0,-0.175,-0.246
1.0,-0.1245406,-0.1614052,0.9999294,-0.1855521,-0.1697253,0.999939,-0.1550462,-0.1655652,0.9999343,0.140392,-0.0535744,-0.9886456,0.0,0.01796396,0.9985085,-0.05155791,0.0,-0.9899331,0.01052166,-0.141145,0.0,-0.7578188,-1.553486,-0.8862365,1.0,0.140392,0.01796395,-0.9899329,0.0,-0.05357439,0.9985084,0.01052166,0.0,-0.9886454,-0.0515579,-0.141145,0.0,-0.8530091,1.51909,-0.8589324,1.0,0.8885378,0.8092849,-0.1493321,-0.1571644,0.9762169,0.002306634,4.043581e-05,-0.02871653,69.77778,4358.0,-0.175,-0.246
1.0,-0.1243013,-0.1622786,0.9999589,-0.1856297,-0.1700933,0.9999588,-0.1549655,-0.166186,0.9999589,0.1403942,-0.05355386,-0.9886464,0.0,0.01787246,0.9985105,-0.05155019,0.0,-0.9899344,0.01043219,-0.1411422,0.0,-0.7576435,-1.553556,-0.8862044,1.0,0.1403942,0.01787245,-0.9899343,0.0,-0.05355386,0.9985105,0.01043219,0.0,-0.9886462,-0.05155019,-0.1411421,0.0,-0.8529728,1.519099,-0.8588911,1.0,0.8965927,0.8187839,-0.1492401,-0.1577365,0.9761387,0.002307046,4.016113e-05,-0.02871754,69.78889,4359.0,-0.175,-0.246
1.0,-0.1242233,-0.1622333,0.9999928,-0.1856557,-0.1702484,0.9999902,-0.1549395,-0.1662409,0.9999915,0.1403335,-0.05347333,-0.9886593,0.0,0.01798415,0.9985135,-0.05145358,0.0,-0.9899411,0.01055954,-0.1410865,0.0,-0.7578105,-1.553361,-0.8862981,1.0,0.1403334,0.01798415,-0.9899408,0.0,-0.05347332,0.9985134,0.01055954,0.0,-0.9886593,-0.05145358,-0.1410865,0.0,-0.852964,1.519077,-0.8588294,1.0,0.8951722,0.8237646,-0.1492103,-0.157783,0.9761357,0.002307114,4.016113e-05,-0.02871779,69.8,4360.0,-0.175,-0.246
1.0,-0.1239338,-0.162073,0.9999626,-0.1855347,-0.1702552,0.999949,-0.1547344,-0.1661641,0.9999558,0.1401176,-0.05381124,-0.9886716,0.0,0.01822414,0.9984931,-0.05176302,0.0,-0.9899672,0.01076477,-0.1408871,0.0,-0.7582929,-1.553437,-0.8856143,1.0,0.1401176,0.01822413,-0.9899672,0.0,-0.05381123,0.9984931,0.01076477,0.0,-0.9886714,-0.05176302,-0.1408871,0.0,-0.8529238,1.519073,-0.8587343,1.0,0.8932101,0.8329788,-0.149027,-0.1577219,0.9761735,0.002307571,4.042816e-05,-0.02871853,69.82223,4361.0,-0.175,-0.246
1.0,-0.1244234,-0.1616932,1.000009,-0.1862706,-0.170202,1.000017,-0.155347,-0.1659476,1.000013,0.1402618,-0.05388252,-0.9886473,0.0,0.01816517,0.9984901,-0.05184184,0.0,-0.9899479,0.01068751,-0.1410288,0.0,-0.7580534,-1.55358,-0.8855997,1.0,0.1402618,0.01816516,-0.9899477,0.0,-0.05388251,0.99849,0.01068751,0.0,-0.9886472,-0.05184183,-0.1410288,0.0,-0.8529304,1.519093,-0.8587244,1.0,0.8985971,0.8252645,-0.1495908,-0.1574999,0.9761232,0.002306229,4.088593e-05,-0.02871909,69.83334,4362.0,-0.175,-0.246
1.0,-0.1249582,-0.1603272,0.9999361,-0.1859768,-0.1707095,0.9999282,-0.1554675,-0.1655185,0.9999321,0.1399242,-0.0538574,-0.9886965,0.0,0.01817547,0.9984911,-0.05181868,0.0,-0.9899955,0.01071933,-0.1406919,0.0,-0.7581784,-1.553489,-0.885438,1.0,0.1399242,0.01817546,-0.9899952,0.0,-0.0538574,0.9984911,0.01071933,0.0,-0.9886963,-0.05181868,-0.1406919,0.0,-0.8530087,1.519043,-0.8585145,1.0,0.8816844,0.8251113,-0.1497227,-0.1571122,0.9761654,0.002305458,4.12903e-05,-0.02872,69.85556,4363.0,-0.175,-0.246
1.0,-0.125804,-0.1604646,0.9999536,-0.1863262,-0.1706544,0.999949,-0.1560649,-0.1655597,0.9999512,0.1398532,-0.05388022,-0.9887052,0.0,0.01815564,0.9984901,-0.05184532,0.0,-0.9900058,0.01069984,-0.1406203,0.0,-0.7581716,-1.553527,-0.8853103,1.0,0.1398532,0.01815564,-0.9900058,0.0,-0.05388022,0.99849,0.01069984,0.0,-0.9887052,-0.05184532,-0.1406203,0.0,-0.8529825,1.519047,-0.8584644,1.0,0.8928531,0.8597979,-0.1502716,-0.1571343,0.9760774,0.002303703,4.169464e-05,-0.02872096,69.86667,4364.0,-0.175,-0.246
1.0,-0.1259164,-0.1615596,0.9999865,-0.1864743,-0.1709447,0.9999864,-0.1561953,-0.1662522,0.9999865,0.1399597,-0.05384623,-0.9886921,0.0,0.01835077,0.9984898,-0.05178209,0.0,-0.9899872,0.01089585,-0.1407364,0.0,-0.7583182,-1.553341,-0.8852875,1.0,0.1399596,0.01835076,-0.9899871,0.0,-0.05384621,0.9984897,0.01089585,0.0,-0.9886919,-0.05178208,-0.1407364,0.0,-0.8527842,1.519068,-0.8583924,1.0,0.8928531,0.8597979,-0.1503703,-0.1577673,0.9759601,0.002302011,4.190826e-05,-0.02872131,69.88889,4365.0,-0.175,-0.246
1.0,-0.1256492,-0.161389,0.9997839,-0.1862972,-0.1709897,0.999774,-0.1559733,-0.1661894,0.9997791,0.1398363,-0.05408759,-0.9886963,0.0,0.01834007,0.9984772,-0.05202874,0.0,-0.9900048,0.01085725,-0.1406153,0.0,-0.7584718,-1.553595,-0.8846514,1.0,0.1398362,0.01834006,-0.9900047,0.0,-0.05408759,0.9984771,0.01085725,0.0,-0.9886962,-0.05202874,-0.1406153,0.0,-0.8526199,1.519112,-0.8584185,1.0,0.887502,0.8173361,-0.1501948,-0.1577444,0.9759908,0.002302361,4.197695e-05,-0.02872265,69.9,4366.0,-0.175,-0.246
