flag,xl,yl,zl,xr,yr,zr,xc,yc,zc,mat_00,mat_10,mat_20,mat_30,mat_01,mat_11,mat_21,mat_31,mat_02,mat_12,mat_22,mat_32,mat_03,mat_13,mat_23,mat_33,ctw_00,ctw_10,ctw_20,ctw_30,ctw_01,ctw_11,ctw_21,ctw_31,ctw_02,ctw_12,ctw_22,ctw_32,ctw_03,ctw_13,ctw_23,ctw_33,opennessl,opennessr,ray_x,ray_y,ray_z,eye_x,eye_y,eye_z,time,frame,u,v
25.0,0.2114026,0.1534299,1.0001,0.09335755,0.08096496,1.000089,0.15238,0.1171972,1.000094,0.07008463,-0.1182876,-0.990503,0.0,0.05416789,0.9919308,-0.1146254,0.0,-0.9960693,0.04561997,-0.07592648,0.0,-0.6072615,-1.679431,-0.8328137,1.0,0.0700846,0.05416788,-0.9960692,0.0,-0.1182876,0.9919309,0.04561998,0.0,-0.9905029,-0.1146254,-0.07592649,0.0,-0.9810005,1.603312,-0.5914915,1.0,1.0,1.0,0.1475166,0.1129351,0.9825907,-0.0007867813,-6.351472e-05,-0.02013114,73.98889,4622.0,0.175,0.104
25.0,0.2114229,0.1533723,1.000036,0.09341026,0.08039172,1.000038,0.1524165,0.1168819,1.000037,0.07017386,-0.1184093,-0.9904822,0.0,0.05422007,0.9919149,-0.1147392,0.0,-0.9960602,0.04565232,-0.07602668,0.0,-0.6073251,-1.679595,-0.8327072,1.0,0.07017387,0.05422007,-0.9960601,0.0,-0.1184094,0.9919149,0.04565232,0.0,-0.9904822,-0.1147392,-0.07602665,0.0,-0.981043,1.6034,-0.5915627,1.0,1.0,1.0,0.1475645,0.112641,0.9826173,-0.0007866519,-6.351472e-05,-0.02012901,74.0,4623.0,0.175,0.104
25.0,0.2114378,0.153158,1.000241,0.09323977,0.08045083,1.000211,0.1523384,0.1168039,1.000226,0.0701232,-0.1190958,-0.9904034,0.0,0.05441166,0.9918261,-0.1154143,0.0,-0.9960532,0.04579628,-0.07603025,0.0,-0.6077011,-1.680094,-0.8317785,1.0,0.07012325,0.05441167,-0.9960533,0.0,-0.1190958,0.991826,0.04579628,0.0,-0.9904035,-0.1154143,-0.07603021,0.0,-0.9812744,1.603428,-0.591601,1.0,1.0,1.0,0.147466,0.1125484,0.9826427,-0.0007862318,-6.351472e-05,-0.02012406,74.02222,4624.0,0.175,0.104
25.0,0.2115375,0.1556615,1.000142,0.09354597,0.08045924,1.000111,0.1525414,0.1180599,1.000126,0.07002532,-0.1193426,-0.9903806,0.0,0.05435843,0.9917992,-0.1156701,0.0,-0.9960631,0.0457357,-0.07593834,0.0,-0.6077067,-1.680372,-0.8313725,1.0,0.07002532,0.05435842,-0.9960629,0.0,-0.1193426,0.9917991,0.04573569,0.0,-0.9903806,-0.1156701,-0.07593833,0.0,-0.9813603,1.603461,-0.5915942,1.0,1.0,1.0,0.1476507,0.1137509,0.9824764,-0.0007858966,-6.417083e-05,-0.02012161,74.03333,4625.0,0.175,0.104
25.0,0.2114805,0.1557516,1.000091,0.09353116,0.08232899,1.00009,0.1525058,0.1190403,1.00009,0.06982088,-0.1194884,-0.9903775,0.0,0.0547172,0.9917645,-0.1157982,0.0,-0.9960578,0.04610555,-0.07578391,0.0,-0.6085435,-1.680343,-0.8314129,1.0,0.06982085,0.05471719,-0.9960577,0.0,-0.1194884,0.9917645,0.04610554,0.0,-0.9903775,-0.1157982,-0.07578394,0.0,-0.9817051,1.603526,-0.591679,1.0,1.0,1.0,0.1476063,0.1146856,0.9823744,-0.0007858966,-6.256104e-05,-0.02012119,74.05556,4626.0,0.175,0.104
25.0,0.2098687,0.1553467,1.000078,0.09191287,0.08196759,1.000073,0.1508907,0.1186571,1.000076,0.06979114,-0.1195379,-0.9903736,0.0,0.05478484,0.9917554,-0.115844,0.0,-0.996056,0.04617258,-0.0757646,0.0,-0.6086931,-1.680301,-0.8313912,1.0,0.06979114,0.05478485,-0.9960562,0.0,-0.1195379,0.9917554,0.04617257,0.0,-0.9903736,-0.115844,-0.07576461,0.0,-0.9817662,1.603483,-0.5916987,1.0,1.0,1.0,0.1460925,0.1143473,0.9826401,-0.0007856367,-6.043245e-05,-0.0201214,74.06667,4627.0,0.175,0.104
25.0,0.21019,0.1560812,1.000018,0.09262276,0.08172033,1.000028,0.1514065,0.1189009,1.000023,0.06974417,-0.1193662,-0.9903978,0.0,0.05494001,0.991768,-0.1156624,0.0,-0.996051,0.04634565,-0.075728,0.0,-0.6090006,-1.68004,-0.8317254,1.0,0.06974413,0.05493999,-0.9960508,0.0,-0.1193661,0.9917681,0.04634567,0.0,-0.9903975,-0.1156624,-0.075728,0.0,-0.9818044,1.60347,-0.5917178,1.0,1.0,1.0,0.1465823,0.1145749,0.9825407,-0.0007858956,-5.915831e-05,-0.02012138,74.07778,4628.0,0.175,0.104
25.0,0.2099449,0.1592471,1.000005,0.09097906,0.08384681,1.000005,0.150462,0.1215469,1.000005,0.0697487,-0.1189341,-0.9904493,0.0,0.05466482,0.9918312,-0.1152505,0.0,-0.9960657,0.04610416,-0.07568043,0.0,-0.6085412,-1.679817,-0.8324934,1.0,0.06974868,0.05466482,-0.9960657,0.0,-0.1189341,0.9918312,0.04610416,0.0,-0.9904494,-0.1152505,-0.07568044,0.0,-0.9818851,1.603415,-0.5917039,1.0,1.0,1.0,0.1456511,0.1171023,0.9823812,-0.0007879632,-5.673218e-05,-0.02013762,74.1,4629.0,0.175,0.104
25.0,0.2098064,0.1597305,1.000077,0.09119341,0.08203676,1.000079,0.1505,0.1208837,1.000078,0.06969845,-0.1188176,-0.990467,0.0,0.05460653,0.9918472,-0.1151406,0.0,-0.9960725,0.04606083,-0.07561839,0.0,-0.6085038,-1.679774,-0.8327329,1.0,0.06969839,0.05460651,-0.9960723,0.0,-0.1188176,0.9918471,0.04606083,0.0,-0.9904667,-0.1151406,-0.07561841,0.0,-0.9819692,1.603426,-0.5917119,1.0,1.0,1.0,0.1456877,0.116461,0.982452,-0.0007878486,-5.416106e-05,-0.0201391,74.11111,4630.0,0.175,0.104
25.0,0.2086436,0.1594386,1.000068,0.09098545,0.08176825,1.000082,0.1498148,0.1206039,1.000075,0.07009161,-0.1190132,-0.9904156,0.0,0.05453629,0.9918298,-0.1153236,0.0,-0.9960487,0.04593038,-0.07600951,0.0,-0.6079711,-1.679942,-0.8329923,1.0,0.07009164,0.05453629,-0.9960486,0.0,-0.1190132,0.9918298,0.04593038,0.0,-0.9904156,-0.1153236,-0.07600947,0.0,-0.9823301,1.603309,-0.5917237,1.0,1.0,1.0,0.1450466,0.1162046,0.9825772,-0.0007877499,-5.217743e-05,-0.02013938,74.13334,4631.0,0.175,0.104
25.0,0.2082483,0.1597139,1.000121,0.0911842,0.08218414,1.000117,0.1497162,0.1209489,1.000119,0.07018816,-0.1192705,-0.9903778,0.0,0.0547851,0.9917888,-0.1155578,0.0,-0.9960282,0.04614716,-0.07614607,0.0,-0.6082988,-1.680057,-0.8327693,1.0,0.07018816,0.05478511,-0.9960283,0.0,-0.1192705,0.9917887,0.04614716,0.0,-0.9903778,-0.1155578,-0.07614608,0.0,-0.982442,1.603354,-0.591765,1.0,1.0,1.0,0.1449418,0.1165292,0.9825542,-0.0007876735,-5.217743e-05,-0.02013979,74.14445,4632.0,0.175,0.104
25.0,0.2082646,0.1596487,1.000115,0.09037476,0.08296693,1.000093,0.1493194,0.1213074,1.000104,0.07026517,-0.1197378,-0.990316,0.0,0.05513251,0.9917184,-0.1159956,0.0,-0.9960037,0.04644815,-0.07628471,0.0,-0.608723,-1.680195,-0.8323137,1.0,0.07026517,0.0551325,-0.9960036,0.0,-0.1197378,0.9917185,0.04644816,0.0,-0.9903159,-0.1159956,-0.0762847,0.0,-0.9826643,1.603296,-0.5917411,1.0,1.0,1.0,0.1445633,0.1168779,0.9825686,-0.0007870551,-5.197144e-05,-0.02014019,74.16667,4633.0,0.175,0.104
25.0,0.2071975,0.1590228,1.000151,0.09027784,0.08360865,1.000149,0.1487376,0.1213158,1.00015,0.07037503,-0.1198683,-0.9902923,0.0,0.05491164,0.991714,-0.1161381,0.0,-0.996008,0.04620535,-0.07637411,0.0,-0.6082885,-1.680513,-0.8322594,1.0,0.07037508,0.05491165,-0.9960082,0.0,-0.1198683,0.991714,0.04620536,0.0,-0.9902923,-0.1161381,-0.07637408,0.0,-0.9828119,1.603333,-0.5917746,1.0,1.0,1.0,0.1440078,0.1168861,0.9826492,-0.0007869797,-4.875948e-05,-0.02014429,74.17778,4634.0,0.175,0.104
25.0,0.2071463,0.1581039,0.9999856,0.09034075,0.08358119,1.000002,0.1487437,0.1208429,0.9999939,0.07043606,-0.1196678,-0.9903123,0.0,0.0545528,0.9917544,-0.115962,0.0,-0.9960235,0.04585639,-0.07638353,0.0,-0.6076759,-1.680617,-0.8326677,1.0,0.07043609,0.05455279,-0.9960233,0.0,-0.1196678,0.9917544,0.04585639,0.0,-0.9903122,-0.115962,-0.07638347,0.0,-0.9829143,1.603352,-0.5917944,1.0,1.0,1.0,0.1440418,0.1164514,0.9826958,-0.0007859571,-4.528809e-05,-0.02014218,74.2,4635.0,0.175,0.104
25.0,0.2073781,0.1582031,1.000065,0.08950423,0.08351622,1.000075,0.1484413,0.12086,1.00007,0.0703426,-0.1194734,-0.9903425,0.0,0.05486698,0.9917621,-0.1157475,0.0,-0.9960129,0.04619509,-0.07631826,0.0,-0.6082598,-1.680218,-0.8330907,1.0,0.07034259,0.05486695,-0.9960127,0.0,-0.1194734,0.9917621,0.04619511,0.0,-0.9903423,-0.1157475,-0.07631825,0.0,-0.9829996,1.603322,-0.5917966,1.0,1.0,1.0,0.1437449,0.1164644,0.9827377,-0.0007851105,-4.528809e-05,-0.02014218,74.21111,4636.0,0.175,0.104
25.0,0.2072451,0.1578053,0.9998237,0.08946014,0.08330772,0.9998528,0.148353,0.1205568,0.9998382,0.07032877,-0.1191511,-0.9903823,0.0,0.05519919,0.9917842,-0.1154,0.0,-0.9959955,0.04655235,-0.07632798,0.0,-0.6088759,-1.67975,-0.8335767,1.0,0.07032873,0.05519918,-0.9959954,0.0,-0.1191511,0.9917842,0.04655235,0.0,-0.9903821,-0.1154,-0.076328,0.0,-0.982882,1.603364,-0.5918666,1.0,1.0,1.0,0.1436982,0.1162033,0.9827755,-0.0007849578,-4.528809e-05,-0.02014003,74.22222,4637.0,0.175,0.104
25.0,0.2060085,0.1565722,1.000111,0.08974773,0.08422008,1.000062,0.1478775,0.1203953,1.000086,0.06962723,-0.1189802,-0.9904522,0.0,0.05549549,0.9917864,-0.1152392,0.0,-0.9960282,0.04694185,-0.0756582,0.0,-0.610005,-1.679378,-0.8336239,1.0,0.06962724,0.05549549,-0.9960283,0.0,-0.1189802,0.9917863,0.04694185,0.0,-0.9904523,-0.1152392,-0.0756582,0.0,-0.9830046,1.603371,-0.5918196,1.0,1.0,1.0,0.1432194,0.1160276,0.9828661,-0.000787369,-4.39453e-05,-0.02015041,74.25555,4638.0,0.175,0.104
25.0,0.205909,0.1552107,0.999929,0.08887357,0.08337548,0.999918,0.1473911,0.1192931,0.9999235,0.06971186,-0.1194391,-0.9903911,0.0,0.05562838,0.9917271,-0.1156846,0.0,-0.9960149,0.04702926,-0.07577932,0.0,-0.6101902,-1.679689,-0.8328921,1.0,0.06971184,0.05562838,-0.996015,0.0,-0.1194391,0.991727,0.04702926,0.0,-0.9903913,-0.1156846,-0.07577935,0.0,-0.982972,1.603384,-0.5918801,1.0,1.0,1.0,0.1428013,0.1150094,0.9830466,-0.0007889867,-4.83093e-05,-0.02015004,74.27778,4639.0,0.175,0.104
25.0,0.2045168,0.1543814,1.000077,0.08885094,0.08405112,1.000066,0.1466838,0.1192161,1.000072,0.06964773,-0.1194639,-0.9903926,0.0,0.05556624,0.9917268,-0.1157172,0.0,-0.9960229,0.04697296,-0.07570964,0.0,-0.6102441,-1.679765,-0.8328578,1.0,0.06964769,0.05556624,-0.9960228,0.0,-0.1194639,0.9917268,0.04697295,0.0,-0.9903926,-0.1157172,-0.07570967,0.0,-0.9830254,1.603401,-0.591969,1.0,1.0,1.0,0.1421147,0.1149329,0.9831551,-0.0007885359,-4.978178e-05,-0.02014745,74.28889,4640.0,0.175,0.104
25.0,0.2044971,0.1537239,1.000055,0.08993514,0.08136327,1.000035,0.1472159,0.1175432,1.000045,0.06944615,-0.1194408,-0.9904096,0.0,0.05566328,0.9917237,-0.1156963,0.0,-0.9960315,0.04709479,-0.07551986,0.0,-0.6105855,-1.679666,-0.8328167,1.0,0.06944613,0.05566329,-0.9960315,0.0,-0.1194408,0.9917238,0.04709478,0.0,-0.9904095,-0.1156963,-0.07551985,0.0,-0.9830475,1.603399,-0.591953,1.0,1.0,1.0,0.1426481,0.1133383,0.9832629,-0.0007877583,-5.025484e-05,-0.02013346,74.3,4641.0,0.175,0.104
25.0,0.2045196,0.1545999,1.000057,0.08994014,0.08139744,1.000078,0.1472302,0.1179992,1.000068,0.06966466,-0.1192503,-0.9904171,0.0,0.0551532,0.9917712,-0.1155339,0.0,-0.9960446,0.04657605,-0.07566845,0.0,-0.6095546,-1.679843,-0.8333269,1.0,0.06966468,0.05515321,-0.9960446,0.0,-0.1192503,0.9917712,0.04657605,0.0,-0.9904172,-0.1155339,-0.07566844,0.0,-0.9831987,1.603362,-0.5919598,1.0,1.0,1.0,0.1426513,0.1137721,0.9832124,-0.0007874761,-5.320742e-05,-0.02013226,74.32223,4642.0,0.175,0.104
25.0,0.2045259,0.1548432,1.000057,0.0898453,0.08175613,1.000058,0.1471855,0.1182996,1.000058,0.06967229,-0.1192699,-0.9904143,0.0,0.05523165,0.9917653,-0.1155472,0.0,-0.9960398,0.04665176,-0.07568604,0.0,-0.6096736,-1.679834,-0.8333718,1.0,0.06967229,0.05523163,-0.9960396,0.0,-0.1192699,0.9917653,0.04665177,0.0,-0.9904143,-0.1155472,-0.07568602,0.0,-0.9832596,1.60338,-0.5919664,1.0,1.0,1.0,0.1426055,0.1140617,0.9831854,-0.0007869871,-5.474855e-05,-0.02012949,74.33334,4643.0,0.175,0.104
25.0,0.2050424,0.1543685,1.000067,0.09072384,0.08158847,1.00007,0.1478832,0.1179785,1.000069,0.06995749,-0.1193025,-0.9903904,0.0,0.05516859,0.991766,-0.1155713,0.0,-0.9960234,0.04655334,-0.0759632,0.0,-0.609398,-1.680016,-0.8336632,1.0,0.06995747,0.05516857,-0.9960232,0.0,-0.1193025,0.9917659,0.04655334,0.0,-0.9903902,-0.1155713,-0.0759632,0.0,-0.98345,1.603454,-0.5920919,1.0,1.0,1.0,0.1432668,0.1137457,0.9831259,-0.0007850872,-5.538942e-05,-0.02012156,74.35556,4644.0,0.175,0.104
25.0,0.205399,0.1543564,1.000122,0.09120288,0.08159687,1.00009,0.1483005,0.1179761,1.000106,0.06974328,-0.1194019,-0.9903934,0.0,0.05514645,0.9917542,-0.1156826,0.0,-0.9960395,0.0465486,-0.07575279,0.0,-0.609611,-1.680107,-0.8334253,1.0,0.06974329,0.05514645,-0.9960395,0.0,-0.1194019,0.9917542,0.0465486,0.0,-0.9903934,-0.1156826,-0.07575278,0.0,-0.9835106,1.603458,-0.5921243,1.0,1.0,1.0,0.143656,0.1137383,0.98307,-0.0007833559,-5.97763e-05,-0.02010797,74.36667,4645.0,0.175,0.104
25.0,0.2041426,0.1540777,1.00022,0.09136893,0.08130039,1.000167,0.1477552,0.1176882,1.000193,0.06958228,-0.1198349,-0.9903525,0.0,0.05500452,0.9917093,-0.1161345,0.0,-0.9960587,0.04639295,-0.07559687,0.0,-0.6095549,-1.680532,-0.8326827,1.0,0.06958228,0.0550045,-0.9960586,0.0,-0.1198349,0.9917092,0.04639295,0.0,-0.9903523,-0.1161345,-0.07559684,0.0,-0.9836213,1.603424,-0.5921358,1.0,1.0,1.0,0.1431343,0.1134653,0.9831776,-0.0007829061,-6.069947e-05,-0.0201016,74.37778,4646.0,0.175,0.104
25.0,0.2041574,0.154061,1.000214,0.09197672,0.08132005,1.000151,0.1480662,0.1176894,1.000182,0.06931633,-0.1204088,-0.9903015,0.0,0.05495298,0.9916428,-0.1167255,0.0,-0.99608,0.04632903,-0.07535386,0.0,-0.6098042,-1.681159,-0.831708,1.0,0.06931633,0.05495297,-0.99608,0.0,-0.1204088,0.9916427,0.04632903,0.0,-0.9903014,-0.1167255,-0.07535385,0.0,-0.9837986,1.603538,-0.5921997,1.0,1.0,1.0,0.1434285,0.1134634,0.983135,-0.0007814718,-6.111147e-05,-0.02009845,74.4,4647.0,0.175,0.104
25.0,0.2039502,0.1547956,1.000154,0.09218219,0.081631,1.00011,0.1480656,0.1182123,1.000132,0.0690195,-0.1205779,-0.9903017,0.0,0.05499183,0.9916193,-0.1169057,0.0,-0.9960986,0.04638972,-0.07507187,0.0,-0.610212,-1.68128,-0.8313215,1.0,0.0690195,0.05499182,-0.9960984,0.0,-0.1205779,0.9916194,0.04638973,0.0,-0.9903015,-0.1169057,-0.07507186,0.0,-0.9838675,1.60356,-0.5922459,1.0,1.0,1.0,0.1434267,0.1139686,0.9830768,-0.0007812884,-6.302644e-05,-0.0200962,74.41111,4648.0,0.175,0.104
25.0,0.2039381,0.1558663,1.000109,0.0923614,0.08072552,1.000087,0.1481495,0.1182958,1.000098,0.06845707,-0.1208473,-0.9903078,0.0,0.0554649,0.9915622,-0.1171663,0.0,-0.996111,0.04690647,-0.07458222,0.0,-0.6115364,-1.681189,-0.8308353,1.0,0.06845707,0.0554649,-0.9961111,0.0,-0.1208473,0.9915622,0.04690646,0.0,-0.9903079,-0.1171662,-0.07458223,0.0,-0.984086,1.603577,-0.5922651,1.0,1.0,1.0,0.1435098,0.1140514,0.983055,-0.0007809754,-6.372071e-05,-0.02008815,74.43333,4649.0,0.175,0.104
25.0,0.2037705,0.1558425,1.000193,0.09290142,0.08092563,1.00019,0.1483359,0.118384,1.000191,0.06853986,-0.12108,-0.9902736,0.0,0.05575809,0.9915213,-0.1173734,0.0,-0.996089,0.04717101,-0.07470995,0.0,-0.611956,-1.681214,-0.8307285,1.0,0.06853989,0.05575809,-0.996089,0.0,-0.12108,0.9915213,0.047171,0.0,-0.9902737,-0.1173734,-0.07470993,0.0,-0.9842666,1.603575,-0.5923218,1.0,1.0,1.0,0.1436729,0.1141242,0.9830228,-0.000781456,-6.505585e-05,-0.02008341,74.44444,4650.0,0.175,0.104
25.0,0.2038687,0.1546673,1.000165,0.09362961,0.08070683,1.000159,0.1487492,0.1176869,1.000162,0.06835234,-0.1209192,-0.9903064,0.0,0.05592382,0.9915314,-0.1172089,0.0,-0.9960927,0.0473702,-0.07453579,0.0,-0.6124151,-1.680935,-0.8310791,1.0,0.06835235,0.0559238,-0.9960925,0.0,-0.1209192,0.9915315,0.0473702,0.0,-0.9903062,-0.1172089,-0.07453575,0.0,-0.9844201,1.603538,-0.592341,1.0,1.0,1.0,0.1440777,0.1134585,0.9830406,-0.0007810136,-6.523897e-05,-0.02008068,74.45556,4651.0,0.175,0.104
25.0,0.2038979,0.1545992,1.000258,0.09331927,0.08054873,1.000248,0.1486084,0.1175738,1.000253,0.06832653,-0.121368,-0.9902532,0.0,0.05575101,0.9914863,-0.1176724,0.0,-0.9961041,0.04716747,-0.07451123,0.0,-0.6122359,-1.681424,-0.8305843,1.0,0.06832656,0.05575101,-0.9961041,0.0,-0.121368,0.9914863,0.04716748,0.0,-0.9902531,-0.1176724,-0.07451122,0.0,-0.9847279,1.603505,-0.59243,1.0,1.0,1.0,0.1439347,0.1133454,0.9830746,-0.0007806169,-6.692507e-05,-0.02007486,74.47778,4652.0,0.175,0.104
25.0,0.203665,0.152798,1.000026,0.09278412,0.08040124,1.000062,0.1482251,0.1166002,1.000044,0.06863248,-0.1213326,-0.9902363,0.0,0.05574452,0.9914925,-0.1176229,0.0,-0.9960834,0.0471275,-0.07481217,0.0,-0.6119047,-1.681453,-0.8309187,1.0,0.06863243,0.05574451,-0.9960833,0.0,-0.1213326,0.9914926,0.04712749,0.0,-0.9902363,-0.1176229,-0.07481221,0.0,-0.9848244,1.603523,-0.5924282,1.0,1.0,1.0,0.1436163,0.1124477,0.9832242,-0.0007803952,-6.720735e-05,-0.02007486,74.48889,4653.0,0.175,0.104
25.0,0.2043649,0.1526776,1.000084,0.09274331,0.08045126,1.00009,0.1485542,0.1165645,1.000087,0.06898588,-0.1216882,-0.9901682,0.0,0.05524739,0.9914756,-0.1179997,0.0,-0.9960867,0.04656387,-0.07512075,0.0,-0.6107684,-1.682166,-0.8306026,1.0,0.06898585,0.05524737,-0.9960866,0.0,-0.1216882,0.9914755,0.04656388,0.0,-0.990168,-0.1179997,-0.07512076,0.0,-0.9850014,1.603558,-0.5924456,1.0,1.0,1.0,0.1439186,0.1124035,0.9831851,-0.000777863,-6.700898e-05,-0.02007967,74.51112,4654.0,0.175,0.104
25.0,0.2053879,0.1520688,1.000094,0.0918262,0.08106047,1.000086,0.148607,0.1165644,1.00009,0.06908339,-0.121868,-0.9901392,0.0,0.05489571,0.9914711,-0.1182018,0.0,-0.9960994,0.04618861,-0.07518423,0.0,-0.6101064,-1.682573,-0.8303614,1.0,0.0690834,0.05489571,-0.9960994,0.0,-0.121868,0.9914711,0.04618862,0.0,-0.9901392,-0.1182018,-0.07518421,0.0,-0.985077,1.603565,-0.592441,1.0,1.0,1.0,0.1439651,0.1124019,0.9831784,-0.0007751929,-6.700898e-05,-0.02008347,74.52222,4655.0,0.175,0.104
25.0,0.205962,0.1510589,1.000111,0.09064136,0.08013291,1.00011,0.1483018,0.115596,1.00011,0.06937641,-0.1219366,-0.9901103,0.0,0.05461651,0.9914774,-0.118278,0.0,-0.9960944,0.04587066,-0.07544488,0.0,-0.6094327,-1.682857,-0.8305453,1.0,0.06937639,0.0546165,-0.9960943,0.0,-0.1219366,0.9914774,0.04587067,0.0,-0.9901102,-0.118278,-0.07544488,0.0,-0.985253,1.603564,-0.592519,1.0,1.0,1.0,0.1436863,0.1114829,0.9833239,-0.0007723998,-6.700898e-05,-0.02008456,74.54445,4656.0,0.175,0.104
25.0,0.205285,0.152108,0.9999336,0.09063505,0.07997593,0.9999354,0.1479601,0.116042,0.9999346,0.06932944,-0.1218262,-0.9901271,0.0,0.05457342,0.9914923,-0.1181729,0.0,-0.9961,0.04584176,-0.07538807,0.0,-0.6094105,-1.682822,-0.8306363,1.0,0.06932944,0.05457341,-0.9960999,0.0,-0.1218262,0.9914923,0.04584176,0.0,-0.9901271,-0.1181729,-0.07538807,0.0,-0.9851972,1.603604,-0.5925103,1.0,1.0,1.0,0.1433807,0.1119319,0.9833175,-0.0007723998,-6.754303e-05,-0.02008601,74.55556,4657.0,0.175,0.104
25.0,0.205304,0.1521269,0.999952,0.09064285,0.08020157,0.9999631,0.1479736,0.1161643,0.9999574,0.06920117,-0.1214078,-0.9901876,0.0,0.05458212,0.991541,-0.1177592,0.0,-0.9961085,0.04589745,-0.07524246,0.0,-0.6094681,-1.682479,-0.8313118,1.0,0.06920113,0.0545821,-0.9961084,0.0,-0.1214078,0.991541,0.04589746,0.0,-0.9901875,-0.1177592,-0.07524248,0.0,-0.9852447,1.603618,-0.5924248,1.0,1.0,1.0,0.143388,0.1120452,0.9833035,-0.0007723998,-6.754303e-05,-0.02008948,74.57778,4658.0,0.175,0.104
25.0,0.2051884,0.1518337,1.000086,0.090686,0.08006851,1.000074,0.147937,0.1159511,1.00008,0.06909525,-0.1214049,-0.9901953,0.0,0.05460936,0.9915395,-0.1177591,0.0,-0.9961143,0.04593733,-0.07514054,0.0,-0.6096191,-1.682456,-0.8313245,1.0,0.06909528,0.05460935,-0.9961143,0.0,-0.1214049,0.9915395,0.04593733,0.0,-0.9901952,-0.1177591,-0.07514051,0.0,-0.9853101,1.603616,-0.5924289,1.0,1.0,1.0,0.14334,0.1118292,0.983335,-0.0007723998,-6.709291e-05,-0.02008969,74.58889,4659.0,0.175,0.104
25.0,0.2050825,0.1512221,1.000032,0.09046856,0.07990598,1.000003,0.1477752,0.1155635,1.000017,0.06891537,-0.1214738,-0.9901994,0.0,0.05439299,0.9915403,-0.1178527,0.0,-0.9961386,0.04573803,-0.07493967,0.0,-0.6094526,-1.682662,-0.8310367,1.0,0.06891534,0.05439297,-0.9961385,0.0,-0.1214738,0.9915403,0.04573804,0.0,-0.9901993,-0.1178527,-0.07493968,0.0,-0.9852908,1.603637,-0.5924152,1.0,1.0,1.0,0.143202,0.1114677,0.9833962,-0.000772858,-6.57959e-05,-0.0200922,74.6,4660.0,0.175,0.104
25.0,0.2042767,0.1512072,1.00006,0.0904361,0.07941978,1.000041,0.1473561,0.1153131,1.00005,0.06859469,-0.1217162,-0.9901918,0.0,0.0547072,0.9914952,-0.1180866,0.0,-0.9961435,0.0460705,-0.07467008,0.0,-0.6103163,-1.682655,-0.8305783,1.0,0.06859471,0.05470719,-0.9961435,0.0,-0.1217162,0.9914951,0.0460705,0.0,-0.9901919,-0.1180866,-0.07467006,0.0,-0.9853739,1.603652,-0.5924612,1.0,1.0,1.0,0.1428078,0.1112302,0.9834805,-0.0007753214,-6.349946e-05,-0.02009288,74.62222,4661.0,0.175,0.104
25.0,0.2038078,0.150793,1.000071,0.08974341,0.07875023,1.000029,0.1467752,0.1147708,1.00005,0.06845701,-0.1221281,-0.9901507,0.0,0.05488554,0.991437,-0.1184921,0.0,-0.9961433,0.04623333,-0.07457387,0.0,-0.6107647,-1.682903,-0.8298178,1.0,0.068457,0.05488553,-0.9961432,0.0,-0.1221281,0.991437,0.04623334,0.0,-0.9901505,-0.1184921,-0.07457387,0.0,-0.9853632,1.603688,-0.5924856,1.0,1.0,1.0,0.1422682,0.1107209,0.9836161,-0.0007764511,-6.181336e-05,-0.02009232,74.63334,4662.0,0.175,0.104
25.0,0.2036576,0.1514393,1.000063,0.08975761,0.07863914,1.000034,0.1467071,0.1150387,1.000049,0.06853896,-0.1228936,-0.9900503,0.0,0.05509051,0.991336,-0.1192394,0.0,-0.9961262,0.04636984,-0.07471544,0.0,-0.6109461,-1.683494,-0.8286416,1.0,0.06853899,0.05509051,-0.9961261,0.0,-0.1228936,0.9913359,0.04636982,0.0,-0.9900503,-0.1192394,-0.07471541,0.0,-0.9854138,1.603758,-0.5924284,1.0,1.0,1.0,0.1422006,0.1109772,0.983597,-0.0007764511,-6.181336e-05,-0.0200918,74.65556,4663.0,0.175,0.104
25.0,0.2044753,0.1506942,1.000055,0.08947049,0.07841679,1.000048,0.1469729,0.1145556,1.000051,0.06869769,-0.123239,-0.9899963,0.0,0.05510363,0.9912946,-0.1195769,0.0,-0.9961145,0.04633774,-0.07489055,0.0,-0.6108147,-1.683829,-0.8281859,1.0,0.06869768,0.05510363,-0.9961146,0.0,-0.123239,0.9912946,0.04633774,0.0,-0.9899964,-0.1195769,-0.07489058,0.0,-0.9854529,1.603797,-0.5924399,1.0,1.0,1.0,0.1424584,0.1105118,0.9836121,-0.0007764511,-6.071472e-05,-0.02009043,74.66667,4664.0,0.175,0.104
25.0,0.2043905,0.1500078,1.000136,0.08880708,0.07786429,1.000166,0.1465992,0.1139365,1.000151,0.06909537,-0.1235611,-0.9899285,0.0,0.05549381,0.9912397,-0.1198514,0.0,-0.9960654,0.04665373,-0.07534695,0.0,-0.6109714,-1.683878,-0.8281306,1.0,0.06909537,0.05549381,-0.9960653,0.0,-0.1235611,0.9912396,0.04665373,0.0,-0.9899285,-0.1198514,-0.07534695,0.0,-0.9856367,1.60378,-0.5924053,1.0,1.0,1.0,0.1421025,0.1099168,0.9837303,-0.0007760702,-5.899812e-05,-0.02008122,74.67778,4665.0,0.175,0.104
25.0,0.2043958,0.1497741,1.000214,0.08841123,0.07862771,1.000261,0.1464041,0.1142016,1.000238,0.06974584,-0.1237986,-0.9898532,0.0,0.05586714,0.991197,-0.1200302,0.0,-0.9959992,0.04692867,-0.07604814,0.0,-0.6108066,-1.68386,-0.828508,1.0,0.06974583,0.05586715,-0.9959992,0.0,-0.1237986,0.9911971,0.04692867,0.0,-0.9898533,-0.1200302,-0.07604815,0.0,-0.9859596,1.603715,-0.5923481,1.0,1.0,1.0,0.1419025,0.1101628,0.9837316,-0.0007758867,-5.817413e-05,-0.02008003,74.7,4666.0,0.175,0.104
25.0,0.2045587,0.1490068,0.9999183,0.08877113,0.07929009,0.9999946,0.146666,0.1141497,0.9999565,0.07028186,-0.1235834,-0.9898422,0.0,0.05584963,0.991227,-0.1197908,0.0,-0.9959626,0.04686321,-0.07656735,0.0,-0.6102096,-1.683781,-0.8292471,1.0,0.07028184,0.05584963,-0.9959624,0.0,-0.1235834,0.991227,0.0468632,0.0,-0.9898422,-0.1197908,-0.07656736,0.0,-0.9860244,1.603753,-0.5923318,1.0,1.0,1.0,0.1421866,0.1101378,0.9836934,-0.0007737121,-5.71823e-05,-0.02007956,74.71111,4667.0,0.175,0.104
25.0,0.2056079,0.1500246,1.000008,0.0885056,0.07919643,1.000036,0.1470571,0.114611,1.000022,0.0709312,-0.1236865,-0.9897831,0.0,0.05556637,0.9912315,-0.1198855,0.0,-0.9959324,0.04649501,-0.07718205,0.0,-0.6089717,-1.684157,-0.8294824,1.0,0.07093119,0.05556634,-0.9959322,0.0,-0.1236865,0.9912314,0.04649502,0.0,-0.9897829,-0.1198854,-0.07718202,0.0,-0.9861199,1.603785,-0.5922107,1.0,1.0,1.0,0.1425374,0.1105638,0.9835947,-0.0007705148,-5.661012e-05,-0.02007997,74.73334,4668.0,0.175,0.104
25.0,0.2056969,0.1505781,0.9998718,0.08797944,0.07921203,0.9998991,0.1468385,0.1148955,0.9998854,0.07122076,-0.12362,-0.9897706,0.0,0.05500356,0.9912673,-0.119849,0.0,-0.9959429,0.04590516,-0.07739836,0.0,-0.6077465,-1.684454,-0.8295767,1.0,0.07122076,0.05500355,-0.9959428,0.0,-0.12362,0.9912673,0.04590516,0.0,-0.9897705,-0.119849,-0.07739833,0.0,-0.9860386,1.603749,-0.5921634,1.0,1.0,1.0,0.1423447,0.1108521,0.9835902,-0.0007705148,-5.596926e-05,-0.02007997,74.74445,4669.0,0.175,0.104
25.0,0.2072434,0.1497269,0.9999239,0.08892649,0.07759535,0.9999456,0.1480853,0.1136616,0.9999349,0.0713976,-0.1236035,-0.9897599,0.0,0.05499643,0.9912706,-0.1198249,0.0,-0.9959307,0.04587805,-0.07757211,0.0,-0.6074962,-1.684466,-0.8296701,1.0,0.0713976,0.05499642,-0.9959305,0.0,-0.1236035,0.9912705,0.04587804,0.0,-0.9897598,-0.1198249,-0.07757208,0.0,-0.9860061,1.603756,-0.5921032,1.0,1.0,1.0,0.1435346,0.1096522,0.9835518,-0.0007705148,-5.557251e-05,-0.02008022,74.75555,4670.0,0.175,0.104
25.0,0.2059125,0.1492951,0.9999899,0.08893546,0.07788529,0.9999839,0.1474239,0.1135902,0.9999869,0.07147849,-0.1236658,-0.9897463,0.0,0.05563582,0.9912338,-0.1198337,0.0,-0.9958894,0.04649982,-0.07773215,0.0,-0.6082733,-1.684097,-0.8297556,1.0,0.07147848,0.05563582,-0.9958892,0.0,-0.1236658,0.9912339,0.04649982,0.0,-0.9897462,-0.1198337,-0.07773213,0.0,-0.9860341,1.603743,-0.5919614,1.0,1.0,1.0,0.1429035,0.1095883,0.9836509,-0.0007705148,-5.581666e-05,-0.02008359,74.77778,4671.0,0.175,0.104
25.0,0.205709,0.1503313,0.9999998,0.08890618,0.07749459,1.000024,0.147308,0.1139134,1.000012,0.07153457,-0.1235348,-0.9897586,0.0,0.05602598,0.9912317,-0.1196694,0.0,-0.9958634,0.04689169,-0.07782853,0.0,-0.6088308,-1.683742,-0.8301335,1.0,0.0715346,0.05602598,-0.9958633,0.0,-0.1235347,0.9912317,0.04689169,0.0,-0.9897585,-0.1196694,-0.07782849,0.0,-0.9860798,1.603747,-0.5919669,1.0,1.0,1.0,0.1427842,0.1098866,0.9836349,-0.0007728497,-4.963684e-05,-0.02011156,74.78889,4672.0,0.175,0.104
25.0,0.206268,0.1500268,1.00006,0.08853012,0.0779216,1.000043,0.1473988,0.113974,1.000051,0.07136822,-0.1239505,-0.9897186,0.0,0.05624337,0.9911702,-0.1200766,0.0,-0.9958631,0.04709547,-0.07770944,0.0,-0.6093015,-1.683904,-0.8293595,1.0,0.07136822,0.05624338,-0.9958631,0.0,-0.1239505,0.9911702,0.04709546,0.0,-0.9897186,-0.1200766,-0.07770944,0.0,-0.9860684,1.603718,-0.5919257,1.0,1.0,1.0,0.142865,0.1099388,0.9836174,-0.0007748641,-5.013274e-05,-0.02011571,74.81111,4673.0,0.175,0.104
25.0,0.2071024,0.1499012,0.9999785,0.0867648,0.07833163,0.9999752,0.1469336,0.1141163,0.9999768,0.07137287,-0.1240492,-0.9897059,0.0,0.05640676,0.9911505,-0.1201625,0.0,-0.9958535,0.04724976,-0.07773846,0.0,-0.6095322,-1.683925,-0.8291969,1.0,0.07137286,0.05640674,-0.9958534,0.0,-0.1240492,0.9911504,0.04724976,0.0,-0.9897059,-0.1201624,-0.07773846,0.0,-0.9860464,1.603766,-0.5919002,1.0,1.0,1.0,0.1424383,0.1100892,0.9836624,-0.0007811505,-5.085755e-05,-0.02012322,74.82223,4674.0,0.175,0.104
25.0,0.2060265,0.1502188,1.000018,0.08886693,0.07793751,1.000023,0.1474468,0.1140784,1.00002,0.07143354,-0.1241741,-0.9896859,0.0,0.05679011,0.9911174,-0.1202547,0.0,-0.9958274,0.04761414,-0.07785088,0.0,-0.6100439,-1.683782,-0.8291206,1.0,0.07143352,0.05679009,-0.9958273,0.0,-0.1241741,0.9911174,0.04761414,0.0,-0.9896858,-0.1202547,-0.07785088,0.0,-0.9860735,1.603764,-0.5918742,1.0,1.0,1.0,0.1429224,0.1100368,0.9835981,-0.0007870337,-4.791262e-05,-0.02013128,74.83334,4675.0,0.175,0.104
25.0,0.2061906,0.1499707,0.9999588,0.08822672,0.07812203,1.000004,0.1472093,0.1140472,0.9999813,0.07169032,-0.1239284,-0.9896982,0.0,0.05673181,0.9911515,-0.1200009,0.0,-0.9958123,0.04754445,-0.07808667,0.0,-0.6096601,-1.683666,-0.8297556,1.0,0.07169033,0.0567318,-0.9958121,0.0,-0.1239284,0.9911515,0.04754445,0.0,-0.9896979,-0.1200009,-0.07808664,0.0,-0.9861547,1.603784,-0.5918508,1.0,1.0,1.0,0.1427058,0.1100144,0.983632,-0.0007895129,-4.75464e-05,-0.02013316,74.85556,4676.0,0.175,0.104
25.0,0.205571,0.1498481,1.000015,0.08835529,0.07825059,1.000016,0.1469632,0.1140495,1.000016,0.07175356,-0.1239392,-0.9896922,0.0,0.05645244,0.9911638,-0.1200306,0.0,-0.9958236,0.04725791,-0.07811624,0.0,-0.6091886,-1.683816,-0.8297356,1.0,0.0717536,0.05645245,-0.9958236,0.0,-0.1239392,0.9911638,0.04725792,0.0,-0.9896921,-0.1200306,-0.07811622,0.0,-0.9861621,1.603734,-0.5918866,1.0,1.0,1.0,0.1424693,0.1100165,0.983666,-0.0007897262,-4.739381e-05,-0.0201325,74.86667,4677.0,0.175,0.104
25.0,0.2052612,0.1499054,1.000021,0.08836116,0.07858439,1.000033,0.1468114,0.1142453,1.000027,0.07197338,-0.1236438,-0.9897131,0.0,0.05606651,0.9912191,-0.1197547,0.0,-0.9958295,0.0468706,-0.07827365,0.0,-0.6082937,-1.683907,-0.8304256,1.0,0.07197336,0.0560665,-0.9958294,0.0,-0.1236438,0.9912192,0.0468706,0.0,-0.9897131,-0.1197547,-0.07827366,0.0,-0.9863067,1.603778,-0.5918314,1.0,1.0,1.0,0.1423211,0.1102044,0.9836664,-0.0007897262,-4.739381e-05,-0.02013104,74.88889,4678.0,0.175,0.104
25.0,0.2062579,0.1495921,1.000034,0.08839254,0.07856907,1.000035,0.1473252,0.1140806,1.000034,0.07211286,-0.1238286,-0.9896798,0.0,0.05596629,0.9912022,-0.1199411,0.0,-0.9958251,0.04673941,-0.07840866,0.0,-0.6080182,-1.684164,-0.8302042,1.0,0.07211287,0.05596628,-0.9958251,0.0,-0.1238286,0.9912023,0.04673941,0.0,-0.9896799,-0.1199411,-0.07840866,0.0,-0.9863382,1.6038,-0.5918581,1.0,1.0,1.0,0.1428084,0.1100385,0.9836144,-0.0007897262,-4.698944e-05,-0.02013013,74.9,4679.0,0.175,0.104
25.0,0.2063176,0.1494809,0.9999188,0.08924324,0.07844305,0.9999526,0.1477809,0.1139623,0.9999357,0.07212228,-0.1235602,-0.9897127,0.0,0.05604169,0.9912313,-0.1196659,0.0,-0.9958202,0.04683459,-0.07841438,0.0,-0.6081148,-1.683918,-0.8306728,1.0,0.07212228,0.05604168,-0.99582,0.0,-0.1235602,0.9912313,0.04683459,0.0,-0.9897127,-0.1196659,-0.07841437,0.0,-0.986334,1.603828,-0.5918441,1.0,1.0,1.0,0.1432541,0.1099294,0.9835618,-0.0007895129,-4.639436e-05,-0.02012727,74.92223,4680.0,0.175,0.104
25.0,0.2063611,0.1493184,1.00011,0.08986388,0.07844002,1.000068,0.148112,0.1138785,1.000089,0.07184768,-0.1236985,-0.9897155,0.0,0.05602424,0.9912138,-0.1198188,0.0,-0.995841,0.04683934,-0.07814652,0.0,-0.6083901,-1.684003,-0.8303038,1.0,0.07184766,0.05602422,-0.9958408,0.0,-0.1236985,0.9912138,0.04683935,0.0,-0.9897153,-0.1198188,-0.07814652,0.0,-0.9863617,1.603806,-0.5918675,1.0,1.0,1.0,0.1435464,0.1098263,0.9835308,-0.0007878803,-4.355621e-05,-0.02012137,74.93333,4681.0,0.175,0.104
25.0,0.206396,0.1494814,1.000096,0.08936785,0.07648791,1.000102,0.147882,0.1129847,1.000099,0.07189173,-0.1237172,-0.98971,0.0,0.0561457,0.991206,-0.1198258,0.0,-0.995831,0.04695347,-0.07820565,0.0,-0.6084773,-1.683925,-0.8304285,1.0,0.07189165,0.05614569,-0.9958308,0.0,-0.1237172,0.991206,0.04695347,0.0,-0.9897097,-0.1198258,-0.07820568,0.0,-0.9864691,1.603773,-0.5918186,1.0,1.0,1.0,0.1433439,0.1089795,0.9836544,-0.0007878803,-4.381561e-05,-0.02010344,74.94444,4682.0,0.175,0.104
25.0,0.2065748,0.1496129,1.000073,0.08924185,0.07733305,1.000054,0.1479081,0.1134728,1.000064,0.07141274,-0.124001,-0.9897091,0.0,0.05655023,0.9911497,-0.1201011,0.0,-0.9958425,0.04739152,-0.077793,0.0,-0.6095183,-1.68392,-0.8298455,1.0,0.07141274,0.05655022,-0.9958425,0.0,-0.124001,0.9911498,0.04739153,0.0,-0.989709,-0.1201011,-0.07779301,0.0,-0.986586,1.60382,-0.5917369,1.0,1.0,1.0,0.1433665,0.1094495,0.9835989,-0.0007880628,-4.540253e-05,-0.02009979,74.96667,4683.0,0.175,0.104
25.0,0.2063693,0.1493806,1.000067,0.08925207,0.07728282,1.000024,0.1478101,0.1133308,1.000045,0.07110018,-0.1241575,-0.9897119,0.0,0.05679587,0.9911172,-0.1202536,0.0,-0.9958509,0.04766149,-0.07752025,0.0,-0.6101711,-1.683869,-0.8294305,1.0,0.0711002,0.05679586,-0.9958509,0.0,-0.1241575,0.9911172,0.04766149,0.0,-0.9897119,-0.1202536,-0.07752024,0.0,-0.9865789,1.603825,-0.5916814,1.0,1.0,1.0,0.1432806,0.1093179,0.9836261,-0.000788711,-4.49066e-05,-0.02009148,74.97778,4684.0,0.175,0.104
1.0,-0.1139399,-0.1743418,1.000126,-0.1983527,-0.1949732,1.000138,-0.1561462,-0.1846575,1.000132,0.1262239,-0.09942504,-0.9870067,0.0,0.06162611,0.9938288,-0.09223116,0.0,-0.9900858,0.0491836,-0.1315721,0.0,-0.5560672,-1.659421,-0.8991004,1.0,0.1262239,0.06162611,-0.9900857,0.0,-0.09942503,0.9938288,0.04918361,0.0,-0.9870066,-0.09223117,-0.1315721,0.0,-0.9822171,1.600523,-0.5872344,1.0,1.0,1.0,-0.1499797,-0.1753758,0.9730105,0.001241455,-0.0006193085,-0.02093829,95.46667,5981.0,-0.175,-0.246
1.0,-0.1148945,-0.174915,1.000064,-0.1989715,-0.1958679,1.000087,-0.1569328,-0.1853916,1.000076,0.126449,-0.099277,-0.9869928,0.0,0.06175604,0.9938372,-0.09205355,0.0,-0.9900489,0.04931268,-0.1318008,0.0,-0.5560059,-1.659166,-0.8995128,1.0,0.1264491,0.06175603,-0.9900489,0.0,-0.09927699,0.9938371,0.04931268,0.0,-0.9869927,-0.09205354,-0.1318007,0.0,-0.982223,1.600474,-0.5872115,1.0,1.0,1.0,-0.1506962,-0.1760401,0.9727798,0.001235809,-0.0006225739,-0.02093973,95.47778,5982.0,-0.175,-0.246
1.0,-0.114913,-0.1746753,0.9999863,-0.1991208,-0.197309,1.000014,-0.1570167,-0.185992,1.0,0.1267272,-0.09915356,-0.9869696,0.0,0.06184276,0.9938456,-0.09190371,0.0,-0.9900081,0.0493902,-0.1320792,0.0,-0.5559118,-1.659054,-0.8998232,1.0,0.1267271,0.06184274,-0.9900078,0.0,-0.09915353,0.9938456,0.04939021,0.0,-0.9869694,-0.09190371,-0.1320792,0.0,-0.9821499,1.600525,-0.5872639,1.0,1.0,1.0,-0.1507684,-0.1766033,0.9726666,0.001234382,-0.0006239471,-0.02094032,95.48889,5983.0,-0.175,-0.246
1.0,-0.1152592,-0.1745566,1.000021,-0.1993886,-0.1972397,1.000037,-0.1573238,-0.1858981,1.000029,0.1271338,-0.0989158,-0.986941,0.0,0.06151873,0.9938858,-0.09168723,0.0,-0.989976,0.04905882,-0.1324416,0.0,-0.5550092,-1.659052,-0.9002049,1.0,0.1271337,0.06151873,-0.989976,0.0,-0.09891579,0.9938857,0.04905881,0.0,-0.9869412,-0.09168722,-0.1324416,0.0,-0.9819952,1.600514,-0.5872793,1.0,1.0,1.0,-0.1510502,-0.1765037,0.9726409,0.001231721,-0.0006242447,-0.02094107,95.51112,5984.0,-0.175,-0.246
1.0,-0.1155382,-0.1742065,0.9998375,-0.199017,-0.1974415,0.9998471,-0.1572775,-0.1858238,0.9998423,0.1272694,-0.09867184,-0.9869481,0.0,0.06086183,0.9939414,-0.09152272,0.0,-0.9899992,0.0484194,-0.1325037,0.0,-0.5538681,-1.659263,-0.9003127,1.0,0.1272695,0.06086183,-0.9899991,0.0,-0.09867183,0.9939414,0.04841942,0.0,-0.9869478,-0.09152272,-0.1325037,0.0,-0.9817937,1.60052,-0.5872831,1.0,1.0,1.0,-0.1510338,-0.1764668,0.9726502,0.001230484,-0.0006242447,-0.02094116,95.52222,5985.0,-0.175,-0.246
1.0,-0.1148518,-0.1739667,0.9999772,-0.1990221,-0.1984995,0.9999894,-0.156937,-0.1862331,0.9999833,0.1273847,-0.0979992,-0.9870003,0.0,0.06047869,0.9940227,-0.09089093,0.0,-0.9900079,0.04811434,-0.1325502,0.0,-0.5531195,-1.658872,-0.9012911,1.0,0.1273847,0.06047866,-0.9900076,0.0,-0.09799918,0.9940227,0.04811435,0.0,-0.987,-0.09089093,-0.1325501,0.0,-0.9816834,1.600489,-0.5872433,1.0,1.0,1.0,-0.1506865,-0.1768301,0.972638,0.001230484,-0.0006242447,-0.02094189,95.54445,5986.0,-0.175,-0.246
1.0,-0.1149109,-0.1731952,1.000069,-0.1985506,-0.19927,1.000088,-0.1567305,-0.1862323,1.000078,0.1274321,-0.09748048,-0.9870453,0.0,0.06061284,0.994064,-0.09034824,0.0,-0.9899935,0.04831436,-0.1325843,0.0,-0.5533034,-1.658252,-0.9021913,1.0,0.1274321,0.06061285,-0.9899935,0.0,-0.09748049,0.994064,0.04831436,0.0,-0.9870455,-0.09034824,-0.1325843,0.0,-0.9816424,1.600435,-0.5872657,1.0,1.0,1.0,-0.150481,-0.1768195,0.9726717,0.001230385,-0.0006239471,-0.02094151,95.55556,5987.0,-0.175,-0.246
1.0,-0.1149597,-0.1737988,0.9999621,-0.1987176,-0.1989648,0.9999458,-0.1568387,-0.186382,0.9999539,0.1268206,-0.09657272,-0.9872134,0.0,0.06160349,0.994095,-0.08933212,0.0,-0.9900109,0.04948664,-0.1320209,0.0,-0.5555298,-1.656595,-0.9034666,1.0,0.1268205,0.06160348,-0.9900108,0.0,-0.09657271,0.9940949,0.04948664,0.0,-0.9872133,-0.08933212,-0.1320209,0.0,-0.9814436,1.600326,-0.5872777,1.0,1.0,1.0,-0.1505949,-0.1769772,0.9726254,0.001229973,-0.0006217499,-0.02094085,95.57778,5988.0,-0.175,-0.246
1.0,-0.114471,-0.173745,0.9999979,-0.1987336,-0.1991271,1.000008,-0.1566022,-0.1864361,1.000003,0.1267874,-0.09623291,-0.9872509,0.0,0.06196606,0.9941073,-0.08894327,0.0,-0.9899926,0.04989916,-0.1320034,0.0,-0.5561309,-1.656019,-0.9040448,1.0,0.1267874,0.06196605,-0.9899924,0.0,-0.0962329,0.9941073,0.04989916,0.0,-0.9872509,-0.08894327,-0.1320034,0.0,-0.9813721,1.600313,-0.5872684,1.0,1.0,1.0,-0.1503692,-0.1770258,0.9726515,0.001232811,-0.0006209717,-0.02094052,95.58889,5989.0,-0.175,-0.246
1.0,-0.11433,-0.1725138,0.9999341,-0.1997133,-0.1971529,0.9999169,-0.1570218,-0.1848334,0.9999256,0.1265896,-0.09632377,-0.9872674,0.0,0.06214837,0.994089,-0.08902052,0.0,-0.9900064,0.05008798,-0.1318277,0.0,-0.5566381,-1.655949,-0.9038003,1.0,0.1265895,0.06214836,-0.9900063,0.0,-0.09632375,0.994089,0.05008798,0.0,-0.9872673,-0.08902053,-0.1318277,0.0,-0.9813351,1.600298,-0.587278,1.0,1.0,1.0,-0.150813,-0.1755505,0.9728502,0.001234604,-0.0006187134,-0.02094038,95.60001,5990.0,-0.175,-0.246
1.0,-0.1142416,-0.1720151,1.000198,-0.1998198,-0.1973779,1.000217,-0.1570306,-0.1846963,1.000208,0.1268607,-0.09653254,-0.9872122,0.0,0.06257138,0.9940499,-0.08916048,0.0,-0.9899451,0.05046026,-0.1321461,0.0,-0.5569644,-1.655893,-0.9038385,1.0,0.1268608,0.06257136,-0.9899449,0.0,-0.09653255,0.9940499,0.05046025,0.0,-0.9872121,-0.08916048,-0.1321461,0.0,-0.981471,1.600303,-0.5872459,1.0,1.0,1.0,-0.1507856,-0.1753794,0.9728853,0.001235131,-0.0006171722,-0.02093917,95.62222,5991.0,-0.175,-0.246
1.0,-0.1145388,-0.171621,0.9999633,-0.2001667,-0.1971243,0.9999762,-0.1573527,-0.1843725,0.9999697,0.127021,-0.0966831,-0.9871768,0.0,0.06282727,0.994024,-0.08926965,0.0,-0.9899083,0.05068251,-0.1323362,0.0,-0.5572301,-1.65583,-0.9037036,1.0,0.127021,0.06282727,-0.9899083,0.0,-0.09668308,0.9940239,0.05068251,0.0,-0.9871768,-0.08926965,-0.1323362,0.0,-0.9814261,1.600271,-0.5872778,1.0,1.0,1.0,-0.1511285,-0.1751119,0.9728802,0.001236588,-0.0006160279,-0.02093868,95.63334,5992.0,-0.175,-0.246
1.0,-0.1132278,-0.1663664,1.000112,-0.2007067,-0.1934058,1.000144,-0.156967,-0.1798858,1.000128,0.1277399,-0.09635036,-0.9871167,0.0,0.06262645,0.9940676,-0.08892452,0.0,-0.9898286,0.05046039,-0.1330162,0.0,-0.5561398,-1.655729,-0.9048696,1.0,0.1277399,0.06262644,-0.9898285,0.0,-0.09635035,0.9940675,0.0504604,0.0,-0.9871165,-0.08892451,-0.1330162,0.0,-0.9817006,1.600271,-0.5872965,1.0,1.0,1.0,-0.1508632,-0.1709545,0.9736606,0.001241127,-0.0006085053,-0.02093571,95.65556,5993.0,-0.175,-0.246
1.0,-0.1113861,-0.1659518,1.00007,-0.2004522,-0.1939545,1.000109,-0.1559187,-0.1799528,1.000089,0.1280862,-0.0959307,-0.9871126,0.0,0.06232797,0.994122,-0.08852433,0.0,-0.9898025,0.05018598,-0.1333125,0.0,-0.5552828,-1.655539,-0.9056504,1.0,0.1280862,0.06232797,-0.9898027,0.0,-0.0959307,0.994122,0.05018599,0.0,-0.9871126,-0.08852433,-0.1333125,0.0,-0.9816719,1.600245,-0.5872701,1.0,1.0,1.0,-0.1498952,-0.1710534,0.9737926,0.001246513,-0.0006030274,-0.02093436,95.66667,5994.0,-0.175,-0.246
1.0,-0.1096821,-0.1686241,1.000065,-0.200832,-0.1957844,1.000094,-0.155257,-0.1822041,1.00008,0.1286563,-0.09536734,-0.987093,0.0,0.06178072,0.9942026,-0.08800181,0.0,-0.9897629,0.04966133,-0.1338024,0.0,-0.5538071,-1.655425,-0.9065692,1.0,0.1286564,0.06178073,-0.989763,0.0,-0.09536734,0.9942026,0.04966133,0.0,-0.9870931,-0.08800182,-0.1338023,0.0,-0.9814909,1.600263,-0.5872282,1.0,1.0,1.0,-0.1492303,-0.1731669,0.9735213,0.00125309,-0.0005896683,-0.02093189,95.68889,5995.0,-0.175,-0.246
1.0,-0.1089276,-0.1697498,1.000088,-0.2001545,-0.1958662,1.000124,-0.1545407,-0.1828077,1.000106,0.1290192,-0.09530973,-0.9870513,0.0,0.06185402,0.9942057,-0.08791552,0.0,-0.9897112,0.04971029,-0.1341669,0.0,-0.5535625,-1.655336,-0.9069173,1.0,0.1290192,0.06185401,-0.9897111,0.0,-0.09530972,0.9942057,0.04971029,0.0,-0.9870511,-0.08791552,-0.1341669,0.0,-0.9815232,1.600253,-0.587258,1.0,1.0,1.0,-0.148549,-0.1737423,0.9735229,0.001258262,-0.0005858994,-0.02093017,95.7,5996.0,-0.175,-0.246
1.0,-0.1084936,-0.1696947,1.000015,-0.1997106,-0.1939334,1.000002,-0.1541021,-0.181814,1.000009,0.1288655,-0.0954076,-0.9870619,0.0,0.0615504,0.9942115,-0.08806299,0.0,-0.9897501,0.04940577,-0.133992,0.0,-0.553216,-1.655656,-0.9066285,1.0,0.1288655,0.0615504,-0.9897501,0.0,-0.09540761,0.9942115,0.04940577,0.0,-0.9870618,-0.08806298,-0.133992,0.0,-0.9815701,1.600283,-0.5872276,1.0,1.0,1.0,-0.1481802,-0.1728514,0.9737376,0.001260865,-0.0005841294,-0.02092941,95.72222,5997.0,-0.175,-0.246
