flag,xl,yl,zl,xr,yr,zr,xc,yc,zc,mat_00,mat_10,mat_20,mat_30,mat_01,mat_11,mat_21,mat_31,mat_02,mat_12,mat_22,mat_32,mat_03,mat_13,mat_23,mat_33,ctw_00,ctw_10,ctw_20,ctw_30,ctw_01,ctw_11,ctw_21,ctw_31,ctw_02,ctw_12,ctw_22,ctw_32,ctw_03,ctw_13,ctw_23,ctw_33,opennessl,opennessr,ray_x,ray_y,ray_z,eye_x,eye_y,eye_z,time,frame,u,v
6.0,-0.09217834,-0.06597643,1.000017,-0.1998131,-0.08235607,1.000025,-0.1459957,-0.07416607,1.000021,0.04087704,-0.09980966,-0.9941667,0.0,-0.02500891,0.9945843,-0.1008799,0.0,-0.9988512,-0.02898671,-0.03815955,0.0,-0.9495291,-1.785294,-0.8051554,1.0,0.04087706,-0.02500893,-0.9988511,0.0,-0.09980965,0.9945842,-0.02898669,0.0,-0.9941664,-0.1008799,-0.03815952,0.0,-0.9398341,1.670654,-1.030912,1.0,1.0,1.0,-0.1419691,-0.07321123,0.98716,0.000969178,0.001620842,-0.02187658,33.11111,2000.0,-0.175,-0.15849999999999997
6.0,-0.09217887,-0.06558517,1.000053,-0.1999917,-0.08389472,1.000083,-0.146085,-0.07473975,1.000068,0.04111832,-0.09964005,-0.9941736,0.0,-0.02485413,0.9946052,-0.1007113,0.0,-0.998845,-0.0288504,-0.03842002,0.0,-0.9494525,-1.785038,-0.8057295,1.0,0.04111832,-0.02485413,-0.9988452,0.0,-0.09964006,0.9946052,-0.0288504,0.0,-0.9941736,-0.1007113,-0.03842004,0.0,-0.9398564,1.670664,-1.030811,1.0,1.0,1.0,-0.1420415,-0.0737569,0.987109,0.0009687347,0.001619705,-0.02187403,33.12222,2001.0,-0.175,-0.15849999999999997
6.0,-0.09117413,-0.06576885,1.000048,-0.1996272,-0.08250049,1.00006,-0.1454007,-0.07413449,1.000054,0.0412268,-0.09952842,-0.9941804,0.0,-0.02498404,0.9946125,-0.1006077,0.0,-0.9988376,-0.02898638,-0.03851807,0.0,-0.9490473,-1.785083,-0.8060426,1.0,0.04122679,-0.02498404,-0.9988372,0.0,-0.0995284,0.9946123,-0.02898636,0.0,-0.9941802,-0.1006077,-0.03851806,0.0,-0.9398918,1.67066,-1.030734,1.0,1.0,1.0,-0.1414011,-0.07318267,0.9872437,0.0009677364,0.001619034,-0.02186929,33.13334,2002.0,-0.175,-0.15849999999999997
6.0,-0.09116094,-0.06572989,0.9999537,-0.1998723,-0.08224199,0.9999632,-0.1455164,-0.07398599,0.9999585,0.04131919,-0.09971201,-0.994158,0.0,-0.02475667,0.9946001,-0.1007853,0.0,-0.9988393,-0.02877641,-0.03862751,0.0,-0.9493154,-1.785021,-0.8057923,1.0,0.04131917,-0.02475668,-0.9988393,0.0,-0.09971202,0.9946002,-0.02877641,0.0,-0.9941581,-0.1007853,-0.03862754,0.0,-0.9398481,1.670668,-1.030706,1.0,1.0,1.0,-0.1415242,-0.07304524,0.9872362,0.000966941,0.001618935,-0.0218716,33.16667,2003.0,-0.175,-0.15849999999999997
6.0,-0.09217066,-0.06540547,0.9999477,-0.1999487,-0.08201755,0.9999505,-0.1460596,-0.07371157,0.9999491,0.04132348,-0.09941645,-0.9941875,0.0,-0.02497884,0.9946236,-0.1004983,0.0,-0.9988335,-0.02898658,-0.03861797,0.0,-0.9488692,-1.784981,-0.8062201,1.0,0.04132345,-0.02497884,-0.9988336,0.0,-0.09941644,0.9946236,-0.02898659,0.0,-0.9941875,-0.1004983,-0.03861801,0.0,-0.9397798,1.670658,-1.030638,1.0,1.0,1.0,-0.1420395,-0.0727772,0.987182,0.0009631645,0.001618805,-0.02186753,33.17778,2004.0,-0.175,-0.15849999999999997
6.0,-0.09197114,-0.06542911,1.000287,-0.2004034,-0.08437134,1.000319,-0.1461869,-0.07489998,1.000303,0.04158086,-0.09942795,-0.9941756,0.0,-0.0251261,0.9946174,-0.100523,0.0,-0.9988192,-0.02915959,-0.03885877,0.0,-0.9481062,-1.785089,-0.8066919,1.0,0.04158083,-0.02512611,-0.9988192,0.0,-0.09942795,0.9946174,-0.02915959,0.0,-0.9941756,-0.100523,-0.0388588,0.0,-0.9400581,1.670567,-1.030386,1.0,1.0,1.0,-0.1420992,-0.07389665,0.9870902,0.0009609452,0.001622055,-0.02185867,33.2,2005.0,-0.175,-0.15849999999999997
6.0,-0.09232736,-0.06638648,1.000129,-0.2000915,-0.08377834,1.00014,-0.1462092,-0.07508247,1.000134,0.04157257,-0.09929732,-0.994189,0.0,-0.02540144,0.9946226,-0.1004028,0.0,-0.9988125,-0.02942783,-0.0388267,0.0,-0.947567,-1.785201,-0.8071327,1.0,0.04157255,-0.02540144,-0.9988126,0.0,-0.09929732,0.9946225,-0.02942783,0.0,-0.994189,-0.1004028,-0.03882673,0.0,-0.9403153,1.670493,-1.030315,1.0,1.0,1.0,-0.1421405,-0.07408387,0.9870703,0.0009598853,0.001622498,-0.02185613,33.22222,2006.0,-0.175,-0.15849999999999997
6.0,-0.09201919,-0.06679004,1.000053,-0.2005053,-0.08406264,1.000053,-0.1462622,-0.07542641,1.000053,0.04156715,-0.09924254,-0.9941947,0.0,-0.02540243,0.9946281,-0.1003479,0.0,-0.9988127,-0.02942614,-0.03882283,0.0,-0.947531,-1.785164,-0.8072754,1.0,0.04156712,-0.02540243,-0.9988127,0.0,-0.09924254,0.9946281,-0.02942613,0.0,-0.9941947,-0.1003479,-0.03882285,0.0,-0.940367,1.670496,-1.030277,1.0,1.0,1.0,-0.1421968,-0.0744203,0.9870369,0.0009586709,0.001623283,-0.02185787,33.23333,2007.0,-0.175,-0.15849999999999997
6.0,-0.091536,-0.06681527,1.000011,-0.2012889,-0.08392198,0.9999777,-0.1464129,-0.07536875,0.9999942,0.04138499,-0.09931207,-0.9941955,0.0,-0.02551935,0.9946182,-0.1004166,0.0,-0.9988174,-0.02952697,-0.03862792,0.0,-0.947441,-1.78538,-0.8069044,1.0,0.04138502,-0.02551935,-0.9988173,0.0,-0.09931207,0.9946182,-0.02952696,0.0,-0.9941952,-0.1004166,-0.03862788,0.0,-0.9403204,1.670567,-1.030206,1.0,1.0,1.0,-0.1423471,-0.07436828,0.9870191,0.0009584194,0.001624046,-0.02186146,33.25556,2008.0,-0.175,-0.15849999999999997
6.0,-0.09154828,-0.06694894,1.000109,-0.2017862,-0.08503862,1.000119,-0.1466671,-0.07599366,1.000114,0.04144639,-0.09910616,-0.9942135,0.0,-0.02558026,0.994637,-0.1002148,0.0,-0.9988134,-0.02958578,-0.0386889,0.0,-0.9472128,-1.785219,-0.8074113,1.0,0.04144633,-0.02558027,-0.998813,0.0,-0.09910616,0.994637,-0.02958577,0.0,-0.9942132,-0.1002147,-0.03868894,0.0,-0.9404066,1.6705,-1.030143,1.0,1.0,1.0,-0.1425646,-0.07495852,0.9869431,0.0009580925,0.001625397,-0.02186292,33.26667,2009.0,-0.175,-0.15849999999999997
6.0,-0.09109443,-0.06596631,1.000117,-0.1948972,-0.08795956,1.000086,-0.142996,-0.0769633,1.000102,0.04120731,-0.09933817,-0.9942002,0.0,-0.02533743,0.9946214,-0.1004304,0.0,-0.9988294,-0.02932896,-0.03846872,0.0,-0.9477059,-1.785181,-0.8070074,1.0,0.04120732,-0.02533744,-0.9988293,0.0,-0.09933816,0.9946214,-0.02932895,0.0,-0.9942,-0.1004304,-0.0384687,0.0,-0.9406111,1.670519,-1.029998,1.0,1.0,1.0,-0.1390934,-0.07594159,0.9873631,0.0009769052,0.001642677,-0.02190075,33.28889,2010.0,-0.175,-0.15849999999999997
6.0,-0.09160741,-0.06621462,0.9999853,-0.1948652,-0.08691052,0.999935,-0.1432369,-0.07656264,0.9999601,0.04066688,-0.09945051,-0.994211,0.0,-0.02474814,0.9946287,-0.1005046,0.0,-0.9988661,-0.02869208,-0.03798723,0.0,-0.9489765,-1.784717,-0.8065026,1.0,0.04066689,-0.02474814,-0.9988663,0.0,-0.09945053,0.9946288,-0.02869209,0.0,-0.9942112,-0.1005046,-0.03798724,0.0,-0.9407331,1.670588,-1.029745,1.0,1.0,1.0,-0.1393425,-0.07556507,0.9873569,0.0009769052,0.001643929,-0.02191285,33.32222,2011.0,-0.175,-0.15849999999999997
6.0,-0.09177707,-0.06694762,1.000021,-0.1940238,-0.08758479,1.000002,-0.1429006,-0.07726626,1.000011,0.04046738,-0.09938872,-0.9942255,0.0,-0.02470677,0.9946368,-0.1004355,0.0,-0.9988754,-0.02862847,-0.03779477,0.0,-0.949203,-1.78466,-0.8064678,1.0,0.04046737,-0.02470678,-0.9988752,0.0,-0.09938872,0.9946367,-0.02862846,0.0,-0.9942254,-0.1004355,-0.03779477,0.0,-0.9407741,1.670639,-1.029708,1.0,1.0,1.0,-0.1390101,-0.07624259,0.9873516,0.0009776689,0.001646294,-0.02191731,33.33334,2012.0,-0.175,-0.15849999999999997
6.0,-0.09171487,-0.06599489,0.99997,-0.1935102,-0.08714391,0.9999586,-0.1426127,-0.07656951,0.9999642,0.0403766,-0.09945366,-0.9942227,0.0,-0.02477917,0.9946284,-0.1005006,0.0,-0.9988772,-0.02869388,-0.03769535,0.0,-0.9490698,-1.784729,-0.8062372,1.0,0.04037661,-0.02477917,-0.9988772,0.0,-0.09945366,0.9946284,-0.02869388,0.0,-0.9942226,-0.1005006,-0.03769533,0.0,-0.9407569,1.670598,-1.029606,1.0,1.0,1.0,-0.1387504,-0.0755794,0.9874392,0.0009777974,0.001646469,-0.02192025,33.34444,2013.0,-0.175,-0.15849999999999997
6.0,-0.09156246,-0.06441558,1.000016,-0.1929158,-0.0868543,1.000026,-0.142239,-0.07563487,1.000021,0.04035455,-0.09876368,-0.9942923,0.0,-0.02554858,0.9946756,-0.09983867,0.0,-0.9988587,-0.0294317,-0.03761637,0.0,-0.9478142,-1.784865,-0.8073384,1.0,0.04035451,-0.02554859,-0.9988588,0.0,-0.09876368,0.9946755,-0.02943171,0.0,-0.9942923,-0.09983867,-0.03761642,0.0,-0.9407616,1.670542,-1.029633,1.0,1.0,1.0,-0.1383983,-0.07468012,0.9875569,0.0009779064,0.001645294,-0.02192053,33.36667,2014.0,-0.175,-0.15849999999999997
6.0,-0.0928198,-0.06422623,1.000106,-0.1926908,-0.08693952,1.000135,-0.1427551,-0.07558269,1.000121,0.04047531,-0.09802012,-0.9943611,0.0,-0.02547365,0.9947518,-0.09909555,0.0,-0.9988559,-0.02934094,-0.03776592,0.0,-0.9477562,-1.78419,-0.8088438,1.0,0.04047526,-0.02547366,-0.9988556,0.0,-0.09802011,0.9947518,-0.02934092,0.0,-0.9943609,-0.09909553,-0.03776595,0.0,-0.9408084,1.67053,-1.029568,1.0,1.0,1.0,-0.1388746,-0.07461783,0.9874948,0.000977952,0.001645432,-0.02192076,33.37778,2015.0,-0.175,-0.15849999999999997
6.0,-0.09261267,-0.0636035,1.000027,-0.1926202,-0.0864363,1.000036,-0.1426162,-0.07501996,1.000031,0.04053259,-0.09702587,-0.9944562,0.0,-0.02512896,0.9948603,-0.09808952,0.0,-0.9988621,-0.02896547,-0.03788614,0.0,-0.9481919,-1.782937,-0.8107826,1.0,0.04053263,-0.02512896,-0.9988621,0.0,-0.09702587,0.9948603,-0.02896548,0.0,-0.9944562,-0.09808952,-0.0378861,0.0,-0.9408461,1.670417,-1.029474,1.0,1.0,1.0,-0.1387609,-0.0740841,0.987551,0.0009785471,0.001644936,-0.02192226,33.4,2016.0,-0.175,-0.15849999999999997
6.0,-0.09144025,-0.06455786,0.9999703,-0.1923779,-0.08696915,0.9999964,-0.1419088,-0.07576331,0.9999833,0.04078871,-0.09696683,-0.9944516,0.0,-0.02521391,0.9948629,-0.09804113,0.0,-0.9988497,-0.02907298,-0.03813428,0.0,-0.9477923,-1.782997,-0.8110585,1.0,0.04078871,-0.02521391,-0.9988495,0.0,-0.09696683,0.9948629,-0.02907298,0.0,-0.9944513,-0.09804112,-0.03813425,0.0,-0.9407905,1.670423,-1.029468,1.0,1.0,1.0,-0.1380913,-0.07480912,0.9875903,0.0009814762,0.001645302,-0.02192713,33.41111,2017.0,-0.175,-0.15849999999999997
6.0,-0.09182209,-0.06401087,1.000024,-0.1922986,-0.08499718,1.000041,-0.14206,-0.07450403,1.000032,0.04089862,-0.09683064,-0.9944603,0.0,-0.02516987,0.9948773,-0.0979064,0.0,-0.9988463,-0.02903468,-0.03825188,0.0,-0.9476788,-1.782779,-0.8114835,1.0,0.04089859,-0.02516988,-0.9988461,0.0,-0.09683064,0.9948773,-0.02903467,0.0,-0.99446,-0.09790639,-0.03825188,0.0,-0.9408569,1.670344,-1.029388,1.0,1.0,1.0,-0.1382401,-0.0735924,0.9876608,0.000983269,0.001645515,-0.02194602,33.43333,2018.0,-0.175,-0.15849999999999997
6.0,-0.09098607,-0.06389266,1.000019,-0.1915205,-0.08530052,1.00002,-0.1412533,-0.07459665,1.00002,0.04086214,-0.09663118,-0.9944811,0.0,-0.02519538,0.9948963,-0.09770676,0.0,-0.998847,-0.02904883,-0.03821892,0.0,-0.9475877,-1.782721,-0.8118127,1.0,0.04086212,-0.02519538,-0.9988471,0.0,-0.09663117,0.9948962,-0.02904883,0.0,-0.9944811,-0.09770676,-0.03821894,0.0,-0.9408784,1.670428,-1.029308,1.0,1.0,1.0,-0.137478,-0.07369259,0.9877597,0.0009857947,0.001648376,-0.02194933,33.44445,2019.0,-0.175,-0.15849999999999997
6.0,-0.09098409,-0.06389116,1.0,-0.1915176,-0.08529862,0.9999999,-0.1412508,-0.07459514,0.9999999,0.04086214,-0.09663118,-0.9944811,0.0,-0.02519538,0.9948963,-0.09770676,0.0,-0.998847,-0.02904883,-0.03821892,0.0,-0.9475877,-1.782721,-0.8118127,1.0,0.04086212,-0.02519538,-0.9988471,0.0,-0.09663117,0.9948962,-0.02904883,0.0,-0.9944811,-0.09770676,-0.03821894,0.0,-0.9408784,1.670428,-1.029308,1.0,1.0,1.0,-0.137478,-0.07369259,0.9877597,0.0009857947,0.001648376,-0.02194933,33.45555,2020.0,-0.175,-0.15849999999999997
6.0,-0.09045275,-0.06342716,1.000014,-0.190781,-0.08396029,1.00006,-0.1406165,-0.07369354,1.000037,0.04119748,-0.09641921,-0.9944879,0.0,-0.02512807,0.994918,-0.09750187,0.0,-0.998835,-0.0290064,-0.03856528,0.0,-0.947264,-1.78249,-0.8125084,1.0,0.04119747,-0.02512808,-0.998835,0.0,-0.09641922,0.9949182,-0.0290064,0.0,-0.9944878,-0.09750187,-0.03856529,0.0,-0.9408711,1.670408,-1.029199,1.0,1.0,1.0,-0.1368804,-0.07282823,0.9879068,0.0009869998,0.001648071,-0.02195824,33.47778,2021.0,-0.175,-0.15849999999999997
6.0,-0.09046799,-0.06438762,1.000063,-0.1906734,-0.08391371,1.000093,-0.1405704,-0.07415042,1.000078,0.0414257,-0.09619793,-0.9944999,0.0,-0.02488595,0.9949461,-0.09727772,0.0,-0.9988317,-0.02877888,-0.03882235,0.0,-0.9474632,-1.782127,-0.8131837,1.0,0.04142569,-0.02488596,-0.9988316,0.0,-0.09619792,0.9949461,-0.02877887,0.0,-0.9944998,-0.09727771,-0.03882236,0.0,-0.9408985,1.670437,-1.029213,1.0,1.0,1.0,-0.1368258,-0.07326921,0.9878818,0.0009868545,0.001652222,-0.0219643,33.48889,2022.0,-0.175,-0.15849999999999997
6.0,-0.09014565,-0.06501804,1.000135,-0.1910437,-0.08452594,1.000147,-0.1405945,-0.07477187,1.000141,0.04161036,-0.09598095,-0.994513,0.0,-0.02483124,0.9949684,-0.09706382,0.0,-0.9988253,-0.02873385,-0.03901762,0.0,-0.9472278,-1.781922,-0.8139471,1.0,0.04161032,-0.02483124,-0.9988254,0.0,-0.09598095,0.9949684,-0.02873385,0.0,-0.9945131,-0.09706383,-0.03901767,0.0,-0.9410972,1.67043,-1.029075,1.0,1.0,1.0,-0.1368347,-0.07386468,0.9878362,0.0009851297,0.001653931,-0.02195079,33.51111,2023.0,-0.175,-0.15849999999999997
6.0,-0.08964662,-0.06258357,0.9999856,-0.191449,-0.08216324,1.000009,-0.1405477,-0.07237347,0.9999974,0.04179716,-0.09572275,-0.9945302,0.0,-0.02486888,0.9949919,-0.09681237,0.0,-0.9988166,-0.02877933,-0.03920734,0.0,-0.946928,-1.781885,-0.8145317,1.0,0.04179718,-0.02486888,-0.9988166,0.0,-0.09572274,0.9949919,-0.02877933,0.0,-0.99453,-0.09681236,-0.03920732,0.0,-0.9410642,1.670555,-1.029024,1.0,1.0,1.0,-0.136831,-0.07156935,0.9880056,0.0009830715,0.001654152,-0.02194376,33.52222,2024.0,-0.175,-0.15849999999999997
6.0,-0.08915231,-0.06245377,1.000009,-0.1912798,-0.08041257,1.000017,-0.1402159,-0.07143304,1.000013,0.04199272,-0.09605645,-0.9944897,0.0,-0.02476226,0.9949619,-0.09714765,0.0,-0.9988111,-0.02870531,-0.0394026,0.0,-0.9468359,-1.782059,-0.8141677,1.0,0.04199274,-0.02476226,-0.998811,0.0,-0.09605645,0.9949619,-0.0287053,0.0,-0.9944897,-0.09714764,-0.03940259,0.0,-0.9410995,1.67054,-1.028945,1.0,1.0,1.0,-0.1365231,-0.07066569,0.9881133,0.0009829793,0.00165258,-0.02194302,33.54445,2025.0,-0.175,-0.15849999999999997
6.0,-0.08829685,-0.06255992,1.000057,-0.1901538,-0.08043636,1.000066,-0.1392253,-0.07149796,1.000062,0.04208034,-0.09599177,-0.9944922,0.0,-0.02486929,0.9949649,-0.09708969,0.0,-0.9988046,-0.02881788,-0.03948122,0.0,-0.9465636,-1.782154,-0.8143942,1.0,0.04208035,-0.02486929,-0.9988048,0.0,-0.09599176,0.9949648,-0.02881788,0.0,-0.9944922,-0.09708969,-0.03948122,0.0,-0.9411491,1.670571,-1.028943,1.0,1.0,1.0,-0.1355763,-0.07073423,0.9882388,0.0009827195,0.001652649,-0.02193894,33.55556,2026.0,-0.175,-0.15849999999999997
6.0,-0.08798593,-0.06511226,0.9999548,-0.1897601,-0.08031049,0.9999554,-0.1388728,-0.07271155,0.999955,0.04211032,-0.09607629,-0.9944829,0.0,-0.02497602,0.9949535,-0.09717935,0.0,-0.9988008,-0.02893047,-0.03949815,0.0,-0.9463716,-1.782403,-0.8142119,1.0,0.04211026,-0.02497602,-0.9988008,0.0,-0.0960763,0.9949535,-0.02893047,0.0,-0.9944828,-0.09717935,-0.03949821,0.0,-0.9411145,1.670647,-1.028962,1.0,1.0,1.0,-0.1352437,-0.07191239,0.9881992,0.000982102,0.001652939,-0.02193847,33.56667,2027.0,-0.175,-0.15849999999999997
6.0,-0.08850195,-0.06260191,1.000002,-0.1899301,-0.0803832,1.00001,-0.1392158,-0.07149237,1.000006,0.04241103,-0.09674382,-0.9944053,0.0,-0.02510601,0.9948834,-0.0978611,0.0,-0.9987847,-0.02911594,-0.03976512,0.0,-0.9458711,-1.783088,-0.8133097,1.0,0.04241098,-0.02510602,-0.9987848,0.0,-0.09674383,0.9948834,-0.02911594,0.0,-0.9944054,-0.0978611,-0.03976518,0.0,-0.9411469,1.670626,-1.028979,1.0,1.0,1.0,-0.1355738,-0.07073314,0.9882392,0.0009814529,0.001652512,-0.02193569,33.58889,2028.0,-0.175,-0.15849999999999997
6.0,-0.08821724,-0.06174937,1.000059,-0.1896767,-0.08028804,1.000056,-0.1389469,-0.07101876,1.000058,0.04247862,-0.09732971,-0.9943452,0.0,-0.02494017,0.9948301,-0.09844263,0.0,-0.998786,-0.02898085,-0.03983158,0.0,-0.9461326,-1.78351,-0.8124371,1.0,0.0424786,-0.02494018,-0.998786,0.0,-0.09732971,0.9948301,-0.02898085,0.0,-0.9943452,-0.09844261,-0.03983159,0.0,-0.9412411,1.670714,-1.029032,1.0,1.0,1.0,-0.1353155,-0.07027663,0.9883071,0.0009806603,0.001652962,-0.02193479,33.6,2029.0,-0.175,-0.15849999999999997
6.0,-0.08800937,-0.06147886,1.000064,-0.1892123,-0.08030052,1.000076,-0.1386108,-0.07088968,1.00007,0.04271281,-0.09798983,-0.9942705,0.0,-0.02491241,0.9947647,-0.09910877,0.0,-0.9987769,-0.02900289,-0.040048,0.0,-0.9459621,-1.784052,-0.8115604,1.0,0.04271278,-0.02491242,-0.9987767,0.0,-0.09798982,0.9947647,-0.02900288,0.0,-0.9942702,-0.09910875,-0.04004803,0.0,-0.9413246,1.670713,-1.029049,1.0,1.0,1.0,-0.1349944,-0.07015462,0.9883597,0.0009801108,0.001653542,-0.02194174,33.62222,2030.0,-0.175,-0.15849999999999997
6.0,-0.08799492,-0.06179854,0.9999168,-0.1886341,-0.08020085,0.9999068,-0.1383147,-0.07099976,0.9999118,0.04289871,-0.09897558,-0.9941647,0.0,-0.02520463,0.9946569,-0.1001122,0.0,-0.9987614,-0.02935223,-0.04017484,0.0,-0.9454288,-1.785244,-0.8099389,1.0,0.0428987,-0.02520463,-0.9987615,0.0,-0.09897558,0.9946569,-0.02935224,0.0,-0.9941647,-0.1001122,-0.04017486,0.0,-0.9413506,1.670791,-1.029198,1.0,1.0,1.0,-0.1347318,-0.07027506,0.9883869,0.0009798743,0.001655502,-0.02194644,33.64444,2031.0,-0.175,-0.15849999999999997
6.0,-0.08809933,-0.06177086,0.9999766,-0.1895149,-0.08107457,0.9999552,-0.1388071,-0.07142277,0.9999659,0.04274088,-0.09925304,-0.994144,0.0,-0.02521646,0.994629,-0.1003856,0.0,-0.998768,-0.02935937,-0.04000849,0.0,-0.9456911,-1.785454,-0.8092989,1.0,0.04274085,-0.02521647,-0.9987679,0.0,-0.09925304,0.994629,-0.02935936,0.0,-0.9941437,-0.1003856,-0.0400085,0.0,-0.9413515,1.670776,-1.029325,1.0,1.0,1.0,-0.1351869,-0.07067475,0.9882963,0.0009784997,0.001656059,-0.02195027,33.65556,2032.0,-0.175,-0.15849999999999997
6.0,-0.08808379,-0.06276485,1.000201,-0.1892646,-0.08138903,1.000197,-0.1386743,-0.07207683,1.000199,0.04271382,-0.09922256,-0.994148,0.0,-0.02540036,0.9946268,-0.1003617,0.0,-0.9987644,-0.02953855,-0.03996402,0.0,-0.9454321,-1.785566,-0.8095011,1.0,0.04271382,-0.02540035,-0.9987644,0.0,-0.09922256,0.9946267,-0.02953855,0.0,-0.9941482,-0.1003617,-0.03996402,0.0,-0.9415494,1.670714,-1.029358,1.0,1.0,1.0,-0.1350238,-0.07129087,0.9882743,0.000978386,0.001657974,-0.02195528,33.66667,2033.0,-0.175,-0.15849999999999997
6.0,-0.0879848,-0.06267501,1.000044,-0.1888364,-0.08135606,1.000047,-0.1384106,-0.07201559,1.000045,0.0427916,-0.09936479,-0.9941305,0.0,-0.02560433,0.9946061,-0.1005144,0.0,-0.9987558,-0.02975522,-0.04001659,0.0,-0.9450708,-1.785882,-0.8093321,1.0,0.04279158,-0.02560433,-0.9987559,0.0,-0.09936479,0.9946061,-0.02975523,0.0,-0.9941306,-0.1005144,-0.04001663,0.0,-0.9415946,1.670702,-1.029421,1.0,1.0,1.0,-0.1347936,-0.0712447,0.9883091,0.0009781728,0.001657974,-0.02195528,33.67778,2034.0,-0.175,-0.15849999999999997
6.0,-0.08825915,-0.06250358,1.000047,-0.1890111,-0.08338097,1.000061,-0.1386351,-0.07294221,1.000054,0.04291075,-0.09947534,-0.9941145,0.0,-0.0258409,0.9945875,-0.1006381,0.0,-0.9987448,-0.03000728,-0.04010797,0.0,-0.9446176,-1.786319,-0.8093905,1.0,0.04291075,-0.02584092,-0.9987446,0.0,-0.09947534,0.9945875,-0.03000727,0.0,-0.9941142,-0.1006381,-0.04010796,0.0,-0.9417871,1.670785,-1.029497,1.0,1.0,1.0,-0.1349954,-0.07213385,0.9882171,0.0009766929,0.001657974,-0.02195528,33.7,2035.0,-0.175,-0.15849999999999997
6.0,-0.08759941,-0.06339423,0.9999098,-0.1893453,-0.08461586,0.9999132,-0.1384724,-0.07400499,0.9999115,0.04299259,-0.09954321,-0.994104,0.0,-0.02616219,0.9945706,-0.1007214,0.0,-0.9987327,-0.03033821,-0.04015493,0.0,-0.9440991,-1.786776,-0.8092006,1.0,0.04299263,-0.02616219,-0.9987329,0.0,-0.09954322,0.9945707,-0.03033822,0.0,-0.9941041,-0.1007214,-0.0401549,0.0,-0.9417018,1.670872,-1.029604,1.0,1.0,1.0,-0.1348473,-0.07316626,0.9881614,0.0009738924,0.001656456,-0.02195074,33.71111,2036.0,-0.175,-0.15849999999999997
6.0,-0.08837131,-0.06516939,0.9999856,-0.1892837,-0.09131511,0.9999783,-0.1388276,-0.07824225,0.999982,0.04307252,-0.09962039,-0.9940929,0.0,-0.02665354,0.9945475,-0.1008208,0.0,-0.9987164,-0.03083871,-0.04018241,0.0,-0.9432273,-1.787289,-0.8089404,1.0,0.0430725,-0.02665355,-0.9987164,0.0,-0.09962039,0.9945475,-0.0308387,0.0,-0.9940928,-0.1008208,-0.04018243,0.0,-0.9415851,1.670846,-1.029639,1.0,1.0,1.0,-0.1351339,-0.0772268,0.9878132,0.0009718025,0.001650627,-0.02193559,33.73333,2037.0,-0.175,-0.15849999999999997
6.0,-0.08804978,-0.06694042,0.9999982,-0.1976383,-0.08832957,1.000014,-0.1428439,-0.07763505,1.000006,0.04326999,-0.09973795,-0.9940726,0.0,-0.02692574,0.9945265,-0.1009555,0.0,-0.9987006,-0.03113448,-0.04034764,0.0,-0.9426444,-1.787644,-0.808858,1.0,0.04326998,-0.02692574,-0.9987004,0.0,-0.09973794,0.9945266,-0.03113447,0.0,-0.9940723,-0.1009555,-0.04034763,0.0,-0.9415711,1.67082,-1.029712,1.0,1.0,1.0,-0.1389256,-0.07658201,0.9873373,0.0009448705,0.001627892,-0.02189307,33.74445,2038.0,-0.175,-0.15849999999999997
6.0,-0.08801845,-0.06737302,0.9999862,-0.1970112,-0.08820736,0.9999675,-0.1425149,-0.07779025,0.9999768,0.04311526,-0.09971674,-0.9940814,0.0,-0.02711888,0.9945231,-0.1009373,0.0,-0.9987021,-0.03131032,-0.0401749,0.0,-0.942518,-1.787784,-0.8087192,1.0,0.04311524,-0.0271189,-0.9987019,0.0,-0.09971672,0.9945231,-0.0313103,0.0,-0.9940811,-0.1009372,-0.04017491,0.0,-0.9415677,1.670803,-1.029761,1.0,1.0,1.0,-0.1386173,-0.07673283,0.9873689,0.0009436496,0.00162217,-0.02187534,33.75556,2039.0,-0.175,-0.15849999999999997
6.0,-0.08851363,-0.06738143,0.9999838,-0.1973261,-0.08822956,0.9999931,-0.1429196,-0.07780562,0.9999884,0.04321402,-0.09956153,-0.9940925,0.0,-0.02751542,0.994526,-0.1008011,0.0,-0.9986868,-0.03170889,-0.04023796,0.0,-0.9418431,-1.788064,-0.8089914,1.0,0.043214,-0.02751542,-0.998687,0.0,-0.09956153,0.994526,-0.0317089,0.0,-0.9940926,-0.1008011,-0.040238,0.0,-0.941534,1.670814,-1.029856,1.0,1.0,1.0,-0.1389986,-0.07674046,0.9873146,0.0009412225,0.001619308,-0.02186379,33.77778,2040.0,-0.175,-0.15849999999999997
6.0,-0.0892632,-0.06734085,1.000279,-0.1967822,-0.0892351,1.000252,-0.143023,-0.07828823,1.000265,0.04296446,-0.09895629,-0.9941639,0.0,-0.02794977,0.9945742,-0.100205,0.0,-0.9986856,-0.0320919,-0.03996551,0.0,-0.9414845,-1.787862,-0.8100556,1.0,0.04296443,-0.02794977,-0.9986855,0.0,-0.09895627,0.9945742,-0.0320919,0.0,-0.9941638,-0.100205,-0.03996553,0.0,-0.9417977,1.670676,-1.029997,1.0,1.0,1.0,-0.1390571,-0.0771765,0.9872724,0.0009393916,0.001611053,-0.02183313,33.8,2041.0,-0.175,-0.15849999999999997
6.0,-0.08946778,-0.06728946,0.9999775,-0.1973341,-0.08916885,0.9999633,-0.1434011,-0.07822916,0.9999705,0.04284394,-0.09886163,-0.9941785,0.0,-0.02824093,0.9945747,-0.1001181,0.0,-0.9986826,-0.03236598,-0.03981954,0.0,-0.9411768,-1.788023,-0.8100495,1.0,0.04284392,-0.02824093,-0.9986826,0.0,-0.09886163,0.9945748,-0.03236599,0.0,-0.9941784,-0.1001181,-0.03981955,0.0,-0.9417769,1.670642,-1.030064,1.0,1.0,1.0,-0.1394542,-0.07713809,0.9872195,0.0009381417,0.001611046,-0.02183146,33.81111,2042.0,-0.175,-0.15849999999999997
6.0,-0.08932647,-0.0678339,1.000086,-0.1970313,-0.08843752,1.000067,-0.1431792,-0.07813602,1.000077,0.04263097,-0.09857558,-0.994216,0.0,-0.02837737,0.9945997,-0.09983042,0.0,-0.9986878,-0.03246911,-0.03960341,0.0,-0.9412059,-1.78789,-0.8104296,1.0,0.04263095,-0.02837738,-0.9986878,0.0,-0.09857559,0.9945998,-0.03246911,0.0,-0.994216,-0.09983042,-0.03960343,0.0,-0.9418599,1.670621,-1.030118,1.0,1.0,1.0,-0.1392304,-0.07704367,0.9872584,0.0009377673,0.001611496,-0.02183146,33.82222,2043.0,-0.175,-0.15849999999999997
6.0,-0.0894483,-0.068216,1.000017,-0.1963194,-0.08819737,0.9999933,-0.1428843,-0.07820693,1.000005,0.04233134,-0.09815253,-0.9942707,0.0,-0.02837181,0.9946433,-0.09939726,0.0,-0.9987008,-0.03241689,-0.03931981,0.0,-0.9415614,-1.787495,-0.8109265,1.0,0.04233133,-0.02837182,-0.9987006,0.0,-0.09815253,0.9946433,-0.03241687,0.0,-0.9942705,-0.09939725,-0.03931981,0.0,-0.94187,1.670603,-1.030169,1.0,1.0,1.0,-0.1389598,-0.07711808,0.9872907,0.000937569,0.001609245,-0.02182919,33.83334,2044.0,-0.175,-0.15849999999999997
6.0,-0.08836634,-0.06841624,1.000037,-0.1961171,-0.08799071,1.000046,-0.1422417,-0.07820353,1.000042,0.04238397,-0.09781018,-0.9943022,0.0,-0.02859947,0.9946699,-0.09906545,0.0,-0.9986921,-0.03263531,-0.03936076,0.0,-0.9411361,-1.78741,-0.8116191,1.0,0.04238398,-0.02859947,-0.9986919,0.0,-0.09781016,0.9946698,-0.0326353,0.0,-0.9943021,-0.09906545,-0.03936073,0.0,-0.9419323,1.670564,-1.030183,1.0,1.0,1.0,-0.1383452,-0.07711869,0.987377,0.0009373939,0.001609734,-0.02183513,33.85556,2045.0,-0.175,-0.15849999999999997
6.0,-0.08989069,-0.06775528,1.000144,-0.196228,-0.08762792,1.000147,-0.1430595,-0.07769161,1.000146,0.04242587,-0.09766495,-0.9943146,0.0,-0.02899594,0.9946711,-0.09893718,0.0,-0.9986787,-0.03302859,-0.03936791,0.0,-0.9404472,-1.787658,-0.8119879,1.0,0.04242589,-0.02899595,-0.9986789,0.0,-0.09766497,0.9946712,-0.03302859,0.0,-0.9943146,-0.09893718,-0.03936791,0.0,-0.9420637,1.670527,-1.030215,1.0,1.0,1.0,-0.1391106,-0.07661368,0.9873087,0.0009374777,0.001613396,-0.02184187,33.86667,2046.0,-0.175,-0.15849999999999997
6.0,-0.09065776,-0.06729541,1.00004,-0.1961304,-0.08783549,1.000038,-0.1433942,-0.07756539,1.000039,0.04226863,-0.09698793,-0.9943877,0.0,-0.03017984,0.994699,-0.09830117,0.0,-0.9986505,-0.03416553,-0.03911746,0.0,-0.938669,-1.788224,-0.8127509,1.0,0.04226859,-0.03017985,-0.9986503,0.0,-0.09698792,0.9946989,-0.03416551,0.0,-0.9943875,-0.09830115,-0.03911748,0.0,-0.9419493,1.670521,-1.03029,1.0,1.0,1.0,-0.1394436,-0.07649925,0.9872707,0.0009381566,0.001615982,-0.02184474,33.88889,2047.0,-0.175,-0.15849999999999997
6.0,-0.09100202,-0.06695449,0.999877,-0.195992,-0.08794633,0.9998863,-0.143497,-0.07745016,0.9998817,0.04235977,-0.09664541,-0.9944171,0.0,-0.03084176,0.9947096,-0.09798762,0.0,-0.9986262,-0.0348203,-0.03915495,0.0,-0.9374321,-1.788507,-0.8131942,1.0,0.04235977,-0.03084176,-0.9986264,0.0,-0.09664539,0.9947095,-0.03482031,0.0,-0.9944171,-0.09798761,-0.03915496,0.0,-0.9417958,1.67045,-1.030261,1.0,1.0,1.0,-0.1395647,-0.07640042,0.9872612,0.0009399876,0.001617417,-0.0218457,33.9,2048.0,-0.175,-0.15849999999999997
6.0,-0.09129007,-0.06677688,1.000023,-0.1972259,-0.0864893,1.000014,-0.144258,-0.07663309,1.000019,0.04229707,-0.09638773,-0.9944448,0.0,-0.03156095,0.9947098,-0.09775582,0.0,-0.9986066,-0.03552042,-0.03903121,0.0,-0.9362987,-1.788961,-0.8135002,1.0,0.04229705,-0.03156096,-0.9986064,0.0,-0.09638772,0.9947099,-0.0355204,0.0,-0.9944447,-0.0977558,-0.03903121,0.0,-0.9418121,1.670422,-1.03029,1.0,1.0,1.0,-0.1402769,-0.07559813,0.9872221,0.0009418717,0.001618378,-0.02185044,33.91111,2049.0,-0.175,-0.15849999999999997
6.0,-0.0919805,-0.06734971,1.000162,-0.1954123,-0.08602719,1.000163,-0.1436964,-0.07668839,1.000163,0.04233587,-0.09632981,-0.9944487,0.0,-0.03198566,0.9947002,-0.09771587,0.0,-0.9985914,-0.03594499,-0.03903031,0.0,-0.935557,-1.789295,-0.8137296,1.0,0.04233585,-0.03198566,-0.9985912,0.0,-0.09632981,0.9947003,-0.03594498,0.0,-0.9944487,-0.09771588,-0.03903032,0.0,-0.9419672,1.670374,-1.030315,1.0,1.0,1.0,-0.1397301,-0.07565327,0.9872954,0.0009498447,0.001626305,-0.02186817,33.93333,2050.0,-0.175,-0.15849999999999997
6.0,-0.09284674,-0.06567669,0.9998975,-0.1966905,-0.08584011,0.999832,-0.1447693,-0.07575854,0.9998648,0.04134905,-0.09668072,-0.9944562,0.0,-0.03219349,0.9946617,-0.09803928,0.0,-0.998626,-0.03606884,-0.03801584,0.0,-0.936428,-1.789791,-0.81214,1.0,0.04134907,-0.03219349,-0.998626,0.0,-0.09668071,0.9946617,-0.03606884,0.0,-0.9944562,-0.09803928,-0.03801583,0.0,-0.9419555,1.670468,-1.030571,1.0,1.0,1.0,-0.1407955,-0.0747719,0.9872112,0.0009513702,0.001628387,-0.02188,33.95555,2051.0,-0.175,-0.15849999999999997
6.0,-0.09282944,-0.06347182,0.9998965,-0.196068,-0.08414157,0.9998547,-0.1444494,-0.07380702,0.9998756,0.04098856,-0.0969525,-0.9944447,0.0,-0.03211716,0.9946389,-0.09829523,0.0,-0.9986433,-0.03596772,-0.037655,0.0,-0.9369549,-1.789862,-0.8112759,1.0,0.04098858,-0.03211716,-0.9986432,0.0,-0.09695249,0.9946389,-0.03596771,0.0,-0.9944447,-0.09829522,-0.03765498,0.0,-0.9418961,1.670429,-1.030609,1.0,1.0,1.0,-0.1405111,-0.07290225,0.9873915,0.0009528343,0.001632538,-0.02188557,33.96667,2052.0,-0.175,-0.15849999999999997
6.0,-0.09309916,-0.06191132,0.9999682,-0.1967106,-0.0851841,0.9999124,-0.1449054,-0.07354796,0.9999402,0.04042035,-0.09685554,-0.9944773,0.0,-0.0320704,0.9946522,-0.09817605,0.0,-0.9986679,-0.0358616,-0.03709799,0.0,-0.9376379,-1.789702,-0.8109456,1.0,0.04042035,-0.03207041,-0.9986681,0.0,-0.09685554,0.9946522,-0.03586161,0.0,-0.9944774,-0.09817607,-0.037098,0.0,-0.9419098,1.670445,-1.030655,1.0,1.0,1.0,-0.1409365,-0.07264868,0.9873495,0.0009539574,0.001638489,-0.02189706,33.97778,2053.0,-0.175,-0.15849999999999997
6.0,-0.09301127,-0.06103654,0.9999589,-0.1968644,-0.08678018,0.9999039,-0.1449385,-0.07390862,0.9999314,0.03963953,-0.09723411,-0.9944718,0.0,-0.03199207,0.9946203,-0.09852382,0.0,-0.9987017,-0.03572064,-0.03631556,0.0,-0.9387417,-1.789917,-0.8095785,1.0,0.03963953,-0.03199206,-0.9987018,0.0,-0.0972341,0.9946203,-0.03572065,0.0,-0.994472,-0.09852382,-0.03631557,0.0,-0.9419329,1.670493,-1.03086,1.0,1.0,1.0,-0.1409632,-0.07300488,0.9873194,0.0009547425,0.001649178,-0.02191758,34.0,2054.0,-0.175,-0.15849999999999997
6.0,-0.09298702,-0.06063828,0.9999263,-0.1976476,-0.08858227,0.9998651,-0.1453178,-0.07461047,0.9998957,0.03915685,-0.09751274,-0.9944637,0.0,-0.03226747,0.9945845,-0.09879512,0.0,-0.9987119,-0.03595734,-0.03579831,0.0,-0.9387966,-1.790379,-0.8085753,1.0,0.03915685,-0.03226747,-0.9987119,0.0,-0.09751275,0.9945846,-0.03595734,0.0,-0.9944637,-0.09879512,-0.03579831,0.0,-0.9419231,1.670507,-1.03091,1.0,1.0,1.0,-0.1413149,-0.07369123,0.9872181,0.000955726,0.001665932,-0.02196536,34.01111,2055.0,-0.175,-0.15849999999999997
6.0,-0.09291963,-0.05950962,0.9998446,-0.1968464,-0.08981258,0.9998043,-0.1448835,-0.07466129,0.9998245,0.03880888,-0.09749661,-0.994479,0.0,-0.03269586,0.9945719,-0.09878166,0.0,-0.9987116,-0.03634897,-0.03541052,0.0,-0.9384391,-1.790756,-0.8080929,1.0,0.03880892,-0.03269587,-0.9987116,0.0,-0.09749661,0.9945718,-0.03634895,0.0,-0.9944788,-0.09878165,-0.03541048,0.0,-0.9418041,1.670528,-1.030937,1.0,1.0,1.0,-0.1409115,-0.07375699,0.987271,0.0009585796,0.001676247,-0.02199099,34.02222,2056.0,-0.175,-0.15849999999999997
6.0,-0.09312636,-0.06044837,0.999917,-0.196381,-0.08779084,0.9999106,-0.1447537,-0.0741196,0.9999138,0.03835565,-0.09726387,-0.9945194,0.0,-0.03253266,0.9946025,-0.09852672,0.0,-0.9987345,-0.03613343,-0.03498435,0.0,-0.9392157,-1.790353,-0.8080226,1.0,0.03835562,-0.03253267,-0.9987343,0.0,-0.09726388,0.9946025,-0.03613341,0.0,-0.9945191,-0.09852669,-0.03498436,0.0,-0.9417065,1.670523,-1.030987,1.0,1.0,1.0,-0.1407817,-0.07322992,0.9873286,0.0009606788,0.001676247,-0.02200989,34.04445,2057.0,-0.175,-0.15849999999999997
6.0,-0.09409055,-0.06106008,0.999984,-0.1992079,-0.08786681,0.9999917,-0.1466491,-0.07446332,0.9999879,0.03831494,-0.09705124,-0.9945415,0.0,-0.03198078,0.9946435,-0.09829325,0.0,-0.9987538,-0.03557231,-0.03500593,0.0,-0.9401899,-1.789568,-0.808424,1.0,0.03831494,-0.03198078,-0.9987539,0.0,-0.09705125,0.9946434,-0.03557231,0.0,-0.9945417,-0.09829325,-0.03500594,0.0,-0.9416679,1.670452,-1.030977,1.0,1.0,1.0,-0.1425682,-0.07353767,0.9870493,0.000968514,0.001678856,-0.0220212,34.06667,2058.0,-0.175,-0.15849999999999997
6.0,-0.09258761,-0.06151338,1.000093,-0.199819,-0.0884732,1.000109,-0.146203,-0.0749934,1.0001,0.03843015,-0.09698279,-0.9945439,0.0,-0.03180301,0.9946561,-0.09822264,0.0,-0.9987551,-0.0354042,-0.03514045,0.0,-0.9403552,-1.789284,-0.8087584,1.0,0.03843016,-0.03180301,-0.998755,0.0,-0.09698279,0.9946562,-0.0354042,0.0,-0.9945438,-0.09822264,-0.03514044,0.0,-0.9417375,1.670378,-1.030953,1.0,1.0,1.0,-0.1421344,-0.07404472,0.987074,0.0009784242,0.001680702,-0.02202319,34.08889,2059.0,-0.175,-0.15849999999999997
2.0,-0.01949466,-0.1402276,0.9999809,-0.1495519,-0.1747435,0.9999628,-0.08452359,-0.1574856,0.9999719,0.03907114,-0.09811803,-0.9944075,0.0,-0.03053639,0.9945853,-0.09933537,0.0,-0.9987698,-0.03424677,-0.0358634,0.0,-0.944063,-1.789587,-0.8127518,1.0,0.03907112,-0.03053639,-0.9987697,0.0,-0.09811801,0.9945853,-0.03424676,0.0,-0.9944075,-0.09933537,-0.03586341,0.0,-0.9469116,1.670334,-1.033337,1.0,1.0,1.0,-0.08192831,-0.1529932,0.9848253,0.0004833899,0.001256775,-0.02186156,37.43333,2264.0,-0.0875,-0.246
2.0,-0.01863612,-0.1403282,1.000178,-0.1495028,-0.1748017,1.000216,-0.08406873,-0.1575646,1.000197,0.03937465,-0.09785877,-0.9944212,0.0,-0.03046779,0.9946125,-0.099084,0.0,-0.99876,-0.03419923,-0.03618097,0.0,-0.9440335,-1.789324,-0.8137002,1.0,0.03937463,-0.0304678,-0.9987597,0.0,-0.09785876,0.9946125,-0.03419921,0.0,-0.994421,-0.09908399,-0.03618097,0.0,-0.9470906,1.670297,-1.033497,1.0,1.0,1.0,-0.08147393,-0.1530416,0.9848555,0.0004828637,0.001258057,-0.02186235,37.45555,2265.0,-0.0875,-0.246
2.0,-0.01860753,-0.1395354,1.000025,-0.1495429,-0.1747671,1.000014,-0.08407547,-0.1571513,1.000019,0.03929025,-0.09782147,-0.9944281,0.0,-0.03056028,0.9946133,-0.09904714,0.0,-0.9987604,-0.03428158,-0.03608918,0.0,-0.9440268,-1.789396,-0.813695,1.0,0.03929027,-0.03056027,-0.9987603,0.0,-0.09782147,0.9946133,-0.03428158,0.0,-0.994428,-0.09904713,-0.03608916,0.0,-0.9471113,1.670313,-1.033565,1.0,1.0,1.0,-0.08149891,-0.1526778,0.9849098,0.0004828181,0.001257698,-0.02186208,37.46667,2266.0,-0.0875,-0.246
2.0,-0.01829074,-0.1397027,0.999974,-0.1493281,-0.1748358,0.9999703,-0.08380941,-0.1572691,0.9999721,0.03934193,-0.09805472,-0.9944031,0.0,-0.03071536,0.9945846,-0.09928782,0.0,-0.9987536,-0.03444962,-0.03611708,0.0,-0.9437513,-1.789829,-0.813305,1.0,0.03934192,-0.03071536,-0.9987537,0.0,-0.09805474,0.9945847,-0.03444962,0.0,-0.9944031,-0.09928782,-0.03611709,0.0,-0.9471252,1.670398,-1.033608,1.0,1.0,1.0,-0.08124699,-0.1527998,0.9849118,0.0004830621,0.001258049,-0.02185884,37.47778,2267.0,-0.0875,-0.246
2.0,-0.01829189,-0.1399434,0.999976,-0.1493644,-0.1748737,0.9999919,-0.08382793,-0.1574085,0.9999841,0.03954613,-0.09827526,-0.9943733,0.0,-0.0309179,0.9945548,-0.09952281,0.0,-0.9987394,-0.03467968,-0.03629237,0.0,-0.9432766,-1.790252,-0.8130702,1.0,0.03954617,-0.0309179,-0.9987392,0.0,-0.09827524,0.9945548,-0.03467967,0.0,-0.9943731,-0.09952279,-0.03629232,0.0,-0.9471295,1.67042,-1.033681,1.0,1.0,1.0,-0.08126232,-0.1529294,0.9848904,0.0004830174,0.001258064,-0.0218564,37.48889,2268.0,-0.0875,-0.246
2.0,-0.01800702,-0.1394041,1.000045,-0.14939,-0.1749825,1.000056,-0.08369821,-0.1571932,1.000051,0.03977036,-0.09851417,-0.9943408,0.0,-0.03182021,0.9944983,-0.0998025,0.0,-0.9987022,-0.03560931,-0.03641683,0.0,-0.9415751,-1.791404,-0.8127457,1.0,0.03977036,-0.03182021,-0.9987019,0.0,-0.09851415,0.9944984,-0.0356093,0.0,-0.9943404,-0.09980249,-0.03641681,0.0,-0.9471777,1.670473,-1.033741,1.0,1.0,1.0,-0.08113544,-0.1527187,0.9849335,0.0004830174,0.001258598,-0.02185731,37.52222,2269.0,-0.0875,-0.246
2.0,-0.0182924,-0.1396128,1.000033,-0.1493903,-0.1748872,1.000072,-0.08384063,-0.1572495,1.000052,0.03995091,-0.09804916,-0.9943793,0.0,-0.03193378,0.9945402,-0.09934801,0.0,-0.9986913,-0.03572333,-0.03660172,0.0,-0.9412146,-1.791189,-0.8136981,1.0,0.03995093,-0.03193378,-0.9986913,0.0,-0.09804916,0.9945402,-0.03572334,0.0,-0.9943793,-0.09934802,-0.03660171,0.0,-0.9471467,1.670513,-1.033753,1.0,1.0,1.0,-0.0812709,-0.1527703,0.9849143,0.0004829401,0.001259216,-0.02185886,37.53333,2270.0,-0.0875,-0.246
2.0,-0.01803872,-0.139595,1.000033,-0.1494513,-0.1739195,1.000041,-0.083745,-0.1567573,1.000037,0.04002184,-0.09807449,-0.9943739,0.0,-0.03196057,0.9945365,-0.09937687,0.0,-0.9986875,-0.03575801,-0.03666866,0.0,-0.9411401,-1.791202,-0.8137491,1.0,0.04002184,-0.03196057,-0.9986876,0.0,-0.0980745,0.9945365,-0.03575801,0.0,-0.9943741,-0.09937688,-0.03666867,0.0,-0.9471761,1.670469,-1.033794,1.0,1.0,1.0,-0.08118574,-0.1523096,0.9849927,0.0004828256,0.001259216,-0.02186202,37.54445,2271.0,-0.0875,-0.246
2.0,-0.01727795,-0.1392474,1.00011,-0.1496021,-0.1736918,1.00013,-0.0834398,-0.1564694,1.00012,0.04008496,-0.09763777,-0.9944144,0.0,-0.03220257,0.9945711,-0.09895124,0.0,-0.9986773,-0.03598916,-0.03672314,0.0,-0.940711,-1.791092,-0.8146043,1.0,0.04008494,-0.03220257,-0.9986772,0.0,-0.09763777,0.994571,-0.03598916,0.0,-0.9944143,-0.09895124,-0.03672315,0.0,-0.9472241,1.670469,-1.033841,1.0,1.0,1.0,-0.0808915,-0.1520289,0.9850603,0.0004834672,0.001257515,-0.0218615,37.55556,2272.0,-0.0875,-0.246
2.0,-0.01708995,-0.1387633,1.000198,-0.1491973,-0.1730237,1.000178,-0.08314388,-0.1558937,1.000188,0.04009295,-0.09754556,-0.9944232,0.0,-0.03193454,0.9945899,-0.09884945,0.0,-0.9986855,-0.03571962,-0.03676099,0.0,-0.9412144,-1.790681,-0.8150619,1.0,0.04009297,-0.03193454,-0.9986855,0.0,-0.09754555,0.9945898,-0.03571961,0.0,-0.9944231,-0.09884944,-0.03676096,0.0,-0.9474533,1.670367,-1.033902,1.0,1.0,1.0,-0.08060731,-0.1514784,0.9851685,0.0004811473,0.001255127,-0.02186196,37.57778,2273.0,-0.0875,-0.246
2.0,-0.01725476,-0.1387072,1.000015,-0.149162,-0.1721741,0.9999827,-0.08320887,-0.1554408,0.9999988,0.03993005,-0.09789424,-0.9943956,0.0,-0.03185847,0.9945585,-0.09918957,0.0,-0.9986946,-0.03564057,-0.03659397,0.0,-0.9415377,-1.790914,-0.8143601,1.0,0.03993001,-0.03185848,-0.9986944,0.0,-0.09789423,0.9945584,-0.03564056,0.0,-0.9943953,-0.09918955,-0.036594,0.0,-0.9475205,1.670397,-1.033938,1.0,1.0,1.0,-0.08068828,-0.1510778,0.9852232,0.0004800875,0.001255142,-0.02186199,37.58889,2274.0,-0.0875,-0.246
2.0,-0.01705906,-0.1361761,0.9998973,-0.149273,-0.1728251,0.9998619,-0.08316651,-0.1545009,0.9998797,0.03967112,-0.09810767,-0.9943847,0.0,-0.03128216,0.9945585,-0.0993728,0.0,-0.998723,-0.03504873,-0.03638625,0.0,-0.9428799,-1.790503,-0.813729,1.0,0.03967114,-0.03128216,-0.998723,0.0,-0.09810767,0.9945585,-0.03504873,0.0,-0.9943848,-0.09937282,-0.03638623,0.0,-0.9474167,1.670402,-1.034039,1.0,1.0,1.0,-0.08066772,-0.1502058,0.9853583,0.0004798127,0.001251396,-0.02186349,37.61111,2275.0,-0.0875,-0.246
2.0,-0.01705938,-0.1361764,0.9999028,-0.1495338,-0.1726061,0.9998825,-0.08329688,-0.1543916,0.9998926,0.03952909,-0.09826908,-0.9943746,0.0,-0.03097717,0.9945534,-0.09951819,0.0,-0.9987382,-0.03473678,-0.03626966,0.0,-0.9436175,-1.790402,-0.8132808,1.0,0.03952906,-0.03097718,-0.9987381,0.0,-0.09826908,0.9945534,-0.03473677,0.0,-0.9943744,-0.09951818,-0.03626969,0.0,-0.9473465,1.670484,-1.034117,1.0,1.0,1.0,-0.08079101,-0.1500994,0.9853644,0.0004781801,0.001251396,-0.02186587,37.62222,2276.0,-0.0875,-0.246
2.0,-0.01686359,-0.1365017,1.000066,-0.1495776,-0.1736696,1.000081,-0.0832203,-0.1550856,1.000074,0.03934813,-0.09804513,-0.9944038,0.0,-0.03080476,0.9945824,-0.09928168,0.0,-0.9987506,-0.03453892,-0.03611469,0.0,-0.9441617,-1.790021,-0.8134648,1.0,0.03934812,-0.03080476,-0.9987506,0.0,-0.09804513,0.9945824,-0.03453892,0.0,-0.9944038,-0.09928168,-0.03611469,0.0,-0.9472643,1.670476,-1.034185,1.0,1.0,1.0,-0.08069569,-0.15073,0.9852759,0.0004780199,0.001253159,-0.0218643,37.64444,2277.0,-0.0875,-0.246
2.0,-0.017326,-0.136106,1.000208,-0.1496152,-0.1737958,1.00025,-0.08347001,-0.1549504,1.000229,0.03962791,-0.09772371,-0.9944243,0.0,-0.03007338,0.9946386,-0.09894318,0.0,-0.9987618,-0.03382661,-0.03647655,0.0,-0.945243,-1.789069,-0.8146818,1.0,0.0396279,-0.03007338,-0.9987619,0.0,-0.09772371,0.9946386,-0.03382661,0.0,-0.9944243,-0.0989432,-0.03647657,0.0,-0.947516,1.670444,-1.034308,1.0,1.0,1.0,-0.08092432,-0.1505784,0.9852804,0.0004780199,0.00125399,-0.02186528,37.67778,2278.0,-0.0875,-0.246
2.0,-0.01732428,-0.1366332,1.000104,-0.1498293,-0.1740195,1.00011,-0.0835767,-0.1553264,1.000107,0.03963542,-0.09767044,-0.9944293,0.0,-0.02985543,0.9946512,-0.0988822,0.0,-0.9987682,-0.03360836,-0.03650743,0.0,-0.9456569,-1.788871,-0.8149152,1.0,0.03963541,-0.02985544,-0.9987679,0.0,-0.09767044,0.9946512,-0.03360835,0.0,-0.9944292,-0.09888218,-0.03650741,0.0,-0.9476137,1.670489,-1.034363,1.0,1.0,1.0,-0.08103137,-0.1509511,0.9852145,0.0004782332,0.001256607,-0.02186706,37.68889,2279.0,-0.0875,-0.246
