flag,xl,yl,zl,xr,yr,zr,xc,yc,zc,mat_00,mat_10,mat_20,mat_30,mat_01,mat_11,mat_21,mat_31,mat_02,mat_12,mat_22,mat_32,mat_03,mat_13,mat_23,mat_33,ctw_00,ctw_10,ctw_20,ctw_30,ctw_01,ctw_11,ctw_21,ctw_31,ctw_02,ctw_12,ctw_22,ctw_32,ctw_03,ctw_13,ctw_23,ctw_33,opennessl,opennessr,ray_x,ray_y,ray_z,eye_x,eye_y,eye_z,time,frame,u,v
6.0,-0.1834009,-0.08037984,1.000054,-0.2204509,-0.06632394,1.00005,-0.2019258,-0.0733519,1.000052,-0.7705028,-0.08936739,0.6311409,0.0,0.05734375,0.9763911,0.2082594,0.0,0.634852,-0.1966565,0.7471875,0.0,0.5498558,-1.804723,0.3123837,1.0,-0.7705029,0.05734378,0.6348521,0.0,-0.0893674,0.9763911,-0.1966565,0.0,0.631141,0.2082595,0.7471876,0.0,0.06522395,1.665528,-0.9373968,1.0,0.4750782,0.1,-0.197445,-0.05904378,0.9785343,0.003920129,-0.01179621,-0.02011927,6.666667,393.0,-0.175,-0.15849999999999997
6.0,-0.1836814,-0.08039734,0.9999622,-0.2211416,-0.06441917,0.9999636,-0.2024116,-0.0724082,0.999963,-0.7704254,-0.08930568,0.6312445,0.0,0.05714906,0.9764796,0.2078977,0.0,0.6349639,-0.1962446,0.747201,0.0,0.5501879,-1.804469,0.3129233,1.0,-0.770425,0.05714903,0.6349636,0.0,-0.08930563,0.9764797,-0.1962446,0.0,0.6312442,0.2078977,0.7472007,0.0,0.06519821,1.665529,-0.9372833,1.0,0.4939038,0.1,-0.1979184,-0.05813936,0.9784928,0.003918488,-0.01179782,-0.02011636,6.688889,394.0,-0.175,-0.15849999999999997
6.0,-0.1834153,-0.07974026,1.000016,-0.220533,-0.06500225,1.000008,-0.201974,-0.07237138,1.000012,-0.770279,-0.08952712,0.6313916,0.0,0.05694903,0.9764834,0.207935,0.0,0.6351593,-0.196125,0.7470663,0.0,0.5506731,-1.804345,0.3126779,1.0,-0.7702788,0.056949,0.635159,0.0,-0.08952707,0.9764835,-0.196125,0.0,0.6313913,0.2079349,0.747066,0.0,0.06521204,1.665536,-0.9372332,1.0,0.5001266,0.1,-0.1975057,-0.05810637,0.9785782,0.003916802,-0.0117985,-0.02011359,6.7,395.0,-0.175,-0.15849999999999997
6.0,-0.1833639,-0.08045796,0.9999608,-0.2186452,-0.06550412,0.999961,-0.2010045,-0.0729811,0.999961,-0.7702514,-0.08956288,0.6314202,0.0,0.0568437,0.9765069,0.2078532,0.0,0.6352021,-0.1959915,0.7470647,0.0,0.5507439,-1.804245,0.3128385,1.0,-0.7702512,0.05684371,0.6352021,0.0,-0.08956289,0.9765069,-0.1959915,0.0,0.6314201,0.2078532,0.7470647,0.0,0.06508517,1.665527,-0.9371611,1.0,0.4825817,0.1,-0.1966134,-0.05870408,0.9787221,0.003915207,-0.01179749,-0.02011058,6.711111,396.0,-0.175,-0.15849999999999997
6.0,-0.1831668,-0.08057988,1.000141,-0.2180979,-0.06479265,1.000138,-0.2006322,-0.07268623,1.000139,-0.7701553,-0.08992827,0.6314853,0.0,0.05661896,0.9764657,0.2081082,0.0,0.6353385,-0.1960297,0.7469386,0.0,0.5512124,-1.804223,0.312094,1.0,-0.7701553,0.05661897,0.6353386,0.0,-0.08992828,0.9764657,-0.1960297,0.0,0.6314853,0.2081082,0.7469387,0.0,0.06518561,1.665604,-0.937003,1.0,0.4853277,0.1,-0.1962408,-0.05841596,0.9788141,0.003915635,-0.01179768,-0.02010951,6.733334,397.0,-0.175,-0.15849999999999997
6.0,-0.1826586,-0.08069403,1.000026,-0.2174393,-0.0652069,1.000014,-0.200049,-0.07295042,1.00002,-0.7699867,-0.09017101,0.6316565,0.0,0.05656347,0.97642,0.2083378,0.0,0.6355481,-0.196146,0.7467301,0.0,0.5514775,-1.804235,0.3114532,1.0,-0.7699866,0.05656346,0.6355478,0.0,-0.09017099,0.97642,-0.196146,0.0,0.6316563,0.2083377,0.7467298,0.0,0.0652092,1.66561,-0.936955,1.0,0.4717406,0.1,-0.1957215,-0.05868226,0.9789022,0.003915672,-0.0117964,-0.0201093,6.744444,398.0,-0.175,-0.15849999999999997
6.0,-0.1827992,-0.07999712,1.000044,-0.2178593,-0.06387573,1.000039,-0.2003292,-0.0719364,1.000041,-0.7698931,-0.09027348,0.6317559,0.0,0.05652843,0.9764065,0.2084103,0.0,0.6356646,-0.1961658,0.7466255,0.0,0.5515479,-1.804136,0.3111497,1.0,-0.7698929,0.05652841,0.6356644,0.0,-0.09027345,0.9764066,-0.1961658,0.0,0.6317558,0.2084103,0.7466254,0.0,0.06519667,1.665546,-0.9368214,1.0,0.5089889,0.1,-0.1959887,-0.0577068,0.9789066,0.003916589,-0.01179855,-0.020107,6.766667,399.0,-0.175,-0.15849999999999997
6.0,-0.1818398,-0.07873903,1.00002,-0.2181855,-0.06392436,1.000024,-0.2000127,-0.07133171,1.000022,-0.7700005,-0.09035738,0.6316132,0.0,0.05650432,0.9763753,0.2085629,0.0,0.6355367,-0.1962824,0.7467039,0.0,0.5514694,-1.804216,0.3110003,1.0,-0.7700002,0.05650432,0.6355365,0.0,-0.09035733,0.9763753,-0.1962823,0.0,0.631613,0.2085629,0.7467036,0.0,0.06517556,1.665568,-0.9368396,1.0,0.5043501,0.1,-0.195708,-0.05713044,0.9789967,0.003917816,-0.01180126,-0.02010644,6.777778,400.0,-0.175,-0.15849999999999997
6.0,-0.1803766,-0.07772098,1.000035,-0.2185287,-0.06530981,1.000037,-0.1994528,-0.07151565,1.000036,-0.7699929,-0.09027781,0.6316338,0.0,0.05647477,0.9764115,0.2084016,0.0,0.6355485,-0.1961391,0.7467315,0.0,0.5514328,-1.804128,0.3111625,1.0,-0.7699926,0.05647473,0.6355482,0.0,-0.09027779,0.9764115,-0.1961391,0.0,0.6316335,0.2084015,0.7467312,0.0,0.06518582,1.665582,-0.9366768,1.0,0.4827653,0.1,-0.1951884,-0.05730717,0.9790901,0.003919533,-0.01180505,-0.02010443,6.8,401.0,-0.175,-0.15849999999999997
6.0,-0.1803609,-0.07846612,1.000164,-0.2187813,-0.06692328,1.000167,-0.1995711,-0.07269457,1.000165,-0.7699896,-0.09013747,0.6316578,0.0,0.05642173,0.9764745,0.2081207,0.0,0.6355572,-0.19589,0.7467895,0.0,0.5516979,-1.803986,0.3114974,1.0,-0.7699893,0.05642171,0.635557,0.0,-0.09013744,0.9764745,-0.19589,0.0,0.6316576,0.2081207,0.7467892,0.0,0.06543502,1.665589,-0.9366411,1.0,0.4800718,0.1,-0.1952628,-0.05842683,0.979009,0.003920501,-0.01180554,-0.02010226,6.811111,402.0,-0.175,-0.15849999999999997
6.0,-0.1814047,-0.07875578,1.000211,-0.2184531,-0.06628394,1.000218,-0.199929,-0.07251993,1.000214,-0.7700819,-0.08997446,0.6315684,0.0,0.05644561,0.9765114,0.2079408,0.0,0.635443,-0.1957807,0.7469151,0.0,0.5515158,-1.803934,0.3116566,1.0,-0.7700818,0.05644562,0.6354431,0.0,-0.08997444,0.9765114,-0.1957807,0.0,0.6315683,0.2079408,0.746915,0.0,0.06557185,1.665625,-0.9364133,1.0,0.5214693,0.1,-0.1955884,-0.05825413,0.9789543,0.003922058,-0.01180515,-0.02009845,6.833333,403.0,-0.175,-0.15849999999999997
6.0,-0.1821535,-0.07850179,1.000077,-0.2166072,-0.06300311,1.000083,-0.1993802,-0.07075246,1.00008,-0.7701201,-0.08995841,0.6315241,0.0,0.05631013,0.9765545,0.2077749,0.0,0.6354088,-0.1955728,0.7469987,0.0,0.5517276,-1.803806,0.3119375,1.0,-0.77012,0.05631013,0.6354088,0.0,-0.08995841,0.9765545,-0.1955728,0.0,0.631524,0.2077749,0.7469987,0.0,0.06563297,1.665634,-0.9363648,1.0,0.4860739,0.1,-0.1951279,-0.05657651,0.9791447,0.003923912,-0.01180557,-0.02009542,6.844445,404.0,-0.175,-0.15849999999999997
6.0,-0.1824027,-0.07775205,1.000042,-0.217899,-0.06339279,1.000049,-0.200151,-0.07057248,1.000045,-0.7701496,-0.08973385,0.6315202,0.0,0.05628026,0.9766346,0.2074065,0.0,0.6353757,-0.1952761,0.7471044,0.0,0.551781,-1.803641,0.3125885,1.0,-0.7701495,0.05628024,0.6353757,0.0,-0.08973383,0.9766346,-0.1952761,0.0,0.63152,0.2074065,0.7471043,0.0,0.06570032,1.66561,-0.9363324,1.0,0.5117322,0.1,-0.1958487,-0.05639788,0.9790111,0.00392444,-0.0118063,-0.02009202,6.855556,405.0,-0.175,-0.15849999999999997
6.0,-0.1824084,-0.07626724,1.000096,-0.2182696,-0.06335148,1.000101,-0.2003391,-0.06980936,1.000098,-0.7702763,-0.08961044,0.6313832,0.0,0.05643145,0.9766158,0.2074537,0.0,0.6352088,-0.1954265,0.7472072,0.0,0.5515007,-1.803788,0.3124741,1.0,-0.770276,0.05643142,0.6352086,0.0,-0.08961041,0.9766158,-0.1954264,0.0,0.631383,0.2074537,0.7472069,0.0,0.06587879,1.665662,-0.9363087,1.0,0.5002823,0.1,-0.196021,-0.05566195,0.9790186,0.003924507,-0.01180701,-0.02008777,6.877778,406.0,-0.175,-0.15849999999999997
6.0,-0.1825018,-0.07501173,1.000227,-0.2172775,-0.06163307,1.000236,-0.1998896,-0.06832242,1.000232,-0.7704407,-0.08945648,0.6312041,0.0,0.05655672,0.9766112,0.2074413,0.0,0.634998,-0.1955201,0.7473617,0.0,0.5512479,-1.803825,0.3124651,1.0,-0.7704407,0.05655672,0.634998,0.0,-0.08945645,0.9766113,-0.19552,0.0,0.631204,0.2074413,0.7473616,0.0,0.06611083,1.665641,-0.9362497,1.0,0.5005304,0.1,-0.1955977,-0.05423683,0.9791834,0.003924507,-0.01180743,-0.02008529,6.888889,407.0,-0.175,-0.15849999999999997
6.0,-0.1823413,-0.07419088,1.000155,-0.2173229,-0.06080459,1.000155,-0.199832,-0.06749775,1.000155,-0.7705758,-0.0892404,0.6310699,0.0,0.05673243,0.9766144,0.2073781,0.0,0.6348184,-0.1956027,0.7474926,0.0,0.5508779,-1.803862,0.3124621,1.0,-0.7705757,0.05673244,0.6348184,0.0,-0.0892404,0.9766144,-0.1956027,0.0,0.6310698,0.2073781,0.7474926,0.0,0.06633039,1.665627,-0.9361108,1.0,0.5029796,0.1,-0.1955671,-0.05345091,0.9792326,0.003924507,-0.01180872,-0.02008425,6.911111,408.0,-0.175,-0.15849999999999997
6.0,-0.1823105,-0.07319921,1.000082,-0.2173633,-0.06161064,1.000085,-0.199837,-0.06740481,1.000083,-0.7706439,-0.08897538,0.6310242,0.0,0.05700807,0.9766096,0.2073251,0.0,0.6347111,-0.1957473,0.747546,0.0,0.5503357,-1.804001,0.3125297,1.0,-0.7706437,0.05700806,0.634711,0.0,-0.08897538,0.9766096,-0.1957473,0.0,0.6310241,0.2073251,0.7475459,0.0,0.06638739,1.665635,-0.9360626,1.0,0.4887101,0.1,-0.1955864,-0.05336284,0.9792336,0.003924293,-0.01181192,-0.02008061,6.922223,409.0,-0.175,-0.15849999999999997
6.0,-0.1818796,-0.07270451,1.000119,-0.2179079,-0.0605697,1.000122,-0.1998939,-0.06663716,1.00012,-0.770678,-0.08883511,0.6310023,0.0,0.05708624,0.9766282,0.2072163,0.0,0.6346627,-0.1957186,0.7475946,0.0,0.5502526,-1.804018,0.3126383,1.0,-0.7706778,0.05708621,0.6346626,0.0,-0.08883511,0.9766281,-0.1957186,0.0,0.6310022,0.2072163,0.7475945,0.0,0.06653196,1.665659,-0.9360311,1.0,0.5017049,0.1,-0.1956384,-0.05262342,0.9792631,0.003923034,-0.01181392,-0.02007987,6.933333,410.0,-0.175,-0.15849999999999997
6.0,-0.1822351,-0.07194272,1.000102,-0.2173487,-0.06054635,1.000099,-0.1997918,-0.06624448,1.000101,-0.7708255,-0.0884854,0.6308714,0.0,0.0573864,0.9766355,0.2070991,0.0,0.6344566,-0.1958407,0.7477376,0.0,0.5497118,-1.804069,0.312821,1.0,-0.7708253,0.05738639,0.6344564,0.0,-0.08848536,0.9766355,-0.1958406,0.0,0.6308712,0.2070991,0.7477375,0.0,0.06674828,1.665586,-0.9359861,1.0,0.504389,0.1,-0.1955492,-0.05224873,0.9793011,0.003919457,-0.01181527,-0.02007717,6.955556,411.0,-0.175,-0.15849999999999997
6.0,-0.1826337,-0.07175632,1.000103,-0.2196437,-0.05983636,1.000106,-0.2011387,-0.06579641,1.000105,-0.7708659,-0.08849319,0.6308207,0.0,0.0573219,0.9766487,0.2070545,0.0,0.6344131,-0.1957711,0.7477926,0.0,0.5497924,-1.80399,0.3128568,1.0,-0.7708657,0.05732191,0.6344131,0.0,-0.08849317,0.9766487,-0.1957711,0.0,0.6308206,0.2070545,0.7477926,0.0,0.06681891,1.665571,-0.9359165,1.0,0.4689594,0.1,-0.1967931,-0.05180544,0.9790755,0.00391617,-0.01181635,-0.02007462,6.966667,412.0,-0.175,-0.15849999999999997
6.0,-0.1818846,-0.07223932,0.9999984,-0.2199021,-0.05748305,0.9999928,-0.2008932,-0.06486137,0.9999957,-0.7707438,-0.0892039,0.6308698,0.0,0.05651727,0.9766757,0.2071483,0.0,0.6346336,-0.1953133,0.7477252,0.0,0.5513265,-1.803622,0.3125207,1.0,-0.7707437,0.0565173,0.6346336,0.0,-0.08920391,0.9766756,-0.1953133,0.0,0.6308697,0.2071483,0.7477251,0.0,0.06688147,1.665656,-0.9358413,1.0,0.4689594,0.1,-0.1965933,-0.05091703,0.9791622,0.003912514,-0.01181733,-0.02007101,6.988889,413.0,-0.175,-0.15849999999999997
6.0,-0.1812976,-0.07166222,1.000073,-0.2192289,-0.05733667,1.00007,-0.2002631,-0.0644995,1.000072,-0.7707,-0.08970739,0.630852,0.0,0.05601258,0.97667,0.2073124,0.0,0.6347317,-0.1951113,0.7476947,0.0,0.5522462,-1.803375,0.3121601,1.0,-0.7706999,0.05601257,0.6347316,0.0,-0.0897074,0.9766699,-0.1951113,0.0,0.6308519,0.2073123,0.7476947,0.0,0.06691315,1.665655,-0.9357873,1.0,0.5075001,0.1,-0.1959995,-0.05057329,0.979299,0.003910195,-0.01181732,-0.02006851,7.0,414.0,-0.175,-0.15849999999999997
6.0,-0.1817378,-0.07147478,1.000034,-0.221262,-0.05557241,1.000028,-0.2015001,-0.06352338,1.000031,-0.7703608,-0.09052186,0.6311501,0.0,0.05527245,0.9766636,0.2075404,0.0,0.6352083,-0.1947662,0.74738,0.0,0.5537927,-1.802966,0.3113852,1.0,-0.7703605,0.05527242,0.635208,0.0,-0.09052184,0.9766637,-0.1947661,0.0,0.6311498,0.2075404,0.7473797,0.0,0.06688157,1.665657,-0.9356533,1.0,0.5283025,0.1,-0.1971555,-0.04962865,0.9791152,0.003907372,-0.01181809,-0.02006532,7.022223,415.0,-0.175,-0.15849999999999997
6.0,-0.1801984,-0.0722525,0.99996,-0.2215754,-0.05517426,0.9999501,-0.2008868,-0.06371324,0.9999549,-0.7702072,-0.09053823,0.6313352,0.0,0.05530147,0.9766649,0.207527,0.0,0.635392,-0.1947525,0.7472273,0.0,0.5538833,-1.802945,0.3112493,1.0,-0.7702069,0.05530145,0.6353918,0.0,-0.09053823,0.9766648,-0.1947525,0.0,0.631335,0.207527,0.7472271,0.0,0.06686676,1.66565,-0.9356348,1.0,0.5298995,0.1,-0.1965995,-0.04981919,0.9792174,0.003904594,-0.01181851,-0.02006537,7.033333,416.0,-0.175,-0.15849999999999997
6.0,-0.180134,-0.07223353,0.999894,-0.22017,-0.05536523,0.9998755,-0.2001519,-0.06379919,0.9998848,-0.7697074,-0.09032252,0.6319752,0.0,0.05597408,0.9765798,0.2077468,0.0,0.6359384,-0.1952785,0.7466251,0.0,0.5530723,-1.803225,0.310248,1.0,-0.7697072,0.05597404,0.6359382,0.0,-0.09032249,0.9765798,-0.1952784,0.0,0.6319749,0.2077467,0.7466248,0.0,0.06676302,1.665582,-0.9354896,1.0,0.514361,0.1,-0.1959339,-0.04991212,0.979346,0.003904236,-0.01181778,-0.02005918,7.055556,417.0,-0.175,-0.15849999999999997
6.0,-0.1805427,-0.07275417,0.9999152,-0.2202751,-0.05544542,0.9999092,-0.2004088,-0.06409965,0.9999123,-0.7696344,-0.09001152,0.6321085,0.0,0.05637662,0.9765658,0.2077042,0.0,0.6359913,-0.1954924,0.7465241,0.0,0.5523993,-1.803493,0.3102679,1.0,-0.7696342,0.0563766,0.6359911,0.0,-0.09001151,0.9765657,-0.1954923,0.0,0.6321083,0.2077041,0.7465238,0.0,0.06668739,1.665643,-0.9355124,1.0,0.5141344,0.1,-0.1961638,-0.05019548,0.9792855,0.003903946,-0.01181914,-0.02005526,7.066667,418.0,-0.175,-0.15849999999999997
6.0,-0.1805204,-0.07422681,0.9998914,-0.2218442,-0.05545481,0.999873,-0.2011822,-0.06484069,0.9998823,-0.7694038,-0.09011017,0.6323749,0.0,0.05646397,0.9765298,0.2078496,0.0,0.6362623,-0.1956266,0.7462578,0.0,0.5522536,-1.803364,0.3098143,1.0,-0.7694038,0.05646396,0.6362622,0.0,-0.09011015,0.9765298,-0.1956266,0.0,0.6323749,0.2078496,0.7462577,0.0,0.06648579,1.665462,-0.9353655,1.0,0.495498,0.1,-0.1968769,-0.05089843,0.9791061,0.003903953,-0.01182002,-0.02005081,7.077778,419.0,-0.175,-0.15849999999999997
6.0,-0.1802573,-0.07560642,0.9999988,-0.2219183,-0.05579102,0.9999796,-0.2010877,-0.06569871,0.9999893,-0.7689416,-0.09037095,0.6328995,0.0,0.05642989,0.9765012,0.2079929,0.0,0.6368236,-0.1956489,0.7457728,0.0,0.5526685,-1.803345,0.3090932,1.0,-0.7689417,0.0564299,0.6368237,0.0,-0.09037094,0.9765012,-0.1956489,0.0,0.6328995,0.2079929,0.7457729,0.0,0.06637494,1.665492,-0.9352881,1.0,0.4862212,0.1,-0.1967624,-0.0517164,0.9790863,0.003904687,-0.01181933,-0.02004895,7.1,420.0,-0.175,-0.15849999999999997
6.0,-0.1807688,-0.07546589,1.000084,-0.2223057,-0.05643055,1.000087,-0.2015372,-0.06594835,1.000086,-0.7689644,-0.09028837,0.632884,0.0,0.05645531,0.9765183,0.207906,0.0,0.6367943,-0.1956019,0.7458105,0.0,0.5525424,-1.80334,0.3091887,1.0,-0.7689641,0.05645531,0.636794,0.0,-0.09028834,0.9765183,-0.1956019,0.0,0.6328837,0.207906,0.7458102,0.0,0.06638411,1.665519,-0.9351886,1.0,0.4983936,0.1,-0.1971593,-0.05194412,0.9789944,0.003906868,-0.01182135,-0.02004724,7.111111,421.0,-0.175,-0.15849999999999997
6.0,-0.1802281,-0.07485512,1.000098,-0.2224385,-0.05622481,1.000102,-0.2013334,-0.0655399,1.0001,-0.7689129,-0.09019609,0.6329595,0.0,0.05633439,0.9765908,0.2075977,0.0,0.636867,-0.1952819,0.7458321,0.0,0.5527994,-1.803077,0.3095782,1.0,-0.7689126,0.05633438,0.6368669,0.0,-0.09019607,0.9765908,-0.1952819,0.0,0.6329594,0.2075976,0.745832,0.0,0.06647366,1.665458,-0.9350611,1.0,0.5127254,0.1,-0.1969739,-0.05155348,0.9790524,0.003907958,-0.01182273,-0.02004584,7.133334,422.0,-0.175,-0.15849999999999997
6.0,-0.1821499,-0.07577676,1.000099,-0.2213404,-0.05699286,1.000105,-0.2017452,-0.06638467,1.000102,-0.7690556,-0.09011512,0.6327977,0.0,0.0564829,0.9765575,0.2077142,0.0,0.6366816,-0.195486,0.7459371,0.0,0.552344,-1.803213,0.3094386,1.0,-0.7690554,0.05648287,0.6366814,0.0,-0.09011509,0.9765574,-0.195486,0.0,0.6327975,0.2077142,0.7459368,0.0,0.0664745,1.665468,-0.9349916,1.0,0.4970042,0.1,-0.1973498,-0.05235829,0.9789339,0.003912338,-0.01182276,-0.02004211,7.144444,423.0,-0.175,-0.15849999999999997
6.0,-0.1834193,-0.07603686,1.000147,-0.2201603,-0.05772658,1.000154,-0.2017899,-0.06688176,1.000151,-0.769116,-0.09009942,0.6327263,0.0,0.05633165,0.9766029,0.2075415,0.0,0.6366217,-0.195266,0.7460456,0.0,0.5526336,-1.803076,0.3096928,1.0,-0.7691161,0.05633166,0.6366217,0.0,-0.09009942,0.9766029,-0.195266,0.0,0.6327263,0.2075415,0.7460455,0.0,0.0666325,1.665485,-0.9349429,1.0,0.4912543,0.1,-0.1973877,-0.05283294,0.9789008,0.003922942,-0.01182069,-0.02003828,7.155556,424.0,-0.175,-0.15849999999999997
6.0,-0.1849719,-0.07642266,1.000099,-0.2202205,-0.05758215,1.000095,-0.2025963,-0.06700221,1.000097,-0.7693304,-0.09020974,0.6324502,0.0,0.05625596,0.9765684,0.2077245,0.0,0.6363696,-0.1953878,0.7462289,0.0,0.5526096,-1.803121,0.3093286,1.0,-0.7693302,0.05625592,0.6363694,0.0,-0.09020972,0.9765684,-0.1953878,0.0,0.63245,0.2077245,0.7462287,0.0,0.06684533,1.665529,-0.9348016,1.0,0.5288028,0.1,-0.198149,-0.05294252,0.978741,0.003932198,-0.01182105,-0.02003323,7.177778,425.0,-0.175,-0.15849999999999997
6.0,-0.1868108,-0.07559387,1.00003,-0.2185714,-0.05717234,1.000034,-0.202691,-0.066383,1.000032,-0.7693671,-0.09037144,0.6323823,0.0,0.05599736,0.9765909,0.2076884,0.0,0.6363479,-0.1952003,0.7462964,0.0,0.5528783,-1.802913,0.3094404,1.0,-0.7693671,0.05599734,0.6363478,0.0,-0.09037141,0.9765909,-0.1952003,0.0,0.6323822,0.2076883,0.7462962,0.0,0.06674987,1.665482,-0.9346862,1.0,0.5221587,0.1,-0.1982621,-0.0523505,0.9787501,0.003939476,-0.01182315,-0.02003074,7.188889,426.0,-0.175,-0.15849999999999997
6.0,-0.189404,-0.07568976,0.999939,-0.2181774,-0.05707046,0.9999432,-0.2037908,-0.06638008,0.9999412,-0.7696692,-0.09066903,0.6319722,0.0,0.05563229,0.9765747,0.2078628,0.0,0.6360148,-0.1951436,0.7465953,0.0,0.5529747,-1.802782,0.3095191,1.0,-0.7696688,0.05563227,0.6360146,0.0,-0.09066904,0.9765747,-0.1951436,0.0,0.6319721,0.2078628,0.7465951,0.0,0.06654339,1.665451,-0.9345869,1.0,0.4950555,0.1,-0.1992929,-0.05233996,0.9785411,0.003939476,-0.01182452,-0.02002883,7.211111,427.0,-0.175,-0.15849999999999997
6.0,-0.1893987,-0.07648112,1.000031,-0.2166879,-0.05518661,1.000033,-0.2030433,-0.06583406,1.000032,-0.7696822,-0.09061091,0.6319647,0.0,0.05563881,0.9765905,0.2077868,0.0,0.6359985,-0.1950915,0.7466228,0.0,0.5529019,-1.802754,0.3096393,1.0,-0.7696819,0.05563876,0.6359982,0.0,-0.09061088,0.9765905,-0.1950915,0.0,0.6319645,0.2077868,0.7466225,0.0,0.06652848,1.66545,-0.9345303,1.0,0.5159424,0.1,-0.1985928,-0.05182176,0.9787111,0.003939476,-0.01182354,-0.02002982,7.222222,428.0,-0.175,-0.15849999999999997
6.0,-0.1904115,-0.07664065,1.000052,-0.216724,-0.05515604,1.000055,-0.2035679,-0.06589839,1.000054,-0.7696661,-0.09083977,0.6319515,0.0,0.05521772,0.9766459,0.2076386,0.0,0.6360546,-0.1947072,0.7466753,0.0,0.5537167,-1.802543,0.3098486,1.0,-0.7696658,0.0552177,0.6360544,0.0,-0.09083972,0.9766459,-0.1947072,0.0,0.6319512,0.2076385,0.746675,0.0,0.06662513,1.665535,-0.9345182,1.0,0.5032793,0.1,-0.1990712,-0.05187711,0.978611,0.003939476,-0.01182354,-0.02002959,7.244445,429.0,-0.175,-0.15849999999999997
6.0,-0.1923825,-0.07615942,1.000124,-0.2168132,-0.05449408,1.000126,-0.2045979,-0.06532681,1.000125,-0.7696483,-0.09088387,0.6319664,0.0,0.05509999,0.9766692,0.2075602,0.0,0.636086,-0.1945697,0.7466842,0.0,0.5539944,-1.802422,0.3098546,1.0,-0.7696484,0.05509995,0.6360859,0.0,-0.09088388,0.9766692,-0.1945697,0.0,0.6319664,0.2075602,0.7466841,0.0,0.06675202,1.665532,-0.9344484,1.0,0.5318439,0.1,-0.2000123,-0.05131564,0.9784487,0.003939476,-0.01182401,-0.020028,7.255556,430.0,-0.175,-0.15849999999999997
6.0,-0.193065,-0.07631059,1.000072,-0.2178558,-0.05451491,1.000064,-0.2054603,-0.06541266,1.000068,-0.769534,-0.09119926,0.6320602,0.0,0.05490752,0.9766359,0.2077677,0.0,0.636241,-0.1945891,0.7465471,0.0,0.5544022,-1.802327,0.3092909,1.0,-0.769534,0.0549075,0.636241,0.0,-0.09119925,0.9766359,-0.1945891,0.0,0.6320602,0.2077676,0.746547,0.0,0.06676988,1.665516,-0.9343469,1.0,0.5156124,0.1,-0.2008124,-0.05139206,0.9782807,0.003935012,-0.0118244,-0.02002636,7.266667,431.0,-0.175,-0.15849999999999997
6.0,-0.1908904,-0.07654895,0.9999944,-0.2191319,-0.05302975,0.9999894,-0.2050112,-0.06478922,0.9999919,-0.76923,-0.091389,0.632403,0.0,0.05486788,0.9766163,0.2078706,0.0,0.6366121,-0.1945989,0.7462282,0.0,0.5547786,-1.802312,0.3087333,1.0,-0.7692298,0.05486787,0.6366119,0.0,-0.09138899,0.9766163,-0.1945989,0.0,0.6324028,0.2078706,0.746228,0.0,0.066797,1.665551,-0.9342921,1.0,0.5052236,0.1,-0.2004148,-0.05080387,0.978393,0.003929581,-0.01182461,-0.02002469,7.288889,432.0,-0.175,-0.15849999999999997
6.0,-0.1909851,-0.07668138,1.000016,-0.2194383,-0.05131674,1.000009,-0.2052115,-0.06399883,1.000013,-0.7691454,-0.09123167,0.6325287,0.0,0.05517728,0.9765819,0.2079503,0.0,0.6366876,-0.1948452,0.7460995,0.0,0.5542805,-1.802494,0.3084296,1.0,-0.7691451,0.05517728,0.6366875,0.0,-0.09123163,0.9765818,-0.1948452,0.0,0.6325285,0.2079503,0.7460993,0.0,0.06678721,1.665561,-0.9342299,1.0,0.5039347,0.1,-0.2005996,-0.05004541,0.9783943,0.003926163,-0.01182362,-0.02002551,7.3,433.0,-0.175,-0.15849999999999997
6.0,-0.1906259,-0.07638581,0.9999973,-0.2191381,-0.05321671,0.9999927,-0.204882,-0.0648012,0.9999949,-0.7689978,-0.09097611,0.6327446,0.0,0.05552473,0.9765743,0.2078932,0.0,0.6368355,-0.1950024,0.7459321,0.0,0.5536289,-1.802512,0.3083329,1.0,-0.7689977,0.05552473,0.6368355,0.0,-0.09097611,0.9765744,-0.1950024,0.0,0.6327446,0.2078933,0.745932,0.0,0.06665789,1.665446,-0.9340599,1.0,0.5039347,0.1,-0.2002904,-0.05081768,0.9784178,0.003924561,-0.01182333,-0.02002603,7.322222,434.0,-0.175,-0.15849999999999997
6.0,-0.1906825,-0.07470189,0.9999844,-0.2191719,-0.05329573,0.9999862,-0.2049273,-0.06399871,0.9999853,-0.768999,-0.09097482,0.6327435,0.0,0.05546936,0.9765916,0.2078269,0.0,0.636839,-0.1949165,0.7459515,0.0,0.5536376,-1.802486,0.3084738,1.0,-0.7689987,0.05546939,0.636839,0.0,-0.09097484,0.9765915,-0.1949166,0.0,0.6327434,0.2078269,0.7459515,0.0,0.06658091,1.665474,-0.9340189,1.0,0.4944153,0.1,-0.2003411,-0.05004983,0.978447,0.003923326,-0.01182323,-0.02002229,7.333333,435.0,-0.175,-0.15849999999999997
6.0,-0.1908468,-0.07447138,1.000064,-0.2192294,-0.052157,1.000063,-0.2050381,-0.0633142,1.000063,-0.7690321,-0.09107302,0.6326891,0.0,0.05543427,0.9765667,0.2079531,0.0,0.636802,-0.1949952,0.7459626,0.0,0.5536154,-1.80251,0.308234,1.0,-0.7690319,0.05543426,0.6368019,0.0,-0.09107302,0.9765668,-0.1949952,0.0,0.6326889,0.207953,0.7459625,0.0,0.06657168,1.665484,-0.9339551,1.0,0.4971792,0.1,-0.2004346,-0.04938838,0.9784614,0.003923326,-0.01182473,-0.02002398,7.344445,436.0,-0.175,-0.15849999999999997
6.0,-0.1897148,-0.07402246,0.9999709,-0.219429,-0.050359,0.9999769,-0.204572,-0.06219083,0.999974,-0.7690772,-0.09140687,0.6325862,0.0,0.05488413,0.9766208,0.2078452,0.0,0.6367953,-0.1945679,0.7460799,0.0,0.5545286,-1.802249,0.3085631,1.0,-0.7690769,0.05488414,0.6367953,0.0,-0.09140685,0.9766207,-0.1945679,0.0,0.6325861,0.2078452,0.7460799,0.0,0.06654458,1.665545,-0.9339936,1.0,0.5060436,0.1,-0.2000329,-0.04832146,0.9785969,0.003923326,-0.01182519,-0.02002316,7.366667,437.0,-0.175,-0.15849999999999997
6.0,-0.1897715,-0.0738166,0.999943,-0.2181237,-0.04982424,0.9999439,-0.2039475,-0.06182043,0.9999434,-0.7690438,-0.09156398,0.6326039,0.0,0.05464582,0.9766453,0.2077928,0.0,0.636856,-0.1943709,0.7460793,0.0,0.5548479,-1.80202,0.3086984,1.0,-0.7690438,0.05464581,0.6368559,0.0,-0.09156399,0.9766452,-0.1943709,0.0,0.6326039,0.2077928,0.7460794,0.0,0.06641834,1.665469,-0.9339321,1.0,0.475365,0.1,-0.1994674,-0.04797306,0.9787295,0.003923669,-0.01182612,-0.02002155,7.377778,438.0,-0.175,-0.15849999999999997
6.0,-0.1909775,-0.07370882,1.000016,-0.218251,-0.04966812,1.000027,-0.2046144,-0.06168869,1.000022,-0.7693748,-0.09171306,0.63218,0.0,0.05420728,0.9766969,0.2076649,0.0,0.6364938,-0.1940408,0.7464745,0.0,0.5550463,-1.801795,0.3094473,1.0,-0.7693744,0.05420723,0.6364935,0.0,-0.09171302,0.9766968,-0.1940408,0.0,0.6321796,0.2076648,0.7464741,0.0,0.06616415,1.665459,-0.9338995,1.0,0.5050414,0.1,-0.2000694,-0.04783782,0.9786132,0.003925202,-0.01182581,-0.02002257,7.4,439.0,-0.175,-0.15849999999999997
6.0,-0.1911625,-0.07414828,1.000106,-0.2169936,-0.04921797,1.000108,-0.2040781,-0.06168318,1.000107,-0.7694612,-0.09176669,0.632067,0.0,0.05415394,0.9766869,0.2077259,0.0,0.6363938,-0.1940659,0.7465531,0.0,0.5551711,-1.801832,0.309352,1.0,-0.769461,0.05415393,0.6363937,0.0,-0.09176665,0.9766869,-0.1940659,0.0,0.6320668,0.2077259,0.7465529,0.0,0.06630321,1.665501,-0.9339292,1.0,0.5125958,0.1,-0.1995645,-0.04783405,0.9787165,0.003930351,-0.01182568,-0.02002296,7.411111,440.0,-0.175,-0.15849999999999997
6.0,-0.191932,-0.07582577,1.00007,-0.216081,-0.05139965,1.000068,-0.2040064,-0.06361255,1.000069,-0.7695364,-0.0919653,0.6319464,0.0,0.05404662,0.9766468,0.2079424,0.0,0.6363118,-0.1941738,0.7465949,0.0,0.5552461,-1.801845,0.3090101,1.0,-0.7695364,0.05404662,0.6363118,0.0,-0.09196528,0.9766468,-0.1941738,0.0,0.6319462,0.2079424,0.7465947,0.0,0.06629713,1.665501,-0.933886,1.0,0.5020179,0.1,-0.1994901,-0.04968233,0.9786395,0.003933334,-0.01182653,-0.02002396,7.422223,441.0,-0.175,-0.15849999999999997
6.0,-0.1919883,-0.07672358,1.000046,-0.217921,-0.04760528,1.000042,-0.2049546,-0.06216456,1.000044,-0.7696609,-0.09221019,0.631759,0.0,0.05383569,0.976618,0.2081321,0.0,0.6361792,-0.1942023,0.7467005,0.0,0.5553659,-1.801706,0.3087516,1.0,-0.7696608,0.05383566,0.636179,0.0,-0.09221017,0.9766181,-0.1942023,0.0,0.6317589,0.2081321,0.7467003,0.0,0.0662511,1.665419,-0.9337526,1.0,0.5269742,0.1,-0.2003812,-0.04828868,0.9785273,0.003933334,-0.01182644,-0.02002567,7.444445,442.0,-0.175,-0.15849999999999997
6.0,-0.1913576,-0.07618861,1.00003,-0.2178994,-0.04729024,1.000027,-0.2046286,-0.06173936,1.000028,-0.7695647,-0.09208117,0.6318951,0.0,0.05399574,0.9766213,0.2080751,0.0,0.636282,-0.1942469,0.7466013,0.0,0.5553425,-1.801825,0.3086787,1.0,-0.7695645,0.05399574,0.6362819,0.0,-0.09208117,0.9766213,-0.1942469,0.0,0.6318949,0.2080751,0.7466012,0.0,0.0664053,1.665486,-0.9338132,1.0,0.5260148,0.1,-0.2000878,-0.04788252,0.9786072,0.003933334,-0.01182866,-0.02002509,7.455556,443.0,-0.175,-0.15849999999999997
6.0,-0.1917411,-0.07536291,1.000064,-0.2178267,-0.04771613,1.000061,-0.204784,-0.06153969,1.000063,-0.7695669,-0.0917272,0.6319438,0.0,0.05416349,0.9766864,0.207726,0.0,0.636265,-0.1940873,0.7466571,0.0,0.5549893,-1.801753,0.3091449,1.0,-0.7695668,0.05416351,0.636265,0.0,-0.09172725,0.9766862,-0.1940874,0.0,0.6319438,0.207726,0.7466573,0.0,0.06646916,1.66547,-0.9336432,1.0,0.496479,0.1,-0.2002257,-0.047689,0.9785885,0.003932395,-0.01182852,-0.02002506,7.477778,444.0,-0.175,-0.15849999999999997
6.0,-0.1914139,-0.0728865,1.000022,-0.2188203,-0.05035411,1.000019,-0.2051172,-0.06162024,1.000021,-0.7694463,-0.09145579,0.63213,0.0,0.05444027,0.9767032,0.2075744,0.0,0.6363873,-0.1941307,0.7465417,0.0,0.5547298,-1.801831,0.3092015,1.0,-0.7694463,0.05444028,0.6363872,0.0,-0.09145579,0.9767032,-0.1941307,0.0,0.63213,0.2075744,0.7465417,0.0,0.06659126,1.665472,-0.9336455,1.0,0.5161321,0.1,-0.2005378,-0.04776432,0.9785209,0.003930154,-0.01182945,-0.02002271,7.488889,445.0,-0.175,-0.15849999999999997
6.0,-0.1910037,-0.07224829,1.000142,-0.2207117,-0.04853232,1.000141,-0.2058576,-0.06039034,1.000142,-0.7695886,-0.09127739,0.6319826,0.0,0.05480067,0.9766374,0.2077888,0.0,0.6361842,-0.1945449,0.7466069,0.0,0.5538695,-1.80208,0.3088104,1.0,-0.7695885,0.05480067,0.6361842,0.0,-0.09127739,0.9766374,-0.194545,0.0,0.6319824,0.2077888,0.7466069,0.0,0.06659974,1.665459,-0.9335085,1.0,0.5091745,0.1,-0.2012009,-0.04657389,0.9784421,0.003921693,-0.01183116,-0.0200187,7.511111,446.0,-0.175,-0.15849999999999997
6.0,-0.1914895,-0.07306512,1.000002,-0.220801,-0.04917833,0.999993,-0.2061451,-0.06112169,0.9999975,-0.7694288,-0.09122562,0.6321847,0.0,0.05497363,0.9766176,0.2078362,0.0,0.6363627,-0.1946686,0.7464228,0.0,0.5537406,-1.802143,0.308497,1.0,-0.7694287,0.0549736,0.6363624,0.0,-0.09122561,0.9766177,-0.1946686,0.0,0.6321844,0.2078362,0.7464225,0.0,0.06663526,1.665447,-0.9334694,1.0,0.5118288,0.1,-0.2014849,-0.04727698,0.97835,0.003920159,-0.01183145,-0.02001614,7.522223,447.0,-0.175,-0.15849999999999997
6.0,-0.1870351,-0.07281594,0.9999863,-0.2212946,-0.04938783,0.9999859,-0.2041649,-0.06110175,0.9999861,-0.7694188,-0.09126068,0.6321915,0.0,0.05493299,0.9766195,0.207838,0.0,0.636378,-0.1946427,0.7464162,0.0,0.5537457,-1.802134,0.3084995,1.0,-0.7694188,0.05493302,0.6363781,0.0,-0.09126069,0.9766195,-0.1946427,0.0,0.6321915,0.2078381,0.7464163,0.0,0.06656766,1.665462,-0.9334328,1.0,0.4927954,0.1,-0.1996613,-0.04727627,0.9787238,0.003916457,-0.01183186,-0.02001296,7.533333,448.0,-0.175,-0.15849999999999997
6.0,-0.1842323,-0.07291067,0.999999,-0.2197766,-0.04731609,1.000006,-0.2020044,-0.06011333,1.000003,-0.7695798,-0.09121758,0.6320021,0.0,0.05486615,0.976638,0.207769,0.0,0.6361894,-0.1945703,0.7465961,0.0,0.5536261,-1.802162,0.3087716,1.0,-0.7695795,0.05486611,0.6361892,0.0,-0.09121755,0.976638,-0.1945703,0.0,0.6320019,0.2077689,0.7465959,0.0,0.06652635,1.665531,-0.9333857,1.0,0.5266936,0.1,-0.1976747,-0.04634803,0.9791713,0.003915428,-0.0118324,-0.02001113,7.555556,449.0,-0.175,-0.15849999999999997
6.0,-0.1833113,-0.07200316,0.9999606,-0.2188181,-0.04461391,0.9999653,-0.2010648,-0.0583086,0.999963,-0.7695559,-0.09101726,0.6320599,0.0,0.05494361,0.9766825,0.2075391,0.0,0.6362115,-0.1944406,0.746611,0.0,0.5535184,-1.802157,0.3091788,1.0,-0.7695558,0.05494358,0.6362114,0.0,-0.09101724,0.9766825,-0.1944406,0.0,0.6320598,0.2075391,0.7466108,0.0,0.06651639,1.665557,-0.9334034,1.0,0.5266936,0.1,-0.1968306,-0.04462733,0.9794213,0.003915017,-0.01183373,-0.02000881,7.566667,450.0,-0.175,-0.15849999999999997
6.0,-0.1829744,-0.0703427,1.000042,-0.2198808,-0.04653937,1.000054,-0.2014276,-0.05844116,1.000048,-0.7697098,-0.09069225,0.6319191,0.0,0.05502322,0.9767494,0.2072029,0.0,0.6360184,-0.1942563,0.7468234,0.0,0.5529917,-1.802136,0.3099296,1.0,-0.7697097,0.05502317,0.6360182,0.0,-0.09069222,0.9767494,-0.1942563,0.0,0.6319191,0.2072029,0.7468233,0.0,0.06635299,1.665589,-0.9332517,1.0,0.5009747,0.1,-0.1971491,-0.04474729,0.9793518,0.003914924,-0.01183408,-0.02000602,7.588889,451.0,-0.175,-0.15849999999999997
6.0,-0.1829488,-0.06946094,0.9999878,-0.2216606,-0.04437704,0.9999951,-0.2023047,-0.05691911,0.9999915,-0.7697057,-0.09068982,0.6319245,0.0,0.05481785,0.9768133,0.2069561,0.0,0.636041,-0.193936,0.7468873,0.0,0.5533306,-1.801929,0.3103988,1.0,-0.7697057,0.05481787,0.636041,0.0,-0.09068983,0.9768133,-0.193936,0.0,0.6319245,0.2069561,0.7468873,0.0,0.06633648,1.665577,-0.933233,1.0,0.4935921,0.1,-0.1979831,-0.04328225,0.9792494,0.003914726,-0.01183593,-0.01999554,7.6,452.0,-0.175,-0.15849999999999997
6.0,-0.1811243,-0.06986059,1.000106,-0.2222735,-0.04420885,1.000106,-0.201699,-0.05703489,1.000106,-0.7697748,-0.09087829,0.6318135,0.0,0.05471905,0.9767748,0.2071639,0.0,0.6359661,-0.1940418,0.7469238,0.0,0.5534828,-1.801947,0.310024,1.0,-0.7697745,0.05471902,0.6359659,0.0,-0.09087825,0.9767747,-0.1940417,0.0,0.6318132,0.2071639,0.7469236,0.0,0.06642191,1.665584,-0.9332132,1.0,0.514957,0.1,-0.1974028,-0.04339411,0.9793616,0.003914566,-0.01183595,-0.01999159,7.611111,453.0,-0.175,-0.15849999999999997
6.0,-0.181322,-0.06988524,0.999919,-0.2221878,-0.04424752,0.9999168,-0.201755,-0.05706614,0.9999179,-0.7697098,-0.09121791,0.6318436,0.0,0.05435923,0.9767796,0.2072358,0.0,0.6360755,-0.193858,0.7468783,0.0,0.5540475,-1.801682,0.3099338,1.0,-0.7697096,0.05435922,0.6360754,0.0,-0.09121791,0.9767795,-0.193858,0.0,0.6318434,0.2072358,0.7468782,0.0,0.06628042,1.665499,-0.9331691,1.0,0.5044388,0.1,-0.1974883,-0.04343286,0.9793426,0.003913735,-0.01183469,-0.01999276,7.633334,454.0,-0.175,-0.15849999999999997
6.0,-0.1813917,-0.06797524,1.000045,-0.2217211,-0.04437639,1.000041,-0.2015564,-0.05617577,1.000043,-0.7697287,-0.09140823,0.6317931,0.0,0.05428655,0.9767374,0.2074536,0.0,0.6360589,-0.1939809,0.7468606,0.0,0.5541087,-1.801697,0.3095359,1.0,-0.7697285,0.05428653,0.6360587,0.0,-0.09140821,0.9767374,-0.1939808,0.0,0.6317929,0.2074536,0.7468604,0.0,0.06626078,1.66549,-0.9331205,1.0,0.5232946,0.1,-0.1972893,-0.04257489,0.9794204,0.003913659,-0.01183515,-0.01999135,7.644444,455.0,-0.175,-0.15849999999999997
2.0,-0.08634037,-0.1752548,1.000205,-0.2077796,-0.09027041,1.000207,-0.1470599,-0.1327627,1.000206,-0.770371,-0.09826447,0.6299783,0.0,0.05537921,0.9740064,0.2196469,0.0,0.6351863,-0.2040973,0.7449044,0.0,0.5548968,-1.805212,0.2897102,1.0,-0.770371,0.05537922,0.6351864,0.0,-0.09826446,0.9740064,-0.2040973,0.0,0.6299783,0.2196469,0.7449045,0.0,0.06757692,1.663924,-0.9367083,1.0,0.2765789,0.1,-0.1449412,-0.1160594,0.98261,0.003362808,-0.01231422,-0.01956827,10.67778,645.0,-0.0875,-0.246
2.0,-0.08758491,-0.1726406,1.000104,-0.188751,-0.09146437,1.000097,-0.138168,-0.1320526,1.0001,-0.7703239,-0.09820794,0.6300451,0.0,0.05544636,0.9740098,0.2196147,0.0,0.6352379,-0.2041081,0.7448577,0.0,0.5547735,-1.805189,0.2895999,1.0,-0.7703236,0.05544635,0.6352377,0.0,-0.09820791,0.9740098,-0.2041081,0.0,0.6300448,0.2196147,0.7448574,0.0,0.06761032,1.663911,-0.9365774,1.0,0.2984532,0.1,-0.1365632,-0.1155319,0.9838714,0.003362519,-0.01231827,-0.01955945,10.68889,646.0,-0.0875,-0.246
2.0,-0.08881539,-0.1720161,1.000124,-0.1891181,-0.0891435,1.000154,-0.1389666,-0.1305804,1.000139,-0.7703208,-0.09785593,0.6301033,0.0,0.05562414,0.9740756,0.2192775,0.0,0.6352259,-0.203963,0.7449075,0.0,0.5542366,-1.805124,0.2899325,1.0,-0.7703207,0.05562413,0.6352259,0.0,-0.09785592,0.9740756,-0.203963,0.0,0.6301033,0.2192775,0.7449075,0.0,0.06761042,1.663923,-0.9362168,1.0,0.2699776,0.1,-0.1373369,-0.1141123,0.9839293,0.003362298,-0.01232037,-0.01955617,10.71111,647.0,-0.0875,-0.246
2.0,-0.08918452,-0.1747513,1.000082,-0.2082883,-0.08956605,1.000099,-0.1487361,-0.1321591,1.000091,-0.7703426,-0.09786376,0.6300755,0.0,0.05550923,0.9741073,0.2191657,0.0,0.6352096,-0.2038077,0.744964,0.0,0.554373,-1.805038,0.290075,1.0,-0.7703425,0.05550919,0.6352094,0.0,-0.09786373,0.9741073,-0.2038076,0.0,0.6300754,0.2191657,0.7449639,0.0,0.06764021,1.663954,-0.9361189,1.0,0.2867259,0.1,-0.1465482,-0.1154659,0.9824414,0.003362466,-0.01232004,-0.01955954,10.72222,648.0,-0.0875,-0.246
2.0,-0.08850551,-0.1716247,1.000154,-0.1982849,-0.0949768,1.000136,-0.1433953,-0.1333005,1.000145,-0.7703806,-0.09793568,0.6300179,0.0,0.05559266,0.9740513,0.2193936,0.0,0.6351562,-0.2040409,0.7449458,0.0,0.5540113,-1.805136,0.2894707,1.0,-0.7703804,0.05559263,0.635156,0.0,-0.09793564,0.9740512,-0.2040409,0.0,0.6300177,0.2193935,0.7449455,0.0,0.06764072,1.663988,-0.935845,1.0,0.3099765,0.1,-0.1414825,-0.1166308,0.9830462,0.003361847,-0.01232166,-0.01955322,10.74444,649.0,-0.0875,-0.246
2.0,-0.08806556,-0.1737812,1.000043,-0.1925505,-0.09556523,1.000062,-0.1403078,-0.1346736,1.000052,-0.7704086,-0.09818041,0.6299455,0.0,0.05518788,0.9740928,0.2193112,0.0,0.6351574,-0.2037246,0.7450312,0.0,0.554668,-1.804885,0.2896431,1.0,-0.7704086,0.05518787,0.6351573,0.0,-0.09818044,0.9740928,-0.2037246,0.0,0.6299453,0.2193111,0.7450311,0.0,0.06765727,1.663993,-0.9357941,1.0,0.2706319,0.1,-0.1385548,-0.1179952,0.9833004,0.003362305,-0.01232194,-0.01955158,10.75556,650.0,-0.0875,-0.246
2.0,-0.08789963,-0.1717341,1.000184,-0.1985735,-0.09417379,1.000178,-0.1432366,-0.1329538,1.000181,-0.7703328,-0.09902039,0.6299068,0.0,0.05421664,0.9741199,0.2194334,0.0,0.6353331,-0.2031882,0.745028,0.0,0.5564159,-1.804301,0.2891922,1.0,-0.7703326,0.05421663,0.6353329,0.0,-0.09902033,0.9741199,-0.2031881,0.0,0.6299066,0.2194334,0.7450277,0.0,0.06779878,1.66398,-0.9355779,1.0,0.28856,0.1,-0.1413333,-0.1162991,0.983107,0.003361983,-0.0123219,-0.01955221,10.77778,651.0,-0.0875,-0.246
2.0,-0.08871615,-0.1721899,1.000218,-0.1989213,-0.09407163,1.000221,-0.1438186,-0.1331309,1.00022,-0.7704085,-0.09966587,0.6297122,0.0,0.05356541,0.9740946,0.2197055,0.0,0.6352963,-0.2029938,0.7451121,0.0,0.5573066,-1.804,0.2886786,1.0,-0.7704084,0.05356542,0.6352964,0.0,-0.09966584,0.9740946,-0.2029938,0.0,0.6297121,0.2197055,0.7451121,0.0,0.06777228,1.66399,-0.9353534,1.0,0.3086675,0.1,-0.141875,-0.116455,0.9830105,0.003361489,-0.01232168,-0.01955065,10.78889,652.0,-0.0875,-0.246
2.0,-0.08869773,-0.1711412,1.000088,-0.2109265,-0.08950636,1.000065,-0.1498125,-0.1303233,1.000077,-0.7702241,-0.1000868,0.6298712,0.0,0.05335462,0.9740356,0.2200183,0.0,0.6355378,-0.2030699,0.7448856,0.0,0.557868,-1.803907,0.2877285,1.0,-0.7702239,0.05335462,0.6355377,0.0,-0.1000868,0.9740355,-0.2030699,0.0,0.629871,0.2200182,0.7448854,0.0,0.06790411,1.663999,-0.9351901,1.0,0.277587,0.1,-0.1475947,-0.1137058,0.9824902,0.003361077,-0.01231999,-0.01955228,10.81111,653.0,-0.0875,-0.246
2.0,-0.08718163,-0.1730248,1.000043,-0.1994699,-0.08829579,1.000046,-0.1433257,-0.1306603,1.000044,-0.7702357,-0.1001089,0.6298534,0.0,0.05331228,0.97404,0.2200086,0.0,0.6355273,-0.2030374,0.7449033,0.0,0.5577524,-1.803841,0.2877202,1.0,-0.7702356,0.05331227,0.6355273,0.0,-0.100109,0.9740401,-0.2030374,0.0,0.6298534,0.2200086,0.7449034,0.0,0.06779864,1.663977,-0.9350377,1.0,0.2916819,0.1,-0.1414704,-0.1141329,0.9833412,0.003361077,-0.01231933,-0.01955605,10.82222,654.0,-0.0875,-0.246
2.0,-0.08453161,-0.172997,1.000084,-0.1939535,-0.08644313,1.000063,-0.1392428,-0.1297196,1.000074,-0.7700766,-0.0997611,0.6301031,0.0,0.05369769,0.9740561,0.2198438,0.0,0.6356875,-0.2031316,0.744741,0.0,0.5571805,-1.803961,0.28769,1.0,-0.7700766,0.05369766,0.6356874,0.0,-0.09976105,0.9740562,-0.2031316,0.0,0.6301028,0.2198438,0.7447407,0.0,0.06783237,1.663993,-0.9348885,1.0,0.2829857,0.1,-0.1376162,-0.1133019,0.983984,0.00336068,-0.01231156,-0.01957215,10.83333,655.0,-0.0875,-0.246
2.0,-0.08467722,-0.1728201,1.000095,-0.192364,-0.08622317,1.000084,-0.1385206,-0.1295214,1.000089,-0.7698466,-0.09909081,0.6304898,0.0,0.05438551,0.9740955,0.2194999,0.0,0.6359077,-0.2032707,0.7445149,0.0,0.5560987,-1.804241,0.2877848,1.0,-0.7698465,0.05438552,0.6359076,0.0,-0.09909081,0.9740955,-0.2032707,0.0,0.6304898,0.2194999,0.7445149,0.0,0.06788164,1.66409,-0.9346367,1.0,0.2829857,0.1,-0.1369261,-0.1131351,0.9840994,0.003358719,-0.01229414,-0.01961195,10.85556,656.0,-0.0875,-0.246
2.0,-0.08074915,-0.1738242,1.000089,-0.1936693,-0.08949664,1.00009,-0.1372093,-0.1316603,1.000089,-0.7697812,-0.09882329,0.6306114,0.0,0.05460819,0.9741247,0.219315,0.0,0.6359676,-0.2032612,0.7444664,0.0,0.555717,-1.804278,0.287907,1.0,-0.7697813,0.05460817,0.6359676,0.0,-0.09882332,0.9741247,-0.2032612,0.0,0.6306114,0.219315,0.7444664,0.0,0.0679184,1.664103,-0.9344947,1.0,0.2921973,0.1,-0.135619,-0.1152396,0.9840363,0.003339211,-0.01223267,-0.01971579,10.86667,657.0,-0.0875,-0.246
2.0,-0.07541174,-0.1731353,1.000134,-0.1932275,-0.09049024,1.000164,-0.1343192,-0.1318135,1.000149,-0.7697786,-0.09837771,0.6306845,0.0,0.05463959,0.9742697,0.2186621,0.0,0.6359682,-0.2027818,0.7445966,0.0,0.5554497,-1.804096,0.288848,1.0,-0.7697784,0.05463959,0.6359682,0.0,-0.0983777,0.9742696,-0.2027818,0.0,0.6306844,0.2186621,0.7445966,0.0,0.0679184,1.664167,-0.9341614,1.0,0.2892513,0.1,-0.1328684,-0.1154256,0.9843896,0.003337395,-0.01222865,-0.01971782,10.88889,658.0,-0.0875,-0.246
2.0,-0.075423,-0.1731252,1.000088,-0.1931727,-0.08913574,1.000113,-0.1342974,-0.131131,1.000101,-0.7698249,-0.09816417,0.6306614,0.0,0.05472578,0.9743111,0.2184559,0.0,0.635905,-0.2026862,0.7446767,0.0,0.5551121,-1.804006,0.2891466,1.0,-0.7698246,0.05472577,0.6359048,0.0,-0.09816416,0.9743111,-0.2026862,0.0,0.6306613,0.2184559,0.7446766,0.0,0.06789666,1.664118,-0.9339661,1.0,0.2947793,0.1,-0.1328626,-0.1147822,0.9844657,0.003337395,-0.01222639,-0.01972707,10.9,659.0,-0.0875,-0.246
2.0,-0.0754196,-0.1733474,1.000154,-0.1869958,-0.08978248,1.000212,-0.1312071,-0.1315662,1.000183,-0.7701041,-0.09783971,0.6303708,0.0,0.0548491,0.9743533,0.2182366,0.0,0.635556,-0.2026401,0.744987,0.0,0.5545909,-1.803991,0.2895423,1.0,-0.7701039,0.05484912,0.635556,0.0,-0.09783971,0.9743534,-0.2026401,0.0,0.6303706,0.2182366,0.7449869,0.0,0.06807181,1.664117,-0.9337397,1.0,0.2895397,0.1,-0.1299136,-0.115235,0.9848062,0.003337395,-0.01222397,-0.01972903,10.92222,660.0,-0.0875,-0.246
