flag,xl,yl,zl,xr,yr,zr,xc,yc,zc,mat_00,mat_10,mat_20,mat_30,mat_01,mat_11,mat_21,mat_31,mat_02,mat_12,mat_22,mat_32,mat_03,mat_13,mat_23,mat_33,ctw_00,ctw_10,ctw_20,ctw_30,ctw_01,ctw_11,ctw_21,ctw_31,ctw_02,ctw_12,ctw_22,ctw_32,ctw_03,ctw_13,ctw_23,ctw_33,opennessl,opennessr,ray_x,ray_y,ray_z,eye_x,eye_y,eye_z,time,frame
25,0.2134144,0.1721284,1.000099,0.1000602,0.1009556,1.000052,0.1567369,0.1365413,1.000075,0.08164644,-0.07460863,-0.993865,0,0.0346256,0.9968045,-0.0719848,0,-0.9960598,0.02853586,-0.08396894,0,-0.9982235,-1.657773,-0.7314528,1,0.08164646,0.03462559,-0.9960597,0,-0.07460863,0.9968046,0.02853587,0,-0.9938648,-0.0719848,-0.0839689,0,-0.7691479,1.634386,-1.008403,1,1.0,1.0,0.1517635,0.1345328,0.9792185,-0.001599587,-0.00381852,-0.02155369,32.94445,2035
25,0.2146144,0.1716558,1.000054,0.09980844,0.09948935,1.000019,0.157211,0.1355718,1.000036,0.08145422,-0.07475818,-0.9938695,0,0.03449951,0.9967969,-0.07215091,0,-0.9960799,0.02841101,-0.08377242,0,-0.9981809,-1.657996,-0.7309694,1,0.0814542,0.0344995,-0.9960797,0,-0.07475816,0.9967968,0.02841101,0,-0.9938694,-0.07215091,-0.08377242,0,-0.7691308,1.634381,-1.008398,1,1.0,1.0,0.1522358,0.133622,0.9792698,-0.001602044,-0.003823326,-0.02154163,32.95555,2036
25,0.2135258,0.1691003,1.000081,0.1007672,0.09755598,1.00006,0.1571462,0.1333278,1.000071,0.08110219,-0.0752625,-0.9938602,0,0.03489305,0.9967481,-0.07263381,0,-0.9960949,0.02878805,-0.08346456,0,-0.9991061,-1.658017,-0.7298671,1,0.08110216,0.03489305,-0.9960948,0,-0.0752625,0.9967482,0.02878805,0,-0.9938601,-0.07263382,-0.08346459,0,-0.7691426,1.634475,-1.008391,1,1.0,1.0,0.1522176,0.1315079,0.9795588,-0.001605012,-0.003824783,-0.0215333,32.97778,2037
25,0.2133899,0.1676666,1.000038,0.1012274,0.09814485,0.9999902,0.1573082,0.1329048,1.000014,0.08090842,-0.07565214,-0.9938464,0,0.0349501,0.9967175,-0.07302543,0,-0.9961087,0.02882665,-0.08328688,0,-0.9993724,-1.658214,-0.7289703,1,0.0809084,0.03495008,-0.9961085,0,-0.07565214,0.9967175,0.02882665,0,-0.9938463,-0.07302541,-0.08328687,0,-0.7690743,1.634466,-1.008396,1,1.0,1.0,0.1523875,0.131122,0.9795842,-0.001605012,-0.003832581,-0.02151866,32.98889,2038
25,0.2132948,0.1664989,0.9998906,0.1010461,0.09812748,0.9998598,0.1571701,0.1323127,0.9998752,0.08084542,-0.07595444,-0.9938284,0,0.03474312,0.9967011,-0.07334772,0,-0.9961209,0.02859888,-0.08321762,0,-0.9991481,-1.658736,-0.7281802,1,0.08084543,0.03474313,-0.996121,0,-0.07595444,0.9967011,0.02859888,0,-0.9938284,-0.07334772,-0.08321761,0,-0.7688979,1.634567,-1.008432,1,1.0,1.0,0.1522922,0.1305941,0.9796694,-0.001605012,-0.003840569,-0.02149722,33.0,2039
25,0.2121111,0.1662249,0.9999802,0.1003337,0.09966145,0.9999507,0.1562221,0.1329427,0.9999655,0.08087867,-0.07621083,-0.9938061,0,0.03431714,0.9966943,-0.0736395,0,-0.9961331,0.02814872,-0.08322662,0,-0.9984167,-1.659355,-0.7274764,1,0.08087864,0.03431714,-0.996133,0,-0.07621083,0.9966943,0.02814872,0,-0.9938061,-0.0736395,-0.08322665,0,-0.7686806,1.634562,-1.008393,1,1.0,1.0,0.1513824,0.1312133,0.9797277,-0.001605012,-0.003856705,-0.02147201,33.02222,2040
25,0.2123007,0.1664541,0.9999979,0.09879928,0.09848046,1.000008,0.1555502,0.1324676,1.000003,0.08099383,-0.07624984,-0.9937938,0,0.03433308,0.9966912,-0.07367402,0,-0.9961232,0.02815285,-0.08334368,0,-0.9983659,-1.65934,-0.7275445,1,0.08099376,0.03433307,-0.996123,0,-0.07624982,0.9966912,0.02815286,0,-0.9937937,-0.07367402,-0.08334371,0,-0.768692,1.634525,-1.008416,1,1.0,1.0,0.1507583,0.1307871,0.979881,-0.001604141,-0.003868248,-0.02144966,33.03333,2041
25,0.2129659,0.1654468,1.000079,0.1000384,0.1001585,1.000092,0.1565025,0.1328028,1.000085,0.08118188,-0.07612194,-0.9937882,0,0.03437694,0.9966999,-0.07353674,0,-0.9961064,0.02819354,-0.08353078,0,-0.9983443,-1.659164,-0.7279719,1,0.08118185,0.03437694,-0.9961062,0,-0.07612194,0.9966999,0.02819355,0,-0.9937882,-0.07353674,-0.08353081,0,-0.7687011,1.634476,-1.008487,1,1.0,1.0,0.1516307,0.1310862,0.9797063,-0.001599037,-0.003877571,-0.02142845,33.05556,2042
25,0.2135027,0.1652749,0.9999405,0.100924,0.1005083,0.999932,0.1572131,0.1328913,0.9999363,0.08108306,-0.07610863,-0.9937974,0,0.03450128,0.9966971,-0.07351579,0,-0.9961101,0.02832639,-0.08344108,0,-0.998554,-1.65901,-0.7278479,1,0.08108303,0.03450127,-0.9961099,0,-0.07610863,0.9966971,0.02832639,0,-0.9937971,-0.07351577,-0.08344108,0,-0.7686324,1.634473,-1.008408,1,1.0,1.0,0.152315,0.1311819,0.9795874,-0.001595573,-0.003883065,-0.02141444,33.06667,2043
25,0.2140846,0.1644898,0.9998885,0.1012896,0.1019998,0.9999011,0.1576872,0.1332451,0.9998947,0.08105958,-0.07588555,-0.9938163,0,0.03458302,0.9967112,-0.07328588,0,-0.9961091,0.02842864,-0.08341736,0,-0.9986903,-1.658748,-0.728137,1,0.08105959,0.03458302,-0.9961091,0,-0.07588556,0.9967111,0.02842864,0,-0.9938163,-0.07328586,-0.08341733,0,-0.7685559,1.634468,-1.008388,1,1.0,1.0,0.1527593,0.1315254,0.9794722,-0.001592751,-0.003894974,-0.02138804,33.07778,2044
25,0.2029198,0.1651873,0.9998978,0.09546565,0.1094999,0.9998982,0.1491927,0.1373434,0.999898,0.08104908,-0.07547293,-0.9938485,0,0.03478409,0.9967358,-0.07285552,0,-0.996103,0.02866524,-0.08340973,0,-0.9989746,-1.65823,-0.7285607,1,0.08104903,0.03478408,-0.9961029,0,-0.07547293,0.9967357,0.02866524,0,-0.9938486,-0.07285551,-0.08340978,0,-0.7682645,1.634485,-1.008317,1,1.0,1.0,0.1446741,0.1356938,0.9801309,-0.001498786,-0.00399411,-0.02099897,33.1,2045
25,0.2039228,0.1640419,0.9998493,0.0923491,0.1105268,0.9998662,0.1481362,0.1372845,0.9998577,0.08115172,-0.07542626,-0.9938438,0,0.03500593,0.996733,-0.07278714,0,-0.996087,0.02888361,-0.08352697,0,-0.9991927,-1.657881,-0.7286713,1,0.08115172,0.03500592,-0.9960867,0,-0.07542624,0.996733,0.02888362,0,-0.9938436,-0.07278715,-0.08352695,0,-0.7681469,1.634405,-1.008261,1,1.0,1.0,0.1436927,0.1356529,0.9802809,-0.00150534,-0.003984726,-0.02100801,33.11111,2046
25,0.2070548,0.1651133,0.9998617,0.09425265,0.1131312,0.9998867,0.150654,0.1391225,0.9998742,0.08104765,-0.07500752,-0.993884,0,0.03568248,0.9967434,-0.07231355,0,-0.9960713,0.0296034,-0.08346021,0,-1.000378,-1.656762,-0.7292345,1,0.08104768,0.03568248,-0.9960712,0,-0.07500752,0.9967435,0.0296034,0,-0.9938838,-0.07231355,-0.08346016,0,-0.7679656,1.634329,-1.008264,1,1.0,1.0,0.1460181,0.1373277,0.9797039,-0.001504753,-0.003980385,-0.02103217,33.13334,2047
25,0.2074232,0.1660063,0.9998282,0.09484889,0.1144398,0.999862,0.1511363,0.1402234,0.9998451,0.08132893,-0.07497883,-0.9938632,0,0.03574098,0.9967444,-0.07227148,0,-0.9960464,0.02964387,-0.08374399,0,-1.000236,-1.656636,-0.729466,1,0.08132893,0.03574098,-0.9960462,0,-0.07497883,0.9967445,0.02964388,0,-0.9938629,-0.07227147,-0.08374396,0,-0.7678536,1.634272,-1.008261,1,1.0,1.0,0.1464503,0.1383548,0.9794949,-0.001503875,-0.003979073,-0.02104959,33.14444,2048
25,0.2080776,0.1671007,0.999813,0.0963829,0.1140316,0.9998516,0.1522307,0.1405667,0.9998323,0.08165467,-0.07424726,-0.9938914,0,0.03554634,0.9968038,-0.07154448,0,-0.9960267,0.02948725,-0.08403295,0,-0.9997146,-1.656297,-0.7306375,1,0.08165469,0.03554633,-0.9960265,0,-0.07424724,0.9968038,0.02948725,0,-0.9938911,-0.07154446,-0.08403288,0,-0.7675181,1.634266,-1.0083,1,1.0,1.0,0.1474719,0.1386594,0.9792985,-0.001503836,-0.003981072,-0.021054,33.16667,2049
25,0.2098243,0.1668433,0.999824,0.09473454,0.1140941,0.9998621,0.1522801,0.1404692,0.9998431,0.08175737,-0.0736979,-0.9939238,0,0.03532011,0.9968501,-0.07100955,0,-0.9960263,0.02929993,-0.08410287,0,-0.9992205,-1.65605,-0.7315377,1,0.08175736,0.0353201,-0.9960262,0,-0.07369789,0.9968501,0.02929994,0,-0.9939235,-0.07100955,-0.08410284,0,-0.7674463,1.63418,-1.008252,1,1.0,1.0,0.1475177,0.138562,0.9793054,-0.001503898,-0.003978523,-0.02106052,33.17778,2050
25,0.2097968,0.1666555,0.9998823,0.09563994,0.1144476,0.9998838,0.1527185,0.1405514,0.9998831,0.08164513,-0.07336341,-0.9939578,0,0.0350628,0.9968812,-0.07069909,0,-0.9960446,0.02907871,-0.0839628,0,-0.998889,-1.656071,-0.731837,1,0.08164509,0.0350628,-0.9960444,0,-0.07336341,0.9968812,0.02907871,0,-0.9939576,-0.07069909,-0.08396281,0,-0.7673556,1.63419,-1.008229,1,1.0,1.0,0.1479218,0.1386242,0.9792357,-0.001504211,-0.003977814,-0.02106413,33.18889,2051
25,0.2089816,0.1665318,0.9997866,0.0958451,0.1149848,0.9997887,0.1524135,0.1407584,0.9997876,0.08160681,-0.07263007,-0.9940148,0,0.03457265,0.9969473,-0.070006,0,-0.9960648,0.02865275,-0.08386868,0,-0.9981321,-1.656005,-0.7326321,1,0.08160678,0.03457263,-0.9960647,0,-0.07263006,0.9969472,0.02865275,0,-0.9940146,-0.07000598,-0.08386868,0,-0.7670684,1.634169,-1.0082,1,1.0,1.0,0.147645,0.1388375,0.9792472,-0.001504395,-0.003977684,-0.02106355,33.21111,2052
25,0.2095444,0.1677295,0.9999822,0.09612491,0.1152157,0.9999447,0.1528343,0.1414722,0.9999635,0.08129025,-0.07263952,-0.99404,0,0.0344787,0.9969487,-0.07003249,0,-0.9960939,0.02858024,-0.0835467,0,-0.9982542,-1.65608,-0.732195,1,0.08129022,0.03447869,-0.9960939,0,-0.07263952,0.9969487,0.02858025,0,-0.9940399,-0.0700325,-0.08354672,0,-0.7669796,1.634168,-1.008196,1,1.0,1.0,0.1480019,0.1394791,0.9791022,-0.001504654,-0.003979172,-0.02106073,33.22222,2053
25,0.2101635,0.1679762,0.9999853,0.09622237,0.1178291,0.9999486,0.1531923,0.1429022,0.999967,0.08071417,-0.07266091,-0.9940854,0,0.03464691,0.9969411,-0.07005651,0,-0.996135,0.02878742,-0.08298475,0,-0.9990424,-1.655874,-0.7314166,1,0.08071414,0.0346469,-0.9961349,0,-0.07266089,0.9969411,0.02878742,0,-0.9940852,-0.07005651,-0.08298473,0,-0.7667708,1.634182,-1.008209,1,1.0,1.0,0.1483109,0.1408164,0.978864,-0.001506623,-0.003979622,-0.02105957,33.24445,2054
25,0.2120667,0.1683326,1.000131,0.09547448,0.1164918,1.000089,0.1537701,0.1424119,1.00011,0.08045578,-0.07292134,-0.9940873,0,0.03475158,0.9969192,-0.07031649,0,-0.9961523,0.02888872,-0.08274204,0,-0.9994271,-1.655923,-0.7307836,1,0.08045575,0.03475156,-0.9961521,0,-0.07292132,0.9969192,0.02888872,0,-0.994087,-0.07031647,-0.08274202,0,-0.7668051,1.634167,-1.00821,1,1.0,1.0,0.1488468,0.1403251,0.9788531,-0.001511024,-0.003979104,-0.0210554,33.25556,2055
25,0.2128306,0.1686626,1.000004,0.09497897,0.1178014,0.9999626,0.1539042,0.1432314,0.9999833,0.08010936,-0.07294435,-0.9941135,0,0.03480131,0.9969155,-0.07034553,0,-0.9961784,0.02896111,-0.0824008,0,-0.9998472,-1.655846,-0.73034,1,0.08010934,0.0348013,-0.9961784,0,-0.07294434,0.9969154,0.02896112,0,-0.9941134,-0.07034554,-0.08240081,0,-0.7667283,1.634158,-1.008252,1,1.0,1.0,0.1489754,0.1411095,0.9787208,-0.001512169,-0.003978936,-0.02105329,33.26667,2056
25,0.2127188,0.1689963,1.000257,0.09332417,0.1190604,1.000225,0.1530211,0.1440279,1.000241,0.07959515,-0.0733307,-0.9941265,0,0.03495837,0.9968824,-0.07073504,0,-0.9962142,0.02912286,-0.08191049,0,-1.000411,-1.655932,-0.7294653,1,0.0795951,0.03495835,-0.996214,0,-0.07333069,0.9968823,0.02912287,0,-0.9941263,-0.07073503,-0.08191051,0,-0.7669834,1.634144,-1.008149,1,1.0,1.0,0.1480972,0.1418405,0.9787484,-0.001513604,-0.003977669,-0.02105017,33.28889,2057
25,0.2113271,0.1689899,0.9999591,0.09374999,0.1197429,0.9999616,0.1525384,0.1443662,0.9999603,0.07963043,-0.07332317,-0.9941241,0,0.03480157,0.9968876,-0.07073934,0,-0.9962168,0.02896407,-0.08193439,0,-1.000136,-1.656081,-0.7294436,1,0.07963047,0.03480157,-0.9962167,0,-0.07332317,0.9968876,0.02896407,0,-0.9941241,-0.07073936,-0.08193435,0,-0.7669452,1.634133,-1.008152,1,1.0,1.0,0.1476782,0.1422052,0.9787588,-0.001514733,-0.003977532,-0.02105006,33.3,2058
25,0.2116476,0.1703651,0.9999553,0.09375073,0.1210089,0.9999561,0.1526994,0.1456871,0.9999557,0.07962787,-0.07300732,-0.9941476,0,0.03473291,0.9969119,-0.07042833,0,-0.9962195,0.02892157,-0.0819177,0,-1.000026,-1.655971,-0.7298632,1,0.07962783,0.0347329,-0.9962193,0,-0.07300732,0.996912,0.02892157,0,-0.9941475,-0.07042834,-0.08191773,0,-0.7668598,1.634188,-1.008141,1,1.0,1.0,0.147803,0.1434435,0.9785593,-0.001514351,-0.00397831,-0.02104699,33.32222,2059
25,0.2124005,0.1705364,0.9998609,0.09375896,0.1213647,0.9998482,0.1530796,0.1459505,0.9998546,0.07950532,-0.07290064,-0.9941652,0,0.03446597,0.996927,-0.07034685,0,-0.9962385,0.02867192,-0.08177358,0,-0.9996943,-1.656124,-0.72971,1,0.07950529,0.03446596,-0.9962384,0,-0.07290064,0.996927,0.02867191,0,-0.9941651,-0.07034685,-0.08177359,0,-0.7667037,1.634157,-1.008121,1,1.0,1.0,0.1481671,0.1436971,0.978467,-0.001513085,-0.003978584,-0.02104561,33.33334,2060
25,0.2129189,0.1707298,0.9999548,0.09306026,0.1230695,0.9999548,0.1529896,0.1468997,0.9999548,0.07952118,-0.07293227,-0.9941617,0,0.03442488,0.996926,-0.07038148,0,-0.9962386,0.02862707,-0.08178741,0,-0.9996518,-1.656183,-0.7296162,1,0.07952116,0.03442487,-0.9962385,0,-0.07293227,0.996926,0.02862708,0,-0.9941615,-0.07038148,-0.0817874,0,-0.7666519,1.634153,-1.008153,1,1.0,1.0,0.1480494,0.1445772,0.9783552,-0.001512283,-0.003978722,-0.0210412,33.34444,2061
25,0.2138975,0.1719108,0.9999435,0.09311964,0.1227638,0.9999501,0.1535088,0.1473372,0.9999468,0.07938498,-0.07279885,-0.9941823,0,0.03406085,0.9969455,-0.07028145,0,-0.996262,0.02828339,-0.08162206,0,-0.9991803,-1.656499,-0.7295363,1,0.07938495,0.03406084,-0.9962619,0,-0.07279884,0.9969455,0.0282834,0,-0.9941822,-0.07028144,-0.08162209,0,-0.7665633,1.634199,-1.00814,1,1.0,1.0,0.1485268,0.1449793,0.9782233,-0.001510194,-0.003978875,-0.0210345,33.36667,2062
25,0.2139374,0.171822,0.9999006,0.09313543,0.1232041,0.9998912,0.1535361,0.147513,0.9998959,0.07934487,-0.07295543,-0.994174,0,0.03429781,0.9969276,-0.0704202,0,-0.9962571,0.0285105,-0.08160329,0,-0.999631,-1.656371,-0.7291561,1,0.07934485,0.03429781,-0.9962569,0,-0.07295542,0.9969276,0.0285105,0,-0.9941739,-0.07042019,-0.08160329,0,-0.7664337,1.63422,-1.008167,1,1.0,1.0,0.1485557,0.1451513,0.9781934,-0.001509507,-0.003979668,-0.02103201,33.37778,2063
25,0.2139434,0.1720982,0.9999928,0.09323811,0.1239224,0.9999728,0.1535903,0.1480101,0.9999828,0.0790574,-0.07315015,-0.9941826,0,0.03458321,0.996905,-0.07060041,0,-0.9962701,0.02880054,-0.08134246,0,-1.000326,-1.656151,-0.7285239,1,0.07905735,0.0345832,-0.9962698,0,-0.07315015,0.996905,0.02880054,0,-0.9941825,-0.0706004,-0.08134247,0,-0.7663502,1.634185,-1.008157,1,1.0,1.0,0.1485842,0.1456063,0.9781214,-0.00150933,-0.003981125,-0.02102936,33.4,2064
25,0.2143288,0.1722725,0.9999042,0.09351624,0.1236766,0.999914,0.1539226,0.1479745,0.999909,0.07906026,-0.07299682,-0.9941937,0,0.03474355,0.9969112,-0.07043348,0,-0.9962643,0.02897332,-0.08135223,0,-1.000657,-1.655898,-0.7287508,1,0.07906026,0.03474355,-0.9962642,0,-0.07299682,0.9969112,0.02897333,0,-0.9941934,-0.07043348,-0.08135222,0,-0.7662824,1.634221,-1.008227,1,1.0,1.0,0.1489067,0.1455785,0.9780765,-0.001508729,-0.003982483,-0.02102355,33.41111,2065
25,0.2152744,0.1726859,0.9997489,0.09371871,0.1234507,0.999764,0.1544966,0.1480685,0.9997565,0.07912654,-0.07272276,-0.9942085,0,0.03471325,0.9969316,-0.0701592,0,-0.9962601,0.02896075,-0.0814082,0,-1.000612,-1.655755,-0.7289932,1,0.07912654,0.03471324,-0.9962599,0,-0.07272274,0.9969316,0.02896075,0,-0.9942083,-0.0701592,-0.08140818,0,-0.7660073,1.634264,-1.008263,1,1.0,1.0,0.1494648,0.1456774,0.9779767,-0.001508416,-0.00398391,-0.02101586,33.43333,2066
25,0.2152961,0.1717111,0.9999487,0.09397049,0.1237322,0.9999447,0.1546333,0.1477216,0.9999467,0.07912409,-0.07274015,-0.9942074,0,0.03449108,0.9969369,-0.07019487,0,-0.9962679,0.02873719,-0.08139062,0,-1.000283,-1.655969,-0.7288548,1,0.07912411,0.03449109,-0.996268,0,-0.07274015,0.9969369,0.02873719,0,-0.9942073,-0.07019488,-0.0813906,0,-0.7659417,1.634235,-1.008283,1,1.0,1.0,0.1495738,0.1453252,0.9780124,-0.001508049,-0.003984436,-0.02100914,33.44445,2067
25,0.2142506,0.1714193,0.9998205,0.09405401,0.1236075,0.9998439,0.1541527,0.1475135,0.9998322,0.07922637,-0.07240073,-0.994224,0,0.03408112,0.9969727,-0.06988509,0,-0.9962739,0.02834752,-0.08145404,0,-0.9995492,-1.656088,-0.7293264,1,0.07922637,0.03408111,-0.9962739,0,-0.07240073,0.9969727,0.02834752,0,-0.9942239,-0.06988508,-0.08145403,0,-0.765825,1.634171,-1.008285,1,1.0,1.0,0.1491441,0.1451594,0.9781027,-0.001507988,-0.003987907,-0.02100559,33.45555,2068
25,0.2142798,0.1717335,0.9999214,0.09336565,0.1242432,0.9999282,0.153823,0.1479885,0.9999248,0.07920939,-0.07194117,-0.9942588,0,0.03373829,0.9970146,-0.06945276,0,-0.996287,0.02804327,-0.0814001,0,-0.9991194,-1.65611,-0.7299142,1,0.07920939,0.03373828,-0.9962869,0,-0.07194117,0.9970146,0.02804327,0,-0.9942586,-0.06945276,-0.08140007,0,-0.7657263,1.63418,-1.008382,1,1.0,1.0,0.1488131,0.145603,0.9780871,-0.001507797,-0.003991737,-0.02100031,33.47778,2069
25,0.2142796,0.1693096,0.9998698,0.09365419,0.1245126,0.9998761,0.153967,0.1469111,0.999873,0.07921702,-0.07181004,-0.9942676,0,0.03369861,0.9970248,-0.06932428,0,-0.9962877,0.02801376,-0.08140123,0,-0.9990546,-1.655954,-0.7300245,1,0.07921701,0.0336986,-0.9962876,0,-0.07181004,0.9970249,0.02801377,0,-0.9942675,-0.06932429,-0.08140122,0,-0.7656116,1.634085,-1.008381,1,1.0,1.0,0.148978,0.1446005,0.9782107,-0.001507377,-0.003994736,-0.02099325,33.48889,2070
25,0.2143592,0.1661188,0.9999323,0.09366409,0.1249316,0.9999154,0.1540115,0.1455251,0.9999238,0.07909662,-0.07142702,-0.9943047,0,0.03335043,0.997061,-0.068972,0,-0.9963089,0.02770504,-0.08124626,0,-0.9986531,-1.655992,-0.7303394,1,0.07909661,0.03335043,-0.996309,0,-0.07142701,0.9970609,0.02770504,0,-0.9943047,-0.068972,-0.08124627,0,-0.7654724,1.634058,-1.008425,1,1.0,1.0,0.1490421,0.1432954,0.9783931,-0.001507446,-0.003997628,-0.02098718,33.51111,2071
25,0.2149338,0.1675757,0.9999579,0.09360984,0.1263878,0.9999498,0.154272,0.1469818,0.9999539,0.07903236,-0.07146141,-0.9943075,0,0.03344215,0.9970559,-0.0690008,0,-0.996311,0.02779848,-0.08118951,0,-0.998874,-1.6559,-0.7301781,1,0.07903235,0.03344215,-0.9963109,0,-0.07146139,0.9970559,0.02779848,0,-0.9943073,-0.0690008,-0.0811895,0,-0.765411,1.634047,-1.00844,1,1.0,1.0,0.1492529,0.1446636,0.9781595,-0.001507478,-0.00400795,-0.02097868,33.52222,2072
25,0.2155545,0.1694806,0.9999603,0.09305607,0.1280012,0.9999526,0.1543052,0.1487409,0.9999564,0.07896549,-0.07157826,-0.9943044,0,0.03352714,0.9970453,-0.06911293,0,-0.9963135,0.02787863,-0.08113199,0,-0.9991149,-1.65585,-0.729828,1,0.07896548,0.03352712,-0.9963133,0,-0.07157825,0.9970453,0.02787864,0,-0.9943042,-0.06911293,-0.08113196,0,-0.7652983,1.634015,-1.008481,1,1.0,1.0,0.1492479,0.1463182,0.9779142,-0.00150747,-0.004013329,-0.02097165,33.54445,2073
25,0.2159329,0.1696449,0.9999288,0.09302767,0.1281943,0.9999542,0.1544808,0.1489199,0.9999415,0.0790906,-0.07137862,-0.9943088,0,0.03367572,0.9970552,-0.06889711,0,-0.9962985,0.02803495,-0.08126146,0,-0.9992738,-1.655514,-0.7303084,1,0.07909062,0.03367572,-0.9962984,0,-0.07137862,0.9970552,0.02803495,0,-0.9943087,-0.06889711,-0.0812614,0,-0.765287,1.633974,-1.008509,1,1.0,1.0,0.1494121,0.1464882,0.9778637,-0.001507463,-0.004015793,-0.02096028,33.55556,2074
25,0.219223,0.1697921,1.000025,0.09302776,0.12886,1.000015,0.1561251,0.1493262,1.00002,0.07905376,-0.07092123,-0.9943444,0,0.03368712,0.9970864,-0.06843856,0,-0.9963011,0.02808627,-0.08121258,0,-0.9993464,-1.655095,-0.7310463,1,0.07905375,0.03368712,-0.9963008,0,-0.07092121,0.9970864,0.02808627,0,-0.9943442,-0.06843856,-0.08121254,0,-0.7652909,1.633906,-1.008534,1,1.0,1.0,0.1509333,0.1468248,0.9775795,-0.001507463,-0.004016274,-0.0209519,33.57778,2075
25,0.2263406,0.1537456,1.000118,0.09575742,0.1363298,1.000163,0.1610498,0.1450378,1.00014,0.07940197,-0.07092849,-0.9943162,0,0.03371532,0.9970858,-0.0684337,0,-0.9962724,0.02808991,-0.08156192,0,-0.9990965,-1.655068,-0.7315806,1,0.07940193,0.03371531,-0.9962723,0,-0.07092848,0.9970858,0.02808992,0,-0.994316,-0.0684337,-0.08156195,0,-0.7654837,1.633865,-1.008551,1,1.0,1.0,0.1556844,0.1426662,0.9774501,-0.001588196,-0.004000977,-0.02096831,33.58889,2076
25,0.2303664,0.16638,1.000001,0.102568,0.1262245,1.000004,0.1664674,0.1463022,1.000002,0.079422,-0.07088059,-0.994318,0,0.03359317,0.9970926,-0.0683951,0,-0.9962749,0.02797021,-0.08157218,0,-0.9989144,-1.655149,-0.7316648,1,0.07942197,0.03359316,-0.9962748,0,-0.07088058,0.9970926,0.02797021,0,-0.9943178,-0.0683951,-0.08157218,0,-0.7654895,1.633851,-1.008582,1,1.0,1.0,0.1606828,0.1437522,0.9764816,-0.001536911,-0.003999779,-0.02097171,33.6,2077
25,0.2279655,0.1687663,1.000012,0.1009391,0.1228907,1.000028,0.1644524,0.1458288,1.00002,0.07963324,-0.07103271,-0.9942902,0,0.03362927,0.9970815,-0.06853874,0,-0.9962568,0.02797928,-0.08178961,0,-0.9988455,-1.655316,-0.7318711,1,0.07963324,0.03362926,-0.9962568,0,-0.07103271,0.9970815,0.02797929,0,-0.9942901,-0.06853874,-0.08178961,0,-0.7657324,1.633914,-1.008651,1,1.0,1.0,0.158809,0.1433503,0.9768472,-0.001532584,-0.003998795,-0.02096649,33.62222,2078
25,0.2294643,0.170877,1.000272,0.1031805,0.1227463,1.000243,0.166322,0.1468115,1.000258,0.07959318,-0.07147692,-0.9942616,0,0.03346495,0.9970553,-0.06899881,0,-0.9962656,0.02778108,-0.08175075,0,-0.9986145,-1.655767,-0.7312396,1,0.07959314,0.03346495,-0.9962655,0,-0.07147691,0.9970553,0.02778108,0,-0.9942614,-0.06899881,-0.08175077,0,-0.7659095,1.633855,-1.008666,1,1.0,1.0,0.1604985,0.1441952,0.9764467,-0.001536416,-0.003996361,-0.02096651,33.63334,2079
25,0.2253973,0.1650593,1.00024,0.100323,0.1228079,1.000219,0.1628598,0.1439334,1.00023,0.0795911,-0.07216982,-0.9942117,0,0.03349525,0.9970061,-0.06969123,0,-0.9962647,0.02775457,-0.08177018,0,-0.9987906,-1.656395,-0.7303151,1,0.07959113,0.03349525,-0.9962648,0,-0.07216982,0.997006,0.02775457,0,-0.9942116,-0.06969122,-0.08177016,0,-0.7661346,1.633994,-1.008805,1,1.0,1.0,0.1573504,0.1415704,0.9773427,-0.001548981,-0.003987976,-0.02095634,33.65556,2080
25,0.2209461,0.1613065,1.000219,0.1015156,0.1231591,1.000175,0.1612304,0.1422324,1.000197,0.07944781,-0.07283811,-0.9941745,0,0.03338672,0.9969618,-0.07037428,0,-0.9962798,0.02760113,-0.08163822,0,-0.9988335,-1.656998,-0.7291128,1,0.07944775,0.0333867,-0.9962797,0,-0.07283809,0.9969618,0.02760113,0,-0.9941742,-0.07037428,-0.08163823,0,-0.7662026,1.634,-1.008906,1,1.0,1.0,0.15588,0.1400083,0.9778032,-0.001559106,-0.003981491,-0.02094713,33.66667,2081
25,0.2209284,0.1615764,1.000163,0.09833147,0.1228761,1.000126,0.1596295,0.1422259,1.000145,0.0792917,-0.07323812,-0.9941574,0,0.03320847,0.996938,-0.07079433,0,-0.9962982,0.02740105,-0.08148098,0,-0.9987099,-1.657448,-0.7283132,1,0.07929165,0.03320847,-0.9962981,0,-0.07323813,0.996938,0.02740105,0,-0.9941574,-0.07079433,-0.08148103,0,-0.766257,1.633978,-1.008941,1,1.0,1.0,0.1543927,0.1400431,0.9780342,-0.001560158,-0.003982468,-0.02094593,33.67778,2082
25,0.2210108,0.1611458,1.00014,0.09832957,0.1228584,1.000113,0.1596699,0.1420017,1.000127,0.07920641,-0.07390906,-0.9941146,0,0.03275103,0.9969023,-0.07150687,0,-0.9963201,0.02689446,-0.08138168,0,-0.9982393,-1.658477,-0.7270074,1,0.07920642,0.03275102,-0.99632,0,-0.07390905,0.9969022,0.02689447,0,-0.9941145,-0.07150686,-0.08138163,0,-0.7662382,1.634047,-1.009127,1,1.0,1.0,0.154438,0.1398351,0.9780567,-0.001560044,-0.00398317,-0.02094429,33.7,2083
25,0.2210409,0.1618765,0.9999128,0.09883904,0.1231299,0.9999025,0.1599398,0.142503,0.9999077,0.07921278,-0.07412234,-0.9940982,0,0.03252934,0.9968929,-0.07173868,0,-0.9963269,0.02665474,-0.0813778,0,-0.9979847,-1.658849,-0.726485,1,0.07921275,0.03252934,-0.9963267,0,-0.07412232,0.9968929,0.02665474,0,-0.9940981,-0.07173868,-0.0813778,0,-0.766102,1.634041,-1.009223,1,1.0,1.0,0.1547114,0.1403331,0.9779422,-0.001559647,-0.003987549,-0.02094285,33.71111,2084
25,0.2216686,0.1617432,0.9998968,0.09814125,0.1239962,0.9998761,0.1599045,0.1428694,0.9998864,0.0791921,-0.07428941,-0.9940874,0,0.03207679,0.9968928,-0.07194373,0,-0.9963432,0.02618976,-0.08132899,0,-0.9974498,-1.659433,-0.7259609,1,0.07919209,0.03207679,-0.9963431,0,-0.07428943,0.9968928,0.02618976,0,-0.9940874,-0.07194373,-0.08132899,0,-0.7659568,1.634044,-1.009384,1,1.0,1.0,0.1546728,0.1406827,0.9778981,-0.001558098,-0.003989518,-0.02094138,33.73333,2085
25,0.221481,0.1616645,1.000072,0.09816667,0.125185,1.000056,0.1598236,0.1434246,1.000064,0.07911754,-0.07443314,-0.9940826,0,0.03194322,0.9968857,-0.07210071,0,-0.9963534,0.02604976,-0.08124882,0,-0.997288,-1.659701,-0.7256481,1,0.07911756,0.03194321,-0.9963533,0,-0.07443313,0.9968857,0.02604976,0,-0.9940825,-0.07210071,-0.08124876,0,-0.7659878,1.634069,-1.009374,1,1.0,1.0,0.1545595,0.1411857,0.9778435,-0.001558098,-0.003992981,-0.02094138,33.74445,2086
25,0.2218857,0.1616119,1.00003,0.09816521,0.1252437,1.000029,0.1600255,0.1434279,1.00003,0.07929724,-0.0745106,-0.9940624,0,0.03137761,0.9968951,-0.07221989,0,-0.9963571,0.02546447,-0.08138901,0,-0.9963158,-1.660323,-0.7255527,1,0.07929727,0.03137762,-0.996357,0,-0.0745106,0.996895,0.02546447,0,-0.9940625,-0.07221989,-0.081389,0,-0.7659512,1.63403,-1.009459,1,1.0,1.0,0.1547533,0.1411942,0.9778117,-0.001557572,-0.003998131,-0.02093696,33.76667,2087
25,0.221426,0.1595038,0.9999403,0.09851707,0.1259484,0.9999227,0.1599713,0.1427259,0.9999316,0.07918149,-0.07449709,-0.9940727,0,0.03104667,0.9969042,-0.07223631,0,-0.9963767,0.02514286,-0.08124924,0,-0.995968,-1.660719,-0.7252998,1,0.07918146,0.03104666,-0.9963766,0,-0.07449709,0.9969043,0.02514287,0,-0.9940726,-0.07223631,-0.08124924,0,-0.7658572,1.634106,-1.009534,1,1.0,1.0,0.1547311,0.1405584,0.9779067,-0.001556748,-0.004006996,-0.02093193,33.77778,2088
25,0.2199627,0.1584975,0.9998054,0.09826772,0.1271409,0.999826,0.1591154,0.1428194,0.9998157,0.07940966,-0.07468343,-0.9940405,0,0.03094248,0.9968937,-0.07242593,0,-0.9963618,0.02500676,-0.08147383,0,-0.9956696,-1.660946,-0.7250146,1,0.07940959,0.03094247,-0.9963616,0,-0.07468341,0.9968936,0.02500676,0,-0.9940404,-0.07242592,-0.08147386,0,-0.7656732,1.634085,-1.009582,1,1.0,1.0,0.1539448,0.1406889,0.9780121,-0.001555497,-0.004016869,-0.02092852,33.78889,2089
25,0.2201425,0.1591875,1.000222,0.09833343,0.1282618,1.000213,0.1592377,0.1437246,1.000217,0.07950234,-0.07515175,-0.9939978,0,0.03074443,0.9968646,-0.07290948,0,-0.9963605,0.02476342,-0.08156359,0,-0.9953594,-1.661431,-0.7244293,1,0.07950236,0.03074443,-0.9963604,0,-0.07515175,0.9968646,0.02476342,0,-0.9939978,-0.07290948,-0.08156355,0,-0.7658072,1.634006,-1.009681,1,1.0,1.0,0.153982,0.1414879,0.977891,-0.001555236,-0.004021538,-0.02092813,33.81111,2090
25,0.2214862,0.158813,0.9999808,0.09734926,0.1257465,0.9999793,0.1594177,0.1422796,0.9999801,0.07949132,-0.07512189,-0.9940011,0,0.03063728,0.9968694,-0.07288858,0,-0.9963648,0.02465947,-0.08154398,0,-0.9952201,-1.661526,-0.724426,1,0.07949128,0.03063727,-0.9963645,0,-0.07512187,0.9968694,0.02465947,0,-0.9940007,-0.07288858,-0.08154397,0,-0.7657856,1.634013,-1.009702,1,1.0,1.0,0.1542115,0.14017,0.9780446,-0.001550743,-0.004031632,-0.02091732,33.82222,2091
25,0.2198601,0.1577417,0.9999816,0.09607825,0.1256718,0.999977,0.1579691,0.1417067,0.9999793,0.0794847,-0.07503051,-0.9940084,0,0.03059657,0.9968771,-0.07280043,0,-0.9963664,0.02462673,-0.08153212,0,-0.9952865,-1.661587,-0.7245252,1,0.07948466,0.03059657,-0.9963664,0,-0.07503051,0.9968771,0.02462673,0,-0.9940083,-0.07280043,-0.08153215,0,-0.7657438,1.634105,-1.009823,1,1.0,1.0,0.152868,0.1396664,0.9783276,-0.001549493,-0.004035942,-0.02091104,33.84444,2092
25,0.219492,0.1555722,0.9998558,0.09536624,0.1231652,0.9998333,0.1574289,0.1393686,0.9998446,0.07923049,-0.07477882,-0.9940476,0,0.03067598,0.996893,-0.07254785,0,-0.9963842,0.02474538,-0.08127826,0,-0.9956754,-1.661259,-0.7245533,1,0.07923052,0.03067598,-0.9963843,0,-0.07477882,0.996893,0.02474538,0,-0.9940476,-0.07254785,-0.08127824,0,-0.7655796,1.634076,-1.009857,1,1.0,1.0,0.152429,0.137502,0.9787025,-0.001548165,-0.00404068,-0.02090129,33.85556,2093
25,0.2192295,0.1527601,0.9998672,0.09503965,0.1233041,0.9998922,0.157135,0.1380323,0.9998797,0.07929707,-0.07423688,-0.994083,0,0.0307353,0.9969311,-0.07199786,0,-0.9963772,0.02484422,-0.08133537,0,-0.9956982,-1.660772,-0.7255034,1,0.07929702,0.0307353,-0.9963771,0,-0.07423688,0.9969311,0.02484422,0,-0.9940829,-0.07199784,-0.0813354,0,-0.7655452,1.634043,-1.009839,1,1.0,1.0,0.1521752,0.1362499,0.9789171,-0.001547081,-0.004043274,-0.02089407,33.86667,2094
25,0.2190916,0.1524692,1.00016,0.09515675,0.1226091,1.000154,0.1571242,0.1375392,1.000157,0.07926148,-0.07387558,-0.9941128,0,0.03115622,0.9969466,-0.07160205,0,-0.996367,0.0252975,-0.08132118,0,-0.9964558,-1.660022,-0.7262509,1,0.0792615,0.03115621,-0.9963667,0,-0.07387555,0.9969465,0.0252975,0,-0.9941125,-0.07160204,-0.08132112,0,-0.7656295,1.633998,-1.009901,1,1.0,1.0,0.1521359,0.1357548,0.9789919,-0.001546958,-0.004046746,-0.02088691,33.88889,2095
25,0.2203213,0.1518853,1.000011,0.09481275,0.1224029,0.9999976,0.157567,0.137144,1.000004,0.07914871,-0.07393052,-0.9941177,0,0.0313812,0.9969367,-0.07164169,0,-0.9963688,0.02552625,-0.08122629,0,-0.9969341,-1.659812,-0.7260777,1,0.07914869,0.03138119,-0.9963686,0,-0.0739305,0.9969367,0.02552625,0,-0.9941174,-0.07164169,-0.08122627,0,-0.7656112,1.633995,-1.009922,1,1.0,1.0,0.1525818,0.1353986,0.9789719,-0.001546822,-0.004050514,-0.02087577,33.9,2096
25,0.2213443,0.1520302,1.000057,0.09462395,0.1222697,1.000043,0.1579841,0.1371501,1.00005,0.07912201,-0.07403138,-0.9941122,0,0.03151483,0.9969259,-0.07173263,0,-0.9963667,0.02565365,-0.08121186,0,-0.9973391,-1.659724,-0.7261404,1,0.07912201,0.03151483,-0.9963666,0,-0.07403138,0.9969259,0.02565364,0,-0.9941122,-0.07173264,-0.08121186,0,-0.7658253,1.633965,-1.010109,1,1.0,1.0,0.152967,0.1353968,0.9789121,-0.001546783,-0.004056603,-0.02086609,33.92222,2097
25,0.2218067,0.1518198,0.9999228,0.09463485,0.1206658,0.999943,0.1582212,0.1362427,0.9999329,0.07925946,-0.0739501,-0.9941074,0,0.03152723,0.9969317,-0.07164656,0,-0.9963555,0.02566277,-0.0813477,0,-0.9973475,-1.659702,-0.7263805,1,0.07925944,0.03152722,-0.9963553,0,-0.07395009,0.9969317,0.02566278,0,-0.9941071,-0.07164656,-0.08134769,0,-0.7657859,1.63401,-1.010209,1,1.0,1.0,0.153225,0.1345566,0.9789875,-0.001546578,-0.004059487,-0.02085771,33.93333,2098
25,0.221767,0.1494717,0.9997796,0.09462243,0.1208735,0.9998131,0.1581954,0.1351728,0.9997964,0.0794735,-0.07365282,-0.9941124,0,0.03152116,0.9969536,-0.0713434,0,-0.9963386,0.02566566,-0.08155298,0,-0.9972512,-1.659507,-0.7269726,1,0.07947345,0.03152115,-0.9963384,0,-0.07365283,0.9969537,0.02566566,0,-0.9941123,-0.0713434,-0.081553,0,-0.7656648,1.634021,-1.010294,1,1.0,1.0,0.1532417,0.1335682,0.9791203,-0.00154654,-0.004061295,-0.0208568,33.95555,2099
25,0.2215907,0.1497784,1.000058,0.09467474,0.1202444,1.00006,0.1581329,0.1350112,1.000059,0.07948327,-0.07366765,-0.9941103,0,0.0316165,0.9969501,-0.07135021,0,-0.9963347,0.02575915,-0.08156997,0,-0.9974079,-1.659368,-0.7270376,1,0.07948328,0.0316165,-0.9963347,0,-0.07366765,0.9969501,0.02575915,0,-0.9941105,-0.07135022,-0.08156997,0,-0.7657202,1.633967,-1.010313,1,1.0,1.0,0.1531492,0.1333874,0.9791594,-0.001546501,-0.004063721,-0.02085078,33.96667,2100
25,0.2220798,0.1501752,0.9999478,0.09511333,0.120473,0.9999496,0.1585965,0.135324,0.9999488,0.0794214,-0.07337999,-0.9941368,0,0.03129455,0.9969789,-0.07108966,0,-0.9963499,0.02546501,-0.08147788,0,-0.9970719,-1.659569,-0.727392,1,0.07942141,0.03129454,-0.9963497,0,-0.07337998,0.9969789,0.02546502,0,-0.9941365,-0.07108966,-0.08147784,0,-0.7657171,1.634048,-1.010438,1,1.0,1.0,0.1535937,0.1336942,0.979048,-0.001546402,-0.004070587,-0.02084496,33.98889,2101
25,0.2227983,0.1509544,1.000037,0.09614329,0.1211425,1.00003,0.1594707,0.1360485,1.000033,0.07936597,-0.07336179,-0.9941424,0,0.03123064,0.9969817,-0.07107806,0,-0.9963562,0.02540652,-0.08141756,0,-0.9970551,-1.659624,-0.7273796,1,0.07936598,0.03123064,-0.9963562,0,-0.07336179,0.9969817,0.02540652,0,-0.9941424,-0.07107807,-0.08141756,0,-0.7657396,1.634053,-1.010478,1,1.0,1.0,0.1543868,0.1343587,0.9788322,-0.001546394,-0.004080612,-0.02083669,34.0,2102
25,0.222409,0.1511788,1.000073,0.09609758,0.1240552,1.000075,0.1592533,0.1376171,1.000074,0.07941455,-0.07346971,-0.9941306,0,0.03106592,0.9969783,-0.07119852,0,-0.9963575,0.02522939,-0.08145696,0,-0.9967421,-1.659816,-0.7272767,1,0.07941451,0.03106592,-0.9963574,0,-0.07346971,0.9969783,0.02522939,0,-0.9941305,-0.07119852,-0.08145697,0,-0.7657984,1.633984,-1.010477,1,1.0,1.0,0.1541468,0.135848,0.9786645,-0.001546203,-0.004094261,-0.02082822,34.01111,2103
25,0.2222285,0.1517872,1.000077,0.09622283,0.1239528,1.000076,0.1592255,0.13787,1.000077,0.07920051,-0.07363427,-0.9941355,0,0.03114925,0.996964,-0.07136218,0,-0.996372,0.02531464,-0.08125371,0,-0.9971253,-1.65988,-0.7269053,1,0.0792005,0.03114924,-0.9963719,0,-0.07363427,0.996964,0.02531465,0,-0.9941354,-0.07136218,-0.0812537,0,-0.7658935,1.634027,-1.010552,1,1.0,1.0,0.1541165,0.1360951,0.9786349,-0.001546066,-0.004102097,-0.02081844,34.03333,2104
25,0.2222888,0.1517384,0.9998832,0.0961806,0.1228657,0.9998683,0.1592344,0.1373017,0.9998758,0.07907844,-0.07364903,-0.9941441,0,0.03123152,0.9969606,-0.0713734,0,-0.9963791,0.02540453,-0.08113825,0,-0.9974585,-1.65986,-0.726633,1,0.07907843,0.03123152,-0.9963791,0,-0.07364902,0.9969606,0.02540454,0,-0.994144,-0.07137339,-0.08113825,0,-0.7657474,1.634105,-1.010637,1,1.0,1.0,0.1541661,0.1355891,0.9786972,-0.001546066,-0.004104431,-0.02081125,34.04445,2105
25,0.2218028,0.1495563,0.9997633,0.09618216,0.1219031,0.9997475,0.1589924,0.1357296,0.9997554,0.07883972,-0.07373958,-0.9941564,0,0.03114091,0.9969559,-0.07147767,0,-0.9964008,0.02532365,-0.08089602,0,-0.9977008,-1.660018,-0.72598,1,0.07883968,0.0311409,-0.9964007,0,-0.07373957,0.9969559,0.02532365,0,-0.9941562,-0.07147765,-0.08089603,0,-0.7654881,1.634142,-1.010801,1,1.0,1.0,0.1539897,0.1341309,0.9789259,-0.001545967,-0.004105629,-0.02080036,34.06667,2106
25,0.2220888,0.1510859,1.000008,0.09619223,0.1204896,1.000004,0.1591404,0.1357876,1.000006,0.07879376,-0.07360946,-0.9941697,0,0.03099678,0.9969689,-0.07136004,0,-0.996409,0.02519333,-0.08083659,0,-0.9975602,-1.660093,-0.7261353,1,0.07879376,0.03099678,-0.9964089,0,-0.07360945,0.9969689,0.02519333,0,-0.9941695,-0.07136004,-0.08083658,0,-0.7654985,1.634165,-1.010853,1,1.0,1.0,0.1540916,0.1341533,0.9789068,-0.00154589,-0.004107338,-0.02079616,34.07778,2107
25,0.2221923,0.1507863,1.000068,0.09633698,0.1200316,1.000061,0.1592647,0.135409,1.000064,0.07878941,-0.07386101,-0.9941514,0,0.03107736,0.9969487,-0.07160588,0,-0.9964069,0.0252538,-0.0808444,0,-0.9977373,-1.660169,-0.7257586,1,0.07878938,0.03107734,-0.9964066,0,-0.073861,0.9969488,0.02525381,0,-0.9941511,-0.07160588,-0.08084439,0,-0.7655243,1.634142,-1.0109,1,1.0,1.0,0.1542078,0.1337888,0.9789385,-0.00154541,-0.004107689,-0.02078538,34.08889,2108
25,0.222666,0.151445,1.000028,0.09547322,0.1207626,1.000009,0.1590692,0.1361036,1.000019,0.07870495,-0.07428762,-0.9941262,0,0.03113536,0.9969163,-0.07203113,0,-0.9964117,0.02528327,-0.08077526,0,-0.998058,-1.660483,-0.7249427,1,0.07870499,0.03113536,-0.9964116,0,-0.07428762,0.9969162,0.02528327,0,-0.9941262,-0.07203113,-0.08077522,0,-0.7654857,1.634219,-1.011051,1,1.0,1.0,0.154018,0.1344551,0.978877,-0.001544411,-0.004109375,-0.02077772,34.11111,2109
25,0.2227712,0.1508011,0.9999861,0.09529019,0.1204686,0.999989,0.1590309,0.1356349,0.9999875,0.07869846,-0.07413474,-0.9941382,0,0.03107393,0.9969289,-0.07188296,0,-0.9964141,0.0252347,-0.08076042,0,-0.9980183,-1.66045,-0.7251849,1,0.07869844,0.03107392,-0.996414,0,-0.07413473,0.9969289,0.0252347,0,-0.994138,-0.07188296,-0.08076042,0,-0.7654884,1.634234,-1.011105,1,1.0,1.0,0.1539972,0.13402,0.97894,-0.001544251,-0.004109909,-0.02076756,34.12222,2110
25,0.2228985,0.1509539,1.000036,0.0954417,0.1194806,1.000028,0.1591703,0.1352172,1.000032,0.07870191,-0.07395477,-0.9941513,0,0.0308012,0.9969488,-0.0717245,0,-0.9964224,0.02497619,-0.08073968,0,-0.9976933,-1.660575,-0.7252877,1,0.07870191,0.03080119,-0.9964222,0,-0.07395475,0.9969487,0.0249762,0,-0.9941512,-0.07172449,-0.08073966,0,-0.7653327,1.634217,-1.011208,1,1.0,1.0,0.1541294,0.1336205,0.9789738,-0.001543785,-0.00411174,-0.02076506,34.14444,2111
25,0.221585,0.1496356,1.000039,0.09555057,0.119302,1.000018,0.1585675,0.1344686,1.000028,0.07862228,-0.07420118,-0.9941394,0,0.03049905,0.9969383,-0.07199806,0,-0.996438,0.02465964,-0.08064467,0,-0.9973233,-1.661061,-0.7247107,1,0.07862229,0.03049904,-0.9964377,0,-0.07420116,0.9969383,0.02465965,0,-0.994139,-0.07199805,-0.08064461,0,-0.7653039,1.634215,-1.011253,1,1.0,1.0,0.1535801,0.1329311,0.9791541,-0.001542763,-0.004114357,-0.0207587,34.15556,2112
25,0.2216917,0.1492465,0.9999502,0.09571317,0.1199049,0.9999583,0.1587028,0.134576,0.9999542,0.0787102,-0.0741163,-0.9941387,0,0.03003812,0.9969559,-0.0719481,0,-0.996445,0.024199,-0.08069694,0,-0.9966354,-1.661466,-0.7248136,1,0.07871022,0.03003811,-0.9964449,0,-0.07411628,0.9969559,0.024199,0,-0.9941384,-0.07194809,-0.0806969,0,-0.7652614,1.634197,-1.011377,1,1.0,1.0,0.1537145,0.1330408,0.9791179,-0.001541702,-0.004116356,-0.02075653,34.16667,2113
25,0.2211976,0.1494812,1.000106,0.09743617,0.1200691,1.0001,0.159317,0.1347752,1.000103,0.07867199,-0.07404818,-0.9941468,0,0.02974964,0.9969678,-0.07190406,0,-0.9964567,0.02391866,-0.08063632,0,-0.9962965,-1.66168,-0.7249026,1,0.07867194,0.02974962,-0.9964563,0,-0.07404817,0.9969678,0.02391866,0,-0.9941466,-0.07190406,-0.08063632,0,-0.7653233,1.634157,-1.011474,1,1.0,1.0,0.1542629,0.1332026,0.9790097,-0.001539802,-0.004121323,-0.02075304,34.18889,2114
25,0.2212359,0.1502855,0.9999276,0.09818793,0.1221125,0.9999393,0.1597121,0.1361991,0.9999334,0.07865971,-0.07360417,-0.9941807,0,0.02981013,0.9969983,-0.07145419,0,-0.9964558,0.02401608,-0.08061773,0,-0.9964457,-1.661293,-0.7256383,1,0.07865967,0.02981012,-0.9964557,0,-0.07360415,0.9969984,0.02401609,0,-0.9941804,-0.07145419,-0.08061774,0,-0.7653134,1.634161,-1.011515,1,1.0,1.0,0.1546292,0.1345617,0.978766,-0.001539566,-0.00412542,-0.02075086,34.2,2115
25,0.221464,0.1501826,0.9999917,0.09928496,0.1209298,0.9999831,0.1603742,0.135556,0.9999874,0.0784952,-0.07303639,-0.9942356,0,0.03012071,0.9970312,-0.07086372,0,-0.9964594,0.02438461,-0.0804621,0,-0.9971717,-1.660472,-0.7266295,1,0.07849522,0.0301207,-0.9964593,0,-0.07303638,0.9970311,0.02438462,0,-0.9942354,-0.0708637,-0.08046206,0,-0.7654424,1.634086,-1.011617,1,1.0,1.0,0.1552531,0.1339395,0.9787527,-0.001538162,-0.004128243,-0.02074662,34.22222,2116
25,0.2215205,0.1509511,1.000012,0.1000167,0.1212017,1.000027,0.1607689,0.1360765,1.00002,0.07852483,-0.07270531,-0.9942575,0,0.03028991,0.9970506,-0.0705173,0,-0.996452,0.0245786,-0.08049548,0,-0.9974826,-1.660036,-0.7273192,1,0.07852483,0.0302899,-0.9964517,0,-0.07270529,0.9970506,0.02457861,0,-0.9942573,-0.0705173,-0.08049544,0,-0.7655088,1.634065,-1.011688,1,1.0,1.0,0.1556073,0.1344198,0.9786305,-0.001538063,-0.004130615,-0.0207453,34.23333,2117
25,0.2215791,0.1503846,0.9999744,0.09994036,0.1208716,0.9999846,0.1607598,0.1356282,0.9999794,0.07851595,-0.07250816,-0.9942726,0,0.03085356,0.9970505,-0.07027429,0,-0.9964354,0.02515919,-0.08052146,0,-0.9984549,-1.659278,-0.7276711,1,0.0785159,0.03085355,-0.9964352,0,-0.07250816,0.9970503,0.02515919,0,-0.9942724,-0.07027429,-0.08052148,0,-0.76542,1.634053,-1.011743,1,1.0,1.0,0.1556154,0.1340071,0.9786858,-0.001537781,-0.004133156,-0.02073222,34.25556,2118
25,0.2217664,0.1510558,1.000003,0.100055,0.1218881,1.00001,0.1609109,0.1364721,1.000006,0.07859683,-0.07262471,-0.9942577,0,0.03084697,0.9970425,-0.07038964,0,-0.9964293,0.02513742,-0.08060461,0,-0.9983799,-1.65938,-0.7275583,1,0.07859679,0.03084695,-0.9964289,0,-0.0726247,0.9970426,0.02513743,0,-0.9942575,-0.07038964,-0.0806046,0,-0.7654228,1.634057,-1.011747,1,1.0,1.0,0.1557376,0.1347999,0.9785575,-0.001537812,-0.004136872,-0.0207195,34.26667,2119
25,0.2218864,0.1522112,0.9998613,0.1010009,0.1227225,0.9998853,0.1614437,0.1374669,0.9998733,0.07872933,-0.07237685,-0.9942653,0,0.03091908,0.9970585,-0.0701319,0,-0.9964166,0.02522032,-0.08073556,0,-0.9984287,-1.659145,-0.728048,1,0.0787293,0.03091906,-0.9964162,0,-0.07237683,0.9970584,0.02522032,0,-0.994265,-0.07013188,-0.08073554,0,-0.7653507,1.634076,-1.011786,1,1.0,1.0,0.1562364,0.1357455,0.9783472,-0.001537668,-0.00413881,-0.02071175,34.27778,2120
