flag,xl,yl,zl,xr,yr,zr,xc,yc,zc,mat_00,mat_10,mat_20,mat_30,mat_01,mat_11,mat_21,mat_31,mat_02,mat_12,mat_22,mat_32,mat_03,mat_13,mat_23,mat_33,ctw_00,ctw_10,ctw_20,ctw_30,ctw_01,ctw_11,ctw_21,ctw_31,ctw_02,ctw_12,ctw_22,ctw_32,ctw_03,ctw_13,ctw_23,ctw_33,opennessl,opennessr,ray_x,ray_y,ray_z,eye_x,eye_y,eye_z,time,frame,u,v
6.0,-0.1153232,-0.09205189,0.9999416,-0.1996644,-0.1236165,0.9999454,-0.1574937,-0.1078344,0.9999434,0.09508044,-0.1166891,-0.9886068,0.0,0.04844465,0.9924716,-0.1124861,0.0,-0.9942901,0.03719749,-0.1000176,0.0,-0.5679563,-1.683767,-0.8417023,1.0,0.09508044,0.04844466,-0.9942901,0.0,-0.1166891,0.9924718,0.03719749,0.0,-0.9886067,-0.1124861,-0.1000176,0.0,-0.9745883,1.603926,-0.5862665,1.0,1.0,1.0,-0.1529026,-0.1034629,0.9828103,0.001313278,-0.0003761291,-0.02081939,29.75556,1830.0,-0.175,-0.15849999999999997
6.0,-0.1140704,-0.08997552,1.000034,-0.1997629,-0.1230801,1.00001,-0.1569168,-0.106528,1.000022,0.09486353,-0.1168934,-0.9886035,0.0,0.04850729,0.9924451,-0.112693,0.0,-0.9943078,0.03726403,-0.09981704,0.0,-0.5682377,-1.683882,-0.8413253,1.0,0.09486355,0.0485073,-0.9943078,0.0,-0.1168934,0.9924452,0.03726403,0.0,-0.9886035,-0.112693,-0.09981705,0.0,-0.9746667,1.603912,-0.5862336,1.0,1.0,1.0,-0.1523675,-0.1022181,0.9830238,0.001312012,-0.000377678,-0.02081688,29.76667,1831.0,-0.175,-0.15849999999999997
6.0,-0.1141709,-0.09060027,0.9998949,-0.1998229,-0.1231137,0.9998764,-0.1569969,-0.1068573,0.9998857,0.09489304,-0.1174964,-0.9885291,0.0,0.04798815,0.9923956,-0.1133494,0.0,-0.9943301,0.03668162,-0.09980989,0.0,-0.5674292,-1.684775,-0.8401519,1.0,0.09489305,0.04798815,-0.9943302,0.0,-0.1174964,0.9923956,0.03668162,0.0,-0.9885291,-0.1133494,-0.09980987,0.0,-0.9746246,1.603962,-0.5862672,1.0,1.0,1.0,-0.1524583,-0.1025446,0.9829757,0.001311508,-0.0003777314,-0.02080899,29.78889,1832.0,-0.175,-0.15849999999999997
6.0,-0.1143135,-0.09275761,0.9998194,-0.2001257,-0.1219145,0.9997687,-0.15722,-0.1073363,0.9997941,0.09443521,-0.1178075,-0.988536,0.0,0.04780559,0.9923646,-0.1136969,0.0,-0.9943825,0.03652056,-0.09934604,0.0,-0.5676104,-1.685182,-0.8392335,1.0,0.09443521,0.04780559,-0.9943825,0.0,-0.1178075,0.9923646,0.03652056,0.0,-0.9885359,-0.1136969,-0.09934602,0.0,-0.9745371,1.604032,-0.5862526,1.0,1.0,1.0,-0.152675,-0.1030077,0.9828936,0.001311035,-0.0003778534,-0.02079892,29.8,1833.0,-0.175,-0.15849999999999997
6.0,-0.1139107,-0.09197989,0.9999017,-0.200259,-0.1230227,0.9998755,-0.1570851,-0.1075014,0.9998885,0.09415758,-0.1178432,-0.9885583,0.0,0.0477207,0.9923625,-0.1137514,0.0,-0.994413,0.03646412,-0.09906197,0.0,-0.5677855,-1.685266,-0.8389393,1.0,0.09415752,0.04772069,-0.9944128,0.0,-0.1178432,0.9923626,0.03646413,0.0,-0.9885582,-0.1137514,-0.09906198,0.0,-0.9744762,1.60406,-0.5862684,1.0,1.0,1.0,-0.1525347,-0.1031592,0.9828995,0.001310928,-0.0003783722,-0.02078052,29.81111,1834.0,-0.175,-0.15849999999999997
6.0,-0.1143779,-0.09335458,0.9998922,-0.2005138,-0.1230237,0.999857,-0.1574461,-0.1081894,0.9998747,0.0932793,-0.117753,-0.9886523,0.0,0.04773502,0.9923686,-0.1136918,0.0,-0.9944951,0.03658824,-0.0981884,0.0,-0.5687212,-1.685109,-0.838484,1.0,0.09327929,0.04773502,-0.994495,0.0,-0.117753,0.9923688,0.03658824,0.0,-0.9886522,-0.1136918,-0.09818839,0.0,-0.9743457,1.604069,-0.5862646,1.0,1.0,1.0,-0.1528669,-0.1038104,0.9827793,0.001310851,-0.0003792267,-0.02077059,29.83333,1835.0,-0.175,-0.15849999999999997
6.0,-0.1144445,-0.09318396,0.9999164,-0.2003441,-0.123158,0.9998958,-0.1573946,-0.1081711,0.9999061,0.0928551,-0.1173999,-0.9887342,0.0,0.04811191,0.9923934,-0.1133161,0.0,-0.9945166,0.03704792,-0.0977971,0.0,-0.5697809,-1.68452,-0.8388596,1.0,0.09285507,0.04811191,-0.9945166,0.0,-0.1173999,0.9923934,0.03704792,0.0,-0.9887341,-0.1133161,-0.09779712,0.0,-0.9742645,1.604064,-0.5862866,1.0,1.0,1.0,-0.1528147,-0.1037892,0.9827897,0.001311271,-0.0003809891,-0.02077059,29.84444,1836.0,-0.175,-0.15849999999999997
6.0,-0.1145153,-0.09325419,0.9999536,-0.2005555,-0.1226563,0.9999609,-0.1575354,-0.1079554,0.9999571,0.09265244,-0.1165899,-0.988849,0.0,0.04814754,0.9924837,-0.1125072,0.0,-0.9945338,0.03718658,-0.09756958,0.0,-0.5700591,-1.683717,-0.8399925,1.0,0.09265245,0.04814753,-0.9945337,0.0,-0.1165899,0.9924837,0.03718658,0.0,-0.9888489,-0.1125072,-0.09756955,0.0,-0.9741127,1.604003,-0.5862889,1.0,1.0,1.0,-0.1529436,-0.1035737,0.9827924,0.001311889,-0.0003836136,-0.02077059,29.86667,1837.0,-0.175,-0.15849999999999997
6.0,-0.1153336,-0.0939079,0.999996,-0.2009757,-0.1255245,0.9999796,-0.1581548,-0.1097164,0.9999878,0.09243166,-0.116566,-0.9888725,0.0,0.04827297,0.9924808,-0.1124792,0.0,-0.9945482,0.03733917,-0.09736365,0.0,-0.5703933,-1.683492,-0.8399557,1.0,0.09243167,0.04827297,-0.9945481,0.0,-0.116566,0.9924809,0.03733918,0.0,-0.9888723,-0.1124792,-0.09736363,0.0,-0.9741245,1.603891,-0.5862045,1.0,1.0,1.0,-0.1534945,-0.1052356,0.9825299,0.001312012,-0.0003864823,-0.02077059,29.87778,1838.0,-0.175,-0.15849999999999997
6.0,-0.1156117,-0.09311891,0.9999676,-0.2010522,-0.1246148,0.9999873,-0.1583317,-0.1088668,0.9999774,0.09257382,-0.1164082,-0.9888779,0.0,0.04848062,0.9924915,-0.112295,0.0,-0.994525,0.03754582,-0.09752226,0.0,-0.5705892,-1.683205,-0.8402808,1.0,0.09257378,0.04848062,-0.9945248,0.0,-0.1164081,0.9924915,0.03754583,0.0,-0.9888776,-0.112295,-0.09752226,0.0,-0.974052,1.60387,-0.5862138,1.0,1.0,1.0,-0.1536764,-0.104418,0.9825886,0.001314125,-0.0003927384,-0.02077925,29.88889,1839.0,-0.175,-0.15849999999999997
6.0,-0.1166767,-0.09444649,0.9999713,-0.2014433,-0.1262005,0.9999974,-0.1590598,-0.1103233,0.9999844,0.09272832,-0.1161016,-0.9888995,0.0,0.04836583,0.9925313,-0.1119928,0.0,-0.9945163,0.03744401,-0.09765106,0.0,-0.5701789,-1.683028,-0.840636,1.0,0.09272824,0.04836579,-0.9945158,0.0,-0.1161016,0.9925312,0.03744402,0.0,-0.9888992,-0.1119928,-0.09765107,0.0,-0.9738347,1.60389,-0.5861216,1.0,1.0,1.0,-0.1543392,-0.1057844,0.9823385,0.001316673,-0.000400879,-0.02078072,29.91111,1840.0,-0.175,-0.15849999999999997
6.0,-0.1167953,-0.09430716,0.9998103,-0.2004001,-0.1249705,0.9998237,-0.1585975,-0.1096387,0.999817,0.09287548,-0.11606,-0.9888905,0.0,0.04835312,0.9925371,-0.1119467,0.0,-0.994503,0.03741883,-0.09779423,0.0,-0.5700307,-1.682965,-0.8405745,1.0,0.09287548,0.04835312,-0.9945029,0.0,-0.11606,0.9925371,0.03741883,0.0,-0.9888903,-0.1119467,-0.09779421,0.0,-0.9736189,1.603868,-0.5861259,1.0,1.0,1.0,-0.1539437,-0.1051529,0.9824685,0.001320679,-0.0004050674,-0.02078072,29.92222,1841.0,-0.175,-0.15849999999999997
6.0,-0.1188008,-0.0949719,0.99981,-0.2002658,-0.1259772,0.9998337,-0.1595331,-0.1104744,0.9998218,0.09317291,-0.115644,-0.9889113,0.0,0.04817812,0.9925919,-0.1115352,0.0,-0.9944837,0.03725182,-0.09805417,0.0,-0.5694697,-1.682666,-0.8410949,1.0,0.09317288,0.04817811,-0.9944835,0.0,-0.115644,0.992592,0.03725182,0.0,-0.988911,-0.1115352,-0.09805417,0.0,-0.9732991,1.603825,-0.5861188,1.0,1.0,1.0,-0.1548151,-0.1059293,0.9822481,0.001327346,-0.0004087143,-0.0207832,29.94444,1842.0,-0.175,-0.15849999999999997
6.0,-0.1197112,-0.09530222,0.9999679,-0.1998346,-0.1264916,0.999967,-0.1597728,-0.1108969,0.9999674,0.09314686,-0.1156278,-0.9889155,0.0,0.04823624,0.9925915,-0.1115142,0.0,-0.9944833,0.03731437,-0.0980342,0.0,-0.5695848,-1.68255,-0.8410891,1.0,0.09314683,0.04823623,-0.9944832,0.0,-0.1156278,0.9925915,0.03731437,0.0,-0.9889155,-0.1115142,-0.09803422,0.0,-0.9732606,1.603767,-0.5861147,1.0,1.0,1.0,-0.1550185,-0.1063102,0.9821749,0.001333222,-0.0004118958,-0.02077749,29.95556,1843.0,-0.175,-0.15849999999999997
6.0,-0.1216034,-0.09555139,0.9999776,-0.1993946,-0.1279407,1.000008,-0.1604989,-0.1117459,0.9999929,0.09336489,-0.115277,-0.988936,0.0,0.04844691,0.992624,-0.1111331,0.0,-0.9944527,0.03753494,-0.09826106,0.0,-0.5697114,-1.682079,-0.8417654,1.0,0.09336489,0.04844688,-0.9944524,0.0,-0.115277,0.9926239,0.03753495,0.0,-0.9889358,-0.1111331,-0.09826102,0.0,-0.9731659,1.603724,-0.5861269,1.0,1.0,1.0,-0.1556841,-0.1071035,0.9819834,0.001334572,-0.0004118958,-0.02077862,29.96667,1844.0,-0.175,-0.15849999999999997
6.0,-0.1216524,-0.09551988,0.9999825,-0.1993744,-0.1279217,0.999999,-0.1605133,-0.1117207,0.9999908,0.09348935,-0.1144522,-0.98902,0.0,0.048705,0.992707,-0.110275,0.0,-0.9944283,0.03786068,-0.09838194,0.0,-0.5699903,-1.68119,-0.8432015,1.0,0.09348936,0.048705,-0.9944283,0.0,-0.1144522,0.992707,0.03786069,0.0,-0.9890199,-0.110275,-0.09838192,0.0,-0.973071,1.603706,-0.5861192,1.0,1.0,1.0,-0.155698,-0.1070797,0.9819838,0.001334572,-0.0004116592,-0.02078068,29.98889,1845.0,-0.175,-0.15849999999999997
6.0,-0.1219876,-0.09479477,1.000019,-0.1993814,-0.127927,1.000039,-0.1606844,-0.1113606,1.000029,0.09363264,-0.1142187,-0.9890335,0.0,0.04876445,0.9927314,-0.1100291,0.0,-0.9944119,0.03792734,-0.09852183,0.0,-0.5698849,-1.680985,-0.8436689,1.0,0.09363259,0.04876443,-0.9944118,0.0,-0.1142186,0.9927314,0.03792734,0.0,-0.9890333,-0.1100291,-0.09852184,0.0,-0.9730567,1.603729,-0.5860648,1.0,1.0,1.0,-0.1558586,-0.1067305,0.9819963,0.001334572,-0.000411644,-0.02078068,30.0,1846.0,-0.175,-0.15849999999999997
6.0,-0.1216677,-0.09432356,0.9999673,-0.1993659,-0.12774,0.9999585,-0.1605167,-0.1110319,0.9999629,0.09351677,-0.1141028,-0.9890577,0.0,0.04861668,0.9927494,-0.1099319,0.0,-0.99443,0.03780422,-0.09838605,0.0,-0.5697027,-1.680982,-0.8436812,1.0,0.0935168,0.04861668,-0.99443,0.0,-0.1141028,0.9927495,0.03780422,0.0,-0.9890577,-0.1099319,-0.09838601,0.0,-0.9729774,1.603744,-0.5859877,1.0,1.0,1.0,-0.1557159,-0.1064272,0.9820518,0.001334572,-0.0004114991,-0.0207826,30.02222,1847.0,-0.175,-0.15849999999999997
6.0,-0.1211898,-0.09385309,0.9999489,-0.1981471,-0.1273427,0.9999511,-0.1596686,-0.1105979,0.9999499,0.09361529,-0.1142683,-0.9890294,0.0,0.04864754,0.9927303,-0.1100912,0.0,-0.9944193,0.03780761,-0.09849358,0.0,-0.5696176,-1.681148,-0.8434131,1.0,0.09361526,0.04864752,-0.9944192,0.0,-0.1142683,0.9927302,0.03780762,0.0,-0.9890292,-0.1100912,-0.09849359,0.0,-0.9729371,1.603784,-0.5859492,1.0,1.0,1.0,-0.1549282,-0.1060296,0.9822195,0.001334572,-0.0004107132,-0.02078307,30.03333,1848.0,-0.175,-0.15849999999999997
6.0,-0.1199958,-0.09396178,0.9999415,-0.1984008,-0.1261796,0.9999127,-0.1591985,-0.1100709,0.9999272,0.09335136,-0.1145808,-0.9890181,0.0,0.04879864,0.9926885,-0.1104,0.0,-0.9944366,0.03795674,-0.09826016,0.0,-0.5701327,-1.681319,-0.8427691,1.0,0.09335132,0.04879863,-0.9944366,0.0,-0.1145808,0.9926885,0.03795674,0.0,-0.9890181,-0.1104,-0.09826022,0.0,-0.9729382,1.603806,-0.5859541,1.0,1.0,1.0,-0.1544946,-0.105539,0.9823406,0.001331497,-0.0004089127,-0.02078954,30.04445,1849.0,-0.175,-0.15849999999999997
6.0,-0.1186516,-0.09285519,0.9998814,-0.1984641,-0.1263042,0.9998826,-0.158558,-0.1095796,0.999882,0.09325016,-0.1147495,-0.9890081,0.0,0.04856661,0.9926781,-0.1105962,0.0,-0.9944575,0.03771965,-0.09814036,0.0,-0.5698726,-1.68165,-0.8421957,1.0,0.09325013,0.0485666,-0.9944575,0.0,-0.1147496,0.9926781,0.03771966,0.0,-0.9890081,-0.1105962,-0.09814038,0.0,-0.9727663,1.603871,-0.5859362,1.0,1.0,1.0,-0.1539049,-0.1050866,0.9824816,0.001329414,-0.0004081192,-0.02078998,30.06667,1850.0,-0.175,-0.15849999999999997
6.0,-0.1192031,-0.09282058,0.9997726,-0.1992462,-0.1268651,0.9997597,-0.1592248,-0.109843,0.9997662,0.09313267,-0.1149009,-0.9890016,0.0,0.04868551,0.9926561,-0.1107408,0.0,-0.9944627,0.03783645,-0.09804273,0.0,-0.5702105,-1.681714,-0.8416982,1.0,0.09313268,0.04868551,-0.9944627,0.0,-0.1149009,0.9926562,0.03783645,0.0,-0.9890016,-0.1107408,-0.09804273,0.0,-0.9725661,1.603915,-0.5859453,1.0,1.0,1.0,-0.1545409,-0.1053415,0.9823545,0.001325798,-0.0004049988,-0.02079066,30.07778,1851.0,-0.175,-0.15849999999999997
6.0,-0.1196025,-0.09223135,0.9999126,-0.1992542,-0.1260591,0.9999008,-0.1594282,-0.1091453,0.9999067,0.09306514,-0.114862,-0.9890124,0.0,0.04914434,0.9926426,-0.1106592,0.0,-0.9944464,0.03830584,-0.09802526,0.0,-0.5709888,-1.681308,-0.8417155,1.0,0.09306517,0.04914434,-0.9944465,0.0,-0.1148621,0.9926426,0.03830585,0.0,-0.9890125,-0.1106592,-0.09802525,0.0,-0.9724465,1.603855,-0.5859233,1.0,1.0,1.0,-0.1547226,-0.1046611,0.9823986,0.001325798,-0.0004042816,-0.02078855,30.1,1852.0,-0.175,-0.15849999999999997
6.0,-0.1191724,-0.09224515,0.9999536,-0.1995792,-0.1245412,0.9999743,-0.1593758,-0.1083929,0.9999641,0.09323871,-0.114784,-0.9890051,0.0,0.0494928,0.9926386,-0.1105397,0.0,-0.9944128,0.03864205,-0.09823334,0.0,-0.5714036,-1.681022,-0.8419401,1.0,0.09323873,0.0494928,-0.994413,0.0,-0.114784,0.9926386,0.03864205,0.0,-0.9890051,-0.1105397,-0.09823333,0.0,-0.9723606,1.60386,-0.5859596,1.0,1.0,1.0,-0.1546765,-0.10394,0.9824824,0.001325798,-0.0004042816,-0.02078872,30.11111,1853.0,-0.175,-0.15849999999999997
6.0,-0.1195536,-0.09224613,0.9999027,-0.1989286,-0.1245035,0.9999052,-0.159241,-0.1083749,0.9999039,0.09314615,-0.1145094,-0.9890459,0.0,0.0495628,0.9926661,-0.1102608,0.0,-0.9944183,0.03874949,-0.09813845,0.0,-0.5716357,-1.680762,-0.8422577,1.0,0.09314616,0.04956279,-0.994418,0.0,-0.1145093,0.9926661,0.03874951,0.0,-0.9890456,-0.1102608,-0.09813841,0.0,-0.9722486,1.603899,-0.585974,1.0,1.0,1.0,-0.154559,-0.1039307,0.9825019,0.001325798,-0.0004042816,-0.02078839,30.12222,1854.0,-0.175,-0.15849999999999997
6.0,-0.1195244,-0.09329083,0.9998267,-0.1984545,-0.1238078,0.9998112,-0.1589894,-0.1085493,0.9998189,0.09294033,-0.11431,-0.9890882,0.0,0.04897365,0.9927103,-0.1101268,0.0,-0.9944665,0.03820402,-0.09786099,0.0,-0.570911,-1.680874,-0.8421197,1.0,0.09294033,0.04897364,-0.9944666,0.0,-0.11431,0.9927103,0.03820404,0.0,-0.9890881,-0.1101268,-0.097861,0.0,-0.9720106,1.60384,-0.5859464,1.0,1.0,1.0,-0.1543337,-0.1041079,0.9825186,0.001327119,-0.0004055405,-0.02078844,30.14445,1855.0,-0.175,-0.15849999999999997
6.0,-0.1192598,-0.09399939,0.9999515,-0.1980201,-0.1254801,0.9999563,-0.1586401,-0.1097399,0.9999539,0.09303319,-0.1142025,-0.9890918,0.0,0.04847915,0.9927415,-0.110064,0.0,-0.9944821,0.03771072,-0.09789437,0.0,-0.5700094,-1.681104,-0.842185,1.0,0.09303322,0.04847915,-0.994482,0.0,-0.1142025,0.9927415,0.03771072,0.0,-0.9890918,-0.110064,-0.09789434,0.0,-0.9719549,1.603841,-0.5859135,1.0,1.0,1.0,-0.1539686,-0.1052325,0.982456,0.001328834,-0.0004063873,-0.02078844,30.15556,1856.0,-0.175,-0.15849999999999997
6.0,-0.1192553,-0.09412427,1.000035,-0.1979939,-0.1252634,1.000025,-0.1586248,-0.1096938,1.00003,0.09287387,-0.1135707,-0.9891796,0.0,0.04803444,0.9928277,-0.1094796,0.0,-0.9945186,0.03734688,-0.09766304,0.0,-0.5695943,-1.680795,-0.8430516,1.0,0.09287386,0.04803443,-0.9945186,0.0,-0.1135707,0.9928277,0.03734689,0.0,-0.9891795,-0.1094796,-0.09766306,0.0,-0.971918,1.603803,-0.5860346,1.0,1.0,1.0,-0.1539447,-0.1051777,0.9824656,0.0013293,-0.0004105072,-0.02078826,30.17778,1857.0,-0.175,-0.15849999999999997
6.0,-0.119298,-0.09456465,0.9999567,-0.1979897,-0.125708,0.999953,-0.1586438,-0.1101363,0.9999548,0.09269243,-0.1133298,-0.9892243,0.0,0.04827791,0.9928445,-0.1092208,0.0,-0.9945237,0.03763374,-0.0975005,0.0,-0.5702122,-1.680386,-0.8433645,1.0,0.09269243,0.04827791,-0.9945236,0.0,-0.1133297,0.9928444,0.03763374,0.0,-0.9892241,-0.1092208,-0.09750048,0.0,-0.9718598,1.603777,-0.5860788,1.0,1.0,1.0,-0.1539669,-0.1056046,0.9824163,0.001329605,-0.0004117584,-0.02078775,30.18889,1858.0,-0.175,-0.15849999999999997
6.0,-0.1192653,-0.09437603,0.9999695,-0.1984589,-0.1263179,0.9999598,-0.1588621,-0.110347,0.9999647,0.09202367,-0.1125301,-0.9893779,0.0,0.04820134,0.9929325,-0.1084511,0.0,-0.9945895,0.03770927,-0.09679741,0.0,-0.5708813,-1.679591,-0.8442537,1.0,0.09202366,0.04820134,-0.9945894,0.0,-0.1125301,0.9929326,0.03770927,0.0,-0.9893779,-0.1084511,-0.09679739,0.0,-0.9717559,1.603678,-0.5861779,1.0,1.0,1.0,-0.1541682,-0.1057987,0.9823639,0.001329682,-0.0004145584,-0.02078253,30.21111,1859.0,-0.175,-0.15849999999999997
6.0,-0.1188491,-0.09347489,0.9998763,-0.1978417,-0.1262721,0.9998896,-0.1583453,-0.1098733,0.9998829,0.09197718,-0.1120146,-0.9894409,0.0,0.04819045,0.9929891,-0.1079366,0.0,-0.9945945,0.03775388,-0.09673035,0.0,-0.5709699,-1.679145,-0.8449337,1.0,0.09197713,0.04819043,-0.9945942,0.0,-0.1120146,0.9929891,0.03775389,0.0,-0.9894406,-0.1079366,-0.09673034,0.0,-0.9715843,1.603689,-0.5862198,1.0,1.0,1.0,-0.1537035,-0.1053584,0.982484,0.0013313,-0.0004208069,-0.02078199,30.22222,1860.0,-0.175,-0.15849999999999997
6.0,-0.11905,-0.09243709,0.9999204,-0.1977006,-0.1264598,0.9999126,-0.1583754,-0.1094486,0.9999165,0.09185255,-0.112032,-0.9894503,0.0,0.04840434,0.9929786,-0.107938,0.0,-0.9945955,0.0379793,-0.09663045,0.0,-0.57145,-1.678976,-0.8447834,1.0,0.09185256,0.04840433,-0.9945955,0.0,-0.112032,0.9929785,0.0379793,0.0,-0.9894504,-0.107938,-0.09663045,0.0,-0.9714811,1.603664,-0.586227,1.0,1.0,1.0,-0.1537352,-0.1049421,0.9825237,0.001332374,-0.000429512,-0.02077688,30.24445,1861.0,-0.175,-0.15849999999999997
6.0,-0.1189089,-0.09223436,0.9999673,-0.1973517,-0.126849,0.9999673,-0.1581303,-0.1095417,0.9999672,0.09200442,-0.1123901,-0.9893956,0.0,0.04845804,0.992938,-0.1082863,0.0,-0.9945788,0.03798134,-0.09680086,0.0,-0.5714145,-1.679271,-0.844253,1.0,0.09200439,0.04845802,-0.9945787,0.0,-0.11239,0.992938,0.03798135,0.0,-0.9893956,-0.1082863,-0.09680088,0.0,-0.9714609,1.603681,-0.5862602,1.0,1.0,1.0,-0.1534991,-0.1050275,0.9825513,0.00133403,-0.0004325562,-0.02076771,30.25556,1862.0,-0.175,-0.15849999999999997
6.0,-0.1190239,-0.09320547,1.000127,-0.1962747,-0.1272506,1.000135,-0.1576494,-0.1102279,1.000131,0.09223151,-0.1128119,-0.9893264,0.0,0.04827831,0.9928995,-0.1087185,0.0,-0.9945665,0.03773573,-0.09702301,0.0,-0.5708925,-1.679755,-0.8437762,1.0,0.09223153,0.04827831,-0.9945666,0.0,-0.1128119,0.9928995,0.03773574,0.0,-0.9893264,-0.1087185,-0.097023,0.0,-0.9716122,1.603656,-0.5862694,1.0,1.0,1.0,-0.1530141,-0.1056726,0.9825579,0.001334747,-0.0004325562,-0.02076232,30.27778,1863.0,-0.175,-0.15849999999999997
6.0,-0.1194742,-0.09326375,0.9999974,-0.197414,-0.1280664,1.000008,-0.158444,-0.110665,1.000003,0.09243351,-0.1128975,-0.9892979,0.0,0.04809685,0.9928978,-0.1088145,0.0,-0.9945565,0.03752401,-0.09720707,0.0,-0.5704235,-1.679978,-0.843688,1.0,0.09243353,0.04809686,-0.9945565,0.0,-0.1128975,0.9928979,0.03752401,0.0,-0.9892978,-0.1088145,-0.09720704,0.0,-0.9715977,1.603677,-0.5862914,1.0,1.0,1.0,-0.1537734,-0.1060887,0.9823945,0.001334984,-0.0004331818,-0.02075917,30.28889,1864.0,-0.175,-0.15849999999999997
6.0,-0.1194595,-0.09328035,1.000006,-0.198791,-0.128082,1.000027,-0.1591251,-0.1106811,1.000016,0.09282577,-0.1130797,-0.9892403,0.0,0.04783931,0.992889,-0.1090078,0.0,-0.9945325,0.03720583,-0.09757537,0.0,-0.5696301,-1.680379,-0.8435198,1.0,0.09282578,0.04783931,-0.9945323,0.0,-0.1130797,0.9928892,0.03720583,0.0,-0.9892402,-0.1090078,-0.09757533,0.0,-0.9715842,1.603731,-0.5863025,1.0,1.0,1.0,-0.1544111,-0.1060911,0.9822942,0.001335,-0.0004338303,-0.02075855,30.3,1865.0,-0.175,-0.15849999999999997
6.0,-0.1193167,-0.09360231,0.9999047,-0.1979946,-0.1287127,0.99989,-0.1586557,-0.1111577,0.9998974,0.09287781,-0.1133223,-0.9892077,0.0,0.04740006,0.9928789,-0.1092925,0.0,-0.9945486,0.03673765,-0.09758788,0.0,-0.5689387,-1.680882,-0.8429601,1.0,0.09287779,0.04740005,-0.9945486,0.0,-0.1133223,0.9928789,0.03673766,0.0,-0.9892076,-0.1092925,-0.09758788,0.0,-0.9715022,1.603751,-0.5863482,1.0,1.0,1.0,-0.1539814,-0.1065637,0.9823105,0.00133606,-0.0004346238,-0.02075504,30.32222,1866.0,-0.175,-0.15849999999999997
6.0,-0.1197179,-0.09254754,0.9999812,-0.1974787,-0.1291847,0.9999832,-0.1585982,-0.1108662,0.9999822,0.09296781,-0.1134167,-0.9891884,0.0,0.04727447,0.9928734,-0.1093962,0.0,-0.9945463,0.03659302,-0.09766698,0.0,-0.5687068,-1.681061,-0.8428034,1.0,0.09296779,0.04727445,-0.9945461,0.0,-0.1134167,0.9928734,0.03659302,0.0,-0.9891883,-0.1093962,-0.09766696,0.0,-0.9714802,1.603766,-0.586404,1.0,1.0,1.0,-0.1539204,-0.1062773,0.9823511,0.001336487,-0.0004360581,-0.02075441,30.33333,1867.0,-0.175,-0.15849999999999997
6.0,-0.1207457,-0.09166269,0.9999205,-0.1961227,-0.1291618,0.9998927,-0.1584343,-0.1104127,0.9999066,0.09253925,-0.113673,-0.9891992,0.0,0.04693826,0.9928556,-0.1097021,0.0,-0.9946021,0.03627953,-0.09721375,0.0,-0.5686951,-1.681473,-0.8419749,1.0,0.09253926,0.04693826,-0.9946021,0.0,-0.113673,0.9928556,0.03627954,0.0,-0.9891991,-0.1097021,-0.09721372,0.0,-0.9713921,1.603787,-0.5864739,1.0,1.0,1.0,-0.1537842,-0.1058557,0.9824179,0.001336487,-0.0004360581,-0.02075537,30.35556,1868.0,-0.175,-0.15849999999999997
6.0,-0.120742,-0.09166051,0.9998965,-0.1975285,-0.1283026,0.999895,-0.1591353,-0.1099816,0.9998958,0.09235042,-0.1133689,-0.9892517,0.0,0.04707669,0.9928834,-0.1093903,0.0,-0.9946132,0.03646846,-0.09703022,0.0,-0.5691744,-1.681114,-0.8423061,1.0,0.09235041,0.04707669,-0.9946131,0.0,-0.1133688,0.9928835,0.03646846,0.0,-0.9892517,-0.1093903,-0.09703023,0.0,-0.9712753,1.603806,-0.5865298,1.0,1.0,1.0,-0.1544511,-0.1054358,0.9823585,0.001336318,-0.0004360581,-0.02075537,30.36667,1869.0,-0.175,-0.15849999999999997
6.0,-0.1208719,-0.09022263,0.9999028,-0.1975272,-0.1290987,0.9998873,-0.1591996,-0.1096608,0.999895,0.09198511,-0.1130668,-0.9893203,0.0,0.04711691,0.9929138,-0.1090967,0.0,-0.9946451,0.03657845,-0.09666061,0.0,-0.5696087,-1.680757,-0.8425447,1.0,0.09198508,0.04711691,-0.994645,0.0,-0.1130668,0.9929138,0.03657845,0.0,-0.9893203,-0.1090967,-0.09666064,0.0,-0.9711889,1.603766,-0.58652,1.0,1.0,1.0,-0.1545164,-0.1051231,0.9823817,0.001335884,-0.0004425507,-0.02075537,30.37778,1870.0,-0.175,-0.15849999999999997
6.0,-0.120218,-0.09027033,0.9999543,-0.19757,-0.1299643,0.999941,-0.1588941,-0.1101176,0.9999477,0.09136486,-0.1129201,-0.9893945,0.0,0.04741965,0.9929163,-0.1089431,0.0,-0.9946878,0.03696318,-0.09607226,0.0,-0.5707371,-1.680375,-0.8424604,1.0,0.09136484,0.04741966,-0.9946879,0.0,-0.1129201,0.9929163,0.03696318,0.0,-0.9893945,-0.1089431,-0.09607229,0.0,-0.9711286,1.603755,-0.5865304,1.0,1.0,1.0,-0.1542146,-0.1055545,0.9823828,0.001335731,-0.0004455643,-0.02075456,30.4,1871.0,-0.175,-0.15849999999999997
6.0,-0.1187762,-0.09128551,0.999942,-0.1963221,-0.1297333,0.9999422,-0.1575492,-0.1105094,0.9999419,0.09146339,-0.1130981,-0.989365,0.0,0.04738663,0.9928983,-0.1091213,0.0,-0.9946803,0.03690207,-0.09617317,0.0,-0.5706336,-1.680539,-0.8421527,1.0,0.09146336,0.04738662,-0.9946802,0.0,-0.1130981,0.9928983,0.03690207,0.0,-0.9893651,-0.1091213,-0.09617317,0.0,-0.9710703,1.603748,-0.5865751,1.0,1.0,1.0,-0.1529447,-0.1059462,0.9825392,0.001335235,-0.0004488754,-0.02075456,30.41111,1872.0,-0.175,-0.15849999999999997
6.0,-0.1184921,-0.09141323,0.9999731,-0.1964343,-0.1302439,0.999974,-0.1574632,-0.1108284,0.9999737,0.09142816,-0.113162,-0.989361,0.0,0.04717752,0.9928989,-0.1092069,0.0,-0.9946935,0.03669101,-0.09611762,0.0,-0.5703896,-1.680744,-0.8419266,1.0,0.09142816,0.04717751,-0.9946935,0.0,-0.113162,0.9928989,0.03669101,0.0,-0.9893611,-0.1092069,-0.09611761,0.0,-0.9710159,1.603774,-0.5866186,1.0,1.0,1.0,-0.1528549,-0.1062458,0.9825208,0.001335235,-0.0004517746,-0.02075003,30.43333,1873.0,-0.175,-0.15849999999999997
6.0,-0.1186787,-0.09037284,1.000018,-0.1965165,-0.1304891,1.000042,-0.1575976,-0.1104309,1.00003,0.09167546,-0.1130315,-0.9893531,0.0,0.04713067,0.992916,-0.1090713,0.0,-0.994673,0.03662971,-0.09635323,0.0,-0.5700895,-1.680664,-0.8422523,1.0,0.09167542,0.04713067,-0.994673,0.0,-0.1130315,0.992916,0.03662971,0.0,-0.9893531,-0.1090713,-0.09635328,0.0,-0.9709897,1.603762,-0.5866441,1.0,1.0,1.0,-0.1529797,-0.1058538,0.9825437,0.001335235,-0.0004578171,-0.02074879,30.44444,1874.0,-0.175,-0.15849999999999997
6.0,-0.1203418,-0.09017067,1.000147,-0.1966442,-0.1303168,1.000175,-0.1584928,-0.1102435,1.000161,0.09184003,-0.1126021,-0.9893867,0.0,0.04669842,0.9929797,-0.1086762,0.0,-0.9946782,0.03622198,-0.09645361,0.0,-0.5692447,-1.680487,-0.8430195,1.0,0.09184003,0.04669843,-0.9946783,0.0,-0.1126021,0.9929798,0.03622198,0.0,-0.9893869,-0.1086762,-0.09645363,0.0,-0.9710193,1.603656,-0.5866571,1.0,1.0,1.0,-0.1538066,-0.1056447,0.9824371,0.001335259,-0.0004630127,-0.02073856,30.46667,1875.0,-0.175,-0.15849999999999997
6.0,-0.1198651,-0.09058259,1.000189,-0.1969463,-0.1311407,1.000219,-0.1584056,-0.1108614,1.000204,0.0922209,-0.1124757,-0.9893658,0.0,0.04641396,0.9930055,-0.1085631,0.0,-0.9946563,0.03590859,-0.09679633,0.0,-0.568422,-1.680547,-0.8435194,1.0,0.09222094,0.04641397,-0.9946563,0.0,-0.1124757,0.9930055,0.03590859,0.0,-0.9893656,-0.1085631,-0.0967963,0.0,-0.9711493,1.603599,-0.586688,1.0,1.0,1.0,-0.1537116,-0.1062285,0.982389,0.001337608,-0.0004646073,-0.02073342,30.47778,1876.0,-0.175,-0.15849999999999997
6.0,-0.1189753,-0.09017794,1.000024,-0.1956726,-0.131159,1.000049,-0.1573238,-0.1106683,1.000036,0.09247416,-0.1122896,-0.9893633,0.0,0.04624446,0.9930329,-0.1083837,0.0,-0.9946406,0.03572988,-0.09702265,0.0,-0.567906,-1.680487,-0.8439183,1.0,0.09247415,0.04624446,-0.9946406,0.0,-0.1122895,0.993033,0.03572989,0.0,-0.9893632,-0.1083837,-0.09702265,0.0,-0.9711263,1.603574,-0.5866979,1.0,1.0,1.0,-0.1527267,-0.1060766,0.982559,0.001341836,-0.0004668426,-0.02072928,30.48889,1877.0,-0.175,-0.15849999999999997
6.0,-0.1202067,-0.09073457,1.000023,-0.1965133,-0.1310286,1.000033,-0.15836,-0.1108817,1.000028,0.09268969,-0.1117527,-0.9894039,0.0,0.0460216,0.9931005,-0.1078588,0.0,-0.994631,0.03553655,-0.09719324,0.0,-0.5673586,-1.680211,-0.8448879,1.0,0.09268971,0.04602159,-0.9946308,0.0,-0.1117527,0.9931004,0.03553654,0.0,-0.9894037,-0.1078588,-0.0971932,0.0,-0.9711149,1.6036,-0.5867208,1.0,1.0,1.0,-0.1537006,-0.106264,0.9823869,0.001343277,-0.0004675217,-0.02072494,30.51111,1878.0,-0.175,-0.15849999999999997
6.0,-0.1208336,-0.09121621,0.9999707,-0.1970436,-0.1309858,0.9999878,-0.1589386,-0.1111011,0.9999794,0.09279507,-0.1115479,-0.9894171,0.0,0.04609461,0.9931206,-0.1076423,0.0,-0.9946178,0.03561811,-0.09729844,0.0,-0.5673208,-1.680012,-0.8452471,1.0,0.09279506,0.0460946,-0.9946176,0.0,-0.1115478,0.9931205,0.03561812,0.0,-0.989417,-0.1076423,-0.09729844,0.0,-0.9710591,1.603621,-0.5866696,1.0,1.0,1.0,-0.1542483,-0.1064677,0.9822791,0.001343277,-0.0004685516,-0.02072321,30.52222,1879.0,-0.175,-0.15849999999999997
6.0,-0.1206577,-0.09081668,0.9997897,-0.1976787,-0.1309884,0.9997713,-0.1591683,-0.1109029,0.9997805,0.09271932,-0.111892,-0.9893854,0.0,0.04619846,0.993079,-0.1079803,0.0,-0.99462,0.03569621,-0.09724683,0.0,-0.5676035,-1.680237,-0.8444365,1.0,0.09271928,0.04619844,-0.9946198,0.0,-0.111892,0.9930791,0.03569622,0.0,-0.9893852,-0.1079803,-0.09724683,0.0,-0.9708503,1.603648,-0.5866903,1.0,1.0,1.0,-0.1544961,-0.1062954,0.9822588,0.001343277,-0.0004685516,-0.02072321,30.54445,1880.0,-0.175,-0.15849999999999997
6.0,-0.1206743,-0.09046318,0.9999332,-0.1976928,-0.1304898,0.9999194,-0.1591837,-0.1104766,0.9999263,0.09264672,-0.1121032,-0.9893683,0.0,0.04622955,0.9930546,-0.1081918,0.0,-0.9946253,0.03571441,-0.09718573,0.0,-0.567741,-1.680395,-0.8440051,1.0,0.0926467,0.04622953,-0.9946252,0.0,-0.1121032,0.9930546,0.03571443,0.0,-0.9893681,-0.1081918,-0.0971857,0.0,-0.97081,1.603656,-0.5867004,1.0,1.0,1.0,-0.1544959,-0.1058751,0.9823042,0.001343277,-0.0004685516,-0.02072321,30.55556,1881.0,-0.175,-0.15849999999999997
6.0,-0.1202528,-0.09086722,0.9998912,-0.1976917,-0.1299835,0.9998791,-0.1589724,-0.1104256,0.9998852,0.09255487,-0.1124217,-0.9893407,0.0,0.04615873,0.9930218,-0.1085217,0.0,-0.9946371,0.03562249,-0.09709829,0.0,-0.5677677,-1.680716,-0.8431401,1.0,0.0925549,0.04615873,-0.9946371,0.0,-0.1124217,0.9930218,0.0356225,0.0,-0.9893406,-0.1085217,-0.09709825,0.0,-0.970552,1.603696,-0.5867189,1.0,1.0,1.0,-0.1543039,-0.105834,0.9823388,0.001343086,-0.0004685516,-0.02072354,30.57778,1882.0,-0.175,-0.15849999999999997
6.0,-0.1203822,-0.09224293,0.9999514,-0.1986013,-0.1305602,0.9999411,-0.1594918,-0.1114017,0.9999462,0.09246296,-0.1125671,-0.9893327,0.0,0.04634602,0.9929988,-0.1086528,0.0,-0.9946369,0.03580527,-0.09703267,0.0,-0.5681657,-1.680728,-0.8428556,1.0,0.092463,0.04634602,-0.9946371,0.0,-0.1125671,0.9929988,0.03580528,0.0,-0.9893328,-0.1086528,-0.09703266,0.0,-0.9705251,1.603715,-0.5867242,1.0,1.0,1.0,-0.1547641,-0.1067494,0.9821673,0.001339424,-0.0004673996,-0.02072436,30.58889,1883.0,-0.175,-0.15849999999999997
6.0,-0.1204558,-0.09155735,0.9999433,-0.1993637,-0.1303146,0.9999464,-0.1599097,-0.1109361,0.9999447,0.09252995,-0.1126247,-0.98932,0.0,0.04635156,0.9929925,-0.1087076,0.0,-0.9946306,0.03579779,-0.09710187,0.0,-0.5681495,-1.680759,-0.8427364,1.0,0.09252991,0.04635154,-0.9946303,0.0,-0.1126247,0.9929925,0.0357978,0.0,-0.9893197,-0.1087076,-0.09710186,0.0,-0.9704599,1.603704,-0.5867625,1.0,1.0,1.0,-0.1551628,-0.1063011,0.9821531,0.001338303,-0.0004659577,-0.02072688,30.6,1884.0,-0.175,-0.15849999999999997
6.0,-0.1205363,-0.09147925,0.9999472,-0.1990742,-0.1304559,0.999959,-0.1598052,-0.1109674,0.999953,0.09240049,-0.1123233,-0.9893663,0.0,0.04636902,0.9930245,-0.1084081,0.0,-0.9946417,0.03585899,-0.0969643,0.0,-0.5683542,-1.680442,-0.8430668,1.0,0.09240051,0.04636902,-0.9946417,0.0,-0.1123233,0.9930245,0.03585899,0.0,-0.9893662,-0.1084081,-0.09696426,0.0,-0.9703386,1.603679,-0.5867972,1.0,1.0,1.0,-0.1550624,-0.1063314,0.9821656,0.001338074,-0.0004659577,-0.02072769,30.62222,1885.0,-0.175,-0.15849999999999997
6.0,-0.1204564,-0.09208896,1.000003,-0.199019,-0.1311907,1.000028,-0.1597377,-0.1116398,1.000015,0.09267831,-0.1122547,-0.9893482,0.0,0.04643083,0.9930308,-0.1083231,0.0,-0.9946131,0.03589705,-0.0972445,0.0,-0.5681831,-1.680344,-0.8433115,1.0,0.09267829,0.04643082,-0.9946128,0.0,-0.1122547,0.993031,0.03589706,0.0,-0.9893479,-0.1083231,-0.09724447,0.0,-0.9702967,1.603665,-0.5868102,1.0,1.0,1.0,-0.1549795,-0.1069659,0.9821098,0.001338044,-0.0004659577,-0.02072705,30.63333,1886.0,-0.175,-0.15849999999999997
6.0,-0.1204023,-0.09211612,0.9999558,-0.1990948,-0.1314747,0.9999598,-0.1597485,-0.1117952,0.999958,0.09262776,-0.1123087,-0.9893467,0.0,0.04672703,0.993014,-0.1083502,0.0,-0.9946038,0.03619298,-0.09722853,0.0,-0.5686563,-1.680163,-0.8431828,1.0,0.09262777,0.04672702,-0.9946038,0.0,-0.1123087,0.9930141,0.03619299,0.0,-0.9893466,-0.1083502,-0.09722852,0.0,-0.9702237,1.603638,-0.586759,1.0,1.0,1.0,-0.1549958,-0.1071197,0.9820904,0.001338418,-0.0004659577,-0.02072741,30.65556,1887.0,-0.175,-0.15849999999999997
6.0,-0.1205397,-0.09203612,0.9999262,-0.1990713,-0.131344,0.9999347,-0.1598056,-0.11169,0.9999305,0.0927304,-0.1123355,-0.989334,0.0,0.04685078,0.993007,-0.1083612,0.0,-0.9945884,0.03630269,-0.09734493,0.0,-0.568736,-1.680148,-0.843135,1.0,0.0927304,0.04685078,-0.9945884,0.0,-0.1123355,0.993007,0.03630269,0.0,-0.989334,-0.1083612,-0.09734494,0.0,-0.9701433,1.603681,-0.5867393,1.0,1.0,1.0,-0.1550555,-0.1070197,0.982092,0.001338715,-0.000467865,-0.02072515,30.66667,1888.0,-0.175,-0.15849999999999997
6.0,-0.1205208,-0.09164129,0.9999377,-0.1988716,-0.1313394,0.9999247,-0.1596962,-0.1114906,0.9999313,0.09300143,-0.1127368,-0.9892629,0.0,0.04600142,0.9929946,-0.1088375,0.0,-0.9946028,0.03538546,-0.09753597,0.0,-0.567045,-1.681005,-0.8423655,1.0,0.09300142,0.04600142,-0.9946026,0.0,-0.1127368,0.9929945,0.03538546,0.0,-0.989263,-0.1088375,-0.09753595,0.0,-0.9700961,1.603632,-0.5866624,1.0,1.0,1.0,-0.1549569,-0.1068302,0.9821282,0.001339249,-0.0004696884,-0.02072303,30.68889,1889.0,-0.175,-0.15849999999999997
6.0,-0.120497,-0.09166206,0.9999917,-0.1985916,-0.132154,1.000021,-0.159544,-0.1119076,1.000006,0.09335023,-0.1125751,-0.9892486,0.0,0.04565038,0.9930261,-0.1086972,0.0,-0.9945863,0.03501266,-0.09783834,0.0,-0.5660605,-1.681205,-0.8426965,1.0,0.09335025,0.04565037,-0.9945862,0.0,-0.1125751,0.9930261,0.03501266,0.0,-0.9892485,-0.1086972,-0.0978383,0.0,-0.9700561,1.603723,-0.5865806,1.0,1.0,1.0,-0.1547972,-0.1072218,0.9821106,0.001340073,-0.0004696884,-0.02072284,30.7,1890.0,-0.175,-0.15849999999999997
6.0,-0.1203868,-0.09146766,1.000137,-0.1986819,-0.1329363,1.000162,-0.1595341,-0.1122017,1.000149,0.09379154,-0.112485,-0.9892172,0.0,0.04551992,0.9930423,-0.1086041,0.0,-0.9945508,0.03484292,-0.09825927,0.0,-0.5652627,-1.681116,-0.8430985,1.0,0.09379151,0.0455199,-0.9945506,0.0,-0.112485,0.9930423,0.03484293,0.0,-0.9892168,-0.1086041,-0.09825926,0.0,-0.9700907,1.603587,-0.5864496,1.0,1.0,1.0,-0.1547624,-0.1074859,0.9820872,0.001340378,-0.0004710007,-0.02072379,30.72222,1891.0,-0.175,-0.15849999999999997
6.0,-0.120332,-0.0913597,0.9999977,-0.1976534,-0.1334634,1.000008,-0.1589928,-0.1124114,1.000003,0.09381974,-0.112367,-0.9892278,0.0,0.04579522,0.9930457,-0.1084574,0.0,-0.9945354,0.03512646,-0.09831315,0.0,-0.5656185,-1.680804,-0.8433527,1.0,0.09381972,0.04579522,-0.9945353,0.0,-0.112367,0.9930457,0.03512646,0.0,-0.9892277,-0.1084574,-0.09831315,0.0,-0.9700685,1.603549,-0.5863995,1.0,1.0,1.0,-0.1542719,-0.1077076,0.9821402,0.001340454,-0.0004719238,-0.02072494,30.73333,1892.0,-0.175,-0.15849999999999997
2.0,-0.03936872,-0.1685826,1.000185,-0.1277534,-0.2079893,1.000171,-0.08356111,-0.1882859,1.000178,0.1043665,-0.1042946,-0.9890553,0.0,0.05107052,0.9937362,-0.09939913,0.0,-0.9932268,0.04013762,-0.1090391,0.0,-0.5604008,-1.671082,-0.869484,1.0,0.1043665,0.05107051,-0.9932268,0.0,-0.1042946,0.9937361,0.04013763,0.0,-0.9890551,-0.09939913,-0.1090391,0.0,-0.9757653,1.602809,-0.5843396,1.0,1.0,1.0,-0.08095774,-0.1801813,0.9802962,0.0007920917,-0.0005475387,-0.02123402,35.43333,2190.0,-0.0875,-0.246
2.0,-0.03941347,-0.1676444,1.000057,-0.1288963,-0.207674,1.000045,-0.08415495,-0.1876595,1.000051,0.1041302,-0.1043104,-0.9890786,0.0,0.05064949,0.9937506,-0.09947075,0.0,-0.9932733,0.0397384,-0.1087627,0.0,-0.5600598,-1.671356,-0.8694056,1.0,0.1041301,0.05064947,-0.993273,0.0,-0.1043104,0.9937505,0.0397384,0.0,-0.9890784,-0.09947073,-0.1087627,0.0,-0.975931,1.602797,-0.5844342,1.0,1.0,1.0,-0.08154251,-0.1796065,0.9803532,0.0007920917,-0.0005539628,-0.02123439,35.45555,2191.0,-0.0875,-0.246
2.0,-0.0394308,-0.1666071,1.000028,-0.1287146,-0.2066932,1.00002,-0.08407281,-0.1866504,1.000024,0.1039675,-0.104108,-0.9891169,0.0,0.05050931,0.9937758,-0.09928931,0.0,-0.9932973,0.03963676,-0.1085788,0.0,-0.5600837,-1.671271,-0.8696295,1.0,0.1039675,0.05050931,-0.9932973,0.0,-0.104108,0.9937758,0.03963675,0.0,-0.9891168,-0.0992893,-0.1085788,0.0,-0.9759275,1.602814,-0.5845093,1.0,1.0,1.0,-0.08148149,-0.1786692,0.9805295,0.0007933127,-0.0005593643,-0.02123545,35.46667,2192.0,-0.0875,-0.246
2.0,-0.03996874,-0.1664385,1.000049,-0.128873,-0.2067171,1.000033,-0.0844209,-0.1865778,1.000041,0.1038257,-0.1040961,-0.9891331,0.0,0.05022669,0.9937877,-0.09931388,0.0,-0.9933265,0.03936955,-0.1084091,0.0,-0.5598133,-1.671447,-0.8695651,1.0,0.1038257,0.05022669,-0.9933264,0.0,-0.1040961,0.9937878,0.03936955,0.0,-0.9891331,-0.09931388,-0.1084091,0.0,-0.9759837,1.602822,-0.584542,1.0,1.0,1.0,-0.08181601,-0.1785924,0.9805156,0.0007963404,-0.0005609131,-0.02123599,35.47778,2193.0,-0.0875,-0.246
2.0,-0.03971481,-0.1667258,1.000034,-0.1286262,-0.2058301,1.000024,-0.08417059,-0.1862783,1.000029,0.1035326,-0.1041444,-0.9891587,0.0,0.04978564,0.9937991,-0.09942205,0.0,-0.9933793,0.03895248,-0.1080755,0.0,-0.559558,-1.671728,-0.8693614,1.0,0.1035326,0.04978565,-0.9933792,0.0,-0.1041444,0.9937991,0.03895247,0.0,-0.9891587,-0.09942205,-0.1080754,0.0,-0.9761051,1.602787,-0.584692,1.0,1.0,1.0,-0.08158492,-0.1783193,0.9805846,0.0007988969,-0.0005612793,-0.02123486,35.5,2194.0,-0.0875,-0.246
2.0,-0.04009257,-0.1667743,1.000008,-0.1283873,-0.206332,0.9999933,-0.08423997,-0.1865534,1.000001,0.1033833,-0.1041311,-0.9891757,0.0,0.04963496,0.9938058,-0.09943094,0.0,-0.9934024,0.0388182,-0.1079115,0.0,-0.5595849,-1.67185,-0.8692825,1.0,0.1033833,0.04963496,-0.9934024,0.0,-0.1041311,0.9938057,0.0388182,0.0,-0.9891758,-0.09943093,-0.1079115,0.0,-0.9761131,1.602835,-0.5848003,1.0,1.0,1.0,-0.08165186,-0.1785789,0.9805318,0.0008013155,-0.0005613709,-0.02123458,35.51111,2195.0,-0.0875,-0.246
2.0,-0.0397063,-0.1678137,1.000025,-0.1270928,-0.2038334,0.9999845,-0.08339997,-0.1858239,1.000005,0.1028498,-0.1041852,-0.9892256,0.0,0.04968224,0.9937963,-0.09950108,0.0,-0.9934554,0.03891327,-0.107388,0.0,-0.5603277,-1.671782,-0.8690415,1.0,0.1028498,0.04968224,-0.9934554,0.0,-0.1041851,0.9937963,0.03891327,0.0,-0.9892256,-0.09950107,-0.1073879,0.0,-0.9762233,1.602779,-0.5849306,1.0,1.0,1.0,-0.08086432,-0.1779114,0.9807184,0.0008054581,-0.0005618592,-0.02123431,35.53333,2196.0,-0.0875,-0.246
2.0,-0.04085156,-0.1685306,1.000145,-0.1274934,-0.2038859,1.000123,-0.08417258,-0.1862083,1.000134,0.1026969,-0.1043596,-0.9892232,0.0,0.04944671,0.9937874,-0.09970774,0.0,-0.993483,0.03867415,-0.1072191,0.0,-0.560151,-1.672083,-0.8687952,1.0,0.1026969,0.0494467,-0.9934829,0.0,-0.1043596,0.9937874,0.03867415,0.0,-0.9892231,-0.09970774,-0.1072191,0.0,-0.9764044,1.602767,-0.5849856,1.0,1.0,1.0,-0.0815864,-0.1782362,0.9805995,0.0008059843,-0.0005617829,-0.02123535,35.54445,2197.0,-0.0875,-0.246
2.0,-0.04006198,-0.1690273,1.000144,-0.1276119,-0.2050366,1.000143,-0.08383699,-0.1870319,1.000144,0.1023619,-0.1045196,-0.9892409,0.0,0.04942646,0.9937707,-0.09988376,0.0,-0.9935185,0.03867038,-0.1068903,0.0,-0.5605128,-1.672248,-0.8685304,1.0,0.1023619,0.04942645,-0.9935184,0.0,-0.1045196,0.9937707,0.03867038,0.0,-0.989241,-0.09988378,-0.1068903,0.0,-0.9765934,1.602784,-0.5850508,1.0,1.0,1.0,-0.08125462,-0.179004,0.9804872,0.0008065104,-0.0005622025,-0.02123608,35.56667,2198.0,-0.0875,-0.246
2.0,-0.04081674,-0.1688417,1.000054,-0.1276321,-0.2049174,1.00004,-0.08422448,-0.1868797,1.000047,0.1022041,-0.1044788,-0.9892616,0.0,0.04931634,0.9937785,-0.09986083,0.0,-0.9935402,0.03858057,-0.1067208,0.0,-0.5605206,-1.672269,-0.8685433,1.0,0.1022042,0.04931634,-0.9935402,0.0,-0.1044788,0.9937784,0.03858057,0.0,-0.9892616,-0.09986084,-0.1067208,0.0,-0.9766456,1.602775,-0.5850743,1.0,1.0,1.0,-0.08163381,-0.1788729,0.9804797,0.0008066939,-0.0005626527,-0.02123668,35.57778,2199.0,-0.0875,-0.246
2.0,-0.04082054,-0.169012,1.000077,-0.1276414,-0.2077676,1.000083,-0.08423091,-0.1883897,1.00008,0.1021868,-0.1042845,-0.989284,0.0,0.04929126,0.993799,-0.09966899,0.0,-0.9935433,0.03857819,-0.1066934,0.0,-0.5605241,-1.672105,-0.8689019,1.0,0.1021868,0.04929126,-0.9935433,0.0,-0.1042845,0.9937989,0.03857819,0.0,-0.9892838,-0.09966899,-0.1066934,0.0,-0.976687,1.602763,-0.5851043,1.0,1.0,1.0,-0.08161604,-0.1802679,0.9802256,0.0008068616,-0.0005646363,-0.02123984,35.58889,2200.0,-0.0875,-0.246
2.0,-0.04075241,-0.1683359,0.9998988,-0.1283395,-0.2081113,0.9998969,-0.08454604,-0.1882236,0.9998978,0.1020927,-0.1038634,-0.9893379,0.0,0.04916026,0.9938461,-0.09926368,0.0,-0.9935594,0.038502,-0.1065704,0.0,-0.5605381,-1.671786,-0.8694551,1.0,0.1020927,0.04916025,-0.9935594,0.0,-0.1038634,0.9938461,0.038502,0.0,-0.9893379,-0.09926369,-0.1065704,0.0,-0.9765954,1.602749,-0.585219,1.0,1.0,1.0,-0.08193343,-0.1801375,0.9802232,0.000807289,-0.00056707,-0.02124034,35.61111,2201.0,-0.0875,-0.246
2.0,-0.04074274,-0.1682975,0.9997582,-0.128041,-0.2083311,0.9997818,-0.08439177,-0.1883141,0.99977,0.1022667,-0.1036412,-0.9893433,0.0,0.04912035,0.9938706,-0.09903795,0.0,-0.9935436,0.0384686,-0.1067308,0.0,-0.5603999,-1.671687,-0.8696306,1.0,0.1022668,0.04912034,-0.9935434,0.0,-0.1036412,0.9938705,0.0384686,0.0,-0.9893432,-0.09903795,-0.1067308,0.0,-0.9763083,1.602841,-0.5852905,1.0,1.0,1.0,-0.08179548,-0.180245,0.9802149,0.0008080825,-0.0005673752,-0.02124051,35.62222,2202.0,-0.0875,-0.246
2.0,-0.04162328,-0.1694428,0.9999236,-0.1277311,-0.208557,0.9999293,-0.08467714,-0.1889998,0.9999263,0.1022381,-0.1038331,-0.9893261,0.0,0.04899398,0.9938561,-0.09924548,0.0,-0.9935527,0.03832435,-0.1066971,0.0,-0.5602345,-1.67186,-0.8692046,1.0,0.1022381,0.04899398,-0.9935527,0.0,-0.1038331,0.9938561,0.03832435,0.0,-0.9893261,-0.09924549,-0.1066972,0.0,-0.976244,1.602772,-0.5852912,1.0,1.0,1.0,-0.0820499,-0.1808495,0.9800822,0.0008123023,-0.0005693359,-0.0212408,35.64444,2203.0,-0.0875,-0.246
2.0,-0.04283641,-0.1697404,0.9999596,-0.1290472,-0.20911,0.999972,-0.08594176,-0.1894251,0.9999658,0.1024029,-0.1038853,-0.9893036,0.0,0.04900532,0.9938511,-0.0992903,0.0,-0.9935352,0.03831352,-0.1068642,0.0,-0.5601116,-1.671905,-0.8691702,1.0,0.1024029,0.04900532,-0.9935352,0.0,-0.1038853,0.9938511,0.03831353,0.0,-0.9893035,-0.0992903,-0.1068641,0.0,-0.9762025,1.602773,-0.5853171,1.0,1.0,1.0,-0.08324875,-0.181217,0.9799133,0.0008151624,-0.0005715257,-0.0212408,35.65556,2204.0,-0.0875,-0.246
