flag,xl,yl,zl,xr,yr,zr,xc,yc,zc,mat_00,mat_10,mat_20,mat_30,mat_01,mat_11,mat_21,mat_31,mat_02,mat_12,mat_22,mat_32,mat_03,mat_13,mat_23,mat_33,ctw_00,ctw_10,ctw_20,ctw_30,ctw_01,ctw_11,ctw_21,ctw_31,ctw_02,ctw_12,ctw_22,ctw_32,ctw_03,ctw_13,ctw_23,ctw_33,opennessl,opennessr,ray_x,ray_y,ray_z,eye_x,eye_y,eye_z,time,frame
0,-0.07476864,0.04083943,1,-0.1087202,-0.1437389,1,-0.0917445,-0.0514498,0.9999999,-0.9991083,0.0294028,0.03030092,0,0.02972819,0.9995045,0.01034457,0,0.02998174,-0.01123614,0.9994873,0,-0.5231908,-1.679501,0.9757408,1,-0.9991083,0.02972819,0.02998174,0,0.02940279,0.9995045,-0.01123614,0,0.03030092,0.01034457,0.9994873,0,-0.5029081,1.684128,-0.9784255,1,0,0,-0.0874166,-0.0492148,0.9949554,-0.001523941,-0.0006566162,-0.02687019,0,1
0,6.705523E-08,3.045425E-07,1,-0.1079319,-0.1432335,1,-0.05396587,-0.07161643,1,-0.9991083,0.0294028,0.03030092,0,0.02972819,0.9995045,0.01034457,0,0.02998174,-0.01123614,0.9994873,0,-0.5231908,-1.679501,0.9757408,1,-0.9991083,0.02972819,0.02998174,0,0.02940279,0.9995045,-0.01123614,0,0.03030092,0.01034457,0.9994873,0,-0.5029081,1.684128,-0.9784255,1,1,1,-0.03797536,-0.07012876,0.9968148,-0.01534305,-0.0002922135,-0.01381421,0.01111111,2
0,-0.04288211,-0.3859308,0.9999734,-0.1152839,-0.1381508,0.9999417,-0.07908311,-0.2620388,0.9999573,-0.9991074,0.02940021,0.03033633,0,0.02972953,0.9995032,0.01046231,0,0.03001366,-0.01135486,0.9994851,0,-0.5232205,-1.679598,0.9756295,1,-0.9991072,0.02972953,0.03001365,0,0.0294002,0.9995033,-0.01135486,0,0.03033632,0.01046231,0.9994848,0,-0.5029699,1.684111,-0.9784947,1,1,1,-0.07297781,-0.2467252,0.9663337,-0.001528801,0.0001586304,-0.02697734,0.02222222,3
0,-0.04288394,-0.3859409,1,-0.1152887,-0.1381588,1,-0.07908629,-0.2620499,1,-0.9991074,0.02940021,0.03033633,0,0.02972953,0.9995032,0.01046231,0,0.03001366,-0.01135486,0.9994851,0,-0.5232205,-1.679598,0.9756295,1,-0.9991072,0.02972953,0.03001365,0,0.0294002,0.9995033,-0.01135486,0,0.03033632,0.01046231,0.9994848,0,-0.5029699,1.684111,-0.9784947,1,1,1,-0.07297781,-0.2467252,0.9663337,-0.001528801,0.0001586304,-0.02697734,0.03333334,4
0,-0.05269426,-0.3943884,0.9986163,-0.1153477,-0.1418556,0.9957004,-0.08402406,-0.2679414,0.9971562,-0.9990212,0.03502945,0.02701145,0,0.03565586,0.9990978,0.02306842,0,0.02617901,-0.02400895,0.9993689,0,-0.5336736,-1.687582,0.9592267,1,-0.9990212,0.03565586,0.02617901,0,0.03502945,0.9990978,-0.02400895,0,0.02701145,0.02306842,0.9993688,0,-0.4999462,1.68296,-0.9851672,1,1,1,-0.07767618,-0.2524917,0.9644762,-0.001527268,0.0002202988,-0.02717771,0.3555556,5
0,-0.1037209,-0.6092277,0.9982072,-0.1138112,-0.139303,0.9997089,-0.1087837,-0.3744384,0.9989574,-0.9990329,0.03472661,0.02697664,0,0.03526832,0.9991803,0.0198712,0,0.02626447,-0.0208034,0.9994386,0,-0.5336981,-1.684991,0.964502,1,-0.9990326,0.03526831,0.02626446,0,0.03472661,0.9991803,-0.0208034,0,0.02697664,0.0198712,0.9994385,0,-0.5006868,1.683266,-0.9849966,1,1,1,-0.09773122,-0.3412739,0.9348693,-0.001475884,0.0002764969,-0.02751997,0.3888889,6
0,-0.045899,-0.5090621,0.9997639,-0.1134734,-0.1394967,0.9998683,-0.079686,-0.3242888,0.9998159,-0.9990264,0.03432126,0.0277202,0,0.03485723,0.99921,0.01908892,0,0.02704315,-0.02003659,0.9994335,0,-0.5322529,-1.684563,0.9662208,1,-0.9990262,0.03485723,0.02704314,0,0.03432126,0.9992101,-0.02003659,0,0.0277202,0.01908892,0.9994333,0,-0.5007022,1.683341,-0.9850324,1,1,1,-0.0723804,-0.3004961,0.9510327,-0.001508645,0.000274231,-0.02738678,0.4222222,7
0,-0.109472,-0.5094222,0.9998712,-0.1115059,-0.138773,0.9999636,-0.1104902,-0.324106,0.9999175,-0.9990194,0.03429086,0.02800609,0,0.03482993,0.9992127,0.01899276,0,0.02733277,-0.01994959,0.9994273,0,-0.5320287,-1.684507,0.9664833,1,-0.9990194,0.03482993,0.02733277,0,0.03429086,0.9992128,-0.01994959,0,0.02800609,0.01899276,0.9994273,0,-0.5008112,1.683356,-0.9849932,1,1,1,-0.1006502,-0.2995831,0.9487462,-0.001508431,0.0002756348,-0.0273653,0.4444444,8
0,-0.08643349,-0.5163924,0.9999815,-0.1114286,-0.1389357,0.999977,-0.09893107,-0.3276636,0.9999793,-0.9990212,0.03411069,0.02816898,0,0.03465285,0.999219,0.01898807,0,0.02749928,-0.01994562,0.999423,0,-0.5316058,-1.684619,0.9665737,1,-0.9990209,0.03465284,0.02749927,0,0.03411069,0.9992191,-0.01994562,0,0.02816897,0.01898807,0.9994227,0,-0.5008492,1.683372,-0.9849976,1,1,1,-0.08995966,-0.3028737,0.9487754,-0.001529319,0.0002655258,-0.02728498,0.4555556,9
0,-0.071242,-0.4561239,0.999901,-0.1130389,-0.1431658,0.9999379,-0.09214059,-0.2996478,0.9999195,-0.9990267,0.03392636,0.02819656,0,0.03446564,0.9992278,0.01886467,0,0.02753478,-0.01981812,0.9994246,0,-0.5313813,-1.684611,0.9668382,1,-0.9990264,0.03446563,0.02753477,0,0.03392636,0.9992278,-0.01981812,0,0.02819655,0.01886467,0.9994242,0,-0.5009727,1.683385,-0.9850359,1,1,1,-0.08439218,-0.2792868,0.9564919,-0.001449998,0.0004828263,-0.02796074,0.4666667,10
0,-0.0930661,-0.6778582,1.001436,-0.1131425,-0.1425477,1.000294,-0.1030936,-0.4100536,1.000865,-0.9990717,0.03335258,0.02726911,0,0.03393196,0.9992021,0.0210673,0,0.02654471,-0.02197304,0.9994062,0,-0.5320477,-1.686738,0.9627793,1,-0.9990714,0.03393196,0.0265447,0,0.03335258,0.9992021,-0.02197303,0,0.02726911,0.0210673,0.999406,0,-0.5015507,1.683163,-0.9851471,1,1,1,-0.0913695,-0.3690559,0.9249051,-0.001450676,0.0004981079,-0.02803605,0.6444445,11
0,-1.490116E-08,-3.408641E-07,0.99997,-0.1047936,-0.1325738,0.9999146,-0.05239783,-0.06628868,0.9999422,-0.9990678,0.03341256,0.02733254,0,0.03398374,0.9992079,0.02070693,0,0.02661901,-0.02161649,0.9994119,0,-0.5320876,-1.68641,0.9634535,1,-0.9990678,0.03398374,0.02661901,0,0.03341256,0.9992079,-0.02161649,0,0.02733253,0.02070693,0.9994118,0,-0.5015779,1.683206,-0.9851775,1,1,1,-0.03646665,-0.06505494,0.9972151,-0.01530161,-0.0001104507,-0.01448769,0.6555555,12
0,-0.2512787,-0.3281734,0.9999201,-0.08100063,-0.1219797,0.9999275,-0.1661402,-0.2250768,0.9999238,-0.9990759,0.03311664,0.02740322,0,0.0336802,0.9992251,0.02036561,0,0.02670755,-0.02126973,0.9994171,0,-0.5314316,-1.686275,0.9641538,1,-0.9990756,0.03368019,0.02670754,0,0.03311664,0.9992251,-0.02126973,0,0.02740321,0.02036561,0.9994169,0,-0.5015175,1.683231,-0.985265,1,1,1,-0.154398,-0.2119725,0.965002,-0.00153154,0.0009133377,-0.0288964,0.6777778,13
0,-0.1881527,-0.4565288,0.9998322,-0.08217435,-0.1073493,0.9998887,-0.1351658,-0.2819439,0.9998605,-0.9990891,0.03254097,0.02761086,0,0.03310603,0.9992465,0.02026085,0,0.02693074,-0.02115648,0.9994135,0,-0.530338,-1.686506,0.9645143,1,-0.9990888,0.03310603,0.02693074,0,0.03254097,0.9992465,-0.02115648,0,0.02761085,0.02026085,0.9994134,0,-0.5016053,1.68325,-0.9853466,1,1,1,-0.1242957,-0.2630485,0.9567424,-0.001550514,0.0008273316,-0.02861816,0.6888889,14
0,-0.1746303,-0.5004493,0.9998924,-0.08208758,-0.108342,0.9998939,-0.128359,-0.304396,0.9998931,-0.9990972,0.03177167,0.02820731,0,0.03234491,0.9992746,0.02010396,0,0.02754811,-0.02099817,0.9994001,0,-0.5285572,-1.686798,0.9651824,1,-0.9990969,0.0323449,0.0275481,0,0.03177167,0.9992746,-0.02099816,0,0.0282073,0.02010396,0.9993997,0,-0.5017127,1.683267,-0.9854619,1,1,1,-0.1173825,-0.28253,0.9520494,-0.001552749,0.0008159027,-0.02858975,0.7111111,15
0,-0.1719149,-0.4738382,0.99998,-0.08240245,-0.1102054,0.9999392,-0.1271573,-0.2920182,0.9999597,-0.9990946,0.03185201,0.02820885,0,0.03242837,0.9992696,0.02021533,0,0.02754435,-0.0211118,0.9993978,0,-0.5288457,-1.686853,0.9650669,1,-0.9990942,0.03242836,0.02754434,0,0.03185201,0.9992695,-0.02111179,0,0.02820884,0.02021533,0.9993974,0,-0.5018604,1.683262,-0.9855312,1,1,1,-0.1166491,-0.2719555,0.9552137,-0.001553062,0.0008148117,-0.02858701,0.7222223,16
0,-0.1349599,-0.4725343,0.9999918,-0.08219962,-0.110637,0.9999523,-0.1085787,-0.2915823,0.999972,-0.9990815,0.03172575,0.02880471,0,0.03231579,0.9992725,0.02025495,0,0.02814115,-0.0211672,0.9993799,0,-0.5281604,-1.686989,0.9653439,1,-0.9990814,0.03231578,0.02814115,0,0.03172575,0.9992724,-0.02116719,0,0.02880471,0.02025495,0.9993798,0,-0.5019607,1.683276,-0.9855909,1,1,1,-0.09959157,-0.2720838,0.9571061,-0.001553543,0.0008102722,-0.02857231,0.7444445,17
0,-0.1351216,-0.4728445,0.9998907,-0.08198218,-0.1119915,0.9999367,-0.1085532,-0.292422,0.9999138,-0.9990793,0.03162608,0.02899337,0,0.03221711,0.9992778,0.02014941,0,0.02833518,-0.02106493,0.9993767,0,-0.5278476,-1.686911,0.9656498,1,-0.999079,0.0322171,0.02833517,0,0.03162608,0.9992777,-0.02106493,0,0.02899336,0.0201494,0.9993764,0,-0.5020086,1.683241,-0.9856256,1,1,1,-0.09955314,-0.2728235,0.9568995,-0.001555321,0.0008030548,-0.02854509,0.7555556,18
0,-0.1227194,-0.4563984,1.000073,-0.08178356,-0.1127207,1.000019,-0.1022502,-0.2845549,1.000046,-0.9990735,0.03164001,0.02917341,0,0.03223974,0.9992735,0.02032124,0,0.02850926,-0.02124296,0.9993677,0,-0.5277933,-1.687037,0.9654291,1,-0.9990734,0.03223974,0.02850926,0,0.03164001,0.9992735,-0.02124296,0,0.02917342,0.02032124,0.9993679,0,-0.5020912,1.683209,-0.9856095,1,1,1,-0.09391581,-0.2661491,0.9593458,-0.001556855,0.0008008042,-0.02853285,0.7666667,19
0,-0.1227521,-0.4554474,1.000031,-0.0809262,-0.1133512,1.000021,-0.1018389,-0.2843985,1.000026,-0.9990603,0.03166078,0.02960502,0,0.03228064,0.9992645,0.02069941,0,0.02892788,-0.02163562,0.9993476,0,-0.5276393,-1.68731,0.9649976,1,-0.9990599,0.03228064,0.02892787,0,0.03166078,0.9992645,-0.02163561,0,0.029605,0.0206994,0.999347,0,-0.5022904,1.683127,-0.98561,1,1,1,-0.09354699,-0.2660277,0.9594156,-0.001558204,0.0007779999,-0.02845281,0.7888889,20
0,-0.105694,-0.4501911,1.000081,-0.08205883,-0.1127093,1.000002,-0.0938748,-0.2814438,1.000041,-0.9990555,0.03191051,0.02949376,0,0.03253463,0.9992514,0.02092928,0,0.02880382,-0.02186909,0.9993458,0,-0.5282405,-1.687371,0.9645865,1,-0.9990554,0.03253463,0.02880382,0,0.0319105,0.9992514,-0.02186909,0,0.02949376,0.02092929,0.9993458,0,-0.5023459,1.683106,-0.9856414,1,1,1,-0.08622811,-0.2636345,0.9607609,-0.001568336,0.0007743989,-0.02844608,0.8,21
0,-0.109236,-0.4335886,1.000001,-0.08199395,-0.1128266,0.9999543,-0.095614,-0.2732038,0.9999777,-0.9990337,0.0325139,0.02957478,0,0.03315591,0.9992193,0.02148286,0,0.0288532,-0.02244267,0.9993318,0,-0.5291013,-1.6876,0.9637893,1,-0.9990336,0.0331559,0.02885319,0,0.0325139,0.9992192,-0.02244267,0,0.02957477,0.02148285,0.9993316,0,-0.5022234,1.68312,-0.9857531,1,1,1,-0.08802275,-0.2564263,0.9625475,-0.001583358,0.0007241822,-0.02826895,0.8222222,22
0,-0.04741053,-0.2040723,1.000039,-0.0823717,-0.1116038,1.000022,-0.06489097,-0.1578376,1.000031,-0.9990289,0.03271823,0.02950991,0,0.03336517,0.9992076,0.02170343,0,0.02877643,-0.02266696,0.9993289,0,-0.5295427,-1.687711,0.9633913,1,-0.9990288,0.03336517,0.02877643,0,0.03271823,0.9992075,-0.02266696,0,0.02950991,0.02170343,0.9993289,0,-0.5022392,1.683133,-0.9857617,1,1,1,-0.06073368,-0.1521095,0.9864959,-0.001586701,0.0007099762,-0.02822031,0.8333334,23
0,-0.04277562,-0.204612,0.9999486,-0.0840761,-0.1106618,0.9999634,-0.06342585,-0.1576374,0.999956,-0.9990224,0.03302742,0.02939107,0,0.03366851,0.9991998,0.02159167,0,0.02865444,-0.02256011,0.9993349,0,-0.5299033,-1.687414,0.9635574,1,-0.9990221,0.03366851,0.02865442,0,0.03302741,0.9991998,-0.0225601,0,0.02939106,0.02159166,0.9993345,0,-0.501974,1.6831,-0.9858003,1,1,1,-0.05933862,-0.1519407,0.9866068,-0.001589271,0.0006995698,-0.0281873,0.8555556,24
0,-0.03188345,-0.2045211,1.000042,-0.08422327,-0.1105935,1.000061,-0.0580534,-0.1575577,1.000051,-0.9990215,0.03332564,0.02907798,0,0.03395929,0.9991903,0.02157653,0,0.02833539,-0.02254289,0.9993443,0,-0.5305375,-1.68725,0.9633982,1,-0.9990214,0.03395929,0.02833538,0,0.03332564,0.9991904,-0.02254289,0,0.02907798,0.02157653,0.9993442,0,-0.5018033,1.683114,-0.9857689,1,1,1,-0.05419393,-0.1518899,0.9869106,-0.001593193,0.0006837159,-0.02813141,0.8666667,25
0,-0.03443374,-0.2039918,0.9999692,-0.08403108,-0.1078996,0.9999969,-0.05923243,-0.1559463,0.999983,-0.9990269,0.03327976,0.02895152,0,0.03390427,0.9991969,0.02135415,0,0.02821761,-0.02231495,0.9993529,0,-0.5304911,-1.687017,0.9637064,1,-0.9990264,0.03390427,0.02821759,0,0.03327975,0.9991969,-0.02231494,0,0.0289515,0.02135415,0.9993524,0,-0.5017319,1.683069,-0.9857588,1,1,1,-0.05533475,-0.1503613,0.9870813,-0.001605446,0.0006437378,-0.02798915,0.8777778,26
0,0.02985974,-0.4277964,0.9998914,-0.0848842,-0.1080259,0.9999503,-0.02751144,-0.2679158,0.9999208,-0.9990422,0.03330714,0.02838376,0,0.03391493,0.9991997,0.0212081,0,0.02765466,-0.02215042,0.9993722,0,-0.5309181,-1.686857,0.963811,1,-0.9990419,0.03391493,0.02765465,0,0.03330714,0.9991997,-0.02215042,0,0.02838375,0.0212081,0.9993719,0,-0.5015817,1.683072,-0.9858878,1,1,1,-0.02435558,-0.2527053,0.9672367,-0.001637275,0.0005454255,-0.02762306,0.9,27
0,0.03136208,-0.4282687,0.9999529,-0.08499809,-0.1084119,0.9999677,-0.02681778,-0.2683414,0.9999603,-0.9990468,0.03330515,0.02822239,0,0.03390986,0.9991995,0.02122601,0,0.02749286,-0.02216279,0.9993764,0,-0.5310543,-1.686899,0.9637517,1,-0.9990466,0.03390986,0.02749285,0,0.03330514,0.9991996,-0.02216279,0,0.02822238,0.02122601,0.9993762,0,-0.501565,1.6831,-0.9859368,1,1,1,-0.02369711,-0.2530757,0.9671562,-0.00164135,0.0005337525,-0.0275781,0.9111111,28
0,0.05656901,-0.4284171,0.9999985,-0.08476508,-0.1087844,1.00002,-0.01409759,-0.2686025,1.000009,-0.9990615,0.03318582,0.02784183,0,0.03378249,0.9992034,0.02124106,0,0.02711475,-0.02216169,0.9993868,0,-0.5311509,-1.68698,0.9636293,1,-0.9990611,0.03378249,0.02711474,0,0.03318582,0.9992036,-0.02216169,0,0.02784182,0.02124106,0.9993864,0,-0.5014976,1.683111,-0.9860224,1,1,1,-0.01171954,-0.2533472,0.9673044,-0.001648758,0.0005105515,-0.02749182,0.9333333,29
0,0.05867108,-0.1407369,1.000073,-0.08367516,-0.1092637,1.000067,-0.01250225,-0.1250003,1.00007,-0.9990584,0.03325767,0.02786261,0,0.03385828,0.9991981,0.02136915,0,0.02712958,-0.0222924,0.9993833,0,-0.5312482,-1.687021,0.9633664,1,-0.9990583,0.03385828,0.02712958,0,0.03325767,0.9991983,-0.02229241,0,0.02786261,0.02136915,0.9993833,0,-0.5014834,1.683069,-0.9859676,1,1,1,-0.01048351,-0.1212363,0.9925683,-0.001649315,0.0005088196,-0.02748485,0.9444445,30
0,0.05686479,-0.1390075,1.000093,-0.08400145,-0.1112535,1.000064,-0.0135689,-0.1251303,1.000079,-0.9990641,0.0329266,0.02805461,0,0.03352454,0.9992148,0.0211164,0,0.02733729,-0.02203715,0.9993834,0,-0.5304606,-1.686968,0.9637727,1,-0.9990638,0.03352454,0.02733728,0,0.0329266,0.9992148,-0.02203715,0,0.0280546,0.0211164,0.9993831,0,-0.5014561,1.683076,-0.9858527,1,1,1,-0.01150854,-0.1213487,0.9925433,-0.001654709,0.0004961014,-0.02745764,0.9666667,31
0,0.06297827,-0.1386197,0.999997,-0.08498998,-0.1100924,1.000003,-0.01100576,-0.1243561,1,-0.999069,0.03279126,0.02803457,0,0.03338468,0.9992226,0.02096813,0,0.02732521,-0.02188453,0.999387,0,-0.5302225,-1.686906,0.9639975,1,-0.9990689,0.03338469,0.02732521,0,0.03279126,0.9992226,-0.02188453,0,0.02803457,0.02096813,0.999387,0,-0.5014383,1.683083,-0.9858353,1,1,1,-0.009033278,-0.1206183,0.9926578,-0.001655877,0.0004895401,-0.02744923,0.9777778,32
0,0.06065501,-0.120185,1.000037,-0.08586363,-0.1102619,1.00002,-0.01260477,-0.1152233,1.000028,-0.999058,0.03301874,0.02815723,0,0.03360898,0.9992195,0.02075332,0,0.02745,-0.02168011,0.9993881,0,-0.5304672,-1.686656,0.9643674,1,-0.9990579,0.03360898,0.02745,0,0.03301873,0.9992195,-0.02168011,0,0.02815722,0.02075332,0.999388,0,-0.5014301,1.683154,-0.9857827,1,1,1,-0.01058713,-0.1119038,0.9936627,-0.001657463,0.0004874649,-0.0274448,0.9888889,33
0,0.05932984,-0.1131243,1.000038,-0.08535909,-0.1111503,1.00002,-0.01301498,-0.1121372,1.000029,-0.9990325,0.03353683,0.02845023,0,0.03412088,0.9992115,0.0202979,0,0.02774707,-0.02124901,0.9993892,0,-0.5311953,-1.685906,0.9652365,1,-0.9990324,0.03412088,0.02774707,0,0.03353683,0.9992117,-0.02124901,0,0.02845023,0.0202979,0.9993891,0,-0.5016026,1.683109,-0.9857315,1,1,1,-0.0109848,-0.1089495,0.9939866,-0.001660423,0.0004805756,-0.02743062,1.011111,34
0,0.0470458,-0.1127197,1.000008,-0.08521728,-0.112049,0.9999892,-0.019086,-0.1123842,0.9999985,-0.9990225,0.03371481,0.028594,0,0.034304,0.9992038,0.02037138,0,0.02788441,-0.02133235,0.9993836,0,-0.5313586,-1.685934,0.9651871,1,-0.9990222,0.034304,0.02788441,0,0.03371481,0.9992039,-0.02133235,0,0.02859399,0.02037138,0.9993834,0,-0.5015967,1.683157,-0.9857404,1,1,1,-0.01685422,-0.1091766,0.9938794,-0.001663055,0.0004765778,-0.02743042,1.022222,35
0,0.03539821,-0.09300748,1.000087,-0.08501232,-0.1122036,1.000075,-0.02480732,-0.1026056,1.000081,-0.9990053,0.0340831,0.02875393,0,0.03467479,0.9991917,0.02033649,0,0.02803755,-0.0213133,0.9993796,0,-0.5318528,-1.68564,0.9652439,1,-0.9990052,0.03467479,0.02803755,0,0.03408309,0.9991918,-0.0213133,0,0.02875392,0.02033649,0.9993795,0,-0.5016264,1.68309,-0.9856597,1,1,1,-0.02239773,-0.09983534,0.9947519,-0.001661782,0.0005625763,-0.0278846,1.044444,36
0,0.03228411,-0.09281602,1.000025,-0.08489554,-0.1125055,1.000016,-0.02630585,-0.1026609,1.000021,-0.9989924,0.03439508,0.02883008,0,0.03498891,0.9991804,0.02035228,0,0.02810643,-0.02134051,0.9993771,0,-0.532279,-1.685479,0.9652325,1,-0.9989924,0.0349889,0.02810643,0,0.03439508,0.9991805,-0.02134051,0,0.02883008,0.02035229,0.9993772,0,-0.5015982,1.683077,-0.9856399,1,1,1,-0.02384872,-0.09990016,0.9947116,-0.001659798,0.000579155,-0.02794483,1.055556,37
0,0.01346826,-0.1055226,1.000058,-0.08462229,-0.1143658,1.000063,-0.03557694,-0.1099441,1.00006,-0.9989979,0.03428689,0.02877492,0,0.03487729,0.999186,0.02027329,0,0.02805639,-0.02125657,0.9993805,0,-0.5321826,-1.685483,0.965274,1,-0.9989974,0.03487729,0.02805638,0,0.03428687,0.9991859,-0.02125656,0,0.02877491,0.02027329,0.9993801,0,-0.5016348,1.683103,-0.9855721,1,1,1,-0.03278726,-0.1068405,0.9937355,-0.001658279,0.000583046,-0.02796824,1.066667,38
0,0.01161557,-0.2275487,1.000037,-0.084757,-0.1163832,1.000024,-0.03657088,-0.1719655,1.00003,-0.9990028,0.03434281,0.02853285,0,0.03493418,0.9991795,0.02049259,0,0.02780566,-0.02146893,0.9993829,0,-0.5324315,-1.685656,0.9647403,1,-0.9990026,0.03493418,0.02780565,0,0.0343428,0.9991795,-0.02146893,0,0.02853284,0.02049259,0.9993826,0,-0.501537,1.683103,-0.9855293,1,1,1,-0.03347486,-0.1654454,0.9856506,-0.001656532,0.000594246,-0.02800675,1.088889,39
0,0.004542612,-0.5133578,1.000051,-0.08516137,-0.1157686,1.000012,-0.04030967,-0.3145595,1.000031,-0.9990129,0.03433936,0.02817874,0,0.03492834,0.9991758,0.0206825,0,0.02744529,-0.02164633,0.9993889,0,-0.5327621,-1.685799,0.9642882,1,-0.9990128,0.03492834,0.02744529,0,0.03433935,0.9991758,-0.02164632,0,0.02817874,0.0206825,0.9993888,0,-0.5015193,1.683074,-0.9855684,1,1,1,-0.03592451,-0.2929015,0.9554675,-0.001654885,0.0006026535,-0.02805322,1.1,40
0,0.004501458,-0.517652,1.000309,-0.08587626,-0.1153466,1.000186,-0.04068837,-0.3164874,1.000248,-0.9990401,0.03414283,0.02744036,0,0.03472827,0.999173,0.02114914,0,0.02669557,-0.0220818,0.9993997,0,-0.5332111,-1.68627,0.9630387,1,-0.9990403,0.03472827,0.02669558,0,0.03414284,0.9991729,-0.0220818,0,0.02744036,0.02114914,0.9993997,0,-0.5015514,1.683025,-0.9854621,1,1,1,-0.03625244,-0.2944767,0.9549708,-0.001653351,0.0005921555,-0.02802397,1.122222,41
0,0.05568886,-0.512441,1.000157,-0.08555086,-0.1156673,1.000063,-0.01493293,-0.314045,1.00011,-0.9990356,0.03428598,0.02742891,0,0.03487773,0.9991626,0.02139468,0,0.0266724,-0.0223307,0.9993948,0,-0.5334218,-1.686402,0.9625823,1,-0.9990356,0.03487774,0.0266724,0,0.03428597,0.9991626,-0.0223307,0,0.02742891,0.02139468,0.9993948,0,-0.50149,1.683001,-0.9854307,1,1,1,-0.01235458,-0.2926084,0.9561525,-0.00164827,0.0005928803,-0.02802838,1.133333,42
0,0.06752286,-0.09739404,0.9999837,-0.08665772,-0.1156201,1.000009,-0.009566832,-0.106507,0.9999965,-0.9990515,0.0342898,0.02684337,0,0.03486898,0.9991624,0.02141372,0,0.02608661,-0.02232941,0.9994103,0,-0.5339968,-1.686419,0.9622867,1,-0.9990513,0.03486898,0.02608661,0,0.03428981,0.9991625,-0.02232941,0,0.02684337,0.02141372,0.9994103,0,-0.5014943,1.68302,-0.9854457,1,1,1,-0.007686848,-0.1036472,0.9945844,-0.001620278,0.0006418304,-0.02819072,1.155556,43
0,0.06665386,-0.09268261,1.000069,-0.08697283,-0.1145159,1.000098,-0.01015883,-0.1035991,1.000084,-0.9990587,0.0342191,0.02666484,0,0.03479653,0.9991631,0.02150058,0,0.02590679,-0.02240819,0.9994133,0,-0.5340623,-1.686506,0.9619805,1,-0.9990584,0.03479653,0.02590679,0,0.0342191,0.9991632,-0.02240819,0,0.02666483,0.02150058,0.9994131,0,-0.5014997,1.682995,-0.9853716,1,1,1,-0.008262921,-0.1008644,0.9948658,-0.001617645,0.0006616669,-0.0282838,1.166667,44
0,0.06741101,-0.09243512,0.9999619,-0.08736338,-0.1118328,0.9999986,-0.009975316,-0.102134,0.9999803,-0.9990652,0.0342241,0.02641097,0,0.03479318,0.9991655,0.02139711,0,0.02565663,-0.02229603,0.9994222,0,-0.5343298,-1.686427,0.9620472,1,-0.9990651,0.03479318,0.02565663,0,0.03422409,0.9991654,-0.02229603,0,0.02641097,0.02139711,0.9994221,0,-0.5015224,1.683026,-0.9853827,1,1,1,-0.0080891,-0.09947243,0.9950074,-0.001615837,0.0006642456,-0.02829837,1.177778,45
0,0.06529924,-0.09180873,0.999999,-0.08922902,-0.1107899,1.000015,-0.01196452,-0.1012993,1.000007,-0.9990618,0.03435229,0.02637403,0,0.03491498,0.9991658,0.0211795,0,0.02562446,-0.02208048,0.9994279,0,-0.5345795,-1.686158,0.9623421,1,-0.9990616,0.03491498,0.02562446,0,0.03435228,0.9991659,-0.02208047,0,0.02637402,0.0211795,0.9994276,0,-0.5015352,1.683035,-0.9853241,1,1,1,-0.0100146,-0.0986764,0.9950692,-0.001615113,0.0006773071,-0.02834735,1.2,46
0,0.06468623,-0.08760686,0.9999784,-0.08781926,-0.1097207,0.9999729,-0.01156667,-0.09866391,0.9999757,-0.999061,0.03432914,0.02643328,0,0.03489657,0.9991636,0.02131303,0,0.02567952,-0.02221545,0.9994234,0,-0.5344688,-1.686305,0.9621799,1,-0.9990608,0.03489657,0.02567951,0,0.03432913,0.9991636,-0.02221545,0,0.02643328,0.02131304,0.9994234,0,-0.501511,1.683039,-0.9853622,1,1,1,-0.009642329,-0.09615666,0.9953195,-0.001604493,0.0006824036,-0.02836345,1.211111,47
0,0.06330833,-0.08024263,1.000029,-0.08909822,-0.1086424,1.000015,-0.01289521,-0.09444252,1.000022,-0.9990464,0.03459939,0.02663323,0,0.03517078,0.9991544,0.02129317,0,0.02587398,-0.02220958,0.9994185,0,-0.5347113,-1.686084,0.9622129,1,-0.9990462,0.03517078,0.02587398,0,0.03459939,0.9991544,-0.02220958,0,0.02663323,0.02129318,0.9994185,0,-0.5014907,1.682976,-0.9852654,1,1,1,-0.01093243,-0.09209998,0.9956897,-0.001604165,0.0006800461,-0.02835225,1.233333,48
0,0.06024511,-0.07939763,1.000022,-0.09143318,-0.1063714,1.00003,-0.01559389,-0.09288452,1.000026,-0.9990401,0.03479894,0.02660636,0,0.03537312,0.9991446,0.02142309,0,0.0258381,-0.02234368,0.9994164,0,-0.5350227,-1.686127,0.9619653,1,-0.9990401,0.03537311,0.0258381,0,0.03479894,0.9991445,-0.02234368,0,0.02660636,0.02142309,0.9994165,0,-0.5014281,1.683002,-0.9852543,1,1,1,-0.01354688,-0.09059174,0.995796,-0.001604431,0.0006672668,-0.02831192,1.244444,49
0,0.05903207,-0.08054765,0.9999735,-0.09211415,-0.106389,0.9999996,-0.01654044,-0.09346816,0.9999865,-0.9990273,0.03515073,0.02663365,0,0.03573025,0.9991279,0.02160464,0,0.02585101,-0.02253525,0.9994119,0,-0.5355873,-1.686075,0.9617003,1,-0.9990268,0.03573024,0.025851,0,0.03515073,0.9991279,-0.02253525,0,0.02663364,0.02160464,0.9994116,0,-0.5014129,1.682964,-0.985285,1,1,1,-0.01446311,-0.09115405,0.9957317,-0.001604668,0.0006656875,-0.02829846,1.266667,50
0,0.05728235,-0.08687913,0.9999483,-0.0918335,-0.1053714,0.999926,-0.0172761,-0.09612561,0.9999372,-0.9990172,0.0353338,0.02676771,0,0.03591367,0.9991236,0.0215011,0,0.02598454,-0.02244129,0.9994106,0,-0.5358496,-1.685941,0.9619918,1,-0.9990168,0.03591366,0.02598453,0,0.03533379,0.9991236,-0.02244129,0,0.0267677,0.0215011,0.9994103,0,-0.5015024,1.683024,-0.9853354,1,1,1,-0.01517168,-0.09370917,0.9954841,-0.001605065,0.0006678238,-0.02831371,1.277778,51
0,0.05622352,-0.07592166,1.000069,-0.09248632,-0.1043502,1.000066,-0.01813149,-0.09013601,1.000067,-0.9990102,0.03552565,0.02676801,0,0.03610313,0.9991187,0.02140801,0,0.02598389,-0.02235323,0.9994124,0,-0.536259,-1.685705,0.9620749,1,-0.9990102,0.03610313,0.02598388,0,0.03552565,0.9991188,-0.02235323,0,0.02676801,0.02140801,0.9994124,0,-0.5015953,1.682984,-0.9852564,1,1,1,-0.01600537,-0.08795422,0.9959959,-0.001605164,0.0006814652,-0.02835872,1.288889,52
0,0.05581841,-0.07700405,1.000032,-0.09244695,-0.1035455,1.000013,-0.01831467,-0.09027494,1.000022,-0.9990073,0.03557168,0.02681985,0,0.0361442,0.9991223,0.0211732,0,0.02604315,-0.02212156,0.9994161,0,-0.536355,-1.685514,0.9624259,1,-0.999007,0.0361442,0.02604314,0,0.03557167,0.9991223,-0.02212156,0,0.02681985,0.0211732,0.999416,0,-0.501678,1.683043,-0.9851817,1,1,1,-0.01618232,-0.08810169,0.99598,-0.001605164,0.0006970139,-0.02841078,1.311111,53
0,0.06383905,-0.0702173,1.000058,-0.09240086,-0.102959,1.000088,-0.01428012,-0.0865881,1.000073,-0.9990146,0.03549166,0.02665043,0,0.03606295,0.9991232,0.02127055,0,0.02587214,-0.02221068,0.9994185,0,-0.536365,-1.685634,0.9621172,1,-0.9990145,0.03606295,0.02587214,0,0.03549166,0.9991231,-0.02221068,0,0.02665043,0.02127055,0.9994185,0,-0.5016513,1.683034,-0.9851199,1,1,1,-0.01227831,-0.08456899,0.996342,-0.001605119,0.0007138443,-0.028469,1.322222,54
0,0.06371135,-0.07129192,0.9999284,-0.09237684,-0.1025518,0.9999554,-0.01433211,-0.08692163,0.9999419,-0.9990172,0.03555356,0.02647135,0,0.03612039,0.9991215,0.02125154,0,0.02569253,-0.0221868,0.9994237,0,-0.5365365,-1.685656,0.9621233,1,-0.999017,0.03612038,0.02569252,0,0.03555356,0.9991214,-0.0221868,0,0.02647135,0.02125153,0.9994236,0,-0.5015467,1.683108,-0.9851831,1,1,1,-0.01232993,-0.0849093,0.9963124,-0.001604775,0.0007246475,-0.02848942,1.333333,55
0,0.06339186,-0.07419986,0.9999085,-0.0950855,-0.09951533,0.999929,-0.01584637,-0.08685761,0.9999188,-0.9990243,0.0355149,0.02625722,0,0.03608225,0.9991184,0.02145876,0,0.02547196,-0.02238524,0.9994249,0,-0.5364627,-1.685853,0.9617225,1,-0.999024,0.03608224,0.02547196,0,0.03551489,0.9991184,-0.02238524,0,0.02625721,0.02145876,0.9994248,0,-0.5013184,1.683086,-0.9852428,1,1,1,-0.01379802,-0.08485627,0.9962977,-0.001602996,0.0007369537,-0.02852682,1.355556,56
0,0.07041106,-0.07434881,0.9999945,-0.09478723,-0.09926403,1.000021,-0.01218741,-0.08680627,1.000008,-0.9990286,0.03548734,0.0261323,0,0.03605693,0.999115,0.02165759,0,0.0253406,-0.0225788,0.999424,0,-0.5365115,-1.686058,0.9613354,1,-0.9990283,0.03605692,0.0253406,0,0.03548733,0.999115,-0.02257879,0,0.0261323,0.02165759,0.9994239,0,-0.5012784,1.683091,-0.9852551,1,1,1,-0.01025399,-0.08480664,0.9963446,-0.001602112,0.0007406845,-0.02853683,1.366667,57
0,0.06998587,-0.07467657,0.9999825,-0.09478955,-0.09940944,1.000037,-0.01240034,-0.0870427,1.00001,-0.9990369,0.03548422,0.0258119,0,0.03604852,0.9991136,0.02173549,0,0.02501775,-0.02264503,0.9994305,0,-0.5367503,-1.686083,0.9610502,1,-0.9990368,0.03604853,0.02501775,0,0.03548422,0.9991137,-0.02264503,0,0.0258119,0.02173549,0.9994305,0,-0.5012105,1.683049,-0.985256,1,1,1,-0.01045988,-0.0850345,0.996323,-0.001602112,0.0007431107,-0.02854529,1.377778,58
0,0.06985991,-0.0746401,0.9999757,-0.09470467,-0.09903095,0.9999795,-0.01242233,-0.08683559,0.9999775,-0.999038,0.03551477,0.02573069,0,0.03608328,0.9991071,0.02197776,0,0.02492718,-0.02288506,0.9994274,0,-0.5367775,-1.686369,0.9606264,1,-0.9990377,0.03608327,0.02492717,0,0.03551477,0.9991071,-0.02288505,0,0.02573068,0.02197775,0.9994271,0,-0.5010875,1.68312,-0.9852883,1,1,1,-0.01048163,-0.08484179,0.9963393,-0.00160199,0.000747902,-0.02856044,1.4,59
0,0.07006501,-0.07940794,0.999984,-0.09555808,-0.09833317,0.9999877,-0.01274642,-0.08887056,0.9999859,-0.9990351,0.03560514,0.02571785,0,0.03617491,0.9991024,0.02203972,0,0.02491004,-0.02294879,0.9994264,0,-0.536845,-1.686351,0.9605346,1,-0.9990349,0.0361749,0.02491003,0,0.03560513,0.9991024,-0.02294878,0,0.02571785,0.02203972,0.9994262,0,-0.5009869,1.683088,-0.9853104,1,1,1,-0.01079372,-0.08679854,0.9961674,-0.001601929,0.0007492981,-0.02856512,1.411111,60
0,0.07069664,-0.07466894,0.9999603,-0.09582759,-0.09841101,0.9999586,-0.01256552,-0.08653998,0.9999594,-0.999027,0.03586159,0.02567204,0,0.03642893,0.9990944,0.02198423,0,0.0248604,-0.02289805,0.9994286,0,-0.5372765,-1.686124,0.9607204,1,-0.999027,0.03642894,0.0248604,0,0.03586158,0.9990944,-0.02289805,0,0.02567204,0.02198423,0.9994287,0,-0.5009503,1.683049,-0.9854236,1,1,1,-0.01062065,-0.08456273,0.9963616,-0.001601929,0.0007534256,-0.02858071,1.433333,61
0,0.05964941,-0.0804971,1.000008,-0.09542169,-0.09905873,0.9999897,-0.01788666,-0.08977801,0.999999,-0.9990183,0.0360153,0.02579869,0,0.03658677,0.9990876,0.02203228,0,0.02498165,-0.02295454,0.9994246,0,-0.5374746,-1.686049,0.9607028,1,-0.9990181,0.03658676,0.02498164,0,0.0360153,0.9990876,-0.02295453,0,0.02579868,0.02203228,0.9994241,0,-0.5010082,1.683008,-0.9854249,1,1,1,-0.01576904,-0.08767144,0.9960247,-0.00160199,0.0007602005,-0.02859883,1.444445,62
0,0.05541226,-0.1010753,0.9999617,-0.09473387,-0.09825294,0.9999518,-0.01966103,-0.09966421,0.9999568,-0.9990093,0.03619273,0.02589583,0,0.03676922,0.9990785,0.02214303,0,0.02507055,-0.02307326,0.9994195,0,-0.5377484,-1.686065,0.9605644,1,-0.9990093,0.03676921,0.02507055,0,0.03619273,0.9990785,-0.02307326,0,0.02589583,0.02214303,0.9994193,0,-0.5010669,1.683014,-0.985428,1,1,1,-0.01747149,-0.09716356,0.995115,-0.001602409,0.0007648774,-0.02860452,1.466667,63
0,0.03536896,-0.1030231,1.000045,-0.09635007,-0.09890034,1.000034,-0.03049084,-0.1009616,1.00004,-0.999007,0.0362008,0.0259802,0,0.03677556,0.9990814,0.02199699,0,0.02516002,-0.02293058,0.9994206,0,-0.5377654,-1.685935,0.9607974,1,-0.9990066,0.03677555,0.02516001,0,0.03620079,0.9990815,-0.02293058,0,0.02598019,0.02199699,0.9994202,0,-0.5011607,1.683028,-0.9853695,1,1,1,-0.02793474,-0.09837944,0.9947568,-0.001604324,0.0007692871,-0.02860774,1.477778,64
0,0.03546286,-0.1015807,0.9999508,-0.0969329,-0.09870136,0.9999225,-0.03073553,-0.100141,0.9999368,-0.9989929,0.03643393,0.02619153,0,0.03701177,0.9990742,0.02192656,0,0.02536841,-0.02287387,0.9994166,0,-0.5379413,-1.685768,0.9610687,1,-0.9989927,0.03701177,0.0253684,0,0.03643393,0.9990743,-0.02287387,0,0.02619153,0.02192656,0.9994164,0,-0.5011522,1.683045,-0.9854211,1,1,1,-0.02817499,-0.0976022,0.9948267,-0.001605416,0.0007698135,-0.02861186,1.488889,65
0,0.06868266,-0.07476077,0.9999705,-0.09649158,-0.09850735,0.9999529,-0.01390494,-0.08663411,0.9999615,-0.9989766,0.03665432,0.02650411,0,0.0372439,0.9990617,0.02210417,0,0.02566903,-0.02306867,0.9994044,0,-0.5379413,-1.68584,0.9610275,1,-0.9989764,0.0372439,0.02566903,0,0.03665432,0.9990618,-0.02306867,0,0.02650411,0.02210417,0.9994042,0,-0.5010685,1.68305,-0.9855366,1,1,1,-0.01191294,-0.08466699,0.9963381,-0.001606468,0.0007729035,-0.02862336,1.511111,66
0,0.0683826,-0.07474948,0.9999358,-0.09731768,-0.09875031,0.9999371,-0.0144675,-0.08674984,0.9999363,-0.998971,0.03680609,0.02650462,0,0.03739691,0.9990549,0.02215178,0,0.02566425,-0.02312018,0.9994034,0,-0.5381658,-1.685844,0.9610146,1,-0.9989708,0.03739691,0.02566424,0,0.03680609,0.999055,-0.02312018,0,0.02650461,0.02215178,0.9994031,0,-0.5010339,1.683088,-0.9856063,1,1,1,-0.01245787,-0.0847834,0.9963216,-0.001606468,0.0007776489,-0.02863785,1.522222,67
0,0.07030868,-0.06886039,1.000008,-0.09688716,-0.09992024,1.000041,-0.01328834,-0.08439006,1.000024,-0.9989725,0.03695571,0.02623418,0,0.03754521,0.9990451,0.02234569,0,0.02538333,-0.02330769,0.9994061,0,-0.5387995,-1.685864,0.9605996,1,-0.9989725,0.03754521,0.02538333,0,0.0369557,0.999045,-0.02330769,0,0.02623418,0.02234568,0.999406,0,-0.5011442,1.683018,-0.9856461,1,1,1,-0.0113172,-0.08250827,0.9965261,-0.00160617,0.000779152,-0.02864185,1.544444,68
0,0.06491727,-0.06892107,0.9999514,-0.09686663,-0.1001002,0.9999489,-0.01597476,-0.08451064,0.9999501,-0.9989724,0.03691864,0.02628752,0,0.03751355,0.9990426,0.02250903,0,0.02543135,-0.02347204,0.999401,0,-0.5386673,-1.686025,0.9604095,1,-0.9989725,0.03751355,0.02543135,0,0.03691864,0.9990426,-0.02347204,0,0.02628752,0.02250903,0.999401,0,-0.5011149,1.683,-0.9857095,1,1,1,-0.01392025,-0.08262871,0.9964832,-0.001606071,0.0007804108,-0.02864436,1.555556,69
0,0.07613946,-0.06871349,0.9999122,-0.09683692,-0.1003876,0.9999461,-0.0103478,-0.08455027,0.9999293,-0.9989831,0.03676262,0.0261102,0,0.03735572,0.9990464,0.02260293,0,0.02525436,-0.0235553,0.9994037,0,-0.5386561,-1.686239,0.9602454,1,-0.9989826,0.03735572,0.02525435,0,0.03676261,0.9990464,-0.0235553,0,0.02611019,0.02260293,0.9994034,0,-0.5011897,1.683049,-0.9857889,1,1,1,-0.008469597,-0.08267362,0.9965407,-0.001606056,0.0007804108,-0.02864543,1.566667,70
0,0.07643335,-0.06643863,0.9999421,-0.09764842,-0.1005236,0.9999779,-0.01060648,-0.08348075,0.9999599,-0.9989883,0.03680171,0.02585221,0,0.03739601,0.9990382,0.02289363,0,0.02498483,-0.02383723,0.9994037,0,-0.5389782,-1.686454,0.9597222,1,-0.9989881,0.03739601,0.02498482,0,0.03680171,0.9990383,-0.02383723,0,0.02585221,0.02289363,0.9994035,0,-0.5011793,1.683016,-0.9858838,1,1,1,-0.008721184,-0.08164208,0.9966235,-0.001605507,0.000781189,-0.0286481,1.588889,71
0,0.07678174,-0.06629862,0.9999793,-0.0974071,-0.1002359,0.9999775,-0.0103128,-0.08326717,0.9999784,-0.998986,0.03681778,0.02591317,0,0.03741898,0.9990324,0.02311078,0,0.02503721,-0.02405699,0.9993972,0,-0.5387822,-1.686645,0.9594204,1,-0.9989859,0.03741897,0.02503721,0,0.03681779,0.9990324,-0.02405699,0,0.02591317,0.02311078,0.9993969,0,-0.500999,1.683001,-0.9859278,1,1,1,-0.008437028,-0.08143488,0.996643,-0.001604972,0.0007808762,-0.02865145,1.6,72
0,0.07708021,-0.06654844,0.9999384,-0.09714006,-0.100415,1.000014,-0.01002784,-0.08348109,0.9999765,-0.9989947,0.03682331,0.02556904,0,0.03742636,0.9990225,0.02352128,0,0.02467791,-0.02445458,0.9993964,0,-0.5391392,-1.686968,0.9586173,1,-0.9989945,0.03742636,0.02467791,0,0.0368233,0.9990225,-0.02445458,0,0.02556903,0.02352127,0.9993962,0,-0.5009882,1.682949,-0.9859877,1,1,1,-0.008160824,-0.08164088,0.9966283,-0.001604966,0.0007806168,-0.0286483,1.622222,73
0,0.07624774,-0.06651834,1.000015,-0.09782445,-0.1005324,1.000025,-0.01078812,-0.08352527,1.00002,-0.9989928,0.03685267,0.02560243,0,0.03746631,0.9990116,0.02391651,0,0.02469574,-0.02485165,0.9993862,0,-0.5391179,-1.68728,0.9579723,1,-0.9989926,0.0374663,0.02469573,0,0.03685267,0.9990117,-0.02485164,0,0.02560242,0.02391651,0.999386,0,-0.5009205,1.6829,-0.9860018,1,1,1,-0.008897201,-0.08167992,0.9966189,-0.001604973,0.0007803421,-0.0286479,1.633333,74
0,0.07509868,-0.06266698,0.999953,-0.09780338,-0.1004143,0.9999578,-0.01135229,-0.08154053,0.9999555,-0.9989831,0.03711801,0.02559638,0,0.03774698,0.9989859,0.02454313,0,0.02465943,-0.02548435,0.9993712,0,-0.5394657,-1.687742,0.957036,1,-0.9989829,0.03774697,0.02465943,0,0.03711801,0.9989859,-0.02548435,0,0.02559638,0.02454313,0.999371,0,-0.500768,1.682905,-0.9861422,1,1,1,-0.009445497,-0.07977545,0.9967681,-0.001604973,0.0007834931,-0.02865981,1.655556,75
0,0.07484821,-0.06705913,1.000014,-0.09732166,-0.09909082,0.9999982,-0.01123715,-0.0830749,1.000006,-0.9989692,0.03735884,0.02578655,0,0.0380034,0.9989654,0.02497584,0,0.02482681,-0.02593007,0.9993554,0,-0.5397743,-1.688006,0.9564162,1,-0.9989691,0.0380034,0.0248268,0,0.03735883,0.9989654,-0.02593007,0,0.02578655,0.02497583,0.9993554,0,-0.5008186,1.682885,-0.9861689,1,1,1,-0.009332189,-0.08125091,0.99665,-0.001605034,0.0007869111,-0.02867229,1.666667,76
0,0.07640933,-0.0679421,0.9999443,-0.09742492,-0.0979851,0.999941,-0.01050798,-0.08296365,0.9999427,-0.9989541,0.03774457,0.0258182,0,0.03839155,0.998949,0.02503954,0,0.02484596,-0.02600455,0.9993532,0,-0.5404179,-1.687901,0.9563819,1,-0.9989536,0.03839154,0.02484595,0,0.03774457,0.998949,-0.02600454,0,0.02581819,0.02503954,0.9993529,0,-0.5008353,1.682927,-0.9862289,1,1,1,-0.00862506,-0.08115035,0.9966646,-0.001606377,0.0007880479,-0.02867452,1.688889,77
0,0.0761864,-0.06785291,0.9998786,-0.09794192,-0.09747077,0.9998726,-0.01087792,-0.08266178,0.9998755,-0.9989451,0.03797519,0.02582231,0,0.03861862,0.9989439,0.02489259,0,0.02484973,-0.02586355,0.9993567,0,-0.5407349,-1.687667,0.9567473,1,-0.9989449,0.03861861,0.02484973,0,0.03797519,0.9989439,-0.02586354,0,0.0258223,0.02489258,0.9993564,0,-0.5007803,1.682951,-0.9863436,1,1,1,-0.008983954,-0.08086737,0.9966843,-0.001606743,0.0007914887,-0.02868858,1.7,78
0,0.07695291,-0.06874966,0.9999681,-0.09839737,-0.09785657,0.9999626,-0.01072242,-0.08330329,0.9999653,-0.9989502,0.03783651,0.02582827,0,0.03847694,0.9989525,0.02476606,0,0.02486415,-0.02573385,0.9993597,0,-0.5404482,-1.687637,0.9569906,1,-0.9989499,0.03847694,0.02486414,0,0.03783651,0.9989526,-0.02573385,0,0.02582826,0.02476606,0.9993594,0,-0.5007439,1.682963,-0.9863692,1,1,1,-0.008830512,-0.08148761,0.9966353,-0.001607918,0.0008044739,-0.02871535,1.711111,79
0,0.08041057,-0.068994,0.9999562,-0.09844264,-0.09758277,0.9999411,-0.009016395,-0.08328837,0.9999487,-0.9989601,0.03745893,0.02599281,0,0.03810113,0.9989694,0.02466744,0,0.025042,-0.02563214,0.9993578,0,-0.5396359,-1.687801,0.9573524,1,-0.99896,0.03810113,0.025042,0,0.03745894,0.9989694,-0.02563214,0,0.02599281,0.02466743,0.9993576,0,-0.5007357,1.683007,-0.9864858,1,1,1,-0.007177887,-0.08147845,0.9966492,-0.00160807,0.0008074265,-0.02872199,1.733333,80
0,0.08030495,-0.06900257,1.000006,-0.09896494,-0.09911451,0.9999971,-0.009330237,-0.08405858,1.000002,-0.9989645,0.03730232,0.02604761,0,0.03794631,0.9989749,0.02468276,0,0.02510018,-0.02564561,0.9993559,0,-0.5393138,-1.687921,0.9573516,1,-0.9989644,0.0379463,0.02510018,0,0.03730232,0.9989749,-0.02564561,0,0.0260476,0.02468276,0.999356,0,-0.5007287,1.683025,-0.9864859,1,1,1,-0.007480765,-0.082224,0.9965858,-0.00160817,0.0008180848,-0.02873592,1.744444,81
0,0.08012822,-0.06733724,1.000032,-0.09863205,-0.09890558,1.000018,-0.009252252,-0.0831214,1.000025,-0.9989589,0.03734384,0.02620481,0,0.03800142,0.9989634,0.02506105,0,0.02524177,-0.02603077,0.9993426,0,-0.5392678,-1.688219,0.9567987,1,-0.9989587,0.03800141,0.02524176,0,0.03734384,0.9989634,-0.02603077,0,0.0262048,0.02506104,0.9993423,0,-0.5007344,1.682984,-0.986503,1,1,1,-0.00740559,-0.08132319,0.9966602,-0.001608177,0.0008220673,-0.02875234,1.766667,82
0,0.08030112,-0.05823009,0.9999505,-0.09863787,-0.09800535,0.9999466,-0.009168457,-0.07811791,0.9999486,-0.9989494,0.03754694,0.02627636,0,0.0382112,0.9989506,0.02525166,0,0.02530067,-0.02622918,0.9993358,0,-0.5396214,-1.688263,0.9565732,1,-0.9989493,0.0382112,0.02530066,0,0.03754693,0.9989505,-0.02622918,0,0.02627636,0.02525166,0.9993356,0,-0.5008006,1.682956,-0.9865666,1,1,1,-0.007328104,-0.076511,0.9970418,-0.001607841,0.0008220673,-0.02875234,1.777778,83
0,0.08151117,-0.05676574,0.9999537,-0.09897798,-0.09869705,0.9999704,-0.008732837,-0.077731,0.999962,-0.9989563,0.03722618,0.02647243,0,0.03790866,0.9989491,0.02576395,0,0.02548552,-0.02674059,0.9993176,0,-0.5389205,-1.688899,0.9558846,1,-0.998956,0.03790865,0.02548551,0,0.03722617,0.998949,-0.02674058,0,0.02647243,0.02576394,0.9993173,0,-0.5007912,1.682926,-0.9866595,1,1,1,-0.006905856,-0.07613716,0.9970734,-0.001607841,0.0008220673,-0.02875234,1.8,84
0,0.08159764,-0.05822092,1.000002,-0.09990361,-0.09923078,0.9999964,-0.009153139,-0.07872584,0.999999,-0.9989547,0.03720441,0.02656302,0,0.03789508,0.9989437,0.0259894,0,0.02556804,-0.02696883,0.9993093,0,-0.5387834,-1.689087,0.9555608,1,-0.9989544,0.03789508,0.02556804,0,0.03720441,0.9989437,-0.02696883,0,0.02656301,0.0259894,0.9993092,0,-0.5007612,1.682885,-0.9866777,1,0.9970058,0.9420688,-0.007312616,-0.0770935,0.9969971,-0.001607765,0.0008220673,-0.02874948,1.811111,85
0,0.08235963,-0.0570901,0.9998829,-0.09854856,-0.0997255,0.9998895,-0.008094274,-0.07840769,0.9998862,-0.9989645,0.03689327,0.02662038,0,0.03759423,0.9989461,0.02632979,0,0.02562093,-0.0273033,0.9992988,0,-0.5381365,-1.689592,0.9551468,1,-0.9989646,0.03759423,0.02562094,0,0.03689329,0.9989462,-0.0273033,0,0.02662038,0.02632979,0.9992988,0,-0.5006711,1.682893,-0.986821,1,1,1,-0.006287746,-0.07678907,0.9970275,-0.001607345,0.0008144227,-0.02873643,1.822222,86
