flag,xl,yl,zl,xr,yr,zr,xc,yc,zc,mat_00,mat_10,mat_20,mat_30,mat_01,mat_11,mat_21,mat_31,mat_02,mat_12,mat_22,mat_32,mat_03,mat_13,mat_23,mat_33,ctw_00,ctw_10,ctw_20,ctw_30,ctw_01,ctw_11,ctw_21,ctw_31,ctw_02,ctw_12,ctw_22,ctw_32,ctw_03,ctw_13,ctw_23,ctw_33,opennessl,opennessr,ray_x,ray_y,ray_z,eye_x,eye_y,eye_z,time,frame,u,v
25.0,0.2969926,0.1763664,1.000056,0.08331278,0.09259103,1.000047,0.1901525,0.1344782,1.000052,-0.961337,-0.08042916,-0.2633676,0.0,-0.08242983,0.9965909,-0.003463282,0.0,-0.2627483,-0.01837996,0.9646894,0.0,-0.5777153,-1.719266,0.9532384,1.0,-0.9613369,-0.08242984,-0.2627482,0.0,-0.08042914,0.9965908,-0.01837996,0.0,-0.2633676,-0.003463284,0.9646894,0.0,-0.442606,1.669085,-1.102973,1.0,1.0,1.0,0.1785985,0.1294093,0.9753747,0.002372108,-0.001584038,-0.02546716,38.56667,2384.0,0.175,0.104
25.0,0.2970368,0.176188,1.000196,0.08326775,0.09068519,1.0001,0.1901488,0.1334346,1.000148,-0.9614295,-0.08036093,-0.2630502,0.0,-0.08225777,0.9966038,-0.003812789,0.0,-0.2624632,-0.0179722,0.9647746,0.0,-0.5777488,-1.718823,0.9540155,1.0,-0.9614295,-0.08225778,-0.2624633,0.0,-0.08036093,0.9966038,-0.0179722,0.0,-0.2630502,-0.003812791,0.9647746,0.0,-0.442637,1.669099,-1.102939,1.0,0.8834653,0.9891297,0.1786019,0.1284217,0.9755046,0.002372406,-0.001583794,-0.02546711,38.57778,2385.0,0.175,0.104
25.0,0.2963901,0.1760075,1.000069,0.08356801,0.09265655,1.000044,0.189978,0.1343316,1.000056,-0.9614685,-0.08030138,-0.2629262,0.0,-0.08212259,0.9966139,-0.004074147,0.0,-0.2623631,-0.01767502,0.9648074,0.0,-0.578096,-1.718483,0.9544376,1.0,-0.9614684,-0.08212258,-0.262363,0.0,-0.08030137,0.9966139,-0.01767501,0.0,-0.2629262,-0.004074146,0.9648072,0.0,-0.442871,1.669078,-1.102893,1.0,1.0,1.0,0.1784399,0.1292749,0.9754215,0.002373161,-0.001583611,-0.02546506,38.6,2386.0,0.175,0.104
25.0,0.2965981,0.1762562,1.000095,0.08353558,0.09243505,1.000056,0.1900654,0.1343447,1.000075,-0.9615062,-0.08035191,-0.262773,0.0,-0.08215656,0.9966109,-0.004131158,0.0,-0.2622144,-0.01761639,0.9648491,0.0,-0.57792,-1.718465,0.9546101,1.0,-0.961506,-0.08215655,-0.2622143,0.0,-0.0803519,0.9966109,-0.01761639,0.0,-0.2627729,-0.004131155,0.9648486,0.0,-0.4429097,1.669104,-1.102866,1.0,0.8659689,0.9866596,0.1785172,0.129283,0.9754063,0.002373185,-0.001583519,-0.02546316,38.61111,2387.0,0.175,0.104
25.0,0.2967717,0.1772152,1.000126,0.08443597,0.0911916,1.00007,0.1906019,0.1342022,1.000098,-0.9615282,-0.0808636,-0.2625353,0.0,-0.08257695,0.9965745,-0.004519516,0.0,-0.2620014,-0.01733372,0.9649118,0.0,-0.5770105,-1.718363,0.9554157,1.0,-0.9615281,-0.08257695,-0.2620014,0.0,-0.08086359,0.9965744,-0.01733372,0.0,-0.2625352,-0.004519514,0.9649118,0.0,-0.4429345,1.669147,-1.102855,1.0,0.8779986,0.9853728,0.1790105,0.1291406,0.9753348,0.002375267,-0.001587982,-0.02545135,38.63334,2388.0,0.175,0.104
25.0,0.2966412,0.174802,1.000143,0.08638385,0.09153643,1.000108,0.1915113,0.1331685,1.000125,-0.9615493,-0.08101492,-0.2624113,0.0,-0.08270341,0.9965635,-0.00462289,0.0,-0.261884,-0.01725717,0.9649451,0.0,-0.5766922,-1.718278,0.9555926,1.0,-0.9615491,-0.08270342,-0.261884,0.0,-0.08101491,0.9965636,-0.01725717,0.0,-0.2624112,-0.00462289,0.9649451,0.0,-0.4429657,1.669096,-1.102774,1.0,1.0,1.0,0.179863,0.1281577,0.9753076,0.002380501,-0.00159301,-0.0254373,38.64444,2389.0,0.175,0.104
25.0,0.2947155,0.1745163,1.000015,0.08626106,0.0915594,1.000008,0.190488,0.1330376,1.000011,-0.961517,-0.08092631,-0.2625573,0.0,-0.08264645,0.9965687,-0.004504435,0.0,-0.2620209,-0.01736834,0.964906,0.0,-0.5770839,-1.718331,0.955258,1.0,-0.9615166,-0.08264644,-0.2620209,0.0,-0.0809263,0.9965689,-0.01736833,0.0,-0.2625572,-0.004504433,0.9649057,0.0,-0.4431241,1.669044,-1.102786,1.0,0.8828986,0.9870288,0.1789422,0.1280781,0.9754874,0.002383462,-0.001598541,-0.02542386,38.66667,2390.0,0.175,0.104
25.0,0.2953993,0.1775723,0.9999905,0.0866757,0.09117094,1.000009,0.1910382,0.1343721,0.9999997,-0.9615111,-0.08082758,-0.2626089,0.0,-0.08257124,0.9965754,-0.004408134,0.0,-0.2620659,-0.01744547,0.9648924,0.0,-0.5772791,-1.71837,0.955038,1.0,-0.961511,-0.08257124,-0.2620658,0.0,-0.08082757,0.9965755,-0.01744547,0.0,-0.2626089,-0.004408136,0.9648922,0.0,-0.4431504,1.669029,-1.102772,1.0,1.0,1.0,0.1794193,0.1293211,0.9752357,0.002387078,-0.001603424,-0.02541567,38.67778,2391.0,0.175,0.104
25.0,0.296251,0.1797385,1.000021,0.08869618,0.08997218,1.000007,0.192473,0.134855,1.000014,-0.9615316,-0.08086886,-0.2625217,0.0,-0.08263494,0.9965705,-0.00432507,0.0,-0.2619711,-0.01753477,0.9649166,0.0,-0.5771088,-1.718446,0.9549595,1.0,-0.9615311,-0.08263492,-0.261971,0.0,-0.08086883,0.9965705,-0.01753476,0.0,-0.2625215,-0.004325065,0.9649163,0.0,-0.4431794,1.668994,-1.102774,1.0,1.0,1.0,0.1807253,0.1297437,0.9749385,0.002389954,-0.001606972,-0.02540607,38.68889,2392.0,0.175,0.104
25.0,0.3002725,0.1801643,1.000026,0.08940449,0.08997472,1.000028,0.1948386,0.1350696,1.000027,-0.961575,-0.08080485,-0.2623817,0.0,-0.08264501,0.9965709,-0.004033757,0.0,-0.2618079,-0.01780578,0.9649558,0.0,-0.5770984,-1.718626,0.9544587,1.0,-0.961575,-0.08264502,-0.2618079,0.0,-0.08080485,0.996571,-0.01780578,0.0,-0.2623816,-0.004033757,0.9649556,0.0,-0.4433642,1.668888,-1.102701,1.0,1.0,1.0,0.1828919,0.1298929,0.9745144,0.002391747,-0.00160939,-0.02539993,38.71111,2393.0,0.175,0.104
25.0,0.3010734,0.1816472,1.000105,0.08700764,0.08965912,1.000079,0.1940396,0.1356527,1.000092,-0.9616075,-0.08079835,-0.2622646,0.0,-0.08263976,0.9965714,-0.004020024,0.0,-0.2616902,-0.0178078,0.9649876,0.0,-0.5769862,-1.718598,0.9544544,1.0,-0.9616075,-0.08263977,-0.2616902,0.0,-0.08079835,0.9965714,-0.0178078,0.0,-0.2622645,-0.004020023,0.9649876,0.0,-0.4433745,1.66886,-1.102633,1.0,0.8714065,0.9920138,0.1821347,0.1304528,0.9745815,0.002391853,-0.001614143,-0.02539255,38.72222,2394.0,0.175,0.104
25.0,0.2997792,0.1786263,1.000137,0.0870133,0.08997879,1.00012,0.1933956,0.1343021,1.000129,-0.9616854,-0.08067714,-0.2620161,0.0,-0.08254522,0.9965798,-0.003887812,0.0,-0.2614336,-0.01788933,0.9650557,0.0,-0.5771141,-1.718591,0.9542657,1.0,-0.9616854,-0.08254521,-0.2614336,0.0,-0.08067713,0.9965797,-0.01788932,0.0,-0.2620161,-0.003887808,0.9650556,0.0,-0.4436201,1.668785,-1.102541,1.0,0.8813316,0.99738,0.1815668,0.1292005,0.9748543,0.002392425,-0.001613777,-0.02539199,38.74445,2395.0,0.175,0.104
25.0,0.2998599,0.1758619,1.000032,0.08665061,0.08987053,1.000036,0.1932554,0.1328661,1.000034,-0.9616976,-0.08057704,-0.2620028,0.0,-0.0824671,0.9965866,-0.003792304,0.0,-0.261414,-0.01795956,0.9650598,0.0,-0.577271,-1.71863,0.9540744,1.0,-0.9616973,-0.08246709,-0.261414,0.0,-0.08057702,0.9965866,-0.01795956,0.0,-0.2620027,-0.003792302,0.9650596,0.0,-0.4436719,1.668776,-1.102511,1.0,1.0,1.0,0.1814857,0.1278731,0.9750443,0.002392479,-0.001614212,-0.02539006,38.75556,2396.0,0.175,0.104
25.0,0.2969743,0.1755407,1.000138,0.09006715,0.08890711,1.000077,0.1935187,0.1322228,1.000107,-0.9618474,-0.08070028,-0.2614135,0.0,-0.08256461,0.9965782,-0.003862056,0.0,-0.2608307,-0.01786879,0.9652191,0.0,-0.5765446,-1.718573,0.9545338,1.0,-0.9618474,-0.0825646,-0.2608307,0.0,-0.08070029,0.9965783,-0.0178688,0.0,-0.2614136,-0.003862055,0.9652193,0.0,-0.4437092,1.668777,-1.102424,1.0,0.8780856,0.9980521,0.1817303,0.1272561,0.9750794,0.002391793,-0.001614212,-0.02538971,38.77778,2397.0,0.175,0.104
25.0,0.2974087,0.1753439,1.000152,0.09002253,0.09008949,1.000126,0.1937148,0.1327162,1.000139,-0.9618639,-0.08073626,-0.2613418,0.0,-0.08256038,0.996578,-0.004010578,0.0,-0.2607713,-0.01771885,0.965238,0.0,-0.5766685,-1.718402,0.954728,1.0,-0.9618639,-0.08256038,-0.2607713,0.0,-0.08073627,0.9965781,-0.01771885,0.0,-0.2613418,-0.004010577,0.965238,0.0,-0.4439037,1.668741,-1.102366,1.0,1.0,1.0,0.1818945,0.12771,0.9749896,0.002391747,-0.001613915,-0.02538971,38.78889,2398.0,0.175,0.104
25.0,0.2974895,0.1743301,1.000103,0.09001336,0.089894,1.000063,0.1937501,0.1321112,1.000082,-0.9619215,-0.08063301,-0.2611621,0.0,-0.08244862,0.9965872,-0.004015651,0.0,-0.2605946,-0.01766972,0.9652867,0.0,-0.5767146,-1.718342,0.9548258,1.0,-0.9619213,-0.08244862,-0.2605946,0.0,-0.08063301,0.9965873,-0.01766971,0.0,-0.2611621,-0.004015648,0.9652865,0.0,-0.4439448,1.668763,-1.102332,1.0,0.8784559,0.9943016,0.1819498,0.1271477,0.9750527,0.002391747,-0.001611763,-0.02538979,38.8,2399.0,0.175,0.104
25.0,0.2980744,0.1741029,1.000314,0.08931169,0.09188904,1.00018,0.1936884,0.1329934,1.000247,-0.9620352,-0.08064692,-0.2607386,0.0,-0.08228836,0.9965978,-0.004633999,0.0,-0.2602253,-0.01699768,0.9653984,0.0,-0.576655,-1.717643,0.9560839,1.0,-0.9620349,-0.08228835,-0.2602252,0.0,-0.08064693,0.9965978,-0.01699768,0.0,-0.2607386,-0.004633996,0.9653981,0.0,-0.4439969,1.668777,-1.102258,1.0,0.8784559,0.9943016,0.1818452,0.1279532,0.9749668,0.002392639,-0.001610336,-0.02538904,38.82222,2400.0,0.175,0.104
25.0,0.2974908,0.1737631,1.000113,0.08919621,0.09132635,1.000065,0.1933418,0.1325438,1.000089,-0.9620709,-0.080813,-0.2605548,0.0,-0.08242523,0.9965859,-0.004752066,0.0,-0.2600493,-0.01690446,0.9654474,0.0,-0.5762647,-1.717603,0.9563799,1.0,-0.962071,-0.08242524,-0.2600492,0.0,-0.08081299,0.9965859,-0.01690446,0.0,-0.2605548,-0.004752067,0.9654474,0.0,-0.4440228,1.668785,-1.102227,1.0,0.8784559,0.9943016,0.1815623,0.1275556,0.9750717,0.002393684,-0.001606316,-0.0253883,38.83334,2401.0,0.175,0.104
25.0,0.2951276,0.172213,1.000042,0.08928704,0.09100929,1.000038,0.1922072,0.1316112,1.00004,-0.9621342,-0.08082708,-0.2603169,0.0,-0.08240656,0.9965869,-0.004859673,0.0,-0.2598212,-0.01677616,0.9655111,0.0,-0.5761276,-1.717475,0.9566419,1.0,-0.9621341,-0.08240655,-0.2598211,0.0,-0.08082708,0.996587,-0.01677616,0.0,-0.2603168,-0.004859673,0.9655109,0.0,-0.4441004,1.668785,-1.102151,1.0,1.0,1.0,0.1805457,0.1267103,0.9753705,0.002395714,-0.001602608,-0.02538825,38.85556,2402.0,0.175,0.104
25.0,0.2983994,0.1724473,1.000043,0.08844005,0.09130061,1.000023,0.1934189,0.1318734,1.000033,-0.9621891,-0.08057605,-0.2601922,0.0,-0.0821755,0.9966066,-0.004743716,0.0,-0.2596915,-0.01681707,0.9655453,0.0,-0.5763935,-1.717429,0.9565215,1.0,-0.9621888,-0.08217548,-0.2596914,0.0,-0.08057605,0.9966066,-0.01681707,0.0,-0.2601921,-0.004743709,0.9655451,0.0,-0.4441036,1.668773,-1.102131,1.0,0.8611081,0.9895507,0.1816547,0.12693,0.9751361,0.002396857,-0.00160228,-0.02538885,38.86667,2403.0,0.175,0.104
25.0,0.2987072,0.1708872,0.9999944,0.08722381,0.09122437,1.000022,0.1929664,0.1310562,1.000008,-0.9621612,-0.08045705,-0.2603319,0.0,-0.08203723,0.9966177,-0.004808837,0.0,-0.2598382,-0.01673003,0.9655073,0.0,-0.5767776,-1.71726,0.9564964,1.0,-0.9621611,-0.08203722,-0.2598382,0.0,-0.08045704,0.9966176,-0.01673003,0.0,-0.2603318,-0.004808835,0.9655071,0.0,-0.4441122,1.668735,-1.102103,1.0,1.0,1.0,0.1812596,0.1261779,0.9753072,0.002397721,-0.00160228,-0.02538885,38.87778,2404.0,0.175,0.104
25.0,0.296428,0.1748799,0.9999696,0.08599102,0.09117635,0.9999847,0.1912101,0.1330284,0.9999772,-0.9621682,-0.07998525,-0.2604517,0.0,-0.08162066,0.9966531,-0.004548841,0.0,-0.2599438,-0.01688149,0.9654763,0.0,-0.5775173,-1.717223,0.9560186,1.0,-0.9621677,-0.08162065,-0.2599438,0.0,-0.07998522,0.996653,-0.01688149,0.0,-0.2604516,-0.004548836,0.965476,0.0,-0.4440244,1.668687,-1.102124,1.0,1.0,1.0,0.1796035,0.1280656,0.9753675,0.002399887,-0.00160228,-0.02538885,38.9,2405.0,0.175,0.104
25.0,0.2952774,0.1721137,1.000016,0.08353844,0.08980247,1.000026,0.1894083,0.1309581,1.000021,-0.9621357,-0.08012807,-0.2605276,0.0,-0.08174109,0.9966427,-0.004656099,0.0,-0.260026,-0.01681601,0.9654553,0.0,-0.5773956,-1.717187,0.9561167,1.0,-0.9621355,-0.08174109,-0.2600259,0.0,-0.08012806,0.9966427,-0.016816,0.0,-0.2605275,-0.004656099,0.9654551,0.0,-0.4440329,1.668677,-1.102102,1.0,1.0,1.0,0.1779806,0.1261616,0.975913,0.002400864,-0.00160228,-0.02538798,38.91111,2406.0,0.175,0.104
25.0,0.2938526,0.1720107,1.000036,0.08374274,0.08897614,1.00003,0.1887975,0.1304931,1.000033,-0.9620382,-0.08099697,-0.2606188,0.0,-0.08268853,0.9965653,-0.004486429,0.0,-0.2600871,-0.01723407,0.9654313,0.0,-0.5758423,-1.717896,0.9557527,1.0,-0.9620382,-0.08268853,-0.260087,0.0,-0.08099696,0.9965653,-0.01723407,0.0,-0.2606188,-0.00448643,0.9654313,0.0,-0.4440394,1.668667,-1.102089,1.0,1.0,1.0,0.1774237,0.1257385,0.976069,0.00240332,-0.001602928,-0.02538523,38.93333,2407.0,0.175,0.104
25.0,0.2929901,0.1714353,1.000027,0.08498153,0.09088408,1.000034,0.188986,0.1311595,1.000031,-0.9620119,-0.08130711,-0.2606192,0.0,-0.08303929,0.9965367,-0.004377007,0.0,-0.2600724,-0.0174309,0.9654318,0.0,-0.5751701,-1.718216,0.9555274,1.0,-0.9620118,-0.08303928,-0.2600724,0.0,-0.0813071,0.9965366,-0.0174309,0.0,-0.2606191,-0.004377006,0.9654317,0.0,-0.4439949,1.668686,-1.102032,1.0,0.8675693,0.9989836,0.1775814,0.1263659,0.9759593,0.002406853,-0.001608948,-0.02537931,38.94445,2408.0,0.175,0.104
25.0,0.2928148,0.1710455,1.000142,0.0850006,0.09069104,1.000101,0.1889063,0.1308676,1.000122,-0.962032,-0.08171002,-0.2604194,0.0,-0.08349929,0.9964989,-0.004204678,0.0,-0.2598512,-0.0176998,0.9654865,0.0,-0.5741325,-1.718648,0.9552686,1.0,-0.9620317,-0.08349928,-0.2598512,0.0,-0.08171002,0.996499,-0.01769979,0.0,-0.2604193,-0.004204676,0.9654863,0.0,-0.4439939,1.668708,-1.101908,1.0,1.0,1.0,0.1775006,0.1260872,0.97601,0.002407097,-0.00161219,-0.02536846,38.96667,2409.0,0.175,0.104
25.0,0.2928859,0.166147,1.000035,0.08285481,0.09088335,1.000034,0.1878703,0.1285149,1.000035,-0.9620515,-0.08149168,-0.2604155,0.0,-0.08327223,0.996518,-0.00420772,0.0,-0.2598516,-0.01763734,0.9654876,0.0,-0.5745199,-1.718522,0.9552433,1.0,-0.9620513,-0.08327222,-0.2598515,0.0,-0.08149167,0.9965179,-0.01763733,0.0,-0.2604155,-0.00420772,0.9654874,0.0,-0.4440027,1.668716,-1.101875,1.0,1.0,1.0,0.1766093,0.1239165,0.9764497,0.002407539,-0.001613846,-0.02536459,38.97778,2410.0,0.175,0.104
25.0,0.2928345,0.1661176,1.000189,0.08281612,0.09393197,1.000135,0.1878234,0.1300239,1.000162,-0.9621618,-0.08099557,-0.2601626,0.0,-0.08276542,0.9965603,-0.004163765,0.0,-0.259605,-0.01752625,0.9655559,0.0,-0.5752156,-1.718251,0.9552426,1.0,-0.9621617,-0.08276541,-0.259605,0.0,-0.08099556,0.9965603,-0.01752625,0.0,-0.2601626,-0.004163764,0.9655558,0.0,-0.4441026,1.66871,-1.101783,1.0,0.871785,0.9998226,0.1765138,0.1253171,0.9762881,0.002407539,-0.001613846,-0.02536314,38.98889,2411.0,0.175,0.104
25.0,0.2928004,0.166613,1.000036,0.08656296,0.09571331,1.000021,0.1896811,0.1311629,1.000029,-0.9623274,-0.07998097,-0.2598636,0.0,-0.08172256,0.9966466,-0.004113369,0.0,-0.2593212,-0.01727831,0.9656366,0.0,-0.5767866,-1.717636,0.9553126,1.0,-0.9623274,-0.08172255,-0.2593212,0.0,-0.07998098,0.9966468,-0.01727831,0.0,-0.2598636,-0.004113371,0.9656366,0.0,-0.4441848,1.66867,-1.101736,1.0,0.8620615,0.9813518,0.1782243,0.1263605,0.9758428,0.00240734,-0.001613846,-0.02536311,39.01111,2412.0,0.175,0.104
25.0,0.2931252,0.1666816,1.000076,0.08791302,0.09507883,1.000045,0.1905181,0.1308797,1.000061,-0.9623499,-0.07990718,-0.2598033,0.0,-0.08155739,0.9966587,-0.004439726,0.0,-0.25929,-0.0169163,0.9656515,0.0,-0.5770874,-1.717221,0.9558901,1.0,-0.9623497,-0.08155739,-0.2592899,0.0,-0.07990718,0.9966589,-0.0169163,0.0,-0.2598032,-0.004439727,0.9656512,0.0,-0.4442348,1.668661,-1.101738,1.0,1.0,1.0,0.1789981,0.1260722,0.9757384,0.002405333,-0.001612251,-0.02536311,39.02222,2413.0,0.175,0.104
25.0,0.2935729,0.1666857,0.9999853,0.08881532,0.0947267,1.000033,0.1911957,0.1307071,1.000009,-0.9623104,-0.07983229,-0.259972,0.0,-0.08145976,0.9966664,-0.004525791,0.0,-0.2594667,-0.01682204,0.9656055,0.0,-0.577454,-1.717129,0.9558086,1.0,-0.9623104,-0.08145975,-0.2594666,0.0,-0.07983229,0.9966664,-0.01682204,0.0,-0.259972,-0.004525792,0.9656055,0.0,-0.4442889,1.668692,-1.10165,1.0,0.8739883,0.9956114,0.1796371,0.1258994,0.9756432,0.002402138,-0.001610054,-0.02536438,39.04445,2414.0,0.175,0.104
25.0,0.2936377,0.166924,0.9999979,0.08883317,0.09179528,1.000045,0.1912371,0.1293604,1.000021,-0.962224,-0.07995491,-0.2602542,0.0,-0.08152486,0.9966599,-0.00477491,0.0,-0.2597667,-0.01662265,0.9655284,0.0,-0.5776094,-1.716964,0.9559621,1.0,-0.9622239,-0.08152485,-0.2597667,0.0,-0.07995491,0.9966599,-0.01662266,0.0,-0.2602542,-0.004774909,0.9655284,0.0,-0.4442761,1.668704,-1.101593,1.0,0.8736269,0.9907183,0.179702,0.1246295,0.9757944,0.002402138,-0.001603417,-0.02536508,39.05556,2415.0,0.175,0.104
25.0,0.2935868,0.1676497,0.999956,0.08608332,0.09167291,1.000033,0.1898377,0.1296626,0.9999945,-0.962019,-0.0802924,-0.2609075,0.0,-0.08186041,0.9966319,-0.004870375,0.0,-0.2604198,-0.0166726,0.9653516,0.0,-0.577732,-1.717085,0.9554714,1.0,-0.9620189,-0.08186039,-0.2604197,0.0,-0.08029241,0.9966319,-0.01667259,0.0,-0.2609075,-0.004870372,0.9653513,0.0,-0.4443683,1.668661,-1.101447,1.0,0.8749719,0.9907038,0.1784083,0.1249456,0.9759913,0.002402138,-0.001605209,-0.02538037,39.07778,2416.0,0.175,0.104
25.0,0.2934178,0.1676683,0.9999012,0.08607653,0.09166762,0.9999736,0.1897496,0.1296692,0.9999372,-0.9619366,-0.08034021,-0.261196,0.0,-0.08195694,0.9966247,-0.004715418,0.0,-0.2606932,-0.01687089,0.9652742,0.0,-0.5777342,-1.717376,0.954985,1.0,-0.9619367,-0.08195695,-0.2606932,0.0,-0.08034021,0.9966247,-0.01687089,0.0,-0.261196,-0.004715423,0.9652744,0.0,-0.4442798,1.668733,-1.101408,1.0,1.0,1.0,0.1783364,0.1249601,0.9760026,0.002402138,-0.001605362,-0.02538126,39.08889,2417.0,0.175,0.104
25.0,0.2926286,0.1674618,0.9999593,0.08825567,0.09136189,1.000045,0.1904451,0.1294134,1.000002,-0.9618155,-0.08057242,-0.2615708,0.0,-0.08222271,0.9966031,-0.004647549,0.0,-0.2610568,-0.01703698,0.9651732,0.0,-0.5776744,-1.717598,0.9545066,1.0,-0.9618152,-0.0822227,-0.2610567,0.0,-0.08057242,0.9966032,-0.01703697,0.0,-0.2615708,-0.004647548,0.9651729,0.0,-0.4443361,1.668702,-1.101332,1.0,0.8752985,0.9860721,0.1789705,0.1246984,0.97592,0.002403274,-0.001605919,-0.02538329,39.1,2418.0,0.175,0.104
25.0,0.2933218,0.1693555,0.9999948,0.08799419,0.09029552,1.00008,0.1906608,0.1298271,1.000037,-0.9616622,-0.08067967,-0.2621009,0.0,-0.08236924,0.9965915,-0.004552815,0.0,-0.2615749,-0.01721078,0.9650298,0.0,-0.5779356,-1.717732,0.953694,1.0,-0.961662,-0.08236923,-0.2615748,0.0,-0.08067965,0.9965914,-0.01721078,0.0,-0.2621009,-0.004552814,0.9650297,0.0,-0.4444006,1.668615,-1.10108,1.0,0.8911413,0.9800616,0.1791536,0.1250779,0.9758379,0.002403671,-0.001606804,-0.02538725,39.12222,2419.0,0.175,0.104
25.0,0.2933446,0.1705039,1.000033,0.08567396,0.09027908,1.000058,0.1895102,0.130392,1.000045,-0.9616287,-0.08066989,-0.262227,0.0,-0.08234825,0.996593,-0.004601435,0.0,-0.2617048,-0.01716906,0.9649954,0.0,-0.5780965,-1.717719,0.9536155,1.0,-0.9616284,-0.08234823,-0.2617047,0.0,-0.08066988,0.996593,-0.01716906,0.0,-0.2622269,-0.004601431,0.9649951,0.0,-0.4444185,1.66865,-1.101017,1.0,1.0,1.0,0.1780796,0.1256344,0.9759629,0.002403671,-0.001611191,-0.02538898,39.13334,2420.0,0.175,0.104
25.0,0.2934294,0.1719478,1.00022,0.08567226,0.0924348,1.000133,0.1895478,0.1321896,1.000177,-0.9616699,-0.08077254,-0.2620438,0.0,-0.0822267,0.9965988,-0.005429959,0.0,-0.2615912,-0.01632517,0.9650408,0.0,-0.5781909,-1.716931,0.9550143,1.0,-0.9616697,-0.08222669,-0.2615911,0.0,-0.08077254,0.9965988,-0.01632517,0.0,-0.2620437,-0.005429957,0.9650405,0.0,-0.4444541,1.668735,-1.100906,1.0,1.0,1.0,0.1780539,0.1273008,0.9757517,0.002403671,-0.001610542,-0.02538921,39.15556,2421.0,0.175,0.104
25.0,0.2936999,0.1738161,1.000154,0.08797359,0.09091275,1.00011,0.1908352,0.1323634,1.000132,-0.9616669,-0.08099315,-0.2619865,0.0,-0.08232217,0.9965882,-0.00591753,0.0,-0.2615719,-0.0158766,0.9650534,0.0,-0.5781358,-1.716504,0.955804,1.0,-0.9616669,-0.08232216,-0.2615719,0.0,-0.08099314,0.9965882,-0.0158766,0.0,-0.2619865,-0.00591753,0.9650533,0.0,-0.4445913,1.66871,-1.100878,1.0,0.8752855,0.9892856,0.1792434,0.1274407,0.9755156,0.002403382,-0.001610542,-0.02539147,39.16667,2422.0,0.175,0.104
25.0,0.2948912,0.1740622,1.00002,0.08751416,0.09049509,0.9999557,0.1912004,0.1322774,0.9999881,-0.961821,-0.08123157,-0.2613469,0.0,-0.08248959,0.9965728,-0.00617177,0.0,-0.2609526,-0.01562226,0.9652255,0.0,-0.5772119,-1.716346,0.9567205,1.0,-0.9618207,-0.08248957,-0.2609525,0.0,-0.08123155,0.9965728,-0.01562225,0.0,-0.2613468,-0.006171767,0.965225,0.0,-0.4445599,1.668754,-1.100888,1.0,0.8734424,0.9658141,0.1796098,0.127369,0.9754575,0.00239837,-0.001610542,-0.02539267,39.18889,2423.0,0.175,0.104
25.0,0.2950788,0.1772224,1.000037,0.08765781,0.09075698,0.9999861,0.1913665,0.1339887,1.000011,-0.9618573,-0.0814479,-0.2611453,0.0,-0.08268708,0.9965559,-0.006257901,0.0,-0.2607556,-0.01557414,0.9652792,0.0,-0.5765934,-1.716391,0.9570541,1.0,-0.9618571,-0.08268707,-0.2607556,0.0,-0.08144789,0.9965559,-0.01557414,0.0,-0.2611453,-0.006257901,0.9652793,0.0,-0.4444667,1.668792,-1.100906,1.0,0.8712536,0.9929516,0.1797258,0.1289625,0.9752268,0.002392663,-0.001609703,-0.0253971,39.2,2424.0,0.175,0.104
25.0,0.297149,0.177605,1.000091,0.08662546,0.0895836,1.000059,0.191886,0.1335937,1.000075,-0.9618948,-0.08138551,-0.2610264,0.0,-0.08260353,0.9965624,-0.006320552,0.0,-0.2606435,-0.015482,0.9653109,0.0,-0.5766389,-1.716274,0.9572037,1.0,-0.9618949,-0.08260354,-0.2606435,0.0,-0.08138551,0.9965624,-0.015482,0.0,-0.2610264,-0.006320553,0.9653111,0.0,-0.4444904,1.668792,-1.100868,1.0,0.8787709,0.9926147,0.1802045,0.1285697,0.9751903,0.002389793,-0.001605408,-0.02539857,39.21111,2425.0,0.175,0.104
25.0,0.297522,0.1797867,1.000034,0.08610931,0.0897524,1.000047,0.1918162,0.1347698,1.000041,-0.9619443,-0.08123991,-0.2608893,0.0,-0.08248806,0.9965729,-0.006181043,0.0,-0.2604973,-0.01557443,0.965349,0.0,-0.5767582,-1.716333,0.9569731,1.0,-0.9619443,-0.08248806,-0.2604973,0.0,-0.08123989,0.9965728,-0.01557443,0.0,-0.2608892,-0.006181043,0.9653489,0.0,-0.44458,1.66879,-1.100788,1.0,0.8766108,0.985542,0.1801221,0.1296746,0.9750593,0.002386948,-0.001605408,-0.0254014,39.23333,2426.0,0.175,0.104
25.0,0.2968962,0.177684,1.000131,0.08646223,0.08983605,1.00005,0.1916764,0.1337585,1.00009,-0.9620755,-0.08094101,-0.2604983,0.0,-0.08219939,0.9965973,-0.006078993,0.0,-0.2601039,-0.01556435,0.9654552,0.0,-0.5768117,-1.716238,0.9570733,1.0,-0.9620755,-0.08219939,-0.2601039,0.0,-0.080941,0.9965973,-0.01556435,0.0,-0.2604983,-0.006078993,0.9654551,0.0,-0.4445345,1.668803,-1.100754,1.0,0.8769538,0.9743102,0.1800075,0.1287255,0.9752061,0.002386741,-0.001605408,-0.02540325,39.24445,2427.0,0.175,0.104
25.0,0.297398,0.1785882,1.000158,0.08644925,0.08956963,1.000106,0.1919216,0.1340778,1.000132,-0.9620734,-0.08142743,-0.2603544,0.0,-0.08259821,0.996562,-0.006460219,0.0,-0.2599853,-0.0152896,0.9654917,0.0,-0.5760258,-1.716084,0.9577084,1.0,-0.9620733,-0.08259819,-0.2599853,0.0,-0.08142742,0.9965619,-0.0152896,0.0,-0.2603543,-0.006460216,0.9654914,0.0,-0.4445719,1.668792,-1.100656,1.0,0.885599,0.9860725,0.1802189,0.1290138,0.975129,0.002386741,-0.001605408,-0.02540517,39.26667,2428.0,0.175,0.104
25.0,0.2948646,0.1812783,1.000017,0.08631302,0.08966886,1.000028,0.1905893,0.1354739,1.000022,-0.9620482,-0.08158766,-0.2603974,0.0,-0.0827698,0.9965479,-0.006442002,0.0,-0.2600241,-0.01535553,0.9654801,0.0,-0.5757536,-1.716225,0.9576128,1.0,-0.9620481,-0.0827698,-0.2600241,0.0,-0.08158767,0.996548,-0.01535553,0.0,-0.2603974,-0.006442001,0.9654799,0.0,-0.4445657,1.668814,-1.100619,1.0,0.8859206,0.9739525,0.1789803,0.1303634,0.9751777,0.002386741,-0.00160685,-0.02540267,39.27778,2429.0,0.175,0.104
25.0,0.2930337,0.1830359,0.9999753,0.08673872,0.09093167,0.9999616,0.1898857,0.1369835,0.9999683,-0.9620552,-0.08159454,-0.26037,0.0,-0.08274859,0.996549,-0.006545509,0.0,-0.2600055,-0.01524811,0.9654869,0.0,-0.5757222,-1.716136,0.9578551,1.0,-0.9620547,-0.08274858,-0.2600054,0.0,-0.08159452,0.996549,-0.0152481,0.0,-0.2603699,-0.006545507,0.9654866,0.0,-0.4445069,1.668843,-1.100655,1.0,0.893599,0.9925719,0.1783056,0.1318005,0.9751081,0.002389426,-0.00161084,-0.02540132,39.28889,2430.0,0.175,0.104
25.0,0.2914954,0.1807603,0.9999744,0.08745253,0.09007618,0.9999601,0.1894735,0.135418,0.9999672,-0.961962,-0.08190119,-0.2606178,0.0,-0.08305369,0.9965231,-0.006607201,0.0,-0.2602529,-0.0152894,0.9654195,0.0,-0.5753797,-1.716232,0.9577938,1.0,-0.9619616,-0.08305368,-0.2602527,0.0,-0.08190118,0.9965233,-0.01528939,0.0,-0.2606178,-0.006607197,0.9654194,0.0,-0.4444366,1.668806,-1.100657,1.0,0.9031127,0.9762783,0.1779575,0.1303477,0.975367,0.002393379,-0.001612358,-0.0253999,39.31111,2431.0,0.175,0.104
25.0,0.2698144,0.1923657,0.9999073,0.07940051,0.08017744,0.9999902,0.17461,0.1362738,0.9999487,-0.961852,-0.08196677,-0.2610029,0.0,-0.08313825,0.9965163,-0.006569081,0.0,-0.2606321,-0.01538084,0.9653158,0.0,-0.5756382,-1.716325,0.9574179,1.0,-0.9618517,-0.08313824,-0.260632,0.0,-0.08196677,0.9965164,-0.01538084,0.0,-0.2610028,-0.006569077,0.9653156,0.0,-0.4444714,1.668778,-1.100639,1.0,0.8848706,0.9992477,0.1641386,0.1315192,0.9776304,0.002476257,-0.001651993,-0.02530219,39.32222,2432.0,0.175,0.104
25.0,0.2660815,0.1759843,0.999884,0.07963327,0.08679105,0.9999173,0.1728583,0.1313885,0.9999005,-0.9618751,-0.08167316,-0.2610101,0.0,-0.08297823,0.9965331,-0.006035528,0.0,-0.2605982,-0.01585273,0.9653175,0.0,-0.5757097,-1.716668,0.9565828,1.0,-0.9618745,-0.08297822,-0.260598,0.0,-0.08167314,0.996533,-0.01585273,0.0,-0.26101,-0.006035522,0.965317,0.0,-0.4442886,1.668719,-1.100648,1.0,0.9051261,0.9986375,0.162614,0.1269809,0.9784848,0.002481225,-0.001654541,-0.02529675,39.34444,2433.0,0.175,0.104
25.0,0.2649235,0.1712274,0.9999152,0.07715346,0.088411,0.9999608,0.1710399,0.1298201,0.9999381,-0.9618735,-0.08140038,-0.2611004,0.0,-0.0828083,0.9965496,-0.00562394,0.0,-0.2606573,-0.01621176,0.9652953,0.0,-0.5760272,-1.716928,0.9558294,1.0,-0.9618734,-0.0828083,-0.2606572,0.0,-0.08140038,0.9965496,-0.01621176,0.0,-0.2611003,-0.005623939,0.9652953,0.0,-0.4442565,1.66868,-1.100638,1.0,1.0,1.0,0.160945,0.1255383,0.9789468,0.002485338,-0.001654442,-0.02529376,39.35556,2434.0,0.175,0.104
25.0,0.266793,0.1824453,0.9999524,0.07534747,0.08769591,0.9999757,0.1710709,0.1350712,0.999964,-0.9618912,-0.08124536,-0.2610841,0.0,-0.08273885,0.9965572,-0.005285271,0.0,-0.2606146,-0.01651794,0.9653018,0.0,-0.5761044,-1.71719,0.9552771,1.0,-0.9618908,-0.08273883,-0.2606146,0.0,-0.08124533,0.9965572,-0.01651794,0.0,-0.261084,-0.005285266,0.9653015,0.0,-0.4442556,1.66866,-1.100636,1.0,1.0,1.0,0.1608667,0.1304641,0.9783154,0.00248568,-0.00165342,-0.02529135,39.36667,2435.0,0.175,0.104
25.0,0.2667829,0.1826193,0.9998894,0.07549183,0.08894587,0.9998815,0.1711371,0.1357826,0.9998853,-0.9619325,-0.08077017,-0.2610786,0.0,-0.08240175,0.9965881,-0.004709967,0.0,-0.2605683,-0.01698266,0.965306,0.0,-0.5764173,-1.717595,0.9544479,1.0,-0.9619324,-0.08240175,-0.2605683,0.0,-0.08077017,0.9965882,-0.01698266,0.0,-0.2610786,-0.004709968,0.9653062,0.0,-0.444019,1.668733,-1.1007,1.0,1.0,1.0,0.1609259,0.1311372,0.9782156,0.00248526,-0.001650871,-0.02529335,39.38889,2436.0,0.175,0.104
25.0,0.2660866,0.1799245,1.000067,0.07535748,0.09123708,1.000078,0.1707224,0.135581,1.000073,-0.9619505,-0.08059873,-0.2610654,0.0,-0.0822735,0.9965995,-0.004526176,0.0,-0.2605425,-0.01712481,0.9653106,0.0,-0.5767367,-1.717619,0.9540595,1.0,-0.9619504,-0.08227349,-0.2605424,0.0,-0.08059873,0.9965995,-0.0171248,0.0,-0.2610653,-0.004526174,0.9653104,0.0,-0.4441581,1.668646,-1.100642,1.0,1.0,1.0,0.1605168,0.1309316,0.9783103,0.002484567,-0.001648575,-0.02529523,39.4,2437.0,0.175,0.104
25.0,0.2647933,0.1775966,1.000042,0.07484099,0.09104104,1.00003,0.1698168,0.1343187,1.000036,-0.9620061,-0.08050112,-0.2608911,0.0,-0.08221395,0.9966052,-0.004360185,0.0,-0.2603565,-0.01725437,0.9653585,0.0,-0.5764281,-1.717772,0.9540387,1.0,-0.9620058,-0.08221393,-0.2603564,0.0,-0.08050112,0.9966052,-0.01725437,0.0,-0.2608911,-0.004360182,0.9653584,0.0,-0.4439095,1.66871,-1.100705,1.0,1.0,1.0,0.1597058,0.1297652,0.9785985,0.002484009,-0.001644287,-0.02529695,39.42222,2438.0,0.175,0.104
25.0,0.2646303,0.1764574,1.000038,0.07464525,0.09096231,1.000005,0.1696367,0.1337092,1.000022,-0.9620373,-0.08055221,-0.2607598,0.0,-0.08223925,0.9966027,-0.004453633,0.0,-0.2602327,-0.01716013,0.9653934,0.0,-0.5762312,-1.717678,0.9543054,1.0,-0.9620371,-0.08223924,-0.2602327,0.0,-0.08055219,0.9966025,-0.01716013,0.0,-0.2607598,-0.004453632,0.9653935,0.0,-0.4438741,1.668704,-1.10071,1.0,1.0,1.0,0.1595533,0.1291935,0.9786991,0.002483108,-0.001639069,-0.02529798,39.43333,2439.0,0.175,0.104
25.0,0.2648882,0.1809509,0.9999732,0.07432081,0.09044398,0.9999803,0.1696047,0.1356976,0.9999767,-0.9620858,-0.08036854,-0.2606378,0.0,-0.08206386,0.9966174,-0.00439007,0.0,-0.2601089,-0.01716531,0.9654269,0.0,-0.5762707,-1.717646,0.9543797,1.0,-0.9620855,-0.08206385,-0.2601089,0.0,-0.08036853,0.9966174,-0.01716531,0.0,-0.2606377,-0.00439007,0.9654266,0.0,-0.4437191,1.668735,-1.10076,1.0,1.0,1.0,0.1594902,0.1310586,0.9784613,0.002482688,-0.001633003,-0.02530503,39.45555,2440.0,0.175,0.104
25.0,0.2639964,0.1832439,1.000036,0.07334112,0.09324149,0.9999679,0.1686668,0.1382413,1.000002,-0.9621787,-0.08019613,-0.2603474,0.0,-0.08184896,0.9966345,-0.004505181,0.0,-0.2598325,-0.01697437,0.9655045,0.0,-0.5763193,-1.717376,0.9548527,1.0,-0.9621786,-0.08184897,-0.2598325,0.0,-0.08019613,0.9966347,-0.01697437,0.0,-0.2603474,-0.004505182,0.9655046,0.0,-0.4436557,1.668727,-1.100813,1.0,0.9011981,0.9913279,0.1585633,0.1334539,0.9782881,0.00248056,-0.001628326,-0.02531674,39.46667,2441.0,0.175,0.104
25.0,0.2478997,0.1699654,0.999944,0.07319412,0.09346431,0.9999135,0.1605462,0.1317143,0.9999289,-0.9622726,-0.08009718,-0.2600304,0.0,-0.08174501,0.9966432,-0.004489169,0.0,-0.2595171,-0.01693638,0.96559,0.0,-0.5760165,-1.7174,0.9551741,1.0,-0.9622726,-0.08174501,-0.2595171,0.0,-0.08009718,0.9966432,-0.01693638,0.0,-0.2600304,-0.004489169,0.9655899,0.0,-0.4434696,1.668836,-1.100879,1.0,1.0,1.0,0.151146,0.12749,0.9802557,0.002462524,-0.001627693,-0.02532,39.48889,2442.0,0.175,0.104
25.0,0.2957234,0.1908091,1.000151,0.08709435,0.08542284,1.000072,0.191406,0.1381141,1.000111,-0.962364,-0.07989539,-0.2597553,0.0,-0.08147833,0.9966641,-0.004685521,0.0,-0.2592631,-0.01665524,0.9656633,0.0,-0.5761989,-1.716989,0.9556745,1.0,-0.9623635,-0.0814783,-0.2592629,0.0,-0.07989538,0.996664,-0.01665524,0.0,-0.2597551,-0.004685517,0.9656628,0.0,-0.443451,1.668791,-1.100843,1.0,1.0,1.0,0.1796432,0.1327957,0.9747275,0.002402779,-0.001601761,-0.02540319,39.5,2443.0,0.175,0.104
25.0,0.2922142,0.1951158,0.9999627,0.08700471,0.08532803,0.9999741,0.1896098,0.1402223,0.9999682,-0.9623541,-0.07994036,-0.2597773,0.0,-0.08154436,0.996659,-0.004614482,0.0,-0.2592783,-0.01674261,0.9656576,0.0,-0.5760756,-1.717105,0.9555587,1.0,-0.9623541,-0.08154436,-0.2592782,0.0,-0.07994036,0.9966589,-0.01674261,0.0,-0.2597773,-0.00461448,0.9656574,0.0,-0.4434221,1.668801,-1.100855,1.0,0.890787,0.9837434,0.1779643,0.1348269,0.9747567,0.002406555,-0.001604271,-0.02539303,39.51111,2444.0,0.175,0.104
25.0,0.2897956,0.1916601,1.000035,0.08775221,0.08644801,0.9999955,0.1887726,0.1390531,1.000015,-0.962446,-0.07959987,-0.2595416,0.0,-0.08118841,0.9966881,-0.004611214,0.0,-0.2590491,-0.01663372,0.9657211,0.0,-0.5763462,-1.716847,0.9557244,1.0,-0.9624458,-0.0811884,-0.259049,0.0,-0.07959987,0.9966882,-0.01663372,0.0,-0.2595415,-0.004611216,0.9657207,0.0,-0.4433126,1.668776,-1.100822,1.0,0.8789658,0.9848063,0.1772117,0.1337497,0.9750421,0.002407524,-0.001605011,-0.02539046,39.53333,2445.0,0.175,0.104
25.0,0.294376,0.1924558,0.9999496,0.0867243,0.08639853,0.9999471,0.1905501,0.1394271,0.9999484,-0.9624656,-0.07954993,-0.2594842,0.0,-0.08116711,0.9966904,-0.004493962,0.0,-0.2589829,-0.0167363,0.9657371,0.0,-0.5763101,-1.716955,0.9556215,1.0,-0.9624653,-0.08116709,-0.2589828,0.0,-0.07954993,0.9966905,-0.0167363,0.0,-0.2594841,-0.00449396,0.9657368,0.0,-0.4432935,1.668789,-1.100869,1.0,0.8742628,0.9740778,0.1788497,0.1340697,0.974699,0.002409363,-0.001607803,-0.02538477,39.54445,2446.0,0.175,0.104
1.0,-0.06672266,-0.1563798,0.9999121,-0.2152072,-0.2098446,0.9999299,-0.1409647,-0.1831121,0.9999211,-0.9630128,-0.08194605,-0.2566926,0.0,-0.08520695,0.996362,0.001587333,0.0,-0.2556286,-0.02340062,0.9664918,0.0,-0.5623369,-1.723464,0.9457102,1.0,-0.9630129,-0.08520695,-0.2556287,0.0,-0.08194605,0.9963619,-0.02340061,0.0,-0.2566926,0.001587335,0.9664918,0.0,-0.4400119,1.667777,-1.098101,1.0,1.0,1.0,-0.1386245,-0.1706151,0.9755377,0.004645173,-0.00390023,-0.02477365,51.25556,3191.0,-0.175,-0.246
1.0,-0.06633532,-0.1554837,1.000038,-0.2132562,-0.2092453,1.000058,-0.1397952,-0.1823642,1.000048,-0.9629197,-0.08190854,-0.2570541,0.0,-0.0852402,0.9963588,0.001825163,0.0,-0.2559685,-0.02366882,0.9663955,0.0,-0.5626011,-1.723716,0.9450651,1.0,-0.9629196,-0.08524019,-0.2559685,0.0,-0.08190853,0.9963588,-0.02366882,0.0,-0.257054,0.001825164,0.9663952,0.0,-0.4399939,1.667758,-1.098113,1.0,1.0,1.0,-0.1375328,-0.1699291,0.9758118,0.004644448,-0.003901154,-0.02476959,51.27778,3192.0,-0.175,-0.246
1.0,-0.06851932,-0.155245,1.000062,-0.2149373,-0.2079852,1.000097,-0.1417276,-0.1816147,1.000079,-0.962887,-0.08184405,-0.2571972,0.0,-0.08526365,0.9963561,0.00215173,0.0,-0.2560839,-0.02400144,0.9663566,0.0,-0.5626457,-1.724049,0.9444144,1.0,-0.9628868,-0.08526362,-0.2560838,0.0,-0.08184405,0.996356,-0.02400143,0.0,-0.2571971,0.002151732,0.9663565,0.0,-0.4399666,1.667761,-1.098105,1.0,1.0,1.0,-0.1393504,-0.1691866,0.975683,0.004644448,-0.003902703,-0.02476682,51.28889,3193.0,-0.175,-0.246
1.0,-0.06861007,-0.1550804,1.000035,-0.2156719,-0.2076077,1.000075,-0.1421402,-0.1813435,1.000055,-0.9627161,-0.08206002,-0.257767,0.0,-0.08553602,0.9963325,0.002280494,0.0,-0.2566345,-0.02424383,0.9662044,0.0,-0.5627357,-1.72424,0.9437149,1.0,-0.9627162,-0.08553602,-0.2566345,0.0,-0.08206003,0.9963325,-0.02424383,0.0,-0.257767,0.002280493,0.9662043,0.0,-0.4399874,1.66763,-1.098041,1.0,1.0,1.0,-0.1397455,-0.168929,0.9756711,0.004644303,-0.003905716,-0.02476163,51.31111,3194.0,-0.175,-0.246
1.0,-0.0692389,-0.154966,1.000066,-0.2153568,-0.2071811,1.000077,-0.1422975,-0.1810733,1.000072,-0.9626991,-0.08208472,-0.2578235,0.0,-0.0855746,0.9963291,0.002323982,0.0,-0.2566863,-0.02430044,0.9661895,0.0,-0.5626281,-1.724333,0.9435467,1.0,-0.9626988,-0.08557458,-0.2566862,0.0,-0.08208471,0.9963291,-0.02430043,0.0,-0.2578235,0.002323983,0.9661891,0.0,-0.4399143,1.667664,-1.097965,1.0,1.0,1.0,-0.1398967,-0.1686711,0.9756941,0.004644089,-0.003908585,-0.02475797,51.32222,3195.0,-0.175,-0.246
1.0,-0.0692921,-0.1542218,1.000057,-0.2127254,-0.2058343,1.000085,-0.1410083,-0.1800276,1.000071,-0.9626381,-0.08209299,-0.2580475,0.0,-0.08554415,0.996332,0.002155406,0.0,-0.256924,-0.02414933,0.9661299,0.0,-0.5629364,-1.724188,0.943601,1.0,-0.9626382,-0.08554415,-0.256924,0.0,-0.08209298,0.996332,-0.02414933,0.0,-0.2580475,0.002155404,0.9661298,0.0,-0.439954,1.667674,-1.097911,1.0,1.0,1.0,-0.1387161,-0.1677304,0.9760248,0.00464389,-0.003910523,-0.02475671,51.33334,3196.0,-0.175,-0.246
1.0,-0.06988525,-0.154514,1.000008,-0.2144819,-0.2064314,1.000011,-0.1421835,-0.1804726,1.000009,-0.9626045,-0.08213306,-0.2581601,0.0,-0.0854952,0.9963369,0.001804546,0.0,-0.2570662,-0.02380851,0.9661005,0.0,-0.5631613,-1.723886,0.9440471,1.0,-0.9626046,-0.0854952,-0.2570662,0.0,-0.08213307,0.9963369,-0.02380851,0.0,-0.2581601,0.001804547,0.9661005,0.0,-0.4399745,1.66772,-1.097857,1.0,1.0,1.0,-0.1398122,-0.1681267,0.9758002,0.00464389,-0.003910523,-0.02475262,51.35556,3197.0,-0.175,-0.246
1.0,-0.06979147,-0.1545327,1.000026,-0.2145148,-0.2063349,1.000035,-0.1421529,-0.1804339,1.00003,-0.9625818,-0.08220617,-0.2582226,0.0,-0.08556612,0.9963309,0.001780715,0.0,-0.2571287,-0.02380919,0.966084,0.0,-0.5631027,-1.723935,0.9440174,1.0,-0.9625815,-0.08556611,-0.2571287,0.0,-0.08220616,0.9963309,-0.02380918,0.0,-0.2582225,0.001780716,0.9660837,0.0,-0.4399837,1.667746,-1.097835,1.0,1.0,1.0,-0.1397822,-0.1680883,0.9758111,0.00464389,-0.003910523,-0.02474949,51.36667,3198.0,-0.175,-0.246
1.0,-0.0700306,-0.1547858,0.9999558,-0.2152587,-0.2051813,0.9999104,-0.1426456,-0.179984,0.999933,-0.9625902,-0.08274093,-0.2580196,0.0,-0.08597089,0.9962969,0.001241002,0.0,-0.2569614,-0.02337675,0.9661388,0.0,-0.5622877,-1.723634,0.945035,1.0,-0.9625901,-0.08597088,-0.2569614,0.0,-0.08274093,0.9962968,-0.02337675,0.0,-0.2580196,0.001241004,0.9661389,0.0,-0.4400301,1.667737,-1.097814,1.0,1.0,1.0,-0.140263,-0.1676772,0.9758129,0.004641335,-0.003910607,-0.02474548,51.38889,3199.0,-0.175,-0.246
1.0,-0.07015628,-0.1547354,0.9999381,-0.2155387,-0.2029196,0.999956,-0.1428471,-0.1788272,0.9999472,-0.9625317,-0.08283342,-0.2582083,0.0,-0.0859886,0.9962957,0.0009301798,0.0,-0.2571747,-0.0230983,0.9660889,0.0,-0.5623896,-1.72339,0.9454479,1.0,-0.9625316,-0.0859886,-0.2571747,0.0,-0.08283339,0.9962956,-0.02309829,0.0,-0.2582082,0.0009301815,0.9660888,0.0,-0.4399496,1.667767,-1.097826,1.0,1.0,1.0,-0.1404749,-0.1665999,0.9759669,0.004640563,-0.003910607,-0.02474297,51.4,3200.0,-0.175,-0.246
1.0,-0.07011247,-0.1554884,1.000015,-0.2153754,-0.2031418,1.000009,-0.1427441,-0.1793151,1.000012,-0.9625292,-0.08302479,-0.2581562,0.0,-0.08619761,0.9962776,0.0009760158,0.0,-0.2571142,-0.02319189,0.9661028,0.0,-0.5619676,-1.723572,0.9453968,1.0,-0.9625291,-0.0861976,-0.2571142,0.0,-0.08302478,0.9962776,-0.02319189,0.0,-0.2581562,0.0009760167,0.9661026,0.0,-0.4399492,1.667793,-1.097813,1.0,1.0,1.0,-0.1403574,-0.1670465,0.9759074,0.004638344,-0.003908592,-0.02474082,51.41111,3201.0,-0.175,-0.246
1.0,-0.07049659,-0.1556166,0.9999549,-0.2139951,-0.2031796,0.9999313,-0.1422463,-0.1793983,0.9999431,-0.9625705,-0.08280564,-0.2580723,0.0,-0.08590936,0.9963027,0.0007530013,0.0,-0.2570558,-0.02289565,0.9661254,0.0,-0.562334,-1.723202,0.9458632,1.0,-0.9625703,-0.08590934,-0.2570558,0.0,-0.08280563,0.9963027,-0.02289564,0.0,-0.2580723,0.0007530042,0.9661252,0.0,-0.4398758,1.667808,-1.097827,1.0,1.0,1.0,-0.1398989,-0.1671453,0.9759563,0.00463694,-0.003908592,-0.02473675,51.43333,3202.0,-0.175,-0.246
1.0,-0.06868145,-0.1556058,0.9999539,-0.213184,-0.2024621,0.9999173,-0.1409335,-0.1790343,0.9999356,-0.9626206,-0.08284242,-0.2578737,0.0,-0.08589627,0.9963039,0.0005788999,0.0,-0.2568726,-0.02270764,0.9661787,0.0,-0.5621776,-1.723041,0.9463035,1.0,-0.9626206,-0.08589626,-0.2568725,0.0,-0.08284242,0.9963039,-0.02270764,0.0,-0.2578736,0.0005788981,0.9661782,0.0,-0.4398779,1.667836,-1.097832,1.0,1.0,1.0,-0.1386806,-0.1668385,0.9761827,0.004635376,-0.003909241,-0.02473538,51.44445,3203.0,-0.175,-0.246
1.0,-0.0673604,-0.1560971,1.000006,-0.2133842,-0.2020649,0.9999864,-0.1403727,-0.1790812,0.9999964,-0.9626901,-0.08284408,-0.257613,0.0,-0.08587846,0.9963055,0.0005292306,0.0,-0.2566175,-0.0226329,0.966248,0.0,-0.5620825,-1.722987,0.9465082,1.0,-0.9626902,-0.08587845,-0.2566175,0.0,-0.08284409,0.9963055,-0.0226329,0.0,-0.2576131,0.0005292285,0.966248,0.0,-0.4400178,1.66785,-1.097798,1.0,1.0,1.0,-0.1381474,-0.1668852,0.9762503,0.004634636,-0.003909409,-0.02473153,51.46667,3204.0,-0.175,-0.246
1.0,-0.06751549,-0.155836,0.9999869,-0.2134545,-0.2017821,0.9999814,-0.1404851,-0.178809,0.9999841,-0.9626966,-0.08288229,-0.2575776,0.0,-0.08591785,0.9963021,0.0005318774,0.0,-0.256581,-0.02264255,0.9662577,0.0,-0.561931,-1.723036,0.9465406,1.0,-0.9626962,-0.08591783,-0.2565809,0.0,-0.08288228,0.9963021,-0.02264254,0.0,-0.2575775,0.0005318804,0.9662573,0.0,-0.4399704,1.667881,-1.097796,1.0,1.0,1.0,-0.1382597,-0.1666311,0.9762778,0.004633858,-0.00391153,-0.02472879,51.47778,3205.0,-0.175,-0.246
1.0,-0.0680567,-0.1545162,0.9999629,-0.2133438,-0.2027729,0.9999224,-0.1407011,-0.178645,0.9999427,-0.9627633,-0.08282376,-0.2573464,0.0,-0.0858166,0.9963109,0.0003996687,0.0,-0.256364,-0.02246938,0.9663192,0.0,-0.5618918,-1.722825,0.9469288,1.0,-0.9627631,-0.08581658,-0.2563639,0.0,-0.08282375,0.9963109,-0.02246938,0.0,-0.2573464,0.0003996715,0.9663191,0.0,-0.4399708,1.667871,-1.097795,1.0,1.0,1.0,-0.1384707,-0.1664764,0.9762743,0.004633454,-0.003916801,-0.02472471,51.48889,3206.0,-0.175,-0.246
