flag,xl,yl,zl,xr,yr,zr,xc,yc,zc,mat_00,mat_10,mat_20,mat_30,mat_01,mat_11,mat_21,mat_31,mat_02,mat_12,mat_22,mat_32,mat_03,mat_13,mat_23,mat_33,ctw_00,ctw_10,ctw_20,ctw_30,ctw_01,ctw_11,ctw_21,ctw_31,ctw_02,ctw_12,ctw_22,ctw_32,ctw_03,ctw_13,ctw_23,ctw_33,opennessl,opennessr,ray_x,ray_y,ray_z,eye_x,eye_y,eye_z,time,frame,u,v
25.0,0.2149361,0.07464594,0.9997095,0.08642101,0.05980991,0.9997407,0.1506791,0.06722794,0.9997251,-0.9598945,-0.05893041,0.2740985,0.0,-0.03568922,0.9953901,0.08902224,0.0,0.2780811,-0.07566959,0.9575727,0.0,-0.1147762,-1.834072,0.8545392,1.0,-0.9598942,-0.03568922,0.2780809,0.0,-0.05893039,0.99539,-0.07566956,0.0,0.2740984,0.08902222,0.9575723,0.0,-0.4524835,1.745448,-0.9251495,1.0,1.0,1.0,0.1453793,0.06999528,0.9868969,0.0003811037,-0.005135689,-0.02056198,69.56667,4367.0,0.175,0.104
25.0,0.2154078,0.07537989,0.9998133,0.08701918,0.06008691,0.9998161,0.1512135,0.06773335,0.9998148,-0.9599007,-0.058883,0.2740865,0.0,-0.03559415,0.995379,0.08918373,0.0,0.2780713,-0.07585164,0.9575609,0.0,-0.1147923,-1.83417,0.854415,1.0,-0.9599007,-0.03559415,0.2780713,0.0,-0.05888301,0.995379,-0.07585165,0.0,0.2740865,0.08918373,0.9575609,0.0,-0.4523742,1.745408,-0.9253587,1.0,1.0,1.0,0.1458687,0.07047007,0.9867909,0.0003800197,-0.005135689,-0.02056198,69.57778,4368.0,0.175,0.104
25.0,0.2146221,0.07534838,0.9997602,0.0882374,0.06006075,0.9997616,0.1514298,0.06770462,0.9997609,-0.9598893,-0.05900472,0.2741006,0.0,-0.035592,0.9953397,0.08962172,0.0,0.2781114,-0.07627113,0.957516,0.0,-0.1146618,-1.834548,0.8538312,1.0,-0.9598891,-0.035592,0.2781113,0.0,-0.05900473,0.9953398,-0.07627114,0.0,0.2741007,0.08962173,0.957516,0.0,-0.4523453,1.745396,-0.9255913,1.0,1.0,1.0,0.1460834,0.07044391,0.986761,0.0003776094,-0.005135689,-0.02056198,69.58889,4369.0,0.175,0.104
25.0,0.2167799,0.0756736,0.9998193,0.08752123,0.05991882,0.9998156,0.1521505,0.0677962,0.9998174,-0.9599024,-0.05886134,0.2740857,0.0,-0.03538561,0.9953288,0.08982469,0.0,0.2780925,-0.07652424,0.9575014,0.0,-0.1149074,-1.834646,0.8538014,1.0,-0.9599023,-0.0353856,0.2780925,0.0,-0.05886133,0.9953288,-0.07652422,0.0,0.2740856,0.08982467,0.957501,0.0,-0.4523042,1.745317,-0.9259557,1.0,1.0,1.0,0.1467612,0.07051855,0.9866551,0.0003722534,-0.005133294,-0.02056671,69.61111,4370.0,0.175,0.104
25.0,0.2169761,0.07639802,0.9997805,0.08702561,0.05991702,0.9997965,0.1520011,0.06815766,0.9997886,-0.9599309,-0.05891673,0.2739743,0.0,-0.03542362,0.9953185,0.08992338,0.0,0.2779897,-0.07661505,0.9575239,0.0,-0.1148911,-1.834732,0.8537878,1.0,-0.9599304,-0.03542361,0.2779896,0.0,-0.05891672,0.9953185,-0.07661505,0.0,0.2739742,0.08992337,0.9575238,0.0,-0.4522996,1.745297,-0.9261517,1.0,1.0,1.0,0.1466234,0.07086597,0.9866506,0.0003662333,-0.005130616,-0.02058502,69.62222,4371.0,0.175,0.104
25.0,0.2160963,0.07583722,0.9998574,0.08703092,0.06009472,0.9998482,0.1515634,0.06796584,0.9998527,-0.9599401,-0.05885614,0.2739547,0.0,-0.0353248,0.9953103,0.09005297,0.0,0.2779701,-0.07676805,0.9575173,0.0,-0.1150389,-1.834806,0.8538719,1.0,-0.9599399,-0.0353248,0.2779701,0.0,-0.05885614,0.9953103,-0.07676805,0.0,0.2739547,0.09005297,0.9575173,0.0,-0.4523422,1.745244,-0.9264743,1.0,1.0,1.0,0.1462032,0.07067885,0.9867265,0.0003640288,-0.0051288,-0.02059079,69.64445,4372.0,0.175,0.104
25.0,0.2137137,0.07572296,0.9997944,0.08711064,0.06070829,0.9998019,0.1504124,0.06821581,0.9997981,-0.9599591,-0.05878188,0.2739039,0.0,-0.03521902,0.9953038,0.09016674,0.0,0.2779177,-0.07690976,0.9575212,0.0,-0.1152875,-1.834869,0.8538411,1.0,-0.9599589,-0.03521901,0.2779177,0.0,-0.05878188,0.9953037,-0.07690975,0.0,0.2739038,0.09016673,0.957521,0.0,-0.4523987,1.745204,-0.9266497,1.0,1.0,1.0,0.145117,0.07090965,0.9868702,0.0003586197,-0.005106453,-0.02064355,69.65556,4373.0,0.175,0.104
25.0,0.213379,0.07601058,0.9998319,0.08680633,0.06048723,0.9998212,0.1500925,0.06824879,0.9998266,-0.9599303,-0.05893017,0.273973,0.0,-0.03524356,0.9952643,0.0905919,0.0,0.2780142,-0.07730611,0.9574612,0.0,-0.1151798,-1.835192,0.8534494,1.0,-0.9599302,-0.03524356,0.2780141,0.0,-0.05893017,0.9952642,-0.07730611,0.0,0.273973,0.09059189,0.9574611,0.0,-0.4525348,1.745126,-0.9269946,1.0,1.0,1.0,0.1448104,0.07094084,0.986913,0.0003573988,-0.005105286,-0.02064803,69.67778,4374.0,0.175,0.104
25.0,0.2132141,0.07533746,0.9997883,0.08722672,0.06121951,0.9998277,0.150221,0.06827851,0.9998081,-0.9600095,-0.05896282,0.2736885,0.0,-0.03520036,0.9952341,0.09093963,0.0,0.2777462,-0.07766895,0.9575096,0.0,-0.1155801,-1.835494,0.8528851,1.0,-0.9600093,-0.03520036,0.2777461,0.0,-0.05896281,0.9952341,-0.07766895,0.0,0.2736885,0.0909396,0.9575095,0.0,-0.4526087,1.745117,-0.9271047,1.0,1.0,1.0,0.1449341,0.07096621,0.986893,0.0003567506,-0.005101685,-0.02065594,69.68889,4375.0,0.175,0.104
25.0,0.2131914,0.07478139,0.9997953,0.0717054,0.0393477,0.999803,0.1424485,0.05706461,0.9997991,-0.9600123,-0.05892212,0.2736874,0.0,-0.03507823,0.9952132,0.09121555,0.0,0.2777519,-0.07796757,0.9574838,0.0,-0.1159306,-1.83567,0.8525665,1.0,-0.960012,-0.03507822,0.2777518,0.0,-0.05892211,0.9952132,-0.07796756,0.0,0.2736873,0.09121554,0.9574835,0.0,-0.452793,1.745049,-0.9272412,1.0,1.0,1.0,0.1376007,0.05989644,0.9886751,0.0003130492,-0.004805909,-0.02145914,69.7,4376.0,0.175,0.104
25.0,0.213048,0.07498896,0.9997879,0.07168412,0.04124005,0.9998109,0.1423666,0.05811476,0.9997993,-0.9600581,-0.05915222,0.2734773,0.0,-0.03518902,0.9951631,0.09171734,0.0,0.2775798,-0.07843056,0.9574959,0.0,-0.1158054,-1.836193,0.8519269,1.0,-0.9600578,-0.03518901,0.2775797,0.0,-0.0591522,0.9951631,-0.07843054,0.0,0.2734772,0.09171732,0.9574956,0.0,-0.4527773,1.7451,-0.9275846,1.0,1.0,1.0,0.1375129,0.06090577,0.9886257,0.0003121411,-0.004802773,-0.02147554,69.72222,4377.0,0.175,0.104
25.0,0.2130252,0.07468689,0.9999484,0.07168427,0.04168756,0.9999415,0.1423545,0.05818705,0.9999449,-0.9600214,-0.05948771,0.273533,0.0,-0.03551501,0.9951462,0.09177614,0.0,0.2776648,-0.07839253,0.9574742,0.0,-0.1149613,-1.836233,0.85189,1.0,-0.9600214,-0.035515,0.2776648,0.0,-0.05948771,0.9951462,-0.07839252,0.0,0.2735329,0.09177613,0.9574741,0.0,-0.4526185,1.745054,-0.9276888,1.0,1.0,1.0,0.1374804,0.06096389,0.9886266,0.0003120955,-0.00480053,-0.02148495,69.73334,4378.0,0.175,0.104
25.0,0.2128882,0.0751817,0.9999617,0.07177004,0.04064392,0.9999086,0.1423281,0.05791246,0.9999352,-0.9598379,-0.06058662,0.2739357,0.0,-0.03655817,0.9950887,0.09198929,0.0,0.2781636,-0.0782802,0.9573387,0.0,-0.1126662,-1.836456,0.8517797,1.0,-0.9598376,-0.03655817,0.2781636,0.0,-0.06058661,0.9950887,-0.0782802,0.0,0.2739356,0.09198928,0.9573385,0.0,-0.4527386,1.744963,-0.92786,1.0,1.0,1.0,0.1374593,0.06069442,0.9886461,0.0003101807,-0.00479512,-0.02149758,69.75555,4379.0,0.175,0.104
25.0,0.2130142,0.07556249,0.9999024,0.07148162,0.03996395,0.9998969,0.1422478,0.05776303,0.9998996,-0.9598016,-0.06096282,0.2739792,0.0,-0.03693306,0.9950712,0.09202862,0.0,0.2782392,-0.07821031,0.9573225,0.0,-0.1119494,-1.83653,0.8518209,1.0,-0.9598014,-0.03693307,0.2782391,0.0,-0.06096281,0.9950712,-0.07821031,0.0,0.2739792,0.09202861,0.9573222,0.0,-0.4527904,1.744951,-0.927954,1.0,1.0,1.0,0.1373874,0.0605462,0.9886652,0.0003094487,-0.004789238,-0.02151364,69.76667,4380.0,0.175,0.104
25.0,0.2129177,0.0749872,0.9998702,0.07065505,0.03956562,0.9998574,0.1417861,0.05727634,0.9998637,-0.9597596,-0.06093118,0.2741339,0.0,-0.03677555,0.9950414,0.09241243,0.0,0.2784054,-0.07861228,0.9572413,0.0,-0.1121317,-1.83685,0.851287,1.0,-0.9597591,-0.03677554,0.2784052,0.0,-0.06093117,0.9950414,-0.07861227,0.0,0.2741338,0.09241242,0.957241,0.0,-0.4529073,1.744949,-0.9280677,1.0,1.0,1.0,0.1369558,0.060073,0.988754,0.0003082734,-0.004780876,-0.02153431,69.77778,4381.0,0.175,0.104
25.0,0.2129703,0.07520581,0.9999478,0.07097965,0.03983907,0.9999171,0.1419743,0.05752219,0.9999326,-0.9596698,-0.06053087,0.274536,0.0,-0.03621199,0.9950256,0.09280468,0.0,0.2787879,-0.07912035,0.957088,0.0,-0.1127472,-1.837093,0.8509086,1.0,-0.9596697,-0.03621199,0.2787878,0.0,-0.06053087,0.9950256,-0.07912034,0.0,0.274536,0.09280467,0.9570879,0.0,-0.4530059,1.744903,-0.9283132,1.0,1.0,1.0,0.1371227,0.06030175,0.9887169,0.0003080824,-0.004777764,-0.02154471,69.8,4382.0,0.175,0.104
25.0,0.2128932,0.07519725,0.9999613,0.07073992,0.03911572,0.9999114,0.1418156,0.05715591,0.9999365,-0.9595723,-0.06046813,0.2748903,0.0,-0.0360854,0.9950203,0.0929115,0.0,0.2791396,-0.07923576,0.9569758,0.0,-0.1126039,-1.837131,0.8508902,1.0,-0.9595721,-0.03608539,0.2791396,0.0,-0.06046813,0.9950202,-0.07923577,0.0,0.2748903,0.0929115,0.9569759,0.0,-0.4530409,1.744862,-0.9284157,1.0,1.0,1.0,0.1369716,0.05993777,0.98876,0.0003074417,-0.004767387,-0.02157035,69.81111,4383.0,0.175,0.104
25.0,0.2127167,0.07535469,0.9999794,0.07041028,0.03845292,0.9999491,0.1415629,0.05690342,0.9999643,-0.9594377,-0.06047674,0.2753576,0.0,-0.03613919,0.9950454,0.09262066,0.0,0.2795947,-0.07891256,0.9568697,0.0,-0.112197,-1.836989,0.8516968,1.0,-0.9594377,-0.03613919,0.2795947,0.0,-0.06047674,0.9950454,-0.07891256,0.0,0.2753575,0.09262066,0.9568697,0.0,-0.4532623,1.744948,-0.9285547,1.0,1.0,1.0,0.1367279,0.05968824,0.9888088,0.0003067246,-0.004761757,-0.02159275,69.83334,4384.0,0.175,0.104
25.0,0.2125041,0.0740996,1.000064,0.06994268,0.0386578,1.000019,0.1412224,0.05637836,1.000041,-0.9593624,-0.06058773,0.2755958,0.0,-0.03633621,0.9950708,0.09227093,0.0,0.2798278,-0.07850714,0.9568349,0.0,-0.1116498,-1.836709,0.8523935,1.0,-0.9593623,-0.03633622,0.2798278,0.0,-0.06058773,0.9950707,-0.07850715,0.0,0.2755958,0.09227093,0.9568349,0.0,-0.4533108,1.744947,-0.9285519,1.0,1.0,1.0,0.1363986,0.05917933,0.9888849,0.000307099,-0.00476075,-0.02158958,69.84444,4385.0,0.175,0.104
25.0,0.2115943,0.07461045,0.9999635,0.06825036,0.03806357,0.9999523,0.1399221,0.05633695,0.999958,-0.9593389,-0.06046248,0.2757055,0.0,-0.03627481,0.9950976,0.09200485,0.0,0.2799168,-0.07826266,0.9568291,0.0,-0.1116962,-1.83657,0.8530151,1.0,-0.9593386,-0.0362748,0.2799166,0.0,-0.06046248,0.9950977,-0.07826264,0.0,0.2757054,0.09200485,0.9568288,0.0,-0.4533789,1.745033,-0.9286585,1.0,1.0,1.0,0.1351772,0.0591621,0.9890535,0.0003073653,-0.004767685,-0.02156382,69.86667,4386.0,0.175,0.104
25.0,0.2120116,0.07394192,0.9999458,0.06755772,0.03935495,0.9999615,0.139785,0.05664868,0.9999536,-0.9593794,-0.06043715,0.2755699,0.0,-0.03631628,0.9951138,0.09181248,0.0,0.2797723,-0.07807532,0.9568865,0.0,-0.1116585,-1.836463,0.8533784,1.0,-0.9593792,-0.03631629,0.2797722,0.0,-0.06043713,0.9951138,-0.07807531,0.0,0.2755698,0.09181247,0.9568864,0.0,-0.4532787,1.745084,-0.9287296,1.0,1.0,1.0,0.1350438,0.05947002,0.9890533,0.0003100578,-0.004773003,-0.02155267,69.87778,4387.0,0.175,0.104
25.0,0.2109584,0.07368775,0.9999228,0.06617963,0.03924355,0.9999406,0.1385695,0.05646578,0.9999316,-0.9594016,-0.060659,0.2754439,0.0,-0.03657124,0.995109,0.09176394,0.0,0.279663,-0.07796513,0.9569275,0.0,-0.1113411,-1.836477,0.8534964,1.0,-0.9594012,-0.03657124,0.2796629,0.0,-0.06065898,0.995109,-0.07796512,0.0,0.2754437,0.09176392,0.9569272,0.0,-0.4533099,1.745102,-0.9287771,1.0,1.0,1.0,0.1338929,0.05930978,0.9892195,0.0003115609,-0.004778069,-0.02153522,69.88889,4388.0,0.175,0.104
25.0,0.2115569,0.073724,0.9999459,0.06659541,0.04088763,0.9999692,0.1390768,0.05730607,0.9999576,-0.9594694,-0.06085592,0.2751636,0.0,-0.03678256,0.995096,0.0918208,0.0,0.279402,-0.07797802,0.9570025,0.0,-0.1110742,-1.836554,0.8533542,1.0,-0.9594693,-0.03678255,0.2794021,0.0,-0.06085592,0.995096,-0.07797804,0.0,0.2751637,0.09182081,0.9570027,0.0,-0.4531495,1.745106,-0.9288388,1.0,1.0,1.0,0.1343574,0.06012907,0.989107,0.0003219368,-0.004791123,-0.02152171,69.91111,4389.0,0.175,0.104
25.0,0.2093837,0.07251519,0.9999536,0.06816262,0.04292714,0.9999554,0.1387732,0.05772116,0.9999545,-0.9594481,-0.06118357,0.2751658,0.0,-0.03709247,0.995075,0.09192262,0.0,0.2794348,-0.07798839,0.9569923,0.0,-0.1104837,-1.836678,0.8532088,1.0,-0.9594479,-0.03709246,0.2794347,0.0,-0.06118357,0.9950751,-0.07798839,0.0,0.2751657,0.09192262,0.9569921,0.0,-0.4531517,1.745106,-0.9288806,1.0,1.0,1.0,0.1340718,0.06056819,0.9891189,0.0003277361,-0.004823608,-0.02143103,69.92223,4390.0,0.175,0.104
25.0,0.2088415,0.07135759,0.9999313,0.06942523,0.04317031,0.9999397,0.1391335,0.05726407,0.9999354,-0.9594756,-0.06138512,0.2750247,0.0,-0.03724797,0.9950485,0.09214686,0.0,0.2793194,-0.07816854,0.9570113,0.0,-0.1102738,-1.836876,0.8528585,1.0,-0.9594754,-0.03724797,0.2793193,0.0,-0.06138511,0.9950485,-0.07816853,0.0,0.2750247,0.09214684,0.957011,0.0,-0.453119,1.745085,-0.9289793,1.0,1.0,1.0,0.1344244,0.0601482,0.9890967,0.0003311466,-0.00484372,-0.02137312,69.94444,4391.0,0.175,0.104
25.0,0.2084793,0.07151525,0.9999932,0.06962571,0.04465071,0.9999981,0.1390526,0.05808304,0.9999956,-0.9594991,-0.06126865,0.274969,0.0,-0.03718373,0.9950674,0.09196921,0.0,0.2792475,-0.07801998,0.9570444,0.0,-0.1104366,-1.836692,0.8531792,1.0,-0.9594988,-0.03718372,0.2792475,0.0,-0.06126864,0.9950674,-0.07801998,0.0,0.274969,0.09196921,0.9570442,0.0,-0.4530932,1.74506,-0.9289898,1.0,1.0,1.0,0.134334,0.06094434,0.9890602,0.0003316803,-0.004851799,-0.02136246,69.95556,4392.0,0.175,0.104
25.0,0.2071326,0.07187293,0.9999329,0.0688062,0.04296327,0.9999487,0.1379698,0.05741823,0.9999408,-0.959537,-0.06118283,0.2748553,0.0,-0.03711696,0.9950739,0.09192596,0.0,0.2791257,-0.07800456,0.9570811,0.0,-0.1106896,-1.836658,0.8532822,1.0,-0.9595369,-0.03711696,0.2791257,0.0,-0.06118282,0.9950739,-0.07800456,0.0,0.2748553,0.09192596,0.9570811,0.0,-0.4531118,1.745063,-0.9290317,1.0,1.0,1.0,0.133316,0.06030801,0.989237,0.0003307955,-0.004845932,-0.02137266,69.96667,4393.0,0.175,0.104
25.0,0.2071468,0.07178375,1.000025,0.06842807,0.04166277,0.9999939,0.1377867,0.05672301,1.000009,-0.9595085,-0.06125925,0.2749381,0.0,-0.03739478,0.9951283,0.0912213,0.0,0.2791868,-0.07724635,0.9571249,0.0,-0.1102118,-1.836068,0.8546304,1.0,-0.9595083,-0.03739477,0.2791867,0.0,-0.06125923,0.9951282,-0.07724632,0.0,0.274938,0.09122126,0.9571244,0.0,-0.4531956,1.745041,-0.9290473,1.0,1.0,1.0,0.1331371,0.05962552,0.9893024,0.0003292384,-0.004837815,-0.02139659,69.98889,4394.0,0.175,0.104
25.0,0.2068257,0.07088041,0.9999667,0.06807414,0.04082727,0.9999639,0.1374499,0.05585383,0.9999652,-0.9594936,-0.06149711,0.274937,0.0,-0.03768455,0.9951308,0.09107392,0.0,0.2791991,-0.07702396,0.9571393,0.0,-0.109905,-1.835957,0.8549422,1.0,-0.9594933,-0.03768455,0.279199,0.0,-0.06149711,0.9951308,-0.07702395,0.0,0.274937,0.09107391,0.9571388,0.0,-0.4534143,1.745013,-0.9290257,1.0,1.0,1.0,0.1328304,0.05879251,0.9893935,0.0003282847,-0.00483825,-0.02139205,70.0,4395.0,0.175,0.104
25.0,0.2067148,0.07116554,0.9999491,0.06908646,0.04065944,0.9999593,0.1379008,0.05591263,0.9999542,-0.9594376,-0.06192525,0.2750363,0.0,-0.03817085,0.9951282,0.09090079,0.0,0.2793254,-0.07671526,0.9571271,0.0,-0.1089938,-1.835948,0.8552991,1.0,-0.9594374,-0.03817085,0.2793254,0.0,-0.06192524,0.9951282,-0.07671525,0.0,0.2750362,0.09090079,0.957127,0.0,-0.4535024,1.745096,-0.9290303,1.0,1.0,1.0,0.1332602,0.05884611,0.9893326,0.0003282847,-0.004838623,-0.02139205,70.02222,4396.0,0.175,0.104
25.0,0.20677,0.07128444,1.00009,0.07035971,0.04090091,1.000057,0.1385641,0.05609246,1.000073,-0.9593621,-0.06218594,0.2752404,0.0,-0.03848042,0.9951338,0.09070863,0.0,0.2795418,-0.07643105,0.9570866,0.0,-0.1082428,-1.835763,0.8556552,1.0,-0.959362,-0.03848042,0.2795418,0.0,-0.06218595,0.9951338,-0.07643107,0.0,0.2752404,0.09070863,0.9570866,0.0,-0.4535135,1.745049,-0.9289871,1.0,1.0,1.0,0.1338773,0.05901881,0.9892389,0.0003293529,-0.004847908,-0.02136391,70.03333,4397.0,0.175,0.104
25.0,0.209906,0.07631857,1.000044,0.06978744,0.04138346,1.000013,0.1398461,0.05885081,1.000029,-0.9592624,-0.06243361,0.275532,0.0,-0.03870271,0.9951219,0.09074446,0.0,0.2798534,-0.0763839,0.9569993,0.0,-0.1076932,-1.835826,0.8556436,1.0,-0.9592623,-0.0387027,0.2798534,0.0,-0.06243361,0.9951219,-0.0763839,0.0,0.275532,0.09074444,0.9569992,0.0,-0.4536804,1.745057,-0.9289395,1.0,1.0,1.0,0.1350903,0.06173097,0.9889084,0.0003348691,-0.004900696,-0.02124195,70.05556,4398.0,0.175,0.104
25.0,0.2103845,0.07586935,1.000007,0.071289,0.04173599,0.9999961,0.1408367,0.05880266,1.000002,-0.959221,-0.06263314,0.2756305,0.0,-0.03886553,0.9951043,0.09086759,0.0,0.2799724,-0.07644957,0.9569591,0.0,-0.1073273,-1.835965,0.8554429,1.0,-0.9592211,-0.03886552,0.2799724,0.0,-0.06263314,0.9951042,-0.07644957,0.0,0.2756305,0.09086758,0.9569592,0.0,-0.4537289,1.745073,-0.928934,1.0,1.0,1.0,0.136038,0.06168876,0.9887811,0.0003371658,-0.004909905,-0.02120464,70.06667,4399.0,0.175,0.104
25.0,0.2107698,0.07544984,1.00001,0.07290915,0.04411486,0.9999969,0.1418391,0.05978227,1.000004,-0.9591746,-0.06287533,0.275737,0.0,-0.03908522,0.9950886,0.0909453,0.0,0.280101,-0.07645517,0.9569212,0.0,-0.1068538,-1.83605,0.8553287,1.0,-0.9591744,-0.03908521,0.2801009,0.0,-0.06287532,0.9950886,-0.07645516,0.0,0.275737,0.09094528,0.956921,0.0,-0.4537795,1.745068,-0.9289278,1.0,1.0,1.0,0.1369883,0.06266213,0.9885888,0.0003421251,-0.004942734,-0.0211229,70.07778,4400.0,0.175,0.104
25.0,0.210246,0.07538801,1.000037,0.07210231,0.04379591,1.000028,0.1411739,0.05959184,1.000032,-0.9590963,-0.06317174,0.2759416,0.0,-0.03937224,0.9950762,0.09095739,0.0,0.2803288,-0.07637244,0.9568611,0.0,-0.1061084,-1.836066,0.8553109,1.0,-0.9590961,-0.03937224,0.2803288,0.0,-0.06317173,0.9950762,-0.07637244,0.0,0.2759416,0.09095737,0.9568609,0.0,-0.4537714,1.745051,-0.9288931,1.0,1.0,1.0,0.136356,0.06248757,0.9886872,0.0003424687,-0.004947152,-0.02110543,70.1,4401.0,0.175,0.104
25.0,0.2096359,0.07640952,1.000021,0.0724203,0.04516938,1.000007,0.1410278,0.06078913,1.000014,-0.9590732,-0.06317072,0.276022,0.0,-0.03939691,0.9950853,0.09084684,0.0,0.2804043,-0.07625436,0.9568484,0.0,-0.106007,-1.835999,0.855532,1.0,-0.9590732,-0.03939691,0.2804043,0.0,-0.06317071,0.9950853,-0.07625435,0.0,0.276022,0.09084684,0.9568482,0.0,-0.4537955,1.745077,-0.9288923,1.0,1.0,1.0,0.1362128,0.06366858,0.9886315,0.0003456036,-0.004969132,-0.0210547,70.11111,4402.0,0.175,0.104
25.0,0.2099719,0.07695809,1.000032,0.07165939,0.04420705,1.000032,0.1408156,0.06058262,1.000032,-0.9590815,-0.06311613,0.2760057,0.0,-0.039365,0.9950938,0.09076707,0.0,0.2803804,-0.07618804,0.9568607,0.0,-0.1060715,-1.835914,0.8556448,1.0,-0.9590814,-0.039365,0.2803804,0.0,-0.06311612,0.9950938,-0.07618804,0.0,0.2760056,0.09076706,0.9568605,0.0,-0.4537697,1.745067,-0.928867,1.0,1.0,1.0,0.1360105,0.06347799,0.9886717,0.0003476944,-0.004975914,-0.02104151,70.12222,4403.0,0.175,0.104
25.0,0.2106208,0.07699203,0.9999988,0.07122758,0.04363865,1.000006,0.1409244,0.06031546,1.000002,-0.9590832,-0.06321239,0.2759779,0.0,-0.0394219,0.9950775,0.09092159,0.0,0.2803667,-0.07632179,0.9568541,0.0,-0.1061186,-1.836013,0.8553843,1.0,-0.959083,-0.03942189,0.2803667,0.0,-0.06321237,0.9950774,-0.07632177,0.0,0.2759778,0.09092157,0.9568538,0.0,-0.4539024,1.745019,-0.9288535,1.0,1.0,1.0,0.1361191,0.06322296,0.9886731,0.0003491212,-0.004977616,-0.02103592,70.14445,4404.0,0.175,0.104
25.0,0.2113982,0.07592127,0.9999445,0.07112789,0.04363594,0.9999658,0.1412635,0.05977881,0.9999551,-0.9591132,-0.06333616,0.2758448,0.0,-0.03953853,0.9950657,0.09099944,0.0,0.2802472,-0.07637227,0.956885,0.0,-0.1062304,-1.836112,0.8552379,1.0,-0.9591132,-0.03953853,0.2802472,0.0,-0.06333616,0.9950657,-0.07637227,0.0,0.2758448,0.09099942,0.9568849,0.0,-0.4540921,1.745025,-0.9288215,1.0,1.0,1.0,0.1364512,0.0627089,0.98866,0.0003512353,-0.004980637,-0.02102799,70.15556,4405.0,0.175,0.104
25.0,0.2107118,0.07662986,0.9999852,0.07129005,0.04439143,0.9999903,0.141001,0.06051064,0.9999877,-0.9591829,-0.06318677,0.2756371,0.0,-0.03942189,0.995077,0.09092717,0.0,0.2800256,-0.07634963,0.9569517,0.0,-0.1066574,-1.836098,0.8552474,1.0,-0.9591827,-0.03942189,0.2800255,0.0,-0.06318676,0.995077,-0.07634964,0.0,0.2756371,0.09092716,0.9569516,0.0,-0.454059,1.745089,-0.9287491,1.0,1.0,1.0,0.1361928,0.06342472,0.98865,0.0003523557,-0.004989487,-0.02100759,70.17778,4406.0,0.175,0.104
25.0,0.2098992,0.07657242,1.000002,0.07125095,0.04537939,1.00001,0.1405751,0.06097608,1.000006,-0.9592072,-0.06317744,0.2755544,0.0,-0.03948273,0.9950944,0.09070952,0.0,0.2799334,-0.07612959,0.9569962,0.0,-0.1066574,-1.835914,0.8556242,1.0,-0.9592072,-0.03948273,0.2799334,0.0,-0.06317745,0.9950944,-0.07612959,0.0,0.2755544,0.09070952,0.9569961,0.0,-0.4540659,1.745084,-0.9287395,1.0,1.0,1.0,0.1357805,0.06388514,0.988677,0.0003561713,-0.004998131,-0.02098776,70.18889,4407.0,0.175,0.104
25.0,0.2102003,0.07619051,0.9999671,0.071217,0.0446696,0.9999847,0.140709,0.06043025,0.999976,-0.9592503,-0.06297738,0.2754507,0.0,-0.03925082,0.9950933,0.09082211,0.0,0.2798189,-0.07630945,0.9570155,0.0,-0.1072048,-1.835978,0.8554019,1.0,-0.9592499,-0.03925082,0.2798188,0.0,-0.06297736,0.9950933,-0.07630943,0.0,0.2754506,0.09082209,0.957015,0.0,-0.4540822,1.745072,-0.928737,1.0,1.0,1.0,0.1359128,0.06335229,0.9886932,0.0003575515,-0.004991394,-0.02100525,70.2,4408.0,0.175,0.104
25.0,0.2096298,0.07559709,1.000021,0.07051146,0.04444917,1.000039,0.140071,0.06002308,1.00003,-0.9593679,-0.06285879,0.2750675,0.0,-0.03923742,0.9951182,0.09055523,0.0,0.2794169,-0.07608283,0.9571508,0.0,-0.1075556,-1.835789,0.8557879,1.0,-0.9593678,-0.03923742,0.2794169,0.0,-0.06285878,0.9951181,-0.07608283,0.0,0.2750675,0.09055522,0.9571508,0.0,-0.4539803,1.745111,-0.9287372,1.0,1.0,1.0,0.1353014,0.06296147,0.988802,0.000358833,-0.004991394,-0.02100525,70.22222,4409.0,0.175,0.104
25.0,0.2092666,0.07551426,0.999921,0.0713658,0.04588518,0.9999692,0.1403172,0.06069998,0.999945,-0.9594629,-0.06280194,0.2747488,0.0,-0.03917225,0.9951106,0.09066669,0.0,0.2790995,-0.07622879,0.9572318,0.0,-0.1078967,-1.835884,0.8555259,1.0,-0.9594629,-0.03917224,0.2790995,0.0,-0.06280194,0.9951106,-0.0762288,0.0,0.2747488,0.09066668,0.9572318,0.0,-0.4538746,1.745114,-0.92877,1.0,1.0,1.0,0.1355427,0.06363361,0.988726,0.0003611604,-0.005005745,-0.02097441,70.23334,4410.0,0.175,0.104
25.0,0.2093425,0.07545657,0.9999818,0.07178169,0.04674399,1.000006,0.1405626,0.06110041,0.9999938,-0.95959,-0.06250124,0.2743739,0.0,-0.03892374,0.9951305,0.0905555,0.0,0.2786977,-0.07621647,0.95735,0.0,-0.1086626,-1.835785,0.8556081,1.0,-0.9595897,-0.03892374,0.2786975,0.0,-0.06250122,0.9951304,-0.07621646,0.0,0.2743738,0.09055546,0.9573495,0.0,-0.4537668,1.745136,-0.928749,1.0,1.0,1.0,0.1357691,0.06402733,0.9886695,0.0003624726,-0.005016907,-0.02094017,70.25555,4411.0,0.175,0.104
25.0,0.2093887,0.07547171,0.9999751,0.07143429,0.04691535,1.000014,0.1404122,0.06119385,0.9999946,-0.9596685,-0.0625023,0.2740982,0.0,-0.03896387,0.995134,0.09049958,0.0,0.2784208,-0.07616967,0.9574342,0.0,-0.1088759,-1.835762,0.8556264,1.0,-0.9596686,-0.03896388,0.2784208,0.0,-0.0625023,0.995134,-0.07616967,0.0,0.2740981,0.09049957,0.957434,0.0,-0.4537497,1.745153,-0.9287218,1.0,1.0,1.0,0.1356255,0.06411867,0.9886833,0.0003624726,-0.005016907,-0.02094017,70.26667,4412.0,0.175,0.104
25.0,0.2094255,0.07659219,1.0,0.07145035,0.04700228,1.000025,0.1404385,0.06179744,1.000013,-0.9597704,-0.06228142,0.2737918,0.0,-0.03881759,0.9951577,0.09030168,0.0,0.2780901,-0.07604094,0.9575405,0.0,-0.1094208,-1.835596,0.8558347,1.0,-0.9597702,-0.03881759,0.2780901,0.0,-0.0622814,0.9951576,-0.07604093,0.0,0.2737918,0.09030168,0.9575404,0.0,-0.4536628,1.745176,-0.9286479,1.0,1.0,1.0,0.1356446,0.06470337,0.9886425,0.0003617471,-0.005020516,-0.02093204,70.28889,4413.0,0.175,0.104
25.0,0.2099699,0.07613011,1.000052,0.07164082,0.04667268,1.000041,0.1408052,0.06140133,1.000046,-0.9597515,-0.06230346,0.2738532,0.0,-0.03885824,0.9951632,0.09022304,0.0,0.2781499,-0.07595024,0.9575304,0.0,-0.1093204,-1.835544,0.8559577,1.0,-0.9597513,-0.03885824,0.2781498,0.0,-0.06230346,0.9951633,-0.07595024,0.0,0.2738532,0.09022304,0.9575302,0.0,-0.4536879,1.745191,-0.9286079,1.0,1.0,1.0,0.1359917,0.06431463,0.9886202,0.0003621746,-0.005018913,-0.0209339,70.3,4414.0,0.175,0.104
25.0,0.2114374,0.07748502,1.000018,0.07168722,0.04675145,1.000044,0.1415628,0.06211843,1.000031,-0.9597911,-0.06242125,0.2736875,0.0,-0.03897491,0.9951527,0.09028881,0.0,0.2779967,-0.07599144,0.9575716,0.0,-0.1092802,-1.835641,0.8557467,1.0,-0.959791,-0.03897491,0.2779967,0.0,-0.06242125,0.9951526,-0.07599143,0.0,0.2736874,0.09028878,0.9575713,0.0,-0.4536762,1.745219,-0.9285519,1.0,1.0,1.0,0.136708,0.06500196,0.9884764,0.0003614882,-0.005020546,-0.0209339,70.31111,4415.0,0.175,0.104
25.0,0.2118673,0.07791446,1.000114,0.07271773,0.04639687,1.000092,0.142292,0.06215541,1.000103,-0.9598207,-0.06220266,0.2736328,0.0,-0.03881963,0.9951797,0.09005843,0.0,0.2779157,-0.07581763,0.9576087,0.0,-0.109641,-1.835453,0.8560387,1.0,-0.9598207,-0.03881962,0.2779157,0.0,-0.06220267,0.9951796,-0.07581762,0.0,0.2736329,0.09005845,0.9576088,0.0,-0.4536461,1.745255,-0.9284389,1.0,1.0,1.0,0.1373947,0.06503521,0.988379,0.000359932,-0.005027901,-0.02091524,70.33334,4416.0,0.175,0.104
25.0,0.2117389,0.07792296,1.000065,0.07418844,0.04677573,1.000061,0.1429635,0.06234945,1.000063,-0.9598278,-0.06208207,0.273636,0.0,-0.03874842,0.9951993,0.08987202,0.0,0.2779018,-0.07565868,0.9576255,0.0,-0.1098002,-1.835296,0.8563283,1.0,-0.9598275,-0.03874842,0.2779017,0.0,-0.06208206,0.9951993,-0.07565868,0.0,0.273636,0.089872,0.9576253,0.0,-0.4536504,1.745271,-0.928384,1.0,1.0,1.0,0.1380378,0.06522094,0.9882773,0.0003585508,-0.00502932,-0.02091313,70.34444,4417.0,0.175,0.104
25.0,0.2134173,0.07782055,1.000034,0.07423002,0.04598791,1.00004,0.1438238,0.06190442,1.000037,-0.9598944,-0.06168925,0.273491,0.0,-0.03844284,0.995239,0.08956235,0.0,0.2777139,-0.07545663,0.957696,0.0,-0.1105467,-1.835028,0.8567409,1.0,-0.9598942,-0.03844283,0.2777139,0.0,-0.06168924,0.995239,-0.07545662,0.0,0.2734909,0.08956233,0.9576957,0.0,-0.4536254,1.74531,-0.9282618,1.0,1.0,1.0,0.1388628,0.06478484,0.9881904,0.000357491,-0.005029083,-0.02091179,70.36667,4418.0,0.175,0.104
25.0,0.2127536,0.07770471,1.000111,0.07602215,0.04563268,1.000084,0.1443874,0.06166837,1.000098,-0.9598508,-0.06176696,0.2736261,0.0,-0.03860882,0.9952624,0.08922988,0.0,0.2778412,-0.07508299,0.9576882,0.0,-0.1100436,-1.834776,0.8573156,1.0,-0.9598508,-0.03860882,0.2778413,0.0,-0.06176697,0.9952626,-0.07508301,0.0,0.2736261,0.0892299,0.9576884,0.0,-0.453538,1.745337,-0.9282271,1.0,1.0,1.0,0.1393942,0.06455138,0.9881307,0.0003556209,-0.005030678,-0.02090694,70.37778,4419.0,0.175,0.104
25.0,0.2125532,0.07781187,1.000078,0.07646456,0.04571835,1.000076,0.1445088,0.06176517,1.000077,-0.9597088,-0.06278308,0.2738929,0.0,-0.03971687,0.9952423,0.08896817,0.0,0.2781755,-0.07450537,0.9576364,0.0,-0.107666,-1.834669,0.8577782,1.0,-0.9597088,-0.03971687,0.2781755,0.0,-0.06278308,0.9952423,-0.07450537,0.0,0.2738929,0.08896817,0.9576364,0.0,-0.4534535,1.745349,-0.9281822,1.0,1.0,1.0,0.1395136,0.06465027,0.9881074,0.00035524,-0.005035202,-0.020893,70.4,4420.0,0.175,0.104
25.0,0.2124592,0.07831394,0.9999785,0.07664561,0.04572936,0.9999848,0.1445525,0.06202184,0.9999817,-0.9596938,-0.06312093,0.2738679,0.0,-0.0400358,0.9952192,0.08908333,0.0,0.2781816,-0.0745282,0.9576329,0.0,-0.1070633,-1.834772,0.8575712,1.0,-0.9596937,-0.0400358,0.2781816,0.0,-0.06312093,0.9952192,-0.07452819,0.0,0.2738678,0.08908334,0.9576327,0.0,-0.4534217,1.745319,-0.9281976,1.0,1.0,1.0,0.1395652,0.06490312,0.9880835,0.000355484,-0.005035897,-0.02089314,70.41111,4421.0,0.175,0.104
25.0,0.2126704,0.07833987,1.000049,0.077793,0.04694679,1.000058,0.1452318,0.06264334,1.000054,-0.9596864,-0.06325905,0.2738622,0.0,-0.04007036,0.9951841,0.08945896,0.0,0.2782024,-0.07487879,0.9575995,0.0,-0.106969,-1.835119,0.8568081,1.0,-0.9596862,-0.04007035,0.2782023,0.0,-0.06325904,0.9951841,-0.07487877,0.0,0.2738622,0.08945894,0.9575993,0.0,-0.4533918,1.745345,-0.9281312,1.0,1.0,1.0,0.1402007,0.06551658,0.9879531,0.0003583757,-0.005057137,-0.02082709,70.42223,4422.0,0.175,0.104
25.0,0.2124316,0.07760216,1.000046,0.07895073,0.04735579,1.00005,0.1456912,0.06247886,1.000048,-0.9597433,-0.06281458,0.2737653,0.0,-0.03955723,0.995186,0.08966589,0.0,0.2780797,-0.07522683,0.9576079,0.0,-0.1080567,-1.835181,0.8562291,1.0,-0.959743,-0.03955723,0.2780797,0.0,-0.06281457,0.995186,-0.07522682,0.0,0.2737652,0.08966588,0.9576076,0.0,-0.4533885,1.745298,-0.9279379,1.0,1.0,1.0,0.1406395,0.06535715,0.9879013,0.0003587194,-0.005059548,-0.0208183,70.44444,4423.0,0.175,0.104
25.0,0.2125052,0.07617904,1.000033,0.07898366,0.04729351,1.000048,0.1457448,0.06173659,1.000041,-0.9597739,-0.06271985,0.2736798,0.0,-0.03940951,0.9951743,0.08986039,0.0,0.2779952,-0.07546005,0.9576141,0.0,-0.1084636,-1.835289,0.8557931,1.0,-0.9597735,-0.03940951,0.2779951,0.0,-0.06271984,0.9951745,-0.07546004,0.0,0.2736798,0.08986039,0.9576138,0.0,-0.4534228,1.745257,-0.927858,1.0,1.0,1.0,0.1406975,0.064642,0.9879401,0.0003589559,-0.005059868,-0.0208183,70.45556,4424.0,0.175,0.104
25.0,0.2123755,0.07631817,1.000009,0.07812375,0.04730347,1.000023,0.1452499,0.06181102,1.000016,-0.9597825,-0.06286787,0.2736155,0.0,-0.0395069,0.9951514,0.09007173,0.0,0.2779514,-0.07563955,0.9576125,0.0,-0.1083286,-1.835469,0.8553445,1.0,-0.9597823,-0.0395069,0.2779514,0.0,-0.06286786,0.9951513,-0.07563955,0.0,0.2736154,0.09007171,0.9576124,0.0,-0.4533993,1.745248,-0.9278125,1.0,1.0,1.0,0.1402301,0.06472043,0.9880014,0.0003592148,-0.005061005,-0.0208205,70.47778,4425.0,0.175,0.104
25.0,0.2119794,0.07705989,1.000003,0.07754183,0.047888,1.000024,0.1447611,0.06247409,1.000014,-0.9598408,-0.06284861,0.2734153,0.0,-0.03960633,0.9951795,0.08971661,0.0,0.2777359,-0.07528467,0.957703,0.0,-0.1083811,-1.835139,0.8559322,1.0,-0.9598405,-0.03960633,0.2777358,0.0,-0.06284861,0.9951795,-0.07528467,0.0,0.2734153,0.0897166,0.9577029,0.0,-0.4533895,1.745209,-0.9277853,1.0,1.0,1.0,0.1397574,0.06536233,0.9880261,0.0003607944,-0.005059853,-0.02083457,70.48889,4426.0,0.175,0.104
25.0,0.2118519,0.07742035,0.9999674,0.0766449,0.04943154,0.9999971,0.1442491,0.06342614,0.9999823,-0.9598984,-0.06272922,0.2732404,0.0,-0.03942073,0.9951632,0.08997905,0.0,0.2775631,-0.0755994,0.9577283,0.0,-0.1090422,-1.835371,0.8553952,1.0,-0.9598982,-0.03942073,0.2775631,0.0,-0.06272922,0.9951633,-0.0755994,0.0,0.2732404,0.08997905,0.9577283,0.0,-0.4535293,1.745228,-0.9277231,1.0,1.0,1.0,0.1392629,0.06628279,0.9880347,0.000362251,-0.005057869,-0.02085664,70.5,4427.0,0.175,0.104
25.0,0.2109597,0.07801599,1.000033,0.07630435,0.04967422,1.00005,0.1436324,0.06384537,1.000041,-0.9599934,-0.06261499,0.2729327,0.0,-0.03936033,0.9951758,0.08986564,0.0,0.277243,-0.07552768,0.9578267,0.0,-0.1094915,-1.835253,0.8554344,1.0,-0.9599932,-0.03936033,0.2772429,0.0,-0.06261498,0.9951758,-0.07552768,0.0,0.2729326,0.08986562,0.9578265,0.0,-0.4535014,1.745215,-0.9276144,1.0,1.0,1.0,0.1386645,0.06668794,0.9880915,0.0003621373,-0.005058136,-0.02086786,70.52222,4428.0,0.175,0.104
25.0,0.2112406,0.07751962,1.000013,0.07619312,0.04888159,1.000052,0.1437176,0.06320076,1.000032,-0.9600568,-0.06271911,0.2726861,0.0,-0.03942114,0.9951524,0.0900983,0.0,0.2770151,-0.07574987,0.9578753,0.0,-0.1098018,-1.835401,0.8548795,1.0,-0.9600564,-0.03942113,0.277015,0.0,-0.0627191,0.9951523,-0.07574986,0.0,0.272686,0.09009828,0.957875,0.0,-0.4536443,1.745152,-0.9274822,1.0,1.0,1.0,0.1387495,0.0660551,0.9881221,0.0003624726,-0.005047279,-0.02088844,70.53333,4429.0,0.175,0.104
1.0,-0.09693214,-0.2392579,0.9999623,-0.2407947,-0.2044507,0.9999497,-0.1688636,-0.2218541,0.9999558,-0.95634,-0.06819964,0.2841882,0.0,-0.0477498,0.995787,0.07828361,0.0,0.2883298,-0.06129581,0.9555674,0.0,-0.0854232,-1.826622,0.8755137,1.0,-0.9563397,-0.04774979,0.2883298,0.0,-0.06819963,0.9957869,-0.0612958,0.0,0.2841882,0.07828361,0.9555672,0.0,-0.4550791,1.746309,-0.9239463,1.0,1.0,1.0,-0.1618107,-0.2035293,0.9656051,0.002237519,-0.006639183,-0.02109087,82.17778,5169.0,-0.175,-0.246
1.0,-0.09702241,-0.239482,0.9999654,-0.2401049,-0.2045033,0.999935,-0.1685642,-0.2219923,0.9999502,-0.9561304,-0.06880875,0.2847464,0.0,-0.04837744,0.9957646,0.07818253,0.0,0.28892,-0.06097737,0.9554095,0.0,-0.08358985,-1.826587,0.8757927,1.0,-0.9561299,-0.04837742,0.2889199,0.0,-0.06880873,0.9957646,-0.06097737,0.0,0.2847463,0.07818252,0.9554092,0.0,-0.4549866,1.746335,-0.9239701,1.0,1.0,1.0,-0.1615293,-0.2036656,0.9656234,0.002235321,-0.006638641,-0.02109115,82.2,5170.0,-0.175,-0.246
1.0,-0.09806132,-0.2399619,1.000005,-0.240594,-0.2046147,0.9999768,-0.1693282,-0.2222881,0.999991,-0.9560709,-0.06883276,0.2849398,0.0,-0.04838761,0.9957636,0.07818905,0.0,0.2891147,-0.0609667,0.9553512,0.0,-0.08331963,-1.826568,0.8757898,1.0,-0.9560707,-0.04838761,0.2891146,0.0,-0.06883275,0.9957636,-0.0609667,0.0,0.2849398,0.07818903,0.9553511,0.0,-0.4549345,1.746321,-0.9239576,1.0,1.0,1.0,-0.1622133,-0.203902,0.9654589,0.002230735,-0.006638603,-0.02109127,82.21111,5171.0,-0.175,-0.246
1.0,-0.0988242,-0.2399275,1.000056,-0.2410979,-0.2063717,1.000035,-0.1699615,-0.2231493,1.000046,-0.9559443,-0.06870313,0.2853955,0.0,-0.04819312,0.9957654,0.07828531,0.0,0.2895655,-0.06108228,0.9552073,0.0,-0.08315599,-1.826571,0.8755932,1.0,-0.9559441,-0.04819311,0.2895654,0.0,-0.06870313,0.9957654,-0.06108228,0.0,0.2853955,0.07828529,0.9552071,0.0,-0.4548739,1.746282,-0.9238649,1.0,1.0,1.0,-0.1627579,-0.2046524,0.9652084,0.002227485,-0.006638749,-0.0210919,82.23334,5172.0,-0.175,-0.246
1.0,-0.09931245,-0.2398351,1.000042,-0.2410961,-0.2068873,1.000006,-0.1702049,-0.2233609,1.000024,-0.9558887,-0.06865864,0.2855919,0.0,-0.04808351,0.9957578,0.07845072,0.0,0.2897667,-0.06125789,0.955135,0.0,-0.08305863,-1.826687,0.8753008,1.0,-0.9558887,-0.04808351,0.2897666,0.0,-0.06865864,0.9957577,-0.06125788,0.0,0.2855919,0.0784507,0.9551348,0.0,-0.4547914,1.746276,-0.9238616,1.0,1.0,1.0,-0.1629775,-0.20484,0.9651315,0.00222641,-0.006638932,-0.02109216,82.24445,5173.0,-0.175,-0.246
1.0,-0.09969261,-0.2399622,1.000023,-0.2412966,-0.2068606,1.000004,-0.1704949,-0.2234115,1.000013,-0.9558566,-0.06874862,0.2856785,0.0,-0.04812529,0.9957437,0.07860284,0.0,0.2898664,-0.06138467,0.9550967,0.0,-0.08286372,-1.826847,0.8750419,1.0,-0.9558561,-0.04812527,0.2898664,0.0,-0.06874861,0.9957438,-0.06138466,0.0,0.2856784,0.07860284,0.9550964,0.0,-0.4547796,1.746303,-0.9238704,1.0,1.0,1.0,-0.1632438,-0.2048785,0.9650783,0.002225723,-0.0066391,-0.02109216,82.25555,5174.0,-0.175,-0.246
1.0,-0.1005193,-0.2416699,0.9999608,-0.2414412,-0.2074088,0.999946,-0.1709806,-0.2245391,0.9999534,-0.9557767,-0.06858305,0.285985,0.0,-0.04804181,0.9957761,0.07824233,0.0,0.2901431,-0.06104296,0.9550345,0.0,-0.08253846,-1.826524,0.8757211,1.0,-0.9557766,-0.04804181,0.2901431,0.0,-0.06858306,0.9957762,-0.06104295,0.0,0.285985,0.07824234,0.9550343,0.0,-0.4546,1.746326,-0.9238922,1.0,1.0,1.0,-0.1636635,-0.2058947,0.964791,0.002225723,-0.00663987,-0.02109226,82.27778,5175.0,-0.175,-0.246
1.0,-0.1011659,-0.2419221,0.9999524,-0.2436065,-0.2085449,0.9999828,-0.1723855,-0.2252338,0.9999676,-0.9558206,-0.06840079,0.2858818,0.0,-0.04796466,0.9958072,0.07789371,0.0,0.2900112,-0.06074018,0.9550939,0.0,-0.08271176,-1.826215,0.876316,1.0,-0.9558206,-0.04796466,0.2900111,0.0,-0.0684008,0.9958072,-0.06074018,0.0,0.2858818,0.0778937,0.9550937,0.0,-0.4544949,1.746331,-0.9239011,1.0,1.0,1.0,-0.16493,-0.206476,0.964451,0.002224892,-0.006639183,-0.02109238,82.28889,5176.0,-0.175,-0.246
1.0,-0.1013683,-0.2440702,1.00003,-0.2431329,-0.2089985,1.000081,-0.1722496,-0.2265347,1.000056,-0.9559655,-0.0680186,0.2854882,0.0,-0.0477333,0.9958545,0.07742961,0.0,0.2895714,-0.06039274,0.9552494,0.0,-0.08334646,-1.825814,0.8769957,1.0,-0.9559654,-0.0477333,0.2895713,0.0,-0.06801859,0.9958544,-0.06039273,0.0,0.2854882,0.07742959,0.9552491,0.0,-0.4542375,1.746361,-0.9238805,1.0,1.0,1.0,-0.1647521,-0.2076396,0.9642316,0.002227304,-0.006639145,-0.02109243,82.31111,5177.0,-0.175,-0.246
1.0,-0.1015183,-0.2436176,1.00003,-0.245257,-0.2103079,1.00007,-0.1733868,-0.2269629,1.00005,-0.9560512,-0.06779293,0.2852547,0.0,-0.04755076,0.9958727,0.07730693,0.0,0.2893183,-0.0603453,0.9553291,0.0,-0.08382446,-1.825693,0.8771459,1.0,-0.9560511,-0.04755076,0.2893182,0.0,-0.06779292,0.9958728,-0.06034528,0.0,0.2852547,0.07730692,0.9553288,0.0,-0.4541195,1.746362,-0.9238828,1.0,1.0,1.0,-0.1657861,-0.2079899,0.9639789,0.002230324,-0.006639954,-0.02109262,82.32223,5178.0,-0.175,-0.246
1.0,-0.1021465,-0.2436939,1.000049,-0.2447304,-0.2123131,1.000086,-0.1734376,-0.2280038,1.000067,-0.9561436,-0.06752112,0.2850096,0.0,-0.04729225,0.9958872,0.07727894,0.0,0.2890554,-0.06041101,0.9554045,0.0,-0.08451459,-1.825668,0.8771272,1.0,-0.9561435,-0.04729225,0.2890553,0.0,-0.06752111,0.9958873,-0.06041101,0.0,0.2850096,0.07727893,0.9554043,0.0,-0.4540689,1.746379,-0.9238721,1.0,1.0,1.0,-0.1657988,-0.2089236,0.9637747,0.002233154,-0.006640435,-0.02109279,82.33334,5179.0,-0.175,-0.246
1.0,-0.1019837,-0.2440452,1.00012,-0.2436254,-0.2128217,1.000164,-0.1728037,-0.2284338,1.000142,-0.9563302,-0.06708412,0.2844868,0.0,-0.0468819,0.9959093,0.07724486,0.0,0.2885049,-0.0605343,0.9555631,0.0,-0.08569598,-1.825628,0.8770088,1.0,-0.9563298,-0.04688188,0.2885048,0.0,-0.06708411,0.9959093,-0.0605343,0.0,0.2844867,0.07724485,0.9555628,0.0,-0.4539216,1.746398,-0.9238265,1.0,1.0,1.0,-0.1651953,-0.2093178,0.9637927,0.002237251,-0.006641182,-0.02109309,82.35556,5180.0,-0.175,-0.246
1.0,-0.1023563,-0.2445443,1.000106,-0.2433905,-0.213319,1.000165,-0.1728722,-0.2289322,1.000136,-0.9564433,-0.0669253,0.2841432,0.0,-0.04680182,0.9959291,0.07703712,0.0,0.2881423,-0.06038321,0.9556819,0.0,-0.08617428,-1.825473,0.8772106,1.0,-0.9564432,-0.04680182,0.2881422,0.0,-0.06692529,0.9959292,-0.06038321,0.0,0.2841432,0.07703712,0.9556818,0.0,-0.4538446,1.746431,-0.9237317,1.0,1.0,1.0,-0.1652439,-0.2097659,0.9636871,0.002238335,-0.006641533,-0.02109335,82.36667,5181.0,-0.175,-0.246
1.0,-0.1019711,-0.2454327,1.000086,-0.2433887,-0.2127353,1.000098,-0.1726796,-0.2290843,1.000092,-0.9565462,-0.06640912,0.2839178,0.0,-0.04634698,0.9959678,0.07681209,0.0,0.287874,-0.06031558,0.955767,0.0,-0.08702987,-1.825259,0.8775087,1.0,-0.9565461,-0.04634697,0.287874,0.0,-0.06640911,0.9959678,-0.06031558,0.0,0.2839178,0.0768121,0.9557671,0.0,-0.4536022,1.746462,-0.9237319,1.0,1.0,1.0,-0.1650685,-0.2099175,0.9636841,0.002238335,-0.006641281,-0.02109401,82.38889,5182.0,-0.175,-0.246
1.0,-0.1020711,-0.2440258,1.000021,-0.2433269,-0.2123025,1.000057,-0.1726982,-0.2281646,1.000039,-0.9566199,-0.06620567,0.2837173,0.0,-0.04619653,0.9959871,0.07665198,0.0,0.2876536,-0.06022004,0.9558395,0.0,-0.08733654,-1.825128,0.8777295,1.0,-0.9566196,-0.04619652,0.2876535,0.0,-0.06620567,0.9959871,-0.06022003,0.0,0.2837172,0.07665197,0.9558393,0.0,-0.4534087,1.74649,-0.9237549,1.0,1.0,1.0,-0.1651231,-0.2090968,0.9638531,0.002237633,-0.006641991,-0.02109459,82.4,5183.0,-0.175,-0.246
1.0,-0.1017238,-0.2449733,1.000039,-0.2435281,-0.2122771,1.000055,-0.1726256,-0.2286255,1.000047,-0.956694,-0.0657894,0.2835639,0.0,-0.04579274,0.9960108,0.07658704,0.0,0.2874714,-0.06028518,0.9558903,0.0,-0.08809924,-1.825019,0.8777106,1.0,-0.9566938,-0.04579274,0.2874713,0.0,-0.0657894,0.9960108,-0.06028517,0.0,0.2835639,0.07658702,0.9558899,0.0,-0.4532379,1.746483,-0.9236903,1.0,1.0,1.0,-0.1650398,-0.2095126,0.9637771,0.002237305,-0.006643211,-0.02109524,82.42223,5184.0,-0.175,-0.246
1.0,-0.1024532,-0.2452425,1.000006,-0.2434248,-0.2127565,1.000032,-0.1729386,-0.2289998,1.000019,-0.956749,-0.06544819,0.2834573,0.0,-0.04552338,0.9960433,0.07632466,0.0,0.2873311,-0.0601196,0.9559427,0.0,-0.08865818,-1.82479,0.8781134,1.0,-0.9567489,-0.04552338,0.287331,0.0,-0.06544819,0.9960432,-0.0601196,0.0,0.2834573,0.07632466,0.9559427,0.0,-0.4531606,1.746512,-0.9236577,1.0,1.0,1.0,-0.1653166,-0.2098449,0.9636574,0.002234764,-0.006643822,-0.02109551,82.43333,5185.0,-0.175,-0.246
1.0,-0.1027108,-0.2451196,1.000096,-0.2425804,-0.215603,1.000097,-0.1726457,-0.2303613,1.000097,-0.9567685,-0.06530645,0.2834238,0.0,-0.04534167,0.9960423,0.07644559,0.0,0.2872945,-0.06028982,0.955943,0.0,-0.08893684,-1.824896,0.8778239,1.0,-0.9567685,-0.04534166,0.2872946,0.0,-0.06530645,0.9960423,-0.06028983,0.0,0.2834239,0.07644559,0.9559431,0.0,-0.4530657,1.746535,-0.9236213,1.0,1.0,1.0,-0.1649882,-0.2110668,0.9634468,0.002231338,-0.006644409,-0.02109617,82.44444,5186.0,-0.175,-0.246
