flag,xl,yl,zl,xr,yr,zr,xc,yc,zc,mat_00,mat_10,mat_20,mat_30,mat_01,mat_11,mat_21,mat_31,mat_02,mat_12,mat_22,mat_32,mat_03,mat_13,mat_23,mat_33,ctw_00,ctw_10,ctw_20,ctw_30,ctw_01,ctw_11,ctw_21,ctw_31,ctw_02,ctw_12,ctw_22,ctw_32,ctw_03,ctw_13,ctw_23,ctw_33,opennessl,opennessr,ray_x,ray_y,ray_z,eye_x,eye_y,eye_z,time,frame
0,,,,,,,,,,0.01531947,-0.09695495,-0.995171,0,0.00627932,0.9952773,-0.09686866,0,-0.999863,0.004765004,-0.01585591,0,-1.043501,-1.752076,-0.8114392,1,0.01531944,0.006279301,-0.9998628,0,-0.09695494,0.9952773,0.004765019,0,-0.9951708,-0.09686866,-0.01585593,0,-0.9614072,1.671751,-1.047875,1,1,1,0.1049172,-0.03435927,0.9938872,-0.0007354058,0.001438156,-0.02181742,0,1
0,0.1550268,-0.0206684,1,0.05602187,-0.04698331,1,0.1055242,-0.03382586,1,0.01531947,-0.09695495,-0.995171,0,0.00627932,0.9952773,-0.09686866,0,-0.999863,0.004765004,-0.01585591,0,-1.043501,-1.752076,-0.8114392,1,0.01531944,0.006279301,-0.9998628,0,-0.09695494,0.9952773,0.004765019,0,-0.9951708,-0.09686866,-0.01585593,0,-0.9614072,1.671751,-1.047875,1,0,0,0.1033764,-0.03430427,0.9940506,-0.00073874,0.001436218,-0.02180758,0.01111111,2
0,0.03564237,-0.03382376,0.9998806,-0.08115845,-0.07051188,0.9997556,-0.02275972,-0.05216894,0.999818,0.01424509,-0.09706918,-0.9951757,0,0.006612144,0.9952641,-0.09698316,0,-0.9998767,0.005198717,-0.01481944,0,-1.045162,-1.751784,-0.8100128,1,0.01424507,0.006612148,-0.9998766,0,-0.09706919,0.9952641,0.005198711,0,-0.9951757,-0.09698315,-0.01481946,0,-0.961261,1.671841,-1.04793,1,0.9432264,0.9838074,-0.02245482,-0.0520573,0.9983917,0.0002041087,0.001068443,-0.0212064,0.02222222,3
0,0.04020375,-0.02669974,0.9944274,-0.08000798,-0.06983767,0.9910235,-0.01995118,-0.04830435,0.9927239,-0.00907743,-0.1027202,-0.9946688,0,-0.02336061,0.9944602,-0.1024854,0,-0.9996859,-0.02230576,0.01142681,0,-1.005965,-1.784658,-0.7662987,1,-0.009077488,-0.02336061,-0.9996859,0,-0.1027202,0.9944602,-0.02230577,0,-0.9946689,-0.1024854,0.01142675,0,-0.9546655,1.672737,-1.036701,1,0.9410802,0.9837503,-0.01979767,-0.04863297,0.9986205,0.0001476593,0.001068382,-0.02109039,0.3555556,4
0,0.04859839,-0.00623006,0.9959424,-0.06718144,-0.04199778,0.9973561,-0.009272897,-0.02410184,0.9966491,0.005616128,-0.1106417,-0.9938444,0,-0.02284905,0.9935865,-0.1107421,0,-0.9997231,-0.02333034,-0.003052056,0,-0.9906615,-1.791356,-0.7632483,1,0.005616132,-0.02284905,-0.9997231,0,-0.1106417,0.9935865,-0.02333034,0,-0.9938446,-0.1107421,-0.003052053,0,-0.951185,1.672708,-1.03451,1,0.9331595,0.9712377,-0.009080765,-0.02478816,0.9996514,-2.970174E-05,0.001129318,-0.02087504,0.4,5
0,0.04647502,-0.003414935,0.9997021,-0.06955761,-0.04394952,0.9995106,-0.01154374,-0.02368407,0.9996063,0.002191007,-0.1104269,-0.9938819,0,-0.02016353,0.9936773,-0.1104487,0,-0.9997944,-0.02028217,4.947186E-05,0,-0.9979677,-1.788014,-0.7595269,1,0.00219098,-0.02016355,-0.9997943,0,-0.1104269,0.9936773,-0.02028216,0,-0.9938817,-0.1104486,4.944259E-05,0,-0.9501383,1.672698,-1.03399,1,0.9331595,0.9712377,-0.01128192,-0.02431055,0.9996408,-2.661906E-05,0.001133782,-0.02089571,0.4444444,6
0,0.04913128,-0.006899368,0.9998478,-0.06885043,-0.04474047,0.9997719,-0.009860786,-0.02582042,0.9998099,0.001494944,-0.1104503,-0.9938805,0,-0.01965465,0.9936864,-0.1104583,0,-0.9998057,-0.01969951,0.0006853342,0,-0.9994074,-1.787358,-0.7586685,1,0.001494967,-0.01965465,-0.9998057,0,-0.1104503,0.9936864,-0.0196995,0,-0.9938806,-0.1104583,0.000685356,0,-0.9499459,1.672629,-1.033903,1,0.9273952,0.9822012,-0.009632347,-0.02640105,0.999605,-2.500135E-05,0.001137825,-0.02089528,0.4555556,7
0,0.03537926,-0.01541657,0.9998839,-0.06770974,-0.03651422,0.9997845,-0.01616627,-0.0259659,0.9998341,0.0004959702,-0.1104532,-0.9938813,0,-0.01939922,0.9936932,-0.110442,0,-0.9998118,-0.01933531,0.001649857,0,-1.000849,-1.787041,-0.7575484,1,0.0004959798,-0.01939923,-0.9998116,0,-0.1104532,0.9936932,-0.0193353,0,-0.993881,-0.110442,0.001649864,0,-0.949801,1.67269,-1.033963,1,1,1,-0.01584613,-0.02660079,0.9995205,2.085045E-05,0.001207092,-0.02119923,0.4666667,8
0,0.03662907,-0.0154359,1.000082,-0.06684009,-0.03647513,1.000027,-0.01510613,-0.02595582,1.000054,-0.0105691,-0.1068567,-0.9942183,0,-0.02170642,0.994064,-0.1066093,0,-0.9997086,-0.02045416,0.01282585,0,-1.00711,-1.784893,-0.7513401,1,-0.01056911,-0.02170642,-0.9997084,0,-0.1068566,0.994064,-0.02045415,0,-0.9942183,-0.1066093,0.01282583,0,-0.948368,1.672337,-1.033688,1,1,1,-0.01480789,-0.02658554,0.9995369,2.36053E-05,0.001207092,-0.02119923,0.6444445,9
0,0.0375657,-0.01226776,0.9999952,-0.06764932,-0.0315414,0.9999639,-0.01504178,-0.0219047,0.9999796,-0.01095772,-0.1063678,-0.9942665,0,-0.02171714,0.994117,-0.1061125,0,-0.9997041,-0.02042988,0.01320326,0,-1.007422,-1.784473,-0.751801,1,-0.01095772,-0.02171714,-0.9997041,0,-0.1063678,0.994117,-0.02042987,0,-0.9942664,-0.1061125,0.01320326,0,-0.9483399,1.672321,-1.033654,1,1,1,-0.01475341,-0.02262479,0.9996351,2.94568E-05,0.00120768,-0.02119923,0.6555555,10
0,0.03844058,-0.01088049,0.999991,-0.06831416,-0.03459597,0.9999883,-0.01493667,-0.02273823,0.9999897,-0.01182926,-0.104542,-0.9944502,0,-0.02168861,0.9943125,-0.1042696,0,-0.9996949,-0.02033481,0.01402938,0,-1.008056,-1.782881,-0.7542377,1,-0.01182929,-0.02168861,-0.9996947,0,-0.104542,0.9943125,-0.02033481,0,-0.9944501,-0.1042696,0.01402935,0,-0.9483622,1.672233,-1.033422,1,1,1,-0.01465609,-0.02345002,0.9996176,3.54005E-05,0.001217514,-0.02119847,0.6777778,11
0,0.03900477,-0.01131233,0.9999736,-0.06980067,-0.03556506,0.9999909,-0.01539783,-0.02343863,0.9999823,-0.01181841,-0.103915,-0.994516,0,-0.0216068,0.9943798,-0.103644,0,-0.9996967,-0.02026339,0.01399732,0,-1.008143,-1.782309,-0.7553463,1,-0.01181847,-0.0216068,-0.9996967,0,-0.103915,0.9943797,-0.0202634,0,-0.994516,-0.103644,0.01399726,0,-0.9483273,1.672222,-1.03338,1,1,1,-0.01511623,-0.02414616,0.9995942,4.409067E-05,0.00122789,-0.02116229,0.6888889,12
0,0.04051802,-0.01104842,1.000042,-0.07444385,-0.03550523,1.000088,-0.01696235,-0.02327651,1.000065,-0.01165724,-0.1028952,-0.9946239,0,-0.02191393,0.9944789,-0.1026233,0,-0.9996918,-0.02059982,0.01384771,0,-1.007351,-1.781793,-0.7573162,1,-0.01165723,-0.02191394,-0.999692,0,-0.1028952,0.9944789,-0.02059982,0,-0.994624,-0.1026233,0.01384772,0,-0.9483257,1.672162,-1.033258,1,1,1,-0.01665367,-0.02398872,0.9995735,5.226862E-05,0.001232193,-0.02117072,0.7111111,13
0,0.03989374,-0.01036128,1,-0.07129815,-0.03509132,1.000005,-0.01570203,-0.02272623,1.000003,-0.01164305,-0.1026532,-0.994649,0,-0.02219514,0.994498,-0.1023778,0,-0.9996858,-0.02088438,0.01385736,0,-1.006764,-1.781861,-0.757738,1,-0.01164303,-0.02219514,-0.9996859,0,-0.1026532,0.9944979,-0.02088439,0,-0.9946492,-0.1023778,0.01385739,0,-0.9483188,1.672136,-1.033161,1,1,1,-0.01543028,-0.0234528,0.9996058,6.111898E-05,0.001232262,-0.02117072,0.7222223,14
0,0.04181158,-0.006603036,1.000005,-0.07052357,-0.03500972,1.000022,-0.014356,-0.0208062,1.000014,-0.01123559,-0.1023777,-0.9946821,0,-0.02223635,0.9945245,-0.1021103,0,-0.9996896,-0.02097083,0.01345062,0,-1.006167,-1.781727,-0.7588221,1,-0.01123564,-0.02223635,-0.9996896,0,-0.1023777,0.9945245,-0.02097083,0,-0.9946822,-0.1021103,0.01345058,0,-0.9485008,1.672114,-1.033012,1,1,1,-0.01412557,-0.02157579,0.9996674,7.383712E-05,0.00123391,-0.02117072,0.7444445,15
0,0.04377545,-0.005684264,0.9999049,-0.07148889,-0.03011933,0.9999174,-0.0138566,-0.01790161,0.9999111,-0.01114583,-0.1023473,-0.9946862,0,-0.02211306,0.99453,-0.1020834,0,-0.9996933,-0.02085776,0.0133481,0,-1.006239,-1.781653,-0.7588859,1,-0.01114586,-0.02211307,-0.9996935,0,-0.1023473,0.99453,-0.02085776,0,-0.9946863,-0.1020834,0.01334808,0,-0.9484161,1.672186,-1.032963,1,1,1,-0.01364291,-0.01874372,0.9997312,7.763598E-05,0.001241982,-0.02117207,0.7555556,16
0,0.04347799,-0.002747629,0.9998186,-0.07105711,-0.04178073,0.9998324,-0.0137895,-0.02226418,0.9998255,-0.01073563,-0.1026031,-0.9946644,0,-0.02245172,0.9944957,-0.1023433,0,-0.9996903,-0.02123321,0.01298022,0,-1.005189,-1.78216,-0.7586198,1,-0.0107357,-0.02245173,-0.9996903,0,-0.1026031,0.9944957,-0.02123321,0,-0.9946644,-0.1023433,0.01298016,0,-0.9482187,1.672143,-1.032872,1,1,1,-0.01358562,-0.02302085,0.9996426,8.473918E-05,0.001245842,-0.02105523,0.7777778,17
0,0.04298018,-0.002904676,1.000028,-0.07011701,-0.03860913,1.000039,-0.01356827,-0.0207569,1.000033,-0.01056337,-0.1028358,-0.9946423,0,-0.02251176,0.9944701,-0.102579,0,-0.9996908,-0.02130756,0.01282001,0,-1.004848,-1.782355,-0.7584063,1,-0.0105634,-0.02251176,-0.9996908,0,-0.1028358,0.9944701,-0.02130757,0,-0.9946423,-0.102579,0.01281997,0,-0.9482476,1.672081,-1.032792,1,1,1,-0.01336856,-0.02155248,0.9996783,8.657109E-05,0.001256577,-0.02104472,0.7888889,18
0,0.0438989,-0.0005806621,0.9999712,-0.07055782,-0.03426419,0.9999652,-0.01332967,-0.01742243,0.9999682,-0.01050913,-0.1031327,-0.994612,0,-0.02269565,0.9944354,-0.1028746,0,-0.9996871,-0.02149225,0.01279128,0,-1.004471,-1.782771,-0.7578859,1,-0.01050909,-0.02269565,-0.9996873,0,-0.1031327,0.9944355,-0.02149225,0,-0.9946121,-0.1028746,0.01279132,0,-0.9482205,1.672086,-1.032779,1,1,1,-0.01313718,-0.0182996,0.9997463,8.727238E-05,0.001266487,-0.02106028,0.8,19
0,0.04542707,-0.00231598,0.9999714,-0.07148549,-0.02641923,0.9999827,-0.01302897,-0.01436747,0.9999771,-0.01044726,-0.1035124,-0.9945735,0,-0.02307266,0.9943877,-0.1032507,0,-0.9996793,-0.02186876,0.01277697,0,-1.0037,-1.78344,-0.7572247,1,-0.01044729,-0.02307266,-0.9996791,0,-0.1035124,0.9943877,-0.02186876,0,-0.9945731,-0.1032507,0.01277693,0,-0.9482094,1.672089,-1.032704,1,1,1,-0.01284326,-0.01531457,0.9998003,8.717366E-05,0.001272392,-0.02105808,0.8222222,20
0,0.04789238,0.0005276216,1.000097,-0.07100432,-0.02725899,1.000081,-0.01155609,-0.01336569,1.000089,-0.01052165,-0.1036858,-0.9945545,0,-0.02326851,0.9943656,-0.1034199,0,-0.999674,-0.02205367,0.01287496,0,-1.003356,-1.78369,-0.7569145,1,-0.01052163,-0.02326852,-0.9996738,0,-0.1036858,0.9943656,-0.02205365,0,-0.9945543,-0.1034199,0.01287498,0,-0.9482929,1.672013,-1.03262,1,1,1,-0.01140072,-0.01433752,0.9998323,8.74782E-05,0.001277336,-0.02105327,0.8333334,21
0,0.04932887,0.0002625595,1.000193,-0.0683566,-0.02949744,1.000185,-0.009513977,-0.01461769,1.000189,-0.0103538,-0.1039588,-0.9945277,0,-0.02348262,0.994332,-0.1036939,0,-0.9996706,-0.0222805,0.01273632,0,-1.002688,-1.784083,-0.7567539,1,-0.01035378,-0.02348262,-0.9996706,0,-0.1039588,0.994332,-0.02228049,0,-0.9945277,-0.1036939,0.01273634,0,-0.9484655,1.671954,-1.03247,1,1,1,-0.009405888,-0.01556456,0.9998346,9.286497E-05,0.001279007,-0.02098827,0.8555556,22
0,0.05132789,0.0007617396,0.9999896,-0.06813117,-0.02975689,0.9999946,-0.008401614,-0.01449745,0.9999921,-0.01024973,-0.1042097,-0.9945025,0,-0.02345968,0.9943061,-0.1039473,0,-0.9996722,-0.02226529,0.01263607,0,-1.00257,-1.784226,-0.7564047,1,-0.0102497,-0.02345969,-0.9996723,0,-0.1042097,0.9943061,-0.02226528,0,-0.9945025,-0.1039473,0.0126361,0,-0.948456,1.67192,-1.03241,1,1,1,-0.008313644,-0.01545003,0.9998462,8.77846E-05,0.001279007,-0.02098518,0.8666667,23
0,0.04944392,0.003351035,1.000013,-0.06771087,-0.03013095,1.000017,-0.009133536,-0.01338996,1.000015,-0.01007986,-0.1043694,-0.9944876,0,-0.02379814,0.9942814,-0.1041066,0,-0.999666,-0.02261759,0.01250601,0,-1.001778,-1.784749,-0.7562699,1,-0.01007985,-0.02379815,-0.9996659,0,-0.1043694,0.9942814,-0.02261757,0,-0.9944875,-0.1041066,0.01250602,0,-0.948472,1.67197,-1.032351,1,1,1,-0.009024446,-0.01436554,0.9998561,8.175708E-05,0.001279007,-0.02098107,0.8888889,24
0,0.04116628,-0.001003597,0.9999575,-0.067256,-0.02910456,0.9999883,-0.01304434,-0.01505365,0.9999729,-0.009777546,-0.1044028,-0.9944872,0,-0.02387948,0.9942753,-0.1041458,0,-0.9996672,-0.02272955,0.01221466,0,-1.001288,-1.784859,-0.7564742,1,-0.009777546,-0.02387949,-0.9996669,0,-0.1044028,0.9942753,-0.02272954,0,-0.9944869,-0.1041458,0.01221465,0,-0.9484379,1.671947,-1.032283,1,1,1,-0.0128335,-0.01593369,0.9997906,5.650334E-05,0.001212364,-0.02067041,0.9,25
0,0.04082305,-0.0008968734,0.9999461,-0.06707016,-0.02983413,0.9999593,-0.01312341,-0.01536538,0.9999528,-0.009622097,-0.1045146,-0.9944768,0,-0.02390203,0.9942627,-0.1042609,0,-0.999668,-0.02276681,0.01206493,0,-1.001051,-1.785022,-0.7563788,1,-0.009622026,-0.02390203,-0.999668,0,-0.1045146,0.9942628,-0.0227668,0,-0.9944768,-0.1042609,0.012065,0,-0.9483941,1.671993,-1.032232,1,1,1,-0.01291004,-0.01623902,0.9997848,5.583931E-05,0.001212189,-0.02066798,0.9111111,26
0,0.04122772,0.0002404164,0.999885,-0.06677271,-0.03039329,0.9999155,-0.01277226,-0.01507625,0.9999002,-0.009259582,-0.1047619,-0.9944543,0,-0.0239135,0.9942356,-0.1045162,0,-0.9996712,-0.02281312,0.01171136,0,-1.000559,-1.785224,-0.7561637,1,-0.00925951,-0.0239135,-0.9996711,0,-0.1047618,0.9942356,-0.02281311,0,-0.9944541,-0.1045162,0.01171143,0,-0.9482581,1.671975,-1.0321,1,1,1,-0.01256672,-0.01595666,0.9997936,5.566422E-05,0.001211609,-0.02066537,0.9333333,27
0,0.04132194,-0.001272997,0.9999688,-0.06571452,-0.03042604,0.9999815,-0.01219599,-0.01584946,0.9999752,-0.009069204,-0.1049623,-0.9944348,0,-0.02406254,0.9942107,-0.1047192,0,-0.9996693,-0.02297892,0.01154232,0,-0.9999915,-1.785525,-0.7559564,1,-0.009069164,-0.02406255,-0.9996693,0,-0.1049623,0.9942107,-0.02297891,0,-0.9944348,-0.1047192,0.01154236,0,-0.9482313,1.671963,-1.031965,1,1,1,-0.01200145,-0.01671182,0.9997883,5.562603E-05,0.001211113,-0.02066384,0.9444445,28
0,0.04121276,0.0001760137,0.999948,-0.06496708,-0.0308318,0.9999719,-0.01187686,-0.0153277,0.9999599,-0.008409023,-0.1052628,-0.994409,0,-0.02399262,0.994179,-0.1050356,0,-0.9996768,-0.02297524,0.0108856,0,-0.9993911,-1.785728,-0.7559164,1,-0.00840901,-0.02399263,-0.9996767,0,-0.1052628,0.994179,-0.02297522,0,-0.9944088,-0.1050356,0.0108856,0,-0.9480647,1.671957,-1.031867,1,1,1,-0.0116885,-0.01620028,0.9998004,5.50542E-05,0.001210129,-0.02066384,0.9666667,29
0,0.0414768,0.0003946826,0.9998358,-0.06418562,-0.03117088,0.9998808,-0.01135411,-0.01538785,0.9998583,-0.007931232,-0.1054681,-0.9943911,0,-0.02387609,0.9941588,-0.1052531,0,-0.9996835,-0.02290738,0.01040304,0,-0.9989973,-1.785748,-0.7558894,1,-0.007931199,-0.02387608,-0.9996835,0,-0.1054681,0.9941589,-0.02290738,0,-0.9943909,-0.1052531,0.01040307,0,-0.9479123,1.671905,-1.031724,1,1,1,-0.01117701,-0.01626114,0.9998053,5.471054E-05,0.001210129,-0.02066329,0.9777778,30
0,0.04150885,0.00179708,0.9999083,-0.06356701,-0.03207501,0.9999354,-0.01102873,-0.01513878,0.9999219,-0.007647514,-0.1055438,-0.9943853,0,-0.02386615,0.9941503,-0.1053353,0,-0.9996859,-0.0229266,0.0101217,0,-0.998648,-1.785815,-0.7559564,1,-0.007647514,-0.02386615,-0.9996859,0,-0.1055438,0.9941503,-0.02292659,0,-0.9943851,-0.1053353,0.0101217,0,-0.9478306,1.671906,-1.031626,1,1,1,-0.01085691,-0.01601713,0.9998128,5.359668E-05,0.001211174,-0.02066769,0.9888889,31
0,0.04147662,0.001547297,0.9998127,-0.06319489,-0.03316467,0.9998977,-0.01085841,-0.01580807,0.9998552,-0.006741762,-0.1058557,-0.9943586,0,-0.02372654,0.9941182,-0.1056692,0,-0.9996957,-0.02288029,0.009213686,0,-0.9978392,-1.785988,-0.7561591,1,-0.006741751,-0.02372654,-0.9996958,0,-0.1058557,0.9941182,-0.0228803,0,-0.9943587,-0.1056692,0.009213699,0,-0.9476776,1.671906,-1.031433,1,1,1,-0.01068923,-0.01667356,0.9998038,5.239155E-05,0.001211487,-0.02066998,1.011111,32
0,0.04222582,-0.001023835,0.999918,-0.06357608,-0.0334628,0.9999462,-0.01067475,-0.01724295,0.9999322,-0.006460905,-0.1059228,-0.9943535,0,-0.02363691,0.9941125,-0.1057436,0,-0.9996999,-0.02282026,0.00892663,0,-0.9976094,-1.785977,-0.7562562,1,-0.006460977,-0.02363693,-0.9996996,0,-0.1059228,0.9941125,-0.02282023,0,-0.9943532,-0.1057436,0.008926552,0,-0.947607,1.671912,-1.031315,1,1,1,-0.0105062,-0.01807823,0.9997814,5.007163E-05,0.001211357,-0.02067172,1.022222,33
0,0.04208484,-0.001229311,0.9999222,-0.06313081,-0.03676869,0.9999515,-0.01052293,-0.01899882,0.9999368,-0.005729914,-0.1061527,-0.9943333,0,-0.02351284,0.9940891,-0.1059912,0,-0.9997072,-0.02277229,0.008191943,0,-0.9969123,-1.78608,-0.7564382,1,-0.005729859,-0.02351284,-0.999707,0,-0.1061527,0.994089,-0.02277227,0,-0.9943333,-0.1059911,0.008191995,0,-0.9474611,1.671906,-1.031097,1,1,1,-0.01035477,-0.01979633,0.9997504,4.827138E-05,0.001210434,-0.02067349,1.044444,34
0,0.04263154,-0.00598636,1.000102,-0.06303567,-0.03747784,1.000145,-0.01020165,-0.02173185,1.000124,-0.005324244,-0.106267,-0.9943234,0,-0.02317088,0.9940836,-0.1061173,0,-0.9997174,-0.02247436,0.007755041,0,-0.9970185,-1.785844,-0.75679,1,-0.00532424,-0.02317088,-0.9997172,0,-0.106267,0.9940836,-0.02247435,0,-0.9943233,-0.1061173,0.007755043,0,-0.9475787,1.671868,-1.031003,1,1,1,-0.01003406,-0.02246739,0.9996973,4.434213E-05,0.001210136,-0.02067662,1.055556,35
0,0.04242348,-0.007222682,0.9999928,-0.05996375,-0.03754769,1.000025,-0.008769879,-0.0223847,1.000009,-0.004676938,-0.106269,-0.9943265,0,-0.02283675,0.9940893,-0.1061363,0,-0.9997283,-0.0222108,0.007076144,0,-0.9967699,-1.785604,-0.7574059,1,-0.004676948,-0.02283676,-0.9997283,0,-0.106269,0.9940894,-0.0222108,0,-0.9943264,-0.1061363,0.007076134,0,-0.9475249,1.671898,-1.030799,1,1,1,-0.008628724,-0.02310688,0.9996957,4.001614E-05,0.001207146,-0.02067179,1.077778,36
0,0.04185477,-0.006956796,1.000016,-0.05969287,-0.0379539,1.000039,-0.008918845,-0.0224551,1.000027,-0.004451632,-0.1063526,-0.9943184,0,-0.0226268,0.9940845,-0.1062263,0,-0.999734,-0.02202537,0.006831646,0,-0.9968207,-1.785437,-0.7575269,1,-0.004451561,-0.0226268,-0.9997341,0,-0.1063526,0.9940846,-0.02202537,0,-0.9943187,-0.1062263,0.006831719,0,-0.9475464,1.671852,-1.030705,1,1,1,-0.008766646,-0.02316822,0.9996932,3.205892E-05,0.001199204,-0.02065125,1.088889,37
0,0.04669121,-0.006491211,0.9999444,-0.05945507,-0.03914011,0.9999565,-0.006381843,-0.0228156,0.9999505,-0.004400611,-0.1061857,-0.9943365,0,-0.02251345,0.9941047,-0.1060613,0,-0.9997368,-0.02191922,0.006765246,0,-0.9969139,-1.785192,-0.7578347,1,-0.004400583,-0.02251346,-0.9997368,0,-0.1061857,0.9941047,-0.02191922,0,-0.9943366,-0.1060613,0.006765275,0,-0.9474916,1.671847,-1.030655,1,1,1,-0.006271856,-0.02351337,0.9997039,2.087373E-05,0.001188461,-0.02062037,1.1,38
0,0.04357814,-0.006374573,0.999969,-0.06753948,-0.02665456,1.000003,-0.01198013,-0.01651444,0.9999859,-0.004108191,-0.1060399,-0.9943536,0,-0.02263872,0.9941168,-0.1059211,0,-0.9997354,-0.02207576,0.006484628,0,-0.996375,-1.785291,-0.7583543,1,-0.004108187,-0.02263873,-0.9997352,0,-0.1060399,0.9941168,-0.02207574,0,-0.9943532,-0.1059211,0.006484626,0,-0.9474773,1.671906,-1.030605,1,1,1,-0.01171349,-0.01732406,0.9997813,-2.245326E-05,0.00117083,-0.02064631,1.133333,39
0,0.04370124,-0.00687135,0.9997699,-0.06809319,-0.02655569,0.9997876,-0.01219571,-0.01671352,0.9997787,-0.003926396,-0.10584,-0.9943754,0,-0.02319322,0.9941252,-0.1057218,0,-0.9997233,-0.02264765,0.006358147,0,-0.9950799,-1.78565,-0.7586121,1,-0.003926444,-0.02319321,-0.9997234,0,-0.10584,0.9941252,-0.02264767,0,-0.9943753,-0.1057218,0.006358101,0,-0.9472455,1.671878,-1.030422,1,1,1,-0.01192747,-0.01752265,0.9997754,-2.197269E-05,0.00117083,-0.02064153,1.266667,40
0,0.04387029,-0.004778325,0.9994796,-0.06800325,-0.0261566,0.9994735,-0.01206648,-0.01546752,0.9994766,-0.00585866,-0.1020993,-0.994757,0,-0.01832462,0.9946179,-0.1019771,0,-0.9998149,-0.0176311,0.007698059,0,-1.003818,-1.77741,-0.7625071,1,-0.005858659,-0.01832463,-0.9998149,0,-0.1020993,0.994618,-0.0176311,0,-0.9947569,-0.1019771,0.007698059,0,-0.9458624,1.671691,-1.0291,1,1,1,-0.01180553,-0.01630925,0.9997973,-2.111774E-05,0.001173142,-0.02063783,1.3,41
0,0.04415679,-0.004872697,0.9997835,-0.07013425,-0.02449624,0.9997706,-0.01298882,-0.01468435,0.9997771,-0.006049991,-0.1017552,-0.994791,0,-0.01813375,0.9946569,-0.1016312,0,-0.9998173,-0.01742443,0.007862926,0,-1.004279,-1.776968,-0.762722,1,-0.006050048,-0.01813376,-0.9998173,0,-0.1017552,0.9946568,-0.01742443,0,-0.9947912,-0.1016312,0.007862869,0,-0.9456407,1.671745,-1.029061,1,1,1,-0.01270703,-0.01553907,0.9997985,-2.011843E-05,0.001174957,-0.02063454,1.311111,42
0,0.04562533,-0.004575246,0.9998982,-0.06289228,-0.03139279,0.9998758,-0.008633566,-0.01798408,0.999887,-0.006286144,-0.1016282,-0.9948027,0,-0.01815733,0.9946699,-0.1014999,0,-0.9998155,-0.01742493,0.008098006,0,-1.004432,-1.776873,-0.7625973,1,-0.006286213,-0.01815735,-0.9998153,0,-0.1016282,0.9946699,-0.01742492,0,-0.9948025,-0.1014999,0.008097934,0,-0.9455281,1.67176,-1.029033,1,1,1,-0.008460405,-0.01877284,0.999788,1.381151E-06,0.001176193,-0.02054482,1.322222,43
0,0.04576512,-0.002642014,0.9998776,-0.0627173,-0.0300508,0.999853,-0.008476208,-0.01634641,0.9998654,-0.006664991,-0.1016349,-0.9947996,0,-0.01816119,0.9946697,-0.1014999,0,-0.999813,-0.01739026,0.008475304,0,-1.004662,-1.7768,-0.7618773,1,-0.006665016,-0.0181612,-0.9998127,0,-0.1016349,0.9946699,-0.01739024,0,-0.9947994,-0.1014999,0.008475273,0,-0.945196,1.671753,-1.028916,1,1,1,-0.008307261,-0.01716987,0.999818,2.204441E-06,0.001176605,-0.020542,1.344445,44
0,0.04537468,-0.001608008,0.9998197,-0.06407131,-0.03009797,0.9998102,-0.009348527,-0.01585299,0.9998149,-0.006806254,-0.1014384,-0.9948185,0,-0.01813772,0.9946904,-0.1013012,0,-0.9998123,-0.01735425,0.008609891,0,-1.004771,-1.776644,-0.7619019,1,-0.00680617,-0.01813771,-0.9998124,0,-0.1014384,0.9946905,-0.01735426,0,-0.9948186,-0.1013012,0.008609978,0,-0.9450127,1.671805,-1.028854,1,1,1,-0.009162785,-0.01668961,0.9998187,2.639368E-06,0.001179459,-0.02053996,1.355556,45
0,0.04465869,-0.002674965,0.9998605,-0.06386827,-0.02959869,0.9998248,-0.009605204,-0.01613708,0.9998426,-0.007306099,-0.1015802,-0.9948005,0,-0.01770283,0.9946843,-0.1014384,0,-0.9998166,-0.01686966,0.009065509,0,-1.006012,-1.776273,-0.7608748,1,-0.007306089,-0.01770283,-0.9998166,0,-0.1015802,0.9946842,-0.01686967,0,-0.9948005,-0.1014383,0.009065519,0,-0.9447028,1.671839,-1.028895,1,1,1,-0.009414114,-0.01697152,0.9998116,2.639368E-06,0.001183266,-0.02053976,1.377778,46
0,0.04321,-0.003371249,0.9999228,-0.06372896,-0.02790102,0.9998971,-0.01025969,-0.01563607,0.9999099,-0.007557631,-0.1015348,-0.9948032,0,-0.01770284,0.9946893,-0.1013887,0,-0.9998146,-0.01684459,0.009314895,0,-1.006231,-1.776179,-0.7606155,1,-0.007557578,-0.01770284,-0.9998149,0,-0.1015349,0.9946893,-0.01684459,0,-0.9948034,-0.1013887,0.009314952,0,-0.9446117,1.671816,-1.028879,1,1,1,-0.01005471,-0.01648262,0.9998136,2.631918E-06,0.001186279,-0.02053992,1.388889,47
0,0.0428973,-0.002824346,0.9998761,-0.0637105,-0.02743153,0.9998252,-0.01040725,-0.01512824,0.9998506,-0.008059382,-0.1014058,-0.9948125,0,-0.01779143,0.9947019,-0.1012504,0,-0.9998093,-0.01688312,0.009820819,0,-1.006601,-1.776084,-0.7601889,1,-0.008059363,-0.01779143,-0.9998092,0,-0.1014058,0.9947019,-0.01688312,0,-0.9948125,-0.1012504,0.009820838,0,-0.9444633,1.671796,-1.028929,1,1,1,-0.01019956,-0.01598644,0.9998202,2.280809E-06,0.001187065,-0.02053992,1.4,48
0,0.04267883,-0.003560302,0.9999286,-0.06297787,-0.02549918,0.9998797,-0.01015005,-0.01453006,0.9999041,-0.00878191,-0.1008726,-0.9948606,0,-0.01815058,0.9947512,-0.1007013,0,-0.9997967,-0.01717295,0.01056671,0,-1.006583,-1.77583,-0.7604552,1,-0.00878191,-0.01815058,-0.9997967,0,-0.1008726,0.9947512,-0.01717295,0,-0.9948605,-0.1007013,0.01056671,0,-0.9445192,1.67166,-1.028839,1,1,1,-0.009946533,-0.01540578,0.9998318,1.785345E-06,0.001193085,-0.02053933,1.422222,49
0,0.0419463,-0.003491874,0.9999211,-0.06330423,-0.02422207,0.999883,-0.01067947,-0.01385722,0.9999021,-0.009146214,-0.1008293,-0.9948618,0,-0.01824381,0.9947546,-0.1006507,0,-0.9997919,-0.01722951,0.01093769,0,-1.006823,-1.775873,-0.7600645,1,-0.009146153,-0.01824382,-0.9997917,0,-0.1008293,0.9947545,-0.01722949,0,-0.9948616,-0.1006507,0.01093775,0,-0.9444276,1.671689,-1.028897,1,1,1,-0.01046532,-0.0147494,0.9998365,1.785345E-06,0.001196388,-0.0205384,1.433333,50
0,0.0406372,-0.001605159,0.9998876,-0.06352127,-0.02414351,0.9998551,-0.01144218,-0.01287446,0.9998714,-0.009522915,-0.1004664,-0.994895,0,-0.01840294,0.9947891,-0.1002796,0,-0.9997854,-0.01735405,0.01132214,0,-1.006942,-1.775694,-0.7601915,1,-0.009522884,-0.01840295,-0.9997852,0,-0.1004664,0.9947889,-0.01735404,0,-0.9948948,-0.1002795,0.01132217,0,-0.9442971,1.671679,-1.028934,1,1,1,-0.01121344,-0.01378765,0.9998421,1.83098E-06,0.001196884,-0.02053983,1.444445,51
0,0.03921969,-0.0009813667,0.9998869,-0.06344172,-0.0227092,0.9998432,-0.01211131,-0.01184547,0.9998651,-0.01057625,-0.09979174,-0.9949521,0,-0.01840317,0.9948587,-0.09958674,0,-0.9997748,-0.01725702,0.01235831,0,-1.007978,-1.775073,-0.7598638,1,-0.0105762,-0.01840316,-0.9997746,0,-0.09979174,0.9948587,-0.01725702,0,-0.9949521,-0.09958674,0.01235836,0,-0.9438262,1.671724,-1.028993,1,1,1,-0.01186945,-0.01278003,0.9998479,2.036802E-06,0.00119738,-0.02053673,1.466667,52
0,0.03903287,0.0003446768,0.9997858,-0.0633449,-0.02251993,0.9997581,-0.01215631,-0.01108769,0.999772,-0.01144385,-0.09909517,-0.9950122,0,-0.0187987,0.9949228,-0.09887006,0,-0.9997578,-0.01757349,0.01324856,0,-1.008209,-1.774783,-0.7597283,1,-0.0114438,-0.01879871,-0.9997578,0,-0.09909517,0.9949228,-0.01757348,0,-0.9950122,-0.09887006,0.01324861,0,-0.9433491,1.671705,-1.029089,1,1,1,-0.01191505,-0.01203953,0.9998566,2.571382E-06,0.001198181,-0.02054131,1.488889,53
0,0.03771117,0.0005920872,0.9998499,-0.06245204,-0.02239563,0.9998149,-0.01237067,-0.01090202,0.9998324,-0.0118475,-0.09881337,-0.9950355,0,-0.01892086,0.9949493,-0.09857953,0,-0.9997509,-0.01765901,0.01365733,0,-1.008404,-1.774604,-0.7596496,1,-0.01184753,-0.01892087,-0.9997507,0,-0.09881337,0.9949493,-0.017659,0,-0.9950354,-0.09857953,0.01365729,0,-0.9431799,1.671675,-1.029115,1,1,1,-0.01212835,-0.01186351,0.9998561,6.614253E-06,0.001205063,-0.02055982,1.5,54
0,0.03830836,0.001674572,0.9998884,-0.06354054,-0.02144731,0.9998667,-0.01261641,-0.009886436,0.9998775,-0.01224983,-0.0985039,-0.9950613,0,-0.01901228,0.994979,-0.09826171,0,-0.9997442,-0.01771471,0.01406109,0,-1.008629,-1.77431,-0.7596288,1,-0.01224981,-0.01901229,-0.9997441,0,-0.09850391,0.994979,-0.0177147,0,-0.9950612,-0.0982617,0.0140611,0,-0.9430091,1.671583,-1.029121,1,1,1,-0.01237261,-0.01087166,0.9998644,1.085643E-05,0.001208862,-0.02056288,1.522222,55
0,0.03712641,0.001291673,0.9999238,-0.06372191,-0.02142382,0.9999204,-0.0132979,-0.01006613,0.9999222,-0.01230061,-0.09839496,-0.9950715,0,-0.01909772,0.9949883,-0.09815067,0,-0.999742,-0.01779629,0.01411808,0,-1.008579,-1.774303,-0.7596869,1,-0.0123006,-0.01909772,-0.999742,0,-0.09839495,0.9949883,-0.01779628,0,-0.9950714,-0.09815066,0.01411808,0,-0.9429313,1.671585,-1.02917,1,1,1,-0.01304441,-0.01105492,0.9998538,1.569372E-05,0.001216629,-0.02057175,1.533333,56
0,0.03734594,0.0004882063,0.9998884,-0.06474497,-0.02294038,0.9998592,-0.01369978,-0.01122609,0.9998738,-0.01267004,-0.09801285,-0.9951046,0,-0.01917746,0.9950252,-0.09776086,0,-0.9997359,-0.01784495,0.01448655,0,-1.008792,-1.774009,-0.7598648,1,-0.01266994,-0.01917746,-0.9997357,0,-0.09801284,0.9950251,-0.01784494,0,-0.9951044,-0.09776085,0.01448664,0,-0.9428018,1.671552,-1.029174,1,1,1,-0.0134419,-0.01220003,0.9998352,1.960713E-05,0.001225205,-0.02058298,1.544444,57
0,0.03820859,0.001771674,0.9998786,-0.0651647,-0.02284284,0.9999021,-0.01347788,-0.01053553,0.9998904,-0.01209176,-0.0975275,-0.9951594,0,-0.01925301,0.9950703,-0.09728485,0,-0.9997416,-0.01798348,0.01390982,0,-1.00818,-1.773671,-0.7610186,1,-0.01209172,-0.01925301,-0.9997414,0,-0.0975275,0.9950703,-0.01798347,0,-0.9951593,-0.09728484,0.01390984,0,-0.942507,1.671481,-1.029231,1,1,1,-0.01322859,-0.0115287,0.9998461,2.368912E-05,0.001231209,-0.0205909,1.566667,58
0,0.03859971,0.002488693,0.9998162,-0.06566049,-0.02265433,0.9998469,-0.01353007,-0.01008252,0.9998316,-0.01186824,-0.09724249,-0.99519,0,-0.01923081,0.9950982,-0.09700419,0,-0.9997446,-0.01798704,0.0136801,0,-1.008005,-1.773448,-0.7615784,1,-0.01186823,-0.01923081,-0.9997447,0,-0.09724251,0.9950982,-0.01798704,0,-0.99519,-0.09700418,0.01368012,0,-0.9423329,1.671494,-1.029228,1,1,1,-0.01328221,-0.01108623,0.9998503,2.5413E-05,0.001231827,-0.02059251,1.577778,59
0,0.03749886,0.004422511,0.9999289,-0.06651719,-0.02185175,0.9999632,-0.01450908,-0.008714564,0.9999461,-0.01150692,-0.09734587,-0.9951841,0,-0.01927534,0.9950867,-0.09711346,0,-0.999748,-0.01806503,0.01332676,0,-1.007578,-1.773522,-0.7616956,1,-0.01150693,-0.01927533,-0.9997481,0,-0.09734588,0.9950867,-0.01806503,0,-0.9951842,-0.09711347,0.01332675,0,-0.9422666,1.671416,-1.029212,1,1,1,-0.01424416,-0.009750774,0.999851,3.029685E-05,0.001238182,-0.02060919,1.588889,60
0,0.03736418,0.004800264,1.000013,-0.07011944,-0.02265378,1.000042,-0.01637733,-0.00892651,1.000028,-0.01069283,-0.09695472,-0.9952314,0,-0.01949745,0.9951193,-0.09673432,0,-0.9997528,-0.0183701,0.01253104,0,-1.006418,-1.77345,-0.7631141,1,-0.01069286,-0.01949744,-0.9997527,0,-0.09695472,0.9951192,-0.01837011,0,-0.9952314,-0.09673431,0.01253101,0,-0.9421809,1.671352,-1.029185,1,1,1,-0.01607827,-0.009966027,0.9998211,3.587361E-05,0.001246773,-0.02062801,1.611111,61
0,0.03817455,0.004835929,0.9999286,-0.06933276,-0.02278707,0.9999651,-0.01557863,-0.008975443,0.9999468,-0.009798527,-0.09692742,-0.9952433,0,-0.01963945,0.9951177,-0.09672183,0,-0.9997592,-0.01859831,0.01165438,0,-1.005416,-1.773682,-0.7639019,1,-0.009798612,-0.01963947,-0.999759,0,-0.09692741,0.9951177,-0.0185983,0,-0.9952431,-0.09672183,0.01165429,0,-0.9420382,1.67139,-1.029259,1,1,1,-0.01529957,-0.0100193,0.9998327,3.835279E-05,0.001251404,-0.02063554,1.633333,62
0,0.03748867,0.005554033,0.9998991,-0.06856534,-0.02357343,0.9999396,-0.01553786,-0.00900951,0.9999194,-0.009375811,-0.09707139,-0.9952334,0,-0.019633,0.995103,-0.09687373,0,-0.9997634,-0.01863115,0.01123571,0,-1.004979,-1.773824,-0.7639834,1,-0.009375822,-0.01963301,-0.9997632,0,-0.09707139,0.9951031,-0.01863114,0,-0.9952332,-0.09687374,0.0112357,0,-0.9419517,1.671398,-1.029205,1,1,1,-0.01526153,-0.0100574,0.999833,3.993977E-05,0.001256432,-0.0206366,1.644444,63
0,0.04191932,0.0105017,0.9997587,-0.06998076,-0.02314289,0.9998077,-0.01403037,-0.006320109,0.9997832,-0.00893414,-0.09706722,-0.9952376,0,-0.01966062,0.9951021,-0.0968775,0,-0.9997668,-0.01870147,0.01079881,0,-1.004555,-1.773901,-0.7642078,1,-0.008934171,-0.01966063,-0.9997669,0,-0.09706724,0.9951022,-0.01870147,0,-0.9952379,-0.09687752,0.01079878,0,-0.9417311,1.671428,-1.029243,1,1,1,-0.0137434,-0.007378802,0.9998783,-6.111339E-06,0.001209335,-0.02051185,1.655556,64
0,0.0604165,0.004953277,0.999944,-0.05784485,-0.02333639,0.9999769,0.001286143,-0.009191255,0.9999605,-0.008265495,-0.09722589,-0.995228,0,-0.01965116,0.9950856,-0.09704877,0,-0.9997727,-0.01875523,0.01013553,0,-1.003988,-1.774074,-0.7644783,1,-0.008265549,-0.01965117,-0.9997727,0,-0.09722588,0.9950855,-0.01875523,0,-0.995228,-0.09704877,0.01013548,0,-0.9416147,1.671434,-1.029285,1,1,1,0.001348789,-0.01021035,0.999947,-9.044632E-05,0.00122998,-0.0206599,1.677778,65
0,0.06076772,0.006642996,0.9999757,-0.05189158,-0.02755309,1.000011,0.004438418,-0.01045462,0.9999933,-0.007895112,-0.09742533,-0.9952115,0,-0.01959315,0.9950665,-0.09725569,0,-0.9997769,-0.01873148,0.009765029,0,-1.003798,-1.774221,-0.7644955,1,-0.00789511,-0.01959314,-0.9997768,0,-0.09742531,0.9950665,-0.01873149,0,-0.9952115,-0.0972557,0.009765031,0,-0.9416139,1.671449,-1.029342,1,1,1,0.00442055,-0.0114205,0.999925,-7.299799E-05,0.001200813,-0.02052082,1.688889,66
0,0.05925769,0.004769098,0.9997621,-0.05215345,-0.02704906,0.9997997,0.00355232,-0.01113962,0.999781,-0.007501483,-0.09723273,-0.9952335,0,-0.01946746,0.995087,-0.09707169,0,-0.9997824,-0.0186465,0.009357452,0,-1.003848,-1.774011,-0.7649361,1,-0.007501429,-0.01946747,-0.9997823,0,-0.09723271,0.995087,-0.01864649,0,-0.9952332,-0.09707168,0.009357501,0,-0.941312,1.671499,-1.029551,1,1,1,0.003556991,-0.01209273,0.9999205,-7.678941E-05,0.001199135,-0.02051531,1.711111,67
0,0.05893459,0.004663224,0.9999257,-0.05310998,-0.02737989,0.9999086,0.002912074,-0.01135858,0.9999171,-0.007582545,-0.09745587,-0.9952109,0,-0.0195429,0.995064,-0.09729257,0,-0.9997802,-0.01871158,0.00944972,0,-1.003888,-1.774272,-0.76437,1,-0.007582579,-0.0195429,-0.9997804,0,-0.09745587,0.9950638,-0.01871158,0,-0.995211,-0.09729257,0.009449688,0,-0.9412347,1.671527,-1.029643,1,1,1,0.002931046,-0.01230673,0.99992,-7.913914E-05,0.001200813,-0.02052216,1.722222,68
0,0.0573656,0.003345244,0.9997489,-0.0576678,-0.0232063,0.9997523,-0.0001508612,-0.009930523,0.9997506,-0.007519007,-0.09736858,-0.99522,0,-0.02010402,0.9950617,-0.09720121,0,-0.9997696,-0.01927707,0.009439349,0,-1.002956,-1.77476,-0.7642916,1,-0.00751898,-0.02010402,-0.9997696,0,-0.0973686,0.9950618,-0.01927707,0,-0.9952199,-0.09720121,0.009439376,0,-0.9409853,1.671542,-1.029722,1,1,1,-5.698132E-05,-0.01093564,0.9999402,-9.285007E-05,0.001228676,-0.0206599,1.733333,69
0,0.05748041,0.002552148,0.9999847,-0.05808145,-0.02235446,0.9999894,-0.0003002803,-0.00990115,0.9999871,-0.007529378,-0.0975089,-0.9952061,0,-0.02095909,0.9950311,-0.09733318,0,-0.9997519,-0.02012576,0.00953567,0,-1.001705,-1.775624,-0.7638589,1,-0.007529387,-0.02095909,-0.9997521,0,-0.0975089,0.9950311,-0.02012576,0,-0.9952062,-0.09733318,0.009535666,0,-0.9408786,1.671457,-1.029909,1,1,1,-0.0002020141,-0.01090518,0.9999406,-9.40552E-05,0.001229683,-0.02066689,1.755556,70
0,0.05749518,0.002305172,0.9999288,-0.05876917,-0.02142099,0.9999266,-0.0006371662,-0.009558154,0.9999277,-0.007483125,-0.09759924,-0.9951977,0,-0.02145053,0.9950122,-0.09741975,0,-0.999742,-0.02061852,0.009539366,0,-1.000911,-1.776173,-0.763631,1,-0.007483134,-0.02145054,-0.9997419,0,-0.09759923,0.9950122,-0.02061851,0,-0.9951976,-0.09741975,0.009539355,0,-0.9408069,1.671451,-1.029991,1,1,1,-0.000530351,-0.01056955,0.999944,-9.582564E-05,0.001229759,-0.02067819,1.766667,71
0,0.05769511,0.001881709,0.9997619,-0.05903218,-0.02206091,0.9997731,-0.0006683599,-0.01008953,0.9997675,-0.0074296,-0.09719047,-0.9952381,0,-0.02182008,0.9950444,-0.09700866,0,-0.9997343,-0.02099544,0.009513497,0,-1.000483,-1.776183,-0.7640098,1,-0.007429611,-0.02182008,-0.9997342,0,-0.09719047,0.9950443,-0.02099544,0,-0.9952381,-0.09700865,0.009513483,0,-0.940433,1.671435,-1.030241,1,1,1,-0.0005611809,-0.0110888,0.9999383,-9.568781E-05,0.00122686,-0.02067936,1.788889,72
0,0.05793563,0.001241802,0.9999238,-0.05925418,-0.02211688,0.999935,-0.0006592204,-0.01043735,0.9999294,-0.007423878,-0.0967253,-0.9952835,0,-0.02184437,0.9950891,-0.09654348,0,-0.9997339,-0.02102462,0.009500265,0,-1.000507,-1.775815,-0.7647679,1,-0.007423818,-0.02184437,-0.9997337,0,-0.09672529,0.9950889,-0.02102461,0,-0.9952834,-0.09654346,0.009500321,0,-0.9403545,1.671405,-1.030311,1,1,1,-0.0005532537,-0.01142461,0.9999346,-9.461213E-05,0.001223442,-0.0206812,1.8,73
0,0.05790392,0.001428666,0.9999197,-0.05945675,-0.02263101,0.9999131,-0.0007765121,-0.01060094,0.9999164,-0.007507563,-0.09598264,-0.9953547,0,-0.02270627,0.9951425,-0.09579091,0,-0.9997139,-0.02188164,0.009650469,0,-0.9992769,-1.775985,-0.7657475,1,-0.007507531,-0.02270627,-0.9997141,0,-0.09598263,0.9951425,-0.02188163,0,-0.9953548,-0.09579091,0.009650502,0,-0.9401563,1.671317,-1.030463,1,1,1,-0.0006680489,-0.01158496,0.9999326,-9.461213E-05,0.001223442,-0.0206849,1.822222,74
0,0.05814218,0.001366665,1.000009,-0.05978664,-0.02278856,0.9999935,-0.0008225599,-0.01071101,1.000001,-0.007667184,-0.09575497,-0.9953754,0,-0.02289942,0.9951605,-0.0955579,0,-0.9997084,-0.02206086,0.009822845,0,-0.9991518,-1.775914,-0.7659777,1,-0.007667217,-0.02289943,-0.9997084,0,-0.09575496,0.9951604,-0.02206086,0,-0.9953754,-0.0955579,0.009822812,0,-0.9401487,1.671244,-1.030514,1,1,1,-0.000713803,-0.01169197,0.9999315,-9.386428E-05,0.001223442,-0.02068553,1.833333,75
0,0.05843878,0.0009603566,0.9999211,-0.05956484,-0.02272816,0.9999242,-0.0005628578,-0.01088384,0.9999227,-0.007635117,-0.09571438,-0.9953796,0,-0.02305381,0.9951609,-0.09551651,0,-0.9997051,-0.02221802,0.009804726,0,-0.9989453,-1.776004,-0.7659917,1,-0.007635091,-0.02305381,-0.999705,0,-0.09571437,0.9951608,-0.02221801,0,-0.9953796,-0.0955165,0.00980475,0,-0.9400686,1.671215,-1.030599,1,1,1,-0.00046151,-0.01185965,0.9999296,-9.230059E-05,0.001221367,-0.02068185,1.844445,76
0,0.05848795,0.001241167,0.9999548,-0.05967146,-0.02147546,0.999966,-0.0005916348,-0.01011708,0.9999604,-0.007636666,-0.09509176,-0.9954393,0,-0.02322389,0.9952166,-0.09489233,0,-0.9997011,-0.02239332,0.009808421,0,-0.9988678,-1.775609,-0.7670162,1,-0.007636548,-0.02322389,-0.9997011,0,-0.09509175,0.9952166,-0.02239331,0,-0.9954391,-0.09489232,0.009808537,0,-0.9399916,1.671134,-1.030808,1,1,1,-0.0004913174,-0.01110381,0.9999382,-8.992013E-05,0.001216492,-0.0206687,1.866667,77
0,0.05680785,0.002077312,0.9999198,-0.05907193,-0.02234865,0.9999272,-0.0011321,-0.01013578,0.9999234,-0.007675409,-0.09460658,-0.9954852,0,-0.02321984,0.9952629,-0.09440643,0,-0.9997009,-0.02239039,0.009835839,0,-0.9989604,-1.775204,-0.7677615,1,-0.00767545,-0.02321984,-0.999701,0,-0.09460658,0.9952629,-0.0223904,0,-0.9954851,-0.09440643,0.0098358,0,-0.9399086,1.671118,-1.030858,1,1,1,-0.001025815,-0.01111876,0.9999377,-8.520484E-05,0.001212814,-0.02065412,1.877778,78
0,0.05537298,0.002061934,0.9999121,-0.05903887,-0.02164994,0.9999294,-0.001832767,-0.009794055,0.9999207,-0.007649422,-0.09410514,-0.995533,0,-0.02300713,0.995315,-0.09390777,0,-0.9997061,-0.02218603,0.009778738,0,-0.9993927,-1.774591,-0.7686139,1,-0.007649482,-0.02300714,-0.9997059,0,-0.09410515,0.9953151,-0.02218601,0,-0.9955328,-0.09390776,0.009778671,0,-0.9398233,1.671105,-1.030954,1,1,1,-0.001713201,-0.01078285,0.9999405,-8.414499E-05,0.001211205,-0.02065459,1.888889,79
0,0.05208458,0.002668618,0.9998301,-0.05943865,-0.01856733,0.9998508,-0.003676916,-0.0079493,0.9998405,-0.007426262,-0.09312975,-0.9956264,0,-0.02291642,0.9954081,-0.09293842,0,-0.9997099,-0.02212601,0.009526372,0,-0.999445,-1.773711,-0.7703435,1,-0.00742627,-0.02291642,-0.9997097,0,-0.09312975,0.9954081,-0.022126,0,-0.9956262,-0.0929384,0.009526359,0,-0.9395816,1.671068,-1.031061,1,1,1,-0.003522281,-0.008973839,0.9999535,-8.210074E-05,0.001209122,-0.02065373,1.911111,80
0,0.05154873,0.003526356,1.000145,-0.05945962,-0.01799867,1.000188,-0.003955023,-0.007236201,1.000167,-0.006841183,-0.09280839,-0.9956606,0,-0.02280214,0.9954394,-0.0926311,0,-0.9997167,-0.0220695,0.008926272,0,-0.9991305,-1.773329,-0.7716001,1,-0.006841239,-0.02280216,-0.9997165,0,-0.09280838,0.9954394,-0.02206949,0,-0.9956604,-0.09263109,0.008926211,0,-0.9396667,1.670985,-1.031096,1,1,1,-0.003796939,-0.008271536,0.9999585,-7.910095E-05,0.00120797,-0.02064591,1.933333,81
0,0.05137633,0.003635366,0.9999667,-0.05412006,-0.02393564,0.9999664,-0.00137189,-0.01015025,0.9999666,-0.006848097,-0.09278311,-0.9956629,0,-0.02283051,0.9954411,-0.09260543,0,-0.999716,-0.02209733,0.008935094,0,-0.999079,-1.773297,-0.7716023,1,-0.006848026,-0.02283051,-0.9997157,0,-0.0927831,0.9954411,-0.02209731,0,-0.9956627,-0.09260541,0.00893516,0,-0.9396293,1.670949,-1.031086,1,1,1,-0.001283266,-0.01111559,0.9999374,-6.233994E-05,0.001193924,-0.02050421,1.944445,82
0,0.05252162,0.006456846,1.000014,-0.0543851,-0.02200575,1.00006,-0.0009312402,-0.007774145,1.000037,-0.006418228,-0.09276238,-0.9956677,0,-0.02284162,0.9954419,-0.09259412,0,-0.9997185,-0.02214838,0.008507729,0,-0.9987429,-1.773368,-0.7721027,1,-0.006418138,-0.02284162,-0.9997184,0,-0.09276238,0.995442,-0.02214837,0,-0.9956675,-0.09259411,0.008507815,0,-0.9396694,1.67098,-1.03117,1,1,1,-0.0008550231,-0.008787549,0.999961,-5.860161E-05,0.00119416,-0.02050419,1.955556,83
0,0.05244509,0.008485905,0.9999478,-0.05438135,-0.02201961,0.9999832,-0.0009677783,-0.00676666,0.9999655,-0.005732298,-0.0925091,-0.9956955,0,-0.02293762,0.9954619,-0.09235536,0,-0.9997206,-0.02230947,0.007828236,0,-0.9979833,-1.773351,-0.7730424,1,-0.00573231,-0.02293762,-0.9997204,0,-0.09250908,0.9954619,-0.02230947,0,-0.9956952,-0.09235535,0.007828221,0,-0.9394866,1.671018,-1.031215,1,1,1,-0.0008930753,-0.007802721,0.9999692,-5.649496E-05,0.001196014,-0.02050261,1.977778,84
