flag,xl,yl,zl,xr,yr,zr,xc,yc,zc,mat_00,mat_10,mat_20,mat_30,mat_01,mat_11,mat_21,mat_31,mat_02,mat_12,mat_22,mat_32,mat_03,mat_13,mat_23,mat_33,ctw_00,ctw_10,ctw_20,ctw_30,ctw_01,ctw_11,ctw_21,ctw_31,ctw_02,ctw_12,ctw_22,ctw_32,ctw_03,ctw_13,ctw_23,ctw_33,opennessl,opennessr,ray_x,ray_y,ray_z,eye_x,eye_y,eye_z,time,frame
6,-0.08015285,-0.05959536,0.9999397,-0.1675581,-0.1864266,0.9998975,-0.1238557,-0.1230123,0.9999186,0.01393813,-0.04374746,-0.9989454,0,0.05263408,0.9976895,-0.04295807,0,-0.9985166,0.05197981,-0.01620853,0,-1.029288,-1.595403,-0.6985879,1,0.01393813,0.05263407,-0.9985166,0,-0.04374746,0.9976894,0.05197981,0,-0.9989454,-0.04295806,-0.01620853,0,-0.7532996,1.615882,-0.9561558,1,0.6755465,0.7201479,-0.1193468,-0.1147565,0.9861984,0.0004356531,-0.003501976,-0.027138,7.033333,412
6,-0.08015917,-0.0595993,1.0,-0.1675714,-0.1864452,0.9999999,-0.1238654,-0.1230223,1.0,0.01393813,-0.04374746,-0.9989454,0,0.05263408,0.9976895,-0.04295807,0,-0.9985166,0.05197981,-0.01620853,0,-1.029288,-1.595403,-0.6985879,1,0.01393813,0.05263407,-0.9985166,0,-0.04374746,0.9976894,0.05197981,0,-0.9989454,-0.04295806,-0.01620853,0,-0.7532996,1.615882,-0.9561558,1,0.6755465,0.7201479,-0.1193468,-0.1147565,0.9861984,0.0004356531,-0.003501976,-0.027138,7.044445,413
6,-0.07971176,-0.052891,0.9999291,-0.1667295,-0.1868214,0.9999894,-0.1232204,-0.1198542,0.9999592,0.01351476,-0.04304057,-0.998982,0,0.05260708,0.9977201,-0.0422745,0,-0.9985239,0.05198219,-0.0157482,0,-1.029559,-1.594859,-0.6990831,1,0.01351477,0.05260708,-0.9985238,0,-0.04304056,0.9977201,0.05198219,0,-0.9989818,-0.0422745,-0.01574818,0,-0.7531007,1.615832,-0.9561439,1,0.6823418,0.7490572,-0.1187834,-0.1117697,0.9866094,0.0004384527,-0.003497162,-0.02714643,7.066667,414
6,-0.07615892,-0.05006077,0.9999847,-0.1658625,-0.1835376,1.00003,-0.1210104,-0.1167977,1.000007,0.01344532,-0.04266191,-0.9989991,0,0.05280133,0.9977257,-0.04189688,0,-0.9985145,0.05218517,-0.01566738,0,-1.029928,-1.594383,-0.6995989,1,0.01344535,0.05280133,-0.9985145,0,-0.0426619,0.9977258,0.05218516,0,-0.998999,-0.04189688,-0.01566734,0,-0.7530703,1.615828,-0.9561558,1,0.6661305,0.720351,-0.1167232,-0.1088905,0.9871771,0.0004398571,-0.003497071,-0.02714967,7.077778,415
6,-0.07615495,-0.05060757,0.9999313,-0.165042,-0.1762812,0.999944,-0.1205984,-0.113444,0.9999377,0.01312399,-0.04233952,-0.9990171,0,0.05290604,0.9977331,-0.04159007,0,-0.9985133,0.05230822,-0.01533425,0,-1.030332,-1.594038,-0.6997286,1,0.01312398,0.05290604,-0.9985132,0,-0.04233951,0.9977331,0.05230821,0,-0.9990171,-0.04159008,-0.01533425,0,-0.7530095,1.615833,-0.9561489,1,0.6800852,0.7536784,-0.1163803,-0.1057182,0.9875622,0.0004400173,-0.003494667,-0.02715186,7.088889,416
6,-0.07920124,-0.05430899,1.000033,-0.1646913,-0.1704699,1.000039,-0.1219465,-0.1123891,1.000036,0.01312768,-0.04217084,-0.9990243,0,0.05329865,0.9977194,-0.04141538,0,-0.9984925,0.05270295,-0.01534539,0,-1.030927,-1.593454,-0.7000599,1,0.01312768,0.05329864,-0.9984921,0,-0.04217082,0.9977194,0.05270294,0,-0.999024,-0.04141538,-0.01534539,0,-0.7530403,1.615774,-0.9561355,1,0.6804447,0.7606363,-0.1176587,-0.1046918,0.9875201,0.0004391856,-0.003491615,-0.02715711,7.111111,417
6,-0.07928776,-0.05439198,1.000101,-0.1638233,-0.1699949,1.000063,-0.1215557,-0.1121944,1.000082,0.01322812,-0.04257613,-0.9990057,0,0.05338199,0.9976984,-0.04181356,0,-0.9984866,0.05277579,-0.0154705,0,-1.03097,-1.593632,-0.6996363,1,0.01322815,0.05338199,-0.9984865,0,-0.04257612,0.9976983,0.05277579,0,-0.9990056,-0.04181356,-0.01547047,0,-0.7531535,1.615745,-0.9561279,1,0.6333506,0.7384566,-0.1172862,-0.1045079,0.9875839,0.0004397118,-0.00349009,-0.02715728,7.122222,418
6,-0.07875152,-0.05167674,1.000001,-0.163714,-0.169865,0.9999897,-0.1212328,-0.1107711,0.9999955,0.01355577,-0.04308303,-0.9989796,0,0.05346163,0.9976735,-0.04230125,0,-0.9984779,0.05283365,-0.01582754,0,-1.030858,-1.593926,-0.6991342,1,0.01355578,0.05346163,-0.9984779,0,-0.04308303,0.9976736,0.05283365,0,-0.9989795,-0.04230125,-0.01582752,0,-0.7531178,1.615755,-0.9561414,1,0.6870491,0.737722,-0.1170061,-0.1031679,0.9877581,0.0004401701,-0.003488594,-0.02715879,7.144444,419
6,-0.0790668,-0.05483979,0.9999592,-0.1644316,-0.1699014,0.999956,-0.1217493,-0.1123707,0.9999576,0.01347917,-0.0430585,-0.9989817,0,0.05355491,0.9976695,-0.04227933,0,-0.9984739,0.05293049,-0.01575375,0,-1.031044,-1.593805,-0.6990641,1,0.01347916,0.05355491,-0.9984739,0,-0.04305849,0.9976694,0.05293049,0,-0.9989815,-0.04227933,-0.01575375,0,-0.7530813,1.615752,-0.9561225,1,0.6884174,0.7284089,-0.117479,-0.1046898,0.9875417,0.0004375456,-0.003485672,-0.02715879,7.155556,420
6,-0.08093019,-0.05749857,1.000072,-0.1644382,-0.1687505,1.000054,-0.1226842,-0.1131251,1.000063,0.01326734,-0.04306161,-0.9989843,0,0.05350256,0.9976716,-0.04229447,0,-0.9984796,0.05288709,-0.01554036,0,-1.031064,-1.593786,-0.6989272,1,0.01326735,0.05350256,-0.9984795,0,-0.04306162,0.9976717,0.05288709,0,-0.9989843,-0.04229447,-0.01554035,0,-0.7531689,1.615679,-0.9560676,1,0.6754076,0.7523091,-0.1183443,-0.1053869,0.9873643,0.0004372019,-0.003484474,-0.02715721,7.166667,421
6,-0.08130596,-0.06197328,0.99989,-0.1628587,-0.1590017,0.9998719,-0.1220825,-0.1104879,0.9998809,0.0130266,-0.04281563,-0.9989981,0,0.0537729,0.9976671,-0.04205741,0,-0.9984682,0.05317117,-0.01529855,0,-1.031647,-1.593372,-0.6989837,1,0.01302661,0.05377291,-0.9984682,0,-0.04281564,0.9976672,0.05317116,0,-0.998998,-0.04205741,-0.01529853,0,-0.7530657,1.615732,-0.9560384,1,0.6956913,0.7394781,-0.1178252,-0.1029046,0.9876881,0.0004363107,-0.003484123,-0.02715206,7.188889,422
6,-0.08153245,-0.06206266,0.999761,-0.162838,-0.1594734,0.9997548,-0.1221852,-0.1107681,0.9997578,0.01282054,-0.04270358,-0.9990057,0,0.05367773,0.9976764,-0.0419579,0,-0.9984761,0.05308643,-0.01508296,0,-1.031603,-1.593373,-0.6987151,1,0.01282051,0.05367772,-0.9984758,0,-0.04270357,0.9976764,0.05308642,0,-0.9990053,-0.04195789,-0.01508298,0,-0.7528371,1.615728,-0.9559825,1,0.6888251,0.7581123,-0.117933,-0.1031828,0.9876462,0.0004359363,-0.003483704,-0.02715053,7.2,423
6,-0.08161969,-0.06661908,1.000134,-0.1650211,-0.1595561,1.000139,-0.1233204,-0.1130875,1.000136,0.01261723,-0.04241406,-0.9990205,0,0.05402678,0.9976695,-0.04167436,0,-0.9984598,0.05344804,-0.01487935,0,-1.032137,-1.592773,-0.6990773,1,0.01261725,0.05402678,-0.9984597,0,-0.04241406,0.9976695,0.05344804,0,-0.9990205,-0.04167436,-0.01487932,0,-0.7529257,1.61569,-0.9558184,1,0.6888251,0.7581123,-0.1189373,-0.1053379,0.9872983,0.0004336853,-0.003483521,-0.02714597,7.222222,424
6,-0.08088042,-0.06647691,0.99997,-0.1667364,-0.1609485,0.9999516,-0.1238084,-0.113713,0.9999608,0.01258081,-0.04257315,-0.9990142,0,0.05397803,0.9976653,-0.0418359,0,-0.998463,0.05339849,-0.01484942,0,-1.032,-1.592919,-0.6987668,1,0.01258078,0.05397803,-0.9984628,0,-0.04257314,0.9976654,0.05339849,0,-0.9990141,-0.04183591,-0.01484945,0,-0.7529101,1.615672,-0.9557301,1,0.716554,0.7432873,-0.119409,-0.1059443,0.9871764,0.000430298,-0.003484146,-0.02714388,7.233334,425
6,-0.08158939,-0.0676411,0.9999496,-0.167186,-0.1598302,0.9999454,-0.1243877,-0.1137357,0.9999474,0.01257783,-0.04276643,-0.9990059,0,0.05415872,0.9976475,-0.0420264,0,-0.9984531,0.05357628,-0.01486439,0,-1.032209,-1.592867,-0.6985753,1,0.0125778,0.05415872,-0.998453,0,-0.04276643,0.9976476,0.05357628,0,-0.9990059,-0.0420264,-0.01486442,0,-0.7530192,1.615665,-0.9556559,1,0.7107813,0.7539562,-0.1199597,-0.105959,0.9871081,0.000430298,-0.00348568,-0.02713853,7.255556,426
6,-0.08168861,-0.07385852,0.9998762,-0.1662462,-0.1612568,0.9998919,-0.1239672,-0.1175574,0.9998841,0.01257569,-0.04258121,-0.9990139,0,0.05411229,0.9976578,-0.04184224,0,-0.9984558,0.05353273,-0.01485038,0,-1.032142,-1.592848,-0.6987283,1,0.01257566,0.05411228,-0.9984555,0,-0.04258121,0.9976578,0.05353272,0,-0.9990138,-0.04184224,-0.01485039,0,-0.7528847,1.615733,-0.955655,1,0.6765879,0.7521539,-0.119522,-0.1096,0.9867635,0.0004301528,-0.003486939,-0.02713087,7.266667,427
6,-0.08305773,-0.07394063,0.9999551,-0.1672237,-0.1617598,0.999949,-0.1251408,-0.1178502,0.9999522,0.01257145,-0.04265092,-0.9990109,0,0.054211,0.9976496,-0.04191061,0,-0.9984504,0.0536305,-0.01485407,0,-1.032172,-1.59281,-0.6985793,1,0.01257147,0.054211,-0.9984503,0,-0.04265092,0.9976496,0.0536305,0,-0.9990109,-0.04191062,-0.01485405,0,-0.7528472,1.615744,-0.9555263,1,0.6826853,0.7434215,-0.1206223,-0.1098555,0.9866013,0.0004299022,-0.003488007,-0.0271241,7.277778,428
6,-0.08088746,-0.07445073,0.9999892,-0.1675298,-0.1620656,1.000002,-0.1242085,-0.1182578,0.9999957,0.01245821,-0.04235045,-0.9990252,0,0.05420078,0.9976624,-0.04161678,0,-0.9984524,0.05362947,-0.01472449,0,-1.032107,-1.592548,-0.6987343,1,0.01245819,0.05420077,-0.9984523,0,-0.04235045,0.9976624,0.05362947,0,-0.9990251,-0.04161678,-0.01472451,0,-0.7526401,1.615687,-0.955391,1,0.6963495,0.7416723,-0.1197304,-0.1102507,0.9866658,0.0004300158,-0.003487664,-0.02711672,7.3,429
6,-0.08088449,-0.07446621,0.9999668,-0.1602914,-0.1643823,1.000023,-0.1205877,-0.1194229,0.9999948,0.01275176,-0.04197852,-0.9990372,0,0.05401812,0.9976883,-0.04123235,0,-0.9984586,0.05344032,-0.01498991,0,-1.031553,-1.592452,-0.699534,1,0.01275179,0.05401811,-0.9984585,0,-0.04197852,0.9976883,0.05344032,0,-0.999037,-0.04123235,-0.01498988,0,-0.752555,1.61565,-0.9553477,1,0.701943,0.7563999,-0.1162567,-0.1114155,0.9869503,0.0003996966,-0.003473839,-0.02711551,7.311111,430
6,-0.07761092,-0.06669708,0.999911,-0.1562107,-0.1580608,0.9999504,-0.1169106,-0.1123781,0.9999307,0.01284182,-0.04129616,-0.9990644,0,0.05387047,0.9977243,-0.04054832,0,-0.9984654,0.05329936,-0.01503724,0,-1.031164,-1.592034,-0.7004338,1,0.01284182,0.05387047,-0.9984653,0,-0.04129615,0.9977243,0.05329935,0,-0.9990643,-0.04054833,-0.01503724,0,-0.7522812,1.615559,-0.9552596,1,0.6857946,0.7466787,-0.1128735,-0.1047505,0.9880723,0.0004046094,-0.003505585,-0.02702278,7.333333,431
6,-0.07313767,-0.0646514,0.9998257,-0.1590171,-0.1584935,0.9998861,-0.116077,-0.1115711,0.9998559,0.0130111,-0.04081374,-0.9990821,0,0.05399081,0.9977377,-0.0400557,0,-0.9984568,0.05342008,-0.01518518,0,-1.031161,-1.591562,-0.7011657,1,0.01301104,0.05399079,-0.9984565,0,-0.04081373,0.9977377,0.05342007,0,-0.999082,-0.0400557,-0.01518523,0,-0.7520632,1.615549,-0.9551953,1,0.6445405,0.7456208,-0.1121048,-0.1039992,0.9882392,0.0004107365,-0.003505943,-0.02702141,7.344445,432
6,-0.0647478,-0.06026645,0.9997566,-0.1593445,-0.1586162,0.9997896,-0.112046,-0.1094405,0.9997731,0.01281697,-0.04012898,-0.9991124,0,0.05409293,0.997759,-0.0393807,0,-0.9984537,0.05354017,-0.01495898,0,-1.031352,-1.590945,-0.7016634,1,0.012817,0.05409292,-0.9984535,0,-0.04012898,0.9977591,0.05354016,0,-0.9991123,-0.0393807,-0.01495893,0,-0.7516646,1.615537,-0.9550734,1,0.6914245,0.7318243,-0.1082972,-0.1020206,0.9888698,0.0004045647,-0.00350763,-0.0270183,7.366667,433
6,-0.07265623,-0.06059111,0.9998359,-0.1594047,-0.1602523,0.9998215,-0.1160306,-0.110422,0.9998289,0.01264769,-0.04011327,-0.9991151,0,0.05380784,0.9977745,-0.0393783,0,-0.9984713,0.05326218,-0.01477796,0,-1.031021,-1.591172,-0.7013448,1,0.0126477,0.05380782,-0.9984711,0,-0.04011327,0.9977745,0.05326217,0,-0.9991151,-0.0393783,-0.01477795,0,-0.7515113,1.61549,-0.9550594,1,0.6992186,0.7686821,-0.1120493,-0.1029058,0.9883599,0.0003735889,-0.003516945,-0.02694319,7.377778,434
6,-0.07037971,-0.05590164,0.999983,-0.160798,-0.1577314,0.9999952,-0.1155887,-0.1068162,0.9999892,0.01223314,-0.03962477,-0.9991399,0,0.05365923,0.9978008,-0.03891467,0,-0.9984845,0.05313702,-0.01433247,0,-1.030999,-1.590874,-0.7014199,1,0.01223314,0.05365922,-0.9984843,0,-0.03962475,0.9978008,0.05313702,0,-0.9991395,-0.03891467,-0.01433246,0,-0.751242,1.615402,-0.954955,1,0.7105593,0.7610816,-0.1116503,-0.0994597,0.9887578,0.0003686296,-0.003519974,-0.02691098,7.4,435
6,-0.07110726,-0.05640509,0.9998825,-0.1616711,-0.158896,0.9999031,-0.1163891,-0.1076502,0.9998929,0.01199877,-0.03922134,-0.9991586,0,0.05374595,0.9978113,-0.03852302,0,-0.9984826,0.05323849,-0.01408046,0,-1.031219,-1.590466,-0.7017018,1,0.01199874,0.05374594,-0.9984825,0,-0.03922132,0.9978113,0.0532385,0,-0.9991584,-0.03852302,-0.0140805,0,-0.7511181,1.615378,-0.9548604,1,0.6842062,0.7742666,-0.1124092,-0.1002537,0.9885917,0.0003643958,-0.003522179,-0.02690466,7.411111,436
6,-0.06988908,-0.05098043,0.9999151,-0.1623449,-0.1616173,0.9999299,-0.1161169,-0.1062984,0.9999225,0.01167136,-0.0388276,-0.9991778,0,0.05400295,0.997812,-0.03814372,0,-0.9984726,0.05351335,-0.01374269,0,-1.031819,-1.589914,-0.7019234,1,0.01167142,0.05400294,-0.9984725,0,-0.0388276,0.997812,0.05351335,0,-0.9991777,-0.03814372,-0.01374263,0,-0.7510359,1.615382,-0.954808,1,0.7239709,0.7564451,-0.1121606,-0.09896744,0.9887494,0.0003604814,-0.003522194,-0.02688037,7.422223,437
6,-0.06836461,-0.04981243,0.9998093,-0.1627302,-0.1616788,0.9997458,-0.1155479,-0.1057472,0.9997774,0.01103967,-0.03860776,-0.9991935,0,0.05503848,0.997763,-0.03794439,0,-0.9984233,0.05457519,-0.0131399,0,-1.033767,-1.588566,-0.7013867,1,0.01103969,0.05503847,-0.9984231,0,-0.03860775,0.9977629,0.05457519,0,-0.9991934,-0.03794439,-0.01313989,0,-0.7507395,1.615296,-0.9546562,1,0.6663818,0.7670164,-0.1116395,-0.09846323,0.9888588,0.0003590006,-0.003520638,-0.02687926,7.444445,438
6,-0.06701474,-0.04615561,0.9998329,-0.1629423,-0.1623098,0.9997886,-0.1149789,-0.1042339,0.9998106,0.01078469,-0.03880099,-0.9991887,0,0.0555374,0.9977277,-0.03814481,0,-0.9983984,0.05508097,-0.01291507,0,-1.034639,-1.588143,-0.7007021,1,0.01078468,0.0555374,-0.9983984,0,-0.03880099,0.9977277,0.05508097,0,-0.9991888,-0.03814482,-0.01291509,0,-0.7505969,1.615267,-0.9545546,1,0.6363184,0.7710505,-0.1111103,-0.09702475,0.9890605,0.0003585517,-0.003517754,-0.02687926,7.455556,439
6,-0.07032365,-0.05360166,0.999816,-0.1629717,-0.1623377,0.99975,-0.1166481,-0.1079714,0.9997829,0.0102278,-0.03935611,-0.999173,0,0.0561522,0.9976711,-0.03872216,0,-0.9983699,0.05570971,-0.01241392,0,-1.035832,-1.587894,-0.6988945,1,0.01022781,0.05615219,-0.9983698,0,-0.03935611,0.997671,0.05570971,0,-0.9991728,-0.03872216,-0.01241391,0,-0.7502154,1.615297,-0.9543585,1,0.6986012,0.7350408,-0.1126607,-0.1005767,0.9885301,0.0003584912,-0.003515412,-0.02688006,7.477778,440
6,-0.0713428,-0.05446073,0.9999318,-0.1630432,-0.1632351,0.9999382,-0.117193,-0.1088477,0.999935,0.01031673,-0.03938969,-0.9991707,0,0.056561,0.997647,-0.03874562,0,-0.9983459,0.05611436,-0.01252043,0,-1.036312,-1.587428,-0.6988823,1,0.01031679,0.056561,-0.9983459,0,-0.03938969,0.9976471,0.05611437,0,-0.9991707,-0.03874562,-0.01252038,0,-0.7501397,1.615229,-0.9542703,1,0.6600465,0.7430676,-0.1131527,-0.1013924,0.9883906,0.000358521,-0.003513855,-0.02687753,7.488889,441
6,-0.06848489,-0.05289508,0.9999088,-0.1634493,-0.1635306,0.9998995,-0.1159673,-0.1082129,0.9999042,0.01012331,-0.03930179,-0.9991761,0,0.0564228,0.9976578,-0.03867042,0,-0.9983556,0.05598484,-0.01231712,0,-1.036206,-1.587523,-0.6987317,1,0.01012331,0.0564228,-0.9983556,0,-0.0393018,0.9976578,0.05598484,0,-0.9991761,-0.03867042,-0.01231712,0,-0.7500587,1.615251,-0.9542317,1,0.6638395,0.7491968,-0.1119983,-0.1008054,0.9885821,0.0003586421,-0.003512703,-0.02687635,7.5,442
6,-0.07196788,-0.05768413,0.9997609,-0.1641656,-0.1635288,0.9997872,-0.1180667,-0.1106057,0.999774,0.01004261,-0.03887622,-0.9991936,0,0.05630864,0.9976804,-0.0382514,0,-0.998363,0.05587908,-0.0122084,0,-1.036049,-1.58728,-0.6989702,1,0.01004263,0.05630864,-0.9983628,0,-0.03887621,0.9976804,0.05587908,0,-0.9991935,-0.0382514,-0.01220838,0,-0.7497093,1.6152,-0.9541903,1,0.6626403,0.7386565,-0.1139789,-0.1030845,0.9881206,0.0003598789,-0.003498719,-0.02690338,7.522223,443
6,-0.06603079,-0.05793104,0.9998309,-0.1641493,-0.1634519,0.9998205,-0.1150901,-0.1106917,0.9998257,0.009827375,-0.03877104,-0.9991999,0,0.05622716,0.9976885,-0.03815939,0,-0.9983697,0.05580715,-0.01198465,0,-1.036062,-1.587234,-0.6987491,1,0.009827374,0.05622714,-0.9983695,0,-0.03877103,0.9976885,0.05580715,0,-0.9991997,-0.03815939,-0.01198464,0,-0.7495467,1.615156,-0.9541683,1,0.6541023,0.7413656,-0.1111418,-0.1032054,0.9884311,0.0003613895,-0.003484886,-0.02693186,7.533333,444
6,-0.06594703,-0.05934064,0.9998282,-0.1638229,-0.1645771,0.9998149,-0.114885,-0.1119592,0.9998214,0.009343266,-0.0381603,-0.999228,0,0.05607018,0.9977194,-0.0375784,0,-0.9983832,0.05567578,-0.01146162,0,-1.036131,-1.58691,-0.6987594,1,0.009343267,0.05607018,-0.998383,0,-0.0381603,0.9977195,0.05567578,0,-0.9992279,-0.0375784,-0.01146161,0,-0.749096,1.615129,-0.954112,1,0.6541023,0.7413656,-0.1109335,-0.104418,0.9883271,0.0003654016,-0.003478012,-0.0269665,7.555556,445
6,-0.06893854,-0.06180395,0.9997949,-0.1644984,-0.1652648,0.9997667,-0.1167186,-0.113535,0.9997808,0.008961082,-0.03806939,-0.9992349,0,0.0558237,0.9977357,-0.03751165,0,-0.9984004,0.05544484,-0.01106596,0,-1.035972,-1.587024,-0.6983112,1,0.008961076,0.05582369,-0.9984004,0,-0.0380694,0.9977357,0.05544484,0,-0.9992349,-0.03751165,-0.01106596,0,-0.7489105,1.615067,-0.9540505,1,0.6333539,0.7307826,-0.1126589,-0.1058968,0.9879746,0.0003654864,-0.003478867,-0.0270006,7.566667,446
6,-0.07175646,-0.06064305,0.9998069,-0.1681246,-0.172292,0.9997778,-0.1199408,-0.1164684,0.9997923,0.007995307,-0.03762086,-0.9992601,0,0.05553392,0.9977666,-0.03712029,0,-0.9984248,0.05519603,-0.01006669,0,-1.036196,-1.586936,-0.6976609,1,0.007995311,0.0555339,-0.9984248,0,-0.03762086,0.9977666,0.05519604,0,-0.9992601,-0.03712029,-0.01006668,0,-0.7485619,1.615038,-0.9539945,1,0.6075581,0.7192453,-0.1156791,-0.1086485,0.9873266,0.0003654864,-0.003474091,-0.02702584,7.588889,447
6,-0.06660115,-0.06276505,0.9998731,-0.1733442,-0.1805391,0.9998643,-0.1199729,-0.1216523,0.9998688,0.007670581,-0.03739491,-0.9992712,0,0.05539529,0.9977819,-0.03691395,0,-0.9984351,0.05507176,-0.009725094,0,-1.036207,-1.586838,-0.6975572,1,0.007670605,0.05539528,-0.998435,0,-0.03739491,0.9977819,0.05507176,0,-0.999271,-0.03691395,-0.009725068,0,-0.74844,1.61497,-0.9539788,1,0.6606202,0.7250241,-0.1156366,-0.1135635,0.9867783,0.0003654864,-0.003471794,-0.02703136,7.6,448
6,-0.06872168,-0.06299701,0.9998825,-0.1736722,-0.1843427,0.9999139,-0.1211966,-0.123669,0.9998982,0.00731653,-0.03682929,-0.9992948,0,0.05537128,0.9978033,-0.03636891,0,-0.998439,0.05506614,-0.00933975,0,-1.036431,-1.586437,-0.6979584,1,0.007316539,0.05537129,-0.9984391,0,-0.03682929,0.9978033,0.05506614,0,-0.9992948,-0.03636891,-0.009339743,0,-0.7483104,1.614956,-0.9539728,1,0.6298497,0.7311932,-0.1167659,-0.1154566,0.9864256,0.0003654324,-0.003470139,-0.0270445,7.611111,449
6,-0.07280982,-0.06281015,0.9999119,-0.1811554,-0.1790154,0.9999271,-0.1269826,-0.1209123,0.9999194,0.006547272,-0.03618265,-0.9993238,0,0.05546343,0.99782,-0.03576482,0,-0.9984393,0.05519176,-0.008539796,0,-1.037078,-1.585765,-0.6982002,1,0.006547255,0.05546342,-0.9984393,0,-0.03618264,0.9978199,0.05519176,0,-0.9993237,-0.03576482,-0.008539812,0,-0.7483152,1.614857,-0.9539008,1,0.6070403,0.720771,-0.1223601,-0.1128052,0.9860542,0.0004542768,-0.003427048,-0.02704586,7.633334,450
6,-0.0656857,-0.02231853,0.9998415,-0.1802977,-0.1797711,0.999769,-0.1229926,-0.1010475,0.9998052,0.005990386,-0.03623482,-0.9993255,0,0.05541991,0.9978194,-0.035848,0,-0.9984452,0.05516778,-0.007985473,0,-1.037409,-1.585809,-0.6974173,1,0.005990404,0.05541991,-0.9984451,0,-0.03623481,0.9978194,0.05516778,0,-0.9993252,-0.035848,-0.007985452,0,-0.7481937,1.614843,-0.9538792,1,0.64382,0.7249994,-0.1188354,-0.0939775,0.9884565,0.0004564505,-0.003421776,-0.02702699,7.644444,451
6,-0.07601012,-0.07221697,0.9997785,-0.1802508,-0.1815863,0.9997039,-0.1281313,-0.1269036,0.999741,0.005422592,-0.03652775,-0.9993179,0,0.05524052,0.9978176,-0.03617316,0,-0.9984583,0.05500669,-0.007428586,0,-1.037494,-1.586108,-0.6960875,1,0.005422608,0.05524053,-0.9984584,0,-0.03652775,0.9978176,0.05500669,0,-0.9993178,-0.03617316,-0.00742857,0,-0.7479237,1.614779,-0.9538186,1,0.6509084,0.713191,-0.1233891,-0.1184911,0.9852588,0.0004552836,-0.003421227,-0.02701852,7.666667,452
6,-0.07575358,-0.0724051,0.9999427,-0.1801744,-0.1751774,0.9998763,-0.1279647,-0.1237929,0.9999095,0.005109966,-0.03685356,-0.9993076,0,0.05518872,0.997808,-0.03651604,0,-0.9984629,0.0549639,-0.007132709,0,-1.037567,-1.586371,-0.6952338,1,0.00511001,0.0551887,-0.9984628,0,-0.03685355,0.997808,0.0549639,0,-0.9993076,-0.03651604,-0.007132664,0,-0.7479138,1.614769,-0.9537373,1,0.6280363,0.7003964,-0.1232561,-0.1155297,0.9856271,0.0004548794,-0.003424073,-0.02700561,7.677778,453
6,-0.08315004,-0.07391547,0.9998715,-0.1787758,-0.1680329,0.9998342,-0.1309632,-0.1209749,0.9998529,0.005011857,-0.03715195,-0.9992971,0,0.05522322,0.9977949,-0.03681914,0,-0.9984615,0.05499986,-0.007052422,0,-1.037626,-1.586521,-0.6945615,1,0.005011823,0.05522321,-0.9984615,0,-0.03715194,0.9977949,0.05499987,0,-0.999297,-0.03681913,-0.007052455,0,-0.7478151,1.61475,-0.9536696,1,0.6504141,0.6961281,-0.1261379,-0.1128256,0.9855758,0.000457596,-0.003424118,-0.02700229,7.688889,454
6,-0.08284551,-0.07534901,0.9999437,-0.1778149,-0.1629287,0.999959,-0.13033,-0.1191385,0.9999512,0.004526019,-0.0370434,-0.9993035,0,0.05513044,0.997803,-0.03673808,0,-0.998469,0.05492575,-0.006558299,0,-1.037756,-1.586503,-0.6939994,1,0.004526023,0.05513043,-0.9984688,0,-0.0370434,0.9978031,0.05492575,0,-0.9993033,-0.03673808,-0.006558293,0,-0.7475885,1.614734,-0.9535788,1,0.648327,0.7183684,-0.1255561,-0.1110845,0.9858478,0.0004591672,-0.003424767,-0.02698464,7.711111,455
6,-0.08330497,-0.07532577,0.9997853,-0.1777645,-0.1618528,0.999769,-0.130535,-0.1185898,0.999777,0.004128456,-0.03678918,-0.9993145,0,0.05492521,0.9978228,-0.03650735,0,-0.998482,0.05473685,-0.006140113,0,-1.037647,-1.586446,-0.6937812,1,0.004128447,0.05492521,-0.9984819,0,-0.03678918,0.9978229,0.05473684,0,-0.9993145,-0.03650735,-0.006140121,0,-0.7473858,1.614656,-0.9534951,1,0.6615105,0.7230133,-0.1257789,-0.1105781,0.9858763,0.0004600594,-0.003426026,-0.02698377,7.722222,456
6,-0.08274388,-0.07377762,1.000069,-0.1779931,-0.1619725,1.000083,-0.1303684,-0.1178746,1.000076,0.003539503,-0.03612134,-0.9993411,0,0.05475531,0.9978552,-0.03587369,0,-0.9984936,0.05459226,-0.005509734,0,-1.037663,-1.586001,-0.6942153,1,0.003539491,0.05475531,-0.9984936,0,-0.03612133,0.9978551,0.05459226,0,-0.9993412,-0.0358737,-0.005509747,0,-0.7473736,1.614512,-0.9533413,1,0.6332977,0.718639,-0.1255975,-0.1098671,0.985979,0.0004609758,-0.003430977,-0.02697465,7.744445,457
6,-0.08359216,-0.07403601,0.9999452,-0.1752556,-0.1552413,0.9999588,-0.1294238,-0.1146384,0.999952,0.003434598,-0.03583595,-0.9993519,0,0.05471558,0.9978673,-0.03559466,0,-0.9984962,0.05455786,-0.005388081,0,-1.037639,-1.585773,-0.6944907,1,0.003434621,0.05471557,-0.9984959,0,-0.03583594,0.9978673,0.05455786,0,-0.9993518,-0.03559466,-0.005388057,0,-0.7473043,1.614446,-0.9533036,1,0.6281388,0.6954857,-0.1247635,-0.1068176,0.9864199,0.0004620887,-0.003435249,-0.02696631,7.755556,458
6,-0.08637656,-0.07735091,1.000132,-0.1747593,-0.1552895,1.000136,-0.1305679,-0.1163201,1.000134,0.003290892,-0.03563096,-0.9993597,0,0.05467858,0.9978763,-0.03539802,0,-0.9984986,0.05452707,-0.005232155,0,-1.037607,-1.585636,-0.6947942,1,0.003290893,0.05467859,-0.9984986,0,-0.03563096,0.9978764,0.05452707,0,-0.9993595,-0.03539802,-0.005232153,0,-0.7474323,1.614409,-0.9532245,1,0.6139095,0.7284867,-0.1258026,-0.1083782,0.9861175,0.0004624939,-0.003438423,-0.02696203,7.766667,459
6,-0.08684253,-0.09148683,0.9999748,-0.1744573,-0.1552267,0.9999583,-0.13065,-0.1233571,0.9999665,0.00311166,-0.03569742,-0.9993578,0,0.0549548,0.9978585,-0.03547276,0,-0.998484,0.05480913,-0.005066693,0,-1.038052,-1.585431,-0.6944229,1,0.003111611,0.0549548,-0.998484,0,-0.03569742,0.9978585,0.05480913,0,-0.9993577,-0.03547276,-0.005066742,0,-0.7473426,1.614448,-0.9531005,1,0.6723784,0.7487171,-0.1258058,-0.115064,0.9853594,0.0004629754,-0.003438889,-0.0269606,7.788889,460
6,-0.08896173,-0.09168238,0.9999713,-0.1733916,-0.155598,0.9999804,-0.1311765,-0.12364,0.9999759,0.003131032,-0.03559228,-0.9993616,0,0.05517394,0.9978502,-0.03536559,0,-0.9984719,0.05502798,-0.005088031,0,-1.038313,-1.58511,-0.6945782,1,0.003130996,0.05517393,-0.9984718,0,-0.03559228,0.9978502,0.05502798,0,-0.9993614,-0.0353656,-0.005088067,0,-0.7473013,1.614426,-0.9530348,1,0.6347553,0.7321157,-0.126298,-0.1153246,0.985266,0.0004629903,-0.003438431,-0.02695997,7.8,461
6,-0.0891664,-0.083552,0.9999367,-0.1736953,-0.1559169,0.9998943,-0.1314311,-0.1197351,0.9999155,0.003038406,-0.03670754,-0.9993214,0,0.05559798,0.9977865,-0.03648212,0,-0.9984486,0.0554494,-0.005072594,0,-1.038904,-1.585528,-0.6927089,1,0.003038454,0.05559798,-0.9984486,0,-0.03670754,0.9977865,0.0554494,0,-0.9993214,-0.03648212,-0.005072546,0,-0.747283,1.614508,-0.9528897,1,0.6347553,0.7321157,-0.1265989,-0.1116284,0.985653,0.0004625404,-0.003438431,-0.02695855,7.822222,462
6,-0.08964384,-0.0879399,0.9999534,-0.1735747,-0.1561477,0.9999264,-0.1316095,-0.1220442,0.99994,0.003090918,-0.03718047,-0.9993039,0,0.05583625,0.997756,-0.03695017,0,-0.9984352,0.05568317,-0.005160034,0,-1.039188,-1.585667,-0.692013,1,0.003090952,0.05583625,-0.9984351,0,-0.03718046,0.997756,0.05568317,0,-0.9993038,-0.03695017,-0.005159999,0,-0.7472749,1.614563,-0.9528373,1,0.6460983,0.7130188,-0.1267326,-0.1138113,0.9853861,0.0004620068,-0.003438431,-0.02695855,7.833333,463
6,-0.09201621,-0.09322497,0.9999868,-0.1730562,-0.1575427,0.9999729,-0.1325362,-0.1253842,0.9999798,0.003316879,-0.03820816,-0.9992644,0,0.05548598,0.9977374,-0.0379656,0,-0.998454,0.05531923,-0.005429387,0,-1.038335,-1.586872,-0.6906435,1,0.003316875,0.05548598,-0.998454,0,-0.03820816,0.9977373,0.05531924,0,-0.9992643,-0.0379656,-0.005429392,0,-0.7473228,1.614674,-0.9526954,1,0.6915342,0.7440456,-0.1275545,-0.1169614,0.9849111,0.0004614713,-0.003431732,-0.02696058,7.855556,464
6,-0.09689796,-0.09881733,0.9998622,-0.1726286,-0.1581369,0.9998546,-0.1347634,-0.1284774,0.9998583,0.003622174,-0.03873432,-0.999243,0,0.05563334,0.9977098,-0.03847322,0,-0.9984448,0.05545186,-0.005768776,0,-1.03835,-1.587196,-0.690015,1,0.003622152,0.05563333,-0.9984446,0,-0.03873432,0.9977098,0.05545186,0,-0.999243,-0.03847323,-0.005768797,0,-0.7472105,1.614781,-0.9527025,1,0.6777402,0.7515775,-0.1296202,-0.1198725,0.9842912,0.0004605325,-0.00342244,-0.02698507,7.866667,465
6,-0.09958128,-0.1037606,0.9999382,-0.1726584,-0.1591266,0.9999179,-0.1361201,-0.1314438,0.9999281,0.003634512,-0.0391077,-0.9992285,0,0.05547756,0.997704,-0.03884624,0,-0.9984534,0.05529356,-0.005795717,0,-1.037996,-1.58764,-0.6894037,1,0.003634462,0.05547756,-0.9984533,0,-0.03910769,0.997704,0.05529356,0,-0.9992283,-0.03884624,-0.005795766,0,-0.7471881,1.614799,-0.9526002,1,0.6943896,0.7605843,-0.1308425,-0.1226509,0.9837871,0.0004593125,-0.003415817,-0.0269931,7.877778,466
6,-0.09732701,-0.1016407,0.9998869,-0.1716343,-0.1658422,0.9998652,-0.1344807,-0.1337418,0.9998761,0.003833413,-0.04010404,-0.9991882,0,0.0550727,0.9976875,-0.03983251,0,-0.9984751,0.0548753,-0.006033182,0,-1.037194,-1.588908,-0.6878913,1,0.003833409,0.0550727,-0.9984749,0,-0.04010404,0.9976876,0.05487529,0,-0.9991882,-0.03983252,-0.006033185,0,-0.7470785,1.614955,-0.9525707,1,0.6763656,0.7767897,-0.1292685,-0.1248521,0.9837182,0.000458329,-0.003412804,-0.02699505,7.9,467
6,-0.09820023,-0.1045158,0.9998757,-0.1713407,-0.1659431,0.9998274,-0.1347706,-0.1352301,0.9998515,0.003698766,-0.04071525,-0.9991639,0,0.05477856,0.9976788,-0.04045195,0,-0.9984917,0.05458314,-0.00592047,0,-1.03675,-1.589648,-0.6867193,1,0.003698732,0.05477856,-0.9984916,0,-0.04071524,0.9976788,0.05458314,0,-0.9991639,-0.04045195,-0.005920504,0,-0.7470334,1.61497,-0.9524835,1,0.674743,0.7469294,-0.1295186,-0.1262545,0.9835064,0.0004562233,-0.003411491,-0.02699989,7.911111,468
6,-0.09897245,-0.1029504,0.9999657,-0.1713246,-0.1666669,0.999958,-0.1351485,-0.1348089,0.9999619,0.003411829,-0.040611,-0.9991692,0,0.05433003,0.9977068,-0.04036603,0,-0.9985173,0.05414717,-0.005610406,0,-1.036124,-1.590053,-0.6865886,1,0.003411834,0.05433003,-0.9985172,0,-0.04061099,0.9977068,0.05414718,0,-0.9991692,-0.04036603,-0.005610402,0,-0.7470568,1.614985,-0.9523433,1,0.6924278,0.7417117,-0.1298638,-0.1258363,0.9835144,0.0004537888,-0.003412247,-0.02701106,7.933333,469
6,-0.09971914,-0.1078882,0.9998229,-0.1711843,-0.1646888,0.9997936,-0.1354518,-0.136289,0.9998083,0.003032029,-0.04064128,-0.9991693,0,0.05418949,0.9977123,-0.04041758,0,-0.9985262,0.05402192,-0.005227447,0,-1.036223,-1.590317,-0.6860051,1,0.003032053,0.05418949,-0.998526,0,-0.04064127,0.9977123,0.05402192,0,-0.9991691,-0.04041758,-0.005227422,0,-0.7469257,1.615105,-0.9523697,1,0.6584358,0.743019,-0.1301395,-0.127235,0.9832979,0.0004483024,-0.003422096,-0.02701564,7.944445,470
6,-0.1001763,-0.1094975,0.9998014,-0.17154,-0.1636878,0.999765,-0.1358582,-0.1365931,0.9997832,0.002261937,-0.04070654,-0.9991686,0,0.05475807,0.9976771,-0.04052181,0,-0.9984971,0.05462089,-0.004485667,0,-1.037603,-1.589857,-0.68497,1,0.00226191,0.05475807,-0.9984971,0,-0.04070654,0.997677,0.05462088,0,-0.9991686,-0.04052181,-0.004485693,0,-0.746771,1.615225,-0.9522771,1,0.6806889,0.7361583,-0.1305169,-0.1275131,0.983212,0.0004435731,-0.003428543,-0.02700752,7.966667,471
6,-0.09681489,-0.1003287,0.9998864,-0.1702477,-0.1645339,0.9998264,-0.1335317,-0.1324321,0.9998564,0.00191766,-0.0412639,-0.9991465,0,0.05508736,0.9976355,-0.04109577,0,-0.9984798,0.05496153,-0.004186213,0,-1.038403,-1.589918,-0.6837152,1,0.001917628,0.05508735,-0.9984797,0,-0.04126389,0.9976354,0.05496152,0,-0.9991465,-0.04109576,-0.004186245,0,-0.7467465,1.615264,-0.9523021,1,0.6564831,0.762084,-0.1283801,-0.1236106,0.9839913,0.0004414218,-0.003436981,-0.02700056,7.977778,472
6,-0.09534483,-0.09576155,0.9998845,-0.1695187,-0.160267,0.9998567,-0.1324318,-0.1280147,0.9998707,0.002067447,-0.04188037,-0.9991206,0,0.05539211,0.9975935,-0.04170174,0,-0.9984627,0.05525718,-0.004382312,0,-1.03888,-1.590053,-0.6828314,1,0.002067445,0.05539211,-0.9984624,0,-0.04188037,0.9975935,0.05525717,0,-0.9991204,-0.04170174,-0.004382313,0,-0.746675,1.615297,-0.9524133,1,0.6600235,0.7485592,-0.1274043,-0.1194419,0.9846328,0.0004378129,-0.003449158,-0.02700027,7.988889,473
6,-0.09535413,-0.09320721,0.999926,-0.1673326,-0.1611907,0.9999274,-0.1313433,-0.1271989,0.9999267,0.002070665,-0.04256101,-0.9990918,0,0.05537754,0.9975656,-0.04238123,0,-0.9984635,0.05523948,-0.004422545,0,-1.038895,-1.590553,-0.6815528,1,0.002070662,0.05537752,-0.9984633,0,-0.042561,0.9975656,0.05523948,0,-0.9990916,-0.04238122,-0.004422548,0,-0.746478,1.615327,-0.9524512,1,0.6436433,0.7707852,-0.1263836,-0.1186697,0.9848577,0.0004378129,-0.003460991,-0.02699331,8.011111,474
6,-0.09742219,-0.1055277,0.9999809,-0.1674421,-0.1621849,0.9999936,-0.1324321,-0.1338562,0.9999874,0.00212723,-0.04241192,-0.999098,0,0.05542837,0.9975693,-0.04222901,0,-0.9984605,0.05528854,-0.004472852,0,-1.038914,-1.59035,-0.6818107,1,0.002127199,0.05542836,-0.9984603,0,-0.04241191,0.9975692,0.05528853,0,-0.9990978,-0.042229,-0.004472882,0,-0.7464353,1.615277,-0.9524362,1,0.6722601,0.7271544,-0.127305,-0.124933,0.983964,0.0004378129,-0.003462029,-0.02698866,8.022223,475
6,-0.1012919,-0.1087292,1.000033,-0.1669305,-0.1638718,1.000061,-0.1341112,-0.1363001,1.000047,0.002464294,-0.04161216,-0.999131,0,0.05569496,0.9975887,-0.04141056,0,-0.9984449,0.0555445,-0.004775941,0,-1.039102,-1.589426,-0.6833897,1,0.002464296,0.05569495,-0.9984446,0,-0.04161214,0.9975888,0.0555445,0,-0.9991306,-0.04141056,-0.004775938,0,-0.7463744,1.615167,-0.952466,1,0.6698579,0.7439829,-0.1288428,-0.1272017,0.983473,0.0004378129,-0.003464737,-0.026983,8.044445,476
6,-0.1017997,-0.1074562,1.000004,-0.1673019,-0.1661064,1.000044,-0.1345508,-0.1367807,1.000024,0.002572954,-0.04105263,-0.9991537,0,0.05551141,0.9976222,-0.04084676,0,-0.9984547,0.05535933,-0.004845738,0,-1.038721,-1.589161,-0.6843172,1,0.002572967,0.05551141,-0.9984547,0,-0.04105264,0.9976222,0.05535933,0,-0.9991537,-0.04084676,-0.004845724,0,-0.7463048,1.615091,-0.952457,1,0.6666414,0.73432,-0.1292528,-0.1276458,0.9833617,0.0004385682,-0.003470055,-0.02698068,8.055555,477
6,-0.1040574,-0.1038771,0.9999933,-0.1672951,-0.1674665,1.000042,-0.1356764,-0.1356712,1.000018,0.002753913,-0.04046075,-0.9991774,0,0.05543553,0.9976508,-0.04024614,0,-0.9984586,0.05527909,-0.004990399,0,-1.038531,-1.588865,-0.6853557,1,0.002753905,0.05543553,-0.9984584,0,-0.04046074,0.9976509,0.05527909,0,-0.9991772,-0.04024614,-0.004990406,0,-0.7462184,1.615121,-0.9525195,1,0.6666414,0.73432,-0.1303325,-0.1265813,0.9833568,0.0004404979,-0.003472313,-0.02698068,8.066667,478
6,-0.1040409,-0.1034066,0.999915,-0.1673561,-0.1687194,0.9999427,-0.1356985,-0.1360625,0.999929,0.002651513,-0.03992327,-0.9991993,0,0.05510899,0.9976901,-0.03971673,0,-0.9984769,0.05495955,-0.0048455,0,-1.038219,-1.588714,-0.6859603,1,0.002651494,0.05510898,-0.9984768,0,-0.03992326,0.9976901,0.05495955,0,-0.9991991,-0.03971674,-0.004845519,0,-0.7460847,1.615015,-0.9526462,1,0.664483,0.7325066,-0.1303589,-0.1269574,0.9833048,0.0004411619,-0.003475456,-0.02698049,8.077778,479
6,-0.1040977,-0.1047042,1.000224,-0.1671335,-0.168777,1.000236,-0.1356156,-0.1367405,1.00023,0.002403557,-0.03902408,-0.9992355,0,0.05384768,0.9977936,-0.03883824,0,-0.9985464,0.05371315,-0.004499614,0,-1.03657,-1.589239,-0.6872738,1,0.002403561,0.05384767,-0.9985461,0,-0.03902407,0.9977936,0.05371315,0,-0.9992352,-0.03883824,-0.004499609,0,-0.7462754,1.614857,-0.9527923,1,0.646291,0.7568626,-0.1302341,-0.1275616,0.9832432,0.0004419247,-0.003475456,-0.02697875,8.111112,480
6,-0.1043101,-0.1046928,1.000251,-0.167282,-0.1670475,1.000268,-0.135796,-0.1358699,1.00026,0.00232935,-0.03866979,-0.9992494,0,0.05371164,0.9978144,-0.03848905,0,-0.9985538,0.05358167,-0.004401267,0,-1.036502,-1.589132,-0.6879766,1,0.002329339,0.05371164,-0.9985537,0,-0.03866979,0.9978145,0.05358166,0,-0.9992492,-0.03848906,-0.004401276,0,-0.7464971,1.614852,-0.952883,1,0.646291,0.7568626,-0.130414,-0.1267353,0.9833262,0.0004420234,-0.003475456,-0.02697875,8.122222,481
6,-0.108194,-0.1064304,1.000089,-0.1687758,-0.1679691,1.000091,-0.1384849,-0.1371995,1.00009,0.002036691,-0.03834332,-0.9992626,0,0.05365392,0.9978294,-0.03817897,0,-0.9985576,0.05353659,-0.004089534,0,-1.036631,-1.588961,-0.6882759,1,0.002036685,0.05365391,-0.9985574,0,-0.03834331,0.9978295,0.05353659,0,-0.9992625,-0.03817897,-0.004089538,0,-0.746583,1.614854,-0.9528826,1,0.6550606,0.7446775,-0.1329426,-0.1279644,0.9828283,0.0004419247,-0.003475456,-0.02697875,8.133333,482
6,-0.1088854,-0.1073677,1.000047,-0.1694224,-0.1681776,1.000022,-0.139154,-0.1377729,1.000035,0.001542032,-0.0386327,-0.9992523,0,0.05365268,0.9978174,-0.03849443,0,-0.9985585,0.0535532,-0.003611386,0,-1.037107,-1.589173,-0.687586,1,0.001542004,0.05365267,-0.9985583,0,-0.0386327,0.9978174,0.0535532,0,-0.9992523,-0.03849443,-0.003611413,0,-0.7468667,1.61488,-0.95299,1,0.6580867,0.7519916,-0.1335669,-0.1285102,0.9826724,0.0004398124,-0.003464081,-0.02697831,8.155556,483
6,-0.1045252,-0.1061183,0.9998598,-0.1697126,-0.1686681,0.9997951,-0.137119,-0.1373942,0.9998275,0.001023293,-0.03911563,-0.9992343,0,0.05340521,0.9978108,-0.03900522,0,-0.9985725,0.05332439,-0.003110051,0,-1.037206,-1.589816,-0.6862358,1,0.001023313,0.0534052,-0.9985722,0,-0.03911563,0.9978108,0.05332438,0,-0.999234,-0.03900522,-0.00311003,0,-0.7468354,1.614961,-0.9530836,1,0.6827203,0.7441915,-0.1316856,-0.128222,0.9829639,0.0004398124,-0.003453796,-0.02697569,8.166667,484
6,-0.1056389,-0.1112163,0.9998032,-0.1707499,-0.1648734,0.9997463,-0.1381944,-0.1380453,0.9997747,1.454353e-05,-0.03981232,-0.9992072,0,0.0524339,0.9978327,-0.03975679,0,-0.9986244,0.05239175,-0.002102017,0,-1.036569,-1.591282,-0.6839976,1,1.45341e-05,0.05243389,-0.9986244,0,-0.03981232,0.9978327,0.05239175,0,-0.9992072,-0.03975679,-0.002102027,0,-0.7467929,1.614991,-0.9532105,1,0.6696137,0.7399079,-0.1326939,-0.1288287,0.9827489,0.0004404914,-0.003448967,-0.02697413,8.18889,485
6,-0.1092387,-0.1135449,1.000089,-0.1715011,-0.1631548,1.000035,-0.1403699,-0.1383505,1.000062,-0.0004962683,-0.04023311,-0.9991902,0,0.05215457,0.9978294,-0.04020422,0,-0.9986389,0.05213228,-0.001603127,0,-1.036465,-1.59176,-0.6829803,1,-0.0004962913,0.05215457,-0.9986389,0,-0.04023311,0.9978294,0.05213229,0,-0.9991903,-0.04020422,-0.001603149,0,-0.7469831,1.614902,-0.9531668,1,0.6515976,0.7577589,-0.1346972,-0.1290508,0.9824472,0.0004405295,-0.003443123,-0.02697337,8.2,486
6,-0.1092579,-0.1135444,1.00023,-0.1715527,-0.1628697,1.000209,-0.1404054,-0.1382073,1.00022,-0.001148343,-0.04040188,-0.9991828,0,0.05189864,0.9978346,-0.04040701,0,-0.9986516,0.05190263,-0.0009509325,0,-1.036627,-1.592053,-0.6823499,1,-0.001148357,0.05189864,-0.9986518,0,-0.04040189,0.9978345,0.05190264,0,-0.9991829,-0.04040701,-0.0009509464,0,-0.7473047,1.614833,-0.9532463,1,0.6331416,0.7664028,-0.1347129,-0.1288978,0.9824651,0.0004405826,-0.00344159,-0.02697323,8.222222,487
6,-0.1071624,-0.1122444,1.00012,-0.1723045,-0.1628166,1.000126,-0.1397335,-0.1375304,1.000123,-0.001336455,-0.04003656,-0.9991974,0,0.05186031,0.9978509,-0.04005196,0,-0.9986536,0.0518722,-0.0007427335,0,-1.036762,-1.591783,-0.6828346,1,-0.001336446,0.0518603,-0.9986533,0,-0.04003654,0.9978508,0.0518722,0,-0.9991972,-0.04005196,-0.0007427248,0,-0.7474015,1.61478,-0.9533035,1,0.6741989,0.7574603,-0.134108,-0.1282884,0.9826276,0.0004421379,-0.003438095,-0.02696292,8.233334,488
6,-0.1042173,-0.1126215,1.000118,-0.1714408,-0.163009,1.000129,-0.1378291,-0.1378151,1.000123,-0.001680017,-0.03936623,-0.9992235,0,0.05186066,0.9978768,-0.03940037,0,-0.9986529,0.05188658,-0.0003650784,0,-1.037056,-1.591309,-0.6836238,1,-0.001680047,0.05186066,-0.9986528,0,-0.03936623,0.9978769,0.05188658,0,-0.9992234,-0.03940037,-0.0003651092,0,-0.747479,1.614778,-0.9533412,1,0.6552026,0.7291687,-0.1323187,-0.1285892,0.9828309,0.0004473636,-0.003436012,-0.02696127,8.244445,489
6,-0.08941767,-0.09954891,1.00002,-0.1701479,-0.1610686,1.000041,-0.1297828,-0.1303086,1.000031,-0.002327085,-0.03812676,-0.9992702,0,0.05221448,0.9979051,-0.03819628,0,-0.9986331,0.05226526,0.0003314018,0,-1.038094,-1.589992,-0.6850454,1,-0.002327046,0.05221448,-0.9986332,0,-0.03812677,0.9979051,0.05226526,0,-0.9992701,-0.03819628,0.0003314404,0,-0.7475824,1.614699,-0.9533464,1,0.6415471,0.7384516,-0.1248682,-0.1216474,0.9846877,0.0004527355,-0.003432244,-0.02698233,8.266666,490
6,-0.08895176,-0.09424994,1.000105,-0.1674897,-0.1596237,1.000095,-0.1282208,-0.1269369,1.0001,-0.002641678,-0.03790916,-0.9992778,0,0.05229603,0.9979085,-0.03799547,0,-0.9986282,0.05235863,0.0006536245,0,-1.038413,-1.589731,-0.6851801,1,-0.002641648,0.05229603,-0.9986281,0,-0.03790916,0.9979086,0.05235863,0,-0.9992776,-0.03799547,0.0006536539,0,-0.7476937,1.614677,-0.953304,1,0.6546597,0.7291846,-0.1234348,-0.1184718,0.9852554,0.00045639,-0.003433953,-0.02699935,8.277778,491
6,-0.09239466,-0.09594312,1.00013,-0.1676091,-0.1571333,1.000136,-0.1300019,-0.1265381,1.000133,-0.00273931,-0.03777784,-0.9992825,0,0.05237264,0.9979093,-0.03786949,0,-0.998624,0.05243878,0.0007549524,0,-1.038498,-1.589522,-0.6854748,1,-0.002739203,0.05237263,-0.9986237,0,-0.03777783,0.9979094,0.05243878,0,-0.9992823,-0.03786949,0.0007550581,0,-0.7478761,1.614629,-0.9531986,1,0.6488213,0.7395443,-0.125119,-0.118062,0.9850922,0.0004596319,-0.003435158,-0.02702061,8.3,492
6,-0.08794376,-0.08332544,1.00013,-0.1675564,-0.1569016,1.00013,-0.1277502,-0.1201134,1.00013,-0.002616286,-0.037912,-0.9992777,0,0.05242199,0.9979019,-0.03799705,0,-0.9986217,0.05248353,0.0006233454,0,-1.038429,-1.589564,-0.6855211,1,-0.002616256,0.05242198,-0.9986215,0,-0.03791199,0.9979019,0.05248353,0,-0.9992775,-0.03799705,0.000623374,0,-0.7480062,1.614618,-0.9531447,1,0.612035,0.72684,-0.1230811,-0.1120118,0.986055,0.0004605725,-0.003433464,-0.02702016,8.311111,493
