flag,xl,yl,zl,xr,yr,zr,xc,yc,zc,mat_00,mat_10,mat_20,mat_30,mat_01,mat_11,mat_21,mat_31,mat_02,mat_12,mat_22,mat_32,mat_03,mat_13,mat_23,mat_33,ctw_00,ctw_10,ctw_20,ctw_30,ctw_01,ctw_11,ctw_21,ctw_31,ctw_02,ctw_12,ctw_22,ctw_32,ctw_03,ctw_13,ctw_23,ctw_33,opennessl,opennessr,ray_x,ray_y,ray_z,eye_x,eye_y,eye_z,time,frame
25,-1.713634e-07,2.58442e-07,0.9999021,-1.713634e-07,2.58442e-07,0.9999021,-1.713634e-07,2.58442e-07,0.9999021,-0.0918206,-0.02779049,-0.9953877,0,0.05766392,0.9977846,-0.03317668,0,-0.9941046,0.06044426,0.09001458,0,-1.116048,-1.573191,-0.6311968,1,-0.09182051,0.05766393,-0.9941046,0,-0.0277905,0.9977847,0.06044427,0,-0.9953877,-0.03317668,0.09001467,0,-0.7744814,1.613121,-0.9575607,1,0.2309113,0.5741072,0.0,0.0,1.0,0.0,0.0,0.0,35.87778,2235
25,-2.458692e-07,3.678724e-08,0.9999238,-2.458692e-07,3.678724e-08,0.9999238,-2.458692e-07,3.678724e-08,0.9999238,-0.09215009,-0.02769242,-0.9953601,0,0.05735826,0.9978058,-0.03307067,0,-0.9940918,0.06013957,0.09035945,0,-1.11565,-1.573483,-0.6308646,1,-0.09215002,0.05735825,-0.9940917,0,-0.02769241,0.9978058,0.06013958,0,-0.9953599,-0.03307068,0.09035949,0,-0.774318,1.613159,-0.9574252,1,0.1513837,0.2824198,0.0,0.0,1.0,0.0,0.0,0.0,35.9,2236
25,3.72529e-08,-1.117587e-07,0.9999313,3.72529e-08,-1.117587e-07,0.9999313,3.72529e-08,-1.117587e-07,0.9999313,-0.09229255,-0.02781531,-0.9953434,0,0.05733234,0.997803,-0.03320015,0,-0.99408,0.06012949,0.09049511,0,-1.115698,-1.573586,-0.630444,1,-0.09229259,0.05733234,-0.99408,0,-0.02781531,0.997803,0.06012948,0,-0.9953433,-0.03320015,0.09049506,0,-0.7742487,1.613164,-0.9574221,1,0.0,0.07457012,0.0,0.0,1.0,0.0,0.0,0.0,35.91111,2237
25,7.450581e-08,1.080334e-07,0.9999376,7.450581e-08,1.080334e-07,0.9999376,7.450581e-08,1.080334e-07,0.9999376,-0.09236789,-0.02795532,-0.9953325,0,0.05742108,0.9977928,-0.03335315,0,-0.994068,0.06023382,0.09055877,0,-1.115841,-1.573622,-0.6300653,1,-0.09236784,0.05742107,-0.9940678,0,-0.02795531,0.9977928,0.06023381,0,-0.9953323,-0.03335315,0.09055877,0,-0.7741833,1.613207,-0.9573786,1,0.0,0.07264496,0.0,0.0,1.0,0.0,0.0,0.0,35.92222,2238
25,-3.72529e-08,4.372559e-07,0.9998991,-3.72529e-08,4.372559e-07,0.9998991,-3.72529e-08,4.372559e-07,0.9998991,-0.0926584,-0.0281773,-0.9952992,0,0.05815233,0.9977401,-0.03366015,0,-0.9939984,0.06099786,0.09081042,0,-1.117162,-1.573059,-0.6290299,1,-0.09265838,0.05815232,-0.9939983,0,-0.02817729,0.9977401,0.06099785,0,-0.9952991,-0.03366015,0.09081042,0,-0.7739118,1.613296,-0.9573812,1,0.0,0.1131841,0.0,0.0,1.0,0.0,0.0,0.0,35.94445,2239
25,-9.685755e-08,3.562309e-07,0.9997641,-9.685755e-08,3.562309e-07,0.9997641,-9.685755e-08,3.562309e-07,0.9997641,-0.09260285,-0.02846676,-0.9952961,0,0.05833641,0.997719,-0.03396371,0,-0.9939928,0.06120713,0.09073102,0,-1.11739,-1.573054,-0.6283777,1,-0.09260288,0.0583364,-0.9939926,0,-0.02846676,0.9977191,0.06120713,0,-0.9952961,-0.03396371,0.09073097,0,-0.7736751,1.613308,-0.9573818,1,0.0,0.0481036,0.0,0.0,1.0,0.0,0.0,0.0,35.95555,2240
25,-2.980232e-08,5.308539e-08,0.999912,-2.980232e-08,5.308539e-08,0.999912,-2.980232e-08,5.308539e-08,0.999912,-0.09288538,-0.02900165,-0.9952545,0,0.05857167,0.9976856,-0.03453888,0,-0.9939527,0.06150186,0.09097171,0,-1.117929,-1.573176,-0.6269877,1,-0.09288533,0.05857165,-0.9939523,0,-0.02900164,0.9976854,0.06150185,0,-0.9952542,-0.03453887,0.09097169,0,-0.7734761,1.613358,-0.957377,1,0.0,0.0,0.0,0.0,1.0,0.0,0.0,0.0,35.97778,2241
25,-9.685755e-08,-8.05594e-08,0.9999091,-9.685755e-08,-8.05594e-08,0.9999091,-9.685755e-08,-8.05594e-08,0.9999091,-0.09299409,-0.02903013,-0.9952434,0,0.05865215,0.9976794,-0.03458155,0,-0.9939377,0.06158904,0.09107566,0,-1.118101,-1.573131,-0.6267198,1,-0.09299414,0.05865214,-0.9939376,0,-0.02903012,0.9976794,0.06158904,0,-0.9952433,-0.03458155,0.0910756,0,-0.7733837,1.613387,-0.9573556,1,0.0,0.0,0.0,0.0,1.0,0.0,0.0,0.0,35.98889,2242
25,-1.043081e-07,3.119931e-07,0.9998956,-1.043081e-07,3.119931e-07,0.9998956,-1.043081e-07,3.119931e-07,0.9998956,-0.09322572,-0.02898515,-0.995223,0,0.05834348,0.9976995,-0.03452249,0,-0.9939342,0.06128316,0.09132016,0,-1.11776,-1.573398,-0.6264609,1,-0.09322571,0.05834348,-0.9939341,0,-0.02898514,0.9976995,0.06128316,0,-0.9952229,-0.03452249,0.09132016,0,-0.7732773,1.613366,-0.9573486,1,0.0,0.0,0.0,0.0,1.0,0.0,0.0,0.0,36.0,2243
25,-1.341105e-07,4.991889e-07,0.9998962,-1.341105e-07,4.991889e-07,0.9998962,-1.341105e-07,4.991889e-07,0.9998962,-0.09326828,-0.02855499,-0.9952315,0,0.05809103,0.9977297,-0.03407068,0,-0.993945,0.06099173,0.09139776,0,-1.117427,-1.573293,-0.6270301,1,-0.09326829,0.05809103,-0.9939448,0,-0.02855499,0.9977297,0.06099173,0,-0.9952314,-0.03407067,0.09139773,0,-0.7731859,1.61327,-0.9573936,1,0.0,0.0,0.0,0.0,1.0,0.0,0.0,0.0,36.02222,2244
25,1.490116e-08,2.644956e-07,0.9999508,1.490116e-08,2.644956e-07,0.9999508,1.490116e-08,2.644956e-07,0.9999508,-0.09316742,-0.02832913,-0.9952474,0,0.05812557,0.9977356,-0.03384123,0,-0.9939525,0.06100222,0.09130979,0,-1.117411,-1.573095,-0.6274473,1,-0.09316739,0.05812556,-0.9939522,0,-0.02832913,0.9977354,0.06100221,0,-0.9952472,-0.03384123,0.09130978,0,-0.7731359,1.613249,-0.9573987,1,0.0,0.02836635,0.0,0.0,1.0,0.0,0.0,0.0,36.03333,2245
25,-2.905726e-07,5.546026e-07,0.9998755,-2.905726e-07,5.546026e-07,0.9998755,-2.905726e-07,5.546026e-07,0.9998755,-0.09292817,-0.02825505,-0.995272,0,0.05810667,0.9977397,-0.0337505,0,-0.9939759,0.06096829,0.09107625,0,-1.11719,-1.573034,-0.6275918,1,-0.09292809,0.05810666,-0.9939758,0,-0.02825504,0.9977397,0.0609683,0,-0.9952717,-0.0337505,0.09107631,0,-0.7728888,1.613213,-0.9573957,1,0.0,0.1319765,0.0,0.0,1.0,0.0,0.0,0.0,36.05556,2246
25,-6.705523e-08,-9.359792e-08,0.9998728,-6.705523e-08,-9.359792e-08,0.9998728,-6.705523e-08,-9.359792e-08,0.9998728,-0.09282589,-0.02827632,-0.9952807,0,0.05802058,0.9977445,-0.03375767,0,-0.9939904,0.06088035,0.09097588,0,-1.117034,-1.573134,-0.6275557,1,-0.09282587,0.05802057,-0.9939904,0,-0.02827633,0.9977444,0.06088034,0,-0.9952808,-0.03375767,0.09097591,0,-0.7727663,1.613212,-0.9574562,1,0.0,0.2394093,0.0,0.0,1.0,0.0,0.0,0.0,36.06667,2247
25,0.203528,0.09954096,0.9998503,9.685755e-08,-9.313226e-10,0.9998968,0.101766,0.04977169,0.9998735,-0.09251952,-0.0282386,-0.9953104,0,0.05775698,0.9977625,-0.033677,0,-0.9940343,0.0606019,0.09068155,0,-1.116396,-1.573346,-0.6278832,1,-0.09251954,0.05775698,-0.9940343,0,-0.0282386,0.9977624,0.0606019,0,-0.9953104,-0.03367699,0.09068153,0,-0.7726563,1.61316,-0.957451,1,0.0,0.3297708,0.085374,0.04905147,0.9951409,0.01489394,-0.0001405182,-0.01272672,36.08889,2248
25,0.2051102,0.06815698,0.9998544,0.1078051,0.08597881,0.9998496,0.1564575,0.07706796,0.9998521,-0.09253621,-0.0280975,-0.9953129,0,0.05759919,0.9977768,-0.03352216,0,-0.994042,0.06043122,0.09071207,0,-1.116178,-1.573435,-0.6279663,1,-0.09253619,0.05759919,-0.994042,0,-0.02809749,0.9977769,0.06043122,0,-0.9953128,-0.03352216,0.09071209,0,-0.7725194,1.613177,-0.9574792,1,0.01904488,0.4731102,0.1515961,0.07591494,0.985523,-0.001432723,-0.001998818,-0.02658951,36.1,2249
25,0.1915446,0.09371584,0.9998618,0.1226215,0.09495852,0.9998791,0.1570831,0.09433723,0.9998704,-0.09227884,-0.02784904,-0.9953437,0,0.05750425,0.9977915,-0.03324877,0,-0.9940714,0.06030465,0.09047365,0,-1.115824,-1.573394,-0.6285943,1,-0.0922789,0.05750425,-0.9940714,0,-0.02784904,0.9977915,0.06030465,0,-0.9953437,-0.03324878,0.0904736,0,-0.7724519,1.613184,-0.9574541,1,0.06599777,0.4973788,0.1519384,0.09234155,0.984067,-0.001424012,-0.001996948,-0.02674049,36.11111,2250
25,0.1969281,0.138993,1.000221,0.1228451,0.06524929,1.000188,0.1598865,0.1021206,1.000205,-0.0925616,-0.02836512,-0.9953029,0,0.05747322,0.9977754,-0.0337805,0,-0.9940469,0.06033003,0.09072542,0,-1.115945,-1.573695,-0.6275102,1,-0.09256156,0.05747321,-0.9940468,0,-0.02836512,0.9977754,0.06033003,0,-0.9953028,-0.0337805,0.09072544,0,-0.7724943,1.613133,-0.9574292,1,0.1318659,0.5929385,0.154442,0.09973836,0.9829547,-0.001447288,-0.002069069,-0.02661457,36.13334,2251
25,0.2118515,0.1741481,0.9999329,0.111143,0.098621,0.9999279,0.1614971,0.1363843,0.9999304,-0.09249246,-0.02854659,-0.995304,0,0.05700555,0.9977976,-0.03391557,0,-0.9940802,0.05987479,0.09066153,0,-1.115136,-1.574324,-0.6272749,1,-0.09249254,0.05700555,-0.9940802,0,-0.02854659,0.9977977,0.05987479,0,-0.9953041,-0.03391557,0.09066144,0,-0.7724126,1.613152,-0.9574027,1,0.1514031,0.6739004,0.155376,0.1320004,0.9789966,-0.001445785,-0.002044884,-0.02674541,36.14444,2252
25,0.1978695,0.1524686,0.9999485,0.1050872,0.09209303,0.9999186,0.1514781,0.1222805,0.9999336,-0.09275281,-0.02862485,-0.9952778,0,0.05686823,0.9978027,-0.03399718,0,-0.994064,0.059753,0.09092116,0,-1.115146,-1.574627,-0.6265695,1,-0.0927528,0.05686822,-0.9940638,0,-0.02862484,0.9978027,0.05975301,0,-0.9952775,-0.03399719,0.09092115,0,-0.7721169,1.613282,-0.9574694,1,0.1514031,0.6739004,0.1462772,0.1189753,0.9820631,-0.001433411,-0.002090897,-0.0266698,36.16667,2253
25,0.2186039,0.1547333,0.9997468,0.1070917,0.08880057,0.9997451,0.1628476,0.1217667,0.999746,-0.09269047,-0.02875894,-0.9952797,0,0.05676895,0.9978042,-0.03411878,0,-0.9940754,0.05966346,0.09085441,0,-1.114964,-1.574824,-0.6261789,1,-0.09269055,0.05676895,-0.9940753,0,-0.02875893,0.9978042,0.05966346,0,-0.9952795,-0.03411878,0.09085431,0,-0.7718599,1.613297,-0.957508,1,0.1722302,0.7185622,0.1569196,0.1182903,0.9805018,-0.001433555,-0.002072876,-0.02675502,36.17778,2254
25,0.2128804,0.1602523,0.9999706,0.1268782,0.09258863,0.9999622,0.1698794,0.1264203,0.9999664,-0.09302521,-0.02879121,-0.9952475,0,0.05728689,0.9977711,-0.03421879,0,-0.9940144,0.06019784,0.09116852,0,-1.11602,-1.574258,-0.6255244,1,-0.09302521,0.05728689,-0.9940143,0,-0.02879121,0.9977712,0.06019784,0,-0.9952472,-0.03421879,0.09116851,0,-0.7716942,1.613278,-0.9575445,1,0.2583117,0.766786,0.1633351,0.1225087,0.9789348,-0.001433273,-0.002072731,-0.02678293,36.2,2255
25,0.1959091,0.1413568,0.9998285,0.1236596,0.09695712,0.9998264,0.1597843,0.1191569,0.9998274,-0.09308982,-0.02872796,-0.9952432,0,0.05738309,0.9977674,-0.03416814,0,-0.9940028,0.06029084,0.09123349,0,-1.116312,-1.574114,-0.6253644,1,-0.09308981,0.05738309,-0.9940026,0,-0.02872796,0.9977673,0.06029083,0,-0.9952432,-0.03416813,0.09123347,0,-0.7715281,1.613289,-0.9576582,1,0.299104,0.7969555,0.1540933,0.115876,0.9812379,-0.001434304,-0.002077522,-0.02678481,36.21111,2256
25,0.1901758,0.1426637,0.9999887,0.1238348,0.09828585,0.9999793,0.1570053,0.1204747,0.9999839,-0.09360886,-0.02801774,-0.9952148,0,0.05690216,0.9978195,-0.03344322,0,-0.9939817,0.05976045,0.09181046,0,-1.115885,-1.574028,-0.6257908,1,-0.09360883,0.05690215,-0.9939815,0,-0.02801773,0.9978194,0.05976044,0,-0.9952147,-0.03344322,0.09181045,0,-0.7713536,1.613163,-0.9576502,1,0.3304709,0.7887638,0.1514543,0.1171507,0.9814975,-0.001442361,-0.00208519,-0.02683353,36.23333,2257
25,0.1831221,0.1455092,0.9997747,0.1235914,0.09919357,0.999805,0.1533569,0.1223517,0.9997899,-0.09359348,-0.02739577,-0.9952335,0,0.05672497,0.9978508,-0.03280234,0,-0.9939933,0.05952467,0.09183836,0,-1.115613,-1.573781,-0.626682,1,-0.09359352,0.05672496,-0.9939932,0,-0.02739577,0.9978508,0.05952467,0,-0.9952334,-0.03280233,0.09183831,0,-0.771224,1.613125,-0.95768,1,0.3540954,0.7992331,0.1480408,0.1190022,0.9817955,-0.001449342,-0.002088845,-0.02687296,36.24445,2258
25,0.1809035,0.1437784,0.9998087,0.1232415,0.09407357,0.9998175,0.1520724,0.118926,0.999813,-0.09377182,-0.02700246,-0.9952275,0,0.05684074,0.9978564,-0.03242941,0,-0.9939698,0.05961043,0.09203601,0,-1.115967,-1.573435,-0.6269215,1,-0.09377186,0.05684074,-0.9939698,0,-0.02700246,0.9978564,0.05961043,0,-0.9952275,-0.03242941,0.09203597,0,-0.7710623,1.613163,-0.9577448,1,0.293243,0.7925014,0.146893,0.1157881,0.9823521,-0.001449738,-0.00208828,-0.02687401,36.25556,2259
25,0.1784385,0.1029202,0.9999118,0.1191179,0.09397437,0.9999124,0.1487782,0.09844737,0.9999121,-0.09394169,-0.02651789,-0.9952245,0,0.05738942,0.9978387,-0.03200467,0,-0.9939223,0.06012193,0.09221673,0,-1.116933,-1.57245,-0.6272281,1,-0.09394161,0.05738943,-0.9939222,0,-0.02651789,0.9978388,0.06012193,0,-0.9952245,-0.03200468,0.0922168,0,-0.7708573,1.613077,-0.9577648,1,0.3114792,0.7598111,0.144091,0.09642614,0.9848552,-0.001449456,-0.002085869,-0.02688858,36.27778,2260
25,0.1783134,0.1067076,0.9998686,0.1156345,0.09395409,0.9998736,0.1469738,0.1003309,0.9998711,-0.09389579,-0.02635619,-0.9952332,0,0.05763072,0.9978294,-0.03186214,0,-0.9939127,0.06034772,0.09217298,0,-1.117346,-1.572087,-0.6273993,1,-0.09389571,0.05763072,-0.9939126,0,-0.02635619,0.9978294,0.06034772,0,-0.9952331,-0.03186214,0.09217305,0,-0.7707568,1.613078,-0.9578434,1,0.3235748,0.773166,0.1423743,0.09824316,0.9849253,-0.001449173,-0.002086006,-0.02689765,36.28889,2261
25,0.1792583,0.1242261,0.9998355,0.1156227,0.09462238,0.9998399,0.1474405,0.1094243,0.9998376,-0.09381294,-0.02638159,-0.9952403,0,0.05776435,0.9978206,-0.03189495,0,-0.9939128,0.06048156,0.09208465,0,-1.117502,-1.571946,-0.6272826,1,-0.09381299,0.05776433,-0.9939126,0,-0.02638158,0.9978206,0.06048156,0,-0.9952402,-0.03189494,0.09208455,0,-0.7706035,1.613065,-0.9578624,1,0.3208717,0.777025,0.1426903,0.1068654,0.9839814,-0.001449792,-0.002084984,-0.02689851,36.3,2262
25,0.1702742,0.1068438,0.9998358,0.1158204,0.09240779,0.9998468,0.1430471,0.09962568,0.9998413,-0.09346986,-0.02603016,-0.9952818,0,0.05744217,0.997852,-0.03149194,0,-0.9939637,0.06011469,0.09177387,0,-1.116707,-1.572032,-0.6278968,1,-0.09346987,0.05744217,-0.9939637,0,-0.02603015,0.997852,0.06011469,0,-0.9952818,-0.03149194,0.09177386,0,-0.7702329,1.613028,-0.9578395,1,0.3632466,0.7530829,0.1386948,0.09762383,0.9855118,-0.001451874,-0.002083962,-0.02691485,36.32222,2263
25,0.1700542,0.1066451,0.9997888,0.1158799,0.08622946,0.9998104,0.1429669,0.09643727,0.9997996,-0.09315312,-0.0258227,-0.995317,0,0.05725605,0.9978704,-0.03124762,0,-0.9940042,0.05989873,0.0914762,0,-1.116174,-1.572058,-0.6284691,1,-0.09315307,0.05725605,-0.9940041,0,-0.0258227,0.9978705,0.05989872,0,-0.9953167,-0.03124763,0.09147622,0,-0.7700957,1.61298,-0.9578272,1,0.2954685,0.7529599,0.1386669,0.09459656,0.9858109,-0.001452165,-0.002083634,-0.02690596,36.33334,2264
25,0.1736831,0.1229745,0.9999728,0.1141468,0.08593131,0.9999796,0.143915,0.104453,0.9999762,-0.09287107,-0.02572055,-0.9953459,0,0.05682737,0.9978999,-0.03108884,0,-0.9940551,0.05945015,0.09121442,0,-1.115371,-1.572399,-0.6288585,1,-0.09287109,0.05682737,-0.9940552,0,-0.02572055,0.9978998,0.05945015,0,-0.9953458,-0.03108884,0.09121439,0,-0.7699605,1.61293,-0.9579002,1,0.3181444,0.7767133,0.1394315,0.1021816,0.9849455,-0.00145266,-0.002079117,-0.02690443,36.35556,2265
25,0.1736715,0.1238407,0.9999043,0.1142017,0.08494671,0.9999051,0.1439366,0.1043937,0.9999047,-0.09272563,-0.02593952,-0.9953539,0,0.05651545,0.9979119,-0.03127107,0,-0.9940866,0.05915249,0.091066,0,-1.11485,-1.572862,-0.6286174,1,-0.09272558,0.05651544,-0.9940864,0,-0.02593951,0.9979119,0.05915249,0,-0.9953536,-0.03127107,0.091066,0,-0.7698709,1.612927,-0.9579723,1,0.2512379,0.7580373,0.1394631,0.1021313,0.9849464,-0.001453201,-0.002078476,-0.0269001,36.36667,2266
25,0.173909,0.1296933,0.9998454,0.1133493,0.08489744,0.999854,0.143629,0.1072955,0.9998497,-0.09285033,-0.02550987,-0.9953533,0,0.05641005,0.9979313,-0.03083808,0,-0.9940809,0.05901125,0.09121919,0,-1.114879,-1.572685,-0.6288344,1,-0.09285025,0.05641004,-0.9940807,0,-0.02550986,0.9979313,0.05901124,0,-0.9953532,-0.03083808,0.09121922,0,-0.769548,1.61293,-0.9581118,1,0.2156743,0.7393571,0.1391414,0.1048933,0.9847016,-0.00145356,-0.002076759,-0.02689854,36.38889,2267
25,0.1744524,0.1317666,0.9999646,0.1136413,0.08531393,0.9999458,0.1440468,0.1085399,0.9999552,-0.09327555,-0.02534465,-0.9953179,0,0.05659985,0.9979244,-0.03071524,0,-0.9940304,0.05919981,0.09164739,0,-1.115511,-1.572383,-0.6285048,1,-0.09327545,0.05659984,-0.99403,0,-0.02534464,0.9979244,0.0591998,0,-0.9953175,-0.03071524,0.09164739,0,-0.7694632,1.612953,-0.958166,1,0.1689613,0.6974698,0.1395033,0.1060593,0.9845254,-0.00145404,-0.002079247,-0.02689899,36.4,2268
25,0.1738046,0.1317891,0.9999515,0.1167299,0.08609674,0.9999406,0.1452673,0.1089428,0.999946,-0.09407187,-0.02481182,-0.9952562,0,0.05676738,0.9979292,-0.03024413,0,-0.9939457,0.05934321,0.09246862,0,-1.11641,-1.571831,-0.6283882,1,-0.09407192,0.05676739,-0.9939457,0,-0.02481182,0.9979293,0.05934321,0,-0.9952561,-0.03024413,0.09246856,0,-0.76943,1.612947,-0.9582672,1,0.1249775,0.6612748,0.1406448,0.1064188,0.9843242,-0.001455582,-0.002074349,-0.02691493,36.42222,2269
25,0.175979,0.1318488,0.9999672,0.1164985,0.08474744,0.9999417,0.1462388,0.1082977,0.9999544,-0.09451449,-0.024796,-0.9952148,0,0.05669075,0.9979335,-0.03024759,0,-0.9939081,0.05927829,0.09291339,0,-1.116663,-1.571891,-0.6278157,1,-0.09451439,0.05669073,-0.9939079,0,-0.02479599,0.9979334,0.05927829,0,-0.9952146,-0.0302476,0.09291345,0,-0.7693287,1.612957,-0.9583482,1,0.1012786,0.6097503,0.1415706,0.105792,0.984259,-0.001459961,-0.002073929,-0.02690959,36.43333,2270
25,0.1765452,0.1362753,0.9999719,0.1143661,0.08536014,0.9999667,0.1454555,0.1108176,0.9999694,-0.09478843,-0.0245566,-0.9951947,0,0.05676773,0.9979357,-0.03003113,0,-0.9938776,0.05934153,0.09319878,0,-1.11706,-1.57167,-0.6278309,1,-0.09478845,0.05676772,-0.9938775,0,-0.02455658,0.9979357,0.05934153,0,-0.9951944,-0.03003114,0.09319871,0,-0.769293,1.612984,-0.9584424,1,0.08459786,0.6125049,0.1407997,0.1081895,0.9841089,-0.001462731,-0.002073281,-0.0269051,36.44445,2271
25,0.1765141,0.1390226,0.9999976,0.1155444,0.09157699,0.9999773,0.1460293,0.1152995,0.9999875,-0.0956347,-0.02485407,-0.9951062,0,0.05665339,0.9979319,-0.03036931,0,-0.993803,0.0592805,0.09402883,0,-1.117543,-1.571922,-0.6262636,1,-0.09563467,0.05665339,-0.9938029,0,-0.02485406,0.997932,0.05928049,0,-0.9951061,-0.03036932,0.09402884,0,-0.7691433,1.612965,-0.9585468,1,0.08459786,0.6125049,0.141274,0.1124219,0.9835665,-0.001467294,-0.002074288,-0.02690145,36.46667,2272
25,0.1759636,0.1393816,0.9999735,0.1184866,0.09191832,0.9999558,0.1472251,0.1156498,0.9999647,-0.09577346,-0.0250469,-0.9950881,0,0.05678761,0.9979177,-0.03058371,0,-0.993782,0.05943778,0.09415162,0,-1.11788,-1.571921,-0.6257067,1,-0.09577338,0.05678762,-0.993782,0,-0.02504689,0.9979177,0.05943779,0,-0.9950878,-0.03058371,0.09415167,0,-0.7690679,1.612993,-0.958586,1,0.1097095,0.604085,0.1423939,0.1127376,0.9833688,-0.001467294,-0.002074288,-0.02690145,36.47778,2273
25,0.1762421,0.1403766,0.9998579,0.1187586,0.0915115,0.9998403,0.1475001,0.1159437,0.9998491,-0.09622943,-0.02569531,-0.9950275,0,0.05680033,0.997896,-0.03126257,0,-0.9937372,0.05952627,0.09456742,0,-1.118304,-1.572332,-0.6239022,1,-0.09622938,0.05680034,-0.9937372,0,-0.02569531,0.997896,0.05952626,0,-0.9950273,-0.03126257,0.09456746,0,-0.768815,1.613039,-0.9587049,1,0.13216,0.6012719,0.1426637,0.1130246,0.9832968,-0.001467294,-0.002075073,-0.02689655,36.5,2274
25,0.1749202,0.1394542,0.9998452,0.1245236,0.09113773,0.9998527,0.1497218,0.1152961,0.9998488,-0.09619725,-0.02558707,-0.9950333,0,0.05663373,0.9979094,-0.03113623,0,-0.9937498,0.05934767,0.09454703,0,-1.118084,-1.572504,-0.6239974,1,-0.09619723,0.05663373,-0.9937499,0,-0.02558707,0.9979094,0.05934767,0,-0.9950333,-0.03113623,0.09454706,0,-0.7686906,1.613108,-0.9587746,1,0.1124711,0.5858684,0.1447539,0.1123873,0.9830642,-0.00146527,-0.002086006,-0.02690485,36.51111,2275
25,0.1744989,0.1411673,0.9999645,0.1257794,0.09768509,0.9999596,0.1501391,0.1194262,0.9999621,-0.09633911,-0.02555689,-0.9950204,0,0.05641118,0.9979233,-0.03109325,0,-0.9937487,0.05912577,0.09469736,0,-1.117894,-1.572704,-0.6238587,1,-0.09633912,0.05641119,-0.9937488,0,-0.02555689,0.9979234,0.05912577,0,-0.9950204,-0.03109325,0.09469735,0,-0.7686425,1.613103,-0.9588407,1,0.1223543,0.6117312,0.1450634,0.1162753,0.9825664,-0.001465621,-0.002092774,-0.0269118,36.52222,2276
25,0.1742561,0.1415612,0.9999412,0.1241916,0.09831748,0.999945,0.1492239,0.1199393,0.9999431,-0.09611726,-0.02549764,-0.9950434,0,0.05597993,0.9979511,-0.03097958,0,-0.9937946,0.05868013,0.09449303,0,-1.117219,-1.573046,-0.6241715,1,-0.09611732,0.05597993,-0.9937947,0,-0.02549763,0.9979511,0.05868014,0,-0.9950433,-0.03097959,0.09449298,0,-0.7685708,1.613028,-0.9590001,1,0.1110494,0.568143,0.1441991,0.1168022,0.9826311,-0.001464042,-0.0021194,-0.02690582,36.54445,2277
25,0.1742595,0.1458095,0.9999692,0.1250016,0.09962024,0.9999843,0.1496305,0.1227151,0.9999768,-0.09608388,-0.02521633,-0.9950539,0,0.05587552,0.9979661,-0.03068556,0,-0.9938039,0.05854754,0.09447944,0,-1.117079,-1.572951,-0.624684,1,-0.0960838,0.05587552,-0.9938035,0,-0.02521633,0.9979662,0.05854753,0,-0.9950536,-0.03068556,0.09447945,0,-0.7685913,1.613001,-0.9590445,1,0.09913803,0.6194517,0.1445311,0.1194198,0.9822677,-0.001464616,-0.002128662,-0.02690309,36.55556,2278
25,0.1738484,0.1446452,1.000137,0.1244448,0.09829392,1.000131,0.1491467,0.1214695,1.000134,-0.09583127,-0.02577885,-0.9950638,0,0.05555381,0.997968,-0.03120428,0,-0.9938462,0.05826992,0.09420443,0,-1.116608,-1.573598,-0.6241864,1,-0.09583125,0.05555379,-0.993846,0,-0.02577884,0.997968,0.05826992,0,-0.9950636,-0.03120429,0.09420441,0,-0.7686766,1.612955,-0.9592419,1,0.1255694,0.6363928,0.1440802,0.1182437,0.9824761,-0.001466072,-0.002135284,-0.02688685,36.57778,2279
25,0.1736671,0.1586226,1.000036,0.1251738,0.09829932,1.000019,0.1494204,0.1284606,1.000027,-0.09585798,-0.026065,-0.9950538,0,0.0551499,0.9979825,-0.03145456,0,-0.9938661,0.05789228,0.09422719,0,-1.116086,-1.574196,-0.6237425,1,-0.09585804,0.05514988,-0.9938659,0,-0.02606499,0.9979825,0.05789228,0,-0.9950536,-0.03145456,0.09422708,0,-0.7686744,1.612952,-0.9593322,1,0.1160242,0.6542645,0.1442418,0.1248854,0.9816303,-0.001471451,-0.002182442,-0.02686087,36.58889,2280
25,0.1799603,0.1684277,0.9999862,0.1229073,0.09781837,0.9999751,0.1514339,0.1331228,0.9999806,-0.09609282,-0.02604069,-0.9950318,0,0.05502278,0.9979903,-0.0314318,0,-0.9938506,0.05776978,0.09446692,0,-1.116124,-1.574287,-0.6234812,1,-0.09609284,0.05502277,-0.9938502,0,-0.02604067,0.9979902,0.05776978,0,-0.9950315,-0.0314318,0.09446684,0,-0.7686304,1.612938,-0.9594154,1,0.1578863,0.7347107,0.1460643,0.1293071,0.9807879,-0.001474669,-0.002243225,-0.02676344,36.6,2281
25,0.1797244,0.1781905,0.9999722,0.1218179,0.09605756,0.9999977,0.1507711,0.1371245,0.999985,-0.09651649,-0.02501024,-0.9950173,0,0.05449633,0.9980519,-0.03037265,0,-0.9938385,0.05715624,0.09496546,0,-1.11569,-1.574103,-0.6246146,1,-0.09651641,0.05449631,-0.9938381,0,-0.02501023,0.9980519,0.05715623,0,-0.9950169,-0.03037265,0.09496547,0,-0.7685531,1.612866,-0.9595284,1,0.2223734,0.7810988,0.1453795,0.1331056,0.9803814,-0.001482148,-0.002275215,-0.02675224,36.62222,2282
25,0.1788385,0.1839871,0.9999429,0.120436,0.09351504,0.9999711,0.1496373,0.1387517,0.9999571,-0.09680605,-0.02450699,-0.9950016,0,0.05455849,0.9980631,-0.02989051,0,-0.9938068,0.05717935,0.09528136,0,-1.116055,-1.573589,-0.6250595,1,-0.09680593,0.05455849,-0.9938067,0,-0.02450699,0.9980632,0.05717935,0,-0.9950016,-0.02989052,0.09528147,0,-0.7685398,1.612749,-0.95961,1,0.2744335,0.8008233,0.1443022,0.1346713,0.9803267,-0.001490707,-0.002289887,-0.0267414,36.63334,2283
25,0.1793809,0.1829506,1.000101,0.1196648,0.09440242,1.000117,0.1495229,0.1386768,1.000109,-0.09722924,-0.02343053,-0.9949863,0,0.05484758,0.9980775,-0.02886298,0,-0.9937497,0.0573789,0.09575713,0,-1.116906,-1.572454,-0.626404,1,-0.09722912,0.05484756,-0.9937494,0,-0.02343052,0.9980774,0.0573789,0,-0.994986,-0.02886298,0.09575718,0,-0.7687025,1.612611,-0.9597163,1,0.3149251,0.7978951,0.1441842,0.134606,0.9803531,-0.001497963,-0.002312096,-0.02672982,36.65556,2284
25,0.1782137,0.1739343,1.000062,0.119658,0.09544872,1.000067,0.148936,0.1346916,1.000064,-0.09755027,-0.02311339,-0.9949622,0,0.0549736,0.9980788,-0.02857563,0,-0.9937112,0.05748421,0.09609234,0,-1.11738,-1.572118,-0.6265849,1,-0.09755036,0.05497359,-0.993711,0,-0.02311338,0.9980789,0.05748421,0,-0.9949621,-0.02857563,0.09609222,0,-0.768766,1.612619,-0.9597708,1,0.339109,0.8373362,0.1437165,0.1309057,0.9809226,-0.001500702,-0.002335076,-0.02672527,36.66667,2285
25,0.1781276,0.1781418,1.00013,0.1181621,0.09499314,1.00013,0.1481448,0.1365673,1.00013,-0.0973953,-0.02300597,-0.9949799,0,0.05498213,0.9980817,-0.02845971,0,-0.9937259,0.05747795,0.09594357,0,-1.11742,-1.572067,-0.6271479,1,-0.09739532,0.05498213,-0.993726,0,-0.02300596,0.9980816,0.05747796,0,-0.9949797,-0.0284597,0.09594355,0,-0.7689978,1.612641,-0.9598791,1,0.2818661,0.7908456,0.1429421,0.1327116,0.9807932,-0.00150962,-0.002376076,-0.02671945,36.68889,2286
25,0.181401,0.1824254,1.000071,0.11842,0.09663802,1.000058,0.1499105,0.1395313,1.000064,-0.09733534,-0.02322028,-0.9949809,0,0.05484784,0.9980834,-0.02865824,0,-0.9937394,0.05736199,0.09587526,0,-1.117208,-1.572366,-0.6269387,1,-0.09733536,0.05484783,-0.993739,0,-0.02322027,0.9980835,0.05736199,0,-0.9949805,-0.02865825,0.09587517,0,-0.7690464,1.612662,-0.9599108,1,0.2362616,0.7711399,0.1445508,0.1354897,0.9801773,-0.00150962,-0.002397682,-0.02669468,36.7,2287
25,0.183085,0.190092,1.000111,0.1182257,0.09638044,1.000098,0.1506553,0.143236,1.000105,-0.09688628,-0.02367184,-0.995014,0,0.0549223,0.9980667,-0.02909235,0,-0.993779,0.0574671,0.0953989,0,-1.117042,-1.572618,-0.6268276,1,-0.0968863,0.05492228,-0.9937788,0,-0.02367184,0.9980667,0.05746709,0,-0.9950138,-0.02909235,0.09539883,0,-0.769155,1.612692,-0.9599204,1,0.1875039,0.7149324,0.1451712,0.1389491,0.9796012,-0.00150962,-0.002407448,-0.02669,36.71111,2288
25,0.184189,0.18664,0.9998825,0.1193927,0.09533282,0.9999169,0.151791,0.1409873,0.9998997,-0.09617794,-0.02419959,-0.99507,0,0.05466614,0.9980671,-0.02955621,0,-0.9938619,0.05723929,0.09466922,0,-1.116312,-1.573329,-0.6268306,1,-0.09617803,0.05466614,-0.9938619,0,-0.02419959,0.9980672,0.05723929,0,-0.9950699,-0.02955621,0.09466914,0,-0.7691787,1.612786,-0.960062,1,0.124485,0.6973882,0.1463022,0.1368577,0.9797274,-0.001505738,-0.002413849,-0.02666766,36.73333,2289
25,0.1865813,0.1844601,1.000015,0.1214789,0.1047061,1.00001,0.15403,0.144583,1.000012,-0.09582961,-0.02458002,-0.9950942,0,0.05416073,0.9980854,-0.02986969,0,-0.9939232,0.05675742,0.09431481,0,-1.115391,-1.574116,-0.6267,1,-0.09582955,0.05416072,-0.9939231,0,-0.02458002,0.9980853,0.05675742,0,-0.9950941,-0.02986969,0.09431484,0,-0.7692047,1.612792,-0.9601631,1,0.124485,0.6973882,0.1483022,0.1401688,0.9789582,-0.001497361,-0.002414833,-0.02664027,36.74445,2290
25,0.1964897,0.1769916,0.9999688,0.121058,0.1029274,0.9999954,0.1587738,0.13996,0.9999821,-0.09562421,-0.0245711,-0.9951143,0,0.05306523,0.998148,-0.02974523,0,-0.9940022,0.05565033,0.09414315,0,-1.113622,-1.575234,-0.6272686,1,-0.0956241,0.05306522,-0.9940019,0,-0.02457109,0.9981478,0.05565032,0,-0.9951142,-0.02974524,0.09414322,0,-0.7693982,1.612753,-0.9602267,1,0.1835567,0.699699,0.1528098,0.1357557,0.9788868,-0.001476403,-0.002405914,-0.02656903,36.76667,2291
25,0.1983117,0.1803195,0.9999603,0.1199628,0.1037828,0.9999858,0.1591375,0.1420515,0.999973,-0.09547794,-0.02442469,-0.9951319,0,0.05256643,0.9981803,-0.02954299,0,-0.9940427,0.05513123,0.09402025,0,-1.112847,-1.575759,-0.6277484,1,-0.09547789,0.05256643,-0.9940426,0,-0.02442468,0.9981803,0.05513123,0,-0.9951318,-0.029543,0.09402028,0,-0.7694321,1.612845,-0.960323,1,0.1179079,0.7021614,0.153108,0.1377054,0.9785679,-0.001476403,-0.002404755,-0.02656801,36.77778,2292
25,0.1978188,0.1796901,0.9999771,0.1199935,0.105479,1.000018,0.1589062,0.1425853,0.9999977,-0.0951376,-0.02406347,-0.9951733,0,0.05266615,0.998186,-0.02917115,0,-0.99407,0.05518722,0.09369767,0,-1.112828,-1.575414,-0.6288574,1,-0.09513757,0.05266615,-0.9940699,0,-0.02406347,0.9981861,0.05518722,0,-0.9951732,-0.02917115,0.09369767,0,-0.7696037,1.61282,-0.9603634,1,0.1929897,0.7037993,0.152879,0.1381933,0.9785349,-0.001476403,-0.002391693,-0.02656748,36.8,2293
25,0.198177,0.1688134,1.000042,0.119504,0.103235,1.000049,0.1588404,0.1360243,1.000046,-0.09509456,-0.02398286,-0.9951793,0,0.05310418,0.9981641,-0.02912917,0,-0.9940507,0.05561821,0.09364629,0,-1.113507,-1.574872,-0.6290388,1,-0.09509448,0.05310418,-0.9940508,0,-0.02398286,0.9981639,0.05561821,0,-0.9951793,-0.02912917,0.09364638,0,-0.7696647,1.61279,-0.9603837,1,0.1925861,0.6956413,0.1529414,0.1320463,0.9793736,-0.001477798,-0.002391106,-0.02656675,36.81111,2294
25,0.1952331,0.1698098,1.000045,0.1176494,0.1025433,1.000004,0.1564412,0.136176,1.000024,-0.09547472,-0.02419334,-0.9951378,0,0.05359312,0.9981297,-0.02940786,0,-0.9939882,0.05614024,0.09399951,0,-1.114621,-1.574539,-0.6282277,1,-0.09547466,0.05359312,-0.993988,0,-0.02419334,0.9981297,0.05614024,0,-0.9951378,-0.02940787,0.09399955,0,-0.7696846,1.612855,-0.9604721,1,0.1456974,0.7069346,0.1507131,0.1322285,0.9796944,-0.001490737,-0.002386147,-0.02659496,36.83334,2295
25,0.1903341,0.1520224,1.000071,0.1165412,0.1035796,1.000054,0.1534377,0.1278009,1.000063,-0.09563732,-0.02429232,-0.9951198,0,0.05356076,0.9981284,-0.0295133,0,-0.9939742,0.05612195,0.09415722,0,-1.114805,-1.574628,-0.6279172,1,-0.09563734,0.05356076,-0.9939743,0,-0.02429233,0.9981284,0.05612195,0,-0.9951198,-0.0295133,0.0941572,0,-0.7697213,1.612859,-0.9605936,1,0.1456974,0.7069346,0.1480677,0.1244114,0.9811206,-0.001501922,-0.002384903,-0.0265928,36.84444,2296
25,0.1901844,0.1519855,0.9999496,0.1188728,0.1033454,0.9999384,0.1545286,0.1276655,0.999944,-0.09569895,-0.02443539,-0.9951104,0,0.05352141,0.9981262,-0.02965655,0,-0.9939704,0.05609781,0.09421182,0,-1.114817,-1.574752,-0.6275428,1,-0.09569895,0.05352142,-0.9939704,0,-0.02443539,0.9981263,0.05609781,0,-0.9951104,-0.02965655,0.09421182,0,-0.7696408,1.612857,-0.9606327,1,0.1676938,0.7153987,0.1491092,0.1242781,0.9809797,-0.001505272,-0.002384125,-0.02659241,36.85556,2297
25,0.1918863,0.1521169,0.9999141,0.1218759,0.1008494,0.999936,0.1568809,0.1264834,0.9999251,-0.09551787,-0.02425085,-0.9951324,0,0.0532803,0.9981456,-0.02943839,0,-0.9940009,0.05583283,0.09404874,0,-1.11442,-1.574829,-0.6280804,1,-0.09551793,0.05328028,-0.9940006,0,-0.02425083,0.9981456,0.05583283,0,-0.9951321,-0.02943839,0.09404863,0,-0.7696609,1.612796,-0.9607365,1,0.1307913,0.723488,0.1513326,0.1231253,0.9807847,-0.001507584,-0.002382447,-0.02658844,36.87778,2298
25,0.1900742,0.1549608,1.000179,0.1213897,0.1000711,1.000181,0.1557321,0.1275161,1.00018,-0.09564686,-0.02405482,-0.9951248,0,0.0533153,0.9981492,-0.02925235,0,-0.9939867,0.05585326,0.09418726,0,-1.114528,-1.574597,-0.6284254,1,-0.09564675,0.05331529,-0.9939864,0,-0.02405482,0.9981492,0.05585326,0,-0.9951246,-0.02925235,0.09418732,0,-0.7698392,1.612721,-0.9606897,1,0.1575716,0.7297178,0.1502078,0.1240838,0.9808367,-0.001509696,-0.002378204,-0.02658717,36.88889,2299
25,0.1926045,0.15593,1.000193,0.1215278,0.0968347,1.00022,0.1570662,0.1263827,1.000206,-0.09512949,-0.02386497,-0.995179,0,0.05346516,0.9981472,-0.0290469,0,-0.9940283,0.05597061,0.09367728,0,-1.114533,-1.57426,-0.629604,1,-0.09512945,0.05346515,-0.994028,0,-0.02386496,0.9981472,0.05597061,0,-0.9951786,-0.0290469,0.09367726,0,-0.7701629,1.612644,-0.9607853,1,0.1987247,0.7745817,0.1514728,0.1229918,0.9807798,-0.001509696,-0.002376984,-0.02656712,36.91111,2300
25,0.1905431,0.1530834,1.000071,0.1215487,0.09643584,1.000073,0.1560459,0.1247594,1.000072,-0.09511733,-0.02383601,-0.9951807,0,0.05367374,0.9981363,-0.02903682,0,-0.9940181,0.05617697,0.09366059,0,-1.114818,-1.574004,-0.6297131,1,-0.09511722,0.05367373,-0.994018,0,-0.02383601,0.9981362,0.05617696,0,-0.9951807,-0.02903682,0.09366068,0,-0.7702346,1.612622,-0.9607475,1,0.2748836,0.8114557,0.1505706,0.1215022,0.9811044,-0.001509696,-0.002379723,-0.02654759,36.92222,2301
25,0.1902682,0.1547287,1.000074,0.1214765,0.09595285,1.000082,0.1558723,0.1253409,1.000078,-0.09512866,-0.02420783,-0.9951707,0,0.05297832,0.9981644,-0.02934486,0,-0.9940543,0.055514,0.09367144,0,-1.113755,-1.575057,-0.6294429,1,-0.09512854,0.05297833,-0.9940543,0,-0.02420783,0.9981644,0.055514,0,-0.9951706,-0.02934487,0.09367154,0,-0.7704816,1.6127,-0.9607338,1,0.3042105,0.836063,0.1503981,0.1220522,0.9810625,-0.001509803,-0.002379295,-0.02654373,36.94445,2302
25,0.1903832,0.1635755,0.9999719,0.1218543,0.0904361,0.9999573,0.1561188,0.1270055,0.9999646,-0.09537101,-0.02418718,-0.995148,0,0.05285668,0.9981714,-0.02932624,0,-0.9940376,0.05539709,0.0939182,0,-1.113741,-1.575204,-0.6291482,1,-0.09537103,0.05285668,-0.9940374,0,-0.02418717,0.9981714,0.05539709,0,-0.9951478,-0.02932624,0.09391814,0,-0.7704138,1.612742,-0.9607497,1,0.282779,0.8413668,0.150614,0.1236276,0.9808322,-0.001508827,-0.002378998,-0.02654155,36.95555,2303
25,0.1917822,0.1645758,1.000049,0.1221089,0.08983991,1.000059,0.1569454,0.127208,1.000054,-0.09542274,-0.02399513,-0.9951476,0,0.05293645,0.9981725,-0.02914404,0,-0.9940284,0.05546059,0.09397817,0,-1.113903,-1.575006,-0.6294541,1,-0.09542276,0.05293645,-0.9940282,0,-0.02399512,0.9981725,0.05546058,0,-0.9951475,-0.02914404,0.09397813,0,-0.7704839,1.612749,-0.9607456,1,0.3101652,0.8376986,0.1513683,0.1237921,0.9806952,-0.001507186,-0.002377831,-0.02653972,36.96667,2304
25,0.1917884,0.1669764,1.000022,0.1203519,0.08667346,1.000021,0.1560701,0.126825,1.000022,-0.09541559,-0.02368306,-0.9951559,0,0.05337328,0.9981571,-0.02887192,0,-0.9940057,0.05586955,0.09397566,0,-1.114638,-1.574317,-0.6299176,1,-0.09541552,0.05337327,-0.9940055,0,-0.02368306,0.9981571,0.05586955,0,-0.9951556,-0.02887192,0.09397569,0,-0.7705045,1.612721,-0.960803,1,0.2901056,0.8515761,0.1505629,0.1234479,0.9808627,-0.001506829,-0.002373878,-0.02653629,36.98889,2305
25,0.1935015,0.162581,1.000037,0.1206861,0.0846611,1.000044,0.1570938,0.1236212,1.000041,-0.09532583,-0.02365325,-0.9951651,0,0.05360107,0.9981453,-0.02885848,0,-0.9940019,0.05609287,0.09388125,0,-1.114967,-1.574058,-0.6300937,1,-0.0953259,0.05360107,-0.994002,0,-0.02365325,0.9981453,0.05609288,0,-0.9951652,-0.02885848,0.0938812,0,-0.7705641,1.612718,-0.9608319,1,0.2998612,0.8362289,0.1515746,0.120403,0.9810852,-0.001508737,-0.002364678,-0.02653481,37.0,2306
25,0.1903652,0.1616609,1.000084,0.1229166,0.08217657,1.000067,0.1566408,0.1219182,1.000075,-0.09512627,-0.02400903,-0.9951757,0,0.05364593,0.9981328,-0.02920824,0,-0.9940188,0.05616559,0.09366071,0,-1.11489,-1.574257,-0.6297151,1,-0.0951263,0.05364592,-0.9940186,0,-0.02400902,0.9981328,0.05616559,0,-0.9951755,-0.02920824,0.09366064,0,-0.7705289,1.612734,-0.9608232,1,0.2895288,0.8402389,0.1511772,0.1188002,0.9813419,-0.001508553,-0.002361412,-0.0265261,37.02222,2307
25,0.187297,0.1612518,1.000039,0.1233242,0.08107427,1.000037,0.1553108,0.1211628,1.000038,-0.0948956,-0.02422231,-0.9951925,0,0.0535627,0.9981316,-0.02940127,0,-0.9940453,0.05609525,0.09342086,0,-1.114644,-1.57452,-0.6296958,1,-0.09489558,0.0535627,-0.9940451,0,-0.02422231,0.9981316,0.05609524,0,-0.9951925,-0.02940127,0.09342087,0,-0.7705817,1.612768,-0.9608562,1,0.2647297,0.8513299,0.1499523,0.1181154,0.9816125,-0.001507806,-0.002360802,-0.02652142,37.03333,2308
25,0.1904296,0.1764203,1.000227,0.1241848,0.0800894,1.000208,0.1573072,0.1282543,1.000218,-0.09485626,-0.02475303,-0.9951832,0,0.05329902,0.9981307,-0.02990656,0,-0.9940631,0.05587912,0.09335959,0,-1.114242,-1.575162,-0.6291856,1,-0.09485623,0.05329903,-0.9940632,0,-0.02475303,0.9981307,0.05587912,0,-0.9951832,-0.02990656,0.09335964,0,-0.7708378,1.612789,-0.9608673,1,0.2809462,0.8654147,0.151667,0.1247355,0.9805296,-0.001506562,-0.002358994,-0.02651709,37.05556,2309
25,0.1941893,0.1767644,1.000098,0.1239577,0.07874887,1.000082,0.1590735,0.1277562,1.00009,-0.0948621,-0.02490887,-0.9951789,0,0.05332007,0.9981248,-0.03006516,0,-0.9940615,0.05591504,0.09335613,0,-1.114228,-1.57526,-0.6289982,1,-0.09486213,0.05332006,-0.9940613,0,-0.02490886,0.9981248,0.05591504,0,-0.9951786,-0.03006516,0.09335604,0,-0.7709015,1.612806,-0.9608089,1,0.2689137,0.8538151,0.1533407,0.1242494,0.9803309,-0.001505181,-0.002357857,-0.02651316,37.06667,2310
25,0.1934404,0.160722,1.000071,0.1240989,0.07934854,1.000097,0.1587696,0.1200358,1.000084,-0.0944978,-0.02496083,-0.9952122,0,0.05347308,0.9981152,-0.03011104,0,-0.9940881,0.05606248,0.09298491,0,-1.114271,-1.575164,-0.6297586,1,-0.09449774,0.05347308,-0.9940878,0,-0.02496083,0.9981153,0.05606248,0,-0.995212,-0.03011104,0.09298494,0,-0.7713568,1.612816,-0.9608179,1,0.2864478,0.8319262,0.1531946,0.1169828,0.9812474,-0.001504897,-0.00235334,-0.02651088,37.08889,2311
25,0.1923681,0.1724825,1.000048,0.1244486,0.07514079,1.000062,0.1584085,0.1238121,1.000055,-0.09435725,-0.02490849,-0.9952268,0,0.05354987,0.9981127,-0.03005778,0,-0.9940972,0.05613043,0.09284532,0,-1.114277,-1.57505,-0.6300733,1,-0.09435724,0.05354986,-0.9940971,0,-0.02490849,0.9981127,0.05613043,0,-0.9952267,-0.03005777,0.09284531,0,-0.771438,1.612809,-0.9607919,1,0.2767887,0.8572052,0.1527977,0.1205493,0.9808776,-0.001505974,-0.002352295,-0.02650776,37.1,2312
25,0.1895809,0.1600742,0.999882,0.1278025,0.07425725,0.9999086,0.1586916,0.1171663,0.9998953,-0.09443927,-0.02455429,-0.9952278,0,0.05336862,0.9981334,-0.02969024,0,-0.9940991,0.05591786,0.09295249,0,-1.11403,-1.575052,-0.6304889,1,-0.09443921,0.05336862,-0.9940991,0,-0.02455429,0.9981334,0.05591785,0,-0.9952278,-0.02969024,0.09295256,0,-0.7713624,1.612847,-0.9607769,1,0.2767887,0.8572052,0.1532008,0.1142967,0.9815629,-0.001505959,-0.002351456,-0.02650037,37.11111,2313
25,0.1827578,0.1610803,0.999892,0.1300633,0.07361151,0.9999068,0.1564105,0.1173461,0.9998994,-0.09411871,-0.02452944,-0.9952589,0,0.05334197,0.9981362,-0.02964474,0,-0.994131,0.05587918,0.09263492,0,-1.113811,-1.575153,-0.630906,1,-0.09411877,0.05334197,-0.9941309,0,-0.02452943,0.9981362,0.05587918,0,-0.9952586,-0.02964475,0.09263483,0,-0.7713827,1.612927,-0.960812,1,0.2799473,0.8685026,0.1510666,0.1145048,0.9818695,-0.001507005,-0.002351013,-0.02649699,37.13334,2314
25,0.1834836,0.1710303,1.000122,0.1283712,0.07301386,1.000084,0.1559276,0.1220212,1.000103,-0.09431922,-0.02478954,-0.9952334,0,0.05346569,0.9981211,-0.02992847,0,-0.9941053,0.05603367,0.09281659,0,-1.114122,-1.57522,-0.6302924,1,-0.09431919,0.0534657,-0.9941053,0,-0.02478955,0.9981211,0.05603367,0,-0.9952333,-0.02992847,0.09281661,0,-0.7714201,1.612964,-0.9607878,1,0.2801352,0.8397398,0.1505079,0.1188993,0.9814328,-0.001506272,-0.002349335,-0.02649222,37.14444,2315
25,0.1878124,0.1715714,1.000147,0.1286381,0.0688493,1.000109,0.1582253,0.1202092,1.000128,-0.09451234,-0.02532396,-0.9952016,0,0.0538976,0.9980801,-0.03051576,0,-0.9940636,0.05652309,0.09296596,0,-1.114874,-1.575134,-0.6292509,1,-0.09451231,0.0538976,-0.9940637,0,-0.02532396,0.99808,0.05652309,0,-0.9952015,-0.03051576,0.09296598,0,-0.7714894,1.612996,-0.9607258,1,0.272479,0.8471737,0.1526823,0.1171384,0.9813087,-0.001506263,-0.002337753,-0.02648897,37.16667,2316
25,0.188973,0.1637568,1.000315,0.1309204,0.07069407,1.00027,0.1599468,0.1172244,1.000292,-0.09452271,-0.02578771,-0.9951887,0,0.05395782,0.9980623,-0.03098707,0,-0.9940594,0.05662719,0.09294808,0,-1.114988,-1.575346,-0.6287333,1,-0.09452267,0.05395781,-0.9940593,0,-0.02578771,0.9980623,0.05662719,0,-0.9951886,-0.03098707,0.09294809,0,-0.7717243,1.612973,-0.9607174,1,0.2335672,0.8394278,0.1543161,0.1142762,0.9813905,-0.001506379,-0.002337624,-0.02648857,37.17778,2317
25,0.1887335,0.1636941,1.000258,0.131284,0.07151162,1.000229,0.1600086,0.1176023,1.000244,-0.09467387,-0.0259906,-0.995169,0,0.05415078,0.9980447,-0.03121725,0,-0.9940345,0.05684463,0.09308136,0,-1.11548,-1.575316,-0.6284125,1,-0.09467389,0.05415077,-0.9940345,0,-0.0259906,0.9980447,0.05684463,0,-0.995169,-0.03121725,0.09308134,0,-0.7719269,1.613022,-0.9607838,1,0.2329555,0.7907766,0.1543743,0.1146368,0.9813395,-0.001506112,-0.002337463,-0.02648778,37.18889,2318
25,0.1883489,0.1636486,1.000133,0.1319878,0.07018591,1.000134,0.1601682,0.1169173,1.000133,-0.09485912,-0.02617852,-0.9951466,0,0.05374499,0.9980615,-0.03137826,0,-0.994039,0.05646065,0.09326828,0,-1.114927,-1.575816,-0.6281549,1,-0.09485909,0.05374498,-0.9940387,0,-0.02617851,0.9980616,0.05646065,0,-0.9951463,-0.03137827,0.09326825,0,-0.7721194,1.612973,-0.9607218,1,0.1814947,0.7425284,0.154552,0.1139984,0.9813858,-0.001507103,-0.00233522,-0.02648533,37.21111,2319
