flag,xl,yl,zl,xr,yr,zr,xc,yc,zc,mat_00,mat_10,mat_20,mat_30,mat_01,mat_11,mat_21,mat_31,mat_02,mat_12,mat_22,mat_32,mat_03,mat_13,mat_23,mat_33,ctw_00,ctw_10,ctw_20,ctw_30,ctw_01,ctw_11,ctw_21,ctw_31,ctw_02,ctw_12,ctw_22,ctw_32,ctw_03,ctw_13,ctw_23,ctw_33,opennessl,opennessr,ray_x,ray_y,ray_z,eye_x,eye_y,eye_z,time,frame
25,0.21644,0.1780995,1.000387,0.06285015,0.1639824,1.000353,0.1396444,0.1710407,1.00037,0.2159801,-0.0382651,-0.9756477,0,0.002850218,0.9992522,-0.03855992,0,-0.9763936,-0.005547369,-0.2159276,0,-0.7195075,-1.650665,-1.058517,1,0.21598,0.002850213,-0.9763935,0,-0.0382651,0.9992523,-0.005547365,0,-0.9756476,-0.03855992,-0.2159276,0,-0.9405033,1.610666,-0.9402424,1,1.0,1.0,0.1347135,0.1675536,0.9766156,-0.0009838631,-0.003869331,-0.01912478,61.73333,3823
25,0.2167586,0.1754472,1.000123,0.06263642,0.1647163,1.000106,0.139697,0.1700814,1.000115,0.2156627,-0.03863531,-0.9757034,0,0.00230814,0.9992343,-0.0390569,0,-0.9764652,-0.006171061,-0.2155868,0,-0.7189841,-1.651639,-1.057517,1,0.2156627,0.002308138,-0.9764652,0,-0.03863531,0.9992343,-0.006171058,0,-0.9757031,-0.0390569,-0.2155867,0,-0.9405766,1.610731,-0.9402421,1,1.0,1.0,0.1348136,0.1667103,0.9767461,-0.0009783171,-0.003877579,-0.0191009,61.75556,3824
25,0.2172227,0.1748829,1.000061,0.06003468,0.1651608,1.000019,0.1386279,0.1700218,1.00004,0.2153963,-0.03856103,-0.9757652,0,0.002361415,0.9992377,-0.03896737,0,-0.9765239,-0.006089248,-0.2153232,0,-0.719313,-1.651427,-1.05749,1,0.2153963,0.002361409,-0.9765238,0,-0.03856103,0.9992378,-0.006089241,0,-0.975765,-0.03896737,-0.2153232,0,-0.9406049,1.610659,-0.9401843,1,1.0,1.0,0.1338192,0.1667013,0.9768844,-0.0009759665,-0.003885163,-0.01907087,61.76667,3825
25,0.2171176,0.1746811,1.000066,0.06082828,0.1658128,1.000032,0.1389723,0.1702469,1.000049,0.2151717,-0.03834045,-0.9758234,0,0.002390373,0.9992467,-0.03873368,0,-0.9765733,-0.00600181,-0.2151012,0,-0.7195795,-1.651149,-1.057769,1,0.2151717,0.002390372,-0.9765732,0,-0.03834045,0.9992467,-0.006001807,0,-0.9758233,-0.03873368,-0.2151012,0,-0.9406682,1.610654,-0.9401593,1,1.0,1.0,0.1341388,0.1669101,0.9768049,-0.0009741895,-0.003889527,-0.01904672,61.77778,3826
25,0.2168926,0.1760896,1.000055,0.06022906,0.1664818,1.000025,0.1385602,0.1712857,1.00004,0.2146575,-0.03823715,-0.9759407,0,0.00274465,0.999253,-0.03854684,0,-0.9766856,-0.005595753,-0.2146021,0,-0.7206365,-1.650665,-1.057751,1,0.2146574,0.002744647,-0.9766855,0,-0.03823714,0.999253,-0.00559575,0,-0.9759405,-0.03854683,-0.2146021,0,-0.9407292,1.610637,-0.9400676,1,1.0,1.0,0.1337316,0.167898,0.9766914,-0.0009730831,-0.003896065,-0.01902279,61.8,3827
25,0.2138532,0.177268,0.9999993,0.06071942,0.1686824,0.9999763,0.1372858,0.172975,0.9999878,0.2144938,-0.03803094,-0.9759848,0,0.002838144,0.9992617,-0.03831423,0,-0.9767213,-0.005448185,-0.2144434,0,-0.7209445,-1.650367,-1.058024,1,0.2144938,0.002838138,-0.976721,0,-0.03803094,0.9992617,-0.005448178,0,-0.9759846,-0.03831423,-0.2144433,0,-0.940742,1.610658,-0.9400393,1,1.0,1.0,0.1325064,0.169525,0.9765773,-0.0009744791,-0.003910988,-0.01899536,61.81111,3828
25,0.2131281,0.1790016,1.0001,0.06110036,0.1710129,1.000077,0.1371139,0.1750072,1.000089,0.2140993,-0.0380149,-0.976072,0,0.003088543,0.9992638,-0.03824068,0,-0.9768071,-0.005172666,-0.2140591,0,-0.7217755,-1.650079,-1.057867,1,0.2140993,0.00308854,-0.9768069,0,-0.03801489,0.9992638,-0.005172663,0,-0.9760719,-0.03824068,-0.2140591,0,-0.9407504,1.61064,-0.9400167,1,1.0,1.0,0.1322881,0.1714122,0.9762775,-0.0009742975,-0.003920235,-0.01899151,61.83334,3829
25,0.2128413,0.1800566,0.9998818,0.06162474,0.1709982,0.9998606,0.1372326,0.1755275,0.9998713,0.2139465,-0.03779475,-0.976114,0,0.003156589,0.9992728,-0.03799958,0,-0.9768404,-0.005048689,-0.2139102,0,-0.722101,-1.649832,-1.058047,1,0.2139464,0.003156584,-0.9768401,0,-0.03779474,0.9992728,-0.005048682,0,-0.9761139,-0.03799958,-0.2139101,0,-0.9406388,1.610706,-0.9400337,1,1.0,1.0,0.1324159,0.1719331,0.9761685,-0.0009744111,-0.003924614,-0.01898776,61.84444,3830
25,0.2124574,0.1789615,1.000063,0.06175767,0.1713,1.000041,0.1371072,0.1751308,1.000052,0.2137895,-0.03770323,-0.9761519,0,0.003399394,0.9992776,-0.03785193,0,-0.9768739,-0.004774023,-0.2137632,0,-0.7225995,-1.649506,-1.05824,1,0.2137894,0.00339939,-0.9768738,0,-0.03770322,0.9992775,-0.004774019,0,-0.9761518,-0.03785193,-0.2137632,0,-0.9407104,1.610714,-0.939976,1,1.0,1.0,0.1322842,0.1715443,0.9762548,-0.0009735944,-0.003930397,-0.0189798,61.85556,3831
25,0.2115603,0.1772261,1.00008,0.06079872,0.171986,1.000077,0.1361795,0.1746059,1.000078,0.2141252,-0.03789113,-0.9760711,0,0.00383275,0.9992722,-0.037951,0,-0.9767988,-0.004385233,-0.2141146,0,-0.7228078,-1.649294,-1.05846,1,0.2141252,0.003832745,-0.9767987,0,-0.03789113,0.9992722,-0.004385228,0,-0.9760709,-0.037951,-0.2141146,0,-0.9408544,1.610694,-0.9399019,1,1.0,1.0,0.1314197,0.1710786,0.9764533,-0.0009725643,-0.003934975,-0.01896628,61.87778,3832
25,0.2115715,0.1769633,1.000108,0.06145017,0.1732146,1.000144,0.1365117,0.1750891,1.000126,0.2143587,-0.03815221,-0.9760096,0,0.004105017,0.9992632,-0.03815962,0,-0.9767464,-0.004173312,-0.2143574,0,-0.7228978,-1.649355,-1.058418,1,0.2143587,0.004105015,-0.9767463,0,-0.03815221,0.9992633,-0.004173312,0,-0.9760097,-0.03815962,-0.2143574,0,-0.9409928,1.610718,-0.9398507,1,1.0,1.0,0.1317155,0.1715153,0.9763368,-0.0009710314,-0.003935745,-0.01895814,61.88889,3833
25,0.2119603,0.1752692,0.9999761,0.06126282,0.1753397,0.9999986,0.1366121,0.1753042,0.9999875,0.2146998,-0.0386652,-0.9759145,0,0.004433185,0.9992443,-0.03861422,0,-0.97667,-0.003964059,-0.214709,0,-0.7228594,-1.649634,-1.057944,1,0.2146998,0.004433183,-0.97667,0,-0.03866519,0.9992443,-0.003964056,0,-0.9759143,-0.03861422,-0.214709,0,-0.9410487,1.61074,-0.9396846,1,1.0,1.0,0.1318237,0.1717378,0.976283,-0.0009702006,-0.003935745,-0.01894376,61.91111,3834
25,0.2121299,0.1685925,1.000087,0.06160814,0.17517,1.00013,0.1368699,0.1718813,1.000108,0.2149669,-0.03884861,-0.9758484,0,0.004523033,0.9992374,-0.03878336,0,-0.9766109,-0.003923347,-0.2149787,0,-0.722551,-1.649737,-1.05798,1,0.2149669,0.00452303,-0.9766108,0,-0.03884861,0.9992374,-0.003923343,0,-0.9758483,-0.03878336,-0.2149786,0,-0.9411932,1.610715,-0.9395667,1,1.0,1.0,0.1321539,0.168525,0.9767982,-0.0009958036,-0.003927964,-0.01890973,61.92222,3835
25,0.2223549,0.180129,1.000095,0.06210916,0.1767253,1.000111,0.1422324,0.1784271,1.000103,0.2152237,-0.03894414,-0.9757881,0,0.004489465,0.9992334,-0.03888965,0,-0.9765546,-0.003989214,-0.2152336,0,-0.7220225,-1.649881,-1.058147,1,0.2152237,0.004489458,-0.9765544,0,-0.03894414,0.9992335,-0.003989208,0,-0.9757878,-0.03888965,-0.2152335,0,-0.941384,1.610707,-0.9394248,1,1.0,1.0,0.1370632,0.1744879,0.9750732,-0.001008606,-0.003925636,-0.01891938,61.94445,3836
25,0.2212603,0.1779936,1.000025,0.06217626,0.1773031,1.000044,0.1417187,0.1776485,1.000035,0.2153373,-0.03890645,-0.9757645,0,0.00448289,0.9992349,-0.03885297,0,-0.9765295,-0.003992252,-0.2153469,0,-0.7218261,-1.649869,-1.058348,1,0.2153372,0.004482886,-0.9765294,0,-0.03890645,0.9992349,-0.003992249,0,-0.9757643,-0.03885297,-0.2153469,0,-0.9414525,1.610722,-0.939383,1,1.0,1.0,0.1366085,0.1737902,0.9752616,-0.001009628,-0.003926964,-0.01891656,61.95556,3837
25,0.2218934,0.1771261,1.000202,0.06313221,0.1801149,1.000202,0.142513,0.1786206,1.000202,0.2153279,-0.03890042,-0.9757668,0,0.004770027,0.9992362,-0.03878344,0,-0.9765302,-0.003696725,-0.215349,0,-0.722168,-1.649632,-1.058679,1,0.2153279,0.004770026,-0.9765301,0,-0.03890042,0.9992363,-0.003696722,0,-0.9757666,-0.03878344,-0.215349,0,-0.9416918,1.610757,-0.9393024,1,1.0,1.0,0.1373114,0.1746502,0.9750091,-0.001009796,-0.003929879,-0.01891077,61.96667,3838
25,0.2201418,0.177606,1.000088,0.06667796,0.1836424,1.0001,0.1434101,0.1806241,1.000094,0.2154614,-0.0394565,-0.9757148,0,0.004526777,0.999213,-0.0394071,0,-0.9765018,-0.004073868,-0.2154705,0,-0.721532,-1.650495,-1.057828,1,0.2154615,0.004526779,-0.9765019,0,-0.0394565,0.999213,-0.004073869,0,-0.9757149,-0.03940711,-0.2154705,0,-0.9417989,1.610777,-0.9392321,1,1.0,1.0,0.138135,0.1765043,0.9745588,-0.001024376,-0.003929733,-0.0189084,61.98889,3839
25,0.2195132,0.176722,1.000064,0.06792341,0.184819,1.000027,0.1437175,0.1807708,1.000046,0.2152201,-0.03952765,-0.9757652,0,0.004488228,0.99921,-0.03948744,0,-0.9765552,-0.004119031,-0.2152275,0,-0.7217082,-1.650614,-1.057513,1,0.2152201,0.004488231,-0.9765553,0,-0.03952765,0.9992099,-0.004119033,0,-0.9757653,-0.03948744,-0.2152275,0,-0.9418038,1.61079,-0.9391929,1,1.0,1.0,0.1384282,0.1766416,0.9744924,-0.001026466,-0.003930206,-0.01890725,62.0,3840
25,0.2192445,0.1761346,1.000069,0.06886618,0.1845481,1.000061,0.1440551,0.1803412,1.000065,0.2149644,-0.03976734,-0.975812,0,0.004367666,0.9991998,-0.0397583,0,-0.9766122,-0.004284607,-0.2149661,0,-0.7217656,-1.651075,-1.056933,1,0.2149644,0.004367659,-0.976612,0,-0.03976734,0.9991998,-0.004284599,0,-0.9758119,-0.0397583,-0.2149661,0,-0.9418726,1.610884,-0.9391639,1,1.0,1.0,0.1387538,0.1762319,0.9745202,-0.001027595,-0.003928993,-0.01890594,62.02222,3841
25,0.2193627,0.1764567,1.000126,0.06835113,0.1834383,1.000117,0.1438569,0.1799476,1.000122,0.2149038,-0.03985467,-0.9758217,0,0.004388582,0.9991964,-0.03984285,0,-0.9766254,-0.004279906,-0.214906,0,-0.7218218,-1.651092,-1.056847,1,0.2149038,0.004388582,-0.9766253,0,-0.03985467,0.9991962,-0.004279905,0,-0.9758217,-0.03984285,-0.214906,0,-0.9419756,1.610825,-0.9391386,1,1.0,1.0,0.1385711,0.1758609,0.9746132,-0.001028663,-0.00392688,-0.01890327,62.03334,3842
25,0.2193899,0.1765442,1.000256,0.06845224,0.1838117,1.000249,0.1439208,0.1801779,1.000252,0.2148507,-0.03991199,-0.9758311,0,0.004480911,0.9991944,-0.03988098,0,-0.9766367,-0.004195848,-0.2148564,0,-0.7219163,-1.651031,-1.056986,1,0.2148506,0.004480907,-0.9766365,0,-0.03991198,0.9991944,-0.004195845,0,-0.975831,-0.03988098,-0.2148564,0,-0.9422316,1.610783,-0.9390776,1,1.0,1.0,0.1386085,0.1760523,0.9745734,-0.001028282,-0.003927742,-0.01890215,62.04445,3843
25,0.2189828,0.1744281,0.9998595,0.06798843,0.1851198,0.9998534,0.1434856,0.1797738,0.9998565,0.2149193,-0.03979917,-0.9758205,0,0.004951082,0.9992009,-0.03966229,0,-0.9766192,-0.003692823,-0.2149446,0,-0.7225049,-1.650478,-1.057361,1,0.2149193,0.004951084,-0.9766193,0,-0.03979917,0.9992009,-0.003692823,0,-0.9758205,-0.03966229,-0.2149446,0,-0.942202,1.610799,-0.9389812,1,1.0,1.0,0.1382616,0.1757573,0.9746759,-0.001028282,-0.003931625,-0.0188957,62.06667,3844
25,0.2190488,0.1751754,0.9999228,0.06744295,0.1853762,0.9999731,0.1432469,0.1802755,0.9999479,0.2152593,-0.03954744,-0.9757559,0,0.004984265,0.9992111,-0.03939852,0,-0.9765443,-0.003617475,-0.2152866,0,-0.7221141,-1.650177,-1.058091,1,0.2152593,0.004984261,-0.9765441,0,-0.03954744,0.9992111,-0.003617472,0,-0.9757557,-0.03939852,-0.2152866,0,-0.9422569,1.610787,-0.9389386,1,1.0,1.0,0.1380146,0.1762172,0.9746279,-0.001028282,-0.003935211,-0.01889104,62.07778,3845
25,0.2197549,0.1766966,0.9998782,0.06573401,0.1849461,0.9999509,0.1427461,0.180821,0.9999146,0.2157763,-0.03924582,-0.9756538,0,0.004849888,0.9992227,-0.03912128,0,-0.9764308,-0.003709629,-0.2157989,0,-0.7211935,-1.649973,-1.058957,1,0.2157762,0.00484989,-0.9764307,0,-0.03924582,0.9992228,-0.003709632,0,-0.9756538,-0.03912129,-0.2157989,0,-0.942314,1.610761,-0.9388381,1,1.0,1.0,0.1375352,0.1767471,0.9745997,-0.001026558,-0.003941643,-0.01888526,62.1,3846
25,0.2202113,0.1781335,0.9999382,0.06547165,0.1852511,0.9999648,0.1428422,0.1816924,0.9999514,0.2159463,-0.03922898,-0.9756169,0,0.004784772,0.9992231,-0.03911909,0,-0.9763936,-0.003779525,-0.2159662,0,-0.7208279,-1.650048,-1.05906,1,0.2159463,0.004784766,-0.9763934,0,-0.03922898,0.9992231,-0.003779519,0,-0.9756168,-0.0391191,-0.2159662,0,-0.9423059,1.610786,-0.938769,1,1.0,1.0,0.1375984,0.1775535,0.9744442,-0.001023659,-0.003948509,-0.01887676,62.11111,3847
25,0.2191738,0.177799,0.9998816,0.06456618,0.1857312,0.9999279,0.1418711,0.1817653,0.9999048,0.2165383,-0.03958251,-0.9754714,0,0.004817177,0.9992089,-0.03947639,0,-0.9762622,-0.003849132,-0.2165577,0,-0.7200887,-1.650456,-1.05878,1,0.2165383,0.004817178,-0.9762622,0,-0.03958251,0.9992089,-0.003849133,0,-0.9754714,-0.03947639,-0.2165577,0,-0.9422116,1.610823,-0.9386351,1,1.0,1.0,0.1366916,0.1776592,0.9745526,-0.001021675,-0.003954361,-0.01886076,62.13334,3848
25,0.220867,0.1759587,0.9999235,0.06459449,0.1861009,0.9999949,0.1427324,0.1810295,0.9999592,0.2169684,-0.03983947,-0.9753654,0,0.004768215,0.9991982,-0.03975225,0,-0.9761671,-0.003974235,-0.2169844,0,-0.7194332,-1.650808,-1.058607,1,0.2169684,0.00476821,-0.9761668,0,-0.03983946,0.9991981,-0.00397423,0,-0.9753652,-0.03975225,-0.2169844,0,-0.9422016,1.610832,-0.9385487,1,1.0,1.0,0.1375102,0.1769515,0.9745662,-0.001021583,-0.003956124,-0.01885706,62.14445,3849
25,0.2220575,0.1759413,1.000007,0.06465098,0.1863555,1.000049,0.1433552,0.1811481,1.000028,0.2175246,-0.04033108,-0.9752212,0,0.005029755,0.999179,-0.04019998,0,-0.9760419,-0.003839359,-0.2175488,0,-0.7190353,-1.651143,-1.058277,1,0.2175246,0.005029756,-0.9760419,0,-0.04033108,0.999179,-0.00383936,0,-0.9752212,-0.04019998,-0.2175489,0,-0.9422385,1.610862,-0.9383749,1,1.0,1.0,0.1380839,0.1770375,0.9744694,-0.001021583,-0.00395697,-0.01884995,62.16667,3850
25,0.2220263,0.1754775,0.9999305,0.06445308,0.1857383,0.9999464,0.1432401,0.1806079,0.9999384,0.2176279,-0.04021189,-0.9752032,0,0.005120104,0.9991843,-0.04005813,0,-0.9760185,-0.003724625,-0.2176563,0,-0.7189835,-1.650947,-1.058569,1,0.2176279,0.005120102,-0.9760183,0,-0.04021189,0.9991843,-0.003724623,0,-0.975203,-0.04005812,-0.2176562,0,-0.9422362,1.610877,-0.9382942,1,1.0,1.0,0.1380015,0.1765566,0.9745682,-0.001021583,-0.003957833,-0.01883916,62.17778,3851
25,0.222039,0.1755535,0.9999949,0.06475383,0.1843548,1.000006,0.1433968,0.1799542,1.0,0.2176914,-0.04026119,-0.9751869,0,0.005222408,0.9991826,-0.04008607,0,-0.9760038,-0.003633574,-0.2177237,0,-0.7189705,-1.650885,-1.058577,1,0.2176914,0.005222403,-0.9760035,0,-0.04026119,0.9991826,-0.003633569,0,-0.9751868,-0.04008607,-0.2177237,0,-0.942263,1.610856,-0.9381936,1,1.0,1.0,0.1381574,0.1759394,0.9746579,-0.001021675,-0.003958374,-0.01882692,62.18889,3852
25,0.2231567,0.1738476,0.9998667,0.0649851,0.1837932,0.9998757,0.1440712,0.1788204,0.9998711,0.2179018,-0.04051527,-0.9751295,0,0.005916934,0.9991745,-0.04019211,0,-0.9759529,-0.00298816,-0.2179617,0,-0.7196891,-1.650523,-1.058438,1,0.2179018,0.005916932,-0.9759527,0,-0.04051526,0.9991745,-0.002988157,0,-0.9751292,-0.04019211,-0.2179616,0,-0.9421638,1.610878,-0.9380134,1,1.0,1.0,0.1388361,0.1748956,0.9747493,-0.001023781,-0.00395913,-0.01881948,62.21111,3853
25,0.2242193,0.1732567,0.999993,0.06600606,0.1840459,1.000011,0.1451132,0.1786513,1.000002,0.2180135,-0.04054685,-0.9751031,0,0.00575088,0.9991726,-0.04026192,0,-0.9759289,-0.003169943,-0.2180663,0,-0.7192018,-1.650692,-1.058403,1,0.2180135,0.005750878,-0.9759287,0,-0.04054684,0.9991726,-0.00316994,0,-0.9751031,-0.04026192,-0.2180662,0,-0.9421872,1.610849,-0.9379243,1,1.0,1.0,0.1398047,0.1746943,0.9746469,-0.0010271,-0.003959641,-0.01881358,62.22223,3854
25,0.2242451,0.1746093,1.000026,0.06669274,0.1843306,1.000017,0.1454687,0.1794699,1.000022,0.2179689,-0.04084723,-0.9751006,0,0.006110521,0.9991613,-0.04048923,0,-0.9759367,-0.002867028,-0.2180358,0,-0.7197355,-1.650771,-1.05799,1,0.2179689,0.006110515,-0.9759364,0,-0.04084723,0.9991614,-0.002867022,0,-0.9751005,-0.04048923,-0.2180357,0,-0.942196,1.610947,-0.9378284,1,1.0,1.0,0.1401232,0.1754491,0.9744656,-0.001033654,-0.003966538,-0.01880775,62.24445,3855
25,0.2271197,0.1748703,0.9999099,0.06608346,0.1850513,0.9999301,0.1466021,0.1799607,0.9999201,0.2180914,-0.04086257,-0.9750726,0,0.006100202,0.9991606,-0.04050762,0,-0.9759094,-0.002886226,-0.2181576,0,-0.7195212,-1.650803,-1.057983,1,0.2180913,0.006100197,-0.9759092,0,-0.04086256,0.9991605,-0.002886223,0,-0.9750725,-0.04050761,-0.2181575,0,-0.9421446,1.61095,-0.9377588,1,1.0,1.0,0.1411923,0.175902,0.9742296,-0.001037986,-0.003974045,-0.01879912,62.25556,3856
25,0.22656,0.1748111,0.999971,0.06608339,0.1849754,0.9999822,0.1463221,0.179893,0.9999765,0.2181785,-0.04089414,-0.9750518,0,0.00633111,0.9991599,-0.0404886,0,-0.9758884,-0.002660582,-0.218254,0,-0.7196105,-1.650564,-1.058279,1,0.2181784,0.006331106,-0.9758883,0,-0.04089414,0.9991599,-0.00266058,0,-0.9750517,-0.0404886,-0.2182541,0,-0.9423719,1.610886,-0.9376246,1,1.0,1.0,0.1409272,0.1758391,0.9742793,-0.001041124,-0.003975884,-0.01879499,62.27778,3857
25,0.2270921,0.174381,0.9999653,0.06617224,0.1847411,0.9999564,0.146632,0.1795612,0.9999609,0.2181382,-0.04067106,-0.9750701,0,0.006339537,0.9991692,-0.040258,0,-0.9758974,-0.002600316,-0.2182148,0,-0.7196099,-1.65028,-1.058627,1,0.2181381,0.006339534,-0.9758971,0,-0.04067106,0.9991692,-0.002600313,0,-0.97507,-0.040258,-0.2182147,0,-0.9423802,1.610853,-0.9375646,1,1.0,1.0,0.1412296,0.1755275,0.9742917,-0.001042259,-0.003976357,-0.01878984,62.28889,3858
25,0.2274642,0.1743027,0.9999332,0.06651202,0.1849585,0.9999456,0.1469883,0.1796306,0.9999395,0.2182193,-0.04051315,-0.9750584,0,0.006493423,0.9991761,-0.04006199,0,-0.9758781,-0.002410835,-0.2183026,0,-0.7197021,-1.649961,-1.059002,1,0.2182193,0.006493422,-0.9758782,0,-0.04051315,0.9991761,-0.002410834,0,-0.9750584,-0.04006199,-0.2183026,0,-0.9423814,1.610849,-0.9375023,1,1.0,1.0,0.1415653,0.1755881,0.974232,-0.00104229,-0.003976875,-0.01878684,62.3,3859
25,0.2269567,0.1736079,0.9999291,0.06657964,0.1861195,0.9999496,0.1467686,0.1798637,0.9999393,0.2183529,-0.04041876,-0.9750324,0,0.006796397,0.9991807,-0.03989778,0,-0.9758462,-0.00208509,-0.2184487,0,-0.7198502,-1.649516,-1.059472,1,0.2183529,0.006796396,-0.9758463,0,-0.04041876,0.9991807,-0.002085088,0,-0.9750324,-0.03989778,-0.2184487,0,-0.9425099,1.610787,-0.9373429,1,1.0,1.0,0.1413558,0.175813,0.9742219,-0.00104396,-0.003979828,-0.01878178,62.32222,3860
25,0.2269308,0.1737407,0.9999542,0.06660244,0.1864795,0.9999489,0.1467666,0.18011,0.9999516,0.2183272,-0.04032912,-0.975042,0,0.006832149,0.9991844,-0.03979786,0,-0.9758518,-0.002027325,-0.2184246,0,-0.7198843,-1.649386,-1.059586,1,0.2183271,0.006832145,-0.9758517,0,-0.04032912,0.9991845,-0.002027322,0,-0.9750419,-0.03979786,-0.2184246,0,-0.9424884,1.61079,-0.9372837,1,1.0,1.0,0.1413474,0.1760427,0.9741816,-0.001044296,-0.003982643,-0.01877731,62.33334,3861
25,0.2266752,0.1747689,0.9999235,0.0664352,0.1860806,0.9999589,0.1465561,0.1804245,0.9999413,0.2184986,-0.04014416,-0.9750113,0,0.006817056,0.9991919,-0.03961206,0,-0.9758136,-0.002008477,-0.2185956,0,-0.7195078,-1.649187,-1.059996,1,0.2184985,0.006817049,-0.9758134,0,-0.04014416,0.9991919,-0.002008473,0,-0.9750112,-0.03961206,-0.2185956,0,-0.9425019,1.610771,-0.9371282,1,1.0,1.0,0.1411448,0.176342,0.9741569,-0.001044441,-0.003982643,-0.01877065,62.35556,3862
25,0.2268143,0.174411,0.9999554,0.06809218,0.1857237,0.9999164,0.1474523,0.1800676,0.9999359,0.2182745,-0.03994008,-0.9750698,0,0.006779535,0.9992001,-0.03941086,0,-0.9758639,-0.001991872,-0.2183707,0,-0.719682,-1.649006,-1.060103,1,0.2182745,0.006779531,-0.9758638,0,-0.03994008,0.9992,-0.001991867,0,-0.9750696,-0.03941086,-0.2183707,0,-0.9424472,1.610786,-0.9370915,1,1.0,1.0,0.141995,0.175992,0.9740966,-0.001044022,-0.003982643,-0.01876225,62.36667,3863
25,0.2263852,0.173856,0.9999804,0.06839488,0.1853281,0.9999776,0.1473902,0.1795923,0.9999791,0.2182535,-0.03997532,-0.975073,0,0.006878059,0.9991989,-0.03942488,0,-0.9758679,-0.001898009,-0.2183536,0,-0.7198213,-1.648946,-1.060041,1,0.2182535,0.006878056,-0.9758679,0,-0.03997532,0.9991989,-0.001898006,0,-0.975073,-0.03942488,-0.2183536,0,-0.942431,1.610784,-0.937044,1,1.0,1.0,0.141943,0.1755469,0.9741845,-0.00104415,-0.003982643,-0.01875569,62.37778,3864
25,0.2260423,0.1732643,0.9998683,0.06844385,0.1850445,0.9998708,0.1472431,0.1791543,0.9998695,0.2182302,-0.03962614,-0.9750926,0,0.006669097,0.9992125,-0.03911377,0,-0.9758746,-0.00203282,-0.2183226,0,-0.7194883,-1.648719,-1.060199,1,0.2182301,0.006669093,-0.9758745,0,-0.03962614,0.9992126,-0.002032817,0,-0.9750925,-0.03911376,-0.2183226,0,-0.9421102,1.610751,-0.9369472,1,1.0,1.0,0.1418314,0.1751635,0.9742698,-0.001044113,-0.003982094,-0.0187464,62.4,3865
25,0.2248357,0.17624,0.9998807,0.06833,0.184091,0.9998789,0.1465829,0.1801654,0.9998798,0.2182183,-0.03960247,-0.9750962,0,0.006776076,0.9992137,-0.03906555,0,-0.9758765,-0.001917496,-0.218315,0,-0.7196304,-1.64856,-1.06016,1,0.2182183,0.00677607,-0.9758765,0,-0.03960247,0.9992138,-0.001917491,0,-0.9750961,-0.03906555,-0.218315,0,-0.9420083,1.610724,-0.9368804,1,1.0,1.0,0.1411759,0.1761055,0.9741952,-0.001028762,-0.003968178,-0.01872624,62.41111,3866
25,0.2188206,0.1757221,0.9999224,0.06847622,0.1839208,0.9999256,0.1436487,0.1798215,0.9999241,0.2182792,-0.03933696,-0.9750932,0,0.00654636,0.9992238,-0.038845,0,-0.9758644,-0.00209575,-0.2183673,0,-0.7190624,-1.648452,-1.060549,1,0.2182792,0.006546355,-0.9758644,0,-0.03933695,0.9992237,-0.002095744,0,-0.9750932,-0.03884499,-0.2183673,0,-0.9420229,1.610682,-0.9367514,1,1.0,1.0,0.1384233,0.1758497,0.9746363,-0.001024117,-0.003967118,-0.01871356,62.43333,3867
25,0.217929,0.1755386,0.9998939,0.06750946,0.1856342,0.9998715,0.1427186,0.1805865,0.9998827,0.2181335,-0.03929637,-0.9751275,0,0.006672986,0.9992257,-0.03877477,0,-0.9758962,-0.001951069,-0.2182268,0,-0.7194699,-1.648281,-1.060438,1,0.2181334,0.00667298,-0.9758961,0,-0.03929637,0.9992257,-0.001951065,0,-0.9751274,-0.03877477,-0.2182268,0,-0.9418929,1.610688,-0.9367598,1,1.0,1.0,0.1375394,0.1765894,0.9746277,-0.001024826,-0.003968506,-0.01870847,62.44445,3868
25,0.2185686,0.1756951,0.9999353,0.06781949,0.1856313,0.9999296,0.1431942,0.1806632,0.9999325,0.2181154,-0.03905658,-0.9751412,0,0.006558079,0.999235,-0.03855471,0,-0.9759011,-0.002014326,-0.2182047,0,-0.7192711,-1.648137,-1.060753,1,0.2181153,0.006558074,-0.9759008,0,-0.03905657,0.999235,-0.002014323,0,-0.975141,-0.03855471,-0.2182047,0,-0.9418705,1.610696,-0.9367183,1,1.0,1.0,0.1379774,0.1766424,0.9745561,-0.00102449,-0.003969132,-0.01870506,62.45556,3869
25,0.2188835,0.1755279,0.9999617,0.0651315,0.184702,0.9999753,0.1420078,0.1801147,0.9999686,0.2182111,-0.03898971,-0.9751224,0,0.006616898,0.9992377,-0.03847323,0,-0.9758791,-0.001943,-0.2183027,0,-0.7192863,-1.648051,-1.060842,1,0.2182111,0.006616897,-0.9758791,0,-0.03898971,0.9992378,-0.001943,0,-0.9751225,-0.03847323,-0.2183028,0,-0.9417517,1.61074,-0.9367234,1,1.0,1.0,0.1368578,0.1761506,0.974803,-0.001008446,-0.003961968,-0.0186987,62.47778,3870
25,0.2189572,0.176113,1.000097,0.06583728,0.1839606,1.000086,0.142397,0.1800368,1.000092,0.2181381,-0.03908723,-0.9751348,0,0.006637048,0.9992339,-0.0385685,0,-0.9758954,-0.001941247,-0.2182304,0,-0.7193276,-1.648087,-1.060697,1,0.2181381,0.006637045,-0.9758953,0,-0.03908723,0.999234,-0.001941244,0,-0.9751348,-0.03856851,-0.2182304,0,-0.9418286,1.61069,-0.936664,1,1.0,1.0,0.1372081,0.17605,0.974772,-0.001005852,-0.003961876,-0.01869105,62.48889,3871
25,0.2190124,0.1760235,1.000052,0.06588051,0.1839355,1.000038,0.1424462,0.1799793,1.000045,0.2179866,-0.03899439,-0.9751725,0,0.006372826,0.9992371,-0.03853211,0,-0.975931,-0.002184881,-0.2180688,0,-0.7189894,-1.648265,-1.060692,1,0.2179865,0.006372822,-0.9759309,0,-0.03899439,0.9992371,-0.002184878,0,-0.9751723,-0.0385321,-0.2180687,0,-0.941901,1.610719,-0.9365891,1,1.0,1.0,0.1372616,0.1760042,0.9747727,-0.00100576,-0.003962235,-0.01868849,62.51111,3872
25,0.2189635,0.1758791,0.9999983,0.06561644,0.1838366,0.9999734,0.1422893,0.1798581,0.9999859,0.2178258,-0.03905172,-0.9752061,0,0.006328138,0.9992347,-0.03860046,0,-0.9759672,-0.002236938,-0.2179062,0,-0.7191188,-1.648331,-1.060412,1,0.2178258,0.006328138,-0.9759672,0,-0.03905172,0.9992347,-0.002236936,0,-0.9752061,-0.03860046,-0.2179062,0,-0.9418474,1.610688,-0.9365938,1,1.0,1.0,0.1371257,0.1759059,0.9748096,-0.001005882,-0.003962319,-0.01868245,62.52222,3873
25,0.2190276,0.1751588,0.9999248,0.06598455,0.183447,0.9998921,0.1425054,0.179303,0.9999084,0.2174816,-0.03899853,-0.9752851,0,0.00611615,0.9992363,-0.03859241,0,-0.9760453,-0.002428152,-0.217554,0,-0.719207,-1.648509,-1.059901,1,0.2174816,0.006116146,-0.9760453,0,-0.03899853,0.9992363,-0.002428149,0,-0.9752848,-0.03859241,-0.217554,0,-0.9415801,1.610745,-0.9365671,1,1.0,1.0,0.1373527,0.1754008,0.9748686,-0.00100589,-0.003962639,-0.01867191,62.54445,3874
25,0.2186975,0.1742211,1.000035,0.06609812,0.182992,1.000012,0.1423973,0.1786065,1.000024,0.2173292,-0.03925266,-0.9753089,0,0.005859144,0.9992256,-0.03890962,0,-0.9760809,-0.002741728,-0.2173909,0,-0.7189554,-1.649006,-1.059202,1,0.2173292,0.005859138,-0.9760808,0,-0.03925266,0.9992256,-0.002741721,0,-0.9753087,-0.03890962,-0.2173909,0,-0.9415271,1.610728,-0.9365405,1,1.0,1.0,0.1372551,0.1747409,0.9750009,-0.001007736,-0.003963722,-0.01866332,62.55556,3875
25,0.2188156,0.1741661,0.9998811,0.06613541,0.1822125,0.9998841,0.1424755,0.1781894,0.9998826,0.2173578,-0.03908102,-0.9753093,0,0.005871328,0.9992324,-0.03873114,0,-0.9760743,-0.002692156,-0.2174204,0,-0.7189629,-1.648771,-1.059436,1,0.2173578,0.005871327,-0.9760744,0,-0.03908103,0.9992324,-0.002692157,0,-0.9753093,-0.03873115,-0.2174204,0,-0.9414416,1.610694,-0.9365432,1,1.0,1.0,0.1373586,0.1743767,0.9750515,-0.001009323,-0.003964859,-0.01865658,62.56667,3876
25,0.2187551,0.1740736,0.9999575,0.06598832,0.1817563,0.999945,0.1423714,0.1779149,0.9999512,0.2169349,-0.03877324,-0.9754157,0,0.0056531,0.999244,-0.03846316,0,-0.9761697,-0.002829874,-0.2169901,0,-0.7191056,-1.648616,-1.059437,1,0.2169349,0.005653104,-0.9761697,0,-0.03877324,0.9992441,-0.002829878,0,-0.9754159,-0.03846316,-0.2169901,0,-0.9413151,1.610685,-0.9365219,1,1.0,1.0,0.1372607,0.1741176,0.9751116,-0.001010742,-0.003968201,-0.01864933,62.58889,3877
25,0.2184988,0.1740564,0.9999244,0.06597401,0.1820586,0.9999115,0.1422362,0.1780576,0.999918,0.2168732,-0.0385632,-0.9754378,0,0.005288137,0.9992512,-0.03832891,0,-0.9761855,-0.003154267,-0.2169148,0,-0.7185962,-1.648734,-1.059535,1,0.2168732,0.005288136,-0.9761854,0,-0.0385632,0.9992511,-0.003154265,0,-0.9754378,-0.03832891,-0.2169147,0,-0.9412464,1.610689,-0.9365124,1,1.0,1.0,0.1371348,0.1742608,0.9751037,-0.001010833,-0.003970032,-0.0186465,62.6,3878
25,0.2184543,0.1729674,0.9999542,0.06524768,0.1817158,0.9999194,0.1418503,0.1773417,0.9999367,0.2164444,-0.03834891,-0.9755415,0,0.005147958,0.9992592,-0.03813908,0,-0.9762814,-0.003232939,-0.2164814,0,-0.7186841,-1.64855,-1.059518,1,0.2164444,0.005147962,-0.9762814,0,-0.03834891,0.9992592,-0.003232943,0,-0.9755415,-0.03813909,-0.2164815,0,-0.9412689,1.610619,-0.9363336,1,1.0,1.0,0.1367871,0.1736059,0.9752694,-0.001011001,-0.003972824,-0.01863838,62.62222,3879
25,0.218747,0.17316,0.9999918,0.06529811,0.1817327,0.9999454,0.1420215,0.1774465,0.9999686,0.2161569,-0.03831705,-0.9756065,0,0.004917761,0.9992597,-0.03815644,0,-0.9763463,-0.00344998,-0.2161853,0,-0.7186073,-1.648701,-1.059197,1,0.2161569,0.00491776,-0.9763461,0,-0.03831705,0.9992597,-0.003449978,0,-0.9756065,-0.03815644,-0.2161853,0,-0.9412006,1.610599,-0.9362802,1,1.0,1.0,0.1369429,0.1736991,0.9752309,-0.001011123,-0.003976914,-0.01863053,62.63334,3880
25,0.2196116,0.1727223,0.9999093,0.06483445,0.1819899,0.9999136,0.1422231,0.1773558,0.9999114,0.2158511,-0.0380431,-0.9756849,0,0.004895294,0.9992703,-0.03787974,0,-0.976414,-0.003400117,-0.2158798,0,-0.7188408,-1.648362,-1.059348,1,0.2158511,0.004895293,-0.9764141,0,-0.0380431,0.9992703,-0.003400117,0,-0.9756849,-0.03787973,-0.2158798,0,-0.9411364,1.610551,-0.9361829,1,1.0,1.0,0.1371423,0.1736249,0.9752161,-0.001010978,-0.003980805,-0.01862218,62.65556,3881
25,0.2188837,0.1729521,1.000067,0.06344822,0.1816568,1.000043,0.1411655,0.1773047,1.000055,0.215681,-0.03826238,-0.975714,0,0.005113514,0.9992626,-0.0380555,0,-0.9764506,-0.00321852,-0.2157176,0,-0.7193289,-1.648377,-1.058941,1,0.215681,0.005113513,-0.9764504,0,-0.03826239,0.9992625,-0.00321852,0,-0.975714,-0.03805549,-0.2157176,0,-0.9411488,1.610541,-0.9361265,1,1.0,1.0,0.136132,0.1735824,0.9753652,-0.001010476,-0.003984489,-0.01861348,62.66667,3882
25,0.2186873,0.1730422,0.999897,0.0630406,0.1810123,0.9999123,0.1408643,0.1770271,0.9999046,0.2157733,-0.03826945,-0.9756933,0,0.005226677,0.9992626,-0.03803803,0,-0.9764295,-0.003107961,-0.2158143,0,-0.7193626,-1.648278,-1.058962,1,0.2157734,0.005226676,-0.9764295,0,-0.03826945,0.9992627,-0.003107958,0,-0.9756932,-0.03803803,-0.2158142,0,-0.9410812,1.610542,-0.9360687,1,1.0,1.0,0.1358756,0.1733623,0.9754401,-0.00101036,-0.003989144,-0.0186028,62.67778,3883
25,0.2190841,0.1728565,0.9999083,0.06351663,0.1807574,0.9999171,0.1413005,0.1768068,0.9999127,0.2156618,-0.03844407,-0.9757112,0,0.005208313,0.9992558,-0.03822056,0,-0.9764543,-0.003160905,-0.2157015,0,-0.7194058,-1.648496,-1.058379,1,0.2156617,0.005208309,-0.9764541,0,-0.03844406,0.9992558,-0.003160903,0,-0.975711,-0.03822055,-0.2157015,0,-0.9408983,1.610564,-0.9359713,1,1.0,1.0,0.1362893,0.173149,0.9754202,-0.001009209,-0.003990692,-0.01859568,62.7,3884
25,0.2169357,0.1727575,0.9999253,0.06394321,0.1802094,0.9999399,0.1404399,0.1764835,0.9999326,0.2157669,-0.03822654,-0.9756964,0,0.005145889,0.9992641,-0.03801192,0,-0.9764314,-0.003180895,-0.2158048,0,-0.7191203,-1.648363,-1.058781,1,0.2157669,0.005145884,-0.9764313,0,-0.03822654,0.9992641,-0.003180889,0,-0.9756963,-0.03801192,-0.2158048,0,-0.940898,1.610604,-0.9359049,1,1.0,1.0,0.1354829,0.1728683,0.9755823,-0.001005836,-0.003992607,-0.01858496,62.71111,3885
25,0.2178969,0.1727471,1.000011,0.06440037,0.1800656,1.000048,0.1411494,0.1764061,1.000029,0.2160225,-0.0377985,-0.9756564,0,0.005265398,0.9992809,-0.03754792,0,-0.9763742,-0.002973976,-0.2160662,0,-0.7188876,-1.647676,-1.059795,1,0.2160225,0.005265399,-0.9763742,0,-0.0377985,0.999281,-0.002973976,0,-0.9756565,-0.03754793,-0.2160662,0,-0.9409801,1.610484,-0.9357894,1,1.0,1.0,0.1361371,0.1727694,0.9755088,-0.001001946,-0.003995781,-0.01857443,62.73333,3886
25,0.218201,0.1719572,1.000084,0.06443274,0.1807471,1.000098,0.1413172,0.1763522,1.000091,0.2161108,-0.03773879,-0.9756393,0,0.005341293,0.9992835,-0.03747024,0,-0.9763543,-0.002886554,-0.2161576,0,-0.7187783,-1.647517,-1.060108,1,0.2161108,0.005341287,-0.9763542,0,-0.03773879,0.9992835,-0.002886548,0,-0.9756392,-0.03747023,-0.2161575,0,-0.9411221,1.610453,-0.9356881,1,1.0,1.0,0.136288,0.1727074,0.9754987,-0.001001197,-0.003997055,-0.01856953,62.74445,3887
25,0.2188198,0.1702852,0.9998416,0.06457151,0.1797245,0.9998878,0.1416967,0.1750047,0.9998646,0.2164111,-0.03759214,-0.9755784,0,0.005413963,0.9992893,-0.03730483,0,-0.9762873,-0.002791436,-0.2164608,0,-0.7184995,-1.647277,-1.060538,1,0.2164111,0.005413961,-0.9762873,0,-0.03759214,0.9992893,-0.002791435,0,-0.9755783,-0.03730483,-0.2164608,0,-0.9410707,1.610433,-0.9356251,1,1.0,1.0,0.1367038,0.171486,0.975656,-0.0009994349,-0.003998345,-0.01855867,62.75556,3888
25,0.2189059,0.1702564,0.9997973,0.06521235,0.1800794,0.9998195,0.1420596,0.1751679,0.9998083,0.2166572,-0.03694186,-0.9755485,0,0.005528213,0.9993142,-0.03661406,0,-0.9762321,-0.002539659,-0.2167129,0,-0.7183443,-1.646477,-1.061568,1,0.2166573,0.005528217,-0.9762322,0,-0.03694185,0.9993142,-0.00253966,0,-0.9755486,-0.03661406,-0.2167129,0,-0.9408008,1.610451,-0.9355079,1,1.0,1.0,0.1370487,0.1716431,0.97558,-0.0009985808,-0.00400177,-0.01855054,62.77778,3889
25,0.218735,0.171404,0.9998468,0.06605867,0.1809205,0.9998282,0.1423965,0.1761623,0.9998375,0.2165465,-0.03680998,-0.9755781,0,0.00553073,0.9993191,-0.03647812,0,-0.9762567,-0.002503553,-0.2166027,0,-0.7184695,-1.646323,-1.061557,1,0.2165465,0.005530728,-0.9762566,0,-0.03680998,0.9993192,-0.002503551,0,-0.9755781,-0.03647812,-0.2166027,0,-0.9406512,1.610452,-0.9354684,1,1.0,1.0,0.1373397,0.1725644,0.9753764,-0.0009985808,-0.004010704,-0.0185439,62.78889,3890
25,0.2192595,0.1720959,0.9998857,0.0661974,0.1812901,0.9998768,0.1427282,0.1766931,0.9998812,0.2166179,-0.03643475,-0.9755765,0,0.005630315,0.9993333,-0.03607184,0,-0.9762403,-0.002321007,-0.2166786,0,-0.7185142,-1.645799,-1.062063,1,0.2166179,0.005630312,-0.9762402,0,-0.03643475,0.9993334,-0.002321002,0,-0.9755763,-0.03607184,-0.2166786,0,-0.9404442,1.610437,-0.9353885,1,1.0,1.0,0.1376349,0.1730478,0.9752492,-0.0009985808,-0.004014008,-0.01853418,62.81111,3891
25,0.2208128,0.1719148,0.9998169,0.06624699,0.1806937,0.9998429,0.1435306,0.176304,0.9998299,0.2167769,-0.03642358,-0.9755414,0,0.005874537,0.9993343,-0.03600653,0,-0.9762034,-0.00207453,-0.2168466,0,-0.7187238,-1.645581,-1.062158,1,0.2167769,0.005874537,-0.9762034,0,-0.03642358,0.9993343,-0.002074532,0,-0.9755415,-0.03600654,-0.2168466,0,-0.9403141,1.610463,-0.9353597,1,1.0,1.0,0.1384055,0.1726783,0.9752057,-0.0009985808,-0.004014397,-0.01852356,62.82222,3892
25,0.2220358,0.171867,0.9998989,0.06665786,0.1802193,0.9999098,0.1443471,0.1760432,0.9999043,0.2168374,-0.03649724,-0.9755253,0,0.006045752,0.9993319,-0.03604408,0,-0.9761891,-0.001917923,-0.2169132,0,-0.7188947,-1.645543,-1.062052,1,0.2168373,0.006045747,-0.9761889,0,-0.03649723,0.999332,-0.001917919,0,-0.9755251,-0.03604407,-0.2169131,0,-0.9402329,1.610509,-0.9353061,1,1.0,1.0,0.1391714,0.1724066,0.9751447,-0.00100036,-0.004014397,-0.01851429,62.83334,3893
25,0.2216999,0.1737431,0.999939,0.06701308,0.1804264,0.9999427,0.1443566,0.1770848,0.999941,0.2170161,-0.03665672,-0.9754796,0,0.005763199,0.9993254,-0.03627066,0,-0.9761511,-0.002249435,-0.217081,0,-0.7182201,-1.646047,-1.061634,1,0.217016,0.005763197,-0.9761509,0,-0.03665671,0.9993253,-0.002249432,0,-0.9754794,-0.03627065,-0.2170809,0,-0.9400755,1.610569,-0.9352543,1,1.0,1.0,0.1391547,0.1733688,0.9749766,-0.0010027,-0.004014397,-0.01850788,62.85556,3894
25,0.2216914,0.174055,1.00014,0.06748872,0.1803176,1.000127,0.1445899,0.1771863,1.000134,0.216935,-0.03679803,-0.9754923,0,0.005628278,0.9993198,-0.03644522,0,-0.9761699,-0.002415899,-0.2169945,0,-0.7179664,-1.646224,-1.061374,1,0.216935,0.00562828,-0.9761698,0,-0.03679803,0.9993198,-0.002415901,0,-0.9754923,-0.03644522,-0.2169945,0,-0.9401878,1.610463,-0.9351465,1,1.0,1.0,0.1393501,0.1734282,0.9749381,-0.001005599,-0.004014435,-0.01849916,62.86667,3895
25,0.2227062,0.1738361,0.9999189,0.06882623,0.1809937,0.999929,0.1457665,0.1774149,0.999924,0.2171347,-0.03654866,-0.9754571,0,0.005341285,0.9993283,-0.03625411,0,-0.976127,-0.00266183,-0.2171841,0,-0.7171016,-1.646224,-1.061732,1,0.2171348,0.005341288,-0.976127,0,-0.03654866,0.9993284,-0.002661832,0,-0.9754573,-0.03625411,-0.2171841,0,-0.9401342,1.610456,-0.9349556,1,1.0,1.0,0.1404771,0.1736471,0.9747373,-0.001005966,-0.004014145,-0.01849549,62.88889,3896
25,0.2227992,0.1742212,0.9998357,0.06994322,0.1812593,0.9998491,0.1463715,0.1777402,0.9998424,0.2172247,-0.03634745,-0.9754447,0,0.00554428,0.9993363,-0.03600303,0,-0.9761059,-0.002412608,-0.2172821,0,-0.7172645,-1.645817,-1.062118,1,0.2172247,0.005544282,-0.9761059,0,-0.03634745,0.9993364,-0.002412607,0,-0.9754446,-0.03600303,-0.217282,0,-0.9400511,1.610462,-0.934876,1,1.0,1.0,0.1410499,0.173949,0.9746007,-0.001007111,-0.004013718,-0.01848738,62.9,3897
25,0.2229241,0.1741038,0.9999052,0.07035244,0.1823243,0.999907,0.1466384,0.1782141,0.9999061,0.2173879,-0.03600913,-0.9754208,0,0.00587158,0.9993494,-0.03558392,0,-0.9760677,-0.002008252,-0.2174579,0,-0.7173256,-1.645047,-1.06291,1,0.2173879,0.005871579,-0.9760676,0,-0.03600914,0.9993494,-0.00200825,0,-0.9754209,-0.03558392,-0.2174579,0,-0.9400832,1.610366,-0.9346,1,1.0,1.0,0.1412808,0.1743736,0.9744915,-0.00100721,-0.004014618,-0.01848512,62.92222,3898
25,0.2228938,0.1746038,0.9998392,0.06974,0.1825044,0.9998746,0.1463177,0.1785542,0.9998569,0.2176205,-0.03585233,-0.9753748,0,0.005907848,0.9993552,-0.03541566,0,-0.9760156,-0.00194481,-0.217692,0,-0.7170364,-1.644836,-1.063278,1,0.2176205,0.005907847,-0.9760154,0,-0.03585233,0.9993553,-0.001944807,0,-0.9753748,-0.03541566,-0.217692,0,-0.9400238,1.610355,-0.9345046,1,1.0,1.0,0.140981,0.1747052,0.9744755,-0.001008919,-0.00401503,-0.01848064,62.93333,3899
25,0.2238097,0.1747465,0.9998248,0.06949802,0.1825623,0.9998651,0.1466548,0.1786541,0.999845,0.2180513,-0.03535218,-0.9752968,0,0.006105452,0.9993736,-0.03485988,0,-0.9759182,-0.001646614,-0.2181305,0,-0.7166944,-1.644111,-1.064293,1,0.2180513,0.006105453,-0.9759183,0,-0.03535217,0.9993735,-0.001646613,0,-0.9752968,-0.03485988,-0.2181305,0,-0.9398487,1.610356,-0.9342972,1,1.0,1.0,0.1412972,0.174793,0.974414,-0.001009583,-0.004015587,-0.01847858,62.95556,3900
25,0.2229823,0.1749417,0.999995,0.0694658,0.1826378,1.000031,0.1462251,0.1787895,1.000013,0.2182825,-0.0353246,-0.9752461,0,0.006138235,0.9993746,-0.03482468,0,-0.9758664,-0.001615331,-0.2183628,0,-0.7163562,-1.643956,-1.064573,1,0.2182824,0.006138232,-0.9758661,0,-0.03532459,0.9993746,-0.001615329,0,-0.975246,-0.03482468,-0.2183628,0,-0.939925,1.610251,-0.9341865,1,1.0,1.0,0.1408695,0.1749047,0.9744558,-0.001010011,-0.00401831,-0.01847447,62.96667,3901
25,0.2246215,0.1748762,0.999804,0.06938682,0.182861,0.9998398,0.1470051,0.1788687,0.9998219,0.2185208,-0.03504181,-0.975203,0,0.006217354,0.9993848,-0.03451756,0,-0.9758125,-0.001479624,-0.2186042,0,-0.7161142,-1.643594,-1.065165,1,0.2185208,0.006217354,-0.9758125,0,-0.03504181,0.9993847,-0.001479622,0,-0.9752029,-0.03451756,-0.2186042,0,-0.9398611,1.610268,-0.9340746,1,1.0,1.0,0.1416251,0.1749936,0.9743303,-0.001009988,-0.004020531,-0.0184691,62.97778,3902
25,0.2234708,0.1750104,0.9998385,0.07025477,0.1828313,0.9998731,0.1468636,0.1789208,0.9998557,0.2191229,-0.03495509,-0.975071,0,0.006303482,0.9993879,-0.03441028,0,-0.9756769,-0.001393739,-0.2192092,0,-0.7153959,-1.643413,-1.065562,1,0.2191229,0.006303482,-0.9756768,0,-0.03495509,0.999388,-0.001393739,0,-0.9750708,-0.03441028,-0.2192091,0,-0.9396845,1.610251,-0.9338667,1,1.0,1.0,0.141487,0.1750419,0.9743417,-0.001009438,-0.004021759,-0.01846343,63.0,3903
25,0.2227045,0.1747268,0.9998822,0.07035509,0.1827606,0.999949,0.1465314,0.1787435,0.9999157,0.2195475,-0.03499181,-0.9749742,0,0.006378713,0.9993867,-0.0344316,0,-0.975581,-0.001340296,-0.2196361,0,-0.7149073,-1.643268,-1.065811,1,0.2195475,0.006378708,-0.9755809,0,-0.0349918,0.9993867,-0.001340291,0,-0.974974,-0.0344316,-0.219636,0,-0.9396825,1.610122,-0.9337428,1,1.0,1.0,0.1411721,0.1748771,0.9744169,-0.001008964,-0.004022392,-0.01845767,63.01111,3904
25,0.2257162,0.1755945,0.999755,0.07111768,0.1821456,0.9998298,0.1484187,0.1788698,0.9997923,0.2202468,-0.03465723,-0.9748284,0,0.006417628,0.9993985,-0.0340808,0,-0.9754232,-0.001250101,-0.2203367,0,-0.7139705,-1.642885,-1.066803,1,0.2202467,0.006417624,-0.975423,0,-0.03465723,0.9993985,-0.001250099,0,-0.9748282,-0.03408079,-0.2203367,0,-0.9396374,1.610121,-0.9335328,1,1.0,1.0,0.1429559,0.1749714,0.9741399,-0.001009171,-0.004022675,-0.0184488,63.03334,3905
25,0.2263174,0.1755694,0.9996919,0.07274592,0.1815654,0.9997302,0.1495324,0.1785671,0.9997112,0.2204901,-0.0345772,-0.9747761,0,0.006536875,0.9994014,-0.03397209,0,-0.9753673,-0.001118522,-0.2205841,0,-0.7138126,-1.642677,-1.066927,1,0.2204901,0.006536873,-0.9753674,0,-0.0345772,0.9994015,-0.00111852,0,-0.9747761,-0.0339721,-0.2205842,0,-0.9394257,1.610114,-0.9334141,1,1.0,1.0,0.1440201,0.174679,0.9740357,-0.001010078,-0.004022949,-0.01843791,63.04445,3906
25,0.2264221,0.1763287,0.9997623,0.07321459,0.1815804,0.9997774,0.1498186,0.1789544,0.9997697,0.2205873,-0.03388665,-0.9747784,0,0.006578413,0.9994252,-0.0332548,0,-0.975345,-0.0009230897,-0.2206834,0,-0.7136273,-1.641847,-1.067904,1,0.2205873,0.006578415,-0.9753451,0,-0.03388666,0.9994253,-0.0009230907,0,-0.9747784,-0.0332548,-0.2206834,0,-0.9391897,1.610085,-0.9332172,1,1.0,1.0,0.144272,0.1750232,0.9739366,-0.001010613,-0.004023613,-0.01843255,63.06667,3907
25,0.2266055,0.1764615,0.9998361,0.07319501,0.1820157,0.9998397,0.1499003,0.1792385,0.9998378,0.2206141,-0.0337518,-0.9747771,0,0.00661445,0.9994299,-0.03310841,0,-0.9753388,-0.0008565709,-0.2207115,0,-0.7135646,-1.641599,-1.068033,1,0.220614,0.006614446,-0.9753387,0,-0.0337518,0.9994299,-0.0008565675,0,-0.974777,-0.03310841,-0.2207115,0,-0.9390788,1.610022,-0.9331006,1,1.0,1.0,0.1443331,0.1752742,0.9738824,-0.001011039,-0.004024056,-0.01843117,63.07778,3908
