flag,xl,yl,zl,xr,yr,zr,xc,yc,zc,mat_00,mat_10,mat_20,mat_30,mat_01,mat_11,mat_21,mat_31,mat_02,mat_12,mat_22,mat_32,mat_03,mat_13,mat_23,mat_33,ctw_00,ctw_10,ctw_20,ctw_30,ctw_01,ctw_11,ctw_21,ctw_31,ctw_02,ctw_12,ctw_22,ctw_32,ctw_03,ctw_13,ctw_23,ctw_33,opennessl,opennessr,ray_x,ray_y,ray_z,eye_x,eye_y,eye_z,time,frame,u,v
6.0,-0.09535413,-0.09320721,0.999926,-0.1673326,-0.1611907,0.9999274,-0.1313433,-0.1271989,0.9999267,0.002070665,-0.04256101,-0.9990918,0.0,0.05537754,0.9975656,-0.04238123,0.0,-0.9984635,0.05523948,-0.004422545,0.0,-1.038895,-1.590553,-0.6815528,1.0,0.002070662,0.05537752,-0.9984633,0.0,-0.042561,0.9975656,0.05523948,0.0,-0.9990916,-0.04238122,-0.004422548,0.0,-0.746478,1.615327,-0.9524512,1.0,0.6436433,0.7707852,-0.1263836,-0.1186697,0.9848577,0.0004378129,-0.003460991,-0.02699331,8.011111,474.0,-0.175,-0.15849999999999997
6.0,-0.09742219,-0.1055277,0.9999809,-0.1674421,-0.1621849,0.9999936,-0.1324321,-0.1338562,0.9999874,0.00212723,-0.04241192,-0.999098,0.0,0.05542837,0.9975693,-0.04222901,0.0,-0.9984605,0.05528854,-0.004472852,0.0,-1.038914,-1.59035,-0.6818107,1.0,0.002127199,0.05542836,-0.9984603,0.0,-0.04241191,0.9975692,0.05528853,0.0,-0.9990978,-0.042229,-0.004472882,0.0,-0.7464353,1.615277,-0.9524362,1.0,0.6722601,0.7271544,-0.127305,-0.124933,0.983964,0.0004378129,-0.003462029,-0.02698866,8.022223,475.0,-0.175,-0.15849999999999997
6.0,-0.1012919,-0.1087292,1.000033,-0.1669305,-0.1638718,1.000061,-0.1341112,-0.1363001,1.000047,0.002464294,-0.04161216,-0.999131,0.0,0.05569496,0.9975887,-0.04141056,0.0,-0.9984449,0.0555445,-0.004775941,0.0,-1.039102,-1.589426,-0.6833897,1.0,0.002464296,0.05569495,-0.9984446,0.0,-0.04161214,0.9975888,0.0555445,0.0,-0.9991306,-0.04141056,-0.004775938,0.0,-0.7463744,1.615167,-0.952466,1.0,0.6698579,0.7439829,-0.1288428,-0.1272017,0.983473,0.0004378129,-0.003464737,-0.026983,8.044445,476.0,-0.175,-0.15849999999999997
6.0,-0.1017997,-0.1074562,1.000004,-0.1673019,-0.1661064,1.000044,-0.1345508,-0.1367807,1.000024,0.002572954,-0.04105263,-0.9991537,0.0,0.05551141,0.9976222,-0.04084676,0.0,-0.9984547,0.05535933,-0.004845738,0.0,-1.038721,-1.589161,-0.6843172,1.0,0.002572967,0.05551141,-0.9984547,0.0,-0.04105264,0.9976222,0.05535933,0.0,-0.9991537,-0.04084676,-0.004845724,0.0,-0.7463048,1.615091,-0.952457,1.0,0.6666414,0.73432,-0.1292528,-0.1276458,0.9833617,0.0004385682,-0.003470055,-0.02698068,8.055555,477.0,-0.175,-0.15849999999999997
6.0,-0.1040574,-0.1038771,0.9999933,-0.1672951,-0.1674665,1.000042,-0.1356764,-0.1356712,1.000018,0.002753913,-0.04046075,-0.9991774,0.0,0.05543553,0.9976508,-0.04024614,0.0,-0.9984586,0.05527909,-0.004990399,0.0,-1.038531,-1.588865,-0.6853557,1.0,0.002753905,0.05543553,-0.9984584,0.0,-0.04046074,0.9976509,0.05527909,0.0,-0.9991772,-0.04024614,-0.004990406,0.0,-0.7462184,1.615121,-0.9525195,1.0,0.6666414,0.73432,-0.1303325,-0.1265813,0.9833568,0.0004404979,-0.003472313,-0.02698068,8.066667,478.0,-0.175,-0.15849999999999997
6.0,-0.1040409,-0.1034066,0.999915,-0.1673561,-0.1687194,0.9999427,-0.1356985,-0.1360625,0.999929,0.002651513,-0.03992327,-0.9991993,0.0,0.05510899,0.9976901,-0.03971673,0.0,-0.9984769,0.05495955,-0.0048455,0.0,-1.038219,-1.588714,-0.6859603,1.0,0.002651494,0.05510898,-0.9984768,0.0,-0.03992326,0.9976901,0.05495955,0.0,-0.9991991,-0.03971674,-0.004845519,0.0,-0.7460847,1.615015,-0.9526462,1.0,0.664483,0.7325066,-0.1303589,-0.1269574,0.9833048,0.0004411619,-0.003475456,-0.02698049,8.077778,479.0,-0.175,-0.15849999999999997
6.0,-0.1040977,-0.1047042,1.000224,-0.1671335,-0.168777,1.000236,-0.1356156,-0.1367405,1.00023,0.002403557,-0.03902408,-0.9992355,0.0,0.05384768,0.9977936,-0.03883824,0.0,-0.9985464,0.05371315,-0.004499614,0.0,-1.03657,-1.589239,-0.6872738,1.0,0.002403561,0.05384767,-0.9985461,0.0,-0.03902407,0.9977936,0.05371315,0.0,-0.9992352,-0.03883824,-0.004499609,0.0,-0.7462754,1.614857,-0.9527923,1.0,0.646291,0.7568626,-0.1302341,-0.1275616,0.9832432,0.0004419247,-0.003475456,-0.02697875,8.111112,480.0,-0.175,-0.15849999999999997
6.0,-0.1043101,-0.1046928,1.000251,-0.167282,-0.1670475,1.000268,-0.135796,-0.1358699,1.00026,0.00232935,-0.03866979,-0.9992494,0.0,0.05371164,0.9978144,-0.03848905,0.0,-0.9985538,0.05358167,-0.004401267,0.0,-1.036502,-1.589132,-0.6879766,1.0,0.002329339,0.05371164,-0.9985537,0.0,-0.03866979,0.9978145,0.05358166,0.0,-0.9992492,-0.03848906,-0.004401276,0.0,-0.7464971,1.614852,-0.952883,1.0,0.646291,0.7568626,-0.130414,-0.1267353,0.9833262,0.0004420234,-0.003475456,-0.02697875,8.122222,481.0,-0.175,-0.15849999999999997
6.0,-0.108194,-0.1064304,1.000089,-0.1687758,-0.1679691,1.000091,-0.1384849,-0.1371995,1.00009,0.002036691,-0.03834332,-0.9992626,0.0,0.05365392,0.9978294,-0.03817897,0.0,-0.9985576,0.05353659,-0.004089534,0.0,-1.036631,-1.588961,-0.6882759,1.0,0.002036685,0.05365391,-0.9985574,0.0,-0.03834331,0.9978295,0.05353659,0.0,-0.9992625,-0.03817897,-0.004089538,0.0,-0.746583,1.614854,-0.9528826,1.0,0.6550606,0.7446775,-0.1329426,-0.1279644,0.9828283,0.0004419247,-0.003475456,-0.02697875,8.133333,482.0,-0.175,-0.15849999999999997
6.0,-0.1088854,-0.1073677,1.000047,-0.1694224,-0.1681776,1.000022,-0.139154,-0.1377729,1.000035,0.001542032,-0.0386327,-0.9992523,0.0,0.05365268,0.9978174,-0.03849443,0.0,-0.9985585,0.0535532,-0.003611386,0.0,-1.037107,-1.589173,-0.687586,1.0,0.001542004,0.05365267,-0.9985583,0.0,-0.0386327,0.9978174,0.0535532,0.0,-0.9992523,-0.03849443,-0.003611413,0.0,-0.7468667,1.61488,-0.95299,1.0,0.6580867,0.7519916,-0.1335669,-0.1285102,0.9826724,0.0004398124,-0.003464081,-0.02697831,8.155556,483.0,-0.175,-0.15849999999999997
6.0,-0.1045252,-0.1061183,0.9998598,-0.1697126,-0.1686681,0.9997951,-0.137119,-0.1373942,0.9998275,0.001023293,-0.03911563,-0.9992343,0.0,0.05340521,0.9978108,-0.03900522,0.0,-0.9985725,0.05332439,-0.003110051,0.0,-1.037206,-1.589816,-0.6862358,1.0,0.001023313,0.0534052,-0.9985722,0.0,-0.03911563,0.9978108,0.05332438,0.0,-0.999234,-0.03900522,-0.00311003,0.0,-0.7468354,1.614961,-0.9530836,1.0,0.6827203,0.7441915,-0.1316856,-0.128222,0.9829639,0.0004398124,-0.003453796,-0.02697569,8.166667,484.0,-0.175,-0.15849999999999997
6.0,-0.1056389,-0.1112163,0.9998032,-0.1707499,-0.1648734,0.9997463,-0.1381944,-0.1380453,0.9997747,1.454353e-05,-0.03981232,-0.9992072,0.0,0.0524339,0.9978327,-0.03975679,0.0,-0.9986244,0.05239175,-0.002102017,0.0,-1.036569,-1.591282,-0.6839976,1.0,1.45341e-05,0.05243389,-0.9986244,0.0,-0.03981232,0.9978327,0.05239175,0.0,-0.9992072,-0.03975679,-0.002102027,0.0,-0.7467929,1.614991,-0.9532105,1.0,0.6696137,0.7399079,-0.1326939,-0.1288287,0.9827489,0.0004404914,-0.003448967,-0.02697413,8.18889,485.0,-0.175,-0.15849999999999997
6.0,-0.1092387,-0.1135449,1.000089,-0.1715011,-0.1631548,1.000035,-0.1403699,-0.1383505,1.000062,-0.0004962683,-0.04023311,-0.9991902,0.0,0.05215457,0.9978294,-0.04020422,0.0,-0.9986389,0.05213228,-0.001603127,0.0,-1.036465,-1.59176,-0.6829803,1.0,-0.0004962913,0.05215457,-0.9986389,0.0,-0.04023311,0.9978294,0.05213229,0.0,-0.9991903,-0.04020422,-0.001603149,0.0,-0.7469831,1.614902,-0.9531668,1.0,0.6515976,0.7577589,-0.1346972,-0.1290508,0.9824472,0.0004405295,-0.003443123,-0.02697337,8.2,486.0,-0.175,-0.15849999999999997
6.0,-0.1092579,-0.1135444,1.00023,-0.1715527,-0.1628697,1.000209,-0.1404054,-0.1382073,1.00022,-0.001148343,-0.04040188,-0.9991828,0.0,0.05189864,0.9978346,-0.04040701,0.0,-0.9986516,0.05190263,-0.0009509325,0.0,-1.036627,-1.592053,-0.6823499,1.0,-0.001148357,0.05189864,-0.9986518,0.0,-0.04040189,0.9978345,0.05190264,0.0,-0.9991829,-0.04040701,-0.0009509464,0.0,-0.7473047,1.614833,-0.9532463,1.0,0.6331416,0.7664028,-0.1347129,-0.1288978,0.9824651,0.0004405826,-0.00344159,-0.02697323,8.222222,487.0,-0.175,-0.15849999999999997
6.0,-0.1071624,-0.1122444,1.00012,-0.1723045,-0.1628166,1.000126,-0.1397335,-0.1375304,1.000123,-0.001336455,-0.04003656,-0.9991974,0.0,0.05186031,0.9978509,-0.04005196,0.0,-0.9986536,0.0518722,-0.0007427335,0.0,-1.036762,-1.591783,-0.6828346,1.0,-0.001336446,0.0518603,-0.9986533,0.0,-0.04003654,0.9978508,0.0518722,0.0,-0.9991972,-0.04005196,-0.0007427248,0.0,-0.7474015,1.61478,-0.9533035,1.0,0.6741989,0.7574603,-0.134108,-0.1282884,0.9826276,0.0004421379,-0.003438095,-0.02696292,8.233334,488.0,-0.175,-0.15849999999999997
6.0,-0.1042173,-0.1126215,1.000118,-0.1714408,-0.163009,1.000129,-0.1378291,-0.1378151,1.000123,-0.001680017,-0.03936623,-0.9992235,0.0,0.05186066,0.9978768,-0.03940037,0.0,-0.9986529,0.05188658,-0.0003650784,0.0,-1.037056,-1.591309,-0.6836238,1.0,-0.001680047,0.05186066,-0.9986528,0.0,-0.03936623,0.9978769,0.05188658,0.0,-0.9992234,-0.03940037,-0.0003651092,0.0,-0.747479,1.614778,-0.9533412,1.0,0.6552026,0.7291687,-0.1323187,-0.1285892,0.9828309,0.0004473636,-0.003436012,-0.02696127,8.244445,489.0,-0.175,-0.15849999999999997
6.0,-0.08941767,-0.09954891,1.00002,-0.1701479,-0.1610686,1.000041,-0.1297828,-0.1303086,1.000031,-0.002327085,-0.03812676,-0.9992702,0.0,0.05221448,0.9979051,-0.03819628,0.0,-0.9986331,0.05226526,0.0003314018,0.0,-1.038094,-1.589992,-0.6850454,1.0,-0.002327046,0.05221448,-0.9986332,0.0,-0.03812677,0.9979051,0.05226526,0.0,-0.9992701,-0.03819628,0.0003314404,0.0,-0.7475824,1.614699,-0.9533464,1.0,0.6415471,0.7384516,-0.1248682,-0.1216474,0.9846877,0.0004527355,-0.003432244,-0.02698233,8.266666,490.0,-0.175,-0.15849999999999997
6.0,-0.08895176,-0.09424994,1.000105,-0.1674897,-0.1596237,1.000095,-0.1282208,-0.1269369,1.0001,-0.002641678,-0.03790916,-0.9992778,0.0,0.05229603,0.9979085,-0.03799547,0.0,-0.9986282,0.05235863,0.0006536245,0.0,-1.038413,-1.589731,-0.6851801,1.0,-0.002641648,0.05229603,-0.9986281,0.0,-0.03790916,0.9979086,0.05235863,0.0,-0.9992776,-0.03799547,0.0006536539,0.0,-0.7476937,1.614677,-0.953304,1.0,0.6546597,0.7291846,-0.1234348,-0.1184718,0.9852554,0.00045639,-0.003433953,-0.02699935,8.277778,491.0,-0.175,-0.15849999999999997
6.0,-0.09239466,-0.09594312,1.00013,-0.1676091,-0.1571333,1.000136,-0.1300019,-0.1265381,1.000133,-0.00273931,-0.03777784,-0.9992825,0.0,0.05237264,0.9979093,-0.03786949,0.0,-0.998624,0.05243878,0.0007549524,0.0,-1.038498,-1.589522,-0.6854748,1.0,-0.002739203,0.05237263,-0.9986237,0.0,-0.03777783,0.9979094,0.05243878,0.0,-0.9992823,-0.03786949,0.0007550581,0.0,-0.7478761,1.614629,-0.9531986,1.0,0.6488213,0.7395443,-0.125119,-0.118062,0.9850922,0.0004596319,-0.003435158,-0.02702061,8.3,492.0,-0.175,-0.15849999999999997
6.0,-0.08794376,-0.08332544,1.00013,-0.1675564,-0.1569016,1.00013,-0.1277502,-0.1201134,1.00013,-0.002616286,-0.037912,-0.9992777,0.0,0.05242199,0.9979019,-0.03799705,0.0,-0.9986217,0.05248353,0.0006233454,0.0,-1.038429,-1.589564,-0.6855211,1.0,-0.002616256,0.05242198,-0.9986215,0.0,-0.03791199,0.9979019,0.05248353,0.0,-0.9992775,-0.03799705,0.000623374,0.0,-0.7480062,1.614618,-0.9531447,1.0,0.612035,0.72684,-0.1230811,-0.1120118,0.986055,0.0004605725,-0.003433464,-0.02702016,8.311111,493.0,-0.175,-0.15849999999999997
6.0,-0.08125744,-0.08243574,1.000308,-0.1676611,-0.157396,1.000331,-0.1244591,-0.1199155,1.000319,-0.002406478,-0.03785547,-0.9992804,0.0,0.05277044,0.9978861,-0.03792973,0.0,-0.9986039,0.05282373,0.0004036427,0.0,-1.038778,-1.589169,-0.6861261,1.0,-0.002406379,0.05277043,-0.9986036,0.0,-0.03785547,0.997886,0.05282373,0.0,-0.9992803,-0.03792973,0.0004037407,0.0,-0.7482907,1.614602,-0.9531046,1.0,0.6756856,0.7429021,-0.1199483,-0.1118532,0.9864589,0.0004607001,-0.003426483,-0.0270242,8.322223,494.0,-0.175,-0.15849999999999997
6.0,-0.07933261,-0.08131751,1.000066,-0.1653601,-0.1620471,1.000073,-0.1223464,-0.1216822,1.00007,-0.002239943,-0.03814375,-0.9992697,0.0,0.05341016,0.9978414,-0.03820896,0.0,-0.9985701,0.05345674,0.0001978874,0.0,-1.039569,-1.588804,-0.6860597,1.0,-0.002239987,0.05341016,-0.9985702,0.0,-0.03814375,0.9978414,0.05345674,0.0,-0.9992697,-0.03820896,0.0001978435,0.0,-0.7484903,1.614684,-0.9530149,1.0,0.6653704,0.7484264,-0.1179531,-0.1135924,0.9865008,0.0004614023,-0.003414826,-0.02703223,8.344444,495.0,-0.175,-0.15849999999999997
6.0,-0.07951013,-0.07660096,1.000129,-0.1656907,-0.1627867,1.000116,-0.1226004,-0.1196939,1.000122,-0.002012134,-0.0385358,-0.9992554,0.0,0.05375306,0.9978084,-0.03858823,0.0,-0.9985524,0.05379067,-6.371737e-05,0.0,-1.039864,-1.588763,-0.6858256,1.0,-0.002012108,0.05375304,-0.998552,0.0,-0.03853578,0.9978083,0.05379066,0.0,-0.999255,-0.03858823,-6.369322e-05,0.0,-0.7486312,1.614712,-0.9529409,1.0,0.6706448,0.7439892,-0.1182126,-0.1117042,0.9866853,0.0004610363,-0.003408432,-0.02703423,8.355556,496.0,-0.175,-0.15849999999999997
6.0,-0.07967213,-0.08230845,1.000158,-0.1691153,-0.1648043,1.000109,-0.124394,-0.1235574,1.000134,-0.001761436,-0.03924672,-0.999228,0.0,0.05424223,0.9977548,-0.03928448,0.0,-0.9985262,0.05426956,-0.0003712773,0.0,-1.040258,-1.58883,-0.685376,1.0,-0.001761507,0.05424223,-0.9985262,0.0,-0.03924672,0.9977547,0.05426955,0.0,-0.999228,-0.03928447,-0.0003713481,0.0,-0.7490357,1.614764,-0.9527544,1.0,0.6535561,0.75485,-0.1198589,-0.1153503,0.9860671,0.0004607923,-0.003398888,-0.02703588,8.377778,497.0,-0.175,-0.15849999999999997
6.0,-0.08358006,-0.0859528,1.00016,-0.1689382,-0.1662398,1.000144,-0.1262592,-0.1260967,1.000152,-0.001682401,-0.03953949,-0.9992166,0.0,0.05437731,0.997736,-0.03957246,0.0,-0.9985191,0.05440129,-0.0004714131,0.0,-1.040353,-1.588892,-0.6851761,1.0,-0.001682447,0.05437731,-0.998519,0.0,-0.03953949,0.9977361,0.05440129,0.0,-0.9992166,-0.03957247,-0.0004714596,0.0,-0.7492137,1.614753,-0.9526978,1.0,0.6366471,0.7357561,-0.1215855,-0.1177326,0.9855739,0.0004600678,-0.003393105,-0.02703596,8.388889,498.0,-0.175,-0.15849999999999997
6.0,-0.08361065,-0.08704794,1.000191,-0.1692388,-0.1629925,1.000204,-0.1264245,-0.1250202,1.000198,-0.001372218,-0.03957599,-0.9992157,0.0,0.05484167,0.9977098,-0.03959165,0.0,-0.9984943,0.05485297,-0.0008013248,0.0,-1.040659,-1.588542,-0.6857487,1.0,-0.00137223,0.05484166,-0.9984939,0.0,-0.03957598,0.9977099,0.05485297,0.0,-0.9992155,-0.03959166,-0.0008013374,0.0,-0.7495069,1.614826,-0.9525051,1.0,0.6400896,0.7369294,-0.1217506,-0.116711,0.9856751,0.0004600678,-0.003387634,-0.02704165,8.411111,499.0,-0.175,-0.15849999999999997
6.0,-0.07778782,-0.0850732,1.000168,-0.1691009,-0.1630431,1.000139,-0.1234446,-0.1240587,1.000153,-0.001349211,-0.03997904,-0.9991997,0.0,0.05491724,0.9976897,-0.03999278,0.0,-0.99849,0.05492724,-0.0008494854,0.0,-1.040715,-1.588729,-0.6853348,1.0,-0.00134917,0.05491724,-0.99849,0.0,-0.03997904,0.9976897,0.05492724,0.0,-0.9991995,-0.03999279,-0.0008494451,0.0,-0.7497062,1.614803,-0.9524612,1.0,0.6400896,0.7369294,-0.118946,-0.1158509,0.9861189,0.0004580459,-0.003380806,-0.02705667,8.422222,500.0,-0.175,-0.15849999999999997
6.0,-0.07341123,-0.08018965,1.000206,-0.170031,-0.1611637,1.000145,-0.1217215,-0.1206777,1.000175,-0.001673579,-0.04055199,-0.9991761,0.0,0.05451771,0.9976878,-0.0405829,0.0,-0.9985115,0.0545407,-0.0005410314,0.0,-1.040277,-1.589679,-0.6845046,1.0,-0.001673639,0.0545177,-0.9985113,0.0,-0.04055198,0.9976878,0.0545407,0.0,-0.9991759,-0.0405829,-0.0005410919,0.0,-0.7501462,1.614938,-0.9523967,1.0,0.6392897,0.7302844,-0.1173506,-0.1126673,0.9866787,0.0004540179,-0.003377785,-0.02707288,8.444445,501.0,-0.175,-0.15849999999999997
6.0,-0.07325362,-0.07874385,1.00013,-0.1708795,-0.1685252,1.000072,-0.122067,-0.1236358,1.000101,-0.001937032,-0.04089611,-0.9991616,0.0,0.05419294,0.9976908,-0.04094097,0.0,-0.9985287,0.0542268,-0.0002836585,0.0,-1.039967,-1.590297,-0.6838471,1.0,-0.001937094,0.05419293,-0.9985285,0.0,-0.0408961,0.9976908,0.0542268,0.0,-0.9991615,-0.04094097,-0.0002837217,0.0,-0.7503252,1.614986,-0.9523939,1.0,0.6417235,0.7462406,-0.1176422,-0.1154788,0.9863189,0.000448456,-0.003373505,-0.02707545,8.455556,502.0,-0.175,-0.15849999999999997
6.0,-0.06936471,-0.07277241,1.000031,-0.1720322,-0.1684405,0.9999908,-0.1206988,-0.1206073,1.000011,-0.002155542,-0.04107632,-0.9991538,0.0,0.05405307,0.9976905,-0.04113277,0.0,-0.9985358,0.05409598,-6.973743e-05,0.0,-1.039967,-1.590729,-0.6833872,1.0,-0.002155541,0.05405305,-0.9985356,0.0,-0.04107631,0.9976905,0.05409598,0.0,-0.9991537,-0.04113277,-6.973668e-05,0.0,-0.7503918,1.615159,-0.9524393,1.0,0.6148812,0.7231823,-0.1163882,-0.1126347,0.9867965,0.0004423447,-0.003373177,-0.02708348,8.466667,503.0,-0.175,-0.15849999999999997
6.0,-0.06964626,-0.06381198,0.9998789,-0.1728584,-0.1694539,0.999831,-0.1212528,-0.1166342,0.9998549,-0.002827406,-0.04169303,-0.9991265,0.0,0.05463511,0.9976317,-0.04178526,0.0,-0.9985024,0.05470553,0.0005427599,0.0,-1.041338,-1.590619,-0.6818014,1.0,-0.002827359,0.05463511,-0.9985024,0.0,-0.04169303,0.9976317,0.05470554,0.0,-0.9991264,-0.04178527,0.0005428061,0.0,-0.7504677,1.615257,-0.9523925,1.0,0.6206746,0.7367182,-0.1169735,-0.1088715,0.9871496,0.0004355768,-0.003374352,-0.02708371,8.488889,504.0,-0.175,-0.15849999999999997
6.0,-0.06339669,-0.06367629,1.000057,-0.1744246,-0.1740514,0.9999828,-0.1189116,-0.1188657,1.00002,-0.003061414,-0.04214607,-0.9991068,0.0,0.05508457,0.9975874,-0.04225076,0.0,-0.998477,0.05516471,0.0007324219,0.0,-1.042202,-1.590433,-0.6809534,1.0,-0.003061406,0.05508457,-0.9984769,0.0,-0.04214607,0.9975874,0.05516471,0.0,-0.9991067,-0.04225076,0.0007324299,0.0,-0.7505663,1.615235,-0.95238,1.0,0.6171709,0.7456121,-0.1147024,-0.1110012,0.9871789,0.0004300233,-0.003375466,-0.02708446,8.5,505.0,-0.175,-0.15849999999999997
6.0,-0.06104578,-0.06305221,1.000087,-0.176075,-0.1822829,0.9999636,-0.1185621,-0.1226709,1.000025,-0.003680229,-0.04344804,-0.9990489,0.0,0.0556296,0.9974997,-0.04358559,0.0,-0.9984447,0.0557371,0.001254082,0.0,-1.043532,-1.590787,-0.6785362,1.0,-0.003680281,0.05562961,-0.9984447,0.0,-0.04344804,0.9974997,0.0557371,0.0,-0.9990489,-0.04358559,0.00125403,0.0,-0.7508479,1.615287,-0.9523919,1.0,0.6089926,0.69467,-0.1143189,-0.1146137,0.9868104,0.000425064,-0.003377518,-0.02708174,8.522223,506.0,-0.175,-0.15849999999999997
6.0,-0.05386701,-0.06243155,1.000101,-0.1764453,-0.1820125,1.000066,-0.1151568,-0.1222232,1.000083,-0.003717542,-0.04370401,-0.9990377,0.0,0.05555716,0.9974924,-0.04384314,0.0,-0.9984487,0.05566668,0.001280069,0.0,-1.043484,-1.591105,-0.678206,1.0,-0.003717461,0.05555715,-0.9984485,0.0,-0.043704,0.9974924,0.05566668,0.0,-0.9990375,-0.04384315,0.001280149,0.0,-0.75097,1.615354,-0.9524255,1.0,0.6590479,0.716985,-0.1110864,-0.1142239,0.9872248,0.0004239269,-0.003378029,-0.02708171,8.533334,507.0,-0.175,-0.15849999999999997
6.0,-0.05255452,-0.06353164,1.000078,-0.1728253,-0.1945102,1.00001,-0.1126909,-0.129023,1.000044,-0.003828883,-0.04411927,-0.999019,0.0,0.05553795,0.9974749,-0.04426393,0.0,-0.9984493,0.05565295,0.00136888,0.0,-1.043547,-1.591436,-0.6775379,1.0,-0.003828842,0.05553796,-0.9984492,0.0,-0.04411926,0.997475,0.05565295,0.0,-0.999019,-0.04426394,0.001368921,0.0,-0.7510818,1.615383,-0.952433,1.0,0.6339108,0.7132971,-0.108666,-0.1207022,0.9867232,0.0004238207,-0.003379502,-0.02707348,8.544445,508.0,-0.175,-0.15849999999999997
6.0,-0.05111649,-0.06093559,1.000104,-0.1728284,-0.2051919,0.9999794,-0.1119741,-0.1330681,1.000042,-0.00420928,-0.04500037,-0.9989781,0.0,0.05573464,0.9974235,-0.04516518,0.0,-0.9984368,0.05586779,0.001690269,0.0,-1.044196,-1.591868,-0.6759953,1.0,-0.004209192,0.05573463,-0.9984367,0.0,-0.04500037,0.9974235,0.05586779,0.0,-0.9989781,-0.04516518,0.001690356,0.0,-0.7513344,1.615433,-0.9524864,1.0,0.6386061,0.7169055,-0.1079347,-0.124528,0.9863279,0.0004229359,-0.00339225,-0.02706306,8.566667,509.0,-0.175,-0.15849999999999997
6.0,-0.05140146,-0.06667608,1.000169,-0.172994,-0.2039755,1.00011,-0.1121986,-0.1353278,1.00014,-0.004282713,-0.04535826,-0.9989617,0.0,0.0555122,0.9974195,-0.04552622,0.0,-0.9984488,0.05564953,0.001753688,0.0,-1.043944,-1.592418,-0.6755365,1.0,-0.004282674,0.05551219,-0.9984487,0.0,-0.04535824,0.9974195,0.05564953,0.0,-0.9989615,-0.04552623,0.001753724,0.0,-0.7515351,1.615506,-0.9525227,1.0,0.6281526,0.7162445,-0.1081104,-0.1266409,0.9860397,0.0004225839,-0.003402878,-0.02704154,8.577778,510.0,-0.175,-0.15849999999999997
6.0,-0.05087104,-0.0672828,1.000043,-0.1729904,-0.2041142,0.9999362,-0.1119323,-0.1357019,0.9999897,-0.004653454,-0.04580953,-0.9989395,0.0,0.05550311,0.9973984,-0.04599741,0.0,-0.9984477,0.05565829,0.002098799,0.0,-1.044288,-1.592755,-0.6745219,1.0,-0.004653474,0.0555031,-0.9984475,0.0,-0.04580951,0.9973984,0.05565828,0.0,-0.9989392,-0.04599741,0.002098776,0.0,-0.7516293,1.615546,-0.9526014,1.0,0.6383091,0.7183402,-0.1078686,-0.1270138,0.9860182,0.0004221043,-0.003406067,-0.02703352,8.588889,511.0,-0.175,-0.15849999999999997
6.0,-0.05092709,-0.06946883,1.00002,-0.1749729,-0.2016306,0.9999071,-0.1129516,-0.1355531,0.9999636,-0.005339742,-0.04654789,-0.9989019,0.0,0.05542231,0.9973669,-0.04677263,0.0,-0.9984488,0.05561119,0.002745867,0.0,-1.044815,-1.593319,-0.6727999,1.0,-0.005339717,0.05542229,-0.9984486,0.0,-0.04654789,0.9973668,0.05561119,0.0,-0.9989018,-0.04677263,0.002745889,0.0,-0.7518057,1.615561,-0.9527404,1.0,0.6255197,0.7215124,-0.1088411,-0.1268576,0.9859315,0.0004217224,-0.003413536,-0.02702246,8.611112,512.0,-0.175,-0.15849999999999997
6.0,-0.05108903,-0.07289571,1.000234,-0.1751068,-0.2004675,1.000153,-0.1130992,-0.136684,1.000194,-0.005849957,-0.04668058,-0.9988928,0.0,0.05519148,0.9973722,-0.04693274,0.0,-0.9984587,0.05540492,0.003258109,0.0,-1.044904,-1.593649,-0.6723167,1.0,-0.005849851,0.05519148,-0.9984586,0.0,-0.04668058,0.9973722,0.05540492,0.0,-0.9988927,-0.04693275,0.003258214,0.0,-0.7520772,1.615577,-0.9528068,1.0,0.6089643,0.727927,-0.1089426,-0.1278892,0.9857869,0.0004213257,-0.003420647,-0.02701693,8.622223,513.0,-0.175,-0.15849999999999997
6.0,-0.0555477,-0.07020193,1.000186,-0.1755948,-0.199441,1.000168,-0.1155715,-0.134822,1.000177,-0.006491184,-0.04687788,-0.9988797,0.0,0.0549611,0.9973739,-0.04716438,0.0,-0.9984676,0.05520566,0.003897667,0.0,-1.045321,-1.594004,-0.6715841,1.0,-0.00649117,0.05496108,-0.9984671,0.0,-0.04687787,0.997374,0.05520566,0.0,-0.9988794,-0.04716438,0.003897677,0.0,-0.7523405,1.615596,-0.9531032,1.0,0.6348312,0.7305211,-0.1113113,-0.1260938,0.9857536,0.0004181825,-0.003428665,-0.02700661,8.644444,514.0,-0.175,-0.15849999999999997
6.0,-0.05306131,-0.07027402,1.000022,-0.1762446,-0.1990843,0.9999439,-0.1146541,-0.1346814,0.9999832,-0.007089257,-0.04691163,-0.9988738,0.0,0.05488139,0.9973752,-0.04723075,0.0,-0.9984677,0.05515442,0.004496098,0.0,-1.045732,-1.594094,-0.6709584,1.0,-0.007089282,0.05488139,-0.9984677,0.0,-0.04691163,0.9973751,0.05515442,0.0,-0.9988739,-0.04723075,0.004496074,0.0,-0.7523979,1.615611,-0.9531912,1.0,0.6245939,0.7216768,-0.1104624,-0.125995,0.9858617,0.0004160069,-0.00343087,-0.02700182,8.655556,515.0,-0.175,-0.15849999999999997
6.0,-0.05581165,-0.06985974,0.9999287,-0.1766861,-0.198734,0.9998733,-0.1162497,-0.1342985,0.999901,-0.007976174,-0.046806,-0.9988722,0.0,0.05446145,0.997401,-0.04717195,0.0,-0.9984841,0.05477628,0.00540626,0.0,-1.045938,-1.594488,-0.670205,1.0,-0.007976112,0.05446145,-0.998484,0.0,-0.046806,0.9974011,0.05477627,0.0,-0.998872,-0.04717195,0.005406321,0.0,-0.7524231,1.615692,-0.9533888,1.0,0.6509207,0.7324729,-0.1119891,-0.1256196,0.9857374,0.0004158542,-0.003434097,-0.02699711,8.677778,516.0,-0.175,-0.15849999999999997
6.0,-0.05774269,-0.06816484,1.000004,-0.1767512,-0.1970709,0.9999372,-0.1172479,-0.1326201,0.9999707,-0.008335948,-0.04699045,-0.9988606,0.0,0.05435366,0.9973972,-0.04737521,0.0,-0.998487,0.05468665,0.005760193,0.0,-1.046131,-1.594704,-0.6695681,1.0,-0.008335992,0.05435366,-0.9984869,0.0,-0.04699044,0.9973972,0.05468664,0.0,-0.9988605,-0.04737521,0.005760148,0.0,-0.7524614,1.615693,-0.9534818,1.0,0.6395249,0.7334287,-0.1129515,-0.1240029,0.9858323,0.0004158542,-0.003443886,-0.0269886,8.68889,517.0,-0.175,-0.15849999999999997
6.0,-0.05526765,-0.06403662,0.9999135,-0.1774903,-0.1928892,0.9998758,-0.1163795,-0.128464,0.9998946,-0.008552432,-0.04707187,-0.9988549,0.0,0.05419249,0.9974017,-0.0474674,0.0,-0.998494,0.05453639,0.0059793,0.0,-1.046169,-1.594888,-0.6691368,1.0,-0.008552464,0.05419248,-0.9984938,0.0,-0.04707187,0.9974017,0.05453639,0.0,-0.9988549,-0.04746739,0.005979267,0.0,-0.7523922,1.615676,-0.9536124,1.0,0.6489506,0.7215285,-0.1121913,-0.12009,0.9864033,0.0004158542,-0.003445854,-0.02698868,8.7,518.0,-0.175,-0.15849999999999997
6.0,-0.05522161,-0.06388137,0.9999298,-0.1806601,-0.1927777,0.9999014,-0.1179413,-0.1283305,0.9999155,-0.009305716,-0.04695959,-0.9988534,0.0,0.05372285,0.9974306,-0.0473932,0.0,-0.9985125,0.05410227,0.006758928,0.0,-1.046155,-1.595204,-0.6684604,1.0,-0.009305641,0.05372285,-0.9985126,0.0,-0.04695959,0.9974306,0.05410228,0.0,-0.9988534,-0.0473932,0.006759002,0.0,-0.7523392,1.615628,-0.9537762,1.0,0.6165894,0.7297887,-0.1136719,-0.1199399,0.9862521,0.0004161,-0.003446694,-0.02698848,8.722222,519.0,-0.175,-0.15849999999999997
6.0,-0.05664035,-0.05884868,0.9999565,-0.1806284,-0.1901723,0.999934,-0.1186348,-0.1245112,0.9999453,-0.009652972,-0.04680037,-0.9988576,0.0,0.05364253,0.9974416,-0.04725243,0.0,-0.9985136,0.05403738,0.007117748,0.0,-1.046403,-1.595124,-0.6683155,1.0,-0.009652936,0.05364253,-0.9985135,0.0,-0.04680037,0.9974415,0.05403738,0.0,-0.9988576,-0.04725242,0.007117785,0.0,-0.7523053,1.615595,-0.953894,1.0,0.6165894,0.7297887,-0.1143767,-0.1163104,0.9866052,0.0004173201,-0.003447006,-0.02698681,8.733334,520.0,-0.175,-0.15849999999999997
6.0,-0.05734784,-0.06381746,0.9999977,-0.1803806,-0.1845948,1.000005,-0.1188641,-0.124206,1.000001,-0.01064575,-0.0461325,-0.9988787,0.0,0.05349814,0.9974782,-0.046638,0.0,-0.9985113,0.05393464,0.008150935,0.0,-1.047147,-1.594724,-0.6683114,1.0,-0.01064578,0.05349814,-0.9985111,0.0,-0.0461325,0.9974783,0.05393464,0.0,-0.9988785,-0.046638,0.008150896,0.0,-0.7522782,1.615554,-0.9541299,1.0,0.624909,0.7229685,-0.1145959,-0.1160119,0.9866149,0.0004212726,-0.00344677,-0.02698808,8.755556,521.0,-0.175,-0.15849999999999997
6.0,-0.05962104,-0.06418043,1.000054,-0.1792555,-0.182999,1.000042,-0.1194385,-0.1235901,1.000048,-0.01091826,-0.04595241,-0.9988841,0.0,0.05345829,0.9974881,-0.04647251,0.0,-0.9985105,0.05390602,0.008434296,0.0,-1.047334,-1.594476,-0.6683706,1.0,-0.01091826,0.05345829,-0.9985103,0.0,-0.0459524,0.9974882,0.05390602,0.0,-0.9988838,-0.04647252,0.008434295,0.0,-0.7523296,1.615399,-0.9541849,1.0,0.5993867,0.7301582,-0.1151484,-0.115416,0.9866205,0.0004271315,-0.003446243,-0.02698918,8.766666,522.0,-0.175,-0.15849999999999997
6.0,-0.06169556,-0.0641244,0.9999948,-0.1790096,-0.1777895,1.000031,-0.120352,-0.120956,1.000013,-0.01126158,-0.0448023,-0.9989325,0.0,0.05327141,0.9975502,-0.04534087,0.0,-0.9985167,0.05372515,0.008847356,0.0,-1.04733,-1.593845,-0.6698006,1.0,-0.01126162,0.0532714,-0.9985165,0.0,-0.04480229,0.9975501,0.05372514,0.0,-0.9989324,-0.04534086,0.00884731,0.0,-0.752288,1.615364,-0.9542203,1.0,0.622148,0.7368117,-0.1160549,-0.1129107,0.9868041,0.0004305504,-0.003445862,-0.026992,8.788889,523.0,-0.175,-0.15849999999999997
6.0,-0.06149425,-0.06391217,0.9998961,-0.1804839,-0.1744537,0.999896,-0.1209891,-0.119183,0.9998961,-0.01159561,-0.04444347,-0.9989448,0.0,0.05327653,0.9975653,-0.04500052,0.0,-0.9985126,0.0537421,0.009199619,0.0,-1.047622,-1.593495,-0.6699167,1.0,-0.01159564,0.05327651,-0.9985123,0.0,-0.04444345,0.9975653,0.0537421,0.0,-0.9989444,-0.04500052,0.009199578,0.0,-0.7521778,1.615282,-0.9542632,1.0,0.6182698,0.7286727,-0.1166942,-0.1112332,0.9869193,0.0004315265,-0.003444619,-0.02699539,8.8,524.0,-0.175,-0.15849999999999997
6.0,-0.0612935,-0.06100552,0.9999605,-0.1806857,-0.1742559,0.99996,-0.1209896,-0.1176306,0.9999602,-0.011917,-0.04411412,-0.9989555,0.0,0.05340533,0.9975724,-0.04469014,0.0,-0.998502,0.05388211,0.009532094,0.0,-1.048112,-1.59308,-0.6700683,1.0,-0.01191695,0.05340532,-0.9985017,0.0,-0.04411412,0.9975724,0.05388211,0.0,-0.9989553,-0.04469014,0.009532133,0.0,-0.7521359,1.615242,-0.9543154,1.0,0.6030139,0.7145977,-0.1167071,-0.1097526,0.9870836,0.0004326394,-0.003444039,-0.02700154,8.811111,525.0,-0.175,-0.15849999999999997
6.0,-0.06351551,-0.06095309,0.9999558,-0.1798277,-0.174202,0.9999818,-0.1216712,-0.117577,0.9999688,-0.01209736,-0.04356503,-0.9989774,0.0,0.05323341,0.9976056,-0.04414986,0.0,-0.9985089,0.05371306,0.009749293,0.0,-1.048083,-1.592834,-0.6705782,1.0,-0.01209737,0.05323339,-0.9985086,0.0,-0.04356503,0.9976056,0.05371306,0.0,-0.9989773,-0.04414985,0.009749276,0.0,-0.7519634,1.615207,-0.9544259,1.0,0.6147579,0.7330927,-0.1173579,-0.1096945,0.9870127,0.0004378138,-0.003441666,-0.02700368,8.833334,526.0,-0.175,-0.15849999999999997
6.0,-0.06327648,-0.05983961,0.9998674,-0.179151,-0.1742461,0.9998498,-0.121214,-0.1170434,0.9998586,-0.01229131,-0.04353178,-0.9989765,0.0,0.05350377,0.997592,-0.04412975,0.0,-0.9984921,0.05399141,0.009932518,0.0,-1.048663,-1.592451,-0.670312,1.0,-0.01229123,0.05350377,-0.9984919,0.0,-0.04353177,0.997592,0.05399141,0.0,-0.9989763,-0.04412975,0.0099326,0.0,-0.7518374,1.615144,-0.9544449,1.0,0.6130018,0.718403,-0.1169458,-0.1092054,0.9871159,0.0004409021,-0.003440949,-0.02700387,8.844444,527.0,-0.175,-0.15849999999999997
6.0,-0.06500635,-0.07175653,0.9999597,-0.1786747,-0.1685867,0.999975,-0.1218403,-0.1201711,0.9999675,-0.01222205,-0.04330403,-0.9989873,0.0,0.05389182,0.9975812,-0.04390241,0.0,-0.998472,0.05437381,0.009858727,0.0,-1.04928,-1.591783,-0.6707922,1.0,-0.01222202,0.05389182,-0.9984719,0.0,-0.04330402,0.9975813,0.05437381,0.0,-0.9989871,-0.04390242,0.009858754,0.0,-0.7518676,1.615031,-0.9545122,1.0,0.649996,0.7292705,-0.1174913,-0.1121673,0.9867189,0.000445527,-0.003426506,-0.02701802,8.866667,528.0,-0.175,-0.15849999999999997
6.0,-0.06904554,-0.06543311,0.9999802,-0.1790279,-0.1659323,1.000009,-0.1240363,-0.115682,0.9999948,-0.01231563,-0.04292722,-0.9990023,0.0,0.05438861,0.9975703,-0.04353619,0.0,-0.998444,0.05487053,0.009950995,0.0,-1.050197,-1.591035,-0.6712676,1.0,-0.01231567,0.05438862,-0.9984439,0.0,-0.04292722,0.9975703,0.05487052,0.0,-0.9990022,-0.04353619,0.009950955,0.0,-0.7518304,1.615064,-0.9545819,1.0,0.6356539,0.7192479,-0.119625,-0.1078858,0.98694,0.0004467173,-0.003414765,-0.02702578,8.877778,529.0,-0.175,-0.15849999999999997
6.0,-0.06952096,-0.06716485,0.9999946,-0.1785467,-0.1648586,1.000024,-0.1240335,-0.1160109,1.000009,-0.0122453,-0.04271594,-0.9990123,0.0,0.05459193,0.9975684,-0.04332336,0.0,-0.9984338,0.05506851,0.009883642,0.0,-1.050507,-1.590637,-0.671658,1.0,-0.01224536,0.05459192,-0.9984335,0.0,-0.04271594,0.9975685,0.05506851,0.0,-0.9990122,-0.04332336,0.009883575,0.0,-0.751804,1.61502,-0.9546286,1.0,0.6043411,0.7461045,-0.1196167,-0.1082106,0.9869055,0.0004483331,-0.003399002,-0.02703748,8.888889,530.0,-0.175,-0.15849999999999997
6.0,-0.07200494,-0.07800695,1.000008,-0.1774574,-0.1636399,1.000056,-0.1247306,-0.1208225,1.000032,-0.01200008,-0.04191999,-0.999049,0.0,0.05476258,0.9975938,-0.0425167,0.0,-0.9984275,0.0552207,0.009675622,0.0,-1.050711,-1.589871,-0.6729815,1.0,-0.01200014,0.05476257,-0.9984272,0.0,-0.04191997,0.9975938,0.0552207,0.0,-0.9990488,-0.04251671,0.009675561,0.0,-0.7515974,1.614973,-0.9547534,1.0,0.6283891,0.7418957,-0.120214,-0.1127689,0.9863223,0.0004507741,-0.003394341,-0.0270456,8.911111,531.0,-0.175,-0.15849999999999997
6.0,-0.07419463,-0.07791976,0.9998873,-0.1749507,-0.1650071,0.9999043,-0.1245724,-0.1214631,0.9998959,-0.01195979,-0.04177663,-0.9990554,0.0,0.05487601,0.9975937,-0.04237244,0.0,-0.9984216,0.05533094,0.009638429,0.0,-1.050893,-1.589595,-0.6731275,1.0,-0.01195974,0.054876,-0.9984214,0.0,-0.04177663,0.9975936,0.05533094,0.0,-0.9990553,-0.04237244,0.009638475,0.0,-0.7514681,1.614917,-0.9547927,1.0,0.6476852,0.7435621,-0.1200717,-0.1133924,0.9862682,0.0004514912,-0.003394341,-0.02704895,8.922222,532.0,-0.175,-0.15849999999999997
6.0,-0.07643476,-0.07790889,0.9999504,-0.173764,-0.1627256,0.9999266,-0.1250996,-0.1203178,0.9999386,-0.01168537,-0.04220681,-0.9990407,0.0,0.05412108,0.9976175,-0.04277971,0.0,-0.9984661,0.05456905,0.009373307,0.0,-1.049559,-1.590626,-0.6728576,1.0,-0.01168542,0.05412108,-0.998466,0.0,-0.04220679,0.9976175,0.05456905,0.0,-0.9990404,-0.04277972,0.009373253,0.0,-0.7516118,1.614855,-0.9548427,1.0,0.6411633,0.7368134,-0.1205809,-0.1122947,0.9863317,0.0004519569,-0.003393807,-0.0270533,8.944445,533.0,-0.175,-0.15849999999999997
6.0,-0.07676861,-0.08132972,0.9999869,-0.1731047,-0.1627221,0.999985,-0.1249368,-0.1220258,0.999986,-0.01149225,-0.04244978,-0.9990326,0.0,0.05390518,0.9976193,-0.04300982,0.0,-0.99848,0.0543473,0.009176612,0.0,-1.04915,-1.591164,-0.6726599,1.0,-0.01149223,0.05390517,-0.9984798,0.0,-0.04244978,0.9976195,0.0543473,0.0,-0.9990324,-0.04300983,0.009176629,0.0,-0.7516106,1.614999,-0.9549066,1.0,0.6885987,0.7441217,-0.120399,-0.1139116,0.9861684,0.0004520332,-0.003393494,-0.02705344,8.955556,534.0,-0.175,-0.15849999999999997
6.0,-0.07673468,-0.08153384,0.9999563,-0.1722613,-0.1624854,0.9999474,-0.124498,-0.1220098,0.9999518,-0.01141715,-0.04262663,-0.9990258,0.0,0.05335852,0.9976415,-0.04317735,0.0,-0.9985101,0.0537995,0.009115696,0.0,-1.048267,-1.59186,-0.6724085,1.0,-0.01141712,0.05335852,-0.9985102,0.0,-0.04262662,0.9976414,0.0537995,0.0,-0.9990259,-0.04317736,0.009115729,0.0,-0.7515773,1.615007,-0.9549344,1.0,0.7048835,0.7649074,-0.1199883,-0.113905,0.9862192,0.0004525976,-0.003394264,-0.0270533,8.966667,535.0,-0.175,-0.15849999999999997
6.0,-0.07690547,-0.07795051,1.000024,-0.170885,-0.1667905,1.000067,-0.1238949,-0.1223697,1.000045,-0.01139522,-0.04196629,-0.999054,0.0,0.05360995,0.9976563,-0.04251905,0.0,-0.9984969,0.05404375,0.009118676,0.0,-1.048704,-1.591232,-0.6732729,1.0,-0.01139519,0.05360996,-0.9984969,0.0,-0.04196629,0.9976564,0.05404375,0.0,-0.9990541,-0.04251906,0.009118699,0.0,-0.7513643,1.615097,-0.9549918,1.0,0.6625935,0.774789,-0.1194017,-0.1142408,0.9862517,0.0004518116,-0.003397507,-0.0270533,8.988889,536.0,-0.175,-0.15849999999999997
2.0,-0.04387672,-0.293984,1.00004,-0.09075554,-0.2827156,1.000035,-0.06731601,-0.2883497,1.000037,-0.02694249,-0.04062427,-0.9988112,0.0,0.06204856,0.9971793,-0.04223163,0.0,-0.9977095,0.06311262,0.02434587,0.0,-1.066889,-1.580342,-0.6497986,1.0,-0.02694255,0.06204855,-0.9977094,0.0,-0.04062426,0.9971792,0.06311262,0.0,-0.9988112,-0.04223162,0.02434582,0.0,-0.741971,1.614641,-0.9488856,1.0,0.9045112,0.8677173,-0.06296221,-0.2665953,0.9617498,-6.619189e-05,-0.003600006,-0.02720561,12.32222,747.0,-0.0875,-0.246
2.0,-0.04379132,-0.2938088,1.000062,-0.09074233,-0.2783341,1.000071,-0.06726676,-0.2860714,1.000067,-0.02666163,-0.04036565,-0.9988293,0.0,0.06181842,0.9972054,-0.04195013,0.0,-0.9977314,0.0628645,0.02409184,0.0,-1.066387,-1.58043,-0.65048,1.0,-0.02666168,0.06181841,-0.9977311,0.0,-0.04036563,0.9972054,0.0628645,0.0,-0.9988291,-0.04195013,0.02409178,0.0,-0.7419451,1.614648,-0.9489434,1.0,0.8909675,0.8628948,-0.06295057,-0.2646055,0.9622999,-6.598607e-05,-0.003600746,-0.02720587,12.33333,748.0,-0.0875,-0.246
2.0,-0.04337357,-0.2941797,1.000075,-0.0908245,-0.2783212,1.000067,-0.06709892,-0.2862505,1.000071,-0.02656627,-0.04002864,-0.9988453,0.0,0.06149719,0.9972399,-0.04159994,0.0,-0.9977536,0.06253132,0.02403128,0.0,-1.065774,-1.580507,-0.6511434,1.0,-0.02656625,0.06149718,-0.9977537,0.0,-0.04002864,0.9972399,0.06253133,0.0,-0.9988452,-0.04159994,0.02403129,0.0,-0.7419707,1.614599,-0.9489006,1.0,0.9179329,0.8769737,-0.06279078,-0.2647624,0.9622672,-6.620027e-05,-0.003601006,-0.02720631,12.35556,749.0,-0.0875,-0.246
2.0,-0.04369288,-0.2940316,0.9999709,-0.09085328,-0.2773526,0.9999645,-0.06727301,-0.285692,0.9999677,-0.02674389,-0.04014958,-0.9988357,0.0,0.0614835,0.9972353,-0.04173148,0.0,-0.9977497,0.06252798,0.02420139,0.0,-1.065868,-1.580606,-0.6507766,1.0,-0.02674387,0.0614835,-0.9977497,0.0,-0.04014958,0.9972353,0.06252797,0.0,-0.9988356,-0.04173147,0.02420141,0.0,-0.741985,1.614612,-0.9488881,1.0,0.9119736,0.8649353,-0.06296705,-0.2642976,0.9623834,-6.666593e-05,-0.003601517,-0.02720658,12.36667,750.0,-0.0875,-0.246
2.0,-0.04354338,-0.2941193,0.9999201,-0.08932844,-0.2779797,0.9999197,-0.06643596,-0.2860494,0.9999198,-0.02702713,-0.04073616,-0.9988045,0.0,0.06120275,0.9972274,-0.04232796,0.0,-0.9977595,0.06227357,0.02445912,0.0,-1.065554,-1.581276,-0.6496297,1.0,-0.02702722,0.06120274,-0.9977592,0.0,-0.04073615,0.9972275,0.06227357,0.0,-0.9988042,-0.04232796,0.02445902,0.0,-0.7420669,1.614609,-0.9488055,1.0,0.9064737,0.8805028,-0.06218306,-0.2646335,0.9623422,-6.689411e-05,-0.003601105,-0.02720673,12.38889,751.0,-0.0875,-0.246
2.0,-0.04455604,-0.2947159,0.9999026,-0.09018135,-0.2773078,0.9998878,-0.06736843,-0.286012,0.9998953,-0.02747142,-0.04107648,-0.9987783,0.0,0.06099337,0.9972248,-0.04269022,0.0,-0.9977601,0.06209162,0.02488983,0.0,-1.065502,-1.581721,-0.648638,1.0,-0.02747145,0.06099337,-0.9977599,0.0,-0.04107648,0.9972249,0.06209161,0.0,-0.9987782,-0.04269022,0.02488979,0.0,-0.742088,1.614629,-0.9487587,1.0,0.8795989,0.8758455,-0.06305489,-0.2645932,0.9622965,-6.709248e-05,-0.003599808,-0.02720673,12.4,752.0,-0.0875,-0.246
2.0,-0.04440238,-0.2987016,1.00012,-0.09042373,-0.2764077,1.000088,-0.06741297,-0.2875544,1.000104,-0.02803504,-0.04075605,-0.9987759,0.0,0.0612913,0.9972184,-0.0424129,0.0,-0.9977263,0.06240531,0.02545905,0.0,-1.06634,-1.581241,-0.6485955,1.0,-0.02803502,0.06129129,-0.997726,0.0,-0.04075604,0.9972184,0.06240531,0.0,-0.9987756,-0.0424129,0.02545906,0.0,-0.7421412,1.614691,-0.948725,1.0,0.868118,0.8678914,-0.0630601,-0.2658866,0.9619396,-6.745104e-05,-0.003598832,-0.02720594,12.41111,753.0,-0.0875,-0.246
2.0,-0.04432134,-0.3044288,1.000159,-0.08995168,-0.2773147,1.000131,-0.06713627,-0.2908718,1.000145,-0.028409,-0.03993606,-0.9987983,0.0,0.06176893,0.9972219,-0.04162993,0.0,-0.9976861,0.06287737,0.02586329,0.0,-1.067397,-1.580054,-0.6495022,1.0,-0.02840902,0.06176893,-0.997686,0.0,-0.03993606,0.9972219,0.06287738,0.0,-0.9987984,-0.04162993,0.02586327,0.0,-0.7421466,1.614558,-0.9487791,1.0,0.9453564,0.8895146,-0.06274673,-0.2687639,0.9611601,-6.840471e-05,-0.003599053,-0.02720671,12.43333,754.0,-0.0875,-0.246
2.0,-0.03962461,-0.3074619,1.000196,-0.09075382,-0.2785092,1.000177,-0.06518912,-0.2929854,1.000186,-0.02847064,-0.03941464,-0.9988173,0.0,0.06179891,0.9972414,-0.04111398,0.0,-0.9976825,0.06289636,0.02595627,0.0,-1.067439,-1.579621,-0.6502986,1.0,-0.02847059,0.06179891,-0.9976825,0.0,-0.03941463,0.9972414,0.06289635,0.0,-0.9988172,-0.04111399,0.02595632,0.0,-0.7421803,1.614494,-0.9487333,1.0,0.9019024,0.8632485,-0.06089706,-0.2706144,0.9607599,-6.846618e-05,-0.003602562,-0.02720733,12.44444,755.0,-0.0875,-0.246
2.0,-0.03947873,-0.3072507,1.000029,-0.0900258,-0.2816985,1.000038,-0.06475215,-0.2944747,1.000033,-0.02835357,-0.03895251,-0.9988387,0.0,0.06217251,0.9972371,-0.04065491,0.0,-0.9976625,0.06325302,0.0258534,0.0,-1.067762,-1.578843,-0.6511447,1.0,-0.02835351,0.06217251,-0.9976627,0.0,-0.03895251,0.997237,0.06325302,0.0,-0.9988387,-0.04065491,0.02585346,0.0,-0.7421633,1.614394,-0.948565,1.0,0.8979067,0.8700957,-0.0604755,-0.2719484,0.9604096,-6.846618e-05,-0.003602768,-0.02720627,12.46667,756.0,-0.0875,-0.246
2.0,-0.03913582,-0.3043032,1.000163,-0.09065059,-0.2826685,1.00018,-0.06489334,-0.2934857,1.000172,-0.02804697,-0.03899689,-0.9988456,0.0,0.06223373,0.9972321,-0.04068138,0.0,-0.9976675,0.06330287,0.02554238,0.0,-1.067599,-1.578785,-0.6515671,1.0,-0.02804693,0.06223373,-0.9976674,0.0,-0.03899689,0.9972323,0.06330287,0.0,-0.9988456,-0.04068139,0.02554241,0.0,-0.7423255,1.614349,-0.9485243,1.0,0.8911008,0.8682967,-0.06061449,-0.2710581,0.9606526,-6.840471e-05,-0.003600701,-0.02720625,12.47778,757.0,-0.0875,-0.246
2.0,-0.03775213,-0.304439,0.9999379,-0.09607618,-0.2839312,0.9999598,-0.06691416,-0.2941852,0.9999487,-0.02777267,-0.03928262,-0.9988422,0.0,0.06226467,0.9972193,-0.04095005,0.0,-0.9976733,0.06332986,0.0252496,0.0,-1.067393,-1.578953,-0.651423,1.0,-0.02777274,0.06226465,-0.9976731,0.0,-0.0392826,0.9972191,0.06332985,0.0,-0.9988419,-0.04095005,0.02524951,0.0,-0.7423384,1.614347,-0.9484665,1.0,0.8943871,0.8643606,-0.06250181,-0.2716887,0.9603534,-6.490294e-05,-0.003598602,-0.02720443,12.48889,758.0,-0.0875,-0.246
