flag,xl,yl,zl,xr,yr,zr,xc,yc,zc,mat_00,mat_10,mat_20,mat_30,mat_01,mat_11,mat_21,mat_31,mat_02,mat_12,mat_22,mat_32,mat_03,mat_13,mat_23,mat_33,ctw_00,ctw_10,ctw_20,ctw_30,ctw_01,ctw_11,ctw_21,ctw_31,ctw_02,ctw_12,ctw_22,ctw_32,ctw_03,ctw_13,ctw_23,ctw_33,opennessl,opennessr,ray_x,ray_y,ray_z,eye_x,eye_y,eye_z,time,frame
25,0.2277448,0.1883338,0.9999044,0.09176445,0.1481792,0.9999032,0.1597548,0.1682567,0.9999038,0.03282005,-0.07292549,-0.9967972,0,-0.03684741,0.9965682,-0.07412196,0,-0.9987818,-0.03916208,-0.0300203,0,-0.9403716,-1.771882,-0.8483573,1,0.03282004,-0.03684741,-0.9987819,0,-0.07292549,0.9965682,-0.03916209,0,-0.9967972,-0.07412195,-0.0300203,0,-0.9439925,1.66827,-1.034085,1,1.0,1.0,0.1536677,0.1582181,0.9753734,-0.0010783,0.002661156,-0.02095068,62.43333,3806
25,0.2277947,0.1882064,0.9999324,0.09078247,0.1478911,0.9999427,0.1592889,0.168049,0.9999375,0.03284889,-0.07262299,-0.9968184,0,-0.03643961,0.9966065,-0.07380838,0,-0.9987959,-0.0387482,-0.03009111,0,-0.9409531,-1.771162,-0.8488955,1,0.03284893,-0.03643961,-0.9987957,0,-0.07262298,0.9966065,-0.03874819,0,-0.9968183,-0.07380837,-0.03009106,0,-0.9439124,1.668208,-1.033993,1,1.0,1.0,0.1532341,0.1580316,0.9754718,-0.001078316,0.002660584,-0.02094386,62.45556,3807
25,0.2284598,0.1881734,1.00001,0.09075585,0.1490499,0.9999844,0.1596074,0.1686114,0.9999971,0.03271019,-0.07275687,-0.9968132,0,-0.03655756,0.9965924,-0.07394038,0,-0.9987961,-0.03885966,-0.02993894,0,-0.9408319,-1.771399,-0.8484634,1,0.03271021,-0.03655756,-0.998796,0,-0.07275686,0.9965923,-0.03885966,0,-0.9968131,-0.07394038,-0.02993891,0,-0.9438661,1.668232,-1.033937,1,1.0,1.0,0.1535116,0.1585459,0.9753448,-0.001078308,0.002656403,-0.02092857,62.46667,3808
25,0.2290323,0.187652,0.999959,0.09056477,0.1504464,0.9999547,0.1597987,0.1690491,0.9999568,0.03247142,-0.07307656,-0.9967976,0,-0.036948,0.996554,-0.07426232,0,-0.9987895,-0.03924108,-0.02965951,0,-0.9404249,-1.772118,-0.8474092,1,0.03247144,-0.036948,-0.9987895,0,-0.07307657,0.9965541,-0.03924108,0,-0.9967975,-0.07426231,-0.02965949,0,-0.9436588,1.668334,-1.03396,1,1.0,1.0,0.1536872,0.158956,0.9752503,-0.001078789,0.002656349,-0.02092003,62.48889,3809
25,0.2292187,0.1874389,0.9997449,0.09052508,0.1507298,0.9997378,0.1598718,0.1690843,0.9997413,0.03242248,-0.073008,-0.9968042,0,-0.03719211,0.9965497,-0.07419909,0,-0.998782,-0.03947897,-0.02959526,0,-0.940044,-1.772276,-0.8471954,1,0.03242245,-0.03719211,-0.9987821,0,-0.073008,0.9965497,-0.03947897,0,-0.9968042,-0.0741991,-0.0295953,0,-0.9433997,1.668338,-1.03394,1,1.0,1.0,0.1537868,0.159022,0.9752239,-0.00107891,0.002654427,-0.02091127,62.5,3810
25,0.2288948,0.1875668,0.999791,0.0903371,0.1514908,0.9998161,0.1596165,0.1695289,0.9998035,0.03258228,-0.07270387,-0.9968212,0,-0.03678637,0.9965878,-0.07388925,0,-0.9987919,-0.03907691,-0.0297966,0,-0.9405361,-1.77157,-0.8477294,1,0.03258229,-0.03678636,-0.9987919,0,-0.07270386,0.9965877,-0.03907691,0,-0.9968213,-0.07388924,-0.02979659,0,-0.9431899,1.668288,-1.033887,1,1.0,1.0,0.1535311,0.1594374,0.9751963,-0.001079361,0.002651162,-0.02090174,62.52222,3811
25,0.2259306,0.1872002,1.000167,0.08959797,0.152104,1.000154,0.1577639,0.1696519,1.000161,0.03241462,-0.07250881,-0.9968409,0,-0.03654651,0.996612,-0.07368056,0,-0.9988061,-0.03881939,-0.02965486,0,-0.9410036,-1.771039,-0.8481212,1,0.03241462,-0.03654651,-0.9988061,0,-0.07250881,0.996612,-0.03881938,0,-0.9968408,-0.07368056,-0.02965485,0,-0.9433555,1.668158,-1.033782,1,1.0,1.0,0.1517498,0.1595447,0.9754575,-0.001079414,0.002649002,-0.02089564,62.53334,3812
25,0.2258984,0.1871699,1.0,0.08957948,0.1520812,1.0,0.1577391,0.1696256,1.0,0.03241462,-0.07250881,-0.9968409,0,-0.03654651,0.996612,-0.07368056,0,-0.9988061,-0.03881939,-0.02965486,0,-0.9410036,-1.771039,-0.8481212,1,0.03241462,-0.03654651,-0.9988061,0,-0.07250881,0.996612,-0.03881938,0,-0.9968408,-0.07368056,-0.02965485,0,-0.9433555,1.668158,-1.033782,1,1.0,1.0,0.1517498,0.1595447,0.9754575,-0.001079414,0.002649002,-0.02089564,62.54445,3813
25,0.2245943,0.1887931,0.9999743,0.08886669,0.1515833,0.9999409,0.1567298,0.1701877,0.9999576,0.03202432,-0.0713746,-0.9969354,0,-0.03621745,0.996709,-0.07252179,0,-0.9988307,-0.03842891,-0.02933395,0,-0.9419402,-1.769578,-0.8497666,1,0.03202435,-0.03621744,-0.9988307,0,-0.07137459,0.996709,-0.03842892,0,-0.9969354,-0.0725218,-0.02933393,0,-0.9433002,1.668013,-1.033769,1,1.0,1.0,0.1508043,0.1601047,0.9755125,-0.001080224,0.002645035,-0.0208741,62.56667,3814
25,0.2248358,0.1872771,0.999823,0.08823562,0.1522721,0.9998131,0.1565354,0.1697745,0.9998181,0.0318675,-0.07099332,-0.9969677,0,-0.03638994,0.9967305,-0.07213962,0,-0.9988295,-0.03857851,-0.02917987,0,-0.9417251,-1.769354,-0.8501308,1,0.0318675,-0.03638994,-0.9988294,0,-0.0709933,0.9967304,-0.0385785,0,-0.9969675,-0.07213961,-0.02917987,0,-0.9431547,1.667972,-1.033688,1,1.0,1.0,0.1506522,0.1597514,0.9755939,-0.001079658,0.002639702,-0.02086588,62.57778,3815
25,0.2255383,0.1883833,0.9999883,0.08824027,0.153309,0.9999959,0.1568896,0.1708463,0.9999921,0.03174436,-0.0709617,-0.9969738,0,-0.0360503,0.9967462,-0.07209337,0,-0.9988456,-0.03822976,-0.02908289,0,-0.9423764,-1.768933,-0.8500624,1,0.03174438,-0.0360503,-0.9988457,0,-0.0709617,0.9967462,-0.03822976,0,-0.9969738,-0.07209336,-0.02908288,0,-0.9431013,1.667921,-1.033637,1,1.0,1.0,0.1509343,0.1607243,0.9753905,-0.00107888,0.002631516,-0.02085587,62.6,3816
25,0.2250514,0.1889425,1.000052,0.0877085,0.1529009,1.000052,0.15638,0.1709216,1.000052,0.0318048,-0.07123768,-0.9969522,0,-0.03587043,0.9967329,-0.07236635,0,-0.9988502,-0.03806269,-0.02914554,0,-0.9426138,-1.76901,-0.8496684,1,0.03180477,-0.03587042,-0.9988502,0,-0.07123768,0.9967329,-0.0380627,0,-0.9969522,-0.07236635,-0.02914556,0,-0.9431193,1.667931,-1.033627,1,1.0,1.0,0.1504485,0.1607983,0.9754533,-0.001078613,0.002631516,-0.02085083,62.61111,3817
25,0.2260114,0.1886279,0.9999716,0.08842567,0.1530639,0.9999771,0.1572187,0.1708459,0.9999743,0.03187484,-0.07148794,-0.9969321,0,-0.03541546,0.9967317,-0.07260591,0,-0.9988642,-0.03762111,-0.02923888,0,-0.9432952,-1.768807,-0.8492962,1,0.03187484,-0.03541547,-0.9988643,0,-0.07148794,0.9967318,-0.03762111,0,-0.996932,-0.07260591,-0.02923888,0,-0.9430714,1.667955,-1.033601,1,1.0,1.0,0.1512444,0.1607208,0.975343,-0.001077538,0.002631516,-0.02084332,62.62222,3818
25,0.2245912,0.1882098,0.9998664,0.08847554,0.1535736,0.9999171,0.1565345,0.170892,0.9998918,0.03239095,-0.07136277,-0.9969245,0,-0.03535888,0.9967415,-0.07249853,0,-0.9988497,-0.03759843,-0.02976209,0,-0.9428355,-1.768715,-0.8498806,1,0.03239093,-0.03535888,-0.9988495,0,-0.07136276,0.9967415,-0.03759843,0,-0.9969242,-0.07249851,-0.02976209,0,-0.9429477,1.667999,-1.033546,1,1.0,1.0,0.1506161,0.160793,0.9754283,-0.001076804,0.002631516,-0.02083695,62.64445,3819
25,0.2246334,0.1904223,1.000066,0.08851222,0.1545713,1.000095,0.1565735,0.1724971,1.00008,0.03258097,-0.07124552,-0.9969265,0,-0.03545194,0.9967461,-0.07239124,0,-0.9988401,-0.03770156,-0.02994919,0,-0.9423878,-1.768689,-0.8503832,1,0.032581,-0.03545194,-0.9988403,0,-0.07124552,0.9967461,-0.03770156,0,-0.9969265,-0.07239124,-0.02994917,0,-0.9430767,1.667964,-1.033445,1,1.0,1.0,0.1505902,0.1622587,0.9751896,-0.001076706,0.002631111,-0.02082761,62.65556,3820
25,0.2254443,0.1877059,0.9997852,0.09090952,0.1537678,0.9998223,0.1581775,0.1707371,0.9998038,0.03335434,-0.07073136,-0.9969377,0,-0.03539931,0.9967831,-0.07190475,0,-0.9988165,-0.03768925,-0.03074318,0,-0.9417216,-1.768369,-0.8518898,1,0.03335431,-0.03539931,-0.9988164,0,-0.07073135,0.9967831,-0.03768924,0,-0.9969375,-0.07190473,-0.0307432,0,-0.9429494,1.668089,-1.033445,1,1.0,1.0,0.15216,0.1606247,0.9752164,-0.001067413,0.00263356,-0.02082052,62.67778,3821
25,0.2259138,0.1909406,0.999844,0.09097987,0.1537298,0.9998884,0.1584476,0.1723355,0.9998661,0.03369737,-0.07083635,-0.9969187,0,-0.03520226,0.996782,-0.07201654,0,-0.998812,-0.03752056,-0.03109533,0,-0.9416276,-1.768156,-0.8519545,1,0.03369736,-0.03520226,-0.998812,0,-0.07083635,0.9967821,-0.03752056,0,-0.9969186,-0.07201653,-0.03109533,0,-0.9428486,1.667964,-1.033343,1,1.0,1.0,0.1523664,0.1620968,0.9749405,-0.001067069,0.002633987,-0.02081417,62.68889,3822
25,0.22594,0.1909849,0.9996346,0.09212875,0.1534823,0.9997147,0.1590357,0.1722344,0.9996747,0.03411919,-0.07023075,-0.9969472,0,-0.03509907,0.9968283,-0.07142361,0,-0.9988014,-0.03742884,-0.03154594,0,-0.9414337,-1.767645,-0.8532834,1,0.03411918,-0.03509908,-0.9988011,0,-0.07023074,0.9968284,-0.03742883,0,-0.996947,-0.07142361,-0.03154593,0,-0.9427004,1.66805,-1.033384,1,1.0,1.0,0.1529456,0.1620182,0.9748629,-0.001067069,0.002633987,-0.02080873,62.71111,3823
25,0.2268204,0.1911369,0.9997694,0.09246234,0.1526577,0.9998331,0.1596424,0.1718977,0.9998013,0.03450459,-0.06991147,-0.9969563,0,-0.03524,0.9968448,-0.0711233,0,-0.9987831,-0.03758682,-0.031932,0,-0.9408583,-1.767526,-0.8539627,1,0.03450454,-0.03524,-0.9987831,0,-0.06991147,0.9968448,-0.03758682,0,-0.9969562,-0.07112329,-0.03193204,0,-0.9424699,1.668057,-1.033418,1,1.0,1.0,0.1535033,0.1616746,0.9748324,-0.001067207,0.002633507,-0.02079583,62.73333,3824
25,0.226329,0.1921138,1.000017,0.09030882,0.1537283,1.000063,0.1583198,0.1729217,1.00004,0.03497785,-0.07020179,-0.9969193,0,-0.03515782,0.9968259,-0.07142875,0,-0.9987695,-0.03754794,-0.0323987,0,-0.9405434,-1.767748,-0.8539484,1,0.03497786,-0.03515782,-0.9987695,0,-0.0702018,0.9968259,-0.03754793,0,-0.9969194,-0.07142875,-0.03239869,0,-0.9425186,1.668073,-1.033428,1,1.0,1.0,0.1522195,0.1626269,0.9748752,-0.001074554,0.002628899,-0.02078752,62.75556,3825
25,0.2288331,0.1922445,1.000087,0.09036359,0.1538386,1.000049,0.1595976,0.1730412,1.000068,0.03479779,-0.07053243,-0.9969023,0,-0.03516736,0.9968023,-0.0717529,0,-0.9987754,-0.03755526,-0.03220612,0,-0.9406977,-1.768048,-0.8531744,1,0.03479783,-0.03516736,-0.9987754,0,-0.07053243,0.9968023,-0.03755527,0,-0.9969024,-0.07175291,-0.03220608,0,-0.9425021,1.668095,-1.033423,1,1.0,1.0,0.1534103,0.1627045,0.9746757,-0.001080101,0.002628899,-0.02078061,62.76667,3826
25,0.2272328,0.1915747,0.9999919,0.09029311,0.1540363,0.9999928,0.1587629,0.1728055,0.9999924,0.03506476,-0.07065645,-0.9968842,0,-0.03545146,0.9967819,-0.07189618,0,-0.9987561,-0.03786202,-0.03244704,0,-0.9400385,-1.768586,-0.8530717,1,0.03506476,-0.03545146,-0.9987561,0,-0.07065645,0.9967819,-0.03786203,0,-0.9968843,-0.07189618,-0.03244704,0,-0.9424136,1.668237,-1.033511,1,1.0,1.0,0.1526532,0.1625187,0.9748255,-0.001084436,0.002627586,-0.02077449,62.78889,3827
25,0.2264628,0.1904126,0.9998794,0.0900718,0.1546242,0.9998679,0.1582674,0.1725182,0.9998737,0.03507704,-0.07094296,-0.9968635,0,-0.03571273,0.9967512,-0.07219162,0,-0.9987465,-0.03813299,-0.03242952,0,-0.9396143,-1.769085,-0.8523626,1,0.03507703,-0.03571273,-0.9987462,0,-0.07094296,0.9967512,-0.03813297,0,-0.9968632,-0.07219161,-0.0324295,0,-0.9422343,1.668248,-1.033538,1,1.0,1.0,0.1522206,0.162283,0.9749324,-0.001089676,0.002627403,-0.02076435,62.8,3828
25,0.2269211,0.1899215,0.9998196,0.08996063,0.1536202,0.999826,0.158441,0.171771,0.9998227,0.03517216,-0.07109003,-0.9968495,0,-0.03582763,0.9967359,-0.07234603,0,-0.9987388,-0.03825932,-0.0325104,0,-0.9393851,-1.769331,-0.8519857,1,0.0351722,-0.03582763,-0.9987389,0,-0.07109004,0.9967359,-0.03825933,0,-0.9968497,-0.07234604,-0.03251038,0,-0.9420434,1.668262,-1.033592,1,1.0,1.0,0.1524121,0.1615946,0.9750168,-0.00109208,0.002626236,-0.02074882,62.82222,3829
25,0.2261798,0.1895718,0.9999747,0.08979191,0.1532494,0.9999797,0.1579861,0.1714107,0.9999772,0.03524756,-0.07123255,-0.9968368,0,-0.03582515,0.9967254,-0.07249135,0,-0.9987363,-0.03826697,-0.03258026,0,-0.9393005,-1.769432,-0.851768,1,0.03524759,-0.03582515,-0.9987363,0,-0.07123254,0.9967254,-0.03826697,0,-0.9968367,-0.07249135,-0.03258023,0,-0.9420067,1.668241,-1.033575,1,1.0,1.0,0.1519781,0.161248,0.9751419,-0.001095192,0.002626038,-0.02074151,62.83334,3830
25,0.2261709,0.1894819,1.00003,0.08974193,0.1530723,0.9999961,0.1579557,0.1712769,1.000013,0.03503126,-0.07131878,-0.9968383,0,-0.03597678,0.9967139,-0.07257419,0,-0.9987385,-0.0384054,-0.0323503,0,-0.9392658,-1.769629,-0.8513552,1,0.03503124,-0.03597678,-0.9987385,0,-0.07131877,0.9967139,-0.0384054,0,-0.9968382,-0.07257419,-0.03235032,0,-0.9419674,1.668235,-1.033586,1,1.0,1.0,0.1519485,0.1611192,0.9751678,-0.001095452,0.002626022,-0.02073811,62.84444,3831
25,0.2261649,0.1894761,1.0,0.08974227,0.1530726,1.0,0.1579537,0.1712743,1.0,0.03503126,-0.07131878,-0.9968383,0,-0.03597678,0.9967139,-0.07257419,0,-0.9987385,-0.0384054,-0.0323503,0,-0.9392658,-1.769629,-0.8513552,1,0.03503124,-0.03597678,-0.9987385,0,-0.07131877,0.9967139,-0.0384054,0,-0.9968382,-0.07257419,-0.03235032,0,-0.9419674,1.668235,-1.033586,1,1.0,1.0,0.1519485,0.1611192,0.9751678,-0.001095452,0.002626022,-0.02073811,62.85556,3832
25,0.2264094,0.1893157,1.000008,0.09023279,0.1547057,0.9999996,0.1583209,0.1720106,1.000004,0.03501898,-0.07126327,-0.9968427,0,-0.0364472,0.9966998,-0.07253345,0,-0.998722,-0.03887217,-0.03230602,0,-0.9385784,-1.769941,-0.8513721,1,0.03501892,-0.0364472,-0.9987217,0,-0.07126328,0.9966998,-0.03887216,0,-0.9968425,-0.07253344,-0.03230606,0,-0.9419477,1.668138,-1.033684,1,1.0,1.0,0.1522765,0.1618024,0.9750035,-0.001097496,0.002619896,-0.02072818,62.87778,3833
25,0.2264636,0.1904732,1.000185,0.09009876,0.1552408,1.000174,0.158281,0.1728569,1.000179,0.03493059,-0.07119529,-0.9968507,0,-0.03659312,0.9966993,-0.07246675,0,-0.9987196,-0.03900919,-0.03221005,0,-0.9383784,-1.769951,-0.8515658,1,0.0349306,-0.03659313,-0.9987196,0,-0.07119528,0.9966993,-0.03900918,0,-0.9968506,-0.07246674,-0.03221003,0,-0.9421179,1.668061,-1.03365,1,1.0,1.0,0.1521957,0.1625694,0.9748885,-0.001097984,0.002614403,-0.02072269,62.88889,3834
25,0.2258591,0.1900501,1.000172,0.08920071,0.1559863,1.00016,0.1575296,0.1730181,1.000166,0.03476495,-0.07129764,-0.9968491,0,-0.0368987,0.9966804,-0.0725724,0,-0.9987141,-0.03930541,-0.03201872,0,-0.9380637,-1.770388,-0.8512933,1,0.03476493,-0.03689871,-0.9987142,0,-0.07129764,0.9966804,-0.03930542,0,-0.9968491,-0.07257241,-0.03201875,0,-0.9422238,1.668117,-1.033701,1,1.0,1.0,0.1514392,0.1628005,0.9749677,-0.001033501,0.002559402,-0.02066516,62.91111,3835
25,0.222272,0.1840142,0.9999712,0.08846924,0.1540797,0.9999806,0.1553707,0.169047,0.9999759,0.03482777,-0.07117221,-0.9968559,0,-0.03715939,0.996679,-0.07245784,0,-0.9987023,-0.0395661,-0.03206742,0,-0.9375845,-1.770553,-0.8515437,1,0.03482779,-0.03715938,-0.9987022,0,-0.07117219,0.9966789,-0.0395661,0,-0.9968558,-0.07245784,-0.03206738,0,-0.9422264,1.668132,-1.033728,1,1.0,1.0,0.1495181,0.1591922,0.9758597,-0.001010743,0.002547684,-0.02067871,62.92222,3836
25,0.2213393,0.1814267,0.999976,0.0879558,0.152307,0.9999716,0.1546476,0.1668669,0.9999738,0.03478575,-0.07108012,-0.9968639,0,-0.03730311,0.9966801,-0.07236872,0,-0.9986984,-0.03970353,-0.03201878,0,-0.9374454,-1.770618,-0.8516299,1,0.03478577,-0.03730311,-0.9986984,0,-0.07108012,0.9966801,-0.03970352,0,-0.9968638,-0.07236871,-0.03201875,0,-0.942205,1.668139,-1.033793,1,1.0,1.0,0.1488925,0.1571787,0.9762816,-0.001011368,0.002544831,-0.02067498,62.93333,3837
25,0.220624,0.1839367,1.000083,0.08628213,0.1561724,1.000081,0.1534528,0.1700546,1.000082,0.03487194,-0.07101092,-0.9968657,0,-0.03755132,0.996675,-0.07231092,0,-0.9986861,-0.03995525,-0.03208941,0,-0.9369636,-1.770742,-0.8518795,1,0.03487192,-0.03755132,-0.998686,0,-0.07101092,0.996675,-0.03995524,0,-0.9968659,-0.07231093,-0.03208943,0,-0.942278,1.66807,-1.033819,1,1.0,1.0,0.1476899,0.1601674,0.9759786,-0.001011902,0.002539688,-0.02066726,62.95556,3838
25,0.221383,0.1837892,0.9999604,0.08609168,0.1561051,0.9999785,0.1537376,0.1699474,0.9999695,0.0350107,-0.07094952,-0.9968653,0,-0.03777523,0.9966701,-0.07226232,0,-0.9986728,-0.04018676,-0.03221399,0,-0.936452,-1.770914,-0.8520864,1,0.03501071,-0.03777523,-0.9986728,0,-0.07094951,0.99667,-0.04018677,0,-0.9968653,-0.07226231,-0.03221398,0,-0.942275,1.668069,-1.033826,1,1.0,1.0,0.1479721,0.160078,0.9759504,-0.001009407,0.002539787,-0.02066644,62.96667,3839
25,0.220931,0.1840919,0.9999806,0.08620313,0.1557752,1.000013,0.1535676,0.1699337,0.999997,0.03523654,-0.07084375,-0.9968649,0,-0.03783134,0.9966748,-0.07216749,0,-0.9986627,-0.04025567,-0.03243929,0,-0.9361758,-1.770961,-0.8525257,1,0.03523657,-0.03783134,-0.9986627,0,-0.07084375,0.9966747,-0.04025567,0,-0.9968649,-0.07216748,-0.03243925,0,-0.9423267,1.66813,-1.03387,1,1.0,1.0,0.1478092,0.1600645,0.9759774,-0.001008987,0.002540245,-0.02066673,62.97778,3840
25,0.2211877,0.1836886,0.9999014,0.0864035,0.1547654,0.9999522,0.1537964,0.1692273,0.9999268,0.03562886,-0.07063966,-0.9968654,0,-0.03786637,0.996687,-0.07198039,0,-0.9986475,-0.04031225,-0.03283596,0,-0.9357661,-1.770789,-0.8531067,1,0.03562887,-0.03786637,-0.9986474,0,-0.07063966,0.996687,-0.04031225,0,-0.9968655,-0.0719804,-0.03283595,0,-0.9421802,1.668081,-1.033897,1,1.0,1.0,0.1480482,0.1594112,0.9760481,-0.001008148,0.002541527,-0.02066437,63.0,3841
25,0.2212059,0.1837067,1.0,0.08640903,0.1547732,0.9999999,0.1538074,0.1692399,0.9999999,0.03562886,-0.07063966,-0.9968654,0,-0.03786637,0.996687,-0.07198039,0,-0.9986475,-0.04031225,-0.03283596,0,-0.9357661,-1.770789,-0.8531067,1,0.03562887,-0.03786637,-0.9986474,0,-0.07063966,0.996687,-0.04031225,0,-0.9968655,-0.0719804,-0.03283595,0,-0.9421802,1.668081,-1.033897,1,1.0,1.0,0.1480482,0.1594112,0.9760481,-0.001008148,0.002541527,-0.02066437,63.01111,3842
25,0.221047,0.1840588,0.9998828,0.08638877,0.1539567,0.999938,0.1537189,0.1690082,0.9999104,0.03610456,-0.07039791,-0.9968654,0,-0.03773338,0.9967084,-0.07175346,0,-0.9986354,-0.04020573,-0.03332937,0,-0.9354731,-1.770416,-0.8538144,1,0.03610456,-0.03773338,-0.9986354,0,-0.07039791,0.9967083,-0.04020573,0,-0.9968655,-0.07175346,-0.03332936,0,-0.9419968,1.668025,-1.033834,1,1.0,1.0,0.1479821,0.1592111,0.9760907,-0.00100692,0.002541313,-0.02066209,63.03334,3843
25,0.2205333,0.1838342,0.9999336,0.08613603,0.1540683,0.9999686,0.1533353,0.1689516,0.9999511,0.03637499,-0.07040102,-0.9968555,0,-0.03783659,0.9967032,-0.07177094,0,-0.9986218,-0.04032828,-0.03359133,0,-0.935017,-1.770535,-0.8540366,1,0.03637498,-0.03783659,-0.9986216,0,-0.07040101,0.9967032,-0.04032826,0,-0.9968551,-0.07177091,-0.03359133,0,-0.9419871,1.668026,-1.033819,1,1.0,1.0,0.1476195,0.1591623,0.9761536,-0.001006951,0.00254052,-0.02065847,63.04445,3844
25,0.2198626,0.1840323,0.9999588,0.08602001,0.1538765,0.9999861,0.1529419,0.1689547,0.9999723,0.03665674,-0.07069463,-0.9968243,0,-0.03759488,0.996691,-0.07206768,0,-0.9986206,-0.04011726,-0.03387767,0,-0.9350408,-1.770563,-0.8539523,1,0.03665672,-0.03759489,-0.9986204,0,-0.07069463,0.996691,-0.04011726,0,-0.9968241,-0.07206766,-0.03387768,0,-0.942134,1.668009,-1.033711,1,1.0,1.0,0.1472494,0.1591701,0.9762082,-0.001007843,0.00254197,-0.02065652,63.06667,3845
25,0.2198964,0.1842262,1.000024,0.08627956,0.1538048,1.000023,0.1530879,0.1690155,1.000024,0.03669673,-0.07102018,-0.9967996,0,-0.03731555,0.9966785,-0.0723853,0,-0.9986295,-0.03985244,-0.0339247,0,-0.9354987,-1.7706,-0.8534269,1,0.03669675,-0.03731556,-0.9986296,0,-0.07102017,0.9966784,-0.03985244,0,-0.9967996,-0.0723853,-0.03392469,0,-0.9421142,1.668035,-1.033732,1,1.0,1.0,0.1473779,0.1592163,0.9761812,-0.001007904,0.002541977,-0.02065383,63.07778,3846
25,0.22065,0.1848489,1.000034,0.08626737,0.1531892,1.000013,0.1534583,0.1690188,1.000023,0.03670049,-0.07116461,-0.9967892,0,-0.0368616,0.9966859,-0.07251444,0,-0.9986463,-0.03940456,-0.03395563,0,-0.9362879,-1.770335,-0.8532082,1,0.0367005,-0.03686161,-0.9986462,0,-0.07116461,0.9966859,-0.03940456,0,-0.9967892,-0.07251444,-0.03395562,0,-0.9420916,1.668085,-1.033751,1,1.0,1.0,0.1477258,0.1592118,0.9761294,-0.001008353,0.002542427,-0.02064699,63.1,3847
25,0.2209619,0.1845974,1.000074,0.08647287,0.1521278,1.000035,0.1537167,0.1683624,1.000054,0.03653806,-0.07157106,-0.9967661,0,-0.03720096,0.9966433,-0.07292591,0,-0.9986398,-0.03974523,-0.03375292,0,-0.9359148,-1.771057,-0.8522453,1,0.03653807,-0.03720095,-0.9986394,0,-0.07157106,0.9966434,-0.03974522,0,-0.996766,-0.0729259,-0.0337529,0,-0.9420491,1.668144,-1.033798,1,1.0,1.0,0.1479796,0.1585889,0.9761924,-0.00100927,0.002543503,-0.02064237,63.11111,3848
25,0.2226172,0.18789,0.9999915,0.08661578,0.1524955,0.9999826,0.1546164,0.1701926,0.999987,0.03651983,-0.07167438,-0.9967594,0,-0.03744532,0.996626,-0.07303675,0,-0.9986312,-0.03999127,-0.03371274,0,-0.9355271,-1.771417,-0.8519746,1,0.03651983,-0.03744533,-0.9986311,0,-0.07167438,0.9966261,-0.03999126,0,-0.9967591,-0.07303674,-0.03371273,0,-0.9420134,1.668184,-1.03381,1,1.0,1.0,0.1487914,0.160285,0.9757919,-0.001011054,0.002543503,-0.02063644,63.12222,3849
25,0.2226284,0.1878235,0.9999963,0.08380233,0.1492306,0.9999824,0.1532152,0.168527,0.9999894,0.03643769,-0.0717351,-0.9967581,0,-0.03801579,0.9965988,-0.07311337,0,-0.9986128,-0.04055663,-0.03358668,0,-0.9345996,-1.772026,-0.8516419,1,0.03643766,-0.03801579,-0.9986124,0,-0.07173508,0.9965988,-0.04055661,0,-0.9967577,-0.07311334,-0.03358668,0,-0.9419424,1.668203,-1.033774,1,1.0,1.0,0.1475274,0.1587567,0.9762336,-0.001019929,0.00255201,-0.02063204,63.14445,3850
25,0.2226416,0.1871318,0.9999096,0.08348753,0.1489772,0.9999369,0.1530653,0.1680547,0.9999233,0.03664535,-0.07173588,-0.9967503,0,-0.03813906,0.9965931,-0.07312675,0,-0.9986003,-0.04069488,-0.03378457,0,-0.9342166,-1.772158,-0.8517691,1,0.03664535,-0.03813906,-0.9986003,0,-0.07173587,0.9965931,-0.04069487,0,-0.9967502,-0.07312675,-0.03378456,0,-0.9418936,1.668203,-1.033803,1,1.0,1.0,0.1474078,0.1583289,0.9763212,-0.001020782,0.002552834,-0.02062865,63.15556,3851
25,0.2231451,0.1863188,0.9999814,0.08236011,0.147824,0.9999858,0.1527528,0.1670713,0.9999836,0.03666133,-0.07167356,-0.9967542,0,-0.03817032,0.9965964,-0.07306615,0,-0.9985986,-0.04072513,-0.03380072,0,-0.9341314,-1.772131,-0.8518864,1,0.0366613,-0.03817032,-0.9985984,0,-0.07167355,0.9965963,-0.04072512,0,-0.9967541,-0.07306615,-0.03380074,0,-0.9418897,1.6682,-1.033787,1,1.0,1.0,0.1471333,0.1574058,0.9765118,-0.001025192,0.002557022,-0.02062845,63.17778,3852
25,0.2236584,0.182989,0.9999197,0.08147386,0.143542,0.9998982,0.1525656,0.1632654,0.9999089,0.03649253,-0.07112502,-0.9967998,0,-0.03818708,0.9966363,-0.07251138,0,-0.9986041,-0.04071099,-0.03365368,0,-0.9342254,-1.771607,-0.8524535,1,0.03649248,-0.03818708,-0.998604,0,-0.07112502,0.9966363,-0.04071099,0,-0.9967996,-0.07251137,-0.03365371,0,-0.9416386,1.66816,-1.033733,1,1.0,1.0,0.1470557,0.1538581,0.9770887,-0.001029113,0.002565559,-0.02062761,63.2,3853
25,0.2246254,0.1831745,1.000049,0.08169115,0.1433984,1.000008,0.1531574,0.1632862,1.000029,0.03623539,-0.07142288,-0.9967878,0,-0.0383267,0.9966096,-0.07280339,0,-0.9986081,-0.04084165,-0.03337514,0,-0.9342251,-1.771949,-0.8517038,1,0.0362354,-0.03832671,-0.9986081,0,-0.07142289,0.9966097,-0.04084165,0,-0.9967877,-0.07280338,-0.03337513,0,-0.9416735,1.668129,-1.03372,1,1.0,1.0,0.1475912,0.1538479,0.9770095,-0.00102697,0.002565559,-0.02062611,63.22223,3854
25,0.2245624,0.1803511,1.000029,0.08160204,0.1441023,0.9999877,0.1530817,0.1622264,1.000009,0.03600287,-0.07160471,-0.9967832,0,-0.03850113,0.9965899,-0.07298146,0,-0.9986098,-0.04100483,-0.03312325,0,-0.9341931,-1.77227,-0.8510824,1,0.03600289,-0.03850113,-0.9986097,0,-0.07160471,0.9965898,-0.04100481,0,-0.9967831,-0.07298145,-0.03312323,0,-0.9416137,1.668145,-1.033757,1,1.0,1.0,0.1475458,0.1528615,0.9771712,-0.001026824,0.002566063,-0.02062519,63.23333,3855
25,0.2245972,0.1801939,0.9999632,0.08170642,0.1440159,0.9999134,0.1531507,0.1621047,0.9999384,0.03565949,-0.07142267,-0.9968085,0,-0.03815462,0.9966184,-0.07277398,0,-0.9986354,-0.04062793,-0.03281379,0,-0.9350677,-1.771775,-0.8509709,1,0.03565948,-0.03815462,-0.9986354,0,-0.07142267,0.9966184,-0.04062793,0,-0.9968085,-0.07277398,-0.03281379,0,-0.9414559,1.668178,-1.033699,1,1.0,1.0,0.1476234,0.1527562,0.977176,-0.001026748,0.002565964,-0.02062278,63.25556,3856
25,0.2231658,0.1802304,0.999887,0.08176632,0.1427744,0.9999095,0.1524664,0.1615028,0.9998983,0.03574044,-0.07111128,-0.996828,0,-0.03820163,0.9966389,-0.07246749,0,-0.9986308,-0.04067048,-0.03290373,0,-0.9349218,-1.771576,-0.8515534,1,0.03574041,-0.03820164,-0.9986305,0,-0.07111127,0.996639,-0.04067047,0,-0.9968277,-0.07246748,-0.03290373,0,-0.9414166,1.668196,-1.033712,1,1.0,1.0,0.1470016,0.1522154,0.977354,-0.001026543,0.002565674,-0.02061599,63.26667,3857
25,0.2233131,0.1803268,0.9999413,0.0822943,0.1434961,0.9999551,0.152804,0.1619116,0.9999481,0.0358274,-0.07110529,-0.9968252,0,-0.03808573,0.9966438,-0.07246121,0,-0.998632,-0.04056092,-0.03299904,0,-0.9350519,-1.771439,-0.8516238,1,0.03582738,-0.03808574,-0.998632,0,-0.07110529,0.9966438,-0.04056091,0,-0.9968252,-0.07246122,-0.03299906,0,-0.9413783,1.668172,-1.033727,1,1.0,1.0,0.1473019,0.1525844,0.9772513,-0.001025779,0.00256514,-0.02061133,63.27778,3858
25,0.2224924,0.1812429,0.9998444,0.08200577,0.1440281,0.9998716,0.1522495,0.1626359,0.999858,0.03572452,-0.07040367,-0.9968787,0,-0.0379819,0.996699,-0.07175211,0,-0.9986396,-0.04042665,-0.03293252,0,-0.9353796,-1.770715,-0.852743,1,0.03572451,-0.0379819,-0.9986396,0,-0.07040366,0.9966991,-0.04042666,0,-0.9968786,-0.07175212,-0.03293253,0,-0.9413301,1.668156,-1.033774,1,1.0,1.0,0.1467797,0.1532879,0.9772198,-0.001025719,0.002564682,-0.02060677,63.3,3859
25,0.2216708,0.1809535,0.9999655,0.08306017,0.1436879,0.9999639,0.1523656,0.1623207,0.9999648,0.03571254,-0.07035989,-0.9968824,0,-0.03812585,0.9966964,-0.07171261,0,-0.9986348,-0.04056803,-0.03291202,0,-0.935177,-1.770797,-0.8527587,1,0.03571251,-0.03812586,-0.9986344,0,-0.07035988,0.9966965,-0.04056801,0,-0.996882,-0.07171259,-0.03291202,0,-0.9412953,1.668139,-1.033804,1,1.0,1.0,0.1468765,0.152975,0.9772543,-0.00102092,0.002565308,-0.02060374,63.31111,3860
25,0.2216202,0.1808368,0.9999859,0.08350781,0.1434244,0.9999682,0.1525639,0.1621304,0.9999771,0.03554928,-0.07021605,-0.9968983,0,-0.03818321,0.9967049,-0.07156406,0,-0.9986384,-0.04060883,-0.03275102,0,-0.9352241,-1.770682,-0.8528294,1,0.03554923,-0.03818321,-0.9986381,0,-0.07021605,0.9967049,-0.04060882,0,-0.9968981,-0.07156404,-0.03275106,0,-0.9412677,1.668105,-1.033787,1,1.0,1.0,0.1470635,0.1527909,0.977255,-0.00101931,0.002566132,-0.02060156,63.33334,3861
25,0.2216874,0.1808521,1.000177,0.08287989,0.1428753,1.000157,0.1522834,0.1618635,1.000167,0.0353927,-0.06970729,-0.9969395,0,-0.0385019,0.9967287,-0.07105943,0,-0.9986316,-0.04089905,-0.03259301,0,-0.9348184,-1.770513,-0.8539326,1,0.03539265,-0.0385019,-0.9986314,0,-0.06970729,0.9967287,-0.04089904,0,-0.9969393,-0.07105941,-0.03259306,0,-0.941651,1.668049,-1.033784,1,1.0,1.0,0.1467801,0.1525209,0.9773397,-0.001018805,0.002565681,-0.02059895,63.35556,3862
25,0.2216523,0.181043,1.000028,0.08297475,0.1427609,1.000015,0.1523133,0.1619019,1.000021,0.03526622,-0.06956235,-0.9969541,0,-0.03860091,0.9967353,-0.07091256,0,-0.9986322,-0.04098415,-0.03246593,0,-0.934686,-1.77051,-0.8540837,1,0.03526623,-0.0386009,-0.9986321,0,-0.06956235,0.9967354,-0.04098415,0,-0.996954,-0.07091255,-0.03246592,0,-0.9416803,1.668085,-1.033699,1,1.0,1.0,0.1468274,0.1525771,0.9773238,-0.00101863,0.002565506,-0.02059818,63.36667,3863
25,0.2217038,0.1810464,0.9999522,0.0839636,0.141834,0.9999446,0.1528337,0.1614399,0.9999484,0.035173,-0.06947254,-0.9969636,0,-0.03844633,0.9967483,-0.07081392,0,-0.9986414,-0.04082033,-0.03238767,0,-0.9350436,-1.770263,-0.8541275,1,0.03517301,-0.03844633,-0.9986414,0,-0.06947254,0.9967484,-0.04082033,0,-0.9969636,-0.07081393,-0.03238767,0,-0.9416305,1.668074,-1.033699,1,1.0,1.0,0.1473351,0.1521456,0.9773147,-0.001018241,0.002565102,-0.02059426,63.37778,3864
25,0.2216861,0.1812022,1.00012,0.08366446,0.143978,1.000115,0.1526753,0.1625901,1.000117,0.03517109,-0.06961357,-0.9969538,0,-0.03845026,0.9967381,-0.07095497,0,-0.9986413,-0.0408287,-0.03237969,0,-0.9350226,-1.770356,-0.8539688,1,0.03517108,-0.03845026,-0.9986414,0,-0.06961356,0.9967382,-0.04082871,0,-0.9969539,-0.07095499,-0.03237971,0,-0.9417226,1.668037,-1.033685,1,1.0,1.0,0.1471379,0.1532011,0.9771796,-0.001017058,0.002564369,-0.02059158,63.38889,3865
25,0.2220232,0.1819211,1.000115,0.08460507,0.1486863,1.000091,0.1533135,0.1653035,1.000103,0.03482509,-0.06970041,-0.9969599,0,-0.03848121,0.9967317,-0.07102865,0,-0.9986523,-0.04083779,-0.03202909,0,-0.9352612,-1.770515,-0.853596,1,0.03482507,-0.0384812,-0.9986523,0,-0.06970041,0.9967317,-0.0408378,0,-0.9969599,-0.07102865,-0.03202911,0,-0.9418361,1.668109,-1.033645,1,1.0,1.0,0.1476777,0.1557408,0.9766965,-0.001014817,0.002548996,-0.0205798,63.41111,3866
25,0.2229944,0.184785,1.000097,0.08477537,0.1484589,1.000076,0.1538844,0.1666218,1.000086,0.03472853,-0.0698842,-0.9969505,0,-0.03859356,0.9967143,-0.07121205,0,-0.9986514,-0.04094897,-0.03191739,0,-0.9351403,-1.77077,-0.8532047,1,0.03472858,-0.03859357,-0.9986513,0,-0.06988419,0.9967143,-0.04094896,0,-0.9969503,-0.07121204,-0.03191733,0,-0.9418754,1.668103,-1.033622,1,1.0,1.0,0.1481863,0.1569621,0.976424,-0.001014991,0.002548622,-0.02057222,63.42222,3867
25,0.2229222,0.184938,1.000147,0.08456028,0.1487811,1.000111,0.1537407,0.1668594,1.000129,0.03433156,-0.07015786,-0.996945,0,-0.03847969,0.9967005,-0.07146578,0,-0.9986695,-0.04081567,-0.03151864,0,-0.9356749,-1.770899,-0.8523262,1,0.03433157,-0.0384797,-0.9986694,0,-0.07015786,0.9967006,-0.04081567,0,-0.9969449,-0.07146578,-0.03151863,0,-0.9418415,1.668139,-1.033574,1,1.0,1.0,0.1480406,0.1571818,0.9764107,-0.001014458,0.002548111,-0.02056781,63.44445,3868
25,0.2233286,0.1869521,0.9999086,0.08363964,0.1507563,0.9998911,0.1534838,0.1688541,0.9998998,0.03420848,-0.07016958,-0.9969484,0,-0.0384633,0.9967007,-0.07147195,0,-0.9986743,-0.04079087,-0.03139663,0,-0.9358298,-1.770929,-0.8520721,1,0.03420845,-0.03846331,-0.9986744,0,-0.07016959,0.9967008,-0.04079087,0,-0.9969483,-0.07147195,-0.03139666,0,-0.9417239,1.668192,-1.033579,1,1.0,1.0,0.1477873,0.159082,0.9761413,-0.001014274,0.002548523,-0.02056578,63.45556,3869
25,0.2233023,0.18686,1.000059,0.0838073,0.1522489,1.000025,0.1535542,0.1695542,1.000042,0.03398228,-0.07020614,-0.9969535,0,-0.03856726,0.9966945,-0.0715025,0,-0.998678,-0.04087959,-0.03116232,0,-0.9358312,-1.770999,-0.8517832,1,0.0339823,-0.03856726,-0.9986779,0,-0.07020614,0.9966946,-0.04087958,0,-0.9969535,-0.07150251,-0.03116229,0,-0.9417215,1.668148,-1.033535,1,1.0,1.0,0.1478176,0.1597122,0.9760337,-0.001013877,0.002548523,-0.02056493,63.46667,3870
25,0.2236247,0.1865083,1.000063,0.08315045,0.1519684,1.000059,0.1533876,0.1692383,1.000061,0.03400904,-0.0704513,-0.9969352,0,-0.03855687,0.9966772,-0.07174839,0,-0.9986775,-0.0408788,-0.03117967,0,-0.9358085,-1.771208,-0.8513973,1,0.03400906,-0.03855687,-0.9986776,0,-0.07045133,0.9966773,-0.0408788,0,-0.9969354,-0.07174839,-0.03117966,0,-0.941746,1.668154,-1.033522,1,1.0,1.0,0.147666,0.1594179,0.9761049,-0.001013046,0.002549141,-0.02056189,63.48889,3871
25,0.2243067,0.1864282,1.000237,0.08221547,0.1518234,1.000171,0.1532597,0.1691251,1.000204,0.03372312,-0.0713939,-0.9968781,0,-0.03853801,0.9966106,-0.07267845,0,-0.998688,-0.04086864,-0.03085738,0,-0.9358879,-1.772086,-0.8496203,1,0.03372306,-0.03853801,-0.9986878,0,-0.0713939,0.9966105,-0.04086863,0,-0.9968778,-0.07267842,-0.03085743,0,-0.9419228,1.668264,-1.0333,1,1.0,1.0,0.1475278,0.1592943,0.976146,-0.00101159,0.002549561,-0.02056107,63.51111,3872
25,0.2244659,0.1862643,1.000136,0.08167215,0.1521926,1.000109,0.1530684,0.1692283,1.000123,0.03363353,-0.0718195,-0.9968506,0,-0.03854726,0.9965793,-0.07310055,0,-0.9986908,-0.04088449,-0.03075004,0,-0.9359019,-1.772475,-0.8488154,1,0.03363352,-0.03854727,-0.9986904,0,-0.0718195,0.9965794,-0.04088448,0,-0.9968503,-0.07310054,-0.03075003,0,-0.9419625,1.668287,-1.033244,1,1.0,1.0,0.1473562,0.1594079,0.9761533,-0.001009667,0.002548996,-0.02055904,63.52222,3873
25,0.2252783,0.1851108,1.000135,0.08471848,0.1538364,1.000165,0.1549991,0.1694739,1.000149,0.03390676,-0.07210242,-0.9968207,0,-0.03849973,0.9965597,-0.0733931,0,-0.9986831,-0.04086585,-0.0310142,0,-0.9356973,-1.77271,-0.8487163,1,0.03390678,-0.03849973,-0.9986833,0,-0.07210242,0.9965597,-0.04086585,0,-0.9968207,-0.07339311,-0.03101419,0,-0.9421082,1.668297,-1.033231,1,1.0,1.0,0.1491446,0.1595965,0.9758508,-0.0009997934,0.002542831,-0.02054776,63.53334,3874
25,0.2246817,0.1846125,1.000156,0.08431476,0.1536992,1.000147,0.1544982,0.169156,1.000152,0.03366297,-0.07252061,-0.9967986,0,-0.03839314,0.9965339,-0.07379792,0,-0.9986955,-0.04075449,-0.03076202,0,-0.9360623,-1.772997,-0.8479355,1,0.03366299,-0.03839314,-0.9986957,0,-0.0725206,0.9965339,-0.0407545,0,-0.9967987,-0.07379793,-0.03076201,0,-0.9422891,1.668338,-1.033183,1,1.0,1.0,0.1486835,0.159312,0.9759676,-0.0009996574,0.002542633,-0.0205456,63.55556,3875
25,0.225558,0.1838925,1.000053,0.08463416,0.154078,1.000077,0.1550965,0.1689854,1.000065,0.03388453,-0.07286352,-0.9967662,0,-0.03817623,0.9965166,-0.07414307,0,-0.9986964,-0.04056508,-0.03098482,0,-0.9361879,-1.773092,-0.8476039,1,0.0338845,-0.03817623,-0.9986963,0,-0.07286352,0.9965165,-0.04056507,0,-0.9967661,-0.07414305,-0.03098483,0,-0.9423342,1.668331,-1.033156,1,1.0,1.0,0.1492576,0.1591546,0.9759057,-0.0009979559,0.002540596,-0.02054228,63.56667,3876
25,0.2255958,0.1824523,0.9999731,0.0846744,0.1540666,0.9999974,0.1551356,0.1682597,0.9999852,0.03389925,-0.07271047,-0.9967769,0,-0.03791545,0.9965385,-0.07398255,0,-0.9987059,-0.04030121,-0.03102505,0,-0.9366097,-1.772715,-0.8479455,1,0.03389924,-0.03791547,-0.9987057,0,-0.07271045,0.9965385,-0.04030119,0,-0.9967766,-0.07398254,-0.03102505,0,-0.9423568,1.668334,-1.033148,1,1.0,1.0,0.1493217,0.1584908,0.9760039,-0.0009972611,0.002539253,-0.02053893,63.58889,3877
25,0.2250831,0.1824517,1.000082,0.08540682,0.15404,1.000074,0.1552449,0.1682459,1.000078,0.03386575,-0.07284825,-0.9967679,0,-0.03787129,0.9965302,-0.07411757,0,-0.9987087,-0.04025893,-0.03098935,0,-0.9366559,-1.77281,-0.8477248,1,0.03386571,-0.03787129,-0.9987086,0,-0.07284824,0.9965301,-0.04025893,0,-0.9967678,-0.07411756,-0.03098938,0,-0.9424103,1.668355,-1.033088,1,1.0,1.0,0.1494095,0.158463,0.975995,-0.0009949803,0.002538078,-0.02053593,63.6,3878
25,0.2248845,0.1820618,0.9999863,0.08553926,0.1536268,1.000012,0.1552123,0.1678444,0.999999,0.03420746,-0.07304247,-0.9967421,0,-0.03765357,0.9965234,-0.07431869,0,-0.9987052,-0.04007315,-0.03133827,0,-0.9365935,-1.77285,-0.8477036,1,0.0342075,-0.03765356,-0.9987051,0,-0.07304247,0.9965234,-0.04007315,0,-0.996742,-0.07431869,-0.03133823,0,-0.9423966,1.66842,-1.03299,1,1.0,1.0,0.1493993,0.1581036,0.9760549,-0.0009944756,0.002536545,-0.02053084,63.62222,3879
25,0.2248322,0.1797306,1.000016,0.08568297,0.1532111,1.000065,0.1552587,0.1664711,1.000041,0.03459287,-0.07352975,-0.9966929,0,-0.03772661,0.9964828,-0.07482366,0,-0.9986892,-0.0401902,-0.03169715,0,-0.9358704,-1.773319,-0.8472432,1,0.03459285,-0.03772661,-0.9986891,0,-0.07352975,0.9964829,-0.04019021,0,-0.9966928,-0.07482366,-0.03169717,0,-0.9424586,1.668381,-1.032769,1,1.0,1.0,0.1494675,0.1568179,0.9762518,-0.0009939801,0.002534363,-0.0205284,63.65556,3880
25,0.2246133,0.1794481,1.000068,0.0855754,0.1527814,1.000042,0.1550939,0.1661146,1.000055,0.03439683,-0.07353053,-0.9966996,0,-0.03759262,0.9964888,-0.07481233,0,-0.998701,-0.04004186,-0.03151184,0,-0.9362147,-1.773182,-0.8471037,1,0.03439682,-0.03759263,-0.998701,0,-0.07353053,0.9964889,-0.04004186,0,-0.9966996,-0.07481234,-0.03151184,0,-0.9424881,1.668387,-1.032694,1,1.0,1.0,0.1493205,0.1564887,0.9763272,-0.000993927,0.002533562,-0.02052054,63.66667,3881
25,0.2242689,0.1794276,1.000025,0.08591694,0.153078,1.000048,0.1550935,0.1662529,1.000036,0.03456736,-0.07355548,-0.996692,0,-0.03755399,0.996488,-0.07484289,0,-0.9986966,-0.04001688,-0.03168368,0,-0.9361206,-1.773113,-0.8472819,1,0.03456739,-0.037554,-0.9986965,0,-0.07355548,0.996488,-0.04001688,0,-0.9966918,-0.07484287,-0.03168365,0,-0.9425419,1.668318,-1.0327,1,1.0,1.0,0.1493209,0.1566219,0.9763057,-0.0009949571,0.002532929,-0.02051751,63.67778,3882
25,0.2254255,0.1792161,1.00002,0.08707789,0.1527204,1.000014,0.1562516,0.1659682,1.000017,0.03427082,-0.07352832,-0.9967041,0,-0.03711428,0.9965084,-0.07479002,0,-0.9987231,-0.03955507,-0.0314222,0,-0.9370694,-1.772688,-0.8471791,1,0.0342708,-0.03711428,-0.9987232,0,-0.0735283,0.9965084,-0.03955507,0,-0.9967041,-0.07479002,-0.03142222,0,-0.9426155,1.668359,-1.032612,1,1.0,1.0,0.1504143,0.1563329,0.9761842,-0.0009963522,0.002533295,-0.0205154,63.7,3883
25,0.2252215,0.1808113,1.000087,0.08740491,0.1524325,1.000101,0.1563135,0.1666218,1.000094,0.03436714,-0.07362496,-0.9966936,0,-0.03671987,0.9965164,-0.07487801,0,-0.9987345,-0.0391718,-0.03154397,0,-0.9376026,-1.772369,-0.8472478,1,0.0343672,-0.03671986,-0.9987345,0,-0.07362496,0.9965164,-0.03917181,0,-0.9966937,-0.07487801,-0.03154393,0,-0.9427145,1.668326,-1.032569,1,1.0,1.0,0.1504478,0.1569301,0.9760832,-0.0009972453,0.002533432,-0.02051424,63.71111,3884
25,0.2261635,0.1808517,1.000133,0.08741738,0.1521126,1.000131,0.1567904,0.1664822,1.000132,0.03436613,-0.07381496,-0.9966798,0,-0.03613791,0.9965248,-0.07504955,0,-0.9987558,-0.03859709,-0.0315792,0,-0.9384555,-1.771878,-0.8471289,1,0.03436614,-0.03613792,-0.9987557,0,-0.07381497,0.9965249,-0.03859708,0,-0.9966795,-0.07504954,-0.03157917,0,-0.942856,1.66823,-1.032429,1,1.0,1.0,0.150893,0.1567828,0.9760382,-0.0009981375,0.002534279,-0.02051115,63.73333,3885
25,0.2248179,0.1805779,0.9999597,0.08277071,0.1491511,0.9999696,0.1537948,0.1648646,0.9999647,0.03434986,-0.07347836,-0.9967051,0,-0.03599004,0.9965558,-0.07470769,0,-0.9987617,-0.03843766,-0.03158706,0,-0.9386732,-1.771465,-0.8477513,1,0.03434986,-0.03599005,-0.9987617,0,-0.07347836,0.9965557,-0.03843766,0,-0.9967051,-0.07470769,-0.03158706,0,-0.9428791,1.668247,-1.03238,1,1.0,1.0,0.1481637,0.1553576,0.9766839,-0.001012001,0.002541229,-0.02051,63.74445,3886
25,0.2244042,0.1817252,1.000062,0.08240674,0.1482327,1.000044,0.153405,0.1649788,1.000053,0.03425854,-0.07368273,-0.9966933,0,-0.03587467,0.9965451,-0.0749049,0,-0.998769,-0.03832218,-0.03149682,0,-0.9388334,-1.771587,-0.8473251,1,0.03425851,-0.03587468,-0.9987687,0,-0.07368274,0.9965453,-0.03832217,0,-0.996693,-0.07490489,-0.03149683,0,-0.9428954,1.668317,-1.032257,1,1.0,1.0,0.1477888,0.1554612,0.9767243,-0.001015625,0.002541229,-0.02050225,63.75556,3887
25,0.223823,0.1810372,1.000013,0.08325131,0.1452523,1.000032,0.1535376,0.1631449,1.000023,0.03428185,-0.07363223,-0.9966962,0,-0.03602061,0.9965433,-0.0748599,0,-0.998763,-0.03846795,-0.03151107,0,-0.9384435,-1.771649,-0.8474965,1,0.03428184,-0.03602061,-0.9987627,0,-0.07363223,0.9965433,-0.03846794,0,-0.9966959,-0.07485989,-0.03151106,0,-0.9429752,1.668278,-1.03214,1,1.0,1.0,0.1479597,0.1537374,0.9769712,-0.00101886,0.002553192,-0.02050678,63.77778,3888
25,0.2238204,0.181035,1.0,0.08324797,0.145248,1.0,0.1535341,0.1631413,1.0,0.03428185,-0.07363223,-0.9966962,0,-0.03602061,0.9965433,-0.0748599,0,-0.998763,-0.03846795,-0.03151107,0,-0.9384435,-1.771649,-0.8474965,1,0.03428184,-0.03602061,-0.9987627,0,-0.07363223,0.9965433,-0.03846794,0,-0.9966959,-0.07485989,-0.03151106,0,-0.9429752,1.668278,-1.03214,1,1.0,1.0,0.1479597,0.1537374,0.9769712,-0.00101886,0.002553192,-0.02050678,63.78889,3889
25,0.2238215,0.1809556,1.000023,0.08326945,0.1450816,1.000087,0.1535467,0.1630192,1.000055,0.03459769,-0.07318551,-0.9967181,0,-0.03621663,0.9965683,-0.07443165,0,-0.9987449,-0.03867293,-0.0318284,0,-0.9374836,-1.771492,-0.8488073,1,0.03459767,-0.03621663,-0.9987448,0,-0.07318551,0.9965683,-0.03867294,0,-0.996718,-0.07443164,-0.03182843,0,-0.9432343,1.668282,-1.031832,1,1.0,1.0,0.1479668,0.153615,0.9769893,-0.001019142,0.002553269,-0.02050577,63.81111,3890
25,0.2232728,0.1807004,0.9999799,0.08366618,0.148634,0.9999917,0.1534699,0.1646672,0.9999858,0.03462988,-0.072953,-0.996734,0,-0.03622273,0.9965852,-0.07420062,0,-0.9987437,-0.038674,-0.03186911,0,-0.9373639,-1.771275,-0.8492786,1,0.03462992,-0.03622274,-0.9987435,0,-0.07295299,0.9965852,-0.03867399,0,-0.9967339,-0.07420062,-0.03186907,0,-0.9432639,1.668256,-1.031754,1,1.0,1.0,0.1478694,0.1551773,0.9767572,-0.001019225,0.002543213,-0.02049731,63.82222,3891
