flag,xl,yl,zl,xr,yr,zr,xc,yc,zc,mat_00,mat_10,mat_20,mat_30,mat_01,mat_11,mat_21,mat_31,mat_02,mat_12,mat_22,mat_32,mat_03,mat_13,mat_23,mat_33,ctw_00,ctw_10,ctw_20,ctw_30,ctw_01,ctw_11,ctw_21,ctw_31,ctw_02,ctw_12,ctw_22,ctw_32,ctw_03,ctw_13,ctw_23,ctw_33,opennessl,opennessr,ray_x,ray_y,ray_z,eye_x,eye_y,eye_z,time,frame
6,-0.1263918,-0.07620534,1.000059,-0.1914167,-0.09064341,1.000037,-0.1589042,-0.08342455,1.000048,0.08825415,-0.05930749,-0.9943308,0,0.02968271,0.9979392,-0.05688816,0,-0.9956556,0.02449382,-0.08983272,0,-0.815874,-1.54537,-0.8254489,1,0.0882542,0.02968271,-0.9956557,0,-0.0593075,0.9979392,0.02449382,0,-0.9943309,-0.05688816,-0.08983269,0,-0.8404171,1.519445,-0.8486298,1,0.952949,0.9649292,-0.154293,-0.07999242,0.9847817,0.002279785,0.000140564,-0.02871543,19.61111,1194
6,-0.1255839,-0.07591245,1.000123,-0.1916367,-0.08877451,1.000132,-0.1586103,-0.0823436,1.000128,0.08844304,-0.05960527,-0.9942964,0,0.02973829,0.997921,-0.05717734,0,-0.9956374,0.02451173,-0.09003174,0,-0.8157434,-1.545629,-0.8252707,1,0.08844304,0.02973828,-0.9956371,0,-0.05960526,0.997921,0.02451173,0,-0.9942961,-0.05717733,-0.09003171,0,-0.8405443,1.519488,-0.848599,1,0.9463284,0.9707102,-0.1540174,-0.0789627,0.9849078,0.002278099,0.000141655,-0.02871939,19.62222,1195
6,-0.1258196,-0.0752698,1.000103,-0.1915388,-0.09083806,1.000104,-0.1586791,-0.08305405,1.000104,0.0891363,-0.06039174,-0.9941869,0,0.03001152,0.9978697,-0.0579247,0,-0.9955673,0.02467386,-0.09075886,0,-0.8154896,-1.546155,-0.8248262,1,0.08913629,0.03001151,-0.9955671,0,-0.06039174,0.9978698,0.02467387,0,-0.9941869,-0.0579247,-0.09075886,0,-0.8407167,1.519558,-0.8485853,1,0.9454761,0.9819685,-0.1540719,-0.07964945,0.984844,0.002276276,0.0001540451,-0.02874027,19.64445,1196
6,-0.1257659,-0.0756312,1.000032,-0.1902383,-0.09705477,0.9999948,-0.1580022,-0.08634335,1.000013,0.08866477,-0.06082278,-0.9942029,0,0.03041818,0.9978337,-0.05833216,0,-0.995597,0.02506982,-0.09032279,0,-0.8165206,-1.546142,-0.8239684,1,0.08866475,0.03041817,-0.9955969,0,-0.06082277,0.9978336,0.02506983,0,-0.9942027,-0.05833216,-0.09032281,0,-0.8408357,1.519565,-0.8485871,1,0.968744,0.9727876,-0.1534127,-0.08280998,0.9846863,0.002276276,0.0001723099,-0.02874086,19.65556,1197
6,-0.1257647,-0.07535974,1.00005,-0.1899045,-0.0972437,1.000019,-0.1578348,-0.08630183,1.000034,0.0883323,-0.06130975,-0.9942025,0,0.03061582,0.9977995,-0.05881143,0,-0.9956205,0.02524337,-0.09001493,0,-0.817102,-1.546405,-0.823104,1,0.08833224,0.03061581,-0.9956203,0,-0.06130975,0.9977996,0.02524337,0,-0.9942024,-0.05881143,-0.09001496,0,-0.8409653,1.51961,-0.8485786,1,0.9512952,0.9718552,-0.1532522,-0.08277154,0.9847144,0.002275795,0.0001736451,-0.02874698,19.66667,1198
6,-0.1249769,-0.07353179,1.000149,-0.1896962,-0.09681429,1.000154,-0.1573365,-0.08517298,1.000151,0.08865672,-0.06236151,-0.9941083,0,0.03082808,0.9977319,-0.05983951,0,-0.9955851,0.02534126,-0.09037817,0,-0.8170978,-1.547219,-0.8220977,1,0.08865675,0.03082807,-0.995585,0,-0.0623615,0.9977319,0.02534126,0,-0.994108,-0.0598395,-0.09037811,0,-0.8412996,1.519706,-0.8485814,1,0.9674302,0.9728108,-0.1527797,-0.08169667,0.9848776,0.002275832,0.0001770478,-0.02877152,19.68889,1199
6,-0.1247939,-0.07291915,1.000145,-0.1894528,-0.09350326,1.000096,-0.1571234,-0.08321145,1.00012,0.08808857,-0.06290826,-0.9941243,0,0.03074972,0.9976999,-0.06040982,0,-0.995638,0.02524763,-0.08982038,0,-0.8175147,-1.547726,-0.8210273,1,0.08808856,0.03074972,-0.9956378,0,-0.06290825,0.9976999,0.02524763,0,-0.9941241,-0.06040981,-0.08982036,0,-0.841554,1.519706,-0.8486171,1,0.9692571,0.9739828,-0.1526024,-0.07983367,0.985058,0.002277734,0.0001788559,-0.02882379,19.7,1200
6,-0.125079,-0.07450164,1.000073,-0.1896403,-0.09528652,1.000031,-0.1573597,-0.08489431,1.000052,0.08634698,-0.06326336,-0.9942545,0,0.03091364,0.9976714,-0.06079605,0,-0.9957854,0.02548646,-0.08810163,0,-0.8195271,-1.547893,-0.8192449,1,0.08634698,0.03091363,-0.9957853,0,-0.06326336,0.9976714,0.02548647,0,-0.9942544,-0.06079606,-0.0881016,0,-0.841699,1.519816,-0.8487995,1,0.9651571,0.9652279,-0.1528092,-0.08143654,0.9848946,0.002276329,0.0001803894,-0.02884298,19.72222,1201
6,-0.1252459,-0.07511982,0.9999207,-0.1903463,-0.09819318,0.9998983,-0.1577962,-0.08665656,0.9999094,0.08605057,-0.06336616,-0.9942737,0,0.03078834,0.9976678,-0.06091786,0,-0.995815,0.02537001,-0.08780086,0,-0.8196368,-1.548088,-0.8187877,1,0.0860506,0.03078833,-0.9958149,0,-0.06336614,0.9976678,0.02537001,0,-0.9942735,-0.06091786,-0.08780081,0,-0.8416651,1.519835,-0.8488217,1,0.9623187,0.9726389,-0.1532153,-0.08311683,0.9846911,0.002276811,0.0001803894,-0.02885462,19.73333,1202
6,-0.1246733,-0.07574914,1.00011,-0.190144,-0.10013,1.00011,-0.1574086,-0.08793944,1.00011,0.08625394,-0.06376833,-0.9942304,0,0.03087151,0.9976413,-0.06130886,0,-0.9957949,0.02540525,-0.08801913,0,-0.8196115,-1.54842,-0.8185948,1,0.08625394,0.0308715,-0.9957947,0,-0.06376831,0.9976413,0.02540526,0,-0.9942302,-0.06130886,-0.0880191,0,-0.841917,1.519883,-0.8488787,1,0.9550726,0.998597,-0.1528119,-0.08432367,0.9846513,0.00228077,0.0001791458,-0.02885671,19.75556,1203
6,-0.1246055,-0.07501351,1.000125,-0.1926387,-0.1008032,1.000117,-0.1586221,-0.0879085,1.000121,0.08618098,-0.06387381,-0.9942299,0,0.03086324,0.9976349,-0.0614173,0,-0.9958014,0.02539215,-0.0879485,0,-0.8196544,-1.548529,-0.8185115,1,0.08618096,0.03086323,-0.9958013,0,-0.0638738,0.9976349,0.02539215,0,-0.9942298,-0.0614173,-0.08794849,0,-0.8420603,1.519893,-0.8488792,1,0.9687534,0.98334,-0.1539434,-0.08427381,0.9844792,0.002281312,0.0001754989,-0.02886881,19.76667,1204
6,-0.1263207,-0.07677928,1.000326,-0.1938431,-0.1033899,1.000368,-0.1600819,-0.09008432,1.000347,0.08713984,-0.06413595,-0.9941294,0,0.03059909,0.9976268,-0.06167945,0,-0.9957261,0.02504472,-0.08889556,0,-0.8182609,-1.54906,-0.8190455,1,0.08713984,0.03059909,-0.995726,0,-0.06413595,0.9976268,0.02504472,0,-0.9941294,-0.06167944,-0.08889554,0,-0.8422845,1.519903,-0.8487774,1,0.9627403,0.9850639,-0.1552483,-0.08630361,0.9840984,0.002282242,0.000174675,-0.02885679,19.78889,1205
6,-0.1274065,-0.07641336,1.000188,-0.1942346,-0.1038183,1.000236,-0.1608203,-0.09011571,1.000212,0.08788252,-0.06415109,-0.9940631,0,0.03052289,0.997629,-0.06168277,0,-0.9956632,0.02492084,-0.08963221,0,-0.8174137,-1.549188,-0.8197048,1,0.08788248,0.03052288,-0.995663,0,-0.06415107,0.9976289,0.02492084,0,-0.9940629,-0.06168276,-0.08963221,0,-0.8423838,1.519903,-0.8487335,1,0.9666594,0.9852301,-0.1559591,-0.08632691,0.983984,0.00228437,0.0001666946,-0.02885668,19.8,1206
6,-0.1273196,-0.07662492,1.000237,-0.1937093,-0.1026096,1.000275,-0.1605146,-0.08961698,1.000256,0.08846158,-0.06414486,-0.994012,0,0.03032053,0.9976353,-0.06168032,0,-0.995618,0.02468264,-0.09019732,0,-0.8165462,-1.54945,-0.820311,1,0.08846162,0.03032054,-0.995618,0,-0.06414486,0.9976352,0.02468264,0,-0.9940122,-0.06168032,-0.09019731,0,-0.8425554,1.519947,-0.8487135,1,0.9712222,0.9898996,-0.155682,-0.08584359,0.9840701,0.002293114,0.0001555862,-0.02885452,19.81111,1207
6,-0.1286552,-0.07648725,1.000107,-0.1945847,-0.103914,1.000111,-0.1616199,-0.09020048,1.000109,0.08861828,-0.06450682,-0.9939746,0,0.03067585,0.9976042,-0.06200745,0,-0.9955931,0.02499603,-0.09038478,0,-0.8169172,-1.54944,-0.8201295,1,0.08861831,0.03067585,-0.9955932,0,-0.06450683,0.9976041,0.02499602,0,-0.9939747,-0.06200745,-0.09038477,0,-0.8427436,1.519933,-0.8487146,1,0.9713391,0.9821718,-0.1567297,-0.08639449,0.9838556,0.002295548,0.0001548691,-0.02885466,19.83333,1208
6,-0.1286644,-0.07668155,1.000147,-0.1948307,-0.1044561,1.000176,-0.1617474,-0.09056873,1.000161,0.08906901,-0.06458658,-0.9939293,0,0.03083909,0.9975958,-0.06206125,0,-0.995548,0.02512413,-0.09084666,0,-0.8167124,-1.549397,-0.8204942,1,0.08906899,0.03083908,-0.9955479,0,-0.06458656,0.9975957,0.02512414,0,-0.9939292,-0.06206125,-0.09084666,0,-0.8428395,1.519937,-0.8486882,1,0.9545536,0.9979772,-0.1568363,-0.08673804,0.9838084,0.002295548,0.0001549225,-0.02885306,19.84444,1209
6,-0.1287939,-0.07732513,1.000187,-0.1950286,-0.1051892,1.000221,-0.1619111,-0.09125692,1.000203,0.09024185,-0.06429458,-0.9938424,0,0.03059075,0.997622,-0.06176143,0,-0.9954501,0.02482891,-0.09199411,0,-0.8151356,-1.549367,-0.8220835,1,0.09024187,0.03059074,-0.9954498,0,-0.06429458,0.9976221,0.02482891,0,-0.9938424,-0.06176143,-0.09199405,0,-0.843078,1.519846,-0.8485843,1,0.9701117,0.9825134,-0.1569744,-0.0873871,0.9837289,0.002295922,0.0001566239,-0.02885166,19.86667,1210
6,-0.1293323,-0.07675631,0.999999,-0.1950022,-0.1046522,1.000008,-0.1621673,-0.09070421,1.000004,0.09018141,-0.06380207,-0.9938796,0,0.03046488,0.9976556,-0.06128018,0,-0.9954593,0.02475209,-0.0919137,0,-0.8150374,-1.549081,-0.8227486,1,0.0901814,0.03046488,-0.9954592,0,-0.06380206,0.9976556,0.02475209,0,-0.9938796,-0.06128018,-0.0919137,0,-0.8430464,1.519862,-0.8486153,1,0.9701054,0.9913442,-0.1572492,-0.08687533,0.9837303,0.002295945,0.0001566925,-0.02885666,19.87778,1211
6,-0.1286593,-0.07673909,0.9998888,-0.1943317,-0.1048709,0.9998848,-0.1614955,-0.09080502,0.9998868,0.08978629,-0.06358222,-0.9939294,0,0.0304501,0.9976689,-0.06107073,0,-0.9954955,0.02478194,-0.09151304,0,-0.8154413,-1.548882,-0.8227533,1,0.08978625,0.0304501,-0.9954954,0,-0.06358222,0.9976689,0.02478194,0,-0.9939295,-0.06107074,-0.09151307,0,-0.8430247,1.519856,-0.8486765,1,0.9701054,0.9913442,-0.1566382,-0.08698957,0.9838178,0.002295319,0.000156929,-0.02885645,19.9,1212
6,-0.1285275,-0.07684676,1.000075,-0.193434,-0.1040392,1.000088,-0.1609807,-0.09044295,1.000081,0.09008223,-0.06384362,-0.993886,0,0.0305021,0.9976519,-0.06132094,0,-0.9954672,0.02479167,-0.09181803,0,-0.8153079,-1.549064,-0.8226517,1,0.09008218,0.03050208,-0.9954671,0,-0.06384362,0.9976519,0.02479167,0,-0.9938859,-0.06132093,-0.09181806,0,-0.8430751,1.519849,-0.8487425,1,0.9725213,0.9854191,-0.1561327,-0.08663629,0.9839293,0.002293404,0.0001558914,-0.0288523,19.91111,1213
6,-0.1276637,-0.07741725,0.9999331,-0.1922818,-0.1038777,0.9999365,-0.1599725,-0.09064734,0.9999348,0.09023947,-0.06411146,-0.9938544,0,0.03055198,0.9976344,-0.06158125,0,-0.9954513,0.02480717,-0.09198475,0,-0.8152832,-1.549306,-0.8223041,1,0.0902395,0.03055199,-0.9954514,0,-0.06411146,0.9976344,0.02480717,0,-0.9938545,-0.06158125,-0.09198472,0,-0.843008,1.519911,-0.8487803,1,0.9643523,0.9816836,-0.1552101,-0.08685736,0.9840558,0.002292023,0.000157669,-0.02884695,19.92222,1214
6,-0.1276816,-0.07734649,1.000065,-0.1915374,-0.1039759,1.000079,-0.1596094,-0.09066102,1.000072,0.09051234,-0.06426367,-0.9938197,0,0.0303742,0.9976298,-0.0617437,0,-0.995432,0.02459791,-0.09224975,0,-0.8147064,-1.549514,-0.8223809,1,0.09051234,0.0303742,-0.9954321,0,-0.06426366,0.9976297,0.02459791,0,-0.9938197,-0.0617437,-0.09224977,0,-0.8431349,1.519811,-0.8487346,1,0.9636257,0.9849253,-0.1548507,-0.08686394,0.9841117,0.002291153,0.000157669,-0.02884368,19.94444,1215
6,-0.1257616,-0.07702356,1.000124,-0.1915208,-0.1029367,1.000169,-0.1586411,-0.08997991,1.000146,0.09102321,-0.0638183,-0.9938018,0,0.03037725,0.997658,-0.06128365,0,-0.9953854,0.02461073,-0.09274864,0,-0.8141421,-1.549167,-0.8235133,1,0.09102318,0.03037724,-0.9953852,0,-0.06381828,0.997658,0.02461072,0,-0.9938017,-0.06128365,-0.09274865,0,-0.8431683,1.519802,-0.8486387,1,0.9607338,0.9633251,-0.1539427,-0.08622418,0.9843104,0.002290146,0.0001585083,-0.02884851,19.95556,1216
6,-0.1253735,-0.07810096,1.000085,-0.1904329,-0.1018522,1.000115,-0.1579033,-0.08997644,1.0001,0.09144813,-0.06372683,-0.9937687,0,0.03035563,0.9976649,-0.06118331,0,-0.9953471,0.02457137,-0.09316903,0,-0.8136923,-1.549128,-0.8240199,1,0.0914481,0.03035562,-0.995347,0,-0.06372682,0.9976648,0.02457137,0,-0.9937686,-0.0611833,-0.09316903,0,-0.8431955,1.519795,-0.8486151,1,0.9747728,0.979417,-0.1532608,-0.08623672,0.9844157,0.002291054,0.0001614304,-0.02884872,19.96667,1217
6,-0.1246241,-0.07883064,0.99993,-0.1904441,-0.1003343,0.9999086,-0.157534,-0.08958241,0.9999192,0.09085917,-0.06424212,-0.9937896,0,0.03067089,0.9976243,-0.06168586,0,-0.9953914,0.02487568,-0.0926137,0,-0.8146923,-1.549328,-0.82268,1,0.09085917,0.03067089,-0.9953912,0,-0.06424212,0.9976243,0.02487568,0,-0.9937895,-0.06168587,-0.09261367,0,-0.8430806,1.519887,-0.8485885,1,0.9649652,0.990859,-0.1529471,-0.08588538,0.9844953,0.002291191,0.0001653824,-0.02885028,19.98889,1218
6,-0.1226783,-0.07874215,0.9999174,-0.1905838,-0.09870967,0.9999037,-0.1566311,-0.08872592,0.9999105,0.0908041,-0.06485075,-0.9937551,0,0.03104633,0.9975768,-0.0622633,0,-0.9953848,0.02519868,-0.09259742,0,-0.8153099,-1.549553,-0.8217258,1,0.09080407,0.03104632,-0.9953846,0,-0.06485074,0.9975768,0.02519868,0,-0.9937548,-0.0622633,-0.09259742,0,-0.8430502,1.519947,-0.8485899,1,0.9492202,0.9818951,-0.1521142,-0.08508466,0.9846938,0.002290526,0.000166153,-0.02885005,20.0,1219
6,-0.122204,-0.07818539,1.000056,-0.1897752,-0.09805097,1.000087,-0.1559895,-0.08811801,1.000072,0.09186929,-0.06452131,-0.9936787,0,0.0308556,0.9976038,-0.06192347,0,-0.995293,0.02497167,-0.09363997,0,-0.8140011,-1.549511,-0.8230479,1,0.09186924,0.03085559,-0.9952928,0,-0.06452131,0.9976039,0.02497168,0,-0.9936783,-0.06192347,-0.09363998,0,-0.8430397,1.519948,-0.8485458,1,0.9671883,0.9710366,-0.1514962,-0.08450465,0.984839,0.002291108,0.0001706848,-0.02887116,20.02222,1220
6,-0.1226179,-0.07764208,1.00001,-0.1904037,-0.09836873,0.9999949,-0.1565109,-0.08800547,1.000003,0.09149134,-0.06414884,-0.9937376,0,0.0311895,0.997618,-0.06152777,0,-0.9953173,0.02536491,-0.09327418,0,-0.8148477,-1.548821,-0.823411,1,0.09149133,0.03118949,-0.9953172,0,-0.06414883,0.9976179,0.02536491,0,-0.9937375,-0.06152777,-0.09327416,0,-0.8430579,1.519883,-0.8485492,1,0.9700671,0.9689978,-0.1519936,-0.08439887,0.9847714,0.00229161,0.0001742096,-0.0288835,20.03333,1221
6,-0.1225133,-0.07668874,0.9999395,-0.1901539,-0.09984997,0.9999207,-0.1563337,-0.08826954,0.9999301,0.09115207,-0.06406035,-0.9937745,0,0.03151906,0.9976144,-0.06141685,0,-0.9953381,0.02572455,-0.09295374,0,-0.8156579,-1.548403,-0.8233079,1,0.09115206,0.03151904,-0.995338,0,-0.06406035,0.9976144,0.02572456,0,-0.9937744,-0.06141685,-0.09295373,0,-0.8430246,1.519853,-0.8485528,1,0.9742213,0.9683672,-0.151834,-0.08465915,0.9847738,0.00229161,0.000175827,-0.02888921,20.04445,1222
6,-0.1222241,-0.07526952,1.00006,-0.1909945,-0.0994147,1.000103,-0.1566093,-0.08734187,1.000082,0.09179473,-0.06421503,-0.9937053,0,0.03197723,0.9975939,-0.06151239,0,-0.9952644,0.02612942,-0.09362727,0,-0.8155839,-1.548092,-0.8238569,1,0.0917947,0.03197722,-0.9952643,0,-0.06421502,0.9975939,0.02612942,0,-0.9937052,-0.06151239,-0.09362727,0,-0.8432154,1.51977,-0.8484063,1,0.9631029,0.9713442,-0.1520798,-0.08376065,0.9848126,0.002291191,0.0001754379,-0.02889893,20.06667,1223
6,-0.1217793,-0.07495634,1.000064,-0.1914994,-0.1012893,1.000107,-0.1566394,-0.08812253,1.000086,0.09237128,-0.06418137,-0.993654,0,0.03223096,0.9975903,-0.06143938,0,-0.9952029,0.02635118,-0.0942173,0,-0.8154303,-1.547837,-0.8244129,1,0.09237126,0.03223095,-0.9952028,0,-0.06418136,0.9975902,0.02635118,0,-0.993654,-0.06143938,-0.09421732,0,-0.8432012,1.519738,-0.8484052,1,0.9689911,0.9653504,-0.1520973,-0.0845035,0.9847464,0.002291389,0.0001774979,-0.02890293,20.07778,1224
6,-0.1218483,-0.07368758,1.000076,-0.1922675,-0.1016202,1.000081,-0.157058,-0.08765391,1.000079,0.09189194,-0.06273669,-0.9937907,0,0.03265744,0.9976663,-0.05996165,0,-0.9952332,0.02694468,-0.09372634,0,-0.8164369,-1.545998,-0.826408,1,0.09189198,0.03265746,-0.9952335,0,-0.0627367,0.9976664,0.02694468,0,-0.9937907,-0.05996164,-0.09372633,0,-0.8432434,1.5195,-0.8483452,1,0.9583913,0.9640434,-0.1524957,-0.08405529,0.9847232,0.002291114,0.0001790466,-0.02889852,20.1,1225
6,-0.1223398,-0.07225434,1.000053,-0.1924126,-0.1041731,1.000114,-0.157376,-0.08821319,1.000084,0.09221846,-0.06153753,-0.9938354,0,0.03253992,0.9977416,-0.05876001,0,-0.995207,0.02692057,-0.09401262,0,-0.8158341,-1.545073,-0.8284416,1,0.09221845,0.03253992,-0.9952069,0,-0.06153753,0.9977417,0.02692057,0,-0.9938355,-0.05876001,-0.09401262,0,-0.8431796,1.519452,-0.8482134,1,0.9599989,0.9773334,-0.1527836,-0.08457927,0.9846337,0.00228846,0.0001751861,-0.02889549,20.11111,1226
6,-0.12267,-0.07265574,0.999851,-0.193008,-0.1038246,0.9998667,-0.1578389,-0.08824001,0.9998589,0.09284168,-0.06021174,-0.9938586,0,0.03216069,0.9978303,-0.05744806,0,-0.9951614,0.0266296,-0.09457672,0,-0.8146205,-1.544278,-0.8307323,1,0.0928417,0.0321607,-0.9951614,0,-0.06021175,0.9978305,0.02662961,0,-0.9938586,-0.05744807,-0.09457669,0,-0.8429834,1.519402,-0.8481232,1,0.9573402,0.9722676,-0.153248,-0.08461657,0.9845583,0.002288948,0.0001748505,-0.02889872,20.13333,1227
6,-0.1235643,-0.07272865,0.9998479,-0.1934718,-0.1037798,0.9997939,-0.1585182,-0.08825466,0.9998208,0.09205949,-0.06021279,-0.9939314,0,0.03225448,0.9978266,-0.0574613,0,-0.995231,0.02676887,-0.0938015,0,-0.8154944,-1.544141,-0.830059,1,0.09205943,0.03225446,-0.9952309,0,-0.06021278,0.9978266,0.02676887,0,-0.9939312,-0.0574613,-0.09380152,0,-0.8429247,1.519392,-0.8481311,1,0.9573402,0.9722676,-0.1538885,-0.08462368,0.9844579,0.002288033,0.000173378,-0.0288927,20.14445,1228
6,-0.1234639,-0.07128283,1.000035,-0.1924537,-0.1016931,1.000068,-0.1579588,-0.08648774,1.000051,0.09223533,-0.06027065,-0.9939116,0,0.03260533,0.997814,-0.05748151,0,-0.9952034,0.02710498,-0.09399885,0,-0.8157522,-1.543879,-0.8301926,1,0.09223531,0.03260533,-0.9952031,0,-0.06027064,0.997814,0.02710499,0,-0.9939114,-0.0574815,-0.09399882,0,-0.8429474,1.519381,-0.8480294,1,0.9539413,0.9673451,-0.1533536,-0.08292788,0.9846855,0.002287324,0.0001671753,-0.02888901,20.16667,1229
6,-0.1239241,-0.07066098,1.000004,-0.1922965,-0.09701219,1.000059,-0.1581103,-0.08383647,1.000031,0.09292728,-0.05999498,-0.9938638,0,0.0327134,0.997828,-0.05717555,0,-0.9951354,0.0271995,-0.09468806,0,-0.8152652,-1.543578,-0.8310983,1,0.09292725,0.0327134,-0.9951354,0,-0.05999497,0.997828,0.0271995,0,-0.9938637,-0.05717554,-0.09468808,0,-0.842845,1.519377,-0.8480098,1,0.9645923,0.9616522,-0.153532,-0.08040466,0.984867,0.00228846,0.0001645432,-0.02888481,20.17778,1230
6,-0.1239288,-0.06905434,0.9999481,-0.1905534,-0.0992065,0.9999514,-0.1572409,-0.08413037,0.9999499,0.09282166,-0.059613,-0.9938965,0,0.03251524,0.9978552,-0.05681378,0,-0.9951517,0.02704324,-0.09456092,0,-0.8150759,-1.543388,-0.8315052,1,0.09282168,0.03251524,-0.9951516,0,-0.05961301,0.9978552,0.02704324,0,-0.9938966,-0.05681379,-0.09456091,0,-0.8427795,1.51934,-0.8480138,1,0.959324,0.9695544,-0.1527334,-0.08070321,0.9849668,0.002289611,0.0001641922,-0.0288528,20.18889,1231
6,-0.1245722,-0.06685843,0.9998136,-0.1885111,-0.09992976,0.9997659,-0.1565417,-0.08339434,0.9997898,0.09128028,-0.05945513,-0.9940489,0,0.03158544,0.9978867,-0.05678429,0,-0.9953243,0.02621418,-0.09296525,0,-0.8153055,-1.544075,-0.8301079,1,0.09128021,0.03158544,-0.9953242,0,-0.05945512,0.9978868,0.02621419,0,-0.9940487,-0.05678429,-0.09296528,0,-0.8425495,1.519426,-0.8481879,1,0.9537884,0.9507116,-0.1521099,-0.08002366,0.9851186,0.002287499,0.0001640778,-0.02884523,20.21111,1232
6,-0.1242342,-0.06500531,0.9999651,-0.1894243,-0.09978464,0.9999514,-0.1568293,-0.08239503,0.9999583,0.09129202,-0.05979043,-0.9940277,0,0.03120687,0.9978774,-0.05715594,0,-0.9953352,0.02580261,-0.09296411,0,-0.814761,-1.544719,-0.8295147,1,0.09129199,0.03120686,-0.9953349,0,-0.05979042,0.9978774,0.0258026,0,-0.9940275,-0.05715593,-0.0929641,0,-0.8425387,1.519455,-0.8482174,1,0.9568303,0.9562161,-0.1523655,-0.07905851,0.9851571,0.002286095,0.0001659851,-0.02884271,20.22222,1233
6,-0.124347,-0.06487677,0.9999869,-0.188594,-0.09885838,0.9999871,-0.1564705,-0.08186752,0.9999869,0.09143019,-0.05966803,-0.9940223,0,0.03078739,0.9978954,-0.0570687,0,-0.9953355,0.02538554,-0.0930748,0,-0.8141744,-1.545054,-0.8297031,1,0.09143018,0.03078738,-0.9953354,0,-0.05966803,0.9978954,0.02538554,0,-0.9940221,-0.05706871,-0.09307478,0,-0.8424935,1.519519,-0.848379,1,0.9520065,0.9608426,-0.1520348,-0.0785597,0.985248,0.002288406,0.0001665344,-0.02883514,20.24445,1234
6,-0.1238957,-0.06596243,0.9998732,-0.1884608,-0.09827901,0.9998434,-0.1561782,-0.08212084,0.9998583,0.09077078,-0.05926123,-0.9941071,0,0.03073209,0.9979191,-0.05668237,0,-0.9953976,0.02540588,-0.09240311,0,-0.8148425,-1.544706,-0.8297198,1,0.09077075,0.03073208,-0.9953974,0,-0.05926122,0.9979192,0.02540588,0,-0.9941069,-0.05668237,-0.09240311,0,-0.8424075,1.519503,-0.8485162,1,0.954634,0.9462046,-0.151781,-0.07881773,0.9852666,0.002291442,0.0001696396,-0.02882607,20.25556,1235
6,-0.1238249,-0.06555045,0.9999498,-0.1891642,-0.09855372,0.9999268,-0.1564946,-0.08205214,0.9999383,0.09042865,-0.05916901,-0.9941437,0,0.03019054,0.9979376,-0.05664864,0,-0.9954453,0.02489108,-0.0920285,0,-0.814405,-1.545063,-0.8294772,1,0.09042865,0.03019054,-0.9954453,0,-0.05916901,0.9979377,0.02489108,0,-0.9941437,-0.05664865,-0.09202849,0,-0.8423938,1.519475,-0.8485729,1,0.9464367,0.9566892,-0.1520647,-0.07874301,0.9852288,0.00229042,0.0001706161,-0.02883109,20.26667,1236
6,-0.1243266,-0.06747599,1.000034,-0.1900388,-0.09734543,1.000028,-0.1571828,-0.08241083,1.000031,0.09032792,-0.05896373,-0.9941652,0,0.02925535,0.9979721,-0.05653144,0,-0.9954824,0.02397827,-0.09186977,0,-0.8131452,-1.545745,-0.8296143,1,0.09032792,0.02925534,-0.9954821,0,-0.05896372,0.9979721,0.02397827,0,-0.9941648,-0.05653143,-0.09186972,0,-0.8424665,1.5195,-0.8486236,1,0.9512707,0.9705342,-0.152694,-0.07906817,0.9851055,0.002293456,0.0001692734,-0.02882971,20.28889,1237
6,-0.1252615,-0.06681652,1.000102,-0.1911523,-0.0982418,1.000094,-0.1582069,-0.08252916,1.000098,0.09012586,-0.05881646,-0.9941921,0,0.0293615,0.9979776,-0.05637872,0,-0.9954975,0.02410979,-0.09167057,0,-0.81349,-1.545431,-0.8298157,1,0.0901259,0.0293615,-0.9954975,0,-0.05881647,0.9979777,0.02410979,0,-0.9941922,-0.05637873,-0.09167052,0,-0.8425765,1.519407,-0.8486368,1,0.9485421,0.9561925,-0.1536423,-0.07916142,0.9849505,0.002295159,0.0001669541,-0.02882858,20.3,1238
6,-0.1259072,-0.06564838,0.9999928,-0.1911536,-0.09815727,1.000001,-0.1585305,-0.08190289,0.999997,0.08965361,-0.05854357,-0.994251,0,0.02999753,0.9979768,-0.05605801,0,-0.9955213,0.02479926,-0.09122837,0,-0.8150097,-1.5446,-0.829944,1,0.08965356,0.02999752,-0.9955209,0,-0.05854356,0.9979768,0.02479926,0,-0.9942509,-0.05605802,-0.09122836,0,-0.8425304,1.519398,-0.8487687,1,0.9602238,0.950542,-0.1539647,-0.07856679,0.9849477,0.002294824,0.0001647339,-0.02883912,20.32222,1239
6,-0.1258889,-0.06743341,0.9998688,-0.190851,-0.09804562,0.9998868,-0.1583699,-0.08273934,0.9998778,0.08974868,-0.05814523,-0.9942658,0,0.0299613,0.9980002,-0.05565913,0,-0.9955138,0.02479416,-0.09131134,0,-0.8149177,-1.54429,-0.8304629,1,0.08974868,0.02996129,-0.9955135,0,-0.05814523,0.9980002,0.02479416,0,-0.9942656,-0.05565913,-0.09131128,0,-0.842356,1.519395,-0.8488028,1,0.9457482,0.966054,-0.1538241,-0.07937301,0.9849052,0.002296753,0.0001642456,-0.02883852,20.33333,1240
6,-0.1257791,-0.06974486,0.9999673,-0.1921874,-0.09836229,0.9999667,-0.1589832,-0.08405351,0.9999668,0.08985853,-0.05796742,-0.9942663,0,0.02951752,0.9980212,-0.05551864,0,-0.9955171,0.02435943,-0.0913918,0,-0.8142517,-1.544478,-0.8306766,1,0.08985854,0.02951751,-0.995517,0,-0.0579674,0.9980212,0.02435944,0,-0.994266,-0.05551864,-0.09139176,0,-0.8422754,1.519338,-0.8488957,1,0.9499833,0.9623621,-0.1543718,-0.08060911,0.984719,0.00229947,0.0001641083,-0.02883575,20.35556,1241
6,-0.127199,-0.06998386,0.999944,-0.1919956,-0.09813318,0.999936,-0.1595974,-0.08405858,0.9999399,0.08957982,-0.05758295,-0.9943137,0,0.02942396,0.9980446,-0.05514815,0,-0.995545,0.02431648,-0.09109896,0,-0.8144518,-1.544176,-0.8309841,1,0.08957981,0.02942395,-0.9955448,0,-0.05758294,0.9980445,0.02431648,0,-0.9943137,-0.05514814,-0.09109895,0,-0.8422186,1.519293,-0.8489761,1,0.9580915,0.9644306,-0.1549517,-0.08060745,0.984628,0.002301986,0.0001629562,-0.02883534,20.36667,1242
6,-0.1271781,-0.07001404,0.9999149,-0.1919999,-0.0985028,0.9999323,-0.159589,-0.08425837,0.9999236,0.08967292,-0.05717135,-0.9943291,0,0.02934983,0.9980692,-0.05473951,0,-0.9955388,0.02427474,-0.09117776,0,-0.8143766,-1.543959,-0.8315598,1,0.0896729,0.02934982,-0.9955385,0,-0.05717134,0.9980692,0.02427473,0,-0.994329,-0.05473951,-0.09117773,0,-0.8420867,1.519361,-0.8490838,1,0.9611069,0.9731659,-0.1549442,-0.08079842,0.9846136,0.002302002,0.0001626587,-0.02883377,20.37778,1243
6,-0.1273699,-0.0699899,1.000014,-0.1920857,-0.09768275,1.000051,-0.1597278,-0.08383602,1.000032,0.09089607,-0.05722349,-0.9942151,0,0.02956765,0.9980627,-0.05474173,0,-0.9954215,0.02442078,-0.09241199,0,-0.8137077,-1.543838,-0.8323649,1,0.09089611,0.02956764,-0.9954212,0,-0.05722348,0.9980627,0.02442079,0,-0.9942148,-0.05474172,-0.09241192,0,-0.8419305,1.519342,-0.8492006,1,0.9610056,0.9600013,-0.1550649,-0.08038535,0.9846284,0.002303399,0.0001602326,-0.02882975,20.4,1244
6,-0.128134,-0.07020442,0.9999733,-0.1923411,-0.09960958,0.9999934,-0.1602374,-0.08490694,0.9999834,0.09114432,-0.05698961,-0.9942057,0,0.02916813,0.9980856,-0.05453801,0,-0.9954104,0.02402829,-0.09263211,0,-0.8129355,-1.544008,-0.8327837,1,0.09114431,0.02916813,-0.9954104,0,-0.05698961,0.9980856,0.02402829,0,-0.9942056,-0.05453801,-0.09263211,0,-0.8418562,1.519346,-0.849247,1,0.9532498,0.9672252,-0.1555408,-0.08140147,0.9844698,0.002305503,0.0001591492,-0.02880589,20.41111,1245
6,-0.127808,-0.07030469,1.00009,-0.1919856,-0.09968091,1.000121,-0.1598968,-0.08499256,1.000106,0.09168363,-0.05640498,-0.9941894,0,0.02879145,0.9981272,-0.05397326,0,-0.9953718,0.0236757,-0.09313595,0,-0.8118631,-1.543779,-0.8340122,1,0.09168369,0.02879146,-0.995372,0,-0.05640499,0.9981273,0.0236757,0,-0.9941894,-0.05397326,-0.09313592,0,-0.8418084,1.519249,-0.8492323,1,0.9458562,0.9546533,-0.1552052,-0.08147787,0.9845165,0.002307243,0.0001591492,-0.02880455,20.43333,1246
6,-0.1284334,-0.07141246,1.000056,-0.1915059,-0.09967218,1.00011,-0.1599697,-0.08554196,1.000083,0.09244698,-0.05609821,-0.9941362,0,0.02840044,0.998154,-0.05368391,0,-0.9953126,0.02327097,-0.09386951,0,-0.8106025,-1.543865,-0.8349704,1,0.09244693,0.02840042,-0.9953123,0,-0.0560982,0.9981539,0.02327098,0,-0.9941361,-0.05368391,-0.09386952,0,-0.8417445,1.519212,-0.8492537,1,0.9506689,0.9713248,-0.1552715,-0.08200175,0.9844626,0.002308449,0.00016008,-0.02880438,20.44444,1247
6,-0.1284214,-0.07085627,0.9999096,-0.1915213,-0.09968562,0.9998986,-0.1599714,-0.08527088,0.9999042,0.09266859,-0.05576561,-0.9941342,0,0.02879576,0.9981629,-0.0533074,0,-0.9952805,0.02368693,-0.09410417,0,-0.8110761,-1.543229,-0.835711,1,0.09266859,0.02879577,-0.9952806,0,-0.05576561,0.9981629,0.02368693,0,-0.9941341,-0.05330739,-0.09410416,0,-0.8417066,1.519199,-0.8493378,1,0.9506689,0.9713248,-0.1553032,-0.08175839,0.9844777,0.00230915,0.0001607666,-0.02880386,20.46667,1248
6,-0.127554,-0.07112216,0.9999732,-0.1909794,-0.1022253,0.9999557,-0.1592667,-0.0866737,0.9999645,0.09245962,-0.05595269,-0.9941432,0,0.02903135,0.998147,-0.053478,0,-0.9952932,0.02391675,-0.09391266,0,-0.8116503,-1.543144,-0.8353066,1,0.09245959,0.02903133,-0.995293,0,-0.05595269,0.9981469,0.02391675,0,-0.9941431,-0.05347799,-0.09391265,0,-0.8417125,1.519178,-0.8493687,1,0.9481155,0.9562506,-0.1546182,-0.08310343,0.984473,0.002308379,0.0001686554,-0.02880419,20.47778,1249
6,-0.1276238,-0.07116365,1.000111,-0.1895715,-0.1004199,1.000119,-0.1585977,-0.08579159,1.000115,0.09262425,-0.05607928,-0.9941208,0,0.02916632,0.9981371,-0.05358837,0,-0.995274,0.02403125,-0.09408736,0,-0.8116269,-1.543102,-0.835366,1,0.09262426,0.02916631,-0.9952738,0,-0.05607928,0.9981371,0.02403126,0,-0.9941205,-0.05358836,-0.0940873,0,-0.8418142,1.519133,-0.8493056,1,0.9492376,0.9601765,-0.1539755,-0.08226908,0.9846438,0.002308204,0.0001799545,-0.02884641,20.48889,1250
6,-0.1279273,-0.07189839,0.9997965,-0.1892081,-0.1011327,0.9998147,-0.1585677,-0.08651549,0.9998056,0.0935564,-0.05597278,-0.9940395,0,0.02901661,0.9981476,-0.05347314,0,-0.9951912,0.02384089,-0.09500724,0,-0.8106102,-1.54324,-0.8359613,1,0.09355638,0.0290166,-0.995191,0,-0.05597278,0.9981476,0.02384089,0,-0.9940392,-0.05347314,-0.09500723,0,-0.84152,1.519201,-0.8493421,1,0.9631022,0.9622455,-0.1539833,-0.08298577,0.9845824,0.002308311,0.0001852646,-0.02885015,20.51111,1251
6,-0.1285603,-0.07204349,0.9999525,-0.1890722,-0.101146,0.9999712,-0.158816,-0.08659478,0.9999618,0.09375203,-0.05574299,-0.9940339,0,0.02901313,0.9981603,-0.05323802,0,-0.9951728,0.02384886,-0.09519684,0,-0.8104964,-1.543019,-0.8363855,1,0.09375204,0.02901313,-0.9951728,0,-0.05574299,0.9981603,0.02384887,0,-0.9940339,-0.05323802,-0.09519683,0,-0.8414222,1.519168,-0.849406,1,0.9563931,0.9623721,-0.1541896,-0.08304621,0.984545,0.002306067,0.0001852646,-0.02884983,20.52222,1252
6,-0.1287743,-0.0723089,1.000047,-0.1890433,-0.1011573,1.000101,-0.1589089,-0.08673277,1.000074,0.09450459,-0.05473467,-0.9940187,0,0.02887885,0.9982179,-0.0522203,0,-0.9951055,0.02377105,-0.09591687,0,-0.8096548,-1.542293,-0.8382247,1,0.09450459,0.02887884,-0.9951054,0,-0.05473467,0.9982179,0.02377105,0,-0.9940186,-0.05222029,-0.09591684,0,-0.8411117,1.519154,-0.8494298,1,0.9503674,0.9719673,-0.1542575,-0.0831675,0.9845242,0.002305001,0.0001851578,-0.02884812,20.54445,1253
6,-0.1294283,-0.07250644,0.9999974,-0.1874209,-0.1008093,1.000062,-0.1584246,-0.08665734,1.00003,0.09544569,-0.05437809,-0.9939485,0,0.02884355,0.9982386,-0.05184305,0,-0.9950168,0.02372079,-0.09684598,0,-0.808733,-1.542077,-0.8393773,1,0.09544562,0.02884354,-0.9950166,0,-0.05437807,0.9982386,0.0237208,0,-0.993948,-0.05184305,-0.09684601,0,-0.8409626,1.519172,-0.8494138,1,0.9523373,0.9812228,-0.1538093,-0.08310476,0.9845996,0.002302803,0.0001853714,-0.02885572,20.55556,1254
6,-0.129158,-0.07261741,0.9998016,-0.1882671,-0.1007965,0.9998074,-0.1587124,-0.08670686,0.9998045,0.09564918,-0.0546702,-0.9939128,0,0.02919219,0.9982153,-0.05209756,0,-0.9949871,0.0240314,-0.09707439,0,-0.8091223,-1.542057,-0.8389462,1,0.09564915,0.02919219,-0.9949869,0,-0.0546702,0.9982153,0.0240314,0,-0.9939126,-0.05209756,-0.0970744,0,-0.8407519,1.519218,-0.8494485,1,0.9500591,0.9856228,-0.1541055,-0.08316635,0.984548,0.002297623,0.0001854782,-0.02885572,20.56667,1255
6,-0.1290046,-0.07417457,0.9998587,-0.1869775,-0.1004108,0.9998302,-0.1579909,-0.08729292,0.9998444,0.09511107,-0.05465753,-0.993965,0,0.02962144,0.9982048,-0.05205624,0,-0.9950258,0.02449155,-0.09655935,0,-0.8103275,-1.541634,-0.8385363,1,0.09511107,0.02962144,-0.9950259,0,-0.05465753,0.9982048,0.02449155,0,-0.993965,-0.05205625,-0.09655937,0,-0.8406666,1.519218,-0.8495085,1,0.9591169,0.9670424,-0.1534179,-0.08372916,0.9846077,0.002296333,0.0001852646,-0.02884972,20.57778,1256
6,-0.1292594,-0.07427665,0.9999028,-0.1854204,-0.09986911,0.999915,-0.1573399,-0.08707276,0.9999089,0.09515208,-0.05428251,-0.9939817,0,0.02964766,0.9982237,-0.05167606,0,-0.9950212,0.02455215,-0.09659243,0,-0.8104632,-1.541292,-0.8390251,1,0.09515209,0.02964766,-0.9950211,0,-0.05428251,0.9982237,0.02455215,0,-0.9939816,-0.05167605,-0.0965924,0,-0.8405234,1.519225,-0.8496295,1,0.9582853,0.9863479,-0.1528009,-0.08352148,0.9847214,0.002294129,0.000183342,-0.02884863,20.6,1257
6,-0.1275993,-0.07432406,0.9999312,-0.1846603,-0.09986225,0.9999332,-0.1561299,-0.08709314,0.9999323,0.09539843,-0.05385129,-0.9939816,0,0.02984502,0.9982415,-0.05121768,0,-0.9949918,0.02477931,-0.09683782,0,-0.8106645,-1.540744,-0.8398124,1,0.09539837,0.02984501,-0.9949915,0,-0.05385128,0.9982414,0.02477931,0,-0.9939814,-0.05121767,-0.09683783,0,-0.8403929,1.519216,-0.8497514,1,0.9497968,0.9579933,-0.1516631,-0.08355259,0.9848945,0.002291015,0.0001823425,-0.02884665,20.62222,1258
6,-0.1275394,-0.07396713,1.000073,-0.1842792,-0.09972809,1.000086,-0.1559094,-0.08684754,1.000079,0.09559327,-0.0537211,-0.9939697,0,0.02961409,0.9982541,-0.05110458,0,-0.9949798,0.02455026,-0.09701729,0,-0.8101661,-1.540817,-0.8401681,1,0.09559329,0.02961409,-0.9949799,0,-0.0537211,0.9982541,0.02455026,0,-0.9939698,-0.05110458,-0.0970173,0,-0.8404297,1.519183,-0.8497823,1,0.9661608,0.976213,-0.1514348,-0.08330823,0.9849504,0.002286637,0.00018013,-0.02884731,20.63333,1259
6,-0.1287384,-0.07384569,0.9999732,-0.1847593,-0.09974342,0.9999995,-0.1567489,-0.08679437,0.9999864,0.09604734,-0.0531453,-0.993957,0,0.02905077,0.9982979,-0.05057019,0,-0.9949527,0.02401808,-0.09742779,0,-0.8089902,-1.54086,-0.8411486,1,0.09604736,0.02905077,-0.9949527,0,-0.05314531,0.9982979,0.02401808,0,-0.993957,-0.05057019,-0.09742777,0,-0.8402537,1.519202,-0.8498497,1,0.9673154,0.9573217,-0.1522294,-0.08325461,0.9848324,0.002281609,0.0001795349,-0.02884476,20.65556,1260
6,-0.1283864,-0.0745808,0.9999671,-0.1848757,-0.09886224,0.9999874,-0.1566312,-0.08672134,0.9999772,0.09638947,-0.05308596,-0.9939271,0,0.0289397,0.998304,-0.0505132,0,-0.9949229,0.02389501,-0.09776229,0,-0.8085625,-1.540913,-0.8414145,1,0.09638948,0.0289397,-0.9949229,0,-0.05308596,0.998304,0.02389501,0,-0.9939271,-0.05051321,-0.09776229,0,-0.8401685,1.519196,-0.8498958,1,0.9609053,0.9718988,-0.1521212,-0.08318573,0.984855,0.002281035,0.0001776199,-0.02884353,20.66667,1261
6,-0.1284294,-0.07479358,1.000025,-0.1845916,-0.09887959,1.00005,-0.1565106,-0.08683635,1.000038,0.09679961,-0.05302639,-0.9938905,0,0.0289657,0.9983069,-0.05044092,0,-0.9948824,0.02390606,-0.09817165,0,-0.8081735,-1.540823,-0.841809,1,0.09679957,0.02896569,-0.9948822,0,-0.05302639,0.998307,0.02390606,0,-0.9938903,-0.05044092,-0.09817164,0,-0.8401393,1.519162,-0.8498442,1,0.9650795,0.9703308,-0.1519985,-0.0832919,0.984865,0.002280959,0.0001776047,-0.02884156,20.67778,1262
6,-0.1286445,-0.07417189,1.000005,-0.1845456,-0.09816982,1.000032,-0.1565951,-0.08617055,1.000018,0.09747046,-0.05258931,-0.9938481,0,0.02850911,0.9983407,-0.05003104,0,-0.9948301,0.02345717,-0.09880799,0,-0.8068801,-1.540841,-0.8428954,1,0.09747042,0.02850911,-0.9948298,0,-0.0525893,0.9983407,0.02345717,0,-0.9938479,-0.05003104,-0.09880798,0,-0.8400946,1.519116,-0.8498495,1,0.9668002,0.9667603,-0.1520893,-0.08265788,0.9849043,0.002280799,0.0001753769,-0.02883468,20.7,1263
6,-0.1283758,-0.07492271,1.000225,-0.1846497,-0.09732497,1.000251,-0.1565128,-0.08612377,1.000238,0.09787393,-0.0524471,-0.993816,0,0.02841968,0.9983504,-0.04988755,0,-0.994793,0.02336124,-0.09920299,0,-0.8063061,-1.540745,-0.843586,1,0.0978739,0.02841967,-0.9947929,0,-0.05244709,0.9983503,0.02336124,0,-0.9938158,-0.04988755,-0.09920299,0,-0.8402603,1.519033,-0.8498001,1,0.9627877,0.9665969,-0.1519821,-0.08259728,0.9849259,0.002280509,0.0001751709,-0.02882738,20.71111,1264
6,-0.1284214,-0.07580984,1.000056,-0.1845263,-0.09629481,1.000074,-0.1564738,-0.08605213,1.000065,0.09851307,-0.05214607,-0.9937687,0,0.0284958,0.9983644,-0.04956241,0,-0.9947278,0.02343568,-0.09983784,0,-0.8058523,-1.540377,-0.8445482,1,0.098513,0.02849579,-0.9947276,0,-0.05214606,0.9983645,0.02343568,0,-0.9937685,-0.04956241,-0.09983786,0,-0.840223,1.518963,-0.8498216,1,0.965441,0.9674204,-0.1519722,-0.08254279,0.984932,0.002280509,0.0001741715,-0.02882243,20.73333,1265
6,-0.1283859,-0.07578054,1.00004,-0.1862547,-0.09730832,1.000063,-0.1573204,-0.08654419,1.000051,0.09874868,-0.05172108,-0.9937673,0,0.02859141,0.9983836,-0.04912025,0,-0.9947016,0.02356265,-0.1000679,0,-0.8057846,-1.539913,-0.8453896,1,0.09874869,0.0285914,-0.9947016,0,-0.05172107,0.9983835,0.02356264,0,-0.9937674,-0.04912026,-0.1000678,0,-0.8401964,1.518937,-0.8498271,1,0.9745537,0.9732133,-0.1527579,-0.0830024,0.9847718,0.002280357,0.0001761322,-0.02883345,20.74445,1266
6,-0.1274678,-0.0758374,1.000022,-0.1871396,-0.09661286,1.00004,-0.1573037,-0.08622518,1.000031,0.09947199,-0.05149183,-0.9937071,0,0.02845666,0.9983989,-0.04888638,0,-0.9946334,0.02341476,-0.100778,0,-0.8048785,-1.539842,-0.8460811,1,0.09947204,0.02845666,-0.9946334,0,-0.05149183,0.9983988,0.02341476,0,-0.9937072,-0.04888638,-0.100778,0,-0.8399833,1.518919,-0.8497704,1,0.9745537,0.9732133,-0.15275,-0.0826989,0.9847987,0.002280221,0.0001736832,-0.02882694,20.76667,1267
6,-0.1261157,-0.0767981,0.9999814,-0.1865586,-0.09623223,1.000015,-0.156337,-0.08651499,0.9999983,0.10006,-0.0514648,-0.9936495,0,0.02805529,0.9984103,-0.04888622,0,-0.9945858,0.02298557,-0.1013448,0,-0.803736,-1.540186,-0.8464252,1,0.10006,0.02805529,-0.9945858,0,-0.0514648,0.9984103,0.02298556,0,-0.9936495,-0.04888622,-0.1013448,0,-0.8398935,1.518908,-0.8497632,1,0.9675427,0.9675583,-0.1518471,-0.0829883,0.9849139,0.00227945,0.0001728745,-0.02882468,20.77778,1268
6,-0.1261237,-0.07721043,1.000095,-0.1865079,-0.09609634,1.000114,-0.1563158,-0.08665338,1.000105,0.1004444,-0.05167497,-0.9936,0,0.02801883,0.9984012,-0.04909221,0,-0.9945481,0.02290846,-0.1017317,0,-0.803257,-1.540397,-0.8464627,1,0.1004444,0.02801882,-0.9945479,0,-0.05167496,0.9984011,0.02290846,0,-0.9935997,-0.0490922,-0.1017317,0,-0.8399623,1.518885,-0.8497016,1,0.9641519,0.9797111,-0.1518094,-0.08311071,0.9849094,0.002278206,0.0001712418,-0.02882088,20.78889,1269
6,-0.125588,-0.07905746,0.9999707,-0.1852014,-0.09606094,0.9999934,-0.1553947,-0.08755937,0.9999821,0.1010805,-0.051929,-0.993522,0,0.028609,0.9983756,-0.04927202,0,-0.9944668,0.02344324,-0.1024019,0,-0.8035387,-1.540171,-0.8465903,1,0.1010805,0.028609,-0.9944669,0,-0.051929,0.9983755,0.02344324,0,-0.993522,-0.04927202,-0.1024019,0,-0.8398637,1.518945,-0.8496785,1,0.9673163,0.9854863,-0.1509622,-0.08398745,0.9849652,0.002281128,0.0001631088,-0.02878646,20.81111,1270
6,-0.1239803,-0.07803039,1.000011,-0.1852579,-0.09644868,1.00002,-0.1546192,-0.08723947,1.000015,0.1011958,-0.05174796,-0.9935198,0,0.02837876,0.9983901,-0.04911109,0,-0.9944617,0.02322502,-0.1025014,0,-0.803072,-1.540209,-0.8469028,1,0.1011957,0.02837875,-0.9944616,0,-0.05174796,0.9983901,0.02322502,0,-0.9935197,-0.04911109,-0.1025014,0,-0.8398499,1.518927,-0.8496616,1,0.9707563,0.975148,-0.1502364,-0.08369049,0.9851015,0.002280991,0.0001629868,-0.02878071,20.82222,1271
6,-0.1227109,-0.07993291,0.9999057,-0.1847095,-0.09605879,0.9998754,-0.1537101,-0.08799604,0.9998905,0.1004468,-0.05137978,-0.993615,0,0.02827618,0.9984097,-0.04876921,0,-0.9945406,0.02319692,-0.1017398,0,-0.8037351,-1.539981,-0.8466126,1,0.1004467,0.02827618,-0.9945405,0,-0.05137977,0.9984097,0.02319693,0,-0.9936149,-0.04876921,-0.1017398,0,-0.8395982,1.51897,-0.8497586,1,0.9630219,0.9722425,-0.149395,-0.0844304,0.9851663,0.002280747,0.0001621628,-0.02877222,20.84444,1272
6,-0.1220012,-0.07967625,0.9999932,-0.1839496,-0.09634782,0.9999818,-0.1529754,-0.08801228,0.9999875,0.1002962,-0.05149142,-0.9936243,0,0.02823976,0.9984049,-0.04888864,0,-0.9945568,0.02315637,-0.1015903,0,-0.8038719,-1.540054,-0.846333,1,0.1002962,0.02823976,-0.9945568,0,-0.05149142,0.9984049,0.02315637,0,-0.9936243,-0.04888865,-0.1015903,0,-0.8396113,1.518923,-0.8498135,1,0.9798254,0.9713494,-0.1486951,-0.08444676,0.9852707,0.002280456,0.0001605911,-0.02875558,20.85556,1273
6,-0.1227176,-0.0788551,1.000037,-0.1837792,-0.09635103,1.000044,-0.1532483,-0.08760319,1.000041,0.1005371,-0.0518735,-0.9935802,0,0.02820145,0.9983872,-0.04927086,0,-0.9945337,0.02306684,-0.1018379,0,-0.8035713,-1.540488,-0.8459635,1,0.1005371,0.02820144,-0.9945334,0,-0.05187349,0.9983872,0.02306685,0,-0.99358,-0.04927085,-0.1018379,0,-0.8396542,1.518984,-0.8497954,1,0.9714202,0.9746236,-0.1489466,-0.08404911,0.9852668,0.002278374,0.0001592255,-0.02875212,20.86667,1274
6,-0.1216806,-0.07733374,0.9998683,-0.1832826,-0.09765212,0.9998646,-0.1524817,-0.08749299,0.9998666,0.1008127,-0.05248134,-0.9935204,0,0.02848097,0.9983507,-0.04984653,0,-0.9944978,0.02327125,-0.1021411,0,-0.8038093,-1.540794,-0.8452049,1,0.1008127,0.02848096,-0.9944976,0,-0.05248132,0.9983507,0.02327126,0,-0.9935201,-0.04984653,-0.1021411,0,-0.8395569,1.519016,-0.8498604,1,0.9697723,0.9695764,-0.148254,-0.08396631,0.9853783,0.00227813,0.0001580582,-0.02875238,20.88889,1275
