flag,xl,yl,zl,xr,yr,zr,xc,yc,zc,mat_00,mat_10,mat_20,mat_30,mat_01,mat_11,mat_21,mat_31,mat_02,mat_12,mat_22,mat_32,mat_03,mat_13,mat_23,mat_33,ctw_00,ctw_10,ctw_20,ctw_30,ctw_01,ctw_11,ctw_21,ctw_31,ctw_02,ctw_12,ctw_22,ctw_32,ctw_03,ctw_13,ctw_23,ctw_33,opennessl,opennessr,ray_x,ray_y,ray_z,eye_x,eye_y,eye_z,time,frame,u,v
25.0,0.2528339,0.1651542,1.000088,0.04254954,0.1128867,1.000012,0.1476888,0.1390195,1.00005,-0.1099186,0.0376051,-0.993229,0.0,0.01345313,0.9992488,0.03634419,0.0,-0.9938496,0.009367135,0.1103419,0.0,-0.9825755,-1.616422,-0.94986,1.0,-0.1099185,0.01345313,-0.9938495,0.0,0.0376051,0.9992487,0.00936713,0.0,-0.9932289,0.03634419,0.1103419,0.0,-0.9906459,1.662948,-0.8565815,1.0,1.0,1.0,0.1399403,0.1358751,0.9807929,0.002840095,-0.001621643,-0.01514539,59.96667,3743.0,0.175,0.104
25.0,0.2525945,0.1651787,0.9999745,0.0427815,0.1131563,0.9999473,0.1476871,0.1391671,0.9999608,-0.110139,0.0371353,-0.9932224,0.0,0.01406158,0.99926,0.03580175,0.0,-0.9938169,0.01002311,0.1105796,0.0,-0.983655,-1.616407,-0.9486804,1.0,-0.1101389,0.01406158,-0.9938166,0.0,0.0371353,0.9992599,0.0100231,0.0,-0.9932221,0.03580175,0.1105797,0.0,-0.9905633,1.663007,-0.8564664,1.0,1.0,1.0,0.1399472,0.1360235,0.9807713,0.002840081,-0.001619103,-0.01515003,59.98889,3744.0,0.175,0.104
25.0,0.2528454,0.1652733,1.000115,0.04215811,0.1125782,1.000087,0.1475005,0.1389254,1.000101,-0.1102043,0.03692621,-0.9932227,0.0,0.01429321,0.9992651,0.03556493,0.0,-0.9938061,0.01027693,0.1106511,0.0,-0.9839975,-1.616372,-0.9482831,1.0,-0.1102043,0.01429321,-0.9938062,0.0,0.03692621,0.9992652,0.01027693,0.0,-0.9932228,0.03556493,0.1106512,0.0,-0.9906108,1.662974,-0.8563628,1.0,1.0,1.0,0.139756,0.1357742,0.9808332,0.002839204,-0.001614533,-0.01515954,60.0,3745.0,0.175,0.104
25.0,0.2525873,0.1650752,0.9999678,0.04124902,0.1116093,0.9999772,0.1469186,0.1383424,0.9999725,-0.1101327,0.03684141,-0.9932339,0.0,0.01442073,0.9992668,0.03546618,0.0,-0.9938123,0.01041717,0.1105833,0.0,-0.983959,-1.616369,-0.948168,1.0,-0.1101328,0.01442073,-0.9938122,0.0,0.03684141,0.9992669,0.01041717,0.0,-0.9932339,0.03546617,0.1105832,0.0,-0.9905693,1.663002,-0.8561809,1.0,1.0,1.0,0.1392312,0.1352411,0.9809815,0.002838036,-0.001609131,-0.01517518,60.02222,3746.0,0.175,0.104
25.0,0.2528745,0.1650205,0.9999806,0.04089923,0.1109456,0.9999747,0.1468866,0.1379829,0.9999776,-0.1102316,0.03713617,-0.9932119,0.0,0.01447806,0.9992557,0.0357553,0.0,-0.9938005,0.01043842,0.1106873,0.0,-0.9840937,-1.616032,-0.9485406,1.0,-0.1102317,0.01447806,-0.9938006,0.0,0.03713616,0.9992557,0.01043842,0.0,-0.9932119,0.0357553,0.1106873,0.0,-0.9905669,1.662992,-0.8561327,1.0,1.0,1.0,0.1392051,0.1348913,0.9810333,0.002837425,-0.001602631,-0.01519435,60.03334,3747.0,0.175,0.104
25.0,0.2534432,0.1650262,0.9997947,0.04060212,0.1104176,0.9998091,0.1470232,0.137722,0.999802,-0.1102455,0.03747306,-0.9931979,0.0,0.01456868,0.9992425,0.036084,0.0,-0.9937977,0.01049149,0.1107079,0.0,-0.984213,-1.615669,-0.9489002,1.0,-0.1102454,0.01456868,-0.9937975,0.0,0.03747305,0.9992425,0.01049148,0.0,-0.9931976,0.03608399,0.1107079,0.0,-0.9904064,1.663024,-0.8561069,1.0,1.0,1.0,0.1393601,0.1346572,0.9810435,0.002837921,-0.001597107,-0.01520946,60.04445,3748.0,0.175,0.104
25.0,0.2545882,0.1654433,1.000108,0.04022039,0.1095987,1.000072,0.147403,0.1375205,1.00009,-0.1103668,0.03774029,-0.9931741,0.0,0.01472745,0.9992312,0.03633386,0.0,-0.9937818,0.01061687,0.1108378,0.0,-0.9844724,-1.615163,-0.949235,1.0,-0.1103669,0.01472745,-0.9937817,0.0,0.03774029,0.9992313,0.01061687,0.0,-0.9931743,0.03633387,0.1108378,0.0,-0.9904521,1.66291,-0.8559916,1.0,1.0,1.0,0.139683,0.1344184,0.9810302,0.00283966,-0.001594322,-0.01521637,60.06667,3749.0,0.175,0.104
25.0,0.2536506,0.165179,0.9999843,0.03904592,0.108477,0.9999959,0.1463488,0.1368281,0.9999901,-0.1103303,0.03786995,-0.9931732,0.0,0.0149723,0.9992238,0.0364374,0.0,-0.9937822,0.01084994,0.1108117,0.0,-0.9848568,-1.614806,-0.949437,1.0,-0.1103304,0.0149723,-0.9937822,0.0,0.03786995,0.9992238,0.01084994,0.0,-0.9931733,0.0364374,0.1108117,0.0,-0.9904624,1.662893,-0.856004,1.0,1.0,1.0,0.1387081,0.133786,0.981255,0.002838327,-0.001590157,-0.01523782,60.07778,3750.0,0.175,0.104
25.0,0.2539228,0.1659555,0.9998629,0.03858651,0.109171,0.9998507,0.1462541,0.1375631,0.9998568,-0.1101365,0.0377992,-0.9931976,0.0,0.01537137,0.9992219,0.03632393,0.0,-0.9937977,0.01126622,0.1106318,0.0,-0.9852954,-1.614612,-0.9492363,1.0,-0.1101365,0.01537137,-0.9937975,0.0,0.0377992,0.9992219,0.01126621,0.0,-0.9931974,0.03632393,0.1106318,0.0,-0.9902649,1.662981,-0.8559777,1.0,1.0,1.0,0.138621,0.1345024,0.9811694,0.002838837,-0.001591316,-0.01524682,60.1,3751.0,0.175,0.104
25.0,0.2541505,0.1670669,0.9999632,0.03832291,0.1104963,0.9999847,0.1462375,0.138782,0.999974,-0.1100373,0.03775772,-0.99321,0.0,0.01520583,0.9992252,0.03630175,0.0,-0.9938112,0.01110804,0.1105262,0.0,-0.9849111,-1.614828,-0.9492882,1.0,-0.1100373,0.01520583,-0.9938112,0.0,0.03775772,0.9992252,0.01110804,0.0,-0.9932101,0.03630175,0.1105262,0.0,-0.9902474,1.663014,-0.8559569,1.0,1.0,1.0,0.1385673,0.1356432,0.9810199,0.002838852,-0.001590584,-0.01525016,60.11111,3752.0,0.175,0.104
25.0,0.2537778,0.1660472,0.9999689,0.03793608,0.1093545,0.9999585,0.1458566,0.1377009,0.9999638,-0.1100028,0.03742601,-0.9932265,0.0,0.0151352,0.999238,0.03597628,0.0,-0.9938161,0.01107519,0.1104853,0.0,-0.984709,-1.615204,-0.9487224,1.0,-0.1100026,0.0151352,-0.9938159,0.0,0.03742601,0.9992381,0.01107518,0.0,-0.9932262,0.03597627,0.1104854,0.0,-0.9901659,1.663009,-0.8559108,1.0,1.0,1.0,0.1382274,0.1346251,0.9812081,0.002839082,-0.001590157,-0.01524928,60.12222,3753.0,0.175,0.104
25.0,0.2535281,0.1668404,1.000235,0.03795291,0.106586,1.000215,0.1457397,0.1367129,1.000225,-0.1100962,0.03672899,-0.993242,0.0,0.01491573,0.9992655,0.03529838,0.0,-0.993809,0.01092871,0.1105632,0.0,-0.9843043,-1.616058,-0.9476827,1.0,-0.1100962,0.01491573,-0.993809,0.0,0.03672899,0.9992656,0.01092871,0.0,-0.9932421,0.03529839,0.1105632,0.0,-0.9902904,1.663004,-0.8557703,1.0,1.0,1.0,0.1380962,0.1336432,0.9813607,0.002839333,-0.001579605,-0.01527621,60.14445,3754.0,0.175,0.104
25.0,0.2533403,0.1666187,1.000029,0.03690439,0.104502,1.000007,0.1451214,0.13556,1.000018,-0.1101015,0.03645487,-0.9932517,0.0,0.01513939,0.9992727,0.03499767,0.0,-0.9938052,0.01118393,0.1105733,0.0,-0.9846498,-1.616162,-0.9471588,1.0,-0.1101014,0.01513939,-0.9938049,0.0,0.03645488,0.9992728,0.01118393,0.0,-0.9932516,0.03499766,0.1105733,0.0,-0.9902613,1.663042,-0.8557444,1.0,1.0,1.0,0.1375575,0.132572,0.9815817,0.002836762,-0.001568222,-0.01529699,60.15556,3755.0,0.175,0.104
25.0,0.2532602,0.1647414,1.000042,0.03619711,0.1042046,1.000015,0.1447276,0.1344725,1.000029,-0.1102015,0.03605223,-0.9932551,0.0,0.01579712,0.9992792,0.0345182,0.0,-0.9937837,0.01188661,0.1106915,0.0,-0.9857273,-1.615986,-0.9464039,1.0,-0.1102015,0.01579712,-0.9937837,0.0,0.03605223,0.9992792,0.01188661,0.0,-0.9932552,0.0345182,0.1106916,0.0,-0.9903893,1.663061,-0.8556321,1.0,1.0,1.0,0.1372022,0.13154,0.9817703,0.002835473,-0.001563835,-0.0153015,60.17778,3756.0,0.175,0.104
25.0,0.25315,0.1648601,0.9999816,0.03411083,0.1180678,0.9999755,0.1436301,0.1414638,0.9999786,-0.1102151,0.03604324,-0.9932541,0.0,0.01600537,0.999277,0.03448579,0.0,-0.9937789,0.01209655,0.1107123,0.0,-0.9860385,-1.615844,-0.9463022,1.0,-0.1102151,0.01600537,-0.9937789,0.0,0.03604323,0.9992771,0.01209655,0.0,-0.9932539,0.03448578,0.1107123,0.0,-0.9903544,1.663092,-0.8555909,1.0,1.0,1.0,0.1360222,0.138152,0.9810259,0.002827614,-0.001543472,-0.01552441,60.18889,3757.0,0.175,0.104
25.0,0.2532473,0.1645391,1.000022,0.0333439,0.1155832,1.000017,0.1432955,0.1400611,1.000019,-0.1102486,0.03605618,-0.9932498,0.0,0.01587248,0.9992782,0.03451321,0.0,-0.9937773,0.01196031,0.1107413,0.0,-0.9857616,-1.616034,-0.9461979,1.0,-0.1102485,0.01587248,-0.9937773,0.0,0.03605618,0.9992782,0.01196031,0.0,-0.9932498,0.03451321,0.1107413,0.0,-0.9902215,1.663171,-0.855516,1.0,1.0,1.0,0.1357218,0.1367993,0.9812571,0.002825486,-0.001524361,-0.0155676,60.21111,3758.0,0.175,0.104
25.0,0.2530524,0.1641555,0.9997065,0.03333606,0.1147884,0.9997227,0.1431949,0.1394721,0.9997146,-0.1102635,0.03642213,-0.9932348,0.0,0.01577665,0.9992666,0.03489188,0.0,-0.9937772,0.01182261,0.1107572,0.0,-0.9855927,-1.615812,-0.9465649,1.0,-0.1102635,0.01577665,-0.9937772,0.0,0.03642213,0.9992665,0.01182261,0.0,-0.9932348,0.03489188,0.1107572,0.0,-0.9899847,1.663204,-0.8555174,1.0,1.0,1.0,0.1356762,0.1362826,0.9813353,0.002825486,-0.001524361,-0.01556576,60.22223,3759.0,0.175,0.104
25.0,0.2529409,0.1649872,0.9999295,0.03363003,0.1145799,0.9999372,0.1432858,0.1397837,0.9999334,-0.1102399,0.03645767,-0.9932361,0.0,0.0157242,0.9992659,0.03493376,0.0,-0.9937806,0.01176675,0.1107322,0.0,-0.9854959,-1.615757,-0.9466001,1.0,-0.1102399,0.0157242,-0.9937807,0.0,0.03645767,0.9992659,0.01176675,0.0,-0.9932362,0.03493376,0.1107322,0.0,-0.9899316,1.663135,-0.8555355,1.0,1.0,1.0,0.1357288,0.1365501,0.9812909,0.002825318,-0.001526886,-0.01556552,60.23333,3760.0,0.175,0.104
25.0,0.2535266,0.1658912,0.9999324,0.03424686,0.1132387,0.9999391,0.1438871,0.1395651,0.9999357,-0.1101916,0.03680669,-0.9932286,0.0,0.01571551,0.9992537,0.03528644,0.0,-0.9937862,0.01172083,0.1106879,0.0,-0.9853321,-1.615355,-0.9471582,1.0,-0.1101917,0.01571552,-0.9937861,0.0,0.03680669,0.9992536,0.01172083,0.0,-0.9932286,0.03528644,0.1106878,0.0,-0.9898642,1.663056,-0.8554372,1.0,1.0,1.0,0.1363028,0.1363349,0.9812413,0.002825111,-0.001529884,-0.01556495,60.25556,3761.0,0.175,0.104
25.0,0.253567,0.1637443,0.999907,0.03515355,0.1147603,0.9999439,0.1443616,0.1392528,0.9999254,-0.1100576,0.03699658,-0.9932364,0.0,0.01585607,0.9992452,0.03546343,0.0,-0.9937987,0.01184581,0.1105611,0.0,-0.9854242,-1.615049,-0.9475372,1.0,-0.1100576,0.01585608,-0.9937988,0.0,0.03699658,0.9992452,0.01184581,0.0,-0.9932365,0.03546343,0.1105612,0.0,-0.9898307,1.663057,-0.855421,1.0,1.0,1.0,0.1367596,0.1360429,0.9812182,0.00282698,-0.001540352,-0.01555235,60.26667,3762.0,0.175,0.104
25.0,0.2534822,0.1639712,1.000036,0.03646629,0.1150796,1.000081,0.1449758,0.1395259,1.000059,-0.1096137,0.03720345,-0.9932779,0.0,0.01618399,0.9992336,0.03564054,0.0,-0.9938426,0.01216851,0.1101317,0.0,-0.9854792,-1.61446,-0.948312,1.0,-0.1096136,0.01618399,-0.9938425,0.0,0.03720345,0.9992337,0.01216851,0.0,-0.9932777,0.03564053,0.1101317,0.0,-0.9898956,1.66297,-0.8553263,1.0,1.0,1.0,0.13732,0.1362789,0.9811072,0.002827973,-0.001544457,-0.01554334,60.28889,3763.0,0.175,0.104
25.0,0.2535124,0.1641808,0.999903,0.03653294,0.1146175,0.9999523,0.1450246,0.1393998,0.9999276,-0.1094695,0.03753457,-0.9932812,0.0,0.016082,0.9992229,0.0359867,0.0,-0.9938601,0.0120345,0.1099881,0.0,-0.9851165,-1.614217,-0.9490107,1.0,-0.1094695,0.016082,-0.9938599,0.0,0.03753456,0.9992228,0.01203449,0.0,-0.9932812,0.03598669,0.1099881,0.0,-0.9898858,1.662956,-0.8552616,1.0,1.0,1.0,0.1373858,0.1361784,0.9811119,0.002828423,-0.001546448,-0.01553537,60.3,3764.0,0.175,0.104
25.0,0.2536963,0.1634423,1.000094,0.03718452,0.1136628,1.000163,0.1454431,0.1385535,1.000129,-0.109143,0.03751465,-0.9933179,0.0,0.01614653,0.9992226,0.03596352,0.0,-0.9938949,0.01211347,0.1096638,0.0,-0.9848783,-1.614138,-0.9494578,1.0,-0.109143,0.01614653,-0.9938949,0.0,0.03751465,0.9992226,0.01211347,0.0,-0.993318,0.03596352,0.1096639,0.0,-0.9900522,1.662931,-0.8551914,1.0,1.0,1.0,0.1377705,0.1353439,0.9811735,0.002830277,-0.001547958,-0.01553237,60.31111,3765.0,0.175,0.104
25.0,0.2541373,0.162715,0.9999999,0.03748438,0.1152725,1.000002,0.1458109,0.1389939,1.000001,-0.1091774,0.03782604,-0.9933024,0.0,0.01575688,0.999216,0.03631935,0.0,-0.9938975,0.0116861,0.1096878,0.0,-0.9842039,-1.614242,-0.9498519,1.0,-0.1091774,0.01575688,-0.9938973,0.0,0.03782603,0.999216,0.0116861,0.0,-0.9933022,0.03631934,0.1096878,0.0,-0.9898823,1.662982,-0.8551463,1.0,1.0,1.0,0.138128,0.135774,0.9810637,0.002830552,-0.001549759,-0.01552744,60.33334,3766.0,0.175,0.104
25.0,0.2548259,0.1628018,0.9999973,0.03748779,0.1157647,0.999992,0.1461568,0.1392832,0.9999946,-0.1091748,0.03766251,-0.9933088,0.0,0.01561335,0.9992236,0.03617071,0.0,-0.9938999,0.01155994,0.1096781,0.0,-0.9839488,-1.614505,-0.9495943,1.0,-0.1091749,0.01561335,-0.9938998,0.0,0.03766251,0.9992236,0.01155994,0.0,-0.9933088,0.03617072,0.1096781,0.0,-0.9898565,1.662962,-0.8551332,1.0,1.0,1.0,0.1384516,0.136042,0.980981,0.002830254,-0.001548912,-0.01552576,60.34444,3767.0,0.175,0.104
25.0,0.2548554,0.1629811,0.9998678,0.03717878,0.1157117,0.9998366,0.1460159,0.1393459,0.9998522,-0.109329,0.0378621,-0.9932844,0.0,0.01587747,0.9992133,0.0363405,0.0,-0.9938789,0.01179778,0.1098441,0.0,-0.9845104,-1.614187,-0.9495358,1.0,-0.1093289,0.01587747,-0.9938787,0.0,0.0378621,0.9992133,0.01179777,0.0,-0.9932841,0.0363405,0.1098441,0.0,-0.9896777,1.663056,-0.8551391,1.0,1.0,1.0,0.1383363,0.1361228,0.9809861,0.002830055,-0.001548966,-0.01552448,60.36667,3768.0,0.175,0.104
25.0,0.2571307,0.1630327,1.000045,0.0378623,0.1154689,1.000005,0.1474949,0.1392504,1.000025,-0.109462,0.03768226,-0.9932764,0.0,0.01600481,0.9992184,0.0361439,0.0,-0.9938621,0.01194081,0.1099796,0.0,-0.9847931,-1.614233,-0.9490624,1.0,-0.1094621,0.01600481,-0.9938622,0.0,0.03768226,0.9992185,0.01194081,0.0,-0.9932765,0.03614391,0.1099796,0.0,-0.9896508,1.663036,-0.8550959,1.0,1.0,1.0,0.139716,0.1359826,0.98081,0.002830444,-0.001548294,-0.01552268,60.37778,3769.0,0.175,0.104
25.0,0.2569392,0.1646061,0.9999236,0.03860672,0.1154486,0.9998921,0.1477716,0.140027,0.9999079,-0.1095042,0.03716186,-0.9932915,0.0,0.01608158,0.9992363,0.03561138,0.0,-0.9938563,0.0120741,0.1100183,0.0,-0.9849823,-1.614792,-0.9477544,1.0,-0.1095042,0.01608158,-0.9938561,0.0,0.03716185,0.9992363,0.0120741,0.0,-0.9932913,0.03561138,0.1100182,0.0,-0.9892474,1.663149,-0.8551632,1.0,1.0,1.0,0.1399802,0.1367275,0.9806687,0.002829589,-0.001547096,-0.01552258,60.4,3770.0,0.175,0.104
25.0,0.2564554,0.1639886,0.9999812,0.03771742,0.1140551,0.9999526,0.1470855,0.1390214,0.9999669,-0.109628,0.0371269,-0.993279,0.0,0.01605513,0.999238,0.03557763,0.0,-0.993843,0.01204692,0.1101404,0.0,-0.9850595,-1.614909,-0.9475258,1.0,-0.1096279,0.01605513,-0.993843,0.0,0.03712689,0.9992379,0.01204692,0.0,-0.9932791,0.03557762,0.1101405,0.0,-0.9891911,1.663204,-0.8551788,1.0,1.0,1.0,0.1393442,0.1357726,0.9808919,0.002825485,-0.001540978,-0.0155291,60.41111,3771.0,0.175,0.104
25.0,0.256916,0.1647314,0.9998927,0.03909984,0.1153255,0.999855,0.1480064,0.140028,0.9998739,-0.1097214,0.0367668,-0.9932821,0.0,0.01600077,0.9992515,0.03522026,0.0,-0.9938335,0.01202887,0.1102276,0.0,-0.9850734,-1.615353,-0.9466703,1.0,-0.1097214,0.01600077,-0.9938335,0.0,0.0367668,0.9992515,0.01202886,0.0,-0.9932822,0.03522026,0.1102276,0.0,-0.9890029,1.663248,-0.8552189,1.0,1.0,1.0,0.1402103,0.1367192,0.9806371,0.002825088,-0.001538757,-0.01553159,60.42222,3772.0,0.175,0.104
25.0,0.2559918,0.1650405,1.000189,0.0390382,0.1152458,1.000121,0.1475123,0.1401424,1.000155,-0.110198,0.03619993,-0.9932503,0.0,0.01601161,0.9992715,0.03464295,0.0,-0.9937808,0.01208596,0.1106974,0.0,-0.985502,-1.615904,-0.9453062,1.0,-0.110198,0.01601161,-0.9937806,0.0,0.03619993,0.9992715,0.01208595,0.0,-0.9932501,0.03464295,0.1106973,0.0,-0.9890301,1.663255,-0.8552001,1.0,1.0,1.0,0.1397056,0.1368011,0.9806976,0.002822189,-0.001539269,-0.01553161,60.44445,3773.0,0.175,0.104
25.0,0.255537,0.165415,1.00005,0.03910355,0.1147095,0.9999813,0.1473177,0.1400614,1.000016,-0.1104772,0.03603033,-0.9932255,0.0,0.01598197,0.9992779,0.0344722,0.0,-0.9937503,0.01206531,0.1109732,0.0,-0.9857093,-1.616105,-0.9447128,1.0,-0.1104771,0.01598197,-0.99375,0.0,0.03603031,0.9992778,0.01206531,0.0,-0.9932252,0.03447219,0.1109732,0.0,-0.9889821,1.663258,-0.855212,1.0,1.0,1.0,0.1395424,0.1367467,0.9807284,0.002821075,-0.001540444,-0.01553249,60.45556,3774.0,0.175,0.104
25.0,0.2554259,0.1657367,0.999949,0.0395436,0.1110871,0.999944,0.1474846,0.1384119,0.9999465,-0.1107551,0.03629544,-0.9931847,0.0,0.01598778,0.9992687,0.03473489,0.0,-0.9937192,0.01203175,0.1112545,0.0,-0.9860256,-1.615865,-0.9448242,1.0,-0.1107552,0.01598778,-0.9937191,0.0,0.03629544,0.9992688,0.01203175,0.0,-0.9931847,0.0347349,0.1112544,0.0,-0.9889439,1.663266,-0.8552749,1.0,1.0,1.0,0.1397392,0.1351904,0.9809161,0.002821083,-0.001542709,-0.01553644,60.47778,3775.0,0.175,0.104
25.0,0.2399697,0.1574355,1.000122,0.02736612,0.1132484,1.000097,0.1336672,0.1353416,1.00011,-0.1108905,0.03640615,-0.9931655,0.0,0.01603832,0.9992642,0.03483897,0.0,-0.9937031,0.0120654,0.1113929,0.0,-0.9862179,-1.615625,-0.9449656,1.0,-0.1108906,0.01603832,-0.9937032,0.0,0.03640615,0.9992642,0.0120654,0.0,-0.9931657,0.03483897,0.1113928,0.0,-0.9890509,1.663176,-0.8552523,1.0,1.0,1.0,0.1265789,0.1325515,0.9830604,0.002908203,-0.00158709,-0.0154139,60.48889,3776.0,0.175,0.104
25.0,0.2462645,0.1675181,1.000114,0.03242788,0.1151778,1.000092,0.1393454,0.1413478,1.000103,-0.1110164,0.03647467,-0.993149,0.0,0.01597305,0.9992627,0.0349137,0.0,-0.9936903,0.01198763,0.1115172,0.0,-0.9862019,-1.6156,-0.9450637,1.0,-0.1110164,0.01597305,-0.9936901,0.0,0.03647467,0.9992627,0.01198763,0.0,-0.9931489,0.0349137,0.1115171,0.0,-0.9891451,1.663157,-0.8552211,1.0,1.0,1.0,0.1318989,0.1381391,0.9815907,0.002883851,-0.001569901,-0.01544239,60.5,3777.0,0.175,0.104
25.0,0.2545463,0.1612343,0.9998664,0.0349009,0.113117,0.999832,0.1447223,0.1371753,0.9998492,-0.1113154,0.0364907,-0.9931149,0.0,0.01545085,0.9992684,0.03498496,0.0,-0.993665,0.01145011,0.1117978,0.0,-0.9855639,-1.616051,-0.9446899,1.0,-0.1113154,0.01545085,-0.9936651,0.0,0.0364907,0.9992684,0.01145011,0.0,-0.9931149,0.03498496,0.1117977,0.0,-0.9889233,1.663146,-0.8552023,1.0,1.0,1.0,0.1371349,0.1341061,0.9814325,0.002851158,-0.00156221,-0.01547899,60.52222,3778.0,0.175,0.104
25.0,0.2533795,0.162598,1.000003,0.0337988,0.110769,0.9999464,0.143587,0.1366825,0.9999748,-0.1116142,0.03663237,-0.9930761,0.0,0.01532381,0.999265,0.03513838,0.0,-0.9936334,0.01129577,0.1120934,0.0,-0.9855625,-1.616084,-0.9446078,1.0,-0.1116141,0.01532381,-0.9936334,0.0,0.03663237,0.999265,0.01129577,0.0,-0.9930762,0.03513838,0.1120935,0.0,-0.9888692,1.663191,-0.8551484,1.0,1.0,1.0,0.1360547,0.1336422,0.981646,0.002846633,-0.00156218,-0.01547834,60.53334,3779.0,0.175,0.104
25.0,0.2530812,0.1630039,0.9999189,0.03474936,0.1104336,0.9999189,0.1439154,0.1367187,0.9999189,-0.1118093,0.03684569,-0.9930463,0.0,0.01544811,0.9992561,0.03533676,0.0,-0.9936096,0.01138971,0.1122953,0.0,-0.9859859,-1.615789,-0.9445659,1.0,-0.1118093,0.01544811,-0.9936097,0.0,0.0368457,0.999256,0.01138971,0.0,-0.9930464,0.03533676,0.1122953,0.0,-0.9887052,1.663196,-0.8552114,1.0,1.0,1.0,0.1363702,0.1336743,0.9815979,0.002848496,-0.001559052,-0.01548445,60.55556,3780.0,0.175,0.104
25.0,0.2528906,0.163413,1.000065,0.0338279,0.1097191,1.000048,0.1433587,0.1365657,1.000056,-0.1118973,0.0369256,-0.9930335,0.0,0.01556784,0.9992518,0.03540261,0.0,-0.9935978,0.01149793,0.1123885,0.0,-0.9862455,-1.615559,-0.9446352,1.0,-0.1118973,0.01556784,-0.9935977,0.0,0.03692561,0.9992519,0.01149793,0.0,-0.9930334,0.03540261,0.1123885,0.0,-0.9887571,1.663147,-0.8551896,1.0,1.0,1.0,0.1358254,0.1335193,0.9816945,0.002849564,-0.001557526,-0.01548845,60.56667,3781.0,0.175,0.104
25.0,0.2528348,0.1636161,0.9999965,0.03341399,0.1093768,0.9999721,0.1431233,0.1364961,0.9999843,-0.1123084,0.03720253,-0.9929767,0.0,0.01512176,0.9992472,0.03572714,0.0,-0.9935583,0.0110031,0.1127864,0.0,-0.9858351,-1.615632,-0.944723,1.0,-0.1123084,0.01512176,-0.9935583,0.0,0.03720253,0.9992473,0.0110031,0.0,-0.9929768,0.03572714,0.1127864,0.0,-0.9887001,1.663075,-0.8551558,1.0,1.0,1.0,0.1356126,0.1334661,0.9817311,0.00284961,-0.001557335,-0.01548894,60.58889,3782.0,0.175,0.104
25.0,0.2532074,0.1637505,0.9998237,0.03413855,0.1094095,0.9997957,0.143672,0.1365796,0.9998097,-0.112484,0.03733836,-0.9929518,0.0,0.01490003,0.9992447,0.03588709,0.0,-0.9935418,0.01075829,0.1129553,0.0,-0.985635,-1.615731,-0.9446277,1.0,-0.1124839,0.01490003,-0.9935418,0.0,0.03733836,0.9992448,0.01075829,0.0,-0.9929518,0.03588709,0.1129554,0.0,-0.9885091,1.663097,-0.8551863,1.0,1.0,1.0,0.1361542,0.1335579,0.9816437,0.002849846,-0.001557404,-0.01548798,60.6,3783.0,0.175,0.104
25.0,0.253275,0.1634687,1.000018,0.03384964,0.1094107,0.9999585,0.14356,0.1364389,0.9999883,-0.1128035,0.03744178,-0.9929116,0.0,0.01454432,0.9992449,0.03602824,0.0,-0.9935108,0.01037712,0.1132629,0.0,-0.985347,-1.615937,-0.9445236,1.0,-0.1128035,0.01454432,-0.9935109,0.0,0.03744178,0.9992449,0.01037712,0.0,-0.9929118,0.03602824,0.1132629,0.0,-0.9884756,1.663077,-0.8552048,1.0,1.0,1.0,0.1360263,0.1334035,0.9816824,0.002851113,-0.001557205,-0.01548785,60.61111,3784.0,0.175,0.104
25.0,0.2520837,0.1647239,0.9999821,0.03393444,0.1082883,0.9999411,0.1430075,0.1365054,0.9999616,-0.1131524,0.03762041,-0.9928651,0.0,0.01400263,0.999244,0.03626629,0.0,-0.993479,0.009799112,0.1135936,0.0,-0.984785,-1.616305,-0.9443455,1.0,-0.1131523,0.01400263,-0.993479,0.0,0.03762041,0.999244,0.009799111,0.0,-0.9928653,0.03626629,0.1135936,0.0,-0.9882324,1.663121,-0.8552532,1.0,1.0,1.0,0.1355043,0.1334796,0.9817443,0.002850953,-0.001556824,-0.01548956,60.63334,3785.0,0.175,0.104
25.0,0.2514992,0.1647899,0.9998942,0.03365903,0.1079448,0.9998393,0.142577,0.1363668,0.9998667,-0.1134183,0.03769382,-0.9928322,0.0,0.01406214,0.9992409,0.03633072,0.0,-0.9934479,0.009840775,0.1138623,0.0,-0.9851313,-1.616232,-0.9440277,1.0,-0.1134183,0.01406214,-0.9934477,0.0,0.03769381,0.9992408,0.009840768,0.0,-0.9928319,0.03633071,0.1138623,0.0,-0.9880708,1.663156,-0.8552824,1.0,1.0,1.0,0.1351102,0.1333673,0.9818138,0.002851083,-0.001556633,-0.01548864,60.64445,3786.0,0.175,0.104
25.0,0.2496246,0.1670042,1.000033,0.03356598,0.1091477,0.9999845,0.1415935,0.1380754,1.000009,-0.1139113,0.03790218,-0.9927678,0.0,0.01449208,0.9992291,0.03648603,0.0,-0.9933853,0.01023111,0.1143727,0.0,-0.9862989,-1.615651,-0.9437015,1.0,-0.1139112,0.01449209,-0.9933853,0.0,0.03790217,0.9992291,0.0102311,0.0,-0.9927676,0.03648602,0.1143727,0.0,-0.98799,1.663131,-0.8553111,1.0,1.0,1.0,0.1341276,0.1349875,0.9817272,0.00285212,-0.001555779,-0.01548876,60.66667,3787.0,0.175,0.104
25.0,0.2501986,0.1673076,1.000062,0.03275914,0.1074303,1.000026,0.1414776,0.1373685,1.000044,-0.1140668,0.03791326,-0.9927494,0.0,0.01467955,0.9992268,0.03647395,0.0,-0.9933646,0.01041265,0.1145352,0.0,-0.9867527,-1.615456,-0.9435434,1.0,-0.1140669,0.01467956,-0.9933647,0.0,0.03791326,0.9992267,0.01041265,0.0,-0.9927494,0.03647394,0.1145352,0.0,-0.9880108,1.663107,-0.8553151,1.0,1.0,1.0,0.1340233,0.1343127,0.9818339,0.002854012,-0.001554245,-0.01549084,60.67778,3788.0,0.175,0.104
25.0,0.2500252,0.167678,1.000053,0.033381,0.1095477,1.000001,0.141701,0.1386121,1.000026,-0.1145122,0.03795096,-0.9926966,0.0,0.01508809,0.9992212,0.03645991,0.0,-0.9933072,0.01080279,0.1149956,0.0,-0.9877979,-1.615079,-0.9430467,1.0,-0.1145122,0.01508809,-0.9933073,0.0,0.03795095,0.9992211,0.01080279,0.0,-0.9926968,0.03645991,0.1149956,0.0,-0.9879806,1.663108,-0.8552932,1.0,1.0,1.0,0.1342154,0.135491,0.9816458,0.002854729,-0.001553978,-0.0154901,60.7,3789.0,0.175,0.104
25.0,0.2504505,0.1677912,1.000043,0.03338641,0.1102126,1.000009,0.141917,0.1390014,1.000026,-0.1146195,0.03779844,-0.9926903,0.0,0.01518121,0.9992258,0.03629443,0.0,-0.9932936,0.01091019,0.1151046,0.0,-0.9879982,-1.615179,-0.9426593,1.0,-0.1146194,0.01518121,-0.9932934,0.0,0.03779844,0.9992259,0.01091019,0.0,-0.99269,0.03629442,0.1151046,0.0,-0.9879609,1.663141,-0.8552458,1.0,1.0,1.0,0.1344127,0.1358566,0.9815683,0.002855789,-0.00155397,-0.01548988,60.71111,3790.0,0.175,0.104
25.0,0.2504581,0.1687517,1.000087,0.03337353,0.1102179,1.000073,0.1419154,0.1394846,1.00008,-0.1146175,0.03767021,-0.9926953,0.0,0.01558043,0.999226,0.03611911,0.0,-0.9932877,0.01132674,0.1151156,0.0,-0.9886054,-1.614944,-0.9424167,1.0,-0.1146174,0.01558043,-0.9932874,0.0,0.03767021,0.999226,0.01132674,0.0,-0.9926952,0.0361191,0.1151156,0.0,-0.9880086,1.663137,-0.8551903,1.0,1.0,1.0,0.1343957,0.1363094,0.9815077,0.002855811,-0.0015551,-0.01548914,60.72223,3791.0,0.175,0.104
25.0,0.2472394,0.1688935,1.000219,0.03324139,0.1099048,1.000235,0.140241,0.1393994,1.000227,-0.1142794,0.03722987,-0.9927508,0.0,0.01576247,0.9992397,0.03565874,0.0,-0.9933236,0.01157314,0.1147794,0.0,-0.9884599,-1.615133,-0.9421654,1.0,-0.1142794,0.01576247,-0.9933236,0.0,0.03722987,0.9992397,0.01157314,0.0,-0.9927508,0.03565874,0.1147793,0.0,-0.9881649,1.663082,-0.8550273,1.0,1.0,1.0,0.1327876,0.1362395,0.9817363,0.002857415,-0.001555519,-0.01548837,60.74445,3792.0,0.175,0.104
25.0,0.2475221,0.1688297,0.9999683,0.03329095,0.1100675,1.000002,0.1404078,0.139449,0.9999853,-0.1140851,0.03714335,-0.9927765,0.0,0.01594257,0.9992406,0.03555315,0.0,-0.9933432,0.01177133,0.1145905,0.0,-0.9884686,-1.615061,-0.9421732,1.0,-0.114085,0.01594257,-0.993343,0.0,0.03714335,0.9992406,0.01177133,0.0,-0.9927763,0.03555315,0.1145906,0.0,-0.9881479,1.663091,-0.8549128,1.0,1.0,1.0,0.132975,0.1363154,0.9817004,0.002858506,-0.001556145,-0.01548622,60.75556,3793.0,0.175,0.104
25.0,0.2485062,0.1696667,0.9999533,0.0329186,0.1105819,0.9999943,0.1407139,0.1401249,0.9999738,-0.1137356,0.03733952,-0.9928092,0.0,0.016087,0.9992317,0.03573816,0.0,-0.9933809,0.01190663,0.1142488,0.0,-0.9882851,-1.614736,-0.9428199,1.0,-0.1137355,0.016087,-0.9933808,0.0,0.03733952,0.9992318,0.01190662,0.0,-0.9928092,0.03573816,0.1142488,0.0,-0.9881498,1.663088,-0.8548013,1.0,1.0,1.0,0.133253,0.1369546,0.9815737,0.002861039,-0.001557488,-0.01548479,60.77778,3794.0,0.175,0.104
25.0,0.2484984,0.1697842,0.9998881,0.03302582,0.1104508,0.9999431,0.1407642,0.1401184,0.9999156,-0.1135514,0.03759542,-0.9928207,0.0,0.01609075,0.9992223,0.03599751,0.0,-0.9934019,0.01188766,0.114068,0.0,-0.988084,-1.614491,-0.9433945,1.0,-0.1135514,0.01609075,-0.9934017,0.0,0.03759542,0.9992224,0.01188766,0.0,-0.9928204,0.0359975,0.114068,0.0,-0.9881221,1.663094,-0.8547607,1.0,1.0,1.0,0.1333063,0.1369567,0.9815663,0.002863586,-0.001558861,-0.01548005,60.78889,3795.0,0.175,0.104
25.0,0.2480277,0.1666837,0.9999851,0.03183609,0.1098788,1.000009,0.1399328,0.1382815,0.999997,-0.1131617,0.03790724,-0.9928533,0.0,0.01616448,0.9992099,0.03630757,0.0,-0.9934452,0.01194033,0.113685,0.0,-0.9877643,-1.614102,-0.9443104,1.0,-0.1131617,0.01616448,-0.9934452,0.0,0.03790724,0.9992099,0.01194033,0.0,-0.9928532,0.03630757,0.113685,0.0,-0.9881525,1.663079,-0.8546628,1.0,1.0,1.0,0.1325383,0.1352194,0.9819111,0.002863929,-0.001559815,-0.01547893,60.81111,3796.0,0.175,0.104
25.0,0.2486368,0.1668622,1.000065,0.03183317,0.1082346,1.00013,0.1402376,0.1375494,1.000098,-0.1129305,0.03817725,-0.9928691,0.0,0.0162657,0.9991987,0.03657054,0.0,-0.9934697,0.01201978,0.113461,0.0,-0.9876622,-1.61371,-0.94512,1.0,-0.1129306,0.0162657,-0.9934698,0.0,0.03817725,0.9991987,0.01201978,0.0,-0.9928693,0.03657054,0.113461,0.0,-0.9883108,1.663045,-0.8545818,1.0,1.0,1.0,0.1328277,0.1345078,0.9819697,0.002863975,-0.001561623,-0.01547794,60.82222,3797.0,0.175,0.104
25.0,0.2487044,0.1673758,0.9999729,0.03140542,0.1084256,1.000015,0.1400564,0.1379012,0.999994,-0.1127402,0.03819568,-0.9928901,0.0,0.01629662,0.9991975,0.03658788,0.0,-0.9934909,0.01205583,0.1132722,0.0,-0.9875205,-1.613656,-0.9453537,1.0,-0.1127402,0.01629662,-0.9934908,0.0,0.03819568,0.9991975,0.01205583,0.0,-0.9928902,0.03658788,0.1132722,0.0,-0.9883311,1.663042,-0.8545563,1.0,1.0,1.0,0.1326629,0.1348596,0.9819437,0.002863975,-0.001563339,-0.01547794,60.83334,3798.0,0.175,0.104
25.0,0.2615019,0.1681603,0.999958,0.04465505,0.09594397,1.000014,0.1530806,0.1320532,0.999986,-0.1123856,0.03812902,-0.992933,0.0,0.01620509,0.9992009,0.03653554,0.0,-0.9935327,0.0119845,0.1129137,0.0,-0.9870304,-1.613805,-0.9456921,1.0,-0.1123856,0.01620509,-0.9935324,0.0,0.03812902,0.999201,0.0119845,0.0,-0.9929327,0.03653553,0.1129137,0.0,-0.9884037,1.663061,-0.8545246,1.0,1.0,1.0,0.1452052,0.1290828,0.9809449,0.002780601,-0.0015588,-0.01537632,60.85556,3799.0,0.175,0.104
25.0,0.2595711,0.1650243,0.999924,0.04516542,0.1096485,0.999907,0.1523674,0.137336,0.9999155,-0.1124462,0.03799565,-0.9929312,0.0,0.01597292,0.9992086,0.03642699,0.0,-0.9935296,0.01176393,0.112964,0.0,-0.9866993,-1.614213,-0.9453592,1.0,-0.1124461,0.01597291,-0.9935293,0.0,0.03799564,0.9992086,0.01176393,0.0,-0.9929309,0.03642698,0.1129641,0.0,-0.9882938,1.663132,-0.8545335,1.0,1.0,1.0,0.1444233,0.1341019,0.980387,0.002793434,-0.001548607,-0.01543752,60.86667,3800.0,0.175,0.104
25.0,0.2583863,0.1641286,1.000169,0.04030812,0.1112848,1.000172,0.1493473,0.1377068,1.00017,-0.1124361,0.03730285,-0.9929586,0.0,0.01541968,0.9992403,0.03579282,0.0,-0.9935394,0.0112867,0.1129259,0.0,-0.9857525,-1.615371,-0.9445121,1.0,-0.1124361,0.01541968,-0.9935393,0.0,0.03730284,0.9992402,0.0112867,0.0,-0.9929584,0.03579281,0.1129258,0.0,-0.9884374,1.663151,-0.8544918,1.0,1.0,1.0,0.1415082,0.1344362,0.9807662,0.002791588,-0.001524567,-0.0155794,60.88889,3801.0,0.175,0.104
25.0,0.2586793,0.1648543,1.000001,0.04003106,0.1120576,0.9999812,0.1493544,0.1384557,0.9999912,-0.1124614,0.03703396,-0.9929658,0.0,0.01542903,0.9992498,0.03552087,0.0,-0.9935364,0.01132577,0.1129484,0.0,-0.985822,-1.615718,-0.9439971,1.0,-0.1124614,0.01542902,-0.9935362,0.0,0.03703396,0.9992499,0.01132577,0.0,-0.9929656,0.03552087,0.1129485,0.0,-0.9883872,1.663247,-0.8545276,1.0,1.0,1.0,0.1415268,0.1351734,0.9806622,0.00279174,-0.001527695,-0.01556587,60.9,3802.0,0.175,0.104
25.0,0.2583502,0.1670614,1.000152,0.04007483,0.1108794,1.000085,0.1492099,0.1389694,1.000118,-0.1126803,0.03676399,-0.992951,0.0,0.01566838,0.9992568,0.03521941,0.0,-0.9935079,0.0115894,0.1131725,0.0,-0.9864075,-1.615789,-0.943332,1.0,-0.1126802,0.01566837,-0.9935076,0.0,0.03676398,0.9992568,0.01158939,0.0,-0.9929509,0.0352194,0.1131726,0.0,-0.988428,1.663267,-0.8545181,1.0,1.0,1.0,0.1413658,0.1356493,0.9806197,0.002791513,-0.00152861,-0.01555131,60.91111,3803.0,0.175,0.104
25.0,0.2579127,0.1656306,1.000077,0.04094841,0.1104686,1.000062,0.1494299,0.1380493,1.00007,-0.1127139,0.03647781,-0.9929578,0.0,0.0159841,0.9992632,0.03489504,0.0,-0.993499,0.01193838,0.113214,0.0,-0.9869643,-1.615794,-0.9428796,1.0,-0.112714,0.0159841,-0.9934988,0.0,0.0364778,0.9992631,0.01193838,0.0,-0.9929575,0.03489504,0.1132139,0.0,-0.9885435,1.663281,-0.8545108,1.0,1.0,1.0,0.1415981,0.1347818,0.9807058,0.002791963,-0.001529755,-0.01554253,60.93333,3804.0,0.175,0.104
25.0,0.2574392,0.1655965,1.000067,0.04082491,0.1110899,1.000024,0.1491306,0.1383426,1.000046,-0.1129084,0.03643599,-0.9929371,0.0,0.01586742,0.9992661,0.03486393,0.0,-0.9934787,0.01181893,0.1134037,0.0,-0.9869267,-1.615972,-0.9426585,1.0,-0.1129084,0.01586743,-0.9934787,0.0,0.036436,0.9992661,0.01181892,0.0,-0.992937,0.03486393,0.1134036,0.0,-0.9885534,1.663311,-0.8544907,1.0,1.0,1.0,0.1413127,0.1350717,0.980707,0.002792618,-0.001532433,-0.01553669,60.94445,3805.0,0.175,0.104
1.0,-0.02464971,-0.1316278,0.9999565,-0.2397542,-0.1599614,0.9999561,-0.1322019,-0.1457945,0.9999563,-0.09328938,0.03560188,-0.9950024,0.0,0.02278489,0.9991751,0.03361492,0.0,-0.9953784,0.01953511,0.09402359,0.0,-0.9823156,-1.608714,-0.9634229,1.0,-0.09328935,0.02278489,-0.9953783,0.0,0.03560188,0.9991751,0.0195351,0.0,-0.9950023,0.03361491,0.09402359,0.0,-0.9929743,1.662155,-0.8557647,1.0,1.0,1.0,-0.1328344,-0.1376321,0.9815357,0.005335854,-0.003289665,-0.01633296,73.7,4615.0,-0.175,-0.246
1.0,-0.02466567,-0.1313933,0.9999836,-0.2383481,-0.1615314,1.000009,-0.131506,-0.1464622,0.9999964,-0.09318376,0.03559748,-0.9950125,0.0,0.02252253,0.9991803,0.03363734,0.0,-0.9953943,0.01927574,0.09390903,0.0,-0.9818335,-1.608977,-0.9635462,1.0,-0.09318364,0.02252252,-0.9953941,0.0,0.03559748,0.9991803,0.01927574,0.0,-0.9950122,0.03363733,0.09390911,0.0,-0.9929555,1.662183,-0.8558112,1.0,1.0,1.0,-0.1321561,-0.1382709,0.9815375,0.005335137,-0.003289719,-0.01633529,73.71111,4616.0,-0.175,-0.246
1.0,-0.02466857,-0.1314114,1.000002,-0.2379193,-0.1619225,0.9999818,-0.1312948,-0.1466672,0.9999918,-0.09331644,0.0358026,-0.9949926,0.0,0.02233368,0.999177,0.03385859,0.0,-0.9953859,0.01906229,0.0940392,0.0,-0.9817054,-1.608976,-0.9637581,1.0,-0.0933164,0.02233369,-0.9953861,0.0,0.0358026,0.999177,0.01906229,0.0,-0.9949927,0.03385858,0.09403925,0.0,-0.9929359,1.662208,-0.8558741,1.0,1.0,1.0,-0.1319517,-0.1384692,0.9815371,0.005334221,-0.00328978,-0.01633672,73.72222,4617.0,-0.175,-0.246
1.0,-0.0230891,-0.1324828,0.9999931,-0.238051,-0.1619536,1.000039,-0.1305683,-0.1472179,1.000016,-0.0930022,0.03579615,-0.9950222,0.0,0.02215956,0.9991804,0.03387454,0.0,-0.9954193,0.01889885,0.09371924,0.0,-0.9813597,-1.609118,-0.9640193,1.0,-0.09300224,0.02215956,-0.9954193,0.0,0.03579615,0.9991805,0.01889885,0.0,-0.9950222,0.03387455,0.0937192,0.0,-0.992889,1.662202,-0.8561068,1.0,1.0,1.0,-0.1312483,-0.1389997,0.9815564,0.005332946,-0.003290367,-0.01633866,73.74445,4618.0,-0.175,-0.246
1.0,-0.02236487,-0.1323124,0.9999447,-0.2381248,-0.1619419,0.9999113,-0.1302459,-0.1471273,0.9999279,-0.09315848,0.03576497,-0.9950088,0.0,0.02204027,0.9991838,0.0338515,0.0,-0.9954074,0.01877671,0.09387076,0.0,-0.9813605,-1.609266,-0.9637886,1.0,-0.09315852,0.02204027,-0.9954072,0.0,0.03576497,0.9991838,0.0187767,0.0,-0.9950088,0.03385149,0.09387071,0.0,-0.9928449,1.662207,-0.8561651,1.0,1.0,1.0,-0.1309528,-0.1389283,0.981606,0.005331215,-0.00329348,-0.01634082,73.75555,4619.0,-0.175,-0.246
1.0,-0.02403063,-0.1339181,0.9999268,-0.2376594,-0.1624447,0.9999208,-0.1308452,-0.1481815,0.9999238,-0.09305549,0.03559813,-0.9950244,0.0,0.02202274,0.9991897,0.03368757,0.0,-0.9954174,0.01877835,0.09376407,0.0,-0.9813507,-1.609482,-0.9634818,1.0,-0.09305549,0.02202274,-0.9954172,0.0,0.03559813,0.9991898,0.01877835,0.0,-0.9950243,0.03368757,0.09376404,0.0,-0.9927133,1.662247,-0.85629,1.0,1.0,1.0,-0.1315014,-0.1399121,0.9813929,0.005329758,-0.003297302,-0.01634838,73.77778,4620.0,-0.175,-0.246
1.0,-0.02350583,-0.1351502,0.9998519,-0.2359356,-0.1623937,0.999831,-0.1297216,-0.1487723,0.9998414,-0.09313762,0.03545597,-0.9950218,0.0,0.02197702,0.9991955,0.03354757,0.0,-0.9954108,0.01874307,0.09384191,0.0,-0.9813591,-1.609642,-0.9630523,1.0,-0.09313761,0.02197701,-0.9954105,0.0,0.03545597,0.9991955,0.01874307,0.0,-0.9950216,0.03354757,0.09384188,0.0,-0.9925879,1.662222,-0.8563109,1.0,1.0,1.0,-0.1304313,-0.1405002,0.9814517,0.005327447,-0.003298004,-0.01635545,73.78889,4621.0,-0.175,-0.246
1.0,-0.02504346,-0.1348223,1.000046,-0.2363037,-0.1629976,1.000051,-0.1306734,-0.14891,1.000049,-0.09320772,0.03559624,-0.9950103,0.0,0.0216938,0.9991961,0.03371382,0.0,-0.9954104,0.01844317,0.09390509,0.0,-0.9810162,-1.609759,-0.9632164,1.0,-0.09320779,0.0216938,-0.9954101,0.0,0.03559624,0.9991961,0.01844316,0.0,-0.9950101,0.03371381,0.09390497,0.0,-0.992547,1.662221,-0.8563736,1.0,1.0,1.0,-0.1313048,-0.1405852,0.981323,0.005325821,-0.003298325,-0.01636011,73.81111,4622.0,-0.175,-0.246
1.0,-0.02515459,-0.1360461,0.9998922,-0.2363668,-0.1628764,0.9998852,-0.130761,-0.1494612,0.9998887,-0.09322083,0.03537111,-0.9950171,0.0,0.02150388,0.9992072,0.03350541,0.0,-0.9954133,0.01827332,0.09390759,0.0,-0.9807638,-1.61012,-0.9627951,1.0,-0.09322087,0.02150388,-0.9954131,0.0,0.0353711,0.9992071,0.01827332,0.0,-0.9950169,0.03350541,0.09390751,0.0,-0.9924734,1.662192,-0.8564292,1.0,1.0,1.0,-0.1313967,-0.1411265,0.981233,0.005324714,-0.003298355,-0.01636086,73.82223,4623.0,-0.175,-0.246
1.0,-0.02545682,-0.1367273,1.00008,-0.2367268,-0.1639982,1.000083,-0.1310916,-0.1503628,1.000081,-0.0931921,0.03531357,-0.9950218,0.0,0.02164794,0.9992064,0.03343458,0.0,-0.9954129,0.01842434,0.09388268,0.0,-0.9810409,-1.609932,-0.962792,1.0,-0.09319215,0.02164795,-0.9954126,0.0,0.03531357,0.9992065,0.01842433,0.0,-0.9950215,0.03343457,0.09388259,0.0,-0.9925717,1.662082,-0.8564892,1.0,1.0,1.0,-0.1316691,-0.1419485,0.981078,0.005323532,-0.003297882,-0.01636025,73.83334,4624.0,-0.175,-0.246
1.0,-0.0231086,-0.1370297,0.999961,-0.237148,-0.1632102,0.9999862,-0.1301273,-0.1501199,0.9999737,-0.09305966,0.03574297,-0.9950187,0.0,0.0218625,0.9991878,0.03384802,0.0,-0.9954205,0.01860371,0.0937655,0.0,-0.9812467,-1.609266,-0.9634889,1.0,-0.09305964,0.0218625,-0.9954204,0.0,0.03574297,0.9991878,0.01860371,0.0,-0.9950188,0.03384803,0.09376551,0.0,-0.992484,1.662024,-0.8564726,1.0,1.0,1.0,-0.1307707,-0.1417497,0.9812269,0.005322731,-0.003298058,-0.01636466,73.85556,4625.0,-0.175,-0.246
1.0,-0.02313586,-0.136468,0.9999483,-0.2376057,-0.1639621,0.9999951,-0.130369,-0.1502148,0.9999716,-0.09286559,0.03592886,-0.9950303,0.0,0.02187497,0.9991812,0.03403717,0.0,-0.9954385,0.01860538,0.09357548,0.0,-0.9811332,-1.60912,-0.9638959,1.0,-0.09286556,0.02187497,-0.9954382,0.0,0.03592886,0.9991812,0.01860537,0.0,-0.9950301,0.03403717,0.09357546,0.0,-0.9924051,1.662073,-0.8565221,1.0,1.0,1.0,-0.1309981,-0.1418357,0.9811841,0.005322182,-0.003297867,-0.0163645,73.86667,4626.0,-0.175,-0.246
1.0,-0.02308574,-0.1365983,0.9998597,-0.2375116,-0.1642077,0.9999024,-0.1302971,-0.1504028,0.9998812,-0.09243536,0.03620111,-0.9950604,0.0,0.02218772,0.9991657,0.03428935,0.0,-0.9954715,0.01890858,0.09316146,0.0,-0.9813235,-1.608626,-0.9644691,1.0,-0.09243537,0.02218772,-0.9954715,0.0,0.03620111,0.9991655,0.01890858,0.0,-0.9950604,0.03428935,0.09316146,0.0,-0.9921799,1.662128,-0.8566114,1.0,1.0,1.0,-0.1309375,-0.142028,0.9811643,0.005321937,-0.003297013,-0.01636411,73.88889,4627.0,-0.175,-0.246
1.0,-0.02308902,-0.136526,0.9999113,-0.2368348,-0.1633217,0.999934,-0.129961,-0.1499238,0.9999225,-0.09231555,0.03613598,-0.995074,0.0,0.02232139,0.9991652,0.03421374,0.0,-0.9954797,0.01905297,0.09304512,0.0,-0.9814399,-1.608561,-0.9643757,1.0,-0.09231554,0.02232139,-0.9954793,0.0,0.03613598,0.9991653,0.01905297,0.0,-0.9950738,0.03421374,0.09304506,0.0,-0.9921002,1.66212,-0.8566249,1.0,1.0,1.0,-0.1306229,-0.1415755,0.9812717,0.005322861,-0.003296211,-0.01636543,73.9,4628.0,-0.175,-0.246
1.0,-0.02309515,-0.1365707,1.000009,-0.2370661,-0.1633842,1.000082,-0.1300779,-0.149977,1.000045,-0.09198511,0.03613318,-0.9951047,0.0,0.02219183,0.9991676,0.03422935,0.0,-0.9955132,0.0189346,0.09271038,0.0,-0.9809142,-1.608613,-0.9647189,1.0,-0.09198506,0.02219182,-0.9955129,0.0,0.03613318,0.9991677,0.0189346,0.0,-0.9951045,0.03422935,0.09271038,0.0,-0.9921013,1.662064,-0.8566149,1.0,1.0,1.0,-0.1307181,-0.1416072,0.9812544,0.005323594,-0.003296166,-0.01636598,73.91111,4629.0,-0.175,-0.246
1.0,-0.02320282,-0.1370346,0.9998981,-0.2370342,-0.1627074,0.999949,-0.1301166,-0.1498708,0.9999236,-0.09164727,0.03597835,-0.9951414,0.0,0.02226331,0.9991713,0.03407372,0.0,-0.9955426,0.01903238,0.0923723,0.0,-0.9807214,-1.608645,-0.9646822,1.0,-0.09164724,0.02226331,-0.9955426,0.0,0.03597836,0.9991714,0.01903238,0.0,-0.9951413,0.03407372,0.09237231,0.0,-0.9919991,1.662017,-0.8566236,1.0,1.0,1.0,-0.1307716,-0.1415228,0.9812594,0.005323273,-0.00329586,-0.01636597,73.93333,4630.0,-0.175,-0.246
1.0,-0.02328642,-0.1382615,0.9997996,-0.2382206,-0.1624774,0.9998264,-0.1307523,-0.1503694,0.999813,-0.09151697,0.03595378,-0.9951543,0.0,0.02231619,0.9991711,0.03404664,0.0,-0.9955535,0.01909221,0.09224343,0.0,-0.9806657,-1.608639,-0.9645611,1.0,-0.09151693,0.02231619,-0.9955533,0.0,0.03595378,0.9991711,0.01909221,0.0,-0.9951542,0.03404664,0.09224345,0.0,-0.9917979,1.66203,-0.8566181,1.0,1.0,1.0,-0.1313792,-0.1420026,0.981109,0.005323051,-0.003291161,-0.01636578,73.94444,4631.0,-0.175,-0.246
1.0,-0.02292178,-0.1385014,0.9997194,-0.2365833,-0.1622679,0.9997579,-0.1297513,-0.1503846,0.9997388,-0.09112895,0.03587048,-0.9951929,0.0,0.0222403,0.9991751,0.03397749,0.0,-0.9955909,0.01903706,0.09185159,0.0,-0.9802467,-1.608836,-0.9644543,1.0,-0.09112897,0.0222403,-0.9955906,0.0,0.03587048,0.9991751,0.01903705,0.0,-0.9951928,0.03397749,0.09185153,0.0,-0.991437,1.66208,-0.8567103,1.0,1.0,1.0,-0.1304378,-0.1420472,0.9812281,0.005322953,-0.003288216,-0.01636749,73.96667,4632.0,-0.175,-0.246
