flag,xl,yl,zl,xr,yr,zr,xc,yc,zc,mat_00,mat_10,mat_20,mat_30,mat_01,mat_11,mat_21,mat_31,mat_02,mat_12,mat_22,mat_32,mat_03,mat_13,mat_23,mat_33,ctw_00,ctw_10,ctw_20,ctw_30,ctw_01,ctw_11,ctw_21,ctw_31,ctw_02,ctw_12,ctw_22,ctw_32,ctw_03,ctw_13,ctw_23,ctw_33,opennessl,opennessr,ray_x,ray_y,ray_z,eye_x,eye_y,eye_z,time,frame,u,v
6.0,-0.1542632,-0.1034779,0.9999608,-0.2463862,-0.1139107,0.9999377,-0.2003251,-0.1086944,0.9999493,-0.2375143,-0.02336148,-0.9711031,0.0,0.001530224,0.9997005,-0.0244237,0.0,-0.9713829,0.007286982,0.2374074,0.0,-1.125335,-1.564455,-0.5285727,1.0,-0.2375143,0.001530221,-0.9713827,0.0,-0.02336148,0.9997004,0.007286981,0.0,-0.9711031,-0.0244237,0.2374073,0.0,-0.8171296,1.552799,-0.9562436,1.0,0.7656323,0.9602067,-0.1901161,-0.09981429,0.9766745,-0.001306778,-0.004206757,-0.02245744,37.85556,2328.0,-0.175,-0.15849999999999997
6.0,-0.1537108,-0.1028633,1.000173,-0.2461765,-0.1145279,1.000173,-0.1999437,-0.1086956,1.000173,-0.237488,-0.0235319,-0.9711055,0.0,0.001614932,0.9996956,-0.02461964,0.0,-0.9713892,0.007415138,0.2373778,0.0,-1.125483,-1.564418,-0.5284871,1.0,-0.237488,0.001614932,-0.9713892,0.0,-0.0235319,0.9996955,0.007415138,0.0,-0.9711053,-0.02461963,0.2373777,0.0,-0.8173191,1.552748,-0.9562303,1.0,0.7485924,0.9554966,-0.1897288,-0.09980235,0.976751,-0.001304099,-0.004206673,-0.02245131,37.86667,2329.0,-0.175,-0.15849999999999997
6.0,-0.1529555,-0.1037459,1.000294,-0.2456135,-0.1155,1.000284,-0.1992846,-0.1096231,1.000289,-0.2377466,-0.02398283,-0.9710311,0.0,0.00145063,0.9996852,-0.02504571,0.0,-0.9713262,0.007363138,0.2376369,0.0,-1.125333,-1.564792,-0.5279042,1.0,-0.2377465,0.00145063,-0.9713261,0.0,-0.02398283,0.9996852,0.007363138,0.0,-0.9710311,-0.02504571,0.237637,0.0,-0.8176836,1.55271,-0.9560941,1.0,0.7572741,0.9490696,-0.1890892,-0.1006805,0.9767849,-0.001299812,-0.004206749,-0.02244757,37.88889,2330.0,-0.175,-0.15849999999999997
6.0,-0.1539038,-0.1041111,1.000081,-0.2453058,-0.1142699,1.000077,-0.1996048,-0.1091904,1.000079,-0.2377688,-0.02424415,-0.9710193,0.0,0.001558594,0.9996777,-0.02534133,0.0,-0.9713207,0.007538798,0.2376543,0.0,-1.125504,-1.564856,-0.5275338,1.0,-0.2377687,0.001558591,-0.9713203,0.0,-0.02424414,0.9996776,0.007538799,0.0,-0.971019,-0.02534133,0.2376542,0.0,-0.8177935,1.552737,-0.9560574,1.0,0.7366361,0.9573856,-0.1894328,-0.1002855,0.976759,-0.00129692,-0.004206345,-0.02244283,37.9,2331.0,-0.175,-0.15849999999999997
6.0,-0.1533912,-0.1028878,0.9999323,-0.2450805,-0.1147673,0.9999198,-0.1992357,-0.1088275,0.999926,-0.2378621,-0.02454447,-0.9709889,0.0,0.001488768,0.9996703,-0.02563418,0.0,-0.9712979,0.007542976,0.2377472,0.0,-1.125471,-1.565171,-0.5269425,1.0,-0.2378621,0.001488766,-0.9712977,0.0,-0.02454447,0.9996703,0.007542977,0.0,-0.9709887,-0.02563418,0.2377471,0.0,-0.8177784,1.552823,-0.9560825,1.0,0.7546242,0.9575261,-0.1891297,-0.09996201,0.9768509,-0.001294724,-0.004208328,-0.02243545,37.91111,2332.0,-0.175,-0.15849999999999997
6.0,-0.1529466,-0.1028344,0.9999421,-0.2460478,-0.1145145,0.9999244,-0.1994973,-0.1086744,0.9999333,-0.2381791,-0.02502727,-0.9708987,0.0,0.001308383,0.9996588,-0.0260896,0.0,-0.9712204,0.007484302,0.238065,0.0,-1.125312,-1.56562,-0.5258796,1.0,-0.238179,0.001308382,-0.9712204,0.0,-0.02502727,0.9996588,0.007484305,0.0,-0.9708987,-0.0260896,0.2380651,0.0,-0.8177848,1.552838,-0.9560152,1.0,0.7346677,0.9592478,-0.1893739,-0.09981117,0.976819,-0.001293373,-0.004209343,-0.02243236,37.93333,2333.0,-0.175,-0.15849999999999997
6.0,-0.1532508,-0.1030281,1.000077,-0.246592,-0.1145707,1.000053,-0.1999214,-0.1087994,1.000065,-0.2384157,-0.02516109,-0.9708373,0.0,0.001346628,0.9996548,-0.02623866,0.0,-0.9711624,0.007563063,0.2382996,0.0,-1.125522,-1.565718,-0.5255029,1.0,-0.2384157,0.001346624,-0.9711621,0.0,-0.02516109,0.9996548,0.007563063,0.0,-0.9708371,-0.02623866,0.2382995,0.0,-0.817915,1.552904,-0.9559953,1.0,0.750451,0.9560738,-0.18974,-0.09990964,0.9767378,-0.0012929,-0.004209664,-0.02242914,37.94445,2334.0,-0.175,-0.15849999999999997
6.0,-0.153936,-0.1031103,1.000143,-0.2477858,-0.1134041,1.000131,-0.2008611,-0.1082572,1.000137,-0.2387323,-0.02572775,-0.9707445,0.0,0.001541116,0.9996377,-0.02687251,0.0,-0.9710841,0.007911366,0.2386062,0.0,-1.126064,-1.565764,-0.5245932,1.0,-0.2387324,0.001541115,-0.9710843,0.0,-0.02572775,0.9996377,0.007911368,0.0,-0.9707446,-0.02687251,0.2386062,0.0,-0.8183575,1.552835,-0.9559441,1.0,0.7393574,0.9537527,-0.1906035,-0.09937264,0.9766245,-0.001291809,-0.00421045,-0.02242651,37.96667,2335.0,-0.175,-0.15849999999999997
6.0,-0.1552122,-0.1037512,1.000061,-0.2478281,-0.1154094,1.000031,-0.2015204,-0.1095804,1.000046,-0.2390507,-0.025662,-0.970668,0.0,0.001541113,0.9996395,-0.02680746,0.0,-0.971006,0.007904251,0.238925,0.0,-1.126288,-1.565767,-0.5244318,1.0,-0.2390507,0.001541111,-0.9710057,0.0,-0.02566199,0.9996393,0.007904252,0.0,-0.9706678,-0.02680746,0.238925,0.0,-0.8184696,1.55288,-0.9559559,1.0,0.7393574,0.9537527,-0.1912029,-0.1006193,0.9763796,-0.001291786,-0.004211113,-0.02242276,37.97778,2336.0,-0.175,-0.15849999999999997
6.0,-0.1551851,-0.1039603,0.9998986,-0.2479934,-0.1153472,0.9998742,-0.2015895,-0.1096539,0.9998863,-0.2392565,-0.02606137,-0.9706067,0.0,0.001646312,0.9996274,-0.02724642,0.0,-0.9709551,0.008116798,0.2391244,0.0,-1.1266,-1.565914,-0.5234855,1.0,-0.2392564,0.001646308,-0.9709548,0.0,-0.02606137,0.9996274,0.008116801,0.0,-0.9706065,-0.02724642,0.2391244,0.0,-0.8184545,1.552922,-0.9559891,1.0,0.7377799,0.9469639,-0.1912943,-0.1007023,0.9763532,-0.001291419,-0.004211968,-0.02242114,37.98889,2337.0,-0.175,-0.15849999999999997
6.0,-0.1549793,-0.1042296,1.000013,-0.2489299,-0.1136105,0.9999768,-0.201955,-0.1089201,0.9999949,-0.2396263,-0.02609006,-0.9705146,0.0,0.001721757,0.9996259,-0.02729777,0.0,-0.9708636,0.008212254,0.2394917,0.0,-1.127017,-1.565876,-0.5230561,1.0,-0.2396263,0.001721759,-0.9708637,0.0,-0.02609007,0.9996259,0.008212253,0.0,-0.9705145,-0.02729777,0.2394917,0.0,-0.8185503,1.552952,-0.9560531,1.0,0.7377799,0.9469639,-0.1916254,-0.09998814,0.9763616,-0.001291084,-0.004216164,-0.02241895,38.0,2338.0,-0.175,-0.15849999999999997
6.0,-0.155043,-0.1041201,1.000015,-0.2488648,-0.1136109,0.9999908,-0.2019542,-0.1088655,1.000003,-0.2403157,-0.0264313,-0.9703351,0.0,0.001608388,0.999617,-0.02762726,0.0,-0.9706936,0.008199934,0.2401811,0.0,-1.127301,-1.566181,-0.5218803,1.0,-0.2403156,0.001608385,-0.9706934,0.0,-0.02643129,0.999617,0.008199938,0.0,-0.9703347,-0.02762726,0.2401811,0.0,-0.8187026,1.552976,-0.956075,1.0,0.7420443,0.9442533,-0.1916246,-0.09993475,0.9763672,-0.001291092,-0.004217049,-0.02241695,38.02222,2339.0,-0.175,-0.15849999999999997
6.0,-0.1551456,-0.1053898,1.000004,-0.2486774,-0.113477,0.9999889,-0.2019116,-0.1094333,0.9999963,-0.2407043,-0.02673047,-0.9702303,0.0,0.001644418,0.999608,-0.02794781,0.0,-0.9705971,0.008322621,0.240566,0.0,-1.127631,-1.566373,-0.5210213,1.0,-0.2407043,0.001644417,-0.970597,0.0,-0.02673047,0.999608,0.008322622,0.0,-0.9702303,-0.02794781,0.240566,0.0,-0.8188062,1.553052,-0.956099,1.0,0.7464229,0.9548745,-0.1915768,-0.1004728,0.9763214,-0.001291062,-0.004217957,-0.02241445,38.04445,2340.0,-0.175,-0.15849999999999997
6.0,-0.1559841,-0.1055728,1.000083,-0.248684,-0.1131133,1.000052,-0.2023343,-0.1093431,1.000067,-0.2410401,-0.0266799,-0.9701484,0.0,0.001774873,0.9996083,-0.02793106,0.0,-0.9705136,0.008454392,0.2408983,0.0,-1.128078,-1.566203,-0.5207973,1.0,-0.24104,0.001774873,-0.9705135,0.0,-0.0266799,0.9996082,0.008454393,0.0,-0.9701483,-0.02793105,0.2408983,0.0,-0.8189487,1.553045,-0.9561146,1.0,0.7408577,0.9551483,-0.1919546,-0.1003716,0.9762576,-0.001291062,-0.004219162,-0.02241385,38.05556,2341.0,-0.175,-0.15849999999999997
6.0,-0.156641,-0.1049117,1.000067,-0.2488026,-0.1131014,1.000072,-0.2027218,-0.1090067,1.000069,-0.2409929,-0.02662377,-0.9701617,0.0,0.001745889,0.9996101,-0.0278656,0.0,-0.9705254,0.008409201,0.2408525,0.0,-1.128046,-1.566232,-0.5210057,1.0,-0.2409928,0.001745884,-0.9705251,0.0,-0.02662377,0.9996102,0.008409205,0.0,-0.9701616,-0.0278656,0.2408524,0.0,-0.8190097,1.553073,-0.9561403,1.0,0.7422943,0.9517149,-0.192318,-0.1000442,0.9762197,-0.00129068,-0.004221825,-0.02241002,38.06667,2342.0,-0.175,-0.15849999999999997
6.0,-0.1562747,-0.1051737,0.9998354,-0.2488938,-0.1126597,0.9998385,-0.2025841,-0.1089166,0.999837,-0.2411274,-0.02643306,-0.9701335,0.0,0.001878375,0.9996144,-0.0277032,0.0,-0.9704918,0.008502271,0.2409848,0.0,-1.128355,-1.56608,-0.520969,1.0,-0.2411274,0.001878372,-0.9704916,0.0,-0.02643306,0.9996145,0.008502273,0.0,-0.9701333,-0.02770319,0.2409847,0.0,-0.8188829,1.553163,-0.9561982,1.0,0.7417818,0.9355709,-0.1922365,-0.0999823,0.9762421,-0.001289512,-0.004223297,-0.02240543,38.08889,2343.0,-0.175,-0.15849999999999997
6.0,-0.1563221,-0.1042266,0.9999469,-0.2484509,-0.1124669,0.9999255,-0.2023866,-0.1083468,0.9999362,-0.2413274,-0.02671095,-0.9700763,0.0,0.001666285,0.9996083,-0.02793864,0.0,-0.9704425,0.008358778,0.2411884,0.0,-1.128144,-1.566387,-0.520366,1.0,-0.2413274,0.00166628,-0.9704422,0.0,-0.02671094,0.9996082,0.008358779,0.0,-0.970076,-0.02793863,0.2411883,0.0,-0.8188862,1.553114,-0.9561992,1.0,0.7393467,0.9510427,-0.1920508,-0.09943392,0.9763347,-0.00128672,-0.004227654,-0.02240156,38.1,2344.0,-0.175,-0.15849999999999997
6.0,-0.1567247,-0.1050449,1.000033,-0.247734,-0.1120083,1.000019,-0.2022295,-0.1085268,1.000026,-0.2416,-0.02672904,-0.9700077,0.0,0.00092074,0.9996138,-0.02777418,0.0,-0.9703755,0.007603371,0.2414821,0.0,-1.127168,-1.567046,-0.5205154,1.0,-0.2416001,0.0009207423,-0.9703755,0.0,-0.02672904,0.9996137,0.007603368,0.0,-0.9700078,-0.02777418,0.2414821,0.0,-0.8191136,1.553022,-0.9561664,1.0,0.7404701,0.9557187,-0.191892,-0.09959739,0.9763492,-0.001282929,-0.004229782,-0.02239291,38.12222,2345.0,-0.175,-0.15849999999999997
6.0,-0.1569196,-0.1057919,1.00006,-0.2473443,-0.1114245,1.000055,-0.202132,-0.1086083,1.000058,-0.2416466,-0.02665209,-0.9699984,0.0,0.0005813632,0.9996186,-0.02761079,0.0,-0.9703642,0.007235974,0.241539,0.0,-1.126693,-1.567386,-0.5207584,1.0,-0.2416466,0.0005813629,-0.9703642,0.0,-0.02665209,0.9996186,0.007235975,0.0,-0.9699981,-0.02761078,0.241539,0.0,-0.8191702,1.553064,-0.9561773,1.0,0.7212271,0.9480444,-0.1917983,-0.09967074,0.9763601,-0.001280379,-0.004233101,-0.02238854,38.13334,2346.0,-0.175,-0.15849999999999997
6.0,-0.1571809,-0.1058604,1.00006,-0.2478224,-0.1111755,1.000056,-0.2025019,-0.1085181,1.000058,-0.2416921,-0.02621325,-0.9699989,0.0,0.0005279044,0.9996313,-0.02714558,0.0,-0.9703528,0.007072938,0.2415891,0.0,-1.126721,-1.567219,-0.5214145,1.0,-0.241692,0.0005279061,-0.9703529,0.0,-0.02621325,0.9996313,0.007072939,0.0,-0.9699988,-0.02714558,0.2415891,0.0,-0.8191729,1.553082,-0.9562643,1.0,0.7328691,0.9604861,-0.1921413,-0.09957805,0.9763021,-0.001279815,-0.004234329,-0.0223849,38.15556,2347.0,-0.175,-0.15849999999999997
6.0,-0.1575048,-0.1056359,1.000154,-0.2483792,-0.1114227,1.000139,-0.2029422,-0.1085291,1.000147,-0.2418468,-0.02629428,-0.9699581,0.0,0.0006940076,0.9996278,-0.02727163,0.0,-0.9703141,0.007268714,0.2417386,0.0,-1.127069,-1.566991,-0.5212341,1.0,-0.2418468,0.000694007,-0.9703142,0.0,-0.02629428,0.9996278,0.007268714,0.0,-0.9699581,-0.02727162,0.2417386,0.0,-0.8193561,1.552975,-0.9562185,1.0,0.7240501,0.9544907,-0.1925315,-0.09957159,0.976226,-0.001279159,-0.00423552,-0.02238022,38.16667,2348.0,-0.175,-0.15849999999999997
6.0,-0.1580639,-0.1055265,1.00008,-0.2484927,-0.1109834,1.000082,-0.2032783,-0.1082549,1.000081,-0.2418597,-0.02582767,-0.9699676,0.0,0.0009376071,0.999639,-0.02685153,0.0,-0.9703109,0.007403749,0.2417481,0.0,-1.127427,-1.566448,-0.5219221,1.0,-0.2418595,0.0009376071,-0.9703106,0.0,-0.02582766,0.999639,0.007403749,0.0,-0.9699673,-0.02685153,0.241748,0.0,-0.819384,1.552925,-0.9561834,1.0,0.7442714,0.9381427,-0.192858,-0.09931129,0.976188,-0.001278961,-0.004236542,-0.02237708,38.17778,2349.0,-0.175,-0.15849999999999997
6.0,-0.1583288,-0.1056435,1.000075,-0.2484927,-0.111049,1.000069,-0.2034106,-0.1083463,1.000072,-0.2420216,-0.02572791,-0.9699299,0.0,0.000857654,0.9996423,-0.02673006,0.0,-0.9702707,0.00730111,0.241913,0.0,-1.127383,-1.566448,-0.5222623,1.0,-0.2420215,0.0008576497,-0.9702703,0.0,-0.02572791,0.9996424,0.007301112,0.0,-0.9699296,-0.02673005,0.2419128,0.0,-0.8197101,1.552895,-0.9560878,1.0,0.7502936,0.9467902,-0.1929803,-0.0993956,0.9761553,-0.001278976,-0.004237198,-0.02237473,38.2,2350.0,-0.175,-0.15849999999999997
6.0,-0.1588485,-0.1057368,1.000122,-0.2479364,-0.1111235,1.000127,-0.2033923,-0.1084301,1.000124,-0.2419584,-0.0258595,-0.969942,0.0,0.0007683262,0.9996394,-0.02684292,0.0,-0.9702864,0.007240101,0.2418512,0.0,-1.127217,-1.566626,-0.5222797,1.0,-0.2419583,0.0007683262,-0.9702861,0.0,-0.0258595,0.9996394,0.0072401,0.0,-0.9699419,-0.02684292,0.2418512,0.0,-0.8198324,1.552907,-0.9560661,1.0,0.7338521,0.9420136,-0.192952,-0.09947053,0.9761533,-0.001279388,-0.004237129,-0.02237415,38.21111,2351.0,-0.175,-0.15849999999999997
6.0,-0.1430751,-0.1054211,1.00006,-0.2280332,-0.1158313,1.000058,-0.1855539,-0.1106261,1.000059,-0.2419692,-0.0259271,-0.9699376,0.0,0.0007967651,0.9996373,-0.02691977,0.0,-0.9702837,0.007286564,0.2418609,0.0,-1.127242,-1.566611,-0.5222167,1.0,-0.2419692,0.0007967611,-0.9702834,0.0,-0.0259271,0.9996372,0.007286565,0.0,-0.9699373,-0.02691976,0.2418607,0.0,-0.8198931,1.552883,-0.9560257,1.0,0.7427843,0.9548994,-0.1763669,-0.1019352,0.9790322,-0.001357505,-0.004166008,-0.02243775,38.22222,2352.0,-0.175,-0.15849999999999997
6.0,-0.1440887,-0.1064614,1.000078,-0.2333443,-0.1057678,1.000084,-0.1887163,-0.1061145,1.000081,-0.2415296,-0.02607128,-0.9700432,0.0,0.0008754665,0.9996328,-0.02708452,0.0,-0.9703931,0.007390951,0.2414181,0.0,-1.127087,-1.566634,-0.5225366,1.0,-0.2415296,0.000875462,-0.970393,0.0,-0.02607127,0.9996327,0.007390952,0.0,-0.9700431,-0.02708452,0.241418,0.0,-0.819952,1.552893,-0.9559882,1.0,0.7706702,0.959309,-0.1793738,-0.09761113,0.9789265,-0.001351417,-0.004154625,-0.02245743,38.24445,2353.0,-0.175,-0.15849999999999997
6.0,-0.1428328,-0.1031357,1.000139,-0.2326146,-0.1074935,1.000167,-0.1877234,-0.1053146,1.000153,-0.2412237,-0.02607164,-0.9701194,0.0,0.001039175,0.9996316,-0.02712316,0.0,-0.9704691,0.00755087,0.2411077,0.0,-1.127198,-1.566523,-0.5229329,1.0,-0.2412236,0.001039172,-0.9704689,0.0,-0.02607163,0.9996315,0.007550872,0.0,-0.9701192,-0.02712316,0.2411077,0.0,-0.8200558,1.552934,-0.9559986,1.0,0.7706702,0.959309,-0.178456,-0.09685905,0.9791689,-0.001350159,-0.00415847,-0.02245703,38.25556,2354.0,-0.175,-0.15849999999999997
6.0,-0.1437238,-0.1042832,1.000087,-0.2337847,-0.1077517,1.0001,-0.1887542,-0.1060174,1.000093,-0.2408582,-0.02641355,-0.970201,0.0,0.001143919,0.9996212,-0.0274985,0.0,-0.9705598,0.007733067,0.2407367,0.0,-1.127114,-1.566675,-0.5229831,1.0,-0.2408581,0.001143917,-0.9705595,0.0,-0.02641354,0.9996211,0.007733068,0.0,-0.9702008,-0.02749849,0.2407367,0.0,-0.8202545,1.55299,-0.9559146,1.0,0.7694025,0.9687406,-0.1794098,-0.09751314,0.9789296,-0.001350097,-0.00415934,-0.02245703,38.27778,2355.0,-0.175,-0.15849999999999997
6.0,-0.1437092,-0.1042752,1.0,-0.2337655,-0.1077418,1.0,-0.1887373,-0.1060084,1.0,-0.2408582,-0.02641355,-0.970201,0.0,0.001143919,0.9996212,-0.0274985,0.0,-0.9705598,0.007733067,0.2407367,0.0,-1.127114,-1.566675,-0.5229831,1.0,-0.2408581,0.001143917,-0.9705595,0.0,-0.02641354,0.9996211,0.007733068,0.0,-0.9702008,-0.02749849,0.2407367,0.0,-0.8202545,1.55299,-0.9559146,1.0,0.7694025,0.9687406,-0.1794098,-0.09751314,0.9789296,-0.001350097,-0.00415934,-0.02245703,38.28889,2356.0,-0.175,-0.15849999999999997
6.0,-0.1453653,-0.1042594,1.000222,-0.2339746,-0.107192,1.000257,-0.18967,-0.1057258,1.00024,-0.2404594,-0.02665436,-0.9702931,0.0,0.001043042,0.9996153,-0.02771834,0.0,-0.9706586,0.007677193,0.240339,0.0,-1.126628,-1.566941,-0.5232828,1.0,-0.2404594,0.001043044,-0.9706587,0.0,-0.02665436,0.9996152,0.007677193,0.0,-0.9702932,-0.02771834,0.2403391,0.0,-0.8204117,1.553009,-0.9557759,1.0,0.7578198,0.9475018,-0.1802369,-0.09720661,0.9788082,-0.001350494,-0.004160187,-0.02245974,38.3,2357.0,-0.175,-0.15849999999999997
6.0,-0.1453856,-0.1052151,1.000153,-0.2332377,-0.1068309,1.000184,-0.1893114,-0.1060229,1.000168,-0.2398616,-0.0273932,-0.9704206,0.0,0.00118113,0.9995928,-0.02850862,0.0,-0.9708065,0.007984316,0.2397316,0.0,-1.126452,-1.567222,-0.5230417,1.0,-0.2398615,0.001181131,-0.9708063,0.0,-0.0273932,0.9995929,0.007984316,0.0,-0.9704204,-0.02850862,0.2397316,0.0,-0.820694,1.553003,-0.9556639,1.0,0.7729126,0.9411168,-0.1799121,-0.09750066,0.9788388,-0.0013506,-0.004160386,-0.02246018,38.32222,2358.0,-0.175,-0.15849999999999997
6.0,-0.1464237,-0.1050374,1.000119,-0.2328434,-0.1065781,1.000144,-0.1896334,-0.1058078,1.000131,-0.2395823,-0.02754766,-0.9704852,0.0,0.001345061,0.999587,-0.02870578,0.0,-0.9708751,0.008182758,0.2394463,0.0,-1.126496,-1.567135,-0.5231577,1.0,-0.2395823,0.001345061,-0.9708751,0.0,-0.02754766,0.999587,0.008182758,0.0,-0.9704851,-0.02870578,0.2394463,0.0,-0.820776,1.552985,-0.955595,1.0,0.7624823,0.9623675,-0.1802199,-0.09729378,0.9788027,-0.00135076,-0.004161049,-0.02246105,38.33334,2359.0,-0.175,-0.15849999999999997
6.0,-0.1466374,-0.1060986,1.000126,-0.2325708,-0.1070267,1.00014,-0.1896038,-0.1065627,1.000133,-0.2392923,-0.02783563,-0.9705487,0.0,0.001735159,0.9995751,-0.02909593,0.0,-0.9709463,0.008646481,0.2391423,0.0,-1.126918,-1.56701,-0.5230377,1.0,-0.2392921,0.001735153,-0.9709457,0.0,-0.02783562,0.9995751,0.008646483,0.0,-0.9705483,-0.02909593,0.2391422,0.0,-0.8209147,1.553081,-0.9555468,1.0,0.7564407,0.9458243,-0.1801796,-0.09800949,0.9787387,-0.001350808,-0.004161751,-0.0224617,38.35556,2360.0,-0.175,-0.15849999999999997
6.0,-0.1466555,-0.1060774,1.000229,-0.2326087,-0.1072944,1.000236,-0.1896321,-0.1066859,1.000233,-0.2391974,-0.02825173,-0.9705599,0.0,0.001479595,0.9995648,-0.02946068,0.0,-0.9709699,0.008482952,0.2390515,0.0,-1.126451,-1.567433,-0.5228214,1.0,-0.2391973,0.001479596,-0.9709698,0.0,-0.02825173,0.9995649,0.008482953,0.0,-0.97056,-0.02946068,0.2390515,0.0,-0.8211563,1.553015,-0.9554724,1.0,0.7735268,0.9591439,-0.1801866,-0.09811639,0.9787267,-0.001350838,-0.004161835,-0.02246209,38.36667,2361.0,-0.175,-0.15849999999999997
6.0,-0.1467588,-0.1066455,1.000101,-0.2319771,-0.108466,1.000092,-0.1893678,-0.1075558,1.000097,-0.2389766,-0.02860646,-0.9706038,0.0,0.0009928634,0.9995582,-0.02970428,0.0,-0.9710248,0.008062306,0.2388426,0.0,-1.125625,-1.568181,-0.5229501,1.0,-0.2389766,0.0009928638,-0.971025,0.0,-0.02860646,0.9995583,0.008062308,0.0,-0.9706038,-0.02970429,0.2388427,0.0,-0.8214355,1.553072,-0.9554637,1.0,0.7738843,0.9510377,-0.1799493,-0.0989572,0.9786857,-0.001351425,-0.004162475,-0.02246429,38.38889,2362.0,-0.175,-0.15849999999999997
6.0,-0.1454991,-0.1066407,1.000092,-0.2312825,-0.1084064,1.000115,-0.1883905,-0.1075235,1.000103,-0.2387017,-0.02880868,-0.9706655,0.0,0.0006408216,0.999555,-0.02982369,0.0,-0.9710928,0.007740987,0.238577,0.0,-1.125035,-1.568689,-0.5231342,1.0,-0.2387017,0.0006408195,-0.9710928,0.0,-0.02880868,0.9995549,0.00774099,0.0,-0.9706655,-0.02982369,0.238577,0.0,-0.821528,1.55311,-0.9555624,1.0,0.7779354,0.957428,-0.1790427,-0.09894187,0.9788535,-0.001351784,-0.004163323,-0.02246613,38.4,2363.0,-0.175,-0.15849999999999997
6.0,-0.1445352,-0.1066102,1.000092,-0.2319219,-0.1082734,1.000079,-0.1882286,-0.1074417,1.000085,-0.2388456,-0.02876223,-0.9706317,0.0,0.0006581815,0.9995562,-0.0297813,0.0,-0.9710575,0.007751979,0.2387207,0.0,-1.125195,-1.568671,-0.5231432,1.0,-0.2388455,0.0006581785,-0.9710572,0.0,-0.02876222,0.9995562,0.007751982,0.0,-0.9706314,-0.02978129,0.2387206,0.0,-0.8216456,1.553136,-0.9555836,1.0,0.7629554,0.9454452,-0.1788966,-0.09886675,0.9788879,-0.00135202,-0.004164543,-0.02246804,38.41111,2364.0,-0.175,-0.15849999999999997
6.0,-0.1444946,-0.106821,1.000123,-0.232208,-0.1081215,1.000111,-0.1883514,-0.1074713,1.000117,-0.2388763,-0.02878929,-0.9706233,0.0,0.0005297763,0.9995564,-0.02977785,0.0,-0.97105,0.007627429,0.2387551,0.0,-1.125139,-1.568837,-0.5232606,1.0,-0.2388763,0.0005297711,-0.9710497,0.0,-0.02878928,0.9995564,0.007627434,0.0,-0.970623,-0.02977784,0.2387551,0.0,-0.8218234,1.553156,-0.9556686,1.0,0.7581862,0.9539002,-0.179003,-0.09888835,0.9788662,-0.001353173,-0.004166062,-0.02247043,38.43333,2365.0,-0.175,-0.15849999999999997
6.0,-0.1438664,-0.1066094,0.9999934,-0.2316104,-0.1076975,0.9999736,-0.1877386,-0.1071534,0.9999835,-0.2390921,-0.02869042,-0.9705729,0.0,0.0003510565,0.9995608,-0.02963379,0.0,-0.9709969,0.007425932,0.2389771,0.0,-1.125022,-1.568958,-0.5232415,1.0,-0.2390921,0.0003510554,-0.9709967,0.0,-0.02869042,0.9995607,0.007425931,0.0,-0.9705729,-0.02963379,0.238977,0.0,-0.821842,1.553159,-0.9556992,1.0,0.7627493,0.951766,-0.1784622,-0.09860615,0.9789934,-0.001353652,-0.00416954,-0.02247205,38.45555,2366.0,-0.175,-0.15849999999999997
6.0,-0.1441639,-0.1055872,1.000109,-0.2323503,-0.1160595,1.000081,-0.1882573,-0.1108234,1.000095,-0.2394719,-0.02841942,-0.9704874,0.0,-0.0001291791,0.9995725,-0.02923927,0.0,-0.9709035,0.006876613,0.2393732,0.0,-1.124559,-1.569299,-0.5236113,1.0,-0.2394719,-0.0001291822,-0.9709032,0.0,-0.02841942,0.9995725,0.006876615,0.0,-0.9704872,-0.02923926,0.2393731,0.0,-0.8220567,1.553173,-0.9557075,1.0,0.7705553,0.9561012,-0.1788595,-0.1020609,0.9785668,-0.001355308,-0.004173722,-0.02247415,38.47778,2367.0,-0.175,-0.15849999999999997
6.0,-0.1437656,-0.1055228,1.000162,-0.2326587,-0.1175631,1.00014,-0.1882121,-0.1115431,1.000151,-0.2396904,-0.02840572,-0.9704338,0.0,-0.0001487928,0.9995729,-0.02922191,0.0,-0.9708495,0.006859816,0.2395923,0.0,-1.124779,-1.569235,-0.5237224,1.0,-0.2396904,-0.0001487954,-0.9708492,0.0,-0.02840571,0.9995729,0.006859816,0.0,-0.9704336,-0.0292219,0.2395922,0.0,-0.8224117,1.553093,-0.9557461,1.0,0.7633101,0.9503694,-0.1787956,-0.1027375,0.9785076,-0.001355499,-0.004173722,-0.02247431,38.5,2368.0,-0.175,-0.15849999999999997
6.0,-0.1443844,-0.1061033,1.000093,-0.2332478,-0.1199854,1.000084,-0.1888162,-0.1130445,1.000089,-0.2398247,-0.02818317,-0.9704071,0.0,-0.0002612164,0.9995804,-0.02896588,0.0,-0.9708162,0.006693248,0.2397314,0.0,-1.124702,-1.569182,-0.5240512,1.0,-0.2398247,-0.0002612166,-0.9708162,0.0,-0.02818317,0.9995803,0.006693246,0.0,-0.9704071,-0.02896588,0.2397314,0.0,-0.8224987,1.55305,-0.9557441,1.0,0.7749345,0.9469743,-0.1793389,-0.104154,0.9782584,-0.001355371,-0.004173722,-0.02247257,38.51111,2369.0,-0.175,-0.15849999999999997
6.0,-0.144388,-0.1065975,1.000069,-0.2332497,-0.1202591,1.000067,-0.1888188,-0.1134282,1.000068,-0.2398567,-0.02811861,-0.970401,0.0,-0.0003849315,0.9995831,-0.02886906,0.0,-0.9708083,0.006550899,0.2397676,0.0,-1.124583,-1.569261,-0.5242261,1.0,-0.2398567,-0.0003849315,-0.9708081,0.0,-0.02811861,0.9995832,0.006550898,0.0,-0.9704009,-0.02886906,0.2397675,0.0,-0.8225737,1.55304,-0.9557819,1.0,0.7670549,0.9485552,-0.1793387,-0.1045196,0.9782194,-0.001355371,-0.004173722,-0.02247017,38.52222,2370.0,-0.175,-0.15849999999999997
6.0,-0.1445498,-0.1060753,1.000116,-0.2332252,-0.1187064,1.000118,-0.1888873,-0.1123908,1.000117,-0.2397527,-0.02772528,-0.9704382,0.0,-0.0005811974,0.9995961,-0.02841473,0.0,-0.970834,0.006248485,0.2396719,0.0,-1.124256,-1.569247,-0.5252819,1.0,-0.2397526,-0.0005812034,-0.9708336,0.0,-0.02772528,0.9995961,0.006248489,0.0,-0.9704378,-0.02841473,0.2396718,0.0,-0.8228046,1.553034,-0.9557653,1.0,0.7619897,0.9488117,-0.1794123,-0.1035318,0.978311,-0.001355339,-0.004173722,-0.02246972,38.54445,2371.0,-0.175,-0.15849999999999997
6.0,-0.1442485,-0.1047381,1.00011,-0.2331978,-0.1182509,1.000114,-0.188723,-0.1114944,1.000112,-0.2397138,-0.02766215,-0.9704494,0.0,-0.0006526345,0.9995984,-0.02833182,0.0,-0.9708434,0.006158178,0.2396355,0.0,-1.124223,-1.569289,-0.5255499,1.0,-0.2397137,-0.0006526323,-0.9708434,0.0,-0.02766215,0.9995983,0.006158178,0.0,-0.9704494,-0.02833181,0.2396356,0.0,-0.8229211,1.553035,-0.95584,1.0,0.7569166,0.9521415,-0.1792776,-0.1026879,0.9784247,-0.001354828,-0.004172272,-0.02246767,38.55556,2372.0,-0.175,-0.15849999999999997
6.0,-0.1441213,-0.1012574,1.000075,-0.2331279,-0.1171078,1.000062,-0.1886246,-0.1091827,1.000069,-0.2399524,-0.02798492,-0.9703813,0.0,-0.00111548,0.9995917,-0.0285515,0.0,-0.9707841,0.005768555,0.2398857,0.0,-1.123725,-1.569929,-0.525067,1.0,-0.2399524,-0.001115485,-0.9707838,0.0,-0.02798492,0.9995918,0.005768559,0.0,-0.970381,-0.02855149,0.2398856,0.0,-0.8230898,1.553043,-0.9558818,1.0,0.747316,0.9391448,-0.1792355,-0.1005055,0.9786589,-0.001354249,-0.004171578,-0.022462,38.57778,2373.0,-0.175,-0.15849999999999997
6.0,-0.1444038,-0.1015417,1.000186,-0.2333597,-0.1159906,1.000198,-0.1888817,-0.1087663,1.000192,-0.2397822,-0.02823057,-0.9704163,0.0,-0.001233857,0.9995852,-0.02877426,0.0,-0.970826,0.005702199,0.2397176,0.0,-1.123506,-1.570178,-0.5250937,1.0,-0.2397822,-0.001233858,-0.9708259,0.0,-0.02823057,0.9995852,0.005702199,0.0,-0.970416,-0.02877426,0.2397175,0.0,-0.8232831,1.553032,-0.9559011,1.0,0.7486681,0.9395533,-0.1794621,-0.1000966,0.9786593,-0.001352578,-0.00417009,-0.02245941,38.58889,2374.0,-0.175,-0.15849999999999997
6.0,-0.1450134,-0.1006785,1.000114,-0.233315,-0.1155413,1.000108,-0.1891644,-0.10811,1.000111,-0.2398483,-0.02821537,-0.9704002,0.0,-0.001151712,0.9995852,-0.02877929,0.0,-0.9708097,0.005785042,0.2397813,0.0,-1.123634,-1.570118,-0.5251356,1.0,-0.2398483,-0.001151711,-0.9708096,0.0,-0.02821537,0.9995852,0.005785041,0.0,-0.9704003,-0.02877929,0.2397812,0.0,-0.823395,1.55306,-0.9558342,1.0,0.7540236,0.9359504,-0.1797505,-0.09947944,0.9786693,-0.00135076,-0.004168205,-0.02245905,38.61111,2375.0,-0.175,-0.15849999999999997
6.0,-0.1448649,-0.1011124,1.000364,-0.2339258,-0.1149401,1.000339,-0.1893957,-0.1080262,1.000352,-0.2402177,-0.02858866,-0.9702981,0.0,-0.001187399,0.9995741,-0.02915728,0.0,-0.9707184,0.00585196,0.2401494,0.0,-1.123924,-1.570308,-0.524639,1.0,-0.2402177,-0.001187404,-0.9707182,0.0,-0.02858866,0.9995741,0.005851963,0.0,-0.9702979,-0.02915728,0.2401493,0.0,-0.8239355,1.553007,-0.9558325,1.0,0.7602097,0.9402563,-0.1799266,-0.09937737,0.9786473,-0.001349687,-0.004164612,-0.02245773,38.63334,2376.0,-0.175,-0.15849999999999997
6.0,-0.1449452,-0.1016883,1.000197,-0.2341749,-0.1154773,1.000192,-0.1895601,-0.1085829,1.000194,-0.2402653,-0.02864598,-0.9702845,0.0,-0.001149427,0.9995722,-0.02922602,0.0,-0.9707066,0.005906723,0.2401953,0.0,-1.124039,-1.570318,-0.524688,1.0,-0.2402651,-0.001149427,-0.9707065,0.0,-0.02864598,0.9995722,0.005906726,0.0,-0.9702846,-0.02922603,0.2401954,0.0,-0.8241473,1.55302,-0.9558089,1.0,0.7602097,0.9402563,-0.180096,-0.09991965,0.9785609,-0.00134948,-0.004161553,-0.02245802,38.64444,2377.0,-0.175,-0.15849999999999997
6.0,-0.1449282,-0.1008288,1.000084,-0.2341639,-0.1153007,1.00007,-0.1895461,-0.1080649,1.000077,-0.2403831,-0.02885446,-0.9702491,0.0,-0.0009968542,0.9995649,-0.02947931,0.0,-0.9706775,0.006119135,0.2403073,0.0,-1.124329,-1.570275,-0.5242852,1.0,-0.2403832,-0.0009968526,-0.9706776,0.0,-0.02885446,0.9995649,0.006119133,0.0,-0.9702492,-0.02947931,0.2403073,0.0,-0.8242664,1.553015,-0.9557623,1.0,0.7644333,0.9350193,-0.1801117,-0.09944075,0.9786069,-0.001349443,-0.004159927,-0.02245802,38.65556,2378.0,-0.175,-0.15849999999999997
6.0,-0.1447844,-0.1032696,0.9998683,-0.2339324,-0.1149806,0.9998483,-0.1893585,-0.109125,0.9998583,-0.2405926,-0.02891763,-0.9701953,0.0,-0.001184387,0.9995641,-0.02949928,0.0,-0.9706254,0.005948221,0.2405219,0.0,-1.124203,-1.570623,-0.5239072,1.0,-0.2405926,-0.001184387,-0.9706255,0.0,-0.02891763,0.9995641,0.005948223,0.0,-0.9701954,-0.02949928,0.240522,0.0,-0.824186,1.553152,-0.9558268,1.0,0.7376248,0.9281678,-0.1799559,-0.1004706,0.9785303,-0.001349724,-0.004158966,-0.02245969,38.66667,2379.0,-0.175,-0.15849999999999997
6.0,-0.1451155,-0.1033021,0.9999931,-0.2338392,-0.1149111,0.9999759,-0.1894772,-0.1091066,0.9999845,-0.2409215,-0.02912857,-0.9701076,0.0,-0.00107161,0.9995569,-0.0297467,0.0,-0.9705442,0.006127038,0.240846,0.0,-1.124607,-1.570637,-0.5232877,1.0,-0.2409215,-0.001071615,-0.9705438,0.0,-0.02912857,0.9995568,0.006127039,0.0,-0.9701073,-0.02974669,0.2408459,0.0,-0.8243377,1.55317,-0.9558254,1.0,0.7441059,0.9498191,-0.1800451,-0.1004391,0.9785172,-0.001349685,-0.004158631,-0.02246083,38.68889,2380.0,-0.175,-0.15849999999999997
6.0,-0.1462399,-0.1068251,1.000088,-0.2340804,-0.1151199,1.000079,-0.1901601,-0.1109724,1.000083,-0.2410171,-0.02921198,-0.9700812,0.0,-0.0009860815,0.9995537,-0.0298545,0.0,-0.9705204,0.006238866,0.2409383,0.0,-1.124845,-1.570611,-0.5231237,1.0,-0.241017,-0.0009860797,-0.9705203,0.0,-0.02921198,0.9995537,0.006238866,0.0,-0.9700812,-0.0298545,0.2409384,0.0,-0.8244599,1.553184,-0.9558454,1.0,0.7609747,0.9324458,-0.180627,-0.1021927,0.9782283,-0.001352349,-0.004151368,-0.02245107,38.7,2381.0,-0.175,-0.15849999999999997
6.0,-0.1462215,-0.1068868,1.000074,-0.2339825,-0.1145317,1.00006,-0.1901022,-0.1107094,1.000067,-0.2411535,-0.02938981,-0.970042,0.0,-0.001182974,0.9995495,-0.02998973,0.0,-0.9704864,0.006084588,0.2410797,0.0,-1.124647,-1.570925,-0.5228561,1.0,-0.2411535,-0.00118298,-0.9704861,0.0,-0.0293898,0.9995495,0.006084591,0.0,-0.9700418,-0.02998972,0.2410795,0.0,-0.8245741,1.553207,-0.9558461,1.0,0.7481929,0.9508746,-0.1805799,-0.1019467,0.9782626,-0.001352303,-0.004150719,-0.02245427,38.71111,2382.0,-0.175,-0.15849999999999997
6.0,-0.1463324,-0.1098791,1.000141,-0.2342899,-0.1149035,1.000141,-0.1903109,-0.1123912,1.000141,-0.2412524,-0.02972621,-0.9700072,0.0,-0.001203825,0.9995391,-0.03033183,0.0,-0.9704618,0.006149902,0.2411771,0.0,-1.124755,-1.571127,-0.522522,1.0,-0.2412524,-0.001203832,-0.9704615,0.0,-0.02972621,0.9995393,0.006149907,0.0,-0.9700069,-0.03033183,0.2411769,0.0,-0.8249034,1.5532,-0.9558492,1.0,0.7474558,0.936133,-0.1807312,-0.1035277,0.9780686,-0.001352273,-0.004150467,-0.02245345,38.73333,2383.0,-0.175,-0.15849999999999997
6.0,-0.1475099,-0.1100867,0.9999335,-0.2345164,-0.1150299,0.9999259,-0.1910134,-0.1125584,0.9999297,-0.2413347,-0.02971049,-0.9699872,0.0,-0.001493496,0.9995414,-0.03024415,0.0,-0.9704409,0.005850291,0.2412684,0.0,-1.124356,-1.571508,-0.5224918,1.0,-0.2413347,-0.001493496,-0.9704407,0.0,-0.02971049,0.9995415,0.00585029,0.0,-0.9699869,-0.03024415,0.2412683,0.0,-0.8248465,1.553306,-0.9558662,1.0,0.7446614,0.9524353,-0.1814139,-0.1036945,0.9779246,-0.001352128,-0.004149727,-0.02245316,38.74445,2384.0,-0.175,-0.15849999999999997
6.0,-0.1481185,-0.1095704,1.000099,-0.2342888,-0.1143802,1.0001,-0.1912036,-0.1119754,1.0001,-0.2413144,-0.02972604,-0.9699917,0.0,-0.00152835,0.9995412,-0.03025139,0.0,-0.9704459,0.005817609,0.2412492,0.0,-1.124327,-1.571562,-0.5225992,1.0,-0.2413144,-0.001528351,-0.9704456,0.0,-0.02972604,0.9995412,0.005817607,0.0,-0.9699914,-0.03025138,0.241249,0.0,-0.8249493,1.553313,-0.9558786,1.0,0.7540855,0.9431295,-0.1815718,-0.1031218,0.9779558,-0.001351105,-0.004150971,-0.02245571,38.76667,2385.0,-0.175,-0.15849999999999997
6.0,-0.1476314,-0.1097822,1.000026,-0.2343793,-0.1140167,1.000008,-0.1910055,-0.1118994,1.000017,-0.2414999,-0.02994603,-0.9699388,0.0,-0.001955477,0.9995367,-0.03037295,0.0,-0.970399,0.005438371,0.2414465,0.0,-1.123911,-1.572159,-0.5222477,1.0,-0.2414998,-0.001955476,-0.9703988,0.0,-0.02994602,0.9995368,0.005438372,0.0,-0.9699386,-0.03037295,0.2414465,0.0,-0.8250523,1.553371,-0.9559967,1.0,0.7470249,0.9430314,-0.1814066,-0.1030605,0.9779929,-0.001348221,-0.004151795,-0.02245702,38.77778,2386.0,-0.175,-0.15849999999999997
6.0,-0.1484711,-0.1096407,1.000065,-0.2342595,-0.1143258,1.000052,-0.1913654,-0.1119831,1.000059,-0.2417065,-0.02990205,-0.9698887,0.0,-0.002397226,0.9995404,-0.03021881,0.0,-0.9703466,0.004979036,0.241667,0.0,-1.123451,-1.572605,-0.5222884,1.0,-0.2417064,-0.002397228,-0.9703463,0.0,-0.02990204,0.9995404,0.004979039,0.0,-0.9698884,-0.03021881,0.241667,0.0,-0.8251308,1.553407,-0.9560863,1.0,0.7474796,0.9421338,-0.181731,-0.1031291,0.9779255,-0.001347672,-0.004152031,-0.02245744,38.8,2387.0,-0.175,-0.15849999999999997
6.0,-0.1497175,-0.1111362,1.000033,-0.2338194,-0.1142346,1.000024,-0.1917686,-0.1126854,1.000028,-0.2418104,-0.02978699,-0.9698661,0.0,-0.002338255,0.9995437,-0.03011548,0.0,-0.9703206,0.005014442,0.2417697,0.0,-1.123628,-1.572507,-0.522369,1.0,-0.2418104,-0.002338254,-0.9703208,0.0,-0.02978699,0.9995437,0.005014444,0.0,-0.9698663,-0.03011548,0.2417698,0.0,-0.8251733,1.553431,-0.9561016,1.0,0.7445992,0.9475132,-0.1820981,-0.1037886,0.9777874,-0.001345963,-0.00415226,-0.02245818,38.81111,2388.0,-0.175,-0.15849999999999997
6.0,-0.1488441,-0.1113766,0.999997,-0.2349024,-0.1132788,0.9999801,-0.1918732,-0.1123277,0.9999886,-0.2421385,-0.02980809,-0.9697837,0.0,-0.00239133,0.9995432,-0.03012573,0.0,-0.9702387,0.004975524,0.2420992,0.0,-1.123793,-1.572574,-0.5220587,1.0,-0.2421385,-0.002391332,-0.9702388,0.0,-0.02980809,0.9995433,0.004975527,0.0,-0.9697837,-0.03012573,0.2420992,0.0,-0.8252729,1.553441,-0.9561329,1.0,0.7394615,0.9507168,-0.1822108,-0.1034516,0.9778022,-0.001343209,-0.00415271,-0.02245762,38.83334,2389.0,-0.175,-0.15849999999999997
6.0,-0.1488792,-0.1110104,1.000337,-0.2351544,-0.1130797,1.000347,-0.1920166,-0.112045,1.000342,-0.242018,-0.02987079,-0.9698119,0.0,-0.002373628,0.9995412,-0.03019412,0.0,-0.970269,0.005005544,0.2419778,0.0,-1.123751,-1.572527,-0.5224174,1.0,-0.2420179,-0.00237363,-0.9702688,0.0,-0.02987079,0.9995413,0.005005547,0.0,-0.9698118,-0.03019412,0.2419778,0.0,-0.825587,1.553365,-0.9560558,1.0,0.7423658,0.9467106,-0.1822883,-0.1031471,0.9778199,-0.001342911,-0.00415361,-0.02245829,38.84444,2390.0,-0.175,-0.15849999999999997
2.0,-0.03791319,-0.1875436,1.000137,-0.14485,-0.1774746,1.000126,-0.09138171,-0.182509,1.000132,-0.2639331,-0.008314395,-0.9645052,0.0,0.003331619,0.999949,-0.009531619,0.0,-0.9645352,0.005729073,0.2638919,0.0,-1.13845,-1.55238,-0.4979797,1.0,-0.2639331,0.003331619,-0.9645353,0.0,-0.008314395,0.999949,0.005729073,0.0,-0.9645051,-0.009531618,0.2638919,0.0,-0.7936859,1.551348,-0.957769,1.0,0.7121387,0.9067199,-0.08598155,-0.1709188,0.9815264,-0.001740173,-0.00431501,-0.02317611,42.01111,2590.0,-0.0875,-0.246
2.0,-0.03796583,-0.1874032,1.000165,-0.144324,-0.1774248,1.000178,-0.09114468,-0.1824141,1.000172,-0.263863,-0.008758071,-0.9645205,0.0,0.00350394,0.9999435,-0.01003829,0.0,-0.9645538,0.006028356,0.2638174,0.0,-1.138637,-1.55253,-0.4975343,1.0,-0.263863,0.00350394,-0.9645538,0.0,-0.008758069,0.9999434,0.006028354,0.0,-0.9645203,-0.01003829,0.2638174,0.0,-0.7939234,1.551438,-0.9576595,1.0,0.7085191,0.922872,-0.0857512,-0.1708271,0.9815624,-0.001742966,-0.00431501,-0.02317782,42.02222,2591.0,-0.0875,-0.246
2.0,-0.03716151,-0.1875874,1.000242,-0.1450569,-0.1774485,1.000232,-0.09110932,-0.1825179,1.000237,-0.2639329,-0.009545576,-0.9644938,0.0,0.00389934,0.9999323,-0.01096336,0.0,-0.9645331,0.006654481,0.2638779,0.0,-1.139098,-1.552651,-0.4965867,1.0,-0.263933,0.00389934,-0.9645332,0.0,-0.009545578,0.9999323,0.006654482,0.0,-0.9644939,-0.01096336,0.2638779,0.0,-0.7944214,1.551543,-0.9573277,1.0,0.730882,0.9181679,-0.08570947,-0.1709127,0.9815512,-0.001743981,-0.00431501,-0.02318049,42.04445,2592.0,-0.0875,-0.246
2.0,-0.03724915,-0.1873591,1.000149,-0.1446481,-0.1774296,1.00017,-0.09094842,-0.1823942,1.00016,-0.2638026,-0.01014604,-0.9645233,0.0,0.004098005,0.9999239,-0.01163925,0.0,-0.964568,0.007023087,0.263741,0.0,-1.139277,-1.552823,-0.4959628,1.0,-0.2638026,0.004098004,-0.9645679,0.0,-0.01014604,0.9999238,0.007023086,0.0,-0.9645233,-0.01163925,0.263741,0.0,-0.7946669,1.551601,-0.9571986,1.0,0.7157793,0.9132658,-0.08556297,-0.1708124,0.9815815,-0.001745087,-0.00431501,-0.0231833,42.05556,2593.0,-0.0875,-0.246
2.0,-0.03619169,-0.1881341,1.000154,-0.1446729,-0.1770519,1.000162,-0.09043232,-0.182593,1.000158,-0.2637846,-0.01065119,-0.9645229,0.0,0.004142326,0.9999173,-0.01217492,0.0,-0.9645728,0.007206924,0.2637187,0.0,-1.139232,-1.553116,-0.4954064,1.0,-0.2637846,0.004142326,-0.9645726,0.0,-0.01065118,0.9999173,0.007206924,0.0,-0.9645227,-0.01217492,0.2637186,0.0,-0.794885,1.551675,-0.9570305,1.0,0.7212914,0.9193897,-0.08506785,-0.1710037,0.9815912,-0.00174598,-0.004315895,-0.02318707,42.06667,2594.0,-0.0875,-0.246
2.0,-0.03703567,-0.1878971,1.000137,-0.1451015,-0.1774396,1.00015,-0.09106849,-0.1826684,1.000143,-0.2636776,-0.0118113,-0.9645387,0.0,0.004331948,0.9999005,-0.01342856,0.0,-0.9646013,0.00771914,0.2636002,0.0,-1.139273,-1.553633,-0.4941389,1.0,-0.2636776,0.004331947,-0.9646011,0.0,-0.0118113,0.9999005,0.007719141,0.0,-0.9645385,-0.01342856,0.2636001,0.0,-0.7953671,1.551778,-0.956696,1.0,0.7116301,0.9131219,-0.08567097,-0.1710649,0.981528,-0.001748574,-0.004317879,-0.02318985,42.08889,2595.0,-0.0875,-0.246
2.0,-0.03883678,-0.1884946,1.000214,-0.1462006,-0.1778378,1.000228,-0.09251858,-0.1831663,1.000221,-0.2636173,-0.01237193,-0.9645481,0.0,0.004622692,0.9998901,-0.01408867,0.0,-0.9646164,0.008172823,0.2635311,0.0,-1.13958,-1.553725,-0.4935236,1.0,-0.2636172,0.004622691,-0.9646162,0.0,-0.01237193,0.99989,0.008172823,0.0,-0.9645479,-0.01408866,0.2635311,0.0,-0.7956628,1.551869,-0.9565007,1.0,0.7135441,0.9174243,-0.08703528,-0.1714915,0.9813336,-0.001751052,-0.004321098,-0.02319301,42.1,2596.0,-0.0875,-0.246
2.0,-0.03894427,-0.1881198,1.000211,-0.146474,-0.1776331,1.000226,-0.09270889,-0.1828763,1.000218,-0.2634706,-0.0131323,-0.964578,0.0,0.005054151,0.9998748,-0.01499337,0.0,-0.9646541,0.008825434,0.2633712,0.0,-1.139959,-1.55383,-0.4928749,1.0,-0.2634706,0.005054151,-0.9646542,0.0,-0.0131323,0.9998748,0.008825435,0.0,-0.964578,-0.01499337,0.2633713,0.0,-0.7961673,1.552007,-0.956144,1.0,0.7159654,0.9127562,-0.08721945,-0.171217,0.9813651,-0.001751991,-0.004322594,-0.02319911,42.12222,2597.0,-0.0875,-0.246
2.0,-0.03933847,-0.1874306,1.00024,-0.1455297,-0.1779189,1.000257,-0.09243385,-0.1826747,1.000248,-0.2633345,-0.01329121,-0.9646132,0.0,0.005142986,0.9998716,-0.01518104,0.0,-0.964691,0.008958681,0.2632324,0.0,-1.139925,-1.553875,-0.4930137,1.0,-0.2633345,0.005142984,-0.9646907,0.0,-0.01329121,0.9998716,0.008958681,0.0,-0.9646128,-0.01518104,0.2632322,0.0,-0.7964016,1.552053,-0.9559768,1.0,0.7168277,0.9134038,-0.08695687,-0.171024,0.9814221,-0.001753441,-0.004327034,-0.02320096,42.13334,2598.0,-0.0875,-0.246
2.0,-0.03884618,-0.1874333,1.000457,-0.1450089,-0.1788889,1.000476,-0.0919272,-0.1831612,1.000467,-0.2632982,-0.01363363,-0.9646181,0.0,0.005194716,0.9998656,-0.01554974,0.0,-0.9647005,0.009105135,0.2631919,0.0,-1.139815,-1.554044,-0.4932711,1.0,-0.2632982,0.005194717,-0.9647006,0.0,-0.01363363,0.9998656,0.009105135,0.0,-0.9646181,-0.01554974,0.263192,0.0,-0.7971168,1.552086,-0.9556058,1.0,0.7260622,0.9246025,-0.08644779,-0.1714464,0.9813934,-0.001755555,-0.004329063,-0.02320304,42.15556,2599.0,-0.0875,-0.246
2.0,-0.03914434,-0.1919481,1.000277,-0.1437472,-0.1789158,1.000285,-0.09144562,-0.1854319,1.000281,-0.2632478,-0.01381904,-0.9646293,0.0,0.005181909,0.9998627,-0.01573793,0.0,-0.9647144,0.009141594,0.2631401,0.0,-1.139687,-1.554199,-0.4933488,1.0,-0.2632478,0.005181906,-0.9647142,0.0,-0.01381904,0.9998627,0.009141595,0.0,-0.9646293,-0.01573793,0.2631401,0.0,-0.7973964,1.552127,-0.9554448,1.0,0.7062899,0.9226334,-0.08597058,-0.1735938,0.9810578,-0.001756812,-0.004330177,-0.02320774,42.16667,2600.0,-0.0875,-0.246
2.0,-0.03918408,-0.1911692,1.000285,-0.1441931,-0.1793593,1.000291,-0.09168842,-0.1852642,1.000288,-0.2632318,-0.01409345,-0.9646298,0.0,0.00534255,0.9998567,-0.01606602,0.0,-0.964718,0.009382667,0.2631187,0.0,-1.139845,-1.554202,-0.4932068,1.0,-0.2632317,0.005342548,-0.9647177,0.0,-0.01409345,0.9998566,0.009382664,0.0,-0.9646296,-0.01606601,0.2631186,0.0,-0.7977093,1.552145,-0.9552745,1.0,0.7215617,0.9207373,-0.08620188,-0.1734256,0.9810672,-0.001758591,-0.004338555,-0.02321006,42.18889,2601.0,-0.0875,-0.246
