flag,xl,yl,zl,xr,yr,zr,xc,yc,zc,mat_00,mat_10,mat_20,mat_30,mat_01,mat_11,mat_21,mat_31,mat_02,mat_12,mat_22,mat_32,mat_03,mat_13,mat_23,mat_33,ctw_00,ctw_10,ctw_20,ctw_30,ctw_01,ctw_11,ctw_21,ctw_31,ctw_02,ctw_12,ctw_22,ctw_32,ctw_03,ctw_13,ctw_23,ctw_33,opennessl,opennessr,ray_x,ray_y,ray_z,eye_x,eye_y,eye_z,time,frame
6,-0.01661632,-0.0553731,0.9997308,-0.2424934,-0.1043528,0.9997538,-0.1295541,-0.07986271,0.9997424,-0.1209822,0.01978074,-0.9924575,0,0.009843228,0.9997762,0.01872671,0,-0.9926058,0.007503387,0.1211498,0,-0.9881068,-1.639311,-0.906538,1,-0.1209822,0.009843227,-0.9926059,0,0.01978075,0.9997762,0.007503389,0,-0.9924576,0.01872671,0.1211498,0,-0.9868171,1.665647,-0.8586734,1,1.0,1.0,-0.13131,-0.07476513,0.988518,0.005436921,-0.003001656,-0.01648499,25.67778,1572
6,-0.01659299,-0.05478635,0.9999105,-0.2420284,-0.1039582,0.9999549,-0.129309,-0.07937176,0.9999326,-0.1210066,0.02038918,-0.9924424,0,0.00969873,0.9997656,0.01935709,0,-0.9926044,0.007283095,0.121176,0,-0.9879245,-1.638876,-0.9073246,1,-0.1210066,0.00969873,-0.9926042,0,0.02038918,0.9997656,0.007283094,0,-0.9924423,0.01935709,0.121176,0,-0.9865973,1.665637,-0.8587359,1,1.0,1.0,-0.1310564,-0.07428157,0.9885882,0.005436967,-0.002999222,-0.01648488,25.7,1573
6,-0.01656337,-0.05562128,0.9998866,-0.2421587,-0.1040309,0.9998634,-0.1293621,-0.07982633,0.9998749,-0.1211344,0.02049177,-0.9924245,0,0.009628923,0.9997641,0.01946802,0,-0.9925894,0.007197734,0.1213031,0,-0.9879344,-1.638823,-0.9072651,1,-0.1211344,0.009628925,-0.9925895,0,0.02049177,0.9997641,0.007197733,0,-0.9924247,0.01946802,0.1213031,0,-0.9864827,1.665612,-0.8587633,1,1.0,1.0,-0.1311097,-0.07472876,0.9885474,0.005436967,-0.002994858,-0.01648814,25.71111,1574
6,-0.01648101,-0.0565048,1.000077,-0.2428962,-0.1037922,1.000061,-0.1296893,-0.08014854,1.000069,-0.1210287,0.02006184,-0.9924463,0,0.009901155,0.9997704,0.01900245,0,-0.9925997,0.007526523,0.1211996,0,-0.9883541,-1.638946,-0.9066376,1,-0.1210287,0.009901155,-0.9925995,0,0.02006184,0.9997704,0.007526522,0,-0.9924462,0.01900245,0.1211995,0,-0.986528,1.665584,-0.8588203,1,1.0,1.0,-0.1313955,-0.0750237,0.9884871,0.005436891,-0.002994713,-0.01648478,25.73333,1575
6,-0.01628553,-0.05674077,0.9998838,-0.2426201,-0.1032733,0.9999218,-0.1294511,-0.08000667,0.9999028,-0.1207894,0.01978606,-0.9924811,0,0.01023357,0.999773,0.01868596,0,-0.9926255,0.007899565,0.1209644,0,-0.9887686,-1.638934,-0.9062445,1,-0.1207893,0.01023357,-0.9926253,0,0.01978605,0.999773,0.007899561,0,-0.9924808,0.01868596,0.1209644,0,-0.9864349,1.665615,-0.8589066,1,1.0,1.0,-0.1311895,-0.07490277,0.9885235,0.005436845,-0.002992165,-0.01649007,25.74445,1576
6,-0.01402286,-0.05699571,0.9998888,-0.242781,-0.1025817,0.9998609,-0.1284032,-0.07978889,0.9998748,-0.1209159,0.01982932,-0.9924646,0,0.01030108,0.9997717,0.01872029,0,-0.9926092,0.007959874,0.1210926,0,-0.988999,-1.638855,-0.906064,1,-0.1209159,0.01030108,-0.9926094,0,0.01982932,0.9997716,0.007959875,0,-0.9924647,0.01872029,0.1210926,0,-0.9863248,1.66563,-0.8589271,1,1.0,1.0,-0.1301916,-0.0747063,0.9886704,0.005435356,-0.002989922,-0.01649017,25.75556,1577
6,-0.01403315,-0.05685808,1.000006,-0.241655,-0.1024995,0.9999591,-0.127846,-0.07967926,0.9999825,-0.1212926,0.02002447,-0.9924149,0,0.009167561,0.9997765,0.01905255,0,-0.9925745,0.006787091,0.1214491,0,-0.9875708,-1.639668,-0.9061657,1,-0.1212926,0.009167562,-0.9925743,0,0.02002447,0.9997764,0.006787089,0,-0.9924147,0.01905255,0.121449,0,-0.9862438,1.66562,-0.8590558,1,1.0,1.0,-0.1296425,-0.07460176,0.9887504,0.005432976,-0.002984856,-0.01650212,25.77778,1578
6,-0.01398842,-0.05810815,0.9999472,-0.2406417,-0.1032901,0.9998787,-0.1273176,-0.08069976,0.999913,-0.1216341,0.02006938,-0.9923721,0,0.008436116,0.9997804,0.0191852,0,-0.9925391,0.00603819,0.1217767,0,-0.9867456,-1.640255,-0.9060068,1,-0.1216341,0.008436115,-0.9925392,0,0.02006938,0.9997804,0.006038192,0,-0.992372,0.0191852,0.1217767,0,-0.9861988,1.665601,-0.859149,1,1.0,1.0,-0.1291344,-0.0756046,0.9887407,0.005431976,-0.002978768,-0.01650922,25.78889,1579
6,-0.01233996,-0.05905515,0.9999571,-0.2425322,-0.1030396,0.9998801,-0.1274393,-0.08104818,0.9999185,-0.1224105,0.02049816,-0.9922678,0,0.007964622,0.9997748,0.01967068,0,-0.9924476,0.005495139,0.1225463,0,-0.986854,-1.640304,-0.905926,1,-0.1224106,0.007964622,-0.9924475,0,0.02049816,0.9997748,0.005495138,0,-0.9922678,0.01967068,0.1225462,0,-0.9860994,1.665615,-0.8593693,1,1.0,1.0,-0.1292423,-0.07594723,0.9887004,0.005429704,-0.00296965,-0.01652739,25.81111,1580
6,-0.01173304,-0.0596092,0.9999141,-0.2426512,-0.1025634,0.9997721,-0.1271981,-0.08108757,0.9998432,-0.1230365,0.02065947,-0.9921871,0,0.008298313,0.9997697,0.01978832,0,-0.9923675,0.005798794,0.1231797,0,-0.9880213,-1.639855,-0.905412,1,-0.1230366,0.008298315,-0.9923674,0,0.02065946,0.9997697,0.005798794,0,-0.992187,0.01978832,0.1231796,0,-0.9860222,1.665593,-0.8594427,1,1.0,1.0,-0.1290181,-0.07599705,0.9887259,0.0054282,-0.002965218,-0.01653266,25.82222,1581
6,-0.01210432,-0.05870235,1.000185,-0.2427298,-0.1025597,1.000067,-0.127422,-0.08063234,1.000126,-0.123958,0.02113702,-0.9920625,0,0.009388691,0.9997534,0.02012777,0,-0.9922432,0.006819171,0.124126,0,-0.9907514,-1.638397,-0.9051922,1,-0.123958,0.009388692,-0.9922428,0,0.02113702,0.9997534,0.006819167,0,-0.9920621,0.02012777,0.1241258,0,-0.9861876,1.665514,-0.8595356,1,1.0,1.0,-0.1292005,-0.07553428,0.9887375,0.00542691,-0.002965081,-0.0165325,25.84444,1582
6,-0.01259828,-0.05800711,1.000015,-0.2414886,-0.1035744,0.9999089,-0.1270477,-0.08079199,0.9999619,-0.1244311,0.02123971,-0.9920009,0,0.009523598,0.9997504,0.02021105,0,-0.9921826,0.006932536,0.1246023,0,-0.9915017,-1.638194,-0.9048761,1,-0.1244311,0.009523598,-0.9921824,0,0.02123971,0.9997504,0.006932534,0,-0.9920008,0.02021105,0.1246023,0,-0.9862167,1.665516,-0.8596441,1,1.0,1.0,-0.1288589,-0.07570679,0.9887689,0.005425034,-0.002962159,-0.01653703,25.85556,1583
6,-0.01254606,-0.05633244,0.9999953,-0.2430351,-0.1024991,0.9999402,-0.127793,-0.0794163,0.9999678,-0.1247081,0.02143592,-0.9919618,0,0.009515787,0.9997464,0.02040783,0,-0.9921478,0.006894276,0.1248803,0,-0.9918272,-1.638036,-0.9049138,1,-0.124708,0.009515787,-0.992148,0,0.02143592,0.9997465,0.006894277,0,-0.991962,0.02040784,0.1248804,0,-0.9862159,1.665527,-0.8597402,1,1.0,1.0,-0.1295836,-0.07437025,0.9887756,0.005425034,-0.002960312,-0.01653787,25.86667,1584
6,-0.01241203,-0.05878199,0.9999843,-0.2433924,-0.1031532,0.9999983,-0.1279017,-0.08096738,0.9999914,-0.1249033,0.0213582,-0.991939,0,0.008845339,0.9997525,0.02041265,0,-0.9921295,0.006224429,0.1250614,0,-0.9910042,-1.638754,-0.9046008,1,-0.1249034,0.00884534,-0.9921295,0,0.0213582,0.9997525,0.00622443,0,-0.991939,0.02041265,0.1250613,0,-0.9860877,1.665579,-0.8598737,1,1.0,1.0,-0.1296702,-0.07586911,0.9886503,0.005425065,-0.002959023,-0.01653889,25.88889,1585
6,-0.01251613,-0.05665815,0.9999859,-0.2437192,-0.1035539,1.000076,-0.1281138,-0.08010506,1.000031,-0.1244782,0.02103082,-0.9919994,0,0.00826248,0.9997627,0.02015861,0,-0.9921879,0.005687067,0.1246223,0,-0.9897384,-1.639583,-0.9046098,1,-0.1244781,0.008262479,-0.992188,0,0.02103082,0.9997627,0.005687067,0,-0.9919994,0.02015861,0.1246224,0,-0.9860915,1.665607,-0.8599474,1,1.0,1.0,-0.1298755,-0.07502945,0.9886875,0.005425316,-0.002958946,-0.01654682,25.9,1586
6,-0.0132756,-0.05702786,0.999936,-0.2451669,-0.1028366,1.00004,-0.129217,-0.07993107,0.9999882,-0.1234615,0.02063251,-0.9921349,0,0.007650506,0.9997739,0.01983934,0,-0.9923199,0.005140941,0.1235914,0,-0.9879788,-1.640506,-0.9050336,1,-0.1234615,0.007650507,-0.9923198,0,0.02063251,0.999774,0.005140938,0,-0.9921347,0.01983934,0.1235914,0,-0.986045,1.665649,-0.8601028,1,1.0,1.0,-0.1309431,-0.07485759,0.9885597,0.005432199,-0.002954964,-0.01655027,25.92222,1587
6,-0.01305574,-0.0561414,1.000021,-0.2442391,-0.1028771,1.000159,-0.1286415,-0.07950781,1.00009,-0.1228886,0.02062673,-0.9922062,0,0.00718813,0.9997762,0.01989382,0,-0.9923945,0.004687386,0.1230093,0,-0.9867483,-1.640913,-0.9057055,1,-0.1228885,0.007188132,-0.9923944,0,0.02062673,0.9997763,0.004687384,0,-0.992206,0.01989382,0.1230093,0,-0.9860598,1.665657,-0.8601418,1,1.0,1.0,-0.1303882,-0.07444638,0.988664,0.005436217,-0.002954872,-0.01655027,25.93333,1588
6,-0.01326109,-0.05824787,1.000222,-0.2425396,-0.1030592,1.000405,-0.1278928,-0.08065165,1.000314,-0.1220853,0.02047729,-0.9923083,0,0.006754862,0.9997811,0.01980044,0,-0.9924966,0.004285562,0.1221969,0,-0.9853629,-1.641301,-0.906566,1,-0.1220853,0.00675486,-0.9924966,0,0.02047729,0.9997811,0.004285562,0,-0.9923084,0.01980043,0.1221969,0,-0.986282,1.665548,-0.8601559,1,1.0,1.0,-0.1296438,-0.07555023,0.9886782,0.005447503,-0.002947334,-0.01655333,25.94444,1589
6,-0.01305772,-0.05909058,1.000039,-0.2438714,-0.1032721,1.000187,-0.1284584,-0.08117984,1.000113,-0.1207491,0.02103173,-0.9924602,0,0.006202586,0.999772,0.02043203,0,-0.9926637,0.003688672,0.120852,0,-0.9833206,-1.641204,-0.9089903,1,-0.1207491,0.006202585,-0.9926636,0,0.02103173,0.999772,0.00368867,0,-0.9924603,0.02043203,0.120852,0,-0.9863544,1.665501,-0.8601995,1,1.0,1.0,-0.1302125,-0.07607412,0.9885633,0.005456368,-0.002943062,-0.01655753,25.96667,1590
6,-0.01308756,-0.0591503,1.000013,-0.2440561,-0.1047079,1.00013,-0.128567,-0.08192776,1.000072,-0.1202497,0.02097664,-0.9925221,0,0.005911918,0.9997742,0.02041365,0,-0.9927261,0.003412974,0.1203467,0,-0.9824052,-1.641525,-0.9094632,1,-0.1202498,0.00591192,-0.992726,0,0.02097664,0.9997741,0.003412972,0,-0.992522,0.02041365,0.1203466,0,-0.9863626,1.665528,-0.8602059,1,1.0,1.0,-0.130314,-0.07680386,0.9884935,0.005456368,-0.002937966,-0.01656054,25.97778,1591
6,-0.01179603,-0.05858617,1.00012,-0.2443092,-0.1048954,1.000206,-0.1280488,-0.08173981,1.000163,-0.1195006,0.02067599,-0.992619,0,0.005895838,0.9997803,0.02011537,0,-0.9928167,0.003448523,0.1195964,0,-0.981725,-1.641809,-0.9098635,1,-0.1195007,0.00589584,-0.9928164,0,0.02067599,0.9997802,0.00344852,0,-0.9926186,0.02011536,0.1195962,0,-0.9865183,1.665538,-0.8601947,1,1.0,1.0,-0.1298085,-0.07662302,0.988574,0.005456368,-0.002934654,-0.01656564,26.0,1592
6,-0.01152296,-0.05721817,0.9999996,-0.2441708,-0.1046506,1.000048,-0.1278448,-0.08093386,1.000024,-0.1192141,0.02029631,-0.9926613,0,0.005964038,0.9997876,0.01972577,0,-0.9928508,0.003568684,0.1193098,0,-0.9816462,-1.642131,-0.9095212,1,-0.119214,0.00596404,-0.9928505,0,0.02029631,0.9997876,0.00356868,0,-0.9926609,0.01972576,0.1193098,0,-0.986543,1.665578,-0.860253,1,1.0,1.0,-0.1296364,-0.07585748,0.9886557,0.005456368,-0.002932053,-0.01658189,26.01111,1593
6,-0.0119991,-0.05930153,0.9999548,-0.2421583,-0.1047415,0.9999433,-0.127079,-0.08202153,0.9999491,-0.1192126,0.02005809,-0.9926662,0,0.006052058,0.999792,0.01947527,0,-0.9928504,0.003685976,0.1193092,0,-0.9817969,-1.642305,-0.9090787,1,-0.1192126,0.006052057,-0.9928502,0,0.02005809,0.999792,0.003685975,0,-0.9926661,0.01947526,0.1193092,0,-0.9865125,1.66561,-0.8602623,1,1.0,1.0,-0.1288981,-0.07692731,0.9886696,0.005451438,-0.002926514,-0.01658221,26.02222,1594
6,-0.0130406,-0.05944482,0.9999601,-0.241548,-0.1055235,0.9999174,-0.1272962,-0.0824846,0.9999388,-0.1196299,0.02010562,-0.992615,0,0.006201965,0.9997905,0.0195035,0,-0.9927992,0.003822964,0.1197294,0,-0.9825565,-1.642148,-0.9086841,1,-0.1196297,0.006201964,-0.9927992,0,0.02010562,0.9997905,0.003822962,0,-0.9926148,0.0195035,0.1197295,0,-0.9865,1.665621,-0.8604071,1,1.0,1.0,-0.1290926,-0.07737704,0.9886091,0.005441613,-0.00292276,-0.01658221,26.04445,1595
6,-0.01093303,-0.05866169,1.000057,-0.2414346,-0.1057315,1.000002,-0.1261859,-0.08219725,1.00003,-0.1199199,0.02043627,-0.9925731,0,0.006488159,0.9997829,0.01980083,0,-0.9927623,0.004065459,0.1200265,0,-0.983392,-1.641512,-0.9089249,1,-0.1199199,0.006488158,-0.9927624,0,0.02043627,0.9997829,0.00406546,0,-0.9925733,0.01980083,0.1200265,0,-0.9865565,1.665534,-0.8605061,1,1.0,1.0,-0.12801,-0.07710755,0.9887708,0.005429627,-0.002917946,-0.01658997,26.05556,1596
6,-0.01178357,-0.05847468,1.000022,-0.2420835,-0.1054809,0.9999256,-0.1269374,-0.08197888,0.9999738,-0.1205631,0.02121853,-0.9924788,0,0.006957777,0.999765,0.0205291,0,-0.9926813,0.004430393,0.1206825,0,-0.9847815,-1.640356,-0.909521,1,-0.1205632,0.006957776,-0.9926813,0,0.02121853,0.999765,0.004430394,0,-0.9924788,0.0205291,0.1206825,0,-0.9866029,1.665494,-0.8605435,1,1.0,1.0,-0.128731,-0.07689316,0.988694,0.005422577,-0.002917946,-0.01659206,26.07778,1597
6,-0.01237682,-0.05824632,1.00006,-0.242031,-0.104493,1.000025,-0.1272052,-0.08137008,1.000042,-0.120777,0.02157354,-0.9924452,0,0.007157153,0.9997568,0.02086148,0,-0.9926538,0.004583497,0.1209021,0,-0.9853721,-1.639836,-0.9098954,1,-0.120777,0.007157155,-0.992654,0,0.02157354,0.9997567,0.004583496,0,-0.9924452,0.02086147,0.120902,0,-0.9866546,1.665472,-0.8606091,1,1.0,1.0,-0.1289712,-0.07629602,0.988709,0.005408485,-0.002919228,-0.01659122,26.08889,1598
6,-0.01330467,-0.05933643,0.9999714,-0.2431102,-0.1036183,0.9998913,-0.1282108,-0.08147807,0.9999314,-0.1211164,0.02157946,-0.9924037,0,0.00733769,0.9997558,0.02084381,0,-0.9926112,0.004757426,0.1212451,0,-0.9860525,-1.63968,-0.9095066,1,-0.1211164,0.007337691,-0.9926112,0,0.02157946,0.9997558,0.004757424,0,-0.9924037,0.02084381,0.1212452,0,-0.9866414,1.665473,-0.8606929,1,1.0,1.0,-0.129937,-0.07639991,0.9885744,0.005397949,-0.00291935,-0.01657797,26.1,1599
6,-0.01186244,-0.06099798,1.000079,-0.2431534,-0.1027948,1.000027,-0.1275101,-0.08189694,1.000053,-0.1218625,0.02193068,-0.9923047,0,0.007330612,0.9997485,0.02119493,0,-0.99252,0.004691333,0.1219927,0,-0.9868867,-1.639406,-0.9094802,1,-0.1218626,0.007330615,-0.9925199,0,0.02193068,0.9997486,0.004691332,0,-0.9923047,0.02119494,0.1219926,0,-0.9867928,1.665505,-0.8608638,1,1.0,1.0,-0.1292482,-0.07680211,0.9886336,0.005397949,-0.002919975,-0.01657501,26.12222,1600
6,-0.01044159,-0.06032674,1.000124,-0.2430567,-0.1019116,1.000043,-0.1267526,-0.08112002,1.000084,-0.1221902,0.02187221,-0.9922658,0,0.007488264,0.999749,0.02111504,0,-0.9924786,0.004850299,0.1223234,0,-0.9874933,-1.639343,-0.9091563,1,-0.1221902,0.007488267,-0.9924783,0,0.02187221,0.999749,0.004850295,0,-0.9922655,0.02111504,0.1223233,0,-0.9869304,1.665523,-0.8609033,1,1.0,1.0,-0.1285278,-0.07605501,0.9887852,0.005397949,-0.002921501,-0.01657096,26.13333,1601
6,-0.01026405,-0.05878235,1.000088,-0.241421,-0.1031323,1.000059,-0.1258435,-0.08095779,1.000073,-0.1226214,0.02193291,-0.9922111,0,0.007430666,0.9997481,0.0211812,0,-0.9924257,0.004775521,0.1227535,0,-0.9878477,-1.639315,-0.9090609,1,-0.1226214,0.007430668,-0.9924258,0,0.02193291,0.9997481,0.004775521,0,-0.9922112,0.0211812,0.1227535,0,-0.9871567,1.665498,-0.8609465,1,1.0,1.0,-0.1276616,-0.07590507,0.9889089,0.005397949,-0.002924026,-0.01656842,26.15556,1602
6,-0.01054197,-0.05856689,1.000072,-0.2424226,-0.1029992,1.000019,-0.1264846,-0.08078369,1.000045,-0.1228329,0.02189991,-0.9921858,0,0.00765234,0.9997477,0.02111946,0,-0.992398,0.004998379,0.1229695,0,-0.9884458,-1.639172,-0.9088248,1,-0.1228329,0.00765234,-0.9923977,0,0.02189991,0.9997476,0.004998378,0,-0.9921857,0.02111945,0.1229695,0,-0.9872388,1.665516,-0.8609805,1,1.0,1.0,-0.1282815,-0.07573338,0.988842,0.005399437,-0.002923165,-0.01656589,26.16667,1603
6,-0.01058847,-0.05866329,1.000098,-0.2419918,-0.1039551,1.000089,-0.1262905,-0.08130923,1.000093,-0.1226531,0.0214774,-0.9922173,0,0.007616139,0.9997568,0.02069914,0,-0.9924206,0.005018053,0.1227869,0,-0.9882911,-1.639537,-0.9086266,1,-0.1226531,0.00761614,-0.9924201,0,0.0214774,0.9997568,0.005018049,0,-0.9922171,0.02069913,0.1227868,0,-0.9875588,1.665473,-0.8610054,1,1.0,1.0,-0.1280876,-0.07624286,0.9888279,0.005400422,-0.002921883,-0.01655091,26.18889,1604
6,-0.01022604,-0.06070339,1.000003,-0.2416639,-0.1069658,0.9999941,-0.1259454,-0.08383475,0.9999985,-0.1227026,0.02147916,-0.9922111,0,0.007368458,0.9997579,0.0207313,0,-0.9924163,0.004767282,0.1228312,0,-0.9879444,-1.639854,-0.9086372,1,-0.1227026,0.00736846,-0.992416,0,0.02147916,0.9997579,0.004767281,0,-0.9922109,0.0207313,0.1228311,0,-0.9875605,1.665574,-0.8610253,1,1.0,1.0,-0.1277501,-0.07869974,0.9886791,0.005404244,-0.002917778,-0.0165376,26.2,1605
6,-0.01063051,-0.06016197,1.000086,-0.2411389,-0.1068961,1.000041,-0.1258866,-0.08352952,1.000064,-0.1228609,0.0212528,-0.9921965,0,0.007193506,0.9997635,0.02052413,0,-0.992398,0.004615759,0.1229846,0,-0.9878199,-1.640238,-0.9082457,1,-0.1228608,0.007193506,-0.9923977,0,0.02125279,0.9997635,0.004615757,0,-0.9921961,0.02052413,0.1229847,0,-0.9876625,1.665597,-0.861039,1,1.0,1.0,-0.127692,-0.07840037,0.9887103,0.00540728,-0.002917755,-0.01653433,26.21111,1606
6,-0.01092221,-0.05973316,1.0001,-0.241163,-0.1078588,1.000078,-0.1260436,-0.08379615,1.000089,-0.1229645,0.02115013,-0.9921858,0,0.00671603,0.9997677,0.02047942,0,-0.9923884,0.004145309,0.123078,0,-0.987202,-1.640772,-0.9081643,1,-0.1229645,0.006716031,-0.9923883,0,0.02115013,0.9997677,0.004145307,0,-0.9921857,0.02047941,0.123078,0,-0.9877558,1.665619,-0.8611112,1,1.0,1.0,-0.1278415,-0.0786541,0.9886709,0.005411308,-0.002918862,-0.01652615,26.23333,1607
6,-0.01099573,-0.05958098,1.000158,-0.2410795,-0.1080224,1.000132,-0.1260386,-0.08380216,1.000145,-0.1231016,0.02118791,-0.9921679,0,0.006347176,0.9997684,0.02056271,0,-0.9923738,0.003766163,0.1232076,0,-0.9866786,-1.640981,-0.9083282,1,-0.1231016,0.006347177,-0.9923738,0,0.02118791,0.9997684,0.003766162,0,-0.9921678,0.02056271,0.1232076,0,-0.9879068,1.665541,-0.8610609,1,1.0,1.0,-0.1278332,-0.07865586,0.9886718,0.005414842,-0.002918351,-0.01652764,26.24445,1608
6,-0.01310107,-0.05882395,1.000161,-0.2417848,-0.1080877,1.000155,-0.1274432,-0.08345581,1.000158,-0.1230732,0.02158035,-0.992163,0,0.006620508,0.9997591,0.02092433,0,-0.9923756,0.003993399,0.1231865,0,-0.9871722,-1.640387,-0.9091526,1,-0.1230732,0.006620511,-0.9923756,0,0.02158035,0.9997592,0.003993399,0,-0.9921628,0.02092433,0.1231864,0,-0.9881218,1.665551,-0.8610996,1,1.0,1.0,-0.1291781,-0.07830527,0.9885248,0.005415147,-0.002919815,-0.0165292,26.26667,1609
6,-0.01322364,-0.05888575,1.000142,-0.2433876,-0.1080267,1.000175,-0.1283042,-0.0834559,1.000159,-0.1229714,0.02175596,-0.9921718,0,0.006554108,0.9997557,0.02110993,0,-0.9923887,0.003906886,0.1230839,0,-0.9870165,-1.640288,-0.9096886,1,-0.1229714,0.00655411,-0.9923884,0,0.02175596,0.9997556,0.003906882,0,-0.9921717,0.02110993,0.1230839,0,-0.988256,1.66556,-0.8611273,1,1.0,1.0,-0.1300013,-0.0782966,0.9884176,0.005415589,-0.002919541,-0.01653201,26.27778,1610
6,-0.0138236,-0.05911315,1.000258,-0.243681,-0.1081389,1.000281,-0.1287513,-0.08362581,1.00027,-0.1229122,0.02210168,-0.9921716,0,0.006959897,0.9997466,0.02140822,0,-0.9923933,0.004274082,0.1230348,0,-0.9877204,-1.639571,-0.9106289,1,-0.1229121,0.006959897,-0.992393,0,0.02210168,0.9997466,0.00427408,0,-0.9921713,0.02140822,0.1230348,0,-0.9886655,1.665524,-0.8611601,1,1.0,1.0,-0.130412,-0.07844828,0.9883515,0.005414725,-0.002919495,-0.01653216,26.3,1611
6,-0.01391044,-0.05844254,1.000169,-0.2435132,-0.1080769,1.00016,-0.1287122,-0.08325992,1.000164,-0.1229373,0.02204867,-0.9921695,0,0.006989517,0.9997476,0.02135102,0,-0.9923898,0.004309947,0.1230605,0,-0.9878109,-1.63958,-0.9106817,1,-0.1229374,0.006989517,-0.9923897,0,0.02204867,0.9997476,0.004309948,0,-0.9921694,0.02135102,0.1230604,0,-0.9888389,1.665514,-0.8611581,1,1.0,1.0,-0.1303884,-0.07809963,0.9883822,0.005412246,-0.002922333,-0.01653858,26.31111,1612
6,-0.01397666,-0.05819968,1.000267,-0.2434444,-0.1083099,1.000259,-0.1287108,-0.08325476,1.000263,-0.1229485,0.02194454,-0.9921704,0,0.006983091,0.9997499,0.02124685,0,-0.9923884,0.004316146,0.1230711,0,-0.9878594,-1.639668,-0.9107733,1,-0.1229486,0.006983091,-0.9923884,0,0.02194454,0.9997498,0.004316147,0,-0.9921704,0.02124685,0.123071,0,-0.9891164,1.665508,-0.8611734,1,1.0,1.0,-0.1303724,-0.07808673,0.9883853,0.005409691,-0.002923599,-0.01653705,26.32222,1613
6,-0.01453803,-0.05885733,1.000216,-0.2430596,-0.1087788,1.000198,-0.1287995,-0.0838183,1.000207,-0.12297,0.02107778,-0.9921865,0,0.007087559,0.9997676,0.02036041,0,-0.9923851,0.004528461,0.1230909,0,-0.9880491,-1.640352,-0.9097831,1,-0.12297,0.007087559,-0.992385,0,0.02107777,0.9997675,0.004528461,0,-0.9921864,0.0203604,0.1230908,0,-0.9896,1.665497,-0.861111,1,1.0,1.0,-0.1304582,-0.07863279,0.9883307,0.005408821,-0.00292527,-0.01653439,26.34444,1614
6,-0.01457568,-0.05922608,1.000334,-0.2432965,-0.1077176,1.000318,-0.1289366,-0.08347182,1.000326,-0.1229796,0.02081407,-0.992191,0,0.007186911,0.9997725,0.02008232,0,-0.9923833,0.004661073,0.1231012,0,-0.9882291,-1.640484,-0.9096659,1,-0.1229796,0.007186912,-0.9923831,0,0.02081407,0.9997726,0.004661072,0,-0.9921908,0.02008232,0.1231012,0,-0.989949,1.665482,-0.8610744,1,1.0,1.0,-0.1305781,-0.07828719,0.9883422,0.005408065,-0.002926811,-0.01652464,26.35556,1615
6,-0.01467674,-0.05954585,1.000176,-0.2430714,-0.1077164,1.000187,-0.1288734,-0.08363085,1.000181,-0.1229244,0.02043286,-0.9922058,0,0.007152586,0.9997803,0.01970271,0,-0.9923903,0.004674893,0.1230435,0,-0.988174,-1.640866,-0.9095134,1,-0.1229244,0.007152586,-0.9923902,0,0.02043285,0.9997803,0.004674892,0,-0.9922056,0.01970271,0.1230436,0,-0.9903672,1.665493,-0.8610736,1,1.0,1.0,-0.1305347,-0.0784523,0.988335,0.005407508,-0.002926911,-0.01652033,26.37778,1616
6,-0.01347858,-0.05942359,1.000262,-0.2432887,-0.1076964,1.000272,-0.1283833,-0.08355995,1.000267,-0.1228937,0.02051419,-0.9922079,0,0.007304435,0.999778,0.01976598,0,-0.992393,0.004818403,0.1230162,0,-0.9884374,-1.640652,-0.9099024,1,-0.1228937,0.007304434,-0.9923929,0,0.02051418,0.9997779,0.004818403,0,-0.9922076,0.01976598,0.1230162,0,-0.9906281,1.665493,-0.8610802,1,1.0,1.0,-0.1300555,-0.07838158,0.9884037,0.005406975,-0.002927475,-0.01652043,26.38889,1617
6,-0.01361728,-0.05866063,1.000257,-0.2433523,-0.1058023,1.000296,-0.1284831,-0.08223089,1.000276,-0.1227632,0.02072272,-0.9922196,0,0.007425484,0.9997731,0.01996175,0,-0.9924082,0.004917143,0.1228892,0,-0.9885567,-1.640338,-0.9105932,1,-0.1227631,0.007425484,-0.9924083,0,0.02072272,0.9997733,0.004917143,0,-0.9922197,0.01996176,0.1228892,0,-0.9908745,1.665484,-0.861084,1,1.0,1.0,-0.1301628,-0.07709469,0.9884908,0.005406509,-0.002928841,-0.01651679,26.4,1618
6,-0.01453227,-0.05833132,1.00017,-0.242923,-0.1074279,1.000218,-0.1287257,-0.08287894,1.000194,-0.1221434,0.02076776,-0.9922951,0,0.007557619,0.9997715,0.01999396,0,-0.9924836,0.00505726,0.1222725,0,-0.9882642,-1.640118,-0.9116706,1,-0.1221434,0.00755762,-0.9924837,0,0.02076777,0.9997715,0.00505726,0,-0.9922951,0.01999396,0.1222724,0,-0.9912947,1.66544,-0.8610694,1,1.0,1.0,-0.1303987,-0.07772316,0.9884105,0.005406594,-0.002930496,-0.01651679,26.42222,1619
6,-0.01348973,-0.05810238,1.000253,-0.2435887,-0.1069575,1.000346,-0.1285354,-0.08252885,1.000299,-0.1217917,0.02098696,-0.9923338,0,0.007495494,0.9997674,0.02022423,0,-0.9925274,0.004974888,0.1219207,0,-0.9878384,-1.640015,-0.9126302,1,-0.1217917,0.007495493,-0.9925272,0,0.02098696,0.9997674,0.004974887,0,-0.9923337,0.02022423,0.1219207,0,-0.9915252,1.665495,-0.8610291,1,1.0,1.0,-0.130207,-0.07737602,0.988463,0.005406594,-0.002933327,-0.01651627,26.43333,1620
6,-0.01355988,-0.05756444,1.000104,-0.2437204,-0.1047565,1.000161,-0.1286377,-0.08115991,1.000132,-0.1213797,0.02033912,-0.9923977,0,0.007416591,0.9997807,0.01958331,0,-0.9925784,0.00498319,0.1215039,0,-0.9874576,-1.640729,-0.9123201,1,-0.1213797,0.00741659,-0.9925784,0,0.02033912,0.9997808,0.004983191,0,-0.9923978,0.01958331,0.121504,0,-0.9918709,1.66556,-0.8611026,1,1.0,1.0,-0.1303383,-0.07606359,0.9885475,0.005406181,-0.002933792,-0.01652011,26.45556,1621
6,-0.01385926,-0.05731934,1.00018,-0.2489339,-0.1079205,1.000158,-0.1313977,-0.08262049,1.000169,-0.1213669,0.01984428,-0.9924094,0,0.007375109,0.9997905,0.01908993,0,-0.9925804,0.005002243,0.1214879,0,-0.9874239,-1.641236,-0.9117321,1,-0.1213669,0.007375111,-0.9925804,0,0.01984428,0.9997905,0.005002243,0,-0.9924093,0.01908993,0.1214878,0,-0.9920829,1.665579,-0.8611234,1,1.0,1.0,-0.1329524,-0.07745337,0.9880914,0.005404785,-0.002923989,-0.01653548,26.46667,1622
6,-0.005609706,-0.06345872,1.000175,-0.2392596,-0.1019128,1.000184,-0.1224342,-0.08268575,1.00018,-0.1211593,0.01906553,-0.9924499,0,0.006824863,0.9998079,0.0183737,0,-0.9926096,0.00454719,0.1212661,0,-0.9864358,-1.642428,-0.9112782,1,-0.1211593,0.006824862,-0.9926097,0,0.01906553,0.9998079,0.004547191,0,-0.9924499,0.0183737,0.1212662,0,-0.9926002,1.665588,-0.86117,1,1.0,1.0,-0.1243547,-0.0776132,0.9891977,0.005382126,-0.002912072,-0.01655606,26.48889,1623
6,-0.009324871,-0.05733441,1.000188,-0.2382705,-0.1093315,1.00019,-0.1237976,-0.08333291,1.000189,-0.1210517,0.01862751,-0.9924715,0,0.006851032,0.9998158,0.01792974,0,-0.9926226,0.00462903,0.1211569,0,-0.9864455,-1.642853,-0.9108666,1,-0.1210516,0.006851032,-0.9926225,0,0.01862752,0.9998158,0.004629028,0,-0.9924714,0.01792974,0.121157,0,-0.9928175,1.66564,-0.8612053,1,1.0,1.0,-0.1256494,-0.07822686,0.9889857,0.005379905,-0.002909561,-0.01656658,26.5,1624
6,-0.008978598,-0.06049816,1.000318,-0.2431856,-0.1110625,1.000352,-0.1260805,-0.08577989,1.000335,-0.1208198,0.01823734,-0.992507,0,0.00693926,0.9998223,0.01752703,0,-0.9926503,0.004769654,0.1209248,0,-0.9864093,-1.643102,-0.9107715,1,-0.1208197,0.006939261,-0.9926501,0,0.01823734,0.9998223,0.00476965,0,-0.9925069,0.01752703,0.1209249,0,-0.9931589,1.665618,-0.8611873,1,1.0,1.0,-0.1277906,-0.08055664,0.9885243,0.005379647,-0.002910057,-0.01657465,26.51111,1625
6,-0.007615335,-0.06157886,1.000145,-0.2452573,-0.1085922,1.000158,-0.1264357,-0.08508541,1.000152,-0.1201991,0.01801465,-0.9925863,0,0.00736366,0.999824,0.01725429,0,-0.9927225,0.005235118,0.1203107,0,-0.9867018,-1.643016,-0.9112608,1,-0.1201992,0.007363661,-0.9927226,0,0.01801465,0.9998239,0.005235118,0,-0.9925864,0.01725429,0.1203106,0,-0.9935073,1.665716,-0.8612854,1,1.0,1.0,-0.1281593,-0.07989654,0.9885301,0.005379136,-0.002909477,-0.01657544,26.53333,1626
6,-0.008020021,-0.06084641,1.000156,-0.2433981,-0.1082698,1.000218,-0.1257065,-0.0845574,1.000187,-0.1198748,0.01773114,-0.9926307,0,0.007511553,0.9998281,0.01695258,0,-0.9927607,0.005424012,0.1199874,0,-0.9867465,-1.64313,-0.9112526,1,-0.1198748,0.007511553,-0.9927605,0,0.01773114,0.999828,0.005424011,0,-0.9926306,0.01695257,0.1199874,0,-0.9936887,1.665708,-0.8613518,1,1.0,1.0,-0.1274612,-0.07939007,0.9886611,0.005378892,-0.002910332,-0.01658556,26.54445,1627
6,-0.007618807,-0.06179629,1.000148,-0.2423786,-0.1081855,1.0002,-0.1249966,-0.08499037,1.000174,-0.1196378,0.01762678,-0.9926611,0,0.007084845,0.9998321,0.01690023,0,-0.9927924,0.005010943,0.1197426,0,-0.9859499,-1.64358,-0.9115542,1,-0.1196378,0.007084845,-0.9927922,0,0.01762678,0.999832,0.005010942,0,-0.9926611,0.01690023,0.1197426,0,-0.9938504,1.665695,-0.8614556,1,1.0,1.0,-0.1267778,-0.07981627,0.9887147,0.005378021,-0.002909653,-0.01659087,26.56667,1628
6,-0.008149877,-0.06181115,1.000155,-0.24243,-0.1082535,1.000202,-0.125288,-0.08503179,1.000178,-0.1194078,0.01742914,-0.9926925,0,0.006863985,0.9998365,0.01672892,0,-0.9928217,0.004816265,0.1195079,0,-0.9854174,-1.643994,-0.9116655,1,-0.1194078,0.006863988,-0.9928215,0,0.01742914,0.9998365,0.004816262,0,-0.9926922,0.01672892,0.1195079,0,-0.9940162,1.66574,-0.8614745,1,1.0,1.0,-0.1270551,-0.07985282,0.9886761,0.005377724,-0.00290979,-0.01659433,26.57778,1629
6,-0.008216947,-0.06275093,1.000183,-0.2425717,-0.1078969,1.000278,-0.1253903,-0.08532289,1.00023,-0.1190695,0.01772463,-0.9927279,0,0.006738838,0.999832,0.01704321,0,-0.9928632,0.004660508,0.119169,0,-0.9850011,-1.643808,-0.9126763,1,-0.1190695,0.006738841,-0.992863,0,0.01772463,0.999832,0.004660505,0,-0.9927276,0.0170432,0.1191689,0,-0.9941866,1.665724,-0.8615476,1,1.0,1.0,-0.1271426,-0.08012749,0.9886427,0.005376602,-0.002911575,-0.0165961,26.58889,1630
6,-0.007762559,-0.06115742,1.000181,-0.2421882,-0.107847,1.000269,-0.1249716,-0.08450114,1.000225,-0.1186306,0.01841003,-0.9927679,0,0.006474771,0.9998212,0.01776713,0,-0.9929175,0.00432022,0.1187286,0,-0.9843237,-1.643281,-0.9146978,1,-0.1186306,0.006474772,-0.9929172,0,0.01841003,0.9998211,0.004320217,0,-0.9927676,0.01776713,0.1187286,0,-0.9946005,1.665611,-0.8616518,1,1.0,1.0,-0.1267476,-0.0793335,0.9887574,0.005375993,-0.002914597,-0.01661485,26.61111,1631
6,-0.006962955,-0.05987177,1.000104,-0.2414605,-0.1079452,1.00019,-0.1242079,-0.08390745,1.000147,-0.1183418,0.01870336,-0.9927967,0,0.006139635,0.9998173,0.01810378,0,-0.992954,0.003952977,0.1184349,0,-0.9835764,-1.64328,-0.9156225,1,-0.1183417,0.006139633,-0.9929538,0,0.01870337,0.9998173,0.003952976,0,-0.9927968,0.01810378,0.118435,0,-0.9946903,1.665595,-0.8617083,1,1.0,1.0,-0.1260291,-0.07876778,0.9888945,0.00537516,-0.002918434,-0.01663391,26.62222,1632
6,-0.007152267,-0.05993432,1.00012,-0.2406954,-0.1073989,1.000163,-0.123922,-0.08366602,1.000142,-0.1181834,0.0192183,-0.9928057,0,0.00582493,0.9998089,0.01866046,0,-0.9929746,0.003577668,0.1182727,0,-0.9831247,-1.643015,-0.916752,1,-0.1181833,0.00582493,-0.9929749,0,0.0192183,0.9998089,0.003577668,0,-0.9928058,0.01866046,0.1182728,0,-0.9947697,1.665534,-0.8619131,1,1.0,1.0,-0.1257571,-0.07853663,0.9889475,0.005374153,-0.002919167,-0.0166355,26.64445,1633
6,-0.005607545,-0.05984999,1.000072,-0.2388839,-0.1069505,1.000043,-0.1222469,-0.08340023,1.000058,-0.1183238,0.01927759,-0.9927879,0,0.005699253,0.9998083,0.01873466,0,-0.9929587,0.003441394,0.1184109,0,-0.9831571,-1.643057,-0.9168074,1,-0.1183238,0.005699252,-0.9929587,0,0.01927759,0.9998083,0.003441393,0,-0.9927879,0.01873465,0.118411,0,-0.9948519,1.665522,-0.8620199,1,1.0,1.0,-0.1241648,-0.07830137,0.9891674,0.005373214,-0.002920303,-0.01663594,26.65556,1634
6,-0.005114935,-0.05985736,1.000213,-0.2384723,-0.1070388,1.000208,-0.1217938,-0.08344825,1.000211,-0.1184541,0.01934863,-0.9927711,0,0.00572434,0.9998068,0.01880274,0,-0.9929431,0.003455698,0.118542,0,-0.9835267,-1.642897,-0.9170879,1,-0.1184541,0.005724341,-0.992943,0,0.01934863,0.9998068,0.003455697,0,-0.9927709,0.01880274,0.118542,0,-0.9951732,1.665453,-0.8621952,1,1.0,1.0,-0.1237117,-0.07833996,0.9892211,0.005372789,-0.002920303,-0.0166355,26.67778,1635
6,-0.00526496,-0.05900852,1.000091,-0.2384735,-0.1069605,1.00008,-0.1218698,-0.08298478,1.000085,-0.1185099,0.01933416,-0.9927647,0,0.005500245,0.9998078,0.01881474,0,-0.9929377,0.003230717,0.1185935,0,-0.9832925,-1.643063,-0.9171476,1,-0.1185099,0.005500246,-0.9929376,0,0.01933416,0.9998079,0.003230716,0,-0.9927645,0.01881474,0.1185934,0,-0.9952742,1.665412,-0.8622721,1,1.0,1.0,-0.1238033,-0.07789963,0.9892443,0.005372193,-0.002921311,-0.0166355,26.68889,1636
6,-0.005694009,-0.05676533,1.000354,-0.2380728,-0.1068688,1.000389,-0.1218819,-0.0818167,1.000372,-0.1184046,0.01953978,-0.9927732,0,0.005451432,0.9998041,0.01902799,0,-0.9929505,0.003159035,0.118488,0,-0.983247,-1.64286,-0.9179432,1,-0.1184046,0.005451433,-0.9929504,0,0.01953978,0.9998041,0.003159035,0,-0.9927731,0.01902799,0.1184879,0,-0.9956291,1.665365,-0.8623605,1,1.0,1.0,-0.1237916,-0.07674668,0.989336,0.005370751,-0.002924194,-0.01662534,26.7,1637
6,-0.004761718,-0.05678647,1.000034,-0.2379394,-0.104629,1.00005,-0.1213498,-0.08070764,1.000042,-0.1184167,0.01943991,-0.9927738,0,0.005270118,0.9998066,0.01894901,0,-0.9929501,0.002988158,0.1184962,0,-0.9831306,-1.643115,-0.9179915,1,-0.1184166,0.005270118,-0.99295,0,0.0194399,0.9998066,0.002988156,0,-0.9927735,0.01894901,0.1184962,0,-0.9958348,1.665373,-0.8625111,1,1.0,1.0,-0.1233326,-0.0757012,0.9894738,0.005369431,-0.002927635,-0.01660389,26.72222,1638
6,-0.004181325,-0.05686183,0.9999497,-0.2373089,-0.09961053,0.9998858,-0.120748,-0.07823682,0.9999179,-0.1186527,0.01925575,-0.992749,0,0.005319583,0.9998099,0.01875691,0,-0.9929215,0.003055452,0.1187326,0,-0.983518,-1.643265,-0.9174045,1,-0.1186527,0.005319583,-0.9929217,0,0.01925576,0.99981,0.003055453,0,-0.9927491,0.01875692,0.1187326,0,-0.9958073,1.665393,-0.8626096,1,1.0,1.0,-0.1227931,-0.07332446,0.9897198,0.005369401,-0.00292759,-0.01659534,26.73333,1639
6,-0.003689736,-0.05668335,1.00014,-0.2376132,-0.09966327,1.000083,-0.120654,-0.07817377,1.000112,-0.1191175,0.0185278,-0.9927073,0,0.005570494,0.9998226,0.01799218,0,-0.9928645,0.003386687,0.1191995,0,-0.9845125,-1.643718,-0.9159397,1,-0.1191174,0.005570493,-0.9928645,0,0.0185278,0.9998226,0.003386686,0,-0.9927073,0.01799218,0.1191996,0,-0.996078,1.66539,-0.8627412,1,1.0,1.0,-0.1226813,-0.07325184,0.9897391,0.005370072,-0.002926682,-0.01659423,26.75556,1640
6,-0.003625028,-0.05663217,1.000067,-0.237051,-0.09974123,0.9999955,-0.120341,-0.07818751,1.000031,-0.119369,0.01833255,-0.9926808,0,0.00593986,0.9998248,0.01775023,0,-0.9928323,0.003777561,0.119457,0,-0.985429,-1.643638,-0.9153692,1,-0.119369,0.005939862,-0.9928321,0,0.01833255,0.9998248,0.003777557,0,-0.9926807,0.01775022,0.119457,0,-0.9961669,1.665451,-0.8628094,1,1.0,1.0,-0.12239,-0.0732733,0.9897736,0.005369125,-0.002926415,-0.01659361,26.76667,1641
6,-0.003438897,-0.05671059,1.000079,-0.236474,-0.1003562,1.000031,-0.1199585,-0.07853392,1.000055,-0.1194807,0.01779282,-0.992677,0,0.005795107,0.9998349,0.0172236,0,-0.9928196,0.00369478,0.1195641,0,-0.9853979,-1.644343,-0.9145051,1,-0.1194807,0.005795105,-0.9928196,0,0.01779282,0.9998348,0.003694781,0,-0.9926772,0.0172236,0.1195641,0,-0.9962869,1.665533,-0.8629049,1,1.0,1.0,-0.1220171,-0.07361159,0.9897945,0.005369316,-0.00292508,-0.01659553,26.77778,1642
6,-0.003339492,-0.05678087,0.9999434,-0.2364255,-0.1011697,0.9998701,-0.1198856,-0.07897593,0.9999068,-0.1198541,0.01742175,-0.9926388,0,0.005569388,0.9998421,0.01687571,0,-0.992776,0.00350577,0.1199322,0,-0.985531,-1.644962,-0.9136094,1,-0.119854,0.00556939,-0.9927758,0,0.01742174,0.999842,0.003505767,0,-0.9926385,0.01687571,0.1199322,0,-0.9963456,1.665608,-0.8630733,1,1.0,1.0,-0.1219611,-0.0740535,0.9897684,0.005369667,-0.002922691,-0.01659553,26.8,1643
6,-0.003187142,-0.05716121,1.000044,-0.2362779,-0.1015009,1.000017,-0.1197335,-0.07933117,1.00003,-0.11994,0.0172671,-0.9926311,0,0.005512706,0.9998449,0.01672649,0,-0.992766,0.003465909,0.1200167,0,-0.9855863,-1.645169,-0.9133322,1,-0.1199401,0.005512707,-0.9927657,0,0.01726709,0.9998448,0.003465907,0,-0.9926307,0.01672648,0.1200166,0,-0.9964056,1.665624,-0.8631393,1,1.0,1.0,-0.1217985,-0.07438941,0.9897633,0.005370469,-0.002922592,-0.01659743,26.81111,1644
6,-0.003686994,-0.05817362,1.000015,-0.2377502,-0.1028226,0.9999456,-0.1207215,-0.08049875,0.9999803,-0.1203848,0.01672748,-0.9925863,0,0.005340713,0.9998544,0.01620222,0,-0.9927129,0.003350618,0.1204567,0,-0.9858322,-1.645881,-0.9121543,1,-0.1203849,0.005340714,-0.9927129,0,0.01672748,0.9998546,0.003350618,0,-0.9925864,0.01620222,0.1204566,0,-0.9965399,1.665685,-0.8632586,1,1.0,1.0,-0.1227408,-0.07551499,0.9895616,0.00537108,-0.00292157,-0.01660506,26.83333,1645
6,-0.006666631,-0.05903347,0.9999844,-0.2367544,-0.1032242,0.9999879,-0.1217104,-0.08112872,0.9999862,-0.1202387,0.01604148,-0.9926153,0,0.005310877,0.9998655,0.01551532,0,-0.9927307,0.003406115,0.1203077,0,-0.985723,-1.646564,-0.9111916,1,-0.1202387,0.005310876,-0.9927309,0,0.01604148,0.9998655,0.003406117,0,-0.9926155,0.01551532,0.1203077,0,-0.9965717,1.665715,-0.863326,1,1.0,1.0,-0.1236832,-0.07611751,0.9893981,0.005372163,-0.002919464,-0.01660589,26.84444,1646
6,-0.006687447,-0.06114656,1.00008,-0.2363081,-0.1071836,1.00004,-0.1214994,-0.0841656,1.00006,-0.1203525,0.015799,-0.9926056,0,0.005586308,0.9998683,0.01523727,0,-0.9927156,0.003711159,0.1204249,0,-0.9863305,-1.646568,-0.9107152,1,-0.1203524,0.00558631,-0.9927155,0,0.015799,0.9998684,0.003711158,0,-0.9926054,0.01523727,0.1204249,0,-0.9966739,1.665738,-0.8633621,1,1.0,1.0,-0.1234492,-0.07905241,0.9891972,0.005378655,-0.002917519,-0.01661221,26.85556,1647
6,-0.006799825,-0.06423599,0.9999825,-0.2350213,-0.1088419,0.9999998,-0.1209098,-0.08653875,0.9999912,-0.1201938,0.01492083,-0.9926383,0,0.005720837,0.9998809,0.01433699,0,-0.9927339,0.003955504,0.1202649,0,-0.9864883,-1.647307,-0.9094075,1,-0.1201938,0.005720838,-0.992734,0,0.01492083,0.9998809,0.003955504,0,-0.9926382,0.01433699,0.1202649,0,-0.9967033,1.665793,-0.8634347,1,1.0,1.0,-0.1228717,-0.08135674,0.9890823,0.00538237,-0.002917374,-0.01662496,26.87778,1648
6,-0.00761614,-0.06573679,1.000011,-0.2351399,-0.1088641,1.000023,-0.1213777,-0.08730039,1.000018,-0.1201087,0.0147564,-0.9926511,0,0.005753776,0.9998831,0.01416771,0,-0.9927441,0.004009827,0.1201797,0,-0.9864892,-1.647436,-0.9092337,1,-0.1201088,0.005753777,-0.9927441,0,0.0147564,0.9998831,0.004009826,0,-0.9926509,0.01416771,0.1201796,0,-0.9967276,1.665801,-0.863454,1,1.0,1.0,-0.123309,-0.0820868,0.9889674,0.005383309,-0.002915581,-0.01663469,26.88889,1649
6,-0.007743455,-0.06653271,1.000003,-0.2362625,-0.1080866,1.000004,-0.122003,-0.0873094,1.000004,-0.119936,0.01509687,-0.992667,0,0.006033307,0.999877,0.01447756,0,-0.9927634,0.004252685,0.1200123,0,-0.986886,-1.646874,-0.9097897,1,-0.1199359,0.006033308,-0.9927632,0,0.01509686,0.999877,0.004252683,0,-0.9926667,0.01447756,0.1200123,0,-0.9966184,1.665797,-0.8635545,1,1.0,1.0,-0.1239095,-0.08208942,0.9888922,0.005383492,-0.002916832,-0.01663559,26.91111,1650
6,-0.008340038,-0.06839173,0.9999648,-0.2349878,-0.1091676,0.9999769,-0.1216634,-0.08877964,0.9999709,-0.1199298,0.01535523,-0.9926636,0,0.006018834,0.9998733,0.01473958,0,-0.9927641,0.004206963,0.120007,0,-0.9868994,-1.646614,-0.9101741,1,-0.1199298,0.006018835,-0.9927642,0,0.01535523,0.9998732,0.004206962,0,-0.9926636,0.01473958,0.120007,0,-0.9965712,1.66576,-0.8636038,1,1.0,1.0,-0.1235731,-0.08351546,0.9888149,0.005383538,-0.002916062,-0.01664162,26.92222,1651
6,-0.008279361,-0.07195318,1.000116,-0.2359169,-0.1107651,1.000135,-0.1220973,-0.09135897,1.000126,-0.1198847,0.01563592,-0.9926647,0,0.006215676,0.9998682,0.01499871,0,-0.9927684,0.004371964,0.1199661,0,-0.9871991,-1.646051,-0.9107389,1,-0.1198848,0.006215676,-0.9927684,0,0.01563592,0.9998682,0.004371965,0,-0.9926647,0.01499871,0.1199661,0,-0.9966709,1.66563,-0.8636059,1,1.0,1.0,-0.1239431,-0.08598798,0.9885566,0.005383538,-0.002916618,-0.01664819,26.93333,1652
6,-0.008135736,-0.07074703,1.0001,-0.2348799,-0.1096106,1.000129,-0.1215069,-0.09017862,1.000114,-0.119745,0.01611424,-0.992674,0,0.006812983,0.9998581,0.01540902,0,-0.9927814,0.004917918,0.1198379,0,-0.9881057,-1.645016,-0.9115915,1,-0.1197451,0.006812984,-0.9927812,0,0.01611424,0.999858,0.004917916,0,-0.9926738,0.01540902,0.1198378,0,-0.9967256,1.665562,-0.8636396,1,1.0,1.0,-0.1233889,-0.08485043,0.9887243,0.005383469,-0.002920326,-0.01666849,26.95556,1653
6,-0.008067243,-0.06971742,0.9999628,-0.2345127,-0.1095392,0.9999524,-0.1212904,-0.08962857,0.9999577,-0.1198206,0.01632843,-0.9926612,0,0.007015582,0.9998537,0.01559991,0,-0.9927708,0.005094905,0.1199176,0,-0.9885312,-1.644612,-0.9117779,1,-0.1198206,0.007015582,-0.9927707,0,0.01632843,0.9998536,0.005094905,0,-0.9926613,0.01559991,0.1199176,0,-0.996679,1.66553,-0.8636674,1,1.0,1.0,-0.1232026,-0.08433469,0.9887916,0.005383423,-0.002917564,-0.01669202,26.96667,1654
6,-0.008473277,-0.06998224,0.9999377,-0.2361751,-0.110183,0.9999505,-0.1223237,-0.09008256,0.9999442,-0.1198035,0.01692862,-0.9926533,0,0.006986738,0.9998443,0.01620802,0,-0.9927731,0.004993632,0.1199031,0,-0.9885226,-1.644088,-0.9126323,1,-0.1198035,0.006986738,-0.992773,0,0.01692862,0.9998442,0.004993629,0,-0.9926533,0.01620802,0.1199031,0,-0.9965238,1.665531,-0.8637411,1,1.0,1.0,-0.124184,-0.08476398,0.988632,0.005377877,-0.002917885,-0.01669085,26.98889,1655
6,-0.008490786,-0.06968652,0.9999529,-0.2354305,-0.1103107,0.9999241,-0.1219619,-0.08999896,0.9999385,-0.1199998,0.01723578,-0.9926244,0,0.006596558,0.999841,0.01656362,0,-0.9927521,0.004560275,0.1200944,0,-0.9881079,-1.644137,-0.91296,1,-0.1199998,0.00659656,-0.992752,0,0.01723578,0.9998411,0.004560273,0,-0.9926242,0.01656362,0.1200944,0,-0.9964609,1.665516,-0.863807,1,1.0,1.0,-0.1238369,-0.08468693,0.9886822,0.005375535,-0.002917885,-0.01669177,27.0,1656
