flag,xl,yl,zl,xr,yr,zr,xc,yc,zc,mat_00,mat_10,mat_20,mat_30,mat_01,mat_11,mat_21,mat_31,mat_02,mat_12,mat_22,mat_32,mat_03,mat_13,mat_23,mat_33,ctw_00,ctw_10,ctw_20,ctw_30,ctw_01,ctw_11,ctw_21,ctw_31,ctw_02,ctw_12,ctw_22,ctw_32,ctw_03,ctw_13,ctw_23,ctw_33,opennessl,opennessr,ray_x,ray_y,ray_z,eye_x,eye_y,eye_z,time,frame,u,v
6.0,-0.08644473,-0.5294741,1.000052,-0.2413848,-0.1762231,1.000063,-0.1639145,-0.3528497,1.000058,-0.9992193,0.03720809,0.01328725,0.0,0.03772059,0.9984605,0.04066541,0.0,0.01175371,-0.04113486,0.9990846,0.0,-0.5524642,-1.700482,0.9191225,1.0,-0.9992191,0.03772059,0.01175371,0.0,0.03720809,0.9984607,-0.04113486,0.0,0.01328724,0.04066541,0.9990844,0.0,-0.5009737,1.681327,-0.9817365,1.0,0.938262,0.9717141,-0.1481313,-0.3207973,0.9354925,-0.0006891936,0.0006356278,-0.03075856,7.566667,450.0,-0.175,-0.15849999999999997
6.0,-0.08499968,-0.5211018,0.9999202,-0.2413509,-0.1777118,0.9999726,-0.1631741,-0.3494113,0.9999465,-0.9992218,0.03721589,0.013083,0.0,0.03772061,0.9984584,0.04071898,0.0,0.01154744,-0.04118079,0.9990852,0.0,-0.5526912,-1.700541,0.918922,1.0,-0.9992214,0.03772059,0.01154743,0.0,0.03721588,0.9984583,-0.04118078,0.0,0.013083,0.04071897,0.9990847,0.0,-0.500996,1.68135,-0.9817284,1.0,0.9398754,0.9804411,-0.1476359,-0.3180555,0.9365064,-0.0006900178,0.0006317139,-0.03074782,7.588889,451.0,-0.175,-0.15849999999999997
6.0,-0.0901915,-0.4076411,0.9999344,-0.2407779,-0.178055,0.9999528,-0.1654842,-0.2928491,0.9999436,-0.9992231,0.03722404,0.01296178,0.0,0.0377238,0.9984581,0.04072267,0.0,0.01142593,-0.04118,0.9990866,0.0,-0.5527018,-1.70059,0.9189332,1.0,-0.9992227,0.03772379,0.01142592,0.0,0.03722403,0.9984581,-0.04117998,0.0,0.01296177,0.04072266,0.9990861,0.0,-0.5008804,1.681397,-0.9818085,1.0,0.9337869,0.9731959,-0.1521029,-0.2704481,0.9506432,-0.0007516937,5.546567e-05,-0.02963481,7.6,452.0,-0.175,-0.15849999999999997
6.0,-0.09193276,-0.3132256,0.9999866,-0.2408169,-0.1780609,0.9999794,-0.166375,-0.2456432,0.9999828,-0.9992107,0.03753854,0.01300451,0.0,0.03803986,0.998446,0.04072612,0.0,0.0114555,-0.04118866,0.9990858,0.0,-0.5531898,-1.700439,0.9189595,1.0,-0.9992104,0.03803986,0.01145549,0.0,0.03753854,0.9984459,-0.04118866,0.0,0.0130045,0.04072612,0.9990857,0.0,-0.5008716,1.681414,-0.981821,1.0,0.9483183,0.9867109,-0.1547024,-0.2290466,0.9610435,-0.0008133547,-0.000518898,-0.02852071,7.611111,453.0,-0.175,-0.15849999999999997
6.0,-0.08476724,-0.3239792,0.9999422,-0.2403882,-0.1766201,0.999944,-0.1625776,-0.2502997,0.9999431,-0.9992176,0.03740447,0.0128521,0.0,0.03789927,0.9984525,0.04069617,0.0,0.01131,-0.04115142,0.999089,0.0,-0.5530888,-1.700533,0.9190012,1.0,-0.9992175,0.03789927,0.01130999,0.0,0.03740446,0.9984525,-0.04115141,0.0,0.0128521,0.04069617,0.9990888,0.0,-0.5008596,1.681463,-0.9818876,1.0,0.9283745,0.9728138,-0.1510935,-0.2333071,0.9605928,-0.0008199997,-0.000526146,-0.02844937,7.633334,454.0,-0.175,-0.15849999999999997
6.0,-0.08668812,-0.3038682,1.000005,-0.2419812,-0.1767376,1.00004,-0.1643339,-0.240304,1.000022,-0.9992142,0.03757485,0.01262356,0.0,0.0380602,0.9984461,0.04070322,0.0,0.01107453,-0.04115169,0.9990916,0.0,-0.553597,-1.70045,0.9188924,1.0,-0.9992139,0.0380602,0.01107452,0.0,0.03757485,0.9984462,-0.04115169,0.0,0.01262356,0.04070322,0.9990915,0.0,-0.5008674,1.681476,-0.9819031,1.0,0.9434969,0.9726352,-0.1530147,-0.2243308,0.9624252,-0.0008284841,-0.0005935059,-0.02838805,7.644444,455.0,-0.175,-0.15849999999999997
6.0,-0.08484303,-0.2953644,1.000008,-0.2432924,-0.1768679,1.000053,-0.1640666,-0.2361175,1.00003,-0.999218,0.03760672,0.01221752,0.0,0.03807448,0.9984488,0.04062332,0.0,0.01067085,-0.04105673,0.9991,0.0,-0.5539885,-1.700332,0.9188427,1.0,-0.9992179,0.03807448,0.01067085,0.0,0.03760672,0.9984489,-0.04105672,0.0,0.01221751,0.04062332,0.9990997,0.0,-0.5008372,1.681461,-0.981914,1.0,0.9434969,0.9726352,-0.1529023,-0.2205932,0.9633065,-0.0008300776,-0.0006158524,-0.02838391,7.666667,456.0,-0.175,-0.15849999999999997
6.0,-0.08078774,-0.2837445,1.000012,-0.2438951,-0.1775302,0.999988,-0.1623421,-0.2306367,0.9999998,-0.9992235,0.03744626,0.01227583,0.0,0.03791802,0.9984491,0.04076137,0.0,0.01073043,-0.04119518,0.9990937,0.0,-0.553503,-1.700539,0.9186578,1.0,-0.999223,0.03791801,0.01073043,0.0,0.03744625,0.9984492,-0.04119517,0.0,0.01227583,0.04076136,0.9990933,0.0,-0.5006714,1.681443,-0.9819395,1.0,0.9380606,0.9761956,-0.1514996,-0.2157457,0.9646252,-0.0008284301,-0.0006310806,-0.02838637,7.677778,457.0,-0.175,-0.15849999999999997
6.0,-0.07465841,-0.2522544,1.000069,-0.2437705,-0.1776301,1.000113,-0.1592134,-0.214943,1.000091,-0.9992245,0.03756102,0.01182347,0.0,0.03801446,0.9984439,0.04080099,0.0,0.01027255,-0.04121881,0.9990975,0.0,-0.5541302,-1.700461,0.9183416,1.0,-0.9992242,0.03801446,0.01027254,0.0,0.03756101,0.9984439,-0.0412188,0.0,0.01182347,0.04080099,0.9990972,0.0,-0.5006872,1.681411,-0.9819112,1.0,0.9328806,0.9620394,-0.1490763,-0.201715,0.9680327,-0.0008277511,-0.000632103,-0.02839304,7.7,458.0,-0.175,-0.15849999999999997
6.0,-0.07582422,-0.2628876,0.9999911,-0.2443724,-0.1768202,1.000032,-0.1600973,-0.2198547,1.000012,-0.9992236,0.03765275,0.01159763,0.0,0.03809651,0.998442,0.040771,0.0,0.01004442,-0.04118117,0.9991013,0.0,-0.5544744,-1.700393,0.9182986,1.0,-0.9992235,0.03809651,0.01004442,0.0,0.03765275,0.9984419,-0.04118117,0.0,0.01159763,0.040771,0.9991012,0.0,-0.5006695,1.681427,-0.981928,1.0,0.938325,0.9795302,-0.149757,-0.2061323,0.9669966,-0.0008300776,-0.0006320724,-0.02839298,7.711111,459.0,-0.175,-0.15849999999999997
6.0,-0.07545699,-0.2521715,0.9999962,-0.2443501,-0.1758937,1.00001,-0.1599032,-0.2140327,1.000003,-0.9992317,0.03745571,0.01155627,0.0,0.03789699,0.9984534,0.04067814,0.0,0.01001477,-0.04108483,0.9991057,0.0,-0.5542945,-1.700405,0.9184216,1.0,-0.9992312,0.03789698,0.01001477,0.0,0.0374557,0.9984533,-0.04108482,0.0,0.01155627,0.04067814,0.9991053,0.0,-0.500792,1.681422,-0.9819096,1.0,0.9372954,0.9776566,-0.1497466,-0.2008895,0.9681009,-0.0008301996,-0.0006320724,-0.02839295,7.722222,460.0,-0.175,-0.15849999999999997
6.0,-0.07462457,-0.2202279,0.9999419,-0.2451196,-0.1769127,0.9999422,-0.159872,-0.1985703,0.9999418,-0.9992231,0.03779486,0.01117231,0.0,0.03821718,0.9984534,0.04037479,0.0,0.009629067,-0.0407704,0.9991221,0.0,-0.5551287,-1.699972,0.9187868,1.0,-0.999223,0.03821718,0.009629068,0.0,0.03779486,0.9984536,-0.0407704,0.0,0.0111723,0.0403748,0.9991222,0.0,-0.5007122,1.681462,-0.9819435,1.0,0.9346887,0.9812844,-0.1501491,-0.1868732,0.9708418,-0.0008310014,-0.0006308137,-0.0283942,7.744445,461.0,-0.175,-0.15849999999999997
6.0,-0.08408685,-0.2229132,0.9999248,-0.2452171,-0.1760862,0.9999763,-0.1646507,-0.1995002,0.9999505,-0.9992179,0.03802026,0.01087332,0.0,0.03842955,0.9984482,0.04030405,0.0,0.009324073,-0.04069039,0.9991283,0.0,-0.555652,-1.699842,0.9188442,1.0,-0.9992177,0.03842955,0.009324073,0.0,0.03802026,0.9984483,-0.04069038,0.0,0.01087332,0.04030406,0.9991283,0.0,-0.5005798,1.681525,-0.9820294,1.0,0.9290837,0.9797786,-0.1545251,-0.1875902,0.9700165,-0.0008324664,-0.0006284027,-0.02840244,7.755556,462.0,-0.175,-0.15849999999999997
6.0,-0.1034141,-0.2580017,0.9999163,-0.2453356,-0.1759616,0.9999166,-0.1743748,-0.2169817,0.9999164,-0.9992154,0.03812689,0.01073466,0.0,0.03852713,0.998459,0.03994136,0.0,0.009195275,-0.04032359,0.9991444,0.0,-0.5558624,-1.699458,0.9194815,1.0,-0.9992151,0.03852712,0.009195274,0.0,0.03812689,0.998459,-0.04032359,0.0,0.01073465,0.03994136,0.9991443,0.0,-0.5005014,1.681529,-0.9821117,1.0,0.9187546,0.9821925,-0.162922,-0.2031513,0.9654977,-0.0008507771,-0.0006108094,-0.02841031,7.777778,463.0,-0.175,-0.15849999999999997
6.0,-0.1105183,-0.2664045,0.9999551,-0.2446466,-0.1763123,0.9999681,-0.1775822,-0.2213587,0.9999616,-0.9992135,0.03819172,0.010687,0.0,0.03858927,0.9984597,0.03986411,0.0,0.009148061,-0.04024515,0.9991481,0.0,-0.5559981,-1.699363,0.9196203,1.0,-0.9992131,0.03858927,0.009148058,0.0,0.0381917,0.9984596,-0.04024514,0.0,0.010687,0.0398641,0.9991478,0.0,-0.500487,1.68154,-0.9821413,1.0,0.9329089,0.9836286,-0.1657013,-0.2069743,0.964212,-0.0008516842,-0.0006084061,-0.02843018,7.788889,464.0,-0.175,-0.15849999999999997
6.0,6.426126e-08,5.289912e-07,0.9999803,-0.244266,-0.1760478,0.9999628,-0.1221338,-0.08802444,0.9999714,-0.9992213,0.03797963,0.01069491,0.0,0.03837674,0.9984719,0.03976405,0.0,0.009168341,-0.04014352,0.9991518,0.0,-0.5556849,-1.699435,0.9198096,1.0,-0.9992213,0.03837674,0.00916834,0.0,0.03797962,0.9984719,-0.04014352,0.0,0.01069491,0.03976405,0.9991519,0.0,-0.5005456,1.681588,-0.9821562,1.0,0.9335517,0.9741055,-0.1047539,-0.08573733,0.9907956,-0.01488474,-0.000245285,-0.01442517,7.811111,465.0,-0.175,-0.15849999999999997
6.0,9.406358e-08,2.384186e-07,0.9999264,-0.2433003,-0.1750298,0.9999728,-0.1216477,-0.08751261,0.9999496,-0.9992301,0.03774168,0.01071238,0.0,0.03814221,0.9984698,0.04003916,0.0,0.009184839,-0.04041692,0.9991407,0.0,-0.555192,-1.699844,0.9194186,1.0,-0.9992301,0.03814222,0.009184838,0.0,0.03774169,0.9984699,-0.04041692,0.0,0.01071237,0.04003915,0.9991406,0.0,-0.5004587,1.681607,-0.9822316,1.0,0.9335517,0.9741055,-0.1042905,-0.08524705,0.9908867,-0.0148851,-0.000245285,-0.01442493,7.822222,466.0,-0.175,-0.15849999999999997
6.0,1.341105e-07,5.662441e-07,0.9999206,-0.2417125,-0.1750449,0.9998771,-0.1208583,-0.08752389,0.9998988,-0.9992325,0.0376741,0.01072582,0.0,0.03807321,0.9984813,0.03981988,0.0,0.009209353,-0.04019768,0.9991493,0.0,-0.5550144,-1.699646,0.919882,1.0,-0.9992325,0.03807321,0.009209354,0.0,0.03767411,0.9984813,-0.04019768,0.0,0.01072582,0.03981988,0.9991493,0.0,-0.5004222,1.681567,-0.9823101,1.0,0.9311826,0.9671323,-0.1035309,-0.08526917,0.9909645,-0.01488703,-0.000245285,-0.01442475,7.833333,467.0,-0.175,-0.15849999999999997
6.0,1.071021e-07,4.507601e-07,0.9999762,-0.2421054,-0.1750396,0.9999735,-0.1210527,-0.08751969,0.9999747,-0.9992424,0.03744118,0.01063083,0.0,0.03783711,0.9984881,0.03987215,0.0,0.0091219,-0.04024418,0.9991484,0.0,-0.5547571,-1.699826,0.9197821,1.0,-0.9992422,0.03783711,0.009121898,0.0,0.03744117,0.9984882,-0.04024417,0.0,0.01063083,0.03987214,0.9991481,0.0,-0.5004712,1.681573,-0.9823462,1.0,0.9175078,0.9731399,-0.1037102,-0.08525714,0.9909467,-0.01488816,-0.0002453232,-0.01442461,7.855556,468.0,-0.175,-0.15849999999999997
6.0,-0.1801893,-0.5515993,0.9999467,-0.2424131,-0.1741191,0.9999635,-0.2113012,-0.3628605,0.9999551,-0.9992392,0.03752867,0.01061683,0.0,0.0379236,0.9984866,0.03982974,0.0,0.009106009,-0.04020206,0.9991502,0.0,-0.5548888,-1.699717,0.9198805,1.0,-0.9992391,0.03792359,0.009106007,0.0,0.03752867,0.9984866,-0.04020206,0.0,0.01061683,0.03982974,0.99915,0.0,-0.5004447,1.681549,-0.9823779,1.0,0.9475467,0.9696741,-0.1886561,-0.3255764,0.9265035,-0.0006386572,0.0006930694,-0.03462457,7.866667,469.0,-0.175,-0.15849999999999997
6.0,-0.1799265,-0.5481644,1.000069,-0.2421105,-0.1734988,0.9999977,-0.2110187,-0.360825,1.000033,-0.9992417,0.03744414,0.01068158,0.0,0.03784412,0.9984791,0.04009087,0.0,0.009164163,-0.0404647,0.999139,0.0,-0.5546042,-1.699974,0.9194747,1.0,-0.9992416,0.03784412,0.009164161,0.0,0.03744413,0.9984791,-0.04046469,0.0,0.01068157,0.04009086,0.9991388,0.0,-0.500351,1.681515,-0.9823893,1.0,0.9280317,0.9672325,-0.1885093,-0.3239364,0.9271081,-0.0006381068,0.000694809,-0.03464006,7.888889,470.0,-0.175,-0.15849999999999997
6.0,-0.1301889,-0.2442884,1.000089,-0.2425423,-0.1748436,1.000066,-0.1863659,-0.2095657,1.000078,-0.9992368,0.03757391,0.01069072,0.0,0.03797733,0.9984601,0.04043622,0.0,0.009154909,-0.04081135,0.9991251,0.0,-0.5547183,-1.700219,0.9188808,1.0,-0.9992365,0.03797732,0.009154905,0.0,0.0375739,0.9984601,-0.04081134,0.0,0.01069071,0.04043621,0.9991247,0.0,-0.5002344,1.681512,-0.9823863,1.0,0.9349777,0.9737492,-0.1732415,-0.196125,0.9651541,-0.0006382214,0.0006943055,-0.03463898,7.9,471.0,-0.175,-0.15849999999999997
6.0,-0.09497453,-0.2441127,1.000136,-0.2425248,-0.1737141,1.000082,-0.1687508,-0.2089126,1.000109,-0.9992189,0.03801161,0.01080235,0.0,0.03842757,0.9984061,0.04133652,0.0,0.009213862,-0.04171934,0.999087,0.0,-0.5554466,-1.700691,0.9173116,1.0,-0.9992189,0.03842757,0.009213862,0.0,0.03801161,0.998406,-0.04171934,0.0,0.01080235,0.04133651,0.9990869,0.0,-0.5002758,1.681406,-0.9823079,1.0,0.9245626,0.9624447,-0.1572522,-0.1960648,0.9678999,-0.0006383434,0.0006928101,-0.03463836,7.922223,472.0,-0.175,-0.15849999999999997
6.0,-0.09497254,-0.2441087,1.000118,-0.2433829,-0.1735442,1.000095,-0.1691782,-0.2088258,1.000106,-0.9992111,0.03823369,0.01073882,0.0,0.03865146,0.9983763,0.04184439,0.0,0.009121516,-0.04222645,0.9990665,0.0,-0.5560314,-1.701045,0.9164193,1.0,-0.9992111,0.03865146,0.009121517,0.0,0.03823369,0.9983763,-0.04222646,0.0,0.01073882,0.04184439,0.9990664,0.0,-0.5003968,1.681427,-0.982321,1.0,0.9230757,0.9726226,-0.157645,-0.1959746,0.9678544,-0.0006383667,0.0006921769,-0.03463802,7.933333,473.0,-0.175,-0.15849999999999997
6.0,-0.1379119,-0.2216413,1.000005,-0.2435752,-0.1737856,1.000001,-0.1907436,-0.1977134,1.000003,-0.9991982,0.03856277,0.01077079,0.0,0.03898174,0.9983628,0.041858,0.0,0.009138998,-0.0422443,0.9990656,0.0,-0.5565491,-1.700871,0.9164054,1.0,-0.999198,0.03898174,0.009138996,0.0,0.03856277,0.9983629,-0.04224429,0.0,0.01077079,0.041858,0.9990653,0.0,-0.5003828,1.681422,-0.9823147,1.0,0.9398435,0.9685628,-0.1783607,-0.1855894,0.9663044,-0.0008203965,-9.335327e-05,-0.02894479,7.944445,474.0,-0.175,-0.15849999999999997
6.0,-0.1087078,-0.3183587,1.000006,-0.243632,-0.1739059,1.000008,-0.1761699,-0.2461323,1.000007,-0.9991933,0.03871612,0.0106715,0.0,0.039129,0.9983652,0.04166314,0.0,0.009041016,-0.04204709,0.9990748,0.0,-0.5567625,-1.700734,0.9167227,1.0,-0.9991932,0.039129,0.009041015,0.0,0.03871612,0.9983652,-0.04204708,0.0,0.01067149,0.04166313,0.9990746,0.0,-0.5002503,1.681546,-0.9823516,1.0,0.9223767,0.9795609,-0.1632956,-0.2293495,0.9595485,-0.0008932268,4.431151e-05,-0.02994453,7.966667,475.0,-0.175,-0.15849999999999997
6.0,-0.09446234,-0.2958146,0.9998477,-0.243733,-0.1734433,0.9999166,-0.1690961,-0.2346311,0.9998822,-0.9991825,0.03904034,0.01051868,0.0,0.03944306,0.998369,0.04127398,0.0,0.008890177,-0.04165511,0.9990927,0.0,-0.5572619,-1.700224,0.9173669,1.0,-0.9991822,0.03944306,0.008890173,0.0,0.03904033,0.998369,-0.04165511,0.0,0.01051868,0.04127397,0.9990923,0.0,-0.5000783,1.681567,-0.982403,1.0,0.9223767,0.9795609,-0.1571216,-0.2195871,0.9628574,-0.0006988598,0.0007140732,-0.03207462,7.977778,476.0,-0.175,-0.15849999999999997
6.0,-0.06777251,-0.3386257,0.9999688,-0.2440558,-0.1733862,1.000012,-0.1559129,-0.2560076,0.9999903,-0.9991795,0.03918444,0.01025877,0.0,0.03957298,0.9983793,0.04089819,0.0,0.008639577,-0.0412706,0.9991107,0.0,-0.5575985,-1.699799,0.9178942,1.0,-0.9991792,0.03957297,0.008639575,0.0,0.03918444,0.9983794,-0.04127059,0.0,0.01025877,0.04089819,0.9991106,0.0,-0.4999516,1.68157,-0.9824121,1.0,0.9253931,0.9806935,-0.1444789,-0.2388576,0.9602463,-0.0006282274,0.0007140732,-0.03207404,8.0,477.0,-0.175,-0.15849999999999997
6.0,-0.03457589,-0.3745909,1.000013,-0.2440857,-0.1726513,1.000038,-0.1393299,-0.2736222,1.000025,-0.9991701,0.03944093,0.01019232,0.0,0.03982607,0.9983715,0.04084512,0.0,0.008564749,-0.04121714,0.9991137,0.0,-0.5580692,-1.699622,0.917922,1.0,-0.9991698,0.03982606,0.008564745,0.0,0.03944093,0.9983715,-0.04121713,0.0,0.01019231,0.04084511,0.9991133,0.0,-0.499927,1.681588,-0.9823819,1.0,0.9279242,0.9814503,-0.128786,-0.2549297,0.9583449,-0.000519081,0.001150894,-0.03291855,8.011111,478.0,-0.175,-0.15849999999999997
6.0,-0.0352433,-0.4032891,1.000007,-0.2439951,-0.1729968,1.000022,-0.1396187,-0.288144,1.000015,-0.9991739,0.03933191,0.01023262,0.0,0.03971778,0.9983805,0.0407277,0.0,0.008614152,-0.04110046,0.999118,0.0,-0.5580321,-1.699463,0.9180817,1.0,-0.9991738,0.03971777,0.00861415,0.0,0.03933191,0.9983806,-0.04110046,0.0,0.01023262,0.0407277,0.9991178,0.0,-0.5001222,1.681483,-0.9823135,1.0,0.9259268,0.9658434,-0.1285894,-0.267458,0.9549508,-0.0005120086,0.001189194,-0.0330422,8.033334,479.0,-0.175,-0.15849999999999997
6.0,-0.02856923,-0.3765854,1.000003,-0.2441443,-0.1730797,1.000002,-0.1363568,-0.2748325,1.000003,-0.9991775,0.03922534,0.01030284,0.0,0.03961352,0.9983878,0.04065185,0.0,0.008691647,-0.04102654,0.9991205,0.0,-0.5577834,-1.699444,0.9182146,1.0,-0.9991772,0.03961352,0.008691645,0.0,0.03922534,0.9983878,-0.04102653,0.0,0.01030284,0.04065184,0.9991201,0.0,-0.5001234,1.681472,-0.9822808,1.0,0.9447001,0.983281,-0.1260291,-0.2560797,0.9584049,-0.000509887,0.00119561,-0.03306352,8.044445,480.0,-0.175,-0.15849999999999997
6.0,-0.03505398,-0.4010455,0.9999544,-0.2435995,-0.172559,0.9999821,-0.1393258,-0.2868037,0.9999682,-0.9991859,0.03903182,0.01021069,0.0,0.03941607,0.9983971,0.0406167,0.0,0.008608978,-0.04098609,0.9991227,0.0,-0.5575422,-1.699491,0.9182635,1.0,-0.9991857,0.03941607,0.008608977,0.0,0.03903181,0.9983971,-0.04098609,0.0,0.01021069,0.0406167,0.9991226,0.0,-0.5001301,1.681446,-0.9823134,1.0,0.9166782,0.9825158,-0.1283678,-0.2663265,0.9552968,-0.0005074767,0.001204132,-0.03310006,8.055555,481.0,-0.175,-0.15849999999999997
6.0,-0.03441378,-0.3847043,0.999948,-0.2428966,-0.1725442,0.999925,-0.138656,-0.2786231,0.9999363,-0.9991946,0.03880618,0.01021708,0.0,0.039191,0.9984053,0.04063088,0.0,0.008624063,-0.04099857,0.999122,0.0,-0.5570806,-1.699699,0.9182808,1.0,-0.9991943,0.03919099,0.008624062,0.0,0.03880618,0.9984053,-0.04099857,0.0,0.01021708,0.04063088,0.999122,0.0,-0.5000551,1.681511,-0.9823554,1.0,0.9315276,0.9675719,-0.1280158,-0.2593048,0.9572737,-0.0005084993,0.001204132,-0.03310003,8.077778,482.0,-0.175,-0.15849999999999997
6.0,-0.02893054,-0.4009891,1.000019,-0.2431285,-0.1726434,0.9999709,-0.1360313,-0.2868136,0.9999953,-0.9991984,0.0386549,0.01040795,0.0,0.03904789,0.9984099,0.04065708,0.0,0.008819803,-0.0410309,0.9991189,0.0,-0.5566474,-1.699812,0.9183177,1.0,-0.9991983,0.03904789,0.008819803,0.0,0.03865489,0.9984099,-0.0410309,0.0,0.01040795,0.04065708,0.999119,0.0,-0.5000529,1.681509,-0.982344,1.0,0.9308043,0.9808475,-0.1253652,-0.2664307,0.9556664,-0.0005091252,0.001202828,-0.03309976,8.088889,483.0,-0.175,-0.15849999999999997
6.0,-0.03008695,-0.4062367,0.9999585,-0.2431617,-0.1732422,1.000032,-0.1366216,-0.2897435,0.9999951,-0.9991992,0.03868208,0.01024551,0.0,0.03906655,0.9984177,0.04044484,0.0,0.008664808,-0.0408127,0.9991294,0.0,-0.5568658,-1.699534,0.9185453,1.0,-0.9991989,0.03906654,0.008664806,0.0,0.03868207,0.9984177,-0.0408127,0.0,0.01024551,0.04044484,0.9991291,0.0,-0.5000892,1.68145,-0.9822828,1.0,0.9209778,0.9731535,-0.1258131,-0.2689274,0.9549078,-0.0005119778,0.00119265,-0.03306235,8.111112,484.0,-0.175,-0.15849999999999997
6.0,-0.03079511,-0.3856279,1.000103,-0.2428259,-0.1737345,1.000042,-0.1368128,-0.2796782,1.000072,-0.9991995,0.03862179,0.01043095,0.0,0.03901476,0.9984157,0.04054466,0.0,0.008848516,-0.04091917,0.9991233,0.0,-0.5568028,-1.699617,0.9183973,1.0,-0.9991993,0.03901476,0.008848514,0.0,0.03862179,0.9984158,-0.04091916,0.0,0.01043095,0.04054466,0.9991232,0.0,-0.5002945,1.681412,-0.9822121,1.0,0.9370704,0.9757712,-0.1262902,-0.2602398,0.9572492,-0.000517128,0.001179192,-0.03301715,8.122222,485.0,-0.175,-0.15849999999999997
6.0,-0.08696596,-0.1973934,1.000014,-0.2426006,-0.1738046,1.000005,-0.1647835,-0.1855991,1.000009,-0.999198,0.03864978,0.01048545,0.0,0.03904486,0.998415,0.04053398,0.0,0.0089022,-0.04091087,0.9991233,0.0,-0.5568697,-1.699675,0.9184226,1.0,-0.9991975,0.03904485,0.008902196,0.0,0.03864978,0.998415,-0.04091085,0.0,0.01048544,0.04053397,0.9991229,0.0,-0.5003608,1.681496,-0.9821949,1.0,0.9251856,0.9674531,-0.1549934,-0.1748975,0.9723107,-0.0008244095,-0.0005847245,-0.02854503,8.133333,486.0,-0.175,-0.15849999999999997
6.0,-0.08704729,-0.1977022,0.9999685,-0.2426996,-0.1738383,0.9999979,-0.1648727,-0.1857706,0.9999832,-0.9991963,0.03873166,0.01032943,0.0,0.03911681,0.9984282,0.04013605,0.0,0.008758659,-0.04050785,0.9991409,0.0,-0.5570606,-1.699306,0.9190664,1.0,-0.9991962,0.03911681,0.008758658,0.0,0.03873166,0.9984283,-0.04050785,0.0,0.01032943,0.04013605,0.9991407,0.0,-0.5002893,1.681538,-0.9822327,1.0,0.9187632,0.9772573,-0.1550761,-0.1750567,0.9722687,-0.0008250196,-0.0005866089,-0.02853431,8.155556,487.0,-0.175,-0.15849999999999997
6.0,-0.103766,-0.2128711,1.000003,-0.242952,-0.173943,0.9999753,-0.1733596,-0.1934069,0.9999893,-0.9991945,0.03872885,0.01051505,0.0,0.03912204,0.9984257,0.04019454,0.0,0.008941812,-0.04057353,0.9991366,0.0,-0.5569106,-1.699384,0.9190483,1.0,-0.9991943,0.03912204,0.008941811,0.0,0.03872884,0.9984257,-0.04057352,0.0,0.01051505,0.04019453,0.9991365,0.0,-0.5003105,1.681555,-0.9822249,1.0,0.9356359,0.9698327,-0.1626809,-0.1818061,0.9697842,-0.0008254694,-0.0005893555,-0.02853216,8.166667,488.0,-0.175,-0.15849999999999997
6.0,-0.1039635,-0.2173406,1.000028,-0.2439617,-0.1739353,1.000027,-0.1739627,-0.1956382,1.000028,-0.9992096,0.03837501,0.01037783,0.0,0.03876058,0.9984504,0.03993039,0.0,0.008829418,-0.04030108,0.9991487,0.0,-0.5563101,-1.699304,0.9194648,1.0,-0.9992093,0.03876057,0.008829415,0.0,0.03837501,0.9984504,-0.04030107,0.0,0.01037783,0.03993038,0.9991484,0.0,-0.5002015,1.681519,-0.9822537,1.0,0.9245369,0.9754171,-0.1631664,-0.1838167,0.9693236,-0.0008256147,-0.0005895081,-0.0285292,8.18889,489.0,-0.175,-0.15849999999999997
6.0,-0.1360357,-0.2417241,1.000033,-0.2441173,-0.1739436,1.000041,-0.1900764,-0.2078339,1.000037,-0.9992213,0.0380828,0.01032233,0.0,0.03846607,0.9984631,0.03989787,0.0,0.008787042,-0.04026385,0.9991505,0.0,-0.5558516,-1.699387,0.9194602,1.0,-0.9992213,0.03846606,0.008787041,0.0,0.0380828,0.9984631,-0.04026385,0.0,0.01032233,0.03989787,0.9991504,0.0,-0.5001923,1.681472,-0.9822186,1.0,0.9283583,0.9759782,-0.1775052,-0.1943831,0.9647316,-0.0008265004,-0.0005898896,-0.02852688,8.2,490.0,-0.175,-0.15849999999999997
6.0,4.656613e-09,7.078052e-08,1.000038,-0.2457655,-0.1745027,1.000055,-0.1228819,-0.08725061,1.000047,-0.9992273,0.03790401,0.01040955,0.0,0.03829274,0.9984615,0.04010198,0.0,0.008873513,-0.04046959,0.9991415,0.0,-0.5555045,-1.699677,0.9191137,1.0,-0.999227,0.03829273,0.00887351,0.0,0.03790401,0.9984617,-0.04046959,0.0,0.01040955,0.04010197,0.9991412,0.0,-0.5002182,1.681475,-0.9821804,1.0,0.9322144,0.9883177,-0.1054693,-0.08496778,0.990786,-0.0148929,-0.0002529907,-0.01441007,8.211111,491.0,-0.175,-0.15849999999999997
6.0,1.862645e-08,-9.313226e-08,0.9999707,-0.2454826,-0.1751983,0.9999661,-0.1227415,-0.08759937,0.9999685,-0.9992434,0.03737114,0.01077634,0.0,0.03777678,0.9984741,0.04028,0.0,0.009254585,-0.04065662,0.9991304,0.0,-0.5544071,-1.700156,0.9189972,1.0,-0.9992433,0.03777677,0.009254583,0.0,0.03737114,0.9984741,-0.04065662,0.0,0.01077634,0.04028,0.9991303,0.0,-0.5003543,1.681488,-0.9821897,1.0,0.9307818,0.9697658,-0.1053393,-0.08531321,0.99077,-0.0148922,-0.0002531662,-0.01440988,8.233334,492.0,-0.175,-0.15849999999999997
6.0,3.073364e-08,1.676381e-07,0.9999965,-0.2436522,-0.1763674,1.000026,-0.1218246,-0.08818242,1.000011,-0.9992503,0.03719259,0.01074953,0.0,0.03759842,0.9984758,0.04040403,0.0,0.009230415,-0.04077791,0.9991256,0.0,-0.5541678,-1.700366,0.918774,1.0,-0.9992504,0.03759842,0.009230416,0.0,0.0371926,0.9984758,-0.04077791,0.0,0.01074953,0.04040404,0.9991257,0.0,-0.5003877,1.681488,-0.9821929,1.0,0.9307818,0.9697658,-0.1044445,-0.08588187,0.9908156,-0.01489186,-0.0002547226,-0.01440959,8.244445,493.0,-0.175,-0.15849999999999997
6.0,-0.1635248,-0.5453808,1.000012,-0.2436208,-0.1757459,0.9999787,-0.203573,-0.3605604,0.9999952,-0.9992548,0.03696828,0.01111719,0.0,0.03738785,0.9984897,0.04025564,0.0,0.009612214,-0.04064128,0.9991277,0.0,-0.5535158,-1.700352,0.919225,1.0,-0.9992544,0.03738784,0.00961221,0.0,0.03696828,0.9984897,-0.04064127,0.0,0.01111718,0.04025563,0.9991274,0.0,-0.5004632,1.681474,-0.9822069,1.0,0.9478116,0.9899379,-0.1820941,-0.3241306,0.9283216,-0.0006401222,0.0006632843,-0.03456421,8.266666,494.0,-0.175,-0.15849999999999997
6.0,-0.1094947,-0.1518214,0.9999864,-0.2456398,-0.1745159,0.9999658,-0.1775676,-0.1631689,0.999976,-0.9992639,0.03667764,0.01124809,0.0,0.03710171,0.9985046,0.04014996,0.0,0.009758665,-0.04053773,0.9991304,0.0,-0.5530304,-1.700397,0.9194546,1.0,-0.9992639,0.03710172,0.009758665,0.0,0.03667764,0.9985046,-0.04053773,0.0,0.01124809,0.04014996,0.9991303,0.0,-0.5005988,1.681457,-0.9821883,1.0,0.9481452,0.9838108,-0.1665573,-0.1542255,0.9738959,-0.0006388482,0.0006599731,-0.03456413,8.277778,495.0,-0.175,-0.15849999999999997
6.0,-0.09411857,-0.05285029,1.000012,-0.2441538,-0.1735093,0.9999945,-0.1691366,-0.1131803,1.000003,-0.9992588,0.03672563,0.01153806,0.0,0.03716194,0.9985003,0.04020147,0.0,0.01004434,-0.04060045,0.999125,0.0,-0.5528483,-1.700461,0.9195111,1.0,-0.9992588,0.03716195,0.01004434,0.0,0.03672563,0.9985003,-0.04060045,0.0,0.01153807,0.04020148,0.9991249,0.0,-0.5005974,1.68149,-0.982193,1.0,0.9518558,0.9823452,-0.1598113,-0.1079685,0.9812254,-0.0006378787,0.0006570282,-0.03456368,8.3,496.0,-0.175,-0.15849999999999997
6.0,-0.09124249,-0.03249906,1.000002,-0.2433763,-0.1748589,1.00004,-0.1673086,-0.1036777,1.000021,-0.999257,0.03674955,0.01162669,0.0,0.03719296,0.9984851,0.04054774,0.0,0.01011896,-0.04095004,0.9991101,0.0,-0.5528383,-1.700771,0.9189612,1.0,-0.9992568,0.03719294,0.01011896,0.0,0.03674955,0.9984851,-0.04095003,0.0,0.01162669,0.04054773,0.9991098,0.0,-0.5006093,1.681494,-0.9821956,1.0,0.951111,0.9736122,-0.1582663,-0.09907331,0.9824135,-0.0006376272,0.0006566162,-0.03456252,8.311111,497.0,-0.175,-0.15849999999999997
6.0,-0.07167973,-0.01603756,1.00002,-0.2449696,-0.1748959,1.000033,-0.1583243,-0.09546623,1.000026,-0.9992621,0.03659497,0.01167336,0.0,0.03704169,0.9984856,0.04067401,0.0,0.01016722,-0.04107639,0.9991044,0.0,-0.5525831,-1.700892,0.9187464,1.0,-0.999262,0.03704168,0.01016721,0.0,0.03659497,0.9984856,-0.04107638,0.0,0.01167335,0.040674,0.9991041,0.0,-0.500656,1.681416,-0.9821716,1.0,0.9558253,0.9723892,-0.1500437,-0.09146424,0.9844395,-0.0006375201,0.0006563645,-0.03456139,8.322223,498.0,-0.175,-0.15849999999999997
6.0,-0.009430073,-0.0815265,1.000003,-0.2447687,-0.1752994,0.999993,-0.1270998,-0.1284131,0.9999977,-0.9992537,0.03678558,0.01179182,0.0,0.03724275,0.9984553,0.04123195,0.0,0.01025687,-0.04164033,0.9990802,0.0,-0.552765,-1.701252,0.9179049,1.0,-0.9992535,0.03724274,0.01025686,0.0,0.03678557,0.9984552,-0.04164033,0.0,0.01179182,0.04123194,0.9990798,0.0,-0.5005946,1.681363,-0.9822313,1.0,0.9508592,0.9688849,-0.1209731,-0.1223023,0.9850927,-0.0006445237,-0.0005687027,-0.0297367,8.344444,499.0,-0.175,-0.15849999999999997
6.0,-0.0007889718,-0.4812301,1.000175,-0.245317,-0.1760512,1.000066,-0.123058,-0.3286327,1.00012,-0.9992552,0.03672322,0.01186084,0.0,0.03718649,0.9984446,0.04153978,0.0,0.01031692,-0.0419499,0.9990666,0.0,-0.5525359,-1.701648,0.9173834,1.0,-0.999255,0.03718649,0.01031691,0.0,0.03672321,0.9984446,-0.0419499,0.0,0.01186084,0.04153978,0.9990663,0.0,-0.5005152,1.68144,-0.9822103,1.0,0.9449583,0.9901412,-0.1126255,-0.3005784,0.947084,-0.0006915433,-0.002057777,-0.02887669,8.355556,500.0,-0.175,-0.15849999999999997
6.0,-0.07907555,-0.1828357,0.9999868,-0.2449162,-0.17573,1.000002,-0.1619955,-0.1792829,0.9999943,-0.9992608,0.03662593,0.01168527,0.0,0.03708333,0.9984426,0.04167853,0.0,0.01014055,-0.04208104,0.9990629,0.0,-0.5525708,-1.701778,0.9170974,1.0,-0.9992607,0.03708333,0.01014055,0.0,0.03662593,0.9984426,-0.04208104,0.0,0.01168527,0.04167852,0.9990626,0.0,-0.5005496,1.681395,-0.9822469,1.0,0.9672796,0.9772543,-0.1526348,-0.1691043,0.9737076,-0.0008306429,-0.0007279511,-0.0281287,8.377778,501.0,-0.175,-0.15849999999999997
6.0,-0.08442844,-0.1840384,0.999969,-0.2442828,-0.1757715,0.9999809,-0.1643553,-0.179905,0.999975,-0.9992554,0.03679314,0.01161106,0.0,0.03724679,0.9984386,0.04162975,0.0,0.01006124,-0.04203123,0.9990656,0.0,-0.552915,-1.70163,0.9171728,1.0,-0.9992555,0.03724679,0.01006125,0.0,0.03679314,0.9984386,-0.04203123,0.0,0.01161106,0.04162975,0.9990657,0.0,-0.5005445,1.681386,-0.9822745,1.0,0.9540057,0.9850762,-0.154795,-0.169622,0.9732764,-0.0008403324,-0.0007279511,-0.02812846,8.388889,502.0,-0.175,-0.15849999999999997
6.0,-0.1704154,-0.6054157,0.9999764,-0.244529,-0.1771652,0.9999642,-0.2074723,-0.3912894,0.9999702,-0.9992529,0.03683365,0.01171792,0.0,0.0372929,0.9984322,0.04174272,0.0,0.01016201,-0.04214852,0.9990598,0.0,-0.552821,-1.701769,0.9171315,1.0,-0.9992525,0.0372929,0.01016201,0.0,0.03683364,0.9984322,-0.04214852,0.0,0.01171791,0.04174272,0.9990596,0.0,-0.5004724,1.681434,-0.9823782,1.0,0.9611195,0.9850293,-0.1837556,-0.3482431,0.9192175,-0.0006159134,0.0007328492,-0.03480629,8.411111,503.0,-0.175,-0.15849999999999997
6.0,-0.07557938,-0.1256308,0.999926,-0.2444865,-0.1772392,0.9999278,-0.160033,-0.151435,0.999927,-0.9992523,0.03683144,0.01177023,0.0,0.03729478,0.9984244,0.04192659,0.0,0.01020747,-0.0423342,0.9990515,0.0,-0.5528084,-1.701894,0.9169345,1.0,-0.9992521,0.03729478,0.01020747,0.0,0.03683143,0.9984244,-0.0423342,0.0,0.01177023,0.04192659,0.9990513,0.0,-0.5005043,1.681385,-0.9824702,1.0,0.9517283,0.9911736,-0.1513683,-0.1438783,0.9779503,-0.0006150436,9.393311e-05,-0.03003113,8.422222,504.0,-0.175,-0.15849999999999997
6.0,-0.09684533,-0.6169411,0.9999098,-0.2449291,-0.1773693,0.9999109,-0.1708872,-0.3971553,0.9999102,-0.9992572,0.0366777,0.01182779,0.0,0.03714335,0.9984311,0.04190219,0.0,0.01027236,-0.04231039,0.9990518,0.0,-0.5525774,-1.701962,0.9170759,1.0,-0.9992571,0.03714335,0.01027236,0.0,0.0366777,0.9984311,-0.04231039,0.0,0.01182779,0.04190219,0.9990516,0.0,-0.5005899,1.681389,-0.9825405,1.0,0.9637802,0.9829372,-0.1524604,-0.3553879,0.9222013,-0.0006153872,-0.0002490234,-0.03002986,8.433333,505.0,-0.175,-0.15849999999999997
6.0,-0.07978003,-0.3083907,1.000055,-0.2445776,-0.1775531,0.9999912,-0.1621805,-0.2429699,1.000023,-0.9992448,0.0369275,0.01209076,0.0,0.03740727,0.9984084,0.0422055,0.0,0.01051298,-0.0426259,0.9990358,0.0,-0.5526903,-1.70211,0.9167373,1.0,-0.9992449,0.03740727,0.01051298,0.0,0.0369275,0.9984084,-0.0426259,0.0,0.01209076,0.0422055,0.9990358,0.0,-0.5005023,1.681384,-0.9825969,1.0,0.9704831,0.9771904,-0.1509134,-0.2265621,0.9622342,-0.0006308826,-0.0004403076,-0.03002898,8.455556,506.0,-0.175,-0.15849999999999997
6.0,-0.0520448,-0.09144089,0.9999661,-0.2448938,-0.1764107,0.9999875,-0.1484686,-0.1339255,0.9999768,-0.9992485,0.03685811,0.01199699,0.0,0.03733435,0.9984095,0.04224441,0.0,0.01042086,-0.04266056,0.9990354,0.0,-0.5526586,-1.702177,0.9166665,1.0,-0.9992485,0.03733435,0.01042086,0.0,0.03685811,0.9984095,-0.04266056,0.0,0.01199699,0.0422444,0.9990352,0.0,-0.5005015,1.681378,-0.9826388,1.0,0.9630012,0.9850558,-0.1409287,-0.1271875,0.9818159,-0.0006349189,-0.0005065079,-0.02994552,8.466667,507.0,-0.175,-0.15849999999999997
6.0,-0.05595104,-0.08755062,0.9999561,-0.245829,-0.1764438,1.000004,-0.1508884,-0.131996,0.9999801,-0.9992566,0.03669775,0.011822,0.0,0.0371682,0.9984093,0.04239441,0.0,0.01024741,-0.0428023,0.9990312,0.0,-0.5526714,-1.70234,0.9164024,1.0,-0.9992564,0.03716819,0.01024741,0.0,0.03669775,0.9984093,-0.04280229,0.0,0.01182199,0.04239441,0.9990308,0.0,-0.5006221,1.681324,-0.9827149,1.0,0.9757993,0.9687591,-0.143225,-0.1253251,0.9817231,-0.0006357506,-0.0005221329,-0.02991518,8.488889,508.0,-0.175,-0.15849999999999997
6.0,-0.06409,-0.08945702,0.9998269,-0.24493,-0.1765336,0.9998181,-0.1545102,-0.1329955,0.9998225,-0.9992608,0.03655083,0.01193411,0.0,0.03702742,0.9984096,0.0425114,0.0,0.01036131,-0.04292185,0.9990249,0.0,-0.5523978,-1.702586,0.9164329,1.0,-0.9992604,0.03702741,0.0103613,0.0,0.03655083,0.9984096,-0.04292184,0.0,0.01193411,0.04251139,0.9990245,0.0,-0.5006951,1.681373,-0.9828935,1.0,0.9641149,0.9904237,-0.1466148,-0.1262105,0.981109,-0.000640397,-0.0005397873,-0.02983512,8.5,509.0,-0.175,-0.15849999999999997
6.0,-0.05775279,-0.1002989,0.9999674,-0.2460013,-0.1771029,0.9999841,-0.1518765,-0.1387006,0.9999759,-0.9992654,0.03642179,0.01192176,0.0,0.03689983,0.9984066,0.04269303,0.0,0.0103478,-0.04310158,0.9990171,0.0,-0.5522553,-1.702815,0.9161784,1.0,-0.9992654,0.03689983,0.0103478,0.0,0.03642178,0.9984066,-0.04310158,0.0,0.01192176,0.04269303,0.9990171,0.0,-0.5007525,1.681365,-0.9829573,1.0,0.9702885,0.9814324,-0.1440531,-0.1315834,0.9807826,-0.0006483691,-0.0005636902,-0.02965959,8.522223,510.0,-0.175,-0.15849999999999997
6.0,-0.09718339,-0.1469503,1.000015,-0.2449948,-0.177257,1.000016,-0.1710891,-0.1621038,1.000016,-0.99927,0.03630029,0.01191889,0.0,0.03677873,0.9984093,0.04273314,0.0,0.01034871,-0.0431403,0.9990156,0.0,-0.5520704,-1.702898,0.9160998,1.0,-0.9992697,0.03677873,0.0103487,0.0,0.03630028,0.9984094,-0.0431403,0.0,0.01191889,0.04273314,0.9990152,0.0,-0.5007704,1.681346,-0.982948,1.0,0.9717748,0.980248,-0.1613983,-0.1530167,0.9749546,-0.0007867962,-0.0006458054,-0.02872497,8.533334,511.0,-0.175,-0.15849999999999997
6.0,-0.1136453,-0.2060838,1.000005,-0.2466901,-0.1780885,1.000027,-0.1801673,-0.1920864,1.000016,-0.999269,0.03639345,0.01171961,0.0,0.03686512,0.9983981,0.04292043,0.0,0.01013881,-0.04332109,0.99901,0.0,-0.5524532,-1.702997,0.9157357,1.0,-0.9992685,0.03686511,0.01013881,0.0,0.03639344,0.9983981,-0.04332108,0.0,0.0117196,0.04292042,0.9990095,0.0,-0.5008032,1.681332,-0.9830031,1.0,0.9550765,0.9902175,-0.1690022,-0.1803631,0.9689723,-0.0008173985,-0.000680214,-0.02828482,8.544445,512.0,-0.175,-0.15849999999999997
2.0,-0.02976778,-0.6085616,1.000005,-0.1613327,-0.2391945,0.9999098,-0.09555191,-0.4238692,0.9999576,-0.9992228,0.03836023,0.009076164,0.0,0.03881444,0.9976358,0.05671211,0.0,0.006879217,-0.05702032,0.9983493,0.0,-0.5584772,-1.713058,0.8908218,1.0,-0.9992228,0.03881444,0.006879216,0.0,0.03836023,0.9976358,-0.05702032,0.0,0.009076164,0.05671211,0.9983493,0.0,-0.5004151,1.680165,-0.9831886,1.0,1.0,1.0,-0.08451885,-0.3795466,0.921304,-0.001156716,2.866364e-05,-0.02900489,11.9,724.0,-0.0875,-0.246
2.0,9.126961e-08,1.452863e-07,0.9999743,-0.1613325,-0.2391943,0.999908,-0.08066823,-0.1196009,0.999941,-0.9992254,0.03829893,0.009059817,0.0,0.03875038,0.9976541,0.05643231,0.0,0.006877266,-0.05673966,0.9983654,0.0,-0.5583881,-1.712813,0.8913255,1.0,-0.9992251,0.03875038,0.006877264,0.0,0.03829894,0.9976543,-0.05673965,0.0,0.009059814,0.0564323,0.9983652,0.0,-0.5004318,1.680134,-0.9832126,1.0,1.0,1.0,-0.06405026,-0.1164154,0.9911332,-0.01511569,-0.0004549103,-0.01444012,11.91111,725.0,-0.0875,-0.246
2.0,9.685755e-08,8.642673e-07,0.9999848,-0.161325,-0.2393067,0.9999624,-0.08066314,-0.1196541,0.9999737,-0.9992288,0.0381755,0.009193798,0.0,0.03863456,0.99766,0.05640763,0.0,0.007018895,-0.05671933,0.9983656,0.0,-0.5580755,-1.712969,0.891523,1.0,-0.9992287,0.03863456,0.007018894,0.0,0.0381755,0.99766,-0.05671932,0.0,0.009193796,0.05640762,0.9983653,0.0,-0.5004482,1.680233,-0.9833071,1.0,1.0,1.0,-0.064043,-0.1164642,0.9911279,-0.01511566,-0.0004547196,-0.01444012,11.93333,726.0,-0.0875,-0.246
2.0,-3.632158e-08,1.005828e-07,0.9999362,-0.1609311,-0.2398697,0.9998544,-0.08046801,-0.1199394,0.9998953,-0.9992267,0.03821588,0.009244238,0.0,0.03867562,0.9976754,0.05610704,0.0,0.007078568,-0.05642118,0.998382,0.0,-0.5579851,-1.712705,0.8921335,1.0,-0.9992268,0.03867562,0.007078569,0.0,0.03821588,0.9976754,-0.05642118,0.0,0.009244238,0.05610704,0.998382,0.0,-0.5003482,1.680249,-0.9833731,1.0,1.0,1.0,-0.06385627,-0.1167485,0.9911066,-0.01511517,-0.0004546357,-0.01444016,11.94444,727.0,-0.0875,-0.246
2.0,6.053597e-08,3.352761e-08,0.9999325,-0.1610533,-0.2411148,0.9998893,-0.08052794,-0.1205597,0.9999108,-0.9992307,0.03807878,0.009394212,0.0,0.03854659,0.9976851,0.05602397,0.0,0.007239141,-0.05634298,0.9983854,0.0,-0.557607,-1.712701,0.8924193,1.0,-0.9992304,0.03854658,0.007239138,0.0,0.03807877,0.9976851,-0.05634297,0.0,0.00939421,0.05602396,0.9983851,0.0,-0.5003439,1.680233,-0.9834402,1.0,1.0,1.0,-0.06390934,-0.1173443,0.9910327,-0.01511487,-0.0004544067,-0.01444029,11.95556,728.0,-0.0875,-0.246
2.0,-0.0221605,-0.7839832,1.000092,-0.1597992,-0.2411892,1.000009,-0.09098142,-0.5125751,1.00005,-0.9992386,0.03784341,0.00949575,0.0,0.03831903,0.9976806,0.05625897,0.0,0.007344695,-0.05658,0.9983711,0.0,-0.5571223,-1.713074,0.8921355,1.0,-0.9992386,0.03831903,0.007344693,0.0,0.03784341,0.9976806,-0.05657999,0.0,0.009495749,0.05625897,0.9983709,0.0,-0.500341,1.680259,-0.983516,1.0,1.0,1.0,-0.07791387,-0.4444911,0.8923885,-0.001111313,0.0001249237,-0.02928014,11.97778,729.0,-0.0875,-0.246
2.0,-0.02073049,-0.8279882,1.00019,-0.1606925,-0.2412047,1.000029,-0.09071462,-0.5345734,1.000109,-0.9992423,0.03775832,0.009451672,0.0,0.0382337,0.9976676,0.05654782,0.0,0.007294476,-0.05686634,0.9983552,0.0,-0.557166,-1.713321,0.8916619,1.0,-0.9992421,0.03823369,0.007294474,0.0,0.03775832,0.9976675,-0.05686634,0.0,0.009451672,0.05654781,0.9983551,0.0,-0.5004793,1.680206,-0.9835613,1.0,1.0,1.0,-0.07703351,-0.4596861,0.8847341,-0.001109939,0.0001295929,-0.02900575,11.98889,730.0,-0.0875,-0.246
2.0,-0.01423319,-0.6770225,0.9998872,-0.1616954,-0.2405172,0.9998839,-0.08796434,-0.4587695,0.9998857,-0.9992441,0.03765348,0.009687906,0.0,0.03814361,0.9976623,0.05670075,0.0,0.007530279,-0.05702741,0.9983443,0.0,-0.5567858,-1.713517,0.8916576,1.0,-0.9992437,0.0381436,0.007530275,0.0,0.03765348,0.9976624,-0.0570274,0.0,0.009687903,0.05670075,0.9983441,0.0,-0.5004832,1.680192,-0.9837057,1.0,1.0,1.0,-0.07686686,-0.4061294,0.9105769,-0.001109939,0.0001295929,-0.02900594,12.01111,731.0,-0.0875,-0.246
2.0,-0.01715502,-0.8290873,1.000093,-0.1620114,-0.2402053,0.9999818,-0.08958551,-0.5346302,1.000037,-0.9992437,0.03765785,0.009696274,0.0,0.03814987,0.9976514,0.05688844,0.0,0.007531205,-0.05721532,0.9983336,0.0,-0.5568764,-1.713617,0.8913993,1.0,-0.9992436,0.03814987,0.007531204,0.0,0.03765785,0.9976514,-0.05721532,0.0,0.009696273,0.05688844,0.9983334,0.0,-0.5005672,1.680127,-0.9837649,1.0,1.0,1.0,-0.07607052,-0.4597835,0.8847669,-0.001110351,0.0001292496,-0.02900723,12.02222,732.0,-0.0875,-0.246
2.0,-0.006555438,-0.825781,1.000068,-0.1621456,-0.2399435,0.9999195,-0.0843541,-0.5328411,0.9999937,-0.9992431,0.03760645,0.009957146,0.0,0.03811485,0.9976427,0.05706389,0.0,0.007787704,-0.05740021,0.9983209,0.0,-0.5565558,-1.713757,0.8913068,1.0,-0.9992429,0.03811484,0.007787702,0.0,0.03760645,0.9976428,-0.0574002,0.0,0.009957144,0.05706389,0.9983208,0.0,-0.500561,1.680068,-0.9838457,1.0,1.0,1.0,-0.07164552,-0.458711,0.8856925,-0.001110374,0.0001271591,-0.02907787,12.03333,733.0,-0.0875,-0.246
2.0,-0.007561497,-0.801497,1.000092,-0.1619337,-0.2401339,1.000021,-0.08474927,-0.5208055,1.000056,-0.9992275,0.03793385,0.01027124,0.0,0.0384629,0.9976071,0.05745264,0.0,0.008067258,-0.05780331,0.9982954,0.0,-0.5568706,-1.713855,0.890857,1.0,-0.9992274,0.0384629,0.008067257,0.0,0.03793385,0.9976071,-0.05780331,0.0,0.01027124,0.05745263,0.9982954,0.0,-0.5005774,1.67999,-0.9839124,1.0,1.0,1.0,-0.07231692,-0.4504173,0.8898845,-0.001111474,0.00012249,-0.02913592,12.05556,734.0,-0.0875,-0.246
2.0,-0.000140328,-0.7843242,1.00013,-0.1596767,-0.2403673,0.9999965,-0.07991174,-0.5123279,1.000063,-0.9992267,0.03795452,0.01027108,0.0,0.03848553,0.9975918,0.05770118,0.0,0.008056327,-0.05805185,0.998281,0.0,-0.5569232,-1.714041,0.8904901,1.0,-0.9992267,0.03848553,0.008056326,0.0,0.03795452,0.997592,-0.05805185,0.0,0.01027108,0.05770119,0.9982811,0.0,-0.5005832,1.679965,-0.9839759,1.0,1.0,1.0,-0.06837349,-0.4446431,0.8930943,-0.001111527,0.00012249,-0.0292272,12.06667,735.0,-0.0875,-0.246
2.0,-0.008120697,-0.7539788,1.000189,-0.1598253,-0.240355,0.9999974,-0.08397728,-0.4971429,1.000093,-0.9992125,0.03828095,0.01044505,0.0,0.03882631,0.9975449,0.05828166,0.0,0.008188333,-0.0586413,0.9982456,0.0,-0.5572625,-1.714403,0.8896075,1.0,-0.9992123,0.0388263,0.008188332,0.0,0.03828095,0.9975448,-0.0586413,0.0,0.01044505,0.05828166,0.9982455,0.0,-0.5004866,1.679982,-0.9840184,1.0,1.0,1.0,-0.07228861,-0.433826,0.8980921,-0.001126182,7.257846e-05,-0.0292272,12.08889,736.0,-0.0875,-0.246
