flag,xl,yl,zl,xr,yr,zr,xc,yc,zc,mat_00,mat_10,mat_20,mat_30,mat_01,mat_11,mat_21,mat_31,mat_02,mat_12,mat_22,mat_32,mat_03,mat_13,mat_23,mat_33,ctw_00,ctw_10,ctw_20,ctw_30,ctw_01,ctw_11,ctw_21,ctw_31,ctw_02,ctw_12,ctw_22,ctw_32,ctw_03,ctw_13,ctw_23,ctw_33,opennessl,opennessr,ray_x,ray_y,ray_z,eye_x,eye_y,eye_z,time,frame
0,0.1067445,0.1560075,1,-0.07712594,0.1232914,0.9999999,0.01480929,0.1396494,1,-0.9998375,0.01415867,0.01116664,0,0.01547974,0.9915507,0.1287927,0,0.00924876,-0.1289446,0.9916087,0,-0.01215298,-1.842569,0.7989277,1,-0.9998373,0.01547974,0.009248757,0,0.01415867,0.9915507,-0.1289446,0,0.01116664,0.1287927,0.9916086,0,0.005015983,1.724293,-1.0297,1,0.2435235,0.2353903,0.01552425,0.1438305,0.9894805,-0.001211097,-0.008778382,-0.02110292,0,1
0,0.1067719,0.1552428,1,-0.08075624,0.1226616,1,0.01300786,0.1389522,0.9999998,-0.9998375,0.01415867,0.01116664,0,0.01547974,0.9915507,0.1287927,0,0.00924876,-0.1289446,0.9916087,0,-0.01215298,-1.842569,0.7989277,1,-0.9998373,0.01547974,0.009248757,0,0.01415867,0.9915507,-0.1289446,0,0.01116664,0.1287927,0.9916086,0,0.005015983,1.724293,-1.0297,1,1,0,0.01377296,0.1431781,0.9896011,-0.001203536,-0.008784172,-0.02110254,0.01111111,2
0,0.1049903,0.2329418,1.000347,-0.1084337,0.2373113,1.000362,-0.001721095,0.2351266,1.000355,-0.9998393,0.01407429,0.01109778,0,0.01538359,0.9916024,0.1284061,0,0.009197362,-0.1285561,0.9916595,0,-0.01198614,-1.842242,0.7993843,1,-0.9998394,0.01538359,0.009197363,0,0.01407429,0.9916023,-0.1285562,0,0.01109778,0.1284061,0.9916596,0,0.005072645,1.72431,-1.029438,1,1,0.1,-0.0007764102,0.2307345,0.9730165,-0.0009053266,-0.007305138,-0.02198668,0.02222222,3
0,0.1070346,0.2349861,0.9959452,-0.09911021,0.234303,0.9896672,0.003738515,0.2346502,0.992799,-0.9990339,0.01232979,0.04218256,0,0.01928591,0.9854774,0.1687081,0,0.03948983,-0.1693586,0.9847631,0,0.008486738,-1.865009,0.7220536,1,-0.9990338,0.0192859,0.03948982,0,0.0123298,0.9854774,-0.1693586,0,0.04218255,0.1687081,0.9847628,0,0.001015646,1.715944,-1.027242,1,1,0.1,0.00445681,0.2319061,0.972728,-0.0009111259,-0.007289963,-0.02201521,0.3555556,4
0,0.1045671,0.2295312,0.9637488,-0.09430984,0.2316476,0.9700773,0.00534884,0.2305805,0.9669069,-0.9998661,0.01212594,0.01099476,0,0.01488525,0.9529926,0.3026279,0,0.006808279,-0.3027511,0.9530454,0,-0.0110907,-1.935543,0.4725047,1,-0.9998659,0.01488524,0.006808278,0,0.01212594,0.9529924,-0.302751,0,0.01099476,0.3026279,0.9530454,0,0.007185989,1.70173,-1.03623,1,1,0.1,0.006147273,0.2338728,0.9722478,-0.0009039082,-0.007305138,-0.02202304,0.3888889,5
0,0.1073077,0.2361236,1.000138,-0.0945731,0.2383663,1.000035,0.006363793,0.2372454,1.000087,-0.9998485,0.01211676,0.01249603,0,0.01531967,0.9534027,0.3013115,0,0.008262827,-0.3014573,0.9534439,0,-0.01059279,-1.935298,0.4752644,1,-0.9998485,0.01531967,0.008262827,0,0.01211676,0.9534027,-0.3014572,0,0.01249603,0.3013115,0.9534439,0,0.006919428,1.702078,-1.03646,1,1,0.1,0.006910968,0.2326931,0.9725257,-0.000899544,-0.007312653,-0.02202551,0.4111111,6
0,0.1062216,0.2388377,1.000114,-0.09461188,0.2411202,1.000051,0.005802718,0.239979,1.000083,-0.9998419,0.01234118,0.01280595,0,0.01562128,0.9536042,0.3006577,0,0.008501336,-0.3008102,0.9536462,0,-0.0109617,-1.93508,0.4766674,1,-0.9998417,0.01562128,0.008501336,0,0.01234118,0.9536042,-0.3008102,0,0.01280595,0.3006577,0.9536461,0,0.006817031,1.702158,-1.036571,1,1,0.1,0.006372653,0.2351611,0.9719355,-0.0008989479,-0.007323891,-0.02203282,0.4222222,7
0,0.1071459,0.2399593,1.000248,-0.09669392,0.2427996,1.000051,0.005219164,0.2413796,1.000149,-0.9998201,0.01247802,0.01429146,0,0.01618442,0.9540289,0.2992773,0,0.009900081,-0.2994547,0.9540592,0,-0.01064827,-1.934715,0.4794956,1,-0.9998199,0.01618442,0.009900078,0,0.01247802,0.9540289,-0.2994547,0,0.01429146,0.2992772,0.9540591,0,0.00664237,1.702445,-1.036721,1,1,0.1,0.005815403,0.2364143,0.9716349,-0.0008988427,-0.007336083,-0.02204401,0.4444444,8
0,0.1029191,0.2404,1.000116,-0.0997038,0.2429073,1.000071,0.001606125,0.2416537,1.000094,-0.9998199,0.01223496,0.01451284,0,0.0160136,0.9541839,0.2987919,0,0.01019221,-0.2989705,0.9542079,0,-0.01027788,-1.934593,0.4805037,1,-0.9998198,0.0160136,0.01019221,0,0.01223495,0.9541839,-0.2989705,0,0.01451284,0.2987919,0.954208,0,0.006420152,1.702551,-1.036782,1,1,0.1,0.002377264,0.2366743,0.9715862,-0.0008948594,-0.007338349,-0.0220562,0.4555556,9
0,0.08850167,0.2206196,1.000105,-0.1122053,0.2369516,1.00005,-0.01185369,0.2287861,1.000077,-0.9998184,0.01199921,0.01480499,0,0.01587303,0.9542698,0.2985252,0,0.01054589,-0.298706,0.9542871,0,-0.009749869,-1.9345,0.48102,1,-0.9998183,0.01587303,0.01054589,0,0.01199921,0.9542698,-0.298706,0,0.01480499,0.2985251,0.9542868,0,0.006342875,1.702593,-1.036775,1,1,0.1,-0.0104455,0.2249203,0.9743211,-0.0008940352,-0.007205887,-0.02220226,0.4666667,10
0,0.08849562,0.220596,1,-0.1122014,0.2369393,1,-0.01185286,0.2287677,1,-0.9998184,0.01199921,0.01480499,0,0.01587303,0.9542698,0.2985252,0,0.01054589,-0.298706,0.9542871,0,-0.009749869,-1.9345,0.48102,1,-0.9998183,0.01587303,0.01054589,0,0.01199921,0.9542698,-0.298706,0,0.01480499,0.2985251,0.9542868,0,0.006342875,1.702593,-1.036775,1,1,0.1,-0.0104455,0.2249203,0.9743211,-0.0008940352,-0.007205887,-0.02220226,0.4777778,11
0,0.0742066,0.2148727,1.001437,-0.1198777,0.2568676,1.001554,-0.02283172,0.235869,1.001495,-0.9997929,0.01008077,0.01768351,0,0.01470442,0.9584144,0.2850011,0,0.0140751,-0.2852021,0.9583642,0,-0.005464307,-1.927904,0.5059059,1,-0.9997926,0.01470442,0.01407509,0,0.01008077,0.9584144,-0.285202,0,0.0176835,0.285001,0.9583639,0,0.005025395,1.703628,-1.034607,1,1,0.1,-0.0208135,0.2309036,0.9727541,-0.0009170836,-0.007250885,-0.02272238,0.6666667,12
0,0.06573614,0.1314333,1.000346,-0.08083396,0.1506963,1.000312,-0.007549618,0.1410649,1.000329,-0.9997852,0.0103233,0.01797729,0,0.01501332,0.9585572,0.2845044,0,0.01429524,-0.2847131,0.9585062,0,-0.005785174,-1.927497,0.5066394,1,-0.9997849,0.01501332,0.01429524,0,0.01032331,0.9585572,-0.2847131,0,0.01797729,0.2845044,0.9585061,0,0.005006204,1.703562,-1.034318,1,1,0.1,-0.006412043,0.1440705,0.9895467,-0.0009193812,-0.007907463,-0.02289026,0.6777778,13
0,0.07802165,0.07151677,1.000365,-0.09398489,0.112643,1.000368,-0.007981512,0.09207998,1.000366,-0.9997733,0.01092683,0.01827588,0,0.01564605,0.9591552,0.2824473,0,0.01444315,-0.2826692,0.9591087,0,-0.006719364,-1.926392,0.5101769,1,-0.9997732,0.01564605,0.01444315,0,0.01092683,0.9591552,-0.2826692,0,0.01827588,0.2824473,0.9591087,0,0.005007583,1.703716,-1.03375,1,1,0.1,-0.006777347,0.09797676,0.9951656,-0.001019119,-0.00857238,-0.02197137,0.7,14
0,0.06573912,0.08130296,1.000337,-0.09235107,0.1136188,1.000319,-0.0133064,0.09746091,1.000328,-0.9997628,0.01122332,0.0186671,0,0.01601989,0.9595545,0.2810667,0,0.01475759,-0.2812991,0.9595066,0,-0.007040992,-1.925706,0.5127459,1,-0.9997627,0.01601988,0.0147576,0,0.01122332,0.9595545,-0.2812991,0,0.01866709,0.2810667,0.9595067,0,0.005002007,1.703816,-1.033579,1,1,0.1,-0.01196559,0.1032022,0.9945884,-0.001009476,-0.008599144,-0.02180139,0.7111111,15
0,0.06545468,0.08019145,1.000305,-0.09266357,0.1110895,1.000324,-0.01360399,0.09564027,1.000314,-0.9997543,0.01195844,0.01866162,0,0.01668712,0.9602497,0.2786434,0,0.01458768,-0.2788863,0.9602133,0,-0.008346554,-1.924391,0.51714,1,-0.9997544,0.01668712,0.01458768,0,0.01195844,0.9602497,-0.2788863,0,0.01866162,0.2786434,0.9602133,0,0.005017541,1.703938,-1.033129,1,1,0.1,-0.0122596,0.1014411,0.994766,-0.001007127,-0.008592407,-0.02181778,0.7333333,16
0,0.06524441,0.07710296,1.000264,-0.08542215,0.1127625,1.000319,-0.01008765,0.09493227,1.000292,-0.9997569,0.01199291,0.01850572,0,0.01666323,0.9605104,0.2777447,0,0.01444397,-0.2779855,0.9604768,0,-0.008473821,-1.923903,0.5187435,1,-0.9997567,0.01666323,0.01444396,0,0.01199291,0.9605103,-0.2779855,0,0.01850571,0.2777446,0.9604766,0,0.00500173,1.703992,-1.032936,1,1,0.1,-0.008858374,0.100665,0.9948809,-0.0009850692,-0.008507759,-0.02201607,0.7444445,17
0,0.06591602,0.07960746,1.000243,-0.08563311,0.1109429,1.000326,-0.009856719,0.09527436,1.000285,-0.9997637,0.0117967,0.01825625,0,0.01637744,0.9610567,0.2758655,0,0.01429098,-0.2760993,0.9610229,0,-0.008155426,-1.922829,0.5220523,1,-0.9997637,0.01637744,0.01429098,0,0.0117967,0.9610568,-0.2760993,0,0.01825624,0.2758655,0.9610229,0,0.004998824,1.704065,-1.032479,1,1,0.1,-0.008635914,0.1010134,0.9948476,-0.0009824745,-0.008527298,-0.02201893,0.7666667,18
0,0.06871156,0.08002791,1.000305,-0.08533128,0.1126263,1.00037,-0.008308391,0.09632665,1.000337,-0.9997694,0.01161268,0.01806453,0,0.01613166,0.9613707,0.2747838,0,0.01417574,-0.2750119,0.9613364,0,-0.007861264,-1.922265,0.5239938,1,-0.9997693,0.01613165,0.01417573,0,0.01161268,0.9613706,-0.2750118,0,0.01806453,0.2747838,0.9613363,0,0.004997496,1.704151,-1.032268,1,1,0.1,-0.007134748,0.1020301,0.9947557,-0.0009756396,-0.008534547,-0.02202471,0.7777778,19
0,0.07141523,0.0744659,1.000276,-0.08568501,0.1136319,1.000346,-0.007133242,0.09404807,1.000311,-0.9997724,0.01160508,0.01790834,0,0.01606408,0.9617097,0.2735991,0,0.01404748,-0.2738244,0.9616772,0,-0.007839324,-1.921617,0.5261726,1,-0.9997721,0.01606407,0.01404748,0,0.01160507,0.9617097,-0.2738244,0,0.01790833,0.273599,0.961677,0,0.005040094,1.704203,-1.032084,1,1,0.1,-0.005995574,0.09984644,0.9949848,-0.0009728614,-0.008543518,-0.02202395,0.7888889,20
0,0.07329436,0.07430035,1.000342,-0.08632049,0.1129702,1.000407,-0.006511496,0.09363452,1.000374,-0.9997717,0.01184717,0.01778514,0,0.0162239,0.9624776,0.2708756,0,0.01390869,-0.2711023,0.9624501,0,-0.008104442,-1.920289,0.5311682,1,-0.9997715,0.01622389,0.01390868,0,0.01184717,0.9624777,-0.2711022,0,0.01778513,0.2708756,0.96245,0,0.005200489,1.704486,-1.031705,1,1,0.1,-0.005392337,0.09944504,0.9950284,-0.0009708786,-0.008545029,-0.02201579,0.8111112,21
0,0.07362472,0.07322305,1.000248,-0.08928785,0.1138227,1.000319,-0.007829788,0.09352215,1.000284,-0.999773,0.01204959,0.01757313,0,0.01634826,0.9627333,0.269958,0,0.01366535,-0.270184,0.9627118,0,-0.00856426,-1.91982,0.5328113,1,-0.9997728,0.01634826,0.01366535,0,0.01204959,0.9627333,-0.270184,0,0.01757312,0.269958,0.9627116,0,0.005207564,1.704578,-1.031531,1,1,0.1,-0.006671884,0.09935337,0.9950298,-0.0009751441,-0.008553284,-0.02200359,0.8222222,22
0,0.07560919,0.07160419,1.000228,-0.08925492,0.1117245,1.000266,-0.006821891,0.09166396,1.000247,-0.9997699,0.01220047,0.01764709,0,0.01648838,0.9632246,0.2681911,0,0.01372606,-0.2684203,0.9632041,0,-0.008657718,-1.918863,0.5360162,1,-0.9997697,0.01648838,0.01372606,0,0.01220046,0.9632246,-0.2684203,0,0.01764709,0.268191,0.9632041,0,0.005296171,1.704684,-1.031236,1,1,0.1,-0.005698774,0.09756648,0.9952127,-0.0009682933,-0.008553284,-0.02200359,0.8444445,23
0,0.075553,0.07065935,1.00027,-0.09160506,0.1094869,1.000277,-0.008025815,0.09007315,1.000273,-0.9997671,0.01224159,0.01778463,0,0.01655328,0.9634486,0.2673815,0,0.0138614,-0.2676135,0.9634268,0,-0.008603717,-1.918406,0.5374265,1,-0.9997666,0.01655328,0.0138614,0,0.01224158,0.9634485,-0.2676135,0,0.01778462,0.2673814,0.9634265,0,0.005324695,1.70473,-1.031043,1,1,0.1,-0.006867838,0.09604067,0.9953536,-0.0009723594,-0.008563194,-0.02198187,0.8555556,24
0,0.07069902,0.07017472,1.000145,-0.08986469,0.1058189,1.000165,-0.009582363,0.08799654,1.000155,-0.9997631,0.01257102,0.01776683,0,0.01684744,0.9638027,0.2660837,0,0.01377877,-0.26632,0.9637861,0,-0.009085813,-1.9177,0.5397921,1,-0.9997631,0.01684744,0.01377877,0,0.01257102,0.9638027,-0.26632,0,0.01776683,0.2660837,0.9637862,0,0.005433391,1.704808,-1.030841,1,1,0.1,-0.008381387,0.09405255,0.995532,-0.0009770272,-0.008569733,-0.02197792,0.8777778,25
0,0.07090733,0.06717943,1.000169,-0.08964726,0.09400961,1.000192,-0.009369418,0.08059417,1.00018,-0.9997621,0.01272607,0.01771368,0,0.01697519,0.9639472,0.2655516,0,0.01369562,-0.2657892,0.9639338,0,-0.009393891,-1.917404,0.5407165,1,-0.9997621,0.0169752,0.01369562,0,0.01272607,0.9639472,-0.2657892,0,0.01771368,0.2655516,0.9639339,0,0.005431283,1.704847,-1.030711,1,1,0.1,-0.008173916,0.08696377,0.9961779,-0.000983201,-0.008628899,-0.02187195,0.8888889,26
0,0.0707696,0.06913397,1.000104,-0.09136885,0.08827709,1.000139,-0.01029874,0.07870533,1.000122,-0.9997642,0.01280457,0.01754563,0,0.01699998,0.9640689,0.2651078,0,0.01352061,-0.2653435,0.9640594,0,-0.009600786,-1.917149,0.5415199,1,-0.9997638,0.01699997,0.0135206,0,0.01280456,0.9640689,-0.2653435,0,0.01754562,0.2651078,0.9640589,0,0.00544843,1.704866,-1.03063,1,1,0.1,-0.009078085,0.08515204,0.9963266,-0.0009869384,-0.008639099,-0.02185652,0.9,27
0,0.07026773,0.06996568,1.000021,-0.09033725,0.08413085,1.000094,-0.01003296,0.07704794,1.000057,-0.999783,0.0124691,0.01669321,0,0.01644505,0.9641864,0.2647152,0,0.0127946,-0.2649323,0.9641823,0,-0.009233097,-1.916783,0.5422006,1,-0.9997827,0.01644505,0.0127946,0,0.0124691,0.9641864,-0.2649322,0,0.0166932,0.2647152,0.964182,0,0.005618396,1.704759,-1.030479,1,1,0.1,-0.008820026,0.08356808,0.996463,-0.000987839,-0.008652894,-0.02183596,0.9222223,28
0,0.07094131,0.06945843,0.9999823,-0.09109637,0.08446339,1.000003,-0.01007704,0.07696076,0.9999923,-0.9997883,0.01221552,0.0165613,0,0.01616684,0.9641642,0.2648133,0,0.01273298,-0.2650249,0.9641575,0,-0.008805929,-1.916794,0.5420101,1,-0.9997881,0.01616684,0.01273298,0,0.01221552,0.9641641,-0.2650249,0,0.0165613,0.2648133,0.9641575,0,0.005634174,1.704715,-1.030469,1,1,0.1,-0.008860877,0.08352578,0.9964662,-0.0009910362,-0.008687279,-0.02179086,0.9333333,29
0,0.07100585,0.06775816,1.000048,-0.09044867,0.08612794,1.000044,-0.009721514,0.07694311,1.000046,-0.9997935,0.01200057,0.01639432,0,0.01592181,0.9640313,0.2653114,0,0.01262075,-0.2655177,0.9640234,0,-0.008282163,-1.916912,0.5409358,1,-0.9997936,0.01592182,0.01262076,0,0.01200057,0.9640313,-0.2655177,0,0.01639433,0.2653115,0.9640234,0,0.005855305,1.704579,-1.030344,1,1,0.1,-0.008513892,0.08352925,0.996469,-0.0009912783,-0.008709221,-0.02174455,0.9555556,30
0,0.07127363,0.06312276,1.000035,-0.09110625,0.08810829,1.000002,-0.009917123,0.07561573,1.000019,-0.9997923,0.01187266,0.01656868,0,0.0158475,0.9639763,0.2655155,0,0.01281944,-0.2657229,0.9639643,0,-0.007974023,-1.916967,0.54049,1,-0.9997922,0.0158475,0.01281944,0,0.01187266,0.9639764,-0.2657228,0,0.01656868,0.2655155,0.963964,0,0.005831936,1.704529,-1.030293,1,1,0.1,-0.008703116,0.08227347,0.9965718,-0.0009945072,-0.008732964,-0.021688,0.9666667,31
0,0.07129966,0.06268367,0.9999406,-0.09129535,0.08641854,0.9998865,-0.009999196,0.07455119,0.9999137,-0.9997889,0.01167113,0.01691528,0,0.01575098,0.9638637,0.2659296,0,0.01320033,-0.2661399,0.9638441,0,-0.00747587,-1.917088,0.5397439,1,-0.9997888,0.01575098,0.01320033,0,0.01167113,0.9638638,-0.2661399,0,0.01691528,0.2659296,0.963844,0,0.005770378,1.704396,-1.030344,1,1,0.1,-0.00878426,0.08125507,0.9966546,-0.0009950865,-0.008737687,-0.02168531,0.9888889,32
0,0.0715334,0.06182155,0.9999955,-0.09082772,0.08645339,0.9999391,-0.009648558,0.07413776,0.9999672,-0.9997829,0.01165597,0.0172707,0,0.01583014,0.9638789,0.2658701,0,0.01354789,-0.2660857,0.9638542,0,-0.007261553,-1.917054,0.5398874,1,-0.9997829,0.01583014,0.01354788,0,0.01165597,0.9638789,-0.2660858,0,0.01727069,0.26587,0.9638542,0,0.005760925,1.704383,-1.030375,1,1,0.1,-0.008441585,0.0808515,0.9966904,-0.0009956285,-0.008738182,-0.02167623,1,33
0,0.07165904,0.06232253,0.999984,-0.09019106,0.0880176,0.9999341,-0.009267232,0.07517052,0.999959,-0.9997739,0.0115285,0.01787445,0,0.01587426,0.9637594,0.2663004,0,0.01415662,-0.266524,0.9637244,0,-0.007046352,-1.917158,0.5390679,1,-0.9997736,0.01587426,0.01415662,0,0.0115285,0.9637593,-0.2665239,0,0.01787444,0.2663004,0.9637243,0,0.005421653,1.704237,-1.030381,1,1,0.1,-0.008069213,0.08185281,0.9966118,-0.0009954907,-0.008737488,-0.02166729,1.022222,34
0,0.07196903,0.06262717,0.9998374,-0.09331763,0.08816254,0.9998012,-0.01067522,0.07539506,0.9998193,-0.9997725,0.01145704,0.01798697,0,0.0158461,0.9635596,0.2670241,0,0.01427221,-0.2672484,0.963522,0,-0.006898777,-1.917485,0.5377488,1,-0.9997725,0.01584609,0.01427222,0,0.01145704,0.9635595,-0.2672484,0,0.01798697,0.2670241,0.9635221,0,0.005399021,1.704129,-1.030479,1,1,0.1,-0.009435848,0.08208168,0.996581,-0.001003586,-0.008738182,-0.02166538,1.033333,35
0,0.07253613,0.06232104,0.9999201,-0.09307398,0.0857816,0.9998868,-0.01026978,0.07405174,0.9999033,-0.9997685,0.01160196,0.0181256,0,0.01602967,0.9634293,0.2674828,0,0.01435941,-0.2677114,0.9633923,0,-0.007197815,-1.917652,0.5368927,1,-0.9997683,0.01602967,0.01435941,0,0.01160196,0.9634293,-0.2677114,0,0.0181256,0.2674828,0.963392,0,0.005320874,1.704028,-1.030512,1,1,0.1,-0.00904052,0.08076494,0.9966922,-0.001003586,-0.008729172,-0.02166914,1.044444,36
0,0.07253291,0.06057434,0.9999712,-0.09308432,0.08980563,0.9999275,-0.01027682,0.07519019,0.9999494,-0.9997588,0.01171407,0.01858195,0,0.01628641,0.9629428,0.2692133,0,0.01473978,-0.269451,0.9629015,0,-0.007225202,-1.918529,0.5335357,1,-0.9997585,0.01628641,0.01473977,0,0.01171406,0.9629428,-0.269451,0,0.01858195,0.2692133,0.9629012,0,0.005336182,1.703917,-1.030585,1,1,0.1,-0.009046124,0.08185264,0.9966034,-0.001003586,-0.008717728,-0.02167518,1.066667,37
0,0.07430962,0.06368786,0.9998986,-0.09325588,0.08968696,0.9999061,-0.009472932,0.07668734,0.9999024,-0.9997606,0.01173794,0.018467,0,0.01628557,0.9628112,0.2696837,0,0.01461471,-0.2699198,0.9627719,0,-0.007268784,-1.918817,0.5326631,1,-0.9997604,0.01628557,0.01461471,0,0.01173794,0.9628113,-0.2699198,0,0.018467,0.2696836,0.9627718,0,0.005419223,1.703926,-1.030653,1,1,0.1,-0.008261329,0.08330191,0.9964901,-0.001003586,-0.008711663,-0.02167904,1.077778,38
0,0.07447678,0.06508282,1.000011,-0.09310568,0.09271078,1.000033,-0.009313866,0.07889657,1.000022,-0.9997582,0.01206108,0.01838874,0,0.01656281,0.9630455,0.2688291,0,0.01446682,-0.2690687,0.9630123,0,-0.008112342,-1.918415,0.5344126,1,-0.9997581,0.01656281,0.01446682,0,0.01206108,0.9630455,-0.2690687,0,0.01838874,0.2688291,0.9630123,0,0.005200605,1.703989,-1.030714,1,1,0.1,-0.008105509,0.08542947,0.9963113,-0.001001756,-0.008710388,-0.02168347,1.1,39
0,0.07266353,0.06555858,1.000021,-0.09438941,0.0935666,1.000062,-0.01086188,0.07956235,1.000041,-0.9997637,0.01187924,0.01821503,0,0.01633424,0.9631738,0.268383,0,0.01435605,-0.268617,0.9631402,0,-0.007871936,-1.918264,0.5353034,1,-0.9997633,0.01633424,0.01435605,0,0.01187924,0.9631738,-0.268617,0,0.01821502,0.2683829,0.96314,0,0.005166883,1.704084,-1.030737,1,1,0.1,-0.009615875,0.08606502,0.9962431,-0.001000039,-0.008704613,-0.02168498,1.111111,40
0,0.07273453,0.06606209,1.000084,-0.09563315,0.09418412,1.000071,-0.01144967,0.08012325,1.000077,-0.9997761,0.01104209,0.01804724,0,0.0154824,0.9631925,0.2683665,0,0.01441964,-0.2685858,0.9631479,0,-0.006501915,-1.918431,0.5353243,1,-0.9997761,0.0154824,0.01441964,0,0.01104209,0.9631925,-0.2685858,0,0.01804725,0.2683665,0.9631478,0,0.005021914,1.704256,-1.030766,1,1,0.1,-0.01019285,0.0865953,0.9961915,-0.0009951014,-0.008695717,-0.02169252,1.133333,41
0,0.07308283,0.06557731,1.000025,-0.09616393,0.09632403,1.000005,-0.01154107,0.08095089,1.000015,-0.9997784,0.01054924,0.01821476,0,0.01504821,0.9632791,0.2680801,0,0.01471785,-0.2682948,0.9632244,0,-0.005433187,-1.918357,0.5358977,1,-0.9997784,0.01504821,0.01471786,0,0.01054924,0.9632791,-0.2682949,0,0.01821476,0.2680802,0.9632245,0,0.005043976,1.704332,-1.030795,1,1,0.1,-0.01028533,0.08739886,0.9961203,-0.0009915316,-0.008692719,-0.02169349,1.144444,42
0,0.07459465,0.06589796,0.9999479,-0.09607881,0.1081339,0.9999118,-0.01074304,0.08701643,0.99993,-0.9997774,0.01022883,0.01845797,0,0.01480272,0.9633193,0.2679492,0,0.01504012,-0.2681627,0.9632564,0,-0.004585847,-1.918443,0.5362318,1,-0.9997771,0.01480272,0.01504011,0,0.01022883,0.9633194,-0.2681627,0,0.01845797,0.2679492,0.9632561,0,0.005140849,1.704458,-1.030914,1,1,0.1,-0.009508799,0.09324944,0.9955974,-0.0009855805,-0.00867202,-0.02170276,1.155556,43
0,0.0720969,0.06664057,1.000093,-0.0956105,0.1081054,1.000052,-0.01175784,0.08737339,1.000072,-0.9997581,0.01055313,0.01930246,0,0.01531771,0.9637181,0.2664823,0,0.01578991,-0.2667135,0.9636467,0,-0.004784168,-1.917871,0.5391335,1,-0.9997578,0.01531771,0.01578991,0,0.01055313,0.9637181,-0.2667134,0,0.01930246,0.2664823,0.9636464,0,0.005049921,1.70469,-1.03098,1,1,0.1,-0.01049852,0.09357758,0.9955566,-0.0009827586,-0.008669396,-0.02170929,1.177778,44
0,0.07288276,0.06684926,1.000126,-0.09566119,0.1109032,1.000043,-0.01139138,0.08887702,1.000084,-0.9997426,0.01081246,0.01995232,0,0.0157305,0.9638836,0.2658589,0,0.01635713,-0.2661043,0.9638056,0,-0.004922748,-1.917608,0.5403224,1,-0.9997423,0.0157305,0.01635712,0,0.01081246,0.9638835,-0.2661042,0,0.01995231,0.2658588,0.9638053,0,0.005031894,1.704779,-1.030969,1,1,0.1,-0.01014005,0.09503262,0.9954225,-0.0009827586,-0.00867202,-0.02170244,1.188889,45
0,0.07273716,0.06665501,1.000028,-0.09648642,0.1073325,0.999929,-0.01187726,0.08699481,0.9999789,-0.9997176,0.01091422,0.02112123,0,0.01612554,0.9640936,0.2650725,0,0.01746978,-0.2653382,0.9639974,0,-0.004515205,-1.917345,0.5418316,1,-0.9997171,0.01612553,0.01746977,0,0.01091421,0.9640936,-0.2653381,0,0.02112122,0.2650724,0.9639969,0,0.004968249,1.704949,-1.03099,1,1,0.1,-0.01061342,0.0932122,0.9955897,-0.0009856718,-0.008661599,-0.0217055,1.211111,46
0,0.07361753,0.06558995,1.000091,-0.09636784,0.09857449,1.000019,-0.01137707,0.08208293,1.000055,-0.9997066,0.01095181,0.02160842,0,0.01628432,0.9641913,0.2647073,0,0.01793562,-0.2649815,0.9640868,0,-0.004326626,-1.917182,0.5425144,1,-0.9997064,0.01628432,0.01793562,0,0.01095181,0.9641913,-0.2649815,0,0.02160842,0.2647073,0.9640866,0,0.004948373,1.704993,-1.030971,1,1,0.1,-0.01013204,0.08843731,0.9960302,-0.0009831777,-0.008639923,-0.02171637,1.222222,47
0,0.07366335,0.06568499,1.000058,-0.09658106,0.1057374,1.00002,-0.01145991,0.08571151,1.000039,-0.9996911,0.01111064,0.02223635,0,0.01660131,0.9642242,0.2645679,0,0.01850131,-0.2648553,0.9641109,0,-0.004319565,-1.91725,0.5427715,1,-0.9996909,0.0166013,0.0185013,0,0.01111065,0.9642242,-0.2648552,0,0.02223634,0.2645678,0.9641105,0,0.004914399,1.705131,-1.031006,1,1,0.1,-0.01020933,0.09195999,0.9957104,-0.0009831777,-0.00865773,-0.02175237,1.244444,48
0,0.07369304,0.06509633,1.000083,-0.09729931,0.1042692,1.000089,-0.01180299,0.08468252,1.000086,-0.999688,0.01119769,0.02232638,0,0.01669879,0.9643694,0.2640319,0,0.01857433,-0.2643223,0.9642556,0,-0.004398365,-1.916991,0.5437943,1,-0.9996881,0.01669879,0.01857433,0,0.01119769,0.9643694,-0.2643223,0,0.02232638,0.2640319,0.9642555,0,0.00492791,1.705182,-1.030978,1,1,0.1,-0.01054492,0.09097284,0.9957976,-0.0009823525,-0.008668701,-0.02174822,1.255556,49
0,0.07217088,0.07826953,1.00006,-0.09790574,0.09905446,1.000077,-0.01286694,0.08866191,1.000069,-0.999698,0.01095015,0.0220026,0,0.01635939,0.9645907,0.2632436,0,0.01834095,-0.263524,0.9644785,0,-0.004067479,-1.916669,0.5452518,1,-0.9996979,0.01635939,0.01834094,0,0.01095015,0.9645907,-0.263524,0,0.02200259,0.2632436,0.9644784,0,0.004924606,1.705334,-1.030897,1,1,0.1,-0.01158245,0.09487851,0.9954215,-0.0009777835,-0.008729585,-0.02171233,1.277778,50
0,0.07208718,0.07604775,0.9999833,-0.09785254,0.09659402,0.9999951,-0.01288237,0.08632097,0.9999893,-0.999702,0.01067229,0.02195367,0,0.01607504,0.9646435,0.2630675,0,0.01836993,-0.263342,0.9645276,0,-0.003546748,-1.91664,0.5456302,1,-0.9997021,0.01607504,0.01836994,0,0.01067229,0.9646435,-0.263342,0,0.02195367,0.2630675,0.9645277,0,0.004930664,1.705394,-1.030942,1,1,0.1,-0.01160365,0.09263135,0.9956328,-0.0009749299,-0.008735512,-0.02171001,1.288889,51
0,0.07307586,0.07726073,1.00002,-0.1025675,0.0954445,1.000086,-0.01474399,0.08635212,1.000053,-0.9997118,0.01047025,0.02161041,0,0.01578333,0.9647403,0.2627302,0,0.01809758,-0.2629955,0.9646275,0,-0.003336918,-1.916467,0.5462934,1,-0.9997116,0.01578333,0.01809757,0,0.01047026,0.9647403,-0.2629954,0,0.0216104,0.2627301,0.9646271,0,0.004924326,1.705418,-1.030931,1,1,0.1,-0.01342183,0.09265768,0.9956076,-0.0009696279,-0.008739609,-0.02170512,1.3,52
0,0.07252932,0.07679285,1.000041,-0.1019481,0.0938345,1.000064,-0.01470878,0.08531371,1.000053,-0.9997169,0.01025846,0.02147055,0,0.01554491,0.9647039,0.2628779,0,0.018016,-0.2631372,0.9645903,0,-0.003085757,-1.91655,0.5459265,1,-0.9997169,0.01554491,0.018016,0,0.01025846,0.9647039,-0.2631371,0,0.02147055,0.2628779,0.9645901,0,0.004854633,1.705439,-1.030855,1,1,0.1,-0.01339421,0.09165934,0.9957003,-0.0009641722,-0.008744134,-0.02169583,1.322222,53
0,0.06887443,0.07697123,1.000022,-0.1022235,0.09295349,1.000058,-0.01667354,0.08496232,1.00004,-0.9997195,0.01041868,0.02127627,0,0.01564513,0.9647502,0.262702,0,0.01778928,-0.2629611,0.9646425,0,-0.003506941,-1.916458,0.5462607,1,-0.9997192,0.01564513,0.01778928,0,0.01041868,0.9647502,-0.2629611,0,0.02127627,0.262702,0.9646423,0,0.004838608,1.705454,-1.030838,1,1,0.1,-0.01531035,0.09132983,0.995703,-0.0009631729,-0.008753663,-0.02167855,1.333333,54
0,0.06841522,0.07649069,0.9999476,-0.09972713,0.09326388,0.9999571,-0.01565571,0.08487719,0.9999523,-0.9997187,0.01056857,0.02123569,0,0.01577621,0.9647909,0.2625444,0,0.01771328,-0.2628056,0.9646863,0,-0.003738394,-1.916393,0.5466371,1,-0.9997186,0.01577621,0.01771328,0,0.01056857,0.9647909,-0.2628056,0,0.02123569,0.2625444,0.9646862,0,0.004907978,1.705461,-1.030906,1,1,0.1,-0.01432665,0.09126163,0.9957239,-0.0009564133,-0.008758279,-0.0216715,1.344445,55
0,0.06838807,0.0753729,1.000141,-0.1001689,0.09363838,1.000166,-0.01588972,0.08450559,1.000154,-0.9997214,0.01092402,0.02092731,0,0.01602311,0.9650146,0.2617061,0,0.01733628,-0.2619685,0.9649208,0,-0.004596888,-1.91606,0.5481797,1,-0.9997213,0.01602311,0.01733628,0,0.01092402,0.9650146,-0.2619685,0,0.02092731,0.2617061,0.9649206,0,0.004863528,1.705637,-1.030818,1,1,0.1,-0.01455225,0.09089118,0.9957545,-0.0009565204,-0.008765213,-0.02166774,1.366667,56
0,0.068358,0.07608801,1.000141,-0.09975047,0.09293029,1.000122,-0.01569675,0.08450931,1.000131,-0.9997165,0.01102853,0.02109973,0,0.01615761,0.9651853,0.2610676,0,0.01748596,-0.2613345,0.9650899,0,-0.004709748,-1.915688,0.5493644,1,-0.9997166,0.01615761,0.01748596,0,0.01102853,0.9651853,-0.2613345,0,0.02109973,0.2610676,0.9650899,0,0.004827378,1.705649,-1.030739,1,1,0.1,-0.01436472,0.09090274,0.9957561,-0.0009565204,-0.008770127,-0.02165556,1.377778,57
0,0.06880678,0.07476236,1.000101,-0.101718,0.09186244,1.000136,-0.01645465,0.08331236,1.000118,-0.9997203,0.01101461,0.0209291,0,0.01609226,0.9652963,0.2606609,0,0.01733171,-0.2609247,0.9652035,0,-0.00477194,-1.915494,0.5500956,1,-0.9997202,0.01609226,0.01733171,0,0.01101461,0.9652962,-0.2609248,0,0.02092911,0.2606609,0.9652036,0,0.004814802,1.705707,-1.030671,1,1,0.1,-0.01509889,0.08978491,0.9958467,-0.0009642262,-0.008801705,-0.0215521,1.388889,58
0,0.0684733,0.07501924,1.000032,-0.1027424,0.09137438,1.000063,-0.01713369,0.08319676,1.000048,-0.9997212,0.01122246,0.02078067,0,0.01624671,0.9654077,0.2602386,0,0.0171413,-0.2605036,0.9653208,0,-0.005284929,-1.915249,0.5509293,1,-0.999721,0.01624671,0.0171413,0,0.01122246,0.9654077,-0.2605036,0,0.02078067,0.2602385,0.9653206,0,0.004761675,1.705709,-1.030662,1,1,0.1,-0.01575675,0.08968698,0.9958453,-0.0009696353,-0.008808816,-0.0215398,1.411111,59
0,0.0681563,0.07437427,1.00008,-0.1038613,0.09138437,1.00017,-0.01785005,0.08287872,1.000124,-0.99972,0.01211141,0.02033165,0,0.01698238,0.9654856,0.259902,0,0.01648214,-0.2601745,0.965421,0,-0.006823094,-1.91511,0.5514933,1,-0.9997199,0.01698238,0.01648214,0,0.01211141,0.9654856,-0.2601745,0,0.02033165,0.259902,0.9654209,0,0.005160723,1.705792,-1.030573,1,1,0.1,-0.01644859,0.08937699,0.9958621,-0.0009754496,-0.008813164,-0.02153001,1.433333,60
0,0.06763363,0.07397561,1.000043,-0.1025878,0.09247094,1.000104,-0.01747548,0.08322303,1.000073,-0.9997258,0.01221767,0.01997572,0,0.01699191,0.9654928,0.2598746,0,0.01611135,-0.2601427,0.9654357,0,-0.007192059,-1.91508,0.5514927,1,-0.9997258,0.01699191,0.01611135,0,0.01221767,0.9654928,-0.2601427,0,0.01997572,0.2598746,0.9654358,0,0.005191269,1.705799,-1.030509,1,1,0.1,-0.0160814,0.08971865,0.9958373,-0.00097802,-0.008817391,-0.02152826,1.444445,61
0,0.06813514,0.07380618,1.000107,-0.101522,0.09261459,1.00019,-0.0166912,0.08320999,1.000148,-0.9997368,0.01246146,0.01926824,0,0.01702832,0.9657443,0.2589365,0,0.01538147,-0.2591964,0.9657023,0,-0.008006565,-1.914583,0.5532377,1,-0.9997367,0.01702831,0.01538146,0,0.01246146,0.9657442,-0.2591964,0,0.01926824,0.2589365,0.965702,0,0.005194128,1.705881,-1.030393,1,1,0.1,-0.0153151,0.08970173,0.9958509,-0.0009788973,-0.008818276,-0.02153001,1.466667,62
0,0.06878942,0.07348922,1.000041,-0.1020992,0.09205242,1.000105,-0.01665316,0.08277059,1.000073,-0.9997413,0.01263248,0.01892219,0,0.01709962,0.9658151,0.2586673,0,0.01500773,-0.2589239,0.9657812,0,-0.008493768,-1.914463,0.5537368,1,-0.999741,0.01709961,0.01500772,0,0.01263248,0.9658151,-0.2589239,0,0.01892218,0.2586673,0.965781,0,0.005214925,1.705929,-1.030361,1,1,0.1,-0.01527777,0.08928396,0.9958891,-0.0009809351,-0.008818055,-0.02152844,1.477778,63
0,0.06875202,0.07268026,0.9999478,-0.1022697,0.09010895,0.9999851,-0.01675785,0.08139431,0.9999664,-0.999747,0.01248332,0.0187115,0,0.01689986,0.9658377,0.2585963,0,0.01484413,-0.2588471,0.9658043,0,-0.008258367,-1.914436,0.5539264,1,-0.999747,0.01689986,0.01484413,0,0.01248332,0.9658377,-0.258847,0,0.0187115,0.2585963,0.9658042,0,0.005277451,1.70593,-1.030408,1,1,0.1,-0.01538208,0.08796085,0.9960052,-0.0009820787,-0.008817559,-0.02153047,1.488889,64
0,0.0685345,0.07262287,1.000035,-0.1021436,0.08902356,1.000082,-0.0168033,0.08082299,1.000058,-0.9997605,0.01242336,0.01802184,0,0.01666433,0.9658243,0.2586615,0,0.01419248,-0.2588998,0.9658,0,-0.008705506,-1.9144,0.5537332,1,-0.9997603,0.01666433,0.01419248,0,0.01242336,0.9658242,-0.2588998,0,0.01802183,0.2586614,0.9657997,0,0.005100566,1.705889,-1.03031,1,1,0.1,-0.0154245,0.08740003,0.9960539,-0.0009833835,-0.008818055,-0.02153047,1.511111,65
0,0.06904507,0.07170236,0.9999423,-0.1006735,0.08933686,0.9999667,-0.01581359,0.08051969,0.9999546,-0.9997619,0.01255554,0.01785818,0,0.0167528,0.9657643,0.2588797,0,0.01399642,-0.2591172,0.9657446,0,-0.008968797,-1.914544,0.5533352,1,-0.9997613,0.0167528,0.01399641,0,0.01255553,0.9657643,-0.2591171,0,0.01785818,0.2588797,0.9657444,0,0.005189907,1.705901,-1.030346,1,1,0.1,-0.0144609,0.08711693,0.9960932,-0.0009839321,-0.00881897,-0.02153868,1.522222,66
0,0.07026166,0.07016459,0.9999622,-0.09963463,0.08660698,0.9999763,-0.0146861,0.0783858,0.9999692,-0.9997649,0.01254179,0.01769096,0,0.01671098,0.9654875,0.2599127,0,0.01382063,-0.2601472,0.9654701,0,-0.009033991,-1.915052,0.5512457,1,-0.9997647,0.01671098,0.01382063,0,0.01254179,0.9654875,-0.2601472,0,0.01769096,0.2599127,0.96547,0,0.00523425,1.705834,-1.030282,1,1,0.1,-0.01336158,0.08505208,0.9962869,-0.0009862827,-0.008819466,-0.02153824,1.544444,67
0,0.06983437,0.06992699,0.9999686,-0.09840985,0.08657262,1.000018,-0.01428645,0.0782496,0.9999933,-0.999766,0.0128763,0.01738514,0,0.01695675,0.9654385,0.2600789,0,0.01343543,-0.2603128,0.965431,0,-0.009859622,-1.915086,0.5509221,1,-0.9997659,0.01695675,0.01343543,0,0.0128763,0.9654385,-0.2603127,0,0.01738514,0.2600789,0.9654307,0,0.005224057,1.705782,-1.030266,1,1,0.1,-0.01296953,0.08491836,0.9963035,-0.0009885328,-0.008819535,-0.02153795,1.555556,68
0,0.07059173,0.07032867,1.000073,-0.09674861,0.08418882,1.000099,-0.01307776,0.0772586,1.000086,-0.9997704,0.01273903,0.01723128,0,0.0167838,0.965448,0.2600546,0,0.01332306,-0.2602841,0.9654402,0,-0.009683346,-1.915053,0.5508918,1,-0.9997703,0.0167838,0.01332306,0,0.01273903,0.9654481,-0.2602841,0,0.01723128,0.2600546,0.9654402,0,0.005222223,1.705785,-1.030182,1,1,0.1,-0.0117904,0.0839496,0.9964002,-0.0009887312,-0.008817185,-0.0215513,1.566667,69
0,0.06992754,0.07054712,1.000032,-0.09596302,0.0822093,1.000044,-0.01301744,0.07637814,1.000038,-0.9997697,0.01284561,0.01719902,0,0.01687225,0.9655655,0.2596124,0,0.0132719,-0.2598427,0.9655598,0,-0.009986003,-1.914795,0.5517402,1,-0.9997694,0.01687224,0.01327189,0,0.01284561,0.9655656,-0.2598427,0,0.01719901,0.2596124,0.9655596,0,0.005123633,1.70579,-1.030151,1,1,0.1,-0.01172913,0.08310347,0.9964719,-0.000992829,-0.008819398,-0.0215371,1.588889,70
0,0.07069809,0.07131705,1.000049,-0.09776223,0.0852984,1.000096,-0.01353085,0.07830745,1.000072,-0.9997759,0.01267391,0.01695937,0,0.01663723,0.9657063,0.2591033,0,0.01309392,-0.2593273,0.9657007,0,-0.009725702,-1.914462,0.5527276,1,-0.9997758,0.01663723,0.01309392,0,0.01267391,0.9657063,-0.2593274,0,0.01695937,0.2591032,0.9657007,0,0.005166286,1.705756,-1.030115,1,1,0.1,-0.01222035,0.08498377,0.9963074,-0.001000298,-0.008833122,-0.02152503,1.6,71
0,0.07328252,0.05994374,1.00005,-0.09736109,0.0867008,1.000035,-0.01203969,0.07332224,1.000042,-0.9997752,0.01262783,0.01704691,0,0.01661538,0.9657077,0.2590995,0,0.01319047,-0.2593245,0.9657004,0,-0.009609232,-1.914487,0.5526904,1,-0.9997746,0.01661538,0.01319046,0,0.01262783,0.9657077,-0.2593244,0,0.0170469,0.2590995,0.9657,0,0.005147098,1.705793,-1.03008,1,1,0.1,-0.01078096,0.0800074,0.996736,-0.000987594,-0.008697914,-0.0217614,1.611111,72
0,3.72529E-09,5.960464E-07,1,-0.1285842,-0.03715974,1.000004,-0.06429202,-0.01857951,1.000002,-0.9997697,0.01290013,0.01715983,0,0.01690344,0.9657859,0.2587891,0,0.01323431,-0.2590196,0.9657816,0,-0.01008954,-1.914388,0.5532727,1,-0.9997693,0.01690344,0.0132343,0,0.01290013,0.965786,-0.2590195,0,0.01715982,0.2587891,0.9657813,0,0.005114574,1.705878,-1.030071,1,1,0.1,-0.04784739,-0.01319287,0.9987676,-0.0158445,-0.005221909,-0.01129269,1.633333,73
0,1.117587E-08,5.960464E-07,1.000022,1.117587E-08,5.960464E-07,1.000022,1.117587E-08,5.960464E-07,1.000022,-0.9997663,0.01305448,0.01723754,0,0.01706817,0.9658708,0.2584614,0,0.01327515,-0.2586952,0.9658679,0,-0.01032668,-1.914213,0.5538983,1,-0.9997659,0.01706816,0.01327515,0,0.01305448,0.9658708,-0.2586951,0,0.01723753,0.2584613,0.9658676,0,0.005116937,1.705897,-1.030053,1,1,0.1,0,0,1,0,0,0,1.644444,74
0,3.72529E-09,-3.576279E-07,0.9999963,3.72529E-09,-3.576279E-07,0.9999963,3.72529E-09,-3.576279E-07,0.9999963,-0.9997671,0.01316978,0.01711746,0,0.01714641,0.9659103,0.2583085,0,0.01313207,-0.2585417,0.965911,0,-0.01056358,-1.914185,0.5542921,1,-0.9997664,0.0171464,0.01313206,0,0.01316978,0.9659103,-0.2585417,0,0.01711745,0.2583084,0.9659106,0,0.005160196,1.705934,-1.030154,1,0.8195269,0.1,0,0,1,0,0,0,1.666667,75
0,1.862645E-09,-8.940697E-08,1.000037,1.862645E-09,-8.940697E-08,1.000037,1.862645E-09,-8.940697E-08,1.000037,-0.9997673,0.01317157,0.01709853,0,0.0171392,0.9659901,0.2580104,0,0.01311861,-0.2582434,0.965991,0,-0.01058794,-1.914063,0.5548464,1,-0.9997668,0.0171392,0.01311861,0,0.01317157,0.9659901,-0.2582434,0,0.01709853,0.2580104,0.9659905,0,0.005138693,1.705992,-1.030132,1,0.07315552,0.1,0,0,1,0,0,0,1.677778,76
0,-1.862645E-09,-2.682209E-07,0.9999617,-1.862645E-09,-2.682209E-07,0.9999617,-1.862645E-09,-2.682209E-07,0.9999617,-0.9997696,0.01296658,0.01711147,0,0.01693274,0.9662229,0.2571511,0,0.01319912,-0.2573816,0.9662198,0,-0.01016746,-1.913753,0.5566308,1,-0.9997694,0.01693274,0.01319912,0,0.01296657,0.9662228,-0.2573815,0,0.01711146,0.2571511,0.9662197,0,0.005124937,1.706146,-1.030258,1,0.06217724,0.1,0,0,1,0,0,0,1.7,77
0,5.587935E-09,7.152557E-07,1.000001,5.587935E-09,7.152557E-07,1.000001,5.587935E-09,7.152557E-07,1.000001,-0.9997743,0.01257664,0.01712828,0,0.0165534,0.9663609,0.2566567,0,0.01332422,-0.2568823,0.966351,0,-0.009405458,-1.913505,0.557609,1,-0.999774,0.01655339,0.01332422,0,0.01257664,0.9663608,-0.2568823,0,0.01712828,0.2566567,0.9663507,0,0.005111244,1.706178,-1.030266,1,0.3077744,0.1,0,0,1,0,0,0,1.711111,78
0,5.587935E-09,6.556511E-07,0.9999356,5.587935E-09,6.556511E-07,0.9999356,5.587935E-09,6.556511E-07,0.9999356,-0.9997725,0.0124426,0.01733623,0,0.01647482,0.9664086,0.2564822,0,0.01356258,-0.2567094,0.9663937,0,-0.008995222,-1.913455,0.5580147,1,-0.999772,0.01647481,0.01356257,0,0.01244259,0.9664086,-0.2567093,0,0.01733622,0.2564821,0.9663932,0,0.005141308,1.706207,-1.030342,1,0.635685,0.1,0,0,1,0,0,0,1.722222,79
0,3.72529E-09,8.642673E-07,0.9999903,3.72529E-09,8.642673E-07,0.9999903,3.72529E-09,8.642673E-07,0.9999903,-0.9997742,0.01234201,0.01729779,0,0.01637306,0.966309,0.2568636,0,0.0135448,-0.2570889,0.9662929,0,-0.008822706,-1.913686,0.5573172,1,-0.9997741,0.01637306,0.0135448,0,0.01234201,0.9663089,-0.2570888,0,0.01729779,0.2568636,0.9662928,0,0.005157659,1.706202,-1.030399,1,0.9583332,0.1,0,0,1,0,0,0,1.744444,80
0,0.06986614,0.06723678,0.9999769,-0.08942896,0.07259125,0.9999696,-0.009781591,0.0699141,0.9999734,-0.9997752,0.01223275,0.01733058,0,0.01628387,0.9661597,0.2574302,0,0.01359503,-0.2576545,0.9661416,0,-0.008506837,-1.913891,0.5561802,1,-0.9997747,0.01628387,0.01359503,0,0.01223275,0.9661597,-0.2576544,0,0.01733058,0.2574301,0.9661414,0,0.005268303,1.706086,-1.030356,1,1,0.1,-0.008589086,0.07662285,0.9970232,-0.0009769369,-0.00863237,-0.02207333,1.755556,81
0,0.07283442,0.07167503,0.9998103,-0.08903904,0.0783962,0.9998169,-0.008102159,0.07503565,0.9998137,-0.9997709,0.01236369,0.01748364,0,0.01646953,0.9657857,0.2588179,0,0.01368551,-0.2590465,0.9657681,0,-0.008646801,-1.914502,0.5535879,1,-0.9997705,0.01646953,0.0136855,0,0.01236369,0.9657856,-0.2590465,0,0.01748363,0.2588179,0.9657677,0,0.005346763,1.705863,-1.030464,1,1,0.1,-0.006945888,0.08163852,0.9966378,-0.0009804079,-0.008670716,-0.0220578,1.777778,82
0,0.07101746,0.07051814,0.9998435,-0.09133441,0.08204393,0.9998,-0.01015957,0.07628123,0.9998217,-0.999766,0.01240254,0.01772725,0,0.01657568,0.9656815,0.2591997,0,0.01390415,-0.2594329,0.9656612,0,-0.008491496,-1.914641,0.552971,1,-0.9997658,0.01657568,0.01390415,0,0.01240254,0.9656816,-0.2594328,0,0.01772725,0.2591996,0.965661,0,0.005454253,1.705744,-1.030585,1,1,0.1,-0.008947599,0.08293477,0.9965148,-0.0009858329,-0.008749581,-0.02187798,1.788889,83
0,0.06997386,0.07030345,0.9999957,-0.09395041,0.08467327,1.000007,-0.01198799,0.07748841,1.000001,-0.9997555,0.01315548,0.01777902,0,0.01732412,0.9655224,0.2597429,0,0.013749,-0.2599874,0.9655142,0,-0.00987169,-1.914904,0.5519249,1,-0.9997554,0.01732412,0.01374899,0,0.01315547,0.9655224,-0.2599873,0,0.01777901,0.2597429,0.9655141,0,0.005509513,1.705695,-1.030606,1,1,0.1,-0.01072509,0.08416298,0.9963943,-0.0009902958,-0.008814606,-0.02171925,1.811111,84
0,0.06941425,0.0717323,0.9999706,-0.09404731,0.08538993,0.9999924,-0.01231598,0.07856123,0.9999815,-0.9997554,0.01332275,0.01765109,0,0.01745153,0.9655366,0.2596816,0,0.0135831,-0.2599261,0.965533,0,-0.01030321,-1.914786,0.5520748,1,-0.9997556,0.01745153,0.0135831,0,0.01332275,0.9655366,-0.2599261,0,0.01765109,0.2596816,0.9655329,0,0.005464794,1.705612,-1.030609,1,1,0.1,-0.01104481,0.08520776,0.996302,-0.0009897389,-0.008818573,-0.02170829,1.822222,85
0,0.06935737,0.07272764,1.000015,-0.09470811,0.08483227,1.00004,-0.01267475,0.07878006,1.000027,-0.9997554,0.01355209,0.017488,0,0.01763306,0.9654858,0.2598583,0,0.01336279,-0.260103,0.9654886,0,-0.01081846,-1.914839,0.5516893,1,-0.9997551,0.01763306,0.01336278,0,0.01355209,0.9654858,-0.260103,0,0.01748799,0.2598583,0.9654883,0,0.005486311,1.705579,-1.03056,1,1,0.1,-0.01139493,0.08541447,0.9962804,-0.0009886865,-0.008817323,-0.0217075,1.833333,86
0,0.07020384,0.06981674,0.9997647,-0.09485235,0.08294111,0.9997618,-0.01232433,0.07637887,0.9997633,-0.9997627,0.01329324,0.0172605,0,0.01733778,0.9652176,0.2608724,0,0.0131923,-0.2611097,0.9652189,0,-0.009929381,-1.915581,0.5499019,1,-0.9997626,0.01733778,0.0131923,0,0.01329324,0.9652175,-0.2611098,0,0.0172605,0.2608724,0.9652191,0,0.006045683,1.705671,-1.030822,1,1,0.1,-0.01106088,0.08310239,0.9964796,-0.0009862147,-0.008807015,-0.02169333,1.855556,87
