flag,xl,yl,zl,xr,yr,zr,xc,yc,zc,mat_00,mat_10,mat_20,mat_30,mat_01,mat_11,mat_21,mat_31,mat_02,mat_12,mat_22,mat_32,mat_03,mat_13,mat_23,mat_33,ctw_00,ctw_10,ctw_20,ctw_30,ctw_01,ctw_11,ctw_21,ctw_31,ctw_02,ctw_12,ctw_22,ctw_32,ctw_03,ctw_13,ctw_23,ctw_33,opennessl,opennessr,ray_x,ray_y,ray_z,eye_x,eye_y,eye_z,time,frame
6,-0.0567095,-0.09746947,0.9999268,-0.2427755,-0.1288503,0.9999647,-0.1497413,-0.1131597,0.9999458,0.2537477,-0.02319462,-0.9669924,0,-0.01036683,0.9995898,-0.02669687,0,-0.9672149,-0.01679891,-0.2534032,0,-0.6775857,-1.741902,-1.209897,1,0.2537477,-0.01036683,-0.9672149,0,-0.02319462,0.9995898,-0.01679891,0,-0.9669921,-0.02669687,-0.2534032,0,-1.038428,1.701862,-0.9912247,1,0.8810368,0.9706869,-0.1442065,-0.1118845,0.9832021,0.0006710049,0.003539894,-0.02556903,15.6,939
6,-0.05707008,-0.09720075,0.9998958,-0.2398141,-0.1324007,0.9999056,-0.1484418,-0.1148007,0.9999007,0.2538483,-0.02336195,-0.9669619,0,-0.01058439,0.9995813,-0.02692867,0,-0.9671862,-0.01707049,-0.2534947,0,-0.6770178,-1.742352,-1.209474,1,0.2538483,-0.01058439,-0.9671861,0,-0.02336195,0.9995813,-0.01707049,0,-0.9669619,-0.02692867,-0.2534948,0,-1.03836,1.701887,-0.9911403,1,0.8810368,0.9706869,-0.1429624,-0.1134621,0.9832031,0.0006657112,0.003538422,-0.02556413,15.61111,940
6,-0.05753663,-0.1003319,1.000032,-0.2384619,-0.1316657,1.00001,-0.148,-0.115999,1.000021,0.2537527,-0.02350657,-0.9669836,0,-0.01150728,0.9995605,-0.0273182,0,-0.9672008,-0.01805942,-0.2533707,0,-0.6753209,-1.743373,-1.20882,1,0.2537527,-0.01150728,-0.9672006,0,-0.02350657,0.9995606,-0.01805942,0,-0.9669834,-0.0273182,-0.2533707,0,-1.038525,1.701813,-0.9909344,1,0.9024459,0.9720913,-0.1425126,-0.1145845,0.9831381,0.0006642751,0.003531609,-0.02555445,15.63333,941
6,-0.05739006,-0.09879325,0.9999572,-0.2376794,-0.1319062,0.9999979,-0.1475337,-0.1153493,0.9999775,0.2541179,-0.02327029,-0.9668933,0,-0.01145465,0.999568,-0.02706718,0,-0.9671055,-0.01795368,-0.2537416,0,-0.6748157,-1.743051,-1.209452,1,0.2541178,-0.01145465,-0.9671053,0,-0.02327029,0.999568,-0.01795367,0,-0.9668932,-0.02706718,-0.2537415,0,-1.03849,1.701832,-0.9908003,1,0.8959178,0.9641341,-0.1420892,-0.1139811,0.9832695,0.0006625066,0.003530838,-0.02555363,15.65556,942
6,-0.05735114,-0.09960938,0.9999676,-0.2382784,-0.1324599,0.9999655,-0.1478148,-0.1160347,0.9999666,0.2539955,-0.02278633,-0.9669371,0,-0.01111133,0.9995877,-0.0264745,0,-0.9671416,-0.01746836,-0.2536376,0,-0.6754754,-1.742084,-1.210318,1,0.2539954,-0.01111133,-0.9671414,0,-0.02278633,0.9995878,-0.01746836,0,-0.9669369,-0.02647449,-0.2536376,0,-1.038429,1.701818,-0.9906937,1,0.8840529,0.9639868,-0.1423423,-0.1146247,0.9831581,0.0006611096,0.0035289,-0.02555636,15.66667,943
6,-0.05729139,-0.0998664,0.9999852,-0.2387452,-0.1321001,0.9999835,-0.1480182,-0.1159833,0.9999844,0.2537645,-0.02208641,-0.9670139,0,-0.01033718,0.9996203,-0.02554383,0,-0.9672108,-0.01647832,-0.2534398,0,-0.6769963,-1.740281,-1.211679,1,0.2537645,-0.01033719,-0.9672107,0,-0.02208641,0.9996203,-0.01647831,0,-0.9670137,-0.02554382,-0.2534398,0,-1.038349,1.701671,-0.9905625,1,0.9024304,0.9731936,-0.1425303,-0.1145696,0.9831373,0.0006598514,0.003528061,-0.02555942,15.68889,944
6,-0.0567733,-0.1007216,0.9999621,-0.2388772,-0.1331101,0.999925,-0.1478265,-0.1169163,0.9999436,0.2535386,-0.02203216,-0.9670744,0,-0.01006574,0.9996263,-0.02541271,0,-0.967273,-0.01617743,-0.2532221,0,-0.6776928,-1.739892,-1.211711,1,0.2535386,-0.01006574,-0.9672729,0,-0.02203217,0.9996265,-0.01617742,0,-0.9670743,-0.02541272,-0.2532221,0,-1.038327,1.701628,-0.9904928,1,0.8981466,0.9751775,-0.1423394,-0.1154592,0.9830609,0.0006587375,0.003527794,-0.02556189,15.7,945
6,-0.05659741,-0.1017779,1.000034,-0.2371502,-0.1326791,0.9999663,-0.1468757,-0.1172289,1.0,0.2531037,-0.02159624,-0.9671981,0,-0.01008067,0.9996377,-0.02495855,0,-0.9673867,-0.01606711,-0.2527943,0,-0.6781527,-1.739321,-1.212201,1,0.2531037,-0.01008067,-0.9673866,0,-0.02159624,0.9996377,-0.0160671,0,-0.967198,-0.02495855,-0.2527942,0,-1.038359,1.7016,-0.9904192,1,0.8930739,0.9593749,-0.1414332,-0.1157637,0.9831558,0.0006578071,0.003528092,-0.02556209,15.71111,946
6,-0.05658203,-0.1015407,1.000044,-0.2375791,-0.1323588,1.000042,-0.1470807,-0.1169498,1.000043,0.2528936,-0.02190658,-0.9672461,0,-0.009831779,0.9996338,-0.0252107,0,-0.9674442,-0.01588538,-0.2525856,0,-0.6787881,-1.739465,-1.211597,1,0.2528935,-0.009831778,-0.9674441,0,-0.02190658,0.9996338,-0.01588537,0,-0.9672461,-0.0252107,-0.2525856,0,-1.038357,1.701609,-0.9903536,1,0.8958644,0.9750654,-0.141623,-0.115491,0.9831606,0.0006567305,0.003527268,-0.02556416,15.73333,947
6,-0.05587175,-0.100003,0.9999012,-0.2383856,-0.1323408,0.9998834,-0.147129,-0.116172,0.9998922,0.2528496,-0.02234028,-0.9672478,0,-0.009433135,0.999629,-0.02555412,0,-0.9674597,-0.01558553,-0.2525451,0,-0.6794947,-1.739614,-1.210912,1,0.2528495,-0.009433137,-0.9674595,0,-0.02234028,0.9996289,-0.01558552,0,-0.9672475,-0.02555411,-0.252545,0,-1.038305,1.701615,-0.9903062,1,0.8942082,0.9681078,-0.141699,-0.1147715,0.9832339,0.0006545782,0.003527855,-0.02556381,15.74444,948
6,-0.05586773,-0.09999827,0.9998549,-0.2384022,-0.1323894,0.9998714,-0.1471346,-0.1161936,0.9998631,0.2529439,-0.02248355,-0.9672197,0,-0.009151205,0.9996296,-0.02563013,0,-0.9674377,-0.01533421,-0.2526444,0,-0.6798512,-1.739594,-1.210708,1,0.2529438,-0.009151205,-0.9674376,0,-0.02248355,0.9996296,-0.01533421,0,-0.9672196,-0.02563013,-0.2526444,0,-1.038169,1.701697,-0.9902676,1,0.894154,0.9724646,-0.1417077,-0.1147952,0.9832299,0.0006545782,0.003527855,-0.02556317,15.76667,949
6,-0.05541232,-0.09971549,0.99976,-0.2382981,-0.1327654,0.9998881,-0.1468515,-0.1162395,0.999824,0.2537219,-0.02251966,-0.9670151,0,-0.008598007,0.9996369,-0.02553526,0,-0.9672391,-0.01479326,-0.2534362,0,-0.679682,-1.739087,-1.210836,1,0.2537219,-0.008598008,-0.9672388,0,-0.02251966,0.9996369,-0.01479326,0,-0.967015,-0.02553526,-0.2534361,0,-1.037611,1.701693,-0.9900112,1,0.8907067,0.9714689,-0.1414467,-0.1148467,0.9832615,0.0006547701,0.003527268,-0.02555927,15.78889,950
6,-0.05476347,-0.09873512,0.9998825,-0.2384737,-0.1321847,0.9999349,-0.1466171,-0.1154594,0.9999087,0.2539981,-0.02252961,-0.9669423,0,-0.008572679,0.9996369,-0.02554328,0,-0.9671668,-0.01477723,-0.2537128,0,-0.6793249,-1.739051,-1.210888,1,0.2539981,-0.008572679,-0.9671667,0,-0.02252961,0.999637,-0.01477723,0,-0.9669423,-0.02554328,-0.2537127,0,-1.037492,1.701666,-0.9899365,1,0.8907067,0.9714689,-0.1412278,-0.1141035,0.9833795,0.0006547701,0.003527268,-0.02555674,15.8,951
6,-0.05477309,-0.09761045,1.00014,-0.2384221,-0.1321623,1.000189,-0.1465963,-0.1148861,1.000164,0.2542117,-0.02227571,-0.9668921,0,-0.008630823,0.9996427,-0.02529941,0,-0.9671101,-0.01477648,-0.2539286,0,-0.6788604,-1.73869,-1.211569,1,0.2542117,-0.008630823,-0.9671102,0,-0.0222757,0.9996426,-0.01477648,0,-0.966892,-0.02529942,-0.2539286,0,-1.037612,1.701557,-0.9898764,1,0.9069991,0.9737191,-0.1411841,-0.1135361,0.9834514,0.0006547701,0.003528694,-0.02554565,15.81111,952
6,-0.05422249,-0.09834594,1.000025,-0.2392628,-0.1305983,1.000068,-0.1467414,-0.1144716,1.000046,0.2543703,-0.02186714,-0.9668598,0,-0.008688911,0.9996523,-0.02489476,0,-0.967068,-0.01473345,-0.2540919,0,-0.6786054,-1.738284,-1.212361,1,0.2543702,-0.008688911,-0.9670677,0,-0.02186713,0.9996523,-0.01473344,0,-0.9668595,-0.02489475,-0.2540917,0,-1.037577,1.701601,-0.9899194,1,0.8943066,0.9719421,-0.1413477,-0.1131537,0.9834719,0.0006567156,0.003525429,-0.02552414,15.82222,953
6,-0.05420688,-0.09826437,0.9998392,-0.2392133,-0.1302764,0.9998723,-0.146709,-0.1142702,0.9998558,0.2545046,-0.02131047,-0.9668368,0,-0.008950187,0.9996625,-0.02439,0,-0.9670302,-0.01486074,-0.2542279,0,-0.6779917,-1.737758,-1.213036,1,0.2545046,-0.008950189,-0.9670302,0,-0.02131047,0.9996625,-0.01486074,0,-0.9668367,-0.02439,-0.2542279,0,-1.037288,1.701517,-0.9898504,1,0.8943066,0.9719421,-0.1413459,-0.1129837,0.9834917,0.0006567156,0.003525223,-0.02552401,15.84445,954
6,-0.05436486,-0.09930905,0.9999176,-0.2389716,-0.1303086,0.9999034,-0.1466687,-0.114809,0.9999106,0.2543934,-0.0209491,-0.9668739,0,-0.009332482,0.9996656,-0.02411506,0,-0.9670558,-0.01515805,-0.2541128,0,-0.6774607,-1.737647,-1.213325,1,0.2543934,-0.009332484,-0.9670559,0,-0.0209491,0.9996656,-0.01515805,0,-0.9668739,-0.02411506,-0.2541128,0,-1.037193,1.701484,-0.9898031,1,0.891847,0.9760265,-0.1412922,-0.1134884,0.9834414,0.0006567156,0.003525223,-0.0255238,15.85556,955
6,-0.05402264,-0.09833379,0.9999142,-0.2374473,-0.1302087,0.9999168,-0.1457349,-0.1142712,0.9999154,0.2541901,-0.02045505,-0.966938,0,-0.009272244,0.9996789,-0.02358517,0,-0.9671099,-0.0149608,-0.2539188,0,-0.6778316,-1.736855,-1.213979,1,0.2541901,-0.009272246,-0.9671098,0,-0.02045505,0.9996789,-0.0149608,0,-0.966938,-0.02358517,-0.2539188,0,-1.037072,1.70138,-0.9897746,1,0.8981624,0.9647421,-0.1404221,-0.1129917,0.9836231,0.0006567156,0.003523819,-0.02552314,15.87778,956
6,-0.05390987,-0.0974296,0.9999514,-0.2385363,-0.12964,0.9999722,-0.1462224,-0.1135346,0.9999617,0.254245,-0.02025622,-0.9669277,0,-0.008968163,0.9996883,-0.02330062,0,-0.9670983,-0.01459563,-0.253984,0,-0.6783428,-1.736361,-1.214437,1,0.254245,-0.008968165,-0.9670984,0,-0.02025622,0.9996883,-0.01459563,0,-0.9669277,-0.02330062,-0.2539841,0,-1.03698,1.701439,-0.9898152,1,0.8965586,0.9671824,-0.1408815,-0.1122801,0.983639,0.0006531458,0.003522492,-0.02553011,15.88889,957
6,-0.05449319,-0.09671926,0.99987,-0.2387658,-0.1296949,0.9998332,-0.1466306,-0.1132072,0.9998516,0.254062,-0.02046142,-0.9669716,0,-0.008558013,0.9996895,-0.02340228,0,-0.9671502,-0.01422099,-0.253808,0,-0.6792799,-1.736175,-1.214025,1,0.254062,-0.008558013,-0.96715,0,-0.02046142,0.9996894,-0.01422098,0,-0.9669714,-0.02340227,-0.2538079,0,-1.036873,1.701411,-0.9897848,1,0.8767896,0.961019,-0.1412782,-0.1119784,0.9836164,0.0006497269,0.003528252,-0.0255537,15.9,958
6,-0.05412513,-0.09866931,0.9999281,-0.2369849,-0.1301153,0.999916,-0.1455554,-0.1143923,0.999922,0.2539143,-0.02040993,-0.9670114,0,-0.00763725,0.9997039,-0.02310531,0,-0.9671966,-0.01325208,-0.2536832,0,-0.68115,-1.735088,-1.21422,1,0.2539142,-0.007637252,-0.9671965,0,-0.02040993,0.9997038,-0.01325207,0,-0.9670114,-0.0231053,-0.2536832,0,-1.036624,1.701317,-0.9898266,1,0.923906,0.9845181,-0.1402334,-0.1131154,0.9836358,0.0006459039,0.003536415,-0.02557375,15.93333,959
6,-0.05423331,-0.09837981,0.9999169,-0.2364032,-0.1298357,0.9998927,-0.1453189,-0.1141081,0.9999048,0.2536682,-0.02046899,-0.9670748,0,-0.007503806,0.9997044,-0.02312791,0,-0.9672623,-0.01312356,-0.2534396,0,-0.6817269,-1.73506,-1.213858,1,0.2536682,-0.007503809,-0.9672621,0,-0.02046899,0.9997044,-0.01312356,0,-0.9670746,-0.02312791,-0.2534396,0,-1.036474,1.701358,-0.9898186,1,0.8935574,0.9773433,-0.1400171,-0.1128521,0.9836969,0.0006456375,0.003537667,-0.02557707,15.95556,960
6,-0.05404764,-0.09770518,1.000035,-0.2362187,-0.1317929,1.000052,-0.1451327,-0.1147488,1.000043,0.2537544,-0.02046984,-0.9670522,0,-0.007436877,0.9997052,-0.02311246,0,-0.9672402,-0.01305674,-0.2535273,0,-0.6817124,-1.734886,-1.213976,1,0.2537543,-0.007436879,-0.96724,0,-0.02046984,0.9997052,-0.01305673,0,-0.967052,-0.02311246,-0.2535273,0,-1.036503,1.701247,-0.9898074,1,0.9020597,0.9804783,-0.1398138,-0.1134499,0.9836571,0.0006456226,0.00354084,-0.025577,15.96667,961
6,-0.05384183,-0.09741855,1.000072,-0.2364763,-0.1302262,1.000041,-0.14516,-0.1138225,1.000056,0.2536251,-0.02019746,-0.9670918,0,-0.007516423,0.9997107,-0.02284992,0,-0.9672735,-0.01306439,-0.2533999,0,-0.6817309,-1.734617,-1.214311,1,0.2536251,-0.007516426,-0.9672733,0,-0.02019746,0.9997106,-0.01306438,0,-0.9670917,-0.02284992,-0.2533998,0,-1.036481,1.701244,-0.9897881,1,0.8915908,0.9734139,-0.1398519,-0.1125723,0.9837524,0.0006454922,0.003541763,-0.02557541,15.98889,962
6,-0.05387115,-0.09843514,0.9999288,-0.2364837,-0.1302112,0.9999264,-0.1451774,-0.1143233,0.9999276,0.2535992,-0.02000449,-0.9671026,0,-0.00781819,0.9997111,-0.02272913,0,-0.9672778,-0.01332508,-0.2533695,0,-0.6812906,-1.734632,-1.214416,1,0.2535992,-0.007818192,-0.9672778,0,-0.0200045,0.9997112,-0.01332508,0,-0.9671025,-0.02272913,-0.2533695,0,-1.036391,1.701203,-0.9898074,1,0.8776968,0.9651659,-0.1398784,-0.1130625,0.9836925,0.0006464152,0.003544754,-0.02557608,16.0,963
6,-0.0543364,-0.09828316,0.9997952,-0.2372608,-0.1293525,0.9998329,-0.1457975,-0.1138173,0.999814,0.2537491,-0.019647,-0.9670705,0,-0.008004937,0.9997168,-0.02241066,0,-0.9672369,-0.01342802,-0.25352,0,-0.6807888,-1.734427,-1.214829,1,0.2537491,-0.008004938,-0.9672369,0,-0.019647,0.9997167,-0.01342802,0,-0.9670705,-0.02241066,-0.25352,0,-1.036152,1.701261,-0.9897575,1,0.8924056,0.9801382,-0.1404848,-0.1125862,0.9836607,0.0006473241,0.003544861,-0.0255788,16.01111,964
6,-0.05421683,-0.09861861,0.9996632,-0.2369238,-0.1290501,0.9996897,-0.1455695,-0.1138343,0.9996765,0.2537855,-0.01895935,-0.9670748,0,-0.008812812,0.9997211,-0.02191209,0,-0.9672204,-0.01408362,-0.2535476,0,-0.6795647,-1.734303,-1.215252,1,0.2537854,-0.008812812,-0.9672203,0,-0.01895935,0.999721,-0.01408362,0,-0.9670746,-0.02191208,-0.2535476,0,-1.035657,1.701202,-0.9898381,1,0.8878353,0.9728162,-0.1402891,-0.11262,0.9836848,0.0006485144,0.003545441,-0.0255827,16.03333,965
6,-0.05425218,-0.09742201,0.9998132,-0.2364594,-0.1293748,0.9997754,-0.1453569,-0.1133988,0.9997942,0.2535602,-0.01875202,-0.9671379,0,-0.009004124,0.999723,-0.02174449,0,-0.9672777,-0.01422177,-0.2533211,0,-0.6796016,-1.734155,-1.215188,1,0.2535602,-0.009004124,-0.9672778,0,-0.01875202,0.999723,-0.01422177,0,-0.9671378,-0.02174449,-0.2533211,0,-1.035453,1.701132,-0.9898589,1,0.890697,0.9586919,-0.1400807,-0.1121988,0.9837626,0.0006495975,0.003546326,-0.02558365,16.04445,966
6,-0.05430335,-0.09622455,0.9997803,-0.236459,-0.130157,0.9997574,-0.1453818,-0.1131911,0.9997689,0.2534304,-0.01861681,-0.9671745,0,-0.009264437,0.9997222,-0.02167089,0,-0.9673094,-0.01445239,-0.2531876,0,-0.6794492,-1.734303,-1.214999,1,0.2534304,-0.009264438,-0.9673091,0,-0.01861681,0.9997222,-0.01445239,0,-0.9671744,-0.02167089,-0.2531875,0,-1.03521,1.701196,-0.9899248,1,0.880188,0.962893,-0.1401106,-0.1120046,0.9837804,0.000649658,0.003546494,-0.02558428,16.05556,967
6,-0.05412856,-0.09567092,0.999823,-0.2363122,-0.1302049,0.9997696,-0.1452217,-0.1129383,0.9997963,0.2531606,-0.01888088,-0.96724,0,-0.009803316,0.9997081,-0.02208054,0,-0.9673746,-0.01507208,-0.2529016,0,-0.6790559,-1.735117,-1.213786,1,0.2531606,-0.009803317,-0.9673746,0,-0.01888088,0.9997081,-0.01507208,0,-0.9672399,-0.02208055,-0.2529016,0,-1.034873,1.701153,-0.9900216,1,0.8828642,0.9749538,-0.1399606,-0.1117645,0.9838291,0.0006502233,0.003546677,-0.02558666,16.08889,968
6,-0.05378413,-0.09492437,0.9999382,-0.2375017,-0.1298305,0.9998279,-0.1456461,-0.1123783,0.9998831,0.2524729,-0.01920177,-0.9674134,0,-0.01000101,0.9996979,-0.02245261,0,-0.9675523,-0.01534379,-0.2522046,0,-0.6797481,-1.735695,-1.212476,1,0.2524729,-0.01000102,-0.9675523,0,-0.01920177,0.9996979,-0.01534379,0,-0.9674134,-0.02245261,-0.2522046,0,-1.034676,1.701149,-0.9901159,1,0.8823936,0.9893456,-0.1403551,-0.1112223,0.9838344,0.000649848,0.003551392,-0.02559447,16.12222,969
6,-0.05204138,-0.09494583,0.9999813,-0.2372324,-0.1298497,0.9998995,-0.1446393,-0.1123983,0.9999404,0.2519066,-0.01905007,-0.967564,0,-0.01021262,0.9996982,-0.02234162,0,-0.9676977,-0.01550936,-0.2516361,0,-0.6802237,-1.735719,-1.212182,1,0.2519066,-0.01021262,-0.9676976,0,-0.01905007,0.9996983,-0.01550936,0,-0.967564,-0.02234162,-0.2516361,0,-1.034577,1.701166,-0.9901996,1,0.8869029,0.9671188,-0.1394001,-0.1112505,0.9839669,0.0006498788,0.003551857,-0.02559576,16.14445,970
6,-0.05211121,-0.09431982,0.999912,-0.2372849,-0.1306679,0.9999055,-0.1446983,-0.1124939,0.9999087,0.2518341,-0.01889317,-0.967586,0,-0.01010692,0.9997035,-0.02215083,0,-0.9677176,-0.01535765,-0.2515685,0,-0.6805846,-1.735407,-1.212361,1,0.2518341,-0.01010692,-0.9677176,0,-0.01889317,0.9997036,-0.01535765,0,-0.9675859,-0.02215083,-0.2515685,0,-1.034456,1.701159,-0.9902572,1,0.891192,0.96253,-0.1394581,-0.1113433,0.9839483,0.0006496049,0.003551857,-0.02559536,16.15556,971
6,-0.05220416,-0.09430128,0.9998857,-0.2363207,-0.1298704,0.9998634,-0.144263,-0.1120859,0.9998744,0.2515104,-0.01882469,-0.9676716,0,-0.0102153,0.9997035,-0.02210291,0,-0.9678008,-0.01544417,-0.2512435,0,-0.6809037,-1.735466,-1.212143,1,0.2515103,-0.0102153,-0.9678006,0,-0.01882469,0.9997035,-0.01544416,0,-0.9676715,-0.02210291,-0.2512435,0,-1.034372,1.701203,-0.9903247,1,0.8792269,0.980621,-0.1390588,-0.1109669,0.9840472,0.0006493833,0.003551857,-0.02559576,16.17778,972
6,-0.05218321,-0.09478527,0.9997787,-0.2363587,-0.1298213,0.999717,-0.1442728,-0.1123037,0.9997479,0.2511917,-0.01889038,-0.9677531,0,-0.01011479,0.9997037,-0.02213947,0,-0.9678846,-0.01534987,-0.2509262,0,-0.6816005,-1.735541,-1.21165,1,0.2511916,-0.01011479,-0.9678844,0,-0.01889038,0.9997036,-0.01534987,0,-0.9677529,-0.02213947,-0.2509262,0,-1.034151,1.701307,-0.9903855,1,0.8872717,0.97405,-0.1390816,-0.111186,0.9840193,0.0006493907,0.003551453,-0.02559576,16.18889,973
6,-0.05219752,-0.09544695,0.9998689,-0.2374226,-0.1296127,0.9998075,-0.1448117,-0.1125305,0.9998382,0.2508872,-0.01888899,-0.9678321,0,-0.01037715,0.9996997,-0.02220097,0,-0.9679608,-0.01561328,-0.2506158,0,-0.681617,-1.735767,-1.211212,1,0.2508871,-0.01037715,-0.9679606,0,-0.01888899,0.9996997,-0.01561327,0,-0.9678319,-0.02220097,-0.2506157,0,-1.034027,1.701282,-0.9904281,1,0.8869911,0.9728577,-0.139573,-0.111383,0.9839275,0.0006489325,0.0035513,-0.025596,16.2,974
6,-0.05982569,-0.09651925,0.9997322,-0.2382552,-0.1303011,0.9997692,-0.1490393,-0.1134099,0.9997507,0.2510474,-0.01867223,-0.9677948,0,-0.01037906,0.9997045,-0.02198023,0,-0.9679192,-0.01556288,-0.2507794,0,-0.6815151,-1.735452,-1.211411,1,0.2510473,-0.01037906,-0.9679192,0,-0.01867223,0.9997045,-0.01556288,0,-0.9677946,-0.02198022,-0.2507794,0,-1.033709,1.701239,-0.9904571,1,0.8904975,0.9721749,-0.1435671,-0.1121262,0.9832681,0.0006286465,0.003481057,-0.02530214,16.21111,975
6,-0.0597657,-0.09677535,0.9997565,-0.2375972,-0.1302997,0.9997634,-0.1486812,-0.1135376,0.9997599,0.2507239,-0.01781681,-0.9678947,0,-0.01077094,0.9997174,-0.02119271,0,-0.9679988,-0.01573866,-0.2504612,0,-0.681435,-1.734717,-1.212064,1,0.2507239,-0.01077094,-0.9679986,0,-0.01781682,0.9997174,-0.01573865,0,-0.9678946,-0.02119271,-0.2504611,0,-1.033205,1.7012,-0.990505,1,0.8866004,0.9702658,-0.1432293,-0.1122517,0.9833031,0.0006303396,0.003480843,-0.0253002,16.24444,976
6,-0.05979112,-0.09816013,0.9998969,-0.2371989,-0.1301443,0.9998984,-0.148495,-0.1141522,0.9998977,0.2506902,-0.01754212,-0.9679084,0,-0.01088686,0.9997215,-0.02093842,0,-0.9680062,-0.01578654,-0.2504295,0,-0.6813287,-1.734456,-1.212353,1,0.2506902,-0.01088686,-0.9680061,0,-0.01754212,0.9997215,-0.01578653,0,-0.9679084,-0.02093841,-0.2504294,0,-1.03307,1.701171,-0.9905202,1,0.8866004,0.9702658,-0.143028,-0.1128217,0.9832671,0.0006323773,0.00348082,-0.02530134,16.25556,977
6,-0.05977446,-0.1017135,0.999892,-0.2361772,-0.1302134,0.9999067,-0.1479754,-0.1159636,0.9998993,0.2507185,-0.01723405,-0.9679067,0,-0.01085306,0.9997286,-0.02061194,0,-0.9679993,-0.01567255,-0.2504635,0,-0.6814309,-1.734007,-1.212797,1,0.2507185,-0.01085306,-0.967999,0,-0.01723405,0.9997287,-0.01567254,0,-0.9679066,-0.02061194,-0.2504634,0,-1.032911,1.701143,-0.9905621,1,0.8814765,0.9648405,-0.142513,-0.1145456,0.9831426,0.0006340714,0.003482186,-0.02530093,16.26667,978
6,-0.05907813,-0.1022,0.9998879,-0.2364195,-0.1305611,0.9998983,-0.1477485,-0.1163804,0.9998932,0.2507508,-0.017089,-0.9679008,0,-0.01082488,0.9997321,-0.02045537,0,-0.9679912,-0.01560661,-0.2504987,0,-0.6814804,-1.733774,-1.212962,1,0.2507508,-0.01082488,-0.9679911,0,-0.017089,0.9997321,-0.01560661,0,-0.9679008,-0.02045537,-0.2504986,0,-1.032774,1.701121,-0.9905706,1,0.8909869,0.9724721,-0.1422945,-0.1149457,0.9831275,0.0006344141,0.00348333,-0.02529989,16.27778,979
6,-0.05840781,-0.1018917,0.9998845,-0.2362487,-0.1306192,0.9998842,-0.1473283,-0.1162556,0.9998842,0.2507267,-0.01648008,-0.9679177,0,-0.0114238,0.9997351,-0.01998101,0,-0.9679906,-0.01606707,-0.250472,0,-0.6806581,-1.733556,-1.213441,1,0.2507266,-0.01142381,-0.9679905,0,-0.01648008,0.9997351,-0.01606707,0,-0.9679176,-0.01998101,-0.250472,0,-1.032421,1.701075,-0.9906566,1,0.8951008,0.9640791,-0.1419032,-0.114835,0.983197,0.0006348491,0.00348362,-0.02530043,16.3,980
6,-0.05835173,-0.1020258,0.9999633,-0.2361218,-0.1298687,0.999926,-0.1472378,-0.1159476,0.9999447,0.2505121,-0.01627397,-0.9679767,0,-0.01181316,0.9997329,-0.01986511,0,-0.9680415,-0.01641132,-0.250253,0,-0.680299,-1.733602,-1.213447,1,0.2505121,-0.01181316,-0.9680412,0,-0.01627397,0.9997329,-0.01641131,0,-0.9679766,-0.01986511,-0.2502529,0,-1.032378,1.700997,-0.9906769,1,0.8943423,0.983563,-0.1418149,-0.1145391,0.9832443,0.0006348491,0.003484116,-0.02530046,16.31111,981
6,-0.05775088,-0.09732942,0.9999238,-0.2349333,-0.1305362,0.9999189,-0.1463421,-0.113933,0.9999213,0.2503861,-0.01581386,-0.9680169,0,-0.01242404,0.9997318,-0.01954556,0,-0.9680664,-0.01692062,-0.2501224,0,-0.6795318,-1.733643,-1.213917,1,0.250386,-0.01242404,-0.9680663,0,-0.01581387,0.9997317,-0.01692062,0,-0.968017,-0.01954556,-0.2501224,0,-1.032362,1.701009,-0.990794,1,0.8965272,0.964546,-0.1410068,-0.1126508,0.9835786,0.0006345827,0.00348729,-0.02530052,16.33333,982
6,-0.05731949,-0.09713277,0.9999065,-0.2344614,-0.1312688,0.9998931,-0.1458908,-0.114201,0.9998999,0.2502526,-0.01541723,-0.9680579,0,-0.01266985,0.9997354,-0.01919701,0,-0.9680977,-0.01706925,-0.2499911,0,-0.6793373,-1.733457,-1.214303,1,0.2502526,-0.01266985,-0.9680977,0,-0.01541723,0.9997355,-0.01706925,0,-0.9680578,-0.01919701,-0.2499911,0,-1.032234,1.701081,-0.9908184,1,0.8843026,0.9734824,-0.1405811,-0.1129163,0.9836091,0.0006344374,0.003489792,-0.02530042,16.34444,983
6,-0.05737802,-0.09641428,0.9997167,-0.2349605,-0.1311291,0.9997169,-0.1461692,-0.1137717,0.9997168,0.250047,-0.01504669,-0.9681168,0,-0.01270788,0.9997421,-0.01882043,0,-0.9681503,-0.0170087,-0.2497913,0,-0.6796835,-1.732967,-1.214426,1,0.2500471,-0.01270788,-0.9681504,0,-0.01504669,0.9997422,-0.0170087,0,-0.9681168,-0.01882043,-0.2497914,0,-1.031829,1.701027,-0.9908646,1,0.8931174,0.9703727,-0.1408727,-0.1125251,0.9836122,0.0006337594,0.003490219,-0.02530158,16.36667,984
6,-0.05790877,-0.09569029,0.9998323,-0.2355172,-0.1313753,0.9997653,-0.1467148,-0.1135334,0.9997988,0.249633,-0.0149147,-0.9682257,0,-0.01236185,0.9997508,-0.01858751,0,-0.9682617,-0.01660912,-0.2493864,0,-0.6808846,-1.732352,-1.214368,1,0.249633,-0.01236186,-0.9682616,0,-0.0149147,0.9997509,-0.01660912,0,-0.9682257,-0.01858751,-0.2493865,0,-1.031649,1.700931,-0.9908943,1,0.898584,0.981702,-0.1413739,-0.1122867,0.9835675,0.0006289287,0.003494522,-0.02530302,16.38889,985
6,-0.05754891,-0.09580477,1.000057,-0.2345078,-0.1314898,0.9999784,-0.1460306,-0.113648,1.000018,0.2486664,-0.01552897,-0.9684648,0,-0.01224439,0.9997412,-0.01917439,0,-0.9685119,-0.01662629,-0.2484119,0,-0.6823277,-1.733026,-1.212707,1,0.2486663,-0.01224439,-0.9685117,0,-0.01552897,0.9997411,-0.01662628,0,-0.9684646,-0.01917439,-0.2484118,0,-1.031704,1.70097,-0.9909071,1,0.8907364,0.965654,-0.1406992,-0.112383,0.9836534,0.0006285775,0.003495705,-0.02530399,16.41111,986
6,-0.05653152,-0.09513059,0.9999131,-0.2346935,-0.1317247,0.9997765,-0.1456163,-0.1134288,0.9998447,0.2480268,-0.01608054,-0.9686198,0,-0.01210574,0.9997327,-0.01969689,0,-0.9686776,-0.01661122,-0.2477658,0,-0.6834034,-1.733728,-1.211338,1,0.2480267,-0.01210575,-0.9686774,0,-0.01608054,0.9997327,-0.01661121,0,-0.9686196,-0.01969688,-0.2477657,0,-1.031703,1.701132,-0.9909249,1,0.8907364,0.965654,-0.1403349,-0.112203,0.9837258,0.0006280374,0.003498764,-0.02530604,16.42222,987
6,-0.05657402,-0.09285321,0.9998915,-0.2336418,-0.1320675,0.9997425,-0.1451121,-0.1124619,0.999817,0.2466691,-0.01778478,-0.9689366,0,-0.01129465,0.9997109,-0.021225,0,-0.969034,-0.01617935,-0.2463969,0,-0.6866249,-1.735196,-1.207699,1,0.246669,-0.01129465,-0.9690338,0,-0.01778478,0.9997109,-0.01617935,0,-0.9689365,-0.021225,-0.2463968,0,-1.031674,1.701306,-0.9910103,1,0.9026724,0.9664525,-0.1398782,-0.1112976,0.9838938,0.0006277617,0.003499764,-0.02530697,16.44444,988
6,-0.0565902,-0.09280241,0.999896,-0.2340888,-0.1310511,0.9997568,-0.1453435,-0.1119282,0.9998264,0.246037,-0.01845057,-0.9690849,0,-0.01108147,0.9996999,-0.02184688,0,-0.9691972,-0.01611403,-0.2457587,0,-0.6878597,-1.735868,-1.206152,1,0.246037,-0.01108147,-0.969197,0,-0.01845057,0.9996999,-0.01611402,0,-0.9690847,-0.02184688,-0.2457587,0,-1.031652,1.701374,-0.9910655,1,0.8882344,0.9652916,-0.1401024,-0.1107894,0.9839192,0.0006276853,0.003502007,-0.02530688,16.45556,989
6,-0.0576303,-0.09415636,0.9998525,-0.2346569,-0.1310208,0.9996883,-0.1461483,-0.1125899,0.9997703,0.2447564,-0.01987723,-0.9693809,0,-0.01044889,0.9996777,-0.02313668,0,-0.9695283,-0.01579181,-0.2444698,0,-0.6907369,-1.737139,-1.202859,1,0.2447564,-0.01044889,-0.9695283,0,-0.01987722,0.9996777,-0.01579181,0,-0.9693808,-0.02313668,-0.2444698,0,-1.031495,1.701532,-0.9911842,1,0.8861231,0.9568005,-0.1408573,-0.111413,0.983741,0.0006276928,0.003504669,-0.02530714,16.47778,990
6,-0.06602317,-0.09095906,0.9997632,-0.2310781,-0.1277257,0.9996535,-0.1485532,-0.1093434,0.9997084,0.2442126,-0.0203794,-0.9695076,0,-0.01030812,0.9996681,-0.02360993,0,-0.969667,-0.01575964,-0.2439215,0,-0.6917627,-1.737613,-1.201484,1,0.2442125,-0.01030812,-0.9696668,0,-0.0203794,0.9996681,-0.01575964,0,-0.9695075,-0.02360993,-0.2439214,0,-1.031322,1.701539,-0.9912311,1,0.8890345,0.9709644,-0.1431836,-0.1083281,0.9837497,0.0006394889,0.003530922,-0.02532727,16.48889,991
6,-0.05865926,-0.1092592,0.9999138,-0.2395173,-0.1415196,0.9998329,-0.1490907,-0.12539,0.9998733,0.2438366,-0.0207315,-0.9695948,0,-0.01023311,0.9996608,-0.02394781,0,-0.9697624,-0.01576132,-0.2435418,0,-0.6924494,-1.738005,-1.200596,1,0.2438366,-0.01023311,-0.9697622,0,-0.0207315,0.9996608,-0.01576132,0,-0.9695945,-0.02394781,-0.2435417,0,-1.031278,1.701578,-0.9912996,1,0.8840138,0.9640413,-0.1434174,-0.1234883,0.9819278,0.0006540073,0.003546463,-0.02537611,16.5,992
6,1.490116e-07,4.426111e-07,0.999906,1.490116e-07,4.426111e-07,0.999906,1.490116e-07,4.426111e-07,0.999906,0.2430986,-0.02103727,-0.9697735,0,-0.01011988,0.9996554,-0.02422231,0,-0.9699489,-0.0157024,-0.2428018,0,-0.6938462,-1.738277,-1.199377,1,0.2430985,-0.01011988,-0.9699488,0,-0.02103727,0.9996554,-0.0157024,0,-0.9697733,-0.02422231,-0.2428018,0,-1.03102,1.701605,-0.9915015,1,0.855685,0.8658023,0.0,0.0,1.0,0.0,0.0,0.0,16.52222,993
6,4.470348e-08,-1.171138e-07,0.999804,4.470348e-08,-1.171138e-07,0.999804,4.470348e-08,-1.171138e-07,0.999804,0.2421554,-0.02058724,-0.9700191,0,-0.01003379,0.9996682,-0.02372134,0,-0.9701856,-0.01547722,-0.2418684,0,-0.6953574,-1.737623,-1.199361,1,0.2421553,-0.0100338,-0.9701856,0,-0.02058724,0.9996682,-0.01547722,0,-0.9700189,-0.02372134,-0.2418685,0,-1.030791,1.701619,-0.991607,1,0.0,0.04335862,0.0,0.0,1.0,0.0,0.0,0.0,16.54445,994
6,5.960464e-08,1.909211e-08,0.9999255,5.960464e-08,1.909211e-08,0.9999255,5.960464e-08,1.909211e-08,0.9999255,0.2419314,-0.02050452,-0.9700767,0,-0.01015185,0.9996685,-0.02366181,0,-0.9702403,-0.01557261,-0.241643,0,-0.695506,-1.737615,-1.199223,1,0.2419313,-0.01015185,-0.9702402,0,-0.02050451,0.9996685,-0.01557261,0,-0.9700766,-0.02366181,-0.241643,0,-1.030703,1.701603,-0.9916511,1,0.0,0.04335862,0.0,0.0,1.0,0.0,0.0,0.0,16.55556,995
6,-1.490116e-08,1.229346e-07,0.9999884,-1.490116e-08,1.229346e-07,0.9999884,-1.490116e-08,1.229346e-07,0.9999884,0.2417408,-0.02019962,-0.9701306,0,-0.01005825,0.9996774,-0.02332118,0,-0.9702888,-0.0153955,-0.2414597,0,-0.6959372,-1.73714,-1.199665,1,0.2417408,-0.01005825,-0.9702886,0,-0.02019962,0.9996774,-0.0153955,0,-0.9701306,-0.02332118,-0.2414596,0,-1.030685,1.701602,-0.9916747,1,0.0,0.0,0.0,0.0,1.0,0.0,0.0,0.0,16.56667,996
6,-2.980232e-08,3.029127e-07,0.999907,-2.980232e-08,3.029127e-07,0.999907,-2.980232e-08,3.029127e-07,0.999907,0.2416521,-0.02011627,-0.9701545,0,-0.0101718,0.9996777,-0.0232621,0,-0.9703097,-0.01548955,-0.2413695,0,-0.6959252,-1.737133,-1.199607,1,0.2416521,-0.0101718,-0.9703096,0,-0.02011628,0.9996776,-0.01548955,0,-0.9701544,-0.02326209,-0.2413695,0,-1.030577,1.701589,-0.9917191,1,0.0,0.0,0.0,0.0,1.0,0.0,0.0,0.0,16.57778,997
6,2.980232e-08,-1.909211e-08,0.9999519,2.980232e-08,-1.909211e-08,0.9999519,2.980232e-08,-1.909211e-08,0.9999519,0.2417631,-0.02004974,-0.9701282,0,-0.01010317,0.9996803,-0.02317828,0,-0.9702828,-0.01540502,-0.2414832,0,-0.6959022,-1.736982,-1.199817,1,0.241763,-0.01010317,-0.9702827,0,-0.02004974,0.9996803,-0.01540502,0,-0.9701282,-0.02317828,-0.2414832,0,-1.030559,1.701586,-0.9917158,1,0.0,0.0,0.0,0.0,1.0,0.0,0.0,0.0,16.6,998
6,-1.341105e-07,1.476146e-07,0.9999045,-1.341105e-07,1.476146e-07,0.9999045,-1.341105e-07,1.476146e-07,0.9999045,0.2418867,-0.01982886,-0.970102,0,-0.01035409,0.9996815,-0.02301517,0,-0.9702493,-0.01561159,-0.2416044,0,-0.6953838,-1.736969,-1.200092,1,0.2418867,-0.01035409,-0.9702491,0,-0.01982885,0.9996815,-0.01561158,0,-0.9701018,-0.02301517,-0.2416043,0,-1.03045,1.701596,-0.99176,1,0.0,0.0,0.0,0.0,1.0,0.0,0.0,0.0,16.62222,999
6,1.937151e-07,2.693851e-07,1.000029,1.937151e-07,2.693851e-07,1.000029,1.937151e-07,2.693851e-07,1.000029,0.2420402,-0.01971971,-0.9700658,0,-0.01045174,0.9996824,-0.02292957,0,-0.97021,-0.01568875,-0.2417572,0,-0.6949639,-1.736829,-1.200381,1,0.2420401,-0.01045174,-0.9702098,0,-0.01971972,0.9996824,-0.01568875,0,-0.9700658,-0.02292957,-0.2417572,0,-1.03049,1.701489,-0.9917102,1,0.0,0.0,0.0,0.0,1.0,0.0,0.0,0.0,16.63333,1000
6,-7.450581e-08,-1.16881e-07,1.000135,-7.450581e-08,-1.16881e-07,1.000135,-7.450581e-08,-1.16881e-07,1.000135,0.2426862,-0.01884739,-0.9699218,0,-0.01077161,0.9996973,-0.02212118,0,-0.9700451,-0.01581612,-0.2424097,0,-0.6935431,-1.736028,-1.202317,1,0.2426862,-0.01077161,-0.970045,0,-0.01884739,0.9996973,-0.01581612,0,-0.9699216,-0.02212118,-0.2424097,0,-1.03056,1.701435,-0.9916787,1,0.0,0.0,0.0,0.0,1.0,0.0,0.0,0.0,16.65556,1001
6,0.0,4.530884e-07,0.9999554,0.0,4.530884e-07,0.9999554,0.0,4.530884e-07,0.9999554,0.2428901,-0.01842388,-0.9698789,0,-0.0110193,0.9997027,-0.02175002,0,-0.9699913,-0.01597025,-0.2426149,0,-0.6928731,-1.735678,-1.203063,1,0.2428901,-0.0110193,-0.9699912,0,-0.01842388,0.9997027,-0.01597025,0,-0.9698787,-0.02175001,-0.2426149,0,-1.030511,1.70136,-0.991681,1,0.0,0.0615613,0.0,0.0,1.0,0.0,0.0,0.0,16.66667,1002
6,1.192093e-07,-2.793968e-09,0.9998477,1.192093e-07,-2.793968e-09,0.9998477,1.192093e-07,-2.793968e-09,0.9998477,0.2436275,-0.01734767,-0.9697137,0,-0.01112064,0.9997243,-0.02067846,0,-0.9698052,-0.01582168,-0.2433674,0,-0.6917102,-1.73439,-1.205144,1,0.2436275,-0.01112064,-0.9698052,0,-0.01734767,0.9997243,-0.01582168,0,-0.9697136,-0.02067845,-0.2433674,0,-1.030213,1.7013,-0.9915578,1,0.2095607,0.1785263,0.0,0.0,1.0,0.0,0.0,0.0,16.68889,1003
6,-5.960464e-08,2.118759e-07,0.9998184,-5.960464e-08,2.118759e-07,0.9998184,-5.960464e-08,2.118759e-07,0.9998184,0.2438897,-0.01700871,-0.9696539,0,-0.01136331,0.9997274,-0.02039436,0,-0.9697365,-0.01599246,-0.24363,0,-0.691074,-1.734305,-1.205645,1,0.2438897,-0.01136332,-0.9697363,0,-0.01700871,0.9997275,-0.01599246,0,-0.9696537,-0.02039436,-0.2436299,0,-1.03001,1.701391,-0.9916266,1,0.2095607,0.1785263,0.0,0.0,1.0,0.0,0.0,0.0,16.7,1004
6,7.450581e-08,4.051253e-08,0.9999587,7.450581e-08,4.051253e-08,0.9999587,7.450581e-08,4.051253e-08,0.9999587,0.2440424,-0.01703285,-0.969615,0,-0.01115981,0.9997302,-0.02037069,0,-0.9697004,-0.01579203,-0.2437865,0,-0.6912732,-1.73406,-1.205759,1,0.2440424,-0.01115981,-0.9697003,0,-0.01703285,0.9997302,-0.01579203,0,-0.9696149,-0.02037069,-0.2437865,0,-1.029958,1.701316,-0.9916599,1,0.4352051,0.4412017,0.0,0.0,1.0,0.0,0.0,0.0,16.71111,1005
6,-0.06188381,-0.1145448,0.9999528,-0.2360049,-0.1155428,0.9999456,-0.1489445,-0.1150438,0.9999492,0.2442415,-0.0164445,-0.9695751,0,-0.01157648,0.9997355,-0.01987222,0,-0.9696454,-0.01607789,-0.2439865,0,-0.6903608,-1.733786,-1.206645,1,0.2442414,-0.01157648,-0.9696452,0,-0.0164445,0.9997354,-0.01607788,0,-0.9695749,-0.01987222,-0.2439865,0,-1.029829,1.701356,-0.9916858,1,0.5918177,0.5215384,-0.143346,-0.1138315,0.9831043,0.0005686488,0.003685425,-0.02545204,16.73333,1006
6,-0.06096667,-0.09470841,0.9999976,-0.2300119,-0.1210657,1.00002,-0.1454887,-0.1078869,1.000009,0.2443273,-0.01620544,-0.9695575,0,-0.01143293,0.9997427,-0.01959105,0,-0.9696255,-0.01587151,-0.2440792,0,-0.6905463,-1.73334,-1.207162,1,0.2443273,-0.01143293,-0.9696254,0,-0.01620544,0.9997427,-0.01587151,0,-0.9695574,-0.01959105,-0.2440791,0,-1.029783,1.701349,-0.9917249,1,0.6727726,0.6024722,-0.1402307,-0.107041,0.9843158,0.0005806889,0.003610726,-0.02528944,16.74445,1007
6,-0.0532167,-0.1166188,1.000002,-0.2285589,-0.1221941,1.000005,-0.1408878,-0.1194064,1.000003,0.2442875,-0.01558331,-0.9695777,0,-0.01184786,0.9997483,-0.01905332,0,-0.9696305,-0.01614191,-0.2440414,0,-0.6899311,-1.732916,-1.207834,1,0.2442875,-0.01184786,-0.9696305,0,-0.01558331,0.9997483,-0.01614191,0,-0.9695776,-0.01905332,-0.2440414,0,-1.029552,1.701292,-0.9917123,1,0.7451091,0.6821716,-0.135732,-0.1180169,0.9836914,0.0005779574,0.003595505,-0.02524161,16.76667,1008
6,-0.05458057,-0.1166237,1.000143,-0.2253765,-0.1193717,1.000142,-0.1399786,-0.1179975,1.000143,0.2442766,-0.01533659,-0.9695843,0,-0.01179591,0.999754,-0.01878566,0,-0.9696339,-0.01602603,-0.2440356,0,-0.6900164,-1.732488,-1.208403,1,0.2442766,-0.01179591,-0.9696338,0,-0.01533659,0.9997539,-0.01602603,0,-0.9695842,-0.01878566,-0.2440356,0,-1.029664,1.701222,-0.9917214,1,0.7806637,0.7338865,-0.1348755,-0.1166716,0.9839697,0.000574654,0.003585152,-0.02524694,16.77778,1009
6,-0.05399042,-0.1008248,1.000054,-0.2248706,-0.1338366,1.000074,-0.1394298,-0.1173306,1.000064,0.2442669,-0.01490515,-0.9695935,0,-0.01214413,0.9997565,-0.01842827,0,-0.969632,-0.01627629,-0.2440264,0,-0.6895267,-1.732277,-1.209177,1,0.2442669,-0.01214413,-0.969632,0,-0.01490515,0.9997565,-0.01627629,0,-0.9695935,-0.01842826,-0.2440263,0,-1.029801,1.701198,-0.9918532,1,0.7893995,0.7873032,-0.1343758,-0.1160595,0.9841104,0.0005761636,0.00359182,-0.02527984,16.8,1010
6,-0.05437353,-0.09672558,0.9999327,-0.2298809,-0.1277154,0.9999003,-0.142128,-0.1122208,0.9999166,0.2440624,-0.01470712,-0.969648,0,-0.01231881,0.9997573,-0.01826447,0,-0.9696813,-0.01640258,-0.2438219,0,-0.6895452,-1.732219,-1.209237,1,0.2440623,-0.01231881,-0.9696813,0,-0.01470712,0.9997573,-0.01640257,0,-0.969648,-0.01826447,-0.2438219,0,-1.029719,1.701219,-0.9918905,1,0.8103217,0.8193583,-0.137013,-0.111191,0.984309,0.0005763099,0.003588837,-0.02528126,16.81111,1011
6,-0.05432174,-0.09716626,1.000021,-0.2263461,-0.1257278,1.000014,-0.1403342,-0.111447,1.000017,0.2439828,-0.01444522,-0.9696721,0,-0.01240938,0.9997607,-0.01801583,0,-0.9697003,-0.01642859,-0.2437451,0,-0.689532,-1.731993,-1.20961,1,0.2439827,-0.01240938,-0.9697,0,-0.01444522,0.9997607,-0.01642858,0,-0.9696718,-0.01801582,-0.2437451,0,-1.02971,1.70123,-0.9919299,1,0.8025522,0.835102,-0.1353268,-0.1104686,0.9846235,0.0005851062,0.003586762,-0.02529754,16.82222,1012
6,-0.05423248,-0.09587669,1.000038,-0.231777,-0.1365579,1.000002,-0.1430056,-0.1162178,1.00002,0.2437577,-0.01409358,-0.9697338,0,-0.01282299,0.9997602,-0.01775323,0,-0.9697514,-0.01676238,-0.2435185,0,-0.6891699,-1.731905,-1.209952,1,0.2437577,-0.012823,-0.9697514,0,-0.01409358,0.9997602,-0.01676238,0,-0.9697338,-0.01775323,-0.2435185,0,-1.02975,1.701171,-0.992,1,0.827338,0.8510419,-0.1377745,-0.1149443,0.9837713,0.0005896688,0.003582817,-0.02531499,16.84444,1013
6,-0.05409226,-0.09485353,0.9999648,-0.2252217,-0.1273575,0.9999614,-0.139657,-0.1111058,0.9999632,0.243699,-0.01382161,-0.9697525,0,-0.01302186,0.9997617,-0.01752172,0,-0.9697636,-0.01689801,-0.2434609,0,-0.6889743,-1.731815,-1.210254,1,0.2436989,-0.01302186,-0.9697635,0,-0.01382161,0.9997616,-0.01689801,0,-0.9697524,-0.01752172,-0.2434609,0,-1.029681,1.701225,-0.9920559,1,0.8335568,0.8552641,-0.1347033,-0.1101512,0.9847445,0.0005912557,0.00357975,-0.02531718,16.85556,1014
6,-0.05402809,-0.09463543,0.9999849,-0.2277761,-0.1291954,0.9999784,-0.1409022,-0.1119154,0.9999817,0.243698,-0.01370584,-0.9697544,0,-0.01327409,0.9997593,-0.01746568,0,-0.9697604,-0.01712896,-0.2434574,0,-0.688522,-1.73185,-1.210232,1,0.243698,-0.01327409,-0.9697603,0,-0.01370584,0.9997593,-0.01712895,0,-0.9697543,-0.01746568,-0.2434574,0,-1.029573,1.701156,-0.9920059,1,0.8444471,0.8474599,-0.1358665,-0.1109002,0.9845006,0.0005932851,0.003579414,-0.02530818,16.87778,1015
6,-0.05377656,-0.09506308,0.9999883,-0.2275015,-0.1281797,0.9999952,-0.1406388,-0.1116215,0.9999917,0.2437528,-0.01383426,-0.9697388,0,-0.01312404,0.9997597,-0.01756139,0,-0.9697487,-0.01700753,-0.2435126,0,-0.688799,-1.73185,-1.210102,1,0.2437527,-0.01312404,-0.9697486,0,-0.01383426,0.9997596,-0.01700753,0,-0.9697387,-0.01756138,-0.2435126,0,-1.029545,1.701142,-0.9920914,1,0.8540666,0.8593044,-0.1356233,-0.1106236,0.9845652,0.0005944902,0.003577935,-0.02529768,16.88889,1016
6,-0.0536941,-0.09566265,1.000102,-0.227077,-0.1271392,1.000099,-0.1403857,-0.1114009,1.000101,0.2437485,-0.01387844,-0.9697393,0,-0.01308068,0.9997596,-0.01759597,0,-0.9697503,-0.01697384,-0.2435084,0,-0.6889214,-1.731762,-1.210174,1,0.2437485,-0.01308068,-0.9697501,0,-0.01387844,0.9997596,-0.01697384,0,-0.9697391,-0.01759597,-0.2435084,0,-1.029664,1.70104,-0.9921637,1,0.8436465,0.8711925,-0.1353762,-0.1104062,0.9846237,0.0005955286,0.003576287,-0.02528929,16.91111,1017
6,-0.05345112,-0.0937122,1.000061,-0.2271843,-0.1271381,1.000073,-0.1403176,-0.1104252,1.000067,0.2438073,-0.01385446,-0.9697248,0,-0.01305418,0.9997605,-0.01756565,0,-0.9697359,-0.0169416,-0.2435681,0,-0.6888934,-1.731688,-1.210325,1,0.2438072,-0.01305418,-0.9697357,0,-0.01385446,0.9997605,-0.0169416,0,-0.9697245,-0.01756565,-0.243568,0,-1.029716,1.701021,-0.9921786,1,0.873732,0.8788813,-0.1353329,-0.109479,0.9847331,0.0005967179,0.003568978,-0.02527858,16.92222,1018
6,-0.05309409,-0.09293732,1.000051,-0.2272373,-0.1279744,1.000087,-0.1401647,-0.1104556,1.000069,0.2439916,-0.01371988,-0.9696804,0,-0.01321428,0.99976,-0.01747046,0,-0.9696874,-0.01707628,-0.2437518,0,-0.6884039,-1.731689,-1.210655,1,0.2439916,-0.01321429,-0.9696872,0,-0.01371988,0.99976,-0.01707627,0,-0.9696802,-0.01747046,-0.2437517,0,-1.029742,1.701026,-0.9922065,1,0.8547151,0.8830177,-0.1351909,-0.1095059,0.9847497,0.0005983133,0.00356408,-0.02526974,16.93333,1019
6,-0.05295387,-0.09248731,0.9999437,-0.2273533,-0.1274916,0.9999783,-0.1401526,-0.1099891,0.9999609,0.2440842,-0.0134135,-0.9696614,0,-0.01327111,0.9997645,-0.01717055,0,-0.9696633,-0.01705954,-0.2438487,0,-0.6881887,-1.731317,-1.211236,1,0.2440841,-0.01327111,-0.9696632,0,-0.0134135,0.9997645,-0.01705954,0,-0.9696612,-0.01717054,-0.2438487,0,-1.029735,1.700979,-0.992205,1,0.8618755,0.8956288,-0.1352007,-0.1090707,0.9847965,0.0005988544,0.003559555,-0.02526766,16.95556,1020
6,-0.05170381,-0.09196846,1.000025,-0.2281267,-0.1272112,1.000052,-0.1399144,-0.1095897,1.000039,0.2442361,-0.01343096,-0.9696228,0,-0.01323972,0.9997647,-0.01718341,0,-0.9696254,-0.01703435,-0.2440007,0,-0.6880636,-1.731263,-1.211343,1,0.2442361,-0.01323973,-0.9696255,0,-0.01343096,0.9997647,-0.01703435,0,-0.9696228,-0.01718341,-0.2440008,0,-1.029748,1.70093,-0.9922236,1,0.8839794,0.916765,-0.1349727,-0.1086831,0.9848707,0.0005994178,0.003555344,-0.02526465,16.96667,1021
6,-0.05052003,-0.09245558,1.000053,-0.2305274,-0.1271318,1.000102,-0.1405225,-0.1097932,1.000078,0.2446762,-0.01368615,-0.9695083,0,-0.01340879,0.999757,-0.01749716,0,-0.9695122,-0.01728108,-0.2444332,0,-0.6872267,-1.73172,-1.211194,1,0.2446762,-0.0134088,-0.969512,0,-0.01368616,0.9997571,-0.01728108,0,-0.9695083,-0.01749716,-0.2444332,0,-1.029815,1.700892,-0.9922565,1,0.8714654,0.9222453,-0.1355396,-0.108861,0.9847733,0.0006009908,0.003551918,-0.02526465,16.98889,1022
