flag,xl,yl,zl,xr,yr,zr,xc,yc,zc,mat_00,mat_10,mat_20,mat_30,mat_01,mat_11,mat_21,mat_31,mat_02,mat_12,mat_22,mat_32,mat_03,mat_13,mat_23,mat_33,ctw_00,ctw_10,ctw_20,ctw_30,ctw_01,ctw_11,ctw_21,ctw_31,ctw_02,ctw_12,ctw_22,ctw_32,ctw_03,ctw_13,ctw_23,ctw_33,opennessl,opennessr,ray_x,ray_y,ray_z,eye_x,eye_y,eye_z,time,frame
6,-0.01913343,-0.01731539,0.9999717,-0.2165176,-0.05408834,0.9999176,-0.1178271,-0.03570217,0.9999446,0.03369492,-0.01727893,-0.9992828,0,-0.03958204,0.999043,-0.01860945,0,-0.998648,-0.04018069,-0.03297871,0,-0.977215,-1.712407,-1.051105,1,0.0336949,-0.03958204,-0.9986481,0,-0.01727893,0.999043,-0.0401807,0,-0.9992828,-0.01860945,-0.03297875,0,-1.047012,1.652527,-1.079364,1,1.0,1.0,-0.11762,-0.03122317,0.9925677,0.002742355,-0.003696366,-0.01751379,34.55556,2107
6,-0.02023618,-0.01717871,1.000165,-0.216276,-0.05387473,1.000138,-0.1182571,-0.03552694,1.000151,0.03373426,-0.01733083,-0.9992806,0,-0.03936006,0.9990509,-0.01865559,0,-0.9986556,-0.03996108,-0.03302014,0,-0.9775968,-1.71225,-1.051303,1,0.03373429,-0.03936007,-0.9986554,0,-0.01733083,0.999051,-0.03996108,0,-0.9992805,-0.01865559,-0.0330201,0,-1.047243,1.652534,-1.07942,1,1.0,1.0,-0.1180112,-0.03104465,0.9925269,0.002743255,-0.003696167,-0.01751405,34.57778,2108
6,-0.02142644,-0.0172081,0.9999676,-0.2167595,-0.05390026,0.9999364,-0.119094,-0.03555464,0.9999521,0.03364766,-0.01773604,-0.9992765,0,-0.03923858,0.9990482,-0.01905324,0,-0.9986632,-0.03985128,-0.0329197,0,-0.9779185,-1.712562,-1.050509,1,0.03364766,-0.03923858,-0.9986632,0,-0.01773605,0.9990482,-0.03985128,0,-0.9992762,-0.01905324,-0.03291969,0,-1.047219,1.652544,-1.079441,1,1.0,1.0,-0.1188402,-0.03107481,0.992427,0.002744858,-0.003695488,-0.017516,34.58889,2109
6,-0.02159999,-0.01720802,0.9999748,-0.2166231,-0.05407344,0.9999839,-0.1191114,-0.03564048,0.9999794,0.03359747,-0.01787798,-0.9992755,0,-0.0389666,0.9990563,-0.01918418,0,-0.9986755,-0.03958292,-0.0328691,0,-0.9784954,-1.712505,-1.050239,1,0.03359745,-0.03896661,-0.9986755,0,-0.01787798,0.9990563,-0.03958292,0,-0.9992755,-0.01918419,-0.03286912,0,-1.047219,1.652612,-1.079506,1,1.0,1.0,-0.1188529,-0.03115921,0.9924229,0.002744729,-0.003694466,-0.01751782,34.61111,2110
6,-0.02008577,-0.01543249,1.000009,-0.216947,-0.05350664,0.9999965,-0.1185166,-0.03446975,1.000003,0.03356528,-0.0180201,-0.9992741,0,-0.03904394,0.9990506,-0.01932754,0,-0.9986736,-0.03966433,-0.03282982,0,-0.9783933,-1.712707,-1.04997,1,0.03356526,-0.03904394,-0.9986736,0,-0.0180201,0.9990506,-0.03966433,0,-0.9992741,-0.01932754,-0.03282984,0,-1.04723,1.652588,-1.079499,1,1.0,1.0,-0.1182835,-0.03002024,0.9925259,0.002745339,-0.003693772,-0.01751882,34.62222,2111
6,-0.02118957,-0.01491895,0.9999472,-0.21688,-0.0526951,0.9999319,-0.1190353,-0.03380746,0.9999396,0.03316766,-0.01740019,-0.9992983,0,-0.03925329,0.9990543,-0.01869879,0,-0.9986787,-0.03984594,-0.03245324,0,-0.9784756,-1.712218,-1.050571,1,0.03316762,-0.03925329,-0.9986786,0,-0.01740019,0.9990544,-0.03984594,0,-0.9992983,-0.01869879,-0.03245328,0,-1.047173,1.652546,-1.079502,1,1.0,1.0,-0.1187912,-0.02937486,0.9924846,0.002745538,-0.00369342,-0.01752154,34.64444,2112
6,-0.02176912,-0.01550964,0.9999727,-0.2167759,-0.05293214,0.9999849,-0.119272,-0.03422076,0.9999789,0.03317642,-0.01714562,-0.9993026,0,-0.03903211,0.9990678,-0.01843745,0,-0.9986872,-0.03961657,-0.03247625,0,-0.9788365,-1.711713,-1.051,1,0.03317639,-0.03903211,-0.9986869,0,-0.01714563,0.9990678,-0.03961657,0,-0.9993024,-0.01843745,-0.03247625,0,-1.047141,1.652534,-1.079496,1,1.0,1.0,-0.1190131,-0.02977746,0.9924461,0.002745727,-0.00369178,-0.0175243,34.65556,2113
6,-0.02203023,-0.01558621,0.9998826,-0.2166549,-0.05300349,0.9998578,-0.1193434,-0.03429512,0.9998702,0.03293854,-0.01656195,-0.9993201,0,-0.03906274,0.9990774,-0.01784547,0,-0.9986937,-0.03962399,-0.03226119,0,-0.9790508,-1.71111,-1.051643,1,0.03293854,-0.03906274,-0.9986938,0,-0.01656195,0.9990774,-0.03962399,0,-0.9993201,-0.01784547,-0.0322612,0,-1.047019,1.65252,-1.0795,1,1.0,1.0,-0.1190935,-0.02985329,0.9924341,0.002745384,-0.003691071,-0.01752654,34.66667,2114
6,-0.02326774,-0.01703553,0.9999402,-0.2169784,-0.05285178,0.9999377,-0.1201234,-0.03494367,0.9999389,0.03294086,-0.01575445,-0.9993332,0,-0.03891754,0.9990972,-0.01703357,0,-0.9986994,-0.03945269,-0.03229797,0,-0.9793704,-1.710043,-1.052799,1,0.03294082,-0.03891754,-0.9986992,0,-0.01575446,0.9990973,-0.03945268,0,-0.999333,-0.01703356,-0.03229799,0,-1.046776,1.652452,-1.079565,1,1.0,1.0,-0.1198331,-0.03048017,0.992326,0.002745834,-0.00369117,-0.01752855,34.68889,2115
6,-0.02354348,-0.01708121,0.9998661,-0.219108,-0.05322774,0.9998468,-0.1213266,-0.03515481,0.9998565,0.03274351,-0.01523948,-0.9993476,0,-0.03876799,0.9991119,-0.01650611,0,-0.9987116,-0.03928317,-0.03212363,0,-0.9798622,-1.709247,-1.053358,1,0.03274351,-0.03876799,-0.9987116,0,-0.01523948,0.999112,-0.03928317,0,-0.9993476,-0.01650611,-0.03212363,0,-1.046635,1.652355,-1.079582,1,1.0,1.0,-0.1209988,-0.03068529,0.9921783,0.002746475,-0.003689858,-0.01752925,34.7,2116
6,-0.02395062,-0.01818665,0.9998893,-0.2215587,-0.05325138,0.9999117,-0.1227539,-0.0357188,0.9999005,0.0328849,-0.01514054,-0.9993445,0,-0.03851361,0.9991234,-0.01640454,0,-0.9987169,-0.03902783,-0.03227293,0,-0.9802408,-1.708865,-1.053498,1,0.03288488,-0.03851361,-0.9987168,0,-0.01514054,0.9991235,-0.03902783,0,-0.9993444,-0.01640454,-0.03227295,0,-1.046445,1.652332,-1.079676,1,1.0,1.0,-0.1223633,-0.03122863,0.991994,0.002746887,-0.003689415,-0.01752973,34.72222,2117
6,-0.02418567,-0.01831193,0.9999104,-0.2229724,-0.05185254,0.9999182,-0.1235786,-0.0350821,0.9999142,0.03293091,-0.01520521,-0.999342,0,-0.03831933,0.9991299,-0.0164647,0,-0.9987228,-0.03883631,-0.03231961,0,-0.980586,-1.708729,-1.053357,1,0.03293091,-0.03831933,-0.9987227,0,-0.01520521,0.99913,-0.03883631,0,-0.999342,-0.0164647,-0.03231961,0,-1.046353,1.652324,-1.079738,1,1.0,1.0,-0.1231561,-0.03060526,0.9919153,0.002747154,-0.003689278,-0.01753195,34.73333,2118
6,-0.02417894,-0.01852756,0.9998012,-0.2225641,-0.05074987,0.999822,-0.1233709,-0.03463869,0.9998116,0.03300679,-0.01502331,-0.9993423,0,-0.03832232,0.9991327,-0.0162859,0,-0.9987202,-0.03883465,-0.03240246,0,-0.9805042,-1.708512,-1.053538,1,0.03300681,-0.03832232,-0.9987202,0,-0.01502332,0.9991327,-0.03883465,0,-0.9993421,-0.01628589,-0.03240243,0,-1.046149,1.652297,-1.079736,1,1.0,1.0,-0.1229717,-0.03017778,0.9919513,0.002748841,-0.003688454,-0.01753383,34.74445,2119
6,-0.02491051,-0.01882713,1.000013,-0.2232987,-0.05093337,0.9999796,-0.1241057,-0.03488041,0.9999962,0.03296614,-0.01515101,-0.9993416,0,-0.0393464,0.9990903,-0.01644515,0,-0.9986817,-0.03986263,-0.03234005,0,-0.9787872,-1.709658,-1.053159,1,0.03296618,-0.03934639,-0.9986817,0,-0.01515101,0.9990903,-0.03986263,0,-0.9993417,-0.01644515,-0.03234001,0,-1.046102,1.652272,-1.079708,1,1.0,1.0,-0.123656,-0.03040759,0.9918592,0.002751153,-0.003686081,-0.01753724,34.76667,2120
6,-0.02566218,-0.01952929,1.000069,-0.2238454,-0.05193395,1.00014,-0.1247515,-0.03573117,1.000105,0.03329855,-0.01491564,-0.9993341,0,-0.03986105,0.9990733,-0.01623994,0,-0.9986502,-0.04037528,-0.03267318,0,-0.9775857,-1.709916,-1.053907,1,0.0332986,-0.03986105,-0.9986504,0,-0.01491563,0.9990731,-0.04037528,0,-0.9993342,-0.01623994,-0.03267315,0,-1.046157,1.652249,-1.079739,1,1.0,1.0,-0.1242614,-0.03123506,0.9917578,0.002752807,-0.003680756,-0.01753497,34.77778,2121
6,-0.02633839,-0.01988926,1.000156,-0.2232852,-0.05271887,1.000192,-0.1248107,-0.03630366,1.000174,0.03315938,-0.0134882,-0.9993591,0,-0.04061999,0.9990646,-0.01483202,0,-0.9986243,-0.04108578,-0.03258049,0,-0.976401,-1.709003,-1.056237,1,0.0331594,-0.04061999,-0.9986242,0,-0.0134882,0.9990645,-0.04108578,0,-0.9993589,-0.01483202,-0.03258046,0,-1.046235,1.652077,-1.079686,1,1.0,1.0,-0.124309,-0.03179282,0.9917341,0.002753905,-0.003678177,-0.01753099,34.8,2122
6,-0.02646605,-0.02004123,0.9999456,-0.2231486,-0.05158114,0.9999542,-0.1248072,-0.03581106,0.9999498,0.03315425,-0.01314746,-0.9993638,0,-0.04092707,0.9990569,-0.01450119,0,-0.998612,-0.04138181,-0.03258491,0,-0.9758765,-1.708905,-1.056733,1,0.03315426,-0.04092707,-0.9986118,0,-0.01314746,0.9990569,-0.0413818,0,-0.9993637,-0.01450119,-0.03258489,0,-1.046174,1.65203,-1.079673,1,1.0,1.0,-0.124335,-0.03132041,0.9917458,0.002753974,-0.003678253,-0.01752895,34.81111,2123
6,-0.02644844,-0.02021689,1.000179,-0.2231677,-0.05162555,1.00022,-0.1248069,-0.03592093,1.0002,0.03330547,-0.01281726,-0.9993631,0,-0.04077715,0.9990677,-0.01417245,0,-0.9986131,-0.0412232,-0.0327518,0,-0.9759445,-1.708418,-1.057624,1,0.0333055,-0.04077715,-0.998613,0,-0.01281727,0.9990677,-0.04122319,0,-0.9993629,-0.01417244,-0.03275177,0,-1.046343,1.65204,-1.079656,1,1.0,1.0,-0.1243045,-0.03141928,0.9917465,0.002754158,-0.003678253,-0.0175276,34.82222,2124
6,-0.02563969,-0.02074047,0.9999777,-0.2234227,-0.05193162,1.000001,-0.1245304,-0.03633601,0.9999892,0.03329879,-0.01248025,-0.9993675,0,-0.04039904,0.999088,-0.01382285,0,-0.9986286,-0.04083377,-0.0327642,0,-0.9765071,-1.707675,-1.058157,1,0.03329875,-0.04039904,-0.9986286,0,-0.01248026,0.999088,-0.04083377,0,-0.9993675,-0.01382286,-0.03276423,0,-1.046284,1.652041,-1.079569,1,1.0,1.0,-0.1240634,-0.03183291,0.9917635,0.002754158,-0.003676567,-0.01752437,34.84444,2125
6,-0.02642966,-0.02045917,0.9998798,-0.2239024,-0.05270382,0.999904,-0.1251651,-0.03658146,0.9998919,0.03346056,-0.01272357,-0.999359,0,-0.04038067,0.9990852,-0.01407211,0,-0.998624,-0.04082565,-0.03291619,0,-0.9762663,-1.707841,-1.057781,1,0.03346058,-0.04038068,-0.998624,0,-0.01272357,0.9990853,-0.04082565,0,-0.999359,-0.01407211,-0.03291617,0,-1.046167,1.651971,-1.079465,1,1.0,1.0,-0.1246838,-0.03207472,0.9916779,0.002753922,-0.003674614,-0.01751875,34.85556,2126
6,-0.02663758,-0.02061601,0.9999592,-0.2247413,-0.0516061,1.000047,-0.1256866,-0.03611046,1.000003,0.03437096,-0.0126956,-0.9993286,0,-0.03979605,0.9991089,-0.01406156,0,-0.9986166,-0.04025264,-0.03383511,0,-0.9761375,-1.707273,-1.058557,1,0.03437097,-0.03979605,-0.9986165,0,-0.0126956,0.9991089,-0.04025264,0,-0.9993284,-0.01406155,-0.03383509,0,-1.04597,1.652021,-1.079326,1,1.0,1.0,-0.1251713,-0.03161167,0.9916314,0.002752777,-0.003673531,-0.01751757,34.87778,2127
6,-0.02673225,-0.02100587,0.9999782,-0.2251382,-0.05135699,1.000072,-0.1259322,-0.03618053,1.000025,0.03483361,-0.0126425,-0.9993132,0,-0.03955851,0.9991189,-0.01401895,0,-0.99861,-0.04001968,-0.03430277,0,-0.9760005,-1.70696,-1.059081,1,0.03483358,-0.03955851,-0.9986098,0,-0.01264249,0.9991188,-0.04001967,0,-0.9993131,-0.01401895,-0.0343028,0,-1.045936,1.652,-1.079285,1,1.0,1.0,-0.1254042,-0.03167841,0.9915999,0.002753189,-0.003673531,-0.01751757,34.88889,2128
6,-0.02556368,-0.02083454,1.00005,-0.2252448,-0.05118955,1.0002,-0.1253992,-0.03601113,1.000125,0.03555107,-0.01242767,-0.9992906,0,-0.03938687,0.9991283,-0.0138269,0,-0.9985914,-0.03985049,-0.0350306,0,-0.9754856,-1.706561,-1.060186,1,0.03555107,-0.03938687,-0.9985914,0,-0.01242767,0.9991285,-0.03985048,0,-0.9992905,-0.01382689,-0.0350306,0,-1.045963,1.651993,-1.079258,1,1.0,1.0,-0.1248823,-0.03151213,0.991671,0.002753761,-0.003673394,-0.01751832,34.9,2129
6,-0.02562068,-0.02098851,0.9999397,-0.2253816,-0.04883391,0.9999978,-0.1254994,-0.03491108,0.9999687,0.0362733,-0.0115539,-0.9992753,0,-0.03964124,0.9991295,-0.01299119,0,-0.9985555,-0.04008374,-0.03578371,0,-0.9742416,-1.705826,-1.062267,1,0.03627329,-0.03964124,-0.9985552,0,-0.0115539,0.9991295,-0.04008373,0,-0.9992749,-0.01299118,-0.0357837,0,-1.045867,1.651921,-1.079222,1,1.0,1.0,-0.1250005,-0.03044578,0.9916894,0.002753044,-0.003672943,-0.01751769,34.92222,2130
6,-0.02506313,-0.02119156,1.000019,-0.2252175,-0.04872523,1.000079,-0.1251383,-0.03495796,1.000049,0.03651631,-0.01108075,-0.9992716,0,-0.03999591,0.9991211,-0.01254064,0,-0.9985324,-0.04042471,-0.03604102,0,-0.9733543,-1.70567,-1.063288,1,0.0365163,-0.03999591,-0.9985324,0,-0.01108074,0.9991212,-0.04042472,0,-0.9992716,-0.01254065,-0.03604104,0,-1.04587,1.651907,-1.079199,1,1.0,1.0,-0.1246443,-0.03049076,0.9917328,0.002752648,-0.003672943,-0.01751696,34.93333,2131
6,-0.02498908,-0.02101623,0.9998335,-0.2249067,-0.04866428,0.9998267,-0.1249482,-0.03484033,0.9998302,0.036479,-0.01103541,-0.9992735,0,-0.04019772,0.9991136,-0.01250108,0,-0.9985256,-0.04062454,-0.03600305,0,-0.9730098,-1.705882,-1.063148,1,0.036479,-0.04019772,-0.9985258,0,-0.01103541,0.9991136,-0.04062454,0,-0.9992735,-0.01250108,-0.03600307,0,-1.045707,1.651967,-1.079153,1,1.0,1.0,-0.1244886,-0.03038378,0.9917558,0.002752648,-0.003672943,-0.01751696,34.94445,2132
6,-0.02393718,-0.02121872,0.9999955,-0.224265,-0.04888593,0.9999746,-0.1241017,-0.03505241,0.999985,0.03659284,-0.01127597,-0.9992666,0,-0.04036167,0.9991038,-0.01275216,0,-0.9985149,-0.0407987,-0.03610492,0,-0.9726733,-1.706337,-1.062724,1,0.03659283,-0.04036166,-0.9985148,0,-0.01127597,0.9991038,-0.04079871,0,-0.9992667,-0.01275216,-0.03610493,0,-1.045592,1.651997,-1.079215,1,1.0,1.0,-0.1236568,-0.03059039,0.9918534,0.002752624,-0.003670868,-0.01751527,34.96667,2133
6,-0.02310036,-0.02148155,1.000089,-0.2248894,-0.04738578,1.000108,-0.1239944,-0.03443359,1.000099,0.0367375,-0.01162553,-0.9992575,0,-0.04066148,0.9990869,-0.01311847,0,-0.9984975,-0.04111322,-0.03623122,0,-0.9720583,-1.707002,-1.062339,1,0.03673747,-0.04066147,-0.9984972,0,-0.01162554,0.9990868,-0.04111321,0,-0.9992571,-0.01311846,-0.03623123,0,-1.045683,1.651982,-1.079268,1,1.0,1.0,-0.1235404,-0.02998854,0.9918863,0.002750328,-0.003667252,-0.01751412,34.97778,2134
6,-0.02207997,-0.02273457,0.9999313,-0.2244635,-0.04649964,0.9998729,-0.1232736,-0.03461736,0.9999021,0.03630924,-0.01196638,-0.9992689,0,-0.04076166,0.9990785,-0.0134452,0,-0.998509,-0.04122005,-0.035788,0,-0.9723955,-1.707563,-1.06127,1,0.03630923,-0.04076166,-0.9985089,0,-0.01196638,0.9990785,-0.04122005,0,-0.9992689,-0.0134452,-0.03578801,0,-1.045621,1.652084,-1.079312,1,1.0,1.0,-0.1228689,-0.03017843,0.9919639,0.00274655,-0.003665177,-0.01750435,35.0,2135
6,-0.02235229,-0.01962469,1.000021,-0.2244093,-0.04818479,1.000017,-0.1233808,-0.03390456,1.000019,0.03632456,-0.01220421,-0.9992656,0,-0.04088211,0.9990702,-0.01368794,0,-0.9985034,-0.04134929,-0.03579187,0,-0.9721814,-1.707957,-1.060895,1,0.03632459,-0.04088211,-0.9985036,0,-0.01220421,0.9990702,-0.04134929,0,-0.9992656,-0.01368794,-0.03579186,0,-1.045646,1.652103,-1.079321,1,1.0,1.0,-0.1229562,-0.02948021,0.9919742,0.00274109,-0.003665436,-0.01749725,35.01111,2136
6,-0.02255566,-0.0209751,0.9999411,-0.2246687,-0.04794467,0.9999056,-0.1236133,-0.03446005,0.9999233,0.03616112,-0.01230068,-0.9992704,0,-0.04084288,0.9990706,-0.01377622,0,-0.9985111,-0.04131124,-0.0356251,0,-0.9724193,-1.707974,-1.060521,1,0.03616109,-0.04084288,-0.9985109,0,-0.01230068,0.9990706,-0.04131124,0,-0.9992701,-0.01377622,-0.03562512,0,-1.045592,1.65206,-1.079311,1,1.0,1.0,-0.1231857,-0.03002417,0.9919293,0.002737702,-0.00366462,-0.01749525,35.02222,2137
6,-0.02204489,-0.02088251,1.000001,-0.2249225,-0.04793261,0.9999393,-0.1234859,-0.03440795,0.9999701,0.03549689,-0.01259422,-0.9992905,0,-0.04065137,0.9990748,-0.01403553,0,-0.9985427,-0.04112074,-0.0349521,0,-0.9735007,-1.708166,-1.059429,1,0.03549692,-0.04065137,-0.9985427,0,-0.01259423,0.9990748,-0.04112074,0,-0.9992903,-0.01403553,-0.03495207,0,-1.045633,1.652142,-1.079352,1,1.0,1.0,-0.123057,-0.02997222,0.9919469,0.002736625,-0.00366462,-0.01749385,35.04445,2138
6,-0.02202558,-0.02091273,0.9999318,-0.2244608,-0.04790921,0.9998496,-0.1232458,-0.03441131,0.9998907,0.03511316,-0.01275521,-0.9993019,0,-0.04069506,0.9990709,-0.01418219,0,-0.9985545,-0.04116463,-0.03456146,0,-0.9738716,-1.708375,-1.05872,1,0.03511315,-0.04069506,-0.9985544,0,-0.01275521,0.999071,-0.04116463,0,-0.999302,-0.01418219,-0.03456146,0,-1.045576,1.652141,-1.079379,1,1.0,1.0,-0.1228357,-0.02997853,0.9919741,0.002736504,-0.00366462,-0.017494,35.05556,2139
6,-0.02138926,-0.02077233,0.9999781,-0.2233811,-0.04666701,0.999898,-0.1223879,-0.03372014,0.9999381,0.03425813,-0.01305104,-0.9993279,0,-0.04060372,0.999071,-0.01443963,0,-0.998588,-0.0410711,-0.03369641,0,-0.9749351,-1.708627,-1.0574,1,0.03425816,-0.04060372,-0.9985878,0,-0.01305104,0.999071,-0.0410711,0,-0.9993277,-0.01443963,-0.03369638,0,-1.045589,1.652185,-1.079364,1,1.0,1.0,-0.1220081,-0.02930737,0.9920964,0.002736,-0.00366462,-0.01749333,35.07778,2140
6,-0.02015616,-0.01993535,0.9999899,-0.2232808,-0.04684477,0.999885,-0.1217218,-0.03339037,0.9999375,0.03379327,-0.01345241,-0.9993383,0,-0.04054283,0.9990679,-0.01481976,0,-0.9986061,-0.04101681,-0.03321642,0,-0.9755685,-1.70899,-1.056272,1,0.03379332,-0.04054284,-0.9986063,0,-0.01345241,0.9990679,-0.04101682,0,-0.9993382,-0.01481975,-0.03321637,0,-1.045595,1.652191,-1.079392,1,1.0,1.0,-0.1213696,-0.02898416,0.9921841,0.002736,-0.00366893,-0.01749304,35.08889,2141
6,-0.02026513,-0.01917652,0.9999951,-0.2229442,-0.04616855,0.9999629,-0.1216056,-0.03267287,0.999979,0.03346372,-0.01380561,-0.9993446,0,-0.04011098,0.9990804,-0.0151451,0,-0.9986348,-0.0405915,-0.03287917,0,-0.9767047,-1.70891,-1.055441,1,0.03346369,-0.04011098,-0.9986346,0,-0.01380561,0.9990805,-0.0405915,0,-0.9993445,-0.0151451,-0.03287918,0,-1.045657,1.652178,-1.07944,1,1.0,1.0,-0.1212559,-0.02828005,0.9922183,0.002736092,-0.003673355,-0.01749155,35.11111,2142
6,-0.02003699,-0.01882225,1.000119,-0.2233033,-0.0480491,1.000055,-0.1216723,-0.03343612,1.000087,0.0331586,-0.01386876,-0.9993539,0,-0.04033434,0.9990706,-0.01520313,0,-0.9986359,-0.0408124,-0.0325684,0,-0.9765891,-1.709164,-1.055146,1,0.0331586,-0.04033434,-0.9986358,0,-0.01386876,0.9990705,-0.04081239,0,-0.9993538,-0.01520313,-0.03256839,0,-1.045786,1.652144,-1.079376,1,1.0,1.0,-0.1213054,-0.02901742,0.992191,0.002736756,-0.003675957,-0.01748812,35.12222,2143
6,-0.02074589,-0.01883579,0.9999944,-0.2232576,-0.04777717,0.9999981,-0.1220016,-0.03330635,0.9999962,0.03310579,-0.01401144,-0.9993536,0,-0.04048158,0.9990624,-0.0153484,0,-0.9986317,-0.04096354,-0.03250754,0,-0.9763752,-1.709461,-1.054971,1,0.03310579,-0.04048159,-0.9986317,0,-0.01401144,0.9990624,-0.04096354,0,-0.9993537,-0.01534839,-0.03250754,0,-1.045917,1.65214,-1.079359,1,1.0,1.0,-0.1216337,-0.02889276,0.9921544,0.002737503,-0.003676163,-0.01748812,35.14444,2144
6,-0.02165756,-0.01820084,1.00013,-0.2231577,-0.04737512,1.000188,-0.1224057,-0.0327876,1.000159,0.03340155,-0.01403535,-0.9993435,0,-0.04073641,0.9990513,-0.0153928,0,-0.9986115,-0.04122381,-0.03279811,0,-0.9756224,-1.709684,-1.055325,1,0.03340155,-0.04073641,-0.9986115,0,-0.01403535,0.9990513,-0.04122381,0,-0.9993435,-0.0153928,-0.03279812,0,-1.046041,1.652075,-1.07936,1,1.0,1.0,-0.1220046,-0.02837977,0.9921238,0.002738244,-0.003677818,-0.01749177,35.15556,2145
6,-0.02119645,-0.01695439,1.000037,-0.2225483,-0.04643454,1.000056,-0.1218718,-0.03169426,1.000047,0.03345543,-0.01378727,-0.9993451,0,-0.04061877,0.99906,-0.01514314,0,-0.9986144,-0.04109879,-0.03286397,0,-0.9757671,-1.709298,-1.055842,1,0.03345545,-0.04061877,-0.9986145,0,-0.01378726,0.9990599,-0.0410988,0,-0.9993452,-0.01514314,-0.03286397,0,-1.046072,1.652068,-1.079364,1,1.0,1.0,-0.121511,-0.02731741,0.9922141,0.002741287,-0.003680077,-0.01749793,35.16667,2146
6,-0.02042744,-0.01738521,1.000023,-0.2221128,-0.04628786,1.000009,-0.1212705,-0.03183655,1.000016,0.03335482,-0.01370842,-0.9993496,0,-0.04075271,0.9990557,-0.01506457,0,-0.9986124,-0.04122868,-0.03276467,0,-0.97564,-1.709353,-1.055955,1,0.03335483,-0.04075271,-0.9986123,0,-0.01370842,0.9990557,-0.04122867,0,-0.9993496,-0.01506457,-0.03276466,0,-1.046159,1.652071,-1.079359,1,1.0,1.0,-0.1209386,-0.02746036,0.9922801,0.002743949,-0.003678009,-0.01750132,35.18889,2147
6,-0.01978302,-0.01716666,1.000004,-0.2218742,-0.04636692,0.9999898,-0.1208292,-0.03176687,0.9999968,0.03329784,-0.01382101,-0.99935,0,-0.04062375,0.9990593,-0.01517056,0,-0.9986196,-0.04110249,-0.03270507,0,-0.9759238,-1.70932,-1.055723,1,0.03329785,-0.04062374,-0.9986194,0,-0.01382101,0.9990593,-0.04110248,0,-0.9993498,-0.01517055,-0.03270505,0,-1.046165,1.65205,-1.079361,1,1.0,1.0,-0.12052,-0.02739279,0.9923329,0.002748718,-0.003679276,-0.01751366,35.2,2148
6,-0.019791,-0.01808571,1.000131,-0.2219357,-0.04621202,1.000061,-0.1208656,-0.03214931,1.000095,0.03287739,-0.01361202,-0.9993666,0,-0.04073403,0.9990582,-0.01494789,0,-0.998629,-0.04119968,-0.03229195,0,-0.9762258,-1.709209,-1.05583,1,0.03287739,-0.04073403,-0.998629,0,-0.01361202,0.9990582,-0.04119968,0,-0.9993667,-0.01494789,-0.03229195,0,-1.046331,1.652051,-1.079401,1,1.0,1.0,-0.120542,-0.02776293,0.9923199,0.002748718,-0.003678696,-0.01751544,35.22222,2149
6,-0.01978327,-0.01784883,0.9999927,-0.2216308,-0.04856172,0.9999056,-0.1207099,-0.03320592,0.999949,0.03245276,-0.01367283,-0.9993798,0,-0.04056023,0.9990647,-0.01498563,0,-0.99865,-0.0410214,-0.03186786,0,-0.9770151,-1.709197,-1.055325,1,0.03245279,-0.04056022,-0.9986499,0,-0.01367283,0.9990647,-0.04102139,0,-0.9993797,-0.01498563,-0.03186783,0,-1.046333,1.652155,-1.079441,1,1.0,1.0,-0.120406,-0.02879849,0.9923069,0.002748718,-0.003677651,-0.01751544,35.23333,2150
6,-0.01949745,-0.01806453,0.9999018,-0.2205226,-0.04907106,0.999818,-0.1200129,-0.03356839,0.9998599,0.03208375,-0.01400373,-0.9993871,0,-0.04037184,0.9990677,-0.01529533,0,-0.9986695,-0.04083783,-0.03148848,0,-0.9778184,-1.709338,-1.054326,1,0.03208375,-0.04037184,-0.9986695,0,-0.01400373,0.9990675,-0.04083782,0,-0.999387,-0.01529532,-0.03148848,0,-1.046245,1.652142,-1.079522,1,1.0,1.0,-0.119745,-0.02915731,0.9923764,0.002748718,-0.003676499,-0.01751614,35.25556,2151
6,-0.01953695,-0.01722571,1.000003,-0.2198623,-0.05035541,0.9999754,-0.1197005,-0.03379072,0.9999892,0.03194159,-0.01400557,-0.9993916,0,-0.04012929,0.9990776,-0.01528374,0,-0.9986838,-0.04059307,-0.03135008,0,-0.9783939,-1.709098,-1.054206,1,0.03194157,-0.0401293,-0.9986839,0,-0.01400557,0.9990776,-0.04059307,0,-0.9993917,-0.01528374,-0.0313501,0,-1.04625,1.652147,-1.079533,1,1.0,1.0,-0.1194268,-0.02937173,0.9924084,0.002746514,-0.003676468,-0.01751687,35.26667,2152
6,-0.0198334,-0.01755227,1.000006,-0.2197459,-0.0513845,1.000013,-0.1197894,-0.03446843,1.00001,0.03192466,-0.01437638,-0.999387,0,-0.03998459,0.9990777,-0.01564922,0,-0.9986903,-0.04045967,-0.03132039,0,-0.9786423,-1.709395,-1.053477,1,0.03192466,-0.03998458,-0.9986901,0,-0.01437639,0.9990777,-0.04045966,0,-0.9993868,-0.01564921,-0.03132038,0,-1.046163,1.652201,-1.079517,1,1.0,1.0,-0.1195076,-0.03003166,0.992379,0.002746514,-0.003675965,-0.01751671,35.28889,2153
6,-0.0195479,-0.01731763,0.9999132,-0.2206817,-0.05135687,0.9999369,-0.1201141,-0.0343371,0.999925,0.0320608,-0.01444951,-0.9993815,0,-0.0402882,0.9990641,-0.0157374,0,-0.9986736,-0.04076783,-0.03144866,0,-0.9779096,-1.709785,-1.053376,1,0.03206081,-0.0402882,-0.9986737,0,-0.01444951,0.9990641,-0.04076784,0,-0.9993815,-0.0157374,-0.03144865,0,-1.046077,1.652209,-1.079444,1,1.0,1.0,-0.1198296,-0.02990524,0.9923439,0.002746514,-0.003675438,-0.01751778,35.3,2154
6,-0.01956334,-0.01747608,1.000207,-0.2219837,-0.05121943,1.000247,-0.1207721,-0.03434752,1.000227,0.03228617,-0.01402609,-0.9993802,0,-0.04077955,0.9990504,-0.01533889,0,-0.9986464,-0.04124951,-0.0316835,0,-0.9767501,-1.709764,-1.054494,1,0.03228614,-0.04077955,-0.9986464,0,-0.01402609,0.9990504,-0.04124951,0,-0.9993802,-0.01533889,-0.03168353,0,-1.046286,1.652134,-1.079365,1,1.0,1.0,-0.1204271,-0.02990677,0.9922716,0.002746514,-0.003673027,-0.01751714,35.32222,2155
6,-0.01955269,-0.01756639,1.00001,-0.2218983,-0.05002027,1.000029,-0.1207248,-0.03379318,1.000019,0.03234696,-0.0138394,-0.9993809,0,-0.04080395,0.9990522,-0.01515555,0,-0.9986435,-0.04126893,-0.03175157,0,-0.9766351,-1.709567,-1.054877,1,0.03234693,-0.04080395,-0.9986433,0,-0.0138394,0.9990523,-0.04126892,0,-0.9993808,-0.01515555,-0.0317516,0,-1.046292,1.652109,-1.079356,1,1.0,1.0,-0.1204081,-0.02937312,0.9922898,0.002746514,-0.003673027,-0.01751565,35.33334,2156
6,-0.02034372,-0.01772578,1.00022,-0.2216726,-0.05229654,1.000304,-0.1210053,-0.03501051,1.000262,0.03273052,-0.01364153,-0.9993711,0,-0.04061716,0.9990627,-0.01496758,0,-0.9986386,-0.04108151,-0.0321458,0,-0.976574,-1.709218,-1.05581,1,0.03273056,-0.04061716,-0.9986386,0,-0.01364153,0.9990627,-0.04108151,0,-0.9993711,-0.01496758,-0.03214576,0,-1.046499,1.652147,-1.079402,1,1.0,1.0,-0.1206462,-0.03055098,0.9922253,0.002747909,-0.00367305,-0.01751504,35.34444,2157
6,-0.02116385,-0.01788004,1.000101,-0.2219334,-0.05079938,1.000117,-0.1215483,-0.03433952,1.000109,0.032619,-0.01341402,-0.9993778,0,-0.04042375,0.999074,-0.01472935,0,-0.9986501,-0.04087906,-0.03204656,0,-0.9769703,-1.708745,-1.056231,1,0.032619,-0.04042375,-0.99865,0,-0.01341402,0.999074,-0.04087906,0,-0.9993778,-0.01472934,-0.03204655,0,-1.046627,1.652112,-1.079352,1,1.0,1.0,-0.1211891,-0.0299007,0.992179,0.002749054,-0.00367247,-0.01751685,35.36667,2158
6,-0.02172593,-0.0185185,1.000105,-0.2223607,-0.04923271,1.000102,-0.1220434,-0.03387549,1.000103,0.0326314,-0.01358555,-0.9993752,0,-0.0404837,0.999069,-0.01490326,0,-0.9986473,-0.04094472,-0.03205103,0,-0.9768292,-1.709009,-1.056054,1,0.0326314,-0.0404837,-0.9986472,0,-0.01358555,0.999069,-0.04094472,0,-0.9993751,-0.01490326,-0.03205102,0,-1.046736,1.652134,-1.07933,1,1.0,1.0,-0.121667,-0.0294476,0.992134,0.002749054,-0.003671829,-0.01751694,35.37778,2159
6,-0.02175231,-0.01898406,1.000007,-0.2223644,-0.04915096,1.000038,-0.1220572,-0.03406717,1.000022,0.03282207,-0.01385309,-0.9993652,0,-0.04018397,0.9990771,-0.01516885,0,-0.9986531,-0.04065633,-0.03223515,0,-0.9771529,-1.709008,-1.05581,1,0.0328221,-0.04018397,-0.9986531,0,-0.01385309,0.9990771,-0.04065633,0,-0.9993652,-0.01516885,-0.03223511,0,-1.046743,1.652149,-1.079353,1,1.0,1.0,-0.1216895,-0.02963645,0.9921257,0.002749054,-0.003671791,-0.01751485,35.38889,2160
6,-0.02245713,-0.0192333,0.9999882,-0.2223656,-0.04916687,1.000044,-0.1224095,-0.03419977,1.000016,0.03314793,-0.01394176,-0.9993533,0,-0.04013597,0.9990776,-0.0152692,0,-0.9986444,-0.04061616,-0.03255779,0,-0.9769773,-1.709104,-1.055802,1,0.03314793,-0.04013597,-0.9986442,0,-0.01394176,0.9990776,-0.04061615,0,-0.9993532,-0.0152692,-0.03255778,0,-1.046563,1.652194,-1.079444,1,1.0,1.0,-0.1220266,-0.02976455,0.9920805,0.002747293,-0.003671448,-0.01751326,35.41111,2161
6,-0.0227552,-0.01922001,0.9999891,-0.2224169,-0.04891511,1.00006,-0.1225836,-0.0340671,1.000024,0.0333817,-0.01298016,-0.9993584,0,-0.03999636,0.9990973,-0.01431277,0,-0.998642,-0.04044848,-0.03283244,0,-0.9769792,-1.707918,-1.057398,1,0.03338174,-0.03999635,-0.998642,0,-0.01298016,0.9990973,-0.04044848,0,-0.9993584,-0.01431277,-0.03283241,0,-1.046276,1.652166,-1.079452,1,1.0,1.0,-0.1221926,-0.02963332,0.9920639,0.002746391,-0.003672562,-0.01751189,35.43333,2162
6,-0.02287325,-0.01903258,0.999873,-0.2234504,-0.04938895,0.9998664,-0.1231621,-0.03421084,0.9998698,0.03334302,-0.01290207,-0.9993607,0,-0.04032683,0.999085,-0.01424399,0,-0.99863,-0.04077599,-0.03279221,0,-0.9764421,-1.708067,-1.057344,1,0.03334302,-0.04032684,-0.99863,0,-0.01290207,0.9990849,-0.04077599,0,-0.9993606,-0.01424399,-0.03279221,0,-1.046148,1.652066,-1.079425,1,1.0,1.0,-0.1227656,-0.02977611,0.9919889,0.002746263,-0.003672844,-0.01751216,35.44445,2163
6,-0.02318001,-0.01948668,1.000035,-0.2241543,-0.04977784,1.000004,-0.123668,-0.03463254,1.000019,0.03309381,-0.01241933,-0.9993752,0,-0.04105712,0.9990618,-0.01377502,0,-0.9986086,-0.04148734,-0.03255284,0,-0.9754583,-1.708289,-1.057868,1,0.03309378,-0.04105712,-0.9986085,0,-0.01241933,0.9990619,-0.04148734,0,-0.999375,-0.01377502,-0.03255286,0,-1.046141,1.652065,-1.07941,1,1.0,1.0,-0.1232316,-0.03018234,0.9919188,0.002745606,-0.003671097,-0.01751393,35.46667,2164
6,-0.02325644,-0.02039907,0.9999917,-0.2242878,-0.05002799,0.9999992,-0.1237718,-0.03521346,0.9999955,0.03309697,-0.01215409,-0.9993782,0,-0.04135748,0.9990529,-0.0135198,0,-0.9985961,-0.04177923,-0.03256297,0,-0.974946,-1.708307,-1.05829,1,0.03309698,-0.04135748,-0.9985961,0,-0.01215409,0.9990529,-0.04177922,0,-0.9993782,-0.0135198,-0.03256296,0,-1.046128,1.65206,-1.07941,1,1.0,1.0,-0.1233312,-0.03075306,0.991889,0.00274501,-0.003666291,-0.01751419,35.47778,2165
6,-0.02355343,-0.02080252,0.999979,-0.2247688,-0.05002942,0.9999387,-0.1241624,-0.0354162,0.9999588,0.03284103,-0.01170747,-0.999392,0,-0.04185427,0.9990381,-0.0130787,0,-0.9985839,-0.04225835,-0.03231943,0,-0.9743873,-1.708304,-1.058747,1,0.03284102,-0.04185427,-0.9985838,0,-0.01170747,0.9990381,-0.04225834,0,-0.999392,-0.0130787,-0.03231943,0,-1.046103,1.652032,-1.079416,1,1.0,1.0,-0.1237097,-0.03095088,0.9918356,0.002744667,-0.003665604,-0.01751337,35.48889,2166
6,-0.02377256,-0.02075754,0.9999978,-0.2259386,-0.0499483,0.9999731,-0.1248562,-0.03535306,0.9999854,0.03256148,-0.0106512,-0.9994129,0,-0.04197601,0.9990464,-0.01201489,0,-0.9985878,-0.04234259,-0.03208333,0,-0.9744748,-1.707262,-1.060137,1,0.03256148,-0.041976,-0.9985879,0,-0.0106512,0.9990463,-0.04234259,0,-0.9994131,-0.01201489,-0.03208334,0,-1.045968,1.651992,-1.079401,1,1.0,1.0,-0.1243725,-0.03088382,0.9917548,0.002744126,-0.003667817,-0.01751015,35.51111,2167
6,-0.02354656,-0.02012074,0.999873,-0.2259013,-0.04957555,0.9997885,-0.1247266,-0.03484855,0.9998307,0.03211194,-0.01045201,-0.9994297,0,-0.04173716,0.9990591,-0.01178917,0,-0.9986125,-0.04209192,-0.03164548,0,-0.9753379,-1.70675,-1.059934,1,0.03211193,-0.04173716,-0.9986124,0,-0.01045202,0.9990591,-0.04209192,0,-0.9994296,-0.01178916,-0.03164548,0,-1.045848,1.65194,-1.079367,1,1.0,1.0,-0.1242682,-0.03039603,0.991783,0.002744111,-0.003669525,-0.01751368,35.52222,2168
6,-0.02293388,-0.02101151,1.000084,-0.2268731,-0.0496105,1.000046,-0.1249049,-0.03531112,1.000065,0.03183222,-0.01040529,-0.9994392,0,-0.04106329,0.9990879,-0.0117095,0,-0.9986495,-0.04141299,-0.03137589,0,-0.9767189,-1.705957,-1.059855,1,0.03183218,-0.04106328,-0.9986492,0,-0.01040529,0.9990879,-0.04141299,0,-0.9994389,-0.0117095,-0.0313759,0,-1.04592,1.651884,-1.079302,1,1.0,1.0,-0.1244085,-0.03083845,0.9917517,0.00274302,-0.003670105,-0.01751221,35.54445,2169
6,-0.02303302,-0.02077918,1.000161,-0.2263649,-0.05081034,1.000163,-0.1246988,-0.035795,1.000162,0.03188336,-0.01070266,-0.9994344,0,-0.04089449,0.9990914,-0.01200359,0,-0.9986547,-0.04125408,-0.03141671,0,-0.976963,-1.706257,-1.059574,1,0.03188336,-0.04089449,-0.9986545,0,-0.01070267,0.9990914,-0.04125407,0,-0.9994343,-0.01200358,-0.0314167,0,-1.046087,1.652036,-1.079327,1,1.0,1.0,-0.1241969,-0.0313104,0.9917635,0.00274302,-0.003666168,-0.0175129,35.55556,2170
6,-0.02296712,-0.01999555,1.000133,-0.2256937,-0.04832745,1.000118,-0.124331,-0.03416159,1.000126,0.0318346,-0.01091502,-0.9994335,0,-0.04060584,0.9991007,-0.01220478,0,-0.998668,-0.04097137,-0.03136277,0,-0.9774613,-1.706158,-1.059321,1,0.03183462,-0.04060584,-0.9986681,0,-0.01091502,0.9991007,-0.04097138,0,-0.9994336,-0.01220479,-0.03136277,0,-1.046226,1.652004,-1.079286,1,1.0,1.0,-0.1238542,-0.02972562,0.9918551,0.002743126,-0.003662956,-0.01751498,35.56667,2171
6,-0.02210213,-0.0195716,1.000036,-0.2254442,-0.04589982,1.000113,-0.1237705,-0.03273543,1.000074,0.03240907,-0.01135904,-0.9994102,0,-0.0404649,0.9991007,-0.01266773,0,-0.9986552,-0.04085158,-0.03192025,0,-0.977047,-1.706615,-1.059107,1,0.03240905,-0.0404649,-0.9986552,0,-0.01135904,0.9991006,-0.04085157,0,-0.9994102,-0.01266773,-0.03192028,0,-1.046203,1.652128,-1.079258,1,1.0,1.0,-0.1233278,-0.02834079,0.9919612,0.002743782,-0.003662048,-0.01751754,35.58889,2172
6,-0.02202408,-0.01935383,1.000075,-0.2262078,-0.04718836,1.000171,-0.1241127,-0.03327055,1.000123,0.03294313,-0.01182012,-0.9993874,0,-0.04050377,0.9990928,-0.01315178,0,-0.9986362,-0.04091222,-0.03243446,0,-0.9763284,-1.707127,-1.05891,1,0.0329431,-0.04050377,-0.9986361,0,-0.01182012,0.9990928,-0.04091221,0,-0.9993872,-0.01315177,-0.03243448,0,-1.046276,1.652107,-1.079184,1,1.0,1.0,-0.1236481,-0.02886928,0.991906,0.002745003,-0.00365213,-0.01753091,35.6,2173
6,-0.02162091,-0.02212536,1.000123,-0.223863,-0.04587308,1.000158,-0.1227407,-0.03399911,1.00014,0.03365815,-0.01226548,-0.9993582,0,-0.04101846,0.9990652,-0.01364338,0,-0.9985913,-0.04145135,-0.03312355,0,-0.9746433,-1.708193,-1.05901,1,0.03365812,-0.04101846,-0.9985912,0,-0.01226548,0.9990653,-0.04145135,0,-0.9993581,-0.01364338,-0.03312357,0,-1.046477,1.652169,-1.079155,1,1.0,1.0,-0.1223299,-0.02959679,0.9920481,0.002749978,-0.003637673,-0.01753942,35.62222,2174
6,-0.02138526,-0.02108219,1.000136,-0.2235346,-0.04514394,1.000202,-0.1224575,-0.03311272,1.000169,0.0339126,-0.0116308,-0.9993572,0,-0.0410403,0.9990727,-0.01302017,0,-0.9985819,-0.04145546,-0.03340381,0,-0.9743668,-1.707574,-1.060457,1,0.03391259,-0.0410403,-0.9985818,0,-0.0116308,0.9990727,-0.04145546,0,-0.999357,-0.01302016,-0.03340381,0,-1.046593,1.652195,-1.079196,1,1.0,1.0,-0.1220595,-0.02873361,0.9921069,0.002753342,-0.00363736,-0.01755368,35.63334,2175
6,-0.0214113,-0.02109611,1.00004,-0.2235219,-0.04510633,1.000053,-0.1224661,-0.0331012,1.000046,0.03425211,-0.01171559,-0.9993445,0,-0.04118409,0.9990654,-0.01312388,0,-0.9985643,-0.04160662,-0.0337376,0,-0.9738259,-1.707778,-1.060626,1,0.03425211,-0.0411841,-0.9985643,0,-0.01171559,0.9990655,-0.04160662,0,-0.9993446,-0.01312389,-0.0337376,0,-1.046583,1.652156,-1.079266,1,1.0,1.0,-0.1220821,-0.0287257,0.9921042,0.002753342,-0.00363736,-0.01755368,35.65556,2176
6,-0.02140959,-0.02109539,1.000012,-0.2239776,-0.0451372,0.999942,-0.1226959,-0.03311675,0.9999769,0.03393936,-0.01197853,-0.9993522,0,-0.04118023,0.9990622,-0.0133736,0,-0.9985752,-0.04160745,-0.03341424,0,-0.9742199,-1.708119,-1.059896,1,0.03393935,-0.04118023,-0.9985751,0,-0.01197854,0.9990622,-0.04160745,0,-0.999352,-0.01337359,-0.03341425,0,-1.046606,1.652224,-1.079318,1,1.0,1.0,-0.122311,-0.02874214,0.9920756,0.002753342,-0.00363736,-0.01755368,35.66667,2177
6,-0.02011775,-0.0224956,1.000043,-0.2241275,-0.0460916,1.000001,-0.122124,-0.03429366,1.000022,0.03380418,-0.01255961,-0.9993495,0,-0.04134493,0.9990475,-0.01395435,0,-0.9985729,-0.04178975,-0.03325272,0,-0.9741472,-1.708911,-1.058818,1,0.03380419,-0.04134493,-0.9985729,0,-0.01255961,0.9990476,-0.04178976,0,-0.9993496,-0.01395435,-0.0332527,0,-1.046662,1.652232,-1.079381,1,1.0,1.0,-0.1217522,-0.02988913,0.9921104,0.002753342,-0.00363736,-0.01755368,35.67778,2178
6,-0.01997918,-0.02277642,1.000071,-0.2236632,-0.04627276,0.9999841,-0.1218243,-0.03452495,1.000027,0.03309059,-0.01402824,-0.9993539,0,-0.04142292,0.9990231,-0.01539519,0,-0.9985936,-0.04190559,-0.03247714,0,-0.9748279,-1.710646,-1.055788,1,0.03309056,-0.04142292,-0.9985936,0,-0.01402824,0.9990231,-0.04190559,0,-0.999354,-0.01539519,-0.03247718,0,-1.046845,1.65234,-1.079432,1,1.0,1.0,-0.1214637,-0.03010965,0.992139,0.002753342,-0.003643776,-0.01754571,35.7,2179
6,-0.02087296,-0.02037806,1.00008,-0.225094,-0.04756057,0.9999964,-0.1229862,-0.03396996,1.000038,0.03276443,-0.01462413,-0.9993561,0,-0.04160631,0.9990062,-0.01598309,0,-0.9985967,-0.0421032,-0.03212339,0,-0.9749141,-1.711524,-1.054536,1,0.03276441,-0.04160631,-0.9985967,0,-0.01462413,0.9990062,-0.04210319,0,-0.9993561,-0.01598309,-0.03212342,0,-1.046944,1.652406,-1.079482,1,1.0,1.0,-0.1225737,-0.02955404,0.9920193,0.002745286,-0.003654877,-0.01753712,35.71111,2180
6,-0.02054995,-0.02097166,1.000069,-0.2257825,-0.04691996,1.000009,-0.1231681,-0.03394607,1.000039,0.03231007,-0.01568311,-0.999355,0,-0.04126861,0.9990032,-0.01701185,0,-0.9986256,-0.04179164,-0.03163064,0,-0.9759457,-1.712419,-1.052448,1,0.03231006,-0.04126861,-0.9986255,0,-0.01568312,0.9990032,-0.04179164,0,-0.9993547,-0.01701185,-0.03163064,0,-1.047092,1.652532,-1.079459,1,1.0,1.0,-0.1227454,-0.0295274,0.9919989,0.002740624,-0.00365799,-0.01752786,35.73333,2181
6,-0.0201494,-0.02091285,1.000158,-0.2248874,-0.04822156,1.00014,-0.1225191,-0.03456742,1.000149,0.03226727,-0.01598974,-0.9993515,0,-0.04136276,0.9989941,-0.01731956,0,-0.9986231,-0.04189479,-0.03157341,0,-0.975851,-1.712757,-1.052039,1,0.03226725,-0.04136276,-0.9986229,0,-0.01598975,0.9989941,-0.04189479,0,-0.9993513,-0.01731955,-0.03157343,0,-1.047255,1.652449,-1.079479,1,1.0,1.0,-0.1221049,-0.03012878,0.9920598,0.002738792,-0.003660889,-0.01752597,35.74445,2182
6,-0.02014707,-0.02094559,1.000116,-0.2258396,-0.05020834,1.000075,-0.1229948,-0.0355772,1.000095,0.03206074,-0.01591945,-0.9993592,0,-0.04149854,0.9989898,-0.01724489,0,-0.9986241,-0.04202483,-0.03136772,0,-0.9759071,-1.712882,-1.052067,1,0.03206074,-0.04149854,-0.998624,0,-0.01591945,0.9989897,-0.04202483,0,-0.9993591,-0.01724489,-0.03136772,0,-1.047372,1.65251,-1.079549,1,1.0,1.0,-0.122565,-0.03111078,0.9919727,0.002738792,-0.003662407,-0.01752175,35.75556,2183
6,-0.02019193,-0.0223365,1.000038,-0.2248025,-0.05178842,0.9999893,-0.1224989,-0.03706289,1.000014,0.03170186,-0.01598822,-0.9993694,0,-0.04215279,0.998961,-0.01731884,0,-0.9986081,-0.04267525,-0.03099495,0,-0.9752851,-1.713611,-1.051687,1,0.03170184,-0.0421528,-0.9986082,0,-0.01598822,0.9989611,-0.04267526,0,-0.9993696,-0.01731885,-0.03099498,0,-1.047503,1.652506,-1.079653,1,1.0,1.0,-0.1220933,-0.03255502,0.9919845,0.002738343,-0.003669602,-0.01751577,35.77778,2184
6,-0.02017865,-0.02202766,1.000076,-0.2248107,-0.0513657,1.000063,-0.1224952,-0.03669676,1.00007,0.03165203,-0.01606569,-0.9993697,0,-0.04217804,0.9989586,-0.01739494,0,-0.9986086,-0.04270205,-0.03094149,0,-0.9753315,-1.713739,-1.051582,1,0.03165207,-0.04217804,-0.9986086,0,-0.01606569,0.9989586,-0.04270205,0,-0.9993699,-0.01739495,-0.03094145,0,-1.047581,1.652525,-1.079692,1,1.0,1.0,-0.1220843,-0.03219484,0.9919975,0.002738343,-0.003671761,-0.01751577,35.78889,2185
6,-0.02002115,-0.02196579,1.000078,-0.2248233,-0.05001888,1.000095,-0.1224217,-0.03599244,1.000086,0.03178233,-0.01672818,-0.9993549,0,-0.04221611,0.9989452,-0.01806392,0,-0.9986029,-0.04276299,-0.03104258,0,-0.9752211,-1.714508,-1.050893,1,0.0317823,-0.04221611,-0.9986028,0,-0.01672819,0.9989452,-0.04276299,0,-0.9993548,-0.01806392,-0.0310426,0,-1.047901,1.652546,-1.079799,1,1.0,1.0,-0.1220151,-0.03150099,0.9920282,0.0027388,-0.003679253,-0.01751705,35.81111,2186
6,-0.0202666,-0.02429508,1.000238,-0.2262057,-0.05086654,1.000255,-0.1232356,-0.03758067,1.000246,0.03191882,-0.01717048,-0.999343,0,-0.04211932,0.9989411,-0.01850886,0,-0.9986026,-0.04268242,-0.03116179,0,-0.9752344,-1.714842,-1.05052,1,0.03191879,-0.04211932,-0.9986027,0,-0.01717048,0.9989412,-0.04268243,0,-0.9993429,-0.01850886,-0.03116182,0,-1.048146,1.652506,-1.079801,1,1.0,1.0,-0.1227719,-0.03303401,0.9918849,0.002739593,-0.003684693,-0.01751844,35.82222,2187
6,-0.02174167,-0.02406306,1.000111,-0.2255195,-0.05138047,1.000182,-0.1236281,-0.03772131,1.000147,0.03231084,-0.01748534,-0.9993249,0,-0.04211029,0.9989353,-0.01884006,0,-0.9985904,-0.0426906,-0.03154016,0,-0.974849,-1.715242,-1.050472,1,0.03231087,-0.04211029,-0.9985904,0,-0.01748534,0.9989353,-0.0426906,0,-0.9993249,-0.01884006,-0.03154013,0,-1.048256,1.652573,-1.079832,1,1.0,1.0,-0.1231612,-0.0331714,0.9918321,0.002741386,-0.003685951,-0.01752288,35.83334,2188
6,-0.02204062,-0.02380061,1.000171,-0.2252958,-0.0514604,1.000218,-0.1236668,-0.03763014,1.000195,0.03267813,-0.01728223,-0.9993166,0,-0.04228375,0.9989314,-0.01865828,0,-0.9985712,-0.04286458,-0.03191245,0,-0.9740593,-1.715118,-1.051415,1,0.03267811,-0.04228375,-0.9985709,0,-0.01728223,0.9989314,-0.04286456,0,-0.9993163,-0.01865827,-0.03191244,0,-1.048506,1.652481,-1.079738,1,1.0,1.0,-0.1231945,-0.03308044,0.991831,0.002743401,-0.003685951,-0.01752742,35.85556,2189
6,-0.02203148,-0.02379666,1.0,-0.2252544,-0.05144981,1.0,-0.1236429,-0.03762312,1.0,0.03267813,-0.01728223,-0.9993166,0,-0.04228375,0.9989314,-0.01865828,0,-0.9985712,-0.04286458,-0.03191245,0,-0.9740593,-1.715118,-1.051415,1,0.03267811,-0.04228375,-0.9985709,0,-0.01728223,0.9989314,-0.04286456,0,-0.9993163,-0.01865827,-0.03191244,0,-1.048506,1.652481,-1.079738,1,1.0,1.0,-0.1231945,-0.03308044,0.991831,0.002743401,-0.003685951,-0.01752742,35.86667,2190
