flag,xl,yl,zl,xr,yr,zr,xc,yc,zc,mat_00,mat_10,mat_20,mat_30,mat_01,mat_11,mat_21,mat_31,mat_02,mat_12,mat_22,mat_32,mat_03,mat_13,mat_23,mat_33,ctw_00,ctw_10,ctw_20,ctw_30,ctw_01,ctw_11,ctw_21,ctw_31,ctw_02,ctw_12,ctw_22,ctw_32,ctw_03,ctw_13,ctw_23,ctw_33,opennessl,opennessr,ray_x,ray_y,ray_z,eye_x,eye_y,eye_z,time,frame
6,-0.02798432,-0.06503789,0.999905,-0.2232699,-0.09914394,0.9998782,-0.125628,-0.08209111,0.9998915,-0.8279675,0.07294852,-0.5560111,0,0.002650265,0.9920008,0.1262037,0,-0.5607699,-0.103019,0.8215379,0,-1.230657,-1.664816,-0.04154983,1,-0.8279675,0.002650271,-0.5607698,0,0.07294849,0.9920008,-0.1030189,0,-0.556011,0.1262037,0.8215376,0,-0.9205999,1.660004,-0.8274878,1,1.0,1.0,-0.1263233,-0.07574072,0.9890934,0.004756927,-0.003915932,-0.02100404,34.18889,2058
6,-0.02703807,-0.06550971,0.999842,-0.1882339,0.3754577,0.9997472,-0.1076383,0.1549843,0.9997947,-0.8279116,0.07308382,-0.5560768,0,0.002631709,0.991969,0.1264539,0,-0.5608526,-0.1032292,0.821455,0,-1.230521,-1.6649,-0.04191643,1,-0.8279114,0.002631714,-0.5608525,0,0.0730838,0.991969,-0.1032292,0,-0.5560766,0.1264539,0.8214548,0,-0.9203942,1.660068,-0.8275748,1,1.0,1.0,-0.1081644,0.1537905,0.9821654,0.00484047,-0.004940735,-0.02154684,34.2,2059
6,-0.02704763,-0.06551941,1.0,-0.1882746,0.3755527,1.0,-0.1076611,0.1550164,1.0,-0.8279116,0.07308382,-0.5560768,0,0.002631709,0.991969,0.1264539,0,-0.5608526,-0.1032292,0.821455,0,-1.230521,-1.6649,-0.04191643,1,-0.8279114,0.002631714,-0.5608525,0,0.0730838,0.991969,-0.1032292,0,-0.5560766,0.1264539,0.8214548,0,-0.9203942,1.660068,-0.8275748,1,1.0,1.0,-0.1081644,0.1537905,0.9821654,0.00484047,-0.004940735,-0.02154684,34.21111,2060
6,-0.02373171,-0.06499898,0.999771,-0.2170125,-0.09177034,0.9998389,-0.1203699,-0.07838426,0.9998048,-0.8276656,0.07306567,-0.5564453,0,0.002741259,0.9920035,0.1261805,0,-0.5612151,-0.1029099,0.8212475,0,-1.230641,-1.664732,-0.04165408,1,-0.8276654,0.00274127,-0.561215,0,0.07306565,0.9920036,-0.1029099,0,-0.5564451,0.1261805,0.8212472,0,-0.9201025,1.66005,-0.8277632,1,1.0,1.0,-0.1213351,-0.07225142,0.9899785,0.004762886,-0.003871857,-0.02115874,34.23333,2061
6,-0.02368405,-0.06493571,1.00006,-0.2220088,-0.09914188,1.000116,-0.1228443,-0.08203838,1.000088,-0.8275061,0.07329018,-0.556653,0,0.002898701,0.9919881,0.1262982,0,-0.5614495,-0.102899,0.8210887,0,-1.231038,-1.664457,-0.04221827,1,-0.8275058,0.002898717,-0.5614493,0,0.07329015,0.9919881,-0.1028989,0,-0.5566528,0.1262982,0.8210883,0,-0.9202037,1.660022,-0.8277714,1,1.0,1.0,-0.1236375,-0.07573409,0.9894332,0.004757332,-0.003876694,-0.02106979,34.24445,2062
6,-0.02394995,-0.06442211,1.000125,-0.2228709,-0.09926277,1.000145,-0.1234097,-0.08184219,1.000135,-0.8274754,0.07317609,-0.5567136,0,0.002680872,0.9919753,0.1264035,0,-0.5614958,-0.1031033,0.8210315,0,-1.230787,-1.664581,-0.04261166,1,-0.8274751,0.002680861,-0.5614957,0,0.07317607,0.9919752,-0.1031033,0,-0.5567133,0.1264035,0.821031,0,-0.9203607,1.659909,-0.8277199,1,1.0,1.0,-0.1241757,-0.07553308,0.9893811,0.00475776,-0.003881218,-0.0210529,34.25556,2063
6,-0.02398121,-0.06545581,1.000085,-0.2232547,-0.1045091,1.000017,-0.1236204,-0.08498316,1.000051,-0.8277653,0.07359254,-0.5562273,0,0.00288593,0.9919061,0.1269409,0,-0.5610672,-0.1034721,0.8212779,0,-1.231236,-1.664153,-0.04279143,1,-0.8277652,0.002885928,-0.5610671,0,0.07359253,0.991906,-0.103472,0,-0.5562273,0.1269409,0.8212777,0,-0.9205066,1.659668,-0.8278554,1,1.0,1.0,-0.1243589,-0.07856186,0.9891223,0.0047577,-0.003881981,-0.0210398,34.28889,2064
6,-0.02395758,-0.06542921,0.9996644,-0.2231772,-0.1044694,0.9996171,-0.123569,-0.08494968,0.9996408,-0.8279212,0.07375237,-0.5559744,0,0.002952468,0.9918753,0.1271799,0,-0.5608371,-0.1036534,0.8214122,0,-1.231237,-1.664208,-0.04249915,1,-0.8279209,0.002952467,-0.5608369,0,0.07375236,0.9918752,-0.1036534,0,-0.5559742,0.1271798,0.821412,0,-0.9202558,1.659727,-0.8281146,1,1.0,1.0,-0.1243589,-0.07856186,0.9891223,0.0047577,-0.003881981,-0.0210398,34.3,2065
6,-0.02365452,-0.06528389,0.9998603,-0.223246,-0.1044727,0.999808,-0.1234521,-0.0848787,0.9998342,-0.8280636,0.07402019,-0.5557265,0,0.003224079,0.9918581,0.1273069,0,-0.5606251,-0.1036265,0.8215603,0,-1.231674,-1.663897,-0.04221758,1,-0.8280634,0.003224071,-0.560625,0,0.07402019,0.9918581,-0.1036265,0,-0.5557264,0.1273068,0.8215601,0,-0.9202034,1.659696,-0.8282465,1,1.0,1.0,-0.124225,-0.07847966,0.9891456,0.004757607,-0.00388176,-0.02104137,34.31111,2066
6,-0.02432609,-0.06558017,1.000057,-0.1912092,0.3749977,1.000008,-0.107769,0.154714,1.000033,-0.8283216,0.07399307,-0.5553455,0,0.003294278,0.9918664,0.1272406,0,-0.5602435,-0.1035667,0.8218281,0,-1.231934,-1.663752,-0.0416078,1,-0.8283214,0.003294291,-0.5602433,0,0.07399305,0.9918665,-0.1035667,0,-0.5553453,0.1272406,0.8218278,0,-0.9204378,1.659572,-0.8282974,1,1.0,1.0,-0.1082616,0.1534995,0.9822003,0.004832704,-0.004939949,-0.02154488,34.32222,2067
6,-0.02494285,-0.06556923,0.9998484,-0.2050463,0.1214288,0.9997833,-0.1149965,0.02793275,0.9998158,-0.8286231,0.0741356,-0.5548763,0,0.003362086,0.9918334,0.1274955,0,-0.5597968,-0.1037802,0.8221054,0,-1.231822,-1.663902,-0.04076481,1,-0.8286231,0.003362085,-0.5597969,0,0.07413559,0.9918334,-0.1037802,0,-0.5548763,0.1274955,0.8221053,0,-0.9199813,1.659653,-0.8287372,1,1.0,1.0,-0.1164285,0.03140244,0.9927025,0.00477314,-0.004371087,-0.02137401,34.34444,2068
6,-0.02619475,-0.06627002,0.9996448,-0.2073005,0.4693747,0.9995431,-0.1167506,0.2015659,0.9995937,-0.8287084,0.07398021,-0.5547698,0,0.00309062,0.9918151,0.1276448,0,-0.5596722,-0.1040657,0.8221542,0,-1.23126,-1.664376,-0.04051167,1,-0.8287083,0.003090618,-0.5596721,0,0.07398021,0.9918151,-0.1040657,0,-0.5547697,0.1276448,0.822154,0,-0.9196988,1.65973,-0.8289993,1,1.0,1.0,-0.1159399,0.1972774,0.9734679,0.004806915,-0.005270386,-0.02104311,34.35556,2069
6,-0.02691448,-0.0656741,0.9998683,-0.2095344,0.1586357,0.9997587,-0.1182278,0.04648675,0.9998133,-0.8288077,0.07388249,-0.5546345,0,0.002735291,0.9917672,0.1280252,0,-0.559527,-0.1045912,0.8221864,0,-1.230633,-1.664824,-0.04083824,1,-0.8288075,0.002735302,-0.5595269,0,0.07388248,0.991767,-0.1045912,0,-0.5546343,0.1280252,0.8221861,0,-0.9196073,1.659712,-0.8291218,1,1.0,1.0,-0.1194661,0.04957194,0.9916,0.004772042,-0.004551598,-0.02111762,34.37778,2070
6,-0.02788603,-0.06684777,0.9994637,-0.1845924,0.3750615,0.9993485,-0.1062421,0.1541196,0.9994061,-0.8285798,0.07438657,-0.5549076,0,0.002859112,0.9916836,0.1286682,0,-0.5598639,-0.1050253,0.8219016,0,-1.230714,-1.664744,-0.04154843,1,-0.8285797,0.002859122,-0.5598637,0,0.07438654,0.9916835,-0.1050253,0,-0.5549074,0.1286682,0.8219014,0,-0.9189653,1.659764,-0.8297234,1,1.0,1.0,-0.1068943,0.1530953,0.9824131,0.004832077,-0.004962258,-0.02142066,34.4,2071
6,-0.02834094,-0.06941265,0.999884,-0.1864136,0.3713988,0.9997863,-0.1073796,0.1510038,0.9998353,-0.8283207,0.07460667,-0.5552647,0,0.002804354,0.9916335,0.1290548,0,-0.5602474,-0.1053416,0.8215998,0,-1.230724,-1.664725,-0.04261214,1,-0.8283204,0.002804346,-0.5602473,0,0.07460665,0.9916335,-0.1053416,0,-0.5552645,0.1290548,0.8215995,0,-0.9188955,1.659748,-0.8298645,1,1.0,1.0,-0.1079936,0.1501286,0.9827507,0.004830391,-0.004986794,-0.0212873,34.41111,2072
6,-0.02990627,-0.0695838,1.000017,-0.2128466,-0.1038963,1.000084,-0.1213742,-0.08673959,1.000051,-0.8281101,0.07501566,-0.5555236,0,0.003132328,0.9916092,0.1292336,0,-0.5605569,-0.1052796,0.8213966,0,-1.231367,-1.664114,-0.04331025,1,-0.8281099,0.003132331,-0.5605568,0,0.07501565,0.9916093,-0.1052795,0,-0.5555235,0.1292336,0.8213964,0,-0.9189324,1.659605,-0.8298732,1,1.0,1.0,-0.1221566,-0.08035358,0.9892527,0.004744209,-0.003780373,-0.02128835,34.42222,2073
6,-0.02950668,-0.06946871,0.9999611,-0.2119106,0.1173467,0.9999648,-0.1207086,0.02393888,0.9999629,-0.8278586,0.0753154,-0.555858,0,0.003160704,0.9915558,0.1296425,0,-0.5609283,-0.1055687,0.821106,0,-1.23149,-1.664001,-0.04445639,1,-0.8278583,0.003160702,-0.5609281,0,0.07531539,0.9915558,-0.1055687,0,-0.5558579,0.1296425,0.8211058,0,-0.9188861,1.659606,-0.8299406,1,1.0,1.0,-0.1219135,0.02756178,0.9921579,0.004758912,-0.004426766,-0.02111856,34.43333,2074
6,-0.02717674,-0.06961048,0.9998602,-0.1885885,0.3748294,0.9996295,-0.1078885,0.152635,0.999745,-0.8277854,0.07530788,-0.5559678,0,0.002498791,0.9914355,0.1305731,0,-0.5610394,-0.1066973,0.8208841,0,-1.230412,-1.664744,-0.04584461,1,-0.8277853,0.002498807,-0.5610393,0,0.07530786,0.9914355,-0.1066972,0,-0.5559676,0.1305731,0.8208838,0,-0.9186366,1.659547,-0.8302999,1,1.0,1.0,-0.1084507,0.1516175,0.9824716,0.004832261,-0.004952767,-0.0214111,34.45555,2075
6,-0.02684507,-0.06871587,0.9999104,-0.2122935,0.1612464,0.9997668,-0.1195738,0.04627345,0.9998386,-0.8278828,0.07525927,-0.5558294,0,0.002104845,0.9913675,0.131096,0,-0.5608974,-0.1073622,0.8208944,0,-1.229782,-1.665184,-0.04645374,1,-0.8278826,0.002104847,-0.5608973,0,0.07525926,0.9913675,-0.1073622,0,-0.5558293,0.131096,0.8208944,0,-0.9186149,1.659488,-0.8304254,1,1.0,1.0,-0.120751,0.04933774,0.991456,0.004772461,-0.004533318,-0.02113838,34.46667,2076
6,-0.02714843,-0.07001589,0.9998916,-0.1877349,0.3743634,0.9996065,-0.1074487,0.1522051,0.9997491,-0.8285382,0.07524574,-0.5548537,0,0.001520362,0.991228,0.1321538,0,-0.5599306,-0.1086509,0.8213847,0,-1.228712,-1.66607,-0.04655349,1,-0.8285381,0.001520364,-0.5599305,0,0.07524574,0.9912281,-0.1086509,0,-0.5548537,0.1321538,0.8213847,0,-0.9185008,1.659475,-0.8307751,1,1.0,1.0,-0.1080185,0.1511364,0.9825934,0.004829796,-0.004892387,-0.02159634,34.48889,2077
6,-0.02623573,-0.06996398,0.9998785,-0.2050418,-0.08023395,0.9998031,-0.1156409,-0.07509907,0.9998407,-0.8287884,0.0753637,-0.5544642,0,0.00150311,0.9911849,0.1324768,0,-0.5595605,-0.1089618,0.8215959,0,-1.22869,-1.666103,-0.04642296,1,-0.8287881,0.001503124,-0.5595602,0,0.07536369,0.991185,-0.1089617,0,-0.5544639,0.1324767,0.8215955,0,-0.9184998,1.659413,-0.8309267,1,1.0,1.0,-0.1168057,-0.06918378,0.9907422,0.004769112,-0.003780647,-0.02147248,34.5,2078
6,-0.02527612,-0.07017814,0.9998637,-0.2156832,-0.09978068,0.9997411,-0.1204835,-0.08498019,0.9998025,-0.8291705,0.07533103,-0.553897,0,0.001444686,0.9911636,0.1326375,0,-0.5589942,-0.1091788,0.8219525,0,-1.228542,-1.666284,-0.04574084,1,-0.8291703,0.001444705,-0.558994,0,0.07533101,0.9911636,-0.1091788,0,-0.5538968,0.1326375,0.8219521,0,-0.9184831,1.659402,-0.8310735,1,1.0,1.0,-0.1213602,-0.07868839,0.9894846,0.004750428,-0.00378019,-0.02126872,34.51111,2079
6,-0.02677721,-0.07188194,0.9997511,-0.2183373,-0.100408,0.9996196,-0.1225616,-0.0861458,0.9996853,-0.8298078,0.07558838,-0.5529065,0,0.001784198,0.9911383,0.1328218,0,-0.5580465,-0.10923,0.822589,0,-1.228881,-1.666099,-0.0441438,1,-0.8298078,0.001784192,-0.5580466,0,0.07558837,0.9911383,-0.10923,0,-0.5529064,0.1328218,0.8225892,0,-0.9182042,1.65939,-0.8314484,1,1.0,1.0,-0.1233462,-0.07980394,0.9891496,0.004740953,-0.003782166,-0.02119147,34.54445,2080
6,-0.02678677,-0.07189239,0.9999133,-0.2184018,-0.1004394,0.9999588,-0.1225927,-0.08616566,0.999936,-0.8296659,0.07552774,-0.5531276,0,0.001758117,0.9911544,0.1327017,0,-0.5582576,-0.1091256,0.8224598,0,-1.228879,-1.666067,-0.04417032,1,-0.8296658,0.001758125,-0.5582575,0,0.07552772,0.9911545,-0.1091256,0,-0.5531276,0.1327017,0.8224597,0,-0.9181563,1.659352,-0.831513,1,1.0,1.0,-0.1233462,-0.07980394,0.9891496,0.004740953,-0.003782166,-0.02119147,34.55556,2081
6,-0.02686819,-0.07200538,0.9999501,-0.2191168,-0.09943026,1.000005,-0.1229906,-0.08571733,0.9999776,-0.8295704,0.07547386,-0.5532784,0,0.001366857,0.9910952,0.1331479,0,-0.5584009,-0.1096993,0.8222865,0,-1.228258,-1.666524,-0.0451045,1,-0.8295701,0.001366867,-0.5584006,0,0.07547384,0.9910952,-0.1096993,0,-0.5532782,0.1331479,0.8222861,0,-0.9181024,1.659369,-0.8315878,1,1.0,1.0,-0.1237249,-0.07936507,0.9891376,0.004740776,-0.00378302,-0.0211915,34.56667,2082
6,-0.02738214,-0.06961876,1.000022,-0.2217238,-0.09863656,1.00009,-0.1245508,-0.08412702,1.000056,-0.8293965,0.07531479,-0.5535606,0,0.001102131,0.9910897,0.1331916,0,-0.5586596,-0.1098585,0.8220893,0,-1.227989,-1.666722,-0.04560888,1,-0.8293963,0.001102129,-0.5586594,0,0.07531478,0.9910896,-0.1098585,0,-0.5535606,0.1331916,0.8220892,0,-0.9182076,1.659299,-0.8316364,1,1.0,1.0,-0.1252116,-0.07781272,0.9890739,0.004733804,-0.00378376,-0.02119029,34.57778,2083
6,-0.0268487,-0.06844495,0.9999253,-0.2011925,0.1305477,0.9998932,-0.1140216,0.03105315,0.9999092,-0.8289275,0.07537805,-0.5542539,0,0.0005894937,0.9909956,0.1338929,0,-0.5593558,-0.1106608,0.8215079,0,-1.227295,-1.667183,-0.04768869,1,-0.8289275,0.0005894913,-0.5593557,0,0.07537806,0.9909957,-0.1106608,0,-0.5542539,0.1338929,0.821508,0,-0.9181012,1.65928,-0.8318098,1,1.0,1.0,-0.1154837,0.03441744,0.992713,0.004782181,-0.004354317,-0.0213431,34.6,2084
6,-0.02663907,-0.06826121,1.000005,-0.1996525,0.1296465,1.000025,-0.1131451,0.03069165,1.000015,-0.8286035,0.0756615,-0.5546995,0,0.0005849563,0.9909417,0.1342915,0,-0.5598355,-0.11095,0.8211421,0,-1.227388,-1.667069,-0.04902583,1,-0.8286035,0.0005849449,-0.5598356,0,0.0756615,0.9909417,-0.11095,0,-0.5546995,0.1342915,0.8211421,0,-0.91808,1.65927,-0.8318397,1,1.0,1.0,-0.1146451,0.03406264,0.9928223,0.004795952,-0.004350609,-0.02135117,34.61111,2085
6,-0.0247137,-0.06708305,0.9998702,-0.2152191,-0.09462044,0.9999467,-0.1199641,-0.0808512,0.9999084,-0.8281552,0.07578307,-0.5553524,0,0.0005518943,0.9909272,0.1343984,0,-0.5604989,-0.1109962,0.8206834,0,-1.227627,-1.666898,-0.05006599,1,-0.8281549,0.0005519118,-0.5604987,0,0.07578305,0.9909273,-0.1109962,0,-0.5553522,0.1343984,0.820683,0,-0.9181466,1.659181,-0.8320141,1,1.0,1.0,-0.120888,-0.07474265,0.9898483,0.004762581,-0.003735726,-0.02137023,34.63334,2086
6,-0.02492738,-0.06854955,0.9999558,-0.2231625,-0.09128404,0.9999665,-0.1240447,-0.07991686,0.9999613,-0.8281245,0.07584999,-0.5553886,0,0.0005926937,0.9909205,0.1344473,0,-0.5605438,-0.1110099,0.8206506,0,-1.22772,-1.666867,-0.05015868,1,-0.8281246,0.0005926933,-0.5605438,0,0.07585,0.9909205,-0.1110099,0,-0.5553886,0.1344473,0.8206506,0,-0.9181308,1.659204,-0.8320669,1,1.0,1.0,-0.1247844,-0.0737739,0.9894373,0.004750283,-0.003772164,-0.02127607,34.64444,2087
6,-0.02453893,-0.06982019,0.9999506,-0.2271378,-0.09042042,0.9999185,-0.1258394,-0.08012042,0.9999346,-0.8281208,0.07518827,-0.5554844,0,7.513911e-05,0.9909782,0.1340231,0,-0.5605498,-0.1109456,0.8206553,0,-1.226881,-1.667499,-0.04947066,1,-0.8281207,7.513847e-05,-0.5605497,0,0.07518826,0.9909782,-0.1109456,0,-0.5554842,0.1340231,0.8206552,0,-0.9181091,1.659178,-0.832131,1,1.0,1.0,-0.1264881,-0.07396119,0.989207,0.004740189,-0.003767235,-0.0212718,34.66667,2088
6,-0.0225144,-0.06998397,0.9996917,-0.2269161,-0.09009212,0.9996513,-0.1247168,-0.0800384,0.9996715,-0.8282331,0.07480584,-0.5553684,0,-9.526312e-05,0.9910313,0.1336299,0,-0.5603838,-0.1107296,0.8207979,0,-1.226466,-1.66791,-0.04814577,1,-0.8282331,-9.525398e-05,-0.5603837,0,0.07480583,0.9910313,-0.1107296,0,-0.5553683,0.1336299,0.8207977,0,-0.9177688,1.659267,-0.8324604,1,1.0,1.0,-0.12545,-0.07391098,0.9893429,0.004740189,-0.003766953,-0.0212718,34.7,2089
6,-0.02446219,-0.07024456,0.9999523,-0.2200484,-0.09110437,0.9999293,-0.122256,-0.08067466,0.9999408,-0.8283157,0.07479601,-0.5552466,0,-0.0001871437,0.9910116,0.1337761,0,-0.5602617,-0.1109127,0.8208565,0,-1.226314,-1.668021,-0.04817277,1,-0.8283154,-0.0001871452,-0.5602617,0,0.074796,0.9910116,-0.1109127,0,-0.5552465,0.1337761,0.8208564,0,-0.9177611,1.659243,-0.8325184,1,1.0,1.0,-0.1230655,-0.07452188,0.9895965,0.004739815,-0.003773087,-0.02126131,34.71111,2090
6,-0.02590016,-0.07023019,0.9998983,-0.2173416,-0.09770121,0.9998935,-0.121621,-0.08396582,0.9998959,-0.8283727,0.0748616,-0.5551527,0,-0.0003482439,0.9909611,0.1341494,0,-0.5601774,-0.111319,0.820859,0,-1.226041,-1.66822,-0.04857767,1,-0.8283726,-0.0003482473,-0.5601773,0,0.07486159,0.990961,-0.111319,0,-0.5551527,0.1341494,0.820859,0,-0.9177013,1.65923,-0.8326296,1,1.0,1.0,-0.1224401,-0.07770302,0.9894295,0.004739097,-0.003775864,-0.02121037,34.72222,2091
6,-0.02314919,-0.07146917,0.9999944,-0.2211642,-0.09713642,0.9999871,-0.1221569,-0.08430291,0.9999908,-0.8285029,0.07517286,-0.5549163,0,-0.0002837889,0.9908922,0.1346569,0,-0.5599849,-0.1117211,0.8209357,0,-1.226184,-1.668039,-0.0492118,1,-0.8285028,-0.0002837843,-0.5599847,0,0.07517286,0.9908923,-0.1117211,0,-0.5549163,0.1346569,0.8209357,0,-0.9178145,1.659125,-0.8326001,1,1.0,1.0,-0.1229223,-0.07801324,0.9893453,0.004723039,-0.003777962,-0.02120991,34.74445,2092
6,-0.0231089,-0.07142703,1.000061,-0.2213576,-0.09853709,0.9999998,-0.1222353,-0.08498246,1.000031,-0.8286813,0.07529838,-0.5546327,0,-0.0001875088,0.9908723,0.1348036,0,-0.5597206,-0.1118132,0.8211033,0,-1.226279,-1.667963,-0.04911309,1,-0.8286813,-0.0001874873,-0.5597206,0,0.07529836,0.9908723,-0.1118132,0,-0.5546326,0.1348035,0.8211032,0,-0.9178397,1.659129,-0.8325471,1,1.0,1.0,-0.1229841,-0.07866321,0.9892861,0.00472129,-0.003778358,-0.02120991,34.75556,2093
6,-0.02251548,-0.07282175,1.00002,-0.2202376,-0.09848768,1.000011,-0.1213771,-0.08565477,1.000015,-0.8287152,0.07546061,-0.5545603,0,0.000153359,0.9908993,0.1346053,0,-0.5596708,-0.1114644,0.8211849,0,-1.226902,-1.66751,-0.0486595,1,-0.828715,0.0001533706,-0.5596706,0,0.07546058,0.9908993,-0.1114644,0,-0.5545601,0.1346053,0.8211846,0,-0.9179053,1.659073,-0.8325706,1,1.0,1.0,-0.1221603,-0.07932003,0.9893357,0.004721329,-0.003777702,-0.02121123,34.77778,2094
6,-0.02141747,-0.07377566,0.9999962,-0.2203324,-0.09818618,1.000027,-0.1208738,-0.08598079,1.000012,-0.8286171,0.07545698,-0.5547073,0,0.0001964085,0.9909135,0.1345008,0,-0.5598161,-0.1113407,0.8211026,0,-1.227015,-1.667426,-0.04868948,1,-0.8286167,0.0001964127,-0.5598159,0,0.07545696,0.9909135,-0.1113407,0,-0.5547073,0.1345008,0.8211025,0,-0.9179149,1.659065,-0.832576,1,1.0,1.0,-0.121678,-0.07963861,0.9893696,0.004721489,-0.003778267,-0.02121123,34.78889,2095
6,-0.02164507,-0.07562093,1.000005,-0.2204165,-0.09750015,1.000005,-0.1210309,-0.0865605,1.000005,-0.8286079,0.07560755,-0.5547002,0,0.0003537014,0.9909087,0.1345359,0,-0.5598292,-0.1112813,0.8211015,0,-1.227368,-1.66725,-0.04874438,1,-0.828608,0.0003536944,-0.5598292,0,0.07560756,0.9909087,-0.1112813,0,-0.5547003,0.1345359,0.8211016,0,-0.9179891,1.659084,-0.8326265,1,1.0,1.0,-0.1218223,-0.08019301,0.989307,0.00472126,-0.00378064,-0.02121534,34.8,2096
6,-0.02255604,-0.07453246,1.000081,-0.2200913,-0.0971613,1.000119,-0.1213223,-0.08584677,1.0001,-0.8284698,0.07563366,-0.5549034,0,0.0002163239,0.9908817,0.1347348,0,-0.560034,-0.1115037,0.8209319,0,-1.227308,-1.667349,-0.04946828,1,-0.8284695,0.0002163289,-0.5600339,0,0.07563363,0.9908816,-0.1115036,0,-0.5549031,0.1347348,0.8209315,0,-0.9181295,1.659076,-0.8326392,1,1.0,1.0,-0.122095,-0.07948899,0.9893302,0.004721299,-0.00378756,-0.02122478,34.82222,2097
6,-0.02541673,-0.07396388,1.000114,-0.2200899,-0.09673058,1.00013,-0.1227528,-0.08534694,1.000122,-0.8284178,0.07549566,-0.5549996,0,0.0001656264,0.9909075,0.1345443,0,-0.5601108,-0.1113669,0.8208979,0,-1.227183,-1.667398,-0.04929972,1,-0.8284177,0.0001656323,-0.5601107,0,0.07549565,0.9909076,-0.1113669,0,-0.5549995,0.1345443,0.8208978,0,-0.9181001,1.659073,-0.8325812,1,1.0,1.0,-0.1234615,-0.07899275,0.9892004,0.004720764,-0.003787338,-0.02122376,34.85556,2098
6,-0.02526736,-0.07345271,1.000026,-0.2202309,-0.09668989,1.000019,-0.1227496,-0.08507136,1.000023,-0.8284672,0.07528251,-0.5549548,0,-0.0001394823,0.9908962,0.1346284,0,-0.5600378,-0.1116126,0.8209145,0,-1.226674,-1.667782,-0.0494056,1,-0.8284671,-0.0001394573,-0.5600375,0,0.07528248,0.9908962,-0.1116126,0,-0.5549546,0.1346284,0.8209142,0,-0.9181224,1.659079,-0.8325714,1,1.0,1.0,-0.1234728,-0.07873513,0.9892195,0.004721008,-0.003787338,-0.02122376,34.86667,2099
6,-0.02503657,-0.07267144,0.999892,-0.2193002,-0.0965682,0.9999018,-0.122168,-0.08461982,0.9998969,-0.8284347,0.07506452,-0.555033,0,-0.0002724901,0.9909241,0.1344226,0,-0.5600859,-0.1115116,0.8208954,0,-1.226362,-1.667999,-0.04905683,1,-0.8284345,-0.0002724889,-0.5600857,0,0.07506451,0.9909241,-0.1115116,0,-0.5550327,0.1344226,0.8208951,0,-0.9179808,1.65912,-0.8325981,1,1.0,1.0,-0.1229374,-0.07831524,0.9893195,0.004721008,-0.003787338,-0.02122376,34.87778,2100
6,-0.02509749,-0.0728125,1.000108,-0.2194154,-0.096569,1.000072,-0.1222577,-0.08469099,1.00009,-0.8286306,0.07513723,-0.5547304,0,-0.0002974756,0.990892,0.1346589,0,-0.5597959,-0.1117475,0.821061,0,-1.226303,-1.668067,-0.04917067,1,-0.8286306,-0.0002974698,-0.5597958,0,0.07513723,0.9908919,-0.1117475,0,-0.5547304,0.1346589,0.821061,0,-0.9180946,1.659131,-0.8325095,1,1.0,1.0,-0.1229991,-0.07836853,0.9893076,0.004720558,-0.003787338,-0.02122376,34.9,2101
6,-0.02489978,-0.0717826,0.9999992,-0.2197396,-0.09654425,0.9998829,-0.1223233,-0.08416408,0.9999411,-0.8289624,0.07526017,-0.5542176,0,-0.0001350418,0.9908785,0.1347587,0,-0.5593042,-0.1117847,0.8213909,0,-1.226453,-1.667971,-0.04859781,1,-0.8289626,-0.0001350384,-0.5593042,0,0.07526018,0.9908784,-0.1117847,0,-0.5542176,0.1347587,0.8213908,0,-0.9180852,1.65914,-0.8324959,1,1.0,1.0,-0.1230839,-0.07786983,0.9893365,0.004720185,-0.003789017,-0.02122369,34.92222,2102
6,-0.02427712,-0.07173364,1.000063,-0.2211461,-0.09677912,1.000021,-0.1227131,-0.08425657,1.000042,-0.8290733,0.07510474,-0.5540729,0,-0.0001724251,0.9909034,0.1345753,0,-0.5591398,-0.1116683,0.8215185,0,-1.226478,-1.66799,-0.04813555,1,-0.8290733,-0.000172443,-0.55914,0,0.07510474,0.9909033,-0.1116683,0,-0.5540729,0.1345753,0.8215187,0,-0.918237,1.659083,-0.8324904,1,1.0,1.0,-0.1234386,-0.07794642,0.9892862,0.004715835,-0.003790718,-0.02122335,34.93333,2103
6,-0.02108738,-0.07157765,1.000038,-0.2214209,-0.09679868,0.9999852,-0.121256,-0.08418839,1.000012,-0.8292292,0.07509931,-0.5538402,0,-0.0001993179,0.9908918,0.1346608,0,-0.5589086,-0.1117751,0.8216614,0,-1.226403,-1.66808,-0.04798234,1,-0.8292292,-0.0001993265,-0.5589086,0,0.07509933,0.9908917,-0.1117751,0,-0.5538403,0.1346608,0.8216615,0,-0.9182718,1.659103,-0.8324717,1,1.0,1.0,-0.12205,-0.0778956,0.9894626,0.004713585,-0.003791367,-0.02122516,34.94445,2104
6,-0.01888615,-0.07081494,1.000042,-0.2211703,-0.09679442,0.9999753,-0.1200306,-0.08380502,1.000009,-0.8293973,0.0749678,-0.5536063,0,-0.0001756437,0.9909202,0.1344508,0,-0.5586593,-0.1116103,0.8218534,0,-1.226422,-1.668056,-0.04732156,1,-0.8293973,-0.0001756507,-0.5586591,0,0.07496782,0.9909203,-0.1116103,0,-0.5536063,0.1344508,0.8218533,0,-0.9183385,1.659057,-0.832433,1,1.0,1.0,-0.1208842,-0.07753757,0.9896337,0.004712784,-0.003792557,-0.02122072,34.95555,2105
6,-0.0182021,-0.0681081,1.000049,-0.2183342,-0.0981304,1.000038,-0.1182686,-0.08311918,1.000044,-0.8297172,0.0745145,-0.5531883,0,-0.000747785,0.9909003,0.1345959,0,-0.5581838,-0.1120902,0.8221112,0,-1.225398,-1.668843,-0.04703638,1,-0.8297169,-0.0007477853,-0.5581837,0,0.07451448,0.9909003,-0.1120902,0,-0.5531881,0.1345959,0.822111,0,-0.9184003,1.659072,-0.8323888,1,1.0,1.0,-0.1192038,-0.0768897,0.9898881,0.004713356,-0.00379303,-0.02121909,34.97778,2106
6,-0.01808712,-0.06664524,1.000036,-0.2183922,-0.09811184,0.9999914,-0.1182413,-0.08237889,1.000014,-0.8298955,0.0740611,-0.5529816,0,-0.001372781,0.9908761,0.1347688,0,-0.5579174,-0.1126031,0.822222,0,-1.224285,-1.669595,-0.04710871,1,-0.8298953,-0.001372767,-0.5579172,0,0.07406108,0.9908761,-0.1126031,0,-0.5529814,0.1347687,0.8222218,0,-0.9184269,1.65903,-0.8323178,1,1.0,1.0,-0.1191875,-0.07617842,0.989945,0.004713356,-0.00379303,-0.02121986,35.01111,2107
6,-0.01871032,-0.06558064,1.000042,-0.2178494,-0.09993699,1.000015,-0.1182809,-0.082759,1.000029,-0.830004,0.07441476,-0.5527712,0,-0.001220755,0.9908152,0.1352178,0,-0.5577563,-0.1129061,0.8222897,0,-1.224328,-1.669432,-0.04762042,1,-0.8300038,-0.001220754,-0.5577562,0,0.07441474,0.9908151,-0.1129061,0,-0.5527711,0.1352178,0.8222895,0,-0.9182894,1.659043,-0.8322075,1,1.0,1.0,-0.1192219,-0.07654024,0.9899129,0.004714546,-0.003796677,-0.02121537,35.02222,2108
6,-0.01825863,-0.06560298,1.000161,-0.2180325,-0.1011884,1.000143,-0.1181459,-0.08339568,1.000152,-0.8300339,0.07496557,-0.5526518,0,-0.0006728955,0.9907897,0.1354083,0,-0.5577126,-0.1127653,0.8223385,0,-1.225235,-1.668724,-0.04793692,1,-0.8300338,-0.0006728866,-0.5577126,0,0.07496557,0.9907897,-0.1127653,0,-0.5526517,0.1354083,0.8223385,0,-0.9183815,1.659022,-0.8320827,1,1.0,1.0,-0.1190787,-0.07714426,0.9898834,0.004718033,-0.003799683,-0.02119827,35.03333,2109
6,-0.01932973,-0.0650873,1.00013,-0.2181155,-0.1000048,1.000097,-0.1187239,-0.08254638,1.000113,-0.8300515,0.07558267,-0.5525413,0,0.0001618378,0.990806,0.1352902,0,-0.5576868,-0.1122084,0.8224323,0,-1.22661,-1.667622,-0.0477905,1,-0.8300514,0.0001618445,-0.5576867,0,0.07558267,0.990806,-0.1122084,0,-0.5525412,0.1352902,0.8224322,0,-0.9185126,1.658954,-0.8318811,1,1.0,1.0,-0.1196476,-0.07631971,0.9898787,0.004722711,-0.003803788,-0.02119682,35.05556,2110
6,-0.01953638,-0.06364188,1.00009,-0.2192419,-0.1013241,1.000124,-0.1193879,-0.08248261,1.000107,-0.8299381,0.07587828,-0.5526712,0,0.000453949,0.9907979,0.1353487,0,-0.5578555,-0.1120801,0.8223354,0,-1.227088,-1.667237,-0.04816985,1,-0.829938,0.00045395,-0.5578554,0,0.07587827,0.9907979,-0.1120801,0,-0.5526711,0.1353486,0.8223352,0,-0.918522,1.658972,-0.83179,1,1.0,1.0,-0.1202875,-0.07625219,0.9898063,0.00472734,-0.003804253,-0.02119643,35.06667,2111
6,-0.02028638,-0.06248383,1.000091,-0.2134212,-0.1015147,1.000135,-0.1168523,-0.08199883,1.000113,-0.8296298,0.07608476,-0.5531055,0,0.0008755513,0.990847,0.1349868,0,-0.5583134,-0.1115048,0.8221028,0,-1.22771,-1.666766,-0.04820949,1,-0.8296296,0.0008755563,-0.5583133,0,0.07608476,0.990847,-0.1115048,0,-0.5531055,0.1349868,0.8221027,0,-0.9183936,1.659093,-0.8316659,1,1.0,1.0,-0.1178843,-0.07580657,0.9901296,0.004744835,-0.00380526,-0.02120078,35.08889,2112
6,-0.02068329,-0.06371332,1.000146,-0.2142849,-0.1016458,1.000188,-0.1174828,-0.08267915,1.000167,-0.8295081,0.07625752,-0.5532644,0,0.0009931549,0.9908342,0.1350796,0,-0.5584941,-0.1115001,0.8219807,0,-1.227926,-1.666582,-0.04874659,1,-0.8295078,0.0009931596,-0.558494,0,0.07625749,0.9908342,-0.1115001,0,-0.5532642,0.1350796,0.8219805,0,-0.9184541,1.659111,-0.8315445,1,1.0,1.0,-0.118477,-0.07645322,0.9900091,0.004746849,-0.003805039,-0.02120078,35.1,2113
6,-0.02088788,-0.06536245,1.000111,-0.2145986,-0.101844,1.000195,-0.1177402,-0.08360232,1.000153,-0.8292309,0.076277,-0.553677,0,0.001095429,0.9908634,0.1348651,0,-0.5589054,-0.1112278,0.8217381,0,-1.228141,-1.666391,-0.04908597,1,-0.8292306,0.001095448,-0.5589052,0,0.07627697,0.9908633,-0.1112278,0,-0.5536768,0.1348651,0.8217378,0,-0.9184825,1.659131,-0.8314273,1,1.0,1.0,-0.1187198,-0.07734171,0.9899111,0.004750115,-0.00380497,-0.02119965,35.11111,2114
6,-0.02070212,-0.06602374,1.000145,-0.2143818,-0.1021324,1.00025,-0.1175385,-0.08407722,1.000198,-0.8287778,0.07644598,-0.5543317,0,0.001247201,0.9908743,0.1347834,0,-0.5595767,-0.1110141,0.82131,0,-1.228469,-1.666061,-0.05018187,1,-0.8287776,0.001247215,-0.5595765,0,0.07644594,0.9908743,-0.1110141,0,-0.5543315,0.1347834,0.8213097,0,-0.9185813,1.659153,-0.8311637,1,1.0,1.0,-0.1185187,-0.0777984,0.9898993,0.004751327,-0.003803749,-0.02120052,35.13334,2115
6,-0.02069464,-0.06601509,1.0,-0.2143354,-0.1021088,1.0,-0.1175149,-0.0840619,1.0,-0.8287778,0.07644598,-0.5543317,0,0.001247201,0.9908743,0.1347834,0,-0.5595767,-0.1110141,0.82131,0,-1.228469,-1.666061,-0.05018187,1,-0.8287776,0.001247215,-0.5595765,0,0.07644594,0.9908743,-0.1110141,0,-0.5543315,0.1347834,0.8213097,0,-0.9185813,1.659153,-0.8311637,1,1.0,1.0,-0.1185187,-0.0777984,0.9898993,0.004751327,-0.003803749,-0.02120052,35.14444,2116
6,-0.02079487,-0.06899949,1.000234,-0.2142954,-0.1003545,1.000287,-0.1175432,-0.08467679,1.000261,-0.8283672,0.0763061,-0.5549641,0,0.00136029,0.9909503,0.1342226,0,-0.5601838,-0.1104307,0.8209745,0,-1.228663,-1.665755,-0.05053943,1,-0.8283672,0.001360278,-0.5601839,0,0.07630611,0.9909503,-0.1104307,0,-0.5549641,0.1342226,0.8209746,0,-0.9187246,1.659135,-0.8307363,1,1.0,1.0,-0.1185101,-0.07837243,0.9898551,0.004751968,-0.003801422,-0.02120892,35.16667,2117
6,-0.02010199,-0.07063869,1.000082,-0.2142577,-0.1007335,1.000062,-0.1171803,-0.08568607,1.000072,-0.8283982,0.07612994,-0.5549421,0,0.001352627,0.9909899,0.1339302,0,-0.560138,-0.1101969,0.8210372,0,-1.228554,-1.665804,-0.05008566,1,-0.8283982,0.001352632,-0.560138,0,0.07612994,0.9909898,-0.1101969,0,-0.554942,0.1339302,0.8210372,0,-0.9187086,1.659165,-0.8306039,1,1.0,1.0,-0.1181758,-0.07936275,0.9898161,0.004751968,-0.003801171,-0.02120938,35.17778,2118
6,-0.01920646,-0.07135341,1.000026,-0.215878,-0.1003079,1.000003,-0.1175432,-0.08583082,1.000015,-0.8284158,0.07568011,-0.5549775,0,0.001111325,0.99105,0.1334867,0,-0.5601127,-0.1099657,0.8210856,0,-1.228083,-1.666214,-0.04952937,1,-0.8284157,0.00111132,-0.5601127,0,0.0756801,0.9910499,-0.1099657,0,-0.5549774,0.1334867,0.8210854,0,-0.9187521,1.659278,-0.8304237,1,1.0,1.0,-0.1185225,-0.07950363,0.9897634,0.004747573,-0.003799736,-0.02121401,35.2,2119
6,-0.01936972,-0.0702237,1.000109,-0.2159514,-0.1001537,1.000056,-0.1176624,-0.08518911,1.000083,-0.8285502,0.07550499,-0.5548005,0,0.001095805,0.9910827,0.1332439,0,-0.5599137,-0.1097913,0.8212446,0,-1.228015,-1.66631,-0.04896271,1,-0.8285502,0.0010958,-0.5599137,0,0.07550499,0.9910828,-0.1097913,0,-0.5548004,0.1332439,0.8212445,0,-0.9188219,1.65932,-0.8303185,1,1.0,1.0,-0.1186315,-0.07888087,0.9898002,0.004743979,-0.003799004,-0.02121446,35.21111,2120
6,-0.01964411,-0.07006916,1.000135,-0.2155024,-0.1009891,1.000119,-0.1175738,-0.08552922,1.000127,-0.828711,0.07546139,-0.5545664,0,0.001219366,0.9911098,0.1330409,0,-0.5596756,-0.1095762,0.8214357,0,-1.228129,-1.666244,-0.04844362,1,-0.8287108,0.001219361,-0.5596756,0,0.07546138,0.9911098,-0.1095762,0,-0.5545663,0.1330409,0.8214354,0,-0.9188922,1.659373,-0.8301414,1,1.0,1.0,-0.118535,-0.07920428,0.9897859,0.004740441,-0.003799774,-0.02121541,35.23333,2121
6,-0.01938748,-0.07066748,1.000205,-0.2154533,-0.1014065,1.000144,-0.1174223,-0.08603747,1.000174,-0.8288612,0.07545167,-0.5543433,0,0.001356263,0.9911318,0.1328751,0,-0.559453,-0.1093832,0.8216132,0,-1.228354,-1.666072,-0.04803735,1,-0.8288609,0.00135628,-0.5594527,0,0.07545165,0.9911319,-0.1093831,0,-0.554343,0.132875,0.8216127,0,-0.919056,1.659346,-0.8299779,1,1.0,1.0,-0.1183752,-0.07969317,0.9897658,0.004735283,-0.003798134,-0.02121887,35.24445,2122
6,-0.01913354,-0.07072644,1.000155,-0.2150223,-0.100758,1.000092,-0.1170802,-0.08574274,1.000124,-0.8290116,0.07565546,-0.5540905,0,0.001689583,0.9911411,0.1328024,0,-0.5592291,-0.1091585,0.8217953,0,-1.228891,-1.665698,-0.04769951,1,-0.8290114,0.001689583,-0.559229,0,0.07565545,0.9911411,-0.1091585,0,-0.5540904,0.1328024,0.821795,0,-0.9191755,1.659353,-0.8298575,1,1.0,1.0,-0.1180563,-0.07941395,0.9898263,0.004735283,-0.003800064,-0.02122121,35.25556,2123
6,-0.0192343,-0.07038958,1.000285,-0.2150414,-0.09903092,1.00027,-0.1171383,-0.0847102,1.000278,-0.8291671,0.07525184,-0.5539128,0,0.001561858,0.9912055,0.1323223,0,-0.5589988,-0.1088521,0.8219925,0,-1.228817,-1.665843,-0.04699463,1,-0.8291669,0.001561864,-0.5589987,0,0.07525182,0.9912055,-0.1088521,0,-0.5539126,0.1323223,0.8219923,0,-0.9195675,1.65933,-0.8296083,1,1.0,1.0,-0.1181033,-0.07840561,0.9899011,0.004735306,-0.003802177,-0.02122361,35.27778,2124
6,-0.01925653,-0.07020745,1.000129,-0.2162754,-0.09867229,1.000133,-0.1177658,-0.08443975,1.000131,-0.8291501,0.07497977,-0.5539749,0,0.00137563,0.991235,0.1321034,0,-0.5590243,-0.1087715,0.8219857,0,-1.228555,-1.666103,-0.046837,1,-0.8291501,0.001375633,-0.5590243,0,0.07497977,0.9912351,-0.1087715,0,-0.5539749,0.1321034,0.8219857,0,-0.9196788,1.659377,-0.8295172,1,1.0,1.0,-0.1187221,-0.0781487,0.9898474,0.004735306,-0.003803749,-0.02122361,35.28889,2125
6,-0.01943868,-0.07039206,1.000285,-0.2167217,-0.0988021,1.000222,-0.1180824,-0.08459751,1.000253,-0.8293124,0.07442574,-0.5538067,0,0.001071211,0.9913002,0.1316161,0,-0.5587843,-0.1085576,0.8221773,0,-1.228176,-1.666399,-0.04603869,1,-0.8293123,0.001071222,-0.5587842,0,0.07442573,0.9913002,-0.1085576,0,-0.5538065,0.1316161,0.8221771,0,-0.9200152,1.659277,-0.8293339,1,1.0,1.0,-0.1190096,-0.07828773,0.9898019,0.004735306,-0.003805039,-0.02121872,35.31111,2126
6,-0.01927698,-0.07200687,1.000115,-0.2170911,-0.09910244,1.000082,-0.1181851,-0.08555491,1.000098,-0.8294452,0.07336425,-0.5537493,0,0.0002837032,0.9913927,0.1309211,0,-0.558588,-0.1084348,0.8223269,0,-1.226913,-1.667512,-0.04499853,1,-0.8294452,0.0002837167,-0.5585879,0,0.07336424,0.9913928,-0.1084348,0,-0.5537493,0.1309211,0.8223267,0,-0.9202393,1.659399,-0.8291516,1,1.0,1.0,-0.1191186,-0.07921626,0.9897149,0.004735709,-0.003810165,-0.0212081,35.33334,2127
6,-0.01905179,-0.07340062,1.000008,-0.217862,-0.0981181,0.9999908,-0.1184574,-0.08575956,0.9999995,-0.8295128,0.07339579,-0.5536439,0,0.0002114363,0.9913681,0.1311075,0,-0.5584877,-0.1086383,0.8223681,0,-1.226734,-1.667678,-0.04517287,1,-0.8295127,0.0002114433,-0.5584877,0,0.07339578,0.9913681,-0.1086383,0,-0.5536438,0.1311074,0.822368,0,-0.9202007,1.659465,-0.8291409,1,1.0,1.0,-0.1193903,-0.07941511,0.9896662,0.004737809,-0.003813668,-0.0212075,35.34444,2128
6,-0.01931134,-0.07314019,1.000283,-0.2200328,-0.0982776,1.000241,-0.1196735,-0.08570912,1.000262,-0.8296459,0.07311603,-0.5534816,0,-5.788356e-05,0.9913758,0.1310495,0,-0.5582902,-0.1087567,0.8224866,0,-1.226374,-1.667943,-0.04511961,1,-0.8296458,-5.788387e-05,-0.5582901,0,0.07311602,0.9913759,-0.1087567,0,-0.5534816,0.1310495,0.8224865,0,-0.9204755,1.659401,-0.8289621,1,1.0,1.0,-0.1205273,-0.07933237,0.989535,0.004741646,-0.003818085,-0.02119414,35.35556,2129
6,-0.02048138,-0.07283618,0.9998931,-0.2216894,-0.09735514,0.9998263,-0.1210877,-0.0850962,0.9998596,-0.8299336,0.07299488,-0.553066,0,-0.0001881346,0.9913658,0.131125,0,-0.5578621,-0.1089291,0.8227541,0,-1.226058,-1.668295,-0.04466954,1,-0.8299336,-0.0001881379,-0.5578621,0,0.07299489,0.9913658,-0.1089291,0,-0.553066,0.131125,0.8227541,0,-0.9204749,1.659517,-0.828945,1,1.0,1.0,-0.1219349,-0.07875057,0.9894091,0.00474376,-0.003829201,-0.02116814,35.37778,2130
6,-0.02270484,-0.072782,1.000102,-0.2215503,-0.09625512,0.9999989,-0.1221311,-0.0845191,1.00005,-0.8302102,0.07307106,-0.5526407,0,-1.997128e-05,0.9913678,0.1311103,0,-0.5574506,-0.1088601,0.8230422,0,-1.226276,-1.668175,-0.04412889,1,-0.8302101,-1.998363e-05,-0.5574505,0,0.07307105,0.9913677,-0.1088601,0,-0.5526407,0.1311103,0.8230421,0,-0.9205588,1.659536,-0.8288659,1,1.0,1.0,-0.1229172,-0.07816537,0.9893339,0.004746017,-0.003835907,-0.02115714,35.38889,2131
6,-0.02258274,-0.07292838,1.000171,-0.2221361,-0.09575016,1.000095,-0.122362,-0.0843397,1.000133,-0.8303921,0.07302123,-0.5523741,0,0.0001616701,0.9914066,0.1308162,0,-0.5571796,-0.1085394,0.8232681,0,-1.226719,-1.667909,-0.04340878,1,-0.8303919,0.0001616638,-0.5571796,0,0.0730212,0.9914067,-0.1085394,0,-0.5523739,0.1308162,0.8232679,0,-0.9208423,1.659453,-0.8287993,1,1.0,1.0,-0.1231302,-0.07798118,0.9893219,0.0047463,-0.003839424,-0.02115147,35.4,2132
6,-0.02309752,-0.07283347,1.000119,-0.2345371,-0.06788615,0.9999967,-0.1288217,-0.07035945,1.000058,-0.8307028,0.07307552,-0.5518994,0,0.0003624298,0.9914185,0.1307255,0,-0.5567162,-0.108394,0.8236006,0,-1.226977,-1.667857,-0.04268381,1,-0.8307027,0.0003624327,-0.5567161,0,0.0730755,0.9914185,-0.108394,0,-0.5518994,0.1307255,0.8236005,0,-0.920931,1.659569,-0.8287094,1,1.0,1.0,-0.1294536,-0.06429241,0.9894989,0.004730118,-0.004031578,-0.02076798,35.42222,2133
6,-0.02499831,-0.07294875,1.000097,-0.2336079,-0.06754173,1.000055,-0.1293049,-0.07024518,1.000076,-0.8308152,0.07301913,-0.5517379,0,0.0004162379,0.9914372,0.1305839,0,-0.5565486,-0.1082614,0.8237315,0,-1.227062,-1.66784,-0.04230392,1,-0.8308149,0.0004162441,-0.5565484,0,0.07301911,0.9914371,-0.1082614,0,-0.5517376,0.1305839,0.8237311,0,-0.9210176,1.659593,-0.8286348,1,1.0,1.0,-0.1299175,-0.06417778,0.9894457,0.004737168,-0.004030472,-0.02078118,35.43333,2134
6,-0.02492961,-0.07264455,1.000024,-0.2319292,-0.06800824,1.000003,-0.12843,-0.07032622,1.000014,-0.8308772,0.07290239,-0.5516599,0,0.0003755465,0.991454,0.130456,0,-0.556456,-0.1081857,0.8238039,0,-1.227027,-1.667957,-0.0419957,1,-0.830877,0.0003755398,-0.5564559,0,0.07290238,0.9914541,-0.1081857,0,-0.5516598,0.130456,0.8238037,0,-0.9210774,1.659642,-0.8286392,1,1.0,1.0,-0.1290936,-0.06426934,0.9895476,0.004741272,-0.004027283,-0.02079034,35.44445,2135
6,-0.0243187,-0.07341839,1.000084,-0.2330378,-0.06750286,1.000059,-0.1286792,-0.07046051,1.000071,-0.8310151,0.07245825,-0.5515106,0,5.852059e-05,0.991491,0.1301753,0,-0.5562502,-0.1081454,0.8239483,0,-1.226478,-1.668388,-0.04144698,1,-0.8310149,5.853031e-05,-0.5562499,0,0.07245824,0.991491,-0.1081454,0,-0.5515105,0.1301753,0.8239479,0,-0.9211911,1.659659,-0.8285062,1,1.0,1.0,-0.1293263,-0.06439107,0.9895093,0.004743461,-0.004030404,-0.02078263,35.47778,2136
6,-0.02409688,-0.07346632,1.000088,-0.2330442,-0.06750458,1.000089,-0.1285705,-0.07048544,1.000088,-0.8310251,0.07231016,-0.5515148,0,-0.0001302548,0.9914888,0.1301923,0,-0.5562349,-0.1082649,0.8239427,0,-1.226196,-1.668626,-0.04156947,1,-0.8310251,-0.0001302585,-0.556235,0,0.07231015,0.9914888,-0.1082649,0,-0.5515147,0.1301923,0.8239426,0,-0.9212672,1.659676,-0.8284558,1,1.0,1.0,-0.1292212,-0.06441413,0.9895215,0.004744392,-0.004031266,-0.02078218,35.48889,2137
6,-0.02439594,-0.07380243,1.000134,-0.2326139,-0.06792827,1.000144,-0.1285045,-0.0708653,1.000139,-0.8309925,0.0723487,-0.5515592,0,-3.712252e-05,0.9914993,0.1301121,0,-0.556284,-0.1081426,0.8239257,0,-1.226462,-1.668455,-0.04163,1,-0.8309922,-3.712155e-05,-0.5562838,0,0.07234868,0.9914992,-0.1081426,0,-0.551559,0.1301121,0.8239255,0,-0.9214313,1.659643,-0.8283921,1,1.0,1.0,-0.1291511,-0.06478033,0.9895067,0.004747406,-0.004028427,-0.02078846,35.5,2138
6,-0.02347094,-0.0731358,1.000066,-0.2321524,-0.0687573,1.000089,-0.1278107,-0.07094648,1.000078,-0.8309504,0.07205249,-0.5516613,0,-0.0002822727,0.9915234,0.1299281,0,-0.5563467,-0.1081195,0.8238864,0,-1.226112,-1.66876,-0.04152811,1,-0.8309502,-0.0002822732,-0.5563466,0,0.07205246,0.9915234,-0.1081195,0,-0.5516611,0.1299281,0.8238862,0,-0.9215093,1.659665,-0.8283544,1,1.0,1.0,-0.1285005,-0.06487006,0.9895855,0.00475187,-0.004026284,-0.02079156,35.51111,2139
6,-0.02297923,-0.07365564,1.000066,-0.2189597,-0.09466331,1.000033,-0.1209706,-0.08415941,1.000049,-0.831181,0.07186678,-0.5513376,0,-0.0003543459,0.9915425,0.1297816,0,-0.5560017,-0.1080674,0.8241259,0,-1.225917,-1.66903,-0.04069316,1,-0.8311812,-0.0003543473,-0.5560017,0,0.07186679,0.9915425,-0.1080674,0,-0.5513377,0.1297816,0.824126,0,-0.9214473,1.659761,-0.8284435,1,1.0,1.0,-0.1218416,-0.07781743,0.9894944,0.004773896,-0.003849541,-0.02114129,35.53333,2140
6,-0.02486265,-0.07381986,0.9997834,-0.2172651,-0.09388258,0.9997252,-0.1210659,-0.08385133,0.9997544,-0.8313506,0.0719073,-0.5510769,0,-0.0003038421,0.9915351,0.1298389,0,-0.5557485,-0.1081091,0.8242913,0,-1.225817,-1.669184,-0.04019773,1,-0.8313504,-0.0003038367,-0.5557483,0,0.07190729,0.9915351,-0.108109,0,-0.5510769,0.1298389,0.8242913,0,-0.9212094,1.659901,-0.8285652,1,1.0,1.0,-0.1219699,-0.07754381,0.9895,0.004775506,-0.003846451,-0.02115444,35.54445,2141
6,-0.02504766,-0.07355538,1.000018,-0.2172935,-0.09468398,0.9999799,-0.1211718,-0.08411992,0.999999,-0.8314575,0.07155104,-0.5509619,0,-0.0006047487,0.9915555,0.1296817,0,-0.5555881,-0.108158,0.8243929,0,-1.225142,-1.669681,-0.03956026,1,-0.8314575,-0.000604731,-0.555588,0,0.07155103,0.9915555,-0.108158,0,-0.5509618,0.1296816,0.8243929,0,-0.9209827,1.659971,-0.8286507,1,1.0,1.0,-0.1220401,-0.07778439,0.9894724,0.004775506,-0.003845681,-0.0211528,35.56667,2142
6,-0.02519536,-0.07395308,0.9998361,-0.2172618,-0.09585299,0.9998013,-0.1212299,-0.08490305,0.9998186,-0.831552,0.07143106,-0.5508349,0,-0.0006331429,0.9915739,0.1295409,0,-0.5554467,-0.1080688,0.8245001,0,-1.224913,-1.669914,-0.03897148,1,-0.8315517,-0.0006331404,-0.5554466,0,0.07143103,0.9915739,-0.1080687,0,-0.5508348,0.1295409,0.8244998,0,-0.9207621,1.660116,-0.8287076,1,1.0,1.0,-0.1221094,-0.0785512,0.9894033,0.004775506,-0.003845818,-0.02115279,35.57778,2143
