flag,xl,yl,zl,xr,yr,zr,xc,yc,zc,mat_00,mat_10,mat_20,mat_30,mat_01,mat_11,mat_21,mat_31,mat_02,mat_12,mat_22,mat_32,mat_03,mat_13,mat_23,mat_33,ctw_00,ctw_10,ctw_20,ctw_30,ctw_01,ctw_11,ctw_21,ctw_31,ctw_02,ctw_12,ctw_22,ctw_32,ctw_03,ctw_13,ctw_23,ctw_33,opennessl,opennessr,ray_x,ray_y,ray_z,eye_x,eye_y,eye_z,time,frame
0,0.08080184,0.1684557,0.9999999,-0.08366144,0.1589728,1,-0.001429856,0.1637143,1,0.1894819,0.1700046,-0.9670548,0,0.00509885,0.9847134,0.174108,0,-0.981871,0.03792119,-0.1857185,0,-0.4469399,-1.336325,-1.215286,1,0.1894819,0.005098862,-0.981871,0,0.1700046,0.9847134,0.03792118,0,-0.9670548,0.174108,-0.1857186,0,-0.8633802,1.529767,-0.6138636,1,0.7872537,0.7565577,-0.002075118,0.1588258,0.9873044,0.0007252349,-0.001236198,-0.02537696,0,1
0,0.07922,0.1697043,1,-0.08703864,0.1591315,1,-0.003909394,0.1644181,1,0.1894819,0.1700046,-0.9670548,0,0.00509885,0.9847134,0.174108,0,-0.981871,0.03792119,-0.1857185,0,-0.4469399,-1.336325,-1.215286,1,0.1894819,0.005098862,-0.981871,0,0.1700046,0.9847134,0.03792118,0,-0.9670548,0.174108,-0.1857186,0,-0.8633802,1.529767,-0.6138636,1,1,1,-0.004460637,0.1594901,0.9871895,0.000723633,-0.001239365,-0.02536195,0.01111111,2
0,0.0764692,0.1745126,1.000064,-0.04967812,0.1418236,1.000117,0.01339641,0.1581684,1.00009,0.1902236,0.169227,-0.9670456,0,0.006119989,0.984808,0.1735391,0,-0.9817217,0.03892955,-0.1862981,0,-0.4477453,-1.336562,-1.21477,1,0.1902236,0.006119988,-0.9817218,0,0.169227,0.9848079,0.03892956,0,-0.9670456,0.1735391,-0.1862981,0,-0.8633837,1.529807,-0.6138389,1,0.9357305,0.8743812,0.01224183,0.1523753,0.9882469,0.0006729048,-0.000201149,-0.02703308,0.02222222,3
0,0.07646623,0.1745014,1,-0.04967573,0.1418076,0.9999999,0.01339526,0.1581545,1,0.1902236,0.169227,-0.9670456,0,0.006119989,0.984808,0.1735391,0,-0.9817217,0.03892955,-0.1862981,0,-0.4477453,-1.336562,-1.21477,1,0.1902236,0.006119988,-0.9817218,0,0.169227,0.9848079,0.03892956,0,-0.9670456,0.1735391,-0.1862981,0,-0.8633837,1.529807,-0.6138389,1,0.9357305,0.8743812,0.01224183,0.1523753,0.9882469,0.0006729048,-0.000201149,-0.02703308,0.03333334,4
0,0.100986,0.1792209,1.023799,-0.07681009,0.1467424,1.008382,0.0116462,0.1628657,1.016052,0.1062641,0.1567155,-0.9819105,0,0.006235242,0.9873773,0.1582628,0,-0.9943184,0.02294012,-0.1039456,0,-0.5240713,-1.362043,-1.162916,1,0.1062641,0.006235258,-0.9943184,0,0.1567155,0.9873773,0.02294011,0,-0.9819104,0.1582628,-0.1039456,0,-0.8727364,1.532164,-0.6107284,1,1,1,0.01047693,0.1553155,0.9878094,0.0006021196,-0.0008558503,-0.02522033,0.3555556,5
0,0.09937166,0.1751399,0.9999999,-0.07641959,0.1455438,1,0.011476,0.1603417,1,0.1062641,0.1567155,-0.9819105,0,0.006235242,0.9873773,0.1582628,0,-0.9943184,0.02294012,-0.1039456,0,-0.5240713,-1.362043,-1.162916,1,0.1062641,0.006235258,-0.9943184,0,0.1567155,0.9873773,0.02294011,0,-0.9819104,0.1582628,-0.1039456,0,-0.8727364,1.532164,-0.6107284,1,1,1,0.01047693,0.1553155,0.9878094,0.0006021196,-0.0008558503,-0.02522033,0.3666667,6
0,0.09378475,0.1952586,0.9977949,-0.07726598,0.1482961,0.9992915,0.00830052,0.1717945,0.9985428,0.1185472,0.1545484,-0.9808473,0,0.02923457,0.9868414,0.1590262,0,-0.992518,0.04752676,-0.1124691,0,-0.5466681,-1.348418,-1.167022,1,0.1185472,0.02923457,-0.9925178,0,0.1545483,0.9868413,0.04752675,0,-0.9808473,0.1590262,-0.1124691,0,-0.8714682,1.532243,-0.6097459,1,1,1,0.007420709,0.1664218,0.9860268,0.0005973056,-0.0009603501,-0.02500616,0.3888889,7
0,0.1021813,0.2038842,0.9997299,-0.07464582,0.1462536,1.000196,0.0137812,0.1750754,0.9999629,0.1243,0.1528608,-0.9803995,0,0.03535499,0.9867525,0.1583338,0,-0.9916147,0.05434292,-0.117249,0,-0.5501989,-1.345619,-1.168208,1,0.1243,0.03535501,-0.9916146,0,0.1528608,0.9867526,0.05434291,0,-0.9803994,0.1583338,-0.1172489,0,-0.8712287,1.532212,-0.6094316,1,1,1,0.01267461,0.1692758,0.9854872,0.000599334,-0.0009763413,-0.02497182,0.4222222,8
0,0.09193092,0.1966888,0.9997888,-0.0752387,0.1453234,1.000099,0.00835444,0.17101,0.999944,0.1262659,0.1527126,-0.9801713,0,0.0359179,0.9867278,0.158361,0,-0.991346,0.05520128,-0.1191049,0,-0.5490698,-1.345221,-1.169133,1,0.1262659,0.0359179,-0.9913459,0,0.1527126,0.9867278,0.05520129,0,-0.9801713,0.158361,-0.1191049,0,-0.8711899,1.532234,-0.6093097,1,1,1,0.007465197,0.1654951,0.9861823,0.0005960315,-0.0009809341,-0.02494679,0.4333333,9
0,0.09042084,0.1805413,0.9998909,-0.07378237,0.1425348,1.000188,0.008326918,0.1615407,1.000039,0.1281685,0.1525239,-0.9799536,0,0.03631584,0.9867187,0.1583266,0,-0.9910872,0.05588033,-0.1209272,0,-0.5477527,-1.344943,-1.170037,1,0.1281685,0.03631584,-0.9910874,0,0.1525239,0.9867187,0.05588034,0,-0.9799538,0.1583266,-0.1209273,0,-0.8712418,1.53222,-0.6092044,1,1,1,0.007450844,0.1564853,0.9876522,0.0005925521,-0.0009003754,-0.02520248,0.4444444,10
0,0.09096561,-0.06941122,0.9995677,-0.07403919,-0.07259025,1.000321,0.008482829,-0.07100026,0.9999441,0.1346357,0.1520849,-0.9791545,0,0.03634748,0.9867284,0.1582591,0,-0.9902283,0.05689713,-0.127321,0,-0.5412724,-1.344735,-1.173089,1,0.1346357,0.03634747,-0.9902283,0,0.1520849,0.9867284,0.05689713,0,-0.9791545,0.1582591,-0.127321,0,-0.8712469,1.532214,-0.6088305,1,1,1,0.007782754,-0.06746709,0.9976912,0.0004726108,-0.001561157,-0.02691197,0.4666667,11
0,0.09161793,-0.08049943,0.9983307,-0.06879389,-0.07902402,1.001429,0.01148927,-0.07976343,0.9998786,0.153666,0.1528751,-0.9762254,0,0.03416124,0.986547,0.1598687,0,-0.9875322,0.05791547,-0.1463764,0,-0.5191544,-1.343005,-1.184433,1,0.153666,0.03416126,-0.9875322,0,0.1528751,0.986547,0.05791545,0,-0.9762253,0.1598687,-0.1463763,0,-0.8711851,1.532027,-0.6082739,1,1,1,0.01070822,-0.07595424,0.9970538,0.0004619518,-0.001545151,-0.02689649,0.6222222,12
0,0.0980193,-0.06979083,1.000033,-0.07137737,-0.07379243,1.000082,0.01332226,-0.07179162,1.000058,0.1551768,0.1537267,-0.9758527,0,0.03398702,0.9864028,0.1607932,0,-0.987302,0.05811772,-0.1478421,0,-0.5176302,-1.341753,-1.186469,1,0.1551768,0.03398705,-0.9873018,0,0.1537267,0.9864029,0.0581177,0,-0.9758525,0.1607932,-0.1478421,0,-0.8712311,1.531878,-0.6084877,1,1,1,0.01249418,-0.06826836,0.9975887,0.000459427,-0.0015093,-0.02696047,0.6555555,13
0,0.0975889,-0.06379352,0.9998807,-0.06688359,-0.07857239,0.999936,0.01535416,-0.071183,0.9999084,0.1554825,0.1538996,-0.9757766,0,0.03388426,0.9863774,0.1609707,0,-0.9872573,0.05809161,-0.1481497,0,-0.5172278,-1.341664,-1.186763,1,0.1554826,0.03388426,-0.9872574,0,0.1538996,0.9863773,0.0580916,0,-0.9757767,0.1609707,-0.1481497,0,-0.871114,1.531947,-0.6085161,1,1,1,0.01447006,-0.06769495,0.9976011,0.0004599225,-0.001503853,-0.02693256,0.6666667,14
0,0.09786639,-0.07043646,1.000024,-0.0742013,-0.08092575,1.000151,0.01183611,-0.07568075,1.000087,0.1564109,0.1544126,-0.9755473,0,0.03288442,0.9863421,0.1613936,0,-0.9871446,0.05732402,-0.1491969,0,-0.5150195,-1.341565,-1.187892,1,0.1564108,0.03288442,-0.9871444,0,0.1544126,0.9863421,0.05732402,0,-0.9755472,0.1613936,-0.1491968,0,-0.8711358,1.531897,-0.6087246,1,1,1,0.0110545,-0.07201768,0.9973421,0.0004534228,-0.001524643,-0.02687448,0.6888889,15
0,0.09712436,-0.07085289,1.000077,-0.07215941,-0.08124219,1.000111,0.01248342,-0.07604741,1.000094,0.1565689,0.1543722,-0.9755282,0,0.0325571,0.9863662,0.1613126,0,-0.9871303,0.05701691,-0.1494083,0,-0.5144215,-1.341824,-1.187984,1,0.1565689,0.0325571,-0.9871302,0,0.1543722,0.9863662,0.05701689,0,-0.9755284,0.1613126,-0.1494083,0,-0.871229,1.531914,-0.608789,1,1,1,0.01168389,-0.07237134,0.9973093,0.0004520267,-0.001524109,-0.02687314,0.7,16
0,0.09815165,-0.06817362,0.9999279,-0.07263456,-0.07833593,0.9999379,0.01275878,-0.07325473,0.9999329,0.1564875,0.1544637,-0.9755269,0,0.0316397,0.9864044,0.1612615,0,-0.987173,0.05610079,-0.1494727,0,-0.5133332,-1.342537,-1.187881,1,0.1564874,0.03163971,-0.987173,0,0.1544638,0.9864044,0.05610077,0,-0.9755269,0.1612615,-0.1494727,0,-0.8711064,1.532085,-0.6089871,1,1,1,0.01194603,-0.06966253,0.997499,0.0004635388,-0.001556404,-0.02672047,0.7111111,17
0,0.1016617,-0.0649484,1.000003,-0.07288872,-0.07772931,1.000016,0.01438683,-0.07133888,1.00001,0.1565002,0.1543804,-0.9755381,0,0.03115846,0.9864453,0.161105,0,-0.9871864,0.05560924,-0.1495686,0,-0.5127056,-1.343032,-1.187732,1,0.1565002,0.03115846,-0.9871862,0,0.1543804,0.9864452,0.05560922,0,-0.975538,0.161105,-0.1495686,0,-0.8711012,1.532152,-0.6090982,1,1,1,0.01352531,-0.06776775,0.9976094,0.0004687272,-0.001602356,-0.02658462,0.7222223,18
0,0.1045912,-0.06571434,0.9996176,-0.07250336,-0.07696135,0.9996032,0.01604353,-0.07133783,0.9996104,0.1562241,0.154085,-0.975629,0,0.0296928,0.9865779,0.1605688,0,-0.9872753,0.05405388,-0.149552,0,-0.5109998,-1.344494,-1.186627,1,0.156224,0.02969282,-0.9872752,0,0.154085,0.9865779,0.05405386,0,-0.9756289,0.1605688,-0.149552,0,-0.870711,1.532157,-0.6092849,1,1,1,0.01513196,-0.06778633,0.9975851,0.0004785769,-0.001611893,-0.02652303,0.7444445,19
0,0.1085346,-0.06605823,1.000022,-0.07291207,-0.07709081,0.999983,0.01781003,-0.07157461,1.000002,0.1558968,0.1541914,-0.9756645,0,0.02895488,0.9866034,0.1605468,0,-0.9873489,0.05327899,-0.1493437,0,-0.5102942,-1.344976,-1.186497,1,0.1558968,0.02895489,-0.9873488,0,0.1541914,0.9866034,0.05327898,0,-0.9756645,0.1605468,-0.1493437,0,-0.8706861,1.532221,-0.6093754,1,1,1,0.01683233,-0.06798533,0.9975443,0.0004890515,-0.001615456,-0.02650536,0.7555556,20
0,0.1114272,-0.06693188,1.00001,-0.07334009,-0.07865211,0.9999861,0.0190427,-0.07279209,0.9999979,0.1555102,0.1539021,-0.975772,0,0.0274059,0.9867367,0.1599992,0,-0.9874541,0.05162341,-0.1492298,0,-0.5085498,-1.346482,-1.185716,1,0.1555102,0.0274059,-0.9874541,0,0.153902,0.9867365,0.0516234,0,-0.9757718,0.1599991,-0.1492298,0,-0.8706777,1.532273,-0.6096039,1,1,1,0.01802414,-0.06916802,0.9974421,0.0004936364,-0.001609673,-0.02649716,0.7777778,21
0,0.1068758,-0.07716964,1.000116,-0.07405569,-0.07965604,1.000092,0.01640937,-0.07841288,1.000104,0.1552681,0.1538131,-0.9758244,0,0.02668741,0.9867905,0.159788,0,-0.9875118,0.05085221,-0.1491123,0,-0.5079026,-1.347142,-1.185485,1,0.1552682,0.02668741,-0.9875119,0,0.1538131,0.9867905,0.05085221,0,-0.9758245,0.159788,-0.1491123,0,-0.8707565,1.532328,-0.6098251,1,1,1,0.01544021,-0.07465626,0.9970899,0.000509873,-0.001535118,-0.02665397,0.7888889,22
0,0.1043127,-0.07545425,0.9999619,-0.07523851,-0.07750122,0.9999384,0.01453632,-0.07647772,0.9999502,0.1549634,0.1536627,-0.9758967,0,0.0252062,0.9868928,0.1593966,0,-0.9875987,0.0492993,-0.1490591,0,-0.5062631,-1.348453,-1.184904,1,0.1549634,0.02520621,-0.9875985,0,0.1536626,0.9868928,0.04929928,0,-0.9758965,0.1593966,-0.149059,0,-0.8706846,1.532409,-0.6101275,1,1,1,0.01361309,-0.07279614,0.997254,0.0005230559,-0.001541245,-0.02662442,0.8111112,23
0,0.1020661,-0.07877348,1.000025,-0.07412285,-0.07527984,1.000022,0.01397145,-0.07702667,1.000023,0.1548515,0.1534761,-0.9759437,0,0.02462278,0.9869531,0.1591143,0,-0.9876309,0.04866954,-0.1490521,0,-0.5056196,-1.34913,-1.184553,1,0.1548515,0.02462278,-0.9876308,0,0.1534761,0.9869531,0.04866953,0,-0.9759437,0.1591143,-0.1490521,0,-0.8707017,1.532457,-0.6102641,1,1,1,0.01305408,-0.0733261,0.9972225,0.0005321046,-0.001536438,-0.0266313,0.8222222,24
0,0.08098415,-0.05298158,1.000016,-0.08759893,-0.06613091,0.9999469,-0.003309235,-0.0595565,0.9999814,0.1541061,0.1529292,-0.9761475,0,0.02313485,0.9871199,0.1583005,0,-0.9877834,0.04697812,-0.1485833,0,-0.5043662,-1.350969,-1.183112,1,0.1541062,0.02313485,-0.9877835,0,0.1529292,0.9871199,0.04697812,0,-0.9761476,0.1583005,-0.1485833,0,-0.8705635,1.532524,-0.6105292,1,1,1,-0.003882929,-0.05648325,0.998396,0.0006827693,-0.001488098,-0.02643604,0.8444445,25
0,0.0702637,-0.05111047,1.000141,-0.09367594,-0.06544644,1.000131,-0.01170623,-0.05827839,1.000136,0.1539847,0.152432,-0.9762444,0,0.0223908,0.9872364,0.1576801,0,-0.9878196,0.04613921,-0.1486062,0,-0.5034199,-1.352063,-1.182433,1,0.1539846,0.02239081,-0.9878194,0,0.152432,0.9872363,0.0461392,0,-0.9762444,0.1576801,-0.1486062,0,-0.8707266,1.532524,-0.6106216,1,1,1,-0.01208439,-0.05528824,0.9983974,0.0007195054,-0.001428726,-0.02646134,0.8555556,26
0,0.07668743,-0.04864433,0.9999666,-0.08682872,-0.06428038,0.9999276,-0.005071625,-0.05646257,0.9999471,0.1536647,0.1521573,-0.9763377,0,0.02160119,0.9873196,0.1572686,0,-0.9878869,0.04525669,-0.1484294,0,-0.5026467,-1.353087,-1.181746,1,0.1536648,0.0216012,-0.987887,0,0.1521573,0.9873195,0.04525669,0,-0.9763377,0.1572686,-0.1484294,0,-0.8706625,1.532639,-0.6107278,1,1,1,-0.005631521,-0.05352031,0.9985508,0.0007163994,-0.00145517,-0.02635066,0.8666667,27
0,0.07153416,-0.04655247,1.000068,-0.08701819,-0.04620709,1.000033,-0.007742837,-0.04637964,1.000051,0.1529173,0.151651,-0.9765338,0,0.02041335,0.98746,0.1565443,0,-0.9880281,0.04387267,-0.147904,0,-0.5017135,-1.354599,-1.180587,1,0.1529173,0.02041337,-0.9880283,0,0.1516509,0.98746,0.04387267,0,-0.9765338,0.1565443,-0.147904,0,-0.8707359,1.532668,-0.6108907,1,1,1,-0.008243429,-0.04371529,0.99901,0.0007274393,-0.001461342,-0.02645334,0.8888889,28
0,0.07153346,-0.0465671,1.000051,-0.08675992,-0.05125374,0.9999998,-0.007614523,-0.0489105,1.000025,0.1525334,0.1513582,-0.9766393,0,0.01994096,0.9875304,0.1561605,0,-0.9880971,0.04329484,-0.1476132,0,-0.501472,-1.355342,-1.179959,1,0.1525334,0.01994097,-0.9880971,0,0.1513582,0.9875304,0.04329482,0,-0.9766392,0.1561605,-0.1476131,0,-0.8707605,1.532704,-0.6110011,1,1,1,-0.008113011,-0.04618317,0.9989001,0.0007230295,-0.001450226,-0.0265032,0.9,29
0,0.07199288,-0.04686125,1.000087,-0.08467357,-0.03639649,1.000016,-0.006342083,-0.04162865,1.000051,0.1517889,0.1507649,-0.976847,0,0.01842767,0.987695,0.1553026,0,-0.9882411,0.04157423,-0.1471429,0,-0.5000242,-1.357291,-1.178722,1,0.1517889,0.01842767,-0.9882411,0,0.1507649,0.9876951,0.04157423,0,-0.9768471,0.1553026,-0.1471429,0,-0.8709006,1.532863,-0.6111567,1,1,1,-0.006876222,-0.03911492,0.9992111,0.0007227175,-0.001441605,-0.02655132,0.9222223,30
0,0.07257868,-0.04736706,1.000097,-0.08665301,-0.04131003,1.000046,-0.007038459,-0.04433859,1.000071,0.1513114,0.1503008,-0.9769926,0,0.01754663,0.9878085,0.1546823,0,-0.9883304,0.04054812,-0.1468294,0,-0.499219,-1.358534,-1.177807,1,0.1513114,0.01754663,-0.9883305,0,0.1503008,0.9878084,0.04054813,0,-0.9769925,0.1546823,-0.1468294,0,-0.8709825,1.532917,-0.611244,1,1,1,-0.007554969,-0.0417522,0.9990994,0.0007247003,-0.001436165,-0.0265546,0.9333333,31
0,0.07368277,-0.04986439,1.000029,-0.08542044,-0.04084966,1.000043,-0.005868509,-0.04535704,1.000036,0.1512269,0.1495433,-0.977122,0,0.01673401,0.9879615,0.1537922,0,-0.9883575,0.03960869,-0.1469039,0,-0.4981537,-1.360077,-1.176677,1,0.1512269,0.01673402,-0.9883574,0,0.1495433,0.9879615,0.03960869,0,-0.9771218,0.1537922,-0.1469039,0,-0.8710316,1.533004,-0.6113414,1,1,1,-0.006418792,-0.04274518,0.9990655,0.0007267455,-0.001436218,-0.02650535,0.9444445,32
0,0.07462503,-0.04990657,0.999903,-0.08443727,-0.04218997,0.9998631,-0.004907072,-0.04604825,0.9998831,0.1505312,0.1482268,-0.9774299,0,0.01505414,0.9882375,0.1521842,0,-0.9884906,0.03762283,-0.1465291,0,-0.4965579,-1.363103,-1.174199,1,0.1505311,0.01505415,-0.9884907,0,0.1482268,0.9882374,0.03762283,0,-0.9774298,0.1521842,-0.1465291,0,-0.8709012,1.533239,-0.6116134,1,1,1,-0.00548578,-0.04342521,0.9990417,0.0007288055,-0.001435166,-0.02648711,0.9666667,33
0,0.07532355,-0.04956619,0.9999965,-0.08443119,-0.042557,1.000019,-0.004553258,-0.04606172,1.000008,0.15048,0.1471695,-0.9775976,0,0.01413377,0.9884363,0.1509767,0,-0.988512,0.03653613,-0.1466599,0,-0.4953282,-1.365105,-1.172636,1,0.15048,0.01413378,-0.9885119,0,0.1471694,0.9884362,0.03653611,0,-0.9775974,0.1509767,-0.1466598,0,-0.8709275,1.53336,-0.6117409,1,1,1,-0.005141775,-0.04343367,0.999043,0.0007298207,-0.001434532,-0.02648821,0.9777778,34
0,0.07696845,-0.04774478,1.000026,-0.08452921,-0.04523822,1.000005,-0.003780872,-0.04649144,1.000015,0.1498609,0.1451991,-0.9779873,0,0.01238516,0.9888043,0.1487029,0,-0.9886296,0.03439728,-0.1463847,0,-0.4935051,-1.368982,-1.16933,1,0.1498608,0.01238517,-0.9886295,0,0.1451991,0.9888043,0.03439727,0,-0.9779871,0.1487029,-0.1463847,0,-0.8708575,1.53365,-0.6119764,1,1,1,-0.004394583,-0.04385551,0.9990282,0.0007345509,-0.001429657,-0.02649885,1,35
0,0.07851437,-0.0556977,0.999956,-0.08410202,-0.05614908,0.9999363,-0.00279431,-0.05592338,0.9999462,0.1495956,0.1441349,-0.9781853,0,0.0113679,0.9890016,0.1474672,0,-0.988682,0.03318037,-0.1463118,0,-0.4922803,-1.371055,-1.167578,1,0.1495956,0.01136792,-0.9886818,0,0.1441349,0.9890016,0.03318034,0,-0.9781851,0.1474672,-0.1463118,0,-0.8708472,1.533751,-0.6120468,1,1,1,-0.003433748,-0.0530625,0.9985853,0.0007351153,-0.001381851,-0.0264738,1.011111,36
0,0.07880907,-0.05339993,0.9999841,-0.08413041,-0.05789601,0.99994,-0.002661705,-0.05564791,0.999962,0.1492271,0.1420445,-0.9785473,0,0.009457864,0.9893778,0.145059,0,-0.9887578,0.0309017,-0.1462985,0,-0.4899698,-1.375076,-1.16425,1,0.1492271,0.009457869,-0.9887577,0,0.1420445,0.9893778,0.03090169,0,-0.9785472,0.145059,-0.1462985,0,-0.8708349,1.533989,-0.6122973,1,1,1,-0.003309375,-0.05278058,0.9986006,0.0007397002,-0.001398941,-0.0264234,1.033333,37
0,0.07864854,-0.05273421,1.000038,-0.08574,-0.05566353,1.000051,-0.003545403,-0.05419905,1.000044,0.1491895,0.141213,-0.9786732,0,0.008526355,0.9895294,0.1440792,0,-0.9887718,0.02983962,-0.1464234,0,-0.4885814,-1.376715,-1.16303,1,0.1491895,0.00852636,-0.9887719,0,0.141213,0.9895294,0.02983962,0,-0.9786734,0.1440792,-0.1464234,0,-0.8709256,1.534034,-0.6123098,1,1,1,-0.004165985,-0.05134598,0.9986722,0.0007362971,-0.00142794,-0.02634815,1.044444,38
0,0.07749989,-0.05295145,1.000017,-0.08266948,-0.0585865,1.000005,-0.002585143,-0.05576915,1.000011,0.149027,0.1403371,-0.9788241,0,0.007628761,0.9896852,0.1430558,0,-0.9888038,0.02878642,-0.1464193,0,-0.4874536,-1.378451,-1.161658,1,0.149027,0.007628771,-0.9888036,0,0.1403371,0.9896852,0.0287864,0,-0.9788239,0.1430558,-0.1464192,0,-0.8709666,1.534133,-0.6124042,1,1,1,-0.00323806,-0.05293084,0.998593,0.000743866,-0.001353706,-0.02659031,1.055556,39
0,0.07701844,-0.050554,0.9999843,-0.0832579,-0.06362,0.9999587,-0.003120407,-0.05708706,0.9999715,0.1485916,0.1386137,-0.9791358,0,0.005687423,0.9899913,0.1410136,0,-0.9888823,0.0265222,-0.146316,0,-0.4850503,-1.38206,-1.158858,1,0.1485916,0.005687431,-0.9888822,0,0.1386137,0.9899913,0.02652219,0,-0.9791358,0.1410136,-0.146316,0,-0.8710325,1.534401,-0.6125619,1,1,1,-0.00375559,-0.05421811,0.998522,0.000740814,-0.00134401,-0.0266376,1.077778,40
0,0.07739343,-0.05190312,0.9998886,-0.08524516,-0.0613877,0.9998956,-0.003925711,-0.05664535,0.9998921,0.1485278,0.1378764,-0.9792495,0,0.004542895,0.9901274,0.140097,0,-0.9888978,0.02525693,-0.1464351,0,-0.4835149,-1.383813,-1.157567,1,0.1485278,0.004542902,-0.9888977,0,0.1378764,0.9901273,0.02525692,0,-0.9792496,0.140097,-0.1464351,0,-0.8709368,1.534519,-0.6127043,1,1,1,-0.004537908,-0.05377569,0.9985428,0.000739052,-0.001366875,-0.02655901,1.088889,41
0,0.07865342,-0.04914079,1.000026,-0.08211362,-0.06345645,1.000017,-0.001730353,-0.05629868,1.000022,0.1484532,0.1357291,-0.9795607,0,0.002585612,0.9904798,0.1376339,0,-0.988916,0.02296496,-0.1466889,0,-0.4807443,-1.387821,-1.154353,1,0.1484532,0.002585613,-0.988916,0,0.1357291,0.9904799,0.02296496,0,-0.9795609,0.1376339,-0.1466889,0,-0.8710234,1.534729,-0.6128753,1,1,1,-0.002404696,-0.05345557,0.9985673,0.0007420424,-0.001339043,-0.02664742,1.111111,42
0,0.0788864,-0.04866137,0.999993,-0.07549433,-0.05681398,1.00001,0.001696557,-0.05273767,1.000002,0.1484796,0.1348131,-0.9796833,0,0.001539543,0.9906316,0.136553,0,-0.9889144,0.02178363,-0.146881,0,-0.4791959,-1.389691,-1.152977,1,0.1484796,0.001539565,-0.9889142,0,0.1348131,0.9906315,0.02178361,0,-0.9796832,0.136553,-0.146881,0,-0.8710533,1.534852,-0.6129616,1,1,1,0.0009249896,-0.05001434,0.9987481,0.0007456215,-0.001322922,-0.02671443,1.122222,43
0,0.07921048,-0.04744779,0.9999365,-0.0755126,-0.05818318,0.9999565,0.001849547,-0.05281541,0.9999465,0.1484416,0.132681,-0.97998,0,-0.0002625138,0.9909639,0.1341284,0,-0.9889212,0.01965297,-0.1471351,0,-0.4766953,-1.393627,-1.14978,1,0.1484416,-0.0002625171,-0.9889212,0,0.1326811,0.9909639,0.01965298,0,-0.9799801,0.1341284,-0.1471351,0,-0.8710924,1.535127,-0.6131982,1,1,1,0.001073804,-0.05008466,0.9987444,0.0007456439,-0.001331131,-0.0267046,1.144444,44
0,0.08003893,-0.04767987,0.9999629,-0.0788862,-0.06038618,0.999967,0.0005765855,-0.05403308,0.9999648,0.1484557,0.1315828,-0.980126,0,-0.001089424,0.9911295,0.132895,0,-0.9889185,0.01866125,-0.1472822,0,-0.4754867,-1.395558,-1.148135,1,0.1484557,-0.001089424,-0.9889184,0,0.1315828,0.9911296,0.01866125,0,-0.9801259,0.132895,-0.1472821,0,-0.8710973,1.535242,-0.6132746,1,1,1,-0.0001603443,-0.0512527,0.9986857,0.000741303,-0.001347275,-0.02664261,1.155556,45
0,0.08123972,-0.04845105,0.9999954,-0.08194046,-0.0570326,0.9999987,-0.0003502816,-0.05274188,0.9999971,0.148418,0.1305764,-0.9802662,0,-0.001984335,0.9912819,0.1317433,0,-0.9889227,0.0176079,-0.1473832,0,-0.4742146,-1.397398,-1.146609,1,0.148418,-0.001984331,-0.9889227,0,0.1305764,0.9912819,0.0176079,0,-0.9802663,0.1317433,-0.1473832,0,-0.8711326,1.535332,-0.6133473,1,1,1,-0.001060005,-0.04997994,0.9987496,0.0007391889,-0.001370621,-0.02655472,1.166667,46
0,0.08191773,-0.04737135,1.000005,-0.08335695,-0.05707294,0.9999522,-0.0007209629,-0.05222227,0.9999787,0.1479033,0.1284414,-0.9806262,0,-0.003289707,0.9915895,0.1293812,0,-0.9889964,0.01590994,-0.1470819,0,-0.472858,-1.40104,-1.143204,1,0.1479032,-0.003289695,-0.9889963,0,0.1284414,0.9915894,0.01590993,0,-0.9806259,0.1293812,-0.1470818,0,-0.8711668,1.53561,-0.6135089,1,1,1,-0.001421917,-0.04947139,0.9987745,0.0007404862,-0.001377029,-0.02653415,1.188889,47
0,0.08319578,-0.04836732,0.9999431,-0.08186045,-0.05782026,0.9999306,0.0006673634,-0.0530938,0.9999368,0.1478103,0.1270482,-0.9808216,0,-0.004096463,0.9917849,0.127851,0,-0.9890074,0.0148798,-0.1471165,0,-0.4718187,-1.403324,-1.141063,1,0.1478103,-0.004096447,-0.9890071,0,0.1270482,0.9917849,0.01487979,0,-0.9808215,0.127851,-0.1471164,0,-0.8711497,1.535749,-0.61362,1,1,1,-7.474985E-05,-0.05031859,0.9987332,0.0007442478,-0.001379211,-0.02650646,1.2,48
0,0.07718232,-0.04267805,0.9999498,-0.08235838,-0.05578563,0.9999048,-0.002589136,-0.04923202,0.9999273,0.1472584,0.1233127,-0.9813812,0,-0.005131483,0.9922799,0.1239121,0,-0.9890847,0.01321116,-0.1467543,0,-0.4708699,-1.408641,-1.135408,1,0.1472584,-0.005131479,-0.9890848,0,0.1233127,0.9922798,0.01321116,0,-0.9813811,0.1239121,-0.1467543,0,-0.8712251,1.53604,-0.6137465,1,1,1,-0.003245395,-0.04659476,0.9989086,0.0007457733,-0.001351479,-0.02654084,1.222222,49
0,0.07413983,-0.04012117,1.000045,-0.08298723,-0.05462179,0.9999598,-0.004425719,-0.04737168,1.000002,0.1468163,0.1213315,-0.9816943,0,-0.005940951,0.9925389,0.1217833,0,-0.9891459,0.01204759,-0.1464418,0,-0.4701823,-1.411746,-1.132321,1,0.1468163,-0.005940948,-0.9891459,0,0.1213315,0.9925389,0.01204758,0,-0.9816943,0.1217833,-0.1464417,0,-0.8712738,1.536317,-0.6138899,1,1,1,-0.005035316,-0.0447983,0.9989833,0.0007487182,-0.001336372,-0.02657104,1.233333,50
0,0.07596522,-0.04294783,0.9999099,-0.08354589,-0.05432484,0.9998313,-0.003792286,-0.04863659,0.9998705,0.146422,0.1195441,-0.9819725,0,-0.00623237,0.992763,0.1199285,0,-0.9892027,0.01144017,-0.1461074,0,-0.4702087,-1.414212,-1.12947,1,0.146422,-0.006232348,-0.9892026,0,0.1195441,0.9927629,0.01144015,0,-0.9819723,0.1199285,-0.1461074,0,-0.8711981,1.536503,-0.6139767,1,1,1,-0.004421264,-0.04604351,0.9989297,0.0007508239,-0.001324532,-0.02658546,1.244444,51
0,0.0756871,-0.04283971,0.9999638,-0.0836914,-0.05496652,0.9998581,-0.004004851,-0.04890337,0.999911,0.1452882,0.1162531,-0.9825358,0,-0.006699197,0.9931657,0.1165202,0,-0.9893667,0.01034682,-0.1450741,0,-0.4707106,-1.418616,-1.124126,1,0.1452882,-0.006699196,-0.9893666,0,0.1162531,0.9931658,0.01034682,0,-0.9825357,0.1165202,-0.1450741,0,-0.8711866,1.536751,-0.6141087,1,1,1,-0.004628844,-0.04630382,0.9989167,0.0007519834,-0.001320862,-0.0265921,1.266667,52
0,0.07624434,-0.04248685,1.000044,-0.08326796,-0.05628413,0.9999135,-0.003514931,-0.04938587,0.999979,0.1446139,0.1147271,-0.9828146,0,-0.006628599,0.9933456,0.114981,0,-0.989466,0.01011317,-0.144412,0,-0.4715156,-1.420515,-1.121653,1,0.1446138,-0.006628593,-0.989466,0,0.1147271,0.9933456,0.01011317,0,-0.9828145,0.114981,-0.144412,0,-0.8712181,1.536906,-0.6141629,1,1,1,-0.004156373,-0.04677118,0.998897,0.0007565385,-0.001319107,-0.02659269,1.277778,53
0,0.07711294,-0.04265079,1.000044,-0.08192344,-0.05495856,0.9999408,-0.002407819,-0.04880481,0.9999923,0.1437653,0.1112888,-0.9833344,0,-0.006448075,0.9937409,0.1115238,0,-0.9895908,0.00969265,-0.1435831,0,-0.4728302,-1.424665,-1.11647,1,0.1437654,-0.006448072,-0.9895908,0,0.1112888,0.9937408,0.009692643,0,-0.9833342,0.1115238,-0.1435831,0,-0.8713378,1.537212,-0.6144059,1,1,1,-0.003082304,-0.046204,0.9989273,0.0007600402,-0.001321068,-0.02660478,1.3,54
0,0.07725524,-0.04807998,1.000064,-0.07720612,-0.0553933,0.9999944,2.287328E-05,-0.05173665,1.000029,0.1433943,0.1099355,-0.9835407,0,-0.006336041,0.9938927,0.1101688,0,-0.9896454,0.009565838,-0.1432151,0,-0.4734801,-1.426369,-1.114439,1,0.1433943,-0.006336031,-0.9896452,0,0.1099355,0.9938927,0.009565825,0,-0.9835407,0.1101688,-0.1432151,0,-0.8713936,1.537434,-0.6145374,1,1,1,-0.000751248,-0.0490521,0.9987959,0.0007951204,-0.001316811,-0.02662035,1.311111,55
0,0.08357492,-0.05998659,0.9998299,-0.08188553,-0.05614681,0.9997389,0.0008423626,-0.0580666,0.9997844,0.1428156,0.1084064,-0.9837946,0,-0.00629545,0.994063,0.108624,0,-0.9897293,0.009319764,-0.1426502,0,-0.4741448,-1.428241,-1.111811,1,0.1428156,-0.006295457,-0.9897293,0,0.1084064,0.994063,0.009319766,0,-0.9837946,0.108624,-0.1426501,0,-0.871248,1.537546,-0.6145642,1,1,1,3.173276E-05,-0.05524304,0.9984729,0.0008097533,-0.001270645,-0.02675758,1.333333,56
0,0.08171377,-0.05529395,1.000144,-0.09083673,-0.04632939,1.000093,-0.00456284,-0.0508115,1.000118,0.1420701,0.1055129,-0.984217,0,-0.006073404,0.9943768,0.1057254,0,-0.989838,0.009042874,-0.141912,0,-0.4753047,-1.431646,-1.107513,1,0.1420701,-0.006073397,-0.9898379,0,0.1055129,0.9943768,0.009042866,0,-0.984217,0.1057254,-0.141912,0,-0.8714493,1.537801,-0.6146978,1,1,1,-0.005210985,-0.04804914,0.9988315,0.0007914202,-0.001441605,-0.02617258,1.355556,57
0,0.0804445,-0.05574775,1.000016,-0.08637404,-0.04809891,0.9999392,-0.002966836,-0.05192322,0.9999778,0.1415206,0.1038262,-0.9844756,0,-0.006177731,0.994558,0.1040015,0,-0.989916,0.008636534,-0.1413919,0,-0.4756573,-1.433773,-1.104835,1,0.1415206,-0.006177731,-0.989916,0,0.1038262,0.994558,0.008636533,0,-0.9844754,0.1040015,-0.1413919,0,-0.8715045,1.537936,-0.6146926,1,1,1,-0.003669665,-0.04921003,0.9987817,0.0008044513,-0.001351013,-0.02645258,1.366667,58
0,0.0755799,-0.04956545,1.000044,-0.0836473,-0.05157764,0.9999927,-0.004034936,-0.05057149,1.000018,0.1412414,0.102277,-0.9846778,0,-0.005976968,0.9947189,0.1024626,0,-0.9899572,0.008586571,-0.1411068,0,-0.4763011,-1.435549,-1.102566,1,0.1412414,-0.005976969,-0.9899572,0,0.102277,0.9947188,0.00858657,0,-0.9846777,0.1024626,-0.1411068,0,-0.8715747,1.538093,-0.6147707,1,1,1,-0.00473249,-0.0479098,0.9988405,0.0008285902,-0.001334992,-0.0264855,1.377778,59
0,0.07200562,-0.04689943,0.999938,-0.08328907,-0.05870022,0.9998932,-0.005642831,-0.05280001,0.9999157,0.1408079,0.09878079,-0.9850968,0,-0.005404308,0.9950719,0.09900858,0,-0.9900222,0.008617431,-0.1406478,0,-0.4776729,-1.439419,-1.097277,1,0.1408079,-0.0054043,-0.9900221,0,0.09878079,0.9950719,0.008617423,0,-0.9850966,0.09900857,-0.1406478,0,-0.871477,1.538384,-0.6148323,1,1,1,-0.006285865,-0.0503,0.9987144,0.0008204272,-0.001080299,-0.02699085,1.4,60
0,0.07189302,-0.05479764,0.9998596,-0.08558965,-0.0541729,0.9998308,-0.006848946,-0.05448522,0.9998451,0.1406725,0.09620765,-0.9853706,0,-0.004841235,0.9953223,0.09648816,0,-0.9900444,0.00880282,-0.1404802,0,-0.4786313,-1.442146,-1.093516,1,0.1406725,-0.004841231,-0.9900444,0,0.09620766,0.9953224,0.008802821,0,-0.9853707,0.09648816,-0.1404803,0,-0.8714431,1.538594,-0.6147887,1,1,1,-0.007453239,-0.05196328,0.9986212,0.0008140411,-0.001058556,-0.02690005,1.411111,61
0,0.0770949,-0.07104329,0.9998493,-0.08994922,-0.0445153,0.9998289,-0.006427735,-0.05777906,0.9998392,0.1400126,0.09044966,-0.9860098,0,-0.002064247,0.9958434,0.0910586,0,-0.9901476,0.01071398,-0.1396173,0,-0.4836314,-1.447247,-1.085194,1,0.1400125,-0.002064241,-0.9901475,0,0.09044965,0.9958433,0.01071398,0,-0.9860098,0.0910586,-0.1396173,0,-0.8713946,1.539049,-0.6148726,1,0.9754587,0.9275711,-0.007059908,-0.05514383,0.9984534,0.0008298801,-0.001091332,-0.02656865,1.433333,62
0,5.960464E-08,1.215376E-07,1.000041,5.960464E-08,1.215376E-07,1.000041,5.960464E-08,1.215376E-07,1.000041,0.1394885,0.08764938,-0.986337,0,-0.0001841597,0.9960771,0.08848888,0,-0.9902237,0.01216154,-0.1389574,0,-0.4870479,-1.449371,-1.081155,1,0.1394885,-0.0001841577,-0.9902236,0,0.08764937,0.9960771,0.01216154,0,-0.9863369,0.08848887,-0.1389574,0,-0.8714093,1.539265,-0.6148944,1,0.9342633,0.8582014,0,0,1,0,0,0,1.444445,63
0,0,2.018642E-07,1.000212,0,2.018642E-07,1.000212,0,2.018642E-07,1.000212,0.1387421,0.08514732,-0.9866614,0,0.002156582,0.9962686,0.08627968,0,-0.9903263,0.01409845,-0.1380408,0,-0.4913905,-1.450822,-1.077682,1,0.1387421,0.002156589,-0.9903261,0,0.08514732,0.9962686,0.01409844,0,-0.9866613,0.08627966,-0.1380408,0,-0.8715972,1.539451,-0.6149467,1,0.7287771,0.711286,0,0,1,0,0,0,1.455556,64
0,1.043081E-07,-1.909211E-08,1.000356,1.043081E-07,-1.909211E-08,1.000356,1.043081E-07,-1.909211E-08,1.000356,0.1372991,0.08100177,-0.9872121,0,0.006736163,0.9965513,0.08270492,0,-0.9905068,0.01800533,-0.1362799,0,-0.4997481,-1.452728,-1.072004,1,0.1372991,0.006736162,-0.9905068,0,0.08100177,0.9965513,0.01800533,0,-0.9872121,0.08270491,-0.13628,0,-0.8720064,1.539745,-0.6149397,1,0.2205345,0.2704697,0,0,1,0,0,0,1.477778,65
0,-1.192093E-07,2.630986E-07,1.000113,-1.192093E-07,2.630986E-07,1.000113,-1.192093E-07,2.630986E-07,1.000113,0.1365743,0.07900399,-0.9874745,0,0.008983079,0.996675,0.08098251,0,-0.9905891,0.01993069,-0.1354105,0,-0.5038117,-1.453654,-1.069156,1,0.1365743,0.008983075,-0.9905891,0,0.07900398,0.996675,0.01993069,0,-0.9874744,0.08098251,-0.1354105,0,-0.8721124,1.53993,-0.6148732,1,0.2162694,0.1669356,0,0,1,0,0,0,1.488889,66
0,2.980232E-08,1.508743E-07,0.9999619,2.980232E-08,1.508743E-07,0.9999619,2.980232E-08,1.508743E-07,0.9999619,0.135183,0.07418682,-0.9880394,0,0.01441151,0.9969403,0.07682692,0,-0.9907158,0.02462483,-0.1337002,0,-0.5134844,-1.455787,-1.062253,1,0.135183,0.01441151,-0.990716,0,0.07418682,0.9969402,0.02462483,0,-0.9880394,0.07682691,-0.1337002,0,-0.8721336,1.540342,-0.6148922,1,0.1739196,0.1815822,0,0,1,0,0,0,1.511111,67
0,1.490116E-08,1.613516E-07,1.000055,1.490116E-08,1.613516E-07,1.000055,1.490116E-08,1.613516E-07,1.000055,0.1340684,0.07164159,-0.9883791,0,0.01728546,0.9970626,0.07461568,0,-0.9908213,0.02708819,-0.1324362,0,-0.5189187,-1.45689,-1.058418,1,0.1340684,0.01728546,-0.9908213,0,0.07164159,0.9970626,0.02708819,0,-0.9883791,0.07461569,-0.1324362,0,-0.8721735,1.540555,-0.6148641,1,0.279542,0.2759006,0,0,1,0,0,0,1.522222,68
0,2.980232E-08,8.940697E-08,1.000058,2.980232E-08,8.940697E-08,1.000058,2.980232E-08,8.940697E-08,1.000058,0.1320044,0.06684783,-0.9889926,0,0.02275769,0.9972561,0.07044393,0,-0.9909879,0.0318061,-0.1301209,0,-0.5291861,-1.458807,-1.051088,1,0.1320044,0.02275769,-0.9909878,0,0.06684783,0.9972562,0.03180609,0,-0.9889926,0.07044394,-0.1301209,0,-0.8721454,1.54089,-0.6147866,1,0.5154692,0.5292267,0,0,1,0,0,0,1.544444,69
0,-4.470348E-08,-4.610047E-08,1.000106,-4.470348E-08,-4.610047E-08,1.000106,-4.470348E-08,-4.610047E-08,1.000106,0.1310021,0.06452784,-0.9892799,0,0.02510995,0.9973434,0.06837891,0,-0.9910641,0.03379855,-0.1290338,0,-0.5336698,-1.459909,-1.047591,1,0.1310021,0.02510995,-0.9910641,0,0.06452784,0.9973434,0.03379856,0,-0.9892797,0.0683789,-0.1290338,0,-0.8722443,1.541064,-0.6147329,1,0.7763962,0.6799867,0,0,1,0,0,0,1.555556,70
0,8.940697E-08,2.505258E-07,1.000067,8.940697E-08,2.505258E-07,1.000067,8.940697E-08,2.505258E-07,1.000067,0.1302999,0.06245635,-0.9895055,0,0.02675722,0.997429,0.06647991,0,-0.9911135,0.03513874,-0.1282937,0,-0.5367695,-1.461201,-1.044471,1,0.1302999,0.02675722,-0.9911135,0,0.06245635,0.997429,0.03513874,0,-0.9895055,0.06647991,-0.1282937,0,-0.8723078,1.541243,-0.6146538,1,0.8413343,0.7707919,0,0,1,0,0,0,1.566667,71
0,0.06375463,-0.0342643,0.9999149,-0.09801859,-0.04590065,0.999857,-0.0171334,-0.04008243,0.9998859,0.1296018,0.05822903,-0.989855,0,0.02948539,0.9976065,0.06254555,0,-0.9911277,0.03729227,-0.1275747,0,-0.5414832,-1.464275,-1.038388,1,0.1296018,0.02948539,-0.9911277,0,0.05822903,0.9976065,0.03729227,0,-0.9898549,0.06254554,-0.1275747,0,-0.872413,1.541682,-0.6145449,1,0.9047127,0.8604061,-0.01747774,-0.03795788,0.9991265,0.0008255308,-0.001079674,-0.02675023,1.588889,72
0,0.06614976,-0.03068599,1.000004,-0.1032591,-0.05282395,0.9999249,-0.01855676,-0.04175551,0.9999646,0.129472,0.05594492,-0.9900036,0,0.03035368,0.9977157,0.06035035,0,-0.9911183,0.03786393,-0.1274781,0,-0.5428012,-1.466272,-1.035131,1,0.129472,0.03035368,-0.9911184,0,0.05594492,0.9977156,0.03786393,0,-0.9900037,0.06035035,-0.1274781,0,-0.8724751,1.541869,-0.6144179,1,0.9384357,0.9161568,-0.01888359,-0.03951119,0.9990406,0.0008475119,-0.00115506,-0.02661987,1.6,73
0,0.05950201,-0.03509196,0.9999479,-0.09649615,-0.05147647,0.9999502,-0.01849692,-0.04328416,0.999949,0.1298135,0.05319379,-0.9901105,0,0.03122927,0.9978452,0.0577038,0,-0.9910465,0.03841116,-0.1278725,0,-0.5435938,-1.468766,-1.03144,1,0.1298135,0.03122927,-0.9910465,0,0.05319379,0.9978452,0.03841116,0,-0.9901106,0.0577038,-0.1278726,0,-0.8725449,1.542095,-0.6142027,1,0.9384357,0.9161568,-0.01882113,-0.0409736,0.9989829,0.000841911,-0.001183647,-0.02651574,1.611111,74
0,0.06108181,-0.04719008,0.9998605,-0.09896082,-0.04647223,1.000034,-0.01893522,-0.04683118,0.9999471,0.1314973,0.04746696,-0.9901794,0,0.03211886,0.9981245,0.05211327,0,-0.9907961,0.03865619,-0.1297261,0,-0.5430149,-1.474557,-1.024118,1,0.1314973,0.03211886,-0.9907961,0,0.04746697,0.9981245,0.03865619,0,-0.9901795,0.05211327,-0.1297261,0,-0.8726633,1.542603,-0.6138712,1,0.9530756,0.9645345,-0.01926827,-0.04450274,0.9988235,0.000869805,-0.001089195,-0.02669577,1.633333,75
0,0.06200334,-0.04469796,0.9998816,-0.0981783,-0.05848955,1.000005,-0.01808442,-0.0515935,0.9999431,0.1325159,0.04459196,-0.9901773,0,0.03236301,0.9982602,0.04928713,0,-0.9906524,0.03857645,-0.1308423,0,-0.542207,-1.477594,-1.020509,1,0.132516,0.03236302,-0.9906524,0,0.04459196,0.9982602,0.03857645,0,-0.9901772,0.04928712,-0.1308422,0,-0.8727452,1.542868,-0.613664,1,0.98232,0.9750304,-0.01840388,-0.04926046,0.9986165,0.000841652,-0.0009352341,-0.02700743,1.644444,76
0,-2.980232E-08,-1.629815E-08,1.000078,-2.980232E-08,-1.629815E-08,1.000078,-2.980232E-08,-1.629815E-08,1.000078,0.1352307,0.03894616,-0.9900484,0,0.03259695,0.9985114,0.04373149,0,-0.9902778,0.0381864,-0.1337599,0,-0.5395555,-1.483709,-1.013736,1,0.1352307,0.03259695,-0.9902778,0,0.03894616,0.9985114,0.0381864,0,-0.9900484,0.0437315,-0.1337599,0,-0.8728985,1.543421,-0.6132495,1,0.9845631,0.9519489,0,0,1,0,0,0,1.666667,77
0,-1.043081E-07,1.653098E-07,1.000009,-1.043081E-07,1.653098E-07,1.000009,-1.043081E-07,1.653098E-07,1.000009,0.1370888,0.03630335,-0.9898934,0,0.03242904,0.998628,0.04111474,0,-0.9900278,0.03773766,-0.1357235,0,-0.5373798,-1.48683,-1.010768,1,0.1370888,0.03242904,-0.9900277,0,0.03630334,0.998628,0.03773766,0,-0.9898931,0.04111473,-0.1357234,0,-0.8729069,1.543774,-0.6130964,1,0.808004,0.8026437,0,0,1,0,0,0,1.677778,78
0,8.940697E-08,-9.126961E-08,1.000035,8.940697E-08,-9.126961E-08,1.000035,8.940697E-08,-9.126961E-08,1.000035,0.141078,0.0306506,-0.9895239,0,0.03230725,0.9988457,0.03554543,0,-0.9894712,0.03698347,-0.1399249,0,-0.5328355,-1.493118,-1.004426,1,0.141078,0.03230725,-0.9894712,0,0.0306506,0.9988458,0.03698348,0,-0.9895238,0.03554544,-0.1399249,0,-0.8729667,1.544312,-0.6125488,1,0.2261093,0.2485617,0,0,1,0,0,0,1.7,79
0,1.490116E-08,1.499429E-07,1.000071,1.490116E-08,1.499429E-07,1.000071,1.490116E-08,1.499429E-07,1.000071,0.1435013,0.02775215,-0.9892609,0,0.03222086,0.9989458,0.03269777,0,-0.9891255,0.03656701,-0.1424558,0,-0.5300849,-1.49636,-1.001411,1,0.1435013,0.03222086,-0.9891254,0,0.02775215,0.9989458,0.03656701,0,-0.989261,0.03269777,-0.1424558,0,-0.8730615,1.544607,-0.6122599,1,0.1884787,0.1563833,0,0,1,0,0,0,1.711111,80
0,2.980232E-08,2.933666E-08,1.000117,2.980232E-08,2.933666E-08,1.000117,2.980232E-08,2.933666E-08,1.000117,0.1484808,0.02177033,-0.9886756,0,0.0311059,0.9991602,0.02667274,0,-0.988426,0.03471404,-0.147679,0,-0.5230065,-1.503774,-0.9949305,1,0.1484809,0.0311059,-0.988426,0,0.02177034,0.9991601,0.03471404,0,-0.9886756,0.02667273,-0.147679,0,-0.8732694,1.545317,-0.6116815,1,0.1892394,0.172596,0,0,1,0,0,0,1.733333,81
0,-8.940697E-08,4.00003E-07,1.000048,-8.940697E-08,4.00003E-07,1.000048,-8.940697E-08,4.00003E-07,1.000048,0.1512603,0.01904669,-0.9883106,0,0.03051889,0.9992477,0.02392837,0,-0.9880228,0.03378155,-0.1505653,0,-0.5191503,-1.507133,-0.9921747,1,0.1512603,0.03051889,-0.9880227,0,0.01904669,0.9992478,0.03378155,0,-0.9883103,0.02392837,-0.1505652,0,-0.8733438,1.545584,-0.611406,1,0.1777124,0.1488138,0,0,1,0,0,0,1.744444,82
0,8.940697E-08,-9.685755E-08,1.000047,8.940697E-08,-9.685755E-08,1.000047,8.940697E-08,-9.685755E-08,1.000047,0.1538572,0.01673553,-0.9879515,0,0.02986968,0.9993208,0.02157984,0,-0.9876416,0.03283001,-0.1532528,0,-0.5154384,-1.510091,-0.9899133,1,0.1538572,0.02986968,-0.9876414,0,0.01673553,0.9993209,0.03283001,0,-0.9879512,0.02157984,-0.1532528,0,-0.87341,1.545824,-0.611199,1,0.190494,0.20461,0,0,1,0,0,0,1.755556,83
0,7.450581E-08,-6.565824E-08,0.9998185,7.450581E-08,-6.565824E-08,0.9998185,7.450581E-08,-6.565824E-08,0.9998185,0.1594035,0.01284437,-0.98713,0,0.02818472,0.9994485,0.01755597,0,-0.9868111,0.03062047,-0.1589536,0,-0.5070422,-1.515561,-0.986317,1,0.1594035,0.02818472,-0.9868111,0,0.01284437,0.9994485,0.03062047,0,-0.9871299,0.01755597,-0.1589536,0,-0.8733323,1.546332,-0.6107264,1,0.3119088,0.3314223,0,0,1,0,0,0,1.777778,84
0,-1.043081E-07,9.685755E-08,0.9999248,-1.043081E-07,9.685755E-08,0.9999248,-1.043081E-07,9.685755E-08,0.9999248,0.1625869,0.01088087,-0.9866343,0,0.02722541,0.999509,0.01550932,0,-0.9863186,0.02938313,-0.1622109,0,-0.5023316,-1.51828,-0.984625,1,0.1625869,0.0272254,-0.9863185,0,0.01088087,0.999509,0.02938313,0,-0.9866341,0.01550932,-0.1622108,0,-0.8732719,1.546481,-0.610564,1,0.6349387,0.6055371,0,0,1,0,0,0,1.788889,85
0,0.1054864,-0.02953956,0.9996284,-0.06733195,-0.0290827,1.000194,0.01909302,-0.02931122,0.9999109,0.168961,0.007348901,-0.9855953,0,0.02459715,0.9996293,0.01167024,0,-0.9853158,0.02621465,-0.1687176,0,-0.4915709,-1.523884,-0.9817774,1,0.168961,0.02459715,-0.9853158,0,0.0073489,0.9996293,0.02621465,0,-0.9855953,0.01167024,-0.1687176,0,-0.87338,1.546868,-0.6100476,1,0.8205417,0.7458892,0.0180285,-0.02737162,0.9994627,0.0005863793,-0.001213844,-0.02605753,1.811111,86
0,0.09110121,-0.03441324,0.9996287,-0.06659417,-0.03119458,1.00014,0.012266,-0.03280467,0.9998845,0.1721012,0.005551211,-0.9850637,0,0.02278471,0.9996942,0.009614393,0,-0.9848157,0.02409904,-0.1719221,0,-0.4854456,-1.527085,-0.9800725,1,0.1721012,0.02278471,-0.9848157,0,0.005551211,0.9996942,0.02409904,0,-0.9850636,0.009614392,-0.1719221,0,-0.8734108,1.547102,-0.6097693,1,0.8619681,0.8024157,0.01138701,-0.03092248,0.9994569,0.0005706102,-0.001044914,-0.02663411,1.822222,87
0,0.09145722,-0.02961618,0.9997872,-0.06510857,-0.03147238,1.000312,0.01318681,-0.03054406,1.00005,0.1754206,0.003518665,-0.9844873,0,0.02058893,0.9997618,0.007241891,0,-0.9842783,0.02153992,-0.1753064,0,-0.4784803,-1.530716,-0.9781209,1,0.1754206,0.02058893,-0.9842783,0,0.003518665,0.9997617,0.02153992,0,-0.9844872,0.00724189,-0.1753063,0,-0.8736262,1.547286,-0.6094571,1,0.938924,0.8865098,0.01229851,-0.028681,0.999513,0.0005546566,-0.001084732,-0.02659143,1.833333,88
