flag,xl,yl,zl,xr,yr,zr,xc,yc,zc,mat_00,mat_10,mat_20,mat_30,mat_01,mat_11,mat_21,mat_31,mat_02,mat_12,mat_22,mat_32,mat_03,mat_13,mat_23,mat_33,ctw_00,ctw_10,ctw_20,ctw_30,ctw_01,ctw_11,ctw_21,ctw_31,ctw_02,ctw_12,ctw_22,ctw_32,ctw_03,ctw_13,ctw_23,ctw_33,opennessl,opennessr,ray_x,ray_y,ray_z,eye_x,eye_y,eye_z,time,frame
6,-0.0983873,-0.07337675,0.999817,-0.2094216,-0.09115934,0.9998265,-0.1539042,-0.08226804,0.9998217,0.03982657,-0.105863,-0.9935828,0,-0.02557632,0.993938,-0.106926,0,-0.9988792,-0.02967069,-0.03687757,0,-0.9529288,-1.791599,-0.7991886,1,0.03982659,-0.02557632,-0.9988793,0,-0.105863,0.993938,-0.02967069,0,-0.9935829,-0.106926,-0.03687756,0,-0.9457722,1.670912,-1.034491,1,1.0,1.0,-0.1493815,-0.08082976,0.9854704,0.0009435266,0.001519814,-0.02171124,32.12222,1940
6,-0.09844634,-0.0700136,0.9997582,-0.2099378,-0.09157896,0.9997694,-0.1541918,-0.08079641,0.9997638,0.03973484,-0.1049612,-0.9936821,0,-0.02543364,0.9940391,-0.1060159,0,-0.9988865,-0.02948548,-0.03682846,0,-0.9531974,-1.790602,-0.8004538,1,0.03973486,-0.02543363,-0.9988865,0,-0.1049612,0.9940391,-0.02948548,0,-0.9936822,-0.1060159,-0.03682844,0,-0.9454653,1.670824,-1.034412,1,1.0,1.0,-0.1496795,-0.07941949,0.9855398,0.000944023,0.001518112,-0.02170317,32.14444,1941
6,-0.09794784,-0.07020291,0.9996039,-0.2100768,-0.09243803,0.9996632,-0.1540115,-0.08132016,0.9996337,0.04015702,-0.1044878,-0.9937151,0,-0.02530748,0.9940919,-0.1055501,0,-0.9988728,-0.029387,-0.03727543,0,-0.9529725,-1.79002,-0.8012534,1,0.04015701,-0.02530748,-0.9988728,0,-0.1044878,0.9940919,-0.029387,0,-0.9937151,-0.1055501,-0.03727545,0,-0.9449843,1.670754,-1.034369,1,1.0,1.0,-0.1495232,-0.07994095,0.9855213,0.0009461222,0.001526474,-0.02170805,32.16667,1942
6,-0.09797572,-0.07021809,0.9998212,-0.2101066,-0.092453,0.9998323,-0.1540412,-0.0813356,0.9998268,0.04020047,-0.1042501,-0.9937384,0,-0.02524102,0.9941189,-0.1053111,0,-0.9988728,-0.02931653,-0.03733265,0,-0.9530392,-1.789762,-0.8015331,1,0.04020045,-0.02524102,-0.9988727,0,-0.1042501,0.994119,-0.02931652,0,-0.9937382,-0.1053111,-0.03733267,0,-0.9447843,1.67077,-1.034358,1,1.0,1.0,-0.1495232,-0.07994095,0.9855213,0.0009461222,0.001526474,-0.02170805,32.17778,1943
6,-0.0979984,-0.07023054,1.0,-0.2101361,-0.09246828,1.0,-0.1540672,-0.08134947,1.0,0.04020047,-0.1042501,-0.9937384,0,-0.02524102,0.9941189,-0.1053111,0,-0.9988728,-0.02931653,-0.03733265,0,-0.9530392,-1.789762,-0.8015331,1,0.04020045,-0.02524102,-0.9988727,0,-0.1042501,0.994119,-0.02931652,0,-0.9937382,-0.1053111,-0.03733267,0,-0.9447843,1.67077,-1.034358,1,1.0,1.0,-0.1495232,-0.07994095,0.9855213,0.0009461222,0.001526474,-0.02170805,32.18889,1944
6,-0.09740375,-0.06932024,0.9998389,-0.2114365,-0.09245992,0.999863,-0.1544199,-0.08088983,0.9998509,0.04058003,-0.1044418,-0.9937028,0,-0.02535083,0.9940942,-0.1055182,0,-0.9988547,-0.02947313,-0.03769273,0,-0.9524267,-1.789978,-0.8012984,1,0.04058006,-0.02535083,-0.9988545,0,-0.1044418,0.9940942,-0.02947312,0,-0.9937027,-0.1055182,-0.03769268,0,-0.9445515,1.67071,-1.034295,1,1.0,1.0,-0.1498843,-0.07951063,0.9855013,0.0009495169,0.001530129,-0.0217147,32.21111,1945
6,-0.09737334,-0.06920939,0.999844,-0.2112253,-0.09069411,0.9998586,-0.1542991,-0.07995174,0.9998512,0.04071099,-0.1042573,-0.9937167,0,-0.02567707,0.9941037,-0.1053498,0,-0.9988409,-0.02980463,-0.03779393,0,-0.9517713,-1.790222,-0.8015203,1,0.040711,-0.02567707,-0.998841,0,-0.1042573,0.9941036,-0.02980463,0,-0.9937168,-0.1053498,-0.03779392,0,-0.9443803,1.670787,-1.034318,1,1.0,1.0,-0.1497818,-0.07861359,0.9855888,0.00095041,0.00153183,-0.02171687,32.22222,1946
6,-0.09819724,-0.06999864,0.9998335,-0.2112693,-0.09159966,0.9998329,-0.1547333,-0.08079909,0.9998331,0.0406751,-0.1041035,-0.9937344,0,-0.02610405,0.9941072,-0.105211,0,-0.9988314,-0.03021996,-0.03771788,0,-0.9510562,-1.790462,-0.8013572,1,0.04067509,-0.02610405,-0.9988313,0,-0.1041035,0.9941073,-0.03021996,0,-0.9937344,-0.105211,-0.03771789,0,-0.9440452,1.670774,-1.034278,1,1.0,1.0,-0.1501836,-0.07942973,0.9854622,0.0009509744,0.001539826,-0.02172238,32.24445,1947
6,-0.09716329,-0.06940399,0.9997978,-0.1988336,-0.09635347,0.999798,-0.1479984,-0.08287873,0.9997981,0.04061347,-0.1038381,-0.9937646,0,-0.02616822,0.9941336,-0.1049461,0,-0.9988322,-0.03026728,-0.03765798,0,-0.9509975,-1.790262,-0.8015525,1,0.04061349,-0.02616821,-0.9988322,0,-0.1038381,0.9941335,-0.03026728,0,-0.9937648,-0.1049461,-0.03765796,0,-0.9438287,1.670753,-1.034258,1,1.0,1.0,-0.1438144,-0.08154616,0.9862391,0.0009832243,0.001597107,-0.02187631,32.25556,1948
6,-0.09737417,-0.06948479,0.9997883,-0.1988965,-0.09654021,0.9997565,-0.1481357,-0.08301275,0.9997724,0.04030216,-0.1039787,-0.9937626,0,-0.02586413,0.9941289,-0.105066,0,-0.9988527,-0.02993719,-0.03737622,0,-0.9518359,-1.79008,-0.8008833,1,0.04030216,-0.02586413,-0.9988527,0,-0.1039788,0.9941289,-0.02993719,0,-0.9937627,-0.105066,-0.03737622,0,-0.9436572,1.670806,-1.034268,1,1.0,1.0,-0.1439441,-0.08167615,0.9862095,0.0009821085,0.001598885,-0.02188374,32.26667,1949
6,-0.09693651,-0.06925525,0.9997393,-0.1988867,-0.09605679,0.9997314,-0.1479117,-0.08265626,0.9997354,0.04004198,-0.104301,-0.9937395,0,-0.02578018,0.9940981,-0.1053775,0,-0.9988655,-0.0298383,-0.03711671,0,-0.9522009,-1.790276,-0.799715,1,0.04004192,-0.02578018,-0.9988652,0,-0.104301,0.9940981,-0.0298383,0,-0.9937393,-0.1053775,-0.03711675,0,-0.9433078,1.67089,-1.034222,1,1.0,1.0,-0.1437396,-0.08134056,0.986267,0.0009815516,0.001601036,-0.02189301,32.28889,1950
6,-0.0960646,-0.06893628,0.9998415,-0.1991562,-0.09601769,0.9997946,-0.1476109,-0.08247723,0.9998181,0.03959775,-0.104314,-0.9937559,0,-0.0258527,0.9940959,-0.1053798,0,-0.9988813,-0.02986408,-0.03666717,0,-0.9524662,-1.790347,-0.7991469,1,0.03959775,-0.0258527,-0.998881,0,-0.104314,0.9940959,-0.02986407,0,-0.9937558,-0.1053798,-0.03666716,0,-0.9431995,1.670939,-1.03417,1,1.0,1.0,-0.1434458,-0.0811668,0.9863241,0.0009814678,0.001601608,-0.0218928,32.3,1951
6,-0.09573765,-0.06898511,0.9999083,-0.1990732,-0.09520697,0.9998723,-0.1474058,-0.08209623,0.9998903,0.0391615,-0.1050475,-0.9936959,0,-0.02618477,0.9940093,-0.1061126,0,-0.9988899,-0.03017525,-0.03617626,0,-0.9523693,-1.791218,-0.7972144,1,0.03916151,-0.02618479,-0.9988896,0,-0.1050475,0.9940093,-0.03017522,0,-0.9936957,-0.1061126,-0.03617625,0,-0.9430553,1.670955,-1.034202,1,1.0,1.0,-0.1432468,-0.08079871,0.9863833,0.0009814678,0.001601891,-0.02189105,32.32222,1952
6,-0.09573528,-0.06936208,0.9998564,-0.1977687,-0.09652752,0.9998361,-0.1467522,-0.08294498,0.9998462,0.03899217,-0.1051621,-0.9936904,0,-0.02618179,0.9939977,-0.106222,0,-0.9988965,-0.03015842,-0.03600478,0,-0.9525558,-1.791313,-0.7967293,1,0.03899215,-0.02618179,-0.9988964,0,-0.1051621,0.9939977,-0.03015842,0,-0.9936904,-0.106222,-0.03600479,0,-0.9429383,1.670991,-1.034214,1,1.0,1.0,-0.1426256,-0.08162344,0.9864054,0.0009814678,0.00160173,-0.02188674,32.33334,1953
6,-0.09560291,-0.06961083,0.9998068,-0.1991632,-0.09683193,0.9997806,-0.1473833,-0.08322157,0.9997936,0.03885645,-0.1055121,-0.9936587,0,-0.0263915,0.9939543,-0.1065755,0,-0.9988964,-0.0303653,-0.03583688,0,-0.9523466,-1.791812,-0.7957817,1,0.0388564,-0.02639152,-0.998896,0,-0.1055121,0.9939543,-0.03036528,0,-0.9936584,-0.1065755,-0.03583689,0,-0.9427882,1.671035,-1.034222,1,1.0,1.0,-0.1432273,-0.08188561,0.9862965,0.0009818189,0.001601311,-0.02188374,32.34444,1954
6,-0.09516159,-0.06946898,0.9998705,-0.1990731,-0.09546388,0.9998602,-0.1471175,-0.0824665,0.9998653,0.03879869,-0.105726,-0.993638,0,-0.02629045,0.9939346,-0.1067842,0,-0.9989011,-0.03026627,-0.03578377,0,-0.9526316,-1.791857,-0.7952481,1,0.03879869,-0.02629044,-0.9989011,0,-0.1057261,0.9939346,-0.03026628,0,-0.9936382,-0.1067842,-0.03578378,0,-0.9426739,1.671023,-1.034275,1,1.0,1.0,-0.1429747,-0.08115815,0.9863932,0.0009818505,0.001600319,-0.02188284,32.35556,1955
6,-0.09415299,-0.07106027,0.9999167,-0.1995318,-0.09495228,0.9999474,-0.1468419,-0.08300596,0.9999321,0.03915095,-0.1056759,-0.9936296,0,-0.02666023,0.9939275,-0.106758,0,-0.9988776,-0.03067007,-0.03609592,0,-0.9516032,-1.792208,-0.795419,1,0.039151,-0.02666022,-0.9988776,0,-0.1056759,0.9939277,-0.03067007,0,-0.9936296,-0.106758,-0.03609587,0,-0.9424888,1.671038,-1.034214,1,1.0,1.0,-0.1427019,-0.08167397,0.9863902,0.0009841919,0.001601021,-0.02187914,32.38889,1956
6,-0.09384422,-0.07129984,1.00002,-0.1998134,-0.09492031,1.000069,-0.1468282,-0.08310994,1.000044,0.039612,-0.1051931,-0.9936625,0,-0.02754108,0.9939503,-0.1063215,0,-0.9988354,-0.03157815,-0.03647518,0,-0.949672,-1.792647,-0.7965249,1,0.03961195,-0.02754108,-0.9988355,0,-0.1051931,0.9939502,-0.03157815,0,-0.9936627,-0.1063215,-0.03647523,0,-0.9424328,1.670959,-1.034228,1,1.0,1.0,-0.1426736,-0.08176592,0.9863867,0.0009856727,0.001602097,-0.02188062,32.4,1957
6,-0.09321666,-0.07089893,0.9997997,-0.1993362,-0.09228592,0.9998288,-0.1462761,-0.08159218,0.9998143,0.03987962,-0.1049325,-0.9936794,0,-0.02793806,0.9939646,-0.1060838,0,-0.9988139,-0.03199206,-0.03670728,0,-0.9487494,-1.792849,-0.7969395,1,0.03987958,-0.02793807,-0.9988139,0,-0.1049325,0.9939647,-0.03199206,0,-0.9936794,-0.1060838,-0.03670733,0,-0.9421948,1.67098,-1.034235,1,1.0,1.0,-0.1422052,-0.08033409,0.986572,0.0009916537,0.001601463,-0.02188014,32.41111,1958
6,-0.09236066,-0.07200842,0.9999191,-0.1988376,-0.09178144,0.9999551,-0.1455988,-0.08189468,0.9999371,0.04047745,-0.1044897,-0.9937021,0,-0.02843931,0.9939936,-0.1056788,0,-0.9987758,-0.03253781,-0.03726268,0,-0.9473561,-1.792957,-0.7977632,1,0.04047741,-0.02843931,-0.9987754,0,-0.1044897,0.9939936,-0.0325378,0,-0.9937018,-0.1056788,-0.0372627,0,-0.9417377,1.670939,-1.034262,1,1.0,1.0,-0.1415482,-0.08062142,0.986643,0.0009965217,0.001601166,-0.02188533,32.43333,1959
6,-0.09207544,-0.07187214,0.9998302,-0.1989053,-0.09202677,0.9998517,-0.1454901,-0.08194932,0.999841,0.04073817,-0.1045459,-0.9936852,0,-0.0288625,0.9939728,-0.1057594,0,-0.9987528,-0.03298868,-0.03747517,0,-0.9463962,-1.793395,-0.7976484,1,0.04073817,-0.02886249,-0.998753,0,-0.1045459,0.9939728,-0.03298868,0,-0.9936855,-0.1057594,-0.03747518,0,-0.9415492,1.670912,-1.03427,1,1.0,1.0,-0.141458,-0.08068335,0.9866509,0.0009971084,0.001602249,-0.02188819,32.44445,1960
6,-0.09136865,-0.07090186,0.9998713,-0.1982701,-0.09177893,0.9998833,-0.1448192,-0.08134028,0.9998773,0.04087579,-0.1046415,-0.9936696,0,-0.02891218,0.9939605,-0.1058615,0,-0.9987458,-0.03305632,-0.0376035,0,-0.9462234,-1.793528,-0.797462,1,0.04087578,-0.02891217,-0.9987459,0,-0.1046415,0.9939604,-0.03305632,0,-0.9936696,-0.1058615,-0.03760351,0,-0.9414136,1.670918,-1.034312,1,1.0,1.0,-0.140825,-0.0801045,0.9867886,0.0009979242,0.001603912,-0.02189313,32.45555,1961
6,-0.09136538,-0.07066229,0.9998526,-0.1976442,-0.09128757,0.9998621,-0.1445048,-0.08097475,0.9998575,0.04099685,-0.1050261,-0.9936242,0,-0.0287802,0.9939234,-0.1062453,0,-0.9987448,-0.03295244,-0.03772509,0,-0.946417,-1.793739,-0.7965463,1,0.04099687,-0.0287802,-0.9987445,0,-0.1050261,0.9939233,-0.03295241,0,-0.9936239,-0.1062452,-0.03772504,0,-0.9410568,1.670972,-1.034387,1,1.0,1.0,-0.140532,-0.07975968,0.9868582,0.0009979242,0.001605744,-0.02190698,32.47778,1962
6,-0.09097274,-0.06917745,0.9997499,-0.196546,-0.08950692,0.9997562,-0.1437594,-0.07934207,0.999753,0.04107237,-0.1051334,-0.9936095,0,-0.02871712,0.9939137,-0.1063526,0,-0.9987434,-0.03290176,-0.03780323,0,-0.9464539,-1.793714,-0.7961835,1,0.04107235,-0.02871712,-0.9987435,0,-0.1051334,0.9939137,-0.03290176,0,-0.9936097,-0.1063527,-0.03780327,0,-0.9408017,1.670941,-1.034379,1,1.0,1.0,-0.1398574,-0.07820915,0.9870781,0.0009986507,0.001607514,-0.02191281,32.48889,1963
6,-0.0905875,-0.06900925,0.9998337,-0.19588,-0.09284665,0.9998488,-0.1432337,-0.08092789,0.9998413,0.04110903,-0.1049733,-0.9936251,0,-0.02843596,0.9939399,-0.1061831,0,-0.99875,-0.03261977,-0.03787488,0,-0.9468583,-1.793231,-0.7962213,1,0.04110901,-0.02843597,-0.9987499,0,-0.1049733,0.9939399,-0.03261976,0,-0.993625,-0.106183,-0.03787488,0,-0.9404624,1.670894,-1.034326,1,1.0,1.0,-0.1393257,-0.07974925,0.9870301,0.0009971913,0.001629036,-0.02193785,32.51111,1964
6,-0.09060751,-0.06902077,1.0,-0.1959046,-0.09286053,1.0,-0.1432561,-0.08094071,1.0,0.04110903,-0.1049733,-0.9936251,0,-0.02843596,0.9939399,-0.1061831,0,-0.99875,-0.03261977,-0.03787488,0,-0.9468583,-1.793231,-0.7962213,1,0.04110901,-0.02843597,-0.9987499,0,-0.1049733,0.9939399,-0.03261976,0,-0.993625,-0.106183,-0.03787488,0,-0.9404624,1.670894,-1.034326,1,1.0,1.0,-0.1393257,-0.07974925,0.9870301,0.0009971913,0.001629036,-0.02193785,32.52222,1965
6,-0.09021817,-0.06897362,0.9998186,-0.1958706,-0.09135812,0.9998077,-0.1430444,-0.080166,0.9998131,0.04077888,-0.1039307,-0.9937482,0,-0.02835896,0.9940544,-0.1051264,0,-0.9987657,-0.03246861,-0.03758907,0,-0.9471446,-1.792179,-0.7974589,1,0.0407789,-0.02835896,-0.9987657,0,-0.1039307,0.9940545,-0.03246861,0,-0.9937482,-0.1051264,-0.03758906,0,-0.9401123,1.67083,-1.034141,1,1.0,1.0,-0.1391572,-0.07902174,0.9871123,0.0009963373,0.001629036,-0.02193895,32.54445,1966
6,-0.08957028,-0.06895748,0.999894,-0.1941452,-0.09126078,0.9998933,-0.1418579,-0.08010902,0.9998935,0.04068977,-0.103491,-0.9937978,0,-0.02845743,0.9940979,-0.1046874,0,-0.9987665,-0.03254063,-0.03750449,0,-0.9470598,-1.791863,-0.7980241,1,0.04068974,-0.02845743,-0.9987665,0,-0.103491,0.9940979,-0.03254063,0,-0.9937977,-0.1046874,-0.03750453,0,-0.9399805,1.670794,-1.03413,1,1.0,1.0,-0.1380225,-0.07897381,0.9872755,0.0009958278,0.001629036,-0.02193895,32.55556,1967
6,-0.08958586,-0.0690136,1.000025,-0.1944501,-0.09178569,1.000008,-0.1420183,-0.08039977,1.000016,0.04044867,-0.1032478,-0.9938329,0,-0.0282176,0.9941322,-0.1044273,0,-0.9987831,-0.03226752,-0.0372979,0,-0.9477449,-1.791361,-0.7983043,1,0.04044865,-0.0282176,-0.9987831,0,-0.1032478,0.9941321,-0.03226752,0,-0.9938329,-0.1044273,-0.03729791,0,-0.9400001,1.670742,-1.034169,1,1.0,1.0,-0.1381543,-0.07924244,0.9872355,0.0009943629,0.001629036,-0.02193537,32.56667,1968
6,-0.08992939,-0.06974816,1.000039,-0.1943232,-0.09175891,1.000016,-0.1421266,-0.08075354,1.000028,0.04017562,-0.1027369,-0.9938969,0,-0.02861214,0.9941738,-0.1039221,0,-0.9987829,-0.03261265,-0.03700203,0,-0.9473704,-1.791266,-0.7988249,1,0.04017562,-0.02861214,-0.9987829,0,-0.1027369,0.9941737,-0.03261264,0,-0.9938969,-0.1039221,-0.03700203,0,-0.9399175,1.670708,-1.034194,1,1.0,1.0,-0.1382513,-0.0795764,0.9871951,0.0009932173,0.001624832,-0.02193,32.58889,1969
6,-0.09011331,-0.06904294,0.9998658,-0.1946912,-0.09216295,0.9998429,-0.1424023,-0.08060319,0.9998544,0.03996468,-0.1027859,-0.9939004,0,-0.02860032,0.9941698,-0.1039638,0,-0.9987918,-0.03258076,-0.03679198,0,-0.9476213,-1.79124,-0.7984291,1,0.03996469,-0.02860033,-0.9987916,0,-0.1027859,0.9941698,-0.03258075,0,-0.9939003,-0.1039638,-0.03679196,0,-0.9398018,1.670687,-1.034212,1,1.0,1.0,-0.1385361,-0.07944164,0.987166,0.0009923177,0.001624832,-0.02193316,32.6,1970
6,-0.09018686,-0.06912827,0.9999614,-0.1953573,-0.0921814,0.9999499,-0.1427723,-0.08065502,0.9999556,0.03971404,-0.1030405,-0.993884,0,-0.02870622,0.9941405,-0.1042141,0,-0.9987987,-0.03266941,-0.0365234,0,-0.9477211,-1.791557,-0.7977111,1,0.039714,-0.02870621,-0.9987986,0,-0.1030405,0.9941406,-0.03266942,0,-0.993884,-0.1042141,-0.03652343,0,-0.9397973,1.670721,-1.034247,1,1.0,1.0,-0.138873,-0.07947984,0.9871157,0.0009926008,0.001624832,-0.02193316,32.62222,1971
6,-0.08979745,-0.06912217,0.9999103,-0.1953006,-0.09220756,0.9998918,-0.1425492,-0.08066498,0.999901,0.03954285,-0.1030133,-0.9938937,0,-0.02880575,0.9941407,-0.104185,0,-0.9988027,-0.03274964,-0.03634381,0,-0.9477225,-1.79159,-0.7975078,1,0.03954288,-0.02880576,-0.9988024,0,-0.1030133,0.9941407,-0.03274962,0,-0.9938936,-0.104185,-0.03634377,0,-0.9397199,1.670705,-1.034246,1,1.0,1.0,-0.1386694,-0.07949628,0.9871429,0.0009933086,0.001624832,-0.02193316,32.63334,1972
6,-0.0898764,-0.06889637,0.9999405,-0.1961696,-0.09236625,0.9999301,-0.1430232,-0.08063131,0.9999354,0.03944278,-0.102913,-0.9939082,0,-0.02898442,0.9941457,-0.1040878,0,-0.9988015,-0.03291336,-0.03622895,0,-0.947593,-1.791691,-0.7975094,1,0.03944273,-0.02898442,-0.9988012,0,-0.102913,0.9941457,-0.03291335,0,-0.9939079,-0.1040878,-0.03622899,0,-0.9396634,1.670725,-1.034321,1,1.0,1.0,-0.1391149,-0.07945956,0.9870831,0.0009942865,0.001628311,-0.02193401,32.64444,1973
6,-0.08975248,-0.06778831,0.9998052,-0.1962884,-0.0933772,0.999789,-0.1430207,-0.08058294,0.999797,0.03897476,-0.1031536,-0.9939017,0,-0.02956342,0.9941028,-0.1043338,0,-0.9988028,-0.03344953,-0.03569531,0,-0.9470717,-1.792393,-0.7962924,1,0.03897472,-0.02956344,-0.9988028,0,-0.1031536,0.9941028,-0.03344951,0,-0.9939014,-0.1043338,-0.03569534,0,-0.9394161,1.670744,-1.034316,1,1.0,1.0,-0.1391345,-0.07943419,0.9870824,0.0009986265,0.001639961,-0.0219411,32.66667,1974
6,-0.09056559,-0.06770781,0.9999374,-0.1961243,-0.09070397,0.9999149,-0.1433451,-0.07920596,0.9999261,0.03853327,-0.1026214,-0.9939739,0,-0.03058768,0.9941254,-0.1038229,0,-0.9987891,-0.034404,-0.03516793,0,-0.9456667,-1.792797,-0.7965276,1,0.03853325,-0.03058769,-0.998789,0,-0.1026214,0.9941254,-0.03440399,0,-0.9939738,-0.1038228,-0.03516795,0,-0.9392673,1.670641,-1.034213,1,1.0,1.0,-0.1394396,-0.07809924,0.9871459,0.000999473,0.001640572,-0.02194437,32.7,1975
6,-0.091234,-0.0672546,1.000201,-0.1959542,-0.09039093,1.000199,-0.1435941,-0.07882283,1.0002,0.03842008,-0.1022209,-0.9940195,0,-0.03056108,0.9941684,-0.1034175,0,-0.9987942,-0.03435162,-0.03507209,0,-0.9457763,-1.792377,-0.7973327,1,0.03842012,-0.03056108,-0.9987943,0,-0.1022209,0.9941685,-0.03435162,0,-0.9940195,-0.1034175,-0.03507205,0,-0.9394459,1.670563,-1.034171,1,1.0,1.0,-0.1396425,-0.07770912,0.987148,0.001000122,0.001641701,-0.02195044,32.71111,1976
6,-0.0916772,-0.06723531,1.000065,-0.19588,-0.09009111,1.000069,-0.1437786,-0.07866333,1.000067,0.03831178,-0.1016936,-0.9940779,0,-0.03029466,0.9942327,-0.102877,0,-0.9988067,-0.03405666,-0.03501004,0,-0.9462212,-1.791726,-0.798262,1,0.03831176,-0.03029467,-0.9988064,0,-0.1016936,0.9942326,-0.03405665,0,-0.9940776,-0.102877,-0.03501004,0,-0.93949,1.670604,-1.034059,1,1.0,1.0,-0.1398383,-0.07756275,0.9871318,0.001000824,0.001640106,-0.02194516,32.72222,1977
6,-0.09131262,-0.06628282,0.9998047,-0.1953696,-0.08837595,0.9997991,-0.1433412,-0.07732938,0.9998019,0.03818774,-0.1010937,-0.9941438,0,-0.02988979,0.9943087,-0.1022586,0,-0.9988235,-0.03361978,-0.03494871,0,-0.9468479,-1.790804,-0.7990929,1,0.03818771,-0.0298898,-0.9988235,0,-0.1010937,0.9943086,-0.03361977,0,-0.9941437,-0.1022586,-0.03494873,0,-0.9392942,1.670596,-1.033867,1,1.0,1.0,-0.1394777,-0.07630166,0.9872811,0.001004143,0.001635056,-0.02193448,32.74445,1978
6,-0.09154664,-0.06743407,0.9999482,-0.1951619,-0.08777432,0.9999366,-0.1433543,-0.0776042,0.9999424,0.03809619,-0.1013141,-0.9941249,0,-0.02967674,0.9942935,-0.1024685,0,-0.9988334,-0.03340605,-0.03487211,0,-0.9472272,-1.790718,-0.7986141,1,0.03809618,-0.02967675,-0.9988332,0,-0.1013141,0.9942935,-0.03340605,0,-0.9941247,-0.1024685,-0.03487211,0,-0.9392613,1.670556,-1.033792,1,1.0,1.0,-0.1394731,-0.07654927,0.9872627,0.001005111,0.001626457,-0.02190819,32.75556,1979
6,-0.09123313,-0.06583683,1.000005,-0.1940149,-0.08608632,1.000032,-0.1426238,-0.07596162,1.000018,0.03825182,-0.1014064,-0.9941096,0,-0.02924608,0.9942977,-0.102551,0,-0.9988402,-0.03299657,-0.03506798,0,-0.9476382,-1.790369,-0.7985138,1,0.03825182,-0.02924608,-0.9988399,0,-0.1014064,0.9942977,-0.03299656,0,-0.9941092,-0.1025509,-0.03506795,0,-0.9391159,1.670557,-1.033617,1,1.0,1.0,-0.1387904,-0.07496829,0.9874801,0.001007583,0.001621872,-0.02190512,32.77778,1980
6,-0.09004781,-0.0655686,0.9999242,-0.1944843,-0.08611549,0.999925,-0.142266,-0.07584205,0.9999247,0.03822035,-0.1013646,-0.9941149,0,-0.02896619,0.9943113,-0.1024983,0,-0.9988494,-0.03271323,-0.03506678,0,-0.9480501,-1.790073,-0.7985265,1,0.03822035,-0.02896618,-0.9988494,0,-0.1013646,0.9943114,-0.03271324,0,-0.9941148,-0.1024983,-0.03506678,0,-0.9390423,1.670581,-1.03352,1,1.0,1.0,-0.1384686,-0.07486403,0.9875332,0.001011482,0.001621872,-0.02190524,32.78889,1981
6,-0.08996531,-0.06581602,0.9999005,-0.1936625,-0.08559398,0.9999246,-0.1418136,-0.07570487,0.9999126,0.03851867,-0.101211,-0.9941191,0,-0.02805513,0.9943556,-0.1023221,0,-0.998864,-0.03183146,-0.03546172,0,-0.9490721,-1.789094,-0.79909,1,0.03851862,-0.02805514,-0.9988639,0,-0.101211,0.9943556,-0.03183145,0,-0.9941189,-0.1023221,-0.03546176,0,-0.9389096,1.670605,-1.03328,1,1.0,1.0,-0.1380441,-0.07473903,0.9876021,0.00101352,0.001623764,-0.0219104,32.81111,1982
6,-0.09214211,-0.06436993,1.00004,-0.192657,-0.08532295,1.000074,-0.1423993,-0.07484637,1.000057,0.03882623,-0.1012064,-0.9941075,0,-0.02776844,0.9943642,-0.1023171,0,-0.9988601,-0.0315774,-0.03579706,0,-0.9491807,-1.788855,-0.7994424,1,0.03882622,-0.02776844,-0.99886,0,-0.1012064,0.9943641,-0.0315774,0,-0.9941075,-0.1023171,-0.03579706,0,-0.9389222,1.67062,-1.033204,1,1.0,1.0,-0.1385916,-0.07389788,0.9875887,0.001015937,0.001623764,-0.02190512,32.82222,1983
6,-0.09213731,-0.06436721,1.0,-0.1926455,-0.0853163,1.0,-0.1423915,-0.07484181,0.9999999,0.03882623,-0.1012064,-0.9941075,0,-0.02776844,0.9943642,-0.1023171,0,-0.9988601,-0.0315774,-0.03579706,0,-0.9491807,-1.788855,-0.7994424,1,0.03882622,-0.02776844,-0.99886,0,-0.1012064,0.9943641,-0.0315774,0,-0.9941075,-0.1023171,-0.03579706,0,-0.9389222,1.67062,-1.033204,1,1.0,1.0,-0.1385916,-0.07389788,0.9875887,0.001015937,0.001623764,-0.02190512,32.83334,1984
6,-0.09176758,-0.06105132,1.000065,-0.1914202,-0.08324847,1.000134,-0.1415933,-0.07214964,1.0001,0.03996229,-0.1011127,-0.9940721,0,-0.0271154,0.9943906,-0.1022352,0,-0.9988332,-0.03104022,-0.03699642,0,-0.9487448,-1.788265,-0.8008679,1,0.0399623,-0.02711541,-0.9988332,0,-0.1011127,0.9943907,-0.03104022,0,-0.994072,-0.1022352,-0.03699642,0,-0.9390227,1.670631,-1.032775,1,1.0,1.0,-0.1378492,-0.07131922,0.9878822,0.001019714,0.001634354,-0.02192111,32.86667,1985
6,-0.09219453,-0.06141033,0.9999973,-0.1915255,-0.08271553,1.000015,-0.1418598,-0.0720628,1.000006,0.04042369,-0.100987,-0.9940661,0,-0.02725344,0.9943978,-0.102129,0,-0.9988108,-0.03122015,-0.03744501,0,-0.9479169,-1.788365,-0.8014897,1,0.04042372,-0.02725343,-0.9988109,0,-0.100987,0.9943978,-0.03122015,0,-0.9940663,-0.102129,-0.03744499,0,-0.9390172,1.670657,-1.032634,1,1.0,1.0,-0.1381149,-0.07124142,0.9878507,0.001019714,0.001636612,-0.0219228,32.88889,1986
6,-0.09215552,-0.0616798,1.000037,-0.1912802,-0.08236601,1.000047,-0.1417177,-0.07202272,1.000042,0.0405305,-0.1010042,-0.9940602,0,-0.02726861,0.9943952,-0.1021501,0,-0.9988062,-0.03124684,-0.03754914,0,-0.9476753,-1.788403,-0.8015848,1,0.04053054,-0.02726862,-0.998806,0,-0.1010042,0.9943951,-0.03124682,0,-0.99406,-0.1021501,-0.03754909,0,-0.9390499,1.670656,-1.032525,1,1.0,1.0,-0.1379754,-0.07120159,0.987873,0.001019029,0.001635872,-0.02192191,32.9,1987
6,-0.09219196,-0.06233228,1.000164,-0.1922336,-0.08334329,1.000163,-0.1422127,-0.0728379,1.000164,0.04078287,-0.1011953,-0.9940305,0,-0.02686857,0.9943871,-0.1023339,0,-0.9988068,-0.03088166,-0.037835,0,-0.9479005,-1.788102,-0.8017067,1,0.04078287,-0.02686858,-0.9988065,0,-0.1011953,0.9943872,-0.03088164,0,-0.9940302,-0.1023339,-0.03783498,0,-0.93921,1.670555,-1.032321,1,1.0,1.0,-0.138421,-0.07197373,0.9877548,0.001018021,0.001637123,-0.02191443,32.92222,1988
6,-0.09149033,-0.06220765,1.000023,-0.1923494,-0.0823683,1.000024,-0.1419199,-0.07228792,1.000023,0.04084593,-0.1014307,-0.9940038,0,-0.02685598,0.9943631,-0.1025709,0,-0.9988045,-0.03088455,-0.03789169,0,-0.9477636,-1.788265,-0.8013754,1,0.04084595,-0.02685598,-0.9988045,0,-0.1014307,0.9943631,-0.03088455,0,-0.9940037,-0.1025709,-0.03789166,0,-0.9392427,1.670534,-1.032226,1,1.0,1.0,-0.1381644,-0.07145493,0.9878283,0.001015641,0.001634552,-0.02191629,32.93333,1989
6,-0.09050298,-0.06274681,1.000067,-0.191543,-0.08233477,1.000059,-0.141023,-0.0725408,1.000063,0.04071754,-0.1013924,-0.994013,0,-0.02650486,0.9943783,-0.1025154,0,-0.9988191,-0.03052035,-0.03780127,0,-0.9484007,-1.787971,-0.8014554,1,0.04071756,-0.02650486,-0.9988191,0,-0.1013924,0.9943783,-0.03052035,0,-0.9940128,-0.1025154,-0.03780125,0,-0.9393271,1.670621,-1.032146,1,1.0,1.0,-0.1373007,-0.07170537,0.9879305,0.00101117,0.001636681,-0.02192802,32.94445,1990
6,-0.09140009,-0.06446413,1.000174,-0.2020881,-0.0827968,1.000188,-0.146744,-0.07363028,1.000181,0.04086417,-0.1012427,-0.9940223,0,-0.02637884,0.994397,-0.1023653,0,-0.9988165,-0.03040423,-0.03796452,0,-0.9483048,-1.787718,-0.802067,1,0.04086415,-0.02637885,-0.9988165,0,-0.1012427,0.994397,-0.03040423,0,-0.9940221,-0.1023653,-0.03796455,0,-0.9395141,1.670582,-1.031987,1,1.0,1.0,-0.1426731,-0.07267754,0.9870979,0.0009808047,0.001620361,-0.02186739,32.96667,1991
6,-0.09140712,-0.0648801,1.000036,-0.2015052,-0.08272828,1.000016,-0.1464564,-0.07380444,1.000026,0.04067302,-0.1012265,-0.9940317,0,-0.02638086,0.9943992,-0.1023433,0,-0.9988243,-0.03038602,-0.03777474,0,-0.9483938,-1.787681,-0.8019695,1,0.04067297,-0.02638086,-0.9988241,0,-0.1012264,0.9943992,-0.03038602,0,-0.9940315,-0.1023433,-0.03777477,0,-0.9395697,1.670573,-1.031893,1,1.0,1.0,-0.142418,-0.072859,0.9871215,0.0009785984,0.001620911,-0.02186993,32.97778,1992
6,-0.09185328,-0.06481575,1.000232,-0.2003385,-0.08281042,1.000237,-0.1460959,-0.07381303,1.000234,0.04065084,-0.1008926,-0.9940665,0,-0.02627063,0.994437,-0.1020045,0,-0.998828,-0.03026132,-0.03777421,0,-0.9485191,-1.787353,-0.8027782,1,0.04065086,-0.02627063,-0.998828,0,-0.1008926,0.994437,-0.03026132,0,-0.9940665,-0.1020045,-0.03777419,0,-0.9397876,1.670604,-1.031819,1,1.0,1.0,-0.1420446,-0.07285711,0.9871754,0.0009751581,0.001621834,-0.02187314,33.0,1993
6,-0.09183447,-0.06485207,1.000065,-0.2000243,-0.08343005,1.000055,-0.1459296,-0.07414095,1.00006,0.04054409,-0.1008773,-0.9940724,0,-0.02611567,0.9944436,-0.1019801,0,-0.9988364,-0.03009556,-0.03768432,0,-0.9487934,-1.787169,-0.8028034,1,0.04054408,-0.02611567,-0.9988365,0,-0.1008772,0.9944435,-0.03009556,0,-0.9940724,-0.1019801,-0.03768434,0,-0.9398614,1.670591,-1.031728,1,1.0,1.0,-0.1419062,-0.07318567,0.9871709,0.0009739697,0.001621628,-0.0218742,33.01111,1994
6,-0.09260654,-0.06499162,0.9999359,-0.1995811,-0.08342901,0.9999223,-0.1460938,-0.07421038,0.9999291,0.04037327,-0.1008646,-0.9940807,0,-0.02555715,0.9944621,-0.1019412,0,-0.9988577,-0.02952157,-0.03757191,0,-0.9497237,-1.786664,-0.8026515,1,0.04037331,-0.02555715,-0.9988579,0,-0.1008646,0.9944621,-0.02952157,0,-0.9940807,-0.1019412,-0.03757187,0,-0.9397679,1.670674,-1.031541,1,1.0,1.0,-0.1420764,-0.07326007,0.987141,0.0009716265,0.001622055,-0.02187653,33.03333,1995
6,-0.09227081,-0.06563465,0.9998693,-0.1996183,-0.08406499,0.9999048,-0.1459442,-0.07484968,0.9998869,0.04065531,-0.1007928,-0.9940765,0,-0.02522062,0.9944785,-0.101865,0,-0.9988549,-0.02921258,-0.03788882,0,-0.9499132,-1.786351,-0.8029363,1,0.04065536,-0.02522062,-0.9988549,0,-0.1007928,0.9944785,-0.02921258,0,-0.9940764,-0.101865,-0.03788878,0,-0.9396122,1.670739,-1.031432,1,1.0,1.0,-0.1419329,-0.07387871,0.9871155,0.0009709019,0.001622337,-0.02187724,33.04445,1996
6,-0.09236741,-0.06569127,1.000014,-0.1996083,-0.08435521,1.000001,-0.145988,-0.07502336,1.000008,0.04052836,-0.1008588,-0.9940751,0,-0.02508986,0.9944759,-0.1019224,0,-0.9988635,-0.02907196,-0.03777397,0,-0.9501318,-1.786274,-0.8027492,1,0.04052837,-0.02508987,-0.9988632,0,-0.1008588,0.994476,-0.02907195,0,-0.9940748,-0.1019223,-0.03777393,0,-0.9396468,1.67075,-1.031305,1,1.0,1.0,-0.141955,-0.07403884,0.9871003,0.0009706579,0.001624954,-0.02188504,33.05556,1997
6,-0.09266937,-0.06509462,1.000034,-0.1997323,-0.08434572,1.000045,-0.1462005,-0.07472022,1.00004,0.04068589,-0.1006241,-0.9940923,0,-0.02497908,0.9945027,-0.1016879,0,-0.9988597,-0.02896878,-0.03794873,0,-0.9500115,-1.785952,-0.8033478,1,0.04068589,-0.02497909,-0.9988598,0,-0.1006241,0.9945027,-0.02896878,0,-0.9940922,-0.1016879,-0.03794874,0,-0.9396595,1.670713,-1.031151,1,1.0,1.0,-0.1421548,-0.07374273,0.9870938,0.0009702062,0.00162439,-0.02188379,33.07778,1998
6,-0.09231865,-0.06548035,1.00015,-0.1997277,-0.08392889,1.000167,-0.1460229,-0.07470456,1.000159,0.04078537,-0.1003928,-0.9941117,0,-0.0248096,0.9945309,-0.1014531,0,-0.99886,-0.02880132,-0.03807157,0,-0.9501437,-1.785612,-0.8040088,1,0.04078533,-0.02480961,-0.9988598,0,-0.1003929,0.994531,-0.02880131,0,-0.9941115,-0.1014531,-0.0380716,0,-0.9397853,1.670705,-1.031098,1,1.0,1.0,-0.1419713,-0.07371849,0.9871219,0.0009695739,0.001621346,-0.0218775,33.08889,1999
6,-0.09217834,-0.06597643,1.000017,-0.1998131,-0.08235607,1.000025,-0.1459957,-0.07416607,1.000021,0.04087704,-0.09980966,-0.9941667,0,-0.02500891,0.9945843,-0.1008799,0,-0.9988512,-0.02898671,-0.03815955,0,-0.9495291,-1.785294,-0.8051554,1,0.04087706,-0.02500893,-0.9988511,0,-0.09980965,0.9945842,-0.02898669,0,-0.9941664,-0.1008799,-0.03815952,0,-0.9398341,1.670654,-1.030912,1,1.0,1.0,-0.1419691,-0.07321123,0.98716,0.000969178,0.001620842,-0.02187658,33.11111,2000
6,-0.09217887,-0.06558517,1.000053,-0.1999917,-0.08389472,1.000083,-0.146085,-0.07473975,1.000068,0.04111832,-0.09964005,-0.9941736,0,-0.02485413,0.9946052,-0.1007113,0,-0.998845,-0.0288504,-0.03842002,0,-0.9494525,-1.785038,-0.8057295,1,0.04111832,-0.02485413,-0.9988452,0,-0.09964006,0.9946052,-0.0288504,0,-0.9941736,-0.1007113,-0.03842004,0,-0.9398564,1.670664,-1.030811,1,1.0,1.0,-0.1420415,-0.0737569,0.987109,0.0009687347,0.001619705,-0.02187403,33.12222,2001
6,-0.09117413,-0.06576885,1.000048,-0.1996272,-0.08250049,1.00006,-0.1454007,-0.07413449,1.000054,0.0412268,-0.09952842,-0.9941804,0,-0.02498404,0.9946125,-0.1006077,0,-0.9988376,-0.02898638,-0.03851807,0,-0.9490473,-1.785083,-0.8060426,1,0.04122679,-0.02498404,-0.9988372,0,-0.0995284,0.9946123,-0.02898636,0,-0.9941802,-0.1006077,-0.03851806,0,-0.9398918,1.67066,-1.030734,1,1.0,1.0,-0.1414011,-0.07318267,0.9872437,0.0009677364,0.001619034,-0.02186929,33.13334,2002
6,-0.09116094,-0.06572989,0.9999537,-0.1998723,-0.08224199,0.9999632,-0.1455164,-0.07398599,0.9999585,0.04131919,-0.09971201,-0.994158,0,-0.02475667,0.9946001,-0.1007853,0,-0.9988393,-0.02877641,-0.03862751,0,-0.9493154,-1.785021,-0.8057923,1,0.04131917,-0.02475668,-0.9988393,0,-0.09971202,0.9946002,-0.02877641,0,-0.9941581,-0.1007853,-0.03862754,0,-0.9398481,1.670668,-1.030706,1,1.0,1.0,-0.1415242,-0.07304524,0.9872362,0.000966941,0.001618935,-0.0218716,33.16667,2003
6,-0.09217066,-0.06540547,0.9999477,-0.1999487,-0.08201755,0.9999505,-0.1460596,-0.07371157,0.9999491,0.04132348,-0.09941645,-0.9941875,0,-0.02497884,0.9946236,-0.1004983,0,-0.9988335,-0.02898658,-0.03861797,0,-0.9488692,-1.784981,-0.8062201,1,0.04132345,-0.02497884,-0.9988336,0,-0.09941644,0.9946236,-0.02898659,0,-0.9941875,-0.1004983,-0.03861801,0,-0.9397798,1.670658,-1.030638,1,1.0,1.0,-0.1420395,-0.0727772,0.987182,0.0009631645,0.001618805,-0.02186753,33.17778,2004
6,-0.09197114,-0.06542911,1.000287,-0.2004034,-0.08437134,1.000319,-0.1461869,-0.07489998,1.000303,0.04158086,-0.09942795,-0.9941756,0,-0.0251261,0.9946174,-0.100523,0,-0.9988192,-0.02915959,-0.03885877,0,-0.9481062,-1.785089,-0.8066919,1,0.04158083,-0.02512611,-0.9988192,0,-0.09942795,0.9946174,-0.02915959,0,-0.9941756,-0.100523,-0.0388588,0,-0.9400581,1.670567,-1.030386,1,1.0,1.0,-0.1420992,-0.07389665,0.9870902,0.0009609452,0.001622055,-0.02185867,33.2,2005
6,-0.09232736,-0.06638648,1.000129,-0.2000915,-0.08377834,1.00014,-0.1462092,-0.07508247,1.000134,0.04157257,-0.09929732,-0.994189,0,-0.02540144,0.9946226,-0.1004028,0,-0.9988125,-0.02942783,-0.0388267,0,-0.947567,-1.785201,-0.8071327,1,0.04157255,-0.02540144,-0.9988126,0,-0.09929732,0.9946225,-0.02942783,0,-0.994189,-0.1004028,-0.03882673,0,-0.9403153,1.670493,-1.030315,1,1.0,1.0,-0.1421405,-0.07408387,0.9870703,0.0009598853,0.001622498,-0.02185613,33.22222,2006
6,-0.09201919,-0.06679004,1.000053,-0.2005053,-0.08406264,1.000053,-0.1462622,-0.07542641,1.000053,0.04156715,-0.09924254,-0.9941947,0,-0.02540243,0.9946281,-0.1003479,0,-0.9988127,-0.02942614,-0.03882283,0,-0.947531,-1.785164,-0.8072754,1,0.04156712,-0.02540243,-0.9988127,0,-0.09924254,0.9946281,-0.02942613,0,-0.9941947,-0.1003479,-0.03882285,0,-0.940367,1.670496,-1.030277,1,1.0,1.0,-0.1421968,-0.0744203,0.9870369,0.0009586709,0.001623283,-0.02185787,33.23333,2007
6,-0.091536,-0.06681527,1.000011,-0.2012889,-0.08392198,0.9999777,-0.1464129,-0.07536875,0.9999942,0.04138499,-0.09931207,-0.9941955,0,-0.02551935,0.9946182,-0.1004166,0,-0.9988174,-0.02952697,-0.03862792,0,-0.947441,-1.78538,-0.8069044,1,0.04138502,-0.02551935,-0.9988173,0,-0.09931207,0.9946182,-0.02952696,0,-0.9941952,-0.1004166,-0.03862788,0,-0.9403204,1.670567,-1.030206,1,1.0,1.0,-0.1423471,-0.07436828,0.9870191,0.0009584194,0.001624046,-0.02186146,33.25556,2008
6,-0.09154828,-0.06694894,1.000109,-0.2017862,-0.08503862,1.000119,-0.1466671,-0.07599366,1.000114,0.04144639,-0.09910616,-0.9942135,0,-0.02558026,0.994637,-0.1002148,0,-0.9988134,-0.02958578,-0.0386889,0,-0.9472128,-1.785219,-0.8074113,1,0.04144633,-0.02558027,-0.998813,0,-0.09910616,0.994637,-0.02958577,0,-0.9942132,-0.1002147,-0.03868894,0,-0.9404066,1.6705,-1.030143,1,1.0,1.0,-0.1425646,-0.07495852,0.9869431,0.0009580925,0.001625397,-0.02186292,33.26667,2009
6,-0.09109443,-0.06596631,1.000117,-0.1948972,-0.08795956,1.000086,-0.142996,-0.0769633,1.000102,0.04120731,-0.09933817,-0.9942002,0,-0.02533743,0.9946214,-0.1004304,0,-0.9988294,-0.02932896,-0.03846872,0,-0.9477059,-1.785181,-0.8070074,1,0.04120732,-0.02533744,-0.9988293,0,-0.09933816,0.9946214,-0.02932895,0,-0.9942,-0.1004304,-0.0384687,0,-0.9406111,1.670519,-1.029998,1,1.0,1.0,-0.1390934,-0.07594159,0.9873631,0.0009769052,0.001642677,-0.02190075,33.28889,2010
6,-0.09160741,-0.06621462,0.9999853,-0.1948652,-0.08691052,0.999935,-0.1432369,-0.07656264,0.9999601,0.04066688,-0.09945051,-0.994211,0,-0.02474814,0.9946287,-0.1005046,0,-0.9988661,-0.02869208,-0.03798723,0,-0.9489765,-1.784717,-0.8065026,1,0.04066689,-0.02474814,-0.9988663,0,-0.09945053,0.9946288,-0.02869209,0,-0.9942112,-0.1005046,-0.03798724,0,-0.9407331,1.670588,-1.029745,1,1.0,1.0,-0.1393425,-0.07556507,0.9873569,0.0009769052,0.001643929,-0.02191285,33.32222,2011
6,-0.09177707,-0.06694762,1.000021,-0.1940238,-0.08758479,1.000002,-0.1429006,-0.07726626,1.000011,0.04046738,-0.09938872,-0.9942255,0,-0.02470677,0.9946368,-0.1004355,0,-0.9988754,-0.02862847,-0.03779477,0,-0.949203,-1.78466,-0.8064678,1,0.04046737,-0.02470678,-0.9988752,0,-0.09938872,0.9946367,-0.02862846,0,-0.9942254,-0.1004355,-0.03779477,0,-0.9407741,1.670639,-1.029708,1,1.0,1.0,-0.1390101,-0.07624259,0.9873516,0.0009776689,0.001646294,-0.02191731,33.33334,2012
6,-0.09171487,-0.06599489,0.99997,-0.1935102,-0.08714391,0.9999586,-0.1426127,-0.07656951,0.9999642,0.0403766,-0.09945366,-0.9942227,0,-0.02477917,0.9946284,-0.1005006,0,-0.9988772,-0.02869388,-0.03769535,0,-0.9490698,-1.784729,-0.8062372,1,0.04037661,-0.02477917,-0.9988772,0,-0.09945366,0.9946284,-0.02869388,0,-0.9942226,-0.1005006,-0.03769533,0,-0.9407569,1.670598,-1.029606,1,1.0,1.0,-0.1387504,-0.0755794,0.9874392,0.0009777974,0.001646469,-0.02192025,33.34444,2013
6,-0.09156246,-0.06441558,1.000016,-0.1929158,-0.0868543,1.000026,-0.142239,-0.07563487,1.000021,0.04035455,-0.09876368,-0.9942923,0,-0.02554858,0.9946756,-0.09983867,0,-0.9988587,-0.0294317,-0.03761637,0,-0.9478142,-1.784865,-0.8073384,1,0.04035451,-0.02554859,-0.9988588,0,-0.09876368,0.9946755,-0.02943171,0,-0.9942923,-0.09983867,-0.03761642,0,-0.9407616,1.670542,-1.029633,1,1.0,1.0,-0.1383983,-0.07468012,0.9875569,0.0009779064,0.001645294,-0.02192053,33.36667,2014
6,-0.0928198,-0.06422623,1.000106,-0.1926908,-0.08693952,1.000135,-0.1427551,-0.07558269,1.000121,0.04047531,-0.09802012,-0.9943611,0,-0.02547365,0.9947518,-0.09909555,0,-0.9988559,-0.02934094,-0.03776592,0,-0.9477562,-1.78419,-0.8088438,1,0.04047526,-0.02547366,-0.9988556,0,-0.09802011,0.9947518,-0.02934092,0,-0.9943609,-0.09909553,-0.03776595,0,-0.9408084,1.67053,-1.029568,1,1.0,1.0,-0.1388746,-0.07461783,0.9874948,0.000977952,0.001645432,-0.02192076,33.37778,2015
6,-0.09261267,-0.0636035,1.000027,-0.1926202,-0.0864363,1.000036,-0.1426162,-0.07501996,1.000031,0.04053259,-0.09702587,-0.9944562,0,-0.02512896,0.9948603,-0.09808952,0,-0.9988621,-0.02896547,-0.03788614,0,-0.9481919,-1.782937,-0.8107826,1,0.04053263,-0.02512896,-0.9988621,0,-0.09702587,0.9948603,-0.02896548,0,-0.9944562,-0.09808952,-0.0378861,0,-0.9408461,1.670417,-1.029474,1,1.0,1.0,-0.1387609,-0.0740841,0.987551,0.0009785471,0.001644936,-0.02192226,33.4,2016
6,-0.09144025,-0.06455786,0.9999703,-0.1923779,-0.08696915,0.9999964,-0.1419088,-0.07576331,0.9999833,0.04078871,-0.09696683,-0.9944516,0,-0.02521391,0.9948629,-0.09804113,0,-0.9988497,-0.02907298,-0.03813428,0,-0.9477923,-1.782997,-0.8110585,1,0.04078871,-0.02521391,-0.9988495,0,-0.09696683,0.9948629,-0.02907298,0,-0.9944513,-0.09804112,-0.03813425,0,-0.9407905,1.670423,-1.029468,1,1.0,1.0,-0.1380913,-0.07480912,0.9875903,0.0009814762,0.001645302,-0.02192713,33.41111,2017
6,-0.09182209,-0.06401087,1.000024,-0.1922986,-0.08499718,1.000041,-0.14206,-0.07450403,1.000032,0.04089862,-0.09683064,-0.9944603,0,-0.02516987,0.9948773,-0.0979064,0,-0.9988463,-0.02903468,-0.03825188,0,-0.9476788,-1.782779,-0.8114835,1,0.04089859,-0.02516988,-0.9988461,0,-0.09683064,0.9948773,-0.02903467,0,-0.99446,-0.09790639,-0.03825188,0,-0.9408569,1.670344,-1.029388,1,1.0,1.0,-0.1382401,-0.0735924,0.9876608,0.000983269,0.001645515,-0.02194602,33.43333,2018
6,-0.09098607,-0.06389266,1.000019,-0.1915205,-0.08530052,1.00002,-0.1412533,-0.07459665,1.00002,0.04086214,-0.09663118,-0.9944811,0,-0.02519538,0.9948963,-0.09770676,0,-0.998847,-0.02904883,-0.03821892,0,-0.9475877,-1.782721,-0.8118127,1,0.04086212,-0.02519538,-0.9988471,0,-0.09663117,0.9948962,-0.02904883,0,-0.9944811,-0.09770676,-0.03821894,0,-0.9408784,1.670428,-1.029308,1,1.0,1.0,-0.137478,-0.07369259,0.9877597,0.0009857947,0.001648376,-0.02194933,33.44445,2019
6,-0.09098409,-0.06389116,1.0,-0.1915176,-0.08529862,0.9999999,-0.1412508,-0.07459514,0.9999999,0.04086214,-0.09663118,-0.9944811,0,-0.02519538,0.9948963,-0.09770676,0,-0.998847,-0.02904883,-0.03821892,0,-0.9475877,-1.782721,-0.8118127,1,0.04086212,-0.02519538,-0.9988471,0,-0.09663117,0.9948962,-0.02904883,0,-0.9944811,-0.09770676,-0.03821894,0,-0.9408784,1.670428,-1.029308,1,1.0,1.0,-0.137478,-0.07369259,0.9877597,0.0009857947,0.001648376,-0.02194933,33.45555,2020
6,-0.09045275,-0.06342716,1.000014,-0.190781,-0.08396029,1.00006,-0.1406165,-0.07369354,1.000037,0.04119748,-0.09641921,-0.9944879,0,-0.02512807,0.994918,-0.09750187,0,-0.998835,-0.0290064,-0.03856528,0,-0.947264,-1.78249,-0.8125084,1,0.04119747,-0.02512808,-0.998835,0,-0.09641922,0.9949182,-0.0290064,0,-0.9944878,-0.09750187,-0.03856529,0,-0.9408711,1.670408,-1.029199,1,1.0,1.0,-0.1368804,-0.07282823,0.9879068,0.0009869998,0.001648071,-0.02195824,33.47778,2021
6,-0.09046799,-0.06438762,1.000063,-0.1906734,-0.08391371,1.000093,-0.1405704,-0.07415042,1.000078,0.0414257,-0.09619793,-0.9944999,0,-0.02488595,0.9949461,-0.09727772,0,-0.9988317,-0.02877888,-0.03882235,0,-0.9474632,-1.782127,-0.8131837,1,0.04142569,-0.02488596,-0.9988316,0,-0.09619792,0.9949461,-0.02877887,0,-0.9944998,-0.09727771,-0.03882236,0,-0.9408985,1.670437,-1.029213,1,1.0,1.0,-0.1368258,-0.07326921,0.9878818,0.0009868545,0.001652222,-0.0219643,33.48889,2022
6,-0.09014565,-0.06501804,1.000135,-0.1910437,-0.08452594,1.000147,-0.1405945,-0.07477187,1.000141,0.04161036,-0.09598095,-0.994513,0,-0.02483124,0.9949684,-0.09706382,0,-0.9988253,-0.02873385,-0.03901762,0,-0.9472278,-1.781922,-0.8139471,1,0.04161032,-0.02483124,-0.9988254,0,-0.09598095,0.9949684,-0.02873385,0,-0.9945131,-0.09706383,-0.03901767,0,-0.9410972,1.67043,-1.029075,1,1.0,1.0,-0.1368347,-0.07386468,0.9878362,0.0009851297,0.001653931,-0.02195079,33.51111,2023
