flag,xl,yl,zl,xr,yr,zr,xc,yc,zc,mat_00,mat_10,mat_20,mat_30,mat_01,mat_11,mat_21,mat_31,mat_02,mat_12,mat_22,mat_32,mat_03,mat_13,mat_23,mat_33,ctw_00,ctw_10,ctw_20,ctw_30,ctw_01,ctw_11,ctw_21,ctw_31,ctw_02,ctw_12,ctw_22,ctw_32,ctw_03,ctw_13,ctw_23,ctw_33,opennessl,opennessr,ray_x,ray_y,ray_z,eye_x,eye_y,eye_z,time,frame
25,0.2830993,0.3224182,0.9998993,0.01627933,0.1860314,0.9999201,0.1496904,0.2542255,0.9999098,-0.9991972,0.003207122,0.0399325,0,0.01222942,0.9736286,0.2278109,0,0.03814881,-0.2281164,0.9728862,0,0.02365365,-1.913365,0.6377612,1,-0.9991972,0.01222942,0.0381488,0,0.003207123,0.9736286,-0.2281164,0,0.03993249,0.2278109,0.9728862,0,0.004303656,1.717329,-1.057841,1,1.0,0.08693815,0.1424187,0.2453685,0.9589114,-0.002130883,-0.007342027,-0.02230943,44.24445,2744
25,0.2827685,0.323113,0.9999412,0.01696724,0.187256,0.9999876,0.1498702,0.2551862,0.9999642,-0.9992009,0.003183849,0.0398454,0,0.01219671,0.97357,0.228063,0,0.03806617,-0.2283668,0.9728308,0,0.02355747,-1.913427,0.6371107,1,-0.9992006,0.01219671,0.03806616,0,0.00318385,0.97357,-0.2283667,0,0.03984539,0.228063,0.9728307,0,0.004244775,1.717267,-1.057661,1,1.0,0.07598147,0.1425443,0.2461949,0.958681,-0.002129715,-0.007339448,-0.02231002,44.26667,2745
25,0.2841678,0.3233671,1.000005,0.01663215,0.1870805,1.000024,0.150401,0.2552246,1.000015,-0.9991975,0.003266513,0.03992029,0,0.01230527,0.9735035,0.228341,0,0.03811666,-0.228649,0.9727625,0,0.02339038,-1.91358,0.6364844,1,-0.9991975,0.01230528,0.03811666,0,0.003266514,0.9735035,-0.2286489,0,0.03992029,0.228341,0.9727624,0,0.004213706,1.717253,-1.057578,1,1.0,0.03192712,0.1430241,0.2461985,0.9586086,-0.002129738,-0.007339089,-0.02231136,44.27778,2746
25,0.2847995,0.3231142,1.000041,0.01706833,0.1872057,1.000052,0.1509343,0.2551602,1.000047,-0.9992001,0.003247701,0.03985778,0,0.01227093,0.9735141,0.2282975,0,0.03806067,-0.2286039,0.9727752,0,0.02338009,-1.913502,0.6365285,1,-0.9992,0.01227093,0.03806067,0,0.003247702,0.9735141,-0.2286039,0,0.03985777,0.2282975,0.9727752,0,0.004205267,1.717216,-1.057523,1,1.0,0.09525025,0.1435108,0.2461179,0.9585565,-0.002128578,-0.007338975,-0.0223114,44.28889,2747
25,0.2851258,0.322578,1.000001,0.01650112,0.186128,1.000028,0.1508149,0.2543537,1.000015,-0.9992077,0.003004694,0.0396882,0,0.01199716,0.9735066,0.2283442,0,0.03795062,-0.2286393,0.9727713,0,0.02346486,-1.913421,0.6363457,1,-0.9992074,0.01199716,0.03795061,0,0.003004692,0.9735066,-0.2286393,0,0.03968819,0.2283441,0.9727711,0,0.003940096,1.717141,-1.057393,1,1.0,0.07733979,0.1434309,0.245415,0.9587487,-0.002127412,-0.007335472,-0.02231217,44.31111,2748
25,0.2854461,0.3225348,1.000017,0.01659907,0.1862804,1.000043,0.151024,0.2544085,1.00003,-0.9992125,0.003064369,0.03956315,0,0.01202471,0.973518,0.2282939,0,0.03781586,-0.2285898,0.9727882,0,0.02327842,-1.913371,0.6364152,1,-0.9992122,0.01202471,0.03781585,0,0.003064368,0.973518,-0.2285898,0,0.03956314,0.2282938,0.972788,0,0.003944773,1.717132,-1.057354,1,1.0,0.07736745,0.1436188,0.2454516,0.9587111,-0.002127327,-0.007334664,-0.02231458,44.32222,2749
25,0.2856255,0.3225485,1.000024,0.01659087,0.1870282,1.000074,0.1511107,0.25479,1.000049,-0.9992291,0.003007637,0.03914566,0,0.01186797,0.9735558,0.2281408,0,0.03742433,-0.2284295,0.9728409,0,0.02310432,-1.913158,0.6365893,1,-0.9992289,0.01186797,0.03742432,0,0.003007635,0.9735558,-0.2284295,0,0.03914566,0.2281408,0.9728408,0,0.003920871,1.71706,-1.057186,1,1.0,0.08899505,0.1436829,0.2457802,0.9586174,-0.002126885,-0.007334664,-0.02231477,44.34444,2750
25,0.2855327,0.3232738,1.000005,0.01492984,0.1869624,1.000082,0.1502353,0.2551208,1.000043,-0.9992354,0.003074583,0.03898036,0,0.01190418,0.9735015,0.2283705,0,0.0372453,-0.2286599,0.9727938,0,0.02284958,-1.913249,0.6360181,1,-0.9992351,0.01190418,0.03724529,0,0.003074584,0.9735016,-0.2286598,0,0.03898036,0.2283704,0.9727935,0,0.003922334,1.717031,-1.057048,1,1.0,0.05681063,0.1428686,0.2461027,0.9586564,-0.002126869,-0.007334664,-0.02231487,44.35556,2751
25,0.2858207,0.324135,0.9999669,0.01520824,0.1914016,1.00003,0.1505177,0.2577703,0.9999987,-0.9992415,0.002634797,0.03885414,0,0.01145505,0.9734564,0.2285856,0,0.03722054,-0.2288573,0.9727482,0,0.02359153,-1.913317,0.635527,1,-0.9992414,0.01145505,0.03722053,0,0.002634798,0.9734564,-0.2288573,0,0.03885414,0.2285856,0.9727481,0,0.003921986,1.716988,-1.056962,1,1.0,0.07652196,0.1430434,0.2484347,0.9580286,-0.002124742,-0.007336976,-0.02231976,44.36667,2752
25,0.2837561,0.3202049,0.9999659,0.01584907,0.1911463,1.000022,0.1498054,0.2556774,0.9999939,-0.9992449,0.002375418,0.03878246,0,0.01121282,0.9732939,0.2292885,0,0.03720207,-0.2295502,0.9725856,0,0.02397953,-1.913673,0.634003,1,-0.9992448,0.01121282,0.03720208,0,0.002375419,0.973294,-0.2295502,0,0.03878246,0.2292885,0.9725856,0,0.003919003,1.716928,-1.056798,1,1.0,0.05108247,0.1424567,0.2466112,0.958587,-0.002122253,-0.007329155,-0.02232332,44.38889,2753
25,0.2825227,0.3211166,1.000034,0.01634437,0.1923137,1.000043,0.149434,0.2567155,1.000039,-0.9992411,0.002321787,0.03888269,0,0.01119403,0.9732302,0.2295597,0,0.03730882,-0.2298207,0.9725176,0,0.0240933,-1.913836,0.6333697,1,-0.9992411,0.01119403,0.03730882,0,0.002321785,0.9732302,-0.2298208,0,0.0388827,0.2295597,0.9725176,0,0.003891417,1.716938,-1.056701,1,1.0,0.05108247,0.1420725,0.2475154,0.9584109,-0.002119599,-0.007317879,-0.02233091,44.4,2754
25,0.280769,0.3230309,1.00013,0.01557631,0.195471,1.000101,0.1481712,0.2592501,1.000116,-0.9992262,0.002849801,0.03923317,0,0.01178042,0.9732755,0.2293382,0,0.03753112,-0.2296229,0.972556,0,0.02333809,-1.913678,0.6335966,1,-0.9992259,0.01178042,0.0375311,0,0.002849802,0.9732755,-0.2296228,0,0.03923315,0.2293381,0.9725556,0,0.003915626,1.716953,-1.056508,1,1.0,0.0681024,0.1408194,0.2497649,0.9580122,-0.002119599,-0.007314072,-0.02233173,44.42222,2755
25,0.2818183,0.3233544,1.000196,0.01518222,0.197362,1.000172,0.148499,0.2603574,1.000183,-0.9992256,0.0032568,0.03921235,0,0.01216334,0.9733242,0.2291115,0,0.03742015,-0.2294111,0.9726101,0,0.02241204,-1.913495,0.6339173,1,-0.9992256,0.01216334,0.03742015,0,0.0032568,0.9733242,-0.2294111,0,0.03921234,0.2291115,0.9726099,0,0.00376917,1.716941,-1.05637,1,1.0,0.05507219,0.1410743,0.250707,0.9577286,-0.002118897,-0.007309861,-0.02233511,44.43333,2756
25,0.2808442,0.3246636,1.000185,0.01519889,0.1973847,1.000157,0.1480201,0.2610233,1.000171,-0.9992273,0.003363205,0.03916333,0,0.01224376,0.9733964,0.2288,0,0.03735194,-0.2291027,0.9726855,0,0.02217978,-1.913275,0.6344383,1,-0.999227,0.01224376,0.03735194,0,0.003363207,0.9733965,-0.2291027,0,0.03916332,0.2288,0.9726853,0,0.003750665,1.716944,-1.056274,1,1.0,0.04258615,0.1406138,0.2513058,0.9576393,-0.002118751,-0.007306343,-0.02233882,44.44445,2757
25,0.2822082,0.323844,1.000117,0.01537325,0.1973002,1.000143,0.148792,0.2605729,1.00013,-0.9992424,0.003246716,0.03878342,0,0.01201615,0.9735656,0.2280913,0,0.03701765,-0.2283845,0.9728671,0,0.02217772,-1.912888,0.6356863,1,-0.9992424,0.01201615,0.03701765,0,0.003246717,0.9735656,-0.2283845,0,0.03878341,0.2280913,0.9728669,0,0.003717434,1.717061,-1.056133,1,1.0,0.09428194,0.1413414,0.2508917,0.9576409,-0.00211779,-0.007303963,-0.02234027,44.46667,2758
25,0.2809094,0.3229761,1.000296,0.01548123,0.1978568,1.000286,0.1481948,0.2604162,1.000291,-0.9992485,0.003214817,0.03863107,0,0.01193578,0.9736559,0.2277099,0,0.03688132,-0.2279999,0.9729625,0,0.02223922,-1.912605,0.6362317,1,-0.9992483,0.01193577,0.03688131,0,0.003214817,0.9736558,-0.2279999,0,0.03863106,0.2277099,0.9729623,0,0.00379287,1.717077,-1.055923,1,1.0,0.06819032,0.1407778,0.250731,0.9577659,-0.00211779,-0.007296456,-0.02234352,44.47778,2759
25,0.2804705,0.3256312,1.000006,0.01570766,0.2008685,1.000072,0.1480923,0.263252,1.000039,-0.9992647,0.002975411,0.03822702,0,0.01160683,0.9736811,0.2276191,0,0.03654367,-0.2278954,0.9729997,0,0.02248808,-1.912446,0.6362421,1,-0.9992647,0.01160683,0.03654366,0,0.002975409,0.973681,-0.2278954,0,0.03822702,0.2276191,0.9729996,0,0.00384021,1.717031,-1.055723,1,1.0,0.07302248,0.140621,0.2532707,0.9571205,-0.00211734,-0.007288414,-0.02234555,44.5,2760
25,0.2715484,0.3287022,1.000003,0.01564433,0.2028917,1.000019,0.1435972,0.2657974,1.000011,-0.9992584,0.003007587,0.03838913,0,0.01169188,0.9735764,0.2280619,0,0.03668883,-0.2283416,0.9728897,0,0.02246663,-1.912679,0.6352562,1,-0.9992584,0.01169189,0.03668883,0,0.003007587,0.9735765,-0.2283416,0,0.03838912,0.2280619,0.9728895,0,0.003815584,1.716999,-1.055603,1,1.0,0.03637815,0.1363843,0.2556511,0.9571007,-0.002086043,-0.007285157,-0.02234671,44.51111,2761
25,0.2778832,0.3290696,0.9999793,0.01537067,0.2028705,1.000013,0.1466286,0.2659711,0.9999959,-0.9992536,0.00296619,0.03851936,0,0.01170098,0.9734546,0.2285809,0,0.03681884,-0.228861,0.9727628,0,0.02248568,-1.912885,0.6341122,1,-0.9992533,0.01170097,0.03681882,0,0.002966193,0.9734547,-0.2288609,0,0.03851935,0.2285808,0.9727623,0,0.003717284,1.716898,-1.055453,1,1.0,0.04252563,0.1391647,0.2557161,0.9566831,-0.002087661,-0.007296303,-0.02234909,44.52222,2762
25,0.2818198,0.3287338,1.000157,0.01539564,0.203596,1.000062,0.1486029,0.266162,1.000109,-0.9992309,0.002665315,0.03912721,0,0.0115729,0.9732992,0.2292483,0,0.03747146,-0.2295247,0.9725815,0,0.02327357,-1.913206,0.6325167,1,-0.9992305,0.01157289,0.03747145,0,0.002665316,0.9732991,-0.2295247,0,0.03912719,0.2292482,0.972581,0,0.003606363,1.716849,-1.055174,1,1.0,0.0922357,0.1409572,0.2557957,0.9563993,-0.002090415,-0.007301117,-0.02234971,44.54445,2763
25,0.2778743,0.3278559,1.0002,0.01145886,0.2036808,1.000096,0.1446613,0.2657652,1.000148,-0.9992136,0.002883125,0.03954986,0,0.0118848,0.9732798,0.2293148,0,0.03783193,-0.2296045,0.9725486,0,0.02312488,-1.913236,0.6322602,1,-0.9992133,0.0118848,0.03783192,0,0.002883126,0.9732798,-0.2296045,0,0.03954985,0.2293148,0.9725484,0,0.003616993,1.716853,-1.055066,1,0.9982919,0.0993166,0.1373499,0.2555692,0.9569845,-0.002090996,-0.007299309,-0.02234821,44.55556,2764
25,0.2769884,0.3273771,1.000265,-0.001806784,0.2070165,1.000136,0.1375839,0.2671931,1.000201,-0.9991833,0.003102763,0.04028928,0,0.01226479,0.9732988,0.2292138,0,0.03850231,-0.2295208,0.9725419,0,0.02324866,-1.913172,0.6321601,1,-0.9991832,0.01226479,0.03850231,0,0.003102764,0.9732989,-0.2295208,0,0.04028928,0.2292139,0.9725419,0,0.00369651,1.716903,-1.05481,1,1.0,0.1158058,0.1308129,0.2570555,0.9575022,-0.002110871,-0.007316498,-0.02231371,44.57778,2765
25,0.2759609,0.3263094,1.000286,-0.005451061,0.2070425,1.000218,0.1352513,0.266674,1.000251,-0.9991783,0.003414736,0.04039093,0,0.01257944,0.9733697,0.2288956,0,0.03853369,-0.2292155,0.9726129,0,0.02273986,-1.912958,0.6326304,1,-0.9991779,0.01257944,0.03853368,0,0.003414737,0.9733697,-0.2292155,0,0.04039092,0.2288955,0.9726124,0,0.003700893,1.716923,-1.05466,1,1.0,0.108695,0.1286745,0.2566623,0.9578974,-0.002109727,-0.007314888,-0.02231107,44.58889,2766
25,0.2775818,0.3267774,1.000328,-0.006889101,0.2072042,1.00023,0.1353409,0.266988,1.000279,-0.9991623,0.003190831,0.04079958,0,0.01240807,0.9736473,0.2277213,0,0.03899778,-0.2280368,0.9728713,0,0.02354647,-1.912324,0.6346451,1,-0.9991622,0.01240807,0.03899777,0,0.003190829,0.9736472,-0.2280368,0,0.04079957,0.2277213,0.9728712,0,0.003735397,1.717115,-1.054426,1,1.0,0.1061316,0.1287424,0.2569267,0.9578173,-0.002107507,-0.007313713,-0.02230958,44.61111,2767
25,0.277461,0.324743,1.000271,-0.007082313,0.2068874,1.000258,0.1351886,0.2658147,1.000264,-0.9991674,0.002772537,0.04070712,0,0.01196639,0.9737284,0.2273981,0,0.03900721,-0.2276959,0.9729508,0,0.02417054,-1.91205,0.6350962,1,-0.9991671,0.01196638,0.0390072,0,0.002772538,0.9737284,-0.2276959,0,0.04070712,0.2273981,0.9729505,0,0.003598706,1.717108,-1.054226,1,1.0,0.100508,0.1286399,0.2559076,0.958104,-0.002105805,-0.007309875,-0.02229827,44.62222,2768
25,0.2768035,0.3233848,1.000127,-0.006796788,0.2067714,1.000117,0.1350029,0.2650777,1.000122,-0.9991636,0.002445243,0.04081819,0,0.01166073,0.9738017,0.2270997,0,0.03919351,-0.2273857,0.9730158,0,0.02481619,-1.911827,0.6354347,1,-0.9991636,0.01166073,0.03919351,0,0.002445242,0.9738017,-0.2273857,0,0.04081818,0.2270997,0.9730156,0,0.003533022,1.717144,-1.053983,1,1.0,0.1039912,0.1285073,0.2552997,0.9582839,-0.002104684,-0.007307656,-0.02229406,44.64445,2769
25,0.2775034,0.321449,1.000109,-0.008203402,0.2062115,1.000128,0.134651,0.2638308,1.000118,-0.9991653,0.00277342,0.04075716,0,0.0119671,0.9737955,0.2271103,0,0.03905927,-0.2274085,0.9730159,0,0.02412676,-1.911866,0.6352881,1,-0.9991652,0.0119671,0.03905926,0,0.002773421,0.9737956,-0.2274084,0,0.04075716,0.2271103,0.9730157,0,0.003516489,1.717197,-1.053862,1,1.0,0.1221183,0.1282168,0.2542173,0.9586105,-0.002098396,-0.007304444,-0.02228623,44.65556,2770
25,0.2781913,0.3218648,1.000103,-0.006832618,0.2064011,1.000134,0.135681,0.2641337,1.000119,-0.9991711,0.002849442,0.04060924,0,0.01200354,0.9738182,0.2270111,0,0.03889916,-0.2273104,0.9730452,0,0.02389883,-1.911782,0.6353788,1,-0.999171,0.01200354,0.03889916,0,0.002849442,0.9738182,-0.2273104,0,0.04060924,0.2270111,0.9730451,0,0.003524272,1.717203,-1.05375,1,1.0,0.1174775,0.1291493,0.2544518,0.9584231,-0.002089462,-0.007304444,-0.02228227,44.66667,2771
25,0.2758133,0.3215206,1.000092,-0.006667651,0.207198,1.000135,0.1345751,0.2643605,1.000114,-0.9991835,0.003241712,0.04027319,0,0.01231132,0.9738027,0.2270611,0,0.03848207,-0.2273716,0.9730475,0,0.02319755,-1.91179,0.6350656,1,-0.9991834,0.01231132,0.03848207,0,0.003241713,0.9738027,-0.2273716,0,0.04027318,0.2270612,0.9730474,0,0.003799971,1.717222,-1.053528,1,1.0,0.09539996,0.1281231,0.2546892,0.9584978,-0.002088936,-0.007307259,-0.02227945,44.68889,2772
25,0.2755008,0.3214672,1.000061,-0.006022178,0.2076212,1.000107,0.1347418,0.2645455,1.000084,-0.9991899,0.00347201,0.04009411,0,0.01249358,0.9738086,0.2270256,0,0.03825575,-0.2273426,0.9730631,0,0.02272088,-1.911777,0.6350457,1,-0.9991899,0.01249358,0.03825575,0,0.003472012,0.9738086,-0.2273426,0,0.04009411,0.2270256,0.9730631,0,0.003878594,1.717249,-1.053437,1,1.0,0.0838575,0.1282722,0.254856,0.9584335,-0.002086312,-0.007310441,-0.0222775,44.7,2773
25,0.2741118,0.3215894,0.9999572,-0.005202122,0.2077181,1.000042,0.1344594,0.2646563,0.9999994,-0.9991997,0.003391755,0.0398543,0,0.01236696,0.9737733,0.2271842,0,0.0380385,-0.2274952,0.9730359,0,0.02277948,-1.911839,0.6345832,1,-0.9991997,0.01236696,0.0380385,0,0.003391755,0.9737733,-0.2274952,0,0.0398543,0.2271842,0.9730359,0,0.003954869,1.717249,-1.053273,1,1.0,0.1188957,0.1280153,0.2549879,0.9584327,-0.002082886,-0.007316651,-0.02227329,44.72223,2774
25,0.2740494,0.3220594,1.000085,-0.004937407,0.2045702,1.000086,0.134556,0.2633147,1.000085,-0.9992005,0.003385811,0.03984029,0,0.01235703,0.973779,0.22716,0,0.03802652,-0.2274707,0.9730422,0,0.02279037,-1.911794,0.6345507,1,-0.9992002,0.01235703,0.03802651,0,0.003385811,0.9737791,-0.2274707,0,0.03984028,0.22716,0.973042,0,0.003964439,1.717239,-1.053188,1,1.0,0.1188957,0.1281319,0.2537954,0.9587336,-0.002078217,-0.007321884,-0.02226623,44.73333,2775
25,0.274166,0.3206196,0.9999423,-0.003246356,0.2041302,1.000043,0.1354652,0.2623779,0.999993,-0.9992093,0.003635063,0.0395926,0,0.01255395,0.9737137,0.2274293,0,0.03772513,-0.2277465,0.9729894,0,0.02210265,-1.91194,0.6339357,1,-0.9992093,0.01255395,0.03772513,0,0.003635064,0.9737136,-0.2277465,0,0.03959259,0.2274293,0.9729893,0,0.003936044,1.717229,-1.053084,1,1.0,0.1029348,0.1290097,0.2529734,0.9588331,-0.002077599,-0.00732724,-0.02226016,44.74445,2776
25,0.2745009,0.3184519,1.000059,-0.003218234,0.2033974,1.000081,0.1356425,0.2609254,1.00007,-0.9992114,0.003544107,0.03955206,0,0.01245952,0.9736941,0.2275183,0,0.03770526,-0.2278316,0.9729704,0,0.02198913,-1.911914,0.633664,1,-0.999211,0.01245952,0.03770525,0,0.003544106,0.9736941,-0.2278316,0,0.03955205,0.2275182,0.9729701,0,0.003685089,1.717175,-1.05296,1,1.0,0.1170532,0.1292091,0.2516792,0.9591469,-0.002077599,-0.007332703,-0.02225603,44.76667,2777
25,0.2749089,0.3189053,1.000024,-0.003204159,0.2034453,1.000003,0.1358513,0.2611747,1.000014,-0.9992071,0.00314889,0.03969088,0,0.01212626,0.9735771,0.2280361,0,0.03792407,-0.2283366,0.9728434,0,0.0226877,-1.912195,0.6324601,1,-0.9992069,0.01212625,0.03792407,0,0.003148891,0.9735771,-0.2283366,0,0.03969087,0.2280361,0.9728433,0,0.003588111,1.717171,-1.052769,1,1.0,0.09257725,0.1294012,0.2519071,0.959061,-0.002078065,-0.007334359,-0.02225361,44.78889,2778
25,0.2757664,0.3193042,1.000103,-0.0009181723,0.2033888,1.000052,0.1374214,0.2613451,1.000077,-0.9991992,0.002827981,0.03991436,0,0.01186816,0.9735596,0.2281245,0,0.03821388,-0.2284155,0.9728136,0,0.02352136,-1.912231,0.6322051,1,-0.999199,0.01186816,0.03821387,0,0.002827982,0.9735596,-0.2284155,0,0.03991435,0.2281245,0.9728133,0,0.003676214,1.717171,-1.0527,1,1.0,0.09935314,0.1308383,0.2520024,0.9588411,-0.002078782,-0.007340409,-0.02224213,44.8,2779
25,0.2771583,0.3195018,1.000053,-0.0001289248,0.2045349,1.000052,0.1385146,0.2620182,1.000052,-0.9991958,0.00290131,0.03999594,0,0.01196527,0.9735168,0.2283024,0,0.03827434,-0.2285973,0.9727685,0,0.0233786,-1.912343,0.6317633,1,-0.9991954,0.01196526,0.03827433,0,0.00290131,0.9735167,-0.2285973,0,0.03999592,0.2283023,0.9727682,0,0.003640131,1.717185,-1.05261,1,1.0,0.1318951,0.1318316,0.2525689,0.9585558,-0.00208265,-0.007344445,-0.02223872,44.81111,2780
25,0.2785812,0.3196491,1.000074,-0.0007222742,0.2031379,1.000037,0.1389275,0.2613925,1.000056,-0.9991889,0.003194024,0.04014324,0,0.01228001,0.9735376,0.2281966,0,0.03835209,-0.2285044,0.9727873,0,0.02280389,-1.912228,0.6317871,1,-0.9991888,0.01228001,0.03835208,0,0.003194025,0.9735377,-0.2285044,0,0.04014323,0.2281965,0.972787,0,0.00353112,1.717175,-1.052422,1,1.0,0.1185778,0.1322384,0.2520083,0.9586474,-0.002089661,-0.00734626,-0.02223206,44.83334,2781
25,0.2764229,0.3269121,1.000268,-0.003289394,0.2058819,1.000183,0.1365621,0.2663945,1.000226,-0.9991809,0.002882897,0.04036841,0,0.0120212,0.9735833,0.2280152,0,0.03864466,-0.2283136,0.9728205,0,0.02337546,-1.912023,0.6319873,1,-0.9991806,0.0120212,0.03864465,0,0.002882896,0.9735834,-0.2283136,0,0.0403684,0.2280151,0.9728203,0,0.003356162,1.71713,-1.052254,1,1.0,0.1328022,0.1298961,0.2564307,0.9577945,-0.002103118,-0.007347389,-0.02222846,44.84444,2782
25,0.2758211,0.3284349,1.000188,-0.003615741,0.2058952,1.000186,0.1361025,0.2671651,1.000187,-0.9991885,0.002571699,0.04019609,0,0.01166607,0.9736615,0.2276997,0,0.03855181,-0.2279838,0.9729013,0,0.02365005,-1.911814,0.632436,1,-0.9991885,0.01166607,0.03855181,0,0.002571698,0.9736615,-0.2279838,0,0.04019609,0.2276997,0.9729014,0,0.00312601,1.717178,-1.052072,1,1.0,0.05919779,0.1294564,0.2571263,0.9576675,-0.0021063,-0.007345604,-0.02222689,44.86667,2783
25,0.2764931,0.3287982,1.000211,-0.004416406,0.2055943,1.000203,0.1360379,0.267196,1.000207,-0.9991899,0.002450717,0.04016947,0,0.01153731,0.9736913,0.2275788,0,0.03855494,-0.2278578,0.9729308,0,0.02384089,-1.911783,0.6324972,1,-0.99919,0.01153731,0.03855494,0,0.002450717,0.9736913,-0.2278579,0,0.04016948,0.2275788,0.9729308,0,0.003099733,1.717269,-1.05191,1,1.0,0.1067964,0.129394,0.2571493,0.9576697,-0.0021063,-0.007343887,-0.02222485,44.87778,2784
25,0.2763687,0.3272489,1.000231,-0.004390039,0.2047403,1.000185,0.1359868,0.2659933,1.000208,-0.999191,0.002566599,0.04013456,0,0.01162464,0.9737943,0.2271334,0,0.03849984,-0.2274162,0.9730364,0,0.0235908,-1.911472,0.6332825,1,-0.9991909,0.01162464,0.03849983,0,0.0025666,0.9737943,-0.2274161,0,0.04013455,0.2271333,0.9730362,0,0.003061193,1.717267,-1.051815,1,1.0,0.08742726,0.1293843,0.2560932,0.957954,-0.0021063,-0.007337861,-0.02222638,44.88889,2785
25,0.2751729,0.3263729,1.000066,-0.004364781,0.2037831,1.000125,0.1354071,0.2650798,1.000095,-0.9992019,0.002557516,0.03986403,0,0.01155155,0.9738107,0.2270668,0,0.03823929,-0.2273461,0.9730631,0,0.02349032,-1.911462,0.6332535,1,-0.9992018,0.01155155,0.03823928,0,0.002557517,0.9738107,-0.2273461,0,0.03986401,0.2270668,0.9730628,0,0.003116139,1.71734,-1.051657,1,1.0,0.1000355,0.1288918,0.2553345,0.9582229,-0.0021063,-0.007334351,-0.02222411,44.91111,2786
25,0.2759579,0.323989,0.9999801,-0.004417308,0.2061049,1.000069,0.135775,0.2650495,1.000024,-0.9992146,0.002614572,0.03953672,0,0.01153158,0.9738172,0.2270398,0,0.03790793,-0.2273174,0.9730827,0,0.02324077,-1.911426,0.6332615,1,-0.9992147,0.01153158,0.03790793,0,0.002614573,0.9738173,-0.2273174,0,0.03953672,0.2270398,0.9730825,0,0.003183004,1.717336,-1.051597,1,1.0,0.1174562,0.1292384,0.2553091,0.9581831,-0.002104316,-0.007329628,-0.02222406,44.92222,2787
25,0.2771951,0.3227738,1.000079,-0.004675627,0.2055189,1.000076,0.1362595,0.2641465,1.000077,-0.9992224,0.002554365,0.03934873,0,0.01142455,0.9738519,0.2268965,0,0.03774026,-0.2271696,0.9731238,0,0.02330427,-1.911301,0.6333677,1,-0.9992222,0.01142455,0.03774025,0,0.002554363,0.9738519,-0.2271696,0,0.03934873,0.2268965,0.9731236,0,0.003246092,1.717349,-1.051414,1,1.0,0.09092229,0.1297034,0.2544889,0.9583384,-0.002100113,-0.007326721,-0.02221971,44.94445,2788
25,0.2784678,0.3226828,1.000078,-0.004715696,0.2039415,1.000107,0.1368776,0.2633131,1.000093,-0.9992265,0.002607887,0.03924456,0,0.01145304,0.9738514,0.2268973,0,0.03762664,-0.2271712,0.9731278,0,0.02312356,-1.911266,0.6332644,1,-0.999226,0.01145304,0.03762663,0,0.002607887,0.9738513,-0.2271711,0,0.03924454,0.2268972,0.9731276,0,0.00323785,1.717338,-1.051302,1,1.0,0.1172839,0.1302944,0.2537352,0.958458,-0.002096924,-0.007326363,-0.0222169,44.95555,2789
25,0.2797093,0.3210923,1.000191,-0.004705664,0.1998668,1.000114,0.1374976,0.2604772,1.000153,-0.9992259,0.002618368,0.03925399,0,0.01146228,0.97387,0.2268165,0,0.0376344,-0.2270908,0.9731462,0,0.02309355,-1.911141,0.6332289,1,-0.9992259,0.01146228,0.0376344,0,0.002618369,0.9738702,-0.2270908,0,0.03925399,0.2268165,0.9731461,0,0.003222977,1.717311,-1.051096,1,0.9996302,0.1036717,0.130945,0.2512135,0.9590335,-0.002095146,-0.007326699,-0.02221576,44.97778,2790
25,0.2799678,0.3198955,1.000062,-0.004724808,0.1993327,1.000113,0.1376243,0.2596157,1.000087,-0.9992346,0.00242324,0.039046,0,0.01122238,0.9738874,0.2267538,0,0.03747693,-0.2270184,0.9731692,0,0.02330422,-1.911078,0.6332626,1,-0.9992344,0.01122238,0.03747693,0,0.002423241,0.9738874,-0.2270184,0,0.039046,0.2267538,0.973169,0,0.003191008,1.717319,-1.050995,1,0.9996302,0.1036717,0.1310963,0.2504671,0.959208,-0.002095146,-0.007327103,-0.02221462,44.98889,2791
25,0.2799528,0.3192831,1.000118,-0.004739009,0.1999921,1.000111,0.1376066,0.2596374,1.000114,-0.999234,0.002564509,0.03905189,0,0.01135975,0.9738959,0.2267107,0,0.03745108,-0.2269807,0.973179,0,0.02313883,-1.911077,0.6332451,1,-0.9992338,0.01135975,0.03745107,0,0.00256451,0.9738959,-0.2269807,0,0.03905189,0.2267107,0.9731789,0,0.003292658,1.717364,-1.050905,1,1.0,0.1117651,0.1310768,0.2504829,0.9592066,-0.002095986,-0.007328865,-0.02221365,45.0,2792
25,0.2803189,0.3191489,1.000123,-0.005778357,0.2010745,1.000141,0.1372712,0.2601122,1.000132,-0.9992305,0.002266904,0.03916015,0,0.01109642,0.9738861,0.2267657,0,0.03762347,-0.2270257,0.9731619,0,0.023719,-1.911114,0.6328781,1,-0.9992302,0.01109642,0.03762346,0,0.002266905,0.9738861,-0.2270257,0,0.03916013,0.2267657,0.9731616,0,0.003249467,1.717429,-1.050657,1,1.0,0.1014311,0.1307556,0.2509145,0.9591376,-0.002099769,-0.007335084,-0.02220307,45.02222,2793
25,0.2799532,0.3197192,1.000167,-0.005001061,0.2004114,1.00015,0.1374752,0.2600648,1.000159,-0.9992323,0.002277981,0.03911118,0,0.01108646,0.9739442,0.2265165,0,0.03757611,-0.2267762,0.9732218,0,0.0236614,-1.910931,0.6332705,1,-0.9992322,0.01108646,0.03757611,0,0.002277979,0.9739441,-0.2267762,0,0.03911118,0.2265165,0.9732218,0,0.00322834,1.717432,-1.050555,1,1.0,0.1231767,0.1309462,0.2508632,0.9591249,-0.002104149,-0.007337662,-0.02219973,45.03333,2794
25,0.2784036,0.3189861,1.00013,-0.004285496,0.2011619,1.000087,0.1370567,0.2600728,1.000108,-0.9992297,0.002575578,0.03916167,0,0.0113816,0.9739794,0.2263508,0,0.03755968,-0.2266221,0.9732584,0,0.02298656,-1.910779,0.633433,1,-0.9992295,0.0113816,0.03755967,0,0.002575576,0.9739794,-0.2266221,0,0.03916167,0.2263507,0.9732582,0,0.003083911,1.717419,-1.050382,1,1.0,0.10682,0.1305703,0.250898,0.9591671,-0.002108092,-0.007340355,-0.02219399,45.05556,2795
25,0.2801946,0.3194425,0.9999218,-0.002692644,0.2010299,0.999989,0.1387545,0.2602382,0.9999555,-0.9992335,0.00240052,0.03907483,0,0.01120466,0.9739006,0.2266985,0,0.03751081,-0.2269625,0.973181,0,0.02310283,-1.91094,0.6326949,1,-0.9992333,0.01120466,0.0375108,0,0.002400522,0.9739005,-0.2269624,0,0.03907482,0.2266984,0.9731807,0,0.002949923,1.717375,-1.050305,1,1.0,0.08001724,0.1321501,0.2510276,0.9589169,-0.00210913,-0.007341241,-0.02218976,45.06667,2796
25,0.2776122,0.3203086,1.000131,-0.002925701,0.199044,1.000129,0.1373431,0.2596761,1.00013,-0.999238,0.002070894,0.03897478,0,0.01085964,0.9739106,0.2266722,0,0.03748854,-0.2269228,0.973191,0,0.02358416,-1.910915,0.6326174,1,-0.9992381,0.01085964,0.03748854,0,0.002070893,0.9739105,-0.2269228,0,0.03897478,0.2266722,0.9731909,0,0.002867358,1.717407,-1.050172,1,1.0,0.1001324,0.1308468,0.250539,0.9592233,-0.002110039,-0.007341683,-0.02218549,45.08889,2797
25,0.2770618,0.3201742,1.000003,-0.003009371,0.1990338,1.000006,0.1370263,0.2596039,1.000004,-0.9992417,0.002044735,0.03888544,0,0.01080696,0.9739528,0.2264933,0,0.03740947,-0.2267417,0.9732364,0,0.02350778,-1.910774,0.6330044,1,-0.9992415,0.01080696,0.03740945,0,0.002044735,0.9739528,-0.2267417,0,0.03888543,0.2264932,0.973236,0,0.002782333,1.717379,-1.050194,1,1.0,0.1267219,0.1305719,0.2505143,0.9592673,-0.00211013,-0.007341851,-0.02218375,45.1,2798
25,0.2796195,0.3206276,1.000147,-0.003650974,0.1987263,1.000082,0.1379808,0.2596749,1.000114,-0.9992338,0.002162354,0.03907971,0,0.0109626,0.9739698,0.2264125,0,0.03757288,-0.2266674,0.9732473,0,0.02339401,-1.910743,0.6330878,1,-0.9992337,0.0109626,0.03757287,0,0.002162353,0.9739699,-0.2266674,0,0.03907971,0.2264125,0.9732472,0,0.002766891,1.71741,-1.050133,1,1.0,0.1219788,0.1314389,0.2505235,0.9591464,-0.002111732,-0.007343033,-0.02217928,45.11111,2799
25,0.2800191,0.3201532,1.000184,-0.003825866,0.1986998,1.000116,0.1380929,0.2594245,1.00015,-0.9992344,0.002112416,0.03906715,0,0.01089542,0.9740648,0.2260069,0,0.03757651,-0.2262595,0.9733421,0,0.02365735,-1.910523,0.6338127,1,-0.9992343,0.01089542,0.03757651,0,0.002112415,0.9740648,-0.2262595,0,0.03906714,0.2260069,0.9733419,0,0.002913808,1.717469,-1.050079,1,1.0,0.07491559,0.1315462,0.2502924,0.959192,-0.002111907,-0.007342995,-0.0221778,45.13334,2800
25,0.2793911,0.319416,1.000144,-0.004322302,0.1985252,1.000112,0.1375327,0.2589696,1.000128,-0.9992342,0.002032469,0.03907943,0,0.0108115,0.9741183,0.22578,0,0.03760909,-0.2260296,0.9733943,0,0.02388515,-1.910408,0.6341918,1,-0.9992339,0.0108115,0.03760909,0,0.002032468,0.9741184,-0.2260296,0,0.03907942,0.22578,0.9733941,0,0.002965846,1.717517,-1.050026,1,1.0,0.09492494,0.1310461,0.249915,0.9593589,-0.002110939,-0.007342224,-0.02217197,45.14445,2801
25,0.2793676,0.3182009,0.9999405,-0.004809871,0.1976145,0.9999992,0.1372821,0.2579092,0.9999698,-0.9992312,0.001762694,0.03916702,0,0.01058978,0.9739924,0.226333,0,0.03774943,-0.2265737,0.9732623,0,0.02444717,-1.910713,0.6327507,1,-0.999231,0.01058978,0.03774942,0,0.001762694,0.9739925,-0.2265737,0,0.03916701,0.2263329,0.9732621,0,0.003013417,1.717549,-1.049673,1,1.0,0.1582727,0.1308669,0.2490256,0.9596145,-0.002111122,-0.007340584,-0.02216596,45.16667,2802
25,0.2790043,0.3180186,1.00003,-0.004686449,0.1964853,1.000074,0.1371613,0.2572531,1.000052,-0.9992368,0.00185149,0.03902313,0,0.01064485,0.9739848,0.2263633,0,0.03758883,-0.2266059,0.9732611,0,0.02417153,-1.910723,0.632619,1,-0.9992363,0.01064485,0.03758882,0,0.001851491,0.9739848,-0.2266059,0,0.03902312,0.2263633,0.9732608,0,0.003003986,1.717557,-1.049593,1,1.0,0.1028739,0.1307665,0.2484344,0.9597815,-0.002111252,-0.007340828,-0.02216168,45.17778,2803
25,0.2790377,0.317919,1.000063,-0.005168978,0.1964082,1.000055,0.136934,0.2571634,1.000059,-0.9992304,0.002048003,0.03917579,0,0.0108821,0.9739158,0.2266486,0,0.03768975,-0.2269004,0.9731886,0,0.02388765,-1.91089,0.6319391,1,-0.9992301,0.0108821,0.03768974,0,0.002048003,0.9739158,-0.2269004,0,0.03917577,0.2266485,0.9731882,0,0.003026063,1.717558,-1.049478,1,1.0,0.1299166,0.1305601,0.2483615,0.9598284,-0.002112533,-0.007342354,-0.02215877,45.18889,2804
25,0.278909,0.3175298,1.000082,-0.00564729,0.1968224,1.000085,0.1366309,0.2571763,1.000083,-0.9992219,0.002591032,0.03935862,0,0.01145266,0.9739108,0.2266419,0,0.03774455,-0.2269163,0.9731828,0,0.02299293,-1.910805,0.6318489,1,-0.9992216,0.01145266,0.03774454,0,0.002591033,0.9739108,-0.2269163,0,0.0393586,0.2266419,0.9731823,0,0.003057299,1.717487,-1.049365,1,1.0,0.1188117,0.1302783,0.2483781,0.9598625,-0.002113777,-0.007343659,-0.02215785,45.21111,2805
25,0.2792606,0.3190218,1.000149,-0.005835317,0.1974327,1.000115,0.1367107,0.2582261,1.000132,-0.9992211,0.002844849,0.03936228,0,0.0116906,0.9739698,0.2263764,0,0.03769366,-0.2266602,0.9732444,0,0.02260032,-1.910647,0.6323087,1,-0.9992208,0.01169059,0.03769365,0,0.002844849,0.9739697,-0.2266602,0,0.03936226,0.2263764,0.973244,0,0.003129114,1.717509,-1.04931,1,1.0,0.1208889,0.1303138,0.2492952,0.9596199,-0.002113534,-0.007349678,-0.0221579,45.22223,2806
25,0.2774734,0.3188732,1.000101,-0.005762644,0.1991481,1.000121,0.1358564,0.2590112,1.000111,-0.9992356,0.00289021,0.03898471,0,0.01162806,0.9740978,0.2258277,0,0.03732223,-0.2261084,0.9733869,0,0.02224636,-1.910272,0.6332777,1,-0.9992356,0.01162806,0.03732223,0,0.00289021,0.9740979,-0.2261084,0,0.03898471,0.2258278,0.9733869,0,0.003062298,1.717522,-1.049183,1,1.0,0.1066936,0.1295039,0.2500245,0.9595397,-0.002113312,-0.007358414,-0.0221553,45.24445,2807
25,0.2777128,0.319066,1.000082,-0.005564228,0.1976413,1.000088,0.1360745,0.2583537,1.000085,-0.9992405,0.003021061,0.03884981,0,0.01171511,0.9741573,0.2255667,0,0.03716438,-0.2258505,0.9734528,0,0.02184657,-1.910099,0.6337618,1,-0.9992405,0.01171511,0.03716437,0,0.003021059,0.9741573,-0.2258505,0,0.03884981,0.2255667,0.9734528,0,0.002978974,1.717525,-1.049146,1,1.0,0.1066936,0.1297282,0.2494489,0.9596592,-0.002112687,-0.007360901,-0.02214896,45.25556,2808
25,0.2771814,0.3200911,1.000144,-0.005464833,0.1948679,1.00016,0.1358591,0.2574798,1.000152,-0.999246,0.003178861,0.03870166,0,0.01182787,0.974202,0.2253675,0,0.03698683,-0.2256553,0.973505,0,0.02146961,-1.909972,0.6340408,1,-0.9992455,0.01182787,0.03698681,0,0.003178862,0.974202,-0.2256552,0,0.03870165,0.2253674,0.9735047,0,0.002986519,1.717552,-1.049031,1,1.0,0.08726676,0.1295486,0.2486751,0.9598843,-0.002112465,-0.007363481,-0.02214246,45.26667,2809
25,0.2777094,0.3206649,1.000098,-0.005174905,0.1919857,1.00016,0.1362705,0.2563273,1.000129,-0.9992604,0.003121293,0.03832721,0,0.01167586,0.9742731,0.2250681,0,0.03663866,-0.2253492,0.9735891,0,0.02129709,-1.90975,0.6344205,1,-0.9992604,0.01167586,0.03663865,0,0.003121293,0.974273,-0.2253491,0,0.0383272,0.2250681,0.9735888,0,0.002926667,1.717581,-1.048805,1,1.0,0.165875,0.1299641,0.2476541,0.9600921,-0.002109611,-0.0073648,-0.02213588,45.28889,2810
25,0.2775938,0.3206983,1.000121,-0.005635541,0.1921344,1.000144,0.1359803,0.2564172,1.000132,-0.9992682,0.0032507,0.03811271,0,0.01174316,0.9743369,0.2247881,0,0.03640391,-0.2250711,0.973662,0,0.02099346,-1.909563,0.6348918,1,-0.9992681,0.01174315,0.0364039,0,0.003250702,0.9743369,-0.2250711,0,0.03811271,0.2247881,0.973662,0,0.00298807,1.717595,-1.048722,1,1.0,0.165875,0.1296929,0.2477474,0.9601046,-0.00210862,-0.007368981,-0.02212773,45.3,2811
25,0.2776066,0.3206807,1.000174,-0.0054585,0.1924123,1.00014,0.1360722,0.2565454,1.000157,-0.9992732,0.003426157,0.0379709,0,0.0118623,0.9744591,0.2242515,0,0.03623277,-0.2245388,0.9737915,0,0.02066027,-1.909233,0.6357588,1,-0.9992727,0.0118623,0.03623275,0,0.003426157,0.9744592,-0.2245388,0,0.03797089,0.2242514,0.9737912,0,0.003046251,1.717655,-1.048542,1,1.0,0.09683822,0.1297711,0.2478549,0.9600664,-0.002108453,-0.007371751,-0.02212518,45.32222,2812
25,0.2775575,0.31784,1.000228,-0.005878445,0.1942995,1.000191,0.1358375,0.2560684,1.000209,-0.9992721,0.003642833,0.03797394,0,0.01206364,0.9745225,0.223965,0,0.0361906,-0.2242601,0.973857,0,0.02035926,-1.909098,0.6361859,1,-0.999272,0.01206364,0.0361906,0,0.003642832,0.9745225,-0.2242601,0,0.03797394,0.223965,0.9738572,0,0.003140483,1.71773,-1.048426,1,1.0,0.1169939,0.1295638,0.2474414,0.960201,-0.002108322,-0.007381089,-0.02211045,45.33334,2813
25,0.2781582,0.3176387,1.000286,-0.006004773,0.1944264,1.000213,0.1360727,0.2560304,1.00025,-0.9992708,0.003775494,0.03799485,0,0.0121783,0.974641,0.2234425,0,0.03618773,-0.2237423,0.9739763,0,0.02015274,-1.908756,0.6370994,1,-0.9992707,0.0121783,0.03618774,0,0.003775492,0.974641,-0.2237423,0,0.03799485,0.2234425,0.9739764,0,0.003138042,1.717751,-1.048319,1,1.0,0.1091461,0.129778,0.2473996,0.9601828,-0.002108376,-0.007388687,-0.02210466,45.34444,2814
25,0.2779455,0.3173555,1.000374,-0.006003473,0.194719,1.000226,0.1359629,0.2560331,1.0003,-0.9992598,0.004259818,0.03823337,0,0.01268516,0.9747511,0.2229337,0,0.03631836,-0.2232537,0.9740837,0,0.01963699,-1.908409,0.6378373,1,-0.9992597,0.01268516,0.03631835,0,0.004259818,0.9747511,-0.2232537,0,0.03823337,0.2229337,0.9740835,0,0.003365264,1.717779,-1.048079,1,1.0,0.0944616,0.1296712,0.247397,0.960198,-0.002108399,-0.007390946,-0.02209944,45.36667,2815
25,0.2774999,0.315991,1.000158,-0.006032888,0.1958929,1.0001,0.1357303,0.2559403,1.000129,-0.999258,0.004231572,0.038284,0,0.01265583,0.9748316,0.222583,0,0.03637857,-0.2229023,0.9741619,0,0.01982443,-1.908204,0.6384917,1,-0.9992579,0.01265583,0.03637857,0,0.004231573,0.9748316,-0.2229023,0,0.03828399,0.222583,0.9741617,0,0.003440409,1.717809,-1.048059,1,1.0,0.08923434,0.12948,0.2473651,0.960232,-0.002109192,-0.007395256,-0.02209776,45.37778,2816
25,0.2779719,0.3166974,1.00014,-0.00534777,0.1956913,1.000112,0.1363105,0.2561937,1.000126,-0.9992586,0.004194812,0.03827122,0,0.01260833,0.9748859,0.2223478,0,0.03637737,-0.2226655,0.974216,0,0.01993398,-1.908082,0.6387433,1,-0.9992586,0.01260833,0.03637736,0,0.004194814,0.974886,-0.2226654,0,0.03827122,0.2223478,0.9742159,0,0.003477768,1.717888,-1.047863,1,1.0,0.08830865,0.1300086,0.2475775,0.9601058,-0.002109192,-0.007401558,-0.02209445,45.4,2817
25,0.2788275,0.3150483,1.000153,-0.005018696,0.1946182,1.000117,0.1369024,0.254832,1.000135,-0.9992579,0.003995792,0.03831445,0,0.01241673,0.9749315,0.2221587,0,0.03646626,-0.2224695,0.9742576,0,0.02038031,-1.907937,0.6390316,1,-0.9992576,0.01241672,0.03646625,0,0.003995791,0.9749314,-0.2224695,0,0.03831444,0.2221586,0.9742573,0,0.003504759,1.717888,-1.047782,1,1.0,0.09733253,0.1305962,0.2463662,0.9603376,-0.002109192,-0.007409866,-0.02208518,45.41111,2818
25,0.27774,0.3120791,1.0,-0.004997674,0.1927915,1.000063,0.1363746,0.252437,1.000032,-0.9992648,0.003870621,0.03814765,0,0.01226219,0.9749044,0.2222859,0,0.03632993,-0.2225902,0.9742351,0,0.02046639,-1.907977,0.6387028,1,-0.9992644,0.01226219,0.03632992,0,0.003870621,0.9749044,-0.2225902,0,0.03814764,0.2222859,0.9742348,0,0.003471386,1.717869,-1.047687,1,1.0,0.08784708,0.1301929,0.2442998,0.9609201,-0.002109177,-0.007420052,-0.02208011,45.42222,2819
25,0.2791078,0.3109556,1.000036,-0.004193995,0.2182658,1.000085,0.1374595,0.2646117,1.00006,-0.9992774,0.003750231,0.03782322,0,0.01206629,0.9749446,0.2221202,0,0.03604254,-0.2224161,0.9742854,0,0.02046583,-1.907803,0.6388041,1,-0.9992774,0.01206629,0.03604254,0,0.003750229,0.9749447,-0.2224161,0,0.03782323,0.2221202,0.9742854,0,0.003444106,1.717864,-1.047441,1,1.0,0.1050102,0.1308108,0.2550467,0.9580396,-0.002102661,-0.007497414,-0.02207362,45.44445,2820
25,0.2796261,0.3119348,0.9999787,-0.003640518,0.2220346,1.000028,0.1379955,0.2669858,1.000004,-0.9992826,0.003662278,0.03769422,0,0.01195692,0.974914,0.2222605,0,0.03593464,-0.2225517,0.9742584,0,0.02042662,-1.907837,0.6384761,1,-0.9992826,0.01195692,0.03593464,0,0.003662278,0.974914,-0.2225517,0,0.03769422,0.2222605,0.9742584,0,0.003332139,1.717824,-1.047367,1,1.0,0.1021822,0.131234,0.2571371,0.9574227,-0.002099831,-0.007514176,-0.0220679,45.45555,2821
25,0.2782734,0.311145,1.000092,-0.002040379,0.2231947,1.000131,0.1381186,0.2671708,1.000111,-0.9992942,0.003628237,0.0373907,0,0.01184093,0.9750096,0.2218469,0,0.03565137,-0.222133,0.9743644,0,0.02025406,-1.907539,0.6391822,1,-0.9992941,0.01184093,0.03565137,0,0.003628237,0.9750096,-0.222133,0,0.03739069,0.2218469,0.9743644,0,0.003261303,1.717828,-1.047246,1,1.0,0.08690859,0.1313264,0.2572826,0.9573709,-0.002097274,-0.007527016,-0.02206331,45.47778,2822
25,0.2783719,0.3123277,1.000074,-0.002041098,0.2232202,1.000085,0.138166,0.2677741,1.00008,-0.999298,0.003581064,0.03729764,0,0.01176834,0.9750471,0.2216863,0,0.03557308,-0.2219696,0.9744047,0,0.02028532,-1.907417,0.6394531,1,-0.9992975,0.01176834,0.03557307,0,0.003581063,0.9750469,-0.2219695,0,0.03729763,0.2216862,0.9744042,0,0.003251572,1.717825,-1.047196,1,1.0,0.07333967,0.1313544,0.2578204,0.9572224,-0.002097046,-0.007531967,-0.02206314,45.48889,2823
25,0.2788148,0.3123341,0.9999992,-0.002239108,0.2225961,1.000021,0.138289,0.2674654,1.00001,-0.9993037,0.003766533,0.03711925,0,0.0119012,0.9750984,0.2214532,0,0.03536081,-0.2217408,0.9744643,0,0.01973279,-1.907245,0.6399148,1,-0.9993038,0.0119012,0.03536081,0,0.003766533,0.9750984,-0.2217408,0,0.03711925,0.2214532,0.9744642,0,0.003149592,1.717805,-1.047186,1,1.0,0.09241433,0.1314847,0.2575634,0.9572737,-0.002095993,-0.007532516,-0.02206304,45.51111,2824
25,0.2775658,0.3087502,1.000107,-0.001835156,0.2226214,1.000114,0.1378657,0.2656859,1.000111,-0.9993069,0.003738036,0.03704007,0,0.01184987,0.9751363,0.221289,0,0.03529193,-0.2215745,0.9745047,0,0.01964336,-1.90706,0.6401631,1,-0.9993067,0.01184987,0.03529192,0,0.003738036,0.9751363,-0.2215745,0,0.03704007,0.2212889,0.9745045,0,0.003046719,1.717749,-1.047091,1,1.0,0.09208395,0.1311397,0.2559969,0.9577411,-0.002095993,-0.007532516,-0.02205934,45.52222,2825
25,0.2775649,0.308627,1.000053,-0.001655664,0.2232696,1.000074,0.1379557,0.2659488,1.000064,-0.9993179,0.003568475,0.03675947,0,0.01161567,0.97518,0.2211088,0,0.03505807,-0.221385,0.9745562,0,0.01977393,-1.906971,0.6405598,1,-0.9993176,0.01161567,0.03505807,0,0.003568476,0.97518,-0.2213849,0,0.03675946,0.2211088,0.974556,0,0.003018786,1.717777,-1.047129,1,1.0,0.08159214,0.13122,0.2562355,0.9576663,-0.002096015,-0.007532516,-0.02205846,45.54445,2826
25,0.2783944,0.3094776,0.9999509,-0.001705244,0.2235564,0.9999565,0.1383449,0.2665173,0.9999536,-0.9993162,0.003673246,0.03679686,0,0.01173273,0.9751374,0.2212903,0,0.03506914,-0.2215707,0.9745136,0,0.01969586,-1.907066,0.6402052,1,-0.9993158,0.01173273,0.03506913,0,0.003673245,0.9751373,-0.2215706,0,0.03679684,0.2212902,0.9745134,0,0.00312997,1.717749,-1.047129,1,1.0,0.08392119,0.1315733,0.2567413,0.9574823,-0.002096015,-0.007528206,-0.0220598,45.55556,2827
25,0.2782898,0.3093676,0.9999197,-0.002007265,0.2215823,0.9999882,0.138145,0.2654765,0.999954,-0.9993229,0.003682048,0.03660993,0,0.01170621,0.9750974,0.2214679,0,0.03488278,-0.2217465,0.9744803,0,0.01953879,-1.90712,0.6398385,1,-0.9993228,0.0117062,0.03488278,0,0.003682048,0.9750973,-0.2217465,0,0.03660992,0.2214679,0.9744802,0,0.003123234,1.717695,-1.047089,1,1.0,0.06037265,0.1314228,0.2558336,0.9577459,-0.002097076,-0.007525048,-0.02206268,45.56667,2828
25,0.2791487,0.3097087,0.9998733,-0.002715532,0.2215667,0.999944,0.1382205,0.2656392,0.9999084,-0.9993219,0.003555238,0.03665179,0,0.01160832,0.9749936,0.2219295,0,0.03494625,-0.2222045,0.9743737,0,0.01982305,-1.907405,0.638936,1,-0.9993216,0.01160832,0.03494624,0,0.003555238,0.9749936,-0.2222044,0,0.03665178,0.2219295,0.9743735,0,0.003172744,1.717679,-1.047089,1,1.0,0.07296577,0.1314941,0.2559835,0.957696,-0.002099053,-0.00752446,-0.02206458,45.58889,2829
