flag,xl,yl,zl,xr,yr,zr,xc,yc,zc,mat_00,mat_10,mat_20,mat_30,mat_01,mat_11,mat_21,mat_31,mat_02,mat_12,mat_22,mat_32,mat_03,mat_13,mat_23,mat_33,ctw_00,ctw_10,ctw_20,ctw_30,ctw_01,ctw_11,ctw_21,ctw_31,ctw_02,ctw_12,ctw_22,ctw_32,ctw_03,ctw_13,ctw_23,ctw_33,opennessl,opennessr,ray_x,ray_y,ray_z,eye_x,eye_y,eye_z,time,frame
0,0.05855829,-0.0952704,1,-0.05062976,-0.06373456,1,0.003964305,-0.07950236,1,-0.9237419,0.002060303,0.3830098,0,-0.024686,0.9975861,-0.06490387,0,0.382219,0.06940942,0.9214613,0,-0.009320974,-1.689574,1.10374,1,-0.923742,-0.024686,0.382219,0,0.002060298,0.9975861,0.0694094,0,0.3830097,-0.06490386,0.9214612,0,-0.4278723,1.756903,-0.8962185,1,0,0,0.002683006,-0.07206275,0.9973965,0.001217674,-0.005739792,-0.02093409,0,1
0,0.0573884,-0.09383716,1,-0.04639196,-0.06549732,1,0.00549832,-0.0796673,1,-0.9237419,0.002060303,0.3830098,0,-0.024686,0.9975861,-0.06490387,0,0.382219,0.06940942,0.9214613,0,-0.009320974,-1.689574,1.10374,1,-0.923742,-0.024686,0.382219,0,0.002060298,0.9975861,0.0694094,0,0.3830097,-0.06490386,0.9214612,0,-0.4278723,1.756903,-0.8962185,1,0,0,0.00418742,-0.07222059,0.9973799,0.001211663,-0.005741448,-0.02093781,0.01111111,2
0,0.06685251,-0.08741714,1.000075,-0.06303251,-0.06299088,1.000255,0.0019131,-0.07520513,1.000165,-0.924771,-0.0005692141,0.3805237,0,-0.02450255,0.9980127,-0.05805463,0,0.3797344,0.06301104,0.9229472,0,-0.01201463,-1.69663,1.092358,1,-0.9247711,-0.02450255,0.3797344,0,-0.0005692143,0.9980127,0.06301104,0,0.3805237,-0.05805463,0.9229471,0,-0.4277446,1.756381,-0.8967197,1,1,1,0.000628851,-0.06768071,0.9977068,0.001269173,-0.005925637,-0.02111842,0.02222222,3
0,0.06657818,-0.08517045,0.979959,-0.0639289,-0.05959727,0.9964689,0.001614794,-0.07248914,0.9881794,-0.9663178,-0.05571726,0.2512479,0,-0.06350756,0.9977163,-0.02299907,0,0.2493927,0.03818056,0.9676495,0,-0.08669767,-1.763812,1.038338,1,-0.9663178,-0.06350756,0.2493927,0,-0.05571726,0.9977164,0.03818056,0,0.2512479,-0.02299907,0.9676495,0,-0.4429326,1.778159,-0.9157822,1,1,1,0.0003417512,-0.06580076,0.9978327,0.00126899,-0.005935532,-0.02107543,0.3555556,4
0,0.06845959,-0.08578622,0.999991,-0.05924147,-0.05949555,1.001052,0.004626751,-0.07264771,1.000521,-0.9694474,-0.04432368,0.2412616,0,-0.04951669,0.998653,-0.01550118,0,0.2402496,0.02697406,0.9703363,0,-0.1225263,-1.770962,1.023124,1,-0.9694474,-0.04951668,0.2402496,0,-0.04432368,0.998653,0.02697406,0,0.2412616,-0.01550118,0.9703362,0,-0.4441189,1.778369,-0.9155678,1,1,1,0.003280646,-0.06517053,0.9978687,0.001268005,-0.005927979,-0.0210697,0.4,5
0,0.06845985,-0.08578707,1,-0.05920979,-0.05944029,1,0.004625052,-0.07261356,1,-0.9694474,-0.04432368,0.2412616,0,-0.04951669,0.998653,-0.01550118,0,0.2402496,0.02697406,0.9703363,0,-0.1225263,-1.770962,1.023124,1,-0.9694474,-0.04951668,0.2402496,0,-0.04432368,0.998653,0.02697406,0,0.2412616,-0.01550118,0.9703362,0,-0.4441189,1.778369,-0.9155678,1,1,1,0.003280646,-0.06517053,0.9978687,0.001268005,-0.005927979,-0.0210697,0.4111111,6
0,0.06924702,-0.07967766,0.9997146,-0.05662067,-0.06147172,0.9999632,0.006317183,-0.07057592,0.9998389,-0.9710082,-0.04625703,0.2345289,0,-0.05188237,0.9984933,-0.01786926,0,0.2333489,0.0295191,0.971945,0,-0.1255254,-1.768869,1.026054,1,-0.9710077,-0.05188236,0.2333488,0,-0.04625703,0.9984934,0.0295191,0,0.2345288,-0.01786926,0.9719447,0,-0.4443479,1.778026,-0.9157611,1,1,1,0.00493574,-0.06320398,0.9979883,0.001267944,-0.005920861,-0.02106741,0.4333333,7
0,0.07615387,-0.07578295,0.9995133,-0.05614364,-0.06221147,0.999759,0.01000948,-0.06899811,0.9996362,-0.971756,-0.04643434,0.2313753,0,-0.05252331,0.9984149,-0.02022297,0,0.2300695,0.03180438,0.9726546,0,-0.127772,-1.766732,1.029921,1,-0.9717556,-0.05252329,0.2300694,0,-0.04643433,0.9984149,0.03180437,0,0.2313752,-0.02022297,0.9726543,0,-0.4444984,1.778049,-0.9161707,1,1,1,0.008558444,-0.06168707,0.9980589,0.001256806,-0.005911659,-0.0210666,0.4555556,8
0,0.08452408,-0.07680966,0.9996427,-0.04744849,-0.006124727,0.9999042,0.01854242,-0.04147172,0.9997733,-0.9720644,-0.0468792,0.2299852,0,-0.05317302,0.9983594,-0.02124184,0,0.2286121,0.03287745,0.9729623,0,-0.1280549,-1.765798,1.031559,1,-0.9720644,-0.05317302,0.2286121,0,-0.0468792,0.9983593,0.03287745,0,0.2299853,-0.02124184,0.9729624,0,-0.4445001,1.778004,-0.9163379,1,0.8527918,0.8756761,0.017071,-0.03505743,0.9992394,0.001100837,-0.005653549,-0.02115419,0.4666667,9
0,0.08152041,-0.07735075,0.9971651,-0.04386741,-0.01088477,0.9982139,0.01884338,-0.04413447,0.9976896,-0.9757211,-0.0549198,0.212019,0,-0.05728434,0.9983453,-0.005021377,0,0.2113924,0.01704483,0.9772526,0,-0.1395564,-1.782069,1.001714,1,-0.9757212,-0.05728434,0.2113924,0,-0.05491979,0.9983452,0.01704483,0,0.212019,-0.005021376,0.9772527,0,-0.4464215,1.776155,-0.9190519,1,0.8549455,0.8795009,0.01741123,-0.03777248,0.9991347,0.001088639,-0.005617356,-0.02115263,0.6333333,10
0,0.08018175,-0.05568507,0.9993189,-0.04296555,-0.01791885,0.9996244,0.01861292,-0.0368048,0.9994716,-0.9763398,-0.0541469,0.2093528,0,-0.05633189,0.9984021,-0.004483812,0,0.2087754,0.01617096,0.9778298,0,-0.1442175,-1.782456,1.000607,1,-0.9763399,-0.0563319,0.2087755,0,-0.0541469,0.9984021,0.01617096,0,0.2093528,-0.004483813,0.97783,0,-0.4467996,1.77597,-0.9194901,1,0.8704202,0.8979984,0.01716652,-0.03055922,0.9993855,0.001081444,-0.005596031,-0.02115516,0.6555555,11
0,0.07910725,-0.05449068,0.9992675,-0.04061788,-0.01709859,0.999642,0.01925023,-0.03579792,0.9994547,-0.9773896,-0.0531291,0.204663,0,-0.05500427,0.9984801,-0.003480123,0,0.204167,0.01465877,0.9788263,0,-0.1516675,-1.783361,0.9984166,1,-0.9773896,-0.05500427,0.204167,0,-0.0531291,0.99848,0.01465877,0,0.204663,-0.003480124,0.9788264,0,-0.4473256,1.775782,-0.9201692,1,0.8773395,0.8969471,0.01779475,-0.02957898,0.9994041,0.00107737,-0.00559063,-0.02118263,0.6777778,12
0,0.07713594,-0.05284587,0.9993278,-0.03674799,-0.01458527,0.999627,0.02019797,-0.0337184,0.9994774,-0.978024,-0.05368474,0.2014625,0,-0.05521998,0.9984722,-0.002004042,0,0.2010471,0.01308475,0.9794943,0,-0.1548356,-1.784773,0.9954983,1,-0.9780238,-0.05521998,0.201047,0,-0.05368474,0.9984722,0.01308475,0,0.2014624,-0.002004042,0.979494,0,-0.4478034,1.775491,-0.920602,1,0.8865022,0.909981,0.01873263,-0.0275527,0.9994448,0.001066864,-0.005579277,-0.02123112,0.6888889,13
0,0.07618934,-0.05321728,0.9996526,-0.03461935,-0.01416609,0.9997889,0.02078672,-0.03369296,0.9997206,-0.9783344,-0.0539496,0.1998783,0,-0.05529235,0.9984695,-0.001137563,0,0.199511,0.01216466,0.9798201,0,-0.1564404,-1.785578,0.993831,1,-0.9783343,-0.05529235,0.199511,0,-0.0539496,0.9984696,0.01216466,0,0.1998783,-0.001137563,0.9798201,0,-0.4480275,1.775326,-0.9208431,1,0.8861734,0.9104863,0.01930872,-0.02752851,0.9994345,0.001061585,-0.005571533,-0.02125584,0.7,14
0,0.07852237,-0.05701506,0.9997612,-0.03304882,-0.01584088,0.999927,0.02273881,-0.03642959,0.9998441,-0.9790648,-0.05329254,0.1964487,0,-0.05427627,0.9985259,0.0003766296,0,0.1961792,0.01029376,0.9805142,0,-0.1623025,-1.78687,0.9906499,1,-0.9790647,-0.05427627,0.1961791,0,-0.05329253,0.9985259,0.01029376,0,0.1964487,0.0003766284,0.9805139,0,-0.4487433,1.775053,-0.9211121,1,0.8940942,0.9118801,0.02122067,-0.0302045,0.9993185,0.001056595,-0.005567933,-0.02121454,0.7222223,15
0,0.07995617,-0.05817768,0.9997475,-0.03247742,-0.01659303,0.9998845,0.02374117,-0.03738669,0.9998161,-0.9794217,-0.05295823,0.1947534,0,-0.05369601,0.9985562,0.001492853,0,0.1945513,0.008995349,0.9808513,0,-0.1653076,-1.787892,0.9884099,1,-0.9794213,-0.053696,0.1945512,0,-0.05295822,0.9985563,0.008995345,0,0.1947533,0.001492851,0.9808509,0,-0.4490856,1.774959,-0.9212393,1,0.8949182,0.9171005,0.02220716,-0.03114474,0.9992682,0.001050179,-0.005563621,-0.02122001,0.7333333,16
0,0.07904798,-0.05794425,0.9997725,-0.03113191,-0.01839325,0.9998888,0.02395956,-0.03816986,0.9998307,-0.9797294,-0.05262815,0.1932897,0,-0.05315255,0.9985833,0.002475514,0,0.1931461,0.007848505,0.9811387,0,-0.1679548,-1.788697,0.9864502,1,-0.9797291,-0.05315254,0.1931461,0,-0.05262815,0.9985834,0.007848503,0,0.1932896,0.002475512,0.9811385,0,-0.4493566,1.774794,-0.9213659,1,0.8914394,0.9000291,0.02243202,-0.03191154,0.9992389,0.001037606,-0.005561959,-0.02122088,0.7444445,17
0,0.07726806,-0.05525756,0.9998102,-0.03045516,-0.02074149,0.9999189,0.02340776,-0.03800041,0.9998645,-0.9803343,-0.0523003,0.1902879,0,-0.05252438,0.9986122,0.003869253,0,0.1902262,0.006201595,0.9817207,0,-0.1725083,-1.789817,0.983448,1,-0.9803342,-0.05252438,0.1902262,0,-0.0523003,0.9986121,0.006201593,0,0.1902879,0.003869253,0.9817207,0,-0.4498621,1.774467,-0.921556,1,0.8797894,0.8903732,0.02190655,-0.03174313,0.9992559,0.001022339,-0.005564255,-0.02122515,0.7666667,18
0,0.07934223,-0.05280001,0.9997108,-0.02634792,-0.02521989,0.9998608,0.02649888,-0.03901099,0.9997857,-0.9806327,-0.05232219,0.1887376,0,-0.05245265,0.9986141,0.00430699,0,0.1887014,0.005676215,0.9820181,0,-0.1744224,-1.790213,0.9824424,1,-0.9806328,-0.05245266,0.1887014,0,-0.05232219,0.9986141,0.005676216,0,0.1887377,0.004306991,0.9820181,0,-0.4501361,1.774352,-0.9217008,1,0.8724859,0.9057053,0.02493992,-0.03274295,0.9991525,0.001012901,-0.005552109,-0.0212349,0.7777778,19
0,0.07868445,-0.05328802,0.9997965,-0.02758168,-0.03083525,0.9999098,0.02555266,-0.04206204,0.999853,-0.98086,-0.05215906,0.1875981,0,-0.05222196,0.9986249,0.004610423,0,0.1875806,0.005274562,0.9822351,0,-0.1763346,-1.790437,0.9817243,1,-0.9808601,-0.05222196,0.1875806,0,-0.05215906,0.9986248,0.005274562,0,0.1875982,0.004610423,0.9822351,0,-0.4505168,1.77424,-0.9217634,1,0.8673267,0.8809826,0.02402107,-0.03575229,0.999072,0.001000451,-0.005520516,-0.02130171,0.7888889,20
0,0.08028899,-0.05425407,0.9997954,-0.02466363,-0.03261423,0.999962,0.02781454,-0.04343513,0.9998785,-0.9811711,-0.05194711,0.1860232,0,-0.05200076,0.9986365,0.004594223,0,0.1860082,0.00516563,0.9825346,0,-0.1786451,-1.790406,0.9814001,1,-0.9811712,-0.05200076,0.1860082,0,-0.05194711,0.9986364,0.005165629,0,0.1860232,0.004594223,0.9825346,0,-0.4508511,1.774166,-0.9217815,1,0.8568004,0.8924735,0.02624141,-0.03710242,0.9989668,0.0009889062,-0.005506874,-0.02132689,0.8111112,21
0,0.07964261,-0.05650273,0.9996651,-0.02489923,-0.0352907,0.999892,0.02737421,-0.04589773,0.9997785,-0.9818295,-0.05075505,0.182852,0,-0.05091106,0.9986958,0.00384396,0,0.1828086,0.005535077,0.983133,0,-0.184499,-1.78951,0.9820973,1,-0.9818294,-0.05091106,0.1828086,0,-0.05075505,0.9986959,0.005535075,0,0.182852,0.003843959,0.9831329,0,-0.4515517,1.774008,-0.921899,1,0.8633151,0.8748164,0.02581346,-0.03952876,0.998885,0.0009861458,-0.005489281,-0.02134005,0.8333334,22
0,0.08081613,-0.05541256,0.9998176,-0.02353179,-0.03524225,0.9999234,0.02864335,-0.04532795,0.9998705,-0.9820123,-0.05063169,0.1819031,0,-0.0508242,0.9987011,0.003606027,0,0.1818494,0.005703918,0.98331,0,-0.1859221,-1.789294,0.9823475,1,-0.9820119,-0.0508242,0.1818494,0,-0.05063168,0.9987012,0.005703916,0,0.1819031,0.003606026,0.9833098,0,-0.4518646,1.773978,-0.9219362,1,0.8683939,0.8801361,0.02705739,-0.03898604,0.9988734,0.000979919,-0.00546917,-0.0213718,0.8444445,23
0,0.08641355,-0.05549128,0.9998261,-0.02286856,-0.03501263,0.9999287,0.03177376,-0.0452526,0.9998773,-0.9821401,-0.0508255,0.1811571,0,-0.05116114,0.9986864,0.002822617,0,0.1810626,0.006495997,0.9834503,0,-0.1863652,-1.788627,0.9835938,1,-0.9821398,-0.05116113,0.1810625,0,-0.0508255,0.9986866,0.006495996,0,0.181157,0.002822616,0.98345,0,-0.4521295,1.773966,-0.9219527,1,0.8849105,0.8823486,0.03012559,-0.03892878,0.9987878,0.0009696353,-0.005447762,-0.021398,0.8555556,24
0,0.0869142,-0.0479902,0.9998008,-0.02380468,-0.034805,0.9998822,0.0315558,-0.0413979,0.9998414,-0.9823492,-0.05101468,0.1799653,0,-0.05162383,0.9986658,0.001300213,0,0.1797916,0.008013236,0.983672,0,-0.1874046,-1.787252,0.9861299,1,-0.9823492,-0.05162383,0.1797916,0,-0.05101469,0.9986658,0.008013236,0,0.1799653,0.001300213,0.9836721,0,-0.452742,1.773911,-0.922013,1,0.8849105,0.8823486,0.02993145,-0.0351676,0.9989331,0.0009555584,-0.005444763,-0.02141065,0.8777778,25
0,0.06587327,-0.06312403,0.9998357,-0.02516624,-0.04199877,0.999904,0.02035406,-0.05256174,0.9998699,-0.9824609,-0.05091846,0.1793821,0,-0.05162705,0.9986662,0.0007190928,0,0.1791794,0.008554487,0.9837792,0,-0.18826,-1.7867,0.9870842,1,-0.982461,-0.05162705,0.1791794,0,-0.05091847,0.9986663,0.008554489,0,0.1793821,0.0007190927,0.9837791,0,-0.4529994,1.773888,-0.9220562,1,0.8774579,0.8973798,0.01881704,-0.04592899,0.9987674,0.001117752,-0.005610176,-0.02114477,0.8888889,26
0,0.05178748,-0.08305787,0.9998654,-0.03905571,-0.04642927,0.9999003,0.006366149,-0.06474373,0.9998828,-0.9824997,-0.05082978,0.1791954,0,-0.05161589,0.998667,0.0002758508,0,0.1789705,0.008978304,0.9838136,0,-0.188816,-1.786252,0.9879056,1,-0.9824994,-0.05161588,0.1789704,0,-0.05082976,0.9986669,0.008978302,0,0.1791953,0.0002758495,0.9838133,0,-0.4533343,1.773852,-0.9220847,1,0.8756687,0.8934052,0.005060149,-0.05773808,0.998319,0.001191871,-0.005703819,-0.02094824,0.9,27
0,0.054368,-0.08219685,1.000016,-0.04423924,-0.04992512,0.9999983,0.005064234,-0.06606088,1.000007,-0.9825141,-0.05169876,0.1788666,0,-0.05230524,0.9986303,0.001326699,0,0.1786902,0.008052162,0.9838724,0,-0.1887797,-1.78721,0.9860432,1,-0.9825141,-0.05230525,0.1786902,0,-0.05169876,0.9986303,0.008052162,0,0.1788666,0.001326699,0.9838725,0,-0.4542455,1.77358,-0.9220167,1,0.8666635,0.8743112,0.003790967,-0.05900763,0.9982503,0.001186989,-0.005712616,-0.020931,0.9222223,28
0,0.05394508,-0.08332215,1.000021,-0.04377095,-0.03958817,0.9999632,0.005086482,-0.06145453,0.9999923,-0.9824798,-0.05254572,0.1788086,0,-0.05292903,0.9985948,0.00262954,0,0.1786955,0.006880698,0.9838804,0,-0.1881047,-1.788563,0.9838024,1,-0.9824796,-0.05292903,0.1786955,0,-0.05254572,0.9985948,0.006880698,0,0.1788086,0.00262954,0.9838803,0,-0.4547027,1.773506,-0.9220238,1,0.8640777,0.8720965,0.003815335,-0.05449995,0.9985064,0.001184883,-0.005724465,-0.02106014,0.9333333,29
0,0.05226585,-0.08404146,1.000129,-0.04438438,-0.04522299,1.000015,0.003939673,-0.06463121,1.000072,-0.9823288,-0.0536431,0.1793115,0,-0.05377548,0.9985445,0.004125896,0,0.1792718,0.005589576,0.9837837,0,-0.186411,-1.789983,0.9813148,1,-0.9823288,-0.05377548,0.1792718,0,-0.0536431,0.9985446,0.005589576,0,0.1793115,0.004125896,0.9837837,0,-0.4550981,1.773305,-0.9219779,1,0.8822259,0.8715438,0.002698067,-0.05758898,0.9983367,0.00117987,-0.005728081,-0.02105625,0.9444445,30
0,0.05270226,-0.08503267,0.9999114,-0.04432048,-0.04977964,0.9997413,0.004189327,-0.06740481,0.9998264,-0.9818177,-0.05505807,0.1816669,0,-0.05504842,0.9984707,0.005099189,0,0.1816698,0.004994,0.9833471,0,-0.1831051,-1.790905,0.9804261,1,-0.9818175,-0.05504841,0.1816698,0,-0.05505806,0.9984707,0.004994,0,0.1816668,0.005099188,0.9833468,0,-0.4564905,1.773087,-0.9218904,1,0.8885486,0.9029183,0.002949319,-0.06030001,0.9981759,0.001173058,-0.005735024,-0.0210247,0.9777778,31
0,0.05718775,-0.08214346,0.9998838,-0.04424244,-0.04848616,0.9997799,0.006471619,-0.06531397,0.9998318,-0.9815569,-0.05499628,0.1830888,0,-0.05518208,0.998468,0.004083648,0,0.1830329,0.00609489,0.9830879,0,-0.1820275,-1.78993,0.9827451,1,-0.9815568,-0.05518208,0.1830329,0,-0.05499628,0.9984679,0.006094888,0,0.1830888,0.004083647,0.9830878,0,-0.4570395,1.77313,-0.9218982,1,0.8885486,0.9029183,0.005181228,-0.05825434,0.9982883,0.001173058,-0.005742386,-0.02103566,0.9888889,32
0,0.05933231,-0.06395488,1.000118,-0.04390186,-0.04758116,1.000004,0.007714018,-0.05576755,1.000061,-0.9813402,-0.05503939,0.1842348,0,-0.05527955,0.9984636,0.00383634,0,0.1841629,0.006419662,0.982875,0,-0.181173,-1.78961,0.983443,1,-0.9813399,-0.05527954,0.1841628,0,-0.05503938,0.9984635,0.006419658,0,0.1842347,0.003836338,0.9828745,0,-0.4574756,1.773072,-0.9217471,1,0.8812857,0.8820234,0.006390693,-0.0489496,0.9987808,0.001180771,-0.005728829,-0.02095573,1,33
0,0.06131998,-0.07166656,1.000203,-0.04189232,-0.04813867,1.000012,0.009711757,-0.05990142,1.000108,-0.9810538,-0.05493825,0.1857833,0,-0.05499259,0.9984749,0.004864728,0,0.1857672,0.005444144,0.9825789,0,-0.1805196,-1.790423,0.9820225,1,-0.9810536,-0.05499257,0.1857672,0,-0.05493824,0.9984748,0.005444143,0,0.1857833,0.004864726,0.9825785,0,-0.4579054,1.772987,-0.9216322,1,0.8930929,0.8995134,0.008342809,-0.05298074,0.9985607,0.001180817,-0.005726906,-0.02095705,1.011111,34
0,0.06216826,-0.07664514,1.00016,-0.04429416,-0.05109105,0.9999972,0.008935124,-0.063867,1.000079,-0.9805439,-0.05448193,0.1885884,0,-0.05423976,0.9985071,0.006448612,0,0.1886582,0.003905843,0.982035,0,-0.1797295,-1.791488,0.9799124,1,-0.9805437,-0.05423976,0.1886582,0,-0.05448192,0.998507,0.003905843,0,0.1885884,0.006448612,0.982035,0,-0.4586364,1.772746,-0.9214036,1,0.8834491,0.8873008,0.007579417,-0.05685656,0.9983536,0.001182511,-0.005713196,-0.02106462,1.033333,35
0,0.06410016,-0.07387932,1.000079,-0.04426064,-0.04940528,0.9999129,0.009917721,-0.06164121,0.9999961,-0.9802459,-0.0538816,0.1903013,0,-0.05376389,0.9985369,0.005785208,0,0.1903346,0.004560411,0.9817086,0,-0.1791466,-1.790705,0.9815497,1,-0.9802459,-0.05376388,0.1903346,0,-0.05388159,0.9985368,0.004560411,0,0.1903013,0.005785206,0.9817088,0,-0.4588841,1.772775,-0.9213318,1,0.8648761,0.8789867,0.008534051,-0.0546736,0.9984679,0.001190705,-0.005732422,-0.02103658,1.044444,36
0,0.06352757,-0.07653581,1.000173,-0.04489943,-0.0504226,0.9999341,0.009311229,-0.06347781,1.000054,-0.9794818,-0.05308939,0.1944151,0,-0.05325118,0.9985715,0.004397744,0,0.1943709,0.006045326,0.9809097,0,-0.1767648,-1.78912,0.9850841,1,-0.9794815,-0.05325118,0.1943708,0,-0.05308938,0.9985716,0.006045324,0,0.1944151,0.004397742,0.9809093,0,-0.4596363,1.772819,-0.9211046,1,0.8477594,0.8818231,0.007932427,-0.05646176,0.9983733,0.001198555,-0.005733994,-0.0209904,1.066667,37
0,0.06222846,-0.07597045,1.000222,-0.04542866,-0.05416062,0.9999752,0.008396953,-0.0650642,1.000099,-0.9790422,-0.0529268,0.1966603,0,-0.05307457,0.9985803,0.004522625,0,0.1966205,0.006009821,0.9804614,0,-0.175259,-1.789054,0.9854066,1,-0.979042,-0.05307456,0.1966205,0,-0.05292679,0.9985802,0.00600982,0,0.1966603,0.004522625,0.9804612,0,-0.4600652,1.772756,-0.9209415,1,0.8351416,0.872161,0.007035889,-0.05801227,0.9982911,0.001200486,-0.005728615,-0.0209672,1.077778,38
0,0.06223178,-0.07536621,1.000317,-0.0479584,-0.05511665,1.00001,0.007132828,-0.06523979,1.000163,-0.9779452,-0.05320431,0.2019716,0,-0.05327215,0.998567,0.0051038,0,0.2019537,0.005768223,0.9793782,0,-0.1705526,-1.78918,0.9855775,1,-0.9779451,-0.05327214,0.2019536,0,-0.05320431,0.998567,0.005768222,0,0.2019715,0.005103799,0.9793779,0,-0.4610418,1.7725,-0.9204888,1,0.8319059,0.8534468,0.00579237,-0.05817957,0.9982893,0.001207932,-0.005730126,-0.02095664,1.1,39
0,0.06228533,-0.07707012,1.000355,-0.04670258,-0.05398648,1.000031,0.007787481,-0.06552655,1.000193,-0.9773415,-0.05360872,0.2047678,0,-0.05357477,0.9985475,0.005713806,0,0.2047767,0.005386049,0.978794,0,-0.1676814,-1.789633,0.9851131,1,-0.9773414,-0.05357477,0.2047766,0,-0.05360871,0.9985474,0.005386048,0,0.2047678,0.005713806,0.9787939,0,-0.4615414,1.772422,-0.9202464,1,0.8146583,0.8496163,0.006419479,-0.05844997,0.9982697,0.00122081,-0.005738282,-0.02094057,1.111111,40
0,0.05249029,-0.1067912,1.000464,-0.05354199,-0.04360194,1.000089,-0.0005301237,-0.07519088,1.000277,-0.9766001,-0.05427483,0.2081032,0,-0.05419554,0.9985118,0.006086912,0,0.2081239,0.005333788,0.978088,0,-0.1637329,-1.789883,0.9850851,1,-0.9765997,-0.05419553,0.2081238,0,-0.05427482,0.9985118,0.005333786,0,0.2081031,0.00608691,0.9780878,0,-0.4620464,1.77235,-0.9198762,1,0.7875702,0.8542994,-0.001745188,-0.06780899,0.9976968,0.001256256,-0.005775345,-0.02105942,1.122222,41
0,0.04772612,-0.1270408,1.000447,-0.03521405,-0.07315376,1.000042,0.006253675,-0.1000919,1.000244,-0.9747205,-0.05620113,0.2162446,0,-0.0560706,0.998404,0.006743649,0,0.2162785,0.005551795,0.976316,0,-0.1533692,-1.790396,0.9857213,1,-0.9747202,-0.05607059,0.2162785,0,-0.05620112,0.998404,0.005551793,0,0.2162446,0.006743647,0.9763159,0,-0.4632713,1.772292,-0.919265,1,0.6888738,0.8150471,0.004849507,-0.0922367,0.9957253,0.00127517,-0.005405556,-0.02193029,1.144444,42
0,1.490116E-07,5.899929E-07,1.000229,-0.05976371,-0.1154126,1.000005,-0.0298835,-0.05771221,1.000117,-0.9735422,-0.05750422,0.2211543,0,-0.0572133,0.9983321,0.007726559,0,0.2212297,0.005130833,0.9752084,0,-0.1469294,-1.791218,0.9850238,1,-0.9735419,-0.05721328,0.2212296,0,-0.05750421,0.9983321,0.005130831,0,0.2211542,0.007726557,0.975208,0,-0.4638866,1.772213,-0.9189076,1,0.5065455,0.71376,-0.01548724,-0.05442988,0.9983975,-0.01420902,-0.002624123,-0.01036248,1.155556,43
0,1.639128E-07,4.426111E-07,1.000255,-0.0649828,-0.1430499,1.000045,-0.03249323,-0.07153203,1.00015,-0.9708407,-0.06096441,0.2318442,0,-0.06017494,0.9981328,0.01048246,0,0.2320504,0.003774417,0.9726964,0,-0.1318861,-1.793476,0.9822726,1,-0.9708406,-0.06017494,0.2320503,0,-0.06096441,0.9981328,0.003774417,0,0.2318442,0.01048246,0.9726964,0,-0.4651129,1.771895,-0.9180796,1,0.5065455,0.71376,-0.01805775,-0.06805429,0.9975181,-0.01419997,-0.00258989,-0.01038589,1.177778,44
0,2.235174E-07,3.387686E-07,1.000284,2.235174E-07,3.387686E-07,1.000284,2.235174E-07,3.387686E-07,1.000284,-0.9692918,-0.06232299,0.2378849,0,-0.06131769,0.9980505,0.01163065,0,0.238146,0.003313053,0.9712237,0,-0.1242294,-1.794274,0.9814357,1,-0.9692918,-0.06131769,0.238146,0,-0.06232299,0.9980506,0.003313054,0,0.2378848,0.01163065,0.9712237,0,-0.4657078,1.771744,-0.9176644,1,0.3515077,0.6139001,0,0,1,0,0,0,1.188889,45
0,1.490116E-08,-1.583248E-07,1.00034,1.490116E-08,-1.583248E-07,1.00034,1.490116E-08,-1.583248E-07,1.00034,-0.9659104,-0.06422624,0.250783,0,-0.06310523,0.9979284,0.01251757,0,0.2510674,0.003734863,0.9679625,0,-0.1092207,-1.794461,0.9823881,1,-0.9659103,-0.06310523,0.2510673,0,-0.06422623,0.9979284,0.003734863,0,0.2507829,0.01251757,0.9679623,0,-0.467115,1.771555,-0.9167908,1,0.3044547,0.5428959,0,0,1,0,0,0,1.211111,46
0,5.960464E-08,3.227033E-07,1.000419,5.960464E-08,3.227033E-07,1.000419,5.960464E-08,3.227033E-07,1.000419,-0.963694,-0.0655124,0.2588475,0,-0.06446038,0.9978412,0.01255912,0,0.2591115,0.004582257,0.9658365,0,-0.09937888,-1.794105,0.9837569,1,-0.963694,-0.06446038,0.2591116,0,-0.06551241,0.9978413,0.004582259,0,0.2588476,0.01255913,0.9658366,0,-0.4679501,1.771471,-0.9161772,1,0.2770278,0.491157,0,0,1,0,0,0,1.222222,47
0,5.960464E-08,1.024455E-07,1.000356,5.960464E-08,1.024455E-07,1.000356,5.960464E-08,1.024455E-07,1.000356,-0.9611963,-0.06655537,0.2677167,0,-0.06546532,0.9977701,0.01300609,0,0.2679853,0.005024758,0.96341,0,-0.08925092,-1.794082,0.9845873,1,-0.9611961,-0.06546532,0.2679853,0,-0.06655537,0.9977701,0.005024757,0,0.2677166,0.01300608,0.9634097,0,-0.4687838,1.771433,-0.9156281,1,0.2683148,0.4178269,0,0,1,0,0,0,1.233333,48
0,-8.940697E-08,-3.762543E-07,1.000434,-8.940697E-08,-3.762543E-07,1.000434,-8.940697E-08,-3.762543E-07,1.000434,-0.9556947,-0.06825927,0.286336,0,-0.06714514,0.9976489,0.01372002,0,0.2865994,0.006113919,0.9580311,0,-0.06870887,-1.793575,0.9864267,1,-0.9556947,-0.06714513,0.2865994,0,-0.06825928,0.9976488,0.006113919,0,0.2863361,0.01372002,0.9580311,0,-0.4705424,1.771211,-0.9143698,1,0.2622065,0.413046,0,0,1,0,0,0,1.255556,49
0,1.490116E-07,1.788139E-07,1.000445,-0.09988207,-0.0956625,0.9994203,-0.04995883,-0.04785401,0.9999325,-0.9526926,-0.06900463,0.295999,0,-0.06782708,0.9975952,0.01425793,0,0.296271,0.006493319,0.9550819,0,-0.05828491,-1.793476,0.986941,1,-0.9526923,-0.06782708,0.296271,0,-0.06900461,0.9975953,0.006493316,0,0.2959989,0.01425793,0.9550818,0,-0.4714192,1.771138,-0.9136957,1,0.2695841,0.4434751,-0.0352919,-0.04484512,0.9983704,-0.0142281,-0.002451203,-0.01085626,1.266667,50
0,0,1.336448E-07,1.000436,-0.09549737,-0.09309286,0.9993958,-0.04776576,-0.04656857,0.9999157,-0.9495925,-0.06955185,0.3056743,0,-0.06850664,0.9975502,0.01415913,0,0.3059103,0.007495317,0.9520309,0,-0.04786843,-1.79274,0.9885159,1,-0.9495924,-0.06850663,0.3059102,0,-0.06955185,0.9975502,0.007495315,0,0.3056743,0.01415913,0.9520308,0,-0.4723078,1.771073,-0.913017,1,0.3001251,0.4864533,-0.03323576,-0.04339844,0.9985049,-0.01414346,-0.002665619,-0.01020336,1.277778,51
0,5.960464E-08,1.881272E-07,1.000309,-0.1030394,-0.08506523,0.9990143,-0.05154318,-0.04255779,0.9996614,-0.9423603,-0.07089379,0.3270039,0,-0.0703219,0.9974318,0.01358751,0,0.3271273,0.0101912,0.9449255,0,-0.02426589,-1.790654,0.9925902,1,-0.9423599,-0.07032189,0.3271272,0,-0.07089377,0.9974318,0.0101912,0,0.3270037,0.01358751,0.9449251,0,-0.4743941,1.770862,-0.9117364,1,0.3658579,0.5527501,-0.0370113,-0.03939514,0.998538,-0.01411038,-0.002714027,-0.01025126,1.3,52
0,0.009313464,-0.1115951,1.000369,-0.1084745,-0.06517145,0.9989719,-0.04960057,-0.08836764,0.9996702,-0.938201,-0.07162531,0.3385983,0,-0.0712841,0.9973652,0.01346072,0,0.3386703,0.01150782,0.9408348,0,-0.01117915,-1.789756,0.9943082,1,-0.9382009,-0.0712841,0.3386703,0,-0.07162531,0.9973652,0.01150781,0,0.3385983,0.01346072,0.9408346,0,-0.4753511,1.770859,-0.9110973,1,0.443886,0.6329825,-0.04977488,-0.08091003,0.9954778,0.001477905,-0.005338562,-0.02188255,1.311111,53
0,0.008649945,-0.1246914,1.000545,-0.1019237,-0.05486741,0.9992836,-0.04665276,-0.0897579,0.9999142,-0.9297792,-0.07155201,0.3610972,0,-0.07149993,0.9973489,0.01352317,0,0.3611075,0.01324486,0.9324303,0,0.01134926,-1.78809,0.9964761,1,-0.929779,-0.07149993,0.3611075,0,-0.071552,0.997349,0.01324486,0,0.3610971,0.01352317,0.9324301,0,-0.4772137,1.770685,-0.9095595,1,0.5390115,0.7018381,-0.04696386,-0.0822261,0.9955066,0.001552483,-0.005358414,-0.02190465,1.333333,54
0,-0.006014138,-0.09773294,1.000278,-0.1137081,-0.05430504,0.9991171,-0.05987492,-0.07600664,0.9996975,-0.9257981,-0.0710656,0.3712784,0,-0.07098529,0.9973805,0.01390173,0,0.3712938,0.01348511,0.9284176,0,0.0204446,-1.78769,0.9967043,1,-0.9257981,-0.07098529,0.3712938,0,-0.07106561,0.9973805,0.01348511,0,0.3712784,0.01390173,0.9284175,0,-0.4781705,1.770602,-0.9088415,1,0.6330253,0.7749222,-0.05995974,-0.06880333,0.9958268,0.001638214,-0.005420937,-0.02192829,1.344445,55
0,-0.008646041,-0.08303243,1.000427,-0.1232191,-0.05137618,0.9992193,-0.06594896,-0.06719494,0.9998231,-0.9218918,-0.07016375,0.3810413,0,-0.06989022,0.9974482,0.01457448,0,0.3810915,0.01319496,0.9244431,0,0.02827656,-1.78764,0.9961116,1,-0.9218919,-0.06989022,0.3810916,0,-0.07016376,0.9974482,0.01319497,0,0.3810413,0.01457448,0.9244432,0,-0.4789193,1.770537,-0.9080367,1,0.7116309,0.8333763,-0.06592967,-0.06015647,0.9960092,0.001676207,-0.005491898,-0.02180149,1.355556,56
0,-0.01033583,-0.07969125,1.000351,-0.1190741,-0.05736347,0.999263,-0.06471801,-0.06852151,0.9998069,-0.9140679,-0.06912486,0.3996273,0,-0.06860356,0.9975216,0.01562766,0,0.3997171,0.01313111,0.9165447,0,0.04497823,-1.787364,0.9951939,1,-0.9140677,-0.06860355,0.399717,0,-0.06912486,0.9975216,0.01313111,0,0.3996272,0.01562766,0.9165444,0,-0.4801447,1.770467,-0.9066479,1,0.7903365,0.8826391,-0.0648144,-0.0614634,0.9960027,0.001772773,-0.005468285,-0.0219604,1.377778,57
0,-0.01579368,-0.08406583,1.000302,-0.110548,-0.04817235,0.9993297,-0.06317922,-0.06611082,0.9998156,-0.9099033,-0.06883436,0.4090694,0,-0.06821712,0.9975402,0.01611965,0,0.4091728,0.01323822,0.9123609,0,0.05417755,-1.787104,0.994641,1,-0.9099033,-0.06821712,0.4091728,0,-0.06883434,0.9975402,0.01323822,0,0.4090694,0.01611965,0.9123608,0,-0.480595,1.770371,-0.9059815,1,0.8569218,0.9059751,-0.06339344,-0.05918754,0.9962319,0.001865234,-0.005381394,-0.02236388,1.388889,58
0,-0.01437059,-0.08059458,1.000394,-0.1170128,-0.05933857,0.9994101,-0.06570208,-0.06996149,0.9999017,-0.9015933,-0.06935331,0.4269894,0,-0.06863475,0.9974954,0.01709407,0,0.4271055,0.01389441,0.9040953,0,0.07360563,-1.786572,0.9931073,1,-0.9015931,-0.06863474,0.4271053,0,-0.0693533,0.9974955,0.0138944,0,0.4269892,0.01709407,0.9040949,0,-0.4815885,1.770173,-0.9044772,1,0.9456456,0.962624,-0.06584482,-0.06289975,0.9958454,0.00188965,-0.005393188,-0.02236734,1.411111,59
0,0.01118404,-0.10245,1.000477,-0.1089044,-0.03811844,0.9993722,-0.04887655,-0.07026687,0.9999247,-0.8975351,-0.06951028,0.4354298,0,-0.06878658,0.9974788,0.01744637,0,0.4355447,0.01429299,0.9000536,0,0.08269262,-1.786287,0.9925415,1,-0.8975351,-0.06878657,0.4355447,0,-0.06951029,0.9974789,0.01429299,0,0.4354298,0.01744637,0.9000536,0,-0.4821279,1.770156,-0.9038254,1,0.9456456,0.962624,-0.04927984,-0.0629277,0.9968007,0.001620689,-0.005784478,-0.02150338,1.422222,60
0,0.04406574,-0.1021118,1.000873,-0.04698491,-0.05995075,1.000087,-0.001465619,-0.08102335,1.00048,-0.8935683,-0.06943469,0.4435255,0,-0.06891835,0.9974722,0.01730664,0,0.443606,0.01510238,0.8960949,0,0.09146217,-1.785511,0.9926057,1,-0.893568,-0.06891834,0.4436059,0,-0.06943469,0.9974723,0.01510238,0,0.4435253,0.01730664,0.8960944,0,-0.4824944,1.770122,-0.9030761,1,0.9456456,0.962624,-0.002776658,-0.07335399,0.9973021,0.001379426,-0.005857598,-0.0214606,1.433333,61
0,0.05364746,-0.09682896,1.000895,-0.04514673,-0.05959839,1.000093,0.004242629,-0.07820644,1.000494,-0.8857987,-0.06895457,0.4589182,0,-0.06897441,0.9974779,0.01674202,0,0.4589152,0.01682355,0.8883208,0,0.10798,-1.783726,0.9931485,1,-0.8857988,-0.06897441,0.4589152,0,-0.06895457,0.9974779,0.01682355,0,0.4589182,0.01674203,0.8883208,0,-0.4831215,1.770048,-0.9017795,1,0.9679335,0.9718416,0.002792374,-0.0706085,0.9975002,0.001381928,-0.00586863,-0.02143437,1.455556,62
0,0.05010551,-0.09705134,1.000922,-0.04680386,-0.06313598,1.000152,0.001643717,-0.08008741,1.000537,-0.8819281,-0.06861237,0.4663639,0,-0.06903617,0.9974827,0.01619917,0,0.4663014,0.01790948,0.8844447,0,0.1163333,-1.782679,0.993636,1,-0.881928,-0.06903617,0.4663014,0,-0.06861237,0.9974827,0.01790947,0,0.4663639,0.01619917,0.8844445,0,-0.4831122,1.770127,-0.9011354,1,0.9412633,0.9821711,0.0002467835,-0.07243193,0.9973734,0.001390748,-0.00587008,-0.02142571,1.466667,63
0,0.04913539,-0.09617928,1.000853,-0.04847553,-0.06363279,1.000055,0.0003224611,-0.07989964,1.000454,-0.8777952,-0.06869522,0.4740854,0,-0.06977001,0.997445,0.01534732,0,0.4739284,0.01960514,0.8803453,0,0.1259923,-1.781195,0.9946557,1,-0.8777949,-0.06976999,0.4739282,0,-0.0686952,0.997445,0.01960513,0,0.4740852,0.01534731,0.8803449,0,-0.4833157,1.770169,-0.9004308,1,0.9762765,0.9925294,-0.001043768,-0.07225381,0.9973857,0.001391884,-0.005871704,-0.02142296,1.477778,64
0,0.04828566,-0.09588579,1.000984,-0.05013484,-0.06421708,1.000149,-0.0009326041,-0.08004501,1.000566,-0.8692164,-0.06830268,0.4896915,0,-0.07060013,0.9974092,0.01380243,0,0.4893655,0.02257498,0.8717867,0,0.1447255,-1.778316,0.9960207,1,-0.8692163,-0.07060012,0.4893653,0,-0.06830266,0.9974091,0.02257497,0,0.4896913,0.01380243,0.8717864,0,-0.4834087,1.770178,-0.8989956,1,1,1,-0.002265308,-0.07238923,0.9973739,0.001388191,-0.005871407,-0.02140294,1.5,65
0,0.04714927,-0.09686669,1.00083,-0.05140504,-0.06366489,1.000044,-0.002135456,-0.08025981,1.000437,-0.8650218,-0.06790711,0.4971178,0,-0.07085007,0.9974027,0.01296249,0,0.4967069,0.02400799,0.8675864,0,0.1534649,-1.776855,0.9967904,1,-0.8650216,-0.07085007,0.4967068,0,-0.0679071,0.9974027,0.02400799,0,0.4971177,0.01296249,0.8675863,0,-0.4834328,1.770193,-0.8983699,1,1,1,-0.003432536,-0.0726053,0.9973548,0.001380997,-0.005873459,-0.02138465,1.511111,66
0,0.04948243,-0.09674266,1.000798,-0.05369601,-0.0633373,1.000005,-0.002115339,-0.08003348,1.000402,-0.8568554,-0.06700169,0.5111847,0,-0.07090573,0.9974123,0.01187897,0,0.5106578,0.02606736,0.8593889,0,0.1694944,-1.774554,0.9971202,1,-0.8568553,-0.07090573,0.5106577,0,-0.06700169,0.9974123,0.02606736,0,0.5111846,0.01187897,0.8593888,0,-0.4833785,1.770136,-0.8972096,1,1,1,-0.003406078,-0.07238745,0.9973707,0.001374061,-0.005874,-0.02138741,1.533333,67
0,0.04907307,-0.09711856,1.000887,-0.05497524,-0.06337754,1.000118,-0.002959579,-0.0802419,1.000502,-0.8529071,-0.06663832,0.5177927,0,-0.07089585,0.9974164,0.01158495,0,0.5172269,0.02682847,0.8554279,0,0.1769061,-1.773658,0.9967214,1,-0.8529066,-0.07089584,0.5172268,0,-0.06663831,0.9974165,0.02682847,0,0.5177925,0.01158494,0.8554277,0,-0.483404,1.770071,-0.8965391,1,1,1,-0.004222572,-0.07257915,0.9973537,0.001366417,-0.005878418,-0.02137727,1.544444,68
0,0.04882005,-0.09645347,1.000947,-0.05489948,-0.06325885,1.000197,-0.003047824,-0.07985017,1.000572,-0.8489802,-0.06614107,0.5242689,0,-0.07080548,0.9974275,0.01117455,0,0.5236594,0.02763414,0.8514794,0,0.1841584,-1.772742,0.9963988,1,-0.8489802,-0.07080548,0.5236594,0,-0.06614107,0.9974275,0.02763413,0,0.524269,0.01117456,0.8514794,0,-0.4832851,1.770087,-0.8958611,1,1,1,-0.004307687,-0.07218861,0.9973817,0.001365632,-0.005884529,-0.02136841,1.555556,69
0,0.04812041,-0.09251608,1.000896,-0.05530769,-0.06444622,1.000142,-0.00360176,-0.07847635,1.000519,-0.8450518,-0.06582997,0.5306167,0,-0.07072825,0.9974338,0.01110407,0,0.529986,0.02814608,0.8475393,0,0.1914059,-1.772163,0.9954981,1,-0.8450516,-0.07072824,0.529986,0,-0.06582996,0.9974337,0.02814607,0,0.5306166,0.01110406,0.8475392,0,-0.4831413,1.770099,-0.8952866,1,1,1,-0.004846787,-0.07084281,0.9974757,0.001363227,-0.00590181,-0.021343,1.577778,70
0,0.04798919,-0.08988647,1.000945,-0.05354583,-0.0619955,1.000272,-0.002785295,-0.07593639,1.000609,-0.8376907,-0.0649352,0.5422709,0,-0.07014457,0.9974752,0.01108634,0,0.5416217,0.02875044,0.8401306,0,0.2040769,-1.771122,0.9933013,1,-0.8376907,-0.07014457,0.5416216,0,-0.0649352,0.9974752,0.02875043,0,0.5422709,0.01108634,0.8401306,0,-0.4826933,1.769953,-0.8941147,1,1,1,-0.004046868,-0.0683531,0.9976529,0.001359841,-0.005919617,-0.02133254,1.6,71
0,0.05169702,-0.08856101,1.002004,-0.05211151,-0.06119133,1.000733,-0.0002210438,-0.07486793,1.001368,-0.8310293,-0.06465387,0.5524586,0,-0.06961096,0.9975017,0.01202552,0,0.5518559,0.02846361,0.8334539,0,0.2153341,-1.77109,0.9892994,1,-0.8310291,-0.06961095,0.5518557,0,-0.06465386,0.9975017,0.02846361,0,0.5524584,0.01202552,0.8334535,0,-0.4821056,1.769758,-0.8929568,1,1,1,-0.001534953,-0.06723969,0.9977357,0.001352051,-0.005948746,-0.02129338,1.611111,72
0,0.05206478,-0.0883446,1.00087,-0.0514895,-0.05803156,1.000341,0.0002819002,-0.07318417,1.000606,-0.8252498,-0.06371658,0.5611623,0,-0.06856722,0.997569,0.01243243,0,0.5605903,0.02821748,0.8276125,0,0.2244075,-1.770835,0.9863089,1,-0.8252497,-0.06856721,0.5605902,0,-0.06371658,0.997569,0.02821748,0,0.5611622,0.01243243,0.8276124,0,-0.4811186,1.769655,-0.8921136,1,1,1,-0.001045051,-0.0656335,0.9978433,0.001352051,-0.005969635,-0.02127612,1.633333,73
0,0.05222017,-0.08821268,1.000857,-0.0509738,-0.05819019,1.000399,0.0006182194,-0.07319836,1.000628,-0.8227603,-0.06326873,0.5648564,0,-0.06806164,0.9976015,0.01260245,0,0.564299,0.02807626,0.8250932,0,0.2281336,-1.770759,0.9849123,1,-0.82276,-0.06806163,0.5642988,0,-0.06326873,0.9976016,0.02807626,0,0.5648563,0.01260245,0.8250929,0,-0.4806682,1.769626,-0.8916634,1,1,1,-0.0007175197,-0.06564014,0.9978431,0.001353005,-0.005976456,-0.02126127,1.644444,74
0,0.05257553,-0.08785273,1.000695,-0.05061263,-0.05822799,1.000231,0.0009764731,-0.07303689,1.000463,-0.8201317,-0.06262829,0.5687372,0,-0.06764255,0.9976336,0.01231554,0,0.5681626,0.02837047,0.8224273,0,0.2322071,-1.770137,0.9844166,1,-0.8201315,-0.06764254,0.5681624,0,-0.06262829,0.9976336,0.02837046,0,0.5687369,0.01231553,0.822427,0,-0.4802944,1.769532,-0.8913226,1,1,1,-0.0003667685,-0.06548718,0.9978533,0.001351502,-0.005984421,-0.0212538,1.655556,75
0,0.05335936,-0.08996435,1.000703,-0.04874238,-0.05590052,1.000322,0.002304524,-0.07292911,1.000513,-0.8153547,-0.06089332,0.5757506,0,-0.06639724,0.997727,0.0114939,0,0.575142,0.02885665,0.8175446,0,0.2390665,-1.768973,0.983706,1,-0.8153545,-0.06639724,0.5751418,0,-0.06089333,0.9977271,0.02885665,0,0.5757506,0.0114939,0.8175445,0,-0.4791639,1.769519,-0.8906738,1,1,1,0.0009330849,-0.06537963,0.99786,0.001348877,-0.005984513,-0.0212352,1.677778,76
0,0.05374986,-0.08886876,1.000787,-0.04874632,-0.05532815,1.000457,0.00249818,-0.07209583,1.000622,-0.8133957,-0.05998376,0.5786099,0,-0.0657578,0.997775,0.01099737,0,0.5779822,0.0291029,0.8155303,0,0.2417383,-1.768334,0.9834998,1,-0.8133957,-0.06575779,0.5779821,0,-0.05998376,0.9977751,0.02910289,0,0.5786098,0.01099737,0.8155302,0,-0.4785051,1.76948,-0.8903305,1,1,1,0.001123763,-0.06456225,0.997913,0.00134748,-0.005984513,-0.02123212,1.688889,77
0,0.05421022,-0.08407605,1.00071,-0.04829827,-0.06054199,1.000405,0.002952635,-0.07230726,1.000558,-0.8096743,-0.05814409,0.5839925,0,-0.06452215,0.9978672,0.009894251,0,0.5833223,0.02966933,0.811699,0,0.2467999,-1.767014,0.9834226,1,-0.8096741,-0.06452214,0.583322,0,-0.05814409,0.9978672,0.02966932,0,0.5839923,0.009894249,0.8116987,0,-0.4772252,1.76944,-0.8897806,1,1,1,0.001567555,-0.0647911,0.9978976,0.001347786,-0.005964363,-0.02123699,1.711111,78
0,0.0560056,-0.08285531,1.000578,-0.04831892,-0.06176623,1.000295,0.003840357,-0.07230935,1.000437,-0.808002,-0.05717526,0.5863993,0,-0.06399372,0.9979086,0.009121161,0,0.5856944,0.03015595,0.8099711,0,0.2491474,-1.766175,0.9839107,1,-0.8080018,-0.06399371,0.5856941,0,-0.05717526,0.9979087,0.03015594,0,0.586399,0.009121159,0.8099707,0,-0.4766343,1.769451,-0.8896024,1,1,1,0.002436977,-0.06481205,0.9978945,0.001344872,-0.005953179,-0.0212424,1.722222,79
0,0.05744976,-0.0853566,1.000564,-0.04935625,-0.05917652,1.000321,0.004043877,-0.07226507,1.000443,-0.8065863,-0.05642319,0.5884174,0,-0.06356835,0.9979408,0.008554551,0,0.5876884,0.03050474,0.8085121,0,0.2511858,-1.765469,0.9840946,1,-0.8065862,-0.06356835,0.5876884,0,-0.05642319,0.9979408,0.03050474,0,0.5884174,0.00855455,0.8085121,0,-0.4760687,1.769382,-0.8894162,1,1,1,0.002640942,-0.06478248,0.997896,0.001340012,-0.005938088,-0.02124581,1.733333,80
0,0.05970556,-0.08653134,1.000517,-0.04981562,-0.0609129,1.000337,0.004942685,-0.07372107,1.000427,-0.8041794,-0.05492817,0.5918434,0,-0.0629763,0.9979901,0.007051758,0,0.5910413,0.03160123,0.8060223,0,0.2550688,-1.763818,0.9852389,1,-0.8041791,-0.06297629,0.591041,0,-0.05492816,0.9979901,0.03160122,0,0.5918432,0.007051755,0.806022,0,-0.4748692,1.769388,-0.8891416,1,1,1,0.003521102,-0.0662118,0.9977994,0.001337494,-0.00592479,-0.02124726,1.755556,81
0,0.06006515,-0.08620111,1.000534,-0.04859972,-0.06113264,1.000384,0.005730778,-0.07366592,1.000459,-0.8032547,-0.05409892,0.5931738,0,-0.06260248,0.998019,0.00624777,0,0.5923367,0.0321156,0.8050503,0,0.2565175,-1.763018,0.9859133,1,-0.8032548,-0.06260248,0.5923367,0,-0.05409893,0.998019,0.0321156,0,0.5931738,0.006247766,0.8050501,0,-0.4741463,1.769424,-0.889034,1,1,1,0.004291485,-0.06615712,0.9977999,0.001336556,-0.005923874,-0.02124668,1.766667,82
0,0.05996826,-0.08686605,1.000509,-0.04996982,-0.06144526,1.000417,0.004998088,-0.07415502,1.000463,-0.8019261,-0.05249008,0.5951132,0,-0.06219105,0.9980553,0.004226747,0,0.5941777,0.03362117,0.8036311,0,0.2591644,-1.760972,0.9880792,1,-0.8019258,-0.06219103,0.5941775,0,-0.05249007,0.9980553,0.03362116,0,0.595113,0.004226738,0.8036308,0,-0.4726216,1.769488,-0.8888345,1,1,1,0.003583078,-0.06663954,0.9977707,0.001329071,-0.005916161,-0.02125383,1.788889,83
0,0.06051627,-0.08831598,1.000416,-0.0504263,-0.06089175,1.000354,0.005044222,-0.07460343,1.000385,-0.8014284,-0.05160384,0.5958605,0,-0.06196547,0.9980735,0.003093924,0,0.5948723,0.03444321,0.8030821,0,0.2601674,-1.759825,0.9894809,1,-0.8014282,-0.06196545,0.5948721,0,-0.05160383,0.9980733,0.0344432,0,0.5958604,0.003093919,0.8030819,0,-0.4719006,1.769494,-0.8887864,1,1,1,0.003631215,-0.06708595,0.9977406,0.001325782,-0.005910446,-0.02126091,1.8,84
0,0.06070045,-0.08788962,1.000392,-0.04935262,-0.06021928,1.000378,0.005673736,-0.07405434,1.000385,-0.8008173,-0.04989275,0.596827,0,-0.06125516,0.9981214,0.001247976,0,0.595768,0.03555933,0.802369,0,0.2614411,-1.75805,0.9915463,1,-0.8008172,-0.06125516,0.595768,0,-0.04989275,0.9981213,0.03555933,0,0.596827,0.001247976,0.802369,0,-0.470129,1.769524,-0.8888292,1,1,1,0.004249541,-0.06655192,0.9977739,0.001322335,-0.005908997,-0.02127654,1.822222,85
