flag,xl,yl,zl,xr,yr,zr,xc,yc,zc,mat_00,mat_10,mat_20,mat_30,mat_01,mat_11,mat_21,mat_31,mat_02,mat_12,mat_22,mat_32,mat_03,mat_13,mat_23,mat_33,ctw_00,ctw_10,ctw_20,ctw_30,ctw_01,ctw_11,ctw_21,ctw_31,ctw_02,ctw_12,ctw_22,ctw_32,ctw_03,ctw_13,ctw_23,ctw_33,opennessl,opennessr,ray_x,ray_y,ray_z,eye_x,eye_y,eye_z,time,frame,u,v
6.0,-0.005114935,-0.05985736,1.000213,-0.2384723,-0.1070388,1.000208,-0.1217938,-0.08344825,1.000211,-0.1184541,0.01934863,-0.9927711,0.0,0.00572434,0.9998068,0.01880274,0.0,-0.9929431,0.003455698,0.118542,0.0,-0.9835267,-1.642897,-0.9170879,1.0,-0.1184541,0.005724341,-0.992943,0.0,0.01934863,0.9998068,0.003455697,0.0,-0.9927709,0.01880274,0.118542,0.0,-0.9951732,1.665453,-0.8621952,1.0,1.0,1.0,-0.1237117,-0.07833996,0.9892211,0.005372789,-0.002920303,-0.0166355,26.67778,1635.0,-0.175,-0.15849999999999997
6.0,-0.00526496,-0.05900852,1.000091,-0.2384735,-0.1069605,1.00008,-0.1218698,-0.08298478,1.000085,-0.1185099,0.01933416,-0.9927647,0.0,0.005500245,0.9998078,0.01881474,0.0,-0.9929377,0.003230717,0.1185935,0.0,-0.9832925,-1.643063,-0.9171476,1.0,-0.1185099,0.005500246,-0.9929376,0.0,0.01933416,0.9998079,0.003230716,0.0,-0.9927645,0.01881474,0.1185934,0.0,-0.9952742,1.665412,-0.8622721,1.0,1.0,1.0,-0.1238033,-0.07789963,0.9892443,0.005372193,-0.002921311,-0.0166355,26.68889,1636.0,-0.175,-0.15849999999999997
6.0,-0.005694009,-0.05676533,1.000354,-0.2380728,-0.1068688,1.000389,-0.1218819,-0.0818167,1.000372,-0.1184046,0.01953978,-0.9927732,0.0,0.005451432,0.9998041,0.01902799,0.0,-0.9929505,0.003159035,0.118488,0.0,-0.983247,-1.64286,-0.9179432,1.0,-0.1184046,0.005451433,-0.9929504,0.0,0.01953978,0.9998041,0.003159035,0.0,-0.9927731,0.01902799,0.1184879,0.0,-0.9956291,1.665365,-0.8623605,1.0,1.0,1.0,-0.1237916,-0.07674668,0.989336,0.005370751,-0.002924194,-0.01662534,26.7,1637.0,-0.175,-0.15849999999999997
6.0,-0.004761718,-0.05678647,1.000034,-0.2379394,-0.104629,1.00005,-0.1213498,-0.08070764,1.000042,-0.1184167,0.01943991,-0.9927738,0.0,0.005270118,0.9998066,0.01894901,0.0,-0.9929501,0.002988158,0.1184962,0.0,-0.9831306,-1.643115,-0.9179915,1.0,-0.1184166,0.005270118,-0.99295,0.0,0.0194399,0.9998066,0.002988156,0.0,-0.9927735,0.01894901,0.1184962,0.0,-0.9958348,1.665373,-0.8625111,1.0,1.0,1.0,-0.1233326,-0.0757012,0.9894738,0.005369431,-0.002927635,-0.01660389,26.72222,1638.0,-0.175,-0.15849999999999997
6.0,-0.004181325,-0.05686183,0.9999497,-0.2373089,-0.09961053,0.9998858,-0.120748,-0.07823682,0.9999179,-0.1186527,0.01925575,-0.992749,0.0,0.005319583,0.9998099,0.01875691,0.0,-0.9929215,0.003055452,0.1187326,0.0,-0.983518,-1.643265,-0.9174045,1.0,-0.1186527,0.005319583,-0.9929217,0.0,0.01925576,0.99981,0.003055453,0.0,-0.9927491,0.01875692,0.1187326,0.0,-0.9958073,1.665393,-0.8626096,1.0,1.0,1.0,-0.1227931,-0.07332446,0.9897198,0.005369401,-0.00292759,-0.01659534,26.73333,1639.0,-0.175,-0.15849999999999997
6.0,-0.003689736,-0.05668335,1.00014,-0.2376132,-0.09966327,1.000083,-0.120654,-0.07817377,1.000112,-0.1191175,0.0185278,-0.9927073,0.0,0.005570494,0.9998226,0.01799218,0.0,-0.9928645,0.003386687,0.1191995,0.0,-0.9845125,-1.643718,-0.9159397,1.0,-0.1191174,0.005570493,-0.9928645,0.0,0.0185278,0.9998226,0.003386686,0.0,-0.9927073,0.01799218,0.1191996,0.0,-0.996078,1.66539,-0.8627412,1.0,1.0,1.0,-0.1226813,-0.07325184,0.9897391,0.005370072,-0.002926682,-0.01659423,26.75556,1640.0,-0.175,-0.15849999999999997
6.0,-0.003625028,-0.05663217,1.000067,-0.237051,-0.09974123,0.9999955,-0.120341,-0.07818751,1.000031,-0.119369,0.01833255,-0.9926808,0.0,0.00593986,0.9998248,0.01775023,0.0,-0.9928323,0.003777561,0.119457,0.0,-0.985429,-1.643638,-0.9153692,1.0,-0.119369,0.005939862,-0.9928321,0.0,0.01833255,0.9998248,0.003777557,0.0,-0.9926807,0.01775022,0.119457,0.0,-0.9961669,1.665451,-0.8628094,1.0,1.0,1.0,-0.12239,-0.0732733,0.9897736,0.005369125,-0.002926415,-0.01659361,26.76667,1641.0,-0.175,-0.15849999999999997
6.0,-0.003438897,-0.05671059,1.000079,-0.236474,-0.1003562,1.000031,-0.1199585,-0.07853392,1.000055,-0.1194807,0.01779282,-0.992677,0.0,0.005795107,0.9998349,0.0172236,0.0,-0.9928196,0.00369478,0.1195641,0.0,-0.9853979,-1.644343,-0.9145051,1.0,-0.1194807,0.005795105,-0.9928196,0.0,0.01779282,0.9998348,0.003694781,0.0,-0.9926772,0.0172236,0.1195641,0.0,-0.9962869,1.665533,-0.8629049,1.0,1.0,1.0,-0.1220171,-0.07361159,0.9897945,0.005369316,-0.00292508,-0.01659553,26.77778,1642.0,-0.175,-0.15849999999999997
6.0,-0.003339492,-0.05678087,0.9999434,-0.2364255,-0.1011697,0.9998701,-0.1198856,-0.07897593,0.9999068,-0.1198541,0.01742175,-0.9926388,0.0,0.005569388,0.9998421,0.01687571,0.0,-0.992776,0.00350577,0.1199322,0.0,-0.985531,-1.644962,-0.9136094,1.0,-0.119854,0.00556939,-0.9927758,0.0,0.01742174,0.999842,0.003505767,0.0,-0.9926385,0.01687571,0.1199322,0.0,-0.9963456,1.665608,-0.8630733,1.0,1.0,1.0,-0.1219611,-0.0740535,0.9897684,0.005369667,-0.002922691,-0.01659553,26.8,1643.0,-0.175,-0.15849999999999997
6.0,-0.003187142,-0.05716121,1.000044,-0.2362779,-0.1015009,1.000017,-0.1197335,-0.07933117,1.00003,-0.11994,0.0172671,-0.9926311,0.0,0.005512706,0.9998449,0.01672649,0.0,-0.992766,0.003465909,0.1200167,0.0,-0.9855863,-1.645169,-0.9133322,1.0,-0.1199401,0.005512707,-0.9927657,0.0,0.01726709,0.9998448,0.003465907,0.0,-0.9926307,0.01672648,0.1200166,0.0,-0.9964056,1.665624,-0.8631393,1.0,1.0,1.0,-0.1217985,-0.07438941,0.9897633,0.005370469,-0.002922592,-0.01659743,26.81111,1644.0,-0.175,-0.15849999999999997
6.0,-0.003686994,-0.05817362,1.000015,-0.2377502,-0.1028226,0.9999456,-0.1207215,-0.08049875,0.9999803,-0.1203848,0.01672748,-0.9925863,0.0,0.005340713,0.9998544,0.01620222,0.0,-0.9927129,0.003350618,0.1204567,0.0,-0.9858322,-1.645881,-0.9121543,1.0,-0.1203849,0.005340714,-0.9927129,0.0,0.01672748,0.9998546,0.003350618,0.0,-0.9925864,0.01620222,0.1204566,0.0,-0.9965399,1.665685,-0.8632586,1.0,1.0,1.0,-0.1227408,-0.07551499,0.9895616,0.00537108,-0.00292157,-0.01660506,26.83333,1645.0,-0.175,-0.15849999999999997
6.0,-0.006666631,-0.05903347,0.9999844,-0.2367544,-0.1032242,0.9999879,-0.1217104,-0.08112872,0.9999862,-0.1202387,0.01604148,-0.9926153,0.0,0.005310877,0.9998655,0.01551532,0.0,-0.9927307,0.003406115,0.1203077,0.0,-0.985723,-1.646564,-0.9111916,1.0,-0.1202387,0.005310876,-0.9927309,0.0,0.01604148,0.9998655,0.003406117,0.0,-0.9926155,0.01551532,0.1203077,0.0,-0.9965717,1.665715,-0.863326,1.0,1.0,1.0,-0.1236832,-0.07611751,0.9893981,0.005372163,-0.002919464,-0.01660589,26.84444,1646.0,-0.175,-0.15849999999999997
6.0,-0.006687447,-0.06114656,1.00008,-0.2363081,-0.1071836,1.00004,-0.1214994,-0.0841656,1.00006,-0.1203525,0.015799,-0.9926056,0.0,0.005586308,0.9998683,0.01523727,0.0,-0.9927156,0.003711159,0.1204249,0.0,-0.9863305,-1.646568,-0.9107152,1.0,-0.1203524,0.00558631,-0.9927155,0.0,0.015799,0.9998684,0.003711158,0.0,-0.9926054,0.01523727,0.1204249,0.0,-0.9966739,1.665738,-0.8633621,1.0,1.0,1.0,-0.1234492,-0.07905241,0.9891972,0.005378655,-0.002917519,-0.01661221,26.85556,1647.0,-0.175,-0.15849999999999997
6.0,-0.006799825,-0.06423599,0.9999825,-0.2350213,-0.1088419,0.9999998,-0.1209098,-0.08653875,0.9999912,-0.1201938,0.01492083,-0.9926383,0.0,0.005720837,0.9998809,0.01433699,0.0,-0.9927339,0.003955504,0.1202649,0.0,-0.9864883,-1.647307,-0.9094075,1.0,-0.1201938,0.005720838,-0.992734,0.0,0.01492083,0.9998809,0.003955504,0.0,-0.9926382,0.01433699,0.1202649,0.0,-0.9967033,1.665793,-0.8634347,1.0,1.0,1.0,-0.1228717,-0.08135674,0.9890823,0.00538237,-0.002917374,-0.01662496,26.87778,1648.0,-0.175,-0.15849999999999997
6.0,-0.00761614,-0.06573679,1.000011,-0.2351399,-0.1088641,1.000023,-0.1213777,-0.08730039,1.000018,-0.1201087,0.0147564,-0.9926511,0.0,0.005753776,0.9998831,0.01416771,0.0,-0.9927441,0.004009827,0.1201797,0.0,-0.9864892,-1.647436,-0.9092337,1.0,-0.1201088,0.005753777,-0.9927441,0.0,0.0147564,0.9998831,0.004009826,0.0,-0.9926509,0.01416771,0.1201796,0.0,-0.9967276,1.665801,-0.863454,1.0,1.0,1.0,-0.123309,-0.0820868,0.9889674,0.005383309,-0.002915581,-0.01663469,26.88889,1649.0,-0.175,-0.15849999999999997
6.0,-0.007743455,-0.06653271,1.000003,-0.2362625,-0.1080866,1.000004,-0.122003,-0.0873094,1.000004,-0.119936,0.01509687,-0.992667,0.0,0.006033307,0.999877,0.01447756,0.0,-0.9927634,0.004252685,0.1200123,0.0,-0.986886,-1.646874,-0.9097897,1.0,-0.1199359,0.006033308,-0.9927632,0.0,0.01509686,0.999877,0.004252683,0.0,-0.9926667,0.01447756,0.1200123,0.0,-0.9966184,1.665797,-0.8635545,1.0,1.0,1.0,-0.1239095,-0.08208942,0.9888922,0.005383492,-0.002916832,-0.01663559,26.91111,1650.0,-0.175,-0.15849999999999997
6.0,-0.008340038,-0.06839173,0.9999648,-0.2349878,-0.1091676,0.9999769,-0.1216634,-0.08877964,0.9999709,-0.1199298,0.01535523,-0.9926636,0.0,0.006018834,0.9998733,0.01473958,0.0,-0.9927641,0.004206963,0.120007,0.0,-0.9868994,-1.646614,-0.9101741,1.0,-0.1199298,0.006018835,-0.9927642,0.0,0.01535523,0.9998732,0.004206962,0.0,-0.9926636,0.01473958,0.120007,0.0,-0.9965712,1.66576,-0.8636038,1.0,1.0,1.0,-0.1235731,-0.08351546,0.9888149,0.005383538,-0.002916062,-0.01664162,26.92222,1651.0,-0.175,-0.15849999999999997
6.0,-0.008279361,-0.07195318,1.000116,-0.2359169,-0.1107651,1.000135,-0.1220973,-0.09135897,1.000126,-0.1198847,0.01563592,-0.9926647,0.0,0.006215676,0.9998682,0.01499871,0.0,-0.9927684,0.004371964,0.1199661,0.0,-0.9871991,-1.646051,-0.9107389,1.0,-0.1198848,0.006215676,-0.9927684,0.0,0.01563592,0.9998682,0.004371965,0.0,-0.9926647,0.01499871,0.1199661,0.0,-0.9966709,1.66563,-0.8636059,1.0,1.0,1.0,-0.1239431,-0.08598798,0.9885566,0.005383538,-0.002916618,-0.01664819,26.93333,1652.0,-0.175,-0.15849999999999997
6.0,-0.008135736,-0.07074703,1.0001,-0.2348799,-0.1096106,1.000129,-0.1215069,-0.09017862,1.000114,-0.119745,0.01611424,-0.992674,0.0,0.006812983,0.9998581,0.01540902,0.0,-0.9927814,0.004917918,0.1198379,0.0,-0.9881057,-1.645016,-0.9115915,1.0,-0.1197451,0.006812984,-0.9927812,0.0,0.01611424,0.999858,0.004917916,0.0,-0.9926738,0.01540902,0.1198378,0.0,-0.9967256,1.665562,-0.8636396,1.0,1.0,1.0,-0.1233889,-0.08485043,0.9887243,0.005383469,-0.002920326,-0.01666849,26.95556,1653.0,-0.175,-0.15849999999999997
6.0,-0.008067243,-0.06971742,0.9999628,-0.2345127,-0.1095392,0.9999524,-0.1212904,-0.08962857,0.9999577,-0.1198206,0.01632843,-0.9926612,0.0,0.007015582,0.9998537,0.01559991,0.0,-0.9927708,0.005094905,0.1199176,0.0,-0.9885312,-1.644612,-0.9117779,1.0,-0.1198206,0.007015582,-0.9927707,0.0,0.01632843,0.9998536,0.005094905,0.0,-0.9926613,0.01559991,0.1199176,0.0,-0.996679,1.66553,-0.8636674,1.0,1.0,1.0,-0.1232026,-0.08433469,0.9887916,0.005383423,-0.002917564,-0.01669202,26.96667,1654.0,-0.175,-0.15849999999999997
6.0,-0.008473277,-0.06998224,0.9999377,-0.2361751,-0.110183,0.9999505,-0.1223237,-0.09008256,0.9999442,-0.1198035,0.01692862,-0.9926533,0.0,0.006986738,0.9998443,0.01620802,0.0,-0.9927731,0.004993632,0.1199031,0.0,-0.9885226,-1.644088,-0.9126323,1.0,-0.1198035,0.006986738,-0.992773,0.0,0.01692862,0.9998442,0.004993629,0.0,-0.9926533,0.01620802,0.1199031,0.0,-0.9965238,1.665531,-0.8637411,1.0,1.0,1.0,-0.124184,-0.08476398,0.988632,0.005377877,-0.002917885,-0.01669085,26.98889,1655.0,-0.175,-0.15849999999999997
6.0,-0.008490786,-0.06968652,0.9999529,-0.2354305,-0.1103107,0.9999241,-0.1219619,-0.08999896,0.9999385,-0.1199998,0.01723578,-0.9926244,0.0,0.006596558,0.999841,0.01656362,0.0,-0.9927521,0.004560275,0.1200944,0.0,-0.9881079,-1.644137,-0.91296,1.0,-0.1199998,0.00659656,-0.992752,0.0,0.01723578,0.9998411,0.004560273,0.0,-0.9926242,0.01656362,0.1200944,0.0,-0.9964609,1.665516,-0.863807,1.0,1.0,1.0,-0.1238369,-0.08468693,0.9886822,0.005375535,-0.002917885,-0.01669177,27.0,1656.0,-0.175,-0.15849999999999997
6.0,-0.008166067,-0.06959359,1.000007,-0.2352479,-0.10967,0.9999915,-0.1217075,-0.08963191,0.999999,-0.1202261,0.01751145,-0.9925922,0.0,0.005799163,0.9998397,0.0169369,0.0,-0.9927297,0.003719945,0.1203084,0.0,-0.9870461,-1.644498,-0.9132826,1.0,-0.1202261,0.005799162,-0.9927294,0.0,0.01751145,0.9998397,0.003719944,0.0,-0.992592,0.0169369,0.1203084,0.0,-0.9963882,1.665427,-0.8638767,1.0,1.0,1.0,-0.1235886,-0.08433082,0.9887438,0.005374412,-0.002917481,-0.01669202,27.02222,1657.0,-0.175,-0.15849999999999997
6.0,-0.00878872,-0.07131976,0.999837,-0.2345985,-0.1098107,0.9997782,-0.1216961,-0.09056576,0.9998075,-0.1205348,0.01778352,-0.99255,0.0,0.005713742,0.9998354,0.01722018,0.0,-0.9926928,0.003595544,0.1206166,0.0,-0.9871966,-1.644374,-0.9132652,1.0,-0.1205347,0.005713741,-0.9926925,0.0,0.01778352,0.9998354,0.003595543,0.0,-0.9925497,0.01722018,0.1206165,0.0,-0.9962099,1.665471,-0.8639153,1.0,1.0,1.0,-0.1235908,-0.08525084,0.9886645,0.005372483,-0.002916206,-0.01667686,27.03333,1658.0,-0.175,-0.15849999999999997
6.0,-0.009026736,-0.07121592,0.9999313,-0.2347701,-0.1095032,0.999917,-0.121899,-0.09035975,0.9999241,-0.1206138,0.01785732,-0.9925389,0.0,0.005624574,0.9998344,0.01730508,0.0,-0.9926836,0.003495379,0.1206943,0.0,-0.9871728,-1.644383,-0.9132542,1.0,-0.1206138,0.005624576,-0.9926836,0.0,0.01785732,0.9998344,0.003495376,0.0,-0.9925388,0.01730508,0.1206943,0.0,-0.9961426,1.665467,-0.863978,1.0,1.0,1.0,-0.1237739,-0.08504286,0.9886595,0.005371957,-0.002913811,-0.01667007,27.04445,1659.0,-0.175,-0.15849999999999997
6.0,-0.008853786,-0.07065113,0.9999306,-0.2338895,-0.1094566,0.9999027,-0.1213726,-0.09005415,0.9999167,-0.1208061,0.01791494,-0.9925146,0.0,0.00615565,0.9998314,0.01729776,0.0,-0.9926571,0.004019897,0.120896,0.0,-0.9882697,-1.643894,-0.9128582,1.0,-0.120806,0.006155649,-0.9926569,0.0,0.01791494,0.9998314,0.004019896,0.0,-0.9925144,0.01729776,0.120896,0.0,-0.9959635,1.66549,-0.8640435,1.0,1.0,1.0,-0.1232734,-0.08475944,0.9887465,0.005371132,-0.002908409,-0.01666662,27.06667,1660.0,-0.175,-0.15849999999999997
6.0,-0.008915581,-0.07063563,0.9999168,-0.2345857,-0.1101886,0.9999075,-0.1217509,-0.09041211,0.9999121,-0.1208259,0.01782948,-0.9925136,0.0,0.006317145,0.9998323,0.01719192,0.0,-0.9926537,0.004192623,0.1209183,0.0,-0.9886044,-1.643835,-0.912586,1.0,-0.1208259,0.006317145,-0.9926535,0.0,0.01782948,0.9998322,0.004192622,0.0,-0.9925135,0.01719192,0.1209182,0.0,-0.9958943,1.665493,-0.8641014,1.0,1.0,1.0,-0.1236317,-0.08510372,0.9886721,0.005369469,-0.002906823,-0.01665933,27.07778,1661.0,-0.175,-0.15849999999999997
6.0,-0.008651659,-0.07059465,0.9999584,-0.2358226,-0.1071374,0.9999937,-0.1222356,-0.08886557,0.999976,-0.1208469,0.01820153,-0.9925044,0.0,0.006097033,0.9998266,0.01759345,0.0,-0.9926525,0.003925221,0.1209369,0.0,-0.9882976,-1.643675,-0.9131213,1.0,-0.1208468,0.006097034,-0.9926523,0.0,0.01820153,0.9998266,0.003925218,0.0,-0.9925042,0.01759345,0.1209369,0.0,-0.995792,1.665481,-0.864154,1.0,1.0,1.0,-0.1241006,-0.08359906,0.9887417,0.005366005,-0.002908432,-0.01665905,27.1,1662.0,-0.175,-0.15849999999999997
6.0,-0.01268142,-0.07091795,0.9999935,-0.2539592,-0.111314,0.9999484,-0.1333224,-0.09111656,0.999971,-0.1210349,0.01816022,-0.9924822,0.0,0.005838085,0.9998284,0.01758267,0.0,-0.9926312,0.00366608,0.1211201,0.0,-0.9880671,-1.643937,-0.9129194,1.0,-0.1210348,0.005838086,-0.9926311,0.0,0.01816022,0.9998283,0.003666079,0.0,-0.9924821,0.01758267,0.1211201,0.0,-0.9957924,1.665475,-0.8641864,1.0,1.0,1.0,-0.1346783,-0.08569798,0.9871765,0.005387412,-0.002853577,-0.01675563,27.11111,1663.0,-0.175,-0.15849999999999997
6.0,-0.01195273,-0.06343494,0.9997769,-0.254526,-0.1127171,0.9997116,-0.1332423,-0.0880768,0.9997444,-0.1212794,0.01792905,-0.9924567,0.0,0.00530467,0.9998343,0.01741409,0.0,-0.9926044,0.003152685,0.1213545,0.0,-0.9876041,-1.644745,-0.9121041,1.0,-0.1212794,0.005304672,-0.9926042,0.0,0.01792905,0.9998342,0.003152685,0.0,-0.9924563,0.01741409,0.1213543,0.0,-0.9955108,1.665595,-0.8644269,1.0,1.0,1.0,-0.134664,-0.08281164,0.9874249,0.00539016,-0.002824844,-0.01678043,27.13333,1664.0,-0.175,-0.15849999999999997
6.0,-0.01164377,-0.06824107,0.9998738,-0.2456371,-0.1080648,0.9998296,-0.1286424,-0.08815335,0.9998516,-0.121364,0.01720892,-0.992459,0.0,0.00479092,0.9998482,0.01675119,0.0,-0.9925966,0.002721801,0.121428,0.0,-0.9868923,-1.645881,-0.910858,1.0,-0.121364,0.00479092,-0.9925964,0.0,0.01720892,0.9998482,0.0027218,0.0,-0.9924588,0.01675119,0.121428,0.0,-0.9954383,1.665617,-0.8645023,1.0,1.0,1.0,-0.1302593,-0.08291396,0.988007,0.00538678,-0.002840279,-0.01674847,27.14445,1665.0,-0.175,-0.15849999999999997
6.0,-0.01283099,-0.06757382,0.9999475,-0.2444767,-0.1099965,0.9999181,-0.1286551,-0.08878544,0.9999328,-0.1214112,0.01672992,-0.9924614,0.0,0.004565167,0.9998568,0.01629611,0.0,-0.9925919,0.002552224,0.1214702,0.0,-0.9865825,-1.646536,-0.9100444,1.0,-0.1214112,0.00456517,-0.9925917,0.0,0.01672992,0.9998568,0.002552222,0.0,-0.9924613,0.01629611,0.1214702,0.0,-0.9954195,1.665634,-0.8645281,1.0,1.0,1.0,-0.130258,-0.08351874,0.9879562,0.005390961,-0.002837578,-0.01675475,27.15556,1666.0,-0.175,-0.15849999999999997
6.0,-0.01358094,-0.06728625,1.00002,-0.2418575,-0.1085819,1.000044,-0.1277183,-0.08793388,1.000032,-0.1213589,0.01580371,-0.992483,0.0,0.004114718,0.9998727,0.01541824,0.0,-0.9926003,0.002212648,0.1214085,0.0,-0.985863,-1.647913,-0.9086098,1.0,-0.1213589,0.00411472,-0.9926001,0.0,0.01580371,0.9998727,0.002212647,0.0,-0.9924828,0.01541824,0.1214084,0.0,-0.9953796,1.665769,-0.8646085,1.0,1.0,1.0,-0.1293611,-0.082699,0.988143,0.005391793,-0.002838364,-0.01674906,27.17778,1667.0,-0.175,-0.15849999999999997
6.0,-0.01320044,-0.06784873,0.9999286,-0.2418082,-0.110369,0.9999318,-0.127504,-0.08910892,0.9999302,-0.121295,0.01547836,-0.992496,0.0,0.003839135,0.9998782,0.0151243,0.0,-0.9926092,0.001975826,0.1213397,0.0,-0.9853883,-1.648466,-0.90814,1.0,-0.121295,0.003839137,-0.9926088,0.0,0.01547835,0.9998783,0.001975824,0.0,-0.9924956,0.0151243,0.1213396,0.0,-0.9953321,1.665784,-0.8646548,1.0,1.0,1.0,-0.1291586,-0.08384187,0.9880732,0.005392693,-0.002840393,-0.01674052,27.18889,1668.0,-0.175,-0.15849999999999997
6.0,-0.012591,-0.06687148,0.9999878,-0.2420447,-0.1062532,0.9999995,-0.1273175,-0.08656222,0.9999937,-0.1210772,0.01594598,-0.9925151,0.0,0.003941871,0.9998708,0.01558329,0.0,-0.9926354,0.002025588,0.1211244,0.0,-0.9854348,-1.647937,-0.9090405,1.0,-0.1210772,0.003941874,-0.9926352,0.0,0.01594598,0.9998708,0.002025585,0.0,-0.992515,0.01558329,0.1211244,0.0,-0.995272,1.665774,-0.8647323,1.0,1.0,1.0,-0.1289944,-0.08137462,0.9883008,0.005393554,-0.002843178,-0.01678127,27.21111,1669.0,-0.175,-0.15849999999999997
6.0,-0.01219659,-0.06627402,0.9999275,-0.2430098,-0.1067677,0.9999449,-0.1276025,-0.08652055,0.9999363,-0.1210512,0.0162087,-0.9925141,0.0,0.003858425,0.9998668,0.01585819,0.0,-0.9926389,0.001909891,0.1210976,0.0,-0.9852728,-1.647754,-0.9094293,1.0,-0.1210511,0.003858427,-0.9926386,0.0,0.01620869,0.9998668,0.001909888,0.0,-0.9925138,0.01585818,0.1210976,0.0,-0.9951816,1.665758,-0.8647432,1.0,1.0,1.0,-0.1292745,-0.0813349,0.9882675,0.005394318,-0.002843689,-0.01678595,27.22222,1670.0,-0.175,-0.15849999999999997
6.0,-0.0123989,-0.06577601,0.9999528,-0.2416233,-0.1072547,0.9999594,-0.1270108,-0.0865154,0.9999561,-0.1209195,0.01675757,-0.9925209,0.0,0.003879151,0.9998578,0.01640884,0.0,-0.9926547,0.00186599,0.1209673,0.0,-0.9852738,-1.647141,-0.9104807,1.0,-0.1209194,0.00387915,-0.9926547,0.0,0.01675756,0.9998578,0.00186599,0.0,-0.9925209,0.01640884,0.1209673,0.0,-0.9952077,1.665669,-0.8648247,1.0,1.0,1.0,-0.1287068,-0.08133347,0.9883417,0.005395087,-0.0028442,-0.01679062,27.24445,1671.0,-0.175,-0.15849999999999997
6.0,-0.01170424,-0.06542864,0.9998991,-0.2416139,-0.1049202,0.9998744,-0.1266601,-0.08517458,0.9998869,-0.1210333,0.01679564,-0.9925064,0.0,0.003840438,0.9998573,0.01645171,0.0,-0.9926411,0.001820455,0.1210806,0.0,-0.985326,-1.647178,-0.9103373,1.0,-0.1210334,0.00384044,-0.9926409,0.0,0.01679564,0.9998573,0.001820454,0.0,-0.9925064,0.01645171,0.1210805,0.0,-0.9951075,1.665704,-0.8648522,1.0,1.0,1.0,-0.1283934,-0.08004497,0.9884877,0.005397667,-0.002845459,-0.01681263,27.25556,1672.0,-0.175,-0.15849999999999997
6.0,-0.01125333,-0.0662598,0.999934,-0.238876,-0.1047879,0.9998925,-0.1250664,-0.08552437,0.9999133,-0.120975,0.01614035,-0.9925243,0.0,0.003660811,0.9998683,0.01581358,0.0,-0.9926488,0.001720397,0.1210182,0.0,-0.9850659,-1.647995,-0.9092178,1.0,-0.120975,0.003660812,-0.9926488,0.0,0.01614035,0.9998683,0.001720396,0.0,-0.9925244,0.01581357,0.1210182,0.0,-0.9949899,1.665762,-0.8649574,1.0,1.0,1.0,-0.1268704,-0.0803955,0.9886558,0.00540622,-0.002846619,-0.016813,27.27778,1673.0,-0.175,-0.15849999999999997
6.0,-0.01102246,-0.06805833,0.9999162,-0.2386144,-0.1042603,0.9999732,-0.124816,-0.08615888,0.9999446,-0.120679,0.0158138,-0.9925656,0.0,0.003540937,0.9998736,0.01549971,0.0,-0.9926853,0.001644122,0.1207198,0.0,-0.984622,-1.648423,-0.9089283,1.0,-0.1206791,0.003540937,-0.9926852,0.0,0.0158138,0.9998736,0.001644122,0.0,-0.9925656,0.01549971,0.1207198,0.0,-0.9949266,1.66579,-0.8649839,1.0,1.0,1.0,-0.1266222,-0.08100825,0.9886377,0.005407234,-0.002846214,-0.01681178,27.28889,1674.0,-0.175,-0.15849999999999997
6.0,-0.01087856,-0.06781708,0.9998568,-0.2365777,-0.104473,0.9999171,-0.1237255,-0.08614444,0.9998871,-0.1204168,0.0158937,-0.9925963,0.0,0.003815386,0.9998719,0.01554734,0.0,-0.9927163,0.00191498,0.1204619,0.0,-0.984951,-1.648136,-0.909112,1.0,-0.1204167,0.003815388,-0.992716,0.0,0.0158937,0.9998719,0.001914978,0.0,-0.9925961,0.01554734,0.1204619,0.0,-0.9947906,1.665817,-0.8651071,1.0,1.0,1.0,-0.1255895,-0.0810105,0.9887692,0.005412445,-0.002845459,-0.01681975,27.3,1675.0,-0.175,-0.15849999999999997
6.0,-0.01081837,-0.06870628,0.9998534,-0.2345787,-0.1039046,0.9998986,-0.1226968,-0.08630502,0.9998761,-0.120142,0.01626189,-0.9926236,0.0,0.004093633,0.9998655,0.01588506,0.0,-0.9927484,0.002154975,0.1201924,0.0,-0.9851974,-1.647563,-0.9096444,1.0,-0.120142,0.004093633,-0.9927482,0.0,0.01626188,0.9998654,0.002154974,0.0,-0.9926235,0.01588506,0.1201924,0.0,-0.9945054,1.665824,-0.8651701,1.0,1.0,1.0,-0.1246098,-0.081177,0.9888795,0.005418,-0.002844704,-0.01681815,27.32222,1676.0,-0.175,-0.15849999999999997
6.0,-0.01109832,-0.06678237,0.9999509,-0.2326096,-0.1038583,0.9999697,-0.1218531,-0.08532017,0.9999605,-0.1200979,0.01652049,-0.9926247,0.0,0.004164374,0.9998611,0.01613708,0.0,-0.9927534,0.002195634,0.12015,0.0,-0.9852931,-1.647261,-0.9100355,1.0,-0.1200978,0.004164376,-0.9927532,0.0,0.01652048,0.9998611,0.002195631,0.0,-0.9926245,0.01613707,0.12015,0.0,-0.9944416,1.66582,-0.8651954,1.0,1.0,1.0,-0.1238067,-0.08022915,0.9890577,0.005423585,-0.002842323,-0.01681902,27.33333,1677.0,-0.175,-0.15849999999999997
6.0,-0.01208296,-0.07030907,1.000053,-0.2296529,-0.1039317,1.000107,-0.1208657,-0.08712001,1.00008,-0.1196802,0.01657754,-0.9926741,0.0,0.004047599,0.9998604,0.01620956,0.0,-0.9928043,0.002077984,0.1197306,0.0,-0.9847672,-1.647281,-0.910697,1.0,-0.1196802,0.004047599,-0.9928041,0.0,0.01657754,0.9998604,0.002077984,0.0,-0.9926742,0.01620956,0.1197305,0.0,-0.9945745,1.665799,-0.8652197,1.0,1.0,1.0,-0.1228346,-0.08196882,0.9890363,0.005429305,-0.002841621,-0.01681939,27.35556,1678.0,-0.175,-0.15849999999999997
6.0,-0.01088936,-0.06991817,0.9999223,-0.2283035,-0.1030915,0.9999176,-0.1195965,-0.08650459,0.9999199,-0.1196455,0.01617605,-0.992685,0.0,0.003898218,0.9998672,0.01582325,0.0,-0.9928091,0.001976523,0.1196927,0.0,-0.9844793,-1.647787,-0.9100458,1.0,-0.1196455,0.003898219,-0.9928089,0.0,0.01617605,0.9998672,0.001976522,0.0,-0.9926848,0.01582325,0.1196926,0.0,-0.9945224,1.665806,-0.8652171,1.0,1.0,1.0,-0.1216449,-0.0813982,0.9892305,0.005432159,-0.002842323,-0.01682968,27.36667,1679.0,-0.175,-0.15849999999999997
6.0,-0.01082986,-0.06539593,0.9999242,-0.2281734,-0.1020567,0.9999526,-0.1195005,-0.08372603,0.9999384,-0.1193334,0.01554228,-0.9927326,0.0,0.003900865,0.9998771,0.01518523,0.0,-0.9928465,0.002060412,0.1193793,0.0,-0.9843041,-1.648409,-0.9091202,1.0,-0.1193333,0.003900865,-0.9928467,0.0,0.01554228,0.9998771,0.002060412,0.0,-0.9927326,0.01518523,0.1193794,0.0,-0.9943535,1.665852,-0.8653365,1.0,1.0,1.0,-0.1215762,-0.07870796,0.9894566,0.005432517,-0.00284523,-0.0168374,27.38889,1680.0,-0.175,-0.15849999999999997
6.0,-0.01093292,-0.06533937,0.9997842,-0.2272863,-0.1040388,0.9998623,-0.1191068,-0.08468837,0.9998233,-0.1189777,0.01555539,-0.9927751,0.0,0.003891131,0.9998769,0.01520034,0.0,-0.9928893,0.002054518,0.1190236,0.0,-0.9840772,-1.648462,-0.9092749,1.0,-0.1189777,0.003891132,-0.9928893,0.0,0.01555539,0.9998769,0.002054517,0.0,-0.9927751,0.01520034,0.1190235,0.0,-0.9941462,1.665909,-0.8654678,1.0,1.0,1.0,-0.1212033,-0.07964947,0.989427,0.005432365,-0.002847153,-0.01683367,27.4,1681.0,-0.175,-0.15849999999999997
6.0,-0.01095373,-0.06532928,0.9998736,-0.2270706,-0.1012855,0.9998778,-0.1190121,-0.08330745,0.9998756,-0.1189529,0.01556551,-0.9927779,0.0,0.004104476,0.9998763,0.01518501,0.0,-0.9928914,0.002268533,0.119002,0.0,-0.9844276,-1.648253,-0.909145,1.0,-0.1189528,0.004104476,-0.9928916,0.0,0.01556551,0.9998763,0.002268533,0.0,-0.9927778,0.01518501,0.1190021,0.0,-0.9940235,1.665895,-0.8655006,1.0,1.0,1.0,-0.1211189,-0.07830891,0.9895443,0.005431854,-0.002848984,-0.01683317,27.41111,1682.0,-0.175,-0.15849999999999997
6.0,-0.01037373,-0.06948509,0.9998609,-0.2270595,-0.1011705,0.9998412,-0.1187176,-0.0853279,0.999851,-0.1190811,0.0152964,-0.9927667,0.0,0.003985239,0.9998806,0.01492798,0.0,-0.9928765,0.002178771,0.1191279,0.0,-0.9844404,-1.648615,-0.9083767,1.0,-0.1190811,0.003985238,-0.9928765,0.0,0.0152964,0.9998806,0.002178771,0.0,-0.9927666,0.01492798,0.1191279,0.0,-0.9938165,1.665902,-0.8656228,1.0,1.0,1.0,-0.1208199,-0.08026931,0.9894237,0.005431327,-0.002847252,-0.01683257,27.43333,1683.0,-0.175,-0.15849999999999997
6.0,-0.01023691,-0.06967501,0.9999203,-0.2265282,-0.1043,0.9998659,-0.1183847,-0.08698778,0.9998931,-0.1193451,0.01536477,-0.992734,0.0,0.003899601,0.9998798,0.01500656,0.0,-0.9928452,0.002080308,0.1193906,0.0,-0.9845919,-1.648669,-0.908165,1.0,-0.119345,0.003899602,-0.9928452,0.0,0.01536476,0.9998798,0.002080308,0.0,-0.992734,0.01500656,0.1193906,0.0,-0.993741,1.665938,-0.8656912,1.0,1.0,1.0,-0.1204804,-0.08187491,0.9893335,0.005430452,-0.002847016,-0.01682367,27.44444,1684.0,-0.175,-0.15849999999999997
6.0,-0.009944819,-0.07008325,0.9999576,-0.2272586,-0.1017891,0.9998594,-0.1186054,-0.08593689,0.9999084,-0.1203967,0.01546694,-0.9926053,0.0,0.00395227,0.9998782,0.01510088,0.0,-0.992718,0.002104948,0.1204432,0.0,-0.9856499,-1.648489,-0.9071677,1.0,-0.1203968,0.003952271,-0.992718,0.0,0.01546694,0.9998781,0.002104948,0.0,-0.9926053,0.01510088,0.1204432,0.0,-0.9936316,1.665882,-0.8657402,1.0,1.0,1.0,-0.1206964,-0.08085284,0.9893914,0.005424835,-0.002850998,-0.01681187,27.46667,1685.0,-0.175,-0.15849999999999997
6.0,-0.01002863,-0.06988403,1.000028,-0.2290164,-0.100363,0.9999236,-0.1195266,-0.08512445,0.9999757,-0.1208839,0.0155942,-0.9925442,0.0,0.004049591,0.999876,0.01521619,0.0,-0.9926584,0.002180004,0.1209321,0.0,-0.9862157,-1.648311,-0.9069004,1.0,-0.1208839,0.004049591,-0.9926584,0.0,0.0155942,0.9998761,0.002180005,0.0,-0.9925442,0.01521619,0.1209321,0.0,-0.9936522,1.6659,-0.8657086,1.0,1.0,1.0,-0.121575,-0.0800496,0.989349,0.005419945,-0.002855095,-0.01681091,27.47778,1686.0,-0.175,-0.15849999999999997
6.0,-0.009961754,-0.06984536,0.9999102,-0.2293029,-0.09914175,0.999824,-0.1196358,-0.08449407,0.999867,-0.1218916,0.01564144,-0.9924203,0.0,0.004139629,0.9998751,0.01525049,0.0,-0.9925349,0.002249346,0.1219411,0.0,-0.9872606,-1.648213,-0.90584,1.0,-0.1218915,0.004139629,-0.9925346,0.0,0.01564144,0.9998751,0.002249344,0.0,-0.9924201,0.01525049,0.1219411,0.0,-0.993532,1.665909,-0.8657238,1.0,1.0,1.0,-0.121697,-0.07944743,0.9893826,0.005418717,-0.002855095,-0.01681091,27.5,1687.0,-0.175,-0.15849999999999997
6.0,-0.009745881,-0.06975555,0.999933,-0.229326,-0.09914537,0.9998437,-0.1195392,-0.08445116,0.9998884,-0.1223089,0.01576668,-0.992367,0.0,0.004215668,0.999873,0.01536636,0.0,-0.9924833,0.002304051,0.1223598,0.0,-0.9877611,-1.648023,-0.9055462,1.0,-0.1223088,0.00421567,-0.992483,0.0,0.01576668,0.999873,0.002304047,0.0,-0.9923667,0.01536636,0.1223598,0.0,-0.9934619,1.665893,-0.8657366,1.0,1.0,1.0,-0.1216017,-0.07940337,0.9893979,0.005417756,-0.002856751,-0.01681046,27.51111,1688.0,-0.175,-0.15849999999999997
6.0,-0.009768039,-0.07127991,0.9999833,-0.2292638,-0.09828908,0.9999343,-0.1195178,-0.08478478,0.9999588,-0.1225218,0.01575139,-0.9923409,0.0,0.00442782,0.9998727,0.01532426,0.0,-0.992456,0.002516351,0.122576,0.0,-0.9883215,-1.64786,-0.905251,1.0,-0.1225218,0.00442782,-0.9924558,0.0,0.01575139,0.9998728,0.002516352,0.0,-0.9923407,0.01532426,0.1225759,0.0,-0.9934524,1.665899,-0.8657569,1.0,1.0,1.0,-0.1215698,-0.07971972,0.9893763,0.005417756,-0.002857933,-0.0168093,27.52222,1689.0,-0.175,-0.15849999999999997
6.0,-0.009781145,-0.070843,0.9999622,-0.2298634,-0.09827048,0.9999591,-0.1198224,-0.08455692,0.9999607,-0.1227503,0.01627077,-0.9923043,0.0,0.004959715,0.9998631,0.01578119,0.0,-0.9924253,0.002984404,0.1228142,0.0,-0.9893475,-1.64689,-0.905774,1.0,-0.1227503,0.004959717,-0.9924251,0.0,0.01627077,0.9998631,0.002984401,0.0,-0.9923041,0.01578118,0.1228142,0.0,-0.9934497,1.665866,-0.8656964,1.0,1.0,1.0,-0.1218635,-0.07949451,0.9893583,0.005417756,-0.002859543,-0.01681028,27.54445,1690.0,-0.175,-0.15849999999999997
6.0,-0.00988961,-0.06961224,1.000033,-0.2290858,-0.09837153,1.000023,-0.1194881,-0.08399182,1.000028,-0.1228124,0.0164556,-0.9922936,0.0,0.00519149,0.9998595,0.01593854,0.0,-0.9924165,0.003194032,0.1228806,0.0,-0.9896911,-1.646525,-0.9059905,1.0,-0.1228124,0.00519149,-0.9924161,0.0,0.0164556,0.9998595,0.003194031,0.0,-0.9922933,0.01593854,0.1228805,0.0,-0.9934601,1.665872,-0.8655978,1.0,1.0,1.0,-0.1215416,-0.07894732,0.9894418,0.005419487,-0.002858391,-0.01681495,27.55556,1691.0,-0.175,-0.15849999999999997
6.0,-0.01011921,-0.07076938,0.9999861,-0.2300523,-0.100013,1.000045,-0.1200836,-0.08539077,1.000015,-0.1225486,0.01650444,-0.9923252,0.0,0.005390366,0.999858,0.01596403,0.0,-0.9924478,0.003392627,0.1226202,0.0,-0.9897442,-1.646297,-0.9062713,1.0,-0.1225487,0.005390368,-0.992448,0.0,0.01650444,0.9998581,0.003392627,0.0,-0.9923252,0.01596403,0.1226202,0.0,-0.9934365,1.665866,-0.8655573,1.0,1.0,1.0,-0.1221081,-0.08029947,0.9892631,0.005427429,-0.002853348,-0.01681713,27.56667,1692.0,-0.175,-0.15849999999999997
6.0,-0.009626947,-0.06856705,1.000055,-0.229631,-0.1028345,1.000142,-0.1196255,-0.08570021,1.000099,-0.122014,0.01693874,-0.9923839,0.0,0.005396992,0.9998509,0.01640263,0.0,-0.9925137,0.003354535,0.1220872,0.0,-0.9891613,-1.645953,-0.9075139,1.0,-0.122014,0.005396991,-0.9925137,0.0,0.01693874,0.9998509,0.003354536,0.0,-0.9923838,0.01640263,0.1220873,0.0,-0.9934133,1.665932,-0.8654388,1.0,1.0,1.0,-0.1216607,-0.08060328,0.9892936,0.005435242,-0.002844788,-0.01684089,27.58889,1693.0,-0.175,-0.15849999999999997
6.0,-0.008772463,-0.06833173,1.000091,-0.2291102,-0.104487,1.00014,-0.1189397,-0.08640896,1.000116,-0.1218164,0.01711258,-0.9924052,0.0,0.005584669,0.9998474,0.0165554,0.0,-0.9925371,0.003525536,0.1218934,0.0,-0.9892533,-1.645562,-0.9080362,1.0,-0.1218164,0.00558467,-0.9925368,0.0,0.01711258,0.9998474,0.003525535,0.0,-0.992405,0.0165554,0.1218933,0.0,-0.9934871,1.665869,-0.8653852,1.0,1.0,1.0,-0.1209971,-0.08130329,0.9893177,0.005441269,-0.002831978,-0.01686992,27.6,1694.0,-0.175,-0.15849999999999997
6.0,-0.01028885,-0.06840499,0.9999406,-0.2297904,-0.1062569,1.000027,-0.1200364,-0.08733033,0.9999837,-0.1210006,0.01741212,-0.9924996,0.0,0.005640449,0.999842,0.01685328,0.0,-0.9926364,0.003558885,0.1210797,0.0,-0.9885154,-1.645223,-0.9092612,1.0,-0.1210006,0.005640448,-0.9926364,0.0,0.01741212,0.9998421,0.003558886,0.0,-0.9924998,0.01685328,0.1210798,0.0,-0.9934056,1.665863,-0.8652881,1.0,1.0,1.0,-0.1220564,-0.08219922,0.9891135,0.005445305,-0.002824196,-0.01688683,27.62222,1695.0,-0.175,-0.15849999999999997
6.0,-0.01019369,-0.06612813,1.000072,-0.2293565,-0.1064366,1.000154,-0.119772,-0.08628159,1.000113,-0.120666,0.01762626,-0.9925367,0.0,0.005692938,0.9998382,0.01706381,0.0,-0.9926769,0.003591428,0.1207469,0.0,-0.9882373,-1.644906,-0.9099919,1.0,-0.120666,0.005692939,-0.9926769,0.0,0.01762626,0.9998381,0.003591427,0.0,-0.9925367,0.01706381,0.1207469,0.0,-0.9934535,1.665793,-0.8652141,1.0,1.0,1.0,-0.1217994,-0.08117919,0.9892294,0.005446655,-0.002823448,-0.01688796,27.63333,1696.0,-0.175,-0.15849999999999997
6.0,-0.01140963,-0.06614405,1.000013,-0.2292894,-0.1064187,1.000152,-0.1203441,-0.08628009,1.000083,-0.1200107,0.01751093,-0.9926181,0.0,0.005722013,0.99984,0.01694652,0.0,-0.9927561,0.003646008,0.1200918,0.0,-0.9876444,-1.64496,-0.9104576,1.0,-0.1200108,0.005722013,-0.9927561,0.0,0.01751093,0.99984,0.003646009,0.0,-0.9926181,0.01694652,0.1200917,0.0,-0.99346,1.665777,-0.865154,1.0,1.0,1.0,-0.1223512,-0.08117464,0.9891617,0.005446831,-0.002823342,-0.01688846,27.64445,1697.0,-0.175,-0.15849999999999997
2.0,0.05138366,-0.1323512,1.000051,-0.171198,-0.1622828,1.000064,-0.05990662,-0.1473169,1.000058,-0.1119717,0.02933902,-0.9932783,0.0,0.009960723,0.9995469,0.02840131,0.0,-0.9936615,0.006713624,0.1122133,0.0,-0.9799724,-1.628982,-0.9318659,1.0,-0.1119717,0.009960721,-0.9936614,0.0,0.02933901,0.9995469,0.006713625,0.0,-0.9932781,0.02840131,0.1122132,0.0,-0.9875386,1.664471,-0.8582566,1.0,1.0,1.0,-0.06285992,-0.139832,0.988178,0.004723405,-0.003547882,-0.01594575,31.25556,1926.0,-0.0875,-0.246
2.0,0.0524957,-0.1326984,1.000043,-0.1713478,-0.1621185,1.000118,-0.05942301,-0.1474078,1.00008,-0.1113577,0.02932549,-0.9933476,0.0,0.01035489,0.9995445,0.02834761,0.0,-0.9937264,0.00712928,0.1116105,0.0,-0.9799771,-1.628602,-0.9324185,1.0,-0.1113576,0.01035489,-0.9937265,0.0,0.02932548,0.9995444,0.00712928,0.0,-0.9933476,0.02834761,0.1116106,0.0,-0.9875841,1.664439,-0.8581507,1.0,1.0,1.0,-0.06238776,-0.1399209,0.9881953,0.004723114,-0.003543503,-0.0159674,31.27778,1927.0,-0.0875,-0.246
2.0,0.05364104,-0.1332389,1.000136,-0.1711054,-0.1627318,1.000145,-0.05873182,-0.1479853,1.00014,-0.111304,0.02932615,-0.9933537,0.0,0.01071795,0.9995418,0.02830791,0.0,-0.9937288,0.007495935,0.1115674,0.0,-0.9804664,-1.628227,-0.9325391,1.0,-0.111304,0.01071795,-0.9937284,0.0,0.02932615,0.9995419,0.00749593,0.0,-0.9933535,0.02830791,0.1115673,0.0,-0.9877213,1.664388,-0.8580713,1.0,1.0,1.0,-0.06170933,-0.140469,0.9881601,0.004722763,-0.003543694,-0.01596775,31.28889,1928.0,-0.0875,-0.246
2.0,0.05496643,-0.1330585,0.999944,-0.1715193,-0.1628181,0.9999663,-0.05827563,-0.1479379,0.9999552,-0.1109585,0.02919884,-0.993396,0.0,0.01065359,0.9995458,0.02818964,0.0,-0.9937679,0.007455357,0.111219,0.0,-0.9799345,-1.62842,-0.93275,1.0,-0.1109584,0.01065359,-0.993768,0.0,0.02919884,0.9995458,0.007455358,0.0,-0.9933961,0.02818964,0.1112191,0.0,-0.9877742,1.664414,-0.8579474,1.0,1.0,1.0,-0.06127745,-0.1404493,0.9881898,0.004721848,-0.003546616,-0.01597122,31.31111,1929.0,-0.0875,-0.246
2.0,0.05476923,-0.1342759,1.000148,-0.1710949,-0.1636661,1.000143,-0.05816322,-0.148971,1.000145,-0.1109604,0.02903407,-0.9934006,0.0,0.01056789,0.9995511,0.02803342,0.0,-0.9937686,0.007387554,0.1112174,0.0,-0.9797302,-1.628584,-0.9326648,1.0,-0.1109604,0.0105679,-0.9937688,0.0,0.02903406,0.999551,0.007387555,0.0,-0.9934007,0.02803342,0.1112174,0.0,-0.9879366,1.664352,-0.8578656,1.0,1.0,1.0,-0.06114816,-0.1414089,0.988061,0.004721358,-0.003546699,-0.01597233,31.32222,1930.0,-0.0875,-0.246
2.0,0.05501924,-0.1351377,1.000045,-0.1704094,-0.1644836,1.000076,-0.05769396,-0.1498105,1.00006,-0.1108556,0.02920502,-0.9934074,0.0,0.01039567,0.9995475,0.02822547,0.0,-0.9937822,0.007198187,0.111109,0.0,-0.979306,-1.628562,-0.9331095,1.0,-0.1108556,0.01039567,-0.9937821,0.0,0.02920502,0.9995475,0.007198182,0.0,-0.9934073,0.02822546,0.111109,0.0,-0.9879571,1.664343,-0.8578172,1.0,1.0,1.0,-0.0606912,-0.1422244,0.9879721,0.004721154,-0.003546699,-0.01597228,31.33333,1931.0,-0.0875,-0.246
2.0,0.05630399,-0.1364143,1.000134,-0.1698514,-0.1645111,1.000219,-0.05677038,-0.1504621,1.000176,-0.1103797,0.03005858,-0.9934349,0.0,0.01029029,0.9995236,0.02909947,0.0,-0.9938363,0.007010741,0.1106364,0.0,-0.9785669,-1.627837,-0.9350765,1.0,-0.1103796,0.01029029,-0.9938361,0.0,0.03005858,0.9995236,0.007010737,0.0,-0.9934348,0.02909947,0.1106364,0.0,-0.9880209,1.664341,-0.8576693,1.0,1.0,1.0,-0.059781,-0.1428348,0.9879395,0.00471766,-0.003549225,-0.01597141,31.35556,1932.0,-0.0875,-0.246
2.0,0.05568698,-0.1355983,0.9999574,-0.1704028,-0.1641348,1.0,-0.05735616,-0.1498662,0.9999787,-0.1102184,0.03024022,-0.9934474,0.0,0.01020526,0.9995188,0.02929281,0.0,-0.9938551,0.00690978,0.110474,0.0,-0.9782403,-1.627705,-0.9354902,1.0,-0.1102184,0.01020526,-0.9938549,0.0,0.03024022,0.9995188,0.006909777,0.0,-0.9934471,0.0292928,0.110474,0.0,-0.987958,1.664309,-0.8576345,1.0,1.0,1.0,-0.06036095,-0.1422866,0.9879833,0.004713371,-0.003552498,-0.01597163,31.36667,1933.0,-0.0875,-0.246
2.0,0.05492362,-0.1372778,1.00015,-0.1697377,-0.1639052,1.000187,-0.05740552,-0.1505912,1.000168,-0.1100577,0.03118568,-0.993436,0.0,0.01056227,0.9994879,0.03020552,0.0,-0.9938692,0.007168593,0.1103307,0.0,-0.9785886,-1.626386,-0.937261,1.0,-0.1100576,0.01056227,-0.993869,0.0,0.03118568,0.9994879,0.007168588,0.0,-0.9934357,0.03020552,0.1103307,0.0,-0.9880897,1.6642,-0.8575212,1.0,1.0,1.0,-0.06038655,-0.1429502,0.987886,0.00470794,-0.003552758,-0.01596918,31.38889,1934.0,-0.0875,-0.246
2.0,0.05526286,-0.135817,1.000056,-0.1691891,-0.1639381,1.000061,-0.05696274,-0.1498775,1.000059,-0.1100706,0.03152232,-0.9934238,0.0,0.01070492,0.9994766,0.03052828,0.0,-0.9938662,0.007274259,0.1103504,0.0,-0.9788224,-1.625927,-0.9377804,1.0,-0.1100705,0.01070492,-0.993866,0.0,0.03152232,0.9994766,0.007274258,0.0,-0.9934237,0.03052828,0.1103504,0.0,-0.9880999,1.664183,-0.8575065,1.0,1.0,1.0,-0.05996977,-0.1422897,0.9880068,0.004707688,-0.003552758,-0.01596921,31.4,1935.0,-0.0875,-0.246
2.0,0.05496618,-0.1362625,1.000074,-0.1670767,-0.1638733,1.000029,-0.05605701,-0.1500681,1.000052,-0.1102796,0.03170656,-0.9933947,0.0,0.01102223,0.9994686,0.03067682,0.0,-0.9938394,0.0075664,0.1105704,0.0,-0.9794751,-1.625468,-0.9378513,1.0,-0.1102796,0.01102223,-0.9938396,0.0,0.03170657,0.9994687,0.0075664,0.0,-0.9933949,0.03067682,0.1105704,0.0,-0.9881347,1.66417,-0.8574436,1.0,1.0,1.0,-0.05908869,-0.1424803,0.9880323,0.004705544,-0.003551285,-0.01597337,31.41111,1936.0,-0.0875,-0.246
2.0,0.05501251,-0.1358623,1.000081,-0.1668785,-0.1646375,1.00009,-0.05593256,-0.1502499,1.000085,-0.1102608,0.03206966,-0.9933852,0.0,0.01135691,0.9994547,0.03100504,0.0,-0.9938378,0.007863142,0.1105649,0.0,-0.9799742,-1.624825,-0.9384001,1.0,-0.1102608,0.01135691,-0.9938378,0.0,0.03206966,0.9994547,0.00786314,0.0,-0.9933851,0.03100504,0.1105649,0.0,-0.9881379,1.664164,-0.8574051,1.0,1.0,1.0,-0.05896248,-0.142652,0.9880152,0.004703865,-0.003547821,-0.01598232,31.43333,1937.0,-0.0875,-0.246
2.0,0.05469437,-0.1349003,0.999996,-0.164825,-0.1645831,1.000012,-0.05506465,-0.1497417,1.000004,-0.1101757,0.03205624,-0.993395,0.0,0.01154559,0.9994536,0.03097125,0.0,-0.993845,0.008057055,0.1104857,0.0,-0.9801928,-1.624658,-0.9384266,1.0,-0.1101758,0.01154559,-0.9938451,0.0,0.03205625,0.9994536,0.008057056,0.0,-0.993395,0.03097125,0.1104856,0.0,-0.9881414,1.664151,-0.8573872,1.0,1.0,1.0,-0.05812858,-0.1421836,0.9881321,0.004701957,-0.003551186,-0.01597664,31.44444,1938.0,-0.0875,-0.246
2.0,0.0553655,-0.1337199,1.000054,-0.1653844,-0.1646351,1.000064,-0.05500914,-0.1491776,1.000059,-0.1101378,0.03215959,-0.9933959,0.0,0.01133194,0.9994521,0.03109928,0.0,-0.9938517,0.007831894,0.1104419,0.0,-0.9797463,-1.624746,-0.9388023,1.0,-0.1101379,0.01133194,-0.9938518,0.0,0.03215959,0.9994521,0.007831895,0.0,-0.993396,0.03109928,0.1104419,0.0,-0.9882584,1.664155,-0.8573146,1.0,1.0,1.0,-0.05807415,-0.1416369,0.9882137,0.004700211,-0.003553124,-0.01597643,31.46667,1939.0,-0.0875,-0.246
