flag,xl,yl,zl,xr,yr,zr,xc,yc,zc,mat_00,mat_10,mat_20,mat_30,mat_01,mat_11,mat_21,mat_31,mat_02,mat_12,mat_22,mat_32,mat_03,mat_13,mat_23,mat_33,ctw_00,ctw_10,ctw_20,ctw_30,ctw_01,ctw_11,ctw_21,ctw_31,ctw_02,ctw_12,ctw_22,ctw_32,ctw_03,ctw_13,ctw_23,ctw_33,opennessl,opennessr,ray_x,ray_y,ray_z,eye_x,eye_y,eye_z,time,frame,u,v
25.0,0.2774734,0.3188732,1.000101,-0.005762644,0.1991481,1.000121,0.1358564,0.2590112,1.000111,-0.9992356,0.00289021,0.03898471,0.0,0.01162806,0.9740978,0.2258277,0.0,0.03732223,-0.2261084,0.9733869,0.0,0.02224636,-1.910272,0.6332777,1.0,-0.9992356,0.01162806,0.03732223,0.0,0.00289021,0.9740979,-0.2261084,0.0,0.03898471,0.2258278,0.9733869,0.0,0.003062298,1.717522,-1.049183,1.0,1.0,0.1066936,0.1295039,0.2500245,0.9595397,-0.002113312,-0.007358414,-0.0221553,45.24445,2807.0,0.175,0.104
25.0,0.2777128,0.319066,1.000082,-0.005564228,0.1976413,1.000088,0.1360745,0.2583537,1.000085,-0.9992405,0.003021061,0.03884981,0.0,0.01171511,0.9741573,0.2255667,0.0,0.03716438,-0.2258505,0.9734528,0.0,0.02184657,-1.910099,0.6337618,1.0,-0.9992405,0.01171511,0.03716437,0.0,0.003021059,0.9741573,-0.2258505,0.0,0.03884981,0.2255667,0.9734528,0.0,0.002978974,1.717525,-1.049146,1.0,1.0,0.1066936,0.1297282,0.2494489,0.9596592,-0.002112687,-0.007360901,-0.02214896,45.25556,2808.0,0.175,0.104
25.0,0.2771814,0.3200911,1.000144,-0.005464833,0.1948679,1.00016,0.1358591,0.2574798,1.000152,-0.999246,0.003178861,0.03870166,0.0,0.01182787,0.974202,0.2253675,0.0,0.03698683,-0.2256553,0.973505,0.0,0.02146961,-1.909972,0.6340408,1.0,-0.9992455,0.01182787,0.03698681,0.0,0.003178862,0.974202,-0.2256552,0.0,0.03870165,0.2253674,0.9735047,0.0,0.002986519,1.717552,-1.049031,1.0,1.0,0.08726676,0.1295486,0.2486751,0.9598843,-0.002112465,-0.007363481,-0.02214246,45.26667,2809.0,0.175,0.104
25.0,0.2777094,0.3206649,1.000098,-0.005174905,0.1919857,1.00016,0.1362705,0.2563273,1.000129,-0.9992604,0.003121293,0.03832721,0.0,0.01167586,0.9742731,0.2250681,0.0,0.03663866,-0.2253492,0.9735891,0.0,0.02129709,-1.90975,0.6344205,1.0,-0.9992604,0.01167586,0.03663865,0.0,0.003121293,0.974273,-0.2253491,0.0,0.0383272,0.2250681,0.9735888,0.0,0.002926667,1.717581,-1.048805,1.0,1.0,0.165875,0.1299641,0.2476541,0.9600921,-0.002109611,-0.0073648,-0.02213588,45.28889,2810.0,0.175,0.104
25.0,0.2775938,0.3206983,1.000121,-0.005635541,0.1921344,1.000144,0.1359803,0.2564172,1.000132,-0.9992682,0.0032507,0.03811271,0.0,0.01174316,0.9743369,0.2247881,0.0,0.03640391,-0.2250711,0.973662,0.0,0.02099346,-1.909563,0.6348918,1.0,-0.9992681,0.01174315,0.0364039,0.0,0.003250702,0.9743369,-0.2250711,0.0,0.03811271,0.2247881,0.973662,0.0,0.00298807,1.717595,-1.048722,1.0,1.0,0.165875,0.1296929,0.2477474,0.9601046,-0.00210862,-0.007368981,-0.02212773,45.3,2811.0,0.175,0.104
25.0,0.2776066,0.3206807,1.000174,-0.0054585,0.1924123,1.00014,0.1360722,0.2565454,1.000157,-0.9992732,0.003426157,0.0379709,0.0,0.0118623,0.9744591,0.2242515,0.0,0.03623277,-0.2245388,0.9737915,0.0,0.02066027,-1.909233,0.6357588,1.0,-0.9992727,0.0118623,0.03623275,0.0,0.003426157,0.9744592,-0.2245388,0.0,0.03797089,0.2242514,0.9737912,0.0,0.003046251,1.717655,-1.048542,1.0,1.0,0.09683822,0.1297711,0.2478549,0.9600664,-0.002108453,-0.007371751,-0.02212518,45.32222,2812.0,0.175,0.104
25.0,0.2775575,0.31784,1.000228,-0.005878445,0.1942995,1.000191,0.1358375,0.2560684,1.000209,-0.9992721,0.003642833,0.03797394,0.0,0.01206364,0.9745225,0.223965,0.0,0.0361906,-0.2242601,0.973857,0.0,0.02035926,-1.909098,0.6361859,1.0,-0.999272,0.01206364,0.0361906,0.0,0.003642832,0.9745225,-0.2242601,0.0,0.03797394,0.223965,0.9738572,0.0,0.003140483,1.71773,-1.048426,1.0,1.0,0.1169939,0.1295638,0.2474414,0.960201,-0.002108322,-0.007381089,-0.02211045,45.33334,2813.0,0.175,0.104
25.0,0.2781582,0.3176387,1.000286,-0.006004773,0.1944264,1.000213,0.1360727,0.2560304,1.00025,-0.9992708,0.003775494,0.03799485,0.0,0.0121783,0.974641,0.2234425,0.0,0.03618773,-0.2237423,0.9739763,0.0,0.02015274,-1.908756,0.6370994,1.0,-0.9992707,0.0121783,0.03618774,0.0,0.003775492,0.974641,-0.2237423,0.0,0.03799485,0.2234425,0.9739764,0.0,0.003138042,1.717751,-1.048319,1.0,1.0,0.1091461,0.129778,0.2473996,0.9601828,-0.002108376,-0.007388687,-0.02210466,45.34444,2814.0,0.175,0.104
25.0,0.2779455,0.3173555,1.000374,-0.006003473,0.194719,1.000226,0.1359629,0.2560331,1.0003,-0.9992598,0.004259818,0.03823337,0.0,0.01268516,0.9747511,0.2229337,0.0,0.03631836,-0.2232537,0.9740837,0.0,0.01963699,-1.908409,0.6378373,1.0,-0.9992597,0.01268516,0.03631835,0.0,0.004259818,0.9747511,-0.2232537,0.0,0.03823337,0.2229337,0.9740835,0.0,0.003365264,1.717779,-1.048079,1.0,1.0,0.0944616,0.1296712,0.247397,0.960198,-0.002108399,-0.007390946,-0.02209944,45.36667,2815.0,0.175,0.104
25.0,0.2774999,0.315991,1.000158,-0.006032888,0.1958929,1.0001,0.1357303,0.2559403,1.000129,-0.999258,0.004231572,0.038284,0.0,0.01265583,0.9748316,0.222583,0.0,0.03637857,-0.2229023,0.9741619,0.0,0.01982443,-1.908204,0.6384917,1.0,-0.9992579,0.01265583,0.03637857,0.0,0.004231573,0.9748316,-0.2229023,0.0,0.03828399,0.222583,0.9741617,0.0,0.003440409,1.717809,-1.048059,1.0,1.0,0.08923434,0.12948,0.2473651,0.960232,-0.002109192,-0.007395256,-0.02209776,45.37778,2816.0,0.175,0.104
25.0,0.2779719,0.3166974,1.00014,-0.00534777,0.1956913,1.000112,0.1363105,0.2561937,1.000126,-0.9992586,0.004194812,0.03827122,0.0,0.01260833,0.9748859,0.2223478,0.0,0.03637737,-0.2226655,0.974216,0.0,0.01993398,-1.908082,0.6387433,1.0,-0.9992586,0.01260833,0.03637736,0.0,0.004194814,0.974886,-0.2226654,0.0,0.03827122,0.2223478,0.9742159,0.0,0.003477768,1.717888,-1.047863,1.0,1.0,0.08830865,0.1300086,0.2475775,0.9601058,-0.002109192,-0.007401558,-0.02209445,45.4,2817.0,0.175,0.104
25.0,0.2788275,0.3150483,1.000153,-0.005018696,0.1946182,1.000117,0.1369024,0.254832,1.000135,-0.9992579,0.003995792,0.03831445,0.0,0.01241673,0.9749315,0.2221587,0.0,0.03646626,-0.2224695,0.9742576,0.0,0.02038031,-1.907937,0.6390316,1.0,-0.9992576,0.01241672,0.03646625,0.0,0.003995791,0.9749314,-0.2224695,0.0,0.03831444,0.2221586,0.9742573,0.0,0.003504759,1.717888,-1.047782,1.0,1.0,0.09733253,0.1305962,0.2463662,0.9603376,-0.002109192,-0.007409866,-0.02208518,45.41111,2818.0,0.175,0.104
25.0,0.27774,0.3120791,1.0,-0.004997674,0.1927915,1.000063,0.1363746,0.252437,1.000032,-0.9992648,0.003870621,0.03814765,0.0,0.01226219,0.9749044,0.2222859,0.0,0.03632993,-0.2225902,0.9742351,0.0,0.02046639,-1.907977,0.6387028,1.0,-0.9992644,0.01226219,0.03632992,0.0,0.003870621,0.9749044,-0.2225902,0.0,0.03814764,0.2222859,0.9742348,0.0,0.003471386,1.717869,-1.047687,1.0,1.0,0.08784708,0.1301929,0.2442998,0.9609201,-0.002109177,-0.007420052,-0.02208011,45.42222,2819.0,0.175,0.104
25.0,0.2791078,0.3109556,1.000036,-0.004193995,0.2182658,1.000085,0.1374595,0.2646117,1.00006,-0.9992774,0.003750231,0.03782322,0.0,0.01206629,0.9749446,0.2221202,0.0,0.03604254,-0.2224161,0.9742854,0.0,0.02046583,-1.907803,0.6388041,1.0,-0.9992774,0.01206629,0.03604254,0.0,0.003750229,0.9749447,-0.2224161,0.0,0.03782323,0.2221202,0.9742854,0.0,0.003444106,1.717864,-1.047441,1.0,1.0,0.1050102,0.1308108,0.2550467,0.9580396,-0.002102661,-0.007497414,-0.02207362,45.44445,2820.0,0.175,0.104
25.0,0.2796261,0.3119348,0.9999787,-0.003640518,0.2220346,1.000028,0.1379955,0.2669858,1.000004,-0.9992826,0.003662278,0.03769422,0.0,0.01195692,0.974914,0.2222605,0.0,0.03593464,-0.2225517,0.9742584,0.0,0.02042662,-1.907837,0.6384761,1.0,-0.9992826,0.01195692,0.03593464,0.0,0.003662278,0.974914,-0.2225517,0.0,0.03769422,0.2222605,0.9742584,0.0,0.003332139,1.717824,-1.047367,1.0,1.0,0.1021822,0.131234,0.2571371,0.9574227,-0.002099831,-0.007514176,-0.0220679,45.45555,2821.0,0.175,0.104
25.0,0.2782734,0.311145,1.000092,-0.002040379,0.2231947,1.000131,0.1381186,0.2671708,1.000111,-0.9992942,0.003628237,0.0373907,0.0,0.01184093,0.9750096,0.2218469,0.0,0.03565137,-0.222133,0.9743644,0.0,0.02025406,-1.907539,0.6391822,1.0,-0.9992941,0.01184093,0.03565137,0.0,0.003628237,0.9750096,-0.222133,0.0,0.03739069,0.2218469,0.9743644,0.0,0.003261303,1.717828,-1.047246,1.0,1.0,0.08690859,0.1313264,0.2572826,0.9573709,-0.002097274,-0.007527016,-0.02206331,45.47778,2822.0,0.175,0.104
25.0,0.2783719,0.3123277,1.000074,-0.002041098,0.2232202,1.000085,0.138166,0.2677741,1.00008,-0.999298,0.003581064,0.03729764,0.0,0.01176834,0.9750471,0.2216863,0.0,0.03557308,-0.2219696,0.9744047,0.0,0.02028532,-1.907417,0.6394531,1.0,-0.9992975,0.01176834,0.03557307,0.0,0.003581063,0.9750469,-0.2219695,0.0,0.03729763,0.2216862,0.9744042,0.0,0.003251572,1.717825,-1.047196,1.0,1.0,0.07333967,0.1313544,0.2578204,0.9572224,-0.002097046,-0.007531967,-0.02206314,45.48889,2823.0,0.175,0.104
25.0,0.2788148,0.3123341,0.9999992,-0.002239108,0.2225961,1.000021,0.138289,0.2674654,1.00001,-0.9993037,0.003766533,0.03711925,0.0,0.0119012,0.9750984,0.2214532,0.0,0.03536081,-0.2217408,0.9744643,0.0,0.01973279,-1.907245,0.6399148,1.0,-0.9993038,0.0119012,0.03536081,0.0,0.003766533,0.9750984,-0.2217408,0.0,0.03711925,0.2214532,0.9744642,0.0,0.003149592,1.717805,-1.047186,1.0,1.0,0.09241433,0.1314847,0.2575634,0.9572737,-0.002095993,-0.007532516,-0.02206304,45.51111,2824.0,0.175,0.104
25.0,0.2775658,0.3087502,1.000107,-0.001835156,0.2226214,1.000114,0.1378657,0.2656859,1.000111,-0.9993069,0.003738036,0.03704007,0.0,0.01184987,0.9751363,0.221289,0.0,0.03529193,-0.2215745,0.9745047,0.0,0.01964336,-1.90706,0.6401631,1.0,-0.9993067,0.01184987,0.03529192,0.0,0.003738036,0.9751363,-0.2215745,0.0,0.03704007,0.2212889,0.9745045,0.0,0.003046719,1.717749,-1.047091,1.0,1.0,0.09208395,0.1311397,0.2559969,0.9577411,-0.002095993,-0.007532516,-0.02205934,45.52222,2825.0,0.175,0.104
25.0,0.2775649,0.308627,1.000053,-0.001655664,0.2232696,1.000074,0.1379557,0.2659488,1.000064,-0.9993179,0.003568475,0.03675947,0.0,0.01161567,0.97518,0.2211088,0.0,0.03505807,-0.221385,0.9745562,0.0,0.01977393,-1.906971,0.6405598,1.0,-0.9993176,0.01161567,0.03505807,0.0,0.003568476,0.97518,-0.2213849,0.0,0.03675946,0.2211088,0.974556,0.0,0.003018786,1.717777,-1.047129,1.0,1.0,0.08159214,0.13122,0.2562355,0.9576663,-0.002096015,-0.007532516,-0.02205846,45.54445,2826.0,0.175,0.104
25.0,0.2783944,0.3094776,0.9999509,-0.001705244,0.2235564,0.9999565,0.1383449,0.2665173,0.9999536,-0.9993162,0.003673246,0.03679686,0.0,0.01173273,0.9751374,0.2212903,0.0,0.03506914,-0.2215707,0.9745136,0.0,0.01969586,-1.907066,0.6402052,1.0,-0.9993158,0.01173273,0.03506913,0.0,0.003673245,0.9751373,-0.2215706,0.0,0.03679684,0.2212902,0.9745134,0.0,0.00312997,1.717749,-1.047129,1.0,1.0,0.08392119,0.1315733,0.2567413,0.9574823,-0.002096015,-0.007528206,-0.0220598,45.55556,2827.0,0.175,0.104
25.0,0.2782898,0.3093676,0.9999197,-0.002007265,0.2215823,0.9999882,0.138145,0.2654765,0.999954,-0.9993229,0.003682048,0.03660993,0.0,0.01170621,0.9750974,0.2214679,0.0,0.03488278,-0.2217465,0.9744803,0.0,0.01953879,-1.90712,0.6398385,1.0,-0.9993228,0.0117062,0.03488278,0.0,0.003682048,0.9750973,-0.2217465,0.0,0.03660992,0.2214679,0.9744802,0.0,0.003123234,1.717695,-1.047089,1.0,1.0,0.06037265,0.1314228,0.2558336,0.9577459,-0.002097076,-0.007525048,-0.02206268,45.56667,2828.0,0.175,0.104
25.0,0.2791487,0.3097087,0.9998733,-0.002715532,0.2215667,0.999944,0.1382205,0.2656392,0.9999084,-0.9993219,0.003555238,0.03665179,0.0,0.01160832,0.9749936,0.2219295,0.0,0.03494625,-0.2222045,0.9743737,0.0,0.01982305,-1.907405,0.638936,1.0,-0.9993216,0.01160832,0.03494624,0.0,0.003555238,0.9749936,-0.2222044,0.0,0.03665178,0.2219295,0.9743735,0.0,0.003172744,1.717679,-1.047089,1.0,1.0,0.07296577,0.1314941,0.2559835,0.957696,-0.002099053,-0.00752446,-0.02206458,45.58889,2829.0,0.175,0.104
25.0,0.2792669,0.3095979,0.9999088,-0.00309949,0.2220338,0.9999132,0.138084,0.265816,0.9999111,-0.9993219,0.003584568,0.03664807,0.0,0.01163737,0.9749853,0.2219646,0.0,0.03493568,-0.2222405,0.9743658,0.0,0.0197995,-1.907438,0.6389468,1.0,-0.9993217,0.01163737,0.03493568,0.0,0.003584567,0.9749852,-0.2222405,0.0,0.03664807,0.2219646,0.9743658,0.0,0.003207254,1.71767,-1.04717,1.0,1.0,0.0865045,0.1313646,0.25614,0.957672,-0.002101745,-0.007523705,-0.02206839,45.6,2830.0,0.175,0.104
25.0,0.2794063,0.3102266,1.000025,-0.002072994,0.221938,0.9999752,0.138664,0.2660812,1.0,-0.9993224,0.003681685,0.03662781,0.0,0.01174097,0.9748991,0.2223377,0.0,0.03488984,-0.222617,0.9742817,0.0,0.01954499,-1.907719,0.6382576,1.0,-0.999322,0.01174097,0.03488983,0.0,0.003681687,0.974899,-0.2226169,0.0,0.03662779,0.2223376,0.9742812,0.0,0.003177387,1.717695,-1.047215,1.0,1.0,0.0865045,0.1318805,0.2563322,0.9575496,-0.002102821,-0.007523553,-0.02206969,45.62222,2831.0,0.175,0.104
25.0,0.2795985,0.31288,1.000055,-0.002151575,0.2220786,0.9999981,0.1387204,0.2674781,1.000027,-0.9993145,0.003542886,0.03684987,0.0,0.01165719,0.9748866,0.2223966,0.0,0.03513652,-0.2226737,0.9742596,0.0,0.01995436,-1.907792,0.6381201,1.0,-0.9993145,0.01165719,0.03513652,0.0,0.003542887,0.9748867,-0.2226737,0.0,0.03684987,0.2223966,0.9742596,0.0,0.003185125,1.717732,-1.047211,1.0,1.0,0.06812955,0.1318853,0.2575476,0.9572229,-0.0021034,-0.007524521,-0.02207153,45.63334,2832.0,0.175,0.104
25.0,0.2800354,0.3129286,0.9998604,-0.003410168,0.2216136,0.9998296,0.138311,0.2672704,0.9998449,-0.9993098,0.003442034,0.03698848,0.0,0.01159586,0.9748486,0.2225664,0.0,0.03529209,-0.2228417,0.9742156,0.0,0.02014814,-1.907876,0.6379096,1.0,-0.9993097,0.01159586,0.03529208,0.0,0.003442035,0.9748487,-0.2228417,0.0,0.03698847,0.2225664,0.9742156,0.0,0.003105908,1.71768,-1.047327,1.0,1.0,0.06750418,0.1315369,0.2574196,0.9573052,-0.002103813,-0.007523827,-0.02207202,45.65556,2833.0,0.175,0.104
25.0,0.2800411,0.3151069,0.9999145,-0.003602792,0.2213465,0.9999162,0.1382193,0.2682268,0.9999156,-0.9993083,0.003080018,0.03705852,0.0,0.01126637,0.974802,0.2227874,0.0,0.03543853,-0.2230508,0.9741625,0.0,0.02081961,-1.907988,0.6375074,1.0,-0.9993083,0.01126637,0.03543853,0.0,0.00308002,0.974802,-0.2230507,0.0,0.03705851,0.2227874,0.9741624,0.0,0.00305677,1.717647,-1.047352,1.0,1.0,0.06794659,0.1314149,0.2582425,0.9571003,-0.00210502,-0.00752327,-0.02207207,45.66667,2834.0,0.175,0.104
25.0,0.2815333,0.3159881,0.9999907,-0.003206793,0.2202626,0.9999943,0.1391635,0.2681256,0.9999921,-0.9993068,0.002854337,0.0371245,0.0,0.01106926,0.9747522,0.2230148,0.0,0.03555064,-0.2232711,0.9741081,0.0,0.02117928,-1.908065,0.6370139,1.0,-0.9993063,0.01106926,0.03555062,0.0,0.002854338,0.9747522,-0.2232711,0.0,0.03712449,0.2230148,0.9741077,0.0,0.002962037,1.717593,-1.047289,1.0,1.0,0.06851563,0.1322784,0.2581033,0.9570189,-0.002105569,-0.007520501,-0.02207236,45.67778,2835.0,0.175,0.104
25.0,0.2810735,0.3142767,1.000058,-0.003205989,0.2203177,1.000012,0.1389312,0.2672961,1.000035,-0.9992981,0.00232068,0.03739123,0.0,0.01062259,0.9746687,0.2234011,0.0,0.03592562,-0.2236415,0.9740093,0.0,0.02229532,-1.908357,0.6362392,1.0,-0.9992979,0.01062259,0.03592561,0.0,0.002320681,0.9746687,-0.2236415,0.0,0.03739122,0.2234011,0.974009,0.0,0.002918591,1.717643,-1.047292,1.0,1.0,0.08177751,0.1320864,0.2573732,0.957242,-0.00210566,-0.007516823,-0.02207244,45.7,2836.0,0.175,0.104
25.0,0.2807012,0.3149043,1.000012,-0.00234241,0.2201017,0.9999939,0.1391784,0.2675024,1.000003,-0.9992981,0.002054199,0.03741012,0.0,0.01036234,0.9746999,0.2232774,0.0,0.03600498,-0.2235083,0.9740371,0.0,0.02276629,-1.908274,0.6365148,1.0,-0.9992976,0.01036233,0.03600496,0.0,0.0020542,0.9746999,-0.2235082,0.0,0.0374101,0.2232773,0.9740365,0.0,0.002858197,1.71764,-1.047323,1.0,1.0,0.0741433,0.1323111,0.2575487,0.9571637,-0.002105569,-0.007512169,-0.02207278,45.71111,2837.0,0.175,0.104
25.0,0.2803419,0.3148581,0.9999987,-0.002358913,0.2200337,0.9999928,0.1389912,0.2674457,0.9999955,-0.9992933,0.001773787,0.03755017,0.0,0.01011963,0.9747058,0.2232627,0.0,0.03620435,-0.2234849,0.9740349,0.0,0.02298531,-1.908244,0.636554,1.0,-0.999293,0.01011962,0.03620434,0.0,0.001773786,0.9747058,-0.2234849,0.0,0.03755017,0.2232627,0.9740347,0.0,0.002451164,1.717625,-1.047322,1.0,1.0,0.09607012,0.1321415,0.2575062,0.9571986,-0.002105569,-0.007511162,-0.02207275,45.73333,2838.0,0.175,0.104
25.0,0.2810268,0.3164285,1.000112,-0.003224108,0.2200535,1.000011,0.1388958,0.2682387,1.000062,-0.9992813,0.001592943,0.03787786,0.0,0.01001371,0.9747243,0.2231867,0.0,0.03656495,-0.2234056,0.9740397,0.0,0.02349528,-1.908201,0.6366929,1.0,-0.9992809,0.01001371,0.03656493,0.0,0.001592941,0.9747242,-0.2234055,0.0,0.03787784,0.2231867,0.9740393,0.0,0.002401478,1.717633,-1.047326,1.0,1.0,0.07368109,0.1320208,0.258185,0.9570324,-0.002105637,-0.007509972,-0.02207264,45.74445,2839.0,0.175,0.104
25.0,0.2818961,0.3156202,1.000147,-0.003176324,0.2196673,1.000083,0.1393563,0.2676421,1.000115,-0.9992747,0.001551013,0.03805175,0.0,0.01000605,0.9747587,0.2230365,0.0,0.03674534,-0.2232554,0.9740673,0.0,0.02346665,-1.908107,0.6369301,1.0,-0.9992743,0.01000604,0.03674532,0.0,0.001551014,0.9747587,-0.2232553,0.0,0.03805173,0.2230364,0.9740669,0.0,0.002172835,1.71765,-1.04727,1.0,1.0,0.06129237,0.1324569,0.2576359,0.9571201,-0.002105316,-0.007508126,-0.02207253,45.75556,2840.0,0.175,0.104
25.0,0.2825205,0.3180443,1.000023,-0.003150139,0.2192244,0.9999737,0.1396825,0.2686333,0.9999986,-0.9992595,0.001671057,0.03844504,0.0,0.01020548,0.9747903,0.2228894,0.0,0.03710339,-0.2231167,0.9740856,0.0,0.02348211,-1.9081,0.6372406,1.0,-0.9992592,0.01020548,0.03710338,0.0,0.001671059,0.9747904,-0.2231166,0.0,0.03844503,0.2228893,0.9740852,0.0,0.00215453,1.717724,-1.047327,1.0,1.0,0.07532349,0.1327383,0.2585128,0.9568446,-0.002104392,-0.00750245,-0.02207311,45.77778,2841.0,0.175,0.104
25.0,0.2816071,0.3172279,1.000138,-0.002948925,0.2198727,1.000079,0.1393259,0.268549,1.000108,-0.9992529,0.00162987,0.03861655,0.0,0.01019985,0.9748129,0.2227909,0.0,0.03728078,-0.2230183,0.9741013,0.0,0.02370748,-1.907968,0.6373684,1.0,-0.9992527,0.01019985,0.03728078,0.0,0.001629873,0.9748129,-0.2230182,0.0,0.03861653,0.2227909,0.974101,0.0,0.002186554,1.71767,-1.047257,1.0,1.0,0.1185067,0.1323985,0.2584242,0.9569156,-0.002102761,-0.007500328,-0.02207259,45.78889,2842.0,0.175,0.104
25.0,0.2806558,0.3183762,1.000039,-0.003773455,0.2192868,1.000022,0.1384403,0.2688312,1.00003,-0.9992508,0.00175396,0.03866835,0.0,0.01032841,0.9748359,0.2226845,0.0,0.03730472,-0.222917,0.9741236,0.0,0.02365924,-1.907977,0.6375839,1.0,-0.9992504,0.0103284,0.0373047,0.0,0.001753961,0.9748359,-0.222917,0.0,0.03866834,0.2226845,0.9741232,0.0,0.002333711,1.71774,-1.047288,1.0,1.0,0.1281074,0.1315849,0.2587151,0.9569493,-0.002103622,-0.007498635,-0.02207325,45.81111,2843.0,0.175,0.104
25.0,0.2802679,0.3173209,0.9999905,-0.004222587,0.219073,0.9999915,0.1380227,0.2681971,0.9999911,-0.9992521,0.001756211,0.03863236,0.0,0.0103191,0.9748566,0.2225939,0.0,0.03727008,-0.2228261,0.9741457,0.0,0.02365244,-1.907917,0.6377923,1.0,-0.9992518,0.0103191,0.03727008,0.0,0.001756212,0.9748567,-0.2228261,0.0,0.03863235,0.2225939,0.9741455,0.0,0.002346043,1.717733,-1.047318,1.0,1.0,0.1039661,0.1312245,0.2581837,0.9571424,-0.002102562,-0.00749862,-0.02207263,45.82222,2844.0,0.175,0.104
25.0,0.2804429,0.3173568,1.000116,-0.004011627,0.2213738,1.000114,0.1382156,0.2693652,1.000115,-0.9992564,0.001835677,0.03851753,0.0,0.01035791,0.9749346,0.2222506,0.0,0.03714409,-0.2224843,0.9742286,0.0,0.02341164,-1.90768,0.6384336,1.0,-0.9992561,0.01035791,0.03714408,0.0,0.001835678,0.9749345,-0.2224843,0.0,0.03851752,0.2222506,0.9742283,0.0,0.002305225,1.717728,-1.047278,1.0,1.0,0.08962283,0.1313493,0.2591686,0.956859,-0.002101586,-0.00749862,-0.0220736,45.83334,2845.0,0.175,0.104
25.0,0.2804065,0.31809,1.00018,-0.004077677,0.221049,1.00012,0.138161,0.269568,1.00015,-0.9992604,0.001393471,0.03842749,0.0,0.009895544,0.9750043,0.2219657,0.0,0.03715767,-0.2221818,0.9742969,0.0,0.02403657,-1.90746,0.6389536,1.0,-0.9992605,0.009895544,0.03715767,0.0,0.001393471,0.9750043,-0.2221818,0.0,0.03842749,0.2219657,0.9742969,0.0,0.00212339,1.717718,-1.047227,1.0,1.0,0.06789952,0.1312872,0.2593411,0.9568207,-0.002100145,-0.007500122,-0.02207375,45.85556,2846.0,0.175,0.104
25.0,0.2806023,0.3178824,0.9999315,-0.003790293,0.22122,0.9999709,0.1384082,0.2695523,0.9999512,-0.9992642,0.001092487,0.03833863,0.0,0.00958756,0.9749747,0.2221091,0.0,0.03713655,-0.2223133,0.9742678,0.0,0.0245023,-1.907562,0.6386743,1.0,-0.9992642,0.00958756,0.03713654,0.0,0.001092484,0.9749746,-0.2223133,0.0,0.03833864,0.2221091,0.9742677,0.0,0.00208236,1.717734,-1.047226,1.0,1.0,0.08181316,0.1315372,0.2593663,0.9567795,-0.002098754,-0.007500512,-0.02207303,45.86667,2847.0,0.175,0.104
25.0,0.2809533,0.3179701,0.9998926,-0.005443294,0.2208537,0.9999626,0.1377589,0.2694134,0.9999276,-0.9992658,0.0005520131,0.03831234,0.0,0.009070048,0.9748861,0.2225194,0.0,0.03722734,-0.2227034,0.9741753,0.0,0.02547328,-1.907759,0.6378748,1.0,-0.9992656,0.009070045,0.03722733,0.0,0.0005520146,0.9748861,-0.2227034,0.0,0.03831233,0.2225193,0.9741751,0.0,0.00206921,1.717677,-1.047215,1.0,1.0,0.09076014,0.1309467,0.2592707,0.9568864,-0.002098465,-0.007500534,-0.02207323,45.88889,2848.0,0.175,0.104
25.0,0.280595,0.316861,1.00015,-0.005536199,0.2210113,1.000072,0.1375251,0.2689344,1.000111,-0.9992555,0.0007612137,0.03857641,0.0,0.009331695,0.9748916,0.2224843,0.0,0.03743846,-0.2226786,0.9741729,0.0,0.02525271,-1.907727,0.6378666,1.0,-0.9992552,0.009331693,0.03743844,0.0,0.0007612151,0.9748917,-0.2226786,0.0,0.0385764,0.2224843,0.9741726,0.0,0.002079496,1.717677,-1.047148,1.0,1.0,0.09076014,0.1307254,0.2588184,0.9570391,-0.002098739,-0.007501603,-0.02207294,45.9,2849.0,0.175,0.104
25.0,0.2809933,0.3168324,1.000189,-0.006723408,0.2211341,1.000074,0.1371284,0.2689807,1.000131,-0.9992428,0.0009916476,0.03889953,0.0,0.00962696,0.9748983,0.2224426,0.0,0.0377025,-0.2226486,0.9741696,0.0,0.02490995,-1.907662,0.637881,1.0,-0.9992425,0.009626959,0.03770249,0.0,0.0009916492,0.9748983,-0.2226486,0.0,0.03889952,0.2224426,0.9741693,0.0,0.001969538,1.717644,-1.047081,1.0,1.0,0.09483334,0.1303578,0.2588677,0.957076,-0.002100113,-0.007502366,-0.02207256,45.92222,2850.0,0.175,0.104
25.0,0.2802501,0.3142167,1.000165,-0.004863545,0.2212928,1.000057,0.1376874,0.2677524,1.000111,-0.9992319,0.001146385,0.03917008,0.0,0.009825878,0.9749687,0.2221247,0.0,0.03793497,-0.2223389,0.9742312,0.0,0.02471947,-1.907494,0.6385048,1.0,-0.9992319,0.009825876,0.03793496,0.0,0.001146385,0.9749688,-0.2223389,0.0,0.03917008,0.2221247,0.9742311,0.0,0.00187692,1.717677,-1.047099,1.0,1.0,0.08085931,0.1309143,0.257782,0.957293,-0.002100983,-0.007503182,-0.02207256,45.93333,2851.0,0.175,0.104
25.0,0.2803193,0.3172802,1.000142,-0.004848652,0.2210454,1.000074,0.1377316,0.2691612,1.000108,-0.9992192,0.001130576,0.03949894,0.0,0.009872949,0.9750305,0.2218514,0.0,0.03826185,-0.2220681,0.9742804,0.0,0.02504863,-1.907308,0.6389603,1.0,-0.9992188,0.009872945,0.03826183,0.0,0.001130577,0.9750305,-0.222068,0.0,0.03949892,0.2218513,0.9742799,0.0,0.00194718,1.717682,-1.047037,1.0,1.0,0.1044563,0.1309118,0.2590124,0.9569611,-0.00210205,-0.007503487,-0.02207181,45.95555,2852.0,0.175,0.104
25.0,0.2801881,0.3155723,1.00018,-0.004736986,0.220674,1.000136,0.1377231,0.2681223,1.000158,-0.999217,0.001167784,0.03955247,0.0,0.009909861,0.9750955,0.2215639,0.0,0.0383087,-0.2217823,0.9743435,0.0,0.02506466,-1.907047,0.6394485,1.0,-0.9992165,0.009909858,0.03830868,0.0,0.001167782,0.9750955,-0.2217823,0.0,0.03955246,0.2215638,0.9743432,0.0,0.001980287,1.717626,-1.046952,1.0,1.0,0.08992074,0.130931,0.2580932,0.9572068,-0.00210205,-0.007504273,-0.02207165,45.96667,2853.0,0.175,0.104
25.0,0.2798285,0.3160799,1.000067,-0.004737664,0.2208596,1.000067,0.1375455,0.2684697,1.000066,-0.9992157,0.001144409,0.03958309,0.0,0.009897452,0.9750748,0.2216554,0.0,0.0383428,-0.2218733,0.9743215,0.0,0.0252249,-1.907176,0.6391807,1.0,-0.9992155,0.009897451,0.0383428,0.0,0.001144411,0.9750748,-0.2218733,0.0,0.03958307,0.2216554,0.9743212,0.0,0.002086967,1.717711,-1.046886,1.0,1.0,0.1142272,0.1307673,0.2584259,0.9571395,-0.00210205,-0.00750605,-0.02207085,45.97778,2854.0,0.175,0.104
25.0,0.2791453,0.3158458,1.000011,-0.004735872,0.2211916,1.000066,0.1372077,0.26852,1.000038,-0.9992268,0.000995256,0.03930497,0.0,0.009690746,0.9750732,0.2216719,0.0,0.0381046,-0.2218813,0.9743289,0.0,0.02547162,-1.907072,0.638988,1.0,-0.9992267,0.009690745,0.0381046,0.0,0.0009952562,0.9750732,-0.2218814,0.0,0.03930497,0.2216719,0.9743289,0.0,0.00223454,1.717643,-1.046699,1.0,1.0,0.1010632,0.130458,0.258489,0.9571646,-0.00210205,-0.007507577,-0.0220712,46.0,2855.0,0.175,0.104
25.0,0.2783323,0.3136793,1.00013,-0.004732132,0.2213985,1.000155,0.1368014,0.2675393,1.000142,-0.9992354,0.0009744442,0.03908698,0.0,0.009607127,0.9751608,0.2212896,0.0,0.03790046,-0.2214959,0.9744246,0.0,0.02543081,-1.90679,0.6396785,1.0,-0.9992353,0.009607127,0.03790046,0.0,0.0009744437,0.9751608,-0.2214959,0.0,0.03908698,0.2212896,0.9744245,0.0,0.002266318,1.717628,-1.046628,1.0,1.0,0.06742285,0.1301025,0.2576208,0.9574471,-0.002101837,-0.007508644,-0.02207107,46.01111,2856.0,0.175,0.104
25.0,0.2778418,0.3136869,1.000223,-0.005074874,0.2228118,1.000163,0.1363802,0.2682482,1.000193,-0.9992433,0.001056178,0.03888383,0.0,0.009621281,0.9752811,0.2207583,0.0,0.0376895,-0.2209653,0.9745532,0.0,0.02510054,-1.906482,0.6405665,1.0,-0.9992431,0.009621279,0.0376895,0.0,0.00105618,0.9752811,-0.2209653,0.0,0.03888383,0.2207583,0.9745531,0.0,0.002187447,1.717704,-1.046479,1.0,1.0,0.0944616,0.1296851,0.2582423,0.9573362,-0.002100303,-0.007509445,-0.02207052,46.03333,2857.0,0.175,0.104
25.0,0.2781036,0.3150941,1.000237,-0.004675586,0.2219867,1.000224,0.1367133,0.26854,1.000231,-0.9992489,0.001085211,0.03874127,0.0,0.009596534,0.9754077,0.2201993,0.0,0.03754957,-0.2204057,0.9746854,0.0,0.02502178,-1.90614,0.6415698,1.0,-0.9992486,0.009596531,0.03754956,0.0,0.00108521,0.9754076,-0.2204056,0.0,0.03874126,0.2201993,0.9746851,0.0,0.002216313,1.71775,-1.046392,1.0,1.0,0.09832621,0.1299769,0.2584825,0.9572319,-0.002098945,-0.007512498,-0.02206982,46.04445,2858.0,0.175,0.104
25.0,0.2762215,0.313351,1.000253,-0.004735153,0.219948,1.000244,0.1357426,0.2666492,1.000248,-0.9992647,0.001554401,0.03831431,0.0,0.009918043,0.9756548,0.2190876,0.0,0.03704099,-0.2193065,0.9749528,0.0,0.02406999,-1.905472,0.6436395,1.0,-0.9992644,0.009918039,0.03704097,0.0,0.001554402,0.9756547,-0.2193064,0.0,0.0383143,0.2190875,0.9749525,0.0,0.002353557,1.717831,-1.046292,1.0,1.0,0.1138286,0.1291392,0.2568571,0.9577826,-0.002097931,-0.007514611,-0.02206976,46.06667,2859.0,0.175,0.104
25.0,0.2771077,0.3102176,1.000209,-0.006289076,0.2200254,1.000248,0.1354114,0.2651223,1.000229,-0.999274,0.001726689,0.0380586,0.0,0.01001659,0.9757342,0.2187292,0.0,0.0367574,-0.2189516,0.9750431,0.0,0.02363762,-1.905267,0.6441853,1.0,-0.999274,0.01001659,0.0367574,0.0,0.001726688,0.9757343,-0.2189516,0.0,0.0380586,0.2187292,0.9750432,0.0,0.002393458,1.717895,-1.046139,1.0,1.0,0.08509212,0.1288831,0.2555363,0.9581703,-0.00209764,-0.007516762,-0.02206976,46.07778,2860.0,0.175,0.104
25.0,0.2783403,0.3106819,1.000128,-0.004737221,0.2198184,1.000183,0.1368045,0.2652515,1.000155,-0.9992861,0.001989802,0.03772957,0.0,0.01018627,0.975823,0.2183249,0.0,0.03638296,-0.2185533,0.9751465,0.0,0.02297533,-1.905011,0.6448996,1.0,-0.9992859,0.01018627,0.03638296,0.0,0.001989802,0.975823,-0.2185533,0.0,0.03772957,0.2183249,0.9751465,0.0,0.002417741,1.717922,-1.046054,1.0,1.0,0.08347154,0.1301716,0.2556245,0.9579726,-0.00209764,-0.007518326,-0.02206818,46.08889,2861.0,0.175,0.104
25.0,0.2783602,0.3111952,1.000146,-0.004614193,0.2191028,1.000145,0.136873,0.2651489,1.000145,-0.999297,0.001733508,0.03745142,0.0,0.009852199,0.9759645,0.2177068,0.0,0.03617386,-0.2179227,0.9752955,0.0,0.02337337,-1.904637,0.6459289,1.0,-0.9992968,0.009852195,0.03617385,0.0,0.001733509,0.9759644,-0.2179227,0.0,0.03745141,0.2177068,0.9752952,0.0,0.002467689,1.718004,-1.045881,1.0,1.0,0.06533347,0.1302392,0.2555372,0.9579867,-0.00209764,-0.00752018,-0.0220664,46.11111,2862.0,0.175,0.104
25.0,0.2770858,0.3116169,1.000153,-0.004443325,0.2182796,1.000153,0.1363212,0.2649483,1.000153,-0.9992999,0.001763071,0.03737285,0.0,0.009855295,0.9760165,0.2174736,0.0,0.03609309,-0.2176897,0.9753505,0.0,0.02331435,-1.904473,0.6462873,1.0,-0.9992998,0.009855294,0.03609309,0.0,0.001763072,0.9760165,-0.2176896,0.0,0.03737285,0.2174736,0.9753504,0.0,0.002502159,1.718017,-1.045782,1.0,1.0,0.08097629,0.1297368,0.2553785,0.9580972,-0.002098098,-0.007521584,-0.02206361,46.12222,2863.0,0.175,0.104
25.0,0.2777206,0.3127587,1.00005,-0.004514396,0.2182328,1.000098,0.1366057,0.2654968,1.000074,-0.9993109,0.001627694,0.03708696,0.0,0.009656623,0.9760435,0.2173613,0.0,0.03584468,-0.2175696,0.9753865,0.0,0.02332699,-1.904374,0.6462805,1.0,-0.9993106,0.009656623,0.03584468,0.0,0.001627692,0.9760435,-0.2175696,0.0,0.03708695,0.2173613,0.9753863,0.0,0.002442076,1.71805,-1.045543,1.0,1.0,0.07778614,0.129995,0.2558718,0.9579306,-0.002102233,-0.007524621,-0.02206179,46.14445,2864.0,0.175,0.104
25.0,0.2772171,0.311481,1.000182,-0.004435278,0.2181812,1.000127,0.1363879,0.2648298,1.000154,-0.999306,0.001782293,0.03720923,0.0,0.009826384,0.9760894,0.2171474,0.0,0.03593251,-0.2173623,0.9754294,0.0,0.02308783,-1.904246,0.6466128,1.0,-0.9993058,0.009826384,0.03593251,0.0,0.001782293,0.9760894,-0.2173623,0.0,0.03720922,0.2171474,0.9754294,0.0,0.002405763,1.718077,-1.045466,1.0,1.0,0.08641949,0.1298075,0.2552787,0.9581141,-0.002104157,-0.007528054,-0.02206142,46.15556,2865.0,0.175,0.104
25.0,0.2764682,0.3120599,1.00006,-0.0052693,0.2166149,1.000085,0.1356008,0.2643378,1.000072,-0.9993092,0.001989369,0.03711763,0.0,0.0100087,0.9760876,0.2171471,0.0,0.03579807,-0.2173685,0.9754332,0.0,0.02262742,-1.904238,0.6465334,1.0,-0.9993086,0.0100087,0.03579805,0.0,0.00198937,0.9760876,-0.2173685,0.0,0.03711761,0.217147,0.9754327,0.0,0.002402239,1.718084,-1.045381,1.0,1.0,0.04157293,0.1291112,0.2548969,0.9583099,-0.002109291,-0.007534722,-0.02206129,46.16667,2866.0,0.175,0.104
25.0,0.2748295,0.3031617,1.000113,-0.00520343,0.2172032,1.000111,0.1348129,0.2601825,1.000112,-0.9993037,0.002130391,0.03725009,0.0,0.0101661,0.9761414,0.2168978,0.0,0.03589927,-0.2171254,0.9754834,0.0,0.02246547,-1.904056,0.6469452,1.0,-0.9993037,0.0101661,0.03589927,0.0,0.00213039,0.9761413,-0.2171254,0.0,0.03725008,0.2168978,0.9754833,0.0,0.002407445,1.718078,-1.04531,1.0,1.0,0.06267785,0.1285107,0.2512664,0.9593488,-0.002113487,-0.007538376,-0.02206011,46.18889,2867.0,0.175,0.104
25.0,0.2742213,0.3026078,1.000103,-0.004790958,0.2167603,1.000081,0.1347141,0.2596836,1.000092,-0.9993029,0.002120411,0.03727185,0.0,0.01015448,0.9761813,0.2167184,0.0,0.03592455,-0.2169458,0.9755224,0.0,0.02253793,-1.903961,0.6472531,1.0,-0.999303,0.01015448,0.03592455,0.0,0.002120411,0.9761814,-0.2169458,0.0,0.03727185,0.2167184,0.9755224,0.0,0.002435076,1.71811,-1.045276,1.0,1.0,0.03629111,0.1284405,0.2508374,0.9594705,-0.002117226,-0.007541412,-0.02205913,46.2,2868.0,0.175,0.104
25.0,0.2736609,0.3026244,1.000093,-0.00421574,0.2166502,1.000055,0.1347206,0.2596365,1.000074,-0.9993023,0.002039773,0.03729854,0.0,0.01006459,0.976284,0.2162598,0.0,0.03597284,-0.2164842,0.9756234,0.0,0.0228494,-1.903648,0.6480374,1.0,-0.999302,0.01006459,0.03597283,0.0,0.002039775,0.976284,-0.2164842,0.0,0.03729852,0.2162597,0.975623,0.0,0.002545622,1.718127,-1.045172,1.0,1.0,0.1254331,0.1284503,0.2508037,0.959478,-0.002117226,-0.007544625,-0.0220553,46.22223,2869.0,0.175,0.104
1.0,-0.01707759,-0.1012685,1.000041,-0.282787,-0.1667899,1.00007,-0.1499308,-0.1340287,1.000055,-0.9999298,0.009204976,0.007478851,0.0,0.01063639,0.9749636,0.22211,0.0,0.00524709,-0.222174,0.974993,0.0,-0.01185566,-1.907593,0.6368623,1.0,-0.9999295,0.01063639,0.00524709,0.0,0.009204976,0.9749637,-0.2221739,0.0,0.007478851,0.22211,0.9749929,0.0,0.0009415215,1.718506,-1.044691,1.0,1.0,0.2382291,-0.1442719,-0.1208279,0.9821335,0.0003316738,-0.00818438,-0.02285938,60.34444,3761.0,-0.175,-0.246
1.0,-0.01753415,-0.1012174,1.000046,-0.2827201,-0.1681214,1.000096,-0.1501248,-0.1346686,1.000071,-0.9999336,0.008882538,0.007359387,0.0,0.01029683,0.9749089,0.2223658,0.0,0.005199559,-0.2224268,0.9749358,0.0,-0.01118712,-1.907716,0.6363456,1.0,-0.9999333,0.01029683,0.005199558,0.0,0.008882537,0.9749089,-0.2224267,0.0,0.007359384,0.2223658,0.9749354,0.0,0.001075866,1.718463,-1.044665,1.0,1.0,0.2382291,-0.1444424,-0.1214231,0.9820351,0.0003305133,-0.008190903,-0.0228437,60.35556,3762.0,-0.175,-0.246
1.0,-0.01764431,-0.1009631,1.00009,-0.2832263,-0.1675162,1.000137,-0.150433,-0.134239,1.000113,-0.9999354,0.008767241,0.007249605,0.0,0.01016132,0.9748527,0.2226183,0.0,0.00511555,-0.2226776,0.9748788,0.0,-0.01107309,-1.907841,0.6357905,1.0,-0.9999352,0.01016132,0.005115549,0.0,0.008767239,0.9748527,-0.2226776,0.0,0.007249605,0.2226183,0.9748787,0.0,0.001044896,1.718437,-1.044595,1.0,1.0,0.219415,-0.1447359,-0.1210018,0.9820439,0.0003301241,-0.00819854,-0.02282571,60.36667,3763.0,-0.175,-0.246
1.0,-0.01762394,-0.1018313,0.999953,-0.2831713,-0.1679036,0.9999304,-0.1503988,-0.1348679,0.9999416,-0.9999322,0.009021893,0.007376065,0.0,0.01043665,0.9748967,0.2224128,0.0,0.005184318,-0.2224747,0.9749248,0.0,-0.01139108,-1.907677,0.6361574,1.0,-0.9999321,0.01043665,0.005184317,0.0,0.009021893,0.9748968,-0.2224746,0.0,0.007376064,0.2224128,0.9749246,0.0,0.001128212,1.718418,-1.044556,1.0,1.0,0.238059,-0.1447196,-0.12161,0.9819711,0.0003299788,-0.008208526,-0.02280328,60.38889,3764.0,-0.175,-0.246
1.0,-0.01704867,-0.1025215,1.000012,-0.2822375,-0.166403,0.999992,-0.1496441,-0.1344625,1.000002,-0.9999317,0.009023238,0.007433389,0.0,0.01045031,0.9749138,0.2223373,0.0,0.005240711,-0.2223998,0.9749415,0.0,-0.01135901,-1.907629,0.6362835,1.0,-0.9999316,0.01045031,0.00524071,0.0,0.009023239,0.9749138,-0.2223998,0.0,0.007433388,0.2223373,0.9749415,0.0,0.001125021,1.718423,-1.044536,1.0,1.0,0.2207928,-0.1440097,-0.1212295,0.9821225,0.000329338,-0.008212715,-0.02279211,60.4,3765.0,-0.175,-0.246
1.0,-0.01707368,-0.1012754,1.000029,-0.2819213,-0.1657625,0.9999921,-0.1494993,-0.1335196,1.00001,-0.9999279,0.009249867,0.007673432,0.0,0.01072264,0.9749935,0.2219747,0.0,0.00542831,-0.2220409,0.9750224,0.0,-0.01163202,-1.907435,0.6369578,1.0,-0.9999277,0.01072264,0.005428309,0.0,0.009249866,0.9749935,-0.2220409,0.0,0.007673429,0.2219746,0.975022,0.0,0.001124685,1.718473,-1.044513,1.0,1.0,0.2270234,-0.1438915,-0.1203293,0.9822505,0.0003287196,-0.008225976,-0.02276525,60.42222,3766.0,-0.175,-0.246
1.0,-0.01748555,-0.1008439,1.000057,-0.280656,-0.1651635,1.000041,-0.1490716,-0.1330038,1.000049,-0.9999285,0.009140507,0.007724211,0.0,0.01062709,0.9750025,0.2219397,0.0,0.005502483,-0.2220059,0.9750299,0.0,-0.01158506,-1.90732,0.6369648,1.0,-0.9999283,0.01062709,0.005502482,0.0,0.009140507,0.9750024,-0.2220059,0.0,0.007724209,0.2219397,0.9750296,0.0,0.000929586,1.718397,-1.044432,1.0,1.0,0.2365004,-0.1434909,-0.1198398,0.9823689,0.0003270041,-0.008230965,-0.02276554,60.43333,3767.0,-0.175,-0.246
1.0,-0.01751768,-0.1016635,1.000003,-0.2804532,-0.1660156,0.9999925,-0.148986,-0.1338398,0.9999975,-0.9999291,0.00887098,0.007952742,0.0,0.01041692,0.9749315,0.2222612,0.0,0.005781704,-0.2223283,0.9749547,0.0,-0.01102998,-1.907497,0.6363046,1.0,-0.999929,0.01041692,0.005781704,0.0,0.008870979,0.9749315,-0.2223283,0.0,0.007952742,0.2222612,0.9749547,0.0,0.0008318065,1.718368,-1.044395,1.0,1.0,0.2578899,-0.1434047,-0.1206365,0.982284,0.0003266074,-0.008233749,-0.02275352,60.45556,3768.0,-0.175,-0.246
1.0,-0.0176292,-0.1012468,1.000061,-0.2804944,-0.1659405,1.000044,-0.1490626,-0.1335939,1.000053,-0.9999298,0.008700725,0.008056537,0.0,0.01027492,0.9748987,0.2224117,0.0,0.005919165,-0.2224788,0.9749196,0.0,-0.01065965,-1.907551,0.6359618,1.0,-0.9999296,0.01027491,0.005919164,0.0,0.008700723,0.9748986,-0.2224788,0.0,0.008056537,0.2224117,0.9749196,0.0,0.000814523,1.718333,-1.044338,1.0,1.0,0.2278038,-0.1434736,-0.120394,0.9823038,0.0003262945,-0.008236107,-0.02275054,60.46667,3769.0,-0.175,-0.246
1.0,-0.0176334,-0.1022364,1.000087,-0.2779967,-0.1638489,1.000031,-0.1478178,-0.1330435,1.000059,-0.9999269,0.00863752,0.008473043,0.0,0.01030831,0.9748159,0.2227727,0.0,0.006335455,-0.2228437,0.9748337,0.0,-0.01036151,-1.907723,0.6351559,1.0,-0.9999267,0.01030831,0.006335453,0.0,0.008637519,0.9748159,-0.2228437,0.0,0.008473041,0.2227726,0.9748335,0.0,0.0007355415,1.71829,-1.044229,1.0,1.0,0.2267422,-0.142312,-0.1198884,0.9825346,0.0003262786,-0.008242112,-0.02274008,60.48889,3770.0,-0.175,-0.246
1.0,-0.01786803,-0.1025226,1.000009,-0.2779607,-0.1642306,1.000035,-0.1479131,-0.1333762,1.000022,-0.9999272,0.008723909,0.008357827,0.0,0.01036645,0.9748297,0.2227099,0.0,0.006204557,-0.2227803,0.9748491,0.0,-0.01055727,-1.907721,0.6352661,1.0,-0.9999269,0.01036645,0.006204555,0.0,0.008723909,0.9748297,-0.2227802,0.0,0.008357826,0.2227098,0.9748488,0.0,0.0007768467,1.718333,-1.044226,1.0,1.0,0.2371904,-0.1424012,-0.1202028,0.9824832,0.0003257291,-0.00824553,-0.02273649,60.5,3771.0,-0.175,-0.246
1.0,-0.01743029,-0.1032332,1.000003,-0.2772647,-0.1645561,0.9999553,-0.1473498,-0.1338954,0.9999794,-0.9999272,0.008587108,0.008500633,0.0,0.01026378,0.97487,0.222538,0.0,0.006376053,-0.222609,0.974887,0.0,-0.01018635,-1.90757,0.6355771,1.0,-0.9999269,0.01026378,0.006376052,0.0,0.008587107,0.97487,-0.222609,0.0,0.00850063,0.222538,0.9748868,0.0,0.000792101,1.718298,-1.044193,1.0,1.0,0.2189296,-0.1418698,-0.1207096,0.9824979,0.0003251052,-0.008247093,-0.02272122,60.51111,3772.0,-0.175,-0.246
1.0,-0.01555811,-0.1035327,0.9999953,-0.2772614,-0.1641713,0.9999235,-0.1464133,-0.1338529,0.9999593,-0.9999223,0.008734453,0.008906636,0.0,0.01049302,0.9750255,0.2218448,0.0,0.006746505,-0.221921,0.9750415,0.0,-0.01016248,-1.907203,0.6368313,1.0,-0.9999221,0.01049302,0.006746504,0.0,0.008734452,0.9750255,-0.2219209,0.0,0.008906634,0.2218447,0.9750412,0.0,0.0008246534,1.7184,-1.044116,1.0,1.0,0.2408091,-0.1409941,-0.1206834,0.9826272,0.0003252188,-0.008252701,-0.02270255,60.53334,3773.0,-0.175,-0.246
1.0,-0.01723609,-0.1029095,0.9999787,-0.2779759,-0.1641261,0.9998976,-0.1476099,-0.1335188,0.9999382,-0.9999211,0.008632776,0.009124769,0.0,0.0104396,0.9751115,0.2214689,0.0,0.006985776,-0.2215467,0.9751247,0.0,-0.009818843,-1.906973,0.6375424,1.0,-0.9999211,0.0104396,0.006985776,0.0,0.008632776,0.9751115,-0.2215467,0.0,0.009124769,0.2214689,0.9751247,0.0,0.0008269754,1.718418,-1.044098,1.0,1.0,0.2418177,-0.1421299,-0.1203484,0.9825047,0.0003252337,-0.00825573,-0.02269699,60.54445,3774.0,-0.175,-0.246
1.0,-0.01798039,-0.1034733,1.000037,-0.27713,-0.1643754,0.9999856,-0.1475577,-0.1339249,1.000011,-0.9999195,0.008483091,0.009430526,0.0,0.01035862,0.9751955,0.2211028,0.0,0.007320972,-0.2211827,0.9752049,0.0,-0.009313756,-1.906719,0.6382068,1.0,-0.9999196,0.01035862,0.007320971,0.0,0.008483093,0.9751955,-0.2211827,0.0,0.009430527,0.2211028,0.9752049,0.0,0.0008432426,1.718411,-1.044047,1.0,1.0,0.2300425,-0.142065,-0.120725,0.9824678,0.0003251424,-0.008256058,-0.02269063,60.56667,3775.0,-0.175,-0.246
1.0,-0.01843228,-0.1029903,1.00005,-0.2779979,-0.1654649,1.000013,-0.1482168,-0.1342281,1.000031,-0.9999171,0.008545669,0.009626606,0.0,0.01046468,0.9751455,0.2213183,0.0,0.007496028,-0.2214007,0.9751542,0.0,-0.009198168,-1.906889,0.6377531,1.0,-0.9999171,0.01046468,0.007496027,0.0,0.008545668,0.9751455,-0.2214007,0.0,0.009626606,0.2213183,0.9751541,0.0,0.0009588388,1.718444,-1.044025,1.0,1.0,0.245522,-0.1426791,-0.1209987,0.9823451,0.0003261259,-0.008257538,-0.02268726,60.57778,3776.0,-0.175,-0.246
1.0,-0.01794603,-0.1031685,1.000082,-0.2779229,-0.1661878,1.000094,-0.1479339,-0.134678,1.000088,-0.9999142,0.00855052,0.009940485,0.0,0.01054486,0.9749753,0.2220628,0.0,0.007792977,-0.2221485,0.9749818,0.0,-0.009047737,-1.907258,0.6362104,1.0,-0.9999139,0.01054486,0.007792974,0.0,0.008550517,0.9749753,-0.2221485,0.0,0.009940483,0.2220627,0.9749816,0.0,0.0009368419,1.718346,-1.043917,1.0,1.0,0.2489045,-0.1423988,-0.1214214,0.9823336,0.0003270637,-0.008258759,-0.02268559,60.6,3777.0,-0.175,-0.246
