flag,xl,yl,zl,xr,yr,zr,xc,yc,zc,mat_00,mat_10,mat_20,mat_30,mat_01,mat_11,mat_21,mat_31,mat_02,mat_12,mat_22,mat_32,mat_03,mat_13,mat_23,mat_33,ctw_00,ctw_10,ctw_20,ctw_30,ctw_01,ctw_11,ctw_21,ctw_31,ctw_02,ctw_12,ctw_22,ctw_32,ctw_03,ctw_13,ctw_23,ctw_33,opennessl,opennessr,ray_x,ray_y,ray_z,eye_x,eye_y,eye_z,time,frame,u,v
6.0,-0.1021628,-0.1668616,1.000071,-0.2307146,-0.1437133,1.000062,-0.1664389,-0.1552873,1.000066,-0.9622445,-0.05524702,0.2665211,0.0,-0.0434191,0.9978013,0.05007394,0.0,0.2687015,-0.03661126,0.9625275,0.0,-0.1241671,-1.805833,0.9437381,1.0,-0.9622443,-0.04341909,0.2687015,0.0,-0.05524701,0.9978012,-0.03661126,0.0,0.2665211,0.05007393,0.9625275,0.0,-0.4707721,1.749215,-0.9411239,1.0,1.0,1.0,-0.161297,-0.1425629,0.9765547,0.002260552,-0.006182282,-0.02130626,39.6,2461.0,-0.175,-0.15849999999999997
6.0,-0.1037252,-0.1663121,1.000107,-0.2338307,-0.1430666,1.000072,-0.1687785,-0.1546891,1.000089,-0.9622135,-0.0552073,0.2666413,0.0,-0.04320157,0.9977797,0.05068832,0.0,0.2688476,-0.03725366,0.9624621,0.0,-0.1244035,-1.80637,0.942637,1.0,-0.9622132,-0.04320157,0.2688476,0.0,-0.0552073,0.9977798,-0.03725366,0.0,0.2666413,0.05068832,0.9624619,0.0,-0.4707734,1.749204,-0.9411005,1.0,1.0,1.0,-0.1634853,-0.1419532,0.9762796,0.002261422,-0.006176125,-0.02130466,39.61111,2462.0,-0.175,-0.15849999999999997
6.0,-0.1051662,-0.165446,1.000106,-0.2359965,-0.1428148,1.000092,-0.1705816,-0.1541303,1.000099,-0.9622259,-0.05510584,0.2666171,0.0,-0.04293671,0.9977617,0.05126338,0.0,0.2688452,-0.0378793,0.9624383,0.0,-0.1248985,-1.806842,0.9415861,1.0,-0.9622259,-0.04293671,0.2688452,0.0,-0.05510584,0.9977618,-0.0378793,0.0,0.266617,0.05126338,0.9624383,0.0,-0.4707911,1.749167,-0.9410821,1.0,1.0,1.0,-0.1651732,-0.1413892,0.9760773,0.002261636,-0.006175499,-0.02130466,39.62222,2463.0,-0.175,-0.15849999999999997
6.0,-0.1056204,-0.165136,1.000038,-0.2365461,-0.1428033,1.000013,-0.1710837,-0.1539694,1.000026,-0.9622399,-0.05486395,0.2666174,0.0,-0.04240388,0.9977322,0.05227279,0.0,0.2688806,-0.03899334,0.9623841,0.0,-0.125788,-1.807625,0.9398121,1.0,-0.9622394,-0.04240387,0.2688805,0.0,-0.05486394,0.9977322,-0.03899333,0.0,0.2666172,0.05227278,0.9623837,0.0,-0.4707817,1.749066,-0.9411232,1.0,1.0,1.0,-0.1656561,-0.1412367,0.9760175,0.002263558,-0.006175499,-0.0213075,39.64444,2464.0,-0.175,-0.15849999999999997
6.0,-0.1055452,-0.1640477,1.000062,-0.2354102,-0.1426169,1.00006,-0.1704777,-0.1533323,1.000061,-0.9622716,-0.0548843,0.2664986,0.0,-0.04225797,0.9977059,0.05288868,0.0,0.2687899,-0.03963158,0.9623834,0.0,-0.1260985,-1.808164,0.9387283,1.0,-0.9622713,-0.04225797,0.2687898,0.0,-0.05488429,0.9977059,-0.03963156,0.0,0.2664984,0.05288867,0.9623829,0.0,-0.4707504,1.74904,-0.9411824,1.0,1.0,1.0,-0.1651077,-0.1406477,0.9761955,0.002270455,-0.006176209,-0.02130967,39.65556,2465.0,-0.175,-0.15849999999999997
6.0,-0.1055388,-0.1638356,1.000056,-0.2367827,-0.1433094,1.000089,-0.1711602,-0.1535727,1.000072,-0.9624646,-0.05475071,0.2658281,0.0,-0.0419133,0.9976754,0.05373163,0.0,0.268152,-0.04057305,0.962522,0.0,-0.1273369,-1.808833,0.9371553,1.0,-0.9624643,-0.0419133,0.2681519,0.0,-0.0547507,0.9976753,-0.04057304,0.0,0.265828,0.05373161,0.9625216,0.0,-0.4707142,1.748936,-0.9412765,1.0,1.0,1.0,-0.1657374,-0.1408558,0.9760588,0.002273453,-0.00617643,-0.02131094,39.67778,2466.0,-0.175,-0.15849999999999997
6.0,-0.1055808,-0.1634355,1.000101,-0.2370982,-0.1433031,1.000114,-0.1713393,-0.1533694,1.000108,-0.9625157,-0.05484115,0.2656241,0.0,-0.04186324,0.9976478,0.0542802,0.0,0.2679761,-0.04112566,0.9625475,0.0,-0.1275287,-1.809315,0.9361333,1.0,-0.9625155,-0.04186324,0.267976,0.0,-0.05484115,0.9976478,-0.04112566,0.0,0.2656241,0.0542802,0.9625474,0.0,-0.4706328,1.748907,-0.9413072,1.0,1.0,1.0,-0.1659064,-0.1406563,0.9760589,0.002277436,-0.00617643,-0.02131314,39.68889,2467.0,-0.175,-0.15849999999999997
6.0,-0.1055775,-0.1634011,1.000086,-0.2371142,-0.1433705,1.000125,-0.1713451,-0.1533862,1.000106,-0.9626263,-0.05467481,0.2652579,0.0,-0.04159808,0.9976375,0.05467226,0.0,0.2676204,-0.04159473,0.9626265,0.0,-0.128354,-1.809614,0.9353683,1.0,-0.9626258,-0.04159807,0.2676203,0.0,-0.05467479,0.9976374,-0.04159472,0.0,0.2652577,0.05467224,0.962626,0.0,-0.4706108,1.748861,-0.9413302,1.0,1.0,1.0,-0.165915,-0.1406722,0.9760551,0.002280739,-0.00617643,-0.02131335,39.7,2468.0,-0.175,-0.15849999999999997
6.0,-0.1058289,-0.1633019,1.000043,-0.2367089,-0.1434717,1.000109,-0.1712677,-0.1533872,1.000076,-0.9628644,-0.05455942,0.2644159,0.0,-0.04136965,0.9976178,0.05520126,0.0,0.2667977,-0.04221253,0.9628278,0.0,-0.1296177,-1.810053,0.9343344,1.0,-0.962864,-0.04136965,0.2667976,0.0,-0.0545594,0.9976178,-0.04221252,0.0,0.2644157,0.05520125,0.9628274,0.0,-0.4706123,1.748803,-0.941428,1.0,1.0,1.0,-0.1658493,-0.1406788,0.9760653,0.002282754,-0.006176133,-0.02131408,39.72222,2469.0,-0.175,-0.15849999999999997
6.0,-0.1056932,-0.1637545,1.00004,-0.2363306,-0.1431983,1.000096,-0.1710109,-0.1534768,1.000068,-0.9629846,-0.05448506,0.2639925,0.0,-0.04130789,0.9976196,0.05521558,0.0,0.2663726,-0.04226677,0.962943,0.0,-0.1301504,-1.810053,0.9342308,1.0,-0.9629846,-0.04130789,0.2663726,0.0,-0.05448506,0.9976197,-0.04226678,0.0,0.2639925,0.05521558,0.962943,0.0,-0.4705837,1.748784,-0.9414476,1.0,1.0,1.0,-0.16561,-0.1407706,0.9760927,0.002283143,-0.006174454,-0.02131352,39.73333,2470.0,-0.175,-0.15849999999999997
6.0,-0.1058669,-0.1642231,1.000072,-0.2363024,-0.1443534,1.000135,-0.1710836,-0.1542883,1.000104,-0.9632434,-0.05395195,0.2631571,0.0,-0.040778,0.9976382,0.05527269,0.0,0.2655177,-0.04251003,0.9631685,0.0,-0.1319269,-1.81003,0.9339398,1.0,-0.9632431,-0.040778,0.2655176,0.0,-0.05395195,0.9976383,-0.04251003,0.0,0.263157,0.05527269,0.9631683,0.0,-0.4705051,1.748754,-0.9414567,1.0,1.0,1.0,-0.1656545,-0.1415333,0.9759748,0.002283303,-0.006166313,-0.02131135,39.75556,2471.0,-0.175,-0.15849999999999997
6.0,-0.1062298,-0.1638799,1.000046,-0.2350724,-0.1439889,1.000118,-0.1706499,-0.1539346,1.000082,-0.9634039,-0.05366302,0.2626272,0.0,-0.04051085,0.9976507,0.05524422,0.0,0.2649748,-0.04258326,0.9633147,0.0,-0.1329214,-1.809991,0.9338892,1.0,-0.9634039,-0.04051084,0.2649747,0.0,-0.05366302,0.9976507,-0.04258325,0.0,0.2626272,0.05524421,0.9633145,0.0,-0.4704512,1.748762,-0.9414834,1.0,1.0,1.0,-0.1652627,-0.141219,0.9760869,0.002283303,-0.006161301,-0.02131008,39.76667,2472.0,-0.175,-0.15849999999999997
6.0,-0.1066158,-0.1647392,1.000005,-0.2349487,-0.1442656,1.000045,-0.1707816,-0.1545025,1.000026,-0.9636178,-0.05362034,0.2618512,0.0,-0.0404921,0.9976494,0.05528105,0.0,0.2641999,-0.04266689,0.9635239,0.0,-0.133845,-1.810049,0.9336677,1.0,-0.9636173,-0.04049209,0.2641998,0.0,-0.05362033,0.9976494,-0.04266689,0.0,0.2618511,0.05528104,0.9635236,0.0,-0.4705127,1.748761,-0.9414783,1.0,1.0,1.0,-0.1653802,-0.1417599,0.9759884,0.002282608,-0.006156174,-0.02131068,39.78889,2473.0,-0.175,-0.15849999999999997
6.0,-0.1058939,-0.1648318,1.000039,-0.2356457,-0.1442523,1.000096,-0.1707689,-0.1545423,1.000067,-0.9637185,-0.05371825,0.2614594,0.0,-0.04065732,0.997652,0.05511338,0.0,0.2638061,-0.04248354,0.9636397,0.0,-0.1339768,-1.809958,0.9338659,1.0,-0.9637184,-0.04065732,0.2638061,0.0,-0.05371825,0.9976521,-0.04248354,0.0,0.2614594,0.05511338,0.9636397,0.0,-0.4705117,1.748793,-0.9414598,1.0,1.0,1.0,-0.1653587,-0.1417999,0.9759863,0.002279914,-0.006148224,-0.02130836,39.8,2474.0,-0.175,-0.15849999999999997
6.0,-0.1073181,-0.1631025,0.9999668,-0.2350461,-0.1442083,1.000002,-0.1711815,-0.1536555,0.9999846,-0.9637417,-0.05449113,0.261214,0.0,-0.04150251,0.997624,0.05498923,0.0,0.2635898,-0.04215438,0.9637134,0.0,-0.1329162,-1.810011,0.9340795,1.0,-0.9637416,-0.04150252,0.2635898,0.0,-0.05449113,0.9976242,-0.04215437,0.0,0.261214,0.05498924,0.9637133,0.0,-0.4707209,1.74883,-0.9414494,1.0,1.0,1.0,-0.1657687,-0.1409735,0.9760365,0.002273392,-0.006145562,-0.02130779,39.81111,2475.0,-0.175,-0.15849999999999997
6.0,-0.1068459,-0.162977,0.9999592,-0.2352224,-0.1444089,1.000019,-0.1710332,-0.1536931,0.9999892,-0.9638712,-0.0549803,0.2606328,0.0,-0.04221409,0.9976301,0.05433334,0.0,0.2630024,-0.04136797,0.963908,0.0,-0.1324491,-1.809582,0.9351622,1.0,-0.9638712,-0.04221409,0.2630024,0.0,-0.05498029,0.9976301,-0.04136796,0.0,0.2606328,0.05433334,0.9639078,0.0,-0.4708892,1.748892,-0.9414344,1.0,1.0,1.0,-0.1656273,-0.1410121,0.976055,0.002271065,-0.006145172,-0.02130708,39.83334,2476.0,-0.175,-0.15849999999999997
6.0,-0.1064738,-0.1627626,0.9999938,-0.2355239,-0.1444483,1.000013,-0.1709985,-0.1536058,1.000003,-0.9639074,-0.05471479,0.2605551,0.0,-0.04203534,0.9976561,0.05399385,0.0,0.2628987,-0.04109254,0.963948,0.0,-0.1328662,-1.809321,0.9357195,1.0,-0.9639073,-0.04203533,0.2628987,0.0,-0.05471479,0.9976561,-0.04109254,0.0,0.2605551,0.05399385,0.963948,0.0,-0.4708739,1.748972,-0.9414042,1.0,1.0,1.0,-0.1655941,-0.1409294,0.9760724,0.002270294,-0.006145004,-0.02130794,39.84444,2477.0,-0.175,-0.15849999999999997
6.0,-0.1043216,-0.163165,1.000061,-0.2362409,-0.1443942,1.000069,-0.1702811,-0.1537796,1.000065,-0.9639369,-0.05430964,0.2605304,0.0,-0.04170879,0.9976879,0.05365756,0.0,0.2628422,-0.04085609,0.9639735,0.0,-0.133461,-1.809013,0.9362898,1.0,-0.9639369,-0.04170879,0.2628421,0.0,-0.05430963,0.9976879,-0.04085609,0.0,0.2605304,0.05365755,0.9639733,0.0,-0.4708268,1.749025,-0.9413885,1.0,1.0,1.0,-0.1649101,-0.1411016,0.9761634,0.002266357,-0.006143334,-0.02130759,39.86667,2478.0,-0.175,-0.15849999999999997
6.0,-0.1043581,-0.1633397,0.9999205,-0.2359538,-0.1439282,0.9999188,-0.170156,-0.153634,0.9999197,-0.9639342,-0.05426741,0.2605501,0.0,-0.04167599,0.9976916,0.05361442,0.0,0.2628582,-0.04082208,0.9639707,0.0,-0.133485,-1.808964,0.9364426,1.0,-0.9639339,-0.04167598,0.2628581,0.0,-0.0542674,0.9976916,-0.04082207,0.0,0.26055,0.05361441,0.9639704,0.0,-0.4708286,1.749018,-0.941461,1.0,1.0,1.0,-0.1648145,-0.1409859,0.9761962,0.002261193,-0.006144997,-0.02130857,39.87778,2479.0,-0.175,-0.15849999999999997
6.0,-0.1031587,-0.1635999,0.9999595,-0.2372021,-0.1436938,0.9999824,-0.17018,-0.1536471,0.9999709,-0.9639724,-0.05406458,0.2604505,0.0,-0.04155892,0.9977139,0.05328975,0.0,0.2627361,-0.04054581,0.9640155,0.0,-0.133927,-1.808627,0.9370292,1.0,-0.9639721,-0.04155891,0.2627361,0.0,-0.05406457,0.9977139,-0.0405458,0.0,0.2604504,0.05328975,0.9640155,0.0,-0.4709342,1.748992,-0.9414554,1.0,1.0,1.0,-0.1648238,-0.1409899,0.9761941,0.002256409,-0.006145653,-0.02131088,39.9,2480.0,-0.175,-0.15849999999999997
6.0,-0.1030044,-0.1634919,0.9999029,-0.2381251,-0.1447402,0.9999101,-0.1705646,-0.154116,0.9999064,-0.96398,-0.0538883,0.2604588,0.0,-0.04146207,0.9977347,0.05297429,0.0,0.2627235,-0.04026699,0.9640306,0.0,-0.1341053,-1.808363,0.9376457,1.0,-0.9639798,-0.04146207,0.2627234,0.0,-0.05388829,0.9977347,-0.04026699,0.0,0.2604587,0.05297429,0.9640305,0.0,-0.4709424,1.749035,-0.9415038,1.0,1.0,1.0,-0.165178,-0.1414276,0.976071,0.002253541,-0.006146653,-0.02131181,39.91111,2481.0,-0.175,-0.15849999999999997
6.0,-0.1025351,-0.1631578,0.9999596,-0.2384326,-0.1451803,0.9999592,-0.1704838,-0.1541692,0.9999595,-0.9639814,-0.05380496,0.260471,0.0,-0.04139043,0.9977407,0.05291874,0.0,0.2627298,-0.04023167,0.9640304,0.0,-0.1342389,-1.808291,0.9377787,1.0,-0.9639812,-0.04139042,0.2627298,0.0,-0.05380496,0.9977407,-0.04023167,0.0,0.260471,0.05291874,0.9640303,0.0,-0.4709629,1.749024,-0.9415291,1.0,1.0,1.0,-0.1650932,-0.1414676,0.9760795,0.002252526,-0.006152283,-0.02131001,39.92222,2482.0,-0.175,-0.15849999999999997
6.0,-0.1017754,-0.1613848,0.9999908,-0.2383043,-0.142571,1.000015,-0.1700394,-0.1519779,1.000003,-0.9640765,-0.05365083,0.2601506,0.0,-0.04122848,0.9977442,0.05297856,0.0,0.2624061,-0.04034977,0.9641136,0.0,-0.1349236,-1.808296,0.9376854,1.0,-0.9640762,-0.04122847,0.262406,0.0,-0.05365082,0.9977441,-0.04034976,0.0,0.2601506,0.05297856,0.9641135,0.0,-0.4710326,1.748976,-0.9415947,1.0,1.0,1.0,-0.1647216,-0.1394057,0.9764388,0.002252114,-0.006165932,-0.02131004,39.94445,2483.0,-0.175,-0.15849999999999997
6.0,-0.1017785,-0.1614702,0.9999983,-0.237707,-0.1422131,0.9999996,-0.1697427,-0.1518416,0.999999,-0.9640877,-0.05362601,0.2601144,0.0,-0.04116812,0.9977396,0.05311173,0.0,0.2623746,-0.04049594,0.9641162,0.0,-0.1350094,-1.808417,0.9374647,1.0,-0.9640874,-0.04116811,0.2623745,0.0,-0.053626,0.9977396,-0.04049593,0.0,0.2601143,0.05311171,0.9641157,0.0,-0.470987,1.748981,-0.941635,1.0,1.0,1.0,-0.1644491,-0.1392828,0.9765022,0.002252114,-0.006167824,-0.02131004,39.95555,2484.0,-0.175,-0.15849999999999997
6.0,-0.1018747,-0.1621912,1.000015,-0.2376927,-0.1426097,1.000034,-0.1697833,-0.1524003,1.000025,-0.9641995,-0.05364483,0.2596952,0.0,-0.04111362,0.9977238,0.05345109,0.0,0.2619714,-0.0408605,0.9642103,0.0,-0.1355248,-1.808696,0.9368083,1.0,-0.9641995,-0.04111361,0.2619714,0.0,-0.05364482,0.9977236,-0.0408605,0.0,0.2596951,0.05345108,0.9642102,0.0,-0.4709847,1.748934,-0.9416807,1.0,1.0,1.0,-0.1644706,-0.1398014,0.9764246,0.002252114,-0.006169091,-0.02131223,39.97778,2485.0,-0.175,-0.15849999999999997
6.0,-0.1015362,-0.1620921,1.000032,-0.2382815,-0.1432366,1.000049,-0.1699085,-0.1526642,1.000041,-0.9642428,-0.05366415,0.2595305,0.0,-0.04108045,0.9977131,0.05367349,0.0,0.2618174,-0.04109264,0.9642423,0.0,-0.1356084,-1.808947,0.9363936,1.0,-0.9642427,-0.04108044,0.2618173,0.0,-0.05366415,0.9977132,-0.04109264,0.0,0.2595305,0.05367349,0.9642422,0.0,-0.4708577,1.74898,-0.94174,1.0,1.0,1.0,-0.1645786,-0.1400407,0.9763721,0.002252617,-0.006171585,-0.02131395,39.98889,2486.0,-0.175,-0.15849999999999997
6.0,-0.1015359,-0.1621711,1.000015,-0.2387995,-0.1431855,1.000056,-0.1701669,-0.1526785,1.000036,-0.9643154,-0.05376305,0.2592398,0.0,-0.04119389,0.9977081,0.05367977,0.0,0.2615316,-0.04108514,0.9643201,0.0,-0.1357307,-1.808954,0.9363373,1.0,-0.9643155,-0.04119389,0.2615317,0.0,-0.05376305,0.9977082,-0.04108514,0.0,0.2592398,0.05367978,0.9643201,0.0,-0.470878,1.748954,-0.9417521,1.0,1.0,1.0,-0.1648197,-0.1400494,0.9763302,0.002252785,-0.006171585,-0.02131502,40.0,2487.0,-0.175,-0.15849999999999997
6.0,-0.1015313,-0.1618794,1.000027,-0.2380016,-0.1429155,1.000038,-0.1697663,-0.1523976,1.000032,-0.9643317,-0.0536262,0.2592082,0.0,-0.04101231,0.9977074,0.05383238,0.0,0.2615007,-0.04128154,0.9643203,0.0,-0.1358229,-1.808989,0.9359863,1.0,-0.9643314,-0.04101231,0.2615006,0.0,-0.05362619,0.9977074,-0.04128153,0.0,0.2592081,0.05383236,0.9643199,0.0,-0.4706027,1.748885,-0.9417502,1.0,1.0,1.0,-0.1644538,-0.1397958,0.9764283,0.002252785,-0.006171265,-0.02131487,40.02222,2488.0,-0.175,-0.15849999999999997
6.0,-0.09980941,-0.1626335,0.9999859,-0.2381156,-0.1423269,1.000018,-0.1689619,-0.1524803,1.000002,-0.9643943,-0.05339571,0.2590221,0.0,-0.04084046,0.9977261,0.05361697,0.0,0.2612961,-0.04112932,0.9643821,0.0,-0.1363104,-1.808809,0.9363345,1.0,-0.9643943,-0.04084046,0.2612961,0.0,-0.05339571,0.9977261,-0.04112932,0.0,0.2590221,0.05361697,0.9643821,0.0,-0.470571,1.748926,-0.9417619,1.0,1.0,1.0,-0.1637083,-0.1398972,0.976539,0.002252602,-0.006169251,-0.02131346,40.03333,2489.0,-0.175,-0.15849999999999997
6.0,-0.09978512,-0.1634493,0.9999177,-0.2338328,-0.1424817,0.999939,-0.1668086,-0.1529657,0.9999282,-0.9644452,-0.05359777,0.2587915,0.0,-0.04124492,0.9977459,0.05293259,0.0,0.2610453,-0.04037674,0.9644819,0.0,-0.1358528,-1.808304,0.9375557,1.0,-0.9644448,-0.04124491,0.2610452,0.0,-0.05359777,0.997746,-0.04037675,0.0,0.2587915,0.05293259,0.9644817,0.0,-0.470575,1.748998,-0.941805,1.0,1.0,1.0,-0.1617041,-0.1404109,0.9767991,0.002252526,-0.006166924,-0.02131301,40.05556,2490.0,-0.175,-0.15849999999999997
6.0,-0.09943134,-0.1639661,0.9998564,-0.2342935,-0.1422352,0.9998456,-0.1668626,-0.1531006,0.999851,-0.9643822,-0.05382764,0.2589782,0.0,-0.04161511,0.997758,0.052414,0.0,0.2612189,-0.03976972,0.96446,0.0,-0.1352404,-1.807838,0.9385714,1.0,-0.9643821,-0.04161512,0.2612189,0.0,-0.05382764,0.997758,-0.03976972,0.0,0.2589782,0.05241399,0.9644599,0.0,-0.4708045,1.748963,-0.9417843,1.0,1.0,1.0,-0.1617621,-0.1405493,0.9767696,0.002251084,-0.006163834,-0.02131116,40.06667,2491.0,-0.175,-0.15849999999999997
6.0,-0.09910503,-0.1633804,0.9999145,-0.237218,-0.1419603,0.9999007,-0.1681618,-0.1526704,0.9999077,-0.9643235,-0.05407282,0.2591456,0.0,-0.04195501,0.9977618,0.05206954,0.0,0.2613811,-0.03933942,0.9644338,0.0,-0.1345093,-1.807607,0.939241,1.0,-0.9643233,-0.04195501,0.2613811,0.0,-0.05407281,0.9977617,-0.03933943,0.0,0.2591456,0.05206954,0.9644336,0.0,-0.470853,1.749012,-0.9417875,1.0,1.0,1.0,-0.1629718,-0.1401113,0.9766314,0.002250436,-0.006162377,-0.02131172,40.07778,2492.0,-0.175,-0.15849999999999997
6.0,-0.09930485,-0.162317,0.9999676,-0.2349393,-0.1416946,0.9999669,-0.1671221,-0.1520057,0.9999672,-0.9642688,-0.05424833,0.2593125,0.0,-0.04218529,0.9977627,0.05186408,0.0,0.2615459,-0.03907174,0.9644001,0.0,-0.1340966,-1.807566,0.9397286,1.0,-0.9642686,-0.04218528,0.2615459,0.0,-0.05424833,0.9977628,-0.03907173,0.0,0.2593125,0.05186408,0.9643998,0.0,-0.4710459,1.749127,-0.9418263,1.0,1.0,1.0,-0.162007,-0.1395052,0.9768788,0.002248031,-0.006160729,-0.02131103,40.1,2493.0,-0.175,-0.15849999999999997
6.0,-0.09884523,-0.1628373,0.9999503,-0.2361027,-0.1427256,0.9999405,-0.1674742,-0.1527813,0.9999454,-0.9642411,-0.05409374,0.2594472,0.0,-0.04210937,0.9977831,0.05153352,0.0,0.2616597,-0.03876559,0.9643815,0.0,-0.1341081,-1.80722,0.9403359,1.0,-0.9642412,-0.04210938,0.2616596,0.0,-0.05409373,0.9977831,-0.03876558,0.0,0.2594471,0.05153352,0.9643813,0.0,-0.4710393,1.749107,-0.9418096,1.0,1.0,1.0,-0.1623169,-0.1402327,0.9767231,0.002244392,-0.006154381,-0.02131763,40.11111,2494.0,-0.175,-0.15849999999999997
6.0,-0.09878285,-0.1623267,0.999912,-0.236596,-0.1427293,0.9998696,-0.1676902,-0.1525278,0.9998909,-0.9640795,-0.0541081,0.2600446,0.0,-0.04219937,0.9977982,0.05116592,0.0,0.2622406,-0.03835429,0.9642402,0.0,-0.1335252,-1.806861,0.9411046,1.0,-0.9640793,-0.04219937,0.2622405,0.0,-0.05410809,0.9977981,-0.03835428,0.0,0.2600445,0.05116591,0.9642398,0.0,-0.4712238,1.749096,-0.9417357,1.0,1.0,1.0,-0.1625283,-0.1399971,0.9767218,0.002240813,-0.006154381,-0.021319,40.13334,2495.0,-0.175,-0.15849999999999997
6.0,-0.09794524,-0.1622665,0.999938,-0.2369564,-0.1434272,0.9998925,-0.1674517,-0.1528465,0.9999152,-0.9639835,-0.0542388,0.2603734,0.0,-0.04233668,0.9977953,0.05110877,0.0,0.2625714,-0.03824466,0.9641545,0.0,-0.1329698,-1.806902,0.9412965,1.0,-0.9639831,-0.04233668,0.2625713,0.0,-0.05423879,0.9977953,-0.03824465,0.0,0.2603733,0.05110876,0.9641542,0.0,-0.4712733,1.749181,-0.9417453,1.0,1.0,1.0,-0.1622943,-0.1402978,0.9767175,0.002239776,-0.006154381,-0.02131962,40.14444,2496.0,-0.175,-0.15849999999999997
6.0,-0.09562393,-0.161959,0.9999248,-0.2369159,-0.1434698,0.9998473,-0.1662715,-0.152714,0.9998861,-0.9637377,-0.05490552,0.2611422,0.0,-0.04299875,0.9977676,0.05109645,0.0,0.2633648,-0.03801478,0.9639472,0.0,-0.1311105,-1.806933,0.9415472,1.0,-0.9637375,-0.04299875,0.2633646,0.0,-0.05490551,0.9977676,-0.03801478,0.0,0.2611422,0.05109644,0.9639469,0.0,-0.4714444,1.749152,-0.9417617,1.0,1.0,1.0,-0.1612036,-0.1402026,0.9769117,0.00224224,-0.006153855,-0.02132626,40.16667,2497.0,-0.175,-0.15849999999999997
6.0,-0.09537265,-0.1623777,0.999911,-0.2364792,-0.1432999,0.9998596,-0.1659269,-0.1528386,0.9998853,-0.9636329,-0.05505282,0.261498,0.0,-0.04313863,0.997762,0.05108956,0.0,0.2637254,-0.03795091,0.9638511,0.0,-0.1305558,-1.806907,0.941687,1.0,-0.9636325,-0.04313862,0.2637253,0.0,-0.05505281,0.997762,-0.03795091,0.0,0.2614979,0.05108956,0.9638509,0.0,-0.4715323,1.749121,-0.9417887,1.0,1.0,1.0,-0.1608793,-0.140324,0.9769478,0.002242363,-0.00615612,-0.02133187,40.17778,2498.0,-0.175,-0.15849999999999997
6.0,-0.09526962,-0.1613827,0.9998829,-0.2364811,-0.1442437,0.9998186,-0.1658766,-0.152813,0.9998509,-0.9635003,-0.05519655,0.2619564,0.0,-0.0432944,0.99776,0.0509961,0.0,0.2641844,-0.0377935,0.9637316,0.0,-0.1299156,-1.806817,0.9420086,1.0,-0.9634998,-0.04329439,0.2641843,0.0,-0.05519653,0.99776,-0.03779349,0.0,0.2619562,0.05099609,0.9637313,0.0,-0.4716687,1.749106,-0.9418074,1.0,1.0,1.0,-0.1608383,-0.140303,0.9769576,0.002242676,-0.006158913,-0.02133447,40.18889,2499.0,-0.175,-0.15849999999999997
6.0,-0.094886,-0.1622911,0.9999009,-0.2360448,-0.1443395,0.999889,-0.1654657,-0.1533154,0.9998949,-0.9633728,-0.05544421,0.2623715,0.0,-0.04354702,0.9977514,0.05094883,0.0,0.2646064,-0.03765722,0.963621,0.0,-0.1293831,-1.806831,0.9422529,1.0,-0.9633728,-0.04354703,0.2646063,0.0,-0.05544422,0.9977515,-0.03765722,0.0,0.2623715,0.05094883,0.9636209,0.0,-0.4720428,1.749127,-0.9417792,1.0,1.0,1.0,-0.1604386,-0.1407762,0.9769552,0.002243889,-0.006159195,-0.0213353,40.21111,2500.0,-0.175,-0.15849999999999997
6.0,-0.09482941,-0.1621578,0.9998728,-0.2353163,-0.1433062,0.9998287,-0.1650738,-0.1527318,0.9998507,-0.9632722,-0.05547215,0.2627353,0.0,-0.04364803,0.997763,0.05063324,0.0,0.2649563,-0.03730571,0.9635386,0.0,-0.1289184,-1.806513,0.9429387,1.0,-0.9632719,-0.04364803,0.2649562,0.0,-0.05547214,0.9977631,-0.03730571,0.0,0.2627352,0.05063323,0.9635384,0.0,-0.4721378,1.749101,-0.9417932,1.0,1.0,1.0,-0.1600948,-0.1402394,0.9770889,0.002246308,-0.006163415,-0.02133682,40.22222,2501.0,-0.175,-0.15849999999999997
6.0,-0.0946044,-0.1617478,0.9999524,-0.2346625,-0.1427479,0.9998964,-0.1646345,-0.1522478,0.9999243,-0.9630603,-0.05600622,0.2633983,0.0,-0.04413465,0.9977342,0.05077863,0.0,0.2656454,-0.03727788,0.9633501,0.0,-0.1273709,-1.806765,0.942856,1.0,-0.9630599,-0.04413465,0.2656453,0.0,-0.05600622,0.9977343,-0.03727788,0.0,0.2633982,0.05077863,0.9633496,0.0,-0.4722024,1.749173,-0.9418168,1.0,1.0,1.0,-0.1596874,-0.1397818,0.977221,0.002249855,-0.006166436,-0.02133988,40.24445,2502.0,-0.175,-0.15849999999999997
6.0,-0.09421876,-0.1618406,0.9999802,-0.2342368,-0.1435561,0.9999305,-0.1642288,-0.1526981,0.9999552,-0.9629405,-0.05646281,0.2637384,0.0,-0.04458624,0.9977127,0.05080706,0.0,0.2660039,-0.03716506,0.9632555,0.0,-0.126286,-1.806875,0.942867,1.0,-0.9629401,-0.04458624,0.2660038,0.0,-0.05646279,0.9977127,-0.03716505,0.0,0.2637382,0.05080704,0.963255,0.0,-0.4722972,1.749208,-0.9417815,1.0,1.0,1.0,-0.159297,-0.1402087,0.9772236,0.002252411,-0.006166573,-0.02134113,40.25556,2503.0,-0.175,-0.15849999999999997
6.0,-0.09609118,-0.1616707,1.000013,-0.2330332,-0.143177,0.9999861,-0.1645626,-0.1524238,0.9999995,-0.9628851,-0.05660828,0.2639086,0.0,-0.04470039,0.9977021,0.05091483,0.0,0.2661844,-0.03722832,0.963203,0.0,-0.1258559,-1.806969,0.9426954,1.0,-0.9628851,-0.04470039,0.2661844,0.0,-0.05660828,0.9977021,-0.03722832,0.0,0.2639086,0.05091484,0.963203,0.0,-0.4722596,1.749194,-0.9417765,1.0,1.0,1.0,-0.1596113,-0.139937,0.9772112,0.002256439,-0.006167885,-0.0213422,40.26667,2504.0,-0.175,-0.15849999999999997
6.0,-0.09558368,-0.1607147,0.9999907,-0.2329412,-0.1427935,0.9999195,-0.1642638,-0.1517537,0.9999551,-0.962628,-0.05736301,0.2646831,0.0,-0.04539729,0.9976606,0.05111066,0.0,0.2669958,-0.03718464,0.9629802,0.0,-0.1237559,-1.807236,0.9425005,1.0,-0.9626277,-0.04539728,0.2669957,0.0,-0.05736301,0.9976606,-0.03718464,0.0,0.2646831,0.05111065,0.96298,0.0,-0.4722632,1.749218,-0.9417682,1.0,1.0,1.0,-0.1593551,-0.139319,0.9773414,0.002258323,-0.006168961,-0.02134281,40.28889,2505.0,-0.175,-0.15849999999999997
6.0,-0.09609425,-0.16059,0.9999595,-0.2332574,-0.1428666,0.9999245,-0.1646765,-0.1517282,0.999942,-0.96255,-0.05745979,0.2649454,0.0,-0.0455106,0.9976598,0.05102601,0.0,0.2672573,-0.03705725,0.9629126,0.0,-0.1233376,-1.807168,0.9427084,1.0,-0.9625498,-0.04551059,0.2672572,0.0,-0.05745979,0.9976598,-0.03705725,0.0,0.2649453,0.051026,0.9629122,0.0,-0.4723243,1.749223,-0.9417512,1.0,1.0,1.0,-0.1597434,-0.139288,0.9772823,0.002259338,-0.006168915,-0.02134265,40.3,2506.0,-0.175,-0.15849999999999997
6.0,-0.0963164,-0.1609748,1.000004,-0.2344619,-0.1422976,0.9999588,-0.16539,-0.1516359,0.9999815,-0.96241,-0.05756515,0.2654302,0.0,-0.04549257,0.9976407,0.05141402,0.0,0.2677636,-0.03740627,0.9627582,0.0,-0.122819,-1.807518,0.9421147,1.0,-0.96241,-0.04549257,0.2677636,0.0,-0.05756515,0.9976407,-0.03740627,0.0,0.2654302,0.05141402,0.9627582,0.0,-0.472318,1.749228,-0.9417547,1.0,1.0,1.0,-0.1604067,-0.139182,0.9771889,0.002261589,-0.006167794,-0.02134453,40.32222,2507.0,-0.175,-0.15849999999999997
6.0,-0.09656021,-0.1603428,0.9999892,-0.2342899,-0.1426536,0.9999863,-0.1654252,-0.1514982,0.9999877,-0.9624033,-0.05748472,0.2654727,0.0,-0.04543945,0.9976491,0.05129908,0.0,0.2677975,-0.03730747,0.9627528,0.0,-0.1229469,-1.80735,0.9423194,1.0,-0.962403,-0.04543944,0.2677974,0.0,-0.05748471,0.997649,-0.03730746,0.0,0.2654727,0.05129907,0.9627525,0.0,-0.4723794,1.749174,-0.9417232,1.0,1.0,1.0,-0.1604438,-0.1390523,0.9772013,0.002264251,-0.006166833,-0.02134504,40.33334,2508.0,-0.175,-0.15849999999999997
6.0,-0.0969086,-0.1608853,0.9999785,-0.2348069,-0.1435753,0.9999574,-0.1658583,-0.1522301,0.9999681,-0.9623711,-0.05741926,0.2656031,0.0,-0.04533854,0.9976485,0.051399,0.0,0.2679299,-0.03742285,0.9627113,0.0,-0.1230195,-1.807446,0.9421903,1.0,-0.9623709,-0.04533854,0.2679298,0.0,-0.05741926,0.9976485,-0.03742285,0.0,0.2656031,0.051399,0.9627113,0.0,-0.4724212,1.74919,-0.9417364,1.0,1.0,1.0,-0.1608348,-0.139732,0.9770399,0.002264511,-0.006166626,-0.0213462,40.34444,2509.0,-0.175,-0.15849999999999997
6.0,-0.09720522,-0.1603532,0.9999809,-0.2352791,-0.1425443,0.9999466,-0.1662428,-0.1514485,0.9999638,-0.9623258,-0.05739055,0.2657733,0.0,-0.04532874,0.9976539,0.05130269,0.0,0.268094,-0.03732274,0.9626696,0.0,-0.1228383,-1.807359,0.9424287,1.0,-0.9623257,-0.04532875,0.268094,0.0,-0.05739054,0.997654,-0.03732273,0.0,0.2657732,0.05130269,0.9626694,0.0,-0.472408,1.749201,-0.9417707,1.0,1.0,1.0,-0.1612105,-0.1389912,0.9770837,0.002264527,-0.006166451,-0.02134643,40.36667,2510.0,-0.175,-0.15849999999999997
6.0,-0.09745136,-0.1594214,1.000015,-0.2370502,-0.1426504,1.000033,-0.1672504,-0.151036,1.000024,-0.9623473,-0.05761779,0.2656466,0.0,-0.04557757,0.9976441,0.05127338,0.0,0.267975,-0.03723527,0.9627062,0.0,-0.1225471,-1.807378,0.9424496,1.0,-0.962347,-0.04557757,0.267975,0.0,-0.05761778,0.9976441,-0.03723526,0.0,0.2656465,0.05127337,0.9627059,0.0,-0.4724284,1.749212,-0.9417604,1.0,1.0,1.0,-0.1621499,-0.1385752,0.9769874,0.002265725,-0.006165421,-0.02134706,40.37778,2511.0,-0.175,-0.15849999999999997
6.0,-0.09715861,-0.159429,1.000004,-0.2366712,-0.1421772,0.9999895,-0.1669152,-0.1508031,0.9999968,-0.9623209,-0.05767966,0.2657288,0.0,-0.04563522,0.9976408,0.05128488,0.0,0.26806,-0.03722592,0.9626828,0.0,-0.1223541,-1.807413,0.9424417,1.0,-0.9623207,-0.04563522,0.2680599,0.0,-0.05767966,0.9976409,-0.03722592,0.0,0.2657287,0.05128488,0.9626827,0.0,-0.4724287,1.749233,-0.9417567,1.0,1.0,1.0,-0.1618505,-0.1383689,0.9770663,0.002269996,-0.006163941,-0.02134828,40.4,2512.0,-0.175,-0.15849999999999997
6.0,-0.09671041,-0.1605272,1.00003,-0.2364261,-0.141789,1.000085,-0.1665672,-0.1511583,1.000058,-0.9624281,-0.05753221,0.2653725,0.0,-0.04553189,0.9976521,0.05115816,0.0,0.2676926,-0.03715313,0.9627879,0.0,-0.1229875,-1.80724,0.9425827,1.0,-0.9624277,-0.04553189,0.2676925,0.0,-0.05753219,0.997652,-0.03715312,0.0,0.2653724,0.05115814,0.9627876,0.0,-0.4724765,1.749176,-0.9417288,1.0,1.0,1.0,-0.1615111,-0.1387029,0.977075,0.002272225,-0.006162216,-0.02135052,40.41111,2513.0,-0.175,-0.15849999999999997
6.0,-0.09682813,-0.1595791,1.000083,-0.237848,-0.142252,1.000118,-0.1673374,-0.1509157,1.0001,-0.9625205,-0.05723733,0.2651004,0.0,-0.045183,0.997658,0.05135308,0.0,0.2674189,-0.03745035,0.9628524,0.0,-0.1238795,-1.807379,0.9421502,1.0,-0.9625204,-0.045183,0.2674189,0.0,-0.05723733,0.997658,-0.03745035,0.0,0.2651004,0.05135308,0.9628523,0.0,-0.4724506,1.749166,-0.9417108,1.0,1.0,1.0,-0.1622277,-0.1384541,0.9769917,0.00227253,-0.006161568,-0.0213507,40.42222,2514.0,-0.175,-0.15849999999999997
6.0,-0.09799424,-0.1591425,1.000053,-0.236271,-0.1415072,1.000101,-0.1671317,-0.1503253,1.000077,-0.9626486,-0.05705084,0.2646751,0.0,-0.04502171,0.997668,0.05129952,0.0,0.2669845,-0.03746729,0.9629723,0.0,-0.1247274,-1.807288,0.9421001,1.0,-0.9626485,-0.04502171,0.2669845,0.0,-0.05705082,0.997668,-0.03746728,0.0,0.264675,0.05129952,0.9629721,0.0,-0.4725263,1.749128,-0.94163,1.0,1.0,1.0,-0.1620527,-0.1379068,0.9770981,0.00227324,-0.006161743,-0.02135195,40.44445,2515.0,-0.175,-0.15849999999999997
6.0,-0.09815028,-0.1597118,1.000046,-0.2362858,-0.1415221,1.000078,-0.1672174,-0.1506172,1.000062,-0.9626951,-0.05719536,0.2644744,0.0,-0.04522178,0.9976668,0.05114716,0.0,0.2667827,-0.03727912,0.9630355,0.0,-0.1245944,-1.807195,0.9422841,1.0,-0.9626951,-0.04522178,0.2667827,0.0,-0.05719536,0.9976668,-0.03727912,0.0,0.2644745,0.05114716,0.9630355,0.0,-0.4725197,1.749149,-0.9415841,1.0,1.0,1.0,-0.1621286,-0.1381823,0.9770465,0.002273506,-0.006159966,-0.02135307,40.45555,2516.0,-0.175,-0.15849999999999997
6.0,-0.09796667,-0.1596849,1.000009,-0.2377108,-0.1415996,1.000016,-0.1678385,-0.1506422,1.000013,-0.96267,-0.05786549,0.2644206,0.0,-0.04591618,0.9976346,0.05115522,0.0,0.2667553,-0.03710441,0.9630498,0.0,-0.1234455,-1.807326,0.9422565,1.0,-0.9626698,-0.04591617,0.2667553,0.0,-0.05786549,0.9976346,-0.0371044,0.0,0.2644206,0.05115521,0.9630498,0.0,-0.472571,1.749182,-0.9415699,1.0,1.0,1.0,-0.162714,-0.1381996,0.9769468,0.002273429,-0.006159347,-0.02135372,40.46667,2517.0,-0.175,-0.15849999999999997
6.0,-0.09795809,-0.1592956,1.000128,-0.2355197,-0.1415924,1.000159,-0.1667384,-0.1504442,1.000143,-0.9627512,-0.05813877,0.2640652,0.0,-0.04621496,0.9976211,0.05115011,0.0,0.2664108,-0.03704105,0.9631478,0.0,-0.1231532,-1.807425,0.9420273,1.0,-0.9627508,-0.04621495,0.2664107,0.0,-0.05813876,0.9976211,-0.03704105,0.0,0.2640651,0.05115009,0.9631475,0.0,-0.4724039,1.749249,-0.9414508,1.0,1.0,1.0,-0.1616733,-0.1380208,0.9771448,0.002273323,-0.00615863,-0.02135499,40.48889,2518.0,-0.175,-0.15849999999999997
6.0,-0.09785724,-0.1595583,1.000053,-0.2352364,-0.1417504,1.000062,-0.1665467,-0.1506546,1.000058,-0.9627787,-0.05800574,0.2639935,0.0,-0.04606943,0.9976259,0.05118823,0.0,0.266336,-0.03712091,0.9631652,0.0,-0.1234294,-1.807473,0.9419039,1.0,-0.9627786,-0.04606942,0.266336,0.0,-0.05800573,0.9976258,-0.03712091,0.0,0.2639935,0.05118823,0.9631653,0.0,-0.4723356,1.749281,-0.9414304,1.0,1.0,1.0,-0.1615034,-0.1382344,0.9771428,0.002273293,-0.006158142,-0.02135339,40.5,2519.0,-0.175,-0.15849999999999997
6.0,-0.09776938,-0.1607615,1.000078,-0.2353059,-0.1422087,1.000095,-0.1665373,-0.1514852,1.000087,-0.9629017,-0.05745487,0.2636659,0.0,-0.04550037,0.9976498,0.05122947,0.0,0.2659897,-0.03733204,0.963253,0.0,-0.124586,-1.807451,0.9415992,1.0,-0.9629012,-0.04550036,0.2659895,0.0,-0.05745485,0.9976498,-0.03733202,0.0,0.2636658,0.05122945,0.9632524,0.0,-0.4720783,1.749296,-0.941335,1.0,1.0,1.0,-0.1614715,-0.1390125,0.9770375,0.00227153,-0.006156228,-0.02134881,40.52222,2520.0,-0.175,-0.15849999999999997
6.0,-0.09917435,-0.1605364,1.000144,-0.2363126,-0.1422286,1.000175,-0.1677428,-0.1513827,1.000159,-0.9629883,-0.05705879,0.2634349,0.0,-0.04508453,0.997666,0.051283,0.0,0.2657462,-0.03750809,0.9633131,0.0,-0.1254526,-1.807445,0.9413433,1.0,-0.9629882,-0.04508453,0.2657461,0.0,-0.05705878,0.9976659,-0.03750809,0.0,0.2634349,0.051283,0.963313,0.0,-0.4719226,1.749296,-0.9412635,1.0,1.0,1.0,-0.1625782,-0.1388822,0.9768726,0.002262611,-0.006156197,-0.02134188,40.53333,2521.0,-0.175,-0.15849999999999997
6.0,-0.09901166,-0.1611683,1.000034,-0.2342778,-0.1418476,1.000032,-0.1666448,-0.1515081,1.000033,-0.9630368,-0.05689047,0.2632938,0.0,-0.04490955,0.9976727,0.05130588,0.0,0.2655998,-0.03758504,0.9633504,0.0,-0.1256866,-1.807369,0.9411895,1.0,-0.9630368,-0.04490955,0.2655998,0.0,-0.05689047,0.9976727,-0.03758503,0.0,0.2632938,0.05130588,0.9633504,0.0,-0.4716723,1.74923,-0.941243,1.0,1.0,1.0,-0.1615692,-0.1390397,0.9770176,0.00225975,-0.006156197,-0.02134301,40.55556,2522.0,-0.175,-0.15849999999999997
6.0,-0.09905702,-0.1611675,1.000131,-0.2348074,-0.1422397,1.000184,-0.1669312,-0.1517036,1.000158,-0.963143,-0.05668703,0.2629491,0.0,-0.04476213,0.9976885,0.05112648,0.0,0.2652395,-0.03747194,0.9634541,0.0,-0.1262791,-1.807172,0.9413174,1.0,-0.9631428,-0.04476213,0.2652395,0.0,-0.05668702,0.9976886,-0.03747195,0.0,0.2629491,0.05112648,0.9634541,0.0,-0.4715866,1.749216,-0.9411402,1.0,1.0,1.0,-0.1618102,-0.1392009,0.9769548,0.002256928,-0.006156197,-0.02134301,40.56667,2523.0,-0.175,-0.15849999999999997
2.0,-0.01647608,-0.2550391,1.000021,-0.1560648,-0.2171909,1.000033,-0.08627024,-0.2361151,1.000027,-0.9658293,-0.0517039,0.2539701,0.0,-0.04281285,0.9982653,0.04041542,0.0,0.2556192,-0.02816121,0.9663675,0.0,-0.1345049,-1.797296,0.9273908,1.0,-0.965829,-0.04281285,0.2556191,0.0,-0.05170389,0.9982653,-0.02816121,0.0,0.25397,0.04041542,0.9663672,0.0,-0.4583654,1.750939,-0.9124321,1.0,1.0,1.0,-0.08379773,-0.218519,0.9722281,0.001763443,-0.00655021,-0.02134869,43.97778,2740.0,-0.0875,-0.246
2.0,-0.01704299,-0.2554,0.9999463,-0.1554298,-0.2181442,0.9999648,-0.08623606,-0.2367723,0.9999555,-0.9658955,-0.05152601,0.2537541,0.0,-0.04259076,0.9982679,0.04058476,0.0,0.2554058,-0.02839305,0.9664171,0.0,-0.1352734,-1.797465,0.9270445,1.0,-0.9658952,-0.04259075,0.2554057,0.0,-0.051526,0.9982679,-0.02839305,0.0,0.253754,0.04058475,0.9664169,0.0,-0.4585173,1.750966,-0.9123974,1.0,1.0,1.0,-0.08375811,-0.2191308,0.9720937,0.001761872,-0.006548905,-0.02134773,44.0,2741.0,-0.0875,-0.246
2.0,-0.0174807,-0.2563138,1.000059,-0.1547598,-0.2188579,1.000061,-0.0861202,-0.2375859,1.00006,-0.9659028,-0.05153282,0.2537246,0.0,-0.04258551,0.9982662,0.04063462,0.0,0.2553787,-0.0284441,0.9664227,0.0,-0.1353855,-1.797491,0.9269032,1.0,-0.9659027,-0.04258551,0.2553787,0.0,-0.05153281,0.9982661,-0.02844409,0.0,0.2537245,0.04063461,0.9664225,0.0,-0.4585772,1.750945,-0.9123335,1.0,1.0,1.0,-0.08362409,-0.2198531,0.9719421,0.001759513,-0.006544373,-0.02134597,44.01111,2742.0,-0.0875,-0.246
2.0,-0.01721436,-0.2578582,1.000101,-0.1556993,-0.2183081,1.000096,-0.08645689,-0.2380831,1.000098,-0.9658915,-0.0516869,0.2537366,0.0,-0.04272471,0.9982572,0.0407091,0.0,0.2553985,-0.02847975,0.9664165,0.0,-0.1352256,-1.79759,0.9266908,1.0,-0.9658914,-0.04272471,0.2553985,0.0,-0.0516869,0.9982572,-0.02847974,0.0,0.2537366,0.04070909,0.9664161,0.0,-0.4586604,1.750955,-0.9122273,1.0,1.0,1.0,-0.0839257,-0.2202879,0.9718177,0.001754188,-0.006547089,-0.02134485,44.02222,2743.0,-0.0875,-0.246
2.0,-0.01720479,-0.2542939,0.9999528,-0.1545558,-0.2187111,0.99993,-0.08588077,-0.2365023,0.9999413,-0.965775,-0.0517952,0.2541581,0.0,-0.04297649,0.9982697,0.04013234,0.0,0.255797,-0.02783598,0.9663299,0.0,-0.1345437,-1.797109,0.9276575,1.0,-0.9657745,-0.04297649,0.2557969,0.0,-0.05179518,0.9982697,-0.02783597,0.0,0.254158,0.04013233,0.9663295,0.0,-0.458792,1.750988,-0.9120313,1.0,1.0,1.0,-0.08341667,-0.2188988,0.9721754,0.00174936,-0.006546761,-0.02134089,44.04445,2744.0,-0.0875,-0.246
2.0,-0.01823902,-0.2537627,1.000031,-0.1548283,-0.2186296,1.000011,-0.08653411,-0.2361961,1.000021,-0.9657304,-0.05194751,0.2542961,0.0,-0.04312456,0.9982625,0.04015225,0.0,0.25594,-0.02780984,0.9662927,0.0,-0.1343858,-1.797177,0.927622,1.0,-0.9657301,-0.04312456,0.25594,0.0,-0.0519475,0.9982625,-0.02780983,0.0,0.2542959,0.04015224,0.9662923,0.0,-0.4590298,1.751013,-0.9119385,1.0,1.0,1.0,-0.08402845,-0.2185965,0.9721907,0.001743988,-0.006544403,-0.02133837,44.05556,2745.0,-0.0875,-0.246
2.0,-0.01741906,-0.25372,1.000037,-0.1552889,-0.2181044,1.000002,-0.08635472,-0.235912,1.000019,-0.9656477,-0.05206924,0.254585,0.0,-0.04328461,0.998262,0.03999084,0.0,0.2562248,-0.02759745,0.9662234,0.0,-0.13403,-1.797076,0.927871,1.0,-0.9656475,-0.04328461,0.2562247,0.0,-0.05206924,0.998262,-0.02759745,0.0,0.2545849,0.03999083,0.966223,0.0,-0.4592201,1.751045,-0.9117833,1.0,1.0,1.0,-0.08386174,-0.218343,0.9722621,0.001741577,-0.006544213,-0.02133797,44.07778,2746.0,-0.0875,-0.246
2.0,-0.0175432,-0.2542052,1.000147,-0.1557129,-0.2162804,1.000094,-0.08662918,-0.2352422,1.00012,-0.9655671,-0.0523403,0.254835,0.0,-0.04345433,0.998239,0.04037934,0.0,0.2564997,-0.02791527,0.9661412,0.0,-0.1335697,-1.797444,0.9271753,1.0,-0.9655669,-0.04345433,0.2564996,0.0,-0.05234029,0.998239,-0.02791527,0.0,0.2548349,0.04037933,0.966141,0.0,-0.4593258,1.751036,-0.9116976,1.0,1.0,1.0,-0.08412343,-0.2177129,0.9723808,0.001739944,-0.006541649,-0.02133737,44.08889,2747.0,-0.0875,-0.246
2.0,-0.01774167,-0.2542338,1.000247,-0.1552925,-0.2145236,1.000211,-0.08651786,-0.2343783,1.000229,-0.9655229,-0.05250623,0.2549681,0.0,-0.04351849,0.9982204,0.0407686,0.0,0.256655,-0.02826719,0.9660896,0.0,-0.1334076,-1.797852,0.926355,1.0,-0.9655228,-0.04351849,0.256655,0.0,-0.05250623,0.9982205,-0.02826719,0.0,0.2549681,0.04076861,0.9660896,0.0,-0.4593974,1.751081,-0.9115224,1.0,1.0,1.0,-0.08402496,-0.2169099,0.9725688,0.00173983,-0.006541649,-0.02133398,44.1,2748.0,-0.0875,-0.246
2.0,-0.01754004,-0.2540759,1.000093,-0.1556343,-0.2146024,1.000064,-0.08658771,-0.2343389,1.000078,-0.9653335,-0.05404007,0.2553643,0.0,-0.04493567,0.9981334,0.04135774,0.0,0.2571226,-0.02844904,0.96596,0.0,-0.1306504,-1.798538,0.9252661,1.0,-0.9653335,-0.04493567,0.2571226,0.0,-0.05404006,0.9981334,-0.02844904,0.0,0.2553643,0.04135773,0.9659598,0.0,-0.4595942,1.751043,-0.9113435,1.0,1.0,1.0,-0.0841034,-0.2169034,0.9725634,0.00173983,-0.006541649,-0.0213331,44.12222,2749.0,-0.0875,-0.246
2.0,-0.01736803,-0.252994,1.000118,-0.1557737,-0.2135344,1.000094,-0.08657134,-0.233264,1.000106,-0.9652747,-0.0546236,0.2554631,0.0,-0.04547877,0.9980999,0.04157278,0.0,0.2572485,-0.028511,0.9659247,0.0,-0.1297509,-1.798774,0.924836,1.0,-0.9652743,-0.04547876,0.2572485,0.0,-0.05462359,0.9981,-0.028511,0.0,0.255463,0.04157278,0.9659245,0.0,-0.4597621,1.751007,-0.9112284,1.0,1.0,1.0,-0.08410472,-0.2159189,0.9727823,0.00173983,-0.00654612,-0.02133263,44.13334,2750.0,-0.0875,-0.246
2.0,-0.01737964,-0.2529642,1.000079,-0.1561289,-0.214128,1.000088,-0.08675416,-0.2335461,1.000083,-0.9652086,-0.0555208,0.2555188,0.0,-0.04625014,0.9980401,0.04215327,0.0,0.2573583,-0.02886892,0.9658847,0.0,-0.1284822,-1.799451,0.9238088,1.0,-0.9652085,-0.04625014,0.2573583,0.0,-0.0555208,0.9980401,-0.02886892,0.0,0.2555187,0.04215327,0.9658847,0.0,-0.4599695,1.75104,-0.911175,1.0,1.0,1.0,-0.08427541,-0.2161757,0.9727105,0.001740692,-0.00654718,-0.0213308,44.15556,2751.0,-0.0875,-0.246
2.0,-0.01753575,-0.2526457,1.000082,-0.1552361,-0.2130254,1.000094,-0.08638576,-0.2328357,1.000088,-0.9652199,-0.0560558,0.2553602,0.0,-0.04675424,0.998008,0.04235593,0.0,0.2572258,-0.02894361,0.9659179,0.0,-0.1278249,-1.79967,0.9233856,1.0,-0.9652194,-0.04675424,0.2572258,0.0,-0.05605578,0.9980081,-0.02894361,0.0,0.2553601,0.04235593,0.9659177,0.0,-0.4600568,1.750998,-0.9111236,1.0,1.0,1.0,-0.08394215,-0.2155346,0.9728816,0.001744041,-0.006548653,-0.02133101,44.16667,2752.0,-0.0875,-0.246
2.0,-0.01804513,-0.2523195,1.000083,-0.1562899,-0.2136756,1.000112,-0.08716689,-0.2329979,1.000097,-0.9652873,-0.05632729,0.2550451,0.0,-0.04695785,0.9979845,0.04268251,0.0,0.2569352,-0.02922451,0.9659868,0.0,-0.1279588,-1.799978,0.9227411,1.0,-0.9652871,-0.04695784,0.2569351,0.0,-0.05632729,0.9979846,-0.0292245,0.0,0.255045,0.04268249,0.9659864,0.0,-0.4602454,1.750957,-0.9110817,1.0,1.0,1.0,-0.08468087,-0.2156624,0.9727892,0.001747878,-0.006552506,-0.02133058,44.17778,2753.0,-0.0875,-0.246
2.0,-0.01794639,-0.2520593,1.000128,-0.1562286,-0.2136674,1.000167,-0.08708675,-0.2328636,1.000148,-0.9654189,-0.05730511,0.2543277,0.0,-0.0477072,0.9979027,0.0437526,0.0,0.2563015,-0.03010633,0.966128,0.0,-0.1274356,-1.801079,0.9206691,1.0,-0.9654188,-0.04770719,0.2563015,0.0,-0.05730511,0.9979027,-0.03010632,0.0,0.2543276,0.0437526,0.9661279,0.0,-0.4603913,1.75094,-0.911046,1.0,1.0,1.0,-0.08460513,-0.2155314,0.9728249,0.001749573,-0.006553086,-0.02133055,44.2,2754.0,-0.0875,-0.246
