flag,xl,yl,zl,xr,yr,zr,xc,yc,zc,mat_00,mat_10,mat_20,mat_30,mat_01,mat_11,mat_21,mat_31,mat_02,mat_12,mat_22,mat_32,mat_03,mat_13,mat_23,mat_33,ctw_00,ctw_10,ctw_20,ctw_30,ctw_01,ctw_11,ctw_21,ctw_31,ctw_02,ctw_12,ctw_22,ctw_32,ctw_03,ctw_13,ctw_23,ctw_33,opennessl,opennessr,ray_x,ray_y,ray_z,eye_x,eye_y,eye_z,time,frame,u,v
25.0,0.2455887,0.1375293,0.9999973,0.06358814,0.102638,1.000004,0.1545885,0.1200838,1.000001,-0.8559684,0.07081389,-0.5121557,0.0,-0.005446807,0.9892861,0.1458882,0.0,-0.5169994,-0.1276653,0.8464119,0.0,-1.210251,-1.68314,0.001391381,1.0,-0.8559684,-0.005446806,-0.5169994,0.0,0.07081389,0.989286,-0.1276653,0.0,-0.5121557,0.1458882,0.8464119,0.0,-0.9160344,1.658312,-0.8417553,1.0,1.0,1.0,0.1467147,0.1184582,0.9820603,0.002265953,-0.002902695,-0.01959638,65.32223,4000.0,0.175,0.104
25.0,0.2456359,0.1388954,0.9998595,0.06467178,0.1025213,0.9998645,0.155154,0.1207083,0.999862,-0.8559407,0.07062338,-0.5122286,0.0,-0.005557943,0.9893149,0.1456889,0.0,-0.5170444,-0.127548,0.8464023,0.0,-1.209965,-1.683379,0.001799017,1.0,-0.8559405,-0.005557909,-0.5170442,0.0,0.07062337,0.9893149,-0.127548,0.0,-0.5122285,0.1456889,0.846402,0.0,-0.9158503,1.658405,-0.8418396,1.0,1.0,1.0,0.1472508,0.1190614,0.9819072,0.00227195,-0.002906815,-0.01959488,65.33334,4001.0,0.175,0.104
25.0,0.2458187,0.1372013,1.000161,0.06469581,0.1018849,1.000167,0.1552575,0.1195431,1.000164,-0.8559666,0.0700926,-0.512258,0.0,-0.005970709,0.989362,0.1453519,0.0,-0.5169967,-0.1274749,0.8464422,0.0,-1.209332,-1.683837,0.002237529,1.0,-0.8559665,-0.005970716,-0.5169967,0.0,0.0700926,0.9893621,-0.1274749,0.0,-0.5122579,0.1453519,0.8464423,0.0,-0.9159769,1.658378,-0.8417615,1.0,1.0,1.0,0.1473234,0.1179224,0.9820336,0.002275138,-0.002909325,-0.01959192,65.35556,4002.0,0.175,0.104
25.0,0.2448339,0.1371871,1.000006,0.06501251,0.1019119,0.999979,0.1549226,0.1195494,0.9999924,-0.8560457,0.06995435,-0.512145,0.0,-0.0060721,0.9893707,0.1452885,0.0,-0.5168648,-0.1274834,0.8465217,0.0,-1.209094,-1.68399,0.002549917,1.0,-0.8560452,-0.006072104,-0.5168647,0.0,0.06995434,0.9893706,-0.1274834,0.0,-0.5121449,0.1452885,0.8465216,0.0,-0.9159308,1.658378,-0.8417771,1.0,1.0,1.0,0.1470304,0.1179553,0.9820736,0.002276543,-0.002911553,-0.01959043,65.36667,4003.0,0.175,0.104
25.0,0.2448155,0.1372065,0.9999182,0.06496945,0.1000292,0.9998753,0.1548912,0.1186174,0.9998967,-0.8563393,0.07000383,-0.5116471,0.0,-0.006029032,0.9893467,0.1454537,0.0,-0.5163786,-0.1276424,0.8467945,0.0,-1.209017,-1.684068,0.003115207,1.0,-0.856339,-0.006029014,-0.5163785,0.0,0.07000381,0.9893467,-0.1276424,0.0,-0.5116468,0.1454537,0.8467941,0.0,-0.9158431,1.658385,-0.8419067,1.0,1.0,1.0,0.1470305,0.1170835,0.9821779,0.002276543,-0.002912903,-0.01958373,65.38889,4004.0,0.175,0.104
25.0,0.2449827,0.1374391,1.000059,0.0649316,0.1000852,0.9999813,0.1549549,0.1187616,1.00002,-0.8565781,0.07007821,-0.5112367,0.0,-0.005969312,0.9893235,0.1456139,0.0,-0.5159828,-0.1277815,0.8470145,0.0,-1.208973,-1.684088,0.003444076,1.0,-0.8565781,-0.005969302,-0.5159829,0.0,0.07007819,0.9893234,-0.1277814,0.0,-0.5112367,0.1456139,0.8470145,0.0,-0.9158009,1.65839,-0.8419214,1.0,1.0,1.0,0.1470716,0.1172074,0.982157,0.002276543,-0.002914238,-0.01957925,65.4,4005.0,0.175,0.104
25.0,0.2450504,0.1388045,1.000283,0.06430456,0.09996079,1.000232,0.1546759,0.1193824,1.000257,-0.8566877,0.07025765,-0.5110285,0.0,-0.005644407,0.9893451,0.1454802,0.0,-0.5158046,-0.1275156,0.8471631,0.0,-1.209601,-1.683635,0.003779709,1.0,-0.8566876,-0.005644401,-0.5158046,0.0,0.07025763,0.9893451,-0.1275156,0.0,-0.5110285,0.1454802,0.8471631,0.0,-0.9160302,1.658318,-0.8418094,1.0,1.0,1.0,0.1467654,0.1177792,0.9821344,0.002276543,-0.002918251,-0.01957858,65.41111,4006.0,0.175,0.104
25.0,0.2451512,0.1401117,1.000265,0.06402403,0.100697,1.000203,0.1545857,0.1204036,1.000234,-0.8570185,0.07039542,-0.5104546,0.0,-0.005436189,0.989334,0.1455634,0.0,-0.5152571,-0.1275254,0.8474947,0.0,-1.209785,-1.683432,0.00428021,1.0,-0.8570184,-0.005436197,-0.5152571,0.0,0.07039542,0.9893339,-0.1275254,0.0,-0.5104547,0.1455634,0.8474949,0.0,-0.9161175,1.658277,-0.8416584,1.0,1.0,1.0,0.1466666,0.1187559,0.9820316,0.002276467,-0.002921341,-0.01957855,65.43333,4007.0,0.175,0.104
25.0,0.2451777,0.139567,0.999979,0.06574583,0.1008835,0.9999938,0.1554622,0.1202253,0.9999864,-0.8569359,0.07036506,-0.5105973,0.0,-0.005325641,0.9893758,0.1452832,0.0,-0.5153955,-0.1272176,0.8474568,0.0,-1.20998,-1.683279,0.004607528,1.0,-0.8569359,-0.005325636,-0.5153955,0.0,0.07036505,0.9893758,-0.1272176,0.0,-0.5105973,0.1452832,0.8474569,0.0,-0.9160783,1.658283,-0.8416655,1.0,1.0,1.0,0.1475299,0.1185993,0.9819212,0.002276566,-0.002921501,-0.0195781,65.44444,4008.0,0.175,0.104
25.0,0.2451812,0.1393323,0.9999504,0.06572106,0.101846,0.999972,0.1554517,0.1205894,0.9999611,-0.8568778,0.07051718,-0.5106739,0.0,-0.005140916,0.9893821,0.1452464,0.0,-0.515494,-0.1270838,0.847417,0.0,-1.210232,-1.683148,0.004521281,1.0,-0.8568778,-0.005140917,-0.515494,0.0,0.07051717,0.9893821,-0.1270838,0.0,-0.5106739,0.1452464,0.8474171,0.0,-0.9160207,1.658398,-0.8415994,1.0,1.0,1.0,0.1475173,0.1189489,0.9818807,0.002276566,-0.002921745,-0.01957792,65.46667,4009.0,0.175,0.104
25.0,0.2447232,0.1399479,0.9999928,0.06464079,0.10219,1.000047,0.1546835,0.1210693,1.00002,-0.8566972,0.0703264,-0.5110032,0.0,-0.005247839,0.9894227,0.1449665,0.0,-0.5157931,-0.126874,0.8472666,0.0,-1.210173,-1.68318,0.004515648,1.0,-0.856697,-0.005247836,-0.515793,0.0,0.07032637,0.9894227,-0.126874,0.0,-0.5110031,0.1449665,0.8472664,0.0,-0.9160719,1.658371,-0.8415763,1.0,1.0,1.0,0.1467775,0.1194125,0.9819354,0.002276566,-0.002922966,-0.01957626,65.47778,4010.0,0.175,0.104
25.0,0.2450772,0.1397005,1.000038,0.06417599,0.1021803,1.00011,0.1546289,0.1209411,1.000074,-0.8563707,0.06993016,-0.5116044,0.0,-0.005466677,0.9895037,0.1444039,0.0,-0.5163326,-0.12646,0.8469998,0.0,-1.210009,-1.683303,0.004591018,1.0,-0.8563707,-0.005466676,-0.5163326,0.0,0.06993015,0.9895037,-0.12646,0.0,-0.5116042,0.1444039,0.8469996,0.0,-0.9161539,1.658357,-0.8415263,1.0,1.0,1.0,0.1467181,0.1192837,0.9819599,0.002278984,-0.002921417,-0.0195789,65.5,4011.0,0.175,0.104
25.0,0.2456684,0.1429476,0.9999008,0.09187266,0.08604875,0.9999515,0.1687716,0.1144988,0.9999261,-0.8561854,0.06992513,-0.5119154,0.0,-0.00548118,0.9895144,0.1443302,0.0,-0.51664,-0.1263793,0.8468245,0.0,-1.210088,-1.683219,0.004303038,1.0,-0.8561851,-0.005481163,-0.5166397,0.0,0.06992511,0.9895144,-0.1263792,0.0,-0.5119152,0.1443301,0.8468242,0.0,-0.916157,1.658315,-0.8415473,1.0,1.0,1.0,0.1601612,0.1130487,0.9805959,0.002314263,-0.002993927,-0.01921844,65.51112,4012.0,0.175,0.104
25.0,0.2564963,0.1414893,0.9998896,0.08592805,0.1010117,0.9999329,0.1712133,0.121251,0.9999112,-0.8560477,0.06987364,-0.5121525,0.0,-0.005536824,0.9895248,0.1442568,0.0,-0.5168673,-0.1263264,0.8466936,0.0,-1.209989,-1.683266,0.00414899,1.0,-0.8560476,-0.005536797,-0.5168671,0.0,0.06987362,0.9895248,-0.1263264,0.0,-0.5121523,0.1442568,0.8466933,0.0,-0.9160678,1.658335,-0.8415576,1.0,1.0,1.0,0.1623404,0.1192346,0.9795043,0.002239151,-0.002856125,-0.01961942,65.52222,4013.0,0.175,0.104
25.0,0.2594766,0.1413247,0.9999357,0.08607516,0.1010646,0.9999528,0.1727763,0.1211948,0.9999442,-0.8558612,0.0700383,-0.5124416,0.0,-0.005423002,0.9895191,0.1443005,0.0,-0.5171773,-0.1262801,0.8465111,0.0,-1.210152,-1.683145,0.003895164,1.0,-0.855861,-0.005423007,-0.5171773,0.0,0.07003828,0.9895191,-0.1262801,0.0,-0.5124416,0.1443005,0.8465111,0.0,-0.9158416,1.658379,-0.8417084,1.0,1.0,1.0,0.1637972,0.1191468,0.9792724,0.002240013,-0.002854385,-0.01961792,65.54445,4014.0,0.175,0.104
25.0,0.2592812,0.1431879,1.00019,0.08573788,0.09697134,1.000214,0.1725103,0.1200799,1.000202,-0.8557829,0.07014706,-0.5125577,0.0,-0.005328104,0.989517,0.1443182,0.0,-0.5173081,-0.126236,0.8464379,0.0,-1.210439,-1.682849,0.003470391,1.0,-0.8557826,-0.005328096,-0.5173079,0.0,0.07014704,0.989517,-0.126236,0.0,-0.5125576,0.1443182,0.8464377,0.0,-0.9160467,1.658257,-0.8415431,1.0,1.0,1.0,0.1635311,0.1180648,0.979448,0.00223835,-0.002851578,-0.019619,65.55556,4015.0,0.175,0.104
25.0,0.2577071,0.1433981,0.9999199,0.08464429,0.1014123,0.9999457,0.1711764,0.1224055,0.9999328,-0.8556784,0.07026788,-0.5127152,0.0,-0.005148523,0.9895339,0.1442086,0.0,-0.5174823,-0.1260359,0.846361,0.0,-1.210762,-1.682602,0.003494054,1.0,-0.8556783,-0.005148534,-0.5174823,0.0,0.07026787,0.9895339,-0.1260359,0.0,-0.5127151,0.1442086,0.846361,0.0,-0.9159982,1.658254,-0.8415732,1.0,1.0,1.0,0.1622822,0.1203193,0.9793813,0.002234161,-0.002851913,-0.01964221,65.56667,4016.0,0.175,0.104
25.0,0.2582428,0.142978,0.9999729,0.08357716,0.1028811,0.9999636,0.1709098,0.1229294,0.9999682,-0.8557482,0.07035498,-0.5125869,0.0,-0.005120654,0.9895114,0.1443639,0.0,-0.5173673,-0.1261639,0.8464123,0.0,-1.210677,-1.682676,0.003413349,1.0,-0.8557481,-0.005120672,-0.5173673,0.0,0.07035498,0.9895113,-0.1261639,0.0,-0.5125869,0.1443639,0.8464122,0.0,-0.9159003,1.658334,-0.8415467,1.0,1.0,1.0,0.1620205,0.1208141,0.9793637,0.002229455,-0.002850869,-0.01965134,65.58889,4017.0,0.175,0.104
25.0,0.2579576,0.1429036,0.9998314,0.08262259,0.1029356,0.999826,0.1702899,0.1229198,0.9998287,-0.8557311,0.07078658,-0.5125562,0.0,-0.004625659,0.9895116,0.1443792,0.0,-0.5174004,-0.1259207,0.8464284,0.0,-1.211314,-1.682147,0.003605098,1.0,-0.8557309,-0.004625658,-0.5174003,0.0,0.07078657,0.9895117,-0.1259207,0.0,-0.512556,0.1443792,0.8464282,0.0,-0.9156372,1.658381,-0.8416026,1.0,1.0,1.0,0.1614633,0.1208238,0.9794546,0.002225036,-0.002844353,-0.01967196,65.6,4018.0,0.175,0.104
25.0,0.2576841,0.1433239,1.000077,0.08184168,0.1017015,1.000101,0.1697636,0.1225128,1.000089,-0.8556299,0.07094187,-0.5127038,0.0,-0.004376289,0.9895355,0.1442236,0.0,-0.51757,-0.1256457,0.8463656,0.0,-1.211787,-1.681749,0.003621757,1.0,-0.8556295,-0.004376283,-0.5175698,0.0,0.07094185,0.9895355,-0.1256457,0.0,-0.5127035,0.1442236,0.8463653,0.0,-0.9156774,1.658325,-0.8415543,1.0,1.0,1.0,0.1609393,0.1204031,0.9795926,0.002219925,-0.002832039,-0.01970259,65.62222,4019.0,0.175,0.104
25.0,0.2580861,0.1429471,1.000118,0.08155924,0.1019541,1.000116,0.1698225,0.1224504,1.000117,-0.8556392,0.07093975,-0.5126882,0.0,-0.004390929,0.9895318,0.1442479,0.0,-0.5175542,-0.1256754,0.8463708,0.0,-1.211837,-1.681673,0.003483087,1.0,-0.8556392,-0.004390924,-0.5175541,0.0,0.07093975,0.9895319,-0.1256753,0.0,-0.5126881,0.1442479,0.8463706,0.0,-0.9158117,1.658245,-0.8414838,1.0,1.0,1.0,0.1609926,0.12034,0.9795916,0.002218392,-0.002831772,-0.01970291,65.63333,4020.0,0.175,0.104
25.0,0.2591471,0.1428103,0.9999695,0.08089331,0.1022967,0.9999875,0.1700206,0.1225538,0.9999785,-0.8554454,0.07075672,-0.5130367,0.0,-0.00453788,0.9895608,0.1440443,0.0,-0.5178732,-0.1255501,0.8461943,0.0,-1.211686,-1.681742,0.003442764,1.0,-0.8554454,-0.004537878,-0.5178731,0.0,0.07075672,0.9895608,-0.1255501,0.0,-0.5130367,0.1440442,0.8461941,0.0,-0.9157708,1.658192,-0.841556,1.0,1.0,1.0,0.1611991,0.1204429,0.979545,0.002214333,-0.002826065,-0.01971627,65.65556,4021.0,0.175,0.104
25.0,0.259389,0.1439922,0.9999082,0.0812335,0.1019706,0.9999297,0.1703118,0.1229815,0.9999189,-0.8554217,0.07047428,-0.5131155,0.0,-0.00493212,0.9895461,0.1441325,0.0,-0.517909,-0.1258248,0.8461316,0.0,-1.211021,-1.682205,0.00322488,1.0,-0.8554214,-0.004932107,-0.5179089,0.0,0.07047425,0.9895461,-0.1258247,0.0,-0.5131152,0.1441324,0.8461313,0.0,-0.9157261,1.658181,-0.84159,1.0,1.0,1.0,0.1614719,0.1208446,0.9794505,0.002213714,-0.002822327,-0.01972573,65.66667,4022.0,0.175,0.104
25.0,0.2592508,0.1436338,0.9999512,0.08155936,0.1020656,1.000003,0.1704066,0.1228501,0.9999774,-0.8553385,0.06999911,-0.5133193,0.0,-0.005622238,0.9895174,0.1443045,0.0,-0.5180395,-0.1263151,0.8459787,0.0,-1.20991,-1.682941,0.002582997,1.0,-0.8553382,-0.005622226,-0.5180393,0.0,0.06999908,0.9895173,-0.1263151,0.0,-0.513319,0.1443044,0.8459784,0.0,-0.915752,1.658124,-0.841547,1.0,1.0,1.0,0.1615548,0.1207091,0.9794536,0.002212433,-0.002820351,-0.01972926,65.67778,4023.0,0.175,0.104
25.0,0.2600304,0.1435331,1.000123,0.08190075,0.1018733,1.000102,0.1709649,0.1227031,1.000113,-0.855463,0.07005453,-0.5131038,0.0,-0.005972855,0.9894074,0.1450428,0.0,-0.5178296,-0.1271435,0.845983,0.0,-1.209338,-1.683302,0.001487613,1.0,-0.8554629,-0.005972838,-0.5178294,0.0,0.07005451,0.9894073,-0.1271434,0.0,-0.5131037,0.1450428,0.8459828,0.0,-0.9158576,1.658032,-0.8415099,1.0,1.0,1.0,0.1620596,0.1205442,0.9793905,0.002211602,-0.002820351,-0.019731,65.7,4024.0,0.175,0.104
25.0,0.2611752,0.1438435,0.9999747,0.08179703,0.101069,0.9999663,0.1714857,0.1224561,0.9999705,-0.8555249,0.07021894,-0.512978,0.0,-0.005949099,0.9893624,0.1453505,0.0,-0.5177274,-0.1274027,0.8460064,0.0,-1.209378,-1.683237,0.001124859,1.0,-0.8555249,-0.005949116,-0.5177275,0.0,0.07021895,0.9893623,-0.1274027,0.0,-0.512978,0.1453505,0.8460065,0.0,-0.9158813,1.657973,-0.841529,1.0,1.0,1.0,0.1625733,0.1203147,0.9793336,0.002210991,-0.00281839,-0.01973338,65.71111,4025.0,0.175,0.104
25.0,0.26145,0.1441852,1.000024,0.08215603,0.1016482,0.9999975,0.1718024,0.1229165,1.000011,-0.8556212,0.07106553,-0.5127007,0.0,-0.005073681,0.9893308,0.1455985,0.0,-0.5175775,-0.1271785,0.8461318,0.0,-1.210948,-1.68219,0.001025051,1.0,-0.8556213,-0.005073677,-0.5175776,0.0,0.07106552,0.9893306,-0.1271785,0.0,-0.5127006,0.1455985,0.8461319,0.0,-0.9160416,1.657949,-0.8415652,1.0,1.0,1.0,0.162854,0.1207401,0.9792346,0.002210679,-0.002819153,-0.01973651,65.73334,4026.0,0.175,0.104
25.0,0.2614493,0.1434481,1.000045,0.08254802,0.1012752,1.000014,0.1719978,0.1223614,1.000029,-0.8556854,0.07129011,-0.5125628,0.0,-0.004764661,0.9893384,0.145557,0.0,-0.5174748,-0.1269931,0.8462228,0.0,-1.211433,-1.681831,0.001301408,1.0,-0.8556851,-0.004764646,-0.5174747,0.0,0.07129009,0.9893383,-0.1269931,0.0,-0.5125626,0.145557,0.8462225,0.0,-0.9160401,1.657938,-0.8415681,1.0,1.0,1.0,0.1630453,0.1202081,0.9792682,0.002209366,-0.002818352,-0.01973861,65.74445,4027.0,0.175,0.104
25.0,0.261036,0.1437704,0.9999905,0.08175474,0.09870566,1.0,0.1713956,0.121238,0.9999951,-0.855691,0.0716718,-0.5124999,0.0,-0.004218925,0.9893634,0.145404,0.0,-0.5174699,-0.1265831,0.8462869,0.0,-1.212353,-1.681077,0.00160405,1.0,-0.855691,-0.004218922,-0.51747,0.0,0.07167181,0.9893633,-0.1265831,0.0,-0.5124999,0.145404,0.846287,0.0,-0.9160913,1.657848,-0.8415096,1.0,1.0,1.0,0.1625115,0.1191641,0.9794846,0.002207168,-0.002822411,-0.01973338,65.76667,4028.0,0.175,0.104
25.0,0.2610838,0.1440096,1.000172,0.08178756,0.09840803,1.000188,0.1714362,0.1212091,1.00018,-0.8556511,0.07176785,-0.5125532,0.0,-0.004167389,0.9893515,0.1454863,0.0,-0.5175365,-0.1266215,0.8462406,0.0,-1.212582,-1.680925,0.001177937,1.0,-0.8556508,-0.00416739,-0.5175365,0.0,0.07176784,0.9893515,-0.1266215,0.0,-0.5125531,0.1454863,0.8462405,0.0,-0.9163064,1.657801,-0.8413933,1.0,1.0,1.0,0.1625216,0.1191153,0.9794888,0.002206924,-0.002823235,-0.01973339,65.77778,4029.0,0.175,0.104
25.0,0.261569,0.1444312,0.9999284,0.08174381,0.09920558,0.9999986,0.1716584,0.1218192,0.9999634,-0.8554298,0.07172785,-0.5129281,0.0,-0.004192747,0.989372,0.1453461,0.0,-0.5179021,-0.126484,0.8460375,0.0,-1.212647,-1.680877,0.0008765757,1.0,-0.8554295,-0.004192745,-0.517902,0.0,0.07172784,0.989372,-0.126484,0.0,-0.512928,0.1453461,0.8460373,0.0,-0.9163192,1.657801,-0.841378,1.0,1.0,1.0,0.1627515,0.1197189,0.979377,0.002206924,-0.002828583,-0.01973129,65.78889,4030.0,0.175,0.104
25.0,0.2622935,0.1442407,0.9999352,0.08199954,0.09931606,1.000006,0.1721486,0.1217792,0.9999704,-0.8551261,0.07144838,-0.5134729,0.0,-0.004525773,0.9893908,0.1452082,0.0,-0.5184003,-0.1264952,0.8457305,0.0,-1.212288,-1.681167,0.0002825558,1.0,-0.8551261,-0.004525767,-0.5184002,0.0,0.07144837,0.9893907,-0.1264952,0.0,-0.5134729,0.1452082,0.8457305,0.0,-0.9163973,1.657804,-0.8413488,1.0,1.0,1.0,0.1632095,0.1196727,0.9793065,0.002207733,-0.002829781,-0.01972635,65.81111,4031.0,0.175,0.104
25.0,0.2622938,0.1445283,1.000135,0.08210692,0.1004199,1.000153,0.1722009,0.1224744,1.000144,-0.8550533,0.07139628,-0.5136017,0.0,-0.004510269,0.9894143,0.1450483,0.0,-0.5185207,-0.1263404,0.84568,0.0,-1.212426,-1.681052,0.0002398193,1.0,-0.8550531,-0.004510262,-0.5185206,0.0,0.07139627,0.9894143,-0.1263404,0.0,-0.5136015,0.1450482,0.8456798,0.0,-0.916545,1.657754,-0.8412557,1.0,1.0,1.0,0.1632189,0.1203143,0.9792262,0.002207733,-0.002833801,-0.01972471,65.82223,4032.0,0.175,0.104
25.0,0.2622842,0.1437905,1.000023,0.08258799,0.1004932,1.000039,0.1724367,0.1221423,1.000031,-0.8548552,0.07105894,-0.5139781,0.0,-0.004881833,0.9894326,0.1449114,0.0,-0.518844,-0.1263874,0.8454746,0.0,-1.211938,-1.681463,-7.429719e-05,1.0,-0.8548549,-0.004881814,-0.5188438,0.0,0.07105894,0.9894326,-0.1263874,0.0,-0.5139781,0.1449114,0.8454744,0.0,-0.9165868,1.657789,-0.8412597,1.0,1.0,1.0,0.1634628,0.120016,0.9792222,0.00221051,-0.002839752,-0.0197063,65.84444,4033.0,0.175,0.104
25.0,0.2622405,0.1437292,1.000076,0.08253691,0.1002791,1.00006,0.1723882,0.122004,1.000068,-0.8549256,0.07112581,-0.5138516,0.0,-0.00489061,0.9894068,0.1450875,0.0,-0.5187278,-0.1265521,0.8455213,0.0,-1.211992,-1.681518,-0.0002773404,1.0,-0.8549255,-0.004890595,-0.5187276,0.0,0.07112579,0.9894067,-0.126552,0.0,-0.5138515,0.1450875,0.8455212,0.0,-0.9167055,1.657818,-0.8412586,1.0,1.0,1.0,0.1634165,0.1198864,0.9792458,0.002210525,-0.002843109,-0.0196938,65.85556,4034.0,0.175,0.104
25.0,0.2627714,0.1437918,0.9999422,0.08283982,0.1002646,0.9999231,0.1728049,0.1220279,0.9999325,-0.8550049,0.07082842,-0.513761,0.0,-0.005016189,0.9894546,0.1447568,0.0,-0.518596,-0.1263449,0.8456331,0.0,-1.21168,-1.681726,0.0005108416,1.0,-0.8550045,-0.00501619,-0.5185959,0.0,0.07082842,0.9894546,-0.1263449,0.0,-0.5137608,0.1447568,0.845633,0.0,-0.9166156,1.657839,-0.8412817,1.0,1.0,1.0,0.1638267,0.1199189,0.9791733,0.002211181,-0.002844406,-0.01968802,65.87778,4035.0,0.175,0.104
25.0,0.2624275,0.1436097,1.000249,0.08357558,0.1007767,1.000211,0.1730005,0.122193,1.00023,-0.8551297,0.07063713,-0.5135792,0.0,-0.005209848,0.9894527,0.1447628,0.0,-0.518388,-0.1264667,0.8457423,0.0,-1.211406,-1.681968,0.0005656779,1.0,-0.8551297,-0.00520985,-0.5183879,0.0,0.07063712,0.9894527,-0.1264667,0.0,-0.5135792,0.1447629,0.8457423,0.0,-0.9168088,1.657834,-0.8411693,1.0,1.0,1.0,0.1639604,0.1200382,0.9791362,0.002211181,-0.002845414,-0.01968583,65.88889,4036.0,0.175,0.104
25.0,0.263668,0.1450704,1.000065,0.08435106,0.1009265,1.000007,0.1740077,0.1229978,1.000036,-0.8552872,0.07071847,-0.513306,0.0,-0.005060088,0.9894555,0.1447492,0.0,-0.5181298,-0.1263995,0.8459107,0.0,-1.211551,-1.681865,0.001002729,1.0,-0.8552868,-0.005060103,-0.5181298,0.0,0.07071845,0.9894554,-0.1263995,0.0,-0.5133058,0.1447492,0.8459106,0.0,-0.91677,1.657854,-0.8411756,1.0,1.0,1.0,0.1649175,0.1208094,0.9788807,0.002212243,-0.002850266,-0.01967069,65.9,4037.0,0.175,0.104
25.0,0.2627286,0.1454891,1.000102,0.08570936,0.1010838,1.000067,0.1742181,0.1232863,1.000085,-0.8555077,0.07070088,-0.5129405,0.0,-0.005058266,0.9894456,0.1448161,0.0,-0.5177654,-0.1264859,0.8461207,0.0,-1.211615,-1.681876,0.00114578,1.0,-0.8555077,-0.005058276,-0.5177654,0.0,0.07070088,0.9894457,-0.1264859,0.0,-0.5129405,0.1448161,0.8461208,0.0,-0.9170478,1.65783,-0.8410351,1.0,1.0,1.0,0.1651063,0.1210764,0.9788159,0.002207435,-0.002853798,-0.01966246,65.92223,4038.0,0.175,0.104
25.0,0.2626559,0.145842,0.9999457,0.08577493,0.1015687,0.9999475,0.1742153,0.1237054,0.9999465,-0.8554841,0.07075331,-0.5129728,0.0,-0.004953999,0.989458,0.1447357,0.0,-0.5178056,-0.1263604,0.8461151,0.0,-1.211775,-1.681795,0.001302958,1.0,-0.8554839,-0.00495398,-0.5178054,0.0,0.07075329,0.9894578,-0.1263603,0.0,-0.5129727,0.1447357,0.8461148,0.0,-0.9169932,1.657874,-0.8410784,1.0,1.0,1.0,0.1651217,0.1215035,0.9787602,0.002207451,-0.002865112,-0.01963119,65.93333,4039.0,0.175,0.104
25.0,0.2633582,0.1459218,1.000122,0.08574694,0.1037145,1.000103,0.174552,0.124818,1.000113,-0.8556222,0.07073386,-0.5127454,0.0,-0.004756395,0.9895021,0.1444401,0.0,-0.5175794,-0.1260249,0.8463035,0.0,-1.212198,-1.681588,0.002039611,1.0,-0.8556219,-0.004756389,-0.5175792,0.0,0.07073384,0.9895021,-0.1260249,0.0,-0.5127451,0.1444401,0.8463032,0.0,-0.9171919,1.657875,-0.8410565,1.0,1.0,1.0,0.1653934,0.1225439,0.9785846,0.002207862,-0.002876923,-0.01959787,65.95556,4040.0,0.175,0.104
25.0,0.2626423,0.1458383,1.000046,0.08572742,0.1038791,1.000063,0.1741852,0.1248589,1.000054,-0.8555329,0.0703909,-0.5129413,0.0,-0.004935026,0.9895613,0.1440285,0.0,-0.5177252,-0.1257525,0.8462548,0.0,-1.211991,-1.681779,0.002465338,1.0,-0.8555327,-0.004934998,-0.5177249,0.0,0.07039087,0.9895612,-0.1257525,0.0,-0.5129412,0.1440285,0.8462546,0.0,-0.9172514,1.657887,-0.8410521,1.0,1.0,1.0,0.1650601,0.1225995,0.9786341,0.002207862,-0.002878815,-0.01959262,65.96667,4041.0,0.175,0.104
25.0,0.2421986,0.1396653,1.000038,0.08172727,0.1058387,1.00005,0.1619631,0.122752,1.000044,-0.8555388,0.06956467,-0.5130439,0.0,-0.005621899,0.9896256,0.1435603,0.0,-0.5177081,-0.1257057,0.8462721,0.0,-1.211029,-1.682527,0.002999783,1.0,-0.8555388,-0.005621903,-0.5177081,0.0,0.06956467,0.9896256,-0.1257057,0.0,-0.5130439,0.1435603,0.8462721,0.0,-0.9174987,1.657832,-0.8410012,1.0,1.0,1.0,0.1535847,0.1208998,0.9807115,0.002307243,-0.002927437,-0.01943554,65.98889,4042.0,0.175,0.104
25.0,0.2418685,0.1421098,0.9999386,0.05767673,0.09845543,0.9999654,0.1497734,0.1202829,0.999952,-0.8554797,0.06927273,-0.513182,0.0,-0.005953729,0.9896307,0.1435119,0.0,-0.5178021,-0.1258269,0.8461965,0.0,-1.210487,-1.682946,0.002920091,1.0,-0.8554796,-0.005953739,-0.5178022,0.0,0.06927273,0.9896307,-0.1258269,0.0,-0.513182,0.1435119,0.8461966,0.0,-0.9174666,1.657869,-0.8410237,1.0,1.0,1.0,0.1421341,0.1187392,0.9826998,0.002310144,-0.002908333,-0.01959238,66.0,4043.0,0.175,0.104
25.0,0.2429865,0.142992,0.9999763,0.05678988,0.09959503,1.000006,0.149889,0.1212939,0.9999914,-0.8554007,0.06909817,-0.5133376,0.0,-0.006146375,0.989638,0.143453,0.0,-0.5179307,-0.1258649,0.8461124,0.0,-1.210176,-1.683196,0.002874345,1.0,-0.8554004,-0.006146362,-0.5179305,0.0,0.06909814,0.989638,-0.1258649,0.0,-0.5133373,0.1434529,0.846112,0.0,-0.9174042,1.657904,-0.8410746,1.0,1.0,1.0,0.1422229,0.1197013,0.9825702,0.002309632,-0.002915985,-0.01958602,66.02222,4044.0,0.175,0.104
25.0,0.2422006,0.141617,0.9999184,0.05808285,0.09898525,0.9998855,0.1501407,0.1203008,0.9999021,-0.8554873,0.0689669,-0.5132108,0.0,-0.006218221,0.9896514,0.1433578,0.0,-0.5177867,-0.125832,0.8462054,0.0,-1.209915,-1.683374,0.003360093,1.0,-0.855487,-0.006218204,-0.5177866,0.0,0.06896687,0.9896514,-0.125832,0.0,-0.5132107,0.1433578,0.8462052,0.0,-0.9172452,1.657948,-0.8411434,1.0,1.0,1.0,0.1424892,0.1187691,0.9826447,0.002309639,-0.002921013,-0.0195817,66.03333,4045.0,0.175,0.104
25.0,0.2412818,0.1418698,1.000066,0.05667689,0.0973395,1.000022,0.1489781,0.1196043,1.000044,-0.8556215,0.06913559,-0.5129643,0.0,-0.006077107,0.9896294,0.1435155,0.0,-0.5175666,-0.1259122,0.846328,0.0,-1.210111,-1.683224,0.003406405,1.0,-0.8556213,-0.006077091,-0.5175664,0.0,0.06913558,0.9896294,-0.1259122,0.0,-0.5129642,0.1435155,0.8463278,0.0,-0.9172791,1.657925,-0.8411345,1.0,1.0,1.0,0.1413838,0.1181126,0.9828835,0.002309632,-0.002923187,-0.01957719,66.04445,4046.0,0.175,0.104
25.0,0.2414896,0.1418481,1.000092,0.05798569,0.09714754,1.000042,0.1497362,0.1194976,1.000067,-0.8557286,0.06928937,-0.5127648,0.0,-0.005997345,0.9895985,0.1437321,0.0,-0.5173903,-0.1260709,0.8464122,0.0,-1.210376,-1.683086,0.003139824,1.0,-0.8557284,-0.005997349,-0.5173903,0.0,0.06928936,0.9895985,-0.1260709,0.0,-0.5127646,0.1437321,0.8464121,0.0,-0.9175231,1.657869,-0.8410824,1.0,1.0,1.0,0.1420986,0.1179961,0.9827944,0.002309539,-0.002923294,-0.01957693,66.06667,4047.0,0.175,0.104
25.0,0.2415544,0.1413115,0.9997554,0.05789995,0.09759156,0.999717,0.1497262,0.1194513,0.9997362,-0.8558571,0.06950513,-0.5125211,0.0,-0.005850315,0.989565,0.1439685,0.0,-0.5171795,-0.1262148,0.8465196,0.0,-1.210494,-1.68311,0.003337234,1.0,-0.855857,-0.005850314,-0.5171794,0.0,0.06950513,0.9895651,-0.1262148,0.0,-0.512521,0.1439685,0.8465194,0.0,-0.9173149,1.657984,-0.8413011,1.0,1.0,1.0,0.1421344,0.1179886,0.9827901,0.002309151,-0.002922051,-0.0195798,66.07778,4048.0,0.175,0.104
25.0,0.2417772,0.1413078,1.000028,0.05855745,0.09800573,1.000011,0.1501669,0.1196565,1.000019,-0.8558985,0.06937693,-0.5124694,0.0,-0.005927335,0.9895793,0.1438665,0.0,-0.51711,-0.1261727,0.8465683,0.0,-1.210387,-1.683202,0.003598541,1.0,-0.8558984,-0.00592735,-0.51711,0.0,0.06937692,0.9895793,-0.1261727,0.0,-0.5124692,0.1438665,0.846568,0.0,-0.9173489,1.65797,-0.8413238,1.0,1.0,1.0,0.1425093,0.1181436,0.9827172,0.002308869,-0.002921448,-0.01958092,66.08889,4049.0,0.175,0.104
25.0,0.242148,0.140903,1.000098,0.05825001,0.09645852,1.000066,0.1501979,0.1186805,1.000082,-0.8560269,0.06957959,-0.5122272,0.0,-0.005615558,0.9895897,0.1438079,0.0,-0.5169008,-0.1259799,0.8467247,0.0,-1.210942,-1.682875,0.004059553,1.0,-0.8560269,-0.005615557,-0.5169008,0.0,0.06957957,0.9895896,-0.1259798,0.0,-0.5122271,0.1438078,0.8467245,0.0,-0.9174259,1.657972,-0.8413826,1.0,1.0,1.0,0.1425461,0.1172008,0.9828248,0.002308197,-0.002914437,-0.01958695,66.11111,4050.0,0.175,0.104
25.0,0.2422609,0.1409722,0.9999895,0.0534445,0.0862865,0.9999971,0.1478529,0.1136295,0.9999933,-0.8559604,0.06962593,-0.5123321,0.0,-0.005446024,0.9896225,0.1435884,0.0,-0.5170129,-0.1256962,0.8466984,0.0,-1.211287,-1.68265,0.004321516,1.0,-0.8559601,-0.005446033,-0.5170129,0.0,0.06962593,0.9896224,-0.1256962,0.0,-0.5123321,0.1435884,0.8466985,0.0,-0.9174435,1.657971,-0.8414129,1.0,1.0,1.0,0.1403915,0.1122728,0.9837099,0.002288941,-0.002780113,-0.01996001,66.12222,4051.0,0.175,0.104
25.0,0.2419358,0.1401037,0.9999164,0.05407155,0.08602829,0.9999779,0.1480058,0.1130667,0.9999472,-0.8557466,0.06952159,-0.5127033,0.0,-0.005581059,0.9896334,0.1435077,0.0,-0.5173652,-0.1256676,0.8464875,0.0,-1.21106,-1.682854,0.004121274,1.0,-0.8557464,-0.005581043,-0.5173651,0.0,0.06952157,0.9896335,-0.1256676,0.0,-0.5127032,0.1435077,0.8464873,0.0,-0.9172525,1.658058,-0.8415288,1.0,1.0,1.0,0.1405506,0.1117354,0.9837483,0.002289124,-0.002775986,-0.01995941,66.14445,4052.0,0.175,0.104
25.0,0.2420845,0.1397411,1.000457,0.05534306,0.08688243,1.000441,0.1487132,0.1133115,1.000449,-0.8557876,0.0694308,-0.5126469,0.0,-0.005645227,0.9896405,0.1434567,0.0,-0.5172964,-0.1256625,0.8465301,0.0,-1.211143,-1.682722,0.00386098,1.0,-0.8557876,-0.005645248,-0.5172966,0.0,0.06943081,0.9896405,-0.1256625,0.0,-0.512647,0.1434567,0.8465303,0.0,-0.9176689,1.657899,-0.8412434,1.0,1.0,1.0,0.1411491,0.1119033,0.9836436,0.002289124,-0.002773812,-0.01995695,66.15556,4053.0,0.175,0.104
25.0,0.2433156,0.1406235,0.9997755,0.05531266,0.08737946,0.9998221,0.1493157,0.114002,0.9997989,-0.855543,0.06935064,-0.5130661,0.0,-0.005989354,0.9895959,0.14375,0.0,-0.5176973,-0.1260573,0.8462266,0.0,-1.210595,-1.683127,0.002879113,1.0,-0.8555428,-0.005989349,-0.5176972,0.0,0.06935063,0.9895959,-0.1260572,0.0,-0.513066,0.14375,0.8462263,0.0,-0.9175124,1.657951,-0.8413281,1.0,1.0,1.0,0.141793,0.1126179,0.9834693,0.002290986,-0.002771172,-0.01995577,66.17778,4054.0,0.175,0.104
25.0,0.2442993,0.1401192,0.9999664,0.05489561,0.08868642,1.000006,0.1495987,0.1144032,0.9999859,-0.8554161,0.06931975,-0.5132821,0.0,-0.005983148,0.9896147,0.1436207,0.0,-0.5179073,-0.1259265,0.8461175,0.0,-1.210712,-1.683054,0.002796471,1.0,-0.8554156,-0.005983153,-0.5179071,0.0,0.06931974,0.9896147,-0.1259264,0.0,-0.5132819,0.1436207,0.8461173,0.0,-0.9175581,1.65793,-0.8413438,1.0,1.0,1.0,0.1420267,0.1129755,0.9833946,0.002293998,-0.002771012,-0.01995344,66.18889,4055.0,0.175,0.104
25.0,0.2445929,0.1400115,0.9999577,0.05493712,0.0901341,0.9999878,0.149766,0.1150731,0.9999726,-0.8553258,0.0692979,-0.5134352,0.0,-0.005997792,0.9896234,0.1435603,0.0,-0.5180559,-0.1258703,0.8460348,0.0,-1.210756,-1.68303,0.002694935,1.0,-0.8553257,-0.00599778,-0.5180559,0.0,0.06929789,0.9896234,-0.1258703,0.0,-0.5134351,0.1435602,0.8460348,0.0,-0.9175769,1.657917,-0.8413628,1.0,1.0,1.0,0.1421762,0.1136128,0.9832996,0.002294212,-0.002772019,-0.01995132,66.2,4056.0,0.175,0.104
25.0,0.2445564,0.1406402,1.00001,0.05595714,0.08904076,1.000007,0.1502567,0.1148405,1.000008,-0.855341,0.06926973,-0.5134135,0.0,-0.006057765,0.9896157,0.1436111,0.0,-0.51803,-0.1259466,0.8460393,0.0,-1.210835,-1.682975,0.002502292,1.0,-0.8553411,-0.006057746,-0.5180299,0.0,0.06926972,0.9896156,-0.1259466,0.0,-0.5134135,0.143611,0.8460392,0.0,-0.9178132,1.657804,-0.8413308,1.0,1.0,1.0,0.1426376,0.1133863,0.9832588,0.002297347,-0.002776459,-0.01993341,66.22222,4057.0,0.175,0.104
25.0,0.2445641,0.1409243,0.9999232,0.05690441,0.08934175,0.9999629,0.1507354,0.1151336,0.999943,-0.8552399,0.06918408,-0.5135936,0.0,-0.006186903,0.9896151,0.1436095,0.0,-0.5181954,-0.1259981,0.8459302,0.0,-1.210695,-1.683044,0.002273202,1.0,-0.8552399,-0.006186896,-0.5181955,0.0,0.06918409,0.9896151,-0.1259981,0.0,-0.5135936,0.1436095,0.8459303,0.0,-0.9178274,1.657749,-0.8413601,1.0,1.0,1.0,0.143093,0.1136658,0.9831604,0.002298949,-0.002776917,-0.019932,66.23334,4058.0,0.175,0.104
25.0,0.2445872,0.1415673,0.9999543,0.05752388,0.08854108,0.9999501,0.1510553,0.1150541,0.9999522,-0.8553878,0.06914371,-0.5133526,0.0,-0.006198693,0.9896135,0.1436203,0.0,-0.5179511,-0.1260331,0.8460747,0.0,-1.210631,-1.683139,0.00266099,1.0,-0.8553877,-0.006198691,-0.5179511,0.0,0.06914371,0.9896134,-0.1260331,0.0,-0.5133526,0.1436203,0.8460747,0.0,-0.9178148,1.65777,-0.8414304,1.0,1.0,1.0,0.1433986,0.1135919,0.9831245,0.002299071,-0.002782173,-0.01990482,66.25555,4059.0,0.175,0.104
25.0,0.2439324,0.1419074,0.999936,0.05791742,0.08845966,0.9999461,0.1509251,0.1151836,0.9999411,-0.8553789,0.06926951,-0.5133506,0.0,-0.006147388,0.9895914,0.1437747,0.0,-0.5179665,-0.1261376,0.8460498,0.0,-1.210761,-1.683048,0.002425313,1.0,-0.8553789,-0.006147376,-0.5179664,0.0,0.06926949,0.9895914,-0.1261376,0.0,-0.5133505,0.1437747,0.8460495,0.0,-0.9178303,1.657739,-0.8414811,1.0,1.0,1.0,0.1432786,0.1137209,0.9831271,0.002295701,-0.002784744,-0.01990151,66.26667,4060.0,0.175,0.104
25.0,0.2432709,0.1419089,1.000078,0.05743152,0.08940944,1.00011,0.1503524,0.1156596,1.000094,-0.8552688,0.06974012,-0.5134702,0.0,-0.005871978,0.989534,0.1441804,0.0,-0.5181514,-0.1263281,0.8459082,0.0,-1.211473,-1.682485,0.001365662,1.0,-0.8552687,-0.005871987,-0.5181513,0.0,0.06974009,0.9895339,-0.1263281,0.0,-0.5134702,0.1441804,0.845908,0.0,-0.9180966,1.657565,-0.8414264,1.0,1.0,1.0,0.1427128,0.1141699,0.9831573,0.002293228,-0.002787735,-0.019893,66.28889,4061.0,0.175,0.104
25.0,0.2427009,0.142114,0.9999048,0.05853128,0.08948168,0.9999319,0.1506168,0.1157981,0.9999183,-0.8552305,0.06972554,-0.513536,0.0,-0.006016128,0.9895055,0.1443696,0.0,-0.5182129,-0.1265588,0.8458358,0.0,-1.211289,-1.682586,0.0009763539,1.0,-0.8552306,-0.006016113,-0.5182129,0.0,0.06972553,0.9895056,-0.1265588,0.0,-0.513536,0.1443696,0.8458358,0.0,-0.918111,1.6575,-0.8414776,1.0,1.0,1.0,0.1429886,0.1143165,0.9831002,0.002288833,-0.002787911,-0.0198922,66.3,4062.0,0.175,0.104
1.0,-0.01368368,-0.1411092,0.999934,-0.2401822,-0.193429,0.9998523,-0.1269364,-0.1672702,0.999893,-0.8532974,0.07878654,-0.515438,0.0,-0.001835946,0.9880586,0.1540677,0.0,-0.5214213,-0.1324118,0.8429631,0.0,-1.21553,-1.676788,-0.01445156,1.0,-0.8532974,-0.001835945,-0.5214214,0.0,0.07878653,0.9880586,-0.1324118,0.0,-0.515438,0.1540677,0.8429632,0.0,-0.9125488,1.65676,-0.8436476,1.0,1.0,1.0,-0.1263601,-0.1562439,0.9796025,0.004732475,-0.004462524,-0.02086433,77.78889,4783.0,-0.175,-0.246
1.0,-0.01513094,-0.1418241,1.000049,-0.2400934,-0.1932105,0.9999537,-0.1276161,-0.1675183,1.000001,-0.8535018,0.07876276,-0.5151032,0.0,-0.001741901,0.9880741,0.1539695,0.0,-0.5210872,-0.1323105,0.8431859,0.0,-1.215646,-1.676743,-0.01386452,1.0,-0.8535016,-0.001741892,-0.5210871,0.0,0.07876275,0.9880741,-0.1323104,0.0,-0.5151031,0.1539694,0.8431856,0.0,-0.9126327,1.656763,-0.8436176,1.0,1.0,1.0,-0.1269845,-0.1564472,0.9794893,0.00473265,-0.004462524,-0.02086644,77.8,4784.0,-0.175,-0.246
1.0,-0.01513132,-0.1420616,1.000027,-0.2399097,-0.193785,0.9999367,-0.1275242,-0.1679245,0.999982,-0.853835,0.07892251,-0.5145261,0.0,-0.001479972,0.9880675,0.1540144,0.0,-0.5205418,-0.1322643,0.8435297,0.0,-1.216016,-1.676448,-0.01314029,1.0,-0.8538348,-0.001479972,-0.5205417,0.0,0.0789225,0.9880674,-0.1322643,0.0,-0.5145261,0.1540144,0.8435298,0.0,-0.9127285,1.656668,-0.8436373,1.0,1.0,1.0,-0.1268924,-0.1568317,0.9794397,0.00473265,-0.004462769,-0.02086611,77.82223,4785.0,-0.175,-0.246
1.0,-0.01538923,-0.1424238,1.000077,-0.2392868,-0.1932467,1.000046,-0.1273395,-0.1678357,1.000062,-0.8539044,0.0788654,-0.51442,0.0,-0.001498602,0.9880746,0.1539687,0.0,-0.5204282,-0.1322454,0.843603,0.0,-1.216073,-1.676389,-0.01299152,1.0,-0.8539039,-0.001498598,-0.520428,0.0,0.07886537,0.9880745,-0.1322454,0.0,-0.5144199,0.1539686,0.8436027,0.0,-0.9128839,1.656575,-0.8436135,1.0,1.0,1.0,-0.1267106,-0.1567405,0.9794779,0.004733123,-0.004462967,-0.02086317,77.83334,4786.0,-0.175,-0.246
1.0,-0.01572958,-0.1427054,1.000223,-0.2395811,-0.1932441,1.000248,-0.1276544,-0.1679746,1.000236,-0.8539803,0.07901171,-0.5142713,0.0,-0.001533885,0.9880159,0.1543441,0.0,-0.5203032,-0.1325956,0.8436249,0.0,-1.216166,-1.676232,-0.01360539,1.0,-0.8539802,-0.001533884,-0.5203031,0.0,0.07901172,0.9880161,-0.1325956,0.0,-0.5142713,0.1543441,0.8436249,0.0,-0.9131369,1.656379,-0.8435584,1.0,1.0,1.0,-0.1269848,-0.1568374,0.9794268,0.00473265,-0.004465119,-0.0208575,77.85556,4787.0,-0.175,-0.246
1.0,-0.01558453,-0.1417557,0.9999665,-0.239055,-0.1919502,0.9999853,-0.1273189,-0.1668527,0.9999759,-0.8539814,0.07890834,-0.5142854,0.0,-0.001786102,0.9879826,0.154555,0.0,-0.5203007,-0.1329056,0.8435777,0.0,-1.215757,-1.676502,-0.01394305,1.0,-0.8539811,-0.001786094,-0.5203006,0.0,0.07890832,0.9879826,-0.1329056,0.0,-0.5142853,0.1545549,0.8435776,0.0,-0.9131146,1.656339,-0.8436137,1.0,1.0,1.0,-0.1267222,-0.1558291,0.9796218,0.004733856,-0.004468811,-0.02085449,77.86667,4788.0,-0.175,-0.246
1.0,-0.01583877,-0.1418411,0.9999801,-0.23966,-0.1919223,0.9999857,-0.127749,-0.1668816,0.999983,-0.8539748,0.0790405,-0.5142759,0.0,-0.001967452,0.9878969,0.1550997,0.0,-0.5203108,-0.133463,0.8434836,0.0,-1.215503,-1.676627,-0.01489776,1.0,-0.8539748,-0.001967453,-0.5203107,0.0,0.07904051,0.9878969,-0.133463,0.0,-0.5142759,0.1550997,0.8434834,0.0,-0.9131491,1.656253,-0.8436408,1.0,1.0,1.0,-0.1271272,-0.1558469,0.9795665,0.004733856,-0.004469536,-0.02085284,77.88889,4789.0,-0.175,-0.246
1.0,-0.01492697,-0.140873,0.9999857,-0.2407481,-0.1919378,1.000036,-0.1278356,-0.1664046,1.000011,-0.8539057,0.07900636,-0.514396,0.0,-0.002186134,0.9878564,0.1553544,0.0,-0.5204234,-0.1337826,0.8433635,0.0,-1.21517,-1.676895,-0.01547718,1.0,-0.8539056,-0.002186138,-0.5204233,0.0,0.07900636,0.9878564,-0.1337826,0.0,-0.514396,0.1553544,0.8433633,0.0,-0.9131161,1.65628,-0.8436889,1.0,1.0,1.0,-0.1272169,-0.1553943,0.9796267,0.004736283,-0.004469696,-0.02085215,77.9,4790.0,-0.175,-0.246
1.0,-0.01350039,-0.141486,0.999969,-0.2409452,-0.1920372,0.9999855,-0.1272221,-0.1667614,0.9999772,-0.8537769,0.07921381,-0.5145777,0.0,-0.002048478,0.9878391,0.1554662,0.0,-0.5206351,-0.1337875,0.843232,0.0,-1.215539,-1.676509,-0.01608771,1.0,-0.8537769,-0.002048453,-0.5206349,0.0,0.07921381,0.9878391,-0.1337875,0.0,-0.5145776,0.1554662,0.8432319,0.0,-0.9132752,1.656132,-0.8435827,1.0,1.0,1.0,-0.126639,-0.1557456,0.9796458,0.004739876,-0.004469811,-0.02084548,77.92223,4791.0,-0.175,-0.246
1.0,-0.01278627,-0.1415053,1.000024,-0.2437907,-0.1915883,1.000092,-0.1282855,-0.166546,1.000058,-0.8536052,0.07940926,-0.5148326,0.0,-0.001860999,0.9878415,0.1554531,0.0,-0.5209174,-0.1336537,0.8430789,0.0,-1.216052,-1.676232,-0.01645032,1.0,-0.853605,-0.001860992,-0.5209174,0.0,0.07940924,0.9878415,-0.1336537,0.0,-0.5148325,0.1554531,0.8430787,0.0,-0.9133887,1.656146,-0.8436281,1.0,1.0,1.0,-0.1276434,-0.1555072,0.9795533,0.004743042,-0.004478157,-0.02082097,77.93333,4792.0,-0.175,-0.246
1.0,-0.0117521,-0.1417463,0.9999675,-0.244398,-0.1914124,0.9999123,-0.1280775,-0.1665801,0.9999399,-0.8537329,0.07944071,-0.5146159,0.0,-0.001819286,0.9878328,0.1555089,0.0,-0.5207082,-0.1336993,0.8432009,0.0,-1.216032,-1.676233,-0.01620388,1.0,-0.8537327,-0.001819278,-0.520708,0.0,0.07944071,0.9878328,-0.1336993,0.0,-0.5146158,0.1555088,0.8432007,0.0,-0.9133442,1.656146,-0.8436458,1.0,1.0,1.0,-0.1274652,-0.1555603,0.9795681,0.004746369,-0.0044804,-0.02081118,77.94444,4793.0,-0.175,-0.246
1.0,-0.01196948,-0.1392118,0.9999758,-0.2221307,-0.1757012,0.9999634,-0.1170505,-0.1574565,0.9999695,-0.8536799,0.07950393,-0.5146938,0.0,-0.001845941,0.987811,0.1556473,0.0,-0.5207948,-0.133823,0.8431276,0.0,-1.216079,-1.676191,-0.01653111,1.0,-0.8536799,-0.00184593,-0.5207948,0.0,0.07950392,0.987811,-0.133823,0.0,-0.5146939,0.1556473,0.8431276,0.0,-0.9133869,1.656088,-0.8437026,1.0,1.0,1.0,-0.1170616,-0.1473101,0.9821386,0.004722184,-0.004218147,-0.02169628,77.96667,4794.0,-0.175,-0.246
1.0,-0.003530443,-0.1432369,0.9999278,-0.2432807,-0.2003698,0.9999527,-0.1234046,-0.171803,0.9999402,-0.8536524,0.07973781,-0.5147038,0.0,-0.001748007,0.9877675,0.1559239,0.0,-0.5208406,-0.1340045,0.8430707,0.0,-1.216139,-1.676125,-0.01693353,1.0,-0.8536521,-0.001747989,-0.5208404,0.0,0.07973777,0.9877675,-0.1340044,0.0,-0.5147035,0.1559239,0.8430703,0.0,-0.9132251,1.656136,-0.8437465,1.0,1.0,1.0,-0.1227521,-0.160666,0.9793459,0.004574439,-0.004295853,-0.02110691,77.97778,4795.0,-0.175,-0.246
1.0,0.004432559,-0.1373454,0.999961,-0.2025518,-0.1729974,1.000003,-0.09905797,-0.1551708,0.9999819,-0.8535585,0.07978319,-0.5148519,0.0,-0.001788136,0.9877508,0.1560297,0.0,-0.5209939,-0.1341011,0.8429604,0.0,-1.216103,-1.676115,-0.01728398,1.0,-0.8535584,-0.001788146,-0.5209939,0.0,0.0797832,0.9877506,-0.1341011,0.0,-0.514852,0.1560297,0.8429605,0.0,-0.9131877,1.656106,-0.8437814,1.0,1.0,1.0,-0.09989636,-0.145415,0.9843146,0.004575547,-0.00431601,-0.02115716,77.98889,4796.0,-0.175,-0.246
1.0,0.006217241,-0.1391546,0.999892,-0.2026758,-0.1731687,0.9999309,-0.09822786,-0.1561616,0.9999114,-0.8533368,0.0799299,-0.5151966,0.0,-0.00173413,0.9877375,0.1561143,0.0,-0.5213572,-0.1341115,0.8427341,0.0,-1.216157,-1.676071,-0.0176248,1.0,-0.8533369,-0.001734129,-0.5213572,0.0,0.0799299,0.9877374,-0.1341115,0.0,-0.5151966,0.1561143,0.8427342,0.0,-0.9129037,1.65616,-0.8439796,1.0,1.0,1.0,-0.09909998,-0.1463716,0.9842533,0.004579743,-0.004313851,-0.02116876,78.01112,4797.0,-0.175,-0.246
1.0,0.005859971,-0.1423532,0.9999335,-0.2031077,-0.1743821,0.9999517,-0.09862313,-0.1583675,0.9999427,-0.8533061,0.07994152,-0.5152456,0.0,-0.001804017,0.9877183,0.1562344,0.0,-0.5214072,-0.1342453,0.8426819,0.0,-1.21604,-1.676158,-0.01782918,1.0,-0.8533061,-0.001804014,-0.5214072,0.0,0.07994153,0.9877183,-0.1342453,0.0,-0.5152456,0.1562344,0.8426819,0.0,-0.9128462,1.656164,-0.8440441,1.0,1.0,1.0,-0.09944458,-0.1484433,0.9839082,0.004581131,-0.00431205,-0.0211643,78.02222,4798.0,-0.175,-0.246
1.0,0.006254971,-0.1420907,0.9999459,-0.2046174,-0.1750179,0.999971,-0.09918043,-0.1585541,0.9999585,-0.8532116,0.07943587,-0.5154807,0.0,-0.002534125,0.9876909,0.1563982,0.0,-0.5215592,-0.134747,0.842508,0.0,-1.214777,-1.67699,-0.01824141,1.0,-0.8532112,-0.00253412,-0.5215589,0.0,0.07943584,0.9876907,-0.134747,0.0,-0.5154805,0.1563981,0.8425077,0.0,-0.9126517,1.656122,-0.8441788,1.0,1.0,1.0,-0.09996839,-0.1486113,0.9838297,0.004577301,-0.004310105,-0.02116179,78.04445,4799.0,-0.175,-0.246
1.0,0.006922036,-0.1405204,1.000005,-0.2049916,-0.1751238,1.000042,-0.0990335,-0.1578218,1.000024,-0.8531765,0.07948211,-0.5155312,0.0,-0.002757862,0.9876216,0.1568308,0.0,-0.5216151,-0.1352261,0.8423963,0.0,-1.214461,-1.677323,-0.01904279,1.0,-0.8531764,-0.002757862,-0.5216151,0.0,0.07948212,0.9876216,-0.1352261,0.0,-0.5155313,0.1568308,0.8423964,0.0,-0.9126493,1.656198,-0.8442575,1.0,1.0,1.0,-0.09983406,-0.1479147,0.9839484,0.004577247,-0.004311707,-0.02114742,78.05556,4800.0,-0.175,-0.246
