flag,xl,yl,zl,xr,yr,zr,xc,yc,zc,mat_00,mat_10,mat_20,mat_30,mat_01,mat_11,mat_21,mat_31,mat_02,mat_12,mat_22,mat_32,mat_03,mat_13,mat_23,mat_33,ctw_00,ctw_10,ctw_20,ctw_30,ctw_01,ctw_11,ctw_21,ctw_31,ctw_02,ctw_12,ctw_22,ctw_32,ctw_03,ctw_13,ctw_23,ctw_33,opennessl,opennessr,ray_x,ray_y,ray_z,eye_x,eye_y,eye_z,time,frame,u,v
25.0,0.2229222,0.184938,1.000147,0.08456028,0.1487811,1.000111,0.1537407,0.1668594,1.000129,0.03433156,-0.07015786,-0.996945,0.0,-0.03847969,0.9967005,-0.07146578,0.0,-0.9986695,-0.04081567,-0.03151864,0.0,-0.9356749,-1.770899,-0.8523262,1.0,0.03433157,-0.0384797,-0.9986694,0.0,-0.07015786,0.9967006,-0.04081567,0.0,-0.9969449,-0.07146578,-0.03151863,0.0,-0.9418415,1.668139,-1.033574,1.0,1.0,1.0,0.1480406,0.1571818,0.9764107,-0.001014458,0.002548111,-0.02056781,63.44445,3868.0,0.175,0.104
25.0,0.2233286,0.1869521,0.9999086,0.08363964,0.1507563,0.9998911,0.1534838,0.1688541,0.9998998,0.03420848,-0.07016958,-0.9969484,0.0,-0.0384633,0.9967007,-0.07147195,0.0,-0.9986743,-0.04079087,-0.03139663,0.0,-0.9358298,-1.770929,-0.8520721,1.0,0.03420845,-0.03846331,-0.9986744,0.0,-0.07016959,0.9967008,-0.04079087,0.0,-0.9969483,-0.07147195,-0.03139666,0.0,-0.9417239,1.668192,-1.033579,1.0,1.0,1.0,0.1477873,0.159082,0.9761413,-0.001014274,0.002548523,-0.02056578,63.45556,3869.0,0.175,0.104
25.0,0.2233023,0.18686,1.000059,0.0838073,0.1522489,1.000025,0.1535542,0.1695542,1.000042,0.03398228,-0.07020614,-0.9969535,0.0,-0.03856726,0.9966945,-0.0715025,0.0,-0.998678,-0.04087959,-0.03116232,0.0,-0.9358312,-1.770999,-0.8517832,1.0,0.0339823,-0.03856726,-0.9986779,0.0,-0.07020614,0.9966946,-0.04087958,0.0,-0.9969535,-0.07150251,-0.03116229,0.0,-0.9417215,1.668148,-1.033535,1.0,1.0,1.0,0.1478176,0.1597122,0.9760337,-0.001013877,0.002548523,-0.02056493,63.46667,3870.0,0.175,0.104
25.0,0.2236247,0.1865083,1.000063,0.08315045,0.1519684,1.000059,0.1533876,0.1692383,1.000061,0.03400904,-0.0704513,-0.9969352,0.0,-0.03855687,0.9966772,-0.07174839,0.0,-0.9986775,-0.0408788,-0.03117967,0.0,-0.9358085,-1.771208,-0.8513973,1.0,0.03400906,-0.03855687,-0.9986776,0.0,-0.07045133,0.9966773,-0.0408788,0.0,-0.9969354,-0.07174839,-0.03117966,0.0,-0.941746,1.668154,-1.033522,1.0,1.0,1.0,0.147666,0.1594179,0.9761049,-0.001013046,0.002549141,-0.02056189,63.48889,3871.0,0.175,0.104
25.0,0.2243067,0.1864282,1.000237,0.08221547,0.1518234,1.000171,0.1532597,0.1691251,1.000204,0.03372312,-0.0713939,-0.9968781,0.0,-0.03853801,0.9966106,-0.07267845,0.0,-0.998688,-0.04086864,-0.03085738,0.0,-0.9358879,-1.772086,-0.8496203,1.0,0.03372306,-0.03853801,-0.9986878,0.0,-0.0713939,0.9966105,-0.04086863,0.0,-0.9968778,-0.07267842,-0.03085743,0.0,-0.9419228,1.668264,-1.0333,1.0,1.0,1.0,0.1475278,0.1592943,0.976146,-0.00101159,0.002549561,-0.02056107,63.51111,3872.0,0.175,0.104
25.0,0.2244659,0.1862643,1.000136,0.08167215,0.1521926,1.000109,0.1530684,0.1692283,1.000123,0.03363353,-0.0718195,-0.9968506,0.0,-0.03854726,0.9965793,-0.07310055,0.0,-0.9986908,-0.04088449,-0.03075004,0.0,-0.9359019,-1.772475,-0.8488154,1.0,0.03363352,-0.03854727,-0.9986904,0.0,-0.0718195,0.9965794,-0.04088448,0.0,-0.9968503,-0.07310054,-0.03075003,0.0,-0.9419625,1.668287,-1.033244,1.0,1.0,1.0,0.1473562,0.1594079,0.9761533,-0.001009667,0.002548996,-0.02055904,63.52222,3873.0,0.175,0.104
25.0,0.2252783,0.1851108,1.000135,0.08471848,0.1538364,1.000165,0.1549991,0.1694739,1.000149,0.03390676,-0.07210242,-0.9968207,0.0,-0.03849973,0.9965597,-0.0733931,0.0,-0.9986831,-0.04086585,-0.0310142,0.0,-0.9356973,-1.77271,-0.8487163,1.0,0.03390678,-0.03849973,-0.9986833,0.0,-0.07210242,0.9965597,-0.04086585,0.0,-0.9968207,-0.07339311,-0.03101419,0.0,-0.9421082,1.668297,-1.033231,1.0,1.0,1.0,0.1491446,0.1595965,0.9758508,-0.0009997934,0.002542831,-0.02054776,63.53334,3874.0,0.175,0.104
25.0,0.2246817,0.1846125,1.000156,0.08431476,0.1536992,1.000147,0.1544982,0.169156,1.000152,0.03366297,-0.07252061,-0.9967986,0.0,-0.03839314,0.9965339,-0.07379792,0.0,-0.9986955,-0.04075449,-0.03076202,0.0,-0.9360623,-1.772997,-0.8479355,1.0,0.03366299,-0.03839314,-0.9986957,0.0,-0.0725206,0.9965339,-0.0407545,0.0,-0.9967987,-0.07379793,-0.03076201,0.0,-0.9422891,1.668338,-1.033183,1.0,1.0,1.0,0.1486835,0.159312,0.9759676,-0.0009996574,0.002542633,-0.0205456,63.55556,3875.0,0.175,0.104
25.0,0.225558,0.1838925,1.000053,0.08463416,0.154078,1.000077,0.1550965,0.1689854,1.000065,0.03388453,-0.07286352,-0.9967662,0.0,-0.03817623,0.9965166,-0.07414307,0.0,-0.9986964,-0.04056508,-0.03098482,0.0,-0.9361879,-1.773092,-0.8476039,1.0,0.0338845,-0.03817623,-0.9986963,0.0,-0.07286352,0.9965165,-0.04056507,0.0,-0.9967661,-0.07414305,-0.03098483,0.0,-0.9423342,1.668331,-1.033156,1.0,1.0,1.0,0.1492576,0.1591546,0.9759057,-0.0009979559,0.002540596,-0.02054228,63.56667,3876.0,0.175,0.104
25.0,0.2255958,0.1824523,0.9999731,0.0846744,0.1540666,0.9999974,0.1551356,0.1682597,0.9999852,0.03389925,-0.07271047,-0.9967769,0.0,-0.03791545,0.9965385,-0.07398255,0.0,-0.9987059,-0.04030121,-0.03102505,0.0,-0.9366097,-1.772715,-0.8479455,1.0,0.03389924,-0.03791547,-0.9987057,0.0,-0.07271045,0.9965385,-0.04030119,0.0,-0.9967766,-0.07398254,-0.03102505,0.0,-0.9423568,1.668334,-1.033148,1.0,1.0,1.0,0.1493217,0.1584908,0.9760039,-0.0009972611,0.002539253,-0.02053893,63.58889,3877.0,0.175,0.104
25.0,0.2250831,0.1824517,1.000082,0.08540682,0.15404,1.000074,0.1552449,0.1682459,1.000078,0.03386575,-0.07284825,-0.9967679,0.0,-0.03787129,0.9965302,-0.07411757,0.0,-0.9987087,-0.04025893,-0.03098935,0.0,-0.9366559,-1.77281,-0.8477248,1.0,0.03386571,-0.03787129,-0.9987086,0.0,-0.07284824,0.9965301,-0.04025893,0.0,-0.9967678,-0.07411756,-0.03098938,0.0,-0.9424103,1.668355,-1.033088,1.0,1.0,1.0,0.1494095,0.158463,0.975995,-0.0009949803,0.002538078,-0.02053593,63.6,3878.0,0.175,0.104
25.0,0.2248845,0.1820618,0.9999863,0.08553926,0.1536268,1.000012,0.1552123,0.1678444,0.999999,0.03420746,-0.07304247,-0.9967421,0.0,-0.03765357,0.9965234,-0.07431869,0.0,-0.9987052,-0.04007315,-0.03133827,0.0,-0.9365935,-1.77285,-0.8477036,1.0,0.0342075,-0.03765356,-0.9987051,0.0,-0.07304247,0.9965234,-0.04007315,0.0,-0.996742,-0.07431869,-0.03133823,0.0,-0.9423966,1.66842,-1.03299,1.0,1.0,1.0,0.1493993,0.1581036,0.9760549,-0.0009944756,0.002536545,-0.02053084,63.62222,3879.0,0.175,0.104
25.0,0.2248322,0.1797306,1.000016,0.08568297,0.1532111,1.000065,0.1552587,0.1664711,1.000041,0.03459287,-0.07352975,-0.9966929,0.0,-0.03772661,0.9964828,-0.07482366,0.0,-0.9986892,-0.0401902,-0.03169715,0.0,-0.9358704,-1.773319,-0.8472432,1.0,0.03459285,-0.03772661,-0.9986891,0.0,-0.07352975,0.9964829,-0.04019021,0.0,-0.9966928,-0.07482366,-0.03169717,0.0,-0.9424586,1.668381,-1.032769,1.0,1.0,1.0,0.1494675,0.1568179,0.9762518,-0.0009939801,0.002534363,-0.0205284,63.65556,3880.0,0.175,0.104
25.0,0.2246133,0.1794481,1.000068,0.0855754,0.1527814,1.000042,0.1550939,0.1661146,1.000055,0.03439683,-0.07353053,-0.9966996,0.0,-0.03759262,0.9964888,-0.07481233,0.0,-0.998701,-0.04004186,-0.03151184,0.0,-0.9362147,-1.773182,-0.8471037,1.0,0.03439682,-0.03759263,-0.998701,0.0,-0.07353053,0.9964889,-0.04004186,0.0,-0.9966996,-0.07481234,-0.03151184,0.0,-0.9424881,1.668387,-1.032694,1.0,1.0,1.0,0.1493205,0.1564887,0.9763272,-0.000993927,0.002533562,-0.02052054,63.66667,3881.0,0.175,0.104
25.0,0.2242689,0.1794276,1.000025,0.08591694,0.153078,1.000048,0.1550935,0.1662529,1.000036,0.03456736,-0.07355548,-0.996692,0.0,-0.03755399,0.996488,-0.07484289,0.0,-0.9986966,-0.04001688,-0.03168368,0.0,-0.9361206,-1.773113,-0.8472819,1.0,0.03456739,-0.037554,-0.9986965,0.0,-0.07355548,0.996488,-0.04001688,0.0,-0.9966918,-0.07484287,-0.03168365,0.0,-0.9425419,1.668318,-1.0327,1.0,1.0,1.0,0.1493209,0.1566219,0.9763057,-0.0009949571,0.002532929,-0.02051751,63.67778,3882.0,0.175,0.104
25.0,0.2254255,0.1792161,1.00002,0.08707789,0.1527204,1.000014,0.1562516,0.1659682,1.000017,0.03427082,-0.07352832,-0.9967041,0.0,-0.03711428,0.9965084,-0.07479002,0.0,-0.9987231,-0.03955507,-0.0314222,0.0,-0.9370694,-1.772688,-0.8471791,1.0,0.0342708,-0.03711428,-0.9987232,0.0,-0.0735283,0.9965084,-0.03955507,0.0,-0.9967041,-0.07479002,-0.03142222,0.0,-0.9426155,1.668359,-1.032612,1.0,1.0,1.0,0.1504143,0.1563329,0.9761842,-0.0009963522,0.002533295,-0.0205154,63.7,3883.0,0.175,0.104
25.0,0.2252215,0.1808113,1.000087,0.08740491,0.1524325,1.000101,0.1563135,0.1666218,1.000094,0.03436714,-0.07362496,-0.9966936,0.0,-0.03671987,0.9965164,-0.07487801,0.0,-0.9987345,-0.0391718,-0.03154397,0.0,-0.9376026,-1.772369,-0.8472478,1.0,0.0343672,-0.03671986,-0.9987345,0.0,-0.07362496,0.9965164,-0.03917181,0.0,-0.9966937,-0.07487801,-0.03154393,0.0,-0.9427145,1.668326,-1.032569,1.0,1.0,1.0,0.1504478,0.1569301,0.9760832,-0.0009972453,0.002533432,-0.02051424,63.71111,3884.0,0.175,0.104
25.0,0.2261635,0.1808517,1.000133,0.08741738,0.1521126,1.000131,0.1567904,0.1664822,1.000132,0.03436613,-0.07381496,-0.9966798,0.0,-0.03613791,0.9965248,-0.07504955,0.0,-0.9987558,-0.03859709,-0.0315792,0.0,-0.9384555,-1.771878,-0.8471289,1.0,0.03436614,-0.03613792,-0.9987557,0.0,-0.07381497,0.9965249,-0.03859708,0.0,-0.9966795,-0.07504954,-0.03157917,0.0,-0.942856,1.66823,-1.032429,1.0,1.0,1.0,0.150893,0.1567828,0.9760382,-0.0009981375,0.002534279,-0.02051115,63.73333,3885.0,0.175,0.104
25.0,0.2248179,0.1805779,0.9999597,0.08277071,0.1491511,0.9999696,0.1537948,0.1648646,0.9999647,0.03434986,-0.07347836,-0.9967051,0.0,-0.03599004,0.9965558,-0.07470769,0.0,-0.9987617,-0.03843766,-0.03158706,0.0,-0.9386732,-1.771465,-0.8477513,1.0,0.03434986,-0.03599005,-0.9987617,0.0,-0.07347836,0.9965557,-0.03843766,0.0,-0.9967051,-0.07470769,-0.03158706,0.0,-0.9428791,1.668247,-1.03238,1.0,1.0,1.0,0.1481637,0.1553576,0.9766839,-0.001012001,0.002541229,-0.02051,63.74445,3886.0,0.175,0.104
25.0,0.2244042,0.1817252,1.000062,0.08240674,0.1482327,1.000044,0.153405,0.1649788,1.000053,0.03425854,-0.07368273,-0.9966933,0.0,-0.03587467,0.9965451,-0.0749049,0.0,-0.998769,-0.03832218,-0.03149682,0.0,-0.9388334,-1.771587,-0.8473251,1.0,0.03425851,-0.03587468,-0.9987687,0.0,-0.07368274,0.9965453,-0.03832217,0.0,-0.996693,-0.07490489,-0.03149683,0.0,-0.9428954,1.668317,-1.032257,1.0,1.0,1.0,0.1477888,0.1554612,0.9767243,-0.001015625,0.002541229,-0.02050225,63.75556,3887.0,0.175,0.104
25.0,0.223823,0.1810372,1.000013,0.08325131,0.1452523,1.000032,0.1535376,0.1631449,1.000023,0.03428185,-0.07363223,-0.9966962,0.0,-0.03602061,0.9965433,-0.0748599,0.0,-0.998763,-0.03846795,-0.03151107,0.0,-0.9384435,-1.771649,-0.8474965,1.0,0.03428184,-0.03602061,-0.9987627,0.0,-0.07363223,0.9965433,-0.03846794,0.0,-0.9966959,-0.07485989,-0.03151106,0.0,-0.9429752,1.668278,-1.03214,1.0,1.0,1.0,0.1479597,0.1537374,0.9769712,-0.00101886,0.002553192,-0.02050678,63.77778,3888.0,0.175,0.104
25.0,0.2238204,0.181035,1.0,0.08324797,0.145248,1.0,0.1535341,0.1631413,1.0,0.03428185,-0.07363223,-0.9966962,0.0,-0.03602061,0.9965433,-0.0748599,0.0,-0.998763,-0.03846795,-0.03151107,0.0,-0.9384435,-1.771649,-0.8474965,1.0,0.03428184,-0.03602061,-0.9987627,0.0,-0.07363223,0.9965433,-0.03846794,0.0,-0.9966959,-0.07485989,-0.03151106,0.0,-0.9429752,1.668278,-1.03214,1.0,1.0,1.0,0.1479597,0.1537374,0.9769712,-0.00101886,0.002553192,-0.02050678,63.78889,3889.0,0.175,0.104
25.0,0.2238215,0.1809556,1.000023,0.08326945,0.1450816,1.000087,0.1535467,0.1630192,1.000055,0.03459769,-0.07318551,-0.9967181,0.0,-0.03621663,0.9965683,-0.07443165,0.0,-0.9987449,-0.03867293,-0.0318284,0.0,-0.9374836,-1.771492,-0.8488073,1.0,0.03459767,-0.03621663,-0.9987448,0.0,-0.07318551,0.9965683,-0.03867294,0.0,-0.996718,-0.07443164,-0.03182843,0.0,-0.9432343,1.668282,-1.031832,1.0,1.0,1.0,0.1479668,0.153615,0.9769893,-0.001019142,0.002553269,-0.02050577,63.81111,3890.0,0.175,0.104
25.0,0.2232728,0.1807004,0.9999799,0.08366618,0.148634,0.9999917,0.1534699,0.1646672,0.9999858,0.03462988,-0.072953,-0.996734,0.0,-0.03622273,0.9965852,-0.07420062,0.0,-0.9987437,-0.038674,-0.03186911,0.0,-0.9373639,-1.771275,-0.8492786,1.0,0.03462992,-0.03622274,-0.9987435,0.0,-0.07295299,0.9965852,-0.03867399,0.0,-0.9967339,-0.07420062,-0.03186907,0.0,-0.9432639,1.668256,-1.031754,1.0,1.0,1.0,0.1478694,0.1551773,0.9767572,-0.001019225,0.002543213,-0.02049731,63.82222,3891.0,0.175,0.104
25.0,0.2243765,0.1807563,0.9999093,0.08366041,0.1485656,0.9999561,0.1540192,0.1646612,0.9999326,0.03485125,-0.0725354,-0.9967569,0.0,-0.03602693,0.9966232,-0.07378536,0.0,-0.998743,-0.03848161,-0.03212035,0.0,-0.9374326,-1.770769,-0.8502907,1.0,0.03485126,-0.03602693,-0.9987429,0.0,-0.0725354,0.9966231,-0.0384816,0.0,-0.9967566,-0.07378534,-0.03212033,0.0,-0.9433056,1.668277,-1.031708,1.0,1.0,1.0,0.1483924,0.1551675,0.9766795,-0.001020134,0.002543213,-0.02049647,63.83334,3892.0,0.175,0.104
25.0,0.2231382,0.1805677,0.99972,0.0829023,0.1489559,0.9997444,0.1530209,0.1647621,0.9997322,0.03497314,-0.07197639,-0.9967932,0.0,-0.03561609,0.9966798,-0.07321783,0.0,-0.9987535,-0.03806254,-0.0322935,0.0,-0.9378471,-1.769928,-0.8512617,1.0,0.03497313,-0.0356161,-0.9987533,0.0,-0.07197638,0.9966798,-0.03806252,0.0,-0.9967929,-0.07321782,-0.0322935,0.0,-0.9431252,1.668321,-1.031536,1.0,1.0,1.0,0.1474843,0.155315,0.9767935,-0.001021408,0.002540833,-0.02049313,63.85556,3893.0,0.175,0.104
25.0,0.2235459,0.1813218,0.999799,0.08239026,0.1490161,0.9998035,0.1529681,0.165169,0.9998013,0.03499836,-0.07192935,-0.9967955,0.0,-0.03566878,0.9966812,-0.07317346,0.0,-0.9987507,-0.03811544,-0.03231657,0.0,-0.9376897,-1.769944,-0.8511735,1.0,0.03499835,-0.03566879,-0.9987506,0.0,-0.07192934,0.9966812,-0.03811543,0.0,-0.9967955,-0.07317346,-0.03231657,0.0,-0.9429392,1.668341,-1.031487,1.0,1.0,1.0,0.1474181,0.1556879,0.9767442,-0.001022361,0.002539986,-0.02048894,63.86667,3894.0,0.175,0.104
25.0,0.2233784,0.1842051,0.9999205,0.08237486,0.1502252,0.9999563,0.1528772,0.1672157,0.9999384,0.03547126,-0.07206984,-0.9967687,0.0,-0.03489705,0.9966987,-0.07330664,0.0,-0.9987612,-0.03738456,-0.03283912,0.0,-0.9384749,-1.769287,-0.8514146,1.0,0.03547125,-0.03489706,-0.9987613,0.0,-0.07206984,0.9966987,-0.03738457,0.0,-0.9967686,-0.07330664,-0.03283914,0.0,-0.9428867,1.668282,-1.031416,1.0,1.0,1.0,0.1472709,0.1575838,0.9764623,-0.001023889,0.002537247,-0.02048385,63.88889,3895.0,0.175,0.104
25.0,0.2240233,0.1844614,0.9999361,0.08258103,0.1512111,0.9999691,0.1533028,0.1678363,0.9999527,0.0356611,-0.07208537,-0.9967609,0.0,-0.03429923,0.9967192,-0.0733095,0.0,-0.9987753,-0.03680244,-0.03307164,0.0,-0.9392219,-1.76874,-0.8516312,1.0,0.0356611,-0.03429924,-0.9987751,0.0,-0.07208536,0.9967192,-0.03680242,0.0,-0.9967606,-0.07330949,-0.03307163,0.0,-0.942879,1.66829,-1.03133,1.0,1.0,1.0,0.1476548,0.1581538,0.9763122,-0.00102452,0.002535591,-0.02047951,63.9,3896.0,0.175,0.104
25.0,0.2243441,0.1860185,0.9998645,0.08089648,0.1544311,0.999919,0.1526212,0.1702251,0.9998918,0.03624696,-0.07164831,-0.9967712,0.0,-0.03372986,0.9967706,-0.07287483,0.0,-0.9987735,-0.03626245,-0.03371322,0.0,-0.9394242,-1.767819,-0.8531222,1.0,0.03624696,-0.03372986,-0.9987734,0.0,-0.07164831,0.9967706,-0.03626244,0.0,-0.9967711,-0.07287484,-0.03371321,0.0,-0.9429774,1.668252,-1.031139,1.0,1.0,1.0,0.1469803,0.1604189,0.9760443,-0.001030441,0.002524666,-0.02045691,63.92222,3897.0,0.175,0.104
25.0,0.2224415,0.1854866,1.000131,0.08130051,0.1560225,1.000169,0.1518719,0.170755,1.00015,0.03646898,-0.07155538,-0.9967697,0.0,-0.0333809,0.9967894,-0.07277811,0.0,-0.9987771,-0.03592721,-0.03396332,0.0,-0.9396524,-1.767404,-0.853745,1.0,0.036469,-0.0333809,-0.9987772,0.0,-0.07155538,0.9967894,-0.03592721,0.0,-0.9967696,-0.07277811,-0.03396331,0.0,-0.9431862,1.66823,-1.030997,1.0,1.0,1.0,0.1462326,0.1608936,0.9760785,-0.001030387,0.002523079,-0.02044737,63.93333,3898.0,0.175,0.104
25.0,0.2224168,0.1854635,1.0,0.0812815,0.1559974,1.0,0.1518493,0.1707302,1.0,0.03646898,-0.07155538,-0.9967697,0.0,-0.0333809,0.9967894,-0.07277811,0.0,-0.9987771,-0.03592721,-0.03396332,0.0,-0.9396524,-1.767404,-0.853745,1.0,0.036469,-0.0333809,-0.9987772,0.0,-0.07155538,0.9967894,-0.03592721,0.0,-0.9967696,-0.07277811,-0.03396331,0.0,-0.9431862,1.66823,-1.030997,1.0,1.0,1.0,0.1462326,0.1608936,0.9760785,-0.001030387,0.002523079,-0.02044737,63.94445,3899.0,0.175,0.104
25.0,0.2223846,0.1848982,1.000282,0.08209759,0.1594436,1.000361,0.1522428,0.1721714,1.000321,0.03758889,-0.07120428,-0.9967534,0.0,-0.03287032,0.9968303,-0.07244938,0.0,-0.9987527,-0.03548689,-0.03512919,0.0,-0.9393211,-1.766779,-0.8559116,1.0,0.03758883,-0.03287032,-0.9987525,0.0,-0.07120427,0.9968302,-0.03548688,0.0,-0.9967531,-0.07244935,-0.03512923,0.0,-0.9436268,1.668293,-1.030914,1.0,1.0,1.0,0.1465253,0.1621826,0.9758213,-0.001030656,0.00251957,-0.02043974,63.96667,3900.0,0.175,0.104
25.0,0.2235232,0.1849758,1.000119,0.08225135,0.1601205,1.000116,0.1528872,0.1725481,1.000118,0.03757536,-0.07123834,-0.9967513,0.0,-0.03289515,0.9968269,-0.07248382,0.0,-0.9987522,-0.03551189,-0.03511274,0.0,-0.9392031,-1.766763,-0.8559445,1.0,0.03757536,-0.03289514,-0.9987521,0.0,-0.07123833,0.996827,-0.03551189,0.0,-0.9967513,-0.07248382,-0.03511273,0.0,-0.9437342,1.66822,-1.030827,1.0,1.0,1.0,0.147151,0.1625494,0.9756661,-0.001034362,0.002519768,-0.02043885,63.97778,3901.0,0.175,0.104
25.0,0.2235891,0.1860081,1.000026,0.08241384,0.1598682,1.00004,0.1530017,0.1729385,1.000033,0.03791571,-0.07124904,-0.9967377,0.0,-0.03335328,0.9968089,-0.07252289,0.0,-0.9987242,-0.03599423,-0.03541833,0.0,-0.9380454,-1.767259,-0.8561351,1.0,0.03791571,-0.03335328,-0.998724,0.0,-0.07124905,0.996809,-0.03599422,0.0,-0.9967377,-0.07252289,-0.03541832,0.0,-0.943691,1.668244,-1.030783,1.0,1.0,1.0,0.1472622,0.1629227,0.9755871,-0.001034912,0.002520645,-0.02043506,64.0,3902.0,0.175,0.104
25.0,0.2251028,0.1861059,0.9997403,0.08217427,0.159263,0.9997239,0.1536382,0.1726843,0.999732,0.03781712,-0.07125133,-0.9967413,0.0,-0.033565,0.9968013,-0.07252911,0.0,-0.9987209,-0.03619847,-0.03530461,0.0,-0.9377623,-1.767462,-0.8557237,1.0,0.03781711,-0.033565,-0.9987207,0.0,-0.07125133,0.9968014,-0.03619846,0.0,-0.9967412,-0.07252911,-0.0353046,0.0,-0.9434056,1.668267,-1.030753,1.0,1.0,1.0,0.1479057,0.1627175,0.9755239,-0.001035454,0.002520897,-0.02043145,64.01112,3903.0,0.175,0.104
25.0,0.2254176,0.1867425,0.9999794,0.08218916,0.159468,1.000001,0.1538041,0.1731054,0.9999902,0.03793019,-0.07156146,-0.9967147,0.0,-0.03411088,0.9967585,-0.0728627,0.0,-0.998698,-0.03676251,-0.03536624,0.0,-0.9367262,-1.768282,-0.8552192,1.0,0.03793021,-0.03411088,-0.998698,0.0,-0.07156146,0.9967585,-0.03676251,0.0,-0.9967148,-0.07286269,-0.03536621,0.0,-0.9434202,1.668284,-1.030759,1.0,1.0,1.0,0.1480186,0.1630663,0.9754485,-0.001038323,0.002521523,-0.02042695,64.03333,3904.0,0.175,0.104
25.0,0.2257344,0.1859891,1.000064,0.08311983,0.1604095,1.000023,0.1544265,0.1731991,1.000044,0.03767586,-0.07160184,-0.9967215,0.0,-0.03447218,0.9967428,-0.07290642,0.0,-0.9986953,-0.03710597,-0.03508484,0.0,-0.9363539,-1.768665,-0.8548537,1.0,0.03767583,-0.03447218,-0.9986953,0.0,-0.07160185,0.9967428,-0.03710598,0.0,-0.9967214,-0.07290641,-0.03508487,0.0,-0.9434127,1.668302,-1.030753,1.0,1.0,1.0,0.1485946,0.1631304,0.9753502,-0.001041831,0.002522736,-0.02042326,64.04445,3905.0,0.175,0.104
25.0,0.2261474,0.1856843,0.9998456,0.08325192,0.1629332,0.9998139,0.1546991,0.1743086,0.9998297,0.03747845,-0.07170495,-0.9967215,0.0,-0.03459434,0.9967313,-0.07300647,0.0,-0.9986985,-0.0372171,-0.03487539,0.0,-0.9363599,-1.768852,-0.85425,1.0,0.03747848,-0.03459434,-0.9986984,0.0,-0.07170495,0.9967313,-0.03721709,0.0,-0.9967214,-0.07300647,-0.03487535,0.0,-0.9431914,1.668312,-1.030765,1.0,1.0,1.0,0.1488552,0.1641934,0.975132,-0.001042793,0.002518532,-0.02041663,64.05556,3906.0,0.175,0.104
25.0,0.2265173,0.1859708,1.000074,0.0837429,0.16299,1.000039,0.1551294,0.17448,1.000056,0.0368914,-0.07194448,-0.9967262,0.0,-0.03531275,0.9966883,-0.07324877,0.0,-0.9986952,-0.03789939,-0.03422868,0.0,-0.9356962,-1.769634,-0.8531783,1.0,0.03689141,-0.03531275,-0.9986952,0.0,-0.07194449,0.9966884,-0.03789939,0.0,-0.9967262,-0.07324877,-0.03422867,0.0,-0.9431813,1.668237,-1.030746,1.0,1.0,1.0,0.1492225,0.1643092,0.9750565,-0.001043198,0.00251841,-0.02041377,64.07778,3907.0,0.175,0.104
25.0,0.2267186,0.1857343,1.000316,0.08324103,0.1625577,1.000253,0.1549786,0.1741456,1.000284,0.03649151,-0.07208417,-0.9967308,0.0,-0.0355614,0.9966697,-0.0733817,0.0,-0.9987011,-0.03812295,-0.03380662,0.0,-0.9357013,-1.769988,-0.8527197,1.0,0.03649156,-0.03556139,-0.998701,0.0,-0.07208416,0.9966697,-0.03812295,0.0,-0.9967308,-0.0733817,-0.03380657,0.0,-0.9433748,1.668245,-1.03079,1.0,1.0,1.0,0.14906,0.1639679,0.9751388,-0.001044647,0.002518563,-0.02040679,64.08889,3908.0,0.175,0.104
25.0,0.2268222,0.1857934,1.000056,0.08387762,0.1600454,1.000018,0.155349,0.1729191,1.000037,0.03621006,-0.07195261,-0.9967507,0.0,-0.0356495,0.9966768,-0.07324237,0.0,-0.9987082,-0.03818578,-0.03352463,0.0,-0.9358201,-1.769952,-0.852695,1.0,0.03621003,-0.03564951,-0.9987081,0.0,-0.0719526,0.9966769,-0.03818577,0.0,-0.9967504,-0.07324237,-0.03352465,0.0,-0.9433906,1.668255,-1.030784,1.0,1.0,1.0,0.1494698,0.1628502,0.9752633,-0.001044647,0.00252478,-0.02040413,64.11111,3909.0,0.175,0.104
25.0,0.2265274,0.1857093,1.000014,0.08378773,0.1599996,0.9999467,0.1551564,0.1728539,0.9999804,0.03569955,-0.07173789,-0.9967845,0.0,-0.03567644,0.996693,-0.07300904,0.0,-0.9987256,-0.03816812,-0.03302217,0.0,-0.9362314,-1.769858,-0.8525363,1.0,0.03569958,-0.03567644,-0.9987255,0.0,-0.07173789,0.996693,-0.03816811,0.0,-0.9967844,-0.07300904,-0.03302213,0.0,-0.9433377,1.668361,-1.030743,1.0,1.0,1.0,0.1492994,0.1628032,0.9752973,-0.001044824,0.00252478,-0.02040286,64.12222,3910.0,0.175,0.104
25.0,0.226524,0.1855136,0.9999462,0.08264573,0.1599919,0.9999238,0.1545845,0.1727526,0.999935,0.03551286,-0.07166839,-0.9967961,0.0,-0.03544989,0.9967072,-0.07292496,0.0,-0.9987403,-0.03792609,-0.03285533,0.0,-0.9367619,-1.769497,-0.8524377,1.0,0.03551291,-0.0354499,-0.9987404,0.0,-0.07166839,0.9967073,-0.0379261,0.0,-0.9967961,-0.07292497,-0.0328553,0.0,-0.9432565,1.668299,-1.030699,1.0,1.0,1.0,0.1487737,0.1627294,0.97539,-0.001044824,0.00252478,-0.02040151,64.13333,3911.0,0.175,0.104
25.0,0.2265491,0.1854245,0.9999037,0.08373664,0.1599238,0.9998788,0.1551424,0.1726741,0.9998913,0.03508937,-0.07128881,-0.9968383,0.0,-0.03520346,0.9967454,-0.07252135,0.0,-0.9987639,-0.03763689,-0.03246558,0.0,-0.9375442,-1.768923,-0.8526596,1.0,0.0350894,-0.03520346,-0.998764,0.0,-0.0712888,0.9967453,-0.03763689,0.0,-0.9968383,-0.07252134,-0.03246556,0.0,-0.9431702,1.668324,-1.030644,1.0,1.0,1.0,0.1492998,0.1626501,0.9753228,-0.001041069,0.002524681,-0.02040006,64.15556,3912.0,0.175,0.104
25.0,0.2272817,0.1859997,0.9999481,0.08346215,0.1600632,0.9999724,0.1553723,0.1730316,0.9999603,0.03526324,-0.07132103,-0.9968299,0.0,-0.03519288,0.996743,-0.07255977,0.0,-0.9987583,-0.03764001,-0.03263837,0.0,-0.9373875,-1.768942,-0.8527473,1.0,0.03526322,-0.03519289,-0.9987582,0.0,-0.07132103,0.996743,-0.03764001,0.0,-0.9968298,-0.07255977,-0.03263839,0.0,-0.9431514,1.668316,-1.030639,1.0,1.0,1.0,0.149494,0.1629689,0.9752398,-0.001038316,0.002522606,-0.02040028,64.16667,3913.0,0.175,0.104
25.0,0.2277512,0.1868132,0.9997931,0.08370164,0.1597417,0.9998408,0.1557271,0.1732776,0.9998169,0.03523582,-0.07079092,-0.9968687,0.0,-0.03486483,0.9967938,-0.07201795,0.0,-0.9987708,-0.03729327,-0.03265476,0.0,-0.9378814,-1.768069,-0.8536154,1.0,0.03523584,-0.03486482,-0.9987705,0.0,-0.07079091,0.9967937,-0.03729326,0.0,-0.9968686,-0.07201795,-0.03265473,0.0,-0.9430586,1.668226,-1.03054,1.0,1.0,1.0,0.1498364,0.1632125,0.9751465,-0.001034264,0.002521607,-0.02039952,64.18889,3914.0,0.175,0.104
25.0,0.2266173,0.185596,0.9999021,0.0826557,0.1609237,0.9999131,0.1546366,0.1732597,0.9999076,0.03523773,-0.07041986,-0.9968948,0.0,-0.03472787,0.9968256,-0.07164251,0.0,-0.9987754,-0.03714455,-0.03268033,0.0,-0.9380566,-1.767592,-0.8542674,1.0,0.03523772,-0.03472787,-0.9987754,0.0,-0.07041987,0.9968257,-0.03714456,0.0,-0.9968948,-0.07164251,-0.03268034,0.0,-0.9430333,1.668203,-1.030482,1.0,1.0,1.0,0.1488022,0.1632065,0.9753059,-0.001031525,0.002522858,-0.02040089,64.2,3915.0,0.175,0.104
25.0,0.2272188,0.1855317,0.9999007,0.08453336,0.1551096,0.9999127,0.1558763,0.1703207,0.9999067,0.03535801,-0.07026786,-0.9969014,0.0,-0.03433292,0.9968508,-0.07148201,0.0,-0.9987849,-0.036754,-0.03283417,0.0,-0.9385287,-1.767056,-0.8544201,1.0,0.03535802,-0.03433293,-0.9987847,0.0,-0.07026785,0.9968508,-0.03675399,0.0,-0.9969013,-0.071482,-0.03283416,0.0,-0.9427552,1.668193,-1.030389,1.0,1.0,1.0,0.1500178,0.1604243,0.9755812,-0.001020211,0.002540413,-0.02040824,64.22222,3916.0,0.175,0.104
25.0,0.2265351,0.185923,1.000085,0.0844346,0.1556229,1.000095,0.155485,0.1707731,1.00009,0.03545117,-0.07042281,-0.996887,0.0,-0.03418897,0.9968448,-0.07163565,0.0,-0.9987864,-0.03662211,-0.03293163,0.0,-0.938792,-1.766956,-0.854331,1.0,0.03545117,-0.03418897,-0.9987865,0.0,-0.07042282,0.9968447,-0.03662211,0.0,-0.9968871,-0.07163565,-0.03293164,0.0,-0.9428242,1.668084,-1.030497,1.0,1.0,1.0,0.1496152,0.1608268,0.9755768,-0.001018723,0.002540871,-0.02040582,64.23334,3917.0,0.175,0.104
25.0,0.2261399,0.1864936,1.000008,0.08442587,0.1558821,0.9999849,0.1552823,0.1711877,0.9999967,0.03531057,-0.07062679,-0.9968778,0.0,-0.03395827,0.9968389,-0.07182688,0.0,-0.9987994,-0.0363885,-0.03280056,0.0,-0.9392821,-1.766858,-0.8538119,1.0,0.03531053,-0.03395828,-0.9987991,0.0,-0.07062679,0.9968389,-0.03638848,0.0,-0.9968775,-0.07182688,-0.03280057,0.0,-0.9427668,1.66805,-1.030453,1.0,1.0,1.0,0.1494291,0.1612314,0.9755385,-0.001018364,0.002541847,-0.02040352,64.24445,3918.0,0.175,0.104
25.0,0.2263596,0.1865356,1.000017,0.08441505,0.1576107,1.000053,0.1553881,0.1720733,1.000035,0.03555262,-0.07060052,-0.9968709,0.0,-0.03391095,0.9968418,-0.07180788,0.0,-0.9987923,-0.03635779,-0.03304619,0.0,-0.9390854,-1.766804,-0.8541678,1.0,0.0355526,-0.03391095,-0.9987923,0.0,-0.07060053,0.9968419,-0.0363578,0.0,-0.9968708,-0.07180788,-0.03304621,0.0,-0.9428454,1.668043,-1.030415,1.0,1.0,1.0,0.1495023,0.1620477,0.975392,-0.001018364,0.002542137,-0.02040154,64.26667,3919.0,0.175,0.104
25.0,0.226454,0.1866495,0.9997085,0.08424193,0.1568051,0.9997784,0.1553491,0.1717277,0.9997435,0.03595579,-0.07019775,-0.996885,0.0,-0.03363752,0.9968796,-0.07141063,0.0,-0.9987872,-0.03610037,-0.03348231,0.0,-0.9390266,-1.766096,-0.8551096,1.0,0.03595578,-0.03363752,-0.998787,0.0,-0.07019775,0.9968796,-0.03610036,0.0,-0.9968848,-0.07141063,-0.0334823,0.0,-0.9426582,1.667935,-1.030275,1.0,1.0,1.0,0.1495152,0.161771,0.975436,-0.001018738,0.002542389,-0.02039992,64.28889,3920.0,0.175,0.104
25.0,0.2263641,0.1892491,0.9997519,0.08401866,0.1577139,0.9998126,0.1551928,0.1734819,0.9997822,0.0362131,-0.06943908,-0.9969288,0.0,-0.03361873,0.9969337,-0.07066062,0.0,-0.9987786,-0.03607432,-0.03376758,0.0,-0.9387911,-1.765438,-0.8566494,1.0,0.03621307,-0.03361873,-0.9987784,0.0,-0.06943908,0.9969338,-0.03607431,0.0,-0.9969286,-0.07066063,-0.0337676,0.0,-0.9426121,1.667933,-1.030258,1.0,1.0,1.0,0.1493243,0.1634001,0.9751936,-0.001019616,0.002544785,-0.02039462,64.3,3921.0,0.175,0.104
25.0,0.2261633,0.188331,0.9997357,0.08401224,0.157758,0.999789,0.1550889,0.1730448,0.9997624,0.03645086,-0.06883638,-0.9969619,0.0,-0.03351197,0.9969795,-0.07006287,0.0,-0.9987734,-0.035964,-0.03403395,0.0,-0.938704,-1.764847,-0.8578571,1.0,0.0364509,-0.03351197,-0.9987734,0.0,-0.06883638,0.9969795,-0.035964,0.0,-0.9969618,-0.07006286,-0.03403392,0.0,-0.9425198,1.667954,-1.03022,1.0,1.0,1.0,0.1492431,0.1629972,0.9752735,-0.001022103,0.002546532,-0.02039196,64.31111,3922.0,0.175,0.104
25.0,0.225611,0.1897922,0.9998235,0.0837657,0.1578948,0.9998608,0.154689,0.1738436,0.9998422,0.03660011,-0.06832723,-0.9969915,0.0,-0.03351611,0.9970146,-0.06955922,0.0,-0.9987679,-0.03596115,-0.03420079,0.0,-0.9385276,-1.764366,-0.8588504,1.0,0.03660011,-0.03351611,-0.9987676,0.0,-0.06832723,0.9970146,-0.03596114,0.0,-0.9969914,-0.06955922,-0.03420078,0.0,-0.9424704,1.667902,-1.030193,1.0,1.0,1.0,0.1488408,0.1637375,0.975211,-0.001023124,0.002546959,-0.02039027,64.32223,3923.0,0.175,0.104
25.0,0.2259144,0.18979,0.999851,0.08534071,0.1579734,0.9998887,0.1556284,0.173882,0.9998698,0.03701609,-0.0673084,-0.9970453,0.0,-0.03367663,0.9970784,-0.06856091,0.0,-0.9987471,-0.03611499,-0.03464127,0.0,-0.937747,-1.763513,-0.8609816,1.0,0.03701613,-0.03367663,-0.998747,0.0,-0.0673084,0.9970785,-0.03611498,0.0,-0.9970453,-0.06856091,-0.03464122,0.0,-0.9424252,1.667751,-1.030087,1.0,1.0,1.0,0.1497146,0.1637467,0.9750757,-0.00102375,0.002547295,-0.02038959,64.34444,3924.0,0.175,0.104
25.0,0.2274987,0.1897437,0.9999383,0.08592985,0.1582533,0.9999524,0.1567146,0.1739987,0.9999453,0.0370695,-0.06704857,-0.9970609,0.0,-0.03383402,0.9970904,-0.06830847,0.0,-0.9987398,-0.03626674,-0.03469312,0.0,-0.9374221,-1.763504,-0.8614669,1.0,0.0370695,-0.03383402,-0.9987397,0.0,-0.06704858,0.9970904,-0.03626673,0.0,-0.9970609,-0.06830846,-0.03469311,0.0,-0.9424256,1.667811,-1.030084,1.0,1.0,1.0,0.1507166,0.1638181,0.9749092,-0.001024566,0.002547516,-0.02038876,64.35556,3925.0,0.175,0.104
25.0,0.2289746,0.1898808,0.9998665,0.08596018,0.1585046,0.9999176,0.1574684,0.1741927,0.9998921,0.03762418,-0.06693319,-0.9970478,0.0,-0.03397512,0.9970918,-0.06821822,0.0,-0.9987143,-0.03644148,-0.03524071,0.0,-0.9366224,-1.763546,-0.8619736,1.0,0.0376242,-0.03397512,-0.9987142,0.0,-0.0669332,0.9970918,-0.03644148,0.0,-0.9970478,-0.06821822,-0.03524069,0.0,-0.9422291,1.667793,-1.030061,1.0,1.0,1.0,0.1514244,0.1639898,0.9747708,-0.001025345,0.002546829,-0.02038766,64.37778,3926.0,0.175,0.104
25.0,0.2284566,0.1897033,0.9999079,0.08357628,0.1616517,0.9999061,0.1560166,0.1756776,0.9999069,0.03767914,-0.06728911,-0.9970218,0.0,-0.03394334,0.9970683,-0.06857504,0.0,-0.9987133,-0.03642609,-0.03528464,0.0,-0.9365582,-1.763796,-0.8612525,1.0,0.03767912,-0.03394334,-0.9987133,0.0,-0.06728912,0.9970683,-0.03642609,0.0,-0.9970219,-0.06857504,-0.03528466,0.0,-0.9420831,1.667775,-1.02999,1.0,1.0,1.0,0.1500388,0.1654126,0.9747446,-0.001032257,0.002536507,-0.02037791,64.38889,3927.0,0.175,0.104
25.0,0.2285482,0.189926,0.9999291,0.08325103,0.1640949,0.999949,0.1559,0.1770104,0.999939,0.03783137,-0.06738914,-0.9970094,0.0,-0.03389366,0.9970629,-0.06867886,0.0,-0.9987093,-0.03639052,-0.03543621,0.0,-0.9364882,-1.763833,-0.8611694,1.0,0.03783138,-0.03389366,-0.998709,0.0,-0.06738913,0.9970629,-0.0363905,0.0,-0.997009,-0.06867884,-0.03543618,0.0,-0.9420283,1.667768,-1.029982,1.0,1.0,1.0,0.1498966,0.1666531,0.9745551,-0.001034006,0.0025327,-0.02037113,64.4,3928.0,0.175,0.104
25.0,0.2281377,0.1919203,0.9998763,0.08498079,0.1697927,0.9998763,0.1565591,0.1808563,0.9998763,0.03784406,-0.06752595,-0.9969995,0.0,-0.03377359,0.9970578,-0.06881186,0.0,-0.9987128,-0.03627637,-0.03545213,0.0,-0.9367005,-1.763896,-0.86081,1.0,0.03784407,-0.03377359,-0.9987128,0.0,-0.06752594,0.9970577,-0.03627637,0.0,-0.9969996,-0.06881187,-0.03545213,0.0,-0.9418873,1.667836,-1.03,1.0,1.0,1.0,0.1504302,0.1702293,0.9738547,-0.001035104,0.002520073,-0.02035668,64.42223,3929.0,0.175,0.104
1.0,-0.09847204,-0.1533162,1.000032,-0.212436,-0.1748969,0.99999,-0.1554546,-0.1641068,1.000011,0.02523792,-0.05479026,-0.9981789,0.0,-0.05733016,0.9967743,-0.0561627,0.0,-0.9980362,-0.05864318,-0.02201533,0.0,-0.922815,-1.774113,-0.8729859,1.0,0.02523788,-0.05733015,-0.9980362,0.0,-0.05479026,0.9967743,-0.05864318,0.0,-0.9981788,-0.0561627,-0.02201537,0.0,-0.9453103,1.666456,-1.044262,1.0,1.0,1.0,-0.149519,-0.1579149,0.9760671,0.001073739,0.001211006,-0.02181317,77.02222,4702.0,-0.175,-0.246
1.0,-0.09999803,-0.1593001,1.000165,-0.2112369,-0.1741649,1.000176,-0.1556172,-0.1667326,1.00017,0.02540082,-0.05527996,-0.9981478,0.0,-0.05718828,0.9967544,-0.05665812,0.0,-0.9980403,-0.05852152,-0.02215701,0.0,-0.9229426,-1.774423,-0.8725038,1.0,0.02540082,-0.05718829,-0.9980403,0.0,-0.05527996,0.9967545,-0.05852151,0.0,-0.9981477,-0.05665812,-0.02215701,0.0,-0.9455341,1.666448,-1.044308,1.0,1.0,1.0,-0.1495885,-0.1603307,0.9756625,0.001073456,0.001210266,-0.02181466,77.03333,4703.0,-0.175,-0.246
1.0,-0.1072,-0.1550976,1.000123,-0.211046,-0.174853,1.000112,-0.1591232,-0.1649755,1.000117,0.02528214,-0.05525368,-0.9981523,0.0,-0.05706331,0.9967636,-0.05662216,0.0,-0.9980505,-0.0583894,-0.02204734,0.0,-0.9233634,-1.774296,-0.8725833,1.0,0.02528212,-0.05706331,-0.9980503,0.0,-0.05525368,0.9967636,-0.0583894,0.0,-0.9981522,-0.05662217,-0.02204736,0.0,-0.9456628,1.666456,-1.044401,1.0,1.0,1.0,-0.1529089,-0.1586196,0.9754274,0.001076309,0.001206902,-0.0218177,77.04445,4704.0,-0.175,-0.246
1.0,-0.1013853,-0.1559456,1.000048,-0.2109465,-0.1754781,1.000035,-0.1561661,-0.165712,1.000041,0.02510613,-0.05596455,-0.9981171,0.0,-0.05718344,0.9967166,-0.05732439,0.0,-0.998048,-0.05851496,-0.02182347,0.0,-0.9234068,-1.775152,-0.8715121,1.0,0.02510614,-0.05718344,-0.9980479,0.0,-0.05596455,0.9967166,-0.05851495,0.0,-0.998117,-0.05732439,-0.02182345,0.0,-0.9460334,1.666561,-1.044497,1.0,1.0,1.0,-0.1501483,-0.1593864,0.9757313,0.001079934,0.001208756,-0.02181355,77.06667,4705.0,-0.175,-0.246
1.0,-0.100438,-0.1557621,1.000154,-0.2092747,-0.1765626,1.000152,-0.1548562,-0.1661623,1.000153,0.02519709,-0.05623474,-0.9980996,0.0,-0.05804179,0.99665,-0.05761834,0.0,-0.9979962,-0.0593833,-0.02184868,0.0,-0.9218183,-1.77631,-0.8713903,1.0,0.02519705,-0.0580418,-0.9979961,0.0,-0.05623474,0.9966501,-0.0593833,0.0,-0.9980996,-0.05761834,-0.02184871,0.0,-0.9463975,1.666648,-1.044493,1.0,1.0,1.0,-0.1489031,-0.1598233,0.9758506,0.001083352,0.001213623,-0.02181252,77.08889,4706.0,-0.175,-0.246
1.0,-0.09906282,-0.1556997,1.000356,-0.2093382,-0.1768665,1.000378,-0.1542002,-0.1662831,1.000367,0.02542096,-0.05630973,-0.9980896,0.0,-0.05821591,0.9966345,-0.05771037,0.0,-0.9979803,-0.05957175,-0.02205729,0.0,-0.9212914,-1.776498,-0.8717925,1.0,0.02542097,-0.05821591,-0.9979803,0.0,-0.05630973,0.9966345,-0.05957175,0.0,-0.9980897,-0.05771037,-0.02205729,0.0,-0.9467411,1.666574,-1.044489,1.0,1.0,1.0,-0.1482615,-0.1599188,0.9759326,0.001086898,0.001213623,-0.02181252,77.1,4707.0,-0.175,-0.246
1.0,-0.09828011,-0.1558108,1.00021,-0.2080369,-0.1762127,1.000222,-0.1531582,-0.1660116,1.000216,0.025527,-0.05631984,-0.9980865,0.0,-0.05822306,0.9966332,-0.05772695,0.0,-0.9979773,-0.05958525,-0.02216196,0.0,-0.9212031,-1.776596,-0.8720728,1.0,0.02552702,-0.05822306,-0.9979771,0.0,-0.05631984,0.9966332,-0.05958524,0.0,-0.9980864,-0.05772694,-0.02216194,0.0,-0.946946,1.666637,-1.044525,1.0,1.0,1.0,-0.1473185,-0.1597093,0.9761097,0.001090569,0.001210602,-0.02181275,77.11111,4708.0,-0.175,-0.246
1.0,-0.09820379,-0.1554286,1.000064,-0.2068758,-0.1759892,1.000075,-0.1525396,-0.1657089,1.000069,0.02567881,-0.05630475,-0.9980834,0.0,-0.05815147,0.9966378,-0.05771933,0.0,-0.9979776,-0.05952219,-0.02231824,0.0,-0.9211964,-1.776535,-0.8724713,1.0,0.02567878,-0.05815147,-0.9979773,0.0,-0.05630475,0.9966378,-0.05952217,0.0,-0.9980832,-0.05771932,-0.02231827,0.0,-0.9471711,1.666635,-1.044548,1.0,1.0,1.0,-0.1467709,-0.1594623,0.9762326,0.001094284,0.001209938,-0.02181297,77.13334,4709.0,-0.175,-0.246
1.0,-0.09809306,-0.1556921,1.000187,-0.2060965,-0.1753454,1.000191,-0.1520948,-0.165519,1.000189,0.02570516,-0.05630479,-0.9980828,0.0,-0.05805195,0.9966436,-0.05771871,0.0,-0.9979826,-0.05942432,-0.02235031,0.0,-0.9213855,-1.776425,-0.8726887,1.0,0.02570519,-0.05805196,-0.9979825,0.0,-0.05630479,0.9966437,-0.05942431,0.0,-0.9980826,-0.05771871,-0.02235028,0.0,-0.9473522,1.666604,-1.044594,1.0,1.0,1.0,-0.1463463,-0.1592756,0.9763268,0.001098229,0.001208481,-0.02181453,77.14445,4710.0,-0.175,-0.246
1.0,-0.09784655,-0.1556697,1.000175,-0.2040565,-0.1751855,1.000172,-0.1509517,-0.1654277,1.000173,0.02578014,-0.05651768,-0.9980687,0.0,-0.05800438,0.9966339,-0.05793469,0.0,-0.9979833,-0.05938592,-0.0224151,0.0,-0.9213037,-1.776542,-0.8728392,1.0,0.02578015,-0.05800438,-0.9979835,0.0,-0.05651768,0.9966339,-0.05938592,0.0,-0.9980687,-0.05793469,-0.02241509,0.0,-0.9478081,1.666555,-1.044512,1.0,1.0,1.0,-0.1452848,-0.1592181,0.9764947,0.00110215,0.001208138,-0.02181628,77.16667,4711.0,-0.175,-0.246
1.0,-0.09708707,-0.1552179,1.000295,-0.2034478,-0.1745615,1.000286,-0.1502675,-0.1648897,1.00029,0.02570564,-0.05656669,-0.9980679,0.0,-0.05793858,0.9966352,-0.05797773,0.0,-0.9979892,-0.059317,-0.02234179,0.0,-0.9214696,-1.776563,-0.8729988,1.0,0.02570568,-0.05793859,-0.9979892,0.0,-0.05656669,0.9966352,-0.05931699,0.0,-0.9980679,-0.05797773,-0.02234175,0.0,-0.9481193,1.666582,-1.044501,1.0,1.0,1.0,-0.1446428,-0.1587131,0.9766722,0.001104095,0.001206635,-0.02181716,77.17778,4712.0,-0.175,-0.246
1.0,-0.09691672,-0.1567572,1.000235,-0.2026627,-0.1744329,1.000236,-0.1497898,-0.1655949,1.000236,0.02575964,-0.05658406,-0.9980656,0.0,-0.05756358,0.9966562,-0.05798986,0.0,-0.9980096,-0.05894602,-0.02241635,0.0,-0.9220753,-1.776304,-0.8733787,1.0,0.02575966,-0.05756358,-0.9980094,0.0,-0.05658405,0.9966562,-0.05894601,0.0,-0.9980653,-0.05798985,-0.02241632,0.0,-0.9484471,1.666639,-1.044524,1.0,1.0,1.0,-0.1441871,-0.1593875,0.9766298,0.001103898,0.001206139,-0.02182002,77.2,4713.0,-0.175,-0.246
1.0,-0.09733169,-0.1555621,1.000244,-0.2030555,-0.1740702,1.000258,-0.1501934,-0.1648162,1.000251,0.0258249,-0.05642878,-0.9980726,0.0,-0.05724199,0.996684,-0.0578314,0.0,-0.9980264,-0.05862515,-0.02250922,0.0,-0.9225401,-1.775892,-0.874081,1.0,0.02582495,-0.05724199,-0.9980262,0.0,-0.05642878,0.9966839,-0.05862514,0.0,-0.9980725,-0.05783139,-0.02250917,0.0,-0.948783,1.666645,-1.044506,1.0,1.0,1.0,-0.144579,-0.1586505,0.9766918,0.001103569,0.001206024,-0.02182322,77.22222,4714.0,-0.175,-0.246
1.0,-0.09633907,-0.1554568,1.000217,-0.2033982,-0.1741708,1.00023,-0.1498687,-0.1648137,1.000223,0.02597696,-0.05670188,-0.9980533,0.0,-0.05710012,0.9966759,-0.05810982,0.0,-0.9980306,-0.05849848,-0.02265292,0.0,-0.9226365,-1.776066,-0.8741439,1.0,0.02597695,-0.05710011,-0.9980302,0.0,-0.05670188,0.9966759,-0.05849845,0.0,-0.9980531,-0.05810981,-0.02265291,0.0,-0.949181,1.666683,-1.044518,1.0,1.0,1.0,-0.1442786,-0.1586601,0.9767347,0.001103424,0.001206902,-0.02182406,77.24445,4715.0,-0.175,-0.246
1.0,-0.09610649,-0.1553997,1.000298,-0.2039326,-0.1739332,1.000293,-0.1500197,-0.1646664,1.000295,0.02600265,-0.0571317,-0.9980281,0.0,-0.0570235,0.9966552,-0.05853882,0.0,-0.9980343,-0.05843322,-0.02265781,0.0,-0.9226973,-1.776343,-0.8737709,1.0,0.02600263,-0.0570235,-0.9980341,0.0,-0.0571317,0.9966552,-0.0584332,0.0,-0.9980278,-0.05853881,-0.02265782,0.0,-0.9495406,1.666636,-1.044478,1.0,1.0,1.0,-0.1444121,-0.1585095,0.9767393,0.001102027,0.001207443,-0.02182413,77.25555,4716.0,-0.175,-0.246
1.0,-0.09623916,-0.1534507,1.000218,-0.2036865,-0.1739743,1.000198,-0.1499631,-0.1637127,1.000208,0.02606994,-0.05809574,-0.9979705,0.0,-0.05683593,0.9966089,-0.05950119,0.0,-0.9980431,-0.05827178,-0.02267963,0.0,-0.9229295,-1.777137,-0.872691,1.0,0.02606996,-0.05683593,-0.9980431,0.0,-0.05809573,0.9966089,-0.05827178,0.0,-0.9979706,-0.05950119,-0.02267961,0.0,-0.9501033,1.666729,-1.044473,1.0,1.0,1.0,-0.1443911,-0.157636,0.9768839,0.001101196,0.001208923,-0.02182449,77.27778,4717.0,-0.175,-0.246
1.0,-0.09562186,-0.1527591,1.000149,-0.2030103,-0.1728798,1.000158,-0.1493158,-0.1628196,1.000153,0.02620661,-0.05834299,-0.9979526,0.0,-0.0569068,0.9965895,-0.05975771,0.0,-0.9980356,-0.05835635,-0.02279711,0.0,-0.9227208,-1.77756,-0.8725432,1.0,0.0262066,-0.05690681,-0.9980354,0.0,-0.058343,0.9965895,-0.05835633,0.0,-0.9979525,-0.05975769,-0.02279712,0.0,-0.9502835,1.666847,-1.044531,1.0,1.0,1.0,-0.1438104,-0.1568263,0.9770998,0.001099755,0.001210228,-0.02182537,77.28889,4718.0,-0.175,-0.246
1.0,-0.09703344,-0.1533523,1.000054,-0.202767,-0.1725887,1.000033,-0.1499005,-0.1629705,1.000043,0.02613717,-0.0587363,-0.9979314,0.0,-0.05700621,0.9965603,-0.06014868,0.0,-0.9980317,-0.05846041,-0.02269894,0.0,-0.9225954,-1.778064,-0.8721308,1.0,0.02613718,-0.05700621,-0.9980316,0.0,-0.0587363,0.9965603,-0.0584604,0.0,-0.9979312,-0.06014867,-0.02269893,0.0,-0.9506494,1.666897,-1.044522,1.0,1.0,1.0,-0.1443659,-0.1569727,0.9769945,0.001096442,0.001212051,-0.02182596,77.31111,4719.0,-0.175,-0.246
