flag,xl,yl,zl,xr,yr,zr,xc,yc,zc,mat_00,mat_10,mat_20,mat_30,mat_01,mat_11,mat_21,mat_31,mat_02,mat_12,mat_22,mat_32,mat_03,mat_13,mat_23,mat_33,ctw_00,ctw_10,ctw_20,ctw_30,ctw_01,ctw_11,ctw_21,ctw_31,ctw_02,ctw_12,ctw_22,ctw_32,ctw_03,ctw_13,ctw_23,ctw_33,opennessl,opennessr,ray_x,ray_y,ray_z,eye_x,eye_y,eye_z,time,frame,u,v
6.0,-0.01920646,-0.07135341,1.000026,-0.215878,-0.1003079,1.000003,-0.1175432,-0.08583082,1.000015,-0.8284158,0.07568011,-0.5549775,0.0,0.001111325,0.99105,0.1334867,0.0,-0.5601127,-0.1099657,0.8210856,0.0,-1.228083,-1.666214,-0.04952937,1.0,-0.8284157,0.00111132,-0.5601127,0.0,0.0756801,0.9910499,-0.1099657,0.0,-0.5549774,0.1334867,0.8210854,0.0,-0.9187521,1.659278,-0.8304237,1.0,1.0,1.0,-0.1185225,-0.07950363,0.9897634,0.004747573,-0.003799736,-0.02121401,35.2,2119.0,-0.175,-0.15849999999999997
6.0,-0.01936972,-0.0702237,1.000109,-0.2159514,-0.1001537,1.000056,-0.1176624,-0.08518911,1.000083,-0.8285502,0.07550499,-0.5548005,0.0,0.001095805,0.9910827,0.1332439,0.0,-0.5599137,-0.1097913,0.8212446,0.0,-1.228015,-1.66631,-0.04896271,1.0,-0.8285502,0.0010958,-0.5599137,0.0,0.07550499,0.9910828,-0.1097913,0.0,-0.5548004,0.1332439,0.8212445,0.0,-0.9188219,1.65932,-0.8303185,1.0,1.0,1.0,-0.1186315,-0.07888087,0.9898002,0.004743979,-0.003799004,-0.02121446,35.21111,2120.0,-0.175,-0.15849999999999997
6.0,-0.01964411,-0.07006916,1.000135,-0.2155024,-0.1009891,1.000119,-0.1175738,-0.08552922,1.000127,-0.828711,0.07546139,-0.5545664,0.0,0.001219366,0.9911098,0.1330409,0.0,-0.5596756,-0.1095762,0.8214357,0.0,-1.228129,-1.666244,-0.04844362,1.0,-0.8287108,0.001219361,-0.5596756,0.0,0.07546138,0.9911098,-0.1095762,0.0,-0.5545663,0.1330409,0.8214354,0.0,-0.9188922,1.659373,-0.8301414,1.0,1.0,1.0,-0.118535,-0.07920428,0.9897859,0.004740441,-0.003799774,-0.02121541,35.23333,2121.0,-0.175,-0.15849999999999997
6.0,-0.01938748,-0.07066748,1.000205,-0.2154533,-0.1014065,1.000144,-0.1174223,-0.08603747,1.000174,-0.8288612,0.07545167,-0.5543433,0.0,0.001356263,0.9911318,0.1328751,0.0,-0.559453,-0.1093832,0.8216132,0.0,-1.228354,-1.666072,-0.04803735,1.0,-0.8288609,0.00135628,-0.5594527,0.0,0.07545165,0.9911319,-0.1093831,0.0,-0.554343,0.132875,0.8216127,0.0,-0.919056,1.659346,-0.8299779,1.0,1.0,1.0,-0.1183752,-0.07969317,0.9897658,0.004735283,-0.003798134,-0.02121887,35.24445,2122.0,-0.175,-0.15849999999999997
6.0,-0.01913354,-0.07072644,1.000155,-0.2150223,-0.100758,1.000092,-0.1170802,-0.08574274,1.000124,-0.8290116,0.07565546,-0.5540905,0.0,0.001689583,0.9911411,0.1328024,0.0,-0.5592291,-0.1091585,0.8217953,0.0,-1.228891,-1.665698,-0.04769951,1.0,-0.8290114,0.001689583,-0.559229,0.0,0.07565545,0.9911411,-0.1091585,0.0,-0.5540904,0.1328024,0.821795,0.0,-0.9191755,1.659353,-0.8298575,1.0,1.0,1.0,-0.1180563,-0.07941395,0.9898263,0.004735283,-0.003800064,-0.02122121,35.25556,2123.0,-0.175,-0.15849999999999997
6.0,-0.0192343,-0.07038958,1.000285,-0.2150414,-0.09903092,1.00027,-0.1171383,-0.0847102,1.000278,-0.8291671,0.07525184,-0.5539128,0.0,0.001561858,0.9912055,0.1323223,0.0,-0.5589988,-0.1088521,0.8219925,0.0,-1.228817,-1.665843,-0.04699463,1.0,-0.8291669,0.001561864,-0.5589987,0.0,0.07525182,0.9912055,-0.1088521,0.0,-0.5539126,0.1323223,0.8219923,0.0,-0.9195675,1.65933,-0.8296083,1.0,1.0,1.0,-0.1181033,-0.07840561,0.9899011,0.004735306,-0.003802177,-0.02122361,35.27778,2124.0,-0.175,-0.15849999999999997
6.0,-0.01925653,-0.07020745,1.000129,-0.2162754,-0.09867229,1.000133,-0.1177658,-0.08443975,1.000131,-0.8291501,0.07497977,-0.5539749,0.0,0.00137563,0.991235,0.1321034,0.0,-0.5590243,-0.1087715,0.8219857,0.0,-1.228555,-1.666103,-0.046837,1.0,-0.8291501,0.001375633,-0.5590243,0.0,0.07497977,0.9912351,-0.1087715,0.0,-0.5539749,0.1321034,0.8219857,0.0,-0.9196788,1.659377,-0.8295172,1.0,1.0,1.0,-0.1187221,-0.0781487,0.9898474,0.004735306,-0.003803749,-0.02122361,35.28889,2125.0,-0.175,-0.15849999999999997
6.0,-0.01943868,-0.07039206,1.000285,-0.2167217,-0.0988021,1.000222,-0.1180824,-0.08459751,1.000253,-0.8293124,0.07442574,-0.5538067,0.0,0.001071211,0.9913002,0.1316161,0.0,-0.5587843,-0.1085576,0.8221773,0.0,-1.228176,-1.666399,-0.04603869,1.0,-0.8293123,0.001071222,-0.5587842,0.0,0.07442573,0.9913002,-0.1085576,0.0,-0.5538065,0.1316161,0.8221771,0.0,-0.9200152,1.659277,-0.8293339,1.0,1.0,1.0,-0.1190096,-0.07828773,0.9898019,0.004735306,-0.003805039,-0.02121872,35.31111,2126.0,-0.175,-0.15849999999999997
6.0,-0.01927698,-0.07200687,1.000115,-0.2170911,-0.09910244,1.000082,-0.1181851,-0.08555491,1.000098,-0.8294452,0.07336425,-0.5537493,0.0,0.0002837032,0.9913927,0.1309211,0.0,-0.558588,-0.1084348,0.8223269,0.0,-1.226913,-1.667512,-0.04499853,1.0,-0.8294452,0.0002837167,-0.5585879,0.0,0.07336424,0.9913928,-0.1084348,0.0,-0.5537493,0.1309211,0.8223267,0.0,-0.9202393,1.659399,-0.8291516,1.0,1.0,1.0,-0.1191186,-0.07921626,0.9897149,0.004735709,-0.003810165,-0.0212081,35.33334,2127.0,-0.175,-0.15849999999999997
6.0,-0.01905179,-0.07340062,1.000008,-0.217862,-0.0981181,0.9999908,-0.1184574,-0.08575956,0.9999995,-0.8295128,0.07339579,-0.5536439,0.0,0.0002114363,0.9913681,0.1311075,0.0,-0.5584877,-0.1086383,0.8223681,0.0,-1.226734,-1.667678,-0.04517287,1.0,-0.8295127,0.0002114433,-0.5584877,0.0,0.07339578,0.9913681,-0.1086383,0.0,-0.5536438,0.1311074,0.822368,0.0,-0.9202007,1.659465,-0.8291409,1.0,1.0,1.0,-0.1193903,-0.07941511,0.9896662,0.004737809,-0.003813668,-0.0212075,35.34444,2128.0,-0.175,-0.15849999999999997
6.0,-0.01931134,-0.07314019,1.000283,-0.2200328,-0.0982776,1.000241,-0.1196735,-0.08570912,1.000262,-0.8296459,0.07311603,-0.5534816,0.0,-5.788356e-05,0.9913758,0.1310495,0.0,-0.5582902,-0.1087567,0.8224866,0.0,-1.226374,-1.667943,-0.04511961,1.0,-0.8296458,-5.788387e-05,-0.5582901,0.0,0.07311602,0.9913759,-0.1087567,0.0,-0.5534816,0.1310495,0.8224865,0.0,-0.9204755,1.659401,-0.8289621,1.0,1.0,1.0,-0.1205273,-0.07933237,0.989535,0.004741646,-0.003818085,-0.02119414,35.35556,2129.0,-0.175,-0.15849999999999997
6.0,-0.02048138,-0.07283618,0.9998931,-0.2216894,-0.09735514,0.9998263,-0.1210877,-0.0850962,0.9998596,-0.8299336,0.07299488,-0.553066,0.0,-0.0001881346,0.9913658,0.131125,0.0,-0.5578621,-0.1089291,0.8227541,0.0,-1.226058,-1.668295,-0.04466954,1.0,-0.8299336,-0.0001881379,-0.5578621,0.0,0.07299489,0.9913658,-0.1089291,0.0,-0.553066,0.131125,0.8227541,0.0,-0.9204749,1.659517,-0.828945,1.0,1.0,1.0,-0.1219349,-0.07875057,0.9894091,0.00474376,-0.003829201,-0.02116814,35.37778,2130.0,-0.175,-0.15849999999999997
6.0,-0.02270484,-0.072782,1.000102,-0.2215503,-0.09625512,0.9999989,-0.1221311,-0.0845191,1.00005,-0.8302102,0.07307106,-0.5526407,0.0,-1.997128e-05,0.9913678,0.1311103,0.0,-0.5574506,-0.1088601,0.8230422,0.0,-1.226276,-1.668175,-0.04412889,1.0,-0.8302101,-1.998363e-05,-0.5574505,0.0,0.07307105,0.9913677,-0.1088601,0.0,-0.5526407,0.1311103,0.8230421,0.0,-0.9205588,1.659536,-0.8288659,1.0,1.0,1.0,-0.1229172,-0.07816537,0.9893339,0.004746017,-0.003835907,-0.02115714,35.38889,2131.0,-0.175,-0.15849999999999997
6.0,-0.02258274,-0.07292838,1.000171,-0.2221361,-0.09575016,1.000095,-0.122362,-0.0843397,1.000133,-0.8303921,0.07302123,-0.5523741,0.0,0.0001616701,0.9914066,0.1308162,0.0,-0.5571796,-0.1085394,0.8232681,0.0,-1.226719,-1.667909,-0.04340878,1.0,-0.8303919,0.0001616638,-0.5571796,0.0,0.0730212,0.9914067,-0.1085394,0.0,-0.5523739,0.1308162,0.8232679,0.0,-0.9208423,1.659453,-0.8287993,1.0,1.0,1.0,-0.1231302,-0.07798118,0.9893219,0.0047463,-0.003839424,-0.02115147,35.4,2132.0,-0.175,-0.15849999999999997
6.0,-0.02309752,-0.07283347,1.000119,-0.2345371,-0.06788615,0.9999967,-0.1288217,-0.07035945,1.000058,-0.8307028,0.07307552,-0.5518994,0.0,0.0003624298,0.9914185,0.1307255,0.0,-0.5567162,-0.108394,0.8236006,0.0,-1.226977,-1.667857,-0.04268381,1.0,-0.8307027,0.0003624327,-0.5567161,0.0,0.0730755,0.9914185,-0.108394,0.0,-0.5518994,0.1307255,0.8236005,0.0,-0.920931,1.659569,-0.8287094,1.0,1.0,1.0,-0.1294536,-0.06429241,0.9894989,0.004730118,-0.004031578,-0.02076798,35.42222,2133.0,-0.175,-0.15849999999999997
6.0,-0.02499831,-0.07294875,1.000097,-0.2336079,-0.06754173,1.000055,-0.1293049,-0.07024518,1.000076,-0.8308152,0.07301913,-0.5517379,0.0,0.0004162379,0.9914372,0.1305839,0.0,-0.5565486,-0.1082614,0.8237315,0.0,-1.227062,-1.66784,-0.04230392,1.0,-0.8308149,0.0004162441,-0.5565484,0.0,0.07301911,0.9914371,-0.1082614,0.0,-0.5517376,0.1305839,0.8237311,0.0,-0.9210176,1.659593,-0.8286348,1.0,1.0,1.0,-0.1299175,-0.06417778,0.9894457,0.004737168,-0.004030472,-0.02078118,35.43333,2134.0,-0.175,-0.15849999999999997
6.0,-0.02492961,-0.07264455,1.000024,-0.2319292,-0.06800824,1.000003,-0.12843,-0.07032622,1.000014,-0.8308772,0.07290239,-0.5516599,0.0,0.0003755465,0.991454,0.130456,0.0,-0.556456,-0.1081857,0.8238039,0.0,-1.227027,-1.667957,-0.0419957,1.0,-0.830877,0.0003755398,-0.5564559,0.0,0.07290238,0.9914541,-0.1081857,0.0,-0.5516598,0.130456,0.8238037,0.0,-0.9210774,1.659642,-0.8286392,1.0,1.0,1.0,-0.1290936,-0.06426934,0.9895476,0.004741272,-0.004027283,-0.02079034,35.44445,2135.0,-0.175,-0.15849999999999997
6.0,-0.0243187,-0.07341839,1.000084,-0.2330378,-0.06750286,1.000059,-0.1286792,-0.07046051,1.000071,-0.8310151,0.07245825,-0.5515106,0.0,5.852059e-05,0.991491,0.1301753,0.0,-0.5562502,-0.1081454,0.8239483,0.0,-1.226478,-1.668388,-0.04144698,1.0,-0.8310149,5.853031e-05,-0.5562499,0.0,0.07245824,0.991491,-0.1081454,0.0,-0.5515105,0.1301753,0.8239479,0.0,-0.9211911,1.659659,-0.8285062,1.0,1.0,1.0,-0.1293263,-0.06439107,0.9895093,0.004743461,-0.004030404,-0.02078263,35.47778,2136.0,-0.175,-0.15849999999999997
6.0,-0.02409688,-0.07346632,1.000088,-0.2330442,-0.06750458,1.000089,-0.1285705,-0.07048544,1.000088,-0.8310251,0.07231016,-0.5515148,0.0,-0.0001302548,0.9914888,0.1301923,0.0,-0.5562349,-0.1082649,0.8239427,0.0,-1.226196,-1.668626,-0.04156947,1.0,-0.8310251,-0.0001302585,-0.556235,0.0,0.07231015,0.9914888,-0.1082649,0.0,-0.5515147,0.1301923,0.8239426,0.0,-0.9212672,1.659676,-0.8284558,1.0,1.0,1.0,-0.1292212,-0.06441413,0.9895215,0.004744392,-0.004031266,-0.02078218,35.48889,2137.0,-0.175,-0.15849999999999997
6.0,-0.02439594,-0.07380243,1.000134,-0.2326139,-0.06792827,1.000144,-0.1285045,-0.0708653,1.000139,-0.8309925,0.0723487,-0.5515592,0.0,-3.712252e-05,0.9914993,0.1301121,0.0,-0.556284,-0.1081426,0.8239257,0.0,-1.226462,-1.668455,-0.04163,1.0,-0.8309922,-3.712155e-05,-0.5562838,0.0,0.07234868,0.9914992,-0.1081426,0.0,-0.551559,0.1301121,0.8239255,0.0,-0.9214313,1.659643,-0.8283921,1.0,1.0,1.0,-0.1291511,-0.06478033,0.9895067,0.004747406,-0.004028427,-0.02078846,35.5,2138.0,-0.175,-0.15849999999999997
6.0,-0.02347094,-0.0731358,1.000066,-0.2321524,-0.0687573,1.000089,-0.1278107,-0.07094648,1.000078,-0.8309504,0.07205249,-0.5516613,0.0,-0.0002822727,0.9915234,0.1299281,0.0,-0.5563467,-0.1081195,0.8238864,0.0,-1.226112,-1.66876,-0.04152811,1.0,-0.8309502,-0.0002822732,-0.5563466,0.0,0.07205246,0.9915234,-0.1081195,0.0,-0.5516611,0.1299281,0.8238862,0.0,-0.9215093,1.659665,-0.8283544,1.0,1.0,1.0,-0.1285005,-0.06487006,0.9895855,0.00475187,-0.004026284,-0.02079156,35.51111,2139.0,-0.175,-0.15849999999999997
6.0,-0.02297923,-0.07365564,1.000066,-0.2189597,-0.09466331,1.000033,-0.1209706,-0.08415941,1.000049,-0.831181,0.07186678,-0.5513376,0.0,-0.0003543459,0.9915425,0.1297816,0.0,-0.5560017,-0.1080674,0.8241259,0.0,-1.225917,-1.66903,-0.04069316,1.0,-0.8311812,-0.0003543473,-0.5560017,0.0,0.07186679,0.9915425,-0.1080674,0.0,-0.5513377,0.1297816,0.824126,0.0,-0.9214473,1.659761,-0.8284435,1.0,1.0,1.0,-0.1218416,-0.07781743,0.9894944,0.004773896,-0.003849541,-0.02114129,35.53333,2140.0,-0.175,-0.15849999999999997
6.0,-0.02486265,-0.07381986,0.9997834,-0.2172651,-0.09388258,0.9997252,-0.1210659,-0.08385133,0.9997544,-0.8313506,0.0719073,-0.5510769,0.0,-0.0003038421,0.9915351,0.1298389,0.0,-0.5557485,-0.1081091,0.8242913,0.0,-1.225817,-1.669184,-0.04019773,1.0,-0.8313504,-0.0003038367,-0.5557483,0.0,0.07190729,0.9915351,-0.108109,0.0,-0.5510769,0.1298389,0.8242913,0.0,-0.9212094,1.659901,-0.8285652,1.0,1.0,1.0,-0.1219699,-0.07754381,0.9895,0.004775506,-0.003846451,-0.02115444,35.54445,2141.0,-0.175,-0.15849999999999997
6.0,-0.02504766,-0.07355538,1.000018,-0.2172935,-0.09468398,0.9999799,-0.1211718,-0.08411992,0.999999,-0.8314575,0.07155104,-0.5509619,0.0,-0.0006047487,0.9915555,0.1296817,0.0,-0.5555881,-0.108158,0.8243929,0.0,-1.225142,-1.669681,-0.03956026,1.0,-0.8314575,-0.000604731,-0.555588,0.0,0.07155103,0.9915555,-0.108158,0.0,-0.5509618,0.1296816,0.8243929,0.0,-0.9209827,1.659971,-0.8286507,1.0,1.0,1.0,-0.1220401,-0.07778439,0.9894724,0.004775506,-0.003845681,-0.0211528,35.56667,2142.0,-0.175,-0.15849999999999997
6.0,-0.02519536,-0.07395308,0.9998361,-0.2172618,-0.09585299,0.9998013,-0.1212299,-0.08490305,0.9998186,-0.831552,0.07143106,-0.5508349,0.0,-0.0006331429,0.9915739,0.1295409,0.0,-0.5554467,-0.1080688,0.8245001,0.0,-1.224913,-1.669914,-0.03897148,1.0,-0.8315517,-0.0006331404,-0.5554466,0.0,0.07143103,0.9915739,-0.1080687,0.0,-0.5508348,0.1295409,0.8244998,0.0,-0.9207621,1.660116,-0.8287076,1.0,1.0,1.0,-0.1221094,-0.0785512,0.9894033,0.004775506,-0.003845818,-0.02115279,35.57778,2143.0,-0.175,-0.15849999999999997
6.0,-0.0258652,-0.07442185,0.9999644,-0.219465,-0.09598171,0.9999405,-0.1226661,-0.08520184,0.9999525,-0.8317732,0.07093459,-0.5505649,0.0,-0.001116205,0.9915864,0.129442,0.0,-0.5551146,-0.1082809,0.8246958,0.0,-1.224114,-1.670612,-0.03837779,1.0,-0.8317732,-0.001116192,-0.5551145,0.0,0.07093458,0.9915864,-0.1082809,0.0,-0.5505648,0.129442,0.8246956,0.0,-0.9208103,1.660157,-0.8287686,1.0,1.0,1.0,-0.1234537,-0.07881539,0.9892156,0.004767211,-0.003846138,-0.02115044,35.6,2144.0,-0.175,-0.15849999999999997
6.0,-0.02606338,-0.07449683,1.000113,-0.21913,-0.09638524,1.000045,-0.1225987,-0.0854414,1.000079,-0.8321288,0.07030247,-0.5501088,0.0,-0.002378743,0.991471,0.1303057,0.0,-0.5545777,-0.1097396,0.8248644,0.0,-1.222136,-1.672062,-0.03932422,1.0,-0.8321285,-0.002378718,-0.5545775,0.0,0.07030244,0.991471,-0.1097396,0.0,-0.5501085,0.1303056,0.8248639,0.0,-0.9210571,1.660018,-0.8288236,1.0,1.0,1.0,-0.1233718,-0.07903679,0.9892081,0.004766212,-0.003846306,-0.02114835,35.63334,2145.0,-0.175,-0.15849999999999997
6.0,-0.02660114,-0.07454968,1.000172,-0.2185926,-0.09668827,1.000143,-0.1225977,-0.0856192,1.000157,-0.8322352,0.07051452,-0.5499204,0.0,-0.002347779,0.9914218,0.1306799,0.0,-0.554418,-0.1100475,0.8249307,0.0,-1.222286,-1.671959,-0.03986526,1.0,-0.8322351,-0.002347765,-0.5544178,0.0,0.07051451,0.9914218,-0.1100475,0.0,-0.5499203,0.1306799,0.8249304,0.0,-0.9212548,1.659956,-0.828766,1.0,1.0,1.0,-0.1233599,-0.07920251,0.9891963,0.004765846,-0.003846573,-0.02114527,35.64444,2146.0,-0.175,-0.15849999999999997
6.0,-0.02709591,-0.07498199,0.9999949,-0.2187081,-0.09795788,0.9999405,-0.1229039,-0.08647024,0.9999677,-0.8324242,0.07080255,-0.5495975,0.0,-0.002291206,0.9913555,0.1311828,0.0,-0.5541346,-0.110459,0.8250661,0.0,-1.222354,-1.67186,-0.04025602,1.0,-0.8324239,-0.00229119,-0.5541344,0.0,0.07080253,0.9913555,-0.110459,0.0,-0.5495973,0.1311828,0.8250658,0.0,-0.921269,1.659888,-0.8288065,1.0,1.0,1.0,-0.1236662,-0.08003097,0.9890913,0.004765556,-0.003848595,-0.02114117,35.65556,2147.0,-0.175,-0.15849999999999997
6.0,-0.02706754,-0.0754085,1.000016,-0.2186965,-0.09871458,1.000005,-0.1228824,-0.08706167,1.000011,-0.8324314,0.0716794,-0.5494725,0.0,-0.001553215,0.9912926,0.1316685,0.0,-0.5541259,-0.1104584,0.8250718,0.0,-1.223618,-1.670873,-0.04096574,1.0,-0.8324315,-0.001553193,-0.5541258,0.0,0.07167939,0.9912927,-0.1104584,0.0,-0.5494725,0.1316685,0.8250717,0.0,-0.9213206,1.659818,-0.8288008,1.0,1.0,1.0,-0.1236354,-0.08059756,0.9890493,0.004765442,-0.003848816,-0.02113743,35.67778,2148.0,-0.175,-0.15849999999999997
6.0,-0.02624503,-0.07608561,0.9999818,-0.2190019,-0.09789845,0.9999892,-0.1226234,-0.08699214,0.9999856,-0.8323742,0.07197534,-0.5495205,0.0,-0.001144517,0.9913058,0.1315733,0.0,-0.5542129,-0.1101472,0.825055,0.0,-1.224309,-1.670337,-0.04085362,1.0,-0.8323742,-0.001144504,-0.5542128,0.0,0.07197534,0.9913058,-0.1101472,0.0,-0.5495205,0.1315733,0.8250549,0.0,-0.9213104,1.659789,-0.8288043,1.0,1.0,1.0,-0.1233966,-0.08052564,0.9890849,0.004768114,-0.00385952,-0.02111916,35.68889,2149.0,-0.175,-0.15849999999999997
6.0,-0.02644187,-0.07467897,0.99998,-0.2193582,-0.09946509,0.9999979,-0.1228995,-0.08707193,0.9999889,-0.8322027,0.07229383,-0.5497386,0.0,-0.0008811019,0.99129,0.1316943,0.0,-0.5544711,-0.1100807,0.8248905,0.0,-1.224713,-1.669939,-0.04137927,1.0,-0.8322026,-0.0008810838,-0.5544708,0.0,0.07229382,0.9912899,-0.1100807,0.0,-0.5497385,0.1316942,0.8248902,0.0,-0.9212306,1.659764,-0.8287622,1.0,1.0,1.0,-0.1236609,-0.08059219,0.9890465,0.00476835,-0.003868096,-0.02110623,35.71111,2150.0,-0.175,-0.15849999999999997
6.0,-0.02693072,-0.07416593,1.000045,-0.2194263,-0.09843323,1.000108,-0.1231765,-0.08629917,1.000076,-0.8320233,0.07225858,-0.5500147,0.0,-0.0009529553,0.9912927,0.1316734,0.0,-0.5547401,-0.1100794,0.8247098,0.0,-1.22472,-1.669945,-0.04178602,1.0,-0.8320231,-0.0009529536,-0.55474,0.0,0.07225857,0.9912927,-0.1100794,0.0,-0.5500146,0.1316733,0.8247095,0.0,-0.9213101,1.659739,-0.8287661,1.0,1.0,1.0,-0.123923,-0.07983987,0.9890746,0.00476873,-0.003868096,-0.0211013,35.72222,2151.0,-0.175,-0.15849999999999997
6.0,-0.02591524,-0.0712724,1.000178,-0.2203282,-0.09866846,1.000246,-0.1231195,-0.08497,1.000212,-0.8318385,0.07240953,-0.5502744,0.0,-0.0009253025,0.9912708,0.1318381,0.0,-0.5550173,-0.1101772,0.8245102,0.0,-1.224934,-1.66973,-0.04262114,1.0,-0.8318382,-0.0009253032,-0.5550172,0.0,0.0724095,0.9912708,-0.1101772,0.0,-0.5502742,0.1318381,0.82451,0.0,-0.9214959,1.65964,-0.828684,1.0,1.0,1.0,-0.1238678,-0.07855114,0.9891847,0.004771097,-0.003868096,-0.0210968,35.73333,2152.0,-0.175,-0.15849999999999997
6.0,-0.02519545,-0.07174844,1.000032,-0.2214124,-0.09846176,1.000066,-0.1233028,-0.08510485,1.000049,-0.8314388,0.07264034,-0.5508478,0.0,-0.001184411,0.9911829,0.1324951,0.0,-0.5556154,-0.110814,0.8240219,0.0,-1.224645,-1.669838,-0.04465377,1.0,-0.8314384,-0.001184412,-0.5556152,0.0,0.07264034,0.991183,-0.110814,0.0,-0.5508476,0.1324951,0.8240216,0.0,-0.9215167,1.659581,-0.8286771,1.0,1.0,1.0,-0.1240636,-0.07869191,0.989149,0.004774116,-0.003867356,-0.0210981,35.75556,2153.0,-0.175,-0.15849999999999997
6.0,-0.02519357,-0.07174587,1.0,-0.2213995,-0.09845505,1.0,-0.1232966,-0.08510058,1.0,-0.8314388,0.07264034,-0.5508478,0.0,-0.001184411,0.9911829,0.1324951,0.0,-0.5556154,-0.110814,0.8240219,0.0,-1.224645,-1.669838,-0.04465377,1.0,-0.8314384,-0.001184412,-0.5556152,0.0,0.07264034,0.991183,-0.110814,0.0,-0.5508476,0.1324951,0.8240216,0.0,-0.9215167,1.659581,-0.8286771,1.0,1.0,1.0,-0.1240636,-0.07869191,0.989149,0.004774116,-0.003867356,-0.0210981,35.76667,2154.0,-0.175,-0.15849999999999997
6.0,-0.02462772,-0.07255205,0.9999747,-0.2215805,-0.09907556,1.000012,-0.1231029,-0.08581362,0.9999936,-0.8311141,0.0728454,-0.5513102,0.0,-0.001336552,0.9911188,0.1329728,0.0,-0.5561004,-0.1112524,0.8236355,0.0,-1.224421,-1.669861,-0.04618713,1.0,-0.8311141,-0.001336554,-0.5561004,0.0,0.07284539,0.9911187,-0.1112524,0.0,-0.5513102,0.1329728,0.8236353,0.0,-0.9214556,1.659536,-0.8286358,1.0,1.0,1.0,-0.1238731,-0.0793893,0.9891171,0.004775064,-0.003858116,-0.02110321,35.78889,2155.0,-0.175,-0.15849999999999997
6.0,-0.0247772,-0.07277979,1.000089,-0.2214306,-0.09668694,1.000038,-0.1231055,-0.08473373,1.000064,-0.8312436,0.0728747,-0.551111,0.0,-0.001206473,0.9911315,0.1328793,0.0,-0.5559071,-0.11112,0.8237839,0.0,-1.22463,-1.669699,-0.04582745,1.0,-0.8312436,-0.001206459,-0.555907,0.0,0.07287468,0.9911315,-0.11112,0.0,-0.5511109,0.1328793,0.8237836,0.0,-0.9215428,1.659503,-0.8285651,1.0,1.0,1.0,-0.1238768,-0.07834486,0.9892001,0.004775064,-0.003857125,-0.02110922,35.8,2156.0,-0.175,-0.15849999999999997
6.0,-0.02489519,-0.07234495,0.999984,-0.2204096,-0.09557337,0.9999747,-0.1226527,-0.08395921,0.9999794,-0.8312144,0.07274,-0.5511729,0.0,-0.001156796,0.9911752,0.132553,0.0,-0.5559508,-0.1108176,0.823795,0.0,-1.224674,-1.669699,-0.04535139,1.0,-0.8312144,-0.001156791,-0.5559508,0.0,0.07274,0.9911752,-0.1108176,0.0,-0.5511727,0.132553,0.823795,0.0,-0.9215096,1.659559,-0.8285304,1.0,1.0,1.0,-0.1234614,-0.07761135,0.9893098,0.004775064,-0.003855118,-0.02111355,35.82222,2157.0,-0.175,-0.15849999999999997
6.0,-0.025599,-0.0719062,0.9998059,-0.2201578,-0.09549958,0.9997457,-0.1228806,-0.08370315,0.9997758,-0.8313591,0.072585,-0.5509753,0.0,-0.001079082,0.991221,0.1322108,0.0,-0.5557349,-0.1105092,0.8239824,0.0,-1.224603,-1.669812,-0.04428345,1.0,-0.8313588,-0.001079068,-0.5557346,0.0,0.07258499,0.991221,-0.1105092,0.0,-0.5509751,0.1322108,0.823982,0.0,-0.9212804,1.659686,-0.8285951,1.0,1.0,1.0,-0.1236988,-0.07738151,0.989298,0.004768853,-0.003850449,-0.02111666,35.83334,2158.0,-0.175,-0.15849999999999997
6.0,-0.02614748,-0.07127678,1.000023,-0.2207468,-0.09475716,1.000004,-0.1234479,-0.08301709,1.000014,-0.8314104,0.07241037,-0.550921,0.0,-0.001180809,0.9912403,0.1320658,0.0,-0.555658,-0.1104514,0.824042,0.0,-1.224404,-1.669981,-0.04397833,1.0,-0.8314101,-0.001180795,-0.5556577,0.0,0.07241035,0.9912402,-0.1104514,0.0,-0.5509207,0.1320658,0.8240415,0.0,-0.9212861,1.659715,-0.8285612,1.0,1.0,1.0,-0.1242129,-0.07670069,0.9892867,0.004764915,-0.003846756,-0.02113014,35.84444,2159.0,-0.175,-0.15849999999999997
6.0,-0.02657169,-0.0719969,1.000046,-0.2205754,-0.09761,1.000083,-0.1235724,-0.08480321,1.000064,-0.8313068,0.07238516,-0.5510804,0.0,-0.001320843,0.9912234,0.132191,0.0,-0.5558124,-0.1106192,0.8239151,0.0,-1.224197,-1.670166,-0.04448062,1.0,-0.8313066,-0.001320841,-0.5558124,0.0,0.07238515,0.9912234,-0.1106192,0.0,-0.5510803,0.132191,0.823915,0.0,-0.9213002,1.659771,-0.828528,1.0,1.0,1.0,-0.1242991,-0.07843647,0.9891398,0.004758454,-0.003823403,-0.02115764,35.86667,2160.0,-0.175,-0.15849999999999997
6.0,-0.02742431,-0.07280813,0.9999188,-0.2179664,-0.09554935,0.9999413,-0.1226946,-0.08417868,0.9999301,-0.8312094,0.07260068,-0.551199,0.0,-0.00100207,0.9912397,0.1320714,0.0,-0.5559588,-0.1103313,0.823855,0.0,-1.224662,-1.669854,-0.04436481,1.0,-0.8312091,-0.001002073,-0.5559587,0.0,0.07260066,0.9912397,-0.1103313,0.0,-0.5511988,0.1320713,0.8238548,0.0,-0.9211712,1.659858,-0.8285482,1.0,1.0,1.0,-0.1234776,-0.07785572,0.9892886,0.00475489,-0.003818665,-0.02118194,35.87778,2161.0,-0.175,-0.15849999999999997
6.0,-0.0259403,-0.07332221,1.000046,-0.2147546,-0.09661248,1.000043,-0.1203476,-0.08496752,1.000045,-0.8311059,0.07248309,-0.5513701,0.0,-0.0009404309,0.991285,0.1317318,0.0,-0.5561132,-0.1100016,0.8237947,0.0,-1.224734,-1.669789,-0.04409838,1.0,-0.8311061,-0.0009404225,-0.5561132,0.0,0.07248309,0.991285,-0.1100016,0.0,-0.5513701,0.1317318,0.8237947,0.0,-0.9211669,1.659894,-0.8284423,1.0,1.0,1.0,-0.1212132,-0.07863908,0.9895065,0.00475489,-0.003805542,-0.02121168,35.9,2162.0,-0.175,-0.15849999999999997
6.0,-0.02485195,-0.07240394,1.00004,-0.2147436,-0.09661467,1.000069,-0.119797,-0.08450925,1.000055,-0.8309999,0.07228723,-0.5515561,0.0,-0.0009844936,0.991328,0.1314073,0.0,-0.556272,-0.1097424,0.8237222,0.0,-1.224669,-1.669812,-0.04384974,1.0,-0.8309996,-0.0009844914,-0.5562719,0.0,0.0722872,0.9913281,-0.1097424,0.0,-0.5515559,0.1314072,0.8237219,0.0,-0.9211785,1.659888,-0.8283778,1.0,1.0,1.0,-0.1206897,-0.07820228,0.9896051,0.00475489,-0.003805023,-0.02121812,35.91111,2163.0,-0.175,-0.15849999999999997
6.0,-0.02484965,-0.0724014,1.0,-0.2147307,-0.09660839,1.0,-0.1197905,-0.0845049,1.0,-0.8309999,0.07228723,-0.5515561,0.0,-0.0009844936,0.991328,0.1314073,0.0,-0.556272,-0.1097424,0.8237222,0.0,-1.224669,-1.669812,-0.04384974,1.0,-0.8309996,-0.0009844914,-0.5562719,0.0,0.0722872,0.9913281,-0.1097424,0.0,-0.5515559,0.1314072,0.8237219,0.0,-0.9211785,1.659888,-0.8283778,1.0,1.0,1.0,-0.1206897,-0.07820228,0.9896051,0.00475489,-0.003805023,-0.02121812,35.92222,2164.0,-0.175,-0.15849999999999997
6.0,-0.02491969,-0.07232533,1.000048,-0.2125641,-0.09782862,1.000076,-0.118741,-0.08507679,1.000062,-0.8308823,0.07202992,-0.5517669,0.0,-0.001390669,0.9913146,0.1315044,0.0,-0.5564468,-0.110032,0.8235656,0.0,-1.223811,-1.670253,-0.04434323,1.0,-0.830882,-0.001390671,-0.5564467,0.0,0.07202989,0.9913146,-0.110032,0.0,-0.5517666,0.1315044,0.8235653,0.0,-0.921001,1.659875,-0.828247,1.0,1.0,1.0,-0.1196715,-0.07875825,0.9896848,0.004753105,-0.003803429,-0.02123601,35.94445,2165.0,-0.175,-0.15849999999999997
6.0,-0.0249407,-0.07152785,0.9999008,-0.2130297,-0.09792481,0.9999192,-0.1189845,-0.08472598,0.99991,-0.8308469,0.07207,-0.5518147,0.0,-0.001468971,0.9912912,0.1316798,0.0,-0.5564992,-0.1102164,0.8235054,0.0,-1.223605,-1.670412,-0.04461432,1.0,-0.8308469,-0.001468965,-0.5564991,0.0,0.07207,0.9912912,-0.1102163,0.0,-0.5518147,0.1316798,0.8235052,0.0,-0.9208606,1.659942,-0.8283016,1.0,1.0,1.0,-0.1199238,-0.07842702,0.9896805,0.004751883,-0.003805756,-0.02123573,35.95555,2166.0,-0.175,-0.15849999999999997
6.0,-0.02489573,-0.07231008,0.9998711,-0.2134026,-0.09849698,0.9998611,-0.1191496,-0.08540365,0.9998661,-0.8308293,0.0725306,-0.5517812,0.0,-0.001154225,0.9912444,0.1320352,0.0,-0.5565266,-0.1103355,0.8234711,0.0,-1.223986,-1.669999,-0.04508886,1.0,-0.8308288,-0.001154222,-0.5565264,0.0,0.07253058,0.9912444,-0.1103355,0.0,-0.551781,0.1320351,0.8234708,0.0,-0.9206765,1.659917,-0.8283115,1.0,1.0,1.0,-0.1200808,-0.07907731,0.9896097,0.004751761,-0.003810639,-0.02122949,35.97778,2167.0,-0.175,-0.15849999999999997
6.0,-0.02543956,-0.07170459,1.000015,-0.2135445,-0.09851131,1.000003,-0.1194926,-0.08510795,1.000009,-0.8308671,0.07272689,-0.5516984,0.0,-0.001005124,0.9912251,0.1321806,0.0,-0.5564704,-0.110379,0.8235031,0.0,-1.224182,-1.669809,-0.04523373,1.0,-0.8308667,-0.001005125,-0.5564703,0.0,0.07272687,0.9912252,-0.110379,0.0,-0.5516983,0.1321806,0.823503,0.0,-0.9206473,1.659906,-0.8282826,1.0,1.0,1.0,-0.1203914,-0.07878013,0.9895957,0.004749764,-0.003808273,-0.02124117,35.98889,2168.0,-0.175,-0.15849999999999997
6.0,-0.02542102,-0.0709802,1.000005,-0.2130399,-0.09852863,0.9999387,-0.1192325,-0.08475478,0.9999717,-0.8310553,0.07289302,-0.5513926,0.0,-0.0006920584,0.9912384,0.1320828,0.0,-0.5561895,-0.1101497,0.8237236,0.0,-1.224561,-1.669449,-0.04459846,1.0,-0.8310552,-0.0006920656,-0.5561894,0.0,0.07289302,0.9912384,-0.1101497,0.0,-0.5513926,0.1320828,0.8237234,0.0,-0.9205782,1.659865,-0.8282406,1.0,1.0,1.0,-0.1201498,-0.07844493,0.9896517,0.004748902,-0.003808273,-0.02124117,36.01111,2169.0,-0.175,-0.15849999999999997
6.0,-0.02610832,-0.07156654,0.9998053,-0.2128552,-0.09798235,0.9997614,-0.1194834,-0.08477463,0.9997834,-0.8311868,0.07307553,-0.5511705,0.0,-0.0005352572,0.9912195,0.1322255,0.0,-0.5559933,-0.1101991,0.8238494,0.0,-1.224569,-1.669375,-0.04432786,1.0,-0.8311864,-0.0005352586,-0.5559932,0.0,0.0730755,0.9912196,-0.1101991,0.0,-0.5511703,0.1322255,0.8238492,0.0,-0.9202872,1.659923,-0.8282964,1.0,1.0,1.0,-0.1204071,-0.07847656,0.9896179,0.00474521,-0.003807915,-0.02124117,36.02222,2170.0,-0.175,-0.15849999999999997
6.0,-0.02655303,-0.07106653,0.9998245,-0.2133966,-0.09822014,0.9998217,-0.1199751,-0.08464326,0.999823,-0.8311907,0.07312465,-0.551158,0.0,-0.0004752614,0.9912195,0.1322263,0.0,-0.5559875,-0.1101672,0.8238575,0.0,-1.224501,-1.669432,-0.04413551,1.0,-0.8311905,-0.0004752558,-0.5559874,0.0,0.07312462,0.9912194,-0.1101672,0.0,-0.5511578,0.1322263,0.8238574,0.0,-0.9200428,1.660028,-0.8283627,1.0,1.0,1.0,-0.1208702,-0.07834259,0.9895721,0.004741357,-0.003807915,-0.02123917,36.03333,2171.0,-0.175,-0.15849999999999997
6.0,-0.02746436,-0.07210392,1.000239,-0.2132516,-0.09639756,1.000269,-0.120357,-0.08425055,1.000254,-0.8311849,0.07327434,-0.5511466,0.0,-0.0002102703,0.9912363,0.1321009,0.0,-0.5559961,-0.1099162,0.8238852,0.0,-1.224953,-1.669007,-0.04414809,1.0,-0.8311849,-0.0002102692,-0.5559961,0.0,0.07327434,0.9912363,-0.1099162,0.0,-0.5511466,0.1321009,0.8238852,0.0,-0.9201992,1.659955,-0.8281469,1.0,1.0,1.0,-0.1211884,-0.07793059,0.9895657,0.004739547,-0.00380761,-0.02122653,36.05556,2172.0,-0.175,-0.15849999999999997
6.0,-0.02738512,-0.07164904,1.000022,-0.2131584,-0.0979406,0.9999729,-0.1202734,-0.084795,0.9999971,-0.8313178,0.07345071,-0.5509228,0.0,1.353398e-05,0.9912319,0.1321337,0.0,-0.5557976,-0.1098376,0.8240298,0.0,-1.22521,-1.66877,-0.04390299,1.0,-0.8313177,1.354469e-05,-0.5557974,0.0,0.0734507,0.9912318,-0.1098376,0.0,-0.5509227,0.1321336,0.8240295,0.0,-0.9201538,1.659955,-0.828085,1.0,1.0,1.0,-0.1211335,-0.07848104,0.9895288,0.004739547,-0.003800514,-0.02122278,36.06667,2173.0,-0.175,-0.15849999999999997
6.0,-0.02744991,-0.07262525,0.9997491,-0.2129644,-0.09601692,0.999787,-0.1202059,-0.08432096,0.9997679,-0.8312324,0.07339974,-0.5510585,0.0,-0.0001954697,0.9912068,0.1323214,0.0,-0.5559254,-0.1100975,0.8239089,0.0,-1.224818,-1.669153,-0.04416966,1.0,-0.831232,-0.0001954821,-0.5559252,0.0,0.07339973,0.9912068,-0.1100975,0.0,-0.5510584,0.1323214,0.8239087,0.0,-0.9199328,1.660082,-0.8282852,1.0,1.0,1.0,-0.1211013,-0.07804129,0.9895676,0.004739547,-0.003802582,-0.02121091,36.08889,2174.0,-0.175,-0.15849999999999997
6.0,-0.0267545,-0.07330622,0.9999971,-0.2094392,-0.09351775,1.000024,-0.118096,-0.08341186,1.000011,-0.831149,0.07346037,-0.5511762,0.0,-0.0001039542,0.9912144,0.1322651,0.0,-0.5560501,-0.1099893,0.8238392,0.0,-1.224978,-1.668977,-0.04421991,1.0,-0.8311487,-0.0001039408,-0.5560499,0.0,0.07346036,0.9912144,-0.1099893,0.0,-0.5511761,0.1322651,0.8238389,0.0,-0.9199079,1.660035,-0.8282882,1.0,1.0,1.0,-0.1190711,-0.07716469,0.9898826,0.004742614,-0.003806503,-0.02119257,36.11111,2175.0,-0.175,-0.15849999999999997
6.0,-0.02674758,-0.07329872,0.9998815,-0.2094139,-0.0935061,0.9998857,-0.1180807,-0.08340248,0.9998835,-0.831147,0.07319015,-0.5512152,0.0,-0.0003504381,0.9912305,0.1321436,0.0,-0.5560529,-0.1100239,0.8238325,0.0,-1.224533,-1.669367,-0.04394895,1.0,-0.8311468,-0.0003504375,-0.5560529,0.0,0.07319014,0.9912305,-0.1100239,0.0,-0.5512151,0.1321436,0.8238325,0.0,-0.9198103,1.660106,-0.8283686,1.0,1.0,1.0,-0.1190711,-0.07716469,0.9898826,0.004742614,-0.003806503,-0.02119257,36.12222,2176.0,-0.175,-0.15849999999999997
6.0,-0.02778861,-0.07337468,1.00021,-0.2119846,-0.09459502,1.000224,-0.119886,-0.0839849,1.000217,-0.8310523,0.0735724,-0.5513071,0.0,0.0002080947,0.9912537,0.13197,0.0,-0.5561946,-0.1095592,0.823799,0.0,-1.225613,-1.668566,-0.04399285,1.0,-0.8310519,0.0002081005,-0.5561944,0.0,0.07357237,0.9912537,-0.1095592,0.0,-0.5513068,0.1319699,0.8237985,0.0,-0.9200412,1.660033,-0.8282446,1.0,1.0,1.0,-0.1207538,-0.07768556,0.989638,0.004743011,-0.003806397,-0.02118092,36.13334,2177.0,-0.175,-0.15849999999999997
6.0,-0.02794498,-0.07339121,0.9999475,-0.2120677,-0.09437648,0.9999027,-0.1200079,-0.08388403,0.9999253,-0.8311825,0.07338975,-0.551135,0.0,0.0001378097,0.9912774,0.1317918,0.0,-0.5559998,-0.1094671,0.8239425,0.0,-1.225401,-1.668701,-0.04338652,1.0,-0.8311823,0.0001378068,-0.5559998,0.0,0.07338976,0.9912775,-0.1094671,0.0,-0.5511349,0.1317918,0.8239424,0.0,-0.9199779,1.660033,-0.8282425,1.0,1.0,1.0,-0.120906,-0.07760804,0.9896256,0.004743209,-0.003807961,-0.0211739,36.14444,2178.0,-0.175,-0.15849999999999997
6.0,-0.02791309,-0.07315718,0.999954,-0.2119742,-0.09423094,0.9999303,-0.1199443,-0.08369425,0.999942,-0.83126,0.07366374,-0.5509817,0.0,0.0005465224,0.9912887,0.1317063,0.0,-0.5558838,-0.109181,0.8240588,0.0,-1.225932,-1.668198,-0.04292232,1.0,-0.8312597,0.0005465258,-0.5558838,0.0,0.07366373,0.9912887,-0.109181,0.0,-0.5509815,0.1317062,0.8240586,0.0,-0.9198313,1.659989,-0.8282404,1.0,1.0,1.0,-0.1208445,-0.0774248,0.9896474,0.004743209,-0.003807427,-0.02117876,36.16667,2179.0,-0.175,-0.15849999999999997
2.0,0.04281637,-0.1515569,1.000164,-0.1451907,-0.1797364,1.000107,-0.05118906,-0.1656472,1.000136,-0.832473,0.08097842,-0.5481159,0.0,0.0005987138,0.9893929,0.1452632,0.0,-0.5540652,-0.1205995,0.8236915,0.0,-1.226059,-1.667312,-0.05556139,1.0,-0.8324732,0.0005987264,-0.5540651,0.0,0.08097841,0.9893929,-0.1205995,0.0,-0.5481158,0.1452632,0.8236913,0.0,-0.9160988,1.658431,-0.834628,1.0,1.0,1.0,-0.05348993,-0.1556743,0.9863592,0.004144195,-0.004608208,-0.02021333,39.45555,2381.0,-0.0875,-0.246
2.0,0.0425314,-0.151344,1.000039,-0.1440935,-0.1822724,1.000008,-0.050782,-0.1668085,1.000023,-0.8325484,0.08092999,-0.5480088,0.0,0.0006606169,0.9894148,0.1451133,0.0,-0.5539521,-0.1204518,0.8237892,0.0,-1.226185,-1.667248,-0.05518895,1.0,-0.8325483,0.0006606271,-0.553952,0.0,0.08092999,0.9894149,-0.1204518,0.0,-0.5480087,0.1451132,0.823789,0.0,-0.9161716,1.658419,-0.8346064,1.0,1.0,1.0,-0.05308945,-0.1567936,0.9862035,0.004138405,-0.004607521,-0.02019205,39.46667,2382.0,-0.0875,-0.246
2.0,0.04251561,-0.1508969,1.000083,-0.1445909,-0.1818922,1.000042,-0.05103892,-0.1663948,1.000063,-0.8326633,0.08094969,-0.5478311,0.0,0.0007293448,0.9894179,0.1450918,0.0,-0.5537791,-0.120413,0.8239111,0.0,-1.226265,-1.66724,-0.05496609,1.0,-0.8326634,0.0007293444,-0.5537791,0.0,0.08094969,0.989418,-0.120413,0.0,-0.5478311,0.1450918,0.8239111,0.0,-0.9162152,1.658467,-0.83455,1.0,1.0,1.0,-0.05333669,-0.1563982,0.9862529,0.004136406,-0.00460466,-0.02019026,39.47778,2383.0,-0.0875,-0.246
2.0,0.04189831,-0.1510557,1.000106,-0.1423278,-0.18167,1.000066,-0.05021605,-0.1663633,1.000086,-0.8328024,0.08110616,-0.5475968,0.0,0.0008003116,0.9893839,0.1453234,0.0,-0.55357,-0.1205874,0.8240262,0.0,-1.22637,-1.667192,-0.05509931,1.0,-0.8328022,0.0008003339,-0.5535699,0.0,0.08110613,0.9893839,-0.1205874,0.0,-0.5475966,0.1453234,0.8240259,0.0,-0.9162763,1.658482,-0.8345206,1.0,1.0,1.0,-0.05253758,-0.1563745,0.9862995,0.004131371,-0.004602211,-0.0201907,39.48889,2384.0,-0.0875,-0.246
2.0,0.04213557,-0.1511472,1.00019,-0.1430868,-0.1818601,1.000137,-0.05047718,-0.1665042,1.000163,-0.8330277,0.08102658,-0.5472657,0.0,0.0007285848,0.9893763,0.1453752,0.0,-0.5532309,-0.1207028,0.824237,0.0,-1.226318,-1.66731,-0.05485672,1.0,-0.8330277,0.0007285996,-0.5532308,0.0,0.08102655,0.9893764,-0.1207028,0.0,-0.5472655,0.1453752,0.8242368,0.0,-0.9164813,1.658465,-0.8344707,1.0,1.0,1.0,-0.05278065,-0.1564946,0.9862675,0.004127526,-0.004600861,-0.02019168,39.52222,2385.0,-0.0875,-0.246
2.0,0.04240125,-0.1508707,0.9999682,-0.1437274,-0.181823,0.9999524,-0.05066359,-0.166347,0.9999604,-0.8330709,0.08112188,-0.547186,0.0,0.0008276328,0.9893701,0.1454169,0.0,-0.553166,-0.1206897,0.8242825,0.0,-1.22644,-1.667282,-0.0547725,1.0,-0.8330706,0.0008276393,-0.5531658,0.0,0.08112188,0.9893702,-0.1206897,0.0,-0.5471859,0.1454169,0.8242823,0.0,-0.9164292,1.658539,-0.8345006,1.0,1.0,1.0,-0.05296996,-0.1563771,0.986276,0.004125702,-0.00459916,-0.0201928,39.53333,2386.0,-0.0875,-0.246
2.0,0.04259068,-0.1510508,1.000008,-0.1437784,-0.1818283,0.9999686,-0.0505949,-0.1664399,0.9999884,-0.833209,0.08088125,-0.5470108,0.0,0.0005734563,0.9893705,0.1454152,0.0,-0.5529578,-0.1208476,0.8243989,0.0,-1.226005,-1.667624,-0.05451128,1.0,-0.8332091,0.0005734551,-0.5529578,0.0,0.08088126,0.9893705,-0.1208476,0.0,-0.5470109,0.1454152,0.8243989,0.0,-0.9164569,1.658528,-0.8345181,1.0,1.0,1.0,-0.05290195,-0.1564617,0.9862662,0.004125702,-0.004598763,-0.02018926,39.54445,2387.0,-0.0875,-0.246
2.0,0.04273355,-0.1510087,1.000053,-0.1437649,-0.1817366,1.000016,-0.05051687,-0.1663728,1.000035,-0.8334028,0.08017592,-0.5468199,0.0,-0.0005091615,0.9893094,0.1458307,0.0,-0.5526662,-0.1218141,0.8244524,0.0,-1.224346,-1.668867,-0.05502629,1.0,-0.8334025,-0.0005091572,-0.552666,0.0,0.0801759,0.9893094,-0.1218141,0.0,-0.5468197,0.1458307,0.8244521,0.0,-0.9166592,1.658427,-0.8345791,1.0,1.0,1.0,-0.05282495,-0.1563926,0.9862813,0.004126084,-0.00459813,-0.02019036,39.56667,2388.0,-0.0875,-0.246
2.0,0.0422788,-0.1498614,1.000049,-0.1456497,-0.1816641,1.00004,-0.05168572,-0.1657629,1.000045,-0.8335048,0.08016798,-0.5466654,0.0,-0.000834655,0.9892336,0.1463428,0.0,-0.5525118,-0.1224337,0.8244641,0.0,-1.223813,-1.669193,-0.05568951,1.0,-0.8335046,-0.0008346445,-0.5525116,0.0,0.08016797,0.9892336,-0.1224337,0.0,-0.5466653,0.1463428,0.8244638,0.0,-0.9166816,1.65835,-0.8346226,1.0,1.0,1.0,-0.05395788,-0.1558095,0.9863123,0.004127785,-0.004594917,-0.02019036,39.57778,2389.0,-0.0875,-0.246
2.0,0.04131892,-0.1494455,1.000085,-0.145031,-0.1813117,1.000054,-0.05185711,-0.1653789,1.00007,-0.8336709,0.08014327,-0.5464156,0.0,-0.001161702,0.9891576,0.1468531,0.0,-0.5522604,-0.1230619,0.8245388,0.0,-1.223242,-1.669574,-0.05624107,1.0,-0.8336709,-0.001161694,-0.5522604,0.0,0.08014327,0.9891577,-0.1230619,0.0,-0.5464155,0.1468531,0.8245387,0.0,-0.9167071,1.658311,-0.8346362,1.0,1.0,1.0,-0.0541265,-0.155442,0.9863611,0.004129914,-0.004594795,-0.02019338,39.58889,2390.0,-0.0875,-0.246
2.0,0.04072249,-0.1497175,1.000306,-0.1457741,-0.1811145,1.000243,-0.05252776,-0.1654164,1.000275,-0.8339809,0.08090524,-0.5458301,0.0,-0.0006418824,0.9890496,0.1475819,0.0,-0.5517932,-0.1234308,0.8247966,0.0,-1.224151,-1.6688,-0.05700254,1.0,-0.8339806,-0.0006418882,-0.551793,0.0,0.08090523,0.9890497,-0.1234308,0.0,-0.5458299,0.1475819,0.8247964,0.0,-0.9170172,1.658153,-0.8344437,1.0,1.0,1.0,-0.05476219,-0.1554418,0.986326,0.004130012,-0.004594482,-0.02019479,39.61111,2391.0,-0.0875,-0.246
2.0,0.04094198,-0.149411,1.000067,-0.1457303,-0.1810425,1.000022,-0.0523957,-0.165227,1.000045,-0.83412,0.08124038,-0.5455677,0.0,-0.0003743842,0.9890103,0.1478458,0.0,-0.5515831,-0.1235254,0.8249229,0.0,-1.224564,-1.668469,-0.05710956,1.0,-0.8341199,-0.0003743771,-0.5515829,0.0,0.08124038,0.9890104,-0.1235253,0.0,-0.5455675,0.1478457,0.8249227,0.0,-0.9170433,1.658118,-0.8344358,1.0,1.0,1.0,-0.05464878,-0.1552981,0.9863549,0.004130471,-0.004594475,-0.02019485,39.62222,2392.0,-0.0875,-0.246
2.0,0.04044288,-0.1495979,1.000047,-0.1478912,-0.1814642,0.9999774,-0.05372643,-0.1655317,1.000012,-0.834288,0.08183031,-0.5452225,0.0,0.0003289096,0.9889976,0.1479315,0.0,-0.551329,-0.1232381,0.8251357,0.0,-1.225598,-1.667666,-0.05667767,1.0,-0.8342877,0.0003289004,-0.5513289,0.0,0.08183031,0.9889976,-0.1232381,0.0,-0.5452223,0.1479315,0.8251355,0.0,-0.9169378,1.658105,-0.8344609,1.0,1.0,1.0,-0.05593334,-0.1555829,0.986238,0.004133439,-0.00459018,-0.02019592,39.64444,2393.0,-0.0875,-0.246
2.0,0.04072696,-0.1495176,0.99993,-0.1488918,-0.1828254,0.9999735,-0.0540812,-0.166171,0.9999517,-0.8341446,0.08190529,-0.5454307,0.0,0.0004881434,0.9890215,0.1477711,0.0,-0.5515459,-0.1229962,0.8250269,0.0,-1.225977,-1.667434,-0.05673593,1.0,-0.8341443,0.0004881558,-0.5515457,0.0,0.08190527,0.9890215,-0.1229962,0.0,-0.5454305,0.1477711,0.8250267,0.0,-0.917016,1.65811,-0.8344621,1.0,1.0,1.0,-0.05627237,-0.156201,0.986121,0.004134445,-0.004576806,-0.02021847,39.67778,2394.0,-0.0875,-0.246
2.0,0.0405882,-0.1498669,1.000025,-0.1487601,-0.1789371,1.000053,-0.05408502,-0.1644017,1.000039,-0.8340719,0.08185001,-0.5455502,0.0,0.0003853589,0.9890179,0.1477952,0.0,-0.551656,-0.1230616,0.8249435,0.0,-1.225817,-1.667535,-0.05698162,1.0,-0.8340716,0.0003853669,-0.5516558,0.0,0.08185,0.9890179,-0.1230616,0.0,-0.54555,0.1477952,0.8249432,0.0,-0.9170176,1.658116,-0.8344318,1.0,1.0,1.0,-0.05628748,-0.154524,0.9863843,0.004135643,-0.004570999,-0.02022386,39.68889,2395.0,-0.0875,-0.246
2.0,0.03959602,-0.1493504,0.9999146,-0.1495392,-0.1812286,0.9999835,-0.05496931,-0.165289,0.9999492,-0.8338681,0.08180967,-0.5458676,0.0,0.000319913,0.9890265,0.1477376,0.0,-0.5519639,-0.123019,0.8247439,0.0,-1.225763,-1.667578,-0.05728143,1.0,-0.8338678,0.0003199343,-0.5519637,0.0,0.08180965,0.9890265,-0.123019,0.0,-0.5458674,0.1477376,0.8247437,0.0,-0.9169683,1.658133,-0.8344778,1.0,1.0,1.0,-0.05713755,-0.1553748,0.9862018,0.004136178,-0.004562485,-0.02022428,39.7,2396.0,-0.0875,-0.246
2.0,0.03981945,-0.1500784,1.000073,-0.149871,-0.1817258,1.000118,-0.05502427,-0.1659018,1.000095,-0.8335689,0.08162276,-0.5463521,0.0,2.743676e-05,0.9890299,0.1477152,0.0,-0.5524156,-0.1231158,0.8244269,0.0,-1.225433,-1.667829,-0.05810195,1.0,-0.8335688,2.744345e-05,-0.5524154,0.0,0.08162276,0.9890299,-0.1231158,0.0,-0.5463521,0.1477151,0.8244267,0.0,-0.9170937,1.658149,-0.8343832,1.0,1.0,1.0,-0.05717903,-0.1559363,0.9861107,0.004137802,-0.004556656,-0.02022193,39.72222,2397.0,-0.0875,-0.246
