flag,xl,yl,zl,xr,yr,zr,xc,yc,zc,mat_00,mat_10,mat_20,mat_30,mat_01,mat_11,mat_21,mat_31,mat_02,mat_12,mat_22,mat_32,mat_03,mat_13,mat_23,mat_33,ctw_00,ctw_10,ctw_20,ctw_30,ctw_01,ctw_11,ctw_21,ctw_31,ctw_02,ctw_12,ctw_22,ctw_32,ctw_03,ctw_13,ctw_23,ctw_33,opennessl,opennessr,ray_x,ray_y,ray_z,eye_x,eye_y,eye_z,time,frame,u,v
6.0,-0.0503116,-0.1111773,1.000015,-0.2195191,-0.09467065,1.000003,-0.1349156,-0.1029239,1.000009,0.2077364,0.1553068,-0.9657771,0.0,0.01530353,0.9866787,0.1619597,0.0,-0.9780652,0.04842475,-0.2025924,0.0,-0.4282119,-1.34803,-1.210603,1.0,0.2077364,0.01530354,-0.9780651,0.0,0.1553068,0.9866787,0.04842474,0.0,-0.9657771,0.1619597,-0.2025923,0.0,-0.8708594,1.532695,-0.5988,1.0,1.0,1.0,-0.1314741,-0.09792768,0.9864708,0.001857484,-0.001049438,-0.02622093,20.26667,1244.0,-0.175,-0.15849999999999997
6.0,-0.05070974,-0.110754,1.000067,-0.2191651,-0.09466961,1.000055,-0.1349376,-0.1027117,1.000061,0.2076258,0.1551858,-0.9658203,0.0,0.01507959,0.986711,0.1617842,0.0,-0.9780921,0.04815476,-0.2025265,0.0,-0.427861,-1.348179,-1.21037,1.0,0.2076258,0.01507961,-0.9780921,0.0,0.1551858,0.986711,0.04815475,0.0,-0.9658203,0.1617842,-0.2025265,0.0,-0.8709466,1.532534,-0.5986983,1.0,1.0,1.0,-0.1314911,-0.0977208,0.9864891,0.001857377,-0.001049126,-0.02622069,20.28889,1245.0,-0.175,-0.15849999999999997
6.0,-0.05057077,-0.1118646,1.000022,-0.2191675,-0.09470224,1.000017,-0.1348693,-0.1032835,1.00002,0.2076018,0.1551336,-0.9658338,0.0,0.0151222,0.9867178,0.1617385,0.0,-0.9780965,0.04818273,-0.2024984,0.0,-0.4279144,-1.348218,-1.210324,1.0,0.2076018,0.0151222,-0.9780965,0.0,0.1551336,0.9867179,0.04818274,0.0,-0.9658338,0.1617385,-0.2024985,0.0,-0.8709818,1.532537,-0.5986695,1.0,1.0,1.0,-0.1314283,-0.0982691,0.986443,0.001857781,-0.001052452,-0.02619332,20.3,1246.0,-0.175,-0.15849999999999997
6.0,-0.05096012,-0.1110197,1.000025,-0.2189568,-0.0949762,1.000032,-0.1349582,-0.1029982,1.000029,0.2074329,0.1550779,-0.9658791,0.0,0.01512562,0.9867283,0.1616738,0.0,-0.9781323,0.04814598,-0.2023343,0.0,-0.4280711,-1.348425,-1.210189,1.0,0.2074329,0.01512562,-0.9781322,0.0,0.1550779,0.9867284,0.04814599,0.0,-0.9658791,0.1616738,-0.2023343,0.0,-0.8709898,1.53266,-0.5986516,1.0,1.0,1.0,-0.1315177,-0.09799538,0.9864582,0.001859643,-0.00105349,-0.02618456,20.32222,1247.0,-0.175,-0.15849999999999997
6.0,-0.05156696,-0.1088198,0.9998902,-0.2190789,-0.09568998,0.999871,-0.1353235,-0.1022547,0.9998807,0.2073053,0.1550432,-0.965912,0.0,0.01506414,0.9867382,0.1616192,0.0,-0.9781603,0.04805515,-0.2022204,0.0,-0.4281148,-1.348557,-1.209969,1.0,0.2073053,0.01506415,-0.9781603,0.0,0.1550432,0.9867381,0.04805515,0.0,-0.965912,0.1616192,-0.2022205,0.0,-0.8708882,1.532676,-0.5986401,1.0,1.0,1.0,-0.131893,-0.09729712,0.9864773,0.001860145,-0.00105471,-0.02616837,20.33333,1248.0,-0.175,-0.15849999999999997
6.0,-0.05156364,-0.1091985,1.00002,-0.2192001,-0.09371038,1.000004,-0.1353823,-0.1014543,1.000012,0.2072324,0.1551531,-0.9659101,0.0,0.01511846,0.9867178,0.1617391,0.0,-0.978175,0.04812066,-0.2021343,0.0,-0.4282386,-1.348398,-1.21011,1.0,0.2072324,0.01511847,-0.9781749,0.0,0.1551531,0.9867178,0.04812064,0.0,-0.96591,0.1617391,-0.2021342,0.0,-0.8709037,1.532685,-0.5986111,1.0,1.0,1.0,-0.1319443,-0.09652113,0.9865467,0.001861969,-0.001056374,-0.02616201,20.34444,1249.0,-0.175,-0.15849999999999997
6.0,-0.05152875,-0.1087027,1.000031,-0.2199759,-0.0937091,1.000029,-0.1357525,-0.1012061,1.00003,0.2070877,0.1552017,-0.9659333,0.0,0.0152023,0.9867067,0.1617987,0.0,-0.9782043,0.04819092,-0.2019753,0.0,-0.4284152,-1.348255,-1.210182,1.0,0.2070877,0.01520231,-0.9782044,0.0,0.1552017,0.9867067,0.04819092,0.0,-0.9659333,0.1617987,-0.2019754,0.0,-0.8709845,1.53265,-0.598531,1.0,1.0,1.0,-0.1322964,-0.09627885,0.9865232,0.001862107,-0.001056885,-0.02615041,20.36667,1250.0,-0.175,-0.15849999999999997
6.0,-0.05149554,-0.1073503,0.9999593,-0.2201715,-0.0931807,0.9999714,-0.1358331,-0.1002656,0.9999654,0.207135,0.1550894,-0.9659411,0.0,0.01512021,0.9867291,0.1616694,0.0,-0.9781955,0.04809263,-0.2020412,0.0,-0.4282394,-1.348443,-1.210001,1.0,0.2071351,0.0151202,-0.9781955,0.0,0.1550894,0.986729,0.04809264,0.0,-0.9659412,0.1616694,-0.2020412,0.0,-0.870957,1.532643,-0.5985217,1.0,1.0,1.0,-0.132393,-0.09538723,0.9865968,0.001862221,-0.001058228,-0.02614395,20.37778,1251.0,-0.175,-0.15849999999999997
6.0,-0.05299369,-0.1077465,0.9999802,-0.2208114,-0.09436565,0.9999673,-0.1369028,-0.1010562,0.9999738,0.2069603,0.15497,-0.9659978,0.0,0.01512917,0.9867501,0.1615406,0.0,-0.9782324,0.04804723,-0.2018735,0.0,-0.4283507,-1.348516,-1.20985,1.0,0.2069602,0.01512917,-0.9782323,0.0,0.15497,0.9867502,0.04804723,0.0,-0.9659978,0.1615406,-0.2018735,0.0,-0.8710811,1.532569,-0.5984706,1.0,1.0,1.0,-0.1333972,-0.09612803,0.9863896,0.00186425,-0.001058548,-0.02612241,20.4,1252.0,-0.175,-0.15849999999999997
6.0,-0.05333936,-0.1072225,0.9999741,-0.2215159,-0.09313668,0.9999763,-0.1374275,-0.1001797,0.9999752,0.206983,0.1550314,-0.9659832,0.0,0.01515214,0.9867385,0.1616091,0.0,-0.9782273,0.04808706,-0.201889,0.0,-0.4283996,-1.348518,-1.209917,1.0,0.206983,0.01515216,-0.9782271,0.0,0.1550314,0.9867385,0.04808705,0.0,-0.965983,0.1616091,-0.2018891,0.0,-0.8710251,1.532659,-0.5984948,1.0,1.0,1.0,-0.1339051,-0.09528676,0.9864025,0.001866066,-0.001058548,-0.02612204,20.41111,1253.0,-0.175,-0.15849999999999997
6.0,-0.05357966,-0.1066739,0.9998794,-0.2203795,-0.09317047,0.9998312,-0.136981,-0.09992217,0.9998553,0.2066662,0.1550838,-0.9660426,0.0,0.01527903,0.9867261,0.1616729,0.0,-0.9782923,0.04817255,-0.2015534,0.0,-0.4288525,-1.348382,-1.209744,1.0,0.2066662,0.01527906,-0.9782922,0.0,0.1550838,0.9867261,0.04817253,0.0,-0.9660423,0.1616729,-0.2015534,0.0,-0.8709225,1.532619,-0.5984161,1.0,1.0,1.0,-0.1335031,-0.09505606,0.9864792,0.001866927,-0.0010607,-0.02611675,20.43333,1254.0,-0.175,-0.15849999999999997
6.0,-0.05367558,-0.1079216,1.000005,-0.221045,-0.09190452,0.9999732,-0.1373612,-0.0999129,0.999989,0.2064849,0.1553828,-0.9660333,0.0,0.01514564,0.9866841,0.1619417,0.0,-0.9783326,0.04806972,-0.201382,0.0,-0.4288012,-1.348108,-1.210029,1.0,0.2064849,0.01514565,-0.9783326,0.0,0.1553828,0.9866841,0.04806971,0.0,-0.9660332,0.1619417,-0.201382,0.0,-0.8709143,1.532605,-0.598385,1.0,1.0,1.0,-0.1338497,-0.09502874,0.9864349,0.001867302,-0.001065575,-0.02608501,20.44444,1255.0,-0.175,-0.15849999999999997
6.0,-0.05313279,-0.1081365,0.9999896,-0.2212851,-0.09339661,0.9999661,-0.1372096,-0.1007665,0.9999778,0.2063515,0.1555839,-0.9660293,0.0,0.01507627,0.9866549,0.1621261,0.0,-0.9783618,0.04801908,-0.201252,0.0,-0.4287671,-1.347887,-1.210206,1.0,0.2063514,0.01507627,-0.9783617,0.0,0.1555838,0.9866548,0.04801908,0.0,-0.9660293,0.1621261,-0.201252,0.0,-0.8709084,1.53257,-0.5983214,1.0,1.0,1.0,-0.1336987,-0.09584989,0.9863759,0.0018674,-0.001060814,-0.02607745,20.45556,1256.0,-0.175,-0.15849999999999997
6.0,-0.0529907,-0.108358,0.9999804,-0.2211691,-0.09356301,0.9999584,-0.1370805,-0.1009604,0.9999693,0.2063953,0.1560454,-0.9659457,0.0,0.01515599,0.986573,0.1626161,0.0,-0.9783514,0.04820308,-0.201259,0.0,-0.4288322,-1.347253,-1.210865,1.0,0.2063953,0.01515601,-0.9783512,0.0,0.1560454,0.986573,0.04820305,0.0,-0.9659455,0.1626161,-0.201259,0.0,-0.8708885,1.532569,-0.5983043,1.0,1.0,1.0,-0.1335757,-0.09604064,0.986374,0.001867957,-0.001056877,-0.02607955,20.47778,1257.0,-0.175,-0.15849999999999997
6.0,-0.05301157,-0.1077482,1.000105,-0.2211307,-0.09307581,1.000123,-0.1370707,-0.1004122,1.000114,0.2065105,0.15576,-0.9659671,0.0,0.01536302,0.9866098,0.1623731,0.0,-0.9783239,0.04837193,-0.2013523,0.0,-0.428978,-1.347384,-1.210695,1.0,0.2065104,0.01536305,-0.9783237,0.0,0.15576,0.9866099,0.0483719,0.0,-0.9659669,0.1623731,-0.2013523,0.0,-0.8710342,1.532517,-0.59828,1.0,1.0,1.0,-0.1335537,-0.09550618,0.9864289,0.00186805,-0.001055,-0.02608928,20.48889,1258.0,-0.175,-0.15849999999999997
6.0,-0.05290942,-0.1081179,0.999985,-0.2211433,-0.09344547,0.9999714,-0.1370267,-0.1007816,0.9999782,0.2062557,0.1561587,-0.9659571,0.0,0.01532831,0.9865466,0.1627603,0.0,-0.9783781,0.04837674,-0.2010872,0.0,-0.4290932,-1.346968,-1.211062,1.0,0.2062557,0.01532832,-0.978378,0.0,0.1561587,0.9865466,0.04837672,0.0,-0.965957,0.1627603,-0.2010872,0.0,-0.8709904,1.532536,-0.5981827,1.0,1.0,1.0,-0.1335248,-0.09587351,0.9863972,0.001868164,-0.001052536,-0.02608947,20.51111,1259.0,-0.175,-0.15849999999999997
6.0,-0.05260554,-0.1059597,0.9999818,-0.221118,-0.09286439,0.9999814,-0.1368617,-0.09941202,0.9999816,0.2062601,0.1562558,-0.9659404,0.0,0.01531985,0.9865306,0.1628578,0.0,-0.9783773,0.04838915,-0.2010881,0.0,-0.4290844,-1.346846,-1.211169,1.0,0.2062601,0.01531987,-0.9783773,0.0,0.1562558,0.9865307,0.04838913,0.0,-0.9659405,0.1628579,-0.2010881,0.0,-0.8709616,1.532526,-0.5981854,1.0,1.0,1.0,-0.133385,-0.09457093,0.9865419,0.001868141,-0.001051979,-0.0260911,20.52222,1260.0,-0.175,-0.15849999999999997
6.0,-0.05206405,-0.1065566,1.000139,-0.2226641,-0.094615,1.000091,-0.1373654,-0.1005857,1.000115,0.2059471,0.1565832,-0.9659542,0.0,0.0149909,0.9864942,0.1631089,0.0,-0.9784483,0.04807232,-0.2008182,0.0,-0.4287952,-1.346677,-1.211529,1.0,0.205947,0.01499091,-0.9784483,0.0,0.1565831,0.9864942,0.04807232,0.0,-0.9659542,0.1631089,-0.2008183,0.0,-0.8711056,1.532528,-0.5981132,1.0,1.0,1.0,-0.1338292,-0.09567767,0.9863749,0.001869813,-0.001043282,-0.02610477,20.53333,1261.0,-0.175,-0.15849999999999997
6.0,-0.05205433,-0.1088682,1.000136,-0.2223251,-0.09565984,1.000112,-0.1371903,-0.102264,1.000124,0.2057793,0.1572505,-0.9658815,0.0,0.01439659,0.9864118,0.16366,0.0,-0.9784926,0.04758325,-0.2007193,0.0,-0.4280697,-1.346242,-1.212379,1.0,0.2057793,0.01439658,-0.9784924,0.0,0.1572505,0.9864118,0.04758325,0.0,-0.9658816,0.1636601,-0.2007192,0.0,-0.8712298,1.53253,-0.5981522,1.0,1.0,1.0,-0.1336386,-0.09729409,0.9862427,0.001870659,-0.001022278,-0.02613491,20.55556,1262.0,-0.175,-0.15849999999999997
6.0,-0.05200745,-0.1083903,0.9999872,-0.2218443,-0.09629329,0.9999747,-0.1369262,-0.1023417,0.9999809,0.2057459,0.1575703,-0.9658365,0.0,0.01448781,0.9863533,0.1640037,0.0,-0.9784982,0.04773595,-0.2006553,0.0,-0.4281799,-1.34576,-1.21278,1.0,0.2057459,0.01448781,-0.9784982,0.0,0.1575703,0.9863533,0.04773594,0.0,-0.9658366,0.1640037,-0.2006553,0.0,-0.8711996,1.532499,-0.5980828,1.0,1.0,1.0,-0.1334006,-0.09739494,0.9862649,0.001870773,-0.001007088,-0.02617988,20.56667,1263.0,-0.175,-0.15849999999999997
6.0,-0.05207302,-0.1075014,0.9999154,-0.2203237,-0.09756594,0.9999038,-0.1361986,-0.1025336,0.9999096,0.2054858,0.1577331,-0.9658653,0.0,0.01447024,0.9863287,0.1641535,0.0,-0.9785531,0.04770752,-0.2003941,0.0,-0.4285058,-1.345677,-1.212719,1.0,0.2054858,0.01447025,-0.9785531,0.0,0.1577332,0.9863287,0.04770752,0.0,-0.9658653,0.1641535,-0.2003941,0.0,-0.8710138,1.532552,-0.5981386,1.0,1.0,1.0,-0.1327163,-0.09760275,0.9863367,0.001870163,-0.0009946061,-0.02620612,20.58889,1264.0,-0.175,-0.15849999999999997
6.0,-0.05139349,-0.1070272,1.000007,-0.220372,-0.09594589,1.000014,-0.1358826,-0.1014866,1.00001,0.2055218,0.1577541,-0.9658543,0.0,0.01441272,0.9863276,0.1641649,0.0,-0.9785464,0.04766006,-0.2004382,0.0,-0.4284168,-1.345685,-1.212757,1.0,0.2055218,0.01441273,-0.9785463,0.0,0.157754,0.9863276,0.04766004,0.0,-0.9658542,0.1641648,-0.2004382,0.0,-0.8710098,1.532552,-0.5981731,1.0,1.0,1.0,-0.1324156,-0.09660098,0.9864757,0.001869735,-0.0009924164,-0.02622261,20.6,1265.0,-0.175,-0.15849999999999997
6.0,-0.05154777,-0.1066583,0.999986,-0.2204121,-0.09563256,0.9999687,-0.1359803,-0.1011456,0.9999774,0.2053171,0.1574581,-0.9659462,0.0,0.01452087,0.9863743,0.1638746,0.0,-0.9785879,0.04767265,-0.2002332,0.0,-0.4289102,-1.346045,-1.212255,1.0,0.2053171,0.01452088,-0.9785876,0.0,0.1574581,0.9863743,0.04767263,0.0,-0.965946,0.1638746,-0.2002331,0.0,-0.8709643,1.53259,-0.5982903,1.0,1.0,1.0,-0.1325146,-0.09627973,0.9864938,0.001869171,-0.0009899293,-0.02623139,20.62222,1266.0,-0.175,-0.15849999999999997
6.0,-0.05157538,-0.1061479,0.9999835,-0.2214123,-0.09655976,0.9999667,-0.1364943,-0.1013537,0.9999751,0.2052193,0.157405,-0.9659756,0.0,0.01454156,0.9863831,0.1638198,0.0,-0.9786081,0.04766579,-0.2001359,0.0,-0.4290961,-1.346102,-1.212132,1.0,0.2052193,0.01454158,-0.9786078,0.0,0.1574051,0.9863831,0.04766577,0.0,-0.9659755,0.1638198,-0.2001359,0.0,-0.8709481,1.532583,-0.598345,1.0,1.0,1.0,-0.132994,-0.09647577,0.9864101,0.001866364,-0.0009849396,-0.02623947,20.63333,1267.0,-0.175,-0.15849999999999997
6.0,-0.05227348,-0.1048525,0.9999057,-0.2234069,-0.09948946,0.9998967,-0.1378405,-0.1021711,0.9999012,0.2050741,0.1575808,-0.9659777,0.0,0.01459635,0.9863518,0.1640032,0.0,-0.9786376,0.04773257,-0.1999751,0.0,-0.429336,-1.345866,-1.212267,1.0,0.2050741,0.01459635,-0.9786376,0.0,0.1575808,0.9863518,0.04773257,0.0,-0.9659777,0.1640033,-0.1999751,0.0,-0.8708947,1.53258,-0.5983461,1.0,1.0,1.0,-0.1342576,-0.09725355,0.9861626,0.001860986,-0.0009741974,-0.02624828,20.65556,1268.0,-0.175,-0.15849999999999997
6.0,-0.05227494,-0.1043337,0.9999704,-0.2244184,-0.09938408,0.9999751,-0.1383465,-0.101859,0.9999728,0.2050874,0.1573274,-0.9660162,0.0,0.01455648,0.9863966,0.163737,0.0,-0.9786354,0.04764219,-0.2000073,0.0,-0.4292549,-1.346223,-1.21191,1.0,0.2050873,0.01455649,-0.9786354,0.0,0.1573275,0.9863966,0.04764219,0.0,-0.9660162,0.163737,-0.2000073,0.0,-0.8708917,1.532593,-0.5983379,1.0,1.0,1.0,-0.1347275,-0.0969433,0.986129,0.001858369,-0.0009743729,-0.02624901,20.66667,1269.0,-0.175,-0.15849999999999997
6.0,-0.05178624,-0.1042238,1.000019,-0.2255613,-0.09952205,1.000019,-0.1386736,-0.1018731,1.000019,0.20511,0.1571667,-0.9660375,0.0,0.0147161,0.9864159,0.1636067,0.0,-0.9786283,0.04777366,-0.2000109,0.0,-0.429478,-1.346306,-1.211763,1.0,0.20511,0.01471609,-0.9786283,0.0,0.1571667,0.9864159,0.04777367,0.0,-0.9660375,0.1636066,-0.2000109,0.0,-0.8709241,1.532591,-0.5983472,1.0,1.0,1.0,-0.1350286,-0.09694791,0.9860874,0.001856896,-0.0009745484,-0.02624901,20.67778,1270.0,-0.175,-0.15849999999999997
6.0,-0.05180249,-0.1038763,1.000049,-0.2254401,-0.09939704,1.000087,-0.1386202,-0.1016367,1.000068,0.2053192,0.1570016,-0.96602,0.0,0.01464926,0.9864454,0.1634348,0.0,-0.9785855,0.04770778,-0.2002362,0.0,-0.4293442,-1.346588,-1.211808,1.0,0.2053192,0.01464926,-0.9785854,0.0,0.1570016,0.9864453,0.04770777,0.0,-0.9660199,0.1634348,-0.2002362,0.0,-0.8710621,1.532677,-0.5985552,1.0,1.0,1.0,-0.1349743,-0.09671937,0.9861172,0.001856889,-0.0009743729,-0.02625271,20.7,1271.0,-0.175,-0.15849999999999997
6.0,-0.05186281,-0.1037305,1.00002,-0.2258092,-0.09938122,1.00002,-0.1388361,-0.1015557,1.00002,0.2052855,0.1570084,-0.9660259,0.0,0.01446946,0.9864532,0.1634033,0.0,-0.9785951,0.0475222,-0.2002328,0.0,-0.4292473,-1.34683,-1.211787,1.0,0.2052856,0.01446945,-0.9785951,0.0,0.1570084,0.9864532,0.0475222,0.0,-0.966026,0.1634033,-0.2002327,0.0,-0.8710361,1.532806,-0.5986944,1.0,1.0,1.0,-0.135184,-0.09664347,0.986096,0.001855996,-0.0009745484,-0.02625358,20.71111,1272.0,-0.175,-0.15849999999999997
6.0,-0.05234717,-0.1035549,1.000142,-0.2276138,-0.09513895,1.000177,-0.1399794,-0.09934697,1.000159,0.2055669,0.1567977,-0.9660004,0.0,0.01427525,0.986496,0.1631623,0.0,-0.9785389,0.04733066,-0.2005526,0.0,-0.4288208,-1.347167,-1.211815,1.0,0.2055669,0.01427525,-0.9785389,0.0,0.1567977,0.9864959,0.04733066,0.0,-0.9660004,0.1631623,-0.2005526,0.0,-0.8712292,1.532819,-0.5988881,1.0,1.0,1.0,-0.1362752,-0.09449475,0.9861541,0.001853188,-0.0009988709,-0.02621113,20.73333,1273.0,-0.175,-0.15849999999999997
6.0,-0.05207714,-0.1045482,1.000045,-0.2265543,-0.09474742,1.000097,-0.1393143,-0.09964801,1.000071,0.2058166,0.1565519,-0.9659872,0.0,0.01407753,0.986545,0.162883,0.0,-0.9784894,0.04712275,-0.2008434,0.0,-0.4283617,-1.347574,-1.211609,1.0,0.2058165,0.01407755,-0.9784893,0.0,0.1565519,0.986545,0.04712274,0.0,-0.965987,0.162883,-0.2008434,0.0,-0.871269,1.532823,-0.5989896,1.0,1.0,1.0,-0.1356591,-0.09479532,0.9862101,0.001855996,-0.001001679,-0.02620451,20.74445,1274.0,-0.175,-0.15849999999999997
6.0,-0.05177183,-0.1054195,1.000117,-0.2263501,-0.09604043,1.00015,-0.1390599,-0.1007299,1.000134,0.2059856,0.1564054,-0.9659747,0.0,0.01399149,0.9865724,0.1627241,0.0,-0.978455,0.04703424,-0.2010314,0.0,-0.4281494,-1.347757,-1.211646,1.0,0.2059856,0.01399149,-0.9784549,0.0,0.1564054,0.9865724,0.04703424,0.0,-0.9659747,0.1627241,-0.2010314,0.0,-0.8714306,1.532815,-0.599113,1.0,1.0,1.0,-0.1353991,-0.0958204,0.9861467,0.00185666,-0.001005119,-0.02619818,20.76667,1275.0,-0.175,-0.15849999999999997
6.0,-0.05116591,-0.1032948,1.0001,-0.2238224,-0.09678622,1.000116,-0.1374937,-0.1000406,1.000108,0.2060937,0.1563842,-0.9659552,0.0,0.01411572,0.9865691,0.1627332,0.0,-0.9784304,0.04717343,-0.2011182,0.0,-0.4283097,-1.347707,-1.21179,1.0,0.2060937,0.01411572,-0.9784305,0.0,0.1563842,0.9865692,0.04717344,0.0,-0.9659551,0.1627332,-0.2011182,0.0,-0.8715028,1.532851,-0.5992084,1.0,1.0,1.0,-0.1339394,-0.09518381,0.9864078,0.001863159,-0.001006752,-0.02619778,20.77778,1276.0,-0.175,-0.15849999999999997
6.0,-0.05174351,-0.1040124,1.000126,-0.2234648,-0.09658346,1.000101,-0.1376048,-0.1002978,1.000114,0.2059487,0.1560136,-0.966046,0.0,0.01421402,0.9866279,0.1623678,0.0,-0.9784595,0.04717082,-0.2009771,0.0,-0.4285948,-1.348171,-1.211397,1.0,0.2059487,0.01421401,-0.9784596,0.0,0.1560136,0.986628,0.04717082,0.0,-0.9660459,0.1623678,-0.2009771,0.0,-0.8716637,1.532927,-0.5992315,1.0,1.0,1.0,-0.1340423,-0.09542289,0.9863707,0.001863998,-0.001012016,-0.02618836,20.78889,1277.0,-0.175,-0.15849999999999997
6.0,-0.05173708,-0.1046362,0.9999915,-0.2229765,-0.09692352,1.00002,-0.1373559,-0.1007799,1.000005,0.2063082,0.155767,-0.9660091,0.0,0.01424036,0.9866652,0.162139,0.0,-0.9783834,0.04720695,-0.201339,0.0,-0.4283853,-1.348549,-1.211327,1.0,0.2063083,0.01424037,-0.9783835,0.0,0.155767,0.9866652,0.04720694,0.0,-0.9660091,0.1621391,-0.201339,0.0,-0.8717136,1.53307,-0.5993515,1.0,1.0,1.0,-0.1338156,-0.09589516,0.9863557,0.001863953,-0.001011879,-0.02618549,20.81111,1278.0,-0.175,-0.15849999999999997
6.0,-0.05184349,-0.1050304,1.000085,-0.2233432,-0.09709752,1.000094,-0.137593,-0.1010639,1.000089,0.2063594,0.1555848,-0.9660276,0.0,0.01429651,0.9866926,0.161967,0.0,-0.9783718,0.04723424,-0.201389,0.0,-0.4284944,-1.348732,-1.21121,1.0,0.2063594,0.01429651,-0.9783717,0.0,0.1555848,0.9866926,0.04723423,0.0,-0.9660274,0.161967,-0.2013889,0.0,-0.871796,1.533086,-0.5994447,1.0,1.0,1.0,-0.1340248,-0.09615489,0.986302,0.001863663,-0.001012154,-0.02618693,20.82222,1279.0,-0.175,-0.15849999999999997
6.0,-0.05191386,-0.1039969,1.000072,-0.2214163,-0.09743533,1.00012,-0.1366636,-0.1007162,1.000096,0.2066096,0.1555241,-0.9659838,0.0,0.01410121,0.9867102,0.1618771,0.0,-0.9783219,0.0470669,-0.2016708,0.0,-0.4280441,-1.348875,-1.211269,1.0,0.2066097,0.0141012,-0.9783219,0.0,0.1555241,0.9867101,0.04706689,0.0,-0.9659838,0.1618771,-0.2016707,0.0,-0.8718461,1.533061,-0.5995551,1.0,1.0,1.0,-0.1331507,-0.09583395,0.9864516,0.001863778,-0.001012726,-0.0261881,20.83333,1280.0,-0.175,-0.15849999999999997
6.0,-0.05233496,-0.1061591,1.000124,-0.2209644,-0.09805809,1.00014,-0.1366493,-0.1021086,1.000132,0.2068019,0.1555338,-0.9659412,0.0,0.01419418,0.9867025,0.1619156,0.0,-0.9782799,0.04719521,-0.2018443,0.0,-0.4281245,-1.348732,-1.211599,1.0,0.2068019,0.01419419,-0.9782798,0.0,0.1555338,0.9867026,0.04719519,0.0,-0.965941,0.1619156,-0.2018442,0.0,-0.8720224,1.533051,-0.5997261,1.0,1.0,1.0,-0.1331147,-0.09715664,0.9863271,0.001862908,-0.001012726,-0.02618825,20.85556,1281.0,-0.175,-0.15849999999999997
6.0,-0.05248703,-0.1057049,1.000072,-0.2205854,-0.09821483,1.000129,-0.1365347,-0.1019599,1.0001,0.2071416,0.155213,-0.9659199,0.0,0.01427878,0.9867494,0.1616222,0.0,-0.9782068,0.04727083,-0.2021806,0.0,-0.4280137,-1.348995,-1.211418,1.0,0.2071416,0.01427878,-0.9782068,0.0,0.155213,0.9867494,0.04727083,0.0,-0.9659199,0.1616222,-0.2021806,0.0,-0.8720913,1.533024,-0.5998429,1.0,1.0,1.0,-0.1330118,-0.0970199,0.9863544,0.001862526,-0.001012085,-0.02618939,20.86667,1282.0,-0.175,-0.15849999999999997
6.0,-0.05255674,-0.1050055,1.000209,-0.2196535,-0.09865817,1.00023,-0.1361046,-0.1018318,1.00022,0.2076836,0.1550299,-0.9658329,0.0,0.01475544,0.9867525,0.1615607,0.0,-0.9780848,0.0478048,-0.2026448,0.0,-0.4282633,-1.348702,-1.211956,1.0,0.2076836,0.01475545,-0.9780847,0.0,0.1550299,0.9867525,0.04780479,0.0,-0.9658329,0.1615607,-0.2026447,0.0,-0.8725144,1.532959,-0.5999998,1.0,1.0,1.0,-0.1325916,-0.09689146,0.9864236,0.001861748,-0.001012894,-0.02618939,20.88889,1283.0,-0.175,-0.15849999999999997
6.0,-0.05251801,-0.1067327,1.000133,-0.2210628,-0.09830511,1.000176,-0.1367893,-0.102519,1.000154,0.2079419,0.1549686,-0.9657872,0.0,0.01481812,0.9867575,0.161524,0.0,-0.9780289,0.04789875,-0.2028919,0.0,-0.4281768,-1.348684,-1.212132,1.0,0.207942,0.01481812,-0.978029,0.0,0.1549686,0.9867575,0.04789875,0.0,-0.9657872,0.161524,-0.2028919,0.0,-0.8726224,1.532957,-0.6001009,1.0,1.0,1.0,-0.1332366,-0.09754594,0.9862722,0.001861,-0.001009766,-0.02619131,20.9,1284.0,-0.175,-0.15849999999999997
6.0,-0.05039218,-0.1070519,1.000138,-0.2214933,-0.1002489,1.000164,-0.135942,-0.1036506,1.000151,0.2084123,0.1548305,-0.965708,0.0,0.01457997,0.9867885,0.1613568,0.0,-0.9779324,0.04770875,-0.2034014,0.0,-0.4274397,-1.34895,-1.212449,1.0,0.2084123,0.01457998,-0.9779324,0.0,0.1548305,0.9867883,0.04770874,0.0,-0.9657079,0.1613568,-0.2034014,0.0,-0.872929,1.532997,-0.6002641,1.0,1.0,1.0,-0.1324222,-0.09863365,0.9862736,0.001860595,-0.001009346,-0.02619557,20.92222,1285.0,-0.175,-0.15849999999999997
6.0,-0.05026196,-0.1068259,1.000134,-0.2214957,-0.101317,1.000167,-0.1358777,-0.1040715,1.00015,0.2085693,0.1546136,-0.9657088,0.0,0.01440506,0.9868319,0.1611066,0.0,-0.9779015,0.04751302,-0.2035956,0.0,-0.4270533,-1.349346,-1.212334,1.0,0.2085693,0.01440508,-0.9779015,0.0,0.1546136,0.9868318,0.047513,0.0,-0.9657088,0.1611066,-0.2035957,0.0,-0.873064,1.533044,-0.6003305,1.0,1.0,1.0,-0.1323563,-0.09903394,0.9862425,0.001860633,-0.001010452,-0.02619705,20.93333,1286.0,-0.175,-0.15849999999999997
6.0,-0.05041252,-0.1068165,1.000025,-0.2212136,-0.1023398,1.000075,-0.1358118,-0.1045783,1.00005,0.2091211,0.1542014,-0.9656554,0.0,0.01421174,0.9869055,0.1606724,0.0,-0.9777865,0.04732365,-0.2041913,0.0,-0.4264838,-1.349922,-1.212121,1.0,0.2091211,0.01421176,-0.9777865,0.0,0.1542014,0.9869055,0.04732364,0.0,-0.9656553,0.1606724,-0.2041913,0.0,-0.8731448,1.533061,-0.6006315,1.0,1.0,1.0,-0.1323006,-0.09952497,0.9862005,0.001860397,-0.001012337,-0.0261919,20.95556,1287.0,-0.175,-0.15849999999999997
6.0,-0.0503623,-0.1069228,0.9999713,-0.2212317,-0.1022537,1.000003,-0.1357961,-0.1045884,0.9999874,0.2092744,0.1541057,-0.9656374,0.0,0.01401945,0.9869294,0.160542,0.0,-0.9777565,0.04713503,-0.2043785,0.0,-0.4261389,-1.350043,-1.211994,1.0,0.2092744,0.01401945,-0.9777565,0.0,0.1541057,0.9869295,0.04713504,0.0,-0.9656374,0.160542,-0.2043785,0.0,-0.8731179,1.532947,-0.6007315,1.0,1.0,1.0,-0.1322936,-0.09954039,0.9861999,0.001860359,-0.001013016,-0.02619004,20.96667,1288.0,-0.175,-0.15849999999999997
6.0,-0.05063984,-0.105411,1.000008,-0.2213763,-0.1019035,1.000026,-0.1360076,-0.1036572,1.000017,0.2093698,0.1540532,-0.9656252,0.0,0.01394608,0.9869409,0.1604777,0.0,-0.9777371,0.04706585,-0.2044871,0.0,-0.4261154,-1.350249,-1.21196,1.0,0.2093698,0.01394609,-0.9777371,0.0,0.1540532,0.986941,0.04706586,0.0,-0.9656251,0.1604777,-0.2044872,0.0,-0.873073,1.533051,-0.6009085,1.0,1.0,1.0,-0.1325005,-0.09864857,0.9862617,0.001859383,-0.001013397,-0.0261894,20.97778,1289.0,-0.175,-0.15849999999999997
6.0,-0.05096513,-0.1054035,1.000059,-0.2201165,-0.1024061,1.000079,-0.1355403,-0.1039047,1.000069,0.2094506,0.1538336,-0.9656427,0.0,0.01375363,0.986986,0.1602169,0.0,-0.9777225,0.04683863,-0.204609,0.0,-0.4260059,-1.35059,-1.211671,1.0,0.2094506,0.01375363,-0.9777224,0.0,0.1538335,0.986986,0.04683861,0.0,-0.9656425,0.1602169,-0.204609,0.0,-0.8730472,1.533003,-0.6011744,1.0,1.0,1.0,-0.1320494,-0.09888409,0.9862986,0.001856712,-0.001016541,-0.02617038,21.0,1290.0,-0.175,-0.15849999999999997
6.0,-0.05104683,-0.1057998,1.000039,-0.2220008,-0.1024209,1.000057,-0.1365233,-0.1041105,1.000048,0.2095543,0.1536839,-0.965644,0.0,0.0137563,0.9870099,0.1600696,0.0,-0.9777002,0.04682698,-0.2047181,0.0,-0.4260969,-1.350776,-1.211561,1.0,0.2095543,0.01375631,-0.9777002,0.0,0.1536839,0.9870098,0.04682696,0.0,-0.9656439,0.1600696,-0.204718,0.0,-0.8730533,1.533024,-0.6013706,1.0,1.0,1.0,-0.1329769,-0.09906997,0.9861553,0.001855599,-0.001016037,-0.02616931,21.01111,1291.0,-0.175,-0.15849999999999997
6.0,-0.05073333,-0.1050553,0.9999557,-0.2206132,-0.1028701,0.999946,-0.1356736,-0.1039627,0.9999508,0.2092906,0.1532789,-0.9657655,0.0,0.01364753,0.9870842,0.15962,0.0,-0.9777582,0.04658728,-0.2044955,0.0,-0.4263955,-1.351411,-1.210891,1.0,0.2092906,0.01364754,-0.9777583,0.0,0.1532788,0.9870841,0.04658727,0.0,-0.9657654,0.1596199,-0.2044955,0.0,-0.8730531,1.533058,-0.601575,1.0,1.0,1.0,-0.1321877,-0.09894893,0.9862735,0.001854691,-0.001016083,-0.02616895,21.03333,1292.0,-0.175,-0.15849999999999997
6.0,-0.05080378,-0.1050637,1.000039,-0.2205168,-0.1029262,1.00003,-0.1356606,-0.1039949,1.000035,0.2092349,0.1532455,-0.9657828,0.0,0.01362967,0.987091,0.1595794,0.0,-0.9777704,0.04655287,-0.2044452,0.0,-0.4265289,-1.351491,-1.21086,1.0,0.209235,0.01362966,-0.9777705,0.0,0.1532455,0.9870911,0.04655289,0.0,-0.9657829,0.1595794,-0.2044452,0.0,-0.873073,1.533087,-0.6016861,1.0,1.0,1.0,-0.1321626,-0.09897137,0.9862747,0.001852319,-0.001016991,-0.02616652,21.04445,1293.0,-0.175,-0.15849999999999997
6.0,-0.05026661,-0.1053914,1.00004,-0.2206535,-0.1031223,1.000027,-0.1354604,-0.1042569,1.000033,0.2089686,0.1529673,-0.9658846,0.0,0.01348078,0.9871461,0.159251,0.0,-0.9778294,0.04629935,-0.2042205,0.0,-0.4269186,-1.351984,-1.210373,1.0,0.2089687,0.01348078,-0.9778295,0.0,0.1529672,0.9871461,0.04629935,0.0,-0.9658846,0.159251,-0.2042205,0.0,-0.8730587,1.533114,-0.6020405,1.0,1.0,1.0,-0.1319696,-0.09922459,0.9862751,0.001851631,-0.001015419,-0.02616841,21.06667,1294.0,-0.175,-0.15849999999999997
6.0,-0.04760244,-0.1057224,1.000043,-0.2200821,-0.102675,1.000021,-0.1338428,-0.1041987,1.000032,0.2088466,0.1529403,-0.9659153,0.0,0.01349262,0.9871509,0.15922,0.0,-0.9778553,0.0462853,-0.2040996,0.0,-0.4271622,-1.352027,-1.210331,1.0,0.2088467,0.01349263,-0.9778554,0.0,0.1529403,0.9871508,0.04628529,0.0,-0.9659152,0.15922,-0.2040996,0.0,-0.8730867,1.533127,-0.6021522,1.0,1.0,1.0,-0.1304415,-0.09919009,0.9864817,0.001851151,-0.001014763,-0.02617248,21.07778,1295.0,-0.175,-0.15849999999999997
6.0,-0.04775615,-0.105971,1.000147,-0.2201018,-0.1026854,1.000126,-0.1339295,-0.1043283,1.000136,0.2087168,0.1527696,-0.9659704,0.0,0.01345979,0.9871816,0.1590324,0.0,-0.9778836,0.04619447,-0.2039851,0.0,-0.4273624,-1.352339,-1.210195,1.0,0.2087167,0.01345978,-0.9778833,0.0,0.1527696,0.9871817,0.04619447,0.0,-0.9659703,0.1590324,-0.2039851,0.0,-0.8732191,1.533216,-0.6023018,1.0,1.0,1.0,-0.1305082,-0.0993035,0.9864615,0.001850823,-0.001013214,-0.02617564,21.08889,1296.0,-0.175,-0.15849999999999997
6.0,-0.04913813,-0.1068183,1.000046,-0.2206231,-0.1018102,0.9999931,-0.1348822,-0.1043142,1.00002,0.2082543,0.152806,-0.9660645,0.0,0.01334336,0.9871847,0.159023,0.0,-0.9779838,0.04600779,-0.2035466,0.0,-0.427817,-1.352505,-1.210095,1.0,0.2082543,0.01334336,-0.9779835,0.0,0.152806,0.9871848,0.04600777,0.0,-0.9660643,0.159023,-0.2035465,0.0,-0.8732637,1.533314,-0.6024829,1.0,1.0,1.0,-0.1314222,-0.09928861,0.9863417,0.001850823,-0.001013412,-0.0261796,21.11111,1297.0,-0.175,-0.15849999999999997
6.0,-0.04920012,-0.1085669,1.000021,-0.2195242,-0.1022043,1.000029,-0.1343619,-0.1053855,1.000025,0.2082835,0.1526969,-0.9660755,0.0,0.01324504,0.9872071,0.1588926,0.0,-0.9779789,0.04589041,-0.2035964,0.0,-0.4277395,-1.352694,-1.209967,1.0,0.2082834,0.01324505,-0.9779788,0.0,0.1526969,0.9872069,0.0458904,0.0,-0.9660753,0.1588926,-0.2035964,0.0,-0.8732764,1.533309,-0.6025895,1.0,1.0,1.0,-0.1309169,-0.1003143,0.9863052,0.001852295,-0.001012474,-0.02618872,21.12222,1298.0,-0.175,-0.15849999999999997
6.0,-0.05017956,-0.1090448,1.000093,-0.2192879,-0.1023839,1.000094,-0.1347337,-0.1057145,1.000094,0.2079177,0.1528363,-0.9661321,0.0,0.0129968,0.9871985,0.1589659,0.0,-0.9780599,0.04560845,-0.2032697,0.0,-0.4277925,-1.352818,-1.21017,1.0,0.2079177,0.0129968,-0.9780599,0.0,0.1528363,0.9871985,0.04560845,0.0,-0.9661321,0.1589659,-0.2032697,0.0,-0.8734784,1.533436,-0.6026976,1.0,1.0,1.0,-0.1312562,-0.1006162,0.9862292,0.001853302,-0.001011772,-0.02618977,21.14445,1299.0,-0.175,-0.15849999999999997
6.0,-0.05009858,-0.1089721,1.000064,-0.2189173,-0.1024279,1.000082,-0.1345077,-0.1056999,1.000073,0.208017,0.1526686,-0.9661373,0.0,0.01299568,0.9872254,0.158799,0.0,-0.9780389,0.04558851,-0.2033756,0.0,-0.4277261,-1.352976,-1.21006,1.0,0.208017,0.01299569,-0.9780387,0.0,0.1526686,0.9872254,0.0455885,0.0,-0.9661372,0.158799,-0.2033756,0.0,-0.873553,1.533407,-0.6027492,1.0,1.0,1.0,-0.1310472,-0.1006088,0.9862578,0.00185743,-0.001008774,-0.02620539,21.15556,1300.0,-0.175,-0.15849999999999997
6.0,-0.05076797,-0.1107616,1.000091,-0.219239,-0.1024156,1.000072,-0.1350039,-0.1065885,1.000081,0.2079311,0.1527867,-0.9661371,0.0,0.0131119,0.9872012,0.1589397,0.0,-0.9780556,0.04571641,-0.2032666,0.0,-0.4280344,-1.352753,-1.21029,1.0,0.2079312,0.01311189,-0.9780556,0.0,0.1527867,0.9872012,0.04571641,0.0,-0.9661371,0.1589397,-0.2032665,0.0,-0.8736218,1.533415,-0.6028098,1.0,1.0,1.0,-0.1315051,-0.101451,0.9861106,0.001861221,-0.001002541,-0.0262221,21.16667,1301.0,-0.175,-0.15849999999999997
6.0,-0.05166648,-0.1091459,1.000144,-0.219534,-0.1016696,1.000145,-0.1356002,-0.1054075,1.000144,0.2079072,0.1527451,-0.9661488,0.0,0.01305612,0.9872109,0.1588845,0.0,-0.9780614,0.04564739,-0.203254,0.0,-0.42799,-1.352759,-1.210391,1.0,0.2079072,0.01305612,-0.9780614,0.0,0.1527451,0.9872108,0.04564739,0.0,-0.9661489,0.1588845,-0.203254,0.0,-0.8738081,1.533359,-0.6028674,1.0,1.0,1.0,-0.1320763,-0.1003137,0.9861506,0.001863281,-0.001002342,-0.02622901,21.18889,1302.0,-0.175,-0.15849999999999997
6.0,-0.05170724,-0.1093893,1.000036,-0.2197469,-0.1018728,1.000034,-0.135727,-0.1056312,1.000035,0.2078969,0.1526776,-0.9661617,0.0,0.01307664,0.9872211,0.1588193,0.0,-0.9780633,0.04565218,-0.2032437,0.0,-0.4280534,-1.352811,-1.21034,1.0,0.207897,0.01307664,-0.9780634,0.0,0.1526776,0.9872211,0.04565219,0.0,-0.9661617,0.1588193,-0.2032437,0.0,-0.873849,1.533347,-0.6028985,1.0,1.0,1.0,-0.1322083,-0.1005356,0.9861104,0.001864609,-0.001001694,-0.02622917,21.2,1303.0,-0.175,-0.15849999999999997
6.0,-0.05163716,-0.1096679,1.000131,-0.220265,-0.10095,1.00013,-0.1359509,-0.1053089,1.00013,0.207918,0.1526509,-0.9661614,0.0,0.01322377,0.9872184,0.1588236,0.0,-0.9780569,0.04579857,-0.2032418,0.0,-0.4282383,-1.35274,-1.210475,1.0,0.207918,0.01322376,-0.9780568,0.0,0.1526508,0.9872183,0.04579857,0.0,-0.9661615,0.1588236,-0.2032418,0.0,-0.8739789,1.533364,-0.602907,1.0,1.0,1.0,-0.1324109,-0.10022,0.9861153,0.001866341,-0.00099675,-0.02624965,21.21111,1304.0,-0.175,-0.15849999999999997
6.0,-0.05075413,-0.1096814,1.000024,-0.2205111,-0.1011202,1.000014,-0.1356329,-0.1054008,1.000019,0.2079645,0.1525947,-0.9661602,0.0,0.01341699,0.9872182,0.1588086,0.0,-0.9780443,0.04598952,-0.2032591,0.0,-0.4285338,-1.352685,-1.210534,1.0,0.2079646,0.01341698,-0.9780443,0.0,0.1525948,0.9872182,0.04598952,0.0,-0.9661604,0.1588086,-0.203259,0.0,-0.8740371,1.533388,-0.6029676,1.0,1.0,1.0,-0.1321234,-0.1003224,0.9861434,0.001866417,-0.0009963227,-0.0262497,21.23333,1305.0,-0.175,-0.15849999999999997
6.0,-0.05075039,-0.1096601,0.9999746,-0.2197126,-0.1005487,0.9999475,-0.1352322,-0.1051043,0.9999611,0.2078037,0.1525978,-0.9661944,0.0,0.01339627,0.9872199,0.1587998,0.0,-0.9780788,0.04594259,-0.2031038,0.0,-0.4286151,-1.352648,-1.21044,1.0,0.2078037,0.01339628,-0.9780788,0.0,0.1525978,0.9872199,0.04594259,0.0,-0.9661943,0.1587998,-0.2031037,0.0,-0.8740407,1.533321,-0.6029199,1.0,1.0,1.0,-0.1317557,-0.1000522,0.9862201,0.001867958,-0.0009938431,-0.02626332,21.24445,1306.0,-0.175,-0.15849999999999997
2.0,0.01928242,-0.1861402,0.9999498,-0.151358,-0.180715,0.9999795,-0.06603706,-0.1834278,0.9999646,0.2080283,0.155394,-0.9657003,0.0,0.01959161,0.9864395,0.1629515,0.0,-0.9779267,0.05281816,-0.2021629,0.0,-0.424952,-1.344079,-1.219565,1.0,0.2080282,0.01959162,-0.9779264,0.0,0.155394,0.9864395,0.05281814,0.0,-0.9657001,0.1629515,-0.2021628,0.0,-0.8804709,1.532908,-0.5911308,1.0,0.9882218,0.913459,-0.06450039,-0.1745371,0.9825358,0.001330918,-0.00113105,-0.02625335,24.73333,1527.0,-0.0875,-0.246
2.0,0.01992711,-0.1858063,0.9997472,-0.1521049,-0.1806131,0.9997734,-0.06608817,-0.1832099,0.9997603,0.2081441,0.1558422,-0.9656031,0.0,0.01950298,0.9863675,0.1633974,0.0,-0.9779037,0.05284235,-0.2022672,0.0,-0.4247462,-1.343659,-1.219885,1.0,0.2081441,0.01950297,-0.9779037,0.0,0.1558421,0.9863675,0.05284235,0.0,-0.9656029,0.1633974,-0.2022672,0.0,-0.8801171,1.532951,-0.5911015,1.0,0.9838344,0.9209548,-0.06456944,-0.1743686,0.9825612,0.001336831,-0.001129471,-0.02625534,24.75556,1528.0,-0.0875,-0.246
2.0,0.02052052,-0.1835067,0.9999475,-0.1531353,-0.1808158,0.9999719,-0.06630671,-0.1821613,0.9999596,0.2082722,0.1562002,-0.9655176,0.0,0.01940127,0.9863112,0.1637492,0.0,-0.9778785,0.05283668,-0.2023907,0.0,-0.424438,-1.343268,-1.220307,1.0,0.2082722,0.01940127,-0.9778783,0.0,0.1562002,0.9863111,0.05283666,0.0,-0.9655176,0.1637492,-0.2023907,0.0,-0.8800104,1.532939,-0.5910536,1.0,0.989571,0.9117677,-0.06477988,-0.1733613,0.9827255,0.00133992,-0.001128235,-0.02625575,24.76667,1529.0,-0.0875,-0.246
2.0,0.01998028,-0.1833005,0.9999169,-0.1534089,-0.1806232,0.9999842,-0.06671238,-0.1819619,0.9999506,0.208629,0.1568002,-0.9653434,0.0,0.01924448,0.9862145,0.1643494,0.0,-0.9778056,0.05286556,-0.2027353,0.0,-0.4238813,-1.342603,-1.220845,1.0,0.2086289,0.01924448,-0.9778055,0.0,0.1568002,0.9862144,0.05286556,0.0,-0.9653432,0.1643494,-0.2027353,0.0,-0.8795798,1.532896,-0.5910043,1.0,0.9923046,0.9298282,-0.06516947,-0.1731764,0.9827323,0.00133992,-0.00112468,-0.02625567,24.78889,1530.0,-0.0875,-0.246
2.0,0.01990141,-0.1836026,0.9997776,-0.1533278,-0.1803953,0.9997616,-0.06671351,-0.181999,0.9997696,0.2085689,0.1570381,-0.9653176,0.0,0.01941212,0.9861654,0.1646239,0.0,-0.977815,0.05307427,-0.2026349,0.0,-0.4241878,-1.342218,-1.220908,1.0,0.2085689,0.01941212,-0.9778151,0.0,0.1570381,0.9861653,0.05307427,0.0,-0.9653175,0.1646239,-0.202635,0.0,-0.8793119,1.532874,-0.5909386,1.0,0.9858622,0.9308074,-0.06518123,-0.1732437,0.9827198,0.00133992,-0.001121155,-0.02625567,24.8,1531.0,-0.0875,-0.246
2.0,0.01990157,-0.1831033,0.9998612,-0.1550041,-0.1800491,0.9998399,-0.06755197,-0.1815763,0.9998505,0.2085074,0.1569787,-0.9653406,0.0,0.01978351,0.9861559,0.1646366,0.0,-0.9778207,0.05342578,-0.2025152,0.0,-0.4248774,-1.342038,-1.220733,1.0,0.2085074,0.01978351,-0.9778206,0.0,0.1569786,0.9861558,0.05342578,0.0,-0.9653405,0.1646366,-0.2025152,0.0,-0.8791613,1.532841,-0.5909714,1.0,0.9864654,0.9232225,-0.06598006,-0.1728308,0.9827391,0.00133992,-0.001118446,-0.02625707,24.81111,1532.0,-0.0875,-0.246
2.0,0.01985291,-0.1832699,0.9998747,-0.1549781,-0.1801839,0.9998683,-0.06756267,-0.1817269,0.9998714,0.2084032,0.1570724,-0.9653478,0.0,0.01979995,0.98614,0.16473,0.0,-0.9778426,0.05344411,-0.2024047,0.0,-0.4250079,-1.341875,-1.220584,1.0,0.2084032,0.01979996,-0.9778425,0.0,0.1570724,0.98614,0.0534441,0.0,-0.9653478,0.16473,-0.2024047,0.0,-0.8789434,1.532759,-0.5909274,1.0,0.9921185,0.9140764,-0.06598713,-0.1729681,0.9827145,0.001339661,-0.001117195,-0.02625847,24.83333,1533.0,-0.0875,-0.246
2.0,0.01829818,-0.1833306,1.00007,-0.1554782,-0.1809656,1.000077,-0.06858981,-0.1821482,1.000073,0.2084,0.1573297,-0.9653066,0.0,0.0195229,0.9861112,0.1649353,0.0,-0.9778488,0.05321809,-0.202434,0.0,-0.4245616,-1.341768,-1.220912,1.0,0.2084,0.01952289,-0.9778488,0.0,0.1573297,0.9861112,0.0532181,0.0,-0.9653066,0.1649353,-0.202434,0.0,-0.8789763,1.532792,-0.5909048,1.0,0.9797807,0.906689,-0.0669431,-0.1733219,0.9825875,0.001333633,-0.001109726,-0.02626022,24.84444,1534.0,-0.0875,-0.246
2.0,0.01740493,-0.1833688,0.9999044,-0.1562515,-0.1806991,0.999874,-0.06942412,-0.1820341,0.9998891,0.2079714,0.1574851,-0.9653736,0.0,0.01986602,0.9860699,0.1651411,0.0,-0.977933,0.05352276,-0.2019457,0.0,-0.4255109,-1.34143,-1.220746,1.0,0.2079714,0.01986602,-0.9779333,0.0,0.1574851,0.9860699,0.05352277,0.0,-0.9653738,0.1651411,-0.2019458,0.0,-0.8787266,1.532792,-0.5908487,1.0,0.9844189,0.9239177,-0.06774684,-0.1732383,0.9825471,0.001329559,-0.00110717,-0.02626525,24.86667,1535.0,-0.0875,-0.246
2.0,0.01742209,-0.1829212,0.9998922,-0.1562846,-0.1787897,0.9998909,-0.06943139,-0.1808553,0.9998915,0.2079748,0.1577937,-0.9653226,0.0,0.01988528,0.9860159,0.1654605,0.0,-0.977932,0.05360731,-0.2019287,0.0,-0.4255661,-1.341034,-1.221013,1.0,0.2079748,0.01988528,-0.9779322,0.0,0.1577937,0.9860159,0.05360732,0.0,-0.9653225,0.1654605,-0.2019287,0.0,-0.8785578,1.532773,-0.5908432,1.0,1.0,1.0,-0.06776398,-0.1721437,0.9827383,0.001327056,-0.00110524,-0.02627094,24.87778,1536.0,-0.0875,-0.246
2.0,0.01704243,-0.1817254,0.9999084,-0.1553541,-0.1777459,0.9998727,-0.0691568,-0.1797355,0.9998906,0.2077979,0.1579213,-0.9653398,0.0,0.02004097,0.9859872,0.165613,0.0,-0.9779665,0.05376039,-0.2017212,0.0,-0.4259772,-1.340803,-1.221016,1.0,0.2077979,0.02004098,-0.9779664,0.0,0.1579213,0.9859872,0.05376038,0.0,-0.9653397,0.165613,-0.2017211,0.0,-0.8784365,1.532768,-0.590814,1.0,1.0,1.0,-0.06751311,-0.1711058,0.9829368,0.001325607,-0.001104454,-0.02627719,24.88889,1537.0,-0.0875,-0.246
2.0,0.01725021,-0.1814253,0.9998773,-0.1533127,-0.177966,0.9998531,-0.06803203,-0.1796957,0.9998652,0.2077509,0.1582351,-0.9652985,0.0,0.0204496,0.9859111,0.1660152,0.0,-0.977968,0.05422976,-0.201588,0.0,-0.4266781,-1.340115,-1.221231,1.0,0.2077509,0.0204496,-0.977968,0.0,0.1582351,0.9859112,0.05422976,0.0,-0.9652986,0.1660152,-0.201588,0.0,-0.8781564,1.532702,-0.590789,1.0,0.9913218,0.9217604,-0.06644218,-0.1710848,0.9830135,0.001325485,-0.001104195,-0.02627994,24.91111,1538.0,-0.0875,-0.246
2.0,0.01721519,-0.1816821,1.000138,-0.1552999,-0.1774436,1.000121,-0.06904286,-0.1795629,1.000129,0.207653,0.1585833,-0.9652624,0.0,0.02040235,0.9858547,0.1663554,0.0,-0.9779897,0.05423784,-0.2014803,0.0,-0.4266383,-1.339604,-1.22173,1.0,0.2076531,0.02040235,-0.9779899,0.0,0.1585832,0.9858547,0.05423784,0.0,-0.9652624,0.1663554,-0.2014803,0.0,-0.8782589,1.532601,-0.5907453,1.0,0.997157,0.9330391,-0.06739067,-0.1709076,0.9829797,0.001325722,-0.001103165,-0.0262873,24.92222,1539.0,-0.0875,-0.246
2.0,0.01721901,-0.1813165,0.9999177,-0.1549618,-0.1778011,0.9999316,-0.06887111,-0.179559,0.9999247,0.2077612,0.1588397,-0.965197,0.0,0.02041896,0.9858086,0.166627,0.0,-0.9779665,0.05432694,-0.2015694,0.0,-0.4266182,-1.339258,-1.221975,1.0,0.2077612,0.02041898,-0.9779664,0.0,0.1588397,0.9858086,0.05432694,0.0,-0.965197,0.166627,-0.2015694,0.0,-0.8780848,1.532577,-0.5907733,1.0,0.9822966,0.9308033,-0.06723968,-0.1709386,0.9829846,0.001325867,-0.001102242,-0.02629283,24.94444,1540.0,-0.0875,-0.246
2.0,0.01704042,-0.1827883,0.9999516,-0.1550771,-0.1775654,0.9999853,-0.06901729,-0.1801769,0.9999685,0.2079741,0.1590587,-0.9651151,0.0,0.02048516,0.985765,0.1668764,0.0,-0.9779199,0.05447651,-0.2017553,0.0,-0.4265381,-1.338913,-1.222305,1.0,0.2079741,0.02048516,-0.9779197,0.0,0.1590588,0.9857651,0.05447651,0.0,-0.965115,0.1668764,-0.2017552,0.0,-0.8779902,1.532565,-0.5907872,1.0,0.9824086,0.8958199,-0.06736957,-0.1715093,0.9828764,0.001325989,-0.00109716,-0.0262938,24.95556,1541.0,-0.0875,-0.246
2.0,0.01669514,-0.182421,0.9999279,-0.155104,-0.1768309,0.9999129,-0.0692049,-0.179626,0.9999203,0.2078727,0.1592307,-0.9651086,0.0,0.02036008,0.9857432,0.1670205,0.0,-0.977944,0.0543687,-0.2016672,0.0,-0.4264221,-1.338782,-1.222367,1.0,0.2078727,0.0203601,-0.977944,0.0,0.1592307,0.9857432,0.0543687,0.0,-0.9651085,0.1670205,-0.2016672,0.0,-0.8779002,1.532538,-0.5907404,1.0,0.9772526,0.9205077,-0.06755869,-0.171003,0.9829515,0.001327789,-0.001095535,-0.02630033,24.96667,1542.0,-0.0875,-0.246
