flag,xl,yl,zl,xr,yr,zr,xc,yc,zc,mat_00,mat_10,mat_20,mat_30,mat_01,mat_11,mat_21,mat_31,mat_02,mat_12,mat_22,mat_32,mat_03,mat_13,mat_23,mat_33,ctw_00,ctw_10,ctw_20,ctw_30,ctw_01,ctw_11,ctw_21,ctw_31,ctw_02,ctw_12,ctw_22,ctw_32,ctw_03,ctw_13,ctw_23,ctw_33,opennessl,opennessr,ray_x,ray_y,ray_z,eye_x,eye_y,eye_z,time,frame
0,0.009990662,-0.007527057,1,-0.01854491,-0.03241108,1,-0.00427711,-0.01996888,1,-0.7550451,0.1082006,0.6466837,0,0.04456253,0.9924776,-0.1140278,0,0.6541569,0.05727829,0.754187,0,0.1842312,-1.54386,1.477513,1,-0.755045,0.04456254,0.6541568,0,0.1082006,0.9924777,0.05727829,0,0.6466835,-0.1140278,0.7541869,0,-0.6493341,1.692515,-1.146407,1,1,1,-0.001303055,-0.01621299,0.9998678,-0.002941474,-0.003350311,-0.02488636,0,1
0,0.009833366,-0.004926272,1,-0.01849833,-0.03305816,1,-0.004332423,-0.01899216,1,-0.7550451,0.1082006,0.6466837,0,0.04456253,0.9924776,-0.1140278,0,0.6541569,0.05727829,0.754187,0,0.1842312,-1.54386,1.477513,1,-0.755045,0.04456254,0.6541568,0,0.1082006,0.9924777,0.05727829,0,0.6466835,-0.1140278,0.7541869,0,-0.6493341,1.692515,-1.146407,1,1,1,-0.00135718,-0.01525718,0.9998826,-0.002941314,-0.003353211,-0.02489976,0.01111111,2
0,0.00756219,-0.01820568,1.000054,-0.01697135,-0.02796185,1.00003,-0.004704505,-0.02308372,1.000042,-0.7549989,0.109632,0.6464962,0,0.04451672,0.9922194,-0.1162712,0,0.6542131,0.05900476,0.7540051,0,0.1844446,-1.540714,1.480889,1,-0.754999,0.04451672,0.6542131,0,0.109632,0.9922194,0.05900476,0,0.6464963,-0.1162712,0.754005,0,-0.6492222,1.6927,-1.146354,1,1,1,-0.001705978,-0.01926568,0.999813,-0.002955413,-0.003334389,-0.02487517,0.02222222,3
0,0.007806212,-0.01790099,0.9717418,-0.01922473,-0.02765631,0.9731133,-0.005722165,-0.02277728,0.9724277,-0.764779,0.04252045,0.6428882,0,0.041904,0.9989899,-0.01622397,0,0.6429287,-0.01453183,0.7657883,0,0.1705929,-1.667672,1.359001,1,-0.7647789,0.041904,0.6429285,0,0.04252045,0.9989899,-0.01453183,0,0.6428881,-0.01622397,0.7657881,0,-0.6723098,1.680887,-1.17462,1,1,1,-0.002773705,-0.01949423,0.9998062,-0.002955467,-0.003331871,-0.02488017,0.3555556,4
0,0.007095128,-0.01909626,0.999918,-0.01689491,-0.02829848,0.9999217,-0.004899949,-0.02369737,0.9999197,-0.7651074,0.04277046,0.6424806,0,0.04273723,0.9989644,-0.01560762,0,0.6424828,-0.01551633,0.766143,0,0.1679384,-1.668463,1.35917,1,-0.7651075,0.04273724,0.6424828,0,0.04277046,0.9989644,-0.01551633,0,0.6424806,-0.01560763,0.766143,0,-0.6733884,1.680771,-1.175104,1,1,1,-0.001897293,-0.01986893,0.9998008,-0.002955261,-0.003332054,-0.0248772,0.4,5
0,0.007363081,-0.01922137,0.9999183,-0.0168798,-0.02675206,0.9999207,-0.004758388,-0.02298666,0.9999195,-0.7651525,0.04220671,0.6424644,0,0.04215574,0.998992,-0.0154228,0,0.6424677,-0.01528277,0.7661605,0,0.1687454,-1.668684,1.358954,1,-0.7651523,0.04215574,0.6424676,0,0.0422067,0.998992,-0.01528277,0,0.6424643,-0.0154228,0.7661603,0,-0.6735337,1.680847,-1.175092,1,1,1,-0.001760076,-0.01917556,0.9998146,-0.002954612,-0.003332878,-0.02487341,0.4111111,6
0,0.007880539,-0.01927168,0.9999695,-0.01689401,-0.0284774,0.9999703,-0.004506618,-0.02387467,0.99997,-0.7653444,0.04141535,0.6422871,0,0.04122515,0.9990328,-0.01529512,0,0.6422994,-0.01477234,0.7663115,0,0.1699935,-1.668787,1.3589,1,-0.7653445,0.04122515,0.6422993,0,0.04141536,0.9990328,-0.01477234,0,0.6422871,-0.01529513,0.7663115,0,-0.6735867,1.68095,-1.175179,1,1,1,-0.001514942,-0.02003678,0.9997981,-0.002953712,-0.003336105,-0.02487146,0.4333333,7
0,0.008274376,-0.02214177,1.000073,-0.01634452,-0.02876173,1.000079,-0.004035413,-0.02545174,1.000076,-0.7654763,0.0413602,0.6421337,0,0.04121679,0.9990344,-0.01521457,0,0.6421428,-0.0148203,0.7664419,0,0.1697881,-1.668877,1.358741,1,-0.7654761,0.04121679,0.6421427,0,0.0413602,0.9990343,-0.01482029,0,0.6421334,-0.01521457,0.7664417,0,-0.6734992,1.68094,-1.175157,1,1,1,-0.00105749,-0.02157227,0.9997667,-0.002951049,-0.003336105,-0.02487146,0.4444444,8
0,0.009168357,-0.02279945,1.000057,-0.01478386,-0.02825528,1.000059,-0.002807945,-0.02552741,1.000058,-0.7655832,0.04110478,0.6420227,0,0.04133081,0.9990377,-0.01467715,0,0.6420082,-0.01529874,0.7665454,0,0.1693892,-1.669584,1.357856,1,-0.7655829,0.0413308,0.642008,0,0.04110477,0.9990376,-0.01529874,0,0.6420225,-0.01467715,0.7665451,0,-0.6734647,1.680906,-1.17515,1,1,1,0.0001400379,-0.02164186,0.9997658,-0.002951363,-0.003341049,-0.02485859,0.4666667,9
0,0.00739345,-0.02018703,1.000142,-0.01180199,-0.02555746,1.000142,-0.00220421,-0.02287225,1.000142,-0.765547,0.04101729,0.6420713,0,0.04136571,0.9990388,-0.01450069,0,0.6420489,-0.01545877,0.766508,0,0.169448,-1.669787,1.357411,1,-0.7655469,0.0413657,0.6420488,0,0.04101728,0.9990388,-0.01545877,0,0.6420711,-0.01450068,0.7665077,0,-0.6733437,1.680856,-1.175072,1,1,1,0.0007377658,-0.01904076,0.9998184,-0.002961045,-0.003352471,-0.0248786,0.4777778,10
0,0.006772101,-0.02010256,0.9999024,-0.01526135,-0.02558906,0.9999018,-0.004244715,-0.0228458,0.999902,-0.7655427,0.03868968,0.6422207,0,0.04031121,0.9991134,-0.01213824,0,0.642121,-0.01659635,0.7664236,0,0.1708457,-1.672635,1.353262,1,-0.7655427,0.04031121,0.642121,0,0.03868968,0.9991134,-0.01659635,0,0.6422207,-0.01213824,0.7664236,0,-0.6735896,1.680691,-1.174636,1,1,1,-0.001252772,-0.01902483,0.9998182,-0.002960854,-0.003346283,-0.02489058,0.6555555,11
0,0.006158531,-0.02049583,1.000003,-0.01601005,-0.02288516,0.9999969,-0.004925817,-0.02169049,0.9999996,-0.7653966,0.03880971,0.6423876,0,0.04026623,0.9991122,-0.01238446,0,0.642298,-0.01638751,0.7662798,0,0.1711648,-1.672346,1.353614,1,-0.7653966,0.04026623,0.642298,0,0.03880971,0.9991122,-0.01638751,0,0.6423876,-0.01238446,0.7662798,0,-0.6736325,1.680733,-1.174591,1,1,1,-0.001917238,-0.01789761,0.999838,-0.002960739,-0.003344978,-0.02489875,0.6666667,12
0,0.005376637,-0.01814231,1.000005,-0.01552373,-0.02310085,1.000005,-0.005073637,-0.02062158,1.000005,-0.765424,0.03874759,0.642359,0,0.0400705,0.9991184,-0.01252028,0,0.6422778,-0.01615632,0.7663019,0,0.1713485,-1.672069,1.353841,1,-0.7654237,0.0400705,0.6422776,0,0.03874759,0.9991185,-0.01615631,0,0.6423587,-0.01252028,0.7663016,0,-0.6737088,1.680679,-1.174518,1,1,1,-0.002062652,-0.01685805,0.9998558,-0.002959389,-0.003341293,-0.02490526,0.6777778,13
0,0.003176123,-0.01803817,1.000252,-0.01553503,-0.02108884,1.000249,-0.006179363,-0.01956357,1.00025,-0.7651986,0.03855796,0.6426389,0,0.03992237,0.9991257,-0.01241089,0,0.6425556,-0.01615888,0.7660688,0,0.1723524,-1.672233,1.353234,1,-0.7651983,0.03992236,0.6425554,0,0.03855796,0.9991258,-0.01615887,0,0.6426387,-0.01241088,0.7660686,0,-0.673279,1.680685,-1.174438,1,1,1,-0.003141453,-0.01582209,0.9998699,-0.002958466,-0.003341293,-0.02490806,0.7,14
0,0.002913952,-0.01670403,1.000141,-0.01784948,-0.02075836,1.000137,-0.007467657,-0.01873108,1.000139,-0.7648634,0.03835103,0.6430502,0,0.03994257,0.999129,-0.01207839,0,0.6429533,-0.01644676,0.765729,0,0.1731672,-1.672683,1.352367,1,-0.7648631,0.03994257,0.6429531,0,0.03835101,0.9991289,-0.01644675,0,0.6430499,-0.01207839,0.7657287,0,-0.6730413,1.680644,-1.174395,1,1,1,-0.004399466,-0.01501208,0.9998776,-0.002957825,-0.003341293,-0.02491226,0.7222223,15
0,0.003327906,-0.01598098,1.000062,-0.017537,-0.01850683,1.000058,-0.007104695,-0.0172439,1.00006,-0.7647402,0.03807489,0.643213,0,0.03984271,0.9991366,-0.01177324,0,0.6431059,-0.01662388,0.765597,0,0.1736512,-1.673088,1.351753,1,-0.76474,0.0398427,0.6431057,0,0.03807488,0.9991366,-0.01662387,0,0.6432127,-0.01177324,0.7655967,0,-0.6729644,1.680639,-1.174387,1,1,1,-0.004048422,-0.01356317,0.9998999,-0.002954902,-0.003341293,-0.02491703,0.7333333,16
0,0.004971176,-0.01327008,1.000027,-0.01599032,-0.02031186,1.000028,-0.005509734,-0.01679115,1.000027,-0.7647558,0.03796168,0.6432012,0,0.0397706,0.9991406,-0.0116826,0,0.6430919,-0.01664616,0.7656083,0,0.1737154,-1.673153,1.351581,1,-0.7647554,0.03977058,0.6430917,0,0.03796167,0.9991405,-0.01664615,0,0.6432009,-0.0116826,0.765608,0,-0.6729729,1.680596,-1.174348,1,1,1,-0.002498365,-0.01310947,0.9999109,-0.002948807,-0.00335376,-0.02489647,0.7444445,17
0,0.004672766,-0.01358736,1.000091,-0.01467392,-0.01862149,1.00009,-0.005000383,-0.01610437,1.000091,-0.7645338,0.03798805,0.6434633,0,0.04002797,0.9991332,-0.01142627,0,0.6433396,-0.01702076,0.7653917,0,0.1738016,-1.673671,1.350968,1,-0.7645339,0.04002797,0.6433396,0,0.03798806,0.9991332,-0.01702076,0,0.6434633,-0.01142627,0.7653917,0,-0.6728418,1.6807,-1.17432,1,1,1,-0.002004335,-0.01242448,0.9999208,-0.002945853,-0.003368996,-0.02486343,0.7666667,18
0,-0.0007793307,-0.03415146,1.000088,-0.01826471,-0.04100337,1.000086,-0.009521991,-0.03757748,1.000087,-0.7644399,0.03802684,0.6435725,0,0.04016249,0.9991289,-0.01133035,0,0.6434428,-0.0171861,0.7653012,0,0.1737857,-1.67376,1.350689,1,-0.7644398,0.04016249,0.6434427,0,0.03802683,0.9991289,-0.0171861,0,0.6435725,-0.01133035,0.7653013,0,-0.67277,1.680627,-1.174271,1,1,1,-0.006351813,-0.03329606,0.9994254,-0.003007302,-0.003427391,-0.02498474,0.7777778,19
0,-0.003424436,-0.03085583,0.9998916,-0.01342666,-0.04064957,0.9998913,-0.008425623,-0.03575276,0.9998915,-0.7642782,0.03773028,0.6437823,0,0.04016893,0.9991338,-0.01086916,0,0.6436347,-0.01755298,0.7651317,0,0.1741337,-1.674324,1.349898,1,-0.7642779,0.04016893,0.6436345,0,0.03773027,0.9991338,-0.01755298,0,0.643782,-0.01086916,0.7651314,0,-0.6727809,1.680551,-1.174317,1,1,1,-0.005289111,-0.0314659,0.9994908,-0.003003379,-0.003492447,-0.02484621,0.8,20
0,-0.00185436,-0.02905923,1.000061,-0.01310188,-0.03772084,1.000064,-0.007477999,-0.0333901,1.000062,-0.7643608,0.03767703,0.6436874,0,0.04024851,0.9991325,-0.01068839,0,0.6435317,-0.01773767,0.7652142,0,0.1738451,-1.674553,1.349572,1,-0.7643605,0.0402485,0.6435314,0,0.03767703,0.9991326,-0.01773766,0,0.6436871,-0.01068838,0.7652138,0,-0.6727296,1.680528,-1.174289,1,1,1,-0.004364803,-0.02915318,0.9995654,-0.003003067,-0.003498917,-0.02482821,0.8111112,21
0,-0.001568109,-0.03508812,1.000047,-0.01385996,-0.03637324,1.000049,-0.007714033,-0.03573068,1.000048,-0.7643549,0.03691202,0.6437386,0,0.04000516,0.9991515,-0.009790556,0,0.6435538,-0.0182694,0.7651831,0,0.1742431,-1.675745,1.348064,1,-0.7643547,0.04000515,0.6435535,0,0.03691201,0.9991515,-0.0182694,0,0.6437384,-0.009790553,0.7651827,0,-0.672762,1.680551,-1.174265,1,1,1,-0.004595888,-0.03143124,0.9994953,-0.003001396,-0.003501602,-0.02481826,0.8333334,22
0,-0.001142502,-0.0347496,1.00004,-0.01432985,-0.03618009,1.000037,-0.007736027,-0.03546485,1.000039,-0.7641505,0.03650147,0.6440045,0,0.04006474,0.9991557,-0.009091808,0,0.6437926,-0.01885436,0.7649678,0,0.1745958,-1.676602,1.346801,1,-0.7641504,0.04006474,0.6437926,0,0.03650147,0.9991557,-0.01885436,0,0.6440044,-0.009091808,0.7649677,0,-0.6727298,1.680437,-1.174274,1,1,1,-0.00461784,-0.03117141,0.9995034,-0.003001382,-0.003503227,-0.02481739,0.8444445,23
0,-0.001004726,-0.03500501,1.00017,-0.01379418,-0.03661948,1.000169,-0.007399261,-0.03581225,1.000169,-0.7639971,0.03579498,0.6442262,0,0.04011771,0.9991634,-0.007940108,0,0.6439714,-0.01977866,0.7647939,0,0.175039,-1.678056,1.344682,1,-0.7639968,0.0401177,0.6439714,0,0.03579497,0.9991634,-0.01977866,0,0.6442261,-0.007940105,0.7647939,0,-0.6724843,1.680307,-1.174315,1,1,1,-0.004289304,-0.03150726,0.9994944,-0.003000824,-0.003501587,-0.02481703,0.8666667,24
0,-0.0004049838,-0.03507819,1.000057,-0.01316959,-0.03680155,1.000058,-0.006787151,-0.03593987,1.000058,-0.7640196,0.03554964,0.644213,0,0.04017293,0.9991646,-0.007492934,0,0.6439412,-0.02015517,0.7648095,0,0.1749465,-1.67864,1.343899,1,-0.7640195,0.04017293,0.6439412,0,0.03554965,0.9991646,-0.02015517,0,0.644213,-0.007492932,0.7648095,0,-0.6724197,1.680279,-1.174315,1,1,1,-0.003693592,-0.03163686,0.9994926,-0.003000267,-0.003500344,-0.02481828,0.8888889,25
0,-0.0005665421,-0.03508164,1.000196,-0.01304057,-0.03691309,1.000198,-0.006803542,-0.03599743,1.000197,-0.7640256,0.0354816,0.6442096,0,0.04068124,0.9991491,-0.006783361,0,0.6439021,-0.02102458,0.7648189,0,0.1741958,-1.679645,1.342544,1,-0.7640256,0.04068124,0.6439021,0,0.03548161,0.9991491,-0.02102458,0,0.6442095,-0.006783359,0.7648189,0,-0.6721935,1.680236,-1.174282,1,1,1,-0.003708802,-0.03169039,0.9994909,-0.002999961,-0.003497177,-0.02482757,0.9,26
0,-0.0005461276,-0.03523339,1.000054,-0.01271421,-0.03758968,1.000052,-0.006630123,-0.03641154,1.000053,-0.7639048,0.03582395,0.6443341,0,0.04113753,0.9991305,-0.006778543,0,0.6440166,-0.02132815,0.7647142,0,0.1738419,-1.679691,1.342444,1,-0.7639046,0.04113753,0.6440165,0,0.03582394,0.9991306,-0.02132815,0,0.6443339,-0.006778541,0.7647141,0,-0.6720102,1.680179,-1.174367,1,1,1,-0.003540881,-0.0321023,0.9994783,-0.002999679,-0.003493691,-0.02483534,0.9222223,27
0,-0.001032501,-0.0350628,1.000101,-0.01291519,-0.03648244,1.000102,-0.006973684,-0.03577263,1.000101,-0.7639302,0.03600105,0.6442937,0,0.04155044,0.9991149,-0.00656152,0,0.6439597,-0.02175815,0.7647499,0,0.1733605,-1.680022,1.342001,1,-0.7639304,0.04155044,0.6439597,0,0.03600106,0.9991149,-0.02175815,0,0.6442938,-0.006561517,0.7647499,0,-0.6717247,1.680137,-1.174486,1,1,1,-0.00387677,-0.03148471,0.9994967,-0.002998474,-0.003486321,-0.02485451,0.9333333,28
0,-0.001029521,-0.03505939,0.9999999,-0.01291785,-0.03647951,0.9999997,-0.006973565,-0.03576946,0.9999998,-0.7639302,0.03600105,0.6442937,0,0.04155044,0.9991149,-0.00656152,0,0.6439597,-0.02175815,0.7647499,0,0.1733605,-1.680022,1.342001,1,-0.7639304,0.04155044,0.6439597,0,0.03600106,0.9991149,-0.02175815,0,0.6442938,-0.006561517,0.7647499,0,-0.6717247,1.680137,-1.174486,1,1,1,-0.00387677,-0.03148471,0.9994967,-0.002998474,-0.003486321,-0.02485451,0.9444445,29
0,-0.0002295673,-0.03564322,1.000055,-0.01386678,-0.03453095,1.000056,-0.007048011,-0.03508709,1.000055,-0.7639745,0.03629952,0.6442246,0,0.04176722,0.9991044,-0.006764598,0,0.6438932,-0.02173949,0.7648065,0,0.173165,-1.679765,1.342249,1,-0.7639744,0.04176722,0.6438932,0,0.03629952,0.9991045,-0.02173949,0,0.6442245,-0.006764597,0.7648065,0,-0.6714412,1.680107,-1.174577,1,1,1,-0.003952233,-0.03084445,0.9995164,-0.002995231,-0.003457397,-0.02491233,0.9666667,30
0,0.003334075,-0.0337234,1.000068,-0.01345474,-0.03436919,1.000072,-0.005060405,-0.03404641,1.00007,-0.7641171,0.03671542,0.6440318,0,0.04220486,0.9990852,-0.006882223,0,0.6436954,-0.02192245,0.7649677,0,0.1723226,-1.679645,1.342433,1,-0.7641171,0.04220487,0.6436954,0,0.03671541,0.9990852,-0.02192245,0,0.6440318,-0.006882226,0.7649677,0,-0.6712264,1.680075,-1.174664,1,1,1,-0.002017512,-0.02985014,0.9995523,-0.002991775,-0.003435829,-0.0249584,0.9777778,31
0,0.002115607,-0.03358186,0.9999225,-0.01600567,-0.03360724,0.9999207,-0.006945044,-0.03359462,0.9999217,-0.7640334,0.03668801,0.6441329,0,0.04264205,0.9990704,-0.006324712,0,0.643766,-0.02263485,0.7648877,0,0.1720669,-1.680396,1.341567,1,-0.7640333,0.04264204,0.643766,0,0.03668801,0.9990703,-0.02263485,0,0.6441326,-0.006324709,0.7648875,0,-0.6710321,1.679982,-1.174954,1,1,1,-0.003857377,-0.02942256,0.9995596,-0.002990029,-0.003426384,-0.02497671,1,32
0,0.00211364,-0.0335843,1,-0.016004,-0.03360925,1,-0.006945252,-0.03359689,1,-0.7640334,0.03668801,0.6441329,0,0.04264205,0.9990704,-0.006324712,0,0.643766,-0.02263485,0.7648877,0,0.1720669,-1.680396,1.341567,1,-0.7640333,0.04264204,0.643766,0,0.03668801,0.9990703,-0.02263485,0,0.6441326,-0.006324709,0.7648875,0,-0.6710321,1.679982,-1.174954,1,1,1,-0.003857377,-0.02942256,0.9995596,-0.002990029,-0.003426384,-0.02497671,1.011111,33
0,0.003182918,-0.0300546,0.9999918,-0.01603484,-0.03295032,0.9999921,-0.006426066,-0.0315024,0.999992,-0.7639723,0.03603302,0.6442423,0,0.04246764,0.9990826,-0.00551944,0,0.6438501,-0.02314275,0.7648016,0,0.1726516,-1.681385,1.34022,1,-0.7639722,0.04246764,0.64385,0,0.03603301,0.9990826,-0.02314275,0,0.6442422,-0.005519441,0.7648016,0,-0.6709401,1.679908,-1.175076,1,1,1,-0.003351684,-0.02738305,0.9996194,-0.002989456,-0.003425064,-0.02498553,1.022222,34
0,0.003546983,-0.02904893,0.9999102,-0.01586464,-0.0325728,0.999915,-0.006158978,-0.03081097,0.9999126,-0.763993,0.03522851,0.6442623,0,0.04242708,0.9990903,-0.004318862,0,0.6438283,-0.02403458,0.7647927,0,0.1727158,-1.682917,1.338332,1,-0.7639929,0.04242707,0.6438281,0,0.03522851,0.9990902,-0.02403457,0,0.6442621,-0.004318857,0.7647923,0,-0.6709962,1.679838,-1.175194,1,1,1,-0.003091803,-0.02671084,0.9996384,-0.002989128,-0.003425064,-0.0249887,1.044444,35
0,0.00317198,-0.02908396,0.9998989,-0.01727825,-0.03183059,0.9998994,-0.007053047,-0.03045728,0.9998991,-0.7639294,0.03525959,0.6443361,0,0.04303835,0.9990668,-0.003644729,0,0.6438633,-0.02494684,0.7647339,0,0.1719034,-1.683919,1.337301,1,-0.7639291,0.04303834,0.6438631,0,0.03525958,0.9990668,-0.02494684,0,0.644336,-0.003644726,0.7647338,0,-0.6709751,1.679824,-1.17537,1,1,1,-0.003962122,-0.02636,0.9996447,-0.002991485,-0.003432945,-0.02497029,1.066667,36
0,0.003455609,-0.02932275,0.999917,-0.01704895,-0.02843364,0.9999202,-0.006796777,-0.02887813,0.9999186,-0.7639862,0.03530689,0.644266,0,0.04383799,0.9990348,-0.002764685,0,0.6437418,-0.02613114,0.7647966,0,0.1704412,-1.685182,1.335959,1,-0.763986,0.04383798,0.6437417,0,0.03530688,0.9990348,-0.02613114,0,0.6442659,-0.002764685,0.7647964,0,-0.6709994,1.679778,-1.175492,1,1,1,-0.003711706,-0.02480541,0.9996853,-0.0029917,-0.003448456,-0.02493083,1.1,37
0,0.008320242,-0.04186124,1.000019,-0.01554161,-0.02944907,1.000017,-0.003610641,-0.03565498,1.000018,-0.7639771,0.03549029,0.6442666,0,0.04423064,0.999018,-0.002583172,0,0.6437256,-0.02652284,0.7647966,0,0.1698005,-1.685494,1.335643,1,-0.7639771,0.04423063,0.6437257,0,0.03549029,0.9990179,-0.02652284,0,0.6442667,-0.002583171,0.7647967,0,-0.6709679,1.679778,-1.175504,1,1,1,-0.0005591341,-0.0313297,0.9995089,-0.003037514,-0.003529297,-0.02488977,1.111111,38
0,0.008441001,-0.03548963,0.9999394,-0.0176456,-0.0318035,0.9999412,-0.004602373,-0.03364657,0.9999403,-0.7641325,0.03554503,0.6440795,0,0.04464028,0.9990008,-0.002171203,0,0.6435131,-0.0270928,0.7649558,0,0.1690456,-1.686076,1.335114,1,-0.7641323,0.04464027,0.6435128,0,0.03554502,0.9990008,-0.02709279,0,0.6440793,-0.002171204,0.7649554,0,-0.6708146,1.679743,-1.175766,1,1,1,-0.001532197,-0.02938402,0.999567,-0.003031471,-0.003519997,-0.0249062,1.133333,39
0,0.005845338,-0.02719964,1.000088,-0.01577798,-0.02773088,1.000103,-0.004966259,-0.02746532,1.000095,-0.7645396,0.03566824,0.6435895,0,0.04511506,0.9989802,-0.001770727,0,0.6429963,-0.02768178,0.7653691,0,0.1675759,-1.686662,1.334517,1,-0.7645392,0.04511505,0.6429961,0,0.03566823,0.9989802,-0.02768178,0,0.6435891,-0.001770724,0.7653688,0,-0.6706023,1.679745,-1.175838,1,1,1,-0.001877526,-0.02323883,0.9997281,-0.003042519,-0.003648476,-0.02452451,1.144444,40
0,0.006178856,-0.02728992,0.9999446,-0.01598904,-0.02419509,0.9999521,-0.004905164,-0.02574256,0.9999484,-0.7647589,0.03579355,0.6433215,0,0.0454383,0.9989659,-0.00156561,0,0.6427123,-0.02803412,0.7655945,0,0.1667117,-1.686933,1.334317,1,-0.764759,0.0454383,0.6427123,0,0.03579355,0.9989659,-0.02803412,0,0.6433215,-0.001565613,0.7655945,0,-0.6705189,1.679702,-1.175985,1,1,1,-0.001817277,-0.02156138,0.9997658,-0.003043244,-0.003649323,-0.02451412,1.155556,41
0,0.001306117,-0.02724768,1.000003,-0.01603493,-0.02413387,1.000018,-0.007364571,-0.02569077,1.00001,-0.7653605,0.03544567,0.6426253,0,0.04524688,0.9989751,-0.001212493,0,0.6420097,-0.02814879,0.7661799,0,0.1660393,-1.687226,1.333951,1,-0.7653602,0.04524686,0.6420094,0,0.03544566,0.998975,-0.02814878,0,0.6426251,-0.001212491,0.7661795,0,-0.6703454,1.679601,-1.176138,1,1,1,-0.004217035,-0.02150941,0.9997598,-0.003043137,-0.003649117,-0.02451384,1.166667,42
0,0.006020993,-0.02779074,0.9999762,-0.01608324,-0.02324249,0.9999875,-0.005031198,-0.02551661,0.9999816,-0.7656879,0.03553798,0.6422299,0,0.04536812,0.9989696,-0.001188909,0,0.6416104,-0.02822643,0.7665113,0,0.165254,-1.687246,1.334057,1,-0.7656878,0.04536811,0.6416103,0,0.03553798,0.9989697,-0.02822642,0,0.6422299,-0.001188904,0.7665112,0,-0.6702768,1.679596,-1.176223,1,1,1,-0.001940058,-0.02134848,0.9997702,-0.003043494,-0.003640259,-0.02452567,1.188889,43
0,0.004096836,-0.0260093,0.9998956,-0.0167577,-0.02317828,0.9999157,-0.006330758,-0.02459372,0.9999057,-0.7663176,0.03555866,0.6414774,0,0.04558586,0.99896,-0.0009173378,0,0.6408429,-0.02853932,0.7671416,0,0.1637628,-1.6876,1.333945,1,-0.7663174,0.04558584,0.6408427,0,0.03555867,0.99896,-0.02853931,0,0.6414772,-0.0009173297,0.7671413,0,-0.6701922,1.679604,-1.176434,1,1,1,-0.003207968,-0.02045523,0.9997856,-0.003043708,-0.003634613,-0.02453497,1.2,44
0,0.006344795,-0.03132168,0.9999167,-0.01750907,-0.0217561,0.9999249,-0.005582184,-0.02653906,0.9999208,-0.766587,0.03573092,0.6411455,0,0.04601622,0.9989405,-0.0006513754,0,0.6404895,-0.02900376,0.7674191,0,0.1624494,-1.687994,1.333691,1,-0.7665871,0.04601622,0.6404894,0,0.03573093,0.9989406,-0.02900376,0,0.6411455,-0.0006513787,0.7674189,0,-0.6702446,1.679599,-1.176505,1,1,1,-0.002489362,-0.02244457,0.999745,-0.003030746,-0.003532807,-0.02484808,1.222222,45
0,0.005985439,-0.03092649,0.9998698,-0.0177139,-0.01984841,0.9998857,-0.005864352,-0.0253875,0.9998778,-0.7669744,0.03598961,0.6406677,0,0.04627264,0.9989286,-0.0007197512,0,0.6400071,-0.02909336,0.767818,0,0.1612839,-1.687908,1.334078,1,-0.7669744,0.04627264,0.6400071,0,0.03598961,0.9989285,-0.02909335,0,0.6406676,-0.0007197449,0.767818,0,-0.6702532,1.679596,-1.176659,1,1,1,-0.002764567,-0.02132396,0.9997688,-0.003031219,-0.003531616,-0.02486145,1.233333,46
0,0.005419225,-0.02767608,0.9999754,-0.01972991,-0.01955276,0.9999806,-0.007155299,-0.02361454,0.9999779,-0.7671176,0.03591499,0.6405006,0,0.04620919,0.9989316,-0.0006693881,0,0.6398403,-0.02908351,0.7679577,0,0.1611512,-1.687974,1.334071,1,-0.7671174,0.04620918,0.63984,0,0.03591499,0.9989315,-0.02908351,0,0.6405003,-0.0006693857,0.7679572,0,-0.6702274,1.679617,-1.176713,1,1,1,-0.004022498,-0.01959702,0.9997998,-0.003032051,-0.003526657,-0.02486946,1.255556,47
0,0.005527854,-0.0282125,0.9999933,-0.02010632,-0.0192553,1.000004,-0.00728932,-0.02373396,0.9999989,-0.7673194,0.03616189,0.6402448,0,0.04624829,0.9989295,-0.0009933338,0,0.6395954,-0.02884802,0.7681704,0,0.160798,-1.687538,1.33469,1,-0.7673191,0.04624828,0.6395952,0,0.03616188,0.9989294,-0.02884801,0,0.6402447,-0.0009933327,0.7681702,0,-0.6701202,1.679621,-1.176797,1,1,1,-0.004152436,-0.01971972,0.9997969,-0.003033042,-0.003520203,-0.02488027,1.266667,48
0,0.006030291,-0.02638917,0.9999797,-0.02122003,-0.02072099,0.9999864,-0.007594854,-0.02355514,0.9999832,-0.7674543,0.03646091,0.640066,0,0.04660498,0.9989129,-0.001021908,0,0.6394074,-0.02904599,0.7683192,0,0.1600193,-1.687562,1.334811,1,-0.7674543,0.04660497,0.6394075,0,0.03646091,0.9989128,-0.029046,0,0.640066,-0.001021907,0.7683192,0,-0.6700295,1.679634,-1.176895,1,1,1,-0.004448425,-0.01955681,0.9997988,-0.003035286,-0.003507981,-0.02490888,1.277778,49
0,0.006156474,-0.02415616,0.9999353,-0.02168179,-0.02015227,0.9999469,-0.00776273,-0.02215415,0.999941,-0.7677487,0.0365072,0.6397103,0,0.04702247,0.9988937,-0.000571155,0,0.6390234,-0.02964225,0.768616,0,0.1588745,-1.688233,1.334237,1,-0.7677487,0.04702247,0.6390234,0,0.0365072,0.9988937,-0.02964226,0,0.6397102,-0.0005711535,0.7686159,0,-0.6699169,1.679656,-1.177083,1,1,1,-0.004607505,-0.01820474,0.9998237,-0.003039727,-0.003492714,-0.02495632,1.3,50
0,0.005452484,-0.02488832,0.9999009,-0.02307904,-0.02015405,0.9999068,-0.008813173,-0.02252131,0.9999039,-0.7678714,0.03673896,0.6395499,0,0.0473532,0.9988781,-0.0005262783,0,0.6388516,-0.02988061,0.7687496,0,0.157976,-1.688216,1.334311,1,-0.7678712,0.04735319,0.6388515,0,0.03673895,0.9988781,-0.02988061,0,0.6395497,-0.000526277,0.7687494,0,-0.6700293,1.679544,-1.177119,1,1,1,-0.005629813,-0.01857138,0.9998117,-0.003042815,-0.003485062,-0.02497,1.311111,51
0,0.00673604,-0.02499877,0.9999298,-0.02563435,-0.02051276,0.9999316,-0.009449184,-0.0227557,0.9999306,-0.767938,0.03656604,0.6394796,0,0.04746955,0.9988727,-0.0001112521,0,0.6387628,-0.03027038,0.7688081,0,0.1577569,-1.688862,1.333715,1,-0.767938,0.04746955,0.6387627,0,0.03656604,0.9988728,-0.03027038,0,0.6394796,-0.0001112519,0.7688081,0,-0.6699812,1.679618,-1.177263,1,1,1,-0.006244879,-0.01881463,0.9998035,-0.003047371,-0.003468224,-0.02502042,1.333333,52
0,0.006373644,-0.02479559,0.9999541,-0.02524376,-0.02188179,0.9999614,-0.009435147,-0.02333851,0.9999578,-0.7680918,0.03649739,0.639299,0,0.0474847,0.998872,2.561975E-05,0,0.638577,-0.0303766,0.7689584,0,0.1574802,-1.68904,1.333589,1,-0.7680915,0.04748469,0.6385767,0,0.03649739,0.9988719,-0.03037659,0,0.6392989,2.562494E-05,0.7689582,0,-0.669957,1.679622,-1.177345,1,1,1,-0.006229643,-0.01938606,0.9997927,-0.003048507,-0.003464371,-0.02502951,1.344445,53
0,0.006810188,-0.02485974,1.000016,-0.02600944,-0.02371843,1.000019,-0.009599715,-0.02428914,1.000018,-0.7681366,0.03679802,0.6392277,0,0.04783693,0.9988552,-1.657382E-05,0,0.6384965,-0.03056596,0.7690176,0,0.1569341,-1.689013,1.333664,1,-0.7681367,0.04783693,0.6384964,0,0.03679803,0.9988552,-0.03056595,0,0.6392276,-1.657256E-05,0.7690175,0,-0.6698157,1.679594,-1.177439,1,1,1,-0.006388283,-0.02032311,0.999773,-0.003049736,-0.003451462,-0.0250665,1.355556,54
0,0.006359607,-0.016763,0.9999188,-0.02624387,-0.02535496,0.9999346,-0.009942472,-0.02105896,0.9999268,-0.7685715,0.03707871,0.6386886,0,0.04828347,0.9988337,0.0001155948,0,0.6379394,-0.03092694,0.7694653,0,0.155418,-1.689176,1.333745,1,-0.7685714,0.04828347,0.6379393,0,0.03707871,0.9988337,-0.03092694,0,0.6386885,0.0001155983,0.7694653,0,-0.6697652,1.679548,-1.177659,1,1,1,-0.006716147,-0.01705321,0.999832,-0.003060234,-0.00358374,-0.02467521,1.377778,55
0,0.006080449,-0.01705525,0.9998313,-0.02605736,-0.02577577,0.9998423,-0.009988606,-0.02141551,0.9998367,-0.7687544,0.03707182,0.6384691,0,0.04841676,0.9988272,0.0003011115,0,0.6377091,-0.03114408,0.7696477,0,0.154774,-1.689394,1.333671,1,-0.7687541,0.04841676,0.6377088,0,0.03707182,0.9988272,-0.03114408,0,0.6384687,0.0003011133,0.7696472,0,-0.6698953,1.679517,-1.177772,1,1,1,-0.006761592,-0.01739662,0.9998258,-0.003060234,-0.00359005,-0.02465445,1.388889,56
0,0.005669981,-0.01959256,0.9999392,-0.02674341,-0.0256858,0.9999509,-0.01053682,-0.02263924,0.9999452,-0.7689553,0.03722292,0.638218,0,0.04873014,0.9988119,0.0004584743,0,0.6374427,-0.031453,0.7698556,0,0.1538852,-1.689629,1.333545,1,-0.7689551,0.04873014,0.6374426,0,0.03722291,0.9988118,-0.031453,0,0.638218,0.0004584749,0.7698556,0,-0.6698689,1.679512,-1.177874,1,1,1,-0.007295873,-0.01859522,0.9998005,-0.003060234,-0.003583061,-0.02467903,1.4,57
0,0.005280584,-0.02046951,0.999854,-0.02685356,-0.02629196,0.9998665,-0.01078665,-0.02338067,0.9998603,-0.769192,0.03714528,0.6379375,0,0.04872624,0.998812,0.0005935952,0,0.6371576,-0.03154088,0.7700882,0,0.153408,-1.689771,1.333551,1,-0.7691917,0.04872623,0.6371574,0,0.03714527,0.998812,-0.03154087,0,0.6379374,0.0005935992,0.7700879,0,-0.669955,1.679497,-1.177994,1,1,1,-0.007540049,-0.01932018,0.9997849,-0.003060234,-0.003582977,-0.02468335,1.422222,58
0,0.004606456,-0.02040767,0.9998476,-0.02612805,-0.02874381,0.9998788,-0.01076099,-0.02457567,0.9998631,-0.7701707,0.03739104,0.6367409,0,0.04927142,0.998785,0.0009451127,0,0.635932,-0.03210102,0.7710772,0,0.1506398,-1.690216,1.333544,1,-0.7701707,0.04927142,0.6359318,0,0.03739104,0.998785,-0.03210102,0,0.6367409,0.0009451103,0.7710772,0,-0.6699045,1.67948,-1.178319,1,1,1,-0.007517113,-0.02048736,0.9997618,-0.00305793,-0.003580994,-0.0246903,1.444445,59
0,0.004276752,-0.0180296,0.9999267,-0.02578139,-0.02858794,0.9999426,-0.01075262,-0.0233087,0.9999346,-0.7705065,0.03739624,0.6363345,0,0.04926806,0.9987851,0.0009594634,0,0.6355255,-0.03209023,0.7714128,0,0.149987,-1.690143,1.333714,1,-0.7705063,0.04926804,0.6355253,0,0.03739624,0.9987851,-0.03209023,0,0.6363343,0.0009594664,0.7714127,0,-0.6699169,1.67942,-1.178401,1,1,1,-0.007509489,-0.01925088,0.9997864,-0.003056831,-0.003580345,-0.02469878,1.455556,60
0,0.004132122,-0.01817321,1.000044,-0.02607757,-0.02910389,1.000048,-0.01097265,-0.02363855,1.000046,-0.7708511,0.0373092,0.6359221,0,0.04929535,0.9987836,0.001156665,0,0.6351054,-0.03223962,0.7717526,0,0.1494113,-1.690427,1.333505,1,-0.7708509,0.04929534,0.6351051,0,0.0373092,0.9987836,-0.03223961,0,0.6359218,0.001156671,0.7717524,0,-0.6697627,1.679463,-1.178526,1,1,1,-0.007723209,-0.01957126,0.9997787,-0.003056831,-0.003578911,-0.02470088,1.477778,61
0,0.004058212,-0.01641789,0.9999208,-0.02584368,-0.02964554,0.9999352,-0.0108929,-0.02303177,0.999928,-0.7711252,0.03747594,0.6355796,0,0.04956134,0.9987703,0.001240024,0,0.6347516,-0.03245639,0.7720343,0,0.1484197,-1.690526,1.333546,1,-0.7711254,0.04956134,0.6347516,0,0.03747595,0.9987702,-0.03245639,0,0.6355796,0.001240028,0.7720343,0,-0.6697704,1.679437,-1.178621,1,1,1,-0.007646476,-0.01898335,0.9997905,-0.003056831,-0.003577141,-0.02470811,1.488889,62
0,0.00522688,-0.01645215,1.000129,-0.02568549,-0.02999108,1.000136,-0.01022935,-0.02322173,1.000132,-0.7712693,0.0375628,0.6353998,0,0.04966766,0.9987651,0.001244446,0,0.6345683,-0.03251862,0.7721825,0,0.1482255,-1.690578,1.333463,1,-0.7712692,0.04966765,0.6345683,0,0.0375628,0.998765,-0.03251862,0,0.6353997,0.00124445,0.7721824,0,-0.6694574,1.679469,-1.178711,1,1,1,-0.00699701,-0.01916643,0.9997918,-0.003056976,-0.003574974,-0.02471922,1.5,63
0,0.004072815,-0.01646855,1.000119,-0.02606046,-0.0301959,1.000122,-0.01099393,-0.0233321,1.00012,-0.7714382,0.03759581,0.6351926,0,0.04989472,0.9987534,0.001482625,0,0.6343451,-0.03283651,0.7723525,0,0.1477422,-1.690852,1.333094,1,-0.7714382,0.04989472,0.6343449,0,0.0375958,0.9987534,-0.03283651,0,0.6351925,0.001482627,0.7723523,0,-0.6692282,1.679396,-1.178859,1,1,1,-0.007737297,-0.01928103,0.9997841,-0.003062584,-0.003567887,-0.02474095,1.522222,64
0,0.004129499,-0.01409199,0.9997849,-0.02656615,-0.0319721,0.9997995,-0.01121837,-0.02303204,0.9997922,-0.7714946,0.03749392,0.6351302,0,0.0502715,0.9987333,0.002106277,0,0.6342468,-0.03355394,0.7724023,0,0.1469647,-1.691635,1.332287,1,-0.7714945,0.05027151,0.6342466,0,0.03749392,0.9987334,-0.03355393,0,0.6351301,0.002106281,0.7724022,0,-0.669367,1.679299,-1.179034,1,1,1,-0.007956814,-0.01898326,0.9997881,-0.003065269,-0.003579956,-0.02471191,1.533333,65
0,0.004765183,-0.01382955,0.9999216,-0.02663237,-0.0319911,0.99992,-0.01093343,-0.02291022,0.9999207,-0.771464,0.03765247,0.6351579,0,0.05045263,0.9987243,0.002075007,0,0.6342695,-0.03364618,0.7723795,0,0.146684,-1.691646,1.332409,1,-0.7714639,0.05045263,0.6342695,0,0.03765246,0.9987243,-0.03364618,0,0.6351579,0.002075006,0.7723795,0,-0.6694344,1.679323,-1.17908,1,1,1,-0.00767376,-0.01886891,0.9997925,-0.003069275,-0.0035728,-0.02473546,1.544444,66
0,0.006043464,-0.01282846,0.999977,-0.02641356,-0.03195946,0.9999775,-0.010185,-0.02239402,0.9999772,-0.7713479,0.03724523,0.6353232,0,0.05022814,0.9987348,0.002432236,0,0.6344288,-0.0337872,0.7722428,0,0.1473687,-1.692099,1.331788,1,-0.7713476,0.05022813,0.6344286,0,0.03724523,0.9987348,-0.03378719,0,0.6353229,0.002432237,0.7722424,0,-0.6694205,1.679317,-1.17913,1,1,1,-0.006940491,-0.01836538,0.9998073,-0.00307212,-0.003571739,-0.02473938,1.566667,67
0,0.006775826,-0.01408096,1.000037,-0.02621037,-0.03201912,1.000043,-0.009717196,-0.02305011,1.00004,-0.7713971,0.03732516,0.6352585,0,0.05050494,0.9987203,0.00264769,0,0.6343468,-0.03412611,0.7722951,0,0.1468672,-1.69239,1.331411,1,-0.7713971,0.05050493,0.6343467,0,0.03732516,0.9987203,-0.03412611,0,0.6352585,0.002647688,0.772295,0,-0.6693286,1.679281,-1.179161,1,1,1,-0.006482397,-0.01900639,0.9997983,-0.003072914,-0.003568939,-0.02474743,1.577778,68
0,0.007216901,-0.01460688,0.9999036,-0.02594608,-0.03209194,0.9999007,-0.009364516,-0.02334935,0.9999022,-0.7712461,0.03722458,0.6354477,0,0.05034772,0.9987283,0.002601689,0,0.6345428,-0.03399988,0.7721395,0,0.1473683,-1.692229,1.331553,1,-0.7712463,0.05034772,0.6345428,0,0.03722458,0.9987284,-0.03399988,0,0.6354477,0.002601691,0.7721395,0,-0.6694829,1.679193,-1.179192,1,1,1,-0.00613887,-0.01930384,0.9997948,-0.003072914,-0.003565666,-0.02475691,1.6,69
0,0.006897122,-0.0193217,0.9999638,-0.02592963,-0.03209365,0.999964,-0.009516329,-0.02570761,0.9999641,-0.7712644,0.03727338,0.6354228,0,0.05036287,0.9987277,0.002544954,0,0.6345196,-0.03396454,0.7721604,0,0.1472933,-1.692164,1.331692,1,-0.7712643,0.05036286,0.6345193,0,0.03727338,0.9987277,-0.03396453,0,0.6354226,0.002544954,0.7721601,0,-0.6695124,1.679204,-1.179213,1,1,1,-0.006285819,-0.02163121,0.9997463,-0.003072914,-0.003534569,-0.02483233,1.611111,70
0,0.006634235,-0.01990309,0.9999352,-0.02769423,-0.03190956,0.9999195,-0.01052991,-0.02590633,0.9999274,-0.7710134,0.03705611,0.63574,0,0.05007324,0.9987424,0.002513025,0,0.6348474,-0.03377113,0.7718992,0,0.1482959,-1.692123,1.33185,1,-0.7710133,0.05007323,0.6348473,0,0.0370561,0.9987423,-0.03377113,0,0.6357399,0.002513023,0.7718992,0,-0.6696687,1.679223,-1.179344,1,1,1,-0.007277938,-0.02182939,0.9997352,-0.003069961,-0.003530792,-0.0248321,1.633333,71
0,0.006791174,-0.02019875,0.9999599,-0.02658242,-0.03242648,0.9999666,-0.009895504,-0.02631262,0.9999633,-0.7709399,0.03600974,0.6358891,0,0.04905772,0.9987917,0.002916109,0,0.6350157,-0.03344341,0.7717749,0,0.1500675,-1.692474,1.331349,1,-0.7709399,0.04905772,0.6350157,0,0.03600975,0.9987917,-0.03344341,0,0.6358891,0.00291611,0.7717749,0,-0.6699517,1.679185,-1.179399,1,1,1,-0.006660026,-0.02222622,0.9997308,-0.003069053,-0.003529892,-0.0248273,1.666667,72
0,0.007381946,-0.01877177,0.9998264,-0.02590835,-0.03230216,0.9998201,-0.009263128,-0.02553685,0.9998232,-0.7706658,0.03556865,0.6362461,0,0.04897932,0.9987937,0.003490689,0,0.6353545,-0.03385305,0.7714782,0,0.1506023,-1.693186,1.330462,1,-0.7706658,0.04897932,0.6353545,0,0.03556865,0.9987937,-0.03385306,0,0.6362462,0.003490689,0.7714783,0,-0.6702129,1.679123,-1.179428,1,1,1,-0.006049701,-0.02146284,0.9997514,-0.003063278,-0.003540566,-0.02479694,1.677778,73
0,0.005488813,-0.01874123,0.9998409,-0.02600271,-0.02958107,0.9998314,-0.01025692,-0.02416121,0.9998362,-0.7703617,0.03535236,0.6366263,0,0.04910688,0.9987857,0.003959343,0,0.6357133,-0.03431286,0.7711623,0,0.1508068,-1.693741,1.329728,1,-0.7703617,0.04910688,0.6357133,0,0.03535237,0.9987856,-0.03431286,0,0.6366264,0.003959344,0.7711623,0,-0.6704865,1.679013,-1.179423,1,1,1,-0.007020243,-0.02012051,0.9997728,-0.003062736,-0.003541298,-0.02478856,1.7,74
0,0.005690962,-0.01838459,0.9999372,-0.02617389,-0.02963063,0.9999273,-0.01024151,-0.02400761,0.9999323,-0.7701254,0.03558278,0.6368994,0,0.04950262,0.9987658,0.00405772,0,0.635969,-0.03465314,0.7709363,0,0.1505959,-1.693992,1.329547,1,-0.7701253,0.04950262,0.6359687,0,0.03558278,0.9987658,-0.03465313,0,0.6368993,0.004057718,0.7709361,0,-0.6705326,1.679051,-1.179472,1,1,1,-0.007004623,-0.01996776,0.9997761,-0.003062378,-0.003542305,-0.02478136,1.711111,75
0,0.006276011,-0.01798075,0.999886,-0.02620584,-0.03082103,0.9998751,-0.009964913,-0.02440095,0.9998805,-0.7698984,0.03546281,0.6371804,0,0.04938989,0.9987712,0.004089833,0,0.6362523,-0.03461903,0.7707038,0,0.151221,-1.693986,1.329524,1,-0.7698984,0.04938989,0.6362524,0,0.03546281,0.9987712,-0.03461903,0,0.6371804,0.004089836,0.7707039,0,-0.6706483,1.678998,-1.179528,1,1,1,-0.006737027,-0.02034908,0.9997702,-0.003060241,-0.003545631,-0.02477572,1.733333,76
0,-0.02094764,-0.0338503,0.9999009,-0.06209618,-0.03666132,0.9998788,-0.04152167,-0.0352557,0.9998899,-0.7695338,0.03571672,0.6376066,0,0.04982271,0.9987493,0.004184707,0,0.6366597,-0.03498756,0.7703508,0,0.1512516,-1.694256,1.329326,1,-0.7695337,0.0498227,0.6366597,0,0.03571672,0.9987493,-0.03498756,0,0.6376066,0.004184707,0.7703508,0,-0.6706805,1.679039,-1.179621,1,1,1,-0.03762969,-0.03138266,0.9987989,-0.002867759,-0.003019325,-0.02610336,1.755556,77
0,-0.01598439,-0.02910763,0.9999906,-0.06849599,-0.02616878,0.9999968,-0.04224014,-0.02763828,0.9999938,-0.7696217,0.03547875,0.6375138,0,0.04958259,0.9987609,0.004274483,0,0.6365721,-0.03489931,0.7704272,0,0.1514849,-1.694296,1.329217,1,-0.7696217,0.04958258,0.6365721,0,0.03547876,0.9987609,-0.03489931,0,0.6375138,0.004274487,0.7704272,0,-0.6706967,1.679004,-1.179626,1,1,1,-0.0383413,-0.02408043,0.9989745,-0.002849664,-0.00289917,-0.0263281,1.777778,78
0,-0.03628016,-0.04085574,1.000041,-0.05779517,-0.04783767,1.000046,-0.04703778,-0.04434653,1.000044,-0.7697723,0.03544135,0.637334,0,0.04953732,0.9987631,0.004291228,0,0.6363935,-0.03487508,0.7705758,0,0.1512747,-1.694269,1.329211,1,-0.7697722,0.04953732,0.6363935,0,0.03544134,0.998763,-0.03487508,0,0.637334,0.004291228,0.7705758,0,-0.6706573,1.678975,-1.179616,1,0.8422117,0.1348971,-0.04298532,-0.04036092,0.9982601,-0.002848481,-0.002855309,-0.02618086,1.8,79
0,1.788139E-07,2.607703E-07,1.000054,1.788139E-07,2.607703E-07,1.000054,1.788139E-07,2.607703E-07,1.000054,-0.7697656,0.03549194,0.6373391,0,0.04948079,0.9987665,0.004142926,0,0.6364059,-0.03472513,0.7705723,0,0.1514211,-1.693982,1.329406,1,-0.7697657,0.04948078,0.6364059,0,0.03549194,0.9987664,-0.03472512,0,0.6373392,0.004142924,0.7705723,0,-0.670601,1.678892,-1.179592,1,0.8422117,0.1348971,0,0,1,0,0,0,1.811111,80
0,4.470348E-07,5.960464E-07,1.000018,4.470348E-07,5.960464E-07,1.000018,4.470348E-07,5.960464E-07,1.000018,-0.7696806,0.03561333,0.637435,0,0.0497163,0.9987544,0.004230564,0,0.6364903,-0.03494709,0.7704926,0,0.1511468,-1.694141,1.32921,1,-0.7696807,0.0497163,0.6364904,0,0.03561333,0.9987543,-0.03494709,0,0.637435,0.004230563,0.7704926,0,-0.6706166,1.678892,-1.179556,1,0.465806,0,0,0,1,0,0,0,1.822222,81
0,2.384186E-07,1.490116E-07,0.9998925,2.384186E-07,1.490116E-07,0.9998925,2.384186E-07,1.490116E-07,0.9998925,-0.7698126,0.03538601,0.6372883,0,0.04965302,0.9987563,0.004521536,0,0.6363357,-0.03512403,0.7706121,0,0.1508054,-1.6945,1.328872,1,-0.7698125,0.04965302,0.6363358,0,0.03538601,0.9987563,-0.03512403,0,0.6372883,0.004521538,0.7706122,0,-0.6708212,1.678897,-1.179526,1,0,0,0,0,1,0,0,0,1.844445,82
0,1.788139E-07,4.116446E-07,0.9999826,1.788139E-07,4.116446E-07,0.9999826,1.788139E-07,4.116446E-07,0.9999826,-0.7696935,0.03570209,0.6374145,0,0.04986618,0.9987468,0.004274037,0,0.6364631,-0.03507512,0.7705092,0,0.1504284,-1.694302,1.329347,1,-0.7696934,0.04986618,0.6364631,0,0.03570208,0.9987468,-0.03507513,0,0.6374145,0.004274033,0.7705092,0,-0.6710715,1.678995,-1.179444,1,0,0,0,0,1,0,0,0,1.866667,83
0,5.960464E-08,-1.322478E-07,0.9998791,5.960464E-08,-1.322478E-07,0.9998791,5.960464E-08,-1.322478E-07,0.9998791,-0.7694348,0.03556527,0.6377345,0,0.04934162,0.9987746,0.00383148,0,0.6368167,-0.03441492,0.7702467,0,0.1517926,-1.693654,1.330135,1,-0.7694347,0.04934162,0.6368167,0,0.03556527,0.9987747,-0.03441493,0,0.6377345,0.003831479,0.7702467,0,-0.6712433,1.678993,-1.179484,1,0,0,0,0,1,0,0,0,1.9,84
0,4.172325E-07,7.078052E-07,0.9999825,4.172325E-07,7.078052E-07,0.9999825,4.172325E-07,7.078052E-07,0.9999825,-0.7693851,0.03576094,0.6377835,0,0.04925255,0.9987805,0.003413149,0,0.6368837,-0.03403849,0.7702081,0,0.1519787,-1.693111,1.330843,1,-0.7693852,0.04925255,0.6368836,0,0.03576094,0.9987805,-0.03403849,0,0.6377835,0.003413152,0.7702081,0,-0.6713119,1.679018,-1.179449,1,0,0,0,0,1,0,0,0,1.911111,85
0,5.960464E-08,2.123415E-07,1.000053,5.960464E-08,2.123415E-07,1.000053,5.960464E-08,2.123415E-07,1.000053,-0.7690804,0.0360442,0.638135,0,0.04923733,0.9987828,0.002925931,0,0.6372529,-0.03367034,0.769919,0,0.1525838,-1.692648,1.331519,1,-0.7690803,0.04923733,0.6372527,0,0.0360442,0.9987828,-0.03367034,0,0.638135,0.002925934,0.7699189,0,-0.6713293,1.679179,-1.179388,1,0,0,0,0,1,0,0,0,1.933333,86
0,3.576279E-07,4.88013E-07,0.9998862,3.576279E-07,4.88013E-07,0.9998862,3.576279E-07,4.88013E-07,0.9998862,-0.7687953,0.03632828,0.6384626,0,0.04909312,0.9987916,0.002283863,0,0.6376081,-0.03309993,0.7696496,0,0.1533546,-1.691808,1.332613,1,-0.768795,0.0490931,0.6376079,0,0.03632828,0.9987916,-0.03309993,0,0.6384624,0.002283864,0.7696494,0,-0.6714648,1.679191,-1.179424,1,0.05833221,0,0,0,1,0,0,0,1.944445,87
