flag,xl,yl,zl,xr,yr,zr,xc,yc,zc,mat_00,mat_10,mat_20,mat_30,mat_01,mat_11,mat_21,mat_31,mat_02,mat_12,mat_22,mat_32,mat_03,mat_13,mat_23,mat_33,ctw_00,ctw_10,ctw_20,ctw_30,ctw_01,ctw_11,ctw_21,ctw_31,ctw_02,ctw_12,ctw_22,ctw_32,ctw_03,ctw_13,ctw_23,ctw_33,opennessl,opennessr,ray_x,ray_y,ray_z,eye_x,eye_y,eye_z,time,frame
6,-0.1260788,-0.746308,1.000358,-0.2424987,-0.1709537,1.000172,-0.1842914,-0.4586047,1.000265,-0.9989761,0.04325074,0.01327433,0,0.04371656,0.9983557,0.0370768,0,0.0116489,-0.03761915,0.9992243,0,-0.5606734,-1.694126,0.9213011,1,-0.998976,0.04371656,0.0116489,0,0.04325074,0.9983557,-0.03761915,0,0.01327433,0.0370768,0.9992242,0,-0.4990568,1.681692,-0.9777867,1,0.9872345,0.9638301,-0.1608355,-0.402157,0.9013333,-0.0006748512,0.0005139389,-0.02873525,6.577778,387
6,-0.08306022,-0.7405867,1.000254,-0.2405568,-0.1725962,1.000011,-0.1618145,-0.456558,1.000132,-0.9989804,0.04318371,0.01317249,0,0.04365112,0.9983412,0.03754276,0,0.0115294,-0.03807947,0.9992082,0,-0.5606588,-1.694566,0.920549,1,-0.9989802,0.04365111,0.0115294,0,0.04318371,0.9983411,-0.03807947,0,0.01317248,0.03754276,0.9992082,0,-0.4990353,1.681668,-0.9778842,1,0.9790819,0.9531371,-0.1416872,-0.4018947,0.9046577,-0.0006746827,0.000513565,-0.02872864,6.588889,388
6,-0.07061875,-0.7401875,0.9998503,-0.2408628,-0.1705614,0.9998336,-0.1557412,-0.4553722,0.9998419,-0.9989834,0.04309766,0.01322536,0,0.04356726,0.9983444,0.03755383,0,0.01158498,-0.03809184,0.9992071,0,-0.560525,-1.694561,0.9207119,1,-0.9989833,0.04356726,0.01158498,0,0.04309765,0.9983444,-0.03809184,0,0.01322536,0.03755383,0.9992071,0,-0.4991003,1.6816,-0.9780371,1,0.9683418,0.9640139,-0.1365363,-0.4014118,0.9056635,-0.0006760554,0.0005138092,-0.02872587,6.6,389
6,-0.07077846,-0.7403813,1.000076,-0.240945,-0.1716711,0.9998953,-0.1558667,-0.4560013,0.9999858,-0.9990015,0.04258394,0.01352116,0,0.04307022,0.9983498,0.0379809,0,0.01188147,-0.03852532,0.9991871,0,-0.5594187,-1.695308,0.9204147,1,-0.9990013,0.04307022,0.01188147,0,0.04258393,0.99835,-0.03852532,0,0.01352115,0.03798089,0.9991868,0,-0.4991122,1.681646,-0.9783317,1,0.9859604,0.9742603,-0.1365983,-0.4018256,0.9054706,-0.0006769337,0.0005135575,-0.02872232,6.622222,390
6,-0.07139382,-0.7399633,0.9998885,-0.240606,-0.1718668,0.9999382,-0.1559985,-0.4559219,0.9999135,-0.9990147,0.04231494,0.01338872,0,0.04279579,0.9983633,0.03793786,0,0.01176147,-0.03847346,0.9991904,0,-0.5591151,-1.695367,0.9205092,1,-0.9990144,0.04279578,0.01176147,0,0.04231493,0.9983633,-0.03847346,0,0.01338872,0.03793786,0.9991903,0,-0.4991491,1.681597,-0.9784145,1,0.9707004,0.9680738,-0.1367229,-0.4017842,0.9054703,-0.0006783912,0.000513237,-0.02872109,6.633334,391
6,-0.08287674,-0.7077977,1.00058,-0.2391196,-0.1733752,1.000202,-0.1610072,-0.440537,1.000391,-0.999015,0.04238756,0.01313749,0,0.04287668,0.9982991,0.03950342,0,0.01144069,-0.0400278,0.9991332,0,-0.559507,-1.696672,0.917865,1,-0.9990147,0.04287668,0.01144069,0,0.04238756,0.9982991,-0.04002779,0,0.01313749,0.03950342,0.9991329,0,-0.4990964,1.681517,-0.978582,1,0.9741488,0.9731129,-0.1417496,-0.3899479,0.9098613,-0.0006808471,0.0005141526,-0.02871109,6.655556,392
6,-0.08389957,-0.7078233,1.000521,-0.2405264,-0.1735181,1.000085,-0.1622233,-0.4406136,1.000303,-0.999014,0.0424405,0.01303518,0,0.04293523,0.9982622,0.0403641,0,0.01129946,-0.04088396,0.9991001,0,-0.5597151,-1.697381,0.9164318,1,-0.9990138,0.04293523,0.01129946,0,0.04244049,0.998262,-0.04088396,0,0.01303518,0.04036409,0.9991,0,-0.4990713,1.681471,-0.9786782,1,0.982654,0.9720556,-0.1428047,-0.3899738,0.9096852,-0.000686409,0.0005143433,-0.02870988,6.666667,393
6,-0.04069772,-0.6747678,0.9998451,-0.2357188,-0.1721139,0.9999012,-0.1382064,-0.423448,0.9998732,-0.9990089,0.04273917,0.01243798,0,0.04321579,0.9982252,0.04097443,0,0.01066469,-0.04147133,0.9990828,0,-0.5607863,-1.697703,0.9152844,1,-0.9990088,0.04321579,0.01066469,0,0.04273917,0.9982252,-0.04147133,0,0.01243798,0.04097442,0.9990827,0,-0.4990563,1.681421,-0.9788702,1,0.9708155,0.984656,-0.1226725,-0.3782004,0.9175598,-0.0006908495,0.0005132217,-0.02870889,6.688889,394
6,-0.02083474,-0.6417203,1.000022,-0.2349679,-0.170821,0.9999763,-0.127903,-0.4062653,0.9999992,-0.9990047,0.04291852,0.01215346,0,0.04338572,0.9982078,0.04121752,0,0.01036268,-0.04170378,0.9990762,0,-0.5614845,-1.697766,0.9148596,1,-0.9990045,0.04338571,0.01036268,0,0.04291851,0.9982077,-0.04170378,0,0.01215346,0.04121752,0.9990762,0,-0.4991786,1.681376,-0.9789993,1,0.9907611,0.9760942,-0.1142437,-0.3653137,0.9238476,-0.0006924057,0.0005123673,-0.02870664,6.7,395
6,-0.0209998,-0.6427044,0.9993363,-0.2338966,-0.1707345,0.9997628,-0.1274321,-0.4067684,0.9995496,-0.9989984,0.04321374,0.01160547,0,0.0436452,0.9982488,0.03993192,0,0.009859536,-0.04039845,0.9991349,0,-0.5625423,-1.696511,0.9171637,1,-0.9989984,0.0436452,0.009859537,0,0.04321374,0.9982487,-0.04039845,0,0.01160547,0.03993192,0.9991351,0,-0.4993104,1.681468,-0.9793604,1,0.9752442,0.9923174,-0.1138504,-0.3658637,0.9236784,-0.0006929934,0.000513382,-0.02869688,6.722222,396
6,-0.01932212,-0.6455147,0.9995625,-0.233778,-0.1718051,0.99994,-0.1265357,-0.4087036,0.9997512,-0.999005,0.04319146,0.01111561,0,0.04359784,0.9982733,0.03936647,0,0.009396125,-0.03981192,0.9991629,0,-0.5629689,-1.69605,0.9179653,1,-0.999005,0.04359784,0.009396126,0,0.04319146,0.9982733,-0.03981192,0,0.01111562,0.03936648,0.9991632,0,-0.4993575,1.681529,-0.9794304,1,0.9745277,0.9701409,-0.1129656,-0.367346,0.9231986,-0.0006933827,0.0005150757,-0.02868035,6.733334,397
6,-0.00405927,-0.6654409,0.9995961,-0.2346625,-0.1703741,0.9998791,-0.119349,-0.4179419,0.9997374,-0.9990088,0.04318135,0.01080398,0,0.04357149,0.998291,0.03894461,0,0.009103836,-0.03937676,0.9991829,0,-0.5631843,-1.695705,0.9186542,1,-0.9990089,0.0435715,0.009103837,0,0.04318135,0.998291,-0.03937675,0,0.01080398,0.03894462,0.999183,0,-0.4993284,1.681569,-0.9795479,1,0.9915843,0.9856617,-0.1062607,-0.3747593,0.9210125,-0.0006977618,0.0005160447,-0.02867034,6.744444,398
6,-0.006518357,-0.6684741,0.999828,-0.2359599,-0.1711022,0.9999563,-0.1212338,-0.4198037,0.9998921,-0.9990416,0.04258521,0.01011788,0,0.04294595,0.998331,0.03861084,0,0.008456744,-0.03900836,0.9992031,0,-0.5628455,-1.695693,0.9191425,1,-0.9990417,0.04294596,0.008456745,0,0.04258522,0.998331,-0.03900836,0,0.01011788,0.03861084,0.9992031,0,-0.4993945,1.681545,-0.9797964,1,0.9915843,0.9856617,-0.1078451,-0.3760836,0.9202883,-0.0007025758,0.0005195542,-0.02865239,6.766667,399
6,-0.02363604,-0.6856267,0.9998487,-0.2366525,-0.1714682,0.9998236,-0.1301451,-0.4285443,0.9998361,-0.9990599,0.04211989,0.01026422,0,0.04248652,0.9983514,0.0385925,0,0.008621787,-0.0389923,0.9992024,0,-0.5619955,-1.695994,0.9193854,1,-0.9990597,0.04248651,0.008621787,0,0.04211989,0.9983515,-0.0389923,0,0.01026422,0.0385925,0.9992023,0,-0.4994687,1.681594,-0.9799373,1,0.9742247,0.9658757,-0.1153775,-0.3824518,0.9167436,-0.0007043919,0.0005239945,-0.0286491,6.777778,400
6,-0.008127958,-0.6746197,0.999893,-0.2358008,-0.1721265,0.9998333,-0.1219669,-0.4233657,0.9998631,-0.9990591,0.04206195,0.01058239,0,0.04244246,0.998347,0.03875346,0,0.008934851,-0.03916614,0.9991928,0,-0.5616446,-1.696215,0.9194316,1,-0.9990588,0.04244246,0.008934847,0,0.04206193,0.9983469,-0.03916613,0,0.01058239,0.03875345,0.9991927,0,-0.4994996,1.681618,-0.9801053,1,0.9646762,0.9789473,-0.1083621,-0.3788023,0.9191118,-0.0007067183,0.0005239945,-0.02864885,6.8,401
6,-0.02499002,-0.6865093,0.9998679,-0.2358107,-0.1740579,0.9998184,-0.1304022,-0.4302773,0.9998431,-0.9990698,0.04170394,0.0109662,0,0.04209901,0.9983646,0.03867463,0,0.009335381,-0.03910032,0.9991916,0,-0.5607502,-1.696341,0.9198344,1,-0.9990698,0.04209901,0.009335382,0,0.04170394,0.9983646,-0.03910032,0,0.0109662,0.03867463,0.9991917,0,-0.4995716,1.6816,-0.9801835,1,0.9735063,0.9843234,-0.1155313,-0.3837575,0.9161783,-0.0007081907,0.0005239945,-0.02864845,6.811111,402
6,-0.03696772,-0.7427014,0.9998885,-0.2359614,-0.1748188,0.9998562,-0.1364657,-0.4587557,0.9998723,-0.9990729,0.04148456,0.01152849,0,0.04190014,0.9983794,0.0385087,0,0.009912295,-0.03895603,0.999192,0,-0.5599517,-1.696285,0.9203799,1,-0.9990724,0.04190013,0.00991229,0,0.04148455,0.9983794,-0.03895602,0,0.01152849,0.03850869,0.9991915,0,-0.4996732,1.681555,-0.9801659,1,0.9721039,0.9897716,-0.1196561,-0.40481,0.9065381,-0.0007089386,0.0005239945,-0.02864841,6.822222,403
6,-0.06356407,-0.7430515,0.9997137,-0.2364898,-0.1741911,0.9997157,-0.1500268,-0.4586217,0.9997147,-0.9990845,0.0408991,0.01255897,0,0.04135013,0.9984202,0.03804299,0,0.0109832,-0.03852747,0.9991972,0,-0.5580847,-1.696326,0.9218602,1,-0.9990842,0.04135013,0.0109832,0,0.04089909,0.9984202,-0.03852747,0,0.01255897,0.03804299,0.9991972,0,-0.499773,1.681653,-0.9803457,1,0.9642766,0.9862231,-0.1314324,-0.4041474,0.9052019,-0.0007112883,0.0005154191,-0.02865277,6.844445,404
6,-0.06603532,-0.7887203,0.9996412,-0.2365515,-0.1746143,0.9997643,-0.15129,-0.4816856,0.9997029,-0.9990834,0.04079009,0.0129898,0,0.04125389,0.9984372,0.03770126,0,0.01143166,-0.03820258,0.9992048,0,-0.5575539,-1.696095,0.9227318,1,-0.9990832,0.04125389,0.01143166,0,0.04079008,0.9984371,-0.03820257,0,0.0129898,0.03770125,0.9992045,0,-0.4998449,1.681657,-0.9804191,1,0.9700153,0.9680568,-0.1314246,-0.4208566,0.8975562,-0.0007128976,0.000502266,-0.02865391,6.855556,405
6,-0.06773649,-0.8016571,0.999989,-0.2370647,-0.173532,0.9998163,-0.1524053,-0.4875679,0.9999027,-0.9990802,0.04056398,0.01391281,0,0.04106195,0.9984489,0.03759904,0,0.01236606,-0.03813573,0.9991962,0,-0.5563709,-1.69625,0.9234949,1,-0.9990799,0.04106193,0.01236606,0,0.04056398,0.9984489,-0.03813573,0,0.01391281,0.03759903,0.999196,0,-0.4999008,1.681743,-0.98056,1,0.969139,0.9819848,-0.1320734,-0.4249409,0.8955344,-0.0007128976,0.0004958954,-0.02865976,6.877778,406
6,-0.0668342,-0.7970501,0.9997516,-0.2371049,-0.1749648,0.999871,-0.1519662,-0.4860255,0.9998113,-0.9990717,0.04071905,0.01406501,0,0.04121968,0.9984515,0.03735644,0,0.01252212,-0.03790152,0.9992031,0,-0.5565447,-1.695937,0.9240352,1,-0.9990715,0.04121968,0.01252211,0,0.04071904,0.9984515,-0.03790152,0,0.01406501,0.03735644,0.9992029,0,-0.4999676,1.681733,-0.9806081,1,0.9727368,0.9876193,-0.1317813,-0.423881,0.8960795,-0.0007115854,0.0004920349,-0.02868192,6.888889,407
6,-0.08150049,-0.7675895,1.000022,-0.2370676,-0.1761208,1.000011,-0.1592843,-0.4718539,1.000016,-0.9990674,0.04074904,0.01428017,0,0.04125864,0.9984475,0.03742158,0,0.01273311,-0.03797586,0.9991976,0,-0.5565371,-1.69597,0.9239902,1,-0.9990673,0.04125863,0.01273311,0,0.04074904,0.9984474,-0.03797586,0,0.01428017,0.03742158,0.9991975,0,-0.5001036,1.681722,-0.9805682,1,0.9733264,0.9838438,-0.1387349,-0.4132413,0.8999913,-0.0007068478,0.0004913635,-0.02869694,6.911111,408
6,-0.08875564,-0.7713069,0.9997208,-0.2378987,-0.1760599,0.999984,-0.1633213,-0.4737214,0.9998524,-0.9990799,0.04045498,0.01424765,0,0.04095796,0.9984761,0.03698405,0,0.01272975,-0.03753357,0.9992145,0,-0.5560771,-1.695752,0.924669,1,-0.9990796,0.04095796,0.01272974,0,0.04045498,0.9984761,-0.03753356,0,0.01424764,0.03698404,0.9992141,0,-0.500138,1.681746,-0.9805111,1,0.9710969,0.9699651,-0.1421217,-0.4144405,0.8989106,-0.0007026363,0.0004895859,-0.02870185,6.922223,409
6,-0.08707254,-0.7697352,0.9996901,-0.2385618,-0.1756281,0.9999341,-0.1628117,-0.4727172,0.999812,-0.9990746,0.04057872,0.01427255,0,0.04107716,0.9984868,0.03656149,0,0.01276733,-0.03711392,0.9992297,0,-0.5562765,-1.695347,0.9253893,1,-0.9990742,0.04107715,0.01276733,0,0.04057871,0.9984868,-0.03711392,0,0.01427254,0.03656148,0.9992293,0,-0.5001742,1.681798,-0.9804949,1,0.9646713,0.9866776,-0.1417462,-0.4137485,0.8992887,-0.0006967774,0.0004857712,-0.02870404,6.933333,410
6,-0.09457586,-0.7521979,0.999796,-0.2399193,-0.1779439,1.000011,-0.167243,-0.4651009,0.9999039,-0.9990863,0.04040883,0.01392594,0,0.0408837,0.9985262,0.0356933,0,0.01246309,-0.03623003,0.9992659,0,-0.5562781,-1.694708,0.926693,1,-0.9990861,0.04088369,0.01246309,0,0.04040882,0.9985262,-0.03623002,0,0.01392594,0.0356933,0.9992656,0,-0.5001936,1.681877,-0.9804788,1,0.9701886,0.974234,-0.1459306,-0.4079478,0.9012673,-0.0006940085,0.0004852067,-0.02870292,6.955556,411
6,-0.09389461,-0.7461179,0.9997737,-0.241495,-0.1777947,0.9999951,-0.16769,-0.4619871,0.9998845,-0.9990976,0.04021007,0.01369056,0,0.04067257,0.9985462,0.03537115,0,0.01224838,-0.03589606,0.9992806,0,-0.5561544,-1.69454,0.9271314,1,-0.9990973,0.04067257,0.01224838,0,0.04021006,0.9985462,-0.03589605,0,0.01369055,0.03537115,0.9992804,0,-0.5002078,1.681903,-0.9804795,1,0.9564359,0.9782857,-0.146481,-0.4056518,0.9022139,-0.0006915443,0.0004837265,-0.02870141,6.966667,412
6,-0.09184127,-0.7084894,0.9997914,-0.2407511,-0.1778547,1.000022,-0.1662911,-0.4432017,0.999907,-0.9991068,0.04018654,0.01306255,0,0.0406199,0.9985684,0.03480197,0,0.01164528,-0.03530149,0.9993088,0,-0.5567308,-1.694008,0.9277902,1,-0.9991069,0.04061989,0.01164528,0,0.04018655,0.9985684,-0.03530149,0,0.01306256,0.03480197,0.9993089,0,-0.5002766,1.681908,-0.9804668,1,0.9656619,0.9679638,-0.1462404,-0.3918126,0.9083483,-0.0006896667,0.0004830399,-0.02870091,6.988889,413
6,-0.09144256,-0.7090076,1.000021,-0.2419767,-0.1778255,0.9999784,-0.1667105,-0.4434107,0.9999998,-0.9991114,0.04008131,0.01304854,0,0.04051522,0.9985697,0.03488776,0,0.01163153,-0.03538542,0.9993062,0,-0.5565848,-1.694147,0.9276775,1,-0.999111,0.04051521,0.01163152,0,0.0400813,0.9985697,-0.03538541,0,0.01304853,0.03488775,0.9993058,0,-0.5002912,1.681909,-0.9805077,1,0.9616657,0.9829517,-0.1465826,-0.3919178,0.9082478,-0.0006886981,0.000481514,-0.02869612,7.0,414
6,-0.1154532,-0.2321734,1.000008,-0.240235,-0.1770084,1.000043,-0.1778435,-0.2045914,1.000026,-0.9991164,0.0400326,0.0127969,0,0.04045698,0.998574,0.03483051,0,0.0113843,-0.03531745,0.9993112,0,-0.5567805,-1.694104,0.9276576,1,-0.9991165,0.04045698,0.0113843,0,0.04003261,0.9985741,-0.03531746,0,0.0127969,0.03483051,0.9993114,0,-0.5003403,1.681904,-0.9805118,1,0.965463,0.9840893,-0.1664928,-0.1917977,0.9672093,-0.0008184053,-0.000660759,-0.02836984,7.011111,415
6,-0.1232959,-0.2363926,0.999975,-0.2402148,-0.1769431,0.9999595,-0.1817556,-0.2066677,0.9999672,-0.9991136,0.04001413,0.01308677,0,0.04045099,0.9985676,0.03502132,0,0.01166668,-0.03551965,0.999301,0,-0.556441,-1.694244,0.9275103,1,-0.9991133,0.04045099,0.01166667,0,0.04001413,0.9985676,-0.03551964,0,0.01308677,0.03502132,0.9993007,0,-0.5002921,1.681843,-0.9805488,1,0.9651318,0.9796246,-0.1700117,-0.1935677,0.966244,-0.0008184053,-0.0006610184,-0.0283697,7.033333,416
6,-0.133025,-0.257446,1.000047,-0.2376438,-0.1754254,1.00003,-0.1853346,-0.2164355,1.000039,-0.9991179,0.03989063,0.01313892,0,0.0403311,0.9985674,0.03516522,0,0.01171733,-0.03566409,0.9992954,0,-0.5561985,-1.694395,0.9272736,1,-0.9991176,0.04033109,0.01171733,0,0.03989063,0.9985675,-0.03566409,0,0.01313891,0.03516521,0.9992949,0,-0.5003005,1.681792,-0.9805316,1,0.9605306,0.9754633,-0.1729498,-0.2022449,0.9639426,-0.0008184053,-0.0006650925,-0.02836961,7.044445,417
6,-0.1460141,-0.2879781,0.9999808,-0.2359682,-0.1736951,0.9999521,-0.1909913,-0.2308359,0.9999664,-0.9991175,0.03982019,0.01336772,0,0.04027345,0.9985561,0.03554968,0,0.01193283,-0.03605667,0.9992785,0,-0.5558396,-1.694781,0.9268422,1,-0.9991174,0.04027345,0.01193282,0,0.03982018,0.9985561,-0.03605668,0,0.01336772,0.03554969,0.9992785,0,-0.5002523,1.681771,-0.9806489,1,0.9605306,0.9754633,-0.1775986,-0.2149494,0.9603413,-0.0008185124,-0.0006679001,-0.02836926,7.066667,418
6,-0.09561137,-0.2620172,1.000005,-0.2367969,-0.1734815,0.999983,-0.1662046,-0.2177489,0.9999939,-0.9991297,0.03950621,0.01339609,0,0.03996323,0.9985609,0.03576358,0,0.01196393,-0.03626779,0.9992706,0,-0.5553508,-1.695096,0.9265386,1,-0.9991294,0.03996323,0.01196392,0,0.0395062,0.998561,-0.03626779,0,0.01339608,0.03576357,0.9992704,0,-0.5003126,1.681714,-0.9806959,1,0.9609812,0.9898574,-0.1554058,-0.2038305,0.9665931,-0.0006639631,-0.0006256638,-0.02963654,7.077778,419
6,-0.1101597,-0.2679506,1.000057,-0.2369354,-0.1751484,1.000044,-0.1735477,-0.2215492,1.00005,-0.9991337,0.03943681,0.01329748,0,0.03989378,0.9985532,0.03605681,0,0.01185627,-0.03655606,0.9992614,0,-0.5553735,-1.695408,0.9260206,1,-0.9991335,0.03989378,0.01185627,0,0.0394368,0.9985532,-0.03655605,0,0.01329748,0.03605681,0.9992612,0,-0.5003445,1.681722,-0.9807293,1,0.959712,0.9827147,-0.1619849,-0.2070178,0.964834,-0.0006640395,-0.0006026459,-0.02970081,7.088889,420
6,-0.1317805,-0.48425,1.000015,-0.237196,-0.177539,1.000027,-0.1844881,-0.3308953,1.000021,-0.99913,0.03947045,0.01346766,0,0.03993362,0.9985516,0.03605618,0,0.012025,-0.03656263,0.999259,0,-0.5553057,-1.695429,0.9261282,1,-0.9991299,0.03993361,0.012025,0,0.03947045,0.9985515,-0.03656262,0,0.01346766,0.03605618,0.9992591,0,-0.5003759,1.681756,-0.9807537,1,0.9504021,0.9843234,-0.1675848,-0.3011127,0.9387473,-0.0006629564,-0.0006026459,-0.02969882,7.111111,421
6,-0.1313817,-0.4842164,0.9999968,-0.2370449,-0.1756144,0.9999279,-0.1842141,-0.3299101,0.9999624,-0.9991286,0.03939649,0.01379683,0,0.03987296,0.9985505,0.0361546,0,0.01235246,-0.03667321,0.9992511,0,-0.5549092,-1.695526,0.9261345,1,-0.9991282,0.03987295,0.01235246,0,0.03939648,0.9985505,-0.0366732,0,0.01379682,0.03615459,0.9992507,0,-0.5004054,1.68171,-0.9807665,1,0.957422,0.9697458,-0.1673967,-0.300324,0.9390335,-0.000662148,-0.0006026459,-0.02969682,7.122222,422
6,-0.1203682,-0.484037,1.000009,-0.2372676,-0.175831,0.9999815,-0.1788182,-0.329932,0.9999952,-0.9991442,0.03904842,0.01365032,0,0.03952348,0.9985531,0.03646311,0,0.01220675,-0.03697141,0.9992418,0,-0.5544524,-1.695983,0.9255926,1,-0.9991439,0.03952348,0.01220675,0,0.03904841,0.9985531,-0.03697141,0,0.01365032,0.03646311,0.9992417,0,-0.500387,1.681693,-0.9808255,1,0.9492362,0.9646161,-0.1626056,-0.3005783,0.9397936,-0.0006586378,-0.0006026459,-0.02969512,7.144444,423
6,-0.1045748,-0.2805092,1.00011,-0.2374116,-0.1765348,1.000087,-0.1709936,-0.2285213,1.000098,-0.9991449,0.03905873,0.0135576,0,0.03953469,0.9985396,0.03682029,0,0.01209965,-0.0373248,0.9992299,0,-0.5545301,-1.696283,0.9249347,1,-0.9991449,0.03953469,0.01209965,0,0.03905873,0.9985395,-0.0373248,0,0.0135576,0.03682029,0.9992299,0,-0.5003412,1.681672,-0.9808262,1,0.9462646,0.9792984,-0.159444,-0.2133312,0.9638815,-0.0006492464,-0.0006061173,-0.02968022,7.155556,424
6,-0.09058482,-0.1950119,1.00004,-0.2387115,-0.1768009,1.000041,-0.1646481,-0.1859063,1.00004,-0.9991562,0.03879236,0.01350028,0,0.03927136,0.9985345,0.03723709,0,0.01203598,-0.03773584,0.9992154,0,-0.5541947,-1.696825,0.9242318,1,-0.999156,0.03927135,0.01203598,0,0.03879235,0.9985344,-0.03773583,0,0.01350028,0.03723709,0.9992151,0,-0.5003805,1.681687,-0.9808671,1,0.9477779,0.9785174,-0.1548519,-0.1749746,0.9723193,-0.0006492464,-0.0005966263,-0.0297127,7.177778,425
6,-0.06447461,-0.1925574,0.9999989,-0.2404023,-0.1774877,1.000008,-0.1524382,-0.1850227,1.000004,-0.9991647,0.03859638,0.01343938,0,0.03907505,0.9985365,0.03739103,0,0.01197655,-0.03788494,0.9992106,0,-0.5539213,-1.697073,0.9239727,1,-0.9991644,0.03907504,0.01197654,0,0.03859637,0.9985364,-0.03788492,0,0.01343937,0.03739102,0.99921,0,-0.5003752,1.681686,-0.9809022,1,0.9486284,0.9890363,-0.1436091,-0.1744556,0.9741364,-0.0006492389,-0.0006301499,-0.02961921,7.188889,426
6,-0.04133094,-0.3317046,0.9999565,-0.2385971,-0.1773354,0.9999786,-0.1399633,-0.2545209,0.9999676,-0.9991628,0.0386963,0.01328383,0,0.03916979,0.9985303,0.03745594,0,0.0118149,-0.03794491,0.9992101,0,-0.5542446,-1.697045,0.9238551,1,-0.9991626,0.03916978,0.0118149,0,0.0386963,0.9985303,-0.0379449,0,0.01328383,0.03745594,0.9992099,0,-0.5003835,1.681656,-0.9809709,1,0.9479145,0.972277,-0.1303972,-0.2376234,0.9625651,-0.0006492697,-0.0006488343,-0.0284204,7.2,427
6,-0.02662446,-0.3347985,0.9999869,-0.2385885,-0.1768411,0.9999378,-0.1326082,-0.2558179,0.9999624,-0.9991645,0.03858391,0.01348745,0,0.03906931,0.9985213,0.03779843,0,0.01200909,-0.03829379,0.9991945,0,-0.5538074,-1.697434,0.9234909,1,-0.9991642,0.0390693,0.01200909,0,0.0385839,0.9985214,-0.03829379,0,0.01348744,0.03779843,0.9991942,0,-0.5003065,1.681655,-0.9810973,1,0.9502183,0.9746506,-0.1235853,-0.2389957,0.963124,-0.000662216,-0.0006541672,-0.02831892,7.222222,428
6,-0.04601322,-0.2981404,0.9999635,-0.2385848,-0.176318,1.000002,-0.1422977,-0.2372304,0.9999829,-0.9991716,0.03849425,0.01319926,0,0.03897052,0.9985192,0.03795559,0,0.01171864,-0.03843853,0.9991922,0,-0.5539282,-1.697588,0.9231741,1,-0.9991717,0.03897052,0.01171864,0,0.03849425,0.9985192,-0.03843854,0,0.01319926,0.03795559,0.9991923,0,-0.5003072,1.681622,-0.98119,1,0.9587373,0.9721226,-0.1329568,-0.2222178,0.965889,-0.0007498553,-0.0006538925,-0.02831856,7.233334,429
6,-0.07656848,-0.2928843,1.000015,-0.2403217,-0.1775317,1.000035,-0.1584446,-0.2352085,1.000026,-0.9991726,0.03851125,0.01310147,0,0.03898699,0.998508,0.03823456,0,0.01160946,-0.0387137,0.9991832,0,-0.5541581,-1.697754,0.9226924,1,-0.999172,0.03898698,0.01160946,0,0.03851124,0.998508,-0.03871369,0,0.01310146,0.03823455,0.9991826,0,-0.5004053,1.681547,-0.9812311,1,0.938552,0.9814511,-0.1477791,-0.2199382,0.9642555,-0.0008437196,-0.000653038,-0.02831712,7.255556,430
6,-0.08939974,-0.2979029,1.000014,-0.2414621,-0.1770265,0.999982,-0.1654317,-0.2374636,0.9999981,-0.9991747,0.03844239,0.01312972,0,0.03892209,0.9985012,0.03847663,0,0.01163091,-0.0389559,0.9991734,0,-0.5540203,-1.697999,0.9223469,1,-0.9991744,0.03892208,0.0116309,0,0.03844238,0.9985012,-0.0389559,0,0.01312972,0.03847662,0.9991731,0,-0.5003979,1.681529,-0.9812875,1,0.9349106,0.9770247,-0.1541001,-0.2217363,0.9628532,-0.0008549113,-0.000652649,-0.02831639,7.266667,431
6,-0.08969456,-0.2935454,0.9999518,-0.2414238,-0.177248,0.999924,-0.1655597,-0.2353959,0.9999378,-0.999164,0.03858081,0.0135409,0,0.03907846,0.9984886,0.03864428,0,0.01202951,-0.03914112,0.9991615,0,-0.5538846,-1.698034,0.9222599,1,-0.9991635,0.03907844,0.01202951,0,0.0385808,0.9984887,-0.03914111,0,0.0135409,0.03864428,0.9991611,0,-0.500398,1.681473,-0.9812862,1,0.9474161,0.9629417,-0.1542914,-0.2199039,0.9632427,-0.0008559944,-0.0006520691,-0.02830966,7.288889,432
6,-0.1031557,-0.2196132,1.00004,-0.2402748,-0.1772072,1.000018,-0.1717157,-0.19841,1.000029,-0.9991575,0.03870558,0.01364412,0,0.0392097,0.9984754,0.03885174,0,0.01211954,-0.03935399,0.9991519,0,-0.5540463,-1.698204,0.9219502,1,-0.9991575,0.0392097,0.01211954,0,0.03870558,0.9984754,-0.03935398,0,0.01364412,0.03885174,0.9991517,0,-0.5004287,1.68152,-0.9812844,1,0.9362273,0.976723,-0.1610323,-0.1863817,0.9691907,-0.0008562468,-0.000654686,-0.0283085,7.3,433
6,-0.1025378,-0.2005349,1.00007,-0.2385259,-0.1761216,1.000086,-0.1705315,-0.1883282,1.000078,-0.9991541,0.03884739,0.01350277,0,0.03934829,0.998462,0.03905492,0,0.01196482,-0.03955319,0.999146,0,-0.5544741,-1.698314,0.921517,1,-0.9991537,0.03934829,0.01196482,0,0.03884739,0.9984621,-0.03955318,0,0.01350277,0.03905491,0.9991456,0,-0.5004728,1.68153,-0.9812692,1,0.9379099,0.9887871,-0.1602143,-0.1772101,0.9710447,-0.0008564675,-0.0006541443,-0.02830802,7.311111,434
6,-0.121545,-0.20045,1.000023,-0.238581,-0.1756764,1.000007,-0.1800633,-0.1880632,1.000015,-0.9991508,0.03882747,0.0137881,0,0.03934406,0.9984481,0.03941387,0,0.01223636,-0.03992288,0.9991279,0,-0.5542638,-1.698588,0.9211322,1,-0.9991509,0.03934407,0.01223636,0,0.03882747,0.9984481,-0.03992289,0,0.0137881,0.03941387,0.9991278,0,-0.5005419,1.681454,-0.9813591,1,0.9429691,0.9674644,-0.1689816,-0.1767167,0.9696475,-0.000856651,-0.0006540985,-0.02830709,7.333333,435
6,-0.128531,-0.232268,0.9999635,-0.240387,-0.1758624,0.9999678,-0.184459,-0.2040651,0.9999657,-0.9991492,0.03888702,0.0137343,0,0.0394019,0.9984443,0.03945258,0,0.01217874,-0.03996018,0.999127,0,-0.5543728,-1.698603,0.9210915,1,-0.9991493,0.0394019,0.01217874,0,0.03888702,0.9984444,-0.03996018,0,0.0137343,0.03945259,0.9991271,0,-0.5004981,1.681465,-0.9814124,1,0.942555,0.9801633,-0.1725377,-0.1911436,0.9662789,-0.0008470081,-0.0006536484,-0.02833481,7.344445,436
6,-0.1749877,-0.3394552,1.000036,-0.2403862,-0.176184,0.9999991,-0.2076869,-0.2578181,1.000017,-0.9991479,0.03893666,0.01369349,0,0.03945455,0.9984269,0.03983769,0,0.0121208,-0.04034401,0.9991124,0,-0.5545319,-1.698921,0.9205121,1,-0.9991478,0.03945455,0.0121208,0,0.03893666,0.9984269,-0.04034401,0,0.01369349,0.03983769,0.9991123,0,-0.500514,1.681456,-0.9815149,1,0.942555,0.9801633,-0.1915165,-0.2381128,0.952168,-0.0008455273,-0.000652214,-0.02834212,7.366667,437
6,-0.2142819,-0.73057,0.9999504,-0.2392524,-0.1764059,0.9999609,-0.2267673,-0.4534894,0.9999556,-0.9991561,0.03875753,0.01361172,0,0.0392721,0.9984346,0.03982526,0,0.01204688,-0.0403262,0.9991142,0,-0.5544421,-1.698991,0.9205498,1,-0.9991558,0.03927209,0.01204688,0,0.03875753,0.9984347,-0.04032619,0,0.01361172,0.03982525,0.9991137,0,-0.5006556,1.681444,-0.9815685,1,0.9361279,0.9681362,-0.197128,-0.3951173,0.8972307,-0.0008410336,-0.0006498337,-0.0283515,7.377778,438
6,-0.2111057,-0.7271152,0.9998047,-0.238936,-0.1752706,0.9999339,-0.2250219,-0.4512105,0.9998692,-0.999163,0.03871142,0.01323202,0,0.03920943,0.9984415,0.03971501,0,0.01167398,-0.04020058,0.9991237,0,-0.5548192,-1.69895,0.9207003,1,-0.9991626,0.03920942,0.01167397,0,0.03871142,0.9984415,-0.04020057,0,0.01323202,0.039715,0.9991232,0,-0.5007685,1.681491,-0.9817147,1,0.9379161,0.9877303,-0.1958281,-0.3935737,0.8981932,-0.0008333288,-0.0006384888,-0.02840423,7.4,439
6,-0.1326887,-0.5426406,1.000046,-0.2395099,-0.1753843,1.0,-0.1860999,-0.3590084,1.000023,-0.999175,0.03841877,0.01317006,0,0.03891619,0.9984471,0.03986114,0,0.01161819,-0.04034077,0.9991184,0,-0.5544091,-1.699245,0.9204599,1,-0.9991749,0.03891619,0.01161819,0,0.03841877,0.998447,-0.04034077,0,0.01317006,0.03986113,0.9991184,0,-0.5007914,1.681491,-0.981756,1,0.9465435,0.9617763,-0.1676473,-0.3240795,0.9310569,-0.0006551594,-0.0005251542,-0.02987621,7.411111,440
6,-0.1276696,-0.6872004,1.000148,-0.2410209,-0.1756481,1.000082,-0.1843461,-0.4314159,1.000115,-0.9991896,0.03803701,0.01316625,0,0.03853695,0.9984536,0.04006708,0,0.01162186,-0.04054199,0.9991102,0,-0.5537817,-1.699602,0.9200435,1,-0.9991896,0.03853695,0.01162186,0,0.03803701,0.9984536,-0.040542,0,0.01316626,0.04006708,0.9991103,0,-0.5007986,1.681451,-0.9816942,1,0.9476935,0.9818488,-0.1623229,-0.3803143,0.9105011,-0.0008946769,-0.001598808,-0.0289008,7.433333,441
6,-0.08449101,-0.3173424,1.000051,-0.2418526,-0.1757137,1.0,-0.163173,-0.2465262,1.000026,-0.9991964,0.03782861,0.01325458,0,0.03833548,0.9984503,0.04033946,0,0.01170806,-0.04081516,0.9990982,0,-0.5533434,-1.699955,0.9196476,1,-0.9991962,0.03833548,0.01170806,0,0.03782861,0.9984504,-0.04081515,0,0.01325458,0.04033946,0.9990981,0,-0.5007813,1.681435,-0.9817234,1,0.9462685,0.9763355,-0.1516807,-0.2301906,0.9612519,-0.0008571856,-0.0001958389,-0.02862464,7.444445,442
6,-0.1077982,-0.3681349,1.000067,-0.2409515,-0.1757915,1.000049,-0.1743752,-0.2719624,1.000058,-0.9991983,0.03781016,0.01316263,0,0.03831517,0.9984446,0.04050116,0,0.0116108,-0.04097302,0.9990929,0,-0.5533788,-1.700135,0.9193271,1,-0.9991981,0.03831516,0.0116108,0,0.03781015,0.9984446,-0.04097301,0,0.01316263,0.04050116,0.9990927,0,-0.5007535,1.68146,-0.9817275,1,0.9418459,0.9666334,-0.1604897,-0.2519338,0.954344,-0.0009100884,0.0003399277,-0.03144414,7.455556,443
6,2.207235e-07,4.88013e-07,1.000012,-0.2408423,-0.1758143,1.000012,-0.1204211,-0.08790686,1.000012,-0.9992012,0.03766542,0.01335781,0,0.03818092,0.9984416,0.04070221,0,0.01180393,-0.04117971,0.9990821,0,-0.5529504,-1.700384,0.9190822,1,-0.999201,0.03818092,0.01180393,0,0.03766542,0.9984416,-0.04117971,0,0.01335781,0.04070221,0.999082,0,-0.5007398,1.681438,-0.9817327,1,0.9403789,0.9786946,-0.1030921,-0.08563235,0.9909789,-0.01488765,-0.0002471695,-0.01443579,7.477778,444
6,-0.1387038,-0.5283484,0.9998966,-0.2413508,-0.1759319,0.9999242,-0.1900271,-0.3521425,0.9999104,-0.9992033,0.03756538,0.01347825,0,0.03808448,0.9984501,0.040583,0,0.01193284,-0.04106398,0.9990853,0,-0.5526735,-1.700327,0.9193718,1,-0.9992032,0.03808448,0.01193284,0,0.03756537,0.9984501,-0.04106398,0,0.01347825,0.040583,0.9990852,0,-0.5007513,1.681429,-0.981758,1,0.9502786,0.9810753,-0.1712311,-0.3190472,0.9321421,-0.0006904677,0.0006393662,-0.0307945,7.488889,445
6,-0.1347306,-0.5283451,0.999904,-0.2424644,-0.1761248,0.9999585,-0.1885968,-0.3522395,0.999931,-0.9992038,0.03755165,0.01349199,0,0.03806916,0.998458,0.04040125,0,0.01195405,-0.0408827,0.9990926,0,-0.5527933,-1.700158,0.9196243,1,-0.9992034,0.03806915,0.01195404,0,0.03755164,0.9984581,-0.0408827,0,0.01349198,0.04040125,0.9990923,0,-0.5009167,1.681427,-0.9816884,1,0.9507644,0.9649763,-0.1699624,-0.3191898,0.9323254,-0.0006843647,0.0006602326,-0.03085931,7.511111,446
6,-0.1099138,-0.5287329,1.000028,-0.2421823,-0.1775264,1.000007,-0.1760484,-0.3531279,1.000017,-0.999204,0.03758489,0.01337512,0,0.0380989,0.9984525,0.04051095,0,0.01183182,-0.04098828,0.9990897,0,-0.552919,-1.700241,0.9194198,1,-0.9992037,0.03809889,0.01183182,0,0.03758489,0.9984525,-0.04098827,0,0.01337512,0.04051095,0.9990895,0,-0.5008727,1.681429,-0.9817305,1,0.9375608,0.9715107,-0.1588592,-0.320488,0.9338368,-0.0006857598,0.0006549073,-0.03083335,7.522223,447
6,-0.1108238,-0.5283605,0.9999616,-0.2419437,-0.1782627,0.9999552,-0.1763839,-0.3533112,0.9999584,-0.9992094,0.03744798,0.01335349,0,0.03796152,0.9984566,0.04053785,0,0.01181482,-0.04101272,0.9990889,0,-0.5527183,-1.700344,0.919418,1,-0.9992093,0.03796152,0.01181482,0,0.03744798,0.9984567,-0.04101272,0,0.01335349,0.04053785,0.9990886,0,-0.5008842,1.681431,-0.9817855,1,0.9537144,0.9743494,-0.1591582,-0.3206388,0.9337341,-0.0006890036,0.0006424256,-0.03079211,7.533333,448
6,-0.09858099,-0.5278805,1.000056,-0.2419511,-0.1775087,1.000046,-0.1702662,-0.3526936,1.000051,-0.9992166,0.03725906,0.01334936,0,0.03777411,0.9984584,0.04066764,0,0.01181355,-0.04114004,0.9990836,0,-0.5524256,-1.700555,0.9191979,1,-0.9992164,0.03777411,0.01181355,0,0.03725906,0.9984584,-0.04114003,0,0.01334936,0.04066763,0.9990834,0,-0.5009024,1.681419,-0.9817901,1,0.9329352,0.9888822,-0.1537655,-0.3203892,0.9347229,-0.0006898269,0.000639267,-0.03078531,7.555556,449
6,-0.08644473,-0.5294741,1.000052,-0.2413848,-0.1762231,1.000063,-0.1639145,-0.3528497,1.000058,-0.9992193,0.03720809,0.01328725,0,0.03772059,0.9984605,0.04066541,0,0.01175371,-0.04113486,0.9990846,0,-0.5524642,-1.700482,0.9191225,1,-0.9992191,0.03772059,0.01175371,0,0.03720809,0.9984607,-0.04113486,0,0.01328724,0.04066541,0.9990844,0,-0.5009737,1.681327,-0.9817365,1,0.938262,0.9717141,-0.1481313,-0.3207973,0.9354925,-0.0006891936,0.0006356278,-0.03075856,7.566667,450
6,-0.08499968,-0.5211018,0.9999202,-0.2413509,-0.1777118,0.9999726,-0.1631741,-0.3494113,0.9999465,-0.9992218,0.03721589,0.013083,0,0.03772061,0.9984584,0.04071898,0,0.01154744,-0.04118079,0.9990852,0,-0.5526912,-1.700541,0.918922,1,-0.9992214,0.03772059,0.01154743,0,0.03721588,0.9984583,-0.04118078,0,0.013083,0.04071897,0.9990847,0,-0.500996,1.68135,-0.9817284,1,0.9398754,0.9804411,-0.1476359,-0.3180555,0.9365064,-0.0006900178,0.0006317139,-0.03074782,7.588889,451
6,-0.0901915,-0.4076411,0.9999344,-0.2407779,-0.178055,0.9999528,-0.1654842,-0.2928491,0.9999436,-0.9992231,0.03722404,0.01296178,0,0.0377238,0.9984581,0.04072267,0,0.01142593,-0.04118,0.9990866,0,-0.5527018,-1.70059,0.9189332,1,-0.9992227,0.03772379,0.01142592,0,0.03722403,0.9984581,-0.04117998,0,0.01296177,0.04072266,0.9990861,0,-0.5008804,1.681397,-0.9818085,1,0.9337869,0.9731959,-0.1521029,-0.2704481,0.9506432,-0.0007516937,5.546567e-05,-0.02963481,7.6,452
6,-0.09193276,-0.3132256,0.9999866,-0.2408169,-0.1780609,0.9999794,-0.166375,-0.2456432,0.9999828,-0.9992107,0.03753854,0.01300451,0,0.03803986,0.998446,0.04072612,0,0.0114555,-0.04118866,0.9990858,0,-0.5531898,-1.700439,0.9189595,1,-0.9992104,0.03803986,0.01145549,0,0.03753854,0.9984459,-0.04118866,0,0.0130045,0.04072612,0.9990857,0,-0.5008716,1.681414,-0.981821,1,0.9483183,0.9867109,-0.1547024,-0.2290466,0.9610435,-0.0008133547,-0.000518898,-0.02852071,7.611111,453
6,-0.08476724,-0.3239792,0.9999422,-0.2403882,-0.1766201,0.999944,-0.1625776,-0.2502997,0.9999431,-0.9992176,0.03740447,0.0128521,0,0.03789927,0.9984525,0.04069617,0,0.01131,-0.04115142,0.999089,0,-0.5530888,-1.700533,0.9190012,1,-0.9992175,0.03789927,0.01130999,0,0.03740446,0.9984525,-0.04115141,0,0.0128521,0.04069617,0.9990888,0,-0.5008596,1.681463,-0.9818876,1,0.9283745,0.9728138,-0.1510935,-0.2333071,0.9605928,-0.0008199997,-0.000526146,-0.02844937,7.633334,454
6,-0.08668812,-0.3038682,1.000005,-0.2419812,-0.1767376,1.00004,-0.1643339,-0.240304,1.000022,-0.9992142,0.03757485,0.01262356,0,0.0380602,0.9984461,0.04070322,0,0.01107453,-0.04115169,0.9990916,0,-0.553597,-1.70045,0.9188924,1,-0.9992139,0.0380602,0.01107452,0,0.03757485,0.9984462,-0.04115169,0,0.01262356,0.04070322,0.9990915,0,-0.5008674,1.681476,-0.9819031,1,0.9434969,0.9726352,-0.1530147,-0.2243308,0.9624252,-0.0008284841,-0.0005935059,-0.02838805,7.644444,455
6,-0.08484303,-0.2953644,1.000008,-0.2432924,-0.1768679,1.000053,-0.1640666,-0.2361175,1.00003,-0.999218,0.03760672,0.01221752,0,0.03807448,0.9984488,0.04062332,0,0.01067085,-0.04105673,0.9991,0,-0.5539885,-1.700332,0.9188427,1,-0.9992179,0.03807448,0.01067085,0,0.03760672,0.9984489,-0.04105672,0,0.01221751,0.04062332,0.9990997,0,-0.5008372,1.681461,-0.981914,1,0.9434969,0.9726352,-0.1529023,-0.2205932,0.9633065,-0.0008300776,-0.0006158524,-0.02838391,7.666667,456
6,-0.08078774,-0.2837445,1.000012,-0.2438951,-0.1775302,0.999988,-0.1623421,-0.2306367,0.9999998,-0.9992235,0.03744626,0.01227583,0,0.03791802,0.9984491,0.04076137,0,0.01073043,-0.04119518,0.9990937,0,-0.553503,-1.700539,0.9186578,1,-0.999223,0.03791801,0.01073043,0,0.03744625,0.9984492,-0.04119517,0,0.01227583,0.04076136,0.9990933,0,-0.5006714,1.681443,-0.9819395,1,0.9380606,0.9761956,-0.1514996,-0.2157457,0.9646252,-0.0008284301,-0.0006310806,-0.02838637,7.677778,457
6,-0.07465841,-0.2522544,1.000069,-0.2437705,-0.1776301,1.000113,-0.1592134,-0.214943,1.000091,-0.9992245,0.03756102,0.01182347,0,0.03801446,0.9984439,0.04080099,0,0.01027255,-0.04121881,0.9990975,0,-0.5541302,-1.700461,0.9183416,1,-0.9992242,0.03801446,0.01027254,0,0.03756101,0.9984439,-0.0412188,0,0.01182347,0.04080099,0.9990972,0,-0.5006872,1.681411,-0.9819112,1,0.9328806,0.9620394,-0.1490763,-0.201715,0.9680327,-0.0008277511,-0.000632103,-0.02839304,7.7,458
6,-0.07582422,-0.2628876,0.9999911,-0.2443724,-0.1768202,1.000032,-0.1600973,-0.2198547,1.000012,-0.9992236,0.03765275,0.01159763,0,0.03809651,0.998442,0.040771,0,0.01004442,-0.04118117,0.9991013,0,-0.5544744,-1.700393,0.9182986,1,-0.9992235,0.03809651,0.01004442,0,0.03765275,0.9984419,-0.04118117,0,0.01159763,0.040771,0.9991012,0,-0.5006695,1.681427,-0.981928,1,0.938325,0.9795302,-0.149757,-0.2061323,0.9669966,-0.0008300776,-0.0006320724,-0.02839298,7.711111,459
6,-0.07545699,-0.2521715,0.9999962,-0.2443501,-0.1758937,1.00001,-0.1599032,-0.2140327,1.000003,-0.9992317,0.03745571,0.01155627,0,0.03789699,0.9984534,0.04067814,0,0.01001477,-0.04108483,0.9991057,0,-0.5542945,-1.700405,0.9184216,1,-0.9992312,0.03789698,0.01001477,0,0.0374557,0.9984533,-0.04108482,0,0.01155627,0.04067814,0.9991053,0,-0.500792,1.681422,-0.9819096,1,0.9372954,0.9776566,-0.1497466,-0.2008895,0.9681009,-0.0008301996,-0.0006320724,-0.02839295,7.722222,460
6,-0.07462457,-0.2202279,0.9999419,-0.2451196,-0.1769127,0.9999422,-0.159872,-0.1985703,0.9999418,-0.9992231,0.03779486,0.01117231,0,0.03821718,0.9984534,0.04037479,0,0.009629067,-0.0407704,0.9991221,0,-0.5551287,-1.699972,0.9187868,1,-0.999223,0.03821718,0.009629068,0,0.03779486,0.9984536,-0.0407704,0,0.0111723,0.0403748,0.9991222,0,-0.5007122,1.681462,-0.9819435,1,0.9346887,0.9812844,-0.1501491,-0.1868732,0.9708418,-0.0008310014,-0.0006308137,-0.0283942,7.744445,461
6,-0.08408685,-0.2229132,0.9999248,-0.2452171,-0.1760862,0.9999763,-0.1646507,-0.1995002,0.9999505,-0.9992179,0.03802026,0.01087332,0,0.03842955,0.9984482,0.04030405,0,0.009324073,-0.04069039,0.9991283,0,-0.555652,-1.699842,0.9188442,1,-0.9992177,0.03842955,0.009324073,0,0.03802026,0.9984483,-0.04069038,0,0.01087332,0.04030406,0.9991283,0,-0.5005798,1.681525,-0.9820294,1,0.9290837,0.9797786,-0.1545251,-0.1875902,0.9700165,-0.0008324664,-0.0006284027,-0.02840244,7.755556,462
6,-0.1034141,-0.2580017,0.9999163,-0.2453356,-0.1759616,0.9999166,-0.1743748,-0.2169817,0.9999164,-0.9992154,0.03812689,0.01073466,0,0.03852713,0.998459,0.03994136,0,0.009195275,-0.04032359,0.9991444,0,-0.5558624,-1.699458,0.9194815,1,-0.9992151,0.03852712,0.009195274,0,0.03812689,0.998459,-0.04032359,0,0.01073465,0.03994136,0.9991443,0,-0.5005014,1.681529,-0.9821117,1,0.9187546,0.9821925,-0.162922,-0.2031513,0.9654977,-0.0008507771,-0.0006108094,-0.02841031,7.777778,463
6,-0.1105183,-0.2664045,0.9999551,-0.2446466,-0.1763123,0.9999681,-0.1775822,-0.2213587,0.9999616,-0.9992135,0.03819172,0.010687,0,0.03858927,0.9984597,0.03986411,0,0.009148061,-0.04024515,0.9991481,0,-0.5559981,-1.699363,0.9196203,1,-0.9992131,0.03858927,0.009148058,0,0.0381917,0.9984596,-0.04024514,0,0.010687,0.0398641,0.9991478,0,-0.500487,1.68154,-0.9821413,1,0.9329089,0.9836286,-0.1657013,-0.2069743,0.964212,-0.0008516842,-0.0006084061,-0.02843018,7.788889,464
6,6.426126e-08,5.289912e-07,0.9999803,-0.244266,-0.1760478,0.9999628,-0.1221338,-0.08802444,0.9999714,-0.9992213,0.03797963,0.01069491,0,0.03837674,0.9984719,0.03976405,0,0.009168341,-0.04014352,0.9991518,0,-0.5556849,-1.699435,0.9198096,1,-0.9992213,0.03837674,0.00916834,0,0.03797962,0.9984719,-0.04014352,0,0.01069491,0.03976405,0.9991519,0,-0.5005456,1.681588,-0.9821562,1,0.9335517,0.9741055,-0.1047539,-0.08573733,0.9907956,-0.01488474,-0.000245285,-0.01442517,7.811111,465
6,9.406358e-08,2.384186e-07,0.9999264,-0.2433003,-0.1750298,0.9999728,-0.1216477,-0.08751261,0.9999496,-0.9992301,0.03774168,0.01071238,0,0.03814221,0.9984698,0.04003916,0,0.009184839,-0.04041692,0.9991407,0,-0.555192,-1.699844,0.9194186,1,-0.9992301,0.03814222,0.009184838,0,0.03774169,0.9984699,-0.04041692,0,0.01071237,0.04003915,0.9991406,0,-0.5004587,1.681607,-0.9822316,1,0.9335517,0.9741055,-0.1042905,-0.08524705,0.9908867,-0.0148851,-0.000245285,-0.01442493,7.822222,466
6,1.341105e-07,5.662441e-07,0.9999206,-0.2417125,-0.1750449,0.9998771,-0.1208583,-0.08752389,0.9998988,-0.9992325,0.0376741,0.01072582,0,0.03807321,0.9984813,0.03981988,0,0.009209353,-0.04019768,0.9991493,0,-0.5550144,-1.699646,0.919882,1,-0.9992325,0.03807321,0.009209354,0,0.03767411,0.9984813,-0.04019768,0,0.01072582,0.03981988,0.9991493,0,-0.5004222,1.681567,-0.9823101,1,0.9311826,0.9671323,-0.1035309,-0.08526917,0.9909645,-0.01488703,-0.000245285,-0.01442475,7.833333,467
6,1.071021e-07,4.507601e-07,0.9999762,-0.2421054,-0.1750396,0.9999735,-0.1210527,-0.08751969,0.9999747,-0.9992424,0.03744118,0.01063083,0,0.03783711,0.9984881,0.03987215,0,0.0091219,-0.04024418,0.9991484,0,-0.5547571,-1.699826,0.9197821,1,-0.9992422,0.03783711,0.009121898,0,0.03744117,0.9984882,-0.04024417,0,0.01063083,0.03987214,0.9991481,0,-0.5004712,1.681573,-0.9823462,1,0.9175078,0.9731399,-0.1037102,-0.08525714,0.9909467,-0.01488816,-0.0002453232,-0.01442461,7.855556,468
6,-0.1801893,-0.5515993,0.9999467,-0.2424131,-0.1741191,0.9999635,-0.2113012,-0.3628605,0.9999551,-0.9992392,0.03752867,0.01061683,0,0.0379236,0.9984866,0.03982974,0,0.009106009,-0.04020206,0.9991502,0,-0.5548888,-1.699717,0.9198805,1,-0.9992391,0.03792359,0.009106007,0,0.03752867,0.9984866,-0.04020206,0,0.01061683,0.03982974,0.99915,0,-0.5004447,1.681549,-0.9823779,1,0.9475467,0.9696741,-0.1886561,-0.3255764,0.9265035,-0.0006386572,0.0006930694,-0.03462457,7.866667,469
6,-0.1799265,-0.5481644,1.000069,-0.2421105,-0.1734988,0.9999977,-0.2110187,-0.360825,1.000033,-0.9992417,0.03744414,0.01068158,0,0.03784412,0.9984791,0.04009087,0,0.009164163,-0.0404647,0.999139,0,-0.5546042,-1.699974,0.9194747,1,-0.9992416,0.03784412,0.009164161,0,0.03744413,0.9984791,-0.04046469,0,0.01068157,0.04009086,0.9991388,0,-0.500351,1.681515,-0.9823893,1,0.9280317,0.9672325,-0.1885093,-0.3239364,0.9271081,-0.0006381068,0.000694809,-0.03464006,7.888889,470
