flag,xl,yl,zl,xr,yr,zr,xc,yc,zc,mat_00,mat_10,mat_20,mat_30,mat_01,mat_11,mat_21,mat_31,mat_02,mat_12,mat_22,mat_32,mat_03,mat_13,mat_23,mat_33,ctw_00,ctw_10,ctw_20,ctw_30,ctw_01,ctw_11,ctw_21,ctw_31,ctw_02,ctw_12,ctw_22,ctw_32,ctw_03,ctw_13,ctw_23,ctw_33,opennessl,opennessr,ray_x,ray_y,ray_z,eye_x,eye_y,eye_z,time,frame,u,v
6.0,-0.133048,-0.08644104,1.000015,-0.1837199,-0.1456573,0.9999985,-0.158384,-0.1160494,1.000006,-0.7790301,0.03884997,0.625782,0.0,0.05445372,0.9984995,0.005799796,0.0,0.6246176,-0.03859437,0.7799766,0.0,0.1174086,-1.695045,1.322832,1.0,-0.7790298,0.05445372,0.6246175,0.0,0.03884996,0.9984994,-0.03859436,0.0,0.6257818,0.005799798,0.7799765,0.0,-0.6704867,1.678436,-1.170532,1.0,1.0,1.0,-0.149832,-0.1079351,0.9828023,-0.001987901,-0.003385483,-0.02585241,13.98889,823.0,-0.175,-0.15849999999999997
6.0,-0.1333183,-0.08551277,1.000006,-0.1837674,-0.143963,0.9999754,-0.1585428,-0.1147383,0.9999909,-0.7790879,0.03925053,0.6256851,0.0,0.05447624,0.9985015,0.005194392,0.0,0.6245437,-0.03813185,0.7800587,0.0,0.1171786,-1.694212,1.323833,1.0,-0.7790875,0.05447622,0.6245434,0.0,0.03925051,0.9985015,-0.03813184,0.0,0.6256849,0.005194394,0.7800584,0.0,-0.6705114,1.678414,-1.170454,1.0,1.0,1.0,-0.1499985,-0.1066945,0.9829124,-0.001991347,-0.003382897,-0.02586188,14.0,824.0,-0.175,-0.15849999999999997
6.0,-0.1333981,-0.08578944,1.000075,-0.183449,-0.1444026,1.000063,-0.1584233,-0.1150962,1.000069,-0.779042,0.03964943,0.6257169,0.0,0.05443879,0.998507,0.004506627,0.0,0.624604,-0.03757412,0.7800373,0.0,0.11733,-1.693387,1.324778,1.0,-0.7790419,0.05443878,0.6246039,0.0,0.03964942,0.9985068,-0.03757411,0.0,0.6257167,0.004506625,0.7800371,0.0,-0.6703887,1.678501,-1.170288,1.0,1.0,1.0,-0.1498694,-0.1070311,0.9828955,-0.001991631,-0.003378914,-0.02586814,14.02222,825.0,-0.175,-0.15849999999999997
6.0,-0.1345961,-0.08620542,1.000147,-0.1822277,-0.1452769,1.000153,-0.1584119,-0.115741,1.00015,-0.7791375,0.03970453,0.6255945,0.0,0.05449089,0.9985042,0.004492925,0.0,0.6244804,-0.03758981,0.7801355,0.0,0.1171389,-1.693357,1.324706,1.0,-0.7791374,0.05449088,0.6244802,0.0,0.03970453,0.9985041,-0.0375898,0.0,0.6255944,0.00449293,0.7801354,0.0,-0.6702271,1.678489,-1.170254,1.0,1.0,1.0,-0.1498317,-0.1076395,0.9828348,-0.001995964,-0.00337162,-0.0258745,14.03333,826.0,-0.175,-0.15849999999999997
6.0,-0.1351337,-0.08637014,1.000106,-0.182559,-0.1430629,1.000103,-0.1588464,-0.1147164,1.000104,-0.7792529,0.03992017,0.625437,0.0,0.05459796,0.9984992,0.004293561,0.0,0.6243269,-0.03749335,0.7802629,0.0,0.1166437,-1.6931,1.324986,1.0,-0.7792528,0.05459795,0.6243269,0.0,0.03992017,0.9984992,-0.03749335,0.0,0.625437,0.004293563,0.7802628,0.0,-0.6702117,1.678501,-1.170141,1.0,1.0,1.0,-0.1502572,-0.10667,0.9828755,-0.001997436,-0.003367371,-0.02589246,14.04445,827.0,-0.175,-0.15849999999999997
6.0,-0.1334478,-0.08724527,1.000115,-0.182811,-0.1397911,1.000104,-0.1581293,-0.1135184,1.000109,-0.7792931,0.03997964,0.625383,0.0,0.05459584,0.9984997,0.004199836,0.0,0.6242769,-0.03741622,0.7803066,0.0,0.1165063,-1.692999,1.324914,1.0,-0.7792931,0.05459584,0.6242768,0.0,0.03997964,0.9984997,-0.03741622,0.0,0.6253831,0.004199838,0.7803066,0.0,-0.6701003,1.678533,-1.169916,1.0,1.0,1.0,-0.1496012,-0.1055447,0.9830971,-0.0019982,-0.003366867,-0.02589823,14.06667,828.0,-0.175,-0.15849999999999997
6.0,-0.1336457,-0.09017778,1.000075,-0.1836368,-0.1407072,1.000062,-0.1586413,-0.1154427,1.000069,-0.7792789,0.04013356,0.6253911,0.0,0.05459924,0.9985005,0.003956964,0.0,0.6242945,-0.03722946,0.7803016,0.0,0.1166068,-1.692777,1.325221,1.0,-0.7792786,0.05459923,0.6242944,0.0,0.04013354,0.9985004,-0.03722945,0.0,0.6253909,0.003956967,0.7803014,0.0,-0.6699746,1.678628,-1.16989,1.0,1.0,1.0,-0.1500573,-0.1073653,0.9828303,-0.001998245,-0.003365486,-0.0258996,14.07778,829.0,-0.175,-0.15849999999999997
6.0,-0.1354626,-0.09119019,1.000115,-0.1836957,-0.140079,1.000097,-0.1595789,-0.1156349,1.000106,-0.7792623,0.04032194,0.6253995,0.0,0.05455909,0.998504,0.003604444,0.0,0.6243186,-0.03693003,0.7802964,0.0,0.1167103,-1.692277,1.325661,1.0,-0.7792622,0.05455908,0.6243185,0.0,0.04032193,0.998504,-0.03693003,0.0,0.6253995,0.003604445,0.7802964,0.0,-0.6698838,1.6786,-1.169769,1.0,1.0,1.0,-0.1509261,-0.1075262,0.9826797,-0.001998353,-0.003367584,-0.02590254,14.08889,830.0,-0.175,-0.15849999999999997
6.0,-0.135986,-0.09049794,1.000091,-0.1836888,-0.1396415,1.000089,-0.1598374,-0.1150699,1.00009,-0.7792404,0.04040468,0.6254216,0.0,0.05466338,0.9984983,0.003600603,0.0,0.6243369,-0.03699339,0.7802788,0.0,0.1165195,-1.692323,1.325567,1.0,-0.7792402,0.05466338,0.6243368,0.0,0.04040468,0.9984984,-0.03699338,0.0,0.6254215,0.003600613,0.7802787,0.0,-0.6698635,1.678639,-1.169664,1.0,1.0,1.0,-0.1511787,-0.1069845,0.9827,-0.001998131,-0.003371987,-0.02590743,14.1,831.0,-0.175,-0.15849999999999997
6.0,-0.1358964,-0.0904385,1.000149,-0.1838945,-0.1399736,1.000121,-0.1598955,-0.1152063,1.000135,-0.77911,0.04109158,0.6255393,0.0,0.05489156,0.9984885,0.002776943,0.0,0.6244797,-0.03650037,0.7801878,0.0,0.1163318,-1.691358,1.326622,1.0,-0.7791098,0.05489156,0.6244795,0.0,0.04109158,0.9984884,-0.03650036,0.0,0.6255391,0.002776945,0.7801877,0.0,-0.6697181,1.678732,-1.169396,1.0,1.0,1.0,-0.1512246,-0.107108,0.9826795,-0.00199804,-0.003372673,-0.02590813,14.13333,832.0,-0.175,-0.15849999999999997
6.0,-0.1351385,-0.09044085,1.000102,-0.18389,-0.1398577,1.000104,-0.1595142,-0.1151494,1.000103,-0.7792027,0.04120614,0.625416,0.0,0.0549573,0.9984851,0.002684863,0.0,0.6243579,-0.03646322,0.7802868,0.0,0.1159532,-1.691251,1.326719,1.0,-0.7792027,0.05495729,0.624358,0.0,0.04120613,0.998485,-0.03646323,0.0,0.625416,0.002684861,0.7802869,0.0,-0.6697106,1.678754,-1.169286,1.0,1.0,1.0,-0.1508732,-0.1070629,0.9827385,-0.001997985,-0.003372719,-0.02590847,14.14444,833.0,-0.175,-0.15849999999999997
6.0,-0.1349166,-0.09037003,1.000054,-0.1845638,-0.1397982,1.000032,-0.1597398,-0.1150843,1.000043,-0.7790889,0.04126709,0.625554,0.0,0.05483883,0.9984922,0.00242896,0.0,0.6245105,-0.03619702,0.7801772,0.0,0.1163788,-1.690901,1.327012,1.0,-0.7790887,0.05483882,0.6245105,0.0,0.04126709,0.9984923,-0.03619702,0.0,0.6255539,0.002428964,0.7801772,0.0,-0.6696693,1.678746,-1.16919,1.0,1.0,1.0,-0.1510938,-0.1070029,0.9827111,-0.001997689,-0.003373352,-0.02590834,14.15556,834.0,-0.175,-0.15849999999999997
6.0,-0.1349785,-0.09033762,1.000032,-0.1847349,-0.1393962,1.000031,-0.1598568,-0.114867,1.000032,-0.7790335,0.04097572,0.6256419,0.0,0.05450796,0.9985102,0.002475627,0.0,0.6246085,-0.03603106,0.7801065,0.0,0.1169306,-1.690867,1.32678,1.0,-0.7790335,0.05450797,0.6246083,0.0,0.04097572,0.9985104,-0.03603106,0.0,0.6256419,0.002475624,0.7801064,0.0,-0.6697122,1.67869,-1.168989,1.0,1.0,1.0,-0.151208,-0.1067959,0.9827161,-0.00199765,-0.003373444,-0.02591074,14.17778,835.0,-0.175,-0.15849999999999997
6.0,-0.135983,-0.08964866,1.000046,-0.1847045,-0.1402091,1.000058,-0.1603438,-0.1149288,1.000052,-0.7790976,0.04077932,0.625575,0.0,0.0543717,0.9985173,0.002624782,0.0,0.6245404,-0.03605853,0.7801597,0.0,0.116927,-1.691127,1.326527,1.0,-0.7790976,0.05437169,0.6245404,0.0,0.04077932,0.9985173,-0.03605853,0.0,0.6255749,0.002624779,0.7801596,0.0,-0.6697814,1.67878,-1.168908,1.0,1.0,1.0,-0.1516603,-0.1068444,0.9826411,-0.001997452,-0.003374237,-0.02590992,14.18889,836.0,-0.175,-0.15849999999999997
6.0,-0.1358746,-0.08861495,0.9999677,-0.1840049,-0.1417597,0.9999677,-0.1599398,-0.1151875,0.9999676,-0.7789975,0.04053362,0.6257157,0.0,0.05410811,0.9985315,0.002678502,0.0,0.6246882,-0.03594283,0.7800467,0.0,0.1172334,-1.691057,1.326408,1.0,-0.7789974,0.05410809,0.624688,0.0,0.04053361,0.9985315,-0.03594283,0.0,0.6257155,0.002678506,0.7800466,0.0,-0.670085,1.678677,-1.168676,1.0,1.0,1.0,-0.1512907,-0.1071039,0.9826697,-0.001997238,-0.003374588,-0.02590987,14.21111,837.0,-0.175,-0.15849999999999997
6.0,-0.135609,-0.08872892,1.000048,-0.1847283,-0.1424834,1.000041,-0.1601686,-0.1156064,1.000044,-0.7789274,0.04037693,0.625813,0.0,0.05389598,0.998543,0.002657264,0.0,0.6247939,-0.03579862,0.7799686,0.0,0.1176807,-1.691005,1.326352,1.0,-0.7789272,0.05389598,0.6247939,0.0,0.04037692,0.998543,-0.03579862,0.0,0.625813,0.002657269,0.7799687,0.0,-0.6701059,1.678675,-1.168575,1.0,1.0,1.0,-0.1514882,-0.1074882,0.9825974,-0.001996644,-0.003375855,-0.0259089,14.22222,838.0,-0.175,-0.15849999999999997
6.0,-0.1350138,-0.08776254,1.00007,-0.1846468,-0.1441374,1.000061,-0.1598304,-0.1159501,1.000065,-0.7788035,0.04038808,0.6259667,0.0,0.05372328,0.9985529,0.002412627,0.0,0.6249634,-0.03550794,0.7798462,0.0,0.1180426,-1.690637,1.326575,1.0,-0.7788032,0.05372327,0.6249633,0.0,0.04038808,0.998553,-0.03550794,0.0,0.6259665,0.002412631,0.7798462,0.0,-0.6701779,1.678649,-1.168328,1.0,1.0,1.0,-0.1511635,-0.107818,0.9826112,-0.001996041,-0.003374588,-0.02590921,14.24444,839.0,-0.175,-0.15849999999999997
6.0,-0.1354337,-0.08738406,1.000078,-0.1846684,-0.144302,1.000064,-0.1600509,-0.1158434,1.000071,-0.7786243,0.04034917,0.626192,0.0,0.05367289,0.9985557,0.002395609,0.0,0.6251909,-0.03547481,0.7796654,0.0,0.1183721,-1.690666,1.326426,1.0,-0.7786241,0.05367288,0.6251908,0.0,0.04034916,0.9985557,-0.03547481,0.0,0.6261918,0.002395612,0.7796652,0.0,-0.6702127,1.678693,-1.168149,1.0,1.0,1.0,-0.1513708,-0.1077127,0.9825909,-0.001995819,-0.003374161,-0.02591004,14.25556,840.0,-0.175,-0.15849999999999997
6.0,-0.1361152,-0.08750904,1.000151,-0.1843517,-0.1444337,1.000118,-0.1602333,-0.1159717,1.000134,-0.7783246,0.04026253,0.62657,0.0,0.05342625,0.9985694,0.002199333,0.0,0.6255851,-0.03518708,0.7793621,0.0,0.1194146,-1.69051,1.326422,1.0,-0.7783244,0.05342625,0.625585,0.0,0.04026252,0.9985694,-0.03518708,0.0,0.62657,0.002199335,0.7793621,0.0,-0.6700885,1.678794,-1.167951,1.0,1.0,1.0,-0.1515311,-0.1078255,0.9825538,-0.001995392,-0.003373924,-0.02590851,14.27778,841.0,-0.175,-0.15849999999999997
6.0,-0.1370137,-0.08742169,1.000167,-0.1842698,-0.1450186,1.000154,-0.1606418,-0.1162203,1.000161,-0.778239,0.04051982,0.6266596,0.0,0.05365364,0.9985574,0.0020649,0.0,0.6256719,-0.03522956,0.7792904,0.0,0.1191545,-1.690306,1.326428,1.0,-0.778239,0.05365365,0.6256719,0.0,0.04051981,0.9985575,-0.03522956,0.0,0.6266596,0.002064902,0.7792904,0.0,-0.6699976,1.678736,-1.167773,1.0,1.0,1.0,-0.151906,-0.1080551,0.9824707,-0.00199511,-0.003370613,-0.02590816,14.28889,842.0,-0.175,-0.15849999999999997
6.0,-0.1377193,-0.08716116,1.000018,-0.1842504,-0.1452701,0.9999877,-0.1609848,-0.116216,1.000003,-0.7780421,0.04033419,0.6269162,0.0,0.0532211,0.9985811,0.001804527,0.0,0.625954,-0.03476917,0.7790848,0.0,0.1203398,-1.689949,1.326712,1.0,-0.7780418,0.05322109,0.6259537,0.0,0.04033418,0.9985811,-0.03476916,0.0,0.6269161,0.001804529,0.7790845,0.0,-0.6699448,1.678753,-1.167706,1.0,1.0,1.0,-0.1522503,-0.1080631,0.9824165,-0.001994102,-0.003369385,-0.02590804,14.3,843.0,-0.175,-0.15849999999999997
6.0,-0.1375661,-0.08721064,1.000073,-0.1843649,-0.1455756,1.00006,-0.1609656,-0.1163933,1.000066,-0.7778344,0.04056231,0.6271592,0.0,0.05343782,0.9985697,0.001692506,0.0,0.6261936,-0.03483051,0.7788894,0.0,0.1202405,-1.689846,1.326603,1.0,-0.7778342,0.05343781,0.6261933,0.0,0.04056231,0.9985698,-0.0348305,0.0,0.6271591,0.001692511,0.7788893,0.0,-0.6699199,1.678759,-1.167429,1.0,1.0,1.0,-0.1522211,-0.1082255,0.9824032,-0.00199382,-0.00336837,-0.02590409,14.32222,844.0,-0.175,-0.15849999999999997
6.0,-0.13636,-0.08647924,1.000158,-0.18449,-0.1456034,1.000139,-0.1604251,-0.1160414,1.000149,-0.777746,0.04075319,0.6272563,0.0,0.05351418,0.998566,0.001475763,0.0,0.6262966,-0.03471487,0.7788116,0.0,0.1203396,-1.689574,1.326746,1.0,-0.777746,0.05351418,0.6262966,0.0,0.0407532,0.998566,-0.03471487,0.0,0.6272563,0.001475764,0.7788116,0.0,-0.6697607,1.678753,-1.167307,1.0,1.0,1.0,-0.1517097,-0.1078938,0.9825187,-0.001993546,-0.003367859,-0.02590362,14.33333,845.0,-0.175,-0.15849999999999997
6.0,-0.13691,-0.08553759,1.000116,-0.184245,-0.1461269,1.000084,-0.1605775,-0.1158326,1.0001,-0.7776381,0.04086823,0.6273826,0.0,0.0534543,0.9985695,0.001208726,0.0,0.6264357,-0.03447625,0.7787104,0.0,0.1204752,-1.689248,1.326853,1.0,-0.7776381,0.05345431,0.6264356,0.0,0.04086823,0.9985696,-0.03447625,0.0,0.6273825,0.001208726,0.7787102,0.0,-0.6697218,1.678788,-1.166943,1.0,1.0,1.0,-0.1518648,-0.1076989,0.9825162,-0.001991227,-0.003367653,-0.02590258,14.35556,846.0,-0.175,-0.15849999999999997
6.0,-0.1363651,-0.08559243,1.000091,-0.1845691,-0.1461006,1.000072,-0.160467,-0.1158468,1.000082,-0.7776309,0.04119344,0.6273704,0.0,0.05361849,0.9985611,0.0008945614,0.0,0.6264307,-0.03433429,0.7787207,0.0,0.1201143,-1.688869,1.327266,1.0,-0.7776306,0.05361849,0.6264306,0.0,0.04119344,0.9985611,-0.03433428,0.0,0.6273701,0.0008945657,0.7787205,0.0,-0.6697124,1.678812,-1.166799,1.0,1.0,1.0,-0.1517655,-0.1077155,0.9825297,-0.001989654,-0.003367493,-0.02590183,14.36667,847.0,-0.175,-0.15849999999999997
6.0,-0.1370898,-0.08555034,1.000049,-0.1840367,-0.146021,1.000043,-0.1605632,-0.1157857,1.000046,-0.7776245,0.04117013,0.6273799,0.0,0.05352624,0.9985661,0.0008164234,0.0,0.6264467,-0.03421615,0.7787131,0.0,0.1202388,-1.688784,1.327338,1.0,-0.7776242,0.05352623,0.6264464,0.0,0.04117012,0.9985661,-0.03421614,0.0,0.6273797,0.0008164237,0.7787129,0.0,-0.6697167,1.678842,-1.166722,1.0,1.0,1.0,-0.1518644,-0.1076592,0.9825205,-0.001986863,-0.003368088,-0.02589892,14.37778,848.0,-0.175,-0.15849999999999997
6.0,-0.1351002,-0.08592503,1.000064,-0.1838117,-0.1462612,1.000045,-0.159456,-0.1160936,1.000054,-0.7776515,0.0415082,0.6273238,0.0,0.05327259,0.99858,-3.466941e-05,0.0,0.6264345,-0.03339221,0.7787585,0.0,0.1205026,-1.687627,1.328588,1.0,-0.7776515,0.05327259,0.6264344,0.0,0.04150819,0.99858,-0.03339221,0.0,0.6273239,-3.466813e-05,0.7787585,0.0,-0.6696956,1.678857,-1.16649,1.0,1.0,1.0,-0.1508248,-0.1079669,0.9826469,-0.001984634,-0.003368286,-0.02589597,14.4,849.0,-0.175,-0.15849999999999997
6.0,-0.136264,-0.08739913,1.000087,-0.1837465,-0.1477618,1.000083,-0.1600052,-0.1175806,1.000085,-0.777779,0.04146627,0.6271688,0.0,0.05303824,0.9985924,-0.000248557,0.0,0.6262963,-0.03307061,0.7788835,0.0,0.1205649,-1.687288,1.328908,1.0,-0.7777787,0.05303823,0.6262962,0.0,0.04146627,0.9985925,-0.0330706,0.0,0.6271687,-0.0002485521,0.7788833,0.0,-0.6697109,1.678849,-1.166373,1.0,1.0,1.0,-0.1513139,-0.1093629,0.9824173,-0.001982871,-0.003369232,-0.02589186,14.41111,850.0,-0.175,-0.15849999999999997
6.0,-0.1358833,-0.08592055,1.000088,-0.1836783,-0.1493386,1.000075,-0.1597808,-0.1176297,1.000082,-0.7777634,0.04154152,0.6271829,0.0,0.05298129,0.9985954,-0.0004404821,0.0,0.6263203,-0.03288637,0.7788719,0.0,0.1206211,-1.687042,1.329117,1.0,-0.7777634,0.05298129,0.6263202,0.0,0.04154152,0.9985954,-0.03288637,0.0,0.627183,-0.0004404821,0.7788718,0.0,-0.6697026,1.678867,-1.16624,1.0,1.0,1.0,-0.1511052,-0.1094133,0.9824439,-0.001980988,-0.003369576,-0.02589063,14.43333,851.0,-0.175,-0.15849999999999997
6.0,-0.1361065,-0.08727421,1.000143,-0.1835396,-0.1494236,1.000126,-0.159823,-0.1183492,1.000135,-0.7777839,0.04107631,0.6271883,0.0,0.05217479,0.9986377,-0.0007009748,0.0,0.6263627,-0.03217821,0.7788675,0.0,0.1218641,-1.686656,1.329385,1.0,-0.7777838,0.05217479,0.6263626,0.0,0.0410763,0.9986377,-0.03217821,0.0,0.6271882,-0.0007009762,0.7788673,0.0,-0.669709,1.678932,-1.166019,1.0,1.0,1.0,-0.1511258,-0.1100874,0.9823654,-0.001980774,-0.003369583,-0.02588973,14.44444,852.0,-0.175,-0.15849999999999997
6.0,-0.1359554,-0.08588515,1.000032,-0.1835495,-0.1498518,1.000024,-0.1597524,-0.1178687,1.000028,-0.7777245,0.04082357,0.6272786,0.0,0.05181693,0.9986563,-0.0007483521,0.0,0.6264663,-0.03192164,0.7787949,0.0,0.1226323,-1.686554,1.329388,1.0,-0.7777242,0.05181692,0.626466,0.0,0.04082356,0.9986563,-0.03192162,0.0,0.6272783,-0.0007483476,0.7787945,0.0,-0.6696714,1.678929,-1.165983,1.0,1.0,1.0,-0.1510833,-0.1096441,0.9824216,-0.001980508,-0.003371216,-0.02588851,14.45556,853.0,-0.175,-0.15849999999999997
6.0,-0.1356154,-0.08720437,1.000144,-0.1816593,-0.1497363,1.000145,-0.1586373,-0.1184704,1.000144,-0.77749,0.04036385,0.6275989,0.0,0.05137157,0.9986795,-0.0005890252,0.0,0.6267939,-0.03178278,0.7785369,0.0,0.1238025,-1.686737,1.328782,1.0,-0.7774898,0.05137156,0.6267936,0.0,0.04036384,0.9986793,-0.03178277,0.0,0.6275986,-0.0005890183,0.7785364,0.0,-0.6696034,1.678932,-1.165713,1.0,1.0,1.0,-0.1500138,-0.1102178,0.9825212,-0.001980355,-0.00337217,-0.02588737,14.47778,854.0,-0.175,-0.15849999999999997
6.0,-0.1357814,-0.0872328,1.000062,-0.1803932,-0.1496545,1.000076,-0.1580873,-0.1184434,1.000069,-0.7774948,0.04024011,0.6276008,0.0,0.05138804,0.9986787,-0.0003712811,0.0,0.6267865,-0.03196251,0.7785352,0.0,0.1236542,-1.687062,1.328374,1.0,-0.7774945,0.05138803,0.6267865,0.0,0.04024011,0.9986787,-0.0319625,0.0,0.6276008,-0.0003712771,0.7785352,0.0,-0.6696606,1.678971,-1.165614,1.0,1.0,1.0,-0.1495102,-0.1102072,0.9825991,-0.00198047,-0.003373863,-0.02588693,14.48889,855.0,-0.175,-0.15849999999999997
6.0,-0.1368591,-0.08711255,0.9999763,-0.1804371,-0.1499672,0.999981,-0.1586483,-0.1185397,0.9999787,-0.7771571,0.0400103,0.6280336,0.0,0.05140433,0.9986779,-1.300499e-05,0.0,0.6272038,-0.03227353,0.7781863,0.0,0.1240645,-1.687478,1.32763,1.0,-0.7771569,0.05140432,0.6272038,0.0,0.04001029,0.998678,-0.03227354,0.0,0.6280336,-1.300495e-05,0.7781863,0.0,-0.6698622,1.678887,-1.165418,1.0,1.0,1.0,-0.1500455,-0.1102984,0.9825073,-0.001981637,-0.003374588,-0.02588715,14.51111,856.0,-0.175,-0.15849999999999997
6.0,-0.1376703,-0.08585618,1.000058,-0.1814525,-0.1519241,1.000067,-0.1595615,-0.1188902,1.000063,-0.7770011,0.03986249,0.6282359,0.0,0.0514547,0.9986753,0.0002716817,0.0,0.6273928,-0.03253679,0.778023,0.0,0.1242743,-1.687874,1.327031,1.0,-0.7770011,0.0514547,0.6273927,0.0,0.03986248,0.9986752,-0.03253678,0.0,0.6282357,0.0002716828,0.7780228,0.0,-0.6698443,1.678883,-1.165347,1.0,1.0,1.0,-0.1508822,-0.1106014,0.982345,-0.001982223,-0.00338012,-0.0258874,14.52222,857.0,-0.175,-0.15849999999999997
6.0,-0.1375881,-0.08504841,1.000123,-0.1814787,-0.1512192,1.000112,-0.1595334,-0.118134,1.000118,-0.7769717,0.04011695,0.6282561,0.0,0.05166981,0.9986642,0.0001315065,0.0,0.6274116,-0.03256405,0.7780067,0.0,0.124017,-1.687658,1.327122,1.0,-0.7769716,0.05166981,0.6274115,0.0,0.04011694,0.9986643,-0.03256405,0.0,0.6282561,0.0001315091,0.7780066,0.0,-0.6697109,1.678821,-1.165276,1.0,1.0,1.0,-0.1508597,-0.1098762,0.9824299,-0.00198307,-0.003384812,-0.02588533,14.53333,858.0,-0.175,-0.15849999999999997
6.0,-0.1355707,-0.0867646,1.00005,-0.1818215,-0.1510375,1.000042,-0.1586962,-0.118901,1.000046,-0.777006,0.0401663,0.6282105,0.0,0.05180436,0.9986572,0.0002227463,0.0,0.6273581,-0.03271712,0.7780434,0.0,0.1236118,-1.687726,1.326845,1.0,-0.7770059,0.05180435,0.627358,0.0,0.0401663,0.9986573,-0.03271711,0.0,0.6282105,0.0002227461,0.7780434,0.0,-0.6697013,1.678761,-1.165109,1.0,1.0,1.0,-0.150076,-0.1106208,0.9824664,-0.001981384,-0.003387306,-0.02588176,14.55556,859.0,-0.175,-0.15849999999999997
6.0,-0.1353781,-0.08663793,1.000076,-0.1821423,-0.1511345,1.000097,-0.1587601,-0.1188859,1.000087,-0.777127,0.04004328,0.6280686,0.0,0.05179511,0.9986576,0.0004169326,0.0,0.6272088,-0.03285489,0.7781579,0.0,0.1233202,-1.688004,1.326524,1.0,-0.7771271,0.05179511,0.6272087,0.0,0.04004328,0.9986575,-0.03285488,0.0,0.6280686,0.0004169267,0.7781578,0.0,-0.6697189,1.678797,-1.165051,1.0,1.0,1.0,-0.1501309,-0.1106005,0.9824604,-0.001980758,-0.003387726,-0.02588163,14.56667,860.0,-0.175,-0.15849999999999997
6.0,-0.1361634,-0.086642,1.000208,-0.1820656,-0.1512814,1.000235,-0.1591147,-0.1189611,1.000221,-0.7773836,0.03988156,0.6277615,0.0,0.05168954,0.9986631,0.0005644672,0.0,0.6268998,-0.03288751,0.7784058,0.0,0.1229013,-1.688028,1.326217,1.0,-0.7773832,0.05168954,0.6268995,0.0,0.03988155,0.998663,-0.0328875,0.0,0.6277613,0.0005644696,0.7784054,0.0,-0.6696854,1.67867,-1.164896,1.0,1.0,1.0,-0.1504436,-0.1106524,0.9824066,-0.001979828,-0.003387726,-0.02588095,14.58889,861.0,-0.175,-0.15849999999999997
6.0,-0.1356315,-0.08664852,1.000171,-0.1819488,-0.1513568,1.000202,-0.1587905,-0.1190023,1.000186,-0.7775627,0.03972049,0.6275495,0.0,0.05170716,0.9986619,0.0008576605,0.0,0.6266757,-0.03311569,0.7785761,0.0,0.1225446,-1.688413,1.325674,1.0,-0.7775629,0.05170717,0.6266757,0.0,0.03972049,0.9986619,-0.03311569,0.0,0.6275495,0.0008576594,0.7785761,0.0,-0.6695755,1.67868,-1.164847,1.0,1.0,1.0,-0.1501462,-0.1106996,0.9824467,-0.001977996,-0.003387726,-0.02587997,14.6,862.0,-0.175,-0.15849999999999997
6.0,-0.135846,-0.08436088,1.000178,-0.1828311,-0.1516787,1.000197,-0.1593387,-0.1180194,1.000187,-0.777926,0.03949605,0.6271138,0.0,0.05165088,0.9986645,0.001175607,0.0,0.6262299,-0.03330551,0.778927,0.0,0.1218153,-1.688764,1.325024,1.0,-0.7779256,0.05165087,0.6262296,0.0,0.03949605,0.9986646,-0.0333055,0.0,0.6271135,0.001175614,0.7789267,0.0,-0.6694779,1.678659,-1.164626,1.0,1.0,1.0,-0.1506769,-0.1097633,0.9824706,-0.001975982,-0.00338607,-0.0258812,14.62222,863.0,-0.175,-0.15849999999999997
6.0,-0.1351803,-0.08440802,1.00011,-0.1837113,-0.1521232,1.00013,-0.1594461,-0.1182652,1.00012,-0.7780643,0.03950708,0.6269414,0.0,0.05176687,0.9986584,0.001314113,0.0,0.6260483,-0.03347726,0.7790655,0.0,0.1212035,-1.688967,1.32477,1.0,-0.778064,0.05176686,0.6260482,0.0,0.03950707,0.9986583,-0.03347725,0.0,0.6269412,0.001314123,0.7790653,0.0,-0.6695226,1.678686,-1.164503,1.0,1.0,1.0,-0.1507832,-0.1100042,0.9824274,-0.001975846,-0.00338295,-0.02587997,14.63333,864.0,-0.175,-0.15849999999999997
6.0,-0.1341324,-0.08489096,1.000135,-0.1828026,-0.1515962,1.000136,-0.1584675,-0.1182434,1.000135,-0.7781963,0.03965143,0.6267682,0.0,0.05183946,0.9986547,0.001185749,0.0,0.625878,-0.03341407,0.779205,0.0,0.1207818,-1.688762,1.324914,1.0,-0.7781962,0.05183946,0.6258779,0.0,0.03965143,0.9986548,-0.03341407,0.0,0.6267682,0.001185746,0.7792048,0.0,-0.6694603,1.678658,-1.164403,1.0,1.0,1.0,-0.1498659,-0.1100004,0.9825681,-0.001975846,-0.003380409,-0.02587672,14.64444,865.0,-0.175,-0.15849999999999997
6.0,-0.1337202,-0.08472145,1.00012,-0.1827301,-0.1514404,1.000106,-0.1582251,-0.1180811,1.000113,-0.7783865,0.04024493,0.6264942,0.0,0.05230478,0.9986308,0.0008356068,0.0,0.6256027,-0.03341907,0.7794257,0.0,0.1195467,-1.688406,1.325365,1.0,-0.7783864,0.05230478,0.6256027,0.0,0.04024493,0.9986308,-0.03341906,0.0,0.6264941,0.000835611,0.7794257,0.0,-0.66933,1.678734,-1.164237,1.0,1.0,1.0,-0.1496442,-0.1098556,0.9826181,-0.001975846,-0.003376679,-0.02587671,14.66667,866.0,-0.175,-0.15849999999999997
6.0,-0.1333769,-0.0854982,1.00015,-0.1818467,-0.1573394,1.000117,-0.1576115,-0.1214193,1.000133,-0.7784299,0.04068274,0.6264119,0.0,0.05245448,0.9986233,0.0003278907,0.0,0.6255362,-0.03311335,0.7794921,0.0,0.1193039,-1.687788,1.326057,1.0,-0.7784297,0.05245448,0.6255362,0.0,0.04068273,0.9986232,-0.03311335,0.0,0.626412,0.0003278949,0.7794922,0.0,-0.6691244,1.678772,-1.164168,1.0,1.0,1.0,-0.1490183,-0.1130311,0.9823531,-0.001976829,-0.003370194,-0.02583857,14.67778,867.0,-0.175,-0.15849999999999997
6.0,-0.1333851,-0.08496558,1.000119,-0.1798949,-0.1576335,1.000076,-0.15664,-0.1213003,1.000098,-0.7784381,0.04122816,0.626366,0.0,0.05243944,0.998624,-0.0005596764,0.0,0.6255271,-0.03241061,0.779529,0.0,0.119395,-1.686758,1.327188,1.0,-0.7784382,0.05243945,0.6255271,0.0,0.04122815,0.9986238,-0.03241061,0.0,0.6263659,-0.0005596764,0.7795289,0.0,-0.6688221,1.678919,-1.163935,1.0,1.0,1.0,-0.1481134,-0.1129414,0.9825002,-0.00197876,-0.00336631,-0.02583799,14.7,868.0,-0.175,-0.15849999999999997
6.0,-0.1335266,-0.08415224,1.000143,-0.17972,-0.1584125,1.000106,-0.1566231,-0.1212829,1.000124,-0.7785112,0.04144217,0.6262613,0.0,0.05226347,0.9986327,-0.001114259,0.0,0.6254511,-0.03186312,0.7796127,0.0,0.1195495,-1.686002,1.327972,1.0,-0.7785109,0.05226346,0.625451,0.0,0.04144217,0.9986327,-0.03186311,0.0,0.6262611,-0.001114255,0.7796124,0.0,-0.6687148,1.678928,-1.163797,1.0,1.0,1.0,-0.1480927,-0.1129245,0.9825053,-0.001980859,-0.003364441,-0.02583632,14.71111,869.0,-0.175,-0.15849999999999997
6.0,-0.1337492,-0.08353068,1.000139,-0.1793175,-0.1584701,1.000124,-0.1565332,-0.1210008,1.000131,-0.778542,0.04149105,0.6262194,0.0,0.05214855,0.9986385,-0.001332949,0.0,0.6254221,-0.03161868,0.7796457,0.0,0.1196527,-1.685737,1.328198,1.0,-0.7785421,0.05214855,0.6254221,0.0,0.04149105,0.9986385,-0.03161868,0.0,0.6262195,-0.001332949,0.7796457,0.0,-0.6686457,1.678973,-1.163658,1.0,1.0,1.0,-0.14801,-0.1126589,0.9825482,-0.001982468,-0.00336348,-0.02583635,14.72222,870.0,-0.175,-0.15849999999999997
6.0,-0.1334549,-0.08469369,1.000207,-0.1800557,-0.1587406,1.000188,-0.1567552,-0.1217173,1.000197,-0.7785618,0.04183501,0.6261719,0.0,0.05236107,0.9986269,-0.001614941,0.0,0.6253797,-0.0315297,0.7796834,0.0,0.119078,-1.685434,1.328458,1.0,-0.7785619,0.05236107,0.6253797,0.0,0.04183501,0.998627,-0.03152971,0.0,0.6261719,-0.00161494,0.7796833,0.0,-0.6686236,1.67903,-1.163387,1.0,1.0,1.0,-0.1481921,-0.1133296,0.9824437,-0.001987939,-0.003359314,-0.0258375,14.74444,871.0,-0.175,-0.15849999999999997
6.0,-0.1342154,-0.08480878,1.000137,-0.1797938,-0.1587914,1.000138,-0.1570046,-0.1218001,1.000138,-0.7784793,0.04182283,0.6262753,0.0,0.05241872,0.998624,-0.001530307,0.0,0.6254776,-0.03163723,0.7796005,0.0,0.1191514,-1.685613,1.328142,1.0,-0.7784793,0.05241872,0.6254776,0.0,0.04182283,0.998624,-0.03163723,0.0,0.6262753,-0.001530307,0.7796005,0.0,-0.6685286,1.67908,-1.163275,1.0,1.0,1.0,-0.1484284,-0.113411,0.9823986,-0.001992822,-0.003359459,-0.02583694,14.75556,872.0,-0.175,-0.15849999999999997
6.0,-0.1356606,-0.0845686,1.000105,-0.1794055,-0.1585141,1.00008,-0.157533,-0.1215417,1.000092,-0.7783002,0.04205754,0.6264822,0.0,0.05257188,0.9986156,-0.00172809,0.0,0.6256876,-0.03159037,0.7794337,0.0,0.119255,-1.685374,1.32811,1.0,-0.7783001,0.05257188,0.6256878,0.0,0.04205754,0.9986156,-0.03159038,0.0,0.6264823,-0.001728091,0.7794339,0.0,-0.6683385,1.679067,-1.163032,1.0,1.0,1.0,-0.1489327,-0.1131624,0.9823509,-0.001993897,-0.003360214,-0.02583644,14.77778,873.0,-0.175,-0.15849999999999997
6.0,-0.1345401,-0.08579016,1.000137,-0.179257,-0.158048,1.000122,-0.1568986,-0.1219194,1.000129,-0.7781929,0.04228959,0.6266001,0.0,0.05277883,0.9986045,-0.001848817,0.0,0.6258039,-0.03163248,0.779339,0.0,0.1191141,-1.685261,1.328113,1.0,-0.7781926,0.05277883,0.6258037,0.0,0.04228958,0.9986044,-0.03163248,0.0,0.6266,-0.001848819,0.7793387,0.0,-0.6682332,1.679078,-1.162901,1.0,1.0,1.0,-0.1483267,-0.1135239,0.9824008,-0.001994919,-0.003362114,-0.02583213,14.78889,874.0,-0.175,-0.15849999999999997
6.0,-0.1340787,-0.08619922,1.000069,-0.1794052,-0.1570383,1.000053,-0.1567421,-0.1216192,1.000061,-0.7780745,0.04273435,0.6267167,0.0,0.05306331,0.9985887,-0.002212851,0.0,0.6259268,-0.0315339,0.7792441,0.0,0.1188498,-1.684842,1.328399,1.0,-0.7780746,0.05306331,0.6259267,0.0,0.04273435,0.9985887,-0.03153389,0.0,0.6267167,-0.002212854,0.779244,0.0,-0.6680551,1.679097,-1.162668,1.0,1.0,1.0,-0.1481945,-0.1132432,0.9824532,-0.001995903,-0.003369858,-0.02582567,14.81111,875.0,-0.175,-0.15849999999999997
6.0,-0.1341394,-0.08547142,1.000114,-0.1792085,-0.1560289,1.000081,-0.1566738,-0.1207508,1.000098,-0.7780799,0.04298346,0.626693,0.0,0.05300146,0.9985908,-0.002686355,0.0,0.6259253,-0.03112544,0.7792616,0.0,0.1189426,-1.684186,1.329044,1.0,-0.7780799,0.05300146,0.6259254,0.0,0.04298346,0.9985907,-0.03112544,0.0,0.626693,-0.002686355,0.7792617,0.0,-0.6679637,1.679079,-1.162543,1.0,1.0,1.0,-0.1481396,-0.1124154,0.9825565,-0.001995903,-0.003373688,-0.02582488,14.82222,876.0,-0.175,-0.15849999999999997
6.0,-0.1341481,-0.08557132,1.000158,-0.1791965,-0.1564811,1.000161,-0.1566723,-0.1210262,1.00016,-0.7781786,0.0428088,0.6265824,0.0,0.05274437,0.9986044,-0.002720342,0.0,0.6258244,-0.03093178,0.7793504,0.0,0.1189694,-1.684106,1.328959,1.0,-0.7781785,0.05274437,0.6258244,0.0,0.04280879,0.9986044,-0.03093178,0.0,0.6265824,-0.002720343,0.7793504,0.0,-0.6680281,1.679096,-1.162271,1.0,1.0,1.0,-0.1481258,-0.1126697,0.9825295,-0.001995598,-0.003373757,-0.02582395,14.84445,877.0,-0.175,-0.15849999999999997
6.0,-0.1339226,-0.08623077,1.000042,-0.1795791,-0.1561763,1.000029,-0.1567508,-0.1212038,1.000036,-0.7782196,0.0428927,0.6265258,0.0,0.05267112,0.9986076,-0.002942074,0.0,0.6257796,-0.03071024,0.7793952,0.0,0.1188874,-1.683878,1.329292,1.0,-0.7782195,0.05267112,0.6257796,0.0,0.0428927,0.9986076,-0.03071024,0.0,0.6265258,-0.00294207,0.7793952,0.0,-0.6680887,1.679182,-1.162153,1.0,1.0,1.0,-0.1482151,-0.1128498,0.9824954,-0.001994453,-0.003373802,-0.0258231,14.85556,878.0,-0.175,-0.15849999999999997
6.0,-0.1336023,-0.08665176,1.000159,-0.1801639,-0.1561239,1.000152,-0.1568831,-0.121388,1.000155,-0.7782071,0.04284468,0.6265446,0.0,0.05254406,0.998614,-0.003024739,0.0,0.6258059,-0.03056733,0.7793797,0.0,0.1191453,-1.683738,1.329256,1.0,-0.7782071,0.05254407,0.6258058,0.0,0.04284468,0.9986141,-0.03056733,0.0,0.6265447,-0.003024739,0.7793797,0.0,-0.6679791,1.679165,-1.162024,1.0,1.0,1.0,-0.1483208,-0.1130096,0.982461,-0.001992775,-0.003373566,-0.02582282,14.86667,879.0,-0.175,-0.15849999999999997
6.0,-0.1347401,-0.08664732,1.000139,-0.1798206,-0.1546796,1.000126,-0.1572801,-0.1206636,1.000133,-0.7781972,0.04286413,0.6265556,0.0,0.05242902,0.9986196,-0.003199792,0.0,0.6258278,-0.03035963,0.7793702,0.0,0.119408,-1.68351,1.329388,1.0,-0.7781971,0.05242902,0.6258278,0.0,0.04286413,0.9986195,-0.03035963,0.0,0.6265556,-0.003199791,0.7793701,0.0,-0.6678507,1.679179,-1.161925,1.0,1.0,1.0,-0.1487091,-0.1123214,0.9824812,-0.00199105,-0.003372574,-0.02582337,14.87778,880.0,-0.175,-0.15849999999999997
6.0,-0.1347414,-0.08682345,1.00013,-0.1797192,-0.1546743,1.000105,-0.1572302,-0.1207493,1.000117,-0.7782409,0.04291665,0.6264979,0.0,0.05235045,0.9986231,-0.003377988,0.0,0.6257802,-0.03016855,0.779416,0.0,0.1195211,-1.683304,1.329372,1.0,-0.7782407,0.05235044,0.62578,0.0,0.04291663,0.998623,-0.03016854,0.0,0.6264977,-0.003377988,0.7794158,0.0,-0.6675906,1.67922,-1.16171,1.0,1.0,1.0,-0.148663,-0.1124045,0.9824788,-0.001990784,-0.003372559,-0.02582337,14.9,881.0,-0.175,-0.15849999999999997
6.0,-0.1345171,-0.08715313,1.000122,-0.1799262,-0.1538281,1.000098,-0.1572214,-0.120491,1.00011,-0.7783178,0.04311898,0.6263884,0.0,0.05243436,0.9986179,-0.003590087,0.0,0.6256775,-0.03005005,0.779503,0.0,0.1192517,-1.683084,1.329386,1.0,-0.7783176,0.05243436,0.6256773,0.0,0.04311897,0.9986179,-0.03005004,0.0,0.6263883,-0.003590084,0.7795028,0.0,-0.6673231,1.679278,-1.16145,1.0,1.0,1.0,-0.1486612,-0.1121633,0.9825066,-0.001989914,-0.003370872,-0.02582424,14.92222,882.0,-0.175,-0.15849999999999997
6.0,-0.1345326,-0.08716846,1.000117,-0.1806872,-0.1536314,1.000097,-0.1576097,-0.1204001,1.000107,-0.7782817,0.04321802,0.6264263,0.0,0.05234876,0.9986214,-0.003857369,0.0,0.6257294,-0.02979052,0.7794712,0.0,0.1194014,-1.682726,1.329674,1.0,-0.7782816,0.05234876,0.6257294,0.0,0.04321801,0.9986214,-0.02979052,0.0,0.6264262,-0.003857368,0.7794711,0.0,-0.667291,1.679285,-1.161285,1.0,1.0,1.0,-0.1490268,-0.1120719,0.9824616,-0.001989373,-0.003369888,-0.02582559,14.93333,883.0,-0.175,-0.15849999999999997
6.0,-0.1347142,-0.08677174,1.000156,-0.1814086,-0.1535689,1.00015,-0.1580613,-0.1201704,1.000153,-0.7782466,0.04335695,0.6264604,0.0,0.05248483,0.9986141,-0.003912024,0.0,0.6257619,-0.02983515,0.7794436,0.0,0.1192203,-1.682713,1.329591,1.0,-0.7782464,0.05248482,0.6257616,0.0,0.04335694,0.9986141,-0.02983514,0.0,0.6264603,-0.003912021,0.7794434,0.0,-0.6671959,1.679325,-1.161148,1.0,1.0,1.0,-0.1494468,-0.1118445,0.9824238,-0.001988991,-0.003368034,-0.02582769,14.94444,884.0,-0.175,-0.15849999999999997
6.0,-0.1352673,-0.08824561,1.000117,-0.1819879,-0.15362,1.000083,-0.1586274,-0.1209332,1.0001,-0.7780242,0.04401381,0.6266907,0.0,0.05291208,0.9985893,-0.004443736,0.0,0.6260022,-0.02970218,0.7792554,0.0,0.1188657,-1.682134,1.330136,1.0,-0.7780241,0.05291208,0.6260021,0.0,0.04401381,0.9985893,-0.02970217,0.0,0.6266906,-0.00444373,0.7792554,0.0,-0.667066,1.679382,-1.160889,1.0,1.0,1.0,-0.1499714,-0.1125648,0.9822615,-0.001989258,-0.00336483,-0.02583089,14.96667,885.0,-0.175,-0.15849999999999997
2.0,-0.06990737,-0.1504006,1.000048,-0.1062393,-0.2120099,1.000059,-0.08807343,-0.1812051,1.000054,-0.7783505,0.04797604,0.6259944,0.0,0.05777791,0.9983186,-0.00467083,0.0,0.6251659,-0.0325331,0.7798136,0.0,0.113293,-1.682482,1.329516,1.0,-0.7783504,0.0577779,0.6251658,0.0,0.04797604,0.9983185,-0.03253309,0.0,0.6259943,-0.004670827,0.7798135,0.0,-0.6633691,1.679317,-1.162338,1.0,1.0,1.0,-0.08185148,-0.1698432,0.9820659,-0.002564141,-0.003771767,-0.02590219,17.96667,1075.0,-0.0875,-0.246
2.0,-0.06736743,-0.1658627,0.9999842,-0.1060967,-0.2125302,0.9999967,-0.08673209,-0.1891964,0.9999905,-0.7783904,0.04784534,0.6259549,0.0,0.05778204,0.9983193,-0.004453914,0.0,0.6251159,-0.03270207,0.7798468,0.0,0.1132253,-1.682784,1.32922,1.0,-0.7783902,0.05778203,0.6251158,0.0,0.04784534,0.9983193,-0.03270205,0.0,0.6259547,-0.004453909,0.7798465,0.0,-0.6633848,1.679334,-1.162397,1.0,1.0,1.0,-0.08047278,-0.1772642,0.9808677,-0.002565003,-0.003793717,-0.02590979,17.97778,1076.0,-0.0875,-0.246
2.0,-0.07009929,-0.1655265,0.9999717,-0.1064355,-0.2128985,0.9999616,-0.08826739,-0.1892126,0.9999667,-0.7783793,0.04807536,0.6259508,0.0,0.05791039,0.9983109,-0.004661553,0.0,0.6251177,-0.0326206,0.7798486,0.0,0.1130787,-1.682501,1.329562,1.0,-0.7783792,0.05791039,0.6251177,0.0,0.04807536,0.9983109,-0.0326206,0.0,0.6259509,-0.004661551,0.7798486,0.0,-0.6633354,1.679308,-1.162429,1.0,1.0,1.0,-0.08193725,-0.1772595,0.9807473,-0.00256005,-0.003796677,-0.02591006,17.98889,1077.0,-0.0875,-0.246
2.0,-0.06784469,-0.161247,1.000063,-0.1064612,-0.214293,1.000082,-0.08715308,-0.1877699,1.000073,-0.7784748,0.04721245,0.6258977,0.0,0.05731194,0.9983482,-0.00402392,0.0,0.6250538,-0.03273889,0.7798948,0.0,0.1140921,-1.683256,1.32854,1.0,-0.7784749,0.05731194,0.6250538,0.0,0.04721246,0.9983483,-0.03273889,0.0,0.6258977,-0.004023917,0.7798948,0.0,-0.6632416,1.679283,-1.162543,1.0,1.0,1.0,-0.08089039,-0.1759195,0.9810754,-0.002560088,-0.003797638,-0.02591078,18.01111,1078.0,-0.0875,-0.246
2.0,-0.06880867,-0.1606957,0.9999815,-0.1066808,-0.2143974,0.9999872,-0.08774477,-0.1875464,0.9999844,-0.7782934,0.04635584,0.6261874,0.0,0.05668521,0.9983861,-0.003454736,0.0,0.625337,-0.03280676,0.779665,0.0,0.1156478,-1.683937,1.327596,1.0,-0.7782933,0.0566852,0.6253369,0.0,0.04635584,0.9983861,-0.03280675,0.0,0.6261873,-0.003454736,0.7796649,0.0,-0.6632558,1.67925,-1.162643,1.0,1.0,1.0,-0.0814631,-0.1757182,0.9810641,-0.002559235,-0.003798828,-0.02591098,18.03333,1079.0,-0.0875,-0.246
2.0,-0.07026553,-0.1602832,1.000017,-0.1076316,-0.215687,1.00004,-0.08894867,-0.1879849,1.000029,-0.7782452,0.04594639,0.6262774,0.0,0.05653807,0.998396,-0.002989436,0.0,0.6254102,-0.033082,0.7795947,0.0,0.1160401,-1.684575,1.326845,1.0,-0.7782452,0.05653806,0.6254101,0.0,0.04594639,0.9983959,-0.033082,0.0,0.6262773,-0.002989435,0.7795945,0.0,-0.6632652,1.679278,-1.162703,1.0,1.0,1.0,-0.082599,-0.1760997,0.9809008,-0.002557412,-0.003799828,-0.02591143,18.04445,1080.0,-0.0875,-0.246
2.0,-0.07022369,-0.1606335,1.000053,-0.105564,-0.2157087,1.000074,-0.08789408,-0.1881709,1.000063,-0.7779992,0.04541562,0.6266216,0.0,0.05655308,0.9983973,-0.002145773,0.0,0.6257148,-0.03376798,0.7793206,0.0,0.1166258,-1.685746,1.325393,1.0,-0.7779993,0.05655308,0.6257148,0.0,0.04541562,0.9983972,-0.03376798,0.0,0.6266217,-0.002145771,0.7793207,0.0,-0.663226,1.679292,-1.162805,1.0,1.0,1.0,-0.08159858,-0.1762752,0.980953,-0.002550666,-0.003805733,-0.02591168,18.06667,1081.0,-0.0875,-0.246
2.0,-0.06945938,-0.1620091,0.999944,-0.1064342,-0.2175846,0.9999473,-0.08794677,-0.1897967,0.9999456,-0.7777474,0.04532234,0.6269411,0.0,0.05669026,0.9983901,-0.001848146,0.0,0.6260155,-0.03410406,0.7790647,0.0,0.1170087,-1.68612,1.324888,1.0,-0.7777473,0.05669025,0.6260154,0.0,0.04532234,0.9983902,-0.03410405,0.0,0.6269409,-0.001848149,0.7790644,0.0,-0.6632047,1.679221,-1.162926,1.0,1.0,1.0,-0.08163694,-0.1777975,0.980675,-0.002548652,-0.003807511,-0.02591226,18.07778,1082.0,-0.0875,-0.246
2.0,-0.06924516,-0.1623916,1.000015,-0.1073287,-0.2191475,1.000018,-0.088287,-0.1907695,1.000016,-0.7776301,0.04518329,0.6270963,0.0,0.05665848,0.9983922,-0.001676457,0.0,0.6261638,-0.03422666,0.7789398,0.0,0.1172962,-1.686261,1.32456,1.0,-0.7776302,0.05665848,0.6261639,0.0,0.04518329,0.9983922,-0.03422666,0.0,0.6270964,-0.001676458,0.77894,0.0,-0.6632229,1.679125,-1.162914,1.0,1.0,1.0,-0.08194161,-0.1786804,0.9804891,-0.002548057,-0.003809013,-0.02591211,18.08889,1083.0,-0.0875,-0.246
2.0,-0.0700289,-0.1623042,0.9999971,-0.1072987,-0.2194443,0.9999942,-0.08866376,-0.1908744,0.9999957,-0.7774704,0.04495027,0.6273114,0.0,0.05679152,0.9983854,-0.001154095,0.0,0.6263505,-0.03472869,0.7787678,0.0,0.1174929,-1.686952,1.323657,1.0,-0.7774701,0.05679152,0.6263502,0.0,0.04495027,0.9983854,-0.03472868,0.0,0.6273113,-0.001154092,0.7787676,0.0,-0.6631688,1.679083,-1.162999,1.0,1.0,1.0,-0.0823002,-0.1787751,0.9804418,-0.002547332,-0.003809227,-0.02591135,18.11111,1084.0,-0.0875,-0.246
2.0,-0.06943995,-0.1610137,1.000118,-0.107484,-0.2193269,1.000141,-0.08846205,-0.1901699,1.00013,-0.7775104,0.04490035,0.6272653,0.0,0.05700253,0.9983737,-0.0008087177,0.0,0.6262815,-0.03512692,0.7788054,0.0,0.1171946,-1.687369,1.323033,1.0,-0.7775102,0.05700252,0.6262814,0.0,0.04490034,0.9983737,-0.03512692,0.0,0.6272652,-0.0008087095,0.7788053,0.0,-0.6630093,1.679014,-1.163054,1.0,1.0,1.0,-0.08210982,-0.1781022,0.9805802,-0.00254573,-0.003810997,-0.0259128,18.12222,1085.0,-0.0875,-0.246
2.0,-0.0704425,-0.1609504,1.000028,-0.1072847,-0.2193545,1.000045,-0.08886373,-0.1901524,1.000036,-0.7776154,0.04497916,0.6271295,0.0,0.05725203,0.9983596,-0.0006144103,0.0,0.6261284,-0.03542666,0.7789149,0.0,0.1165992,-1.687598,1.32276,1.0,-0.7776153,0.05725202,0.6261281,0.0,0.04497916,0.9983596,-0.03542665,0.0,0.6271293,-0.0006144057,0.7789147,0.0,-0.6629653,1.678967,-1.163109,1.0,1.0,1.0,-0.08249893,-0.1780961,0.9805487,-0.002545509,-0.003810997,-0.02591261,18.13333,1086.0,-0.0875,-0.246
2.0,-0.07045019,-0.1611007,0.9999481,-0.1072834,-0.2195904,0.9999715,-0.08886689,-0.1903455,0.9999598,-0.7776581,0.04467958,0.6270978,0.0,0.05715995,0.998365,-0.00024819,0.0,0.6260836,-0.03565187,0.7789406,0.0,0.116593,-1.68792,1.322269,1.0,-0.777658,0.05715995,0.6260836,0.0,0.04467958,0.998365,-0.03565187,0.0,0.6270978,-0.0002481891,0.7789404,0.0,-0.6631066,1.678824,-1.163143,1.0,1.0,1.0,-0.08250593,-0.1782866,0.9805135,-0.002544227,-0.003810997,-0.02591213,18.14445,1087.0,-0.0875,-0.246
2.0,-0.07082719,-0.1610181,0.9998971,-0.1068287,-0.2196368,0.9999035,-0.08882797,-0.1903274,0.9999004,-0.7778463,0.04408013,0.6269069,0.0,0.05691507,0.9983789,0.0004187152,0.0,0.6258722,-0.03600615,0.7790942,0.0,0.1166872,-1.688709,1.321363,1.0,-0.7778462,0.05691506,0.625872,0.0,0.04408013,0.9983789,-0.03600613,0.0,0.6269068,0.000418718,0.779094,0.0,-0.6631685,1.678776,-1.163301,1.0,1.0,1.0,-0.08247531,-0.1782807,0.9805171,-0.00254277,-0.003810837,-0.025912,18.16667,1088.0,-0.0875,-0.246
2.0,-0.07035035,-0.1566595,0.9999847,-0.1066184,-0.2180257,0.9999958,-0.08848447,-0.1873426,0.9999903,-0.7780813,0.04391968,0.6266266,0.0,0.0570462,0.9983712,0.0008592419,0.0,0.6255682,-0.03641522,0.7793194,0.0,0.1160828,-1.689281,1.320734,1.0,-0.7780811,0.05704619,0.625568,0.0,0.04391968,0.9983711,-0.03641521,0.0,0.6266263,0.0008592457,0.7793191,0.0,-0.6630922,1.678773,-1.163406,1.0,1.0,1.0,-0.08218551,-0.1755091,0.9810413,-0.002540831,-0.003808075,-0.02591206,18.18889,1089.0,-0.0875,-0.246
2.0,-0.07030863,-0.1565506,0.9999244,-0.1063159,-0.2175995,0.999911,-0.08831185,-0.1870753,0.9999176,-0.7781966,0.0441638,0.6264661,0.0,0.05709082,0.9983689,0.0005365387,0.0,0.6254205,-0.036183,0.7794486,0.0,0.11577,-1.6888,1.321357,1.0,-0.7781965,0.05709082,0.6254205,0.0,0.04416379,0.9983688,-0.03618299,0.0,0.626466,0.0005365397,0.7794484,0.0,-0.6631092,1.678727,-1.16344,1.0,1.0,1.0,-0.08203251,-0.1752771,0.9810956,-0.00253936,-0.003806732,-0.02591206,18.2,1090.0,-0.0875,-0.246
