flag,xl,yl,zl,xr,yr,zr,xc,yc,zc,mat_00,mat_10,mat_20,mat_30,mat_01,mat_11,mat_21,mat_31,mat_02,mat_12,mat_22,mat_32,mat_03,mat_13,mat_23,mat_33,ctw_00,ctw_10,ctw_20,ctw_30,ctw_01,ctw_11,ctw_21,ctw_31,ctw_02,ctw_12,ctw_22,ctw_32,ctw_03,ctw_13,ctw_23,ctw_33,opennessl,opennessr,ray_x,ray_y,ray_z,eye_x,eye_y,eye_z,time,frame,u,v
6.0,-0.07996067,-0.05706491,1.000036,-0.2460698,-0.1074778,1.000019,-0.1630158,-0.08227153,1.000027,0.2439994,-0.0283228,-0.9693617,0.0,0.006703532,0.9995988,-0.02751891,0.0,-0.9697523,-0.0002164505,-0.2440914,0.0,-0.7053064,-1.635468,-1.091022,1.0,0.2439994,0.006703532,-0.9697521,0.0,-0.0283228,0.9995989,-0.0002164503,0.0,-0.9693617,-0.02751891,-0.2440914,0.0,-0.9318221,1.609516,-0.9506356,1.0,1.0,1.0,-0.1589115,-0.07433435,0.9844905,0.001504494,-0.005313927,-0.01920967,28.08889,1695.0,-0.175,-0.15849999999999997
6.0,-0.08052069,-0.05869937,0.9999937,-0.246088,-0.1065426,0.9999791,-0.1633046,-0.08262117,0.9999864,0.2439122,-0.02760708,-0.9694044,0.0,0.006301727,0.9996188,-0.02688196,0.0,-0.9697769,-0.0004479149,-0.2439931,0.0,-0.7048478,-1.634973,-1.091941,1.0,0.2439121,0.006301724,-0.9697768,0.0,-0.02760707,0.9996186,-0.0004479142,0.0,-0.9694042,-0.02688195,-0.2439931,0.0,-0.9317477,1.609437,-0.9507034,1.0,1.0,1.0,-0.159188,-0.07466744,0.9844207,0.001507095,-0.005315933,-0.01921278,28.11111,1696.0,-0.175,-0.15849999999999997
6.0,-0.08040112,-0.05845307,0.9998024,-0.246478,-0.1068908,0.9998114,-0.1634394,-0.08267175,0.9998068,0.2439062,-0.02740067,-0.9694117,0.0,0.006285405,0.9996244,-0.02667322,0.0,-0.9697785,-0.0004126225,-0.2439868,0.0,-0.7048949,-1.634746,-1.092068,1.0,0.2439062,0.006285402,-0.9697784,0.0,-0.02740067,0.9996244,-0.0004126199,0.0,-0.9694116,-0.02667322,-0.2439868,0.0,-0.931528,1.609433,-0.9507165,1.0,1.0,1.0,-0.1593423,-0.07472695,0.9843912,0.001508179,-0.00531601,-0.01921235,28.12222,1697.0,-0.175,-0.15849999999999997
6.0,-0.08179894,-0.05695116,0.9997737,-0.2470955,-0.1069746,0.9997309,-0.1644482,-0.08196323,0.9997523,0.2435967,-0.02724841,-0.9694938,0.0,0.006074684,0.9996285,-0.02656904,0.0,-0.9698576,-0.0005827649,-0.2436718,0.0,-0.7050648,-1.634783,-1.091766,1.0,0.2435967,0.006074681,-0.9698576,0.0,-0.02724841,0.9996285,-0.0005827625,0.0,-0.9694937,-0.02656904,-0.2436718,0.0,-0.9312539,1.609452,-0.9507977,1.0,1.0,1.0,-0.1603086,-0.07403997,0.9842861,0.001508721,-0.005315033,-0.01921326,28.14445,1698.0,-0.175,-0.15849999999999997
6.0,-0.08013141,-0.05638403,0.9998945,-0.2470419,-0.1063722,0.9998444,-0.163588,-0.08137868,0.9998693,0.243305,-0.02727479,-0.9695663,0.0,0.006150837,0.9996278,-0.02657694,0.0,-0.9699304,-0.0005026637,-0.2433823,0.0,-0.705591,-1.634764,-1.091464,1.0,0.243305,0.006150833,-0.9699303,0.0,-0.02727478,0.9996278,-0.0005026595,0.0,-0.9695662,-0.02657694,-0.2433822,0.0,-0.9311606,1.609487,-0.9508387,1.0,1.0,1.0,-0.1594871,-0.07347937,0.9844617,0.001508911,-0.005314927,-0.01921864,28.15556,1699.0,-0.175,-0.15849999999999997
6.0,-0.07941607,-0.05648386,0.9998683,-0.2471105,-0.1050804,0.9998224,-0.1632642,-0.08078247,0.9998454,0.2430586,-0.02786095,-0.9696115,0.0,0.006296038,0.9996117,-0.02714472,0.0,-0.9699913,-0.0004930478,-0.2431396,0.0,-0.7063439,-1.635369,-1.090029,1.0,0.2430585,0.006296034,-0.9699911,0.0,-0.02786095,0.9996118,-0.0004930449,0.0,-0.9696113,-0.02714471,-0.2431396,0.0,-0.9307849,1.609593,-0.9509829,1.0,1.0,1.0,-0.1591918,-0.07291382,0.9845514,0.00150882,-0.005312325,-0.0192254,28.17778,1700.0,-0.175,-0.15849999999999997
6.0,-0.07855183,-0.05603252,0.9998293,-0.2472658,-0.1039944,0.9997729,-0.1629101,-0.08001415,0.9998011,0.2427578,-0.02793162,-0.9696848,0.0,0.006260903,0.9996097,-0.0272262,0.0,-0.9700667,-0.00053827,-0.2428379,0.0,-0.7066941,-1.635475,-1.089538,1.0,0.2427578,0.006260902,-0.9700667,0.0,-0.02793161,0.9996096,-0.00053827,0.0,-0.9696847,-0.0272262,-0.2428379,0.0,-0.930634,1.609597,-0.9510017,1.0,1.0,1.0,-0.1588722,-0.07218642,0.9846566,0.001508255,-0.005307846,-0.01922978,28.18889,1701.0,-0.175,-0.15849999999999997
6.0,-0.07689053,-0.06693269,1.000028,-0.2487496,-0.1017706,1.000001,-0.1628207,-0.08435196,1.000015,0.2427511,-0.02807939,-0.9696822,0.0,0.006531639,0.9996057,-0.02731076,0.0,-0.9700667,-0.0002961038,-0.2428387,0.0,-0.7071843,-1.635274,-1.089371,1.0,0.242751,0.006531637,-0.9700665,0.0,-0.0280794,0.9996057,-0.0002961027,0.0,-0.9696822,-0.02731076,-0.2428387,0.0,-0.9305915,1.609497,-0.9510416,1.0,1.0,1.0,-0.1586954,-0.07639794,0.9843673,0.001508652,-0.0052417,-0.01929937,28.21111,1702.0,-0.175,-0.15849999999999997
6.0,-0.07552403,-0.06372367,0.9999233,-0.2482779,-0.1020187,0.9999443,-0.1619004,-0.08287095,0.9999338,0.2428344,-0.02785221,-0.9696679,0.0,0.006335613,0.999612,-0.02712568,0.0,-0.9700471,-0.0004436104,-0.2429166,0.0,-0.7068622,-1.635221,-1.089635,1.0,0.2428344,0.006335611,-0.9700471,0.0,-0.02785221,0.9996119,-0.0004436073,0.0,-0.9696677,-0.02712568,-0.2429166,0.0,-0.9304783,1.609508,-0.9511056,1.0,1.0,1.0,-0.1578567,-0.07499948,0.9846097,0.001507607,-0.005234146,-0.01930134,28.22222,1703.0,-0.175,-0.15849999999999997
6.0,-0.07343572,-0.06188961,0.9998995,-0.2469288,-0.101636,0.9999169,-0.1601816,-0.08176274,0.9999081,0.2429019,-0.0276488,-0.9696568,0.0,0.006130318,0.9996175,-0.02696744,0.0,-0.9700316,-0.0006061411,-0.2429785,0.0,-0.7065587,-1.635162,-1.089823,1.0,0.2429019,0.006130316,-0.9700313,0.0,-0.0276488,0.9996175,-0.0006061395,0.0,-0.9696568,-0.02696744,-0.2429785,0.0,-0.9303405,1.609479,-0.9511788,1.0,1.0,1.0,-0.1562546,-0.07395543,0.9849442,0.001509055,-0.005234146,-0.01930325,28.23333,1704.0,-0.175,-0.15849999999999997
6.0,-0.07207865,-0.06048422,0.9998809,-0.2460199,-0.1015356,0.9998904,-0.159049,-0.08100992,0.9998856,0.242893,-0.0268694,-0.9696809,0.0,0.005916039,0.9996387,-0.02621762,0.0,-0.9700351,-0.0006314106,-0.2429643,0.0,-0.7064387,-1.634476,-1.090658,1.0,0.242893,0.005916035,-0.970035,0.0,-0.02686939,0.9996387,-0.0006314076,0.0,-0.9696808,-0.02621762,-0.2429642,0.0,-0.9299189,1.60947,-0.9512932,1.0,1.0,1.0,-0.1551989,-0.07324576,0.9851642,0.001510605,-0.005234146,-0.01930713,28.25556,1705.0,-0.175,-0.15849999999999997
6.0,-0.07306871,-0.06021223,0.9999791,-0.245697,-0.1009586,0.9999839,-0.1593826,-0.0805853,0.9999815,0.2428823,-0.02657678,-0.9696917,0.0,0.005549714,0.9996464,-0.0260077,0.0,-0.9700399,-0.0009353012,-0.2429439,0.0,-0.7058882,-1.634452,-1.090955,1.0,0.2428823,0.005549711,-0.9700398,0.0,-0.02657678,0.9996463,-0.0009352996,0.0,-0.9696916,-0.0260077,-0.2429439,0.0,-0.9298806,1.609419,-0.9513092,1.0,1.0,1.0,-0.1555031,-0.07282747,0.9851471,0.001509454,-0.005234146,-0.01930659,28.26667,1706.0,-0.175,-0.15849999999999997
6.0,-0.07305562,-0.06100359,0.9998091,-0.2462058,-0.1003144,0.9998464,-0.1596297,-0.08065852,0.9998279,0.2429391,-0.02623982,-0.9696867,0.0,0.005340457,0.9996551,-0.02571281,0.0,-0.9700269,-0.001068078,-0.2429954,0.0,-0.7056877,-1.634256,-1.091091,1.0,0.242939,0.005340454,-0.9700269,0.0,-0.02623982,0.999655,-0.001068076,0.0,-0.9696866,-0.02571281,-0.2429954,0.0,-0.92946,1.609406,-0.9514116,1.0,1.0,1.0,-0.1557579,-0.07290422,0.9851012,0.001509202,-0.005235764,-0.01930596,28.28889,1707.0,-0.175,-0.15849999999999997
6.0,-0.07305795,-0.06100466,0.9998308,-0.2453938,-0.1003111,0.9997914,-0.1592269,-0.08065837,0.9998112,0.2426481,-0.02593601,-0.9697677,0.0,0.005348543,0.9996631,-0.02539727,0.0,-0.9700997,-0.0009757578,-0.242705,0.0,-0.7060947,-1.633858,-1.091231,1.0,0.2426481,0.005348541,-0.9700997,0.0,-0.025936,0.9996631,-0.0009757559,0.0,-0.9697675,-0.02539727,-0.242705,0.0,-0.9292837,1.60937,-0.9514238,1.0,1.0,1.0,-0.1553804,-0.07290918,0.9851605,0.001508935,-0.005236114,-0.01930525,28.3,1708.0,-0.175,-0.15849999999999997
6.0,-0.07281235,-0.0600451,0.9998046,-0.2450299,-0.1004814,0.9997993,-0.1589213,-0.08026314,0.9998019,0.2425331,-0.02553483,-0.9698071,0.0,0.005233967,0.9996734,-0.02501228,0.0,-0.9701291,-0.0009903722,-0.2425876,0.0,-0.706154,-1.633491,-1.091566,1.0,0.2425331,0.005233963,-0.970129,0.0,-0.02553483,0.9996735,-0.0009903699,0.0,-0.969807,-0.02501228,-0.2425876,0.0,-0.9290532,1.609351,-0.9514785,1.0,1.0,1.0,-0.155098,-0.07253323,0.9852327,0.001508935,-0.005236153,-0.01930373,28.31111,1709.0,-0.175,-0.15849999999999997
6.0,-0.07208186,-0.06045268,0.9998767,-0.2446055,-0.09944969,0.9998529,-0.1583442,-0.07995141,0.9998647,0.2422217,-0.02508607,-0.9698967,0.0,0.004949892,0.9996846,-0.02462034,0.0,-0.9702084,-0.001162698,-0.2422694,0.0,-0.7061261,-1.633118,-1.091768,1.0,0.2422216,0.004949889,-0.9702082,0.0,-0.02508606,0.9996847,-0.001162695,0.0,-0.9698965,-0.02462034,-0.2422694,0.0,-0.9288315,1.609218,-0.95149,1.0,1.0,1.0,-0.1545464,-0.07223462,0.9853414,0.001507638,-0.0052369,-0.01930354,28.33333,1710.0,-0.175,-0.15849999999999997
6.0,-0.07181859,-0.060882,1.000031,-0.2451197,-0.0993911,0.9999887,-0.1584702,-0.08013702,1.00001,0.2419493,-0.02486815,-0.9699702,0.0,0.004775054,0.9996899,-0.02443901,0.0,-0.9702772,-0.001281342,-0.241993,0.0,-0.7061456,-1.632937,-1.091905,1.0,0.2419493,0.004775055,-0.9702772,0.0,-0.02486814,0.9996899,-0.001281341,0.0,-0.9699702,-0.02443901,-0.241993,0.0,-0.928872,1.609118,-0.9514827,1.0,1.0,1.0,-0.1546398,-0.07240249,0.9853144,0.001505043,-0.005236511,-0.01930144,28.34444,1711.0,-0.175,-0.15849999999999997
6.0,-0.07326531,-0.0612906,0.999901,-0.2459739,-0.09936269,0.9998443,-0.1596211,-0.08032724,0.9998727,0.2416126,-0.02441701,-0.9700656,0.0,0.004634384,0.999701,-0.02400867,0.0,-0.9703618,-0.001305141,-0.2416535,0.0,-0.7064271,-1.6325,-1.092149,1.0,0.2416126,0.004634382,-0.9703617,0.0,-0.024417,0.999701,-0.00130514,0.0,-0.9700655,-0.02400867,-0.2416535,0.0,-0.928635,1.609065,-0.951542,1.0,1.0,1.0,-0.1557418,-0.07258229,0.9851275,0.00150258,-0.005236633,-0.0192982,28.36667,1712.0,-0.175,-0.15849999999999997
6.0,-0.07356456,-0.0610879,0.9999019,-0.2452892,-0.09991518,0.9998778,-0.1594275,-0.08050178,0.9998899,0.2414374,-0.02424104,-0.9701136,0.0,0.004620749,0.9997053,-0.02383048,0.0,-0.9704055,-0.001270921,-0.2414783,0.0,-0.7066635,-1.632302,-1.092217,1.0,0.2414374,0.004620746,-0.9704053,0.0,-0.02424104,0.9997054,-0.001270917,0.0,-0.9701135,-0.02383048,-0.2414782,0.0,-0.9285286,1.609058,-0.9515713,1.0,1.0,1.0,-0.1555548,-0.07275158,0.9851447,0.001501824,-0.005236641,-0.01929226,28.37778,1713.0,-0.175,-0.15849999999999997
6.0,-0.07262978,-0.05904015,0.9998435,-0.2452789,-0.09971924,0.9998467,-0.1589543,-0.07937957,0.9998451,0.2411063,-0.02384846,-0.9702057,0.0,0.004401741,0.9997146,-0.02347993,0.0,-0.9704888,-0.001390567,-0.2411424,0.0,-0.7068102,-1.631953,-1.0922,1.0,0.2411062,0.004401736,-0.9704887,0.0,-0.02384846,0.9997146,-0.001390565,0.0,-0.9702057,-0.02347993,-0.2411424,0.0,-0.9281617,1.608954,-0.9515963,1.0,1.0,1.0,-0.1551273,-0.07168058,0.9852905,0.001501824,-0.005236641,-0.01929142,28.4,1714.0,-0.175,-0.15849999999999997
6.0,-0.07357088,-0.05743807,0.9997091,-0.2451864,-0.09978776,0.9997342,-0.1593779,-0.07861262,0.9997217,0.241138,-0.02336221,-0.9702097,0.0,0.004287418,0.9997261,-0.02300735,0.0,-0.9704815,-0.001388256,-0.2411721,0.0,-0.7067491,-1.631535,-1.092672,1.0,0.241138,0.004287415,-0.9704813,0.0,-0.02336221,0.999726,-0.001388252,0.0,-0.9702095,-0.02300735,-0.241172,0.0,-0.9278127,1.608978,-0.9516736,1.0,1.0,1.0,-0.1555545,-0.07094656,0.9852762,0.001501824,-0.005237412,-0.01928502,28.41111,1715.0,-0.175,-0.15849999999999997
6.0,-0.07285923,-0.05792692,0.9998556,-0.2451879,-0.09989864,0.9998851,-0.1590227,-0.07891243,0.9998703,0.2410557,-0.02258023,-0.9702486,0.0,0.004145784,0.9997441,-0.02223666,0.0,-0.9705025,-0.001337835,-0.2410877,0.0,-0.706695,-1.630727,-1.093526,1.0,0.2410557,0.004145783,-0.9705024,0.0,-0.02258023,0.9997441,-0.001337833,0.0,-0.9702486,-0.02223666,-0.2410876,0.0,-0.9274616,1.608923,-0.9516665,1.0,1.0,1.0,-0.1551954,-0.07122906,0.9853126,0.001501977,-0.005237664,-0.01927719,28.43333,1716.0,-0.175,-0.15849999999999997
6.0,-0.07351738,-0.05795299,0.9999655,-0.2452509,-0.1000493,0.9999443,-0.1593847,-0.07900134,0.9999549,0.2408262,-0.02210838,-0.9703165,0.0,0.004071993,0.9997547,-0.02176848,0.0,-0.9705598,-0.001291301,-0.2408572,0.0,-0.7068416,-1.630207,-1.094079,1.0,0.2408262,0.004071991,-0.9705597,0.0,-0.02210838,0.9997547,-0.0012913,0.0,-0.9703164,-0.02176848,-0.2408572,0.0,-0.9274177,1.608869,-0.9516537,1.0,1.0,1.0,-0.1555252,-0.07130468,0.9852551,0.001503121,-0.005237961,-0.01927232,28.44444,1717.0,-0.175,-0.15849999999999997
6.0,-0.073201,-0.05720876,0.999874,-0.2456097,-0.0996004,0.9998955,-0.1594048,-0.07840446,0.9998847,0.2408883,-0.02183514,-0.9703073,0.0,0.003973029,0.9997607,-0.0215116,0.0,-0.9705448,-0.001326836,-0.2409174,0.0,-0.7066664,-1.629972,-1.094395,1.0,0.2408883,0.003973029,-0.9705447,0.0,-0.02183515,0.9997608,-0.001326835,0.0,-0.9703071,-0.0215116,-0.2409174,0.0,-0.9272627,1.608847,-0.9516729,1.0,1.0,1.0,-0.1555638,-0.07073506,0.98529,0.001505828,-0.005238289,-0.01927049,28.45556,1718.0,-0.175,-0.15849999999999997
6.0,-0.07283437,-0.05705063,0.9998826,-0.2445593,-0.09893538,0.9998659,-0.1586973,-0.07799295,0.9998743,0.240553,-0.02134474,-0.9704013,0.0,0.003635954,0.999771,-0.02108943,0.0,-0.9706293,-0.001544795,-0.2405756,0.0,-0.7066704,-1.629758,-1.09445,1.0,0.240553,0.003635952,-0.9706292,0.0,-0.02134474,0.9997711,-0.001544792,0.0,-0.9704012,-0.02108944,-0.2405755,0.0,-0.9268503,1.608873,-0.9517303,1.0,1.0,1.0,-0.1549036,-0.07034757,0.9854217,0.001507302,-0.005237961,-0.01927004,28.47778,1719.0,-0.175,-0.15849999999999997
6.0,-0.07358593,-0.05698813,0.9998125,-0.2465575,-0.09883577,0.9997932,-0.1600722,-0.07791218,0.9998029,0.24039,-0.02109521,-0.9704472,0.0,0.003554653,0.9997762,-0.02085223,0.0,-0.97067,-0.001563066,-0.2404112,0.0,-0.7067661,-1.629507,-1.094529,1.0,0.24039,0.003554651,-0.9706697,0.0,-0.02109521,0.9997763,-0.001563063,0.0,-0.970447,-0.02085223,-0.2404111,0.0,-0.9266573,1.608831,-0.9517203,1.0,1.0,1.0,-0.1562122,-0.07026009,0.9852214,0.001507302,-0.005237808,-0.01926992,28.48889,1720.0,-0.175,-0.15849999999999997
6.0,-0.0736154,-0.05756299,0.9997737,-0.2444188,-0.09748723,0.9997233,-0.1590183,-0.07752552,0.9997486,0.2400029,-0.02070042,-0.9705515,0.0,0.003239658,0.9997841,-0.02052279,0.0,-0.9707668,-0.001781276,-0.2400182,0.0,-0.7068235,-1.629368,-1.09445,1.0,0.2400029,0.003239657,-0.9707667,0.0,-0.02070042,0.9997842,-0.001781276,0.0,-0.9705514,-0.02052279,-0.2400182,0.0,-0.9263088,1.608845,-0.9517509,1.0,1.0,1.0,-0.1552309,-0.06990508,0.9854018,0.001507667,-0.005236008,-0.01926621,28.51111,1721.0,-0.175,-0.15849999999999997
6.0,-0.07434183,-0.05645486,0.9998069,-0.2441479,-0.09750338,0.9997903,-0.1592453,-0.07697912,0.9997987,0.2398615,-0.02058207,-0.970589,0.0,0.00346981,0.999787,-0.02034374,0.0,-0.9708009,-0.001511922,-0.2398819,0.0,-0.7074506,-1.628966,-1.09445,1.0,0.2398615,0.00346981,-0.9708009,0.0,-0.02058207,0.999787,-0.001511922,0.0,-0.9705888,-0.02034374,-0.2398819,0.0,-0.9260984,1.608809,-0.9517953,1.0,1.0,1.0,-0.1554432,-0.06937413,0.9854058,0.001507682,-0.005235565,-0.01926798,28.52222,1722.0,-0.175,-0.15849999999999997
6.0,-0.07405475,-0.05763323,0.9998902,-0.2446723,-0.09774605,0.9998862,-0.1593635,-0.07768982,0.9998881,0.2396342,-0.02028979,-0.9706512,0.0,0.004046145,0.9997938,-0.01990006,0.0,-0.9708548,-0.0008413373,-0.2396668,0.0,-0.7087188,-1.628038,-1.094807,1.0,0.2396342,0.004046146,-0.9708548,0.0,-0.0202898,0.9997938,-0.0008413385,0.0,-0.9706513,-0.01990006,-0.2396668,0.0,-0.9258754,1.608783,-0.9518217,1.0,1.0,1.0,-0.1555348,-0.07005082,0.9853435,0.00150727,-0.005235565,-0.01926028,28.54445,1723.0,-0.175,-0.15849999999999997
6.0,-0.07466972,-0.05668172,0.9999292,-0.2455212,-0.09737764,0.999921,-0.1600958,-0.07702962,0.9999251,0.2395422,-0.02016531,-0.9706765,0.0,0.004237319,0.9997965,-0.01972458,0.0,-0.9708766,-0.0006118016,-0.2395788,0.0,-0.7091678,-1.627691,-1.094955,1.0,0.2395422,0.004237321,-0.9708768,0.0,-0.02016531,0.9997965,-0.0006118034,0.0,-0.9706767,-0.01972458,-0.2395789,0.0,-0.9257948,1.608767,-0.9518386,1.0,1.0,1.0,-0.1562271,-0.06940569,0.9852796,0.001507264,-0.005235794,-0.019259,28.55556,1724.0,-0.175,-0.15849999999999997
6.0,-0.07432798,-0.05648826,0.9998483,-0.2473121,-0.09766103,0.9998312,-0.1608205,-0.07707488,0.9998398,0.2394182,-0.02007234,-0.9707091,0.0,0.004304747,0.9997984,-0.01961211,0.0,-0.9709071,-0.0005168412,-0.2394564,0.0,-0.7094549,-1.627509,-1.094901,1.0,0.2394182,0.004304746,-0.970907,0.0,-0.02007234,0.9997984,-0.0005168397,0.0,-0.970709,-0.01961211,-0.2394563,0.0,-0.9256418,1.608762,-0.9518368,1.0,1.0,1.0,-0.1569231,-0.06944693,0.9851661,0.001507171,-0.005236237,-0.01925704,28.56667,1725.0,-0.175,-0.15849999999999997
6.0,-0.07456595,-0.05611791,0.9999208,-0.2467607,-0.09763064,0.9999198,-0.1606634,-0.07687429,0.9999204,0.2393083,-0.02007823,-0.9707361,0.0,0.004576094,0.9997984,-0.01955124,0.0,-0.9709329,-0.000236595,-0.2393519,0.0,-0.7100362,-1.627276,-1.09479,1.0,0.2393083,0.004576092,-0.9709328,0.0,-0.02007823,0.9997984,-0.0002365929,0.0,-0.970736,-0.01955124,-0.2393519,0.0,-0.9255077,1.608793,-0.9518225,1.0,1.0,1.0,-0.1567669,-0.06924717,0.985205,0.001508118,-0.005239639,-0.01924993,28.58889,1726.0,-0.175,-0.15849999999999997
6.0,-0.07390255,-0.05605657,0.9999707,-0.2467975,-0.09722062,0.9999793,-0.1603497,-0.0766386,0.999975,0.2393681,-0.02020913,-0.9707186,0.0,0.004832512,0.9997958,-0.01962284,0.0,-0.9709169,-6.071292e-06,-0.2394168,0.0,-0.7102736,-1.627176,-1.09469,1.0,0.239368,0.004832511,-0.9709167,0.0,-0.02020913,0.9997957,-6.071613e-06,0.0,-0.9707186,-0.01962284,-0.2394168,0.0,-0.9255034,1.608796,-0.9517137,1.0,1.0,1.0,-0.1564675,-0.06901732,0.9852688,0.001509788,-0.005243195,-0.01924633,28.6,1727.0,-0.175,-0.15849999999999997
6.0,-0.07403284,-0.05636526,1.000153,-0.2467507,-0.09721994,1.000157,-0.1603916,-0.07679247,1.000155,0.2396336,-0.01987024,-0.9706602,0.0,0.005151942,0.9998025,-0.01919491,0.0,-0.9708498,0.000401035,-0.2396887,0.0,-0.710399,-1.626532,-1.095685,1.0,0.2396336,0.005151939,-0.9708496,0.0,-0.01987023,0.9998025,0.0004010382,0.0,-0.97066,-0.01919491,-0.2396886,0.0,-0.9256213,1.608839,-0.9516614,1.0,1.0,1.0,-0.1564799,-0.06915248,0.9852573,0.001510636,-0.005243523,-0.01924402,28.62222,1728.0,-0.175,-0.15849999999999997
6.0,-0.07376692,-0.05706273,1.000011,-0.2467958,-0.09758016,1.000021,-0.1602811,-0.07732139,1.000016,0.2396455,-0.01975275,-0.9706596,0.0,0.005408374,0.9998047,-0.01901058,0.0,-0.9708455,0.0006938893,-0.2397055,0.0,-0.7108158,-1.626115,-1.095996,1.0,0.2396455,0.005408372,-0.9708454,0.0,-0.01975275,0.9998046,0.000693891,0.0,-0.9706595,-0.01901058,-0.2397055,0.0,-0.9256151,1.608806,-0.9516801,1.0,1.0,1.0,-0.1563919,-0.06967118,0.9852348,0.001511634,-0.005244171,-0.01924304,28.63333,1729.0,-0.175,-0.15849999999999997
6.0,-0.07332271,-0.05671754,1.000035,-0.2471228,-0.09740819,1.000008,-0.1602235,-0.07706334,1.000022,0.2395743,-0.01941279,-0.970684,0.0,0.005350248,0.9998113,-0.01867482,0.0,-0.9708634,0.0007193917,-0.239633,0.0,-0.7107348,-1.625749,-1.096587,1.0,0.2395743,0.005350247,-0.9708632,0.0,-0.01941279,0.9998113,0.0007193927,0.0,-0.9706839,-0.01867482,-0.2396329,0.0,-0.9257264,1.608766,-0.9516352,1.0,1.0,1.0,-0.1563403,-0.06942221,0.9852605,0.001512977,-0.005245232,-0.01924433,28.65556,1730.0,-0.175,-0.15849999999999997
6.0,-0.07339478,-0.05728468,1.000093,-0.2470925,-0.09833428,1.000089,-0.1602437,-0.07780942,1.000091,0.2395915,-0.01958296,-0.9706764,0.0,0.005396824,0.999808,-0.01883858,0.0,-0.9708589,0.0007250048,-0.2396511,0.0,-0.7107668,-1.625869,-1.096435,1.0,0.2395914,0.005396824,-0.9708588,0.0,-0.01958296,0.999808,0.0007250055,0.0,-0.9706762,-0.01883858,-0.2396511,0.0,-0.9258292,1.608738,-0.9516373,1.0,1.0,1.0,-0.1563413,-0.07013517,0.9852098,0.001512977,-0.005245064,-0.01924449,28.66667,1731.0,-0.175,-0.15849999999999997
6.0,-0.07342336,-0.05765866,1.00005,-0.2471255,-0.09812204,1.000025,-0.1602752,-0.0778907,1.000038,0.2394286,-0.01948468,-0.9707184,0.0,0.005353771,0.9998099,-0.01874811,0.0,-0.9708992,0.0007081721,-0.2394875,0.0,-0.7108971,-1.625784,-1.096521,1.0,0.2394287,0.005353773,-0.9708992,0.0,-0.01948468,0.9998099,0.0007081702,0.0,-0.9707184,-0.01874811,-0.2394875,0.0,-0.9258822,1.608723,-0.9516611,1.0,1.0,1.0,-0.156377,-0.07021513,0.9851985,0.001511978,-0.005246331,-0.01924518,28.67778,1732.0,-0.175,-0.15849999999999997
6.0,-0.07338849,-0.05804766,0.9999992,-0.2472083,-0.0979569,0.9999563,-0.1602996,-0.07800269,0.9999776,0.239034,-0.0194717,-0.970816,0.0,0.005710816,0.9998098,-0.01864712,0.0,-0.9709944,0.001086858,-0.2390997,0.0,-0.7119056,-1.625414,-1.096445,1.0,0.239034,0.005710817,-0.9709944,0.0,-0.0194717,0.9998099,0.001086858,0.0,-0.970816,-0.01864712,-0.2390997,0.0,-0.9259263,1.608725,-0.9516495,1.0,1.0,1.0,-0.1564069,-0.0703264,0.9851857,0.001511176,-0.005246788,-0.01924522,28.7,1733.0,-0.175,-0.15849999999999997
6.0,-0.07353169,-0.05815843,0.9999849,-0.247345,-0.09770032,0.9999045,-0.1604404,-0.07793019,0.9999447,0.238637,-0.01970279,-0.970909,0.0,0.005695562,0.9998053,-0.01888929,0.0,-0.9710922,0.001022187,-0.2387028,0.0,-0.7123624,-1.625697,-1.095793,1.0,0.238637,0.005695561,-0.9710921,0.0,-0.01970279,0.9998053,0.001022188,0.0,-0.9709089,-0.01888929,-0.2387028,0.0,-0.9259497,1.608739,-0.9516765,1.0,1.0,1.0,-0.156545,-0.07025607,0.9851689,0.001510445,-0.005247849,-0.01924519,28.71111,1734.0,-0.175,-0.15849999999999997
6.0,-0.07382551,-0.05872598,1.000023,-0.2470147,-0.09758341,0.9999273,-0.1604227,-0.07815558,0.9999753,0.2379658,-0.02014127,-0.9710647,0.0,0.005443039,0.9997969,-0.01940336,0.0,-0.9712583,0.0006682072,-0.2380271,0.0,-0.7127227,-1.626476,-1.094625,1.0,0.2379658,0.005443039,-0.9712583,0.0,-0.02014127,0.9997969,0.000668207,0.0,-0.9710647,-0.01940336,-0.2380271,0.0,-0.9261073,1.608786,-0.9517015,1.0,1.0,1.0,-0.1565198,-0.07047152,0.9851575,0.001509071,-0.005247338,-0.0192459,28.73333,1735.0,-0.175,-0.15849999999999997
6.0,-0.07438016,-0.05882164,1.000304,-0.2470872,-0.09807751,1.000221,-0.160736,-0.07845034,1.000262,0.2376104,-0.02056417,-0.9711429,0.0,0.005282261,0.9997885,-0.01987833,0.0,-0.9713463,0.0004065298,-0.2376688,0.0,-0.7127495,-1.627071,-1.093951,1.0,0.2376104,0.005282258,-0.9713461,0.0,-0.02056417,0.9997885,0.0004065328,0.0,-0.9711428,-0.01987833,-0.2376687,0.0,-0.9264851,1.608746,-0.9516629,1.0,1.0,1.0,-0.1567674,-0.07073237,0.9850994,0.001507103,-0.005247338,-0.01924529,28.74445,1736.0,-0.175,-0.15849999999999997
6.0,-0.0747821,-0.05873094,1.00004,-0.2473437,-0.09834854,0.9999811,-0.1610646,-0.07854027,1.00001,0.2371033,-0.02112061,-0.9712549,0.0,0.005300364,0.9997769,-0.02044691,0.0,-0.9714701,0.0002999743,-0.2371624,0.0,-0.713412,-1.62776,-1.092842,1.0,0.2371033,0.005300364,-0.9714699,0.0,-0.02112061,0.999777,0.0002999751,0.0,-0.9712548,-0.02044691,-0.2371623,0.0,-0.9266548,1.608833,-0.9517509,1.0,1.0,1.0,-0.1571113,-0.07083379,0.9850373,0.00150486,-0.005245926,-0.01924589,28.76667,1737.0,-0.175,-0.15849999999999997
6.0,-0.07478881,-0.05882861,1.000102,-0.2474197,-0.09967703,1.000057,-0.1611056,-0.07925306,1.00008,0.2368649,-0.02122993,-0.9713106,0.0,0.005503864,0.9997745,-0.02050988,0.0,-0.971527,0.000487892,-0.2369283,0.0,-0.7140265,-1.627695,-1.092693,1.0,0.2368648,0.005503864,-0.971527,0.0,-0.02122992,0.9997745,0.0004878911,0.0,-0.9713106,-0.02050988,-0.2369283,0.0,-0.926772,1.608847,-0.9517916,1.0,1.0,1.0,-0.1571315,-0.07151414,0.9849849,0.00150486,-0.005245461,-0.01924895,28.77778,1738.0,-0.175,-0.15849999999999997
6.0,-0.07474738,-0.05993471,0.9999425,-0.2462116,-0.09928665,0.9998996,-0.1604806,-0.07961091,0.9999211,0.2366725,-0.02145678,-0.9713526,0.0,0.005524779,0.9997697,-0.02073838,0.0,-0.9715739,0.000458301,-0.2367365,0.0,-0.7143222,-1.627961,-1.092152,1.0,0.2366724,0.005524775,-0.9715736,0.0,-0.02145678,0.9997696,0.0004583031,0.0,-0.9713525,-0.02073838,-0.2367365,0.0,-0.926735,1.608883,-0.9518228,1.0,1.0,1.0,-0.1565617,-0.07187545,0.9850494,0.00150486,-0.005245811,-0.01925237,28.78889,1739.0,-0.175,-0.15849999999999997
6.0,-0.07473588,-0.060541,1.000096,-0.2455975,-0.09858418,1.000067,-0.1601675,-0.07956289,1.000082,0.2363123,-0.02179093,-0.9714329,0.0,0.00543245,0.9997625,-0.02110491,0.0,-0.9716621,0.0002899067,-0.2363746,0.0,-0.7144622,-1.628372,-1.091675,1.0,0.2363123,0.005432446,-0.9716618,0.0,-0.02179093,0.9997625,0.0002899094,0.0,-0.9714327,-0.02110491,-0.2363745,0.0,-0.9271364,1.608827,-0.9517877,1.0,1.0,1.0,-0.156244,-0.07181954,0.985104,0.00150621,-0.005247704,-0.01925587,28.81111,1740.0,-0.175,-0.15849999999999997
6.0,-0.07494953,-0.06011881,1.00006,-0.2459821,-0.1002465,1.000025,-0.1604667,-0.08018307,1.000042,0.2361411,-0.02184502,-0.9714733,0.0,0.00525086,0.9997613,-0.02120477,0.0,-0.9717047,9.375345e-05,-0.2361994,0.0,-0.7143357,-1.628677,-1.091464,1.0,0.2361411,0.00525086,-0.9717046,0.0,-0.02184502,0.9997613,9.375388e-05,0.0,-0.971473,-0.02120477,-0.2361994,0.0,-0.9272224,1.608895,-0.9517737,1.0,1.0,1.0,-0.1565285,-0.07241386,0.9850152,0.001509796,-0.005248657,-0.01925709,28.82222,1741.0,-0.175,-0.15849999999999997
6.0,-0.07390919,-0.06031409,0.999984,-0.2464261,-0.1002998,0.9999886,-0.1601675,-0.08030692,0.9999863,0.2364011,-0.02196351,-0.9714073,0.0,0.005309352,0.9997588,-0.02131245,0.0,-0.9716411,0.0001192559,-0.2364606,0.0,-0.7140806,-1.628818,-1.091594,1.0,0.236401,0.005309351,-0.971641,0.0,-0.02196351,0.9997587,0.0001192558,0.0,-0.9714073,-0.02131246,-0.2364607,0.0,-0.9273471,1.608951,-0.9517547,1.0,1.0,1.0,-0.1562558,-0.07253962,0.9850493,0.001512543,-0.005249276,-0.01925809,28.84444,1742.0,-0.175,-0.15849999999999997
6.0,-0.073643,-0.05964554,1.000086,-0.2468419,-0.1017388,1.000086,-0.1602424,-0.08069231,1.000086,0.2365018,-0.02240257,-0.9713728,0.0,0.0054006,0.999749,-0.02174211,0.0,-0.9716161,0.0001039458,-0.2365634,0.0,-0.7140487,-1.629236,-1.091072,1.0,0.2365018,0.005400598,-0.9716159,0.0,-0.02240257,0.999749,0.0001039469,0.0,-0.9713726,-0.02174211,-0.2365634,0.0,-0.9274628,1.608961,-0.9517194,1.0,1.0,1.0,-0.1563089,-0.07289873,0.9850144,0.001514304,-0.005253136,-0.0192586,28.85556,1743.0,-0.175,-0.15849999999999997
6.0,-0.07397851,-0.061262,1.000037,-0.2471925,-0.1011514,1.000065,-0.1605847,-0.08120642,1.000051,0.236718,-0.02258602,-0.9713158,0.0,0.005204847,0.9997449,-0.02197861,0.0,-0.9715645,-0.0001471834,-0.2367752,0.0,-0.7134814,-1.629696,-1.090875,1.0,0.2367181,0.005204848,-0.9715645,0.0,-0.02258602,0.999745,-0.000147183,0.0,-0.9713158,-0.02197861,-0.2367752,0.0,-0.9274989,1.609018,-0.9517253,1.0,1.0,1.0,-0.1566316,-0.07338925,0.9849266,0.001514869,-0.005255333,-0.01925869,28.86667,1744.0,-0.175,-0.15849999999999997
6.0,-0.07406038,-0.06342641,1.000235,-0.2476168,-0.102113,1.000262,-0.160838,-0.08276953,1.000248,0.2371926,-0.02270218,-0.9711974,0.0,0.005256687,0.9997423,-0.0220856,0.0,-0.9714485,-0.000133262,-0.2372507,0.0,-0.7128378,-1.629796,-1.091365,1.0,0.2371925,0.005256684,-0.9714484,0.0,-0.02270217,0.9997422,-0.0001332597,0.0,-0.9711974,-0.0220856,-0.2372507,0.0,-0.9278508,1.60902,-0.9516294,1.0,1.0,1.0,-0.1568241,-0.07487276,0.9847844,0.001516555,-0.005256531,-0.01926392,28.88889,1745.0,-0.175,-0.15849999999999997
6.0,-0.07417861,-0.06505103,1.000058,-0.2475737,-0.1017286,1.000091,-0.1608754,-0.08338952,1.000074,0.2373723,-0.02265344,-0.9711547,0.0,0.005168777,0.9997433,-0.02205694,0.0,-0.9714051,-0.0002160277,-0.2374284,0.0,-0.712439,-1.629873,-1.091583,1.0,0.2373722,0.005168774,-0.9714049,0.0,-0.02265344,0.9997434,-0.0002160253,0.0,-0.9711545,-0.02205694,-0.2374284,0.0,-0.9279045,1.60906,-0.9515916,1.0,1.0,1.0,-0.1568782,-0.07547893,0.9847295,0.001516555,-0.005257744,-0.01926486,28.9,1746.0,-0.175,-0.15849999999999997
6.0,-0.07490885,-0.06619975,1.000011,-0.2475413,-0.1028396,1.000064,-0.1612236,-0.08451924,1.000038,0.2377579,-0.02241616,-0.9710658,0.0,0.005384052,0.9997487,-0.02176004,0.0,-0.9713096,5.464628e-05,-0.2378188,0.0,-0.7122324,-1.629395,-1.092447,1.0,0.2377579,0.005384049,-0.9713094,0.0,-0.02241616,0.9997487,5.464778e-05,0.0,-0.9710658,-0.02176003,-0.2378188,0.0,-0.9280238,1.609048,-0.9515134,1.0,1.0,1.0,-0.1571984,-0.07656164,0.9845948,0.001516555,-0.005258591,-0.01926849,28.92222,1747.0,-0.175,-0.15849999999999997
6.0,-0.07417798,-0.06615583,1.00013,-0.2475727,-0.1031423,1.000178,-0.160874,-0.08464884,1.000154,0.237954,-0.02211517,-0.9710246,0.0,0.00555742,0.9997554,-0.02140765,0.0,-0.9712605,0.0003023567,-0.2380188,0.0,-0.7122011,-1.628904,-1.093257,1.0,0.2379541,0.005557422,-0.9712605,0.0,-0.02211518,0.9997554,0.0003023547,0.0,-0.9710247,-0.02140765,-0.2380187,0.0,-0.9281319,1.609059,-0.951456,1.0,1.0,1.0,-0.1568496,-0.0766807,0.9846412,0.001516555,-0.005259492,-0.01927027,28.93333,1748.0,-0.175,-0.15849999999999997
6.0,-0.07447425,-0.06615707,1.000053,-0.2458583,-0.1045658,1.000062,-0.1601661,-0.08536136,1.000057,0.2379969,-0.02211374,-0.9710143,0.0,0.005626976,0.9997554,-0.02138911,0.0,-0.9712497,0.00037333,-0.2380631,0.0,-0.7121822,-1.628804,-1.093368,1.0,0.2379968,0.005626974,-0.9712495,0.0,-0.02211374,0.9997554,0.0003733321,0.0,-0.9710141,-0.02138911,-0.238063,0.0,-0.9281973,1.609027,-0.951389,1.0,1.0,1.0,-0.1561864,-0.07737853,0.984692,0.001514564,-0.005260926,-0.01927313,28.94444,1749.0,-0.175,-0.15849999999999997
6.0,-0.07454747,-0.0661317,1.000132,-0.2460105,-0.1045916,1.000152,-0.1602785,-0.08536152,1.000142,0.2384614,-0.02251703,-0.9708909,0.0,0.00582101,0.9997463,-0.02175655,0.0,-0.9711345,0.000463468,-0.2385319,0.0,-0.7117556,-1.629097,-1.093339,1.0,0.2384614,0.005821009,-0.9711345,0.0,-0.02251703,0.9997463,0.0004634682,0.0,-0.9708909,-0.02175655,-0.238532,0.0,-0.9284695,1.609039,-0.9512519,1.0,1.0,1.0,-0.1562787,-0.07737128,0.984678,0.001513078,-0.005260811,-0.01927194,28.96667,1750.0,-0.175,-0.15849999999999997
6.0,-0.07490602,-0.06523851,1.000116,-0.2455879,-0.1031665,1.000167,-0.1602457,-0.08420199,1.000142,0.2387507,-0.02250364,-0.9708202,0.0,0.005830312,0.9997467,-0.02174032,0.0,-0.9710635,0.000469665,-0.2388214,0.0,-0.7114046,-1.629078,-1.093668,1.0,0.2387506,0.005830309,-0.9710633,0.0,-0.02250363,0.9997467,0.0004696671,0.0,-0.97082,-0.02174032,-0.2388214,0.0,-0.9285665,1.609036,-0.9512451,1.0,1.0,1.0,-0.1562597,-0.07625788,0.9847678,0.001511443,-0.005261376,-0.01927265,28.97778,1751.0,-0.175,-0.15849999999999997
6.0,-0.0721992,-0.0651824,1.00025,-0.2458601,-0.1033623,1.00032,-0.1590278,-0.0842717,1.000285,0.2391559,-0.02281056,-0.9707133,0.0,0.006253052,0.9997395,-0.02195207,0.0,-0.9709611,0.0008199504,-0.2392362,0.0,-0.7113471,-1.628977,-1.094011,1.0,0.2391559,0.006253049,-0.9709609,0.0,-0.02281056,0.9997394,0.0008199516,0.0,-0.9707131,-0.02195207,-0.2392362,0.0,-0.9290063,1.608985,-0.9510817,1.0,1.0,1.0,-0.1550871,-0.07632846,0.9849477,0.001508759,-0.005261002,-0.0192725,29.0,1752.0,-0.175,-0.15849999999999997
6.0,-0.07237262,-0.06572983,1.000175,-0.2455935,-0.1032526,1.00024,-0.1589814,-0.08449055,1.000207,0.2394531,-0.02254656,-0.9706461,0.0,0.006412286,0.9997452,-0.02164061,0.0,-0.9708868,0.001042148,-0.2395367,0.0,-0.7111747,-1.628542,-1.094867,1.0,0.2394531,0.006412284,-0.9708867,0.0,-0.02254656,0.9997452,0.001042149,0.0,-0.9706461,-0.02164061,-0.2395367,0.0,-0.9291539,1.608994,-0.9510338,1.0,1.0,1.0,-0.1550494,-0.0765448,0.9849368,0.001506011,-0.005261139,-0.0192735,29.01111,1753.0,-0.175,-0.15849999999999997
6.0,-0.07152367,-0.06596176,1.000212,-0.2460747,-0.105085,1.000284,-0.1587973,-0.08552267,1.000248,0.239813,-0.02244246,-0.9705598,0.0,0.006599026,0.9997473,-0.02148683,0.0,-0.9707968,0.001251926,-0.2399005,0.0,-0.7109371,-1.628232,-1.095556,1.0,0.2398129,0.006599023,-0.9707965,0.0,-0.02244246,0.9997474,0.001251927,0.0,-0.9705596,-0.02148683,-0.2399004,0.0,-0.9293518,1.608972,-0.9509612,1.0,1.0,1.0,-0.1548568,-0.0775367,0.9848895,0.00150431,-0.00525975,-0.01927117,29.02222,1754.0,-0.175,-0.15849999999999997
6.0,-0.07125172,-0.06496207,1.000049,-0.2465208,-0.1052584,1.000134,-0.1588839,-0.08510958,1.000091,0.2404702,-0.02196641,-0.970408,0.0,0.006676414,0.9997577,-0.02097633,0.0,-0.9706337,0.001434659,-0.2405586,0.0,-0.7101955,-1.62766,-1.096987,1.0,0.2404702,0.006676411,-0.9706335,0.0,-0.0219664,0.9997576,0.001434661,0.0,-0.9704078,-0.02097633,-0.2405586,0.0,-0.9294974,1.608997,-0.9508939,1.0,1.0,1.0,-0.1549635,-0.07715022,0.9849031,0.001501449,-0.00525985,-0.01927169,29.04445,1755.0,-0.175,-0.15849999999999997
6.0,-0.07108042,-0.06614468,1.000164,-0.2465329,-0.105072,1.00022,-0.1588052,-0.08560787,1.000192,0.2407972,-0.02204128,-0.9703252,0.0,0.006696137,0.999756,-0.02104809,0.0,-0.9705524,0.001429107,-0.240886,0.0,-0.7097445,-1.627734,-1.09725,1.0,0.2407972,0.006696135,-0.9705523,0.0,-0.02204128,0.9997561,0.001429109,0.0,-0.9703251,-0.02104809,-0.240886,0.0,-0.9296618,1.608995,-0.9508299,1.0,1.0,1.0,-0.1548686,-0.07762271,0.9848809,0.001501183,-0.005259461,-0.01927071,29.05556,1756.0,-0.175,-0.15849999999999997
6.0,-0.07138091,-0.06619303,1.00016,-0.2462636,-0.1035314,1.000195,-0.1588213,-0.08486189,1.000178,0.2413395,-0.02204065,-0.9701905,0.0,0.006627865,0.9997562,-0.02106361,0.0,-0.9704182,0.001346807,-0.2414267,0.0,-0.7089207,-1.627906,-1.097726,1.0,0.2413394,0.006627859,-0.9704179,0.0,-0.02204065,0.9997562,0.00134681,0.0,-0.9701903,-0.02106361,-0.2414267,0.0,-0.9297929,1.609086,-0.9507772,1.0,1.0,1.0,-0.1548943,-0.07690786,0.984933,0.001500838,-0.005259102,-0.01927115,29.07778,1757.0,-0.175,-0.15849999999999997
2.0,0.02343281,-0.1289824,0.999942,-0.1616985,-0.1569199,0.9999198,-0.06913355,-0.1429512,0.9999309,0.2300447,-0.01561938,-0.9730547,0.0,0.01776975,0.9997719,-0.01184721,0.0,-0.9730179,0.01456555,-0.2302698,0.0,-0.7240734,-1.609056,-1.103049,1.0,0.2300447,0.01776975,-0.9730178,0.0,-0.01561938,0.9997719,0.01456555,0.0,-0.9730547,-0.01184721,-0.2302698,0.0,-0.9318903,1.608488,-0.9350984,1.0,1.0,1.0,-0.06791666,-0.1331753,0.9887627,0.0008769752,-0.005670327,-0.01931574,32.9,1999.0,-0.0875,-0.246
2.0,0.02340484,-0.1287896,1.000044,-0.1620969,-0.1609895,1.000061,-0.06934562,-0.1448896,1.000052,0.2301433,-0.01502767,-0.9730408,0.0,0.0173802,0.9997848,-0.01132994,0.0,-0.9730015,0.01430413,-0.230355,0.0,-0.7234224,-1.60879,-1.103868,1.0,0.2301433,0.0173802,-0.9730015,0.0,-0.01502767,0.9997848,0.01430413,0.0,-0.9730406,-0.01132994,-0.2303549,0.0,-0.9317943,1.608511,-0.9351603,1.0,1.0,1.0,-0.06809884,-0.1349999,0.9885027,0.0008793641,-0.005675194,-0.01931108,32.92222,2000.0,-0.0875,-0.246
2.0,0.02424079,-0.1292188,0.9998844,-0.1617697,-0.1621658,0.9998827,-0.06876463,-0.1456923,0.9998835,0.2301552,-0.01509368,-0.9730369,0.0,0.01721557,0.9997864,-0.01143657,0.0,-0.9730017,0.01411919,-0.2303659,0.0,-0.7232253,-1.609017,-1.103602,1.0,0.2301552,0.01721556,-0.9730016,0.0,-0.01509368,0.9997864,0.01411919,0.0,-0.9730368,-0.01143657,-0.2303659,0.0,-0.931677,1.608502,-0.9352136,1.0,1.0,1.0,-0.06754604,-0.1357853,0.988433,0.0008827746,-0.005682762,-0.0193006,32.93333,2001.0,-0.0875,-0.246
2.0,0.02305007,-0.1297342,1.000019,-0.1615433,-0.1630897,1.000024,-0.0692465,-0.1464118,1.000021,0.2302686,-0.0149675,-0.973012,0.0,0.01707009,0.99979,-0.01133969,0.0,-0.9729775,0.01399823,-0.2304757,0.0,-0.7229232,-1.60897,-1.103873,1.0,0.2302686,0.0170701,-0.9729773,0.0,-0.0149675,0.99979,0.01399823,0.0,-0.973012,-0.01133969,-0.2304757,0.0,-0.931697,1.608455,-0.9352809,1.0,1.0,1.0,-0.06799798,-0.1364463,0.988311,0.0008850321,-0.005684379,-0.01929894,32.95555,2002.0,-0.0875,-0.246
2.0,0.02312683,-0.1312055,1.00008,-0.1609547,-0.1638076,1.000121,-0.06891277,-0.1475061,1.0001,0.2304206,-0.01459387,-0.9729818,0.0,0.01710531,0.9997938,-0.01094516,0.0,-0.9729409,0.01412116,-0.2306227,0.0,-0.7228206,-1.608522,-1.104648,1.0,0.2304206,0.01710531,-0.9729407,0.0,-0.01459387,0.9997938,0.01412117,0.0,-0.9729816,-0.01094516,-0.2306226,0.0,-0.931724,1.608464,-0.9353042,1.0,1.0,1.0,-0.06766228,-0.1374795,0.9881908,0.0008863993,-0.005684876,-0.01929897,32.96667,2003.0,-0.0875,-0.246
2.0,0.02295429,-0.1312835,1.000058,-0.1607021,-0.1637612,1.000057,-0.06887382,-0.1475225,1.000058,0.2304049,-0.01450333,-0.9729868,0.0,0.01700117,0.9997963,-0.01087705,0.0,-0.9729464,0.01403578,-0.2306045,0.0,-0.7226804,-1.608457,-1.104794,1.0,0.2304048,0.01700117,-0.9729462,0.0,-0.01450333,0.9997963,0.01403578,0.0,-0.9729867,-0.01087705,-0.2306045,0.0,-0.9317687,1.608399,-0.9353237,1.0,1.0,1.0,-0.0676285,-0.1375006,0.9881903,0.0008875132,-0.005684983,-0.01929973,32.97778,2004.0,-0.0875,-0.246
2.0,0.0231242,-0.1326833,1.000185,-0.1604864,-0.1642493,1.000202,-0.06868058,-0.1484661,1.000193,0.230679,-0.01402281,-0.9729289,0.0,0.01682976,0.9998041,-0.01041987,0.0,-0.9728844,0.01397052,-0.2308698,0.0,-0.721997,-1.607982,-1.105928,1.0,0.230679,0.01682976,-0.9728842,0.0,-0.01402281,0.9998041,0.01397052,0.0,-0.9729289,-0.01041987,-0.2308698,0.0,-0.9319885,1.608295,-0.9352807,1.0,1.0,1.0,-0.06742477,-0.1383811,0.9880812,0.0008876808,-0.005685532,-0.01930061,33.0,2005.0,-0.0875,-0.246
2.0,0.0232338,-0.1336867,1.000043,-0.1603286,-0.1643733,1.000071,-0.06854665,-0.1490298,1.000056,0.2307861,-0.01380263,-0.9729066,0.0,0.01691038,0.9998053,-0.01017287,0.0,-0.9728577,0.01410446,-0.2309746,0.0,-0.7219826,-1.607668,-1.106415,1.0,0.2307861,0.01691037,-0.9728574,0.0,-0.01380262,0.9998053,0.01410446,0.0,-0.9729066,-0.01017287,-0.2309746,0.0,-0.9320052,1.608308,-0.9352646,1.0,1.0,1.0,-0.06729916,-0.1389366,0.9880118,0.0008878643,-0.005685303,-0.01930257,33.01111,2006.0,-0.0875,-0.246
2.0,0.02298476,-0.1339093,0.9997842,-0.1602447,-0.1626564,0.9997839,-0.06862977,-0.1482828,0.9997842,0.2307044,-0.01402418,-0.9729229,0.0,0.01680724,0.9998044,-0.01042624,0.0,-0.9728788,0.01394677,-0.230895,0.0,-0.72197,-1.608025,-1.105828,1.0,0.2307045,0.01680724,-0.9728788,0.0,-0.01402418,0.9998045,0.01394677,0.0,-0.9729227,-0.01042624,-0.230895,0.0,-0.9318745,1.608315,-0.9352925,1.0,1.0,1.0,-0.06740361,-0.1382615,0.9880995,0.0008878484,-0.005684708,-0.01930698,33.03333,2007.0,-0.0875,-0.246
2.0,0.02299729,-0.1340312,1.000006,-0.1606806,-0.1628759,1.000007,-0.06884146,-0.1484535,1.000007,0.2307518,-0.01428004,-0.972908,0.0,0.01681145,0.9998016,-0.01068748,0.0,-0.9728675,0.01388984,-0.230946,0.0,-0.7219177,-1.60834,-1.105484,1.0,0.2307516,0.01681145,-0.9728673,0.0,-0.01428004,0.9998016,0.01388984,0.0,-0.9729078,-0.01068748,-0.230946,0.0,-0.931917,1.608342,-0.9352975,1.0,1.0,1.0,-0.06759109,-0.1383932,0.9880682,0.0008872375,-0.005683411,-0.01931146,33.04445,2008.0,-0.0875,-0.246
2.0,0.02269666,-0.1338919,1.000158,-0.1600085,-0.1632647,1.000116,-0.06865713,-0.1485786,1.000137,0.2305827,-0.01462437,-0.9729429,0.0,0.01679652,0.9997979,-0.01104734,0.0,-0.9729078,0.01379472,-0.2307817,0.0,-0.7219785,-1.608695,-1.104986,1.0,0.2305826,0.01679652,-0.9729077,0.0,-0.01462437,0.999798,0.01379472,0.0,-0.9729427,-0.01104734,-0.2307817,0.0,-0.9321381,1.608289,-0.9352374,1.0,1.0,1.0,-0.06740268,-0.1384982,0.9880663,0.000886376,-0.005681183,-0.01931437,33.05556,2009.0,-0.0875,-0.246
2.0,0.02242881,-0.1348024,1.000051,-0.1611736,-0.1638867,1.000044,-0.06937259,-0.1493447,1.000047,0.230619,-0.01534496,-0.9729232,0.0,0.01697599,0.9997869,-0.01174471,0.0,-0.9728961,0.01380778,-0.2308303,0.0,-0.7222536,-1.609399,-1.104036,1.0,0.2306189,0.01697598,-0.972896,0.0,-0.01534496,0.999787,0.01380777,0.0,-0.9729231,-0.01174472,-0.2308303,0.0,-0.932273,1.60835,-0.9353004,1.0,1.0,1.0,-0.06809053,-0.1392353,0.9879156,0.0008855732,-0.00567685,-0.01932012,33.07778,2010.0,-0.0875,-0.246
2.0,0.02161062,-0.1360011,1.000014,-0.162398,-0.1657126,0.9999976,-0.0703941,-0.1508571,1.000005,0.2305704,-0.015551,-0.9729313,0.0,0.01691741,0.9997852,-0.01197105,0.0,-0.9729086,0.01369932,-0.2307839,0.0,-0.7222157,-1.609731,-1.103679,1.0,0.2305704,0.01691742,-0.9729085,0.0,-0.015551,0.9997853,0.01369931,0.0,-0.9729314,-0.01197105,-0.2307839,0.0,-0.9323158,1.608392,-0.9353091,1.0,1.0,1.0,-0.06906291,-0.1406772,0.9876437,0.0008846503,-0.005666107,-0.0193278,33.08889,2011.0,-0.0875,-0.246
2.0,0.0215807,-0.1356096,0.9999356,-0.1629587,-0.1660671,0.9999097,-0.07068977,-0.1508386,0.9999226,0.2303215,-0.01612054,-0.9729812,0.0,0.01689085,0.9997784,-0.01256617,0.0,-0.972968,0.01354022,-0.2305428,0.0,-0.7224793,-1.610547,-1.10253,1.0,0.2303215,0.01689085,-0.9729679,0.0,-0.01612054,0.9997784,0.01354021,0.0,-0.972981,-0.01256617,-0.2305427,0.0,-0.9323009,1.608539,-0.9353223,1.0,1.0,1.0,-0.06935346,-0.140668,0.9876248,0.0008846959,-0.005665558,-0.01933189,33.11111,2012.0,-0.0875,-0.246
