flag,xl,yl,zl,xr,yr,zr,xc,yc,zc,mat_00,mat_10,mat_20,mat_30,mat_01,mat_11,mat_21,mat_31,mat_02,mat_12,mat_22,mat_32,mat_03,mat_13,mat_23,mat_33,ctw_00,ctw_10,ctw_20,ctw_30,ctw_01,ctw_11,ctw_21,ctw_31,ctw_02,ctw_12,ctw_22,ctw_32,ctw_03,ctw_13,ctw_23,ctw_33,opennessl,opennessr,ray_x,ray_y,ray_z,eye_x,eye_y,eye_z,time,frame
25,0.2355635,0.1217848,0.9999133,0.04815058,0.1120955,0.9998862,0.1418561,0.11694,0.9998997,0.2605193,0.09379679,-0.9609016,0,0.02069673,0.9944983,0.1026876,0,-0.9652468,0.04663961,-0.2571447,0,-0.3707292,-1.423485,-1.147595,1,0.2605193,0.02069673,-0.9652467,0,0.0937968,0.9944984,0.04663962,0,-0.9609015,0.1026876,-0.2571447,0,-0.8726251,1.54117,-0.5865523,1,1.0,1.0,0.1365461,0.1118723,0.9842966,-0.0004414376,0.0003552857,-0.02585736,51.84444,3241
25,0.2354771,0.1223371,0.9998139,0.04866089,0.1121737,0.9998311,0.1420696,0.1172555,0.9998225,0.2606238,0.09381332,-0.9608716,0,0.02089635,0.9944863,0.1027631,0,-0.9652143,0.04686122,-0.2572264,0,-0.3709067,-1.423262,-1.147577,1,0.2606237,0.02089636,-0.9652142,0,0.09381333,0.9944863,0.04686122,0,-0.9608716,0.1027631,-0.2572264,0,-0.8724859,1.541093,-0.5864956,1,1.0,1.0,0.1367476,0.1121782,0.9842337,-0.0004363786,0.000353447,-0.02585636,51.85556,3242
25,0.2360648,0.1227015,0.9999449,0.04845235,0.1110002,0.9999294,0.142258,0.1168508,0.9999372,0.2605996,0.09349806,-0.9609089,0,0.02102838,0.9945138,0.1024708,0,-0.965218,0.04691021,-0.2572038,0,-0.3712776,-1.423479,-1.146965,1,0.2605996,0.02102839,-0.9652178,0,0.09349807,0.9945138,0.0469102,0,-0.9609089,0.1024708,-0.2572038,0,-0.8722818,1.541007,-0.5865918,1,1.0,1.0,0.1369154,0.1117827,0.9842554,-0.0004354632,0.0003506165,-0.0258558,51.87778,3243
25,0.2360979,0.1210814,0.9998795,0.04782867,0.110563,0.9999117,0.1419642,0.1158221,0.9998955,0.2607771,0.093624,-0.9608485,0,0.02126524,0.9944878,0.1026732,0,-0.9651648,0.0472075,-0.2573487,0,-0.3714827,-1.423186,-1.147251,1,0.2607771,0.02126524,-0.9651648,0,0.09362398,0.9944878,0.0472075,0,-0.9608486,0.1026732,-0.2573487,0,-0.8722157,1.541033,-0.5866004,1,1.0,1.0,0.136659,0.110817,0.9844003,-0.0004353253,0.0003498612,-0.02585704,51.88889,3244
25,0.2363217,0.121091,1.000083,0.04749049,0.1103764,1.000072,0.1419057,0.1157337,1.000078,0.2607509,0.09345855,-0.9608718,0,0.02151199,0.9944935,0.1025664,0,-0.9651664,0.04741456,-0.2573046,0,-0.3718563,-1.423201,-1.147139,1,0.2607509,0.02151199,-0.9651664,0,0.09345854,0.9944935,0.04741455,0,-0.9608717,0.1025664,-0.2573046,0,-0.8722813,1.541021,-0.5865869,1,1.0,1.0,0.1365813,0.1107127,0.9844229,-0.0004353253,0.0003516846,-0.02586075,51.9,3245
25,0.2367015,0.1207494,1.000024,0.04784051,0.1106658,1.000041,0.1422715,0.1157077,1.000032,0.2607456,0.09342535,-0.9608763,0,0.02178208,0.9944838,0.1026038,0,-0.9651618,0.04768338,-0.2572723,0,-0.3723096,-1.423027,-1.147189,1,0.2607457,0.02178208,-0.9651618,0,0.09342536,0.9944838,0.04768339,0,-0.9608764,0.1026038,-0.2572723,0,-0.8722816,1.540993,-0.5866241,1,1.0,1.0,0.1369309,0.1106862,0.9843772,-0.0004353253,0.0003523636,-0.02586688,51.92222,3246
25,0.2366849,0.1209475,0.9999112,0.04741728,0.1107137,0.9999163,0.1420512,0.1158308,0.9999138,0.2607716,0.09355867,-0.9608564,0,0.02186493,0.9944653,0.1027652,0,-0.9651529,0.04780731,-0.2572826,0,-0.3724249,-1.422789,-1.147361,1,0.2607715,0.02186494,-0.9651529,0,0.09355868,0.9944653,0.04780731,0,-0.9608563,0.1027652,-0.2572826,0,-0.8722171,1.540966,-0.5866233,1,1.0,1.0,0.1367381,0.110819,0.9843891,-0.0004364243,0.0003517838,-0.02586762,51.93333,3247
25,0.2372093,0.1212313,1.000166,0.0469729,0.1108165,1.000164,0.142091,0.1160239,1.000165,0.2605902,0.09358485,-0.960903,0,0.0219517,0.9944592,0.1028061,0,-0.9651999,0.04788372,-0.257092,0,-0.3725973,-1.422646,-1.147487,1,0.2605903,0.02195169,-0.9651999,0,0.09358487,0.9944592,0.04788372,0,-0.960903,0.1028061,-0.257092,0,-0.8723901,1.540911,-0.586519,1,1.0,1.0,0.1367415,0.1109753,0.9843709,-0.0004378054,0.0003515778,-0.02586878,51.95555,3248
25,0.2371373,0.1197743,0.9999766,0.04719301,0.112285,0.9999617,0.1421646,0.1160297,0.9999691,0.2605212,0.09359936,-0.9609203,0,0.02204721,0.9944533,0.102843,0,-0.9652164,0.04797839,-0.2570125,0,-0.3728276,-1.422569,-1.147474,1,0.2605212,0.0220472,-0.9652163,0,0.09359935,0.9944531,0.04797839,0,-0.9609203,0.102843,-0.2570125,0,-0.8723503,1.540908,-0.5865219,1,1.0,1.0,0.1368351,0.1109994,0.9843553,-0.0004387749,0.0003508759,-0.02588207,51.96667,3249
25,0.2368126,0.1202563,0.9998885,0.04638182,0.1128001,0.9998991,0.1415976,0.1165282,0.9998938,0.2605959,0.09347823,-0.9609119,0,0.02223402,0.9944565,0.1027713,0,-0.965192,0.0481467,-0.2570729,0,-0.3730229,-1.422695,-1.147285,1,0.2605959,0.02223402,-0.9651918,0,0.09347823,0.9944565,0.0481467,0,-0.9609118,0.1027713,-0.2570729,0,-0.8722407,1.54101,-0.5864766,1,1.0,1.0,0.1363044,0.1114906,0.9843733,-0.0004399642,0.0003480377,-0.02588455,51.97778,3250
25,0.2366875,0.1197141,0.9997475,0.04626757,0.1135667,0.9997615,0.1414779,0.1166405,0.9997544,0.2607754,0.09341472,-0.9608694,0,0.022524,0.9944478,0.1027921,0,-0.9651368,0.04844827,-0.2572234,0,-0.3733128,-1.422601,-1.147084,1,0.2607753,0.022524,-0.9651366,0,0.09341472,0.9944478,0.04844826,0,-0.9608693,0.1027921,-0.2572234,0,-0.8719546,1.541022,-0.5864321,1,1.0,1.0,0.1362073,0.1116148,0.9843727,-0.0004402539,0.0003456955,-0.0258913,52.0,3251
25,0.2366382,0.1188537,0.9999361,0.04628246,0.1136202,0.9999635,0.1414612,0.116237,0.9999498,0.2609068,0.09355422,-0.9608203,0,0.02247427,0.9944347,0.10293,0,-0.9651025,0.04844889,-0.2573522,0,-0.3731266,-1.422485,-1.147314,1,0.2609067,0.02247428,-0.9651023,0,0.09355421,0.9944347,0.04844887,0,-0.96082,0.10293,-0.2573521,0,-0.8719314,1.541047,-0.5864512,1,1.0,1.0,0.1361724,0.111213,0.984423,-0.0004402539,0.0003449402,-0.02589037,52.01111,3252
25,0.2369047,0.1188254,0.9999337,0.04601228,0.1135369,0.9999553,0.1414591,0.1161811,0.9999444,0.2613051,0.09408427,-0.9606601,0,0.02229549,0.9943846,0.1034517,0,-0.9649987,0.04845083,-0.2577401,0,-0.372381,-1.421863,-1.148226,1,0.2613051,0.02229549,-0.9649988,0,0.09408427,0.9943845,0.04845083,0,-0.96066,0.1034516,-0.2577401,0,-0.8719748,1.540967,-0.5864007,1,1.0,1.0,0.1361718,0.1111622,0.9844289,-0.0004399568,0.0003434677,-0.02588893,52.03333,3253
25,0.236946,0.1188766,0.9998054,0.04585291,0.1128475,0.9998288,0.1414001,0.115862,0.999817,0.2614047,0.09426674,-0.9606151,0,0.0221464,0.9943718,0.1036059,0,-0.9649752,0.04835723,-0.2578458,0,-0.3721391,-1.42174,-1.148338,1,0.2614047,0.0221464,-0.9649752,0,0.09426674,0.9943718,0.04835723,0,-0.960615,0.1036059,-0.2578458,0,-0.8718089,1.540954,-0.5864477,1,1.0,1.0,0.1361382,0.1108748,0.984466,-0.0004399037,0.0003433838,-0.02588149,52.04445,3254
25,0.2356836,0.1185208,0.9996396,0.04394579,0.1119023,0.9997129,0.1398171,0.1152117,0.9996763,0.2617719,0.09443691,-0.9604984,0,0.02217434,0.9943501,0.1038086,0,-0.964875,0.04847259,-0.2581989,0,-0.3718399,-1.421499,-1.148507,1,0.2617719,0.02217434,-0.9648749,0,0.09443691,0.99435,0.04847258,0,-0.9604983,0.1038086,-0.2581988,0,-0.8715597,1.540938,-0.5864184,1,1.0,1.0,0.1346761,0.1102987,0.9847317,-0.000439629,0.0003422318,-0.02586087,52.05556,3255
25,0.2376159,0.1183432,0.9996918,0.04412034,0.1131513,0.9997764,0.1408708,0.1157471,0.999734,0.2624506,0.09474144,-0.9602831,0,0.02220434,0.9943119,0.1041673,0,-0.9646899,0.04866123,-0.2588542,0,-0.3712554,-1.421005,-1.148984,1,0.2624507,0.02220435,-0.9646899,0,0.09474145,0.994312,0.04866122,0,-0.9602832,0.1041673,-0.2588541,0,-0.8712854,1.540852,-0.5864178,1,1.0,1.0,0.1356527,0.1107883,0.9845427,-0.0004376834,0.0003397369,-0.02585768,52.07778,3256
25,0.2363135,0.1173355,0.9998196,0.04424882,0.1127434,0.9998559,0.1402823,0.1150396,0.9998378,0.2626204,0.095085,-0.9602028,0,0.0221504,0.9942763,0.1045174,0,-0.964645,0.04871728,-0.2590111,0,-0.3709919,-1.420609,-1.149448,1,0.2626204,0.0221504,-0.9646449,0,0.095085,0.9942763,0.04871729,0,-0.9602028,0.1045174,-0.2590111,0,-0.8711948,1.540833,-0.5863873,1,1.0,1.0,0.1350954,0.1101152,0.9846948,-0.0004373323,0.0003397369,-0.02585252,52.08889,3257
25,0.236434,0.117218,0.9997671,0.04423581,0.113314,0.9998291,0.140337,0.115266,0.9997981,0.2632505,0.09548227,-0.9599909,0,0.02228326,0.9942228,0.1049976,0,-0.9644701,0.04903239,-0.259602,0,-0.3705485,-1.419947,-1.150113,1,0.2632504,0.02228326,-0.9644701,0,0.09548227,0.9942228,0.04903238,0,-0.9599908,0.1049976,-0.2596019,0,-0.8709713,1.54076,-0.5863312,1,1.0,1.0,0.1351487,0.1103347,0.984663,-0.0004371647,0.0003386002,-0.02585072,52.11111,3258
25,0.2365619,0.117097,0.999848,0.04358508,0.1141824,0.9999318,0.1400762,0.1156398,0.9998899,0.2636795,0.09554218,-0.9598671,0,0.02237714,0.9942091,0.1051076,0,-0.9643508,0.04919378,-0.2600146,0,-0.370277,-1.41967,-1.150379,1,0.2636795,0.02237714,-0.9643508,0,0.09554218,0.9942091,0.04919379,0,-0.9598672,0.1051076,-0.2600146,0,-0.870938,1.540648,-0.5863533,1,1.0,1.0,0.1348854,0.1106845,0.9846597,-0.0004362874,0.0003380738,-0.02584651,52.12222,3259
25,0.2367277,0.1173253,0.9998112,0.04354647,0.1136668,0.9998935,0.1401398,0.115496,0.9998524,0.264097,0.09574391,-0.9597323,0,0.02246409,0.9941801,0.1053621,0,-0.9642346,0.04938534,-0.2604092,0,-0.370041,-1.419345,-1.150825,1,0.264097,0.0224641,-0.9642344,0,0.09574392,0.9941802,0.04938532,0,-0.9597321,0.1053621,-0.2604091,0,-0.8708631,1.540651,-0.5863968,1,1.0,1.0,0.1349531,0.1105515,0.9846654,-0.0004363181,0.0003380738,-0.0258409,52.13334,3260
25,0.2367054,0.1183477,0.9996709,0.04426743,0.1141976,0.9997171,0.140488,0.1162728,0.9996941,0.2646437,0.09642071,-0.9595138,0,0.02260944,0.994095,0.1061317,0,-0.9640812,0.04978113,-0.2609009,0,-0.3697588,-1.418422,-1.151768,1,0.2646436,0.02260943,-0.9640812,0,0.09642071,0.9940949,0.04978113,0,-0.9595139,0.1061317,-0.2609009,0,-0.8705183,1.540645,-0.5863643,1,1.0,1.0,0.1352904,0.1113,0.9845348,-0.0004371945,0.0003371582,-0.02584612,52.15556,3261
25,0.2367742,0.1185828,0.9997407,0.04427646,0.1145281,0.9998142,0.1405278,0.1165555,0.9997775,0.2649824,0.09695343,-0.9593666,0,0.02239468,0.9940451,0.1066436,0,-0.9639931,0.04974338,-0.2612332,0,-0.3691177,-1.417873,-1.152512,1,0.2649824,0.02239468,-0.9639932,0,0.09695342,0.994045,0.04974338,0,-0.9593666,0.1066436,-0.2612332,0,-0.8704045,1.540604,-0.5863717,1,1.0,1.0,0.1353133,0.1115594,0.9845024,-0.000437309,0.0003364868,-0.02584583,52.16667,3262
25,0.2361511,0.1169972,0.9998093,0.04427426,0.113909,0.99986,0.1402143,0.1154531,0.9998347,0.2653223,0.09798864,-0.9591675,0,0.02192954,0.9939515,0.1076083,0,-0.9639104,0.04958497,-0.2615686,0,-0.3681704,-1.41684,-1.153808,1,0.2653223,0.02192954,-0.9639103,0,0.09798863,0.9939514,0.04958497,0,-0.9591675,0.1076082,-0.2615686,0,-0.8701774,1.540503,-0.5864294,1,1.0,1.0,0.1350273,0.1105143,0.9846594,-0.0004373323,0.0003352661,-0.02583962,52.18889,3263
25,0.2358229,0.1168691,0.9997747,0.04427585,0.1145527,0.9998173,0.1400506,0.115711,0.9997959,0.2655118,0.09849101,-0.9590636,0,0.02172408,0.9939045,0.1080832,0,-0.9638628,0.04953213,-0.2617537,0,-0.367711,-1.41634,-1.154439,1,0.2655117,0.02172408,-0.9638628,0,0.09849103,0.9939045,0.04953213,0,-0.9590636,0.1080832,-0.2617537,0,-0.8700522,1.54047,-0.5864474,1,1.0,1.0,0.1348742,0.1107693,0.9846517,-0.0004372029,0.000331192,-0.02583936,52.2,3264
25,0.2367073,0.1195423,0.9997893,0.04405364,0.1163054,0.9998427,0.1403822,0.1179237,0.9998158,0.2657698,0.09894893,-0.958945,0,0.02168916,0.993853,0.108562,0,-0.9637926,0.04965122,-0.26199,0,-0.3674547,-1.415764,-1.155122,1,0.2657697,0.02168916,-0.9637925,0,0.09894893,0.993853,0.04965122,0,-0.958945,0.108562,-0.26199,0,-0.8699517,1.540433,-0.586486,1,1.0,1.0,0.1351517,0.1128635,0.9843759,-0.0004368825,0.000327385,-0.02583883,52.21111,3265
25,0.2374911,0.1187453,0.9997916,0.04399559,0.1168976,0.9998503,0.1407454,0.1178214,0.9998209,0.2663695,0.09951413,-0.9587201,0,0.02208004,0.9937651,0.1092864,0,-0.963618,0.05027916,-0.2625114,0,-0.3676397,-1.414756,-1.156139,1,0.2663695,0.02208004,-0.9636181,0,0.09951414,0.9937651,0.05027916,0,-0.9587201,0.1092864,-0.2625114,0,-0.8696977,1.540403,-0.5866314,1,1.0,1.0,0.1354949,0.1127613,0.9843404,-0.0004368061,0.000327095,-0.02583612,52.23333,3266
25,0.2383756,0.1196721,0.9997512,0.0444279,0.1156911,0.9998231,0.1414041,0.1176816,0.999787,0.2667267,0.09969121,-0.9586024,0,0.02209165,0.9937421,0.1094925,0,-0.963519,0.05038169,-0.2628552,0,-0.3674539,-1.414528,-1.156418,1,0.2667267,0.02209165,-0.963519,0,0.0996912,0.993742,0.05038168,0,-0.9586023,0.1094925,-0.2628552,0,-0.8695195,1.540413,-0.5867532,1,1.0,1.0,0.1361217,0.1126191,0.9842702,-0.000436699,0.0003306961,-0.02583783,52.24445,3267
25,0.2378843,0.1204792,0.9997852,0.04380144,0.1162782,0.9998867,0.1408463,0.1183787,0.9998359,0.2673696,0.1001179,-0.9583788,0,0.02214066,0.9936868,0.1099832,0,-0.9633397,0.05062529,-0.2634649,0,-0.3668424,-1.413807,-1.157394,1,0.2673696,0.02214066,-0.9633397,0,0.1001179,0.9936868,0.05062529,0,-0.9583789,0.1099832,-0.2634649,0,-0.8695924,1.540298,-0.5867523,1,1.0,1.0,0.13558,0.1132858,0.9842685,-0.0004365006,0.0003279496,-0.02583245,52.26667,3268
25,0.2380719,0.1203362,1.000076,0.04374443,0.1166572,1.000147,0.1409106,0.1184967,1.000112,0.2677003,0.1001256,-0.9582856,0,0.02193499,0.9936947,0.1099529,0,-0.9632525,0.05045441,-0.2638162,0,-0.366213,-1.413949,-1.157631,1,0.2677003,0.02193498,-0.9632524,0,0.1001256,0.9936947,0.0504544,0,-0.9582857,0.1099529,-0.2638161,0,-0.8697333,1.540352,-0.5868173,1,1.0,1.0,0.1356031,0.1133679,0.9842559,-0.000435547,0.000327095,-0.0258299,52.27778,3269
25,0.2374112,0.1201292,0.9998162,0.04375857,0.1166107,0.9998888,0.1405873,0.1183699,0.9998525,0.2685086,0.1004597,-0.9580246,0,0.02156557,0.9936708,0.1102419,0,-0.9630359,0.05026124,-0.2646427,0,-0.3649369,-1.413802,-1.158218,1,0.2685085,0.02156558,-0.9630358,0,0.1004597,0.9936708,0.05026122,0,-0.9580245,0.1102419,-0.2646426,0,-0.8695821,1.540408,-0.5869015,1,1.0,1.0,0.1353331,0.1132806,0.984303,-0.0004347609,0.0003274765,-0.02582774,52.3,3270
25,0.2375186,0.1197909,0.9998081,0.04418971,0.1166788,0.999882,0.1408566,0.1182349,0.9998451,0.2688795,0.100707,-0.9578946,0,0.02161181,0.9936377,0.1105312,0,-0.9629314,0.05042141,-0.2649923,0,-0.364677,-1.41344,-1.158687,1,0.2688795,0.02161181,-0.9629313,0,0.100707,0.9936376,0.05042141,0,-0.9578945,0.1105312,-0.2649923,0,-0.8695027,1.540399,-0.5869344,1,1.0,1.0,0.1355889,0.1131483,0.984283,-0.0004336778,0.0003284683,-0.02582635,52.31111,3271
25,0.2383376,0.1193428,0.9998376,0.04336479,0.1168307,0.9999208,0.140854,0.1180866,0.9998792,0.2692939,0.1005506,-0.9577945,0,0.0215935,0.9936541,0.1103865,0,-0.9628159,0.05040854,-0.2654138,0,-0.3642877,-1.41363,-1.158546,1,0.2692939,0.0215935,-0.9628158,0,0.1005506,0.9936541,0.05040853,0,-0.9577946,0.1103865,-0.2654138,0,-0.8694072,1.540413,-0.5869769,1,1.0,1.0,0.1355856,0.1130061,0.9842998,-0.0004317621,0.0003295593,-0.02580232,52.32222,3272
25,0.2369384,0.1211171,0.9998323,0.04411712,0.1156961,0.9999154,0.1405306,0.1184068,0.9998739,0.2699907,0.1006004,-0.9575931,0,0.02129322,0.9936599,0.110393,0,-0.9626275,0.05019533,-0.2661369,0,-0.3632174,-1.413782,-1.158645,1,0.2699908,0.02129322,-0.9626275,0,0.1006004,0.9936599,0.05019533,0,-0.9575931,0.110393,-0.2661369,0,-0.8692185,1.540459,-0.587036,1,1.0,1.0,0.1352766,0.1133086,0.9843076,-0.0004314873,0.0003359604,-0.02580162,52.34444,3273
25,0.2373685,0.1208681,0.9998302,0.04422486,0.115787,0.9998636,0.1407978,0.1183276,0.9998469,0.2701305,0.100641,-0.9575495,0,0.02101195,0.993669,0.1103649,0,-0.9625944,0.0499329,-0.2663056,0,-0.3626466,-1.413919,-1.158531,1,0.2701304,0.02101195,-0.9625944,0,0.1006411,0.993669,0.0499329,0,-0.9575495,0.1103649,-0.2663056,0,-0.8690903,1.540448,-0.5870037,1,1.0,1.0,0.1355333,0.1132321,0.9842811,-0.0004314873,0.0003364029,-0.025801,52.35556,3274
25,0.2374131,0.1203453,0.9999598,0.04442383,0.1158808,0.999964,0.1409187,0.118113,0.9999619,0.2704139,0.1007681,-0.9574561,0,0.02086979,0.99366,0.1104727,0,-0.962518,0.04985526,-0.2665965,0,-0.3622378,-1.413918,-1.158723,1,0.2704139,0.02086979,-0.9625179,0,0.1007681,0.99366,0.04985524,0,-0.9574561,0.1104727,-0.2665964,0,-0.8689942,1.540521,-0.5870804,1,1.0,1.0,0.1356358,0.1130149,0.9842919,-0.0004314873,0.0003366089,-0.02579948,52.37778,3275
25,0.237404,0.1203395,0.9999149,0.04458801,0.1141341,0.9999642,0.1409976,0.1172368,0.9999395,0.2706509,0.1007106,-0.9573951,0,0.02073228,0.9936724,0.1103876,0,-0.9624543,0.0497255,-0.2668504,0,-0.3618627,-1.414068,-1.158653,1,0.2706509,0.02073229,-0.9624544,0,0.1007106,0.9936723,0.0497255,0,-0.9573952,0.1103876,-0.2668504,0,-0.8689389,1.540524,-0.5871481,1,1.0,1.0,0.1357212,0.1121656,0.9843773,-0.0004331432,0.0003525162,-0.02584923,52.38889,3276
25,0.2368599,0.1191342,1.000028,0.04420865,0.1139829,1.000038,0.1405346,0.1165587,1.000033,0.2709021,0.100398,-0.9573569,0,0.0209654,0.9936948,0.1101413,0,-0.9623786,0.04990887,-0.2670891,0,-0.3620408,-1.414317,-1.15844,1,0.2709021,0.02096539,-0.9623785,0,0.100398,0.9936948,0.04990888,0,-0.957357,0.1101413,-0.2670891,0,-0.8689689,1.540582,-0.5872401,1,1.0,1.0,0.1352854,0.1115184,0.9845108,-0.000436035,0.0003536606,-0.02585188,52.41111,3277
25,0.2361899,0.1185562,1.00009,0.04412061,0.1127728,1.00009,0.1401553,0.1156644,1.00009,0.2709262,0.1002526,-0.9573653,0,0.02117318,0.9937006,0.1100494,0,-0.9623672,0.05008572,-0.2670969,0,-0.3622454,-1.414289,-1.158391,1,0.2709262,0.02117317,-0.9623672,0,0.1002526,0.9937007,0.05008572,0,-0.9573653,0.1100494,-0.2670968,0,-0.8690751,1.54053,-0.5871798,1,1.0,1.0,0.1349351,0.1106705,0.9846545,-0.0004375605,0.000353386,-0.02585072,52.42222,3278
25,0.2346588,0.1183565,1.000056,0.04395752,0.1123699,1.000065,0.1393083,0.1153632,1.000061,0.2709477,0.1001667,-0.9573683,0,0.02090371,0.9937243,0.1098865,0,-0.9623671,0.04978606,-0.2671534,0,-0.3618931,-1.414615,-1.158224,1,0.2709477,0.02090373,-0.9623672,0,0.1001667,0.9937243,0.04978606,0,-0.9573683,0.1098865,-0.2671535,0,-0.8690953,1.540576,-0.5872694,1,1.0,1.0,0.1341453,0.1104002,0.9847928,-0.0004378967,0.0003533783,-0.02585027,52.43333,3279
25,0.2360348,0.1188352,0.9998668,0.04364637,0.110766,0.999876,0.1398408,0.1148008,0.9998713,0.2710983,0.1001281,-0.9573296,0,0.02064859,0.993741,0.1097837,0,-0.9623301,0.04952968,-0.267334,0,-0.3615219,-1.41489,-1.158024,1,0.2710983,0.02064859,-0.9623303,0,0.1001281,0.993741,0.04952969,0,-0.9573296,0.1097837,-0.267334,0,-0.8689327,1.540631,-0.5874037,1,1.0,1.0,0.1346792,0.1098797,0.9847781,-0.0004378967,0.0003522187,-0.02585015,52.45555,3280
25,0.2362151,0.1192241,0.9999801,0.04373722,0.1113008,0.9999846,0.1399762,0.1152625,0.9999824,0.2711129,0.100065,-0.9573323,0,0.02052524,0.9937545,0.1096848,0,-0.9623288,0.04938642,-0.2673658,0,-0.3613772,-1.415083,-1.157867,1,0.2711128,0.02052524,-0.9623286,0,0.100065,0.9937544,0.0493864,0,-0.957332,0.1096847,-0.2673657,0,-0.8688891,1.540662,-0.5874518,1,1.0,1.0,0.1347864,0.110307,0.9847156,-0.0004378967,0.000349617,-0.02584883,52.46667,3281
25,0.235885,0.1194114,0.9999681,0.04348202,0.1113509,0.9999884,0.1396843,0.1153813,0.9999782,0.2711705,0.09997067,-0.9573257,0,0.02063446,0.9937593,0.1096202,0,-0.9623102,0.04947966,-0.2674153,0,-0.361766,-1.41515,-1.157678,1,0.2711704,0.02063446,-0.9623101,0,0.09997065,0.9937593,0.04947966,0,-0.9573256,0.1096202,-0.2674153,0,-0.8687009,1.540688,-0.5876908,1,1.0,1.0,0.1345114,0.11043,0.9847395,-0.0004373929,0.0003452149,-0.02583295,52.48889,3282
25,0.2360163,0.1190992,1.000082,0.04406348,0.1116429,1.000095,0.1400402,0.1153711,1.000089,0.2712376,0.09981942,-0.9573226,0,0.0205716,0.9937795,0.1094493,0,-0.9622927,0.04938044,-0.2674969,0,-0.3616447,-1.415244,-1.157539,1,0.2712375,0.02057162,-0.9622925,0,0.09981941,0.9937795,0.04938042,0,-0.9573224,0.1094493,-0.2674969,0,-0.8687773,1.540572,-0.5877606,1,1.0,1.0,0.1348353,0.1104182,0.9846965,-0.0004348913,0.0003339844,-0.02579618,52.5,3283
25,0.236314,0.1189489,0.9999917,0.04428111,0.1110731,1.000013,0.1402983,0.1150111,1.000002,0.2713869,0.09951762,-0.9573116,0,0.02069119,0.9938069,0.1091772,0,-0.9622479,0.0494372,-0.2676471,0,-0.3618525,-1.41556,-1.157256,1,0.271387,0.0206912,-0.9622479,0,0.09951763,0.993807,0.0494372,0,-0.9573115,0.1091772,-0.2676471,0,-0.8687796,1.540627,-0.5879468,1,1.0,1.0,0.1350916,0.110084,0.9846988,-0.000430664,0.0003331146,-0.02578826,52.52222,3284
25,0.2358212,0.1193654,0.9999001,0.04378447,0.1113574,0.9999138,0.1398032,0.1153615,0.9999069,0.2714446,0.09959309,-0.9572874,0,0.02059919,0.9938027,0.1092331,0,-0.9622336,0.04937007,-0.2677108,0,-0.3617039,-1.41552,-1.157282,1,0.2714446,0.0205992,-0.9622337,0,0.09959309,0.9938027,0.04937006,0,-0.9572873,0.109233,-0.2677108,0,-0.8686925,1.540612,-0.5879762,1,1.0,1.0,0.1346332,0.1104438,0.9847214,-0.0004278794,0.0003252106,-0.02575939,52.53333,3285
25,0.2372401,0.1202709,1.000016,0.04407503,0.1130692,1.000006,0.1406572,0.1166699,1.000011,0.2713101,0.09949969,-0.9573352,0,0.02029109,0.9938299,0.1090433,0,-0.9622781,0.04900992,-0.2676171,0,-0.3616083,-1.415898,-1.156898,1,0.27131,0.0202911,-0.9622779,0,0.09949969,0.9938299,0.0490099,0,-0.9573351,0.1090432,-0.267617,0,-0.8685493,1.540651,-0.5881802,1,1.0,1.0,0.1354047,0.1116672,0.9844776,-0.0004251553,0.0003203049,-0.02574695,52.55556,3286
25,0.2375142,0.1199805,0.999999,0.04431663,0.1115506,0.9999875,0.1409151,0.1157656,0.9999933,0.2712316,0.09952796,-0.9573545,0,0.02006872,0.9938384,0.1090066,0,-0.9623049,0.04877891,-0.267563,0,-0.3614396,-1.416043,-1.156807,1,0.2712316,0.02006871,-0.9623048,0,0.09952796,0.9938384,0.04877891,0,-0.9573545,0.1090066,-0.267563,0,-0.8685045,1.540671,-0.5882607,1,1.0,1.0,0.1356635,0.1108165,0.9845381,-0.000422501,0.0003138428,-0.02572337,52.56667,3287
25,0.2357415,0.1197792,1.000031,0.04495828,0.1136799,1.000022,0.1403496,0.1167294,1.000026,0.2711942,0.09948918,-0.9573692,0,0.020145,0.9938392,0.1089856,0,-0.9623139,0.04884247,-0.2675192,0,-0.3616434,-1.416057,-1.156779,1,0.2711941,0.02014501,-0.9623138,0,0.09948918,0.9938392,0.04884246,0,-0.957369,0.1089856,-0.2675191,0,-0.868506,1.540691,-0.5883111,1,1.0,1.0,0.1351109,0.1117375,0.9845099,-0.0004199976,0.0003119278,-0.02571785,52.57778,3288
25,0.2359681,0.1211058,0.9999068,0.04415889,0.1138802,0.9999141,0.1400637,0.1174931,0.9999106,0.2710953,0.09927987,-0.9574189,0,0.01993561,0.9938741,0.1087049,0,-0.962346,0.04855613,-0.2674555,0,-0.3616708,-1.416488,-1.15623,1,0.2710954,0.01993561,-0.9623461,0,0.09927987,0.9938741,0.04855612,0,-0.9574189,0.1087049,-0.2674555,0,-0.86832,1.540709,-0.5885132,1,1.0,1.0,0.1348451,0.1124805,0.9844617,-0.0004192805,0.0003095322,-0.02571202,52.6,3289
25,0.2358999,0.1198329,1.000047,0.04423645,0.1125296,0.9999868,0.140066,0.116181,1.000017,0.2707598,0.09943165,-0.9574981,0,0.01966916,0.9938722,0.108771,0,-0.962446,0.04828399,-0.267145,0,-0.3616924,-1.416527,-1.156198,1,0.2707599,0.01966916,-0.962446,0,0.09943165,0.9938722,0.04828399,0,-0.957498,0.1087709,-0.2671449,0,-0.8682778,1.540722,-0.5885862,1,1.0,1.0,0.134851,0.1112267,0.9846035,-0.0004171832,0.0003088379,-0.02571065,52.61111,3290
25,0.2346011,0.1199642,1.00006,0.04408084,0.1124213,1.000021,0.1393398,0.1161928,1.00004,0.2704492,0.09953137,-0.9575755,0,0.01965264,0.9938635,0.1088537,0,-0.9625337,0.04825827,-0.2668335,0,-0.3622146,-1.416331,-1.156302,1,0.2704492,0.01965264,-0.9625337,0,0.09953137,0.9938635,0.04825827,0,-0.9575755,0.1088537,-0.2668335,0,-0.8683162,1.540625,-0.588834,1,1.0,1.0,0.1341623,0.1112469,0.9846951,-0.0004161522,0.0003074951,-0.02570909,52.63334,3291
25,0.2328848,0.1198037,1.000007,0.04413684,0.1137266,0.9999894,0.1385103,0.1167651,0.9999985,0.2703379,0.09967326,-0.9575921,0,0.01948933,0.9938562,0.1089499,0,-0.9625682,0.04811613,-0.2667345,0,-0.3622353,-1.416248,-1.156402,1,0.270338,0.01948933,-0.9625682,0,0.09967326,0.9938562,0.04811612,0,-0.9575921,0.1089499,-0.2667345,0,-0.8682739,1.540596,-0.5889842,1,1.0,1.0,0.1333769,0.111808,0.9847383,-0.0004154667,0.0003054352,-0.02570812,52.64445,3292
25,0.2329317,0.1202111,1.000034,0.04402815,0.1141051,0.999972,0.138478,0.1171581,1.000003,0.2697785,0.09980514,-0.9577361,0,0.01955672,0.993841,0.1090764,0,-0.9627238,0.04815665,-0.2661651,0,-0.3630741,-1.41604,-1.156299,1,0.2697786,0.01955671,-0.9627238,0,0.09980514,0.9938409,0.04815665,0,-0.9577361,0.1090764,-0.2661651,0,-0.8681516,1.540544,-0.5891148,1,1.0,1.0,0.1333399,0.1121827,0.9847007,-0.0004149321,0.0003032684,-0.02570744,52.66667,3293
25,0.2331588,0.119641,1.000056,0.0439014,0.113483,1.000023,0.138529,0.1165621,1.000039,0.2696296,0.09972182,-0.9577867,0,0.01976694,0.9938408,0.1090403,0,-0.9627612,0.04833301,-0.2659977,0,-0.3635626,-1.416019,-1.1562,1,0.2696296,0.01976694,-0.9627612,0,0.09972183,0.9938408,0.04833301,0,-0.9577868,0.1090403,-0.2659977,0,-0.8681577,1.540557,-0.58913,1,1.0,1.0,0.1333906,0.1116187,0.984758,-0.0004136739,0.0002974091,-0.02570664,52.67778,3294
25,0.2327632,0.1198534,1.000046,0.0436058,0.1140846,1.000027,0.1381838,0.116969,1.000037,0.2695222,0.09985797,-0.9578028,0,0.01972432,0.993828,0.1091642,0,-0.9627922,0.04831419,-0.2658891,0,-0.3637208,-1.41593,-1.156378,1,0.2695222,0.01972432,-0.9627921,0,0.09985797,0.9938281,0.04831419,0,-0.9578028,0.1091642,-0.265889,0,-0.868159,1.5406,-0.5892462,1,1.0,1.0,0.1330585,0.1120145,0.984758,-0.0004121941,0.0002926407,-0.0257045,52.68889,3295
25,0.2327364,0.1190818,1.000016,0.04393405,0.1132188,0.9999982,0.1383346,0.1161502,1.000007,0.2693108,0.1000901,-0.957838,0,0.01971546,0.9938032,0.1093916,0,-0.9628515,0.04834455,-0.2656686,0,-0.3639854,-1.415589,-1.1567,1,0.2693108,0.01971545,-0.9628515,0,0.1000901,0.9938032,0.04834455,0,-0.9578381,0.1093916,-0.2656686,0,-0.86822,1.540526,-0.5893269,1,1.0,1.0,0.1332157,0.1112417,0.9848242,-0.0004098136,0.0002916947,-0.02569014,52.71111,3296
25,0.2329348,0.1185774,0.9999792,0.04395941,0.1143393,0.9999607,0.1384466,0.1164584,0.99997,0.2692214,0.1001504,-0.957857,0,0.01978531,0.9937933,0.1094688,0,-0.9628752,0.04842284,-0.2655689,0,-0.3643417,-1.415506,-1.156742,1,0.2692213,0.01978532,-0.9628749,0,0.1001504,0.9937932,0.04842282,0,-0.9578567,0.1094688,-0.2655689,0,-0.8681415,1.540556,-0.5894675,1,1.0,1.0,0.13332,0.1115413,0.9847762,-0.00040715,0.0002870636,-0.02568213,52.72223,3297
25,0.2333639,0.1184693,0.9999433,0.04403988,0.1147757,0.9999376,0.1387016,0.1166225,0.9999403,0.2691814,0.1003096,-0.9578515,0,0.01969233,0.99378,0.1096062,0,-0.9628882,0.04836627,-0.2655318,0,-0.3644729,-1.415389,-1.156744,1,0.2691814,0.01969233,-0.9628881,0,0.1003096,0.99378,0.04836627,0,-0.9578515,0.1096062,-0.2655317,0,-0.8679029,1.540549,-0.5896419,1,1.0,1.0,0.1335623,0.1117083,0.9847245,-0.0004036566,0.0002778397,-0.02565264,52.74445,3298
25,0.2326699,0.1183114,1.000005,0.04439019,0.115702,1.000011,0.1385302,0.1170067,1.000008,0.2692065,0.1003826,-0.9578368,0,0.01962596,0.9937748,0.109665,0,-0.9628826,0.048321,-0.2655605,0,-0.3644339,-1.415336,-1.156858,1,0.2692064,0.01962597,-0.9628823,0,0.1003826,0.9937748,0.04832098,0,-0.9578367,0.109665,-0.2655604,0,-0.8678983,1.540544,-0.5897323,1,1.0,1.0,0.1333851,0.1120745,0.9847069,-0.0003997497,0.0002729187,-0.02563421,52.75556,3299
25,0.233314,0.1184086,1.000032,0.04437666,0.1156656,1.000008,0.1388447,0.117037,1.00002,0.269077,0.1004502,-0.957866,0,0.01956169,0.9937711,0.1097106,0,-0.96292,0.04825807,-0.265436,0,-0.3645492,-1.415308,-1.156888,1,0.2690771,0.01956168,-0.96292,0,0.1004502,0.993771,0.04825808,0,-0.9578661,0.1097106,-0.265436,0,-0.8678844,1.540547,-0.5898114,1,1.0,1.0,0.1336768,0.1121002,0.9846645,-0.0003965916,0.0002704239,-0.0256323,52.76667,3300
25,0.2337924,0.1183338,0.9999872,0.04445063,0.1151659,0.999989,0.1391214,0.1167499,0.9999881,0.2692171,0.1004707,-0.9578245,0,0.01951081,0.9937705,0.1097251,0,-0.9628819,0.04822781,-0.2655798,0,-0.364537,-1.415327,-1.156923,1,0.2692171,0.01951081,-0.9628818,0,0.1004707,0.9937705,0.04822781,0,-0.9578245,0.1097251,-0.2655798,0,-0.8677909,1.540566,-0.5900034,1,1.0,1.0,0.1339455,0.1118288,0.9846588,-0.0003950046,0.0002699432,-0.02562428,52.78889,3301
25,0.2370576,0.117575,0.999948,0.04810801,0.1126757,0.9999791,0.1425837,0.1151253,0.9999636,0.2693704,0.100379,-0.957791,0,0.01942039,0.9937846,0.109613,0,-0.9628409,0.04812717,-0.2657467,0,-0.3643122,-1.415447,-1.156794,1,0.2693703,0.01942039,-0.9628408,0,0.100379,0.9937845,0.04812716,0,-0.957791,0.109613,-0.2657467,0,-0.8677509,1.540524,-0.5900674,1,1.0,1.0,0.1372538,0.110206,0.9843861,-0.0004306482,0.0002938843,-0.02573784,52.8,3302
25,0.235642,0.1122296,0.9999384,0.05445026,0.1056587,0.9999566,0.1450468,0.1089442,0.9999475,0.2695017,0.1005249,-0.9577388,0,0.01934139,0.9937711,0.1097494,0,-0.9628057,0.04810166,-0.2658787,0,-0.3642214,-1.415331,-1.15699,1,0.2695017,0.0193414,-0.9628057,0,0.1005249,0.9937712,0.04810166,0,-0.9577388,0.1097494,-0.2658787,0,-0.8676597,1.540539,-0.5902137,1,1.0,1.0,0.1396561,0.1043039,0.9846912,-0.000430489,0.0002924271,-0.02578798,52.82222,3303
25,0.2326418,0.1123687,1.000011,0.04851191,0.1063231,0.9999905,0.1405762,0.109346,1.000001,0.2693791,0.1005819,-0.9577674,0,0.01919436,0.9937726,0.1097617,0,-0.9628429,0.04795124,-0.2657709,0,-0.3641865,-1.415348,-1.156956,1,0.2693791,0.01919437,-0.962843,0,0.1005819,0.9937726,0.04795123,0,-0.9577672,0.1097617,-0.2657709,0,-0.8676322,1.540514,-0.5902721,1,1.0,1.0,0.1354341,0.1047461,0.9852339,-0.0004309854,0.0002895356,-0.02577524,52.83334,3304
25,0.234151,0.1146606,0.999882,0.04861093,0.1083146,0.9998975,0.1413814,0.1114877,0.9998898,0.2694569,0.1007078,-0.9577322,0,0.01920466,0.9937572,0.1098991,0,-0.962821,0.04800601,-0.2658406,0,-0.364322,-1.415204,-1.157095,1,0.2694568,0.01920467,-0.9628209,0,0.1007078,0.9937571,0.04800599,0,-0.9577321,0.1098991,-0.2658407,0,-0.8674958,1.54053,-0.5904414,1,1.0,1.0,0.1361817,0.1067922,0.9849111,-0.0004304117,0.0002801514,-0.02574144,52.84444,3305
25,0.234488,0.1142204,0.9999313,0.04848561,0.1102725,0.9999672,0.1414878,0.1122467,0.9999492,0.2695927,0.100883,-0.9576755,0,0.01936388,0.9937283,0.1101319,0,-0.9627797,0.04823507,-0.2659484,0,-0.3645836,-1.414821,-1.157485,1,0.2695927,0.01936387,-0.9627797,0,0.100883,0.9937283,0.04823507,0,-0.9576756,0.1101319,-0.2659484,0,-0.8674749,1.540483,-0.590601,1,1.0,1.0,0.1362658,0.1075103,0.9848214,-0.0004294431,0.000277298,-0.02571643,52.86667,3306
25,0.2359172,0.1144805,0.9999444,0.04855883,0.1074573,0.9999632,0.1422386,0.110969,0.999954,0.2696766,0.1010047,-0.9576391,0,0.01926742,0.9937187,0.110236,0,-0.9627582,0.0481793,-0.2660366,0,-0.3644166,-1.414743,-1.157645,1,0.2696766,0.01926743,-0.9627581,0,0.1010047,0.9937186,0.04817929,0,-0.9576391,0.110236,-0.2660365,0,-0.8674359,1.540492,-0.5906596,1,1.0,1.0,0.1369886,0.1062812,0.9848545,-0.0004291916,0.0002814484,-0.02573077,52.87778,3307
25,0.2362129,0.1151922,1.000005,0.04959428,0.1056938,1.00001,0.1429038,0.1104428,1.000007,0.2696511,0.100875,-0.9576599,0,0.01941161,0.9937266,0.1101398,0,-0.9627624,0.04828905,-0.2660013,0,-0.3648446,-1.414799,-1.157508,1,0.2696511,0.01941161,-0.9627625,0,0.100875,0.9937266,0.04828905,0,-0.9576599,0.1101398,-0.2660013,0,-0.8674001,1.540493,-0.5908381,1,1.0,1.0,0.1376166,0.1057628,0.9848228,-0.0004301984,0.0002861023,-0.02573052,52.9,3308
25,0.2380044,0.1166316,1.000019,0.04957417,0.1052165,1.000031,0.1437897,0.1109239,1.000025,0.2696779,0.1009729,-0.9576421,0,0.01909729,0.9937308,0.110156,0,-0.9627612,0.047995,-0.2660589,0,-0.364439,-1.414938,-1.157586,1,0.2696779,0.01909729,-0.9627612,0,0.1009729,0.9937308,0.04799499,0,-0.9576421,0.110156,-0.2660589,0,-0.8674018,1.540543,-0.590944,1,1.0,1.0,0.1384429,0.1062056,0.9846593,-0.0004304815,0.0002862397,-0.0257254,52.91111,3309
25,0.2380567,0.1167468,1.000025,0.04909609,0.1056865,1.000002,0.1435758,0.1112168,1.000013,0.2695456,0.1010462,-0.9576716,0,0.01892985,0.9937315,0.1101789,0,-0.9628016,0.04782681,-0.2659431,0,-0.3643461,-1.415022,-1.157578,1,0.2695455,0.01892985,-0.9628016,0,0.1010462,0.9937314,0.0478268,0,-0.9576715,0.1101789,-0.2659431,0,-0.8673891,1.540589,-0.5909669,1,1.0,1.0,0.1382402,0.1064875,0.9846573,-0.0004318161,0.0002865906,-0.02572373,52.92222,3310
25,0.2384045,0.1167529,1.000009,0.04855672,0.1078545,1.000019,0.1434809,0.1123037,1.000014,0.2696622,0.1009077,-0.9576534,0,0.01853873,0.9937661,0.1099331,0,-0.9627765,0.04739849,-0.2661105,0,-0.3637394,-1.415427,-1.157256,1,0.2696622,0.01853873,-0.9627765,0,0.1009077,0.9937661,0.04739848,0,-0.9576533,0.1099331,-0.2661105,0,-0.8673353,1.540567,-0.5910684,1,1.0,1.0,0.1381365,0.1075202,0.9845597,-0.0004324494,0.0002869873,-0.02572067,52.94445,3311
25,0.2384629,0.1169221,1.000026,0.0486476,0.107217,1.000049,0.1435559,0.1120695,1.000038,0.2697812,0.1008471,-0.9576262,0,0.01854138,0.9937722,0.1098771,0,-0.9627431,0.04739849,-0.2662312,0,-0.3637483,-1.415492,-1.157266,1,0.2697812,0.01854138,-0.9627431,0,0.1008471,0.9937722,0.04739849,0,-0.9576262,0.1098771,-0.2662312,0,-0.8673472,1.540578,-0.5912042,1,1.0,1.0,0.1382086,0.1072945,0.9845741,-0.0004323423,0.0002878266,-0.02571101,52.95555,3312
25,0.2384671,0.1166113,1.000002,0.04878846,0.1072148,1.000015,0.1436282,0.1119131,1.000008,0.2698292,0.1006992,-0.9576282,0,0.01871533,0.9937803,0.1097741,0,-0.9627263,0.04754259,-0.2662663,0,-0.3641484,-1.415543,-1.157156,1,0.2698292,0.01871533,-0.9627263,0,0.1006992,0.9937804,0.04754259,0,-0.9576284,0.1097741,-0.2662663,0,-0.8673236,1.54058,-0.5913883,1,1.0,1.0,0.1382826,0.1071476,0.9845797,-0.0004323199,0.0002884216,-0.02570994,52.97778,3313
25,0.2385631,0.1166197,1.000064,0.04934907,0.1073367,1.000082,0.1439567,0.1119783,1.000074,0.2699277,0.1007126,-0.9575991,0,0.01879311,0.9937744,0.1098147,0,-0.9626972,0.04763827,-0.2663545,0,-0.3642821,-1.415526,-1.157337,1,0.2699277,0.01879311,-0.9626971,0,0.1007126,0.9937744,0.04763827,0,-0.9575991,0.1098146,-0.2663545,0,-0.8673735,1.540651,-0.591522,1,1.0,1.0,0.138583,0.1071987,0.9845319,-0.0004321905,0.0002884216,-0.02570518,52.98889,3314
25,0.2382367,0.1167686,0.9999958,0.05006777,0.1090099,1.000022,0.1441532,0.1128893,1.000009,0.2702417,0.1006072,-0.9575217,0,0.01887531,0.9937806,0.1097441,0,-0.9626075,0.04773096,-0.2666619,0,-0.3641817,-1.415471,-1.157447,1,0.2702417,0.01887532,-0.9626076,0,0.1006072,0.9937806,0.04773096,0,-0.9575216,0.1097441,-0.2666619,0,-0.8674567,1.540565,-0.5916492,1,1.0,1.0,0.1387682,0.1080834,0.9844092,-0.0004316643,0.0002755279,-0.02566239,53.01111,3315
25,0.2375145,0.1176601,0.9999732,0.04914452,0.1091625,1.000006,0.1433305,0.1134114,0.9999894,0.2704192,0.1004374,-0.9574893,0,0.01890301,0.9937977,0.1095847,0,-0.9625571,0.04773324,-0.2668434,0,-0.3640274,-1.41571,-1.157277,1,0.2704192,0.01890301,-0.9625571,0,0.1004374,0.9937977,0.04773324,0,-0.9574895,0.1095847,-0.2668434,0,-0.8674505,1.54063,-0.5916326,1,1.0,1.0,0.1379917,0.1085994,0.9844615,-0.0004313961,0.0002708969,-0.02563838,53.02222,3316
25,0.2372991,0.1174868,0.9999285,0.0491809,0.1102549,0.9999552,0.1432408,0.1138708,0.9999418,0.2705597,0.1004628,-0.957447,0,0.01894382,0.993792,0.1096296,0,-0.9625168,0.04779907,-0.2669769,0,-0.3639807,-1.41562,-1.157356,1,0.2705597,0.01894383,-0.9625168,0,0.1004628,0.993792,0.04779906,0,-0.9574469,0.1096296,-0.2669769,0,-0.8674109,1.540607,-0.5916593,1,1.0,1.0,0.1379069,0.1090431,0.9844244,-0.0004311902,0.0002690735,-0.02563708,53.03333,3317
25,0.2363875,0.1173512,1.000059,0.05009224,0.1095104,1.000098,0.1432411,0.1134309,1.000079,0.2708372,0.1001766,-0.9573985,0,0.01884759,0.9938279,0.1093202,0,-0.9624407,0.04765262,-0.2672775,0,-0.3637623,-1.416,-1.157155,1,0.2708372,0.01884759,-0.9624407,0,0.1001766,0.9938278,0.04765262,0,-0.9573985,0.1093202,-0.2672775,0,-0.8674883,1.540616,-0.5919052,1,1.0,1.0,0.1378946,0.1086119,0.9844738,-0.0004298473,0.0002690735,-0.02563388,53.05556,3318
25,0.2361003,0.1162973,0.9999951,0.05050302,0.1096361,1.000047,0.1433032,0.1129668,1.000021,0.2711141,0.09993789,-0.9573451,0,0.01881955,0.9938549,0.1090788,0,-0.9623632,0.0475896,-0.2675673,0,-0.3635105,-1.416283,-1.156943,1,0.2711141,0.01881956,-0.9623632,0,0.09993789,0.993855,0.04758959,0,-0.9573451,0.1090788,-0.2675673,0,-0.8675005,1.540619,-0.591989,1,1.0,1.0,0.1379674,0.1081769,0.9845114,-0.0004295725,0.0002690735,-0.02563199,53.06667,3319
25,0.2363018,0.1152167,1.000041,0.05067666,0.1090708,1.000093,0.1434909,0.1121439,1.000067,0.2714584,0.09981394,-0.9572604,0,0.01858709,0.9938786,0.108903,0,-0.9622707,0.04735533,-0.2679415,0,-0.3629129,-1.416531,-1.157089,1,0.2714584,0.01858709,-0.9622707,0,0.09981393,0.9938785,0.04735533,0,-0.9572604,0.108903,-0.2679414,0,-0.8677307,1.540615,-0.5921724,1,1.0,1.0,0.1381498,0.1073875,0.9845723,-0.0004293136,0.0002707367,-0.02563051,53.08889,3320
25,0.2362281,0.1148666,0.9999658,0.05013378,0.1093495,1.000012,0.1431822,0.1121081,0.9999889,0.2716905,0.09972208,-0.9572041,0,0.01847442,0.9938933,0.1087881,0,-0.9622073,0.0472405,-0.2681891,0,-0.3626096,-1.416738,-1.157022,1,0.2716906,0.01847442,-0.9622073,0,0.09972209,0.9938933,0.0472405,0,-0.9572042,0.1087881,-0.2681891,0,-0.8677082,1.540655,-0.5922788,1,1.0,1.0,0.1378699,0.107364,0.9846141,-0.0004292298,0.0002726364,-0.02563055,53.1,3321
25,0.23625,0.1141721,0.9999825,0.05012816,0.1087224,1.000005,0.1431898,0.1114471,0.999994,0.271809,0.09975503,-0.9571671,0,0.0184843,0.9938884,0.1088311,0,-0.9621738,0.04727384,-0.2683039,0,-0.3625566,-1.416652,-1.15714,1,0.2718089,0.01848431,-0.9621736,0,0.09975503,0.9938884,0.04727384,0,-0.957167,0.1088311,-0.2683039,0,-0.8677117,1.540628,-0.5923368,1,1.0,1.0,0.137885,0.1067292,0.984681,-0.0004289774,0.0002797547,-0.02563407,53.11111,3322
25,0.2356281,0.1145521,1.00001,0.04958765,0.1082486,1.000032,0.1426085,0.1114003,1.000021,0.2721329,0.09990241,-0.9570596,0,0.01833872,0.9938769,0.1089601,0,-0.9620849,0.04720287,-0.2686346,0,-0.3621193,-1.416597,-1.157477,1,0.2721329,0.01833872,-0.9620849,0,0.09990242,0.9938769,0.04720288,0,-0.9570597,0.1089601,-0.2686346,0,-0.8677091,1.540682,-0.5924605,1,1.0,1.0,0.1373346,0.1066874,0.9847624,-0.0004292522,0.0002824554,-0.0256366,53.13334,3323
25,0.2357429,0.1149156,1.00006,0.04920438,0.1094827,1.000077,0.1424742,0.1121992,1.000069,0.2722452,0.09969683,-0.9570492,0,0.0185097,0.9938913,0.1088,0,-0.9620499,0.04733499,-0.2687368,0,-0.3623301,-1.416707,-1.157347,1,0.2722452,0.0185097,-0.9620497,0,0.09969684,0.9938914,0.04733498,0,-0.9570491,0.1088,-0.2687367,0,-0.8677538,1.540679,-0.5925414,1,1.0,1.0,0.1371898,0.1074337,0.9847015,-0.0004303278,0.0002901535,-0.02565221,53.14445,3324
25,0.2350159,0.1160211,1.000056,0.0488171,0.1071021,1.000072,0.141917,0.1115619,1.000064,0.2724609,0.09953327,-0.9570048,0,0.01868045,0.9939003,0.1086889,0,-0.9619855,0.04749076,-0.2689396,0,-0.362493,-1.416808,-1.157403,1,0.2724609,0.01868045,-0.9619855,0,0.09953328,0.9939003,0.04749076,0,-0.9570048,0.1086889,-0.2689396,0,-0.8678551,1.540734,-0.5926992,1,1.0,1.0,0.1366745,0.1068285,0.9848389,-0.0004327465,0.0002972641,-0.02566927,53.16667,3325
25,0.2354384,0.1166863,1.000257,0.04844671,0.1064662,1.000273,0.1419431,0.1115761,1.000265,0.2725562,0.09920819,-0.9570115,0,0.01865626,0.9939378,0.1083494,0,-0.961959,0.04738557,-0.2690531,0,-0.3623658,-1.417133,-1.157193,1,0.2725562,0.01865626,-0.9619589,0,0.0992082,0.9939378,0.04738557,0,-0.9570113,0.1083494,-0.2690531,0,-0.8680909,1.540684,-0.5927758,1,1.0,1.0,0.136672,0.1068141,0.9848409,-0.000433784,0.0003035507,-0.02568421,53.17778,3326
25,0.23415,0.1167034,1.000082,0.04829769,0.1079683,1.000091,0.1412243,0.1123358,1.000086,0.2726656,0.09899326,-0.9570025,0,0.01854437,0.993967,0.1081005,0,-0.9619302,0.0472223,-0.2691849,0,-0.3622143,-1.417528,-1.157041,1,0.2726656,0.01854437,-0.96193,0,0.09899326,0.9939671,0.04722229,0,-0.9570025,0.1081005,-0.2691848,0,-0.8682017,1.54077,-0.5929437,1,1.0,1.0,0.1360084,0.1075601,0.9848516,-0.0004364466,0.0003058243,-0.0256936,53.2,3327
25,0.2338257,0.1168923,0.9999497,0.04772411,0.1069541,0.9999705,0.1407754,0.1119232,0.9999601,0.2727758,0.09894941,-0.9569757,0,0.01854248,0.9939714,0.10806,0,-0.9618989,0.04722087,-0.2692966,0,-0.3621256,-1.417575,-1.156992,1,0.2727758,0.01854248,-0.9618989,0,0.09894942,0.9939715,0.04722087,0,-0.9569755,0.10806,-0.2692966,0,-0.8681662,1.540768,-0.5929633,1,1.0,1.0,0.135608,0.1071768,0.9849485,-0.0004398571,0.0003145828,-0.02571605,53.21111,3328
