flag,xl,yl,zl,xr,yr,zr,xc,yc,zc,mat_00,mat_10,mat_20,mat_30,mat_01,mat_11,mat_21,mat_31,mat_02,mat_12,mat_22,mat_32,mat_03,mat_13,mat_23,mat_33,ctw_00,ctw_10,ctw_20,ctw_30,ctw_01,ctw_11,ctw_21,ctw_31,ctw_02,ctw_12,ctw_22,ctw_32,ctw_03,ctw_13,ctw_23,ctw_33,opennessl,opennessr,ray_x,ray_y,ray_z,eye_x,eye_y,eye_z,time,frame,u,v
25.0,0.2077963,0.1830368,1.000027,0.1396616,0.1167117,1.000013,0.1737288,0.149874,1.00002,-0.7564278,-0.1188368,0.6431913,0.0,0.04003442,0.973101,0.2268739,0.0,0.6528511,-0.1973635,0.731323,0.0,0.5945001,-1.793386,0.2564745,1.0,-0.7564276,0.04003439,0.6528509,0.0,-0.1188367,0.973101,-0.1973634,0.0,0.6431912,0.2268739,0.7313228,0.0,0.07161403,1.663158,-0.9296343,1.0,1.0,1.0,0.1641612,0.1526805,0.974546,0.001928231,-0.00991185,-0.01987605,33.7,2099.0,0.175,0.104
25.0,0.2076668,0.1829685,0.9998695,0.1397907,0.1153362,0.9998714,0.1737287,0.1491522,0.9998704,-0.7564092,-0.1187503,0.6432293,0.0,0.04023793,0.9730719,0.2269625,0.0,0.6528602,-0.1975587,0.7312623,0.0,0.5941464,-1.793507,0.2563952,1.0,-0.7564089,0.04023791,0.6528599,0.0,-0.1187502,0.9730718,-0.1975586,0.0,0.643229,0.2269624,0.7312619,0.0,0.07151726,1.663112,-0.9297093,1.0,1.0,1.0,0.164202,0.1520249,0.9746415,0.001928116,-0.009907929,-0.01987442,33.71111,2100.0,0.175,0.104
25.0,0.2078443,0.1844228,0.9999567,0.139142,0.114792,0.9999632,0.1734934,0.1496075,0.99996,-0.7563332,-0.1186866,0.64333,0.0,0.04035938,0.9730657,0.2269675,0.0,0.6529405,-0.1976275,0.7311718,0.0,0.5940011,-1.793603,0.2563367,1.0,-0.7563333,0.04035938,0.6529404,0.0,-0.1186866,0.9730656,-0.1976275,0.0,0.6433301,0.2269675,0.7311718,0.0,0.07147703,1.66314,-0.9297386,1.0,1.0,1.0,0.1639583,0.1524398,0.9746177,0.001928003,-0.009904999,-0.01987424,33.73333,2101.0,0.175,0.104
25.0,0.2082454,0.1848249,0.999999,0.1394657,0.1151612,1.000002,0.1738554,0.1499932,1.0,-0.7563269,-0.1186603,0.6433424,0.0,0.04046302,0.9730443,0.2270409,0.0,0.6529413,-0.1977487,0.7311382,0.0,0.5938328,-1.793723,0.2561755,1.0,-0.7563269,0.04046301,0.6529413,0.0,-0.1186603,0.9730443,-0.1977487,0.0,0.6433423,0.2270408,0.7311382,0.0,0.07147939,1.663182,-0.9297441,1.0,1.0,1.0,0.164279,0.1527837,0.9745099,0.001929023,-0.009902664,-0.01987395,33.74445,2102.0,0.175,0.104
25.0,0.2086594,0.1845479,0.9999525,0.1402338,0.1149451,0.9999433,0.1744464,0.1497465,0.9999478,-0.7564214,-0.1178531,0.6433799,0.0,0.04087256,0.9731947,0.2263218,0.0,0.6528066,-0.1974912,0.7313284,0.0,0.5930293,-1.793753,0.2576528,1.0,-0.7564211,0.04087254,0.6528063,0.0,-0.1178531,0.9731947,-0.1974912,0.0,0.6433796,0.2263218,0.731328,0.0,0.07141199,1.66312,-0.9298123,1.0,1.0,1.0,0.1648419,0.1525449,0.9744523,0.001929666,-0.009900948,-0.01987323,33.76667,2103.0,0.175,0.104
25.0,0.2086306,0.1844061,0.9999118,0.138736,0.1151724,0.9999223,0.1736836,0.1497896,0.999917,-0.7565587,-0.1177302,0.6432409,0.0,0.04095275,0.973199,0.2262886,0.0,0.6526425,-0.197543,0.7314607,0.0,0.5927467,-1.793825,0.2578976,1.0,-0.7565584,0.04095271,0.6526423,0.0,-0.1177302,0.9731991,-0.197543,0.0,0.6432408,0.2262886,0.7314606,0.0,0.07136997,1.663115,-0.9298511,1.0,1.0,1.0,0.1641361,0.1526068,0.9745616,0.001929628,-0.009900322,-0.01987358,33.77778,2104.0,0.175,0.104
25.0,0.2082923,0.184307,0.9998793,0.1387145,0.1152797,0.9998875,0.1735035,0.1497936,0.9998833,-0.75657,-0.1177435,0.6432251,0.0,0.0410291,0.97317,0.2263995,0.0,0.6526244,-0.197678,0.7314403,0.0,0.592523,-1.793919,0.2577944,1.0,-0.7565699,0.04102909,0.6526243,0.0,-0.1177435,0.97317,-0.197678,0.0,0.6432249,0.2263995,0.7314402,0.0,0.07124314,1.663113,-0.9298744,1.0,1.0,1.0,0.1639738,0.1526196,0.9745871,0.001929628,-0.009900071,-0.01987318,33.78889,2105.0,0.175,0.104
25.0,0.2062228,0.1839676,0.999916,0.1387179,0.1150916,0.9999249,0.1724704,0.1495297,0.9999203,-0.756752,-0.1179681,0.6429698,0.0,0.04068242,0.9731765,0.2264341,0.0,0.6524351,-0.197512,0.731654,0.0,0.5929778,-1.793787,0.2580828,1.0,-0.7567519,0.04068239,0.6524349,0.0,-0.1179681,0.9731765,-0.197512,0.0,0.6429696,0.2264341,0.7316538,0.0,0.07118803,1.663109,-0.9300011,1.0,1.0,1.0,0.1630137,0.1523929,0.9747835,0.001929688,-0.009899887,-0.01987316,33.81111,2106.0,0.175,0.104
25.0,0.2064961,0.1834973,0.9998612,0.1387479,0.1152323,0.9998932,0.172622,0.1493653,0.9998773,-0.7567456,-0.1186555,0.6428509,0.0,0.04008316,0.9731163,0.2267997,0.0,0.6524796,-0.1973971,0.7316453,0.0,0.5939811,-1.793528,0.2575257,1.0,-0.7567455,0.04008313,0.6524795,0.0,-0.1186555,0.9731162,-0.1973971,0.0,0.6428507,0.2267996,0.7316452,0.0,0.07112999,1.663096,-0.9300152,1.0,1.0,1.0,0.1631641,0.1522424,0.9747819,0.001930634,-0.009900071,-0.01987288,33.82222,2107.0,0.175,0.104
25.0,0.2056256,0.1836043,0.9998603,0.1388155,0.1152824,0.9998993,0.1722206,0.149444,0.9998798,-0.756865,-0.1191598,0.6426169,0.0,0.03963869,0.9730599,0.2271194,0.0,0.6523682,-0.1973712,0.7317517,0.0,0.5946279,-1.793327,0.257138,1.0,-0.7568648,0.03963872,0.6523682,0.0,-0.1191598,0.9730599,-0.1973712,0.0,0.6426169,0.2271194,0.7317516,0.0,0.07111931,1.663043,-0.9300284,1.0,1.0,1.0,0.1627879,0.1523251,0.9748319,0.001931367,-0.009900322,-0.01987281,33.83334,2108.0,0.175,0.104
25.0,0.2056138,0.1809809,0.9998746,0.1379845,0.115282,0.9998916,0.171799,0.1481317,0.9998831,-0.7566972,-0.1201653,0.6426272,0.0,0.03893977,0.9729334,0.2277813,0.0,0.6526049,-0.1973852,0.7315367,0.0,0.596028,-1.793042,0.2560222,1.0,-0.7566972,0.03893974,0.6526048,0.0,-0.1201653,0.9729334,-0.1973852,0.0,0.6426272,0.2277813,0.7315367,0.0,0.07102441,1.662985,-0.9301804,1.0,1.0,1.0,0.1624256,0.1511088,0.9750816,0.001931527,-0.009900498,-0.01987253,33.85556,2109.0,0.175,0.104
25.0,0.2065015,0.1801644,0.9998091,0.1381013,0.1151638,0.9998149,0.1723014,0.1476642,0.9998121,-0.7565917,-0.1202265,0.6427401,0.0,0.03914973,0.9728594,0.2280609,0.0,0.6527147,-0.197712,0.7313505,0.0,0.5955882,-1.793239,0.2555541,1.0,-0.7565916,0.03914973,0.6527146,0.0,-0.1202265,0.9728595,-0.197712,0.0,0.6427399,0.2280609,0.7313504,0.0,0.07076732,1.662971,-0.9301936,1.0,1.0,1.0,0.1629153,0.1506704,0.9750677,0.001931663,-0.009900391,-0.01987023,33.86667,2110.0,0.175,0.104
25.0,0.206694,0.1797283,0.9997633,0.1386519,0.114748,0.9997592,0.172673,0.1472382,0.9997613,-0.7563965,-0.1200572,0.6430014,0.0,0.03950141,0.972834,0.228109,0.0,0.6529197,-0.1979403,0.7311058,0.0,0.5949568,-1.793482,0.255544,1.0,-0.7563962,0.0395014,0.6529196,0.0,-0.1200571,0.9728339,-0.1979403,0.0,0.6430013,0.228109,0.7311057,0.0,0.07038772,1.662966,-0.9302909,1.0,1.0,1.0,0.1632794,0.1502712,0.9750684,0.001931543,-0.009900681,-0.01986842,33.88889,2111.0,0.175,0.104
25.0,0.2057991,0.1796219,1.000063,0.139228,0.1153079,1.000036,0.1725135,0.1474645,1.000049,-0.756196,-0.1198994,0.6432664,0.0,0.0397206,0.972845,0.2280238,0.0,0.6531384,-0.1979816,0.7308991,0.0,0.5946599,-1.793574,0.2554952,1.0,-0.756196,0.0397206,0.6531385,0.0,-0.1198993,0.972845,-0.1979816,0.0,0.6432664,0.2280238,0.730899,0.0,0.07027959,1.66299,-0.9302312,1.0,1.0,1.0,0.1630824,0.1504462,0.9750744,0.001931091,-0.009900857,-0.01986709,33.9,2112.0,0.175,0.104
25.0,0.2068247,0.1795398,0.999987,0.1387398,0.1151301,0.9999772,0.1727821,0.1473348,0.9999821,-0.7559745,-0.1196563,0.643572,0.0,0.03991315,0.9728965,0.2277703,0.0,0.6533831,-0.1978755,0.7307091,0.0,0.5945203,-1.793645,0.2558258,1.0,-0.7559745,0.03991313,0.6533831,0.0,-0.1196563,0.9728965,-0.1978755,0.0,0.643572,0.2277703,0.7307091,0.0,0.07017886,1.663032,-0.9303022,1.0,1.0,1.0,0.1633472,0.1503287,0.9750482,0.001929824,-0.009901138,-0.01986532,33.92222,2113.0,0.175,0.104
25.0,0.2086186,0.1803591,0.9999905,0.1389273,0.1130361,0.9999775,0.1737731,0.1466974,0.9999841,-0.755919,-0.1194655,0.6436729,0.0,0.040132,0.9729037,0.2277011,0.0,0.6534342,-0.1979554,0.7306421,0.0,0.5942173,-1.793761,0.2559186,1.0,-0.7559188,0.04013197,0.6534339,0.0,-0.1194655,0.9729037,-0.1979554,0.0,0.6436727,0.2277011,0.7306417,0.0,0.07015967,1.663037,-0.9303511,1.0,1.0,1.0,0.1642842,0.1497052,0.9749867,0.001929993,-0.009895859,-0.01986139,33.93333,2114.0,0.175,0.104
25.0,0.2085558,0.1829379,0.9999419,0.138929,0.1134557,0.9999425,0.1737425,0.1481968,0.9999422,-0.7560985,-0.119013,0.6435456,0.0,0.04046904,0.9729424,0.2274763,0.0,0.6532053,-0.1980382,0.730824,0.0,0.5935524,-1.793974,0.2564733,1.0,-0.7560985,0.04046907,0.6532055,0.0,-0.119013,0.9729423,-0.1980382,0.0,0.6435456,0.2274763,0.730824,0.0,0.07022562,1.663071,-0.9304238,1.0,1.0,1.0,0.1642273,0.1511104,0.9747795,0.001930039,-0.009892868,-0.01985909,33.95555,2115.0,0.175,0.104
25.0,0.2085631,0.1849481,1.000094,0.1379804,0.1152922,1.000108,0.1732719,0.1501205,1.000101,-0.7562557,-0.1188654,0.6433881,0.0,0.04060775,0.9729356,0.2274805,0.0,0.6530147,-0.19816,0.7309613,0.0,0.593321,-1.79408,0.2564686,1.0,-0.7562559,0.04060775,0.6530147,0.0,-0.1188654,0.9729356,-0.1981599,0.0,0.643388,0.2274805,0.7309612,0.0,0.07043973,1.663089,-0.9304307,1.0,1.0,1.0,0.1637191,0.1528939,0.9745868,0.001930244,-0.009891861,-0.0198589,33.96667,2116.0,0.175,0.104
25.0,0.2081561,0.1858484,0.9998968,0.1379372,0.1145653,0.9999245,0.1730468,0.1502073,0.9999107,-0.7564073,-0.1188991,0.6432039,0.0,0.04066367,0.9728904,0.2276636,0.0,0.6528358,-0.1983614,0.7310665,0.0,0.5930777,-1.794195,0.2563,1.0,-0.756407,0.04066369,0.6528358,0.0,-0.1188991,0.9728904,-0.1983614,0.0,0.6432038,0.2276636,0.7310665,0.0,0.07042693,1.663088,-0.9304538,1.0,1.0,1.0,0.1635324,0.153006,0.9746006,0.001935204,-0.009890014,-0.01985857,33.97778,2117.0,0.175,0.104
25.0,0.207983,0.1849599,0.9999031,0.1376506,0.1145137,0.9999375,0.1728168,0.1497376,0.9999203,-0.7566746,-0.1190146,0.6428681,0.0,0.04066759,0.9728195,0.2279657,0.0,0.6525258,-0.1986397,0.7312678,0.0,0.5929319,-1.79424,0.2559421,1.0,-0.7566743,0.04066757,0.6525257,0.0,-0.1190146,0.9728195,-0.1986397,0.0,0.6428678,0.2279657,0.7312676,0.0,0.07057874,1.663012,-0.9304726,1.0,1.0,1.0,0.1633244,0.1525717,0.9747035,0.001939422,-0.009890229,-0.01985788,34.0,2118.0,0.175,0.104
25.0,0.2074496,0.1841307,1.00002,0.1379041,0.1147719,1.000037,0.172677,0.1494515,1.000028,-0.7568065,-0.119067,0.642703,0.0,0.04057408,0.9728152,0.228001,0.0,0.6523786,-0.1986297,0.7314017,0.0,0.5929983,-1.794181,0.2559506,1.0,-0.7568063,0.04057411,0.6523786,0.0,-0.119067,0.9728151,-0.1986297,0.0,0.6427029,0.228001,0.7314017,0.0,0.07065689,1.662989,-0.9304396,1.0,1.0,1.0,0.1631812,0.1522937,0.974771,0.001943214,-0.009890672,-0.01985731,34.01111,2119.0,0.175,0.104
25.0,0.2061521,0.1850792,0.9998835,0.1372131,0.1129575,0.9999068,0.1716826,0.1490189,0.9998952,-0.7569625,-0.1195701,0.6424257,0.0,0.03998738,0.9727983,0.2281765,0.0,0.6522337,-0.19841,0.7315906,0.0,0.5937747,-1.793858,0.2559087,1.0,-0.7569625,0.03998734,0.6522336,0.0,-0.11957,0.9727983,-0.19841,0.0,0.6424256,0.2281765,0.7315904,0.0,0.07057129,1.662926,-0.9304196,1.0,1.0,1.0,0.1622854,0.1519313,0.9749771,0.001944335,-0.009889962,-0.01985735,34.03333,2120.0,0.175,0.104
25.0,0.2066334,0.1852711,0.9998494,0.1360097,0.1126557,0.9998476,0.1713215,0.1489633,0.9998485,-0.757006,-0.1195403,0.64238,0.0,0.03992658,0.9728226,0.2280834,0.0,0.652187,-0.1983085,0.7316598,0.0,0.5937117,-1.793886,0.2562845,1.0,-0.7570059,0.03992658,0.6521869,0.0,-0.1195404,0.9728225,-0.1983085,0.0,0.6423799,0.2280834,0.7316597,0.0,0.0703695,1.662974,-0.930467,1.0,1.0,1.0,0.1619568,0.1518938,0.9750376,0.001945222,-0.00988913,-0.01985732,34.04445,2121.0,0.175,0.104
25.0,0.2068968,0.184281,1.000034,0.1360438,0.1121777,1.000008,0.1714702,0.1482289,1.000021,-0.7569947,-0.1192916,0.6424397,0.0,0.03973611,0.9729698,0.2274878,0.0,0.6522119,-0.1977351,0.7317928,0.0,0.5940371,-1.793713,0.2574054,1.0,-0.7569945,0.03973606,0.6522117,0.0,-0.1192916,0.9729698,-0.1977351,0.0,0.6424396,0.2274878,0.7317926,0.0,0.07034046,1.663067,-0.9304852,1.0,1.0,1.0,0.1620867,0.1511801,0.9751269,0.001945222,-0.009889076,-0.0198548,34.06667,2122.0,0.175,0.104
25.0,0.2070421,0.1839601,1.000075,0.1354151,0.1120755,1.000057,0.1712286,0.1480175,1.000066,-0.7569789,-0.1192482,0.6424664,0.0,0.03958881,0.9730316,0.2272495,0.0,0.6522392,-0.1974575,0.7318435,0.0,0.5942831,-1.793612,0.2578171,1.0,-0.7569787,0.0395888,0.652239,0.0,-0.1192482,0.9730316,-0.1974575,0.0,0.6424664,0.2272495,0.7318433,0.0,0.07033591,1.663125,-0.9304584,1.0,1.0,1.0,0.1618603,0.1509822,0.9751952,0.001945222,-0.009888848,-0.01985188,34.07778,2123.0,0.175,0.104
25.0,0.2069827,0.1849681,1.000225,0.1353557,0.1121383,1.000199,0.171169,0.1485526,1.000212,-0.7569824,-0.1190712,0.642495,0.0,0.03948668,0.9731246,0.2268684,0.0,0.6522412,-0.1971054,0.7319365,0.0,0.5945374,-1.793476,0.2583777,1.0,-0.7569823,0.03948666,0.6522411,0.0,-0.1190712,0.9731246,-0.1971054,0.0,0.6424949,0.2268684,0.7319364,0.0,0.0704966,1.663182,-0.9304016,1.0,1.0,1.0,0.1617706,0.1514628,0.9751355,0.001945054,-0.009888848,-0.01985133,34.08889,2124.0,0.175,0.104
25.0,0.2073103,0.1847337,1.000264,0.134275,0.1117227,1.000225,0.1707925,0.1482276,1.000244,-0.756701,-0.1186844,0.642898,0.0,0.03958752,0.9732605,0.2262673,0.0,0.6525615,-0.1966674,0.7317687,0.0,0.594743,-1.793328,0.2589934,1.0,-0.7567008,0.03958752,0.6525615,0.0,-0.1186844,0.9732605,-0.1966674,0.0,0.6428978,0.2262673,0.7317687,0.0,0.0706962,1.663229,-0.9303187,1.0,1.0,1.0,0.1614254,0.1511622,0.9752394,0.001942893,-0.009887192,-0.0198482,34.11111,2125.0,0.175,0.104
25.0,0.207604,0.1860761,1.000174,0.1351909,0.1111679,1.000132,0.1713974,0.1486214,1.000153,-0.7566564,-0.118155,0.6430482,0.0,0.03994873,0.9733425,0.2258504,0.0,0.6525915,-0.1965801,0.7317656,0.0,0.594152,-1.793441,0.2596061,1.0,-0.7566561,0.03994872,0.6525912,0.0,-0.1181549,0.9733425,-0.1965801,0.0,0.6430479,0.2258504,0.7317654,0.0,0.07072553,1.663265,-0.930264,1.0,1.0,1.0,0.1619941,0.1515285,0.9750882,0.001942176,-0.009885941,-0.01984536,34.12222,2126.0,0.175,0.104
25.0,0.207907,0.1878984,1.000056,0.1351121,0.1104038,1.000042,0.1715097,0.1491508,1.000049,-0.7566233,-0.1172058,0.6432607,0.0,0.04067978,0.9734586,0.2252185,0.0,0.6525847,-0.1965733,0.7317735,0.0,0.5928541,-1.793731,0.2606013,1.0,-0.756623,0.04067977,0.6525844,0.0,-0.1172057,0.9734587,-0.1965732,0.0,0.6432606,0.2252185,0.7317734,0.0,0.07069682,1.663314,-0.9301881,1.0,1.0,1.0,0.1621026,0.1520332,0.9749917,0.001941101,-0.009884492,-0.01984488,34.14444,2127.0,0.175,0.104
25.0,0.2078832,0.1869871,1.000098,0.1348251,0.1104501,1.00008,0.171354,0.1487181,1.000089,-0.7566664,-0.1169102,0.6432635,0.0,0.04083502,0.9735107,0.2249651,0.0,0.6525246,-0.1964912,0.731849,0.0,0.5925563,-1.793784,0.2610365,1.0,-0.7566665,0.04083502,0.6525246,0.0,-0.1169102,0.9735107,-0.1964912,0.0,0.6432635,0.2249651,0.7318489,0.0,0.07074067,1.663347,-0.9301596,1.0,1.0,1.0,0.1619624,0.1516274,0.9750781,0.001941078,-0.009884484,-0.01984464,34.15556,2128.0,0.175,0.104
25.0,0.2078556,0.1859408,1.000034,0.1345204,0.1093146,1.000035,0.171188,0.1476277,1.000034,-0.7568775,-0.1164789,0.6430936,0.0,0.04079954,0.9736499,0.2243685,0.0,0.6522823,-0.1960574,0.7321814,0.0,0.5923917,-1.793673,0.2623249,1.0,-0.7568772,0.0407995,0.6522821,0.0,-0.1164789,0.9736499,-0.1960573,0.0,0.6430934,0.2243685,0.7321812,0.0,0.0707432,1.663383,-0.9301386,1.0,1.0,1.0,0.1618413,0.1506198,0.9752544,0.001941078,-0.009884484,-0.01984425,34.17778,2129.0,0.175,0.104
25.0,0.2079287,0.1869812,0.9999703,0.1339627,0.1067618,0.9999851,0.1709459,0.1468718,0.9999778,-0.7570622,-0.1162449,0.6429183,0.0,0.04102073,0.9736457,0.2243466,0.0,0.6520538,-0.1962173,0.7323419,0.0,0.5917532,-1.793924,0.2625098,1.0,-0.7570621,0.04102071,0.6520538,0.0,-0.1162449,0.9736456,-0.1962173,0.0,0.6429183,0.2243466,0.7323418,0.0,0.07068718,1.663479,-0.9301008,1.0,1.0,1.0,0.1616418,0.1499275,0.9753941,0.001941231,-0.009884484,-0.01984403,34.18889,2130.0,0.175,0.104
25.0,0.2073073,0.1869541,1.000022,0.1342468,0.1068324,1.00002,0.1707769,0.1468932,1.000021,-0.7571883,-0.1162063,0.6427768,0.0,0.04082183,0.9737057,0.2241222,0.0,0.6519198,-0.195942,0.7325349,0.0,0.5919964,-1.79378,0.2630488,1.0,-0.7571882,0.04082184,0.6519198,0.0,-0.1162063,0.9737057,-0.195942,0.0,0.6427767,0.2241222,0.7325348,0.0,0.07072271,1.663492,-0.9301034,1.0,1.0,1.0,0.1614768,0.1499461,0.9754185,0.001942223,-0.009885766,-0.01984427,34.2,2131.0,0.175,0.104
25.0,0.2073138,0.1871526,1.000021,0.1338078,0.1075269,1.000022,0.1705607,0.1473398,1.000021,-0.7576054,-0.1159359,0.6423342,0.0,0.04066637,0.973803,0.2237274,0.0,0.651445,-0.1956185,0.7330438,0.0,0.5919274,-1.793682,0.264105,1.0,-0.7576053,0.04066634,0.6514447,0.0,-0.1159358,0.973803,-0.1956184,0.0,0.6423339,0.2237273,0.7330435,0.0,0.07085166,1.663534,-0.9300858,1.0,1.0,1.0,0.1612623,0.1503702,0.9753887,0.001944748,-0.009887482,-0.0198443,34.22222,2132.0,0.175,0.104
25.0,0.2077112,0.1879366,0.9999418,0.1332562,0.1070117,0.9999539,0.1704837,0.1474744,0.9999479,-0.7577529,-0.1158135,0.642182,0.0,0.0407433,0.9738071,0.2236957,0.0,0.6512684,-0.1956706,0.7331865,0.0,0.591583,-1.793714,0.2643242,1.0,-0.757753,0.04074331,0.6512684,0.0,-0.1158135,0.9738071,-0.1956706,0.0,0.6421821,0.2236957,0.7331865,0.0,0.0707932,1.6635,-0.9300555,1.0,1.0,1.0,0.1611963,0.150509,0.9753783,0.001946969,-0.009888183,-0.0198443,34.23333,2133.0,0.175,0.104
25.0,0.2070485,0.1860434,1.000014,0.1330737,0.1061636,1.000015,0.1700612,0.1461037,1.000015,-0.7578175,-0.1159391,0.6420834,0.0,0.04044537,0.9738461,0.2235801,0.0,0.6512121,-0.1954021,0.7333084,0.0,0.5921791,-1.793625,0.2645741,1.0,-0.7578171,0.04044535,0.6512118,0.0,-0.1159391,0.9738461,-0.1954021,0.0,0.6420832,0.22358,0.7333081,0.0,0.07093374,1.66361,-0.9301264,1.0,1.0,1.0,0.1608232,0.149228,0.9756367,0.001948311,-0.009888764,-0.0198443,34.25556,2134.0,0.175,0.104
25.0,0.2063715,0.1856023,0.9999955,0.1316728,0.1069326,0.9999995,0.1690224,0.1462675,0.9999975,-0.7579124,-0.1158358,0.6419898,0.0,0.04048315,0.9738607,0.2235092,0.0,0.651099,-0.1953901,0.7334118,0.0,0.5919423,-1.793593,0.2647861,1.0,-0.7579123,0.04048313,0.651099,0.0,-0.1158358,0.9738607,-0.1953901,0.0,0.6419898,0.2235092,0.7334117,0.0,0.07088808,1.663564,-0.9300607,1.0,1.0,1.0,0.1598538,0.1494115,0.9757679,0.001948311,-0.009892762,-0.01984306,34.26667,2135.0,0.175,0.104
25.0,0.2063772,0.18609,1.000044,0.1310596,0.1070019,1.00002,0.1687184,0.1465455,1.000032,-0.7578115,-0.115116,0.6422384,0.0,0.04098498,0.9739709,0.2229367,0.0,0.6511852,-0.1952661,0.7333684,0.0,0.5912057,-1.793796,0.2656875,1.0,-0.7578114,0.04098498,0.651185,0.0,-0.115116,0.973971,-0.1952661,0.0,0.6422383,0.2229367,0.7333683,0.0,0.07089313,1.663643,-0.9300986,1.0,1.0,1.0,0.1595588,0.1496757,0.9757757,0.001948311,-0.009894341,-0.01984205,34.28889,2136.0,0.175,0.104
25.0,0.2062517,0.1863189,1.000051,0.1310606,0.1069394,1.000026,0.1686559,0.1466286,1.000039,-0.7577513,-0.1147718,0.6423711,0.0,0.04131402,0.973998,0.2227579,0.0,0.6512344,-0.195334,0.7333066,0.0,0.5906963,-1.793952,0.2659305,1.0,-0.7577512,0.04131399,0.6512343,0.0,-0.1147718,0.973998,-0.195334,0.0,0.6423709,0.2227579,0.7333063,0.0,0.07087974,1.663664,-0.93011,1.0,1.0,1.0,0.1594982,0.1497543,0.9757736,0.001947937,-0.009894684,-0.01984076,34.3,2137.0,0.175,0.104
25.0,0.2064043,0.1855879,1.000124,0.1304367,0.1070636,1.000089,0.1684206,0.1463253,1.000107,-0.7576145,-0.1144983,0.6425812,0.0,0.04155014,0.9740362,0.2225469,0.0,0.6513786,-0.1953041,0.7331865,0.0,0.5904937,-1.793993,0.2661204,1.0,-0.7576143,0.04155014,0.6513785,0.0,-0.1144983,0.9740362,-0.1953041,0.0,0.6425811,0.2225469,0.7331864,0.0,0.07095342,1.663655,-0.9301248,1.0,1.0,1.0,0.1592789,0.1494676,0.9758533,0.001944863,-0.009895882,-0.01983659,34.31111,2138.0,0.175,0.104
25.0,0.2062791,0.185511,1.0001,0.1300813,0.107296,1.000092,0.1681803,0.1464034,1.000096,-0.7575649,-0.1140596,0.6427177,0.0,0.04199711,0.9740591,0.2223625,0.0,0.6514075,-0.1954463,0.7331228,0.0,0.5898123,-1.794226,0.2662666,1.0,-0.7575649,0.04199708,0.6514074,0.0,-0.1140595,0.974059,-0.1954463,0.0,0.6427175,0.2223624,0.7331227,0.0,0.07103817,1.663704,-0.9300891,1.0,1.0,1.0,0.1590572,0.1495494,0.9758769,0.00194287,-0.009896722,-0.01983338,34.33334,2139.0,0.175,0.104
25.0,0.2061742,0.1852289,1.000138,0.1321006,0.1075732,1.00011,0.1691373,0.1464005,1.000124,-0.7575009,-0.1138135,0.6428366,0.0,0.04214142,0.9741075,0.222123,0.0,0.6514726,-0.1953484,0.7330911,0.0,0.5896815,-1.794228,0.2665591,1.0,-0.7575009,0.04214141,0.6514725,0.0,-0.1138135,0.9741076,-0.1953484,0.0,0.6428366,0.222123,0.733091,0.0,0.07112295,1.663712,-0.9300729,1.0,1.0,1.0,0.1599461,0.1495217,0.9757358,0.001942658,-0.009897348,-0.0198322,34.34444,2140.0,0.175,0.104
25.0,0.2066886,0.185436,1.000008,0.131185,0.1080913,1.000007,0.1689367,0.1467637,1.000007,-0.7574847,-0.1140651,0.6428113,0.0,0.04200583,0.9740629,0.2223441,0.0,0.6515003,-0.1954241,0.7330463,0.0,0.5899342,-1.794181,0.2661383,1.0,-0.7574844,0.04200582,0.6515002,0.0,-0.114065,0.974063,-0.195424,0.0,0.6428111,0.2223441,0.7330462,0.0,0.07113604,1.66369,-0.93006,1.0,1.0,1.0,0.159768,0.1498826,0.9757097,0.001942658,-0.009898186,-0.01983093,34.36667,2141.0,0.175,0.104
25.0,0.2066924,0.1856162,0.999999,0.1309714,0.1079586,1.000005,0.1688319,0.1467874,1.000002,-0.7574134,-0.1142865,0.6428559,0.0,0.04187304,0.9740335,0.2224978,0.0,0.6515917,-0.1954411,0.7329605,0.0,0.5902432,-1.794134,0.2657878,1.0,-0.7574132,0.04187306,0.6515917,0.0,-0.1142865,0.9740336,-0.1954412,0.0,0.6428558,0.2224978,0.7329605,0.0,0.07114954,1.663694,-0.9300572,1.0,1.0,1.0,0.1596705,0.1499087,0.9757217,0.001942658,-0.009898582,-0.01983047,34.37778,2142.0,0.175,0.104
25.0,0.2068602,0.1861053,0.9999121,0.1310584,0.1079993,0.99992,0.1689591,0.1470525,0.9999161,-0.7575343,-0.1142882,0.642713,0.0,0.04174607,0.9740584,0.2224126,0.0,0.6514592,-0.1953159,0.7331116,0.0,0.5902262,-1.794028,0.2661443,1.0,-0.7575344,0.04174604,0.6514592,0.0,-0.1142882,0.9740585,-0.1953159,0.0,0.642713,0.2224126,0.7331116,0.0,0.07102608,1.663654,-0.9300238,1.0,1.0,1.0,0.1597959,0.1501665,0.9756615,0.001942894,-0.009898903,-0.01983074,34.38889,2143.0,0.175,0.104
25.0,0.206972,0.1864573,0.9998252,0.1296936,0.1077534,0.9998246,0.1683327,0.1471054,0.9998248,-0.757606,-0.1143333,0.6426206,0.0,0.04143271,0.9741293,0.2221608,0.0,0.651396,-0.1949358,0.7332691,0.0,0.5905595,-1.793799,0.2668916,1.0,-0.7576057,0.04143268,0.6513958,0.0,-0.1143333,0.9741294,-0.1949358,0.0,0.6426204,0.2221608,0.7332689,0.0,0.07081041,1.663631,-0.9300668,1.0,1.0,1.0,0.1592231,0.1502439,0.9757432,0.001943787,-0.009900453,-0.01983083,34.41111,2144.0,0.175,0.104
25.0,0.2063262,0.1857783,1.000048,0.1305063,0.1074241,1.000046,0.1684162,0.1466009,1.000047,-0.7575705,-0.1145713,0.6426202,0.0,0.04110184,0.9741497,0.2221329,0.0,0.6514583,-0.1946942,0.733278,0.0,0.5911606,-1.793672,0.2669031,1.0,-0.7575702,0.04110182,0.6514581,0.0,-0.1145712,0.9741496,-0.1946941,0.0,0.6426198,0.2221329,0.7332777,0.0,0.07082523,1.663719,-0.9300479,1.0,1.0,1.0,0.1592765,0.1497394,0.9758121,0.001947052,-0.009900453,-0.0198307,34.42222,2145.0,0.175,0.104
25.0,0.2062412,0.1856921,1.000035,0.1306185,0.1075985,1.000019,0.1684299,0.1466451,1.000027,-0.7574718,-0.1147342,0.6427073,0.0,0.04075346,0.9742075,0.2219433,0.0,0.6515949,-0.1943083,0.7332588,0.0,0.5917699,-1.793377,0.2671963,1.0,-0.7574716,0.04075344,0.6515947,0.0,-0.1147342,0.9742076,-0.1943083,0.0,0.6427072,0.2219433,0.7332588,0.0,0.0707582,1.663702,-0.9299861,1.0,1.0,1.0,0.1592907,0.1497832,0.975803,0.001947633,-0.009900453,-0.01983051,34.44445,2146.0,0.175,0.104
25.0,0.2060773,0.1853968,1.000003,0.1311156,0.1072716,1.000002,0.1685965,0.1463342,1.000002,-0.757395,-0.1149348,0.6427621,0.0,0.04057522,0.9741994,0.222012,0.0,0.6516953,-0.1942309,0.7331903,0.0,0.5921151,-1.793268,0.2670155,1.0,-0.7573949,0.04057519,0.651695,0.0,-0.1149347,0.9741994,-0.1942309,0.0,0.6427618,0.2220119,0.7331899,0.0,0.07072878,1.663694,-0.9299595,1.0,1.0,1.0,0.1594563,0.1494913,0.9758207,0.001948182,-0.009899613,-0.01983011,34.45555,2147.0,0.175,0.104
25.0,0.2060409,0.1855866,1.000041,0.1302574,0.1071,1.000036,0.1681491,0.1463431,1.000038,-0.7571005,-0.1154432,0.643018,0.0,0.04033558,0.9741254,0.2223799,0.0,0.6520524,-0.1943004,0.7328542,0.0,0.5927954,-1.793264,0.2660042,1.0,-0.7571001,0.04033555,0.6520522,0.0,-0.1154432,0.9741254,-0.1943004,0.0,0.6430178,0.2223799,0.7328541,0.0,0.07073986,1.6638,-0.9299076,1.0,1.0,1.0,0.1590333,0.1495045,0.9758877,0.001948358,-0.009899208,-0.01982938,34.47778,2148.0,0.175,0.104
25.0,0.2060495,0.1856782,1.00019,0.1302364,0.1064274,1.000185,0.168143,0.1460527,1.000188,-0.7569574,-0.1155921,0.6431594,0.0,0.04029662,0.9741002,0.2224972,0.0,0.6522206,-0.194338,0.7326944,0.0,0.5930177,-1.793186,0.2654788,1.0,-0.7569574,0.04029664,0.6522206,0.0,-0.1155921,0.9741002,-0.194338,0.0,0.6431594,0.2224972,0.7326944,0.0,0.07086581,1.663778,-0.9297773,1.0,1.0,1.0,0.1590123,0.1492125,0.9759358,0.001948449,-0.009899232,-0.01982786,34.48889,2149.0,0.175,0.104
25.0,0.2059872,0.1855501,1.000143,0.1303071,0.1063586,1.000125,0.1681473,0.145954,1.000134,-0.7566112,-0.1157519,0.6435378,0.0,0.04018785,0.974113,0.2224609,0.0,0.6526288,-0.1941788,0.732373,0.0,0.5936327,-1.793022,0.2650354,1.0,-0.7566112,0.04018785,0.6526288,0.0,-0.1157519,0.9741129,-0.1941788,0.0,0.6435378,0.2224609,0.7323729,0.0,0.07104308,1.66379,-0.9296935,1.0,1.0,1.0,0.1590263,0.149127,0.9759465,0.001948616,-0.009898713,-0.01982673,34.51111,2150.0,0.175,0.104
25.0,0.205845,0.1854515,1.000001,0.1303861,0.1066638,0.9999753,0.1681154,0.1460571,0.9999879,-0.7565076,-0.1157853,0.6436536,0.0,0.04000122,0.9741675,0.2222555,0.0,0.6527604,-0.1938849,0.7323337,0.0,0.5939761,-1.792755,0.265395,1.0,-0.7565077,0.04000122,0.6527604,0.0,-0.1157853,0.9741675,-0.1938849,0.0,0.6436536,0.2222554,0.7323336,0.0,0.07095034,1.663698,-0.9296699,1.0,1.0,1.0,0.1590162,0.1492449,0.9759302,0.001948754,-0.009898842,-0.01982603,34.52222,2151.0,0.175,0.104
25.0,0.2055053,0.185984,1.000148,0.1304918,0.1067797,1.000111,0.1679985,0.1463812,1.000129,-0.7564231,-0.1155744,0.643791,0.0,0.04001395,0.9742452,0.2219125,0.0,0.6528577,-0.1936203,0.732317,0.0,0.5940207,-1.792662,0.2658837,1.0,-0.7564231,0.04001396,0.6528575,0.0,-0.1155744,0.9742453,-0.1936203,0.0,0.6437909,0.2219125,0.7323169,0.0,0.07097159,1.66372,-0.9296178,1.0,1.0,1.0,0.1588787,0.1495303,0.975909,0.001948998,-0.009898094,-0.019825,34.53333,2152.0,0.175,0.104
25.0,0.2050005,0.1864273,1.000097,0.1291066,0.1066248,1.000079,0.1670535,0.1465256,1.000088,-0.7563447,-0.1154923,0.6438977,0.0,0.03994478,0.9743019,0.2216756,0.0,0.6529526,-0.1933836,0.7322948,0.0,0.5941672,-1.792655,0.2662024,1.0,-0.7563447,0.0399448,0.6529527,0.0,-0.1154923,0.974302,-0.1933836,0.0,0.6438977,0.2216757,0.7322949,0.0,0.07095022,1.663843,-0.9295717,1.0,1.0,1.0,0.1580001,0.1496923,0.9760268,0.001949219,-0.009897614,-0.01982379,34.55556,2153.0,0.175,0.104
25.0,0.2047041,0.1861939,1.000151,0.1288834,0.1065015,1.000113,0.1667935,0.146347,1.000132,-0.7563692,-0.1151626,0.643928,0.0,0.03993703,0.9744151,0.221179,0.0,0.6529247,-0.1930095,0.7324184,0.0,0.5941385,-1.792483,0.2670782,1.0,-0.7563692,0.03993702,0.6529247,0.0,-0.1151626,0.9744151,-0.1930095,0.0,0.6439279,0.221179,0.7324183,0.0,0.07098193,1.663822,-0.929507,1.0,1.0,1.0,0.1577548,0.1495226,0.9760925,0.001949516,-0.009895341,-0.01982362,34.56667,2154.0,0.175,0.104
25.0,0.2052401,0.1869233,1.000042,0.1285982,0.1066477,1.000039,0.1669191,0.1467854,1.00004,-0.7564472,-0.1149971,0.6438662,0.0,0.04001385,0.9744413,0.2210495,0.0,0.6528299,-0.1929758,0.732512,0.0,0.593918,-1.792528,0.2673477,1.0,-0.756447,0.04001383,0.6528296,0.0,-0.1149971,0.9744415,-0.1929758,0.0,0.6438659,0.2210495,0.7325116,0.0,0.07099588,1.663851,-0.929477,1.0,1.0,1.0,0.1578745,0.1499429,0.9760086,0.001950837,-0.009894951,-0.0198233,34.57778,2155.0,0.175,0.104
25.0,0.2053267,0.1877815,0.9999956,0.1284669,0.1065176,1.000022,0.1668971,0.1471501,1.000009,-0.7566588,-0.1149943,0.6436178,0.0,0.03991333,0.9744506,0.2210271,0.0,0.6525906,-0.192931,0.7327368,0.0,0.5938638,-1.792472,0.2674682,1.0,-0.7566588,0.03991331,0.6525905,0.0,-0.1149942,0.9744506,-0.192931,0.0,0.6436177,0.2210271,0.7327367,0.0,0.07108106,1.663855,-0.9293572,1.0,1.0,1.0,0.1578474,0.150288,0.9759598,0.001953895,-0.009893654,-0.01982327,34.6,2156.0,0.175,0.104
25.0,0.2059769,0.1885165,0.9999751,0.1286217,0.106212,0.9999743,0.1672994,0.1473643,0.9999747,-0.756686,-0.1150016,0.6435844,0.0,0.03984081,0.9744667,0.220969,0.0,0.6525634,-0.1928451,0.7327836,0.0,0.5939006,-1.792401,0.2676363,1.0,-0.756686,0.03984081,0.6525635,0.0,-0.1150016,0.9744667,-0.1928451,0.0,0.6435845,0.220969,0.7327836,0.0,0.07102083,1.663834,-0.9293329,1.0,1.0,1.0,0.1582205,0.1504834,0.9758694,0.001956421,-0.009893654,-0.01982326,34.61111,2157.0,0.175,0.104
25.0,0.2052473,0.1898974,1.000002,0.1289684,0.1062374,1.000016,0.1671079,0.1480676,1.000009,-0.7570246,-0.1149286,0.6431993,0.0,0.03972669,0.9744912,0.2208818,0.0,0.6521776,-0.1927651,0.7331481,0.0,0.5937446,-1.792438,0.2680994,1.0,-0.7570245,0.03972669,0.6521775,0.0,-0.1149286,0.9744912,-0.1927651,0.0,0.6431991,0.2208818,0.7331479,0.0,0.07103562,1.663909,-0.9293029,1.0,1.0,1.0,0.1580206,0.1511413,0.9758001,0.001956824,-0.009893654,-0.01982347,34.63334,2158.0,0.175,0.104
25.0,0.2047546,0.1900622,0.9999866,0.1286216,0.1060524,0.9999974,0.1666879,0.1480575,0.999992,-0.7571979,-0.1146451,0.6430458,0.0,0.03999209,0.9744924,0.2208283,0.0,0.6519601,-0.1929275,0.7332987,0.0,0.5930794,-1.792619,0.2683214,1.0,-0.7571979,0.03999209,0.6519602,0.0,-0.1146451,0.9744924,-0.1929275,0.0,0.6430458,0.2208284,0.7332987,0.0,0.07102037,1.663922,-0.9292694,1.0,1.0,1.0,0.157631,0.1511435,0.9758628,0.001957222,-0.009893654,-0.01982388,34.64444,2159.0,0.175,0.104
25.0,0.204781,0.1888443,1.000067,0.1288261,0.1069723,1.00005,0.1668034,0.1479079,1.000058,-0.7575123,-0.1140398,0.642783,0.0,0.04036018,0.9745592,0.2204661,0.0,0.651572,-0.1929487,0.733638,0.0,0.592313,-1.792793,0.2691932,1.0,-0.7575124,0.0403602,0.651572,0.0,-0.1140398,0.9745593,-0.1929487,0.0,0.642783,0.2204662,0.733638,0.0,0.07120185,1.663929,-0.9293419,1.0,1.0,1.0,0.1577321,0.1509951,0.9758694,0.001957222,-0.009897552,-0.01982477,34.66667,2160.0,0.175,0.104
25.0,0.2049902,0.1890679,1.000001,0.12882,0.1069659,1.000008,0.1669051,0.1480172,1.000005,-0.7576367,-0.1138501,0.6426703,0.0,0.04052591,0.9745626,0.2204208,0.0,0.6514174,-0.1930437,0.7337505,0.0,0.5919083,-1.792929,0.2693583,1.0,-0.7576364,0.04052591,0.6514173,0.0,-0.11385,0.9745625,-0.1930436,0.0,0.6426701,0.2204208,0.7337503,0.0,0.07121775,1.663961,-0.9293345,1.0,1.0,1.0,0.1578321,0.1511037,0.9758364,0.001957222,-0.009899179,-0.01982478,34.67778,2161.0,0.175,0.104
1.0,-0.1879586,-0.1554788,1.000323,-0.2274936,-0.06832953,1.000345,-0.2077262,-0.1119048,1.000334,-0.7642499,-0.1022057,0.6367701,0.0,0.04635776,0.9761024,0.2123092,0.0,0.643252,-0.1917765,0.741248,0.0,0.5774015,-1.795967,0.2893271,1.0,-0.7642497,0.04635777,0.643252,0.0,-0.1022057,0.9761024,-0.1917765,0.0,0.6367701,0.2123092,0.7412481,0.0,0.0734859,1.664854,-0.9303023,1.0,0.2179673,0.1,-0.2023196,-0.09495695,0.974705,0.003877281,-0.01259084,-0.01909863,44.98889,2796.0,-0.175,-0.246
1.0,-0.1876715,-0.1560129,1.000098,-0.2199401,-0.06889234,1.000095,-0.2038057,-0.1124525,1.000096,-0.7641637,-0.1022123,0.6368726,0.0,0.04636121,0.9761077,0.2122838,0.0,0.6433543,-0.1917457,0.7411674,0.0,0.5774511,-1.795939,0.2891618,1.0,-0.7641636,0.04636118,0.6433541,0.0,-0.1022122,0.9761077,-0.1917457,0.0,0.6368725,0.2122838,0.7411672,0.0,0.07354085,1.664874,-0.9301864,1.0,0.2303892,0.1,-0.1987547,-0.09556852,0.9753785,0.003877236,-0.01259151,-0.01909803,45.0,2797.0,-0.175,-0.246
1.0,-0.1879139,-0.1554522,1.000118,-0.2259874,-0.06121856,1.00014,-0.2069507,-0.1083359,1.000129,-0.764185,-0.1016142,0.6369427,0.0,0.04679774,0.9761747,0.2118798,0.0,0.6432973,-0.1917228,0.7412226,0.0,0.5767179,-1.796043,0.2896208,1.0,-0.7641849,0.04679773,0.6432972,0.0,-0.1016141,0.9761746,-0.1917228,0.0,0.6369426,0.2118798,0.7412225,0.0,0.07374398,1.664898,-0.9300169,1.0,0.2137925,0.1,-0.2017099,-0.09160373,0.9751523,0.003875908,-0.01259197,-0.01909789,45.02222,2798.0,-0.175,-0.246
1.0,-0.1881665,-0.1556298,1.000176,-0.2268676,-0.06108493,1.000184,-0.2075171,-0.1083576,1.00018,-0.7641946,-0.1014582,0.6369562,0.0,0.04692483,0.9761877,0.2117916,0.0,0.6432768,-0.191739,0.7412364,0.0,0.5765525,-1.796031,0.2895887,1.0,-0.7641944,0.04692479,0.6432765,0.0,-0.1014581,0.9761878,-0.1917389,0.0,0.6369559,0.2117915,0.7412362,0.0,0.07392104,1.664876,-0.9299053,1.0,0.2229439,0.1,-0.2022189,-0.09161038,0.9750462,0.003875053,-0.01259214,-0.01909779,45.03333,2799.0,-0.175,-0.246
1.0,-0.1879758,-0.1559655,1.000017,-0.226889,-0.06093551,1.000024,-0.2074325,-0.1084507,1.000021,-0.7641913,-0.1011681,0.6370062,0.0,0.04714467,0.9762189,0.2115988,0.0,0.6432646,-0.1917334,0.7412485,0.0,0.5760009,-1.796014,0.2897688,1.0,-0.7641911,0.04714466,0.6432644,0.0,-0.1011681,0.9762189,-0.1917333,0.0,0.6370061,0.2115987,0.7412483,0.0,0.07389097,1.664833,-0.9296674,1.0,0.2383742,0.1,-0.2021667,-0.09171256,0.9750475,0.003872239,-0.01259277,-0.0190994,45.05556,2800.0,-0.175,-0.246
1.0,-0.1864924,-0.156538,1.000077,-0.2275591,-0.06604351,1.000085,-0.2070257,-0.1112909,1.000081,-0.7641407,-0.1011431,0.6370709,0.0,0.04709313,0.9762475,0.2114781,0.0,0.6433284,-0.1916006,0.7412273,0.0,0.5760649,-1.795974,0.2898372,1.0,-0.7641404,0.04709311,0.6433283,0.0,-0.1011431,0.9762475,-0.1916006,0.0,0.6370707,0.211478,0.7412271,0.0,0.07389736,1.664892,-0.9295438,1.0,0.2318643,0.1,-0.201731,-0.0944082,0.9748803,0.003871757,-0.01259336,-0.01909894,45.06667,2801.0,-0.175,-0.246
1.0,-0.1863404,-0.1580454,1.000105,-0.2275485,-0.06901924,1.000114,-0.2069445,-0.1135327,1.000109,-0.7640367,-0.1010568,0.6372094,0.0,0.04709571,0.9762857,0.2113013,0.0,0.6434519,-0.1914518,0.7411587,0.0,0.5761298,-1.795824,0.2898959,1.0,-0.7640364,0.04709568,0.6434516,0.0,-0.1010568,0.9762857,-0.1914517,0.0,0.6372092,0.2113013,0.7411584,0.0,0.07397956,1.664849,-0.929384,1.0,0.2460046,0.1,-0.2016098,-0.09653081,0.9746975,0.003871727,-0.01259381,-0.01909745,45.08889,2802.0,-0.175,-0.246
1.0,-0.1863711,-0.1568274,1.000184,-0.2276884,-0.06392159,1.000178,-0.2070296,-0.1103743,1.000181,-0.7642267,-0.1011707,0.6369632,0.0,0.04704718,0.9762436,0.2115067,0.0,0.6432295,-0.1916063,0.7413116,0.0,0.5759385,-1.795863,0.2896166,1.0,-0.7642266,0.04704717,0.6432295,0.0,-0.1011707,0.9762436,-0.1916064,0.0,0.6369632,0.2115067,0.7413116,0.0,0.07398368,1.664848,-0.9292555,1.0,0.2331234,0.1,-0.2017325,-0.0935292,0.9749647,0.003871596,-0.01259416,-0.01909699,45.1,2803.0,-0.175,-0.246
1.0,-0.1860064,-0.1586425,1.000106,-0.230403,-0.06330727,1.000101,-0.2082047,-0.1109747,1.000104,-0.7640897,-0.101132,0.6371337,0.0,0.04710019,0.9762542,0.211446,0.0,0.6433883,-0.1915728,0.7411824,0.0,0.5758138,-1.79589,0.2894307,1.0,-0.7640896,0.04710019,0.6433883,0.0,-0.101132,0.9762542,-0.1915728,0.0,0.6371335,0.211446,0.7411823,0.0,0.07394537,1.664925,-0.9290365,1.0,0.2386378,0.1,-0.202814,-0.0940843,0.974687,0.003871589,-0.01259432,-0.0190965,45.11111,2804.0,-0.175,-0.246
1.0,-0.186105,-0.1584192,1.000134,-0.2321179,-0.06292732,1.000112,-0.2091114,-0.1106727,1.000123,-0.7642242,-0.1016052,0.6368971,0.0,0.04681345,0.976169,0.211902,0.0,0.6432495,-0.191756,0.7412555,0.0,0.5759331,-1.795818,0.2885596,1.0,-0.7642242,0.04681347,0.6432496,0.0,-0.1016051,0.976169,-0.191756,0.0,0.636897,0.211902,0.7412555,0.0,0.07389493,1.664914,-0.9287239,1.0,0.2158638,0.1,-0.2036476,-0.09377927,0.9745425,0.00387175,-0.01259434,-0.01909553,45.13334,2805.0,-0.175,-0.246
1.0,-0.185881,-0.1594011,1.000043,-0.231307,-0.06484038,1.000028,-0.208594,-0.1121205,1.000035,-0.7641777,-0.101932,0.6369006,0.0,0.04651508,0.9761539,0.2120379,0.0,0.6433263,-0.1916601,0.7412137,0.0,0.5763129,-1.79563,0.2882701,1.0,-0.7641777,0.04651507,0.6433264,0.0,-0.1019319,0.9761538,-0.1916601,0.0,0.6369005,0.2120378,0.7412136,0.0,0.07377402,1.66488,-0.9285776,1.0,0.2572519,0.1,-0.203165,-0.09516799,0.9745086,0.003873612,-0.0125947,-0.01909458,45.14445,2806.0,-0.175,-0.246
1.0,-0.1849005,-0.1595402,1.000071,-0.2310449,-0.06477565,1.000058,-0.2079726,-0.1121578,1.000065,-0.7640706,-0.1019836,0.637021,0.0,0.04652795,0.9761434,0.212083,0.0,0.6434528,-0.1916856,0.7410975,0.0,0.5763361,-1.795617,0.2879854,1.0,-0.7640704,0.04652794,0.6434526,0.0,-0.1019836,0.9761435,-0.1916856,0.0,0.6370208,0.212083,0.7410972,0.0,0.07378513,1.664888,-0.9284641,1.0,0.2378985,0.1,-0.2025896,-0.09521206,0.9746241,0.003874031,-0.01259496,-0.01909345,45.15556,2807.0,-0.175,-0.246
1.0,-0.1849311,-0.1603805,1.000102,-0.2309017,-0.06480701,1.000078,-0.2079163,-0.1125932,1.00009,-0.7639606,-0.1022278,0.6371136,0.0,0.0463159,0.9761361,0.2121627,0.0,0.6435986,-0.1915924,0.7409948,0.0,0.5766572,-1.795458,0.287551,1.0,-0.7639607,0.04631589,0.6435985,0.0,-0.1022278,0.9761362,-0.1915924,0.0,0.6371136,0.2121627,0.7409948,0.0,0.07379507,1.664895,-0.9282056,1.0,0.2341405,0.1,-0.2025258,-0.09562423,0.974597,0.003874359,-0.01259496,-0.01909274,45.17778,2808.0,-0.175,-0.246
1.0,-0.1836261,-0.1603514,1.00005,-0.2290786,-0.06143411,1.000033,-0.2063522,-0.1108923,1.000041,-0.7638849,-0.102421,0.6371733,0.0,0.04619302,0.9761159,0.2122827,0.0,0.6436971,-0.1915925,0.7409091,0.0,0.5768969,-1.795325,0.2872203,1.0,-0.763885,0.046193,0.6436971,0.0,-0.102421,0.9761159,-0.1915925,0.0,0.6371732,0.2122827,0.740909,0.0,0.07379481,1.664825,-0.9281219,1.0,0.2255891,0.1,-0.2011312,-0.09404493,0.9750394,0.003874504,-0.01259476,-0.01909282,45.18889,2809.0,-0.175,-0.246
1.0,-0.1832439,-0.1604244,1.000076,-0.2287871,-0.06165439,1.000053,-0.2060153,-0.1110388,1.000065,-0.7637829,-0.1028106,0.6372331,0.0,0.04595637,0.9760666,0.2125606,0.0,0.6438354,-0.191635,0.7407781,0.0,0.5771701,-1.795211,0.2865019,1.0,-0.7637826,0.04595636,0.6438353,0.0,-0.1028105,0.9760666,-0.191635,0.0,0.637233,0.2125606,0.740778,0.0,0.07369741,1.664822,-0.9278622,1.0,0.2255891,0.1,-0.2008156,-0.09418774,0.9750906,0.003874725,-0.01259535,-0.01909154,45.21111,2810.0,-0.175,-0.246
1.0,-0.1832218,-0.160533,1.000035,-0.2184445,-0.05297107,1.000031,-0.2008333,-0.1067521,1.000033,-0.7636091,-0.1028441,0.6374359,0.0,0.04592852,0.976081,0.2125008,0.0,0.6440434,-0.191544,0.7406207,0.0,0.5773176,-1.795127,0.286351,1.0,-0.7636091,0.0459285,0.6440433,0.0,-0.1028441,0.976081,-0.191544,0.0,0.6374357,0.2125008,0.7406207,0.0,0.0736964,1.664824,-0.9277407,1.0,0.2352979,0.1,-0.1961307,-0.0902124,0.9764192,0.003874946,-0.01259455,-0.0190903,45.22223,2811.0,-0.175,-0.246
1.0,-0.1828126,-0.1606392,1.000065,-0.2186498,-0.04840982,1.00007,-0.2007313,-0.1045248,1.000068,-0.7635266,-0.1030594,0.6375002,0.0,0.04575625,0.9760686,0.2125948,0.0,0.6441537,-0.1914913,0.7405387,0.0,0.5776276,-1.795012,0.2859126,1.0,-0.7635262,0.04575624,0.6441535,0.0,-0.1030594,0.9760687,-0.1914913,0.0,0.6374999,0.2125948,0.7405384,0.0,0.07377176,1.664841,-0.9275392,1.0,0.2197229,0.1,-0.1960676,-0.088096,0.9766251,0.003874969,-0.01259225,-0.01908962,45.24445,2812.0,-0.175,-0.246
1.0,-0.1825169,-0.160559,1.000024,-0.2154358,-0.0481821,1.000039,-0.1989764,-0.1043709,1.000032,-0.7634201,-0.1028455,0.6376621,0.0,0.04591568,0.976103,0.2124021,0.0,0.6442685,-0.1914307,0.7404544,0.0,0.5773956,-1.795009,0.286055,1.0,-0.7634197,0.04591566,0.6442682,0.0,-0.1028455,0.976103,-0.1914306,0.0,0.6376618,0.212402,0.7404541,0.0,0.07378027,1.664844,-0.927428,1.0,0.2233358,0.1,-0.1944589,-0.08798245,0.9769569,0.00387503,-0.01259128,-0.01908924,45.25556,2813.0,-0.175,-0.246
1.0,-0.1824853,-0.1605271,1.000049,-0.2154075,-0.04955272,1.000026,-0.1989463,-0.1050392,1.000038,-0.7634462,-0.1031069,0.6375883,0.0,0.0457541,0.9760613,0.2126285,0.0,0.6442487,-0.1915027,0.7404528,0.0,0.5776024,-1.795008,0.2856813,1.0,-0.7634463,0.04575412,0.6442487,0.0,-0.1031069,0.9760613,-0.1915027,0.0,0.6375883,0.2126285,0.7404527,0.0,0.07374362,1.664866,-0.9274021,1.0,0.2451201,0.1,-0.1944195,-0.08862101,0.9769071,0.003875449,-0.01258849,-0.01908807,45.26667,2814.0,-0.175,-0.246
1.0,-0.1824648,-0.160594,1.000183,-0.2151955,-0.05006073,1.000187,-0.19883,-0.1053274,1.000185,-0.7633232,-0.1029333,0.637764,0.0,0.0459457,0.9760745,0.2125268,0.0,0.6443812,-0.1915291,0.7403308,0.0,0.5774246,-1.795055,0.2854868,1.0,-0.7633228,0.04594572,0.644381,0.0,-0.1029332,0.9760745,-0.1915291,0.0,0.6377637,0.2125268,0.7403307,0.0,0.07391749,1.664903,-0.9272413,1.0,0.2457653,0.1,-0.194282,-0.08888657,0.9769103,0.003876304,-0.01258725,-0.01908772,45.28889,2815.0,-0.175,-0.246
