flag,xl,yl,zl,xr,yr,zr,xc,yc,zc,mat_00,mat_10,mat_20,mat_30,mat_01,mat_11,mat_21,mat_31,mat_02,mat_12,mat_22,mat_32,mat_03,mat_13,mat_23,mat_33,ctw_00,ctw_10,ctw_20,ctw_30,ctw_01,ctw_11,ctw_21,ctw_31,ctw_02,ctw_12,ctw_22,ctw_32,ctw_03,ctw_13,ctw_23,ctw_33,opennessl,opennessr,ray_x,ray_y,ray_z,eye_x,eye_y,eye_z,time,frame
0,0.1091138,0.06685985,0.9999999,-0.09663975,0.04695191,1,0.006237,0.05690582,1,-0.8309705,0.005849776,-0.5562856,0,-0.005986307,0.9997928,0.01945585,0,-0.5562842,-0.01949733,0.8307633,0,-1.22684,-1.681171,0.1471854,1,-0.8309705,-0.005986309,-0.5562842,0,0.005849778,0.9997928,-0.01949734,0,-0.5562858,0.01945585,0.8307635,0,-0.9277564,1.670615,-0.8375266,1,0,0,0.002847041,0.05946808,0.9982262,0.003329217,-0.003830773,-0.01951322,0,1
0,0.1091052,0.06818985,1,-0.09663555,0.04557657,0.9999999,0.006234914,0.05688315,1,-0.8309705,0.005849776,-0.5562856,0,-0.005986307,0.9997928,0.01945585,0,-0.5562842,-0.01949733,0.8307633,0,-1.22684,-1.681171,0.1471854,1,-0.8309705,-0.005986309,-0.5562842,0,0.005849778,0.9997928,-0.01949734,0,-0.5562858,0.01945585,0.8307635,0,-0.9277564,1.670615,-0.8375266,1,0,0,0.002844939,0.05944945,0.9982272,0.003329217,-0.003834412,-0.01951322,0.01111111,2
0,0.09180859,0.0791693,0.9999877,-0.09687036,0.06224556,1.000017,-0.00252977,0.07070749,1.000002,-0.8308871,0.005898285,-0.5564098,0,-0.005973661,0.9997916,0.01951888,0,-0.5564089,-0.01954179,0.8306787,0,-1.226892,-1.681149,0.1468877,1,-0.8308871,-0.005973664,-0.556409,0,0.005898284,0.9997916,-0.01954179,0,-0.5564097,0.01951888,0.8306788,0,-0.9277635,1.670603,-0.8375232,1,1,1,-0.005838923,0.07276063,0.9973323,0.003439912,-0.003684738,-0.01968921,0.02222222,3
0,0.09105453,0.07789917,0.9999739,-0.09638044,0.06462824,0.999343,-0.002682775,0.0712619,0.9996585,-0.833253,0.02358633,-0.5523885,0,0.005012501,0.9993709,0.03511081,0,-0.5528692,-0.02648734,0.832847,0,-1.240467,-1.66866,0.1257355,1,-0.833253,0.005012503,-0.5528691,0,0.02358633,0.9993708,-0.02648734,0,-0.5523886,0.03511082,0.832847,0,-0.9248106,1.669413,-0.8347329,1,1,1,-0.006000876,0.07331935,0.9972904,0.003450722,-0.003679543,-0.0196848,0.3555556,4
0,0.09085521,0.078261,0.9977478,-0.112285,0.0641164,0.9972999,-0.01073083,0.07118754,0.9975239,-0.8346415,0.02288744,-0.5503179,0,0.002349256,0.9992751,0.03799633,0,-0.5507887,-0.03042047,0.8340902,0,-1.236396,-1.672232,0.1261251,1,-0.8346415,0.002349259,-0.5507886,0,0.02288744,0.9992751,-0.03042047,0,-0.5503179,0.03799632,0.8340901,0,-0.9242657,1.669132,-0.8370628,1,1,1,-0.01387927,0.07352547,0.9971967,0.003421669,-0.003785538,-0.01930046,0.3888889,5
0,0.09052917,0.07112186,1.000039,-0.1131997,0.06518069,1.000055,-0.01133481,0.06815121,1.000047,-0.8346099,0.02231357,-0.5503896,0,0.001788065,0.9992837,0.03780095,0,-0.5508388,-0.03056491,0.8340518,0,-1.235488,-1.672905,0.1263201,1,-0.8346096,0.001788064,-0.5508387,0,0.02231357,0.9992837,-0.03056491,0,-0.5503895,0.03780095,0.8340517,0,-0.9242967,1.669141,-0.8370446,1,1,1,-0.01445932,0.07042924,0.9974119,0.003441353,-0.003821465,-0.01921718,0.4111111,6
0,0.09407049,0.05879773,0.9999803,-0.05564353,0.02086479,0.9999949,0.0192138,0.03983156,0.9999876,-0.8345555,0.02223017,-0.5504752,0,0.001697166,0.9992846,0.03778169,0,-0.5509213,-0.03059667,0.8339962,0,-1.235373,-1.673039,0.1262379,1,-0.8345555,0.001697167,-0.5509213,0,0.02223017,0.9992846,-0.03059667,0,-0.5504752,0.03778169,0.8339962,0,-0.9243043,1.669169,-0.8370646,1,1,1,0.0154121,0.04255471,0.9989753,0.003470466,-0.00363794,-0.02044818,0.4222222,7
0,0.09857944,0.03853687,0.999961,-0.08284765,0.01220233,0.9999362,0.00786528,0.02536937,0.9999487,-0.8345032,0.02153217,-0.5505823,0,0.001513419,0.9993219,0.03678764,0,-0.5510011,-0.02986614,0.83397,0,-1.235085,-1.673255,0.1278512,1,-0.8345031,0.001513418,-0.5510011,0,0.02153218,0.999322,-0.02986614,0,-0.5505822,0.03678764,0.8339699,0,-0.9242604,1.669286,-0.8371307,1,1,1,0.004343292,0.02868264,0.9995791,0.003434472,-0.003890991,-0.01975564,0.4444444,8
0,0.0952059,0.03961276,1.000008,-0.07644087,0.0026464,0.999979,0.009381682,0.0211294,0.9999937,-0.8345703,0.02100655,-0.5505012,0,0.001091918,0.9993339,0.03647817,0,-0.5509008,-0.02984249,0.8340372,0,-1.234348,-1.673776,0.1285131,1,-0.8345699,0.001091919,-0.5509006,0,0.02100655,0.9993339,-0.02984248,0,-0.550501,0.03647817,0.834037,0,-0.9242428,1.669321,-0.8371375,1,1,1,0.00582578,0.02450726,0.9996827,0.003439125,-0.003869858,-0.0197443,0.4555556,9
0,0.09421626,0.0350123,0.9999373,-0.07848385,-0.0005758535,0.9999292,0.007866025,0.01721822,0.9999332,-0.8345687,0.02045768,-0.5505239,0,0.0006465204,0.999346,0.03615598,0,-0.5509034,-0.02981873,0.8340361,0,-1.233664,-1.67432,0.1291014,1,-0.8345687,0.0006465195,-0.5509035,0,0.02045768,0.999346,-0.02981873,0,-0.5505239,0.03615598,0.8340362,0,-0.9242511,1.669354,-0.8372311,1,1,1,0.004330695,0.02067618,0.9997769,0.003449151,-0.003869766,-0.01973638,0.4666667,10
0,0.09422016,0.03501433,1,-0.07848743,-0.0005756747,1,0.007866323,0.01721921,1,-0.8345687,0.02045768,-0.5505239,0,0.0006465204,0.999346,0.03615598,0,-0.5509034,-0.02981873,0.8340361,0,-1.233664,-1.67432,0.1291014,1,-0.8345687,0.0006465195,-0.5509035,0,0.02045768,0.999346,-0.02981873,0,-0.5505239,0.03615598,0.8340362,0,-0.9242511,1.669354,-0.8372311,1,1,1,0.004330695,0.02067618,0.9997769,0.003449151,-0.003869766,-0.01973638,0.4777778,11
0,0.09242815,0.008519117,0.999993,-0.05074281,-0.01099005,1.000036,0.02084348,-0.001235288,1.000014,-0.8328341,0.02340678,-0.5530275,0,0.003747036,0.999321,0.03665321,0,-0.5535099,-0.02845383,0.8323563,0,-1.238512,-1.6706,0.124919,1,-0.8328341,0.003747035,-0.55351,0,0.02340678,0.999321,-0.02845383,0,-0.5530275,0.03665321,0.8323565,0,-0.9232878,1.669528,-0.8370407,1,1,1,0.01719784,0.002726932,0.9998484,0.003295083,-0.004018379,-0.02021256,0.6444445,12
0,0.09378463,0.01033164,1.000011,-0.05485001,-0.009007424,1.000113,0.01946959,0.0006624591,1.000062,-0.8321307,0.02358984,-0.5540776,0,0.003974007,0.9993229,0.03657786,0,-0.5545653,-0.02823566,0.831661,0,-1.239054,-1.670127,0.1229994,1,-0.8321307,0.003974008,-0.5545653,0,0.02358984,0.999323,-0.02823566,0,-0.5540777,0.03657787,0.831661,0,-0.9235058,1.669421,-0.8365874,1,1,1,0.01585201,0.004575082,0.9998639,0.003293655,-0.004006531,-0.02023071,0.6666667,13
0,0.09338832,0.0108051,1.000216,-0.05440474,-0.009636777,1.000217,0.01949185,0.0005840398,1.000216,-0.8321183,0.02355227,-0.5540982,0,0.004010693,0.9993273,0.03645393,0,-0.554584,-0.02811166,0.831653,0,-1.23912,-1.669941,0.1229641,1,-0.832118,0.004010696,-0.5545838,0,0.02355226,0.9993272,-0.02811165,0,-0.554098,0.03645391,0.8316526,0,-0.923629,1.669305,-0.8364043,1,1,1,0.0158735,0.004491926,0.9998639,0.003291398,-0.004001129,-0.02023819,0.6777778,14
0,0.09255946,0.01103912,1.000018,-0.05605841,-0.008040294,1.000068,0.01825172,0.001499591,1.000043,-0.8319724,0.02382019,-0.5543056,0,0.004325015,0.9993261,0.03645254,0,-0.5548003,-0.02793013,0.8315146,0,-1.239605,-1.669513,0.1225885,1,-0.8319722,0.004325012,-0.5548003,0,0.02382019,0.999326,-0.02793012,0,-0.5543055,0.03645254,0.8315146,0,-0.9235976,1.66928,-0.836297,1,1,1,0.01466535,0.005383832,0.9998779,0.003287078,-0.003994461,-0.02024616,0.7,15
0,0.09216225,0.01060292,0.9999455,-0.05712187,-0.005563334,0.99995,0.01752031,0.002519676,0.9999477,-0.8319507,0.02413153,-0.5543247,0,0.004663556,0.9993226,0.03650447,0,-0.5548302,-0.02778479,0.8314996,0,-1.240034,-1.669112,0.1225232,1,-0.8319504,0.004663555,-0.5548301,0,0.02413152,0.9993226,-0.02778479,0,-0.5543247,0.03650447,0.8314996,0,-0.9234507,1.669292,-0.836262,1,1,1,0.01395429,0.006381543,0.9998822,0.003282647,-0.003991737,-0.0202483,0.7111111,16
0,0.09124407,0.009810718,1.000041,-0.05756629,-0.00621259,1.00004,0.01683879,0.001799123,1.000041,-0.831928,0.02448876,-0.554343,0,0.005218564,0.9993268,0.0363147,0,-0.5548591,-0.02731834,0.8314958,0,-1.24088,-1.668402,0.1227795,1,-0.831928,0.005218569,-0.554859,0,0.02448875,0.9993268,-0.02731834,0,-0.5543429,0.0363147,0.8314956,0,-0.9234037,1.669295,-0.8361821,1,1,1,0.01328764,0.005670852,0.9998957,0.00328025,-0.003987412,-0.02025108,0.7222223,17
0,0.09074596,0.00934773,1.000077,-0.05820858,-0.00463748,1.000053,0.01626813,0.002354952,1.000065,-0.8320092,0.0243834,-0.5542259,0,0.005561951,0.99935,0.03561717,0,-0.5547341,-0.02655124,0.831604,0,-1.241279,-1.667958,0.1240395,1,-0.8320091,0.00556195,-0.5547341,0,0.0243834,0.9993501,-0.02655124,0,-0.5542258,0.03561717,0.831604,0,-0.9233393,1.66936,-0.836018,1,1,1,0.01272934,0.006211229,0.9998996,0.003278809,-0.003983261,-0.02025629,0.7444445,18
0,0.09030735,0.009897606,1.000043,-0.05800968,-0.003372081,1.000023,0.01614839,0.003262764,1.000033,-0.832065,0.02425805,-0.5541475,0,0.005673508,0.9993632,0.03522866,0,-0.5546492,-0.02616858,0.8316728,0,-1.24139,-1.66782,0.1247881,1,-0.832065,0.005673505,-0.5546492,0,0.02425805,0.9993631,-0.02616858,0,-0.5541474,0.03522866,0.8316727,0,-0.9233078,1.669405,-0.8359631,1,1,1,0.01261366,0.007096389,0.9998953,0.003277321,-0.0039786,-0.02026573,0.7555556,19
0,0.09048641,0.01154067,1.000096,-0.05840656,-0.004079657,1.000082,0.01603958,0.003730569,1.000089,-0.8320613,0.02433458,-0.5541497,0,0.005813908,0.9993649,0.03515584,0,-0.5546533,-0.02603003,0.8316743,0,-1.241429,-1.667674,0.1247817,1,-0.8320612,0.005813909,-0.5546533,0,0.02433458,0.9993649,-0.02603003,0,-0.5541497,0.03515584,0.8316743,0,-0.9232152,1.669446,-0.8357502,1,1,1,0.01250799,0.007549104,0.9998932,0.003275535,-0.003973396,-0.02027795,0.7777778,20
0,0.09086317,0.01010651,1.000065,-0.0584417,-0.004556986,1.000105,0.01621166,0.002774991,1.000085,-0.8319038,0.0243037,-0.5543876,0,0.005872883,0.9993701,0.03499846,0,-0.554889,-0.02585949,0.8315226,0,-1.241598,-1.667583,0.1246089,1,-0.8319035,0.005872885,-0.5548888,0,0.02430369,0.9993701,-0.02585949,0,-0.5543875,0.03499845,0.8315223,0,-0.92328,1.669463,-0.8356868,1,1,1,0.01267694,0.006601413,0.9998979,0.003274872,-0.00396228,-0.0202967,0.7888889,21
0,0.09056824,0.00891166,1.000103,-0.05823842,-0.005219933,1.000061,0.01616395,0.001845513,1.000082,-0.8320647,0.02447642,-0.5541384,0,0.006012513,0.9993652,0.03511413,0,-0.5546461,-0.02588546,0.8316836,0,-1.24172,-1.667436,0.1247036,1,-0.8320644,0.006012512,-0.5546461,0,0.02447642,0.9993653,-0.02588546,0,-0.5541384,0.03511413,0.8316836,0,-0.9232751,1.669464,-0.8355912,1,1,1,0.01262996,0.005684386,0.9999041,0.003275338,-0.003955391,-0.0203058,0.8,22
0,0.09048828,0.009021307,1.000052,-0.05816031,-0.005420841,1.000051,0.01616392,0.001800111,1.000051,-0.8319303,0.02464657,-0.5543329,0,0.006304516,0.9993684,0.03497192,0,-0.5548447,-0.02559939,0.8315603,0,-1.242113,-1.667045,0.124554,1,-0.83193,0.006304516,-0.5548444,0,0.02464656,0.9993684,-0.02559939,0,-0.5543327,0.03497192,0.8315599,0,-0.9232197,1.669467,-0.835429,1,1,1,0.01263006,0.005638855,0.9999043,0.003275414,-0.003954407,-0.02031225,0.8222222,23
0,0.09100071,0.00936458,0.9999682,-0.0580959,-0.005045408,0.9999766,0.01645261,0.002159763,0.9999723,-0.8318913,0.0245655,-0.554395,0,0.006297624,0.9993733,0.03483288,0,-0.5549033,-0.02548579,0.8315247,0,-1.242076,-1.667049,0.1247262,1,-0.831891,0.006297626,-0.554903,0,0.0245655,0.9993733,-0.02548578,0,-0.5543947,0.03483287,0.8315243,0,-0.9231722,1.669482,-0.8354305,1,1,1,0.01291358,0.005990251,0.9998987,0.003275466,-0.003953209,-0.02032099,0.8333334,24
0,0.0910399,0.00913258,1.000071,-0.0576455,-0.004344271,1.000057,0.0166969,0.002394035,1.000064,-0.8318518,0.02483978,-0.5544419,0,0.006669765,0.9993732,0.03476641,0,-0.554958,-0.0252225,0.8314961,0,-1.242576,-1.666581,0.1246838,1,-0.8318515,0.006669766,-0.5549578,0,0.02483977,0.9993732,-0.02522249,0,-0.5544417,0.0347664,0.8314958,0,-0.9231117,1.669489,-0.8352869,1,1,1,0.01315022,0.006218555,0.9998941,0.003277023,-0.003951874,-0.02033166,0.8555556,25
0,0.09211966,0.007408043,1.000054,-0.05678412,-0.0046697,1.000039,0.01766753,0.001369173,1.000046,-0.8319068,0.02493129,-0.5543551,0,0.006778209,0.9993722,0.03477338,0,-0.554874,-0.02517067,0.8315535,0,-1.242652,-1.666435,0.1247557,1,-0.8319067,0.006778209,-0.554874,0,0.02493129,0.9993723,-0.02517067,0,-0.554355,0.03477338,0.8315535,0,-0.9230655,1.669474,-0.835202,1,1,1,0.01409924,0.005209472,0.999887,0.003279114,-0.003947327,-0.02034569,0.8666667,26
0,0.09202427,0.00513453,1.000065,-0.05699998,-0.004902633,1.000052,0.01751187,0.000115769,1.000059,-0.8318573,0.02548031,-0.5544044,0,0.007350158,0.9993637,0.03490199,0,-0.5549409,-0.02495852,0.8315153,0,-1.243469,-1.665745,0.1243532,1,-0.8318573,0.007350157,-0.5549409,0,0.02548031,0.9993637,-0.02495852,0,-0.5544043,0.03490199,0.8315153,0,-0.923003,1.669485,-0.8350279,1,1,1,0.01394605,0.003978131,0.9998949,0.003279869,-0.003943894,-0.02034569,0.8888889,27
0,0.09281877,-0.0005643182,1.000021,-0.06036219,-0.005509367,1.00003,0.0162285,-0.003036842,1.000026,-0.8318187,0.02595863,-0.5544403,0,0.007702901,0.9993495,0.03523252,0,-0.5549942,-0.02503626,0.8314775,0,-1.244069,-1.665347,0.1237115,1,-0.8318186,0.007702904,-0.554994,0,0.02595862,0.9993495,-0.02503626,0,-0.5544401,0.03523251,0.8314773,0,-0.9230185,1.669488,-0.835008,1,1,1,0.01268873,0.0008884438,0.9999191,0.003280275,-0.003943718,-0.02034569,0.9,28
0,0.0946224,-0.001329169,1.000053,-0.06106117,-0.006100958,1.000045,0.0167805,-0.003715126,1.000049,-0.8318371,0.02631316,-0.554396,0,0.008089674,0.9993442,0.03529358,0,-0.5549611,-0.02487362,0.8315043,0,-1.24464,-1.664845,0.1236252,1,-0.8318369,0.008089678,-0.554961,0,0.02631316,0.9993443,-0.02487362,0,-0.5543959,0.03529358,0.8315043,0,-0.9229929,1.669459,-0.8349323,1,1,1,0.01322853,0.0002239089,0.9999125,0.003281251,-0.003943657,-0.02033616,0.9111111,29
0,0.09664184,-0.002545564,1.000039,-0.06041813,-0.006800022,1.000059,0.0181123,-0.004672736,1.000049,-0.8317233,0.02684227,-0.5545413,0,0.008472054,0.9993279,0.03566519,0,-0.555126,-0.02496546,0.8313917,0,-1.245226,-1.664352,0.122669,1,-0.8317231,0.008472056,-0.5551258,0,0.02684226,0.9993279,-0.02496546,0,-0.5545412,0.03566518,0.8313915,0,-0.9229834,1.669408,-0.8347945,1,1,1,0.01453203,-0.0007159637,0.9998941,0.00328251,-0.003942063,-0.02033563,0.9333333,30
0,0.09627783,-0.003231015,1.000039,-0.06039244,-0.007561328,1.000028,0.01794237,-0.005396111,1.000033,-0.831755,0.02709596,-0.5544812,0,0.008820025,0.9993271,0.03560378,0,-0.5550728,-0.02472308,0.8314342,0,-1.245794,-1.663914,0.1228303,1,-0.831755,0.008820022,-0.5550728,0,0.02709596,0.9993271,-0.02472308,0,-0.5544813,0.03560378,0.8314344,0,-0.9230025,1.669409,-0.8347686,1,1,1,0.01436286,-0.001426253,0.9998958,0.003285546,-0.003940735,-0.02032843,0.9444445,31
0,0.09678182,-0.003558544,1.000086,-0.06101307,-0.007437697,1.000098,0.01788461,-0.005498063,1.000092,-0.8316654,0.02682664,-0.554629,0,0.008822603,0.9993446,0.03510746,0,-0.5552073,-0.02430438,0.831357,0,-1.245979,-1.663702,0.1229399,1,-0.8316652,0.0088226,-0.5552071,0,0.02682664,0.9993446,-0.02430438,0,-0.5546288,0.03510746,0.8313568,0,-0.9234197,1.669289,-0.8344187,1,1,1,0.01430354,-0.00152598,0.9998965,0.003287612,-0.003941101,-0.02032153,0.9666667,32
0,0.0975652,-0.003948594,1.000085,-0.06185174,-0.008060664,1.000088,0.01785678,-0.006004687,1.000086,-0.8316528,0.02680677,-0.5546488,0,0.008828332,0.9993461,0.03506207,0,-0.555226,-0.02426285,0.8313456,0,-1.245968,-1.66375,0.122901,1,-0.8316525,0.00882833,-0.555226,0,0.02680677,0.9993461,-0.02426284,0,-0.5546486,0.03506207,0.8313454,0,-0.9234455,1.669353,-0.834334,1,1,1,0.01427526,-0.002022337,0.999896,0.003288757,-0.003941536,-0.02031614,0.9777778,33
0,0.09729835,-0.007243954,1.000073,-0.06204805,-0.008886985,1.000069,0.01762497,-0.00806547,1.000071,-0.8316274,0.02677324,-0.5546884,0,0.008758513,0.9993453,0.0351042,0,-0.5552651,-0.02433537,0.8313174,0,-1.245839,-1.663852,0.1226279,1,-0.8316272,0.008758514,-0.5552649,0,0.02677323,0.9993453,-0.02433536,0,-0.5546883,0.0351042,0.8313172,0,-0.9235066,1.66937,-0.8342038,1,1,1,0.01404613,-0.004048834,0.9998931,0.003291085,-0.00393377,-0.0203057,1,34
0,0.09723344,-0.003238449,1.000046,-0.06193522,-0.007875418,1.000061,0.01764938,-0.00555688,1.000053,-0.8315762,0.0266712,-0.5547703,0,0.008691019,0.9993489,0.03501737,0,-0.5553431,-0.02429809,0.8312665,0,-1.24574,-1.663884,0.1225994,1,-0.8315758,0.008691018,-0.5553429,0,0.0266712,0.9993489,-0.02429808,0,-0.5547701,0.03501736,0.8312663,0,-0.9235348,1.669334,-0.8341545,1,1,1,0.014069,-0.00159411,0.9998997,0.003292611,-0.003930275,-0.02030845,1.011111,35
0,0.09751761,-0.003347373,1.00008,-0.06214282,-0.008124342,1.000039,0.01768631,-0.005735846,1.000059,-0.8317572,0.02665269,-0.5544997,0,0.008580445,0.9993447,0.03516392,0,-0.5550736,-0.02448998,0.8314409,0,-1.245536,-1.664103,0.1226808,1,-0.8317569,0.008580444,-0.5550734,0,0.02665268,0.9993448,-0.02448997,0,-0.5544995,0.03516391,0.8314405,0,-0.9236042,1.669386,-0.8341197,1,1,1,0.01410105,-0.001769676,0.9998991,0.003296875,-0.003929993,-0.02029095,1.033333,36
0,0.09750083,-0.004203144,1.000068,-0.06241724,-0.008621931,1.000043,0.01754123,-0.006412534,1.000056,-0.8318467,0.02633939,-0.5543805,0,0.008356213,0.9993544,0.03494224,0,-0.554943,-0.02443406,0.8315297,0,-1.245141,-1.664306,0.1231809,1,-0.8318463,0.00835621,-0.5549427,0,0.02633938,0.9993543,-0.02443406,0,-0.5543802,0.03494223,0.8315294,0,-0.9236402,1.669332,-0.8340764,1,1,1,0.01395605,-0.0024346,0.9998996,0.003299783,-0.003928566,-0.02028774,1.044444,37
0,0.09789193,-0.005155176,1.000078,-0.06635171,-0.00823362,1.000049,0.01576948,-0.006694393,1.000064,-0.8319535,0.02619896,-0.5542265,0,0.00812292,0.9993526,0.03504724,0,-0.554786,-0.02465573,0.8316277,0,-1.244743,-1.664625,0.1231698,1,-0.8319535,0.008122922,-0.5547859,0,0.02619896,0.9993526,-0.02465573,0,-0.5542265,0.03504724,0.8316277,0,-0.9236926,1.669341,-0.8340396,1,1,1,0.01221647,-0.002711132,0.9999217,0.003303376,-0.003928093,-0.02027958,1.055556,38
0,0.09845367,-0.005577127,1.000067,-0.06637439,-0.008451143,0.9999637,0.01603708,-0.007014237,1.000015,-0.8325044,0.02568911,-0.5534229,0,0.007317197,0.9993471,0.03538116,0,-0.5539704,-0.02540546,0.8321488,0,-1.243224,-1.665695,0.1237192,1,-0.8325041,0.007317193,-0.5539703,0,0.0256891,0.9993472,-0.02540546,0,-0.5534227,0.03538115,0.8321486,0,-0.92373,1.669327,-0.8339797,1,1,1,0.01247764,-0.003024563,0.9999176,0.003305069,-0.003928093,-0.02027912,1.077778,39
0,0.09890935,-0.007498518,1.000085,-0.06694797,-0.009244291,1.000033,0.01597929,-0.008371396,1.000059,-0.832682,0.02576393,-0.553152,0,0.007229601,0.9993377,0.03566273,0,-0.5537046,-0.02569664,0.8323169,0,-1.243041,-1.665855,0.1235886,1,-0.8326817,0.007229603,-0.5537043,0,0.02576393,0.9993378,-0.02569664,0,-0.5531518,0.03566273,0.8323165,0,-0.9237756,1.669331,-0.833949,1,1,1,0.0124177,-0.004354982,0.9999135,0.003307809,-0.003927551,-0.02027795,1.088889,40
0,0.09832662,-0.008762887,1.00007,-0.06666341,-0.01070331,1.000021,0.01583022,-0.009732908,1.000045,-0.8330529,0.02684631,-0.5525416,0,0.008134035,0.9993082,0.03628985,0,-0.5531336,-0.02573697,0.8326949,0,-1.24444,-1.664821,0.1233416,1,-0.8330529,0.008134034,-0.5531336,0,0.0268463,0.9993082,-0.02573697,0,-0.5525416,0.03628985,0.8326949,0,-0.9238387,1.669315,-0.833895,1,1,1,0.01227106,-0.005691633,0.9999085,0.00330877,-0.003925469,-0.02028001,1.111111,41
0,0.09838668,-0.009511825,1.000015,-0.0682587,-0.01034248,0.9999801,0.01506311,-0.009927204,0.9999976,-0.8331532,0.02757631,-0.5523546,0,0.008770655,0.9992893,0.03666018,0,-0.5529729,-0.02569903,0.832803,0,-1.245455,-1.664097,0.1229959,1,-0.8331529,0.008770651,-0.5529729,0,0.0275763,0.9992893,-0.02569903,0,-0.5523543,0.03666017,0.8328028,0,-0.9238276,1.669329,-0.8338998,1,1,1,0.01151437,-0.005883889,0.9999164,0.003314141,-0.003923393,-0.02029675,1.122222,42
0,0.09999105,-0.009465957,1.000075,-0.06894019,-0.009906411,1.000086,0.01552576,-0.009686245,1.00008,-0.8332057,0.02818822,-0.5522442,0,0.009256648,0.9992709,0.03703973,0,-0.5528857,-0.02574978,0.8328592,0,-1.246203,-1.663477,0.1223704,1,-0.8332058,0.009256649,-0.5528857,0,0.02818822,0.9992709,-0.02574978,0,-0.5522442,0.03703973,0.8328592,0,-0.9238749,1.669267,-0.8337595,1,1,1,0.01196231,-0.005647733,0.9999125,0.003318551,-0.003922966,-0.02030245,1.144444,43
0,0.0999918,-0.00960489,1.00008,-0.06854388,-0.01002961,1.000057,0.01572347,-0.0098173,1.000068,-0.8332826,0.02815052,-0.5521303,0,0.009183852,0.9992698,0.03708766,0,-0.5527712,-0.02583381,0.8329327,0,-1.246024,-1.66357,0.1223916,1,-0.8332825,0.009183853,-0.552771,0,0.02815051,0.9992698,-0.02583381,0,-0.5521302,0.03708765,0.8329325,0,-0.9238833,1.669259,-0.8336861,1,1,1,0.01215328,-0.005777581,0.9999095,0.003321199,-0.003921822,-0.02030496,1.155556,44
0,0.09984103,-0.008775037,0.9998632,-0.0695869,-0.01026078,0.9999292,0.01512882,-0.009517927,0.9998962,-0.833064,0.02840146,-0.5524472,0,0.009333398,0.9992606,0.03729795,0,-0.5530981,-0.02591537,0.8327131,0,-1.24629,-1.663478,0.1216651,1,-0.8330639,0.009333394,-0.553098,0,0.02840146,0.9992605,-0.02591537,0,-0.5524472,0.03729795,0.8327129,0,-0.9237803,1.669342,-0.8337421,1,1,1,0.01156476,-0.005486435,0.9999181,0.003329261,-0.003920281,-0.02031973,1.166667,45
0,0.1005899,-0.01105558,0.9999094,-0.07430822,-0.01019917,0.9999552,0.01314211,-0.01062726,0.9999323,-0.8329195,0.02839331,-0.5526655,0,0.009284883,0.9992594,0.03734397,0,-0.5533165,-0.02597308,0.8325663,0,-1.246244,-1.663536,0.1213291,1,-0.8329193,0.009284881,-0.5533164,0,0.02839331,0.9992594,-0.02597308,0,-0.5526654,0.03734397,0.832566,0,-0.9237328,1.669344,-0.8337886,1,1,1,0.009611015,-0.006574341,0.9999322,0.0033357,-0.003919754,-0.02033046,1.177778,46
0,0.1022595,-0.0128551,1.000024,-0.07467327,-0.008668881,1.000109,0.01379561,-0.01076195,1.000067,-0.8325008,0.02874213,-0.5532781,0,0.009111325,0.9992286,0.03819919,0,-0.5539493,-0.02675975,0.8321204,0,-1.246086,-1.663808,0.1188323,1,-0.8325003,0.009111323,-0.5539491,0,0.02874212,0.9992287,-0.02675975,0,-0.553278,0.03819919,0.8321202,0,-0.9237986,1.669339,-0.8336744,1,1,1,0.01023602,-0.006715288,0.9999251,0.003349671,-0.003909699,-0.0203603,1.2,47
0,0.1013812,-0.01777288,0.9999171,-0.07264131,-0.009547045,0.9999604,0.01437116,-0.01366015,0.9999387,-0.8320955,0.02896909,-0.5538753,0,0.008992719,0.9992085,0.03875125,0,-0.5545594,-0.0272639,0.8316973,0,-1.245974,-1.663888,0.1169287,1,-0.8320956,0.008992718,-0.5545594,0,0.02896909,0.9992083,-0.0272639,0,-0.5538753,0.03875125,0.8316974,0,-0.9238044,1.669244,-0.8335801,1,1,1,0.01079296,-0.009584139,0.9998958,0.003357422,-0.003880097,-0.02041142,1.222222,48
0,0.1015626,-0.01902627,1.000022,-0.07122049,-0.01095959,1.000079,0.01517269,-0.01499307,1.00005,-0.8319088,0.02901569,-0.5541532,0,0.008977201,0.9992051,0.03884199,0,-0.5548397,-0.02733824,0.8315079,0,-1.24604,-1.663913,0.1163084,1,-0.8319088,0.008977202,-0.5548397,0,0.0290157,0.9992051,-0.02733825,0,-0.5541533,0.03884199,0.831508,0,-0.9238597,1.669258,-0.8335525,1,1,1,0.01157247,-0.01090574,0.9998736,0.003361687,-0.003862953,-0.02043468,1.233333,49
0,0.1017986,-0.01636236,1.000052,-0.07298264,-0.01117882,1.000079,0.01440889,-0.01377065,1.000065,-0.8318285,0.02882212,-0.5542841,0,0.008856133,0.9992129,0.03866727,0,-0.5549623,-0.02725572,0.831429,0,-1.245877,-1.663993,0.1163433,1,-0.8318284,0.008856131,-0.5549622,0,0.02882212,0.9992129,-0.02725572,0,-0.554284,0.03866726,0.8314288,0,-0.9239092,1.669218,-0.8334993,1,1,1,0.01082273,-0.009719013,0.9998942,0.003362976,-0.003851608,-0.02045832,1.244444,50
0,0.1015325,-0.01609623,1.000075,-0.072936,-0.01215241,1.000064,0.0142979,-0.01412426,1.000069,-0.8319242,0.02845025,-0.5541598,0,0.008237092,0.9992079,0.03893297,0,-0.5548285,-0.02782461,0.8314996,0,-1.244867,-1.664793,0.1159495,1,-0.8319239,0.008237093,-0.5548282,0,0.02845025,0.9992079,-0.0278246,0,-0.5541595,0.03893296,0.8314992,0,-0.9240162,1.669214,-0.8334214,1,1,1,0.0107139,-0.01006927,0.9998919,0.003362976,-0.003847672,-0.02046124,1.266667,51
0,0.1017349,-0.01475197,1.00006,-0.07284018,-0.01185493,1.000028,0.01444641,-0.01330338,1.000044,-0.8320335,0.02818892,-0.5540087,0,0.008032109,0.9992155,0.03877886,0,-0.5546672,-0.02781546,0.8316072,0,-1.244538,-1.665044,0.1163929,1,-0.8320335,0.008032111,-0.5546672,0,0.02818892,0.9992155,-0.02781545,0,-0.5540087,0.03877886,0.8316072,0,-0.9240791,1.669221,-0.8334117,1,1,1,0.01085959,-0.009265996,0.9998981,0.003362976,-0.003847092,-0.0204615,1.277778,52
0,0.1020287,-0.01226787,1.000079,-0.07291958,-0.01132517,1.00006,0.01455402,-0.01179651,1.00007,-0.832127,0.02835245,-0.5538598,0,0.007998193,0.999202,0.03913321,0,-0.5545274,-0.02813393,0.8316897,0,-1.244517,-1.665053,0.1158955,1,-0.8321272,0.007998191,-0.5545274,0,0.02835245,0.9992019,-0.02813393,0,-0.5538599,0.03913322,0.8316897,0,-0.9241977,1.669143,-0.8333521,1,1,1,0.01096702,-0.007789543,0.9999095,0.003360817,-0.003846558,-0.0204615,1.3,53
0,0.1019263,-0.01209257,0.9996979,-0.07354665,-0.01232824,0.9996779,0.01418918,-0.01221034,0.9996878,-0.8321908,0.02834853,-0.5537643,0,0.007974424,0.9992008,0.03916762,0,-0.5544322,-0.02817898,0.8317518,0,-1.244255,-1.665214,0.1162922,1,-0.8321907,0.007974429,-0.554432,0,0.02834853,0.9992008,-0.02817898,0,-0.5537643,0.03916762,0.8317516,0,-0.9238522,1.669251,-0.833505,1,1,1,0.01062134,-0.008201272,0.9999099,0.003352912,-0.003843628,-0.02044868,1.311111,54
0,0.1014939,-0.01139747,1.000185,-0.07327646,-0.01201998,1.000154,0.01410794,-0.0117089,1.00017,-0.8322849,0.02853928,-0.5536132,0,0.008104159,0.9991935,0.03932583,0,-0.5542891,-0.02824372,0.831845,0,-1.244421,-1.665074,0.1160803,1,-0.8322847,0.008104159,-0.5542889,0,0.02853928,0.9991935,-0.02824371,0,-0.5536131,0.03932581,0.8318447,0,-0.9239287,1.669252,-0.8333572,1,1,1,0.01054304,-0.007704062,0.9999147,0.00334668,-0.003845734,-0.02043743,1.322222,55
0,0.1042593,-0.009749232,1.000056,-0.07309914,-0.01294965,1.000044,0.01557979,-0.01134932,1.00005,-0.8323243,0.02844972,-0.5535587,0,0.008052586,0.9991972,0.03924519,0,-0.5542308,-0.02820714,0.8318852,0,-1.244361,-1.665131,0.1162493,1,-0.832324,0.008052589,-0.5542306,0,0.0284497,0.9991971,-0.02820713,0,-0.5535585,0.03924518,0.8318848,0,-0.9239879,1.669252,-0.8333372,1,1,1,0.0119873,-0.007350797,0.9999012,0.003345536,-0.003847611,-0.02042596,1.333333,56
0,0.1048762,-0.009828342,1.000116,-0.07231981,-0.01330613,1.000055,0.01627636,-0.01156722,1.000085,-0.8325539,0.02834825,-0.5532184,0,0.007979905,0.9991998,0.03919224,0,-0.5538868,-0.02821501,0.8321139,0,-1.244173,-1.665244,0.1166313,1,-0.8325537,0.007979907,-0.5538867,0,0.02834824,0.9991997,-0.02821501,0,-0.5532184,0.03919223,0.8321137,0,-0.9241115,1.669269,-0.8331662,1,1,1,0.0126695,-0.007564491,0.9998912,0.003345536,-0.003846733,-0.02042596,1.355556,57
0,0.1065848,-0.01000052,1.000062,-0.07299128,-0.01347706,1.000065,0.01679671,-0.01173885,1.000063,-0.8325466,0.02760393,-0.5532671,0,0.007334976,0.9992195,0.03881612,0,-0.5539067,-0.02825802,0.8320992,0,-1.243161,-1.666029,0.1170834,1,-0.8325463,0.007334977,-0.5539066,0,0.02760393,0.9992194,-0.02825802,0,-0.553267,0.03881611,0.832099,0,-0.9242215,1.669303,-0.8330985,1,1,1,0.01317962,-0.007733117,0.9998832,0.003345536,-0.003846489,-0.020426,1.377778,58
0,0.1064309,-0.01014161,1.000113,-0.07313409,-0.01370927,1.000101,0.01664814,-0.01192537,1.000107,-0.832587,0.02719692,-0.5532264,0,0.007043787,0.9992329,0.03852219,0,-0.5538498,-0.02817626,0.8321398,0,-1.242631,-1.666338,0.1175361,1,-0.8325868,0.007043791,-0.5538496,0,0.02719691,0.9992329,-0.02817626,0,-0.5532263,0.03852218,0.8321397,0,-0.924255,1.669285,-0.8329884,1,1,1,0.01303346,-0.007916475,0.9998838,0.003345544,-0.003845658,-0.0204266,1.388889,59
0,0.09830943,-0.02336294,1.000018,-0.07847264,-0.02221262,1.000045,0.009919256,-0.02278772,1.000031,-0.8325046,0.02712345,-0.5533537,0,0.00706754,0.9992395,0.03834629,0,-0.553973,-0.02801262,0.8320632,0,-1.242722,-1.666341,0.1176112,1,-0.8325046,0.007067538,-0.553973,0,0.02712345,0.9992395,-0.02801262,0,-0.5533538,0.03834629,0.8320633,0,-0.9242945,1.669347,-0.8329731,1,1,1,0.006366148,-0.01857276,0.9998073,0.003420852,-0.003830109,-0.02051441,1.4,60
0,0.09789744,-0.02187459,1.000011,-0.07902563,-0.02050527,1.000031,0.009436339,-0.02119005,1.000021,-0.8324885,0.02696877,-0.5533857,0,0.006633627,0.9992282,0.0387172,0,-0.5540028,-0.02856066,0.8320249,0,-1.242037,-1.666901,0.1168433,1,-0.8324884,0.006633626,-0.5540026,0,0.02696877,0.9992283,-0.02856066,0,-0.5533856,0.0387172,0.8320247,0,-0.9243676,1.66933,-0.832916,1,1,1,0.005898577,-0.01699871,0.9998381,0.003415756,-0.003839729,-0.02051058,1.422222,61
0,0.09815142,-0.02111419,1.000065,-0.07845101,-0.02000962,1.000069,0.009850264,-0.02056197,1.000067,-0.832479,0.02688932,-0.5534041,0,0.006499234,0.9992269,0.03877467,0,-0.5540189,-0.02868239,0.8320101,0,-1.241828,-1.667036,0.1166528,1,-0.8324786,0.006499233,-0.5540186,0,0.02688931,0.9992267,-0.02868238,0,-0.5534038,0.03877465,0.8320097,0,-0.9244137,1.669295,-0.8328666,1,1,1,0.006303796,-0.01637939,0.9998459,0.003415764,-0.003843331,-0.02051251,1.433333,62
0,0.09848309,-0.02026337,1.000103,-0.07723454,-0.01926517,1.000089,0.01062384,-0.01976421,1.000096,-0.8325372,0.02717593,-0.5533022,0,0.006433088,0.9992029,0.03939708,0,-0.5539318,-0.02924009,0.8320484,0,-1.241721,-1.667189,0.1155514,1,-0.8325372,0.006433086,-0.5539318,0,0.02717593,0.999203,-0.02924009,0,-0.5533022,0.03939708,0.8320484,0,-0.9245363,1.669296,-0.8327216,1,1,1,0.007061267,-0.01559173,0.9998536,0.003415985,-0.003849159,-0.02051374,1.455556,63
0,0.09841806,-0.0205625,1.000079,-0.07753158,-0.01971734,1.000049,0.01044235,-0.02013986,1.000064,-0.8326304,0.02725847,-0.553158,0,0.006443804,0.9991972,0.03953893,0,-0.5537918,-0.02935687,0.8321376,0,-1.241697,-1.667183,0.115463,1,-0.8326302,0.006443801,-0.5537917,0,0.02725846,0.9991972,-0.02935687,0,-0.5531579,0.03953893,0.8321375,0,-0.9245607,1.669281,-0.832666,1,1,1,0.006885222,-0.01595847,0.999849,0.00341465,-0.003851212,-0.02051322,1.466667,64
0,0.09996298,-0.02029375,0.9999673,-0.07731217,-0.02111933,0.9999459,0.01132473,-0.02070654,0.9999566,-0.8327506,0.0272734,-0.5529764,0,0.006481876,0.9991977,0.0395202,0,-0.5536106,-0.02932614,0.8322592,0,-1.241711,-1.667209,0.1157433,1,-0.8327503,0.006481873,-0.5536106,0,0.0272734,0.9991977,-0.02932614,0,-0.5529763,0.0395202,0.8322592,0,-0.9245619,1.669346,-0.8326457,1,1,1,0.007752388,-0.0165158,0.9998336,0.00341243,-0.003849838,-0.02051185,1.488889,65
0,0.1013461,-0.02048007,1.000001,-0.07778618,-0.02026306,0.9999946,0.0117799,-0.02037162,0.9999981,-0.8327711,0.0272732,-0.5529456,0,0.006504561,0.9991989,0.03948769,0,-0.5535795,-0.02928754,0.8322814,0,-1.241759,-1.667143,0.1158465,1,-0.8327708,0.006504559,-0.5535794,0,0.0272732,0.9991989,-0.02928753,0,-0.5529454,0.03948769,0.8322811,0,-0.9245759,1.66931,-0.8326557,1,1,1,0.008200037,-0.01618889,0.9998353,0.003410012,-0.003848237,-0.02051235,1.5,66
0,0.1018199,-0.02084163,1.000259,-0.07881853,-0.02017379,1.000254,0.01150057,-0.02050765,1.000256,-0.8327845,0.027257,-0.552926,0,0.006549457,0.9992024,0.03939221,0,-0.5535586,-0.02918385,0.8322988,0,-1.241975,-1.667011,0.1157808,1,-0.8327843,0.006549453,-0.5535586,0,0.027257,0.9992024,-0.02918385,0,-0.5529259,0.03939221,0.8322987,0,-0.9248413,1.669255,-0.8325201,1,1,1,0.007926692,-0.01631992,0.9998354,0.003407921,-0.003846184,-0.02051248,1.511111,67
0,0.1018545,-0.02138232,1.00008,-0.07892045,-0.02035757,1.000068,0.0114665,-0.02086994,1.000074,-0.8328507,0.02737577,-0.5528206,0,0.006612398,0.9991969,0.03951851,0,-0.5534585,-0.02925754,0.8323629,0,-1.242065,-1.666957,0.1155621,1,-0.8328503,0.006612398,-0.5534584,0,0.02737576,0.9991969,-0.02925754,0,-0.5528204,0.03951851,0.8323627,0,-0.9249353,1.669265,-0.8323922,1,1,1,0.007896854,-0.01667946,0.9998297,0.003405799,-0.003844544,-0.02051049,1.533333,68
0,0.1012651,-0.02107668,1.000004,-0.08039421,-0.02133728,1.000018,0.01043588,-0.02120692,1.00001,-0.8327996,0.02728432,-0.5529018,0,0.006866701,0.9992169,0.03896599,0,-0.5535321,-0.02865425,0.8323348,0,-1.242446,-1.666528,0.1163631,1,-0.8327996,0.006866702,-0.5535321,0,0.02728432,0.999217,-0.02865425,0,-0.5529019,0.03896599,0.8323348,0,-0.9249012,1.66922,-0.8323399,1,1,1,0.006892906,-0.01701515,0.9998314,0.003400277,-0.003840111,-0.02050985,1.544444,69
0,0.1017842,-0.02002165,1.000023,-0.08141464,-0.02000899,1.000025,0.01018497,-0.02001514,1.000024,-0.832741,0.02683432,-0.5530123,0,0.00664393,0.9992372,0.0384823,0,-0.5536231,-0.02837161,0.8322841,0,-1.242103,-1.666839,0.1169569,1,-0.8327408,0.006643935,-0.5536229,0,0.02683432,0.9992372,-0.0283716,0,-0.5530121,0.03848229,0.8322837,0,-0.9249426,1.669319,-0.8322889,1,1,1,0.006649504,-0.01585438,0.9998522,0.00339763,-0.003833687,-0.02051358,1.566667,70
0,0.1017785,-0.02050271,0.999944,-0.08150753,-0.02062982,0.9999809,0.01013666,-0.02056615,0.9999624,-0.8326287,0.02655065,-0.5531948,0,0.00665802,0.9992579,0.03793833,0,-0.5537916,-0.02790535,0.8321875,0,-1.242115,-1.666778,0.1176404,1,-0.8326287,0.00665802,-0.5537916,0,0.02655065,0.9992579,-0.02790536,0,-0.5531948,0.03793832,0.8321876,0,-0.9248886,1.669348,-0.8322839,1,1,1,0.006603313,-0.01639696,0.9998437,0.003397264,-0.003831177,-0.02051273,1.577778,71
0,0.1017184,-0.01799984,0.9999969,-0.08218572,-0.02042679,1.000043,0.00976783,-0.01921333,1.00002,-0.8324839,0.02660334,-0.5534104,0,0.00679817,0.9992619,0.0378098,0,-0.5540078,-0.02771387,0.8320502,0,-1.24239,-1.66663,0.1175162,1,-0.8324836,0.006798169,-0.5540076,0,0.02660333,0.9992618,-0.02771386,0,-0.5534103,0.03780979,0.83205,0,-0.9248971,1.669402,-0.8322619,1,1,1,0.00624301,-0.01507329,0.9998668,0.00339557,-0.003828743,-0.02051666,1.588889,72
0,0.1015579,-0.0170768,0.9999657,-0.08173025,-0.02003559,0.9999899,0.009914756,-0.0185565,0.9999778,-0.8322797,0.02644491,-0.5537248,0,0.007008084,0.9992836,0.03719045,0,-0.5543117,-0.0270723,0.8318688,0,-1.242738,-1.666255,0.1180892,1,-0.8322797,0.007008086,-0.5543116,0,0.02644491,0.9992837,-0.0270723,0,-0.5537248,0.03719045,0.8318688,0,-0.9248529,1.669379,-0.8322083,1,1,1,0.006387693,-0.01443051,0.9998755,0.003395143,-0.003828636,-0.02051623,1.611111,73
0,0.101673,-0.01735859,1.000002,-0.08223227,-0.01997397,1.000031,0.00972122,-0.0186664,1.000017,-0.8321913,0.02627006,-0.5538662,0,0.006909247,0.9992908,0.03701546,0,-0.5544458,-0.02697714,0.8317826,0,-1.242602,-1.666381,0.1181574,1,-0.832191,0.006909245,-0.5544457,0,0.02627005,0.9992909,-0.02697714,0,-0.5538661,0.03701546,0.8317825,0,-0.9248624,1.669411,-0.8321906,1,1,1,0.006197104,-0.01453798,0.9998751,0.003396193,-0.003828636,-0.02051666,1.622222,74
0,0.1022694,-0.01701789,0.9999614,-0.08212003,-0.01964608,0.999947,0.01007435,-0.01833198,0.9999541,-0.8322414,0.0261782,-0.553795,0,0.006702614,0.9992867,0.03716417,0,-0.5543728,-0.02721769,0.8318232,0,-1.242253,-1.66666,0.1180585,1,-0.8322414,0.006702613,-0.5543729,0,0.0261782,0.9992867,-0.02721768,0,-0.553795,0.03716417,0.8318232,0,-0.9248442,1.66941,-0.8322378,1,1,1,0.006542269,-0.01420954,0.9998776,0.003397324,-0.003830223,-0.02051231,1.633333,75
0,0.1029652,-0.01681112,0.9999596,-0.08182418,-0.01991129,0.9999609,0.01057053,-0.01836121,0.9999602,-0.8322468,0.02590609,-0.5537997,0,0.006350471,0.9992876,0.03720203,0,-0.5543689,-0.02744439,0.8318183,0,-1.241671,-1.667113,0.1180273,1,-0.8322468,0.006350468,-0.554369,0,0.02590609,0.9992875,-0.02744439,0,-0.5537997,0.03720204,0.8318185,0,-0.9248247,1.66942,-0.8322739,1,1,1,0.007025375,-0.01423228,0.9998741,0.003400444,-0.003835915,-0.02050052,1.644444,76
0,0.1024027,-0.01611236,1.000008,-0.08174634,-0.02046347,0.9999606,0.0103268,-0.01828791,0.9999844,-0.8325022,0.02521618,-0.5534478,0,0.005377738,0.9992844,0.03744013,0,-0.5539958,-0.02819269,0.8320422,0,-1.239963,-1.668353,0.1181893,1,-0.832502,0.005377741,-0.5539957,0,0.02521617,0.9992844,-0.02819268,0,-0.5534476,0.03744012,0.8320418,0,-0.9247906,1.669402,-0.8323079,1,1,1,0.006786356,-0.01415467,0.9998768,0.003400353,-0.003842194,-0.02049959,1.666667,77
0,0.1020723,-0.01349642,1.000031,-0.08090484,-0.02254031,0.999959,0.01058143,-0.01801853,0.9999949,-0.8329407,0.02537034,-0.5527804,0,0.005201652,0.9992633,0.03802411,0,-0.5533379,-0.02879645,0.8324591,0,-1.239612,-1.668623,0.1181149,1,-0.8329407,0.005201655,-0.5533378,0,0.02537034,0.9992633,-0.02879645,0,-0.5527803,0.03802411,0.8324589,0,-0.9248977,1.669351,-0.8323002,1,1,1,0.007035003,-0.01387574,0.999879,0.003401574,-0.003857468,-0.02048062,1.688889,78
0,0.08677095,-0.01980615,1.000038,-0.07537055,-0.01719588,0.9999736,0.005698502,-0.01850088,1.000006,-0.8331445,0.02601058,-0.5524434,0,0.005676411,0.999243,0.03848652,0,-0.5530263,-0.02892894,0.8326615,0,-1.240315,-1.668085,0.1178286,1,-0.8331444,0.005676409,-0.5530263,0,0.02601058,0.999243,-0.02892893,0,-0.5524434,0.03848651,0.8326614,0,-0.9248803,1.669327,-0.832294,1,1,1,0.002086091,-0.01438704,0.9998943,0.00356939,-0.003816506,-0.02055786,1.7,79
0,0.06686634,-0.001985416,0.9999831,-0.08475834,-0.002559638,0.9999681,-0.0089463,-0.002272585,0.9999755,-0.8331852,0.02660761,-0.5523536,0,0.006202139,0.9992286,0.03877871,0,-0.5529593,-0.02888407,0.8327075,0,-1.241164,-1.667445,0.1174867,1,-0.8331853,0.006202139,-0.5529592,0,0.02660761,0.9992285,-0.02888407,0,-0.5523535,0.0387787,0.8327074,0,-0.9248585,1.669301,-0.8323075,1,1,1,-0.01246024,0.001527316,0.9999211,0.003769708,-0.003831741,-0.02048335,1.711111,80
0,0.06021985,0.009419911,0.9999604,-0.08621162,-0.001092138,0.9999175,-0.01299694,0.004163716,0.999939,-0.833434,0.02759053,-0.5519301,0,0.007510589,0.9992262,0.03860923,0,-0.5525682,-0.02803292,0.8329962,0,-1.243155,-1.665777,0.1184608,1,-0.8334339,0.007510595,-0.552568,0,0.02759052,0.9992262,-0.02803292,0,-0.5519299,0.03860922,0.832996,0,-0.9247455,1.669251,-0.8323016,1,1,1,-0.01643578,0.0078357,0.9998342,0.003776856,-0.003833763,-0.02047032,1.733333,81
0,0.06410044,0.006747825,0.999985,-0.0868462,-0.001810463,0.9999946,-0.01137263,0.002468798,0.9999899,-0.833396,0.02784299,-0.5519749,0,0.007741661,0.9992203,0.03871446,0,-0.5526224,-0.02799127,0.8329618,0,-1.243513,-1.665481,0.118226,1,-0.8333957,0.007741665,-0.5526223,0,0.02784298,0.9992204,-0.02799127,0,-0.5519747,0.03871446,0.8329614,0,-0.9247085,1.669232,-0.8322895,1,1,1,-0.01484726,0.00617913,0.9998707,0.00378009,-0.003837517,-0.02045142,1.744444,82
0,0.06587547,0.005507849,0.9999641,-0.08623284,-0.001919551,0.9999323,-0.0101794,0.001794156,0.9999481,-0.8334782,0.02829102,-0.5518277,0,0.00832574,0.999218,0.0386526,0,-0.5524896,-0.02762173,0.8330619,0,-1.244317,-1.66471,0.1186343,1,-0.8334782,0.008325741,-0.5524896,0,0.02829102,0.999218,-0.02762173,0,-0.5518276,0.0386526,0.8330619,0,-0.9245487,1.669183,-0.8322839,1,1,1,-0.01368464,0.005514821,0.9998912,0.003786118,-0.003834061,-0.02046107,1.766667,83
0,0.06552419,0.004473278,0.9999332,-0.08409408,-0.002496118,1.000015,-0.009283155,0.0009885635,0.9999739,-0.8331734,0.02876708,-0.5522635,0,0.008702468,0.9992045,0.03891897,0,-0.5529437,-0.02762019,0.8327609,0,-1.245008,-1.664269,0.1175674,1,-0.833173,0.008702464,-0.5529436,0,0.02876707,0.9992045,-0.02762019,0,-0.5522633,0.03891897,0.8327606,0,-0.9245032,1.669204,-0.8322923,1,1,1,-0.0128103,0.004720368,0.9999068,0.00379026,-0.003828942,-0.02047303,1.777778,84
0,0.06481382,0.005180299,0.9999968,-0.08387789,-0.002464868,1.000037,-0.009531111,0.001357889,1.000017,-0.8326851,0.02919484,-0.5529769,0,0.008871694,0.9991844,0.03939351,0,-0.5536759,-0.02789654,0.832265,0,-1.245267,-1.664113,0.1159095,1,-0.8326849,0.008871698,-0.5536758,0,0.02919483,0.9991844,-0.02789654,0,-0.5529767,0.0393935,0.8322648,0,-0.9242359,1.669238,-0.8323644,1,1,1,-0.01305529,0.005079293,0.9999019,0.00379306,-0.003826546,-0.02048207,1.8,85
0,0.06575507,0.005298486,0.9999064,-0.08446756,-0.003712066,0.99997,-0.009354889,0.0007933192,0.9999382,-0.8324529,0.02903618,-0.5533348,0,0.008711909,0.9991885,0.03932586,0,-0.5540276,-0.02791632,0.8320303,0,-1.245041,-1.664258,0.1155625,1,-0.8324527,0.008711909,-0.5540274,0,0.02903618,0.9991885,-0.02791631,0,-0.5533346,0.03932585,0.83203,0,-0.924169,1.66921,-0.8323981,1,1,1,-0.01288661,0.004522203,0.9999068,0.003796273,-0.003821831,-0.02048689,1.811111,86
