flag,xl,yl,zl,xr,yr,zr,xc,yc,zc,mat_00,mat_10,mat_20,mat_30,mat_01,mat_11,mat_21,mat_31,mat_02,mat_12,mat_22,mat_32,mat_03,mat_13,mat_23,mat_33,ctw_00,ctw_10,ctw_20,ctw_30,ctw_01,ctw_11,ctw_21,ctw_31,ctw_02,ctw_12,ctw_22,ctw_32,ctw_03,ctw_13,ctw_23,ctw_33,opennessl,opennessr,ray_x,ray_y,ray_z,eye_x,eye_y,eye_z,time,frame
6,-0.08920741,-0.08666836,1.000132,-0.2417164,-0.1350521,1.000135,-0.1654618,-0.1108603,1.000134,-0.9568994,-0.06066221,-0.2840135,0,-0.0567253,0.9981458,-0.02207402,0,-0.2848259,0.005011868,0.9585662,0,-0.6319744,-1.689146,0.9621767,1,-0.9568993,-0.0567253,-0.2848259,0,-0.0606622,0.9981457,0.005011868,0,-0.2840135,-0.02207402,0.9585661,0,-0.4339321,1.671404,-1.093847,1,1.0,1.0,-0.1629996,-0.1029406,0.9812413,0.004679597,-0.003409851,-0.02410136,6.577778,388
6,-0.08992654,-0.08954595,1.000219,-0.2293041,-0.1364511,1.000197,-0.1596158,-0.1129987,1.000208,-0.9568973,-0.06101065,-0.2839466,0,-0.05699677,0.9981234,-0.0223849,0,-0.2847795,0.005236005,0.9585789,0,-0.6314839,-1.689021,0.9624881,1,-0.956897,-0.05699676,-0.2847794,0,-0.06101064,0.9981233,0.005236004,0,-0.2839465,-0.02238489,0.9585785,0,-0.4340181,1.671403,-1.09361,1,1.0,1.0,-0.1574442,-0.1050591,0.9819235,0.004637276,-0.003396881,-0.02417954,6.588889,389
6,-0.08431074,-0.09340085,1.000126,-0.2204339,-0.1234729,1.000116,-0.1523725,-0.1084367,1.000121,-0.9568833,-0.06206877,-0.2837636,0,-0.05797627,0.9980574,-0.02280656,0,-0.2846279,0.005371655,0.9586231,0,-0.6297255,-1.689287,0.9630184,1,-0.9568834,-0.05797627,-0.2846279,0,-0.06206878,0.9980574,0.005371657,0,-0.2837636,-0.02280655,0.958623,0,-0.4341563,1.671459,-1.093335,1,1.0,1.0,-0.1507355,-0.1008422,0.9834174,0.004620849,-0.003408379,-0.02412419,6.611111,390
6,-0.0838998,-0.09339998,1.000185,-0.2200991,-0.1235581,1.000186,-0.1519995,-0.1084789,1.000185,-0.956864,-0.06242556,-0.2837505,0,-0.05838757,0.9980364,-0.02267491,0,-0.2846088,0.0051293,0.95863,0,-0.6290015,-1.689753,0.962637,1,-0.956864,-0.05838757,-0.2846089,0,-0.06242556,0.9980365,0.005129301,0,-0.2837505,-0.02267491,0.95863,0,-0.4342039,1.671537,-1.093165,1,1.0,1.0,-0.1503759,-0.1008801,0.9834685,0.004622826,-0.003408242,-0.02413529,6.622222,391
6,-0.08386606,-0.09143955,1.000183,-0.2198763,-0.1283535,1.000188,-0.1518712,-0.1098965,1.000185,-0.9569006,-0.06221054,-0.2836746,0,-0.05817945,0.9980498,-0.02262195,0,-0.2845287,0.005142924,0.9586538,0,-0.6294064,-1.689718,0.9622582,1,-0.9569004,-0.05817944,-0.2845287,0,-0.06221053,0.9980497,0.005142922,0,-0.2836745,-0.02262194,0.9586537,0,-0.4344293,1.671572,-1.092866,1,1.0,1.0,-0.1502329,-0.1022271,0.9833512,0.004622483,-0.00340989,-0.02414577,6.644444,392
6,-0.08494481,-0.09087213,1.000138,-0.2171325,-0.1288851,1.000136,-0.1510386,-0.1098786,1.000137,-0.9569105,-0.06186843,-0.2837159,0,-0.05774252,0.998069,-0.02289101,0,-0.2845843,0.005522174,0.9586352,0,-0.6302435,-1.68921,0.9625124,1,-0.9569104,-0.05774251,-0.2845843,0,-0.06186843,0.998069,0.005522171,0,-0.2837159,-0.02289101,0.958635,0,-0.4345153,1.67159,-1.092727,1,1.0,1.0,-0.149458,-0.1022274,0.9834693,0.004621841,-0.003409233,-0.02414649,6.655556,393
6,-0.08478293,-0.09056892,1.00013,-0.2173176,-0.1283685,1.000111,-0.1510507,-0.1094688,1.000121,-0.9570258,-0.06139906,-0.2834292,0,-0.05702093,0.9980921,-0.02367936,0,-0.2843424,0.006500355,0.9587009,0,-0.6313132,-1.688031,0.963641,1,-0.9570256,-0.05702092,-0.2843423,0,-0.06139905,0.9980922,0.006500355,0,-0.2834292,-0.02367935,0.9587007,0,-0.4347023,1.67163,-1.09238,1,1.0,1.0,-0.1494765,-0.1018391,0.9835069,0.00462095,-0.003409233,-0.02414853,6.677778,394
6,-0.08468983,-0.09015868,1.000187,-0.2177113,-0.1284169,1.000181,-0.1512007,-0.1092879,1.000184,-0.9570417,-0.06118593,-0.2834212,0,-0.05675131,0.9981037,-0.02383918,0,-0.2843424,0.006730561,0.9586993,0,-0.6318858,-1.687698,0.9637095,1,-0.9570414,-0.05675131,-0.2843423,0,-0.06118592,0.9981037,0.006730563,0,-0.2834212,-0.02383918,0.958699,0,-0.4348685,1.671611,-1.09222,1,1.0,1.0,-0.14961,-0.1016585,0.9835052,0.004619935,-0.00340989,-0.02415005,6.688889,395
6,-0.08469287,-0.08918492,1.000153,-0.2190003,-0.1284301,1.000169,-0.1518463,-0.1088074,1.000161,-0.9570205,-0.06123982,-0.2834811,0,-0.05676945,0.9980996,-0.02396603,0,-0.28441,0.006842914,0.9586784,0,-0.6319776,-1.687557,0.9635633,1,-0.9570205,-0.05676945,-0.28441,0,-0.06123981,0.9980996,0.006842916,0,-0.2834811,-0.02396602,0.9586784,0,-0.4350092,1.671566,-1.09194,1,1.0,1.0,-0.1502261,-0.1011934,0.9834592,0.004620048,-0.003410546,-0.02414971,6.711111,396
6,-0.08465379,-0.08823045,1.000186,-0.2185619,-0.1288862,1.000255,-0.1516067,-0.1085578,1.00022,-0.9568878,-0.0611883,-0.2839396,0,-0.05674939,0.9981037,-0.02384123,0,-0.28486,0.006699983,0.9585457,0,-0.6325089,-1.687677,0.962878,1,-0.9568878,-0.05674939,-0.28486,0,-0.0611883,0.9981037,0.006699984,0,-0.2839396,-0.02384123,0.9585458,0,-0.4351069,1.671538,-1.091832,1,1.0,1.0,-0.1499968,-0.1009531,0.983519,0.004620674,-0.003411293,-0.02415197,6.722222,397
6,-0.08483171,-0.08812223,1.0002,-0.2185314,-0.1296524,1.000269,-0.1516804,-0.1088866,1.000234,-0.9567461,-0.06121873,-0.2844108,0,-0.05679367,0.9981025,-0.0237876,0,-0.2853274,0.006605956,0.9584075,0,-0.6328919,-1.687788,0.9622811,1,-0.9567458,-0.05679367,-0.2853273,0,-0.06121872,0.9981025,0.006605959,0,-0.2844107,-0.0237876,0.9584072,0,-0.4351578,1.671531,-1.091689,1,1.0,1.0,-0.150059,-0.1012618,0.9834777,0.004620743,-0.003412888,-0.02415346,6.733334,398
6,-0.08552614,-0.08805162,1.000236,-0.2198505,-0.1318376,1.00034,-0.1526864,-0.1099433,1.000288,-0.9564155,-0.06130747,-0.285501,0,-0.05701959,0.9981008,-0.02331557,0,-0.2863882,0.006020216,0.9580947,0,-0.633504,-1.688479,0.9604517,1,-0.9564154,-0.05701958,-0.2863882,0,-0.06130747,0.9981008,0.006020218,0,-0.285501,-0.02331557,0.9580948,0,-0.4351994,1.671543,-1.091467,1,1.0,1.0,-0.1509795,-0.1022436,0.9832351,0.004620888,-0.003414955,-0.02415724,6.755556,399
6,-0.08703154,-0.08859257,1.000052,-0.219577,-0.1307991,1.000055,-0.1533042,-0.1096958,1.000054,-0.9564159,-0.06130762,-0.2855,0,-0.057049,0.9981014,-0.0232177,0,-0.2863814,0.005918287,0.9580976,0,-0.6333377,-1.688622,0.9602476,1,-0.9564157,-0.057049,-0.2863813,0,-0.06130762,0.9981015,0.005918289,0,-0.2855,-0.0232177,0.9580972,0,-0.4351089,1.67158,-1.091393,1,1.0,1.0,-0.1515972,-0.1020186,0.9831635,0.004622894,-0.003417732,-0.02416188,6.766667,400
6,-0.08647558,-0.08895523,1.00009,-0.2216602,-0.1332872,1.000098,-0.1540679,-0.111121,1.000094,-0.9562416,-0.06160024,-0.28602,0,-0.05725683,0.9980821,-0.02353239,0,-0.2869211,0.006126055,0.9579346,0,-0.6335453,-1.688559,0.9601393,1,-0.9562417,-0.05725683,-0.286921,0,-0.06160024,0.9980821,0.006126058,0,-0.28602,-0.02353239,0.9579347,0,-0.435219,1.67164,-1.091184,1,1.0,1.0,-0.1522876,-0.103357,0.982917,0.004624444,-0.003417725,-0.02416092,6.788889,401
6,-0.08715656,-0.08917232,1.000131,-0.2227844,-0.1336101,1.00013,-0.1549705,-0.111391,1.000131,-0.9562446,-0.06149732,-0.2860326,0,-0.05712117,0.9980876,-0.02362639,0,-0.2869386,0.006254091,0.9579288,0,-0.6338255,-1.688452,0.9601468,1,-0.9562443,-0.05712116,-0.2869385,0,-0.06149732,0.9980877,0.006254088,0,-0.2860325,-0.02362639,0.9579283,0,-0.435294,1.671703,-1.091061,1,1.0,1.0,-0.1531243,-0.1035959,0.9827618,0.004624444,-0.003417443,-0.02416156,6.8,402
6,-0.08720076,-0.08850911,1.000019,-0.2217136,-0.1334396,1.000009,-0.1544573,-0.1109744,1.000014,-0.9562193,-0.06167639,-0.2860783,0,-0.05717099,0.9980739,-0.02408292,0,-0.2870126,0.006673177,0.9579036,0,-0.6337903,-1.688123,0.9608105,1,-0.9562191,-0.05717098,-0.2870125,0,-0.06167639,0.9980739,0.006673175,0,-0.2860782,-0.02408292,0.9579035,0,-0.4352928,1.671777,-1.091004,1,1.0,1.0,-0.1526663,-0.1032204,0.9828725,0.004624444,-0.00341729,-0.02416164,6.811111,403
6,-0.08742246,-0.08921308,1.000074,-0.2209585,-0.1335713,1.000023,-0.1541914,-0.1113928,1.000048,-0.9563092,-0.06208188,-0.2856896,0,-0.05737315,0.998044,-0.02483102,0,-0.2866724,0.00735521,0.9580004,0,-0.6333445,-1.687516,0.9620031,1,-0.9563091,-0.05737316,-0.2866724,0,-0.06208187,0.998044,0.007355214,0,-0.2856897,-0.02483102,0.9580005,0,-0.435603,1.671766,-1.09075,1,1.0,1.0,-0.1524059,-0.1036198,0.9828709,0.004624215,-0.003415428,-0.02416008,6.833333,404
6,-0.08639032,-0.08981423,0.999974,-0.2220621,-0.1325206,0.9999189,-0.1542273,-0.1111679,0.9999464,-0.9563898,-0.06244763,-0.2853407,0,-0.05771245,0.9980206,-0.02498217,0,-0.286336,0.007424977,0.9581007,0,-0.6325005,-1.687621,0.9624975,1,-0.9563893,-0.05771244,-0.2863359,0,-0.06244761,0.9980206,0.007424977,0,-0.2853406,-0.02498217,0.9581004,0,-0.435665,1.671823,-1.090746,1,1.0,1.0,-0.1524554,-0.1034204,0.9828843,0.004621483,-0.003410729,-0.02415565,6.844445,405
6,-0.08308962,-0.08698364,1.000243,-0.2224333,-0.1325153,1.00022,-0.1527618,-0.1097497,1.000231,-0.9565525,-0.06261071,-0.2847589,0,-0.05783158,0.998009,-0.0251691,0,-0.2857678,0.007607502,0.9582689,0,-0.631955,-1.687475,0.9628577,1,-0.9565521,-0.05783157,-0.2857676,0,-0.0626107,0.9980091,0.007607505,0,-0.2847587,-0.02516909,0.9582685,0,-0.4359697,1.671802,-1.090431,1,1.0,1.0,-0.1510611,-0.1020683,0.9832409,0.004620018,-0.003410729,-0.02415116,6.866667,406
6,-0.08007327,-0.08766104,1.000121,-0.221683,-0.1324022,1.000111,-0.1508784,-0.1100316,1.000116,-0.9565578,-0.06276463,-0.284707,0,-0.0579731,0.9979992,-0.02523451,0,-0.2857212,0.007632915,0.9582825,0,-0.6317319,-1.687519,0.9628734,1,-0.9565575,-0.05797308,-0.2857212,0,-0.06276461,0.9979991,0.007632915,0,-0.2847069,-0.0252345,0.9582824,0,-0.4360676,1.671816,-1.090323,1,1.0,1.0,-0.1493044,-0.1023767,0.9834771,0.004616654,-0.003410729,-0.02413894,6.877778,407
6,-0.08018562,-0.08815289,1.000094,-0.2221373,-0.1324226,1.000063,-0.151162,-0.1102881,1.000078,-0.9566284,-0.06269448,-0.284485,0,-0.05791975,0.9980038,-0.02517409,0,-0.2854954,0.007604945,0.9583501,0,-0.631682,-1.687513,0.9628344,1,-0.9566281,-0.05791974,-0.2854953,0,-0.06269445,0.9980037,0.007604946,0,-0.2844849,-0.02517408,0.9583498,0,-0.4361706,1.671796,-1.090241,1,1.0,1.0,-0.1495726,-0.1026196,0.9834111,0.004616654,-0.003410729,-0.02413634,6.888889,408
6,-0.08026159,-0.08814014,1.000084,-0.2207443,-0.1324549,1.000046,-0.1505036,-0.1102978,1.000065,-0.9567167,-0.06266366,-0.2841947,0,-0.05786014,0.9980047,-0.02527449,0,-0.2852114,0.007736984,0.9584335,0,-0.631607,-1.687349,0.9629217,1,-0.9567165,-0.05786013,-0.2852114,0,-0.06266366,0.9980047,0.007736983,0,-0.2841946,-0.02527449,0.9584333,0,-0.4363472,1.671775,-1.089983,1,1.0,1.0,-0.1489576,-0.102638,0.9835024,0.004616654,-0.003413246,-0.02412801,6.911111,409
6,-0.08062178,-0.08724228,1.000089,-0.2206963,-0.1317282,1.000057,-0.1506596,-0.1094854,1.000073,-0.9567639,-0.06273451,-0.2840198,0,-0.05788433,0.997999,-0.02544657,0,-0.2850479,0.007906066,0.9584807,0,-0.6315514,-1.68717,0.9632185,1,-0.9567639,-0.05788432,-0.2850479,0,-0.0627345,0.9979988,0.007906065,0,-0.2840199,-0.02544658,0.9584807,0,-0.4365161,1.671747,-1.08991,1,1.0,1.0,-0.149115,-0.1018586,0.9835596,0.004616654,-0.003418274,-0.02412673,6.922223,410
6,-0.08051151,-0.0903068,0.9999961,-0.2212322,-0.1318473,0.9999956,-0.150872,-0.111077,0.9999958,-0.956789,-0.06264237,-0.2839562,0,-0.05775196,0.9980034,-0.02557042,0,-0.2849911,0.008066462,0.9584965,0,-0.6317717,-1.687039,0.9633781,1,-0.9567887,-0.05775195,-0.2849909,0,-0.06264236,0.9980034,0.008066461,0,-0.2839561,-0.02557041,0.958496,0,-0.436595,1.671818,-1.089835,1,1.0,1.0,-0.1493035,-0.1033749,0.9833728,0.004618363,-0.003418709,-0.024125,6.944445,411
6,-0.08497742,-0.09127809,1.000042,-0.2214688,-0.1318564,1.000027,-0.1532234,-0.1115672,1.000035,-0.9567894,-0.0627645,-0.2839277,0,-0.05777673,0.9979931,-0.0259164,0,-0.2849845,0.008392121,0.9584955,0,-0.6317527,-1.686733,0.9638935,1,-0.9567891,-0.05777673,-0.2849844,0,-0.0627645,0.9979931,0.00839212,0,-0.2839276,-0.0259164,0.9584954,0,-0.436645,1.671828,-1.089772,1,1.0,1.0,-0.1515002,-0.1038021,0.9829918,0.004621736,-0.003418709,-0.024125,6.955556,412
6,-0.08836779,-0.09149341,1.000099,-0.2209172,-0.1318249,1.000128,-0.1546421,-0.1116588,1.000113,-0.9567772,-0.06236566,-0.2840563,0,-0.05735705,0.9980171,-0.02592472,0,-0.2851099,0.00851154,0.9584571,0,-0.6327486,-1.686414,0.9636248,1,-0.9567772,-0.05735705,-0.2851098,0,-0.06236567,0.9980171,0.008511543,0,-0.2840563,-0.02592471,0.958457,0,-0.43685,1.671759,-1.089642,1,1.0,1.0,-0.1528222,-0.1038585,0.9827811,0.004626557,-0.003419373,-0.02412454,6.977778,413
6,-0.09055021,-0.091373,1.000098,-0.2227783,-0.1316361,1.000091,-0.1566644,-0.1115047,1.000094,-0.9568082,-0.0622418,-0.2839793,0,-0.0572683,0.9980257,-0.0257911,0,-0.2850239,0.008414122,0.9584836,0,-0.6329286,-1.686432,0.9633701,1,-0.956808,-0.05726829,-0.2850238,0,-0.06224179,0.9980256,0.008414121,0,-0.2839792,-0.02579109,0.9584833,0,-0.4369806,1.671702,-1.089584,1,1.0,1.0,-0.1547226,-0.1036828,0.9825023,0.004628655,-0.003419502,-0.02413085,6.988889,414
6,-0.09227899,-0.09206049,1.000135,-0.2241418,-0.1315266,1.000145,-0.1582102,-0.1117935,1.00014,-0.9567989,-0.06201252,-0.284061,0,-0.05702287,0.9980392,-0.02580966,0,-0.2851045,0.008496677,0.958459,0,-0.6335164,-1.686246,0.9632111,1,-0.9567986,-0.05702286,-0.2851044,0,-0.06201252,0.9980392,0.008496677,0,-0.2840609,-0.02580965,0.9584586,0,-0.4371053,1.671675,-1.089489,1,1.0,1.0,-0.156161,-0.1039304,0.9822485,0.004632088,-0.003416748,-0.02413439,7.0,415
6,-0.09171921,-0.09210391,1.000166,-0.2240837,-0.1315629,1.000178,-0.1579011,-0.1118332,1.000172,-0.9568247,-0.06188529,-0.2840012,0,-0.05706467,0.9980518,-0.02522466,0,-0.2850089,0.007929143,0.958492,0,-0.6334889,-1.686861,0.9620261,1,-0.9568248,-0.05706467,-0.285009,0,-0.06188529,0.9980518,0.007929142,0,-0.2840013,-0.02522466,0.9584921,0,-0.4373131,1.671692,-1.089269,1,1.0,1.0,-0.1558674,-0.1039703,0.9822909,0.004633408,-0.003415817,-0.02413667,7.022223,416
6,-0.09190065,-0.09136485,1.000102,-0.2245252,-0.1312407,1.000102,-0.1582128,-0.1113027,1.000102,-0.9568306,-0.06191578,-0.2839746,0,-0.05713388,0.998051,-0.02509965,0,-0.2849752,0.007791541,0.9585032,0,-0.6333776,-1.687022,0.9617471,1,-0.9568306,-0.05713388,-0.2849752,0,-0.06191578,0.9980509,0.007791537,0,-0.2839746,-0.02509964,0.9585032,0,-0.4373766,1.671686,-1.08919,1,1.0,1.0,-0.1561761,-0.1034692,0.9822948,0.00463433,-0.003413948,-0.02415232,7.033333,417
6,-0.09202847,-0.09114289,1.000106,-0.2247455,-0.1314076,1.000121,-0.1583867,-0.1112752,1.000114,-0.9567909,-0.06206691,-0.2840761,0,-0.05734968,0.9980435,-0.02490122,0,-0.2850658,0.007533588,0.9584785,0,-0.6332432,-1.687353,0.9610597,1,-0.9567906,-0.05734967,-0.2850658,0,-0.06206691,0.9980436,0.007533588,0,-0.2840759,-0.02490121,0.9584782,0,-0.437596,1.671667,-1.088959,1,1.0,1.0,-0.1563374,-0.1034401,0.9822723,0.004635011,-0.003412789,-0.02415717,7.055556,418
6,-0.09184748,-0.09219398,0.9999958,-0.2253613,-0.130987,1.000004,-0.1586042,-0.1115904,1.0,-0.9567707,-0.06214945,-0.2841255,0,-0.05744896,0.998039,-0.02485557,0,-0.2851131,0.007458366,0.9584649,0,-0.6331743,-1.687496,0.9609601,1,-0.9567708,-0.05744896,-0.2851131,0,-0.06214946,0.998039,0.007458366,0,-0.2841255,-0.02485557,0.9584649,0,-0.4376463,1.671697,-1.088987,1,1.0,1.0,-0.1565538,-0.1037495,0.9822052,0.004636222,-0.003409859,-0.02415691,7.066667,419
6,-0.09166014,-0.09202197,1.000069,-0.2247575,-0.1308358,1.000075,-0.1582085,-0.1114289,1.000072,-0.9567553,-0.06197823,-0.2842152,0,-0.05725873,0.998049,-0.02489217,0,-0.2852034,0.007541913,0.9584374,0,-0.6337667,-1.687314,0.9608092,1,-0.9567551,-0.05725871,-0.2852034,0,-0.06197823,0.998049,0.007541912,0,-0.2842151,-0.02489216,0.9584373,0,-0.4378597,1.67165,-1.088902,1,1.0,1.0,-0.1561761,-0.1035954,0.9822815,0.004636696,-0.003409859,-0.02415691,7.088889,420
6,-0.09164822,-0.09224696,1.00008,-0.2242931,-0.1308899,1.000072,-0.1579709,-0.1115685,1.000076,-0.9567755,-0.06200248,-0.2841421,0,-0.0573086,0.9980481,-0.02481159,0,-0.2851259,0.007455332,0.9584613,0,-0.6336722,-1.687427,0.9606522,1,-0.9567751,-0.05730858,-0.2851258,0,-0.06200247,0.9980482,0.007455333,0,-0.284142,-0.02481158,0.9584609,0,-0.4379447,1.671654,-1.088844,1,1.0,1.0,-0.1559514,-0.1037313,0.982303,0.004637588,-0.003409416,-0.02415691,7.1,421
6,-0.09139696,-0.08858446,1.000203,-0.2246101,-0.1312836,1.000213,-0.1580034,-0.1099341,1.000208,-0.9567572,-0.06204557,-0.2841939,0,-0.05737393,0.9980462,-0.02474165,0,-0.2851737,0.007366433,0.9584476,0,-0.6338605,-1.687494,0.9603056,1,-0.956757,-0.05737393,-0.2851737,0,-0.06204557,0.9980462,0.007366433,0,-0.2841939,-0.02474166,0.9584476,0,-0.4382391,1.67159,-1.088732,1,1.0,1.0,-0.1559887,-0.1021694,0.9824606,0.004638321,-0.003407379,-0.0241555,7.111111,422
6,-0.09124002,-0.08906479,1.00009,-0.2207962,-0.1305516,1.000069,-0.1560183,-0.1098084,1.00008,-0.9568586,-0.06194011,-0.2838755,0,-0.05728688,0.9980528,-0.02467301,0,-0.284851,0.007346242,0.9585438,0,-0.6337501,-1.687457,0.9602789,1,-0.9568583,-0.05728687,-0.2848509,0,-0.0619401,0.9980528,0.007346241,0,-0.2838754,-0.02467301,0.9585435,0,-0.4383308,1.671558,-1.088597,1,1.0,1.0,-0.1541477,-0.1020991,0.9827585,0.004632958,-0.003401688,-0.02414221,7.133334,423
6,-0.08134115,-0.09220615,1.000099,-0.2104714,-0.1278104,1.000084,-0.1459064,-0.1100082,1.000092,-0.9568882,-0.0618875,-0.2837874,0,-0.05720422,0.9980552,-0.02476892,0,-0.2847684,0.007467246,0.9585674,0,-0.6339301,-1.687291,0.9603884,1,-0.9568879,-0.05720421,-0.2847683,0,-0.06188749,0.9980552,0.007467247,0,-0.2837873,-0.02476892,0.9585671,0,-0.4384762,1.671534,-1.088521,1,1.0,1.0,-0.1446255,-0.1024298,0.9841705,0.004594963,-0.003417862,-0.02406467,7.144444,424
6,-0.07893541,-0.0919752,1.000125,-0.2113115,-0.1268286,1.000127,-0.1451233,-0.1094018,1.000126,-0.9569379,-0.06179633,-0.2836391,0,-0.05712596,0.998061,-0.02471631,0,-0.2846165,0.007448817,0.9586126,0,-0.6341809,-1.687231,0.9601925,1,-0.9569378,-0.05712596,-0.2846165,0,-0.06179632,0.998061,0.007448816,0,-0.2836391,-0.02471631,0.9586124,0,-0.4387882,1.671464,-1.088383,1,1.0,1.0,-0.1438953,-0.1018618,0.9843365,0.004597702,-0.003416046,-0.024063,7.166667,425
6,-0.07876289,-0.08794159,1.000103,-0.2119069,-0.1253917,1.000073,-0.1453353,-0.106667,1.000088,-0.9570174,-0.06179514,-0.2833712,0,-0.05721519,0.9980632,-0.0244186,0,-0.2843313,0.00715589,0.9586996,0,-0.6338296,-1.687591,0.9598064,1,-0.9570172,-0.05721518,-0.2843312,0,-0.06179513,0.9980632,0.00715589,0,-0.2833711,-0.02441859,0.9586992,0,-0.4388894,1.671495,-1.088307,1,1.0,1.0,-0.1441428,-0.09926235,0.9845659,0.004602791,-0.003414017,-0.02406381,7.177778,426
6,-0.07870686,-0.08692531,1.000139,-0.2114119,-0.1241129,1.000142,-0.1450593,-0.105519,1.00014,-0.956995,-0.06210106,-0.2833801,0,-0.05754416,0.9980451,-0.02438491,0,-0.2843404,0.007029369,0.9586977,0,-0.6334588,-1.687822,0.9596084,1,-0.9569947,-0.05754416,-0.2843404,0,-0.06210106,0.9980451,0.00702937,0,-0.28338,-0.02438491,0.9586976,0,-0.4390984,1.67147,-1.088228,1,1.0,1.0,-0.1438942,-0.09816816,0.9847119,0.004605607,-0.003413765,-0.02406143,7.188889,427
6,-0.07857755,-0.08514386,0.999977,-0.2120948,-0.1254938,0.9999548,-0.1453366,-0.1053191,0.999966,-0.9570279,-0.06266297,-0.283145,0,-0.05798065,0.9980072,-0.0248954,0,-0.2841407,0.007408664,0.9587541,0,-0.632683,-1.687637,0.9605374,1,-0.9570278,-0.05798064,-0.2841407,0,-0.06266297,0.9980072,0.007408665,0,-0.2831449,-0.0248954,0.9587539,0,-0.4392763,1.671503,-1.088187,1,1.0,1.0,-0.144183,-0.09799194,0.9846872,0.004606285,-0.003412735,-0.02405905,7.211111,428
6,-0.07843223,-0.08592325,1.000059,-0.2120621,-0.1258078,1.000017,-0.1452478,-0.1058658,1.000038,-0.9570878,-0.06277304,-0.2829182,0,-0.05800577,0.9979981,-0.02520431,0,-0.2839339,0.007711846,0.958813,0,-0.6325673,-1.68733,0.9611143,1,-0.9570877,-0.05800577,-0.2839338,0,-0.06277303,0.9979979,0.007711846,0,-0.2829181,-0.0252043,0.9588127,0,-0.4394246,1.671484,-1.088123,1,1.0,1.0,-0.1440828,-0.09850918,0.9846502,0.004606964,-0.003410309,-0.0240594,7.222222,429
6,-0.07811201,-0.08791246,1.000025,-0.2119917,-0.1264846,1.000022,-0.145052,-0.1071984,1.000023,-0.9570725,-0.0629706,-0.2829256,0,-0.05816516,0.9979848,-0.02536153,0,-0.2839525,0.007816409,0.9588064,0,-0.6323155,-1.687349,0.9612579,1,-0.9570726,-0.05816516,-0.2839525,0,-0.0629706,0.9979848,0.00781641,0,-0.2829257,-0.02536153,0.9588065,0,-0.4394607,1.671549,-1.088019,1,1.0,1.0,-0.1438822,-0.09978701,0.984551,0.00460788,-0.003405334,-0.02406264,7.244445,430
6,-0.07782257,-0.08905445,1.000046,-0.2118284,-0.1271649,1.000057,-0.1448253,-0.1081094,1.000051,-0.9570088,-0.06341554,-0.2830422,0,-0.05857902,0.9979563,-0.02552733,0,-0.2840826,0.007849541,0.9587679,0,-0.6317886,-1.687498,0.9613928,1,-0.9570085,-0.05857901,-0.2840825,0,-0.06341553,0.9979563,0.007849542,0,-0.2830421,-0.02552732,0.9587675,0,-0.4395261,1.671582,-1.087986,1,1.0,1.0,-0.1436525,-0.1006557,0.984496,0.004608864,-0.003402847,-0.02406887,7.255556,431
6,-0.07789835,-0.08720486,1.000021,-0.2122804,-0.1271363,1.000012,-0.1450896,-0.1071707,1.000016,-0.9569499,-0.06414105,-0.2830772,0,-0.05917923,0.9979073,-0.02605388,0,-0.2841559,0.008179971,0.9587432,0,-0.6307515,-1.687512,0.9622412,1,-0.95695,-0.05917924,-0.2841559,0,-0.06414105,0.9979073,0.008179968,0,-0.2830771,-0.02605388,0.9587431,0,-0.4394479,1.671723,-1.08797,1,1.0,1.0,-0.1439196,-0.0997632,0.9845479,0.00461016,-0.003401505,-0.0240739,7.277778,432
6,-0.0789347,-0.08911698,0.9999698,-0.2118379,-0.1269613,0.9999701,-0.1453862,-0.1080392,0.9999701,-0.9568979,-0.06468028,-0.2831307,0,-0.05966701,0.9978717,-0.0263037,0,-0.2842295,0.008276394,0.9587206,0,-0.6299317,-1.687636,0.9626246,1,-0.9568978,-0.05966701,-0.2842295,0,-0.06468027,0.9978717,0.008276391,0,-0.2831307,-0.0263037,0.9587205,0,-0.4393884,1.671779,-1.087966,1,1.0,1.0,-0.144195,-0.1005913,0.9844233,0.004612167,-0.003400101,-0.02407453,7.288889,433
6,-0.07988182,-0.089259,1.000028,-0.2122215,-0.1291795,1.000017,-0.1460517,-0.1092193,1.000022,-0.9568983,-0.06496922,-0.2830629,0,-0.05995699,0.9978533,-0.02634397,0,-0.2841668,0.008236898,0.9587394,0,-0.6293702,-1.687804,0.9627051,1,-0.9568983,-0.059957,-0.2841668,0,-0.06496922,0.9978533,0.008236899,0,-0.2830629,-0.02634397,0.9587396,0,-0.4393925,1.671807,-1.087927,1,1.0,1.0,-0.1448005,-0.1016977,0.9842207,0.004615516,-0.00340136,-0.02407552,7.3,434
6,-0.08016559,-0.08954357,0.9999861,-0.2122164,-0.1291443,0.9999893,-0.146191,-0.1093438,0.9999876,-0.9569151,-0.0647513,-0.2830567,0,-0.05983487,0.9978699,-0.02598946,0,-0.2841366,0.007933045,0.9587512,0,-0.6294606,-1.68811,0.9620767,1,-0.9569147,-0.05983486,-0.2841365,0,-0.06475128,0.9978698,0.007933046,0,-0.2830566,-0.02598945,0.9587508,0,-0.4393252,1.671854,-1.087853,1,1.0,1.0,-0.1449351,-0.1018177,0.9841885,0.004616058,-0.003401512,-0.02407552,7.322222,435
6,-0.08087707,-0.08962023,1.000039,-0.2094957,-0.1291604,1.00006,-0.145186,-0.1093899,1.000049,-0.9568591,-0.06459016,-0.2832821,0,-0.05957568,0.9978775,-0.02629017,0,-0.284379,0.008279259,0.9586762,0,-0.6301224,-1.687685,0.9623555,1,-0.9568591,-0.05957567,-0.284379,0,-0.06459016,0.9978775,0.008279261,0,-0.2832822,-0.02629017,0.9586763,0,-0.4393279,1.671863,-1.087808,1,1.0,1.0,-0.143981,-0.1018695,0.9843232,0.004616349,-0.003402367,-0.0240723,7.333333,436
6,-0.08165544,-0.08918563,1.000033,-0.2097056,-0.1275968,1.000037,-0.1456805,-0.108391,1.000035,-0.9569002,-0.06387326,-0.2833058,0,-0.05873764,0.9979191,-0.02659422,0,-0.2844149,0.008807302,0.9586608,0,-0.6312996,-1.68692,0.9628393,1,-0.9569002,-0.05873764,-0.2844149,0,-0.06387327,0.9979192,0.008807302,0,-0.2833057,-0.02659422,0.9586608,0,-0.4390619,1.671935,-1.08773,1,1.0,1.0,-0.1444629,-0.1009093,0.9843514,0.004617049,-0.003406731,-0.02407228,7.355556,437
6,-0.08319026,-0.08764559,1.000001,-0.212039,-0.127693,1.000006,-0.1476146,-0.1076692,1.000004,-0.9568769,-0.06368603,-0.2834273,0,-0.05844023,0.9979275,-0.02693439,0,-0.2845553,0.009209338,0.9586155,0,-0.6318271,-1.686392,0.9632884,1,-0.9568766,-0.05844022,-0.2845552,0,-0.06368603,0.9979275,0.009209339,0,-0.2834273,-0.02693439,0.9586154,0,-0.438958,1.671919,-1.087682,1,1.0,1.0,-0.1462969,-0.1001924,0.9841538,0.004616563,-0.003412796,-0.02407089,7.366667,438
6,-0.08324915,-0.08827095,1.000174,-0.2123511,-0.1236952,1.000185,-0.1477999,-0.1059829,1.000179,-0.9568143,-0.06356642,-0.2836654,0,-0.05807763,0.997927,-0.02772686,0,-0.2848399,0.01005484,0.9585226,0,-0.6326988,-1.685453,0.9641911,1,-0.9568139,-0.05807761,-0.2848398,0,-0.06356641,0.997927,0.01005483,0,-0.2836654,-0.02772685,0.9585223,0,-0.4390055,1.671947,-1.08747,1,1.0,1.0,-0.1464703,-0.0985652,0.9842924,0.004616135,-0.003416695,-0.02406946,7.377778,439
6,-0.08294588,-0.08843301,1.000054,-0.2111407,-0.1233215,1.0001,-0.1470426,-0.1058769,1.000077,-0.9566834,-0.06377182,-0.2840597,0,-0.05821129,0.997912,-0.02798318,0,-0.2852511,0.01023556,0.9583981,0,-0.6327873,-1.685351,0.9642728,1,-0.9566835,-0.05821129,-0.2852511,0,-0.06377183,0.997912,0.01023556,0,-0.2840597,-0.02798318,0.9583982,0,-0.438944,1.67198,-1.08741,1,1.0,1.0,-0.1457741,-0.09848341,0.9844039,0.004616319,-0.003418686,-0.02406779,7.4,440
6,-0.08366433,-0.08798147,1.000068,-0.21241,-0.1224619,1.000106,-0.1480365,-0.1052217,1.000087,-0.9565942,-0.06373385,-0.2843687,0,-0.05811834,0.9979127,-0.02815061,0,-0.2855693,0.01040168,0.9583017,0,-0.633091,-1.685193,0.9642593,1,-0.9565942,-0.05811834,-0.2855693,0,-0.06373385,0.9979126,0.01040167,0,-0.2843687,-0.02815061,0.9583016,0,-0.4388098,1.672026,-1.087314,1,1.0,1.0,-0.1467166,-0.0978427,0.9843277,0.00461621,-0.003420273,-0.02406814,7.411111,441
6,-0.08318779,-0.08845597,1.000076,-0.2112498,-0.1224287,1.00016,-0.1472174,-0.1054415,1.000118,-0.9563055,-0.06371307,-0.2853426,0,-0.05801288,0.997912,-0.02839397,0,-0.2865559,0.01059976,0.958005,0,-0.6342723,-1.684979,0.9637657,1,-0.9563055,-0.05801288,-0.2865558,0,-0.06371307,0.9979119,0.01059976,0,-0.2853426,-0.02839396,0.9580048,0,-0.4389099,1.67203,-1.087186,1,1.0,1.0,-0.1459392,-0.09806025,0.9844216,0.004616875,-0.003420822,-0.02406866,7.433333,442
6,-0.08266777,-0.08844261,1.000158,-0.2104725,-0.1227576,1.000193,-0.1465696,-0.1055999,1.000175,-0.9562365,-0.06368679,-0.2855797,0,-0.05801839,0.997915,-0.02827479,0,-0.2867851,0.01046852,0.9579378,0,-0.6345202,-1.685057,0.9632632,1,-0.9562365,-0.05801838,-0.286785,0,-0.06368679,0.997915,0.01046851,0,-0.2855797,-0.02827479,0.9579376,0,-0.4389789,1.671966,-1.087077,1,1.0,1.0,-0.1453199,-0.09821343,0.984498,0.004616837,-0.00342157,-0.02406717,7.444445,443
6,-0.08276391,-0.08751576,1.000096,-0.2104474,-0.1243525,1.000143,-0.1466049,-0.1059338,1.000119,-0.9559588,-0.06379642,-0.2864839,0,-0.05802904,0.9979056,-0.02858601,0,-0.2877075,0.01070266,0.9576586,0,-0.6352539,-1.684864,0.9629848,1,-0.9559585,-0.05802904,-0.2877074,0,-0.06379641,0.9979056,0.01070266,0,-0.2864838,-0.028586,0.9576584,0,-0.4388851,1.672,-1.086945,1,1.0,1.0,-0.1453562,-0.09853525,0.9844604,0.004616837,-0.003422386,-0.02406715,7.466667,444
6,-0.08245334,-0.08590023,1.000032,-0.2103941,-0.1241467,1.00005,-0.1464234,-0.1050235,1.000041,-0.95593,-0.06365943,-0.2866105,0,-0.05789484,0.9979143,-0.0285518,0,-0.2878303,0.01070025,0.9576218,0,-0.6355038,-1.684877,0.9628153,1,-0.9559297,-0.05789483,-0.2878302,0,-0.06365941,0.9979143,0.01070025,0,-0.2866104,-0.02855179,0.9576215,0,-0.4388024,1.672061,-1.086901,1,1.0,1.0,-0.1452083,-0.09767833,0.9845677,0.004616455,-0.003422943,-0.02406683,7.477778,445
6,-0.08090076,-0.08595056,1.00004,-0.2104836,-0.1217344,1.000086,-0.1456914,-0.1038422,1.000063,-0.9558226,-0.06347922,-0.2870087,0,-0.05760255,0.9979217,-0.02888237,0,-0.2882456,0.01107398,0.9574927,0,-0.636301,-1.684438,0.9630226,1,-0.9558221,-0.05760254,-0.2882455,0,-0.06347921,0.9979218,0.01107398,0,-0.2870086,-0.02888236,0.9574922,0,-0.4387217,1.672099,-1.086844,1,1.0,1.0,-0.1445318,-0.09655811,0.9847777,0.00461583,-0.003425987,-0.02406618,7.488889,446
6,-0.08014262,-0.08579834,1.000002,-0.2079901,-0.1216938,1.000004,-0.1440664,-0.103746,1.000003,-0.9557788,-0.06369855,-0.287105,0,-0.05764652,0.9979013,-0.02949282,0,-0.2883811,0.01163801,0.957445,0,-0.6362289,-1.683898,0.9638752,1,-0.9557789,-0.05764653,-0.2883811,0,-0.06369855,0.9979013,0.01163801,0,-0.287105,-0.02949282,0.957445,0,-0.4386227,1.672115,-1.086737,1,1.0,1.0,-0.1430095,-0.09649327,0.9850063,0.00461435,-0.003426598,-0.02406574,7.511111,447
6,-0.07591823,-0.08468695,1.000041,-0.2076762,-0.1209691,1.000049,-0.1417969,-0.102828,1.000045,-0.9557625,-0.0635827,-0.2871856,0,-0.05749699,0.9979072,-0.0295843,0,-0.2884656,0.01176325,0.9574182,0,-0.636564,-1.683727,0.9639229,1,-0.9557623,-0.05749698,-0.2884655,0,-0.0635827,0.9979073,0.01176325,0,-0.2871855,-0.02958429,0.9574178,0,-0.4386351,1.67212,-1.086698,1,1.0,1.0,-0.1408719,-0.09564014,0.9853974,0.004608916,-0.003431145,-0.024064,7.522223,448
6,-0.07625318,-0.08495688,1.000001,-0.2076955,-0.121983,1.00002,-0.1419739,-0.1034697,1.00001,-0.9557614,-0.06339731,-0.2872295,0,-0.05731575,0.997919,-0.02954151,0,-0.2885046,0.01177186,0.9574062,0,-0.6368241,-1.683687,0.9638636,1,-0.9557616,-0.05731575,-0.2885046,0,-0.06339732,0.997919,0.01177186,0,-0.2872295,-0.02954151,0.9574062,0,-0.4385432,1.672157,-1.086715,1,1.0,1.0,-0.1410318,-0.0962525,0.985315,0.004604798,-0.003431763,-0.02406009,7.544445,449
6,-0.07560471,-0.08590377,0.999974,-0.2067922,-0.1228813,0.9999776,-0.1411984,-0.1043925,0.9999757,-0.9557613,-0.06341126,-0.2872275,0,-0.05737314,0.9979199,-0.02939944,0,-0.2884943,0.0116197,0.9574113,0,-0.6366485,-1.683853,0.9636701,1,-0.955761,-0.05737313,-0.2884942,0,-0.06341124,0.9979197,0.0116197,0,-0.2872274,-0.02939944,0.957411,0,-0.4384665,1.672155,-1.086732,1,1.0,1.0,-0.1402902,-0.09714545,0.9853331,0.00460148,-0.003432099,-0.02405499,7.555556,450
6,-0.0747411,-0.08597772,0.9999655,-0.208394,-0.1238956,0.9999545,-0.1415676,-0.1049367,0.9999601,-0.9558593,-0.06266409,-0.2870651,0,-0.05672258,0.9979694,-0.02897616,0,-0.288298,0.01141406,0.9574728,0,-0.6375334,-1.683787,0.963055,1,-0.9558591,-0.05672257,-0.288298,0,-0.06266409,0.9979694,0.01141406,0,-0.2870651,-0.02897616,0.9574727,0,-0.4384455,1.672111,-1.08668,1,1.0,1.0,-0.1406298,-0.09765928,0.9852339,0.004596702,-0.003434395,-0.02404954,7.577778,451
6,-0.07460755,-0.09090788,0.9999099,-0.2090755,-0.1209809,0.9999196,-0.1418413,-0.1059442,0.9999149,-0.9558494,-0.062529,-0.2871279,0,-0.05659061,0.9979779,-0.02894342,0,-0.2883571,0.0114168,0.957455,0,-0.6378202,-1.683729,0.9630517,1,-0.955849,-0.0565906,-0.288357,0,-0.06252898,0.9979778,0.0114168,0,-0.2871278,-0.0289434,0.9574547,0,-0.4384228,1.672103,-1.086776,1,1.0,1.0,-0.1408758,-0.09861823,0.9851033,0.004590859,-0.003436493,-0.02404312,7.588889,452
6,-0.07474142,-0.0908042,0.9999624,-0.2077747,-0.1242549,0.9999737,-0.1412577,-0.1075294,0.9999682,-0.9558345,-0.06253126,-0.2871768,0,-0.05664636,0.9979799,-0.02876415,0,-0.2883953,0.01122624,0.9574457,0,-0.6377302,-1.683931,0.9627779,1,-0.9558343,-0.05664635,-0.2883953,0,-0.06253125,0.9979799,0.01122624,0,-0.2871767,-0.02876414,0.9574455,0,-0.4383754,1.672097,-1.086822,1,1.0,1.0,-0.1402956,-0.1001312,0.9850335,0.004588882,-0.003436821,-0.0240415,7.6,453
6,-0.07417142,-0.09078868,1.000019,-0.2066654,-0.1244276,1.000002,-0.1404187,-0.1076081,1.00001,-0.9559314,-0.06270583,-0.2868161,0,-0.05695176,0.9979738,-0.02836943,0,-0.2880138,0.01078455,0.9575657,0,-0.6367892,-1.684489,0.9624539,1,-0.9559311,-0.05695175,-0.2880138,0,-0.06270581,0.9979737,0.01078455,0,-0.286816,-0.02836942,0.9575654,0,-0.4383067,1.672114,-1.08685,1,1.0,1.0,-0.1394973,-0.1002138,0.9851384,0.004588447,-0.003436508,-0.02403991,7.622222,454
6,-0.07410383,-0.08887662,1.000014,-0.2077452,-0.1272801,1.00001,-0.1409246,-0.1080784,1.000012,-0.9559215,-0.06292623,-0.2868004,0,-0.05716542,0.99796,-0.02842466,0,-0.288004,0.01077668,0.9575686,0,-0.6364394,-1.684519,0.9625373,1,-0.9559214,-0.05716542,-0.288004,0,-0.06292623,0.99796,0.01077668,0,-0.2868004,-0.02842466,0.9575686,0,-0.4383304,1.67206,-1.086839,1,1.0,1.0,-0.1399685,-0.1006549,0.9850266,0.004588447,-0.003436646,-0.02403512,7.633334,455
6,-0.07484558,-0.09202945,0.9999548,-0.2078193,-0.1273554,0.9999609,-0.1413323,-0.1096922,0.9999578,-0.9559208,-0.06262341,-0.2868689,0,-0.05688355,0.9979794,-0.0283081,0,-0.288062,0.01074218,0.9575516,0,-0.6368781,-1.684394,0.9623951,1,-0.9559207,-0.05688354,-0.288062,0,-0.06262341,0.9979795,0.01074218,0,-0.2868688,-0.02830809,0.9575514,0,-0.4382062,1.672006,-1.086909,1,1.0,1.0,-0.1403383,-0.1021913,0.9848158,0.004588447,-0.003436318,-0.02403286,7.655556,456
6,-0.07477537,-0.09200543,1.000066,-0.2101539,-0.1284388,1.000094,-0.1424642,-0.110222,1.00008,-0.955874,-0.06250734,-0.287051,0,-0.05677865,0.9979872,-0.02824691,0,-0.2882389,0.01070212,0.9574989,0,-0.6372666,-1.68437,0.9621103,1,-0.9558735,-0.05677863,-0.2882387,0,-0.06250732,0.9979871,0.01070212,0,-0.2870509,-0.02824691,0.9574985,0,-0.4382572,1.671973,-1.086878,1,1.0,1.0,-0.1413824,-0.1026686,0.9846168,0.004589104,-0.003436157,-0.02403071,7.666667,457
6,-0.07486084,-0.09363429,0.9999764,-0.2098641,-0.1281767,0.9999907,-0.1423622,-0.1109054,0.9999836,-0.9558676,-0.06235504,-0.2871044,0,-0.05669691,0.9979991,-0.02798817,0,-0.2882752,0.01047505,0.9574904,0,-0.6373842,-1.684582,0.9616962,1,-0.9558676,-0.05669691,-0.2882751,0,-0.06235504,0.997999,0.01047505,0,-0.2871044,-0.02798817,0.9574902,0,-0.4381899,1.67199,-1.086911,1,1.0,1.0,-0.1412908,-0.1033322,0.9845605,0.004590249,-0.003433472,-0.02402961,7.677778,458
6,-0.07518449,-0.08796435,0.999958,-0.2061332,-0.1249415,0.9999703,-0.1406586,-0.1064529,0.9999641,-0.9558561,-0.06218794,-0.2871792,0,-0.0566157,0.9980124,-0.02767568,0,-0.2883295,0.01019511,0.957477,0,-0.6374959,-1.684804,0.9612394,1,-0.955856,-0.05661569,-0.2883295,0,-0.06218794,0.9980124,0.01019511,0,-0.2871792,-0.02767568,0.957477,0,-0.4380807,1.671966,-1.086997,1,1.0,1.0,-0.1397559,-0.09912311,0.9852121,0.004597549,-0.003429161,-0.02402231,7.7,459
6,-0.07518241,-0.08501594,0.9998833,-0.2068806,-0.125523,0.9998658,-0.1410318,-0.1052695,0.9998745,-0.955911,-0.06194276,-0.2870496,0,-0.05636786,0.998027,-0.02765341,0,-0.2881962,0.01025382,0.9575167,0,-0.637682,-1.684612,0.9614101,1,-0.9559107,-0.05636786,-0.2881961,0,-0.06194275,0.998027,0.01025382,0,-0.2870495,-0.0276534,0.9575163,0,-0.4379443,1.67193,-1.08707,1,1.0,1.0,-0.1401358,-0.0980007,0.9852704,0.004597924,-0.003426926,-0.02402373,7.722222,460
6,-0.0751304,-0.08353703,1.000104,-0.208391,-0.1255992,1.000126,-0.1417603,-0.1045678,1.000115,-0.9558715,-0.06177377,-0.2872174,0,-0.05617766,0.9980367,-0.02769281,0,-0.2883642,0.01033556,0.9574651,0,-0.6383261,-1.684373,0.9612538,1,-0.9558713,-0.05617766,-0.2883642,0,-0.06177377,0.9980367,0.01033557,0,-0.2872175,-0.02769281,0.9574651,0,-0.4381189,1.671826,-1.087028,1,1.0,1.0,-0.1407995,-0.09730127,0.9852451,0.004597924,-0.003425705,-0.02402741,7.733334,461
6,-0.07504994,-0.08493122,0.9999871,-0.205998,-0.1242853,0.999947,-0.1405247,-0.1046085,0.999967,-0.9559994,-0.06146438,-0.2868579,0,-0.05589131,0.9980558,-0.02758447,0,-0.2879957,0.01033787,0.957576,0,-0.6385344,-1.684222,0.9613838,1,-0.9559993,-0.05589132,-0.2879956,0,-0.06146438,0.9980558,0.01033787,0,-0.2868578,-0.02758447,0.9575758,0,-0.4381775,1.671778,-1.087082,1,1.0,1.0,-0.1396532,-0.09737504,0.985401,0.004598229,-0.003419876,-0.02402892,7.755556,462
6,-0.07484919,-0.0841711,0.9999446,-0.2037209,-0.1228182,0.9999499,-0.139285,-0.1034946,0.9999473,-0.9559975,-0.06135561,-0.2868876,0,-0.05578981,0.9980626,-0.02754328,0,-0.2880217,0.0103259,0.9575683,0,-0.6387141,-1.68419,0.9613546,1,-0.9559973,-0.05578981,-0.2880217,0,-0.06135561,0.9980625,0.0103259,0,-0.2868876,-0.02754328,0.9575681,0,-0.4381427,1.671772,-1.087135,1,1.0,1.0,-0.1384991,-0.09633549,0.985666,0.004598229,-0.003414849,-0.02403692,7.766667,463
6,-0.07493111,-0.08541182,0.9998447,-0.2025214,-0.122101,0.9998181,-0.1387267,-0.1037569,0.9998315,-0.9560692,-0.0612045,-0.2866806,0,-0.05564836,0.9980717,-0.02749679,0,-0.2878107,0.01033553,0.9576316,0,-0.6386086,-1.684178,0.9615783,1,-0.9560691,-0.05564837,-0.2878107,0,-0.0612045,0.9980718,0.01033553,0,-0.2866805,-0.02749679,0.9576315,0,-0.4379674,1.671833,-1.087229,1,1.0,1.0,-0.1379823,-0.09660761,0.9857119,0.004597389,-0.003409447,-0.0240406,7.777778,464
6,-0.07603079,-0.07940915,0.9999759,-0.2025837,-0.1198597,0.9999589,-0.1393075,-0.09963438,0.9999676,-0.9561629,-0.06102302,-0.2864072,0,-0.05549948,0.9980835,-0.027372,0,-0.2875286,0.01027664,0.9577171,0,-0.6385453,-1.684159,0.9616752,1,-0.9561625,-0.05549946,-0.2875285,0,-0.061023,0.9980834,0.01027664,0,-0.2864071,-0.02737199,0.9577168,0,-0.4378949,1.671815,-1.087305,1,1.0,1.0,-0.1385639,-0.09265555,0.9860096,0.004596795,-0.003408211,-0.02404409,7.811111,465
6,-0.07509252,-0.07977936,0.9999924,-0.2026524,-0.1183251,0.9999578,-0.1388731,-0.09905256,0.9999751,-0.9562471,-0.06096776,-0.2861375,0,-0.05546393,0.9980872,-0.02730829,0,-0.2872551,0.01024316,0.9577994,0,-0.6383419,-1.684161,0.9617667,1,-0.9562469,-0.05546393,-0.287255,0,-0.06096775,0.9980872,0.01024316,0,-0.2861374,-0.02730829,0.9577993,0,-0.4378945,1.671798,-1.087295,1,1.0,1.0,-0.1381592,-0.09210829,0.9861177,0.004596145,-0.003404862,-0.02404297,7.822222,466
6,-0.07495749,-0.0812033,0.9998006,-0.2027726,-0.1187707,0.9997473,-0.1388659,-0.09998758,0.9997742,-0.956355,-0.06088005,-0.2857954,0,-0.05530268,0.9980894,-0.02755375,0,-0.2869268,0.01054591,0.9578946,0,-0.6383063,-1.68376,0.9625829,1,-0.9563548,-0.05530268,-0.2869268,0,-0.06088004,0.9980894,0.01054591,0,-0.2857954,-0.02755375,0.9578943,0,-0.4378529,1.671766,-1.087443,1,1.0,1.0,-0.1381675,-0.09302253,0.9860307,0.004596023,-0.00340094,-0.02404072,7.833333,467
6,-0.07507685,-0.08216502,0.999948,-0.2026917,-0.1190611,0.9999295,-0.1388845,-0.1006132,0.9999387,-0.9564135,-0.0608798,-0.2855997,0,-0.05538869,0.9980923,-0.02727305,0,-0.2867152,0.01026532,0.957961,0,-0.6379385,-1.684078,0.9623293,1,-0.9564132,-0.05538869,-0.2867151,0,-0.0608798,0.9980924,0.01026532,0,-0.2855996,-0.02727305,0.9579608,0,-0.4378182,1.671776,-1.087493,1,1.0,1.0,-0.138156,-0.09360681,0.9859771,0.004596023,-0.003399269,-0.02403859,7.844445,468
6,-0.07575095,-0.08270702,0.999939,-0.202609,-0.1192662,0.9998993,-0.1391805,-0.100987,0.9999192,-0.95649,-0.0610473,-0.2853068,0,-0.05563114,0.9980847,-0.02705767,0,-0.2864121,0.01000845,0.9580542,0,-0.6373131,-1.684339,0.9622708,1,-0.9564901,-0.05563114,-0.2864121,0,-0.0610473,0.9980847,0.01000845,0,-0.2853068,-0.02705767,0.9580542,0,-0.4378656,1.671695,-1.087584,1,1.0,1.0,-0.1384338,-0.09396299,0.9859042,0.004596055,-0.003397804,-0.02403693,7.866667,469
6,-0.07589868,-0.08274294,0.9999819,-0.2027164,-0.1184369,0.9999611,-0.1393079,-0.1005902,0.9999714,-0.9565229,-0.0612729,-0.2851485,0,-0.0558717,0.9980716,-0.02704621,0,-0.2862558,0.009938592,0.9581019,0,-0.636829,-1.684509,0.9623786,1,-0.9565227,-0.0558717,-0.2862557,0,-0.0612729,0.9980716,0.009938592,0,-0.2851484,-0.02704621,0.9581016,0,-0.4379355,1.671709,-1.087611,1,1.0,1.0,-0.1385529,-0.09357779,0.9859241,0.004596535,-0.003398445,-0.02403484,7.888889,470
6,-0.07583511,-0.08329511,0.9999397,-0.2046864,-0.1186995,0.999949,-0.1402605,-0.100997,0.9999444,-0.9564992,-0.06123512,-0.2852363,0,-0.05580275,0.9980728,-0.02714184,0,-0.2863486,0.01004418,0.958073,0,-0.6370406,-1.68436,0.9625291,1,-0.956499,-0.05580274,-0.2863485,0,-0.06123512,0.9980728,0.01004418,0,-0.2852362,-0.02714183,0.9580726,0,-0.4379225,1.67169,-1.08767,1,1.0,1.0,-0.1394522,-0.09395709,0.9857613,0.004597138,-0.003398857,-0.02402825,7.9,471
6,-0.07599321,-0.08391319,0.9999059,-0.2080671,-0.1190207,0.9999335,-0.1420297,-0.1014667,0.9999198,-0.9564559,-0.06108361,-0.2854136,0,-0.05567391,0.9980829,-0.02703749,0,-0.2865179,0.009970073,0.9580231,0,-0.6375832,-1.684289,0.9623401,1,-0.9564559,-0.0556739,-0.2865179,0,-0.06108361,0.9980829,0.009970075,0,-0.2854136,-0.02703748,0.958023,0,-0.4380378,1.671583,-1.08783,1,1.0,1.0,-0.1411224,-0.09438451,0.9854826,0.004600395,-0.003398201,-0.0240241,7.911111,472
6,-0.07608446,-0.08519667,0.9999235,-0.2070555,-0.1197885,0.9999252,-0.1415699,-0.1024926,0.9999243,-0.9564632,-0.06092934,-0.2854224,0,-0.05551856,0.9980921,-0.02701829,0,-0.2865241,0.009995759,0.958021,0,-0.6378586,-1.684204,0.9623812,1,-0.9564629,-0.05551855,-0.286524,0,-0.06092932,0.998092,0.00999576,0,-0.2854224,-0.02701829,0.9580209,0,-0.4380203,1.671579,-1.087908,1,1.0,1.0,-0.1406781,-0.09537194,0.9854512,0.004602777,-0.003395577,-0.02401736,7.933333,473
