flag,xl,yl,zl,xr,yr,zr,xc,yc,zc,mat_00,mat_10,mat_20,mat_30,mat_01,mat_11,mat_21,mat_31,mat_02,mat_12,mat_22,mat_32,mat_03,mat_13,mat_23,mat_33,ctw_00,ctw_10,ctw_20,ctw_30,ctw_01,ctw_11,ctw_21,ctw_31,ctw_02,ctw_12,ctw_22,ctw_32,ctw_03,ctw_13,ctw_23,ctw_33,opennessl,opennessr,ray_x,ray_y,ray_z,eye_x,eye_y,eye_z,time,frame,u,v
25.0,0.2082496,0.2148525,1.000023,0.1297629,0.1540667,1.000049,0.1690063,0.1844603,1.000036,0.02765703,0.00911408,-0.999576,0.0,-0.03322057,0.9994144,0.008193434,0.0,-0.9990654,-0.03297988,-0.02794361,0.0,-0.5093036,-1.592504,-1.29443,1.0,0.02765703,-0.03322057,-0.9990652,0.0,0.00911408,0.9994146,-0.03297988,0.0,-0.999576,0.008193436,-0.02794361,0.0,-1.265281,1.585258,-0.5975191,1.0,1.0,1.0,0.1606042,0.177901,0.970854,0.0003553703,-0.002354378,-0.01946094,94.77778,5878.0,0.175,0.104
25.0,0.2087472,0.2140435,1.000074,0.1301987,0.154295,1.000086,0.1694729,0.1841695,1.00008,0.02799344,0.008875413,-0.9995688,0.0,-0.03315541,0.9994186,0.007945543,0.0,-0.9990582,-0.03291869,-0.02827144,0.0,-0.5089503,-1.592826,-1.294317,1.0,0.02799344,-0.03315541,-0.9990581,0.0,0.00887541,0.9994186,-0.03291869,0.0,-0.9995686,0.007945545,-0.02827143,0.0,-1.265374,1.58531,-0.5974969,1.0,1.0,1.0,0.1610369,0.1776116,0.9708353,0.0003572088,-0.002352646,-0.01946018,94.78889,5879.0,0.175,0.104
25.0,0.2147153,0.2141178,1.000118,0.1302134,0.1553303,1.000119,0.1724642,0.184724,1.000119,0.02854216,0.008209111,-0.9995589,0.0,-0.0336345,0.9994079,0.007247445,0.0,-0.9990267,-0.03341281,-0.02880138,0.0,-0.5074648,-1.593966,-1.293784,1.0,0.02854217,-0.03363449,-0.9990264,0.0,0.008209109,0.9994078,-0.0334128,0.0,-0.9995589,0.007247446,-0.02880137,0.0,-1.265645,1.58533,-0.5974923,1.0,1.0,1.0,0.1637878,0.1780334,0.9702977,0.0003578886,-0.002351685,-0.01945921,94.81111,5880.0,0.175,0.104
25.0,0.2196476,0.2131327,1.000373,0.130355,0.1552551,1.000351,0.175001,0.1841936,1.000362,0.02872062,0.007549051,-0.999559,0.0,-0.03351089,0.9994166,0.006585095,0.0,-0.9990257,-0.03330698,-0.02895683,0.0,-0.5074042,-1.594757,-1.2931,1.0,0.0287206,-0.03351089,-0.9990255,0.0,0.007549047,0.9994167,-0.03330698,0.0,-0.9995589,0.006585098,-0.02895683,0.0,-1.265917,1.585338,-0.5974704,1.0,1.0,1.0,0.1661168,0.1774295,0.9700124,0.0003545005,-0.002346619,-0.01945777,94.82223,5881.0,0.175,0.104
25.0,0.2213598,0.2126547,1.000259,0.1340677,0.1559797,1.000239,0.1777135,0.184317,1.000249,0.02861768,0.00736404,-0.9995633,0.0,-0.03355895,0.9994162,0.006402156,0.0,-0.999027,-0.03336108,-0.02884811,0.0,-0.507487,-1.595112,-1.292947,1.0,0.02861769,-0.03355895,-0.9990269,0.0,0.007364039,0.9994163,-0.03336108,0.0,-0.9995633,0.006402158,-0.0288481,0.0,-1.266112,1.585428,-0.5975069,1.0,1.0,1.0,0.1686385,0.1774843,0.9695671,0.0003541186,-0.002345581,-0.01945777,94.83334,5882.0,0.175,0.104
25.0,0.2242434,0.2117874,1.000232,0.133899,0.155612,1.000197,0.1790711,0.1836993,1.000215,0.02853292,0.006474452,-0.9995719,0.0,-0.03313179,0.9994357,0.005527814,0.0,-0.9990437,-0.03295988,-0.02873135,0.0,-0.5083417,-1.596066,-1.291776,1.0,0.02853293,-0.03313179,-0.9990435,0.0,0.006474447,0.9994356,-0.03295987,0.0,-0.9995719,0.005527818,-0.02873133,0.0,-1.266385,1.585464,-0.5975761,1.0,1.0,1.0,0.1699186,0.1768806,0.9694539,0.0003503188,-0.002343956,-0.01945777,94.85556,5883.0,0.175,0.104
25.0,0.2239613,0.2118391,1.000291,0.1342467,0.1552829,1.000237,0.1791036,0.1835602,1.000264,0.02819127,0.006055846,-0.9995843,0.0,-0.03312457,0.9994381,0.005120746,0.0,-0.9990537,-0.03296644,-0.02837598,0.0,-0.5088103,-1.596642,-1.29106,1.0,0.02819122,-0.03312457,-0.9990534,0.0,0.006055842,0.9994382,-0.03296643,0.0,-0.9995841,0.005120749,-0.02837602,0.0,-1.26651,1.585502,-0.5975994,1.0,1.0,1.0,0.1699541,0.1767429,0.9694728,0.0003407132,-0.002343475,-0.01945777,94.86667,5884.0,0.175,0.104
25.0,0.223371,0.2136287,1.000252,0.1345148,0.1545338,1.000207,0.1789425,0.1840807,1.000229,0.02767539,0.005387316,-0.9996025,0.0,-0.03331597,0.9994349,0.00446401,0.0,-0.9990616,-0.03317919,-0.02783924,0.0,-0.5092403,-1.597649,-1.290025,1.0,0.0276754,-0.03331598,-0.9990616,0.0,0.005387312,0.9994349,-0.03317918,0.0,-0.9996024,0.004464014,-0.02783923,0.0,-1.266812,1.585539,-0.5976844,1.0,1.0,1.0,0.1697986,0.1772326,0.9694107,0.0003376845,-0.002343475,-0.01945777,94.88889,5885.0,0.175,0.104
25.0,0.2233237,0.2135758,1.0,0.1344811,0.1545019,1.0,0.1789024,0.1840389,1.0,0.02767539,0.005387316,-0.9996025,0.0,-0.03331597,0.9994349,0.00446401,0.0,-0.9990616,-0.03317919,-0.02783924,0.0,-0.5092403,-1.597649,-1.290025,1.0,0.0276754,-0.03331598,-0.9990616,0.0,0.005387312,0.9994349,-0.03317918,0.0,-0.9996024,0.004464014,-0.02783923,0.0,-1.266812,1.585539,-0.5976844,1.0,1.0,1.0,0.1697986,0.1772326,0.9694107,0.0003376845,-0.002343475,-0.01945777,94.9,5886.0,0.175,0.104
25.0,0.223113,0.2140812,1.000199,0.1330999,0.1556344,1.000169,0.1781062,0.1848574,1.000184,0.02720898,0.005128291,-0.9996167,0.0,-0.03329883,0.9994365,0.004220988,0.0,-0.9990751,-0.03317121,-0.02736443,0.0,-0.5099505,-1.598173,-1.28973,1.0,0.027209,-0.03329883,-0.9990749,0.0,0.005128287,0.9994366,-0.03317121,0.0,-0.9996166,0.004220992,-0.02736442,0.0,-1.267164,1.585736,-0.5977848,1.0,1.0,1.0,0.1690309,0.1779796,0.9694079,0.0003158264,-0.002345574,-0.01946092,94.92223,5887.0,0.175,0.104
25.0,0.2236387,0.2118825,1.000068,0.1330652,0.1556969,1.000062,0.1783518,0.1837896,1.000065,0.02721471,0.005023592,-0.9996171,0.0,-0.03303741,0.9994456,0.00412328,0.0,-0.9990836,-0.03291254,-0.02736557,0.0,-0.5104096,-1.598121,-1.289624,1.0,0.02721468,-0.0330374,-0.9990834,0.0,0.005023587,0.9994456,-0.03291253,0.0,-0.9996169,0.004123282,-0.02736558,0.0,-1.26721,1.58569,-0.5978312,1.0,1.0,1.0,0.1693074,0.1770094,0.9695373,0.0003148951,-0.002346314,-0.01946153,94.93333,5888.0,0.175,0.104
25.0,0.2216025,0.2119677,1.000028,0.1339308,0.1544842,1.000035,0.1777666,0.183226,1.000032,0.02737629,0.004481445,-0.9996152,0.0,-0.03303034,0.9994479,0.003576099,0.0,-0.9990793,-0.03291973,-0.02750921,0.0,-0.5103608,-1.598907,-1.28891,1.0,0.0273763,-0.03303035,-0.9990793,0.0,0.004481445,0.9994479,-0.03291973,0.0,-0.9996151,0.003576099,-0.0275092,0.0,-1.267276,1.585776,-0.5979835,1.0,1.0,1.0,0.1687878,0.1765141,0.9697182,0.0003148653,-0.002348534,-0.01946272,94.95556,5889.0,0.175,0.104
25.0,0.2239981,0.2114469,1.000104,0.1342544,0.1545795,1.000096,0.179126,0.1830132,1.0001,0.02732253,0.00442818,-0.999617,0.0,-0.03322946,0.9994416,0.003519136,0.0,-0.9990743,-0.03312057,-0.02745444,0.0,-0.5101383,-1.599112,-1.288869,1.0,0.02732254,-0.03322945,-0.9990741,0.0,0.004428173,0.9994415,-0.03312057,0.0,-0.9996167,0.003519142,-0.02745441,0.0,-1.267355,1.585803,-0.5980147,1.0,1.0,1.0,0.1700388,0.1762716,0.9695438,0.0003148653,-0.002352516,-0.01946316,94.96667,5890.0,0.175,0.104
25.0,0.2241864,0.2132794,1.00001,0.134281,0.1535703,0.9999961,0.1792336,0.1834247,1.000003,0.02732611,0.004187283,-0.9996179,0.0,-0.03321211,0.9994429,0.003278642,0.0,-0.9990748,-0.03310983,-0.02744997,0.0,-0.5101836,-1.599389,-1.288445,1.0,0.02732611,-0.03321211,-0.9990746,0.0,0.004187279,0.9994429,-0.03310983,0.0,-0.9996178,0.003278646,-0.02744995,0.0,-1.267314,1.585778,-0.5980347,1.0,1.0,1.0,0.170141,0.1766678,0.9694538,0.0003152154,-0.002357422,-0.01946365,94.97778,5891.0,0.175,0.104
25.0,0.2226373,0.213576,1.00005,0.1357617,0.1537628,1.000078,0.1791997,0.1836698,1.000064,0.02800226,0.004031932,-0.9995998,0.0,-0.0333715,0.9994382,0.003096429,0.0,-0.9990507,-0.03327144,-0.02812105,0.0,-0.5092577,-1.599623,-1.288714,1.0,0.02800223,-0.0333715,-0.9990506,0.0,0.004031931,0.9994382,-0.03327143,0.0,-0.9995998,0.003096429,-0.02812108,0.0,-1.267488,1.58572,-0.598236,1.0,1.0,1.0,0.170088,0.1768864,0.9694232,0.0003206097,-0.002359055,-0.01946365,95.0,5892.0,0.175,0.104
25.0,0.2193225,0.2134218,1.000152,0.1351157,0.153609,1.000126,0.177219,0.1835149,1.000139,0.02782679,0.003852095,-0.9996054,0.0,-0.03340072,0.9994377,0.002921645,0.0,-0.9990547,-0.03330624,-0.0279398,0.0,-0.5094578,-1.59986,-1.28841,1.0,0.02782677,-0.03340072,-0.9990545,0.0,0.003852092,0.9994379,-0.03330624,0.0,-0.9996052,0.002921647,-0.0279398,0.0,-1.267562,1.585709,-0.5982594,1.0,1.0,1.0,0.1682473,0.1767887,0.9697621,0.0003246609,-0.002359833,-0.0194635,95.01112,5893.0,0.175,0.104
25.0,0.2196867,0.2140617,1.000086,0.1332603,0.1523162,1.000088,0.1764735,0.1831891,1.000087,0.02822077,0.003888804,-0.9995942,0.0,-0.03345469,0.9994359,0.002943684,0.0,-0.9990418,-0.03335804,-0.02833498,0.0,-0.5090069,-1.599916,-1.288822,1.0,0.02822079,-0.0334547,-0.9990416,0.0,0.003888801,0.999436,-0.03335804,0.0,-0.999594,0.002943687,-0.02833495,0.0,-1.267712,1.585778,-0.5984078,1.0,1.0,1.0,0.1675745,0.1765185,0.9699278,0.0003259126,-0.002359978,-0.01946227,95.03333,5894.0,0.175,0.104
25.0,0.2197358,0.2137717,1.00014,0.1333081,0.1533193,1.000141,0.1765219,0.1835454,1.00014,0.02823985,0.003886152,-0.9995937,0.0,-0.03376808,0.9994254,0.002931503,0.0,-0.9990306,-0.03367158,-0.02835488,0.0,-0.5085112,-1.600023,-1.288955,1.0,0.02823988,-0.03376808,-0.9990306,0.0,0.003886151,0.9994254,-0.03367157,0.0,-0.9995936,0.002931505,-0.02835484,0.0,-1.267853,1.585711,-0.5984417,1.0,1.0,1.0,0.1676011,0.1768373,0.9698652,0.0003261566,-0.002359985,-0.01946063,95.04445,5895.0,0.175,0.104
25.0,0.2198166,0.2140141,1.000075,0.1333434,0.1529409,1.000111,0.1765801,0.183478,1.000093,0.02847904,0.004125935,-0.9995859,0.0,-0.03386957,0.9994212,0.003160282,0.0,-0.9990205,-0.03376554,-0.0286023,0.0,-0.5081615,-1.599795,-1.289635,1.0,0.02847904,-0.03386956,-0.9990203,0.0,0.004125934,0.9994212,-0.03376554,0.0,-0.9995858,0.003160283,-0.0286023,0.0,-1.268028,1.585734,-0.5985681,1.0,1.0,1.0,0.1676641,0.1767808,0.9698646,0.0003261566,-0.002359985,-0.0194603,95.06667,5896.0,0.175,0.104
25.0,0.222447,0.2132121,0.9998595,0.1333365,0.1535414,0.9998795,0.1778919,0.183377,0.9998696,0.02845865,0.004636277,-0.9995843,0.0,-0.03400915,0.9994148,0.003667232,0.0,-0.9990164,-0.03389065,-0.02859968,0.0,-0.5082194,-1.599203,-1.29044,1.0,0.02845865,-0.03400914,-0.999016,0.0,0.004636274,0.9994148,-0.03389064,0.0,-0.999584,0.003667234,-0.02859967,0.0,-1.268026,1.585715,-0.5988235,1.0,1.0,1.0,0.168915,0.1766867,0.9696646,0.0003261566,-0.002358673,-0.01945509,95.08889,5897.0,0.175,0.104
25.0,0.2236476,0.2123239,1.000052,0.1331407,0.1537279,1.000056,0.1783942,0.183026,1.000054,0.02823484,0.004628584,-0.9995908,0.0,-0.03387876,0.9994192,0.003670832,0.0,-0.9990271,-0.03376124,-0.02837527,0.0,-0.5087193,-1.5991,-1.290341,1.0,0.02823485,-0.03387875,-0.9990269,0.0,0.004628578,0.9994192,-0.03376124,0.0,-0.9995904,0.003670837,-0.02837524,0.0,-1.268048,1.585673,-0.5988256,1.0,1.0,1.0,0.1693611,0.176317,0.9696541,0.0003257599,-0.002356071,-0.01945384,95.11111,5898.0,0.175,0.104
25.0,0.2242402,0.2121356,1.000084,0.1332344,0.1540445,1.000077,0.1787371,0.1830899,1.00008,0.0282895,0.004430766,-0.9995899,0.0,-0.03391798,0.9994186,0.003470091,0.0,-0.9990242,-0.03380591,-0.02842337,0.0,-0.5086323,-1.599388,-1.290105,1.0,0.02828953,-0.03391798,-0.9990242,0.0,0.004430768,0.9994186,-0.03380591,0.0,-0.9995899,0.003470091,-0.02842333,0.0,-1.2681,1.585683,-0.5988738,1.0,1.0,1.0,0.1696751,0.1763611,0.9695913,0.0003224108,-0.002355232,-0.01945286,95.12222,5899.0,0.175,0.104
25.0,0.2264096,0.2125736,1.000077,0.1339881,0.1548123,1.000073,0.1801988,0.1836929,1.000075,0.02832723,0.00438547,-0.9995892,0.0,-0.03384057,0.9994214,0.003425728,0.0,-0.9990258,-0.03372962,-0.02845925,0.0,-0.5087342,-1.59946,-1.29031,1.0,0.02832723,-0.03384056,-0.9990256,0.0,0.004385466,0.9994214,-0.03372962,0.0,-0.9995889,0.003425731,-0.02845923,0.0,-1.268354,1.585739,-0.5989088,1.0,1.0,1.0,0.1710087,0.1768749,0.9692633,0.000321893,-0.002354058,-0.01945212,95.14445,5900.0,0.175,0.104
25.0,0.2273411,0.2113995,1.000216,0.1350007,0.1546152,1.000204,0.1811709,0.1830074,1.00021,0.02840418,0.004035965,-0.9995884,0.0,-0.03383842,0.9994226,0.003073745,0.0,-0.9990236,-0.03373718,-0.02852434,0.0,-0.5086738,-1.599937,-1.289949,1.0,0.02840417,-0.03383842,-0.9990236,0.0,0.004035962,0.9994226,-0.03373718,0.0,-0.9995883,0.003073747,-0.02852434,0.0,-1.268513,1.585765,-0.5989494,1.0,1.0,1.0,0.1719046,0.176187,0.9692301,0.0003218707,-0.002347,-0.019451,95.15556,5901.0,0.175,0.104
25.0,0.2262331,0.2095956,1.00011,0.1342128,0.1536269,1.000123,0.1802232,0.1816117,1.000116,0.02842098,0.003875119,-0.9995887,0.0,-0.03413394,0.9994131,0.002903915,0.0,-0.9990132,-0.03403736,-0.02853656,0.0,-0.5082472,-1.600274,-1.289897,1.0,0.02842095,-0.03413393,-0.9990128,0.0,0.003875113,0.9994131,-0.03403735,0.0,-0.9995884,0.002903919,-0.02853657,0.0,-1.26872,1.585732,-0.5990238,1.0,1.0,1.0,0.1710848,0.1749367,0.9696015,0.000322083,-0.002340019,-0.01944984,95.17778,5902.0,0.175,0.104
25.0,0.2273295,0.2091006,1.000092,0.1342584,0.1530541,1.000088,0.1807939,0.1810773,1.00009,0.02849239,0.003689232,-0.9995873,0.0,-0.03418795,0.9994118,0.002714084,0.0,-0.9990093,-0.0340965,-0.02860177,0.0,-0.5081117,-1.600557,-1.289702,1.0,0.02849239,-0.03418794,-0.9990091,0.0,0.00368923,0.9994117,-0.0340965,0.0,-0.999587,0.002714086,-0.02860175,0.0,-1.268787,1.585744,-0.5990693,1.0,1.0,1.0,0.1716312,0.1744283,0.9695966,0.0003220681,-0.002335907,-0.0194496,95.18889,5903.0,0.175,0.104
25.0,0.2276691,0.211988,0.9999734,0.1359617,0.1530608,0.9999584,0.1818153,0.1825239,0.9999658,0.02832645,0.00369173,-0.999592,0.0,-0.03428816,0.9994083,0.002719389,0.0,-0.9990106,-0.03419714,-0.0284363,0.0,-0.5082581,-1.60071,-1.289553,1.0,0.02832648,-0.03428816,-0.9990103,0.0,0.003691727,0.9994083,-0.03419714,0.0,-0.9995918,0.002719393,-0.02843627,0.0,-1.26872,1.585842,-0.5991649,1.0,1.0,1.0,0.1725502,0.1757507,0.9691946,0.00032405,-0.00233326,-0.01944942,95.2,5904.0,0.175,0.104
25.0,0.2290869,0.2122162,0.9999992,0.1361179,0.1531036,0.9999978,0.1826024,0.1826598,0.9999985,0.02840805,0.003541198,-0.9995902,0.0,-0.03435627,0.9994063,0.002564151,0.0,-0.9990058,-0.03426935,-0.02851284,0.0,-0.5080628,-1.600902,-1.289336,1.0,0.02840804,-0.03435628,-0.9990059,0.0,0.003541196,0.9994064,-0.03426935,0.0,-0.99959,0.002564152,-0.02851285,0.0,-1.268705,1.585803,-0.5991822,1.0,1.0,1.0,0.1732666,0.1758477,0.9690492,0.0003243852,-0.00233316,-0.01944937,95.22222,5905.0,0.175,0.104
25.0,0.2288149,0.2120891,1.00001,0.1364347,0.154614,0.9999946,0.1826248,0.1833512,1.000003,0.02815688,0.003292992,-0.9995981,0.0,-0.0344235,0.9994046,0.002322704,0.0,-0.9990107,-0.03434426,-0.0282535,0.0,-0.5085773,-1.601326,-1.288747,1.0,0.0281569,-0.0344235,-0.9990106,0.0,0.003292989,0.9994046,-0.03434426,0.0,-0.999598,0.002322707,-0.02825347,0.0,-1.268636,1.585859,-0.5994821,1.0,1.0,1.0,0.173266,0.1764827,0.9689338,0.0003251564,-0.002333077,-0.01944952,95.24445,5906.0,0.175,0.104
25.0,0.2289637,0.2102764,0.9999162,0.1364397,0.1554004,0.9999113,0.1827017,0.1828382,0.9999137,0.02806485,0.003360258,-0.9996005,0.0,-0.03450998,0.9994015,0.002390685,0.0,-0.9990103,-0.0344291,-0.02816397,0.0,-0.5087126,-1.601294,-1.288713,1.0,0.0280648,-0.03450997,-0.9990101,0.0,0.003360256,0.9994015,-0.03442909,0.0,-0.9996004,0.002390685,-0.028164,0.0,-1.26854,1.585861,-0.5996355,1.0,1.0,1.0,0.1733659,0.1760228,0.9689996,0.000325188,-0.002333077,-0.01944952,95.25555,5907.0,0.175,0.104
25.0,0.2289757,0.2103568,1.000065,0.1370769,0.1557304,1.000043,0.1830261,0.1830434,1.000054,0.02802455,0.003027605,-0.9996027,0.0,-0.03461131,0.9993987,0.002056634,0.0,-0.9990079,-0.03453992,-0.02811247,0.0,-0.5086516,-1.601789,-1.28814,1.0,0.02802453,-0.03461131,-0.9990079,0.0,0.003027603,0.9993986,-0.03453992,0.0,-0.9996026,0.002056635,-0.02811249,0.0,-1.268524,1.58587,-0.5996854,1.0,1.0,1.0,0.1736365,0.1761791,0.9689227,0.0003249366,-0.002333084,-0.01945013,95.26667,5908.0,0.175,0.104
25.0,0.2284521,0.2118739,1.000004,0.1372057,0.1558105,0.9999992,0.1828291,0.1838422,1.000002,0.02784491,0.002771255,-0.9996085,0.0,-0.034415,0.999406,0.001812031,0.0,-0.9990197,-0.03435107,-0.0279237,0.0,-0.5092742,-1.602067,-1.287556,1.0,0.02784486,-0.034415,-0.9990195,0.0,0.002771249,0.999406,-0.03435107,0.0,-0.9996083,0.001812035,-0.02792373,0.0,-1.268431,1.585922,-0.5997609,1.0,1.0,1.0,0.1734411,0.1769291,0.968821,0.0003238358,-0.002333214,-0.01945013,95.28889,5909.0,0.175,0.104
25.0,0.2283189,0.2118037,0.9999331,0.1372779,0.1552133,0.999935,0.1827982,0.1835082,0.9999341,0.02789944,0.002714375,-0.9996071,0.0,-0.03427664,0.9994109,0.001757164,0.0,-0.999023,-0.03421415,-0.02797604,0.0,-0.509479,-1.602106,-1.287433,1.0,0.02789943,-0.03427664,-0.9990228,0.0,0.002714371,0.9994108,-0.03421415,0.0,-0.999607,0.001757167,-0.02797605,0.0,-1.268364,1.585961,-0.5998131,1.0,1.0,1.0,0.1734335,0.1766338,0.9688762,0.0003236234,-0.002333214,-0.01944987,95.3,5910.0,0.175,0.104
25.0,0.2282283,0.2122344,1.000072,0.1373466,0.1551365,1.00006,0.1827875,0.1836853,1.000066,0.02795702,0.002406757,-0.9996063,0.0,-0.03408364,0.9994179,0.001453053,0.0,-0.9990279,-0.0340296,-0.02802277,0.0,-0.5097799,-1.602437,-1.286999,1.0,0.027957,-0.03408363,-0.9990278,0.0,0.002406758,0.9994179,-0.03402959,0.0,-0.9996062,0.001453051,-0.02802278,0.0,-1.268383,1.585999,-0.5998799,1.0,1.0,1.0,0.1733973,0.1767755,0.9688569,0.0003235172,-0.002333099,-0.01944983,95.31111,5911.0,0.175,0.104
25.0,0.2276141,0.2113453,1.000293,0.1374486,0.1551404,1.000288,0.1825312,0.1832426,1.000291,0.02801001,0.002120964,-0.9996054,0.0,-0.03412247,0.999417,0.001164416,0.0,-0.9990251,-0.03407639,-0.02806604,0.0,-0.5096527,-1.602671,-1.28694,1.0,0.02801,-0.03412247,-0.9990251,0.0,0.002120963,0.999417,-0.0340764,0.0,-0.9996054,0.001164416,-0.02806605,0.0,-1.268757,1.585845,-0.5998884,1.0,1.0,1.0,0.1731382,0.1763381,0.9689829,0.0003236402,-0.002332749,-0.01944968,95.33334,5912.0,0.175,0.104
25.0,0.226312,0.2132549,0.9999965,0.1368894,0.155,0.9999937,0.1816007,0.1841274,0.9999951,0.02792847,0.002195891,-0.9996076,0.0,-0.0340257,0.9994202,0.001244819,0.0,-0.9990307,-0.03397758,-0.027987,0.0,-0.5099421,-1.602525,-1.287017,1.0,0.02792848,-0.0340257,-0.9990306,0.0,0.002195889,0.9994202,-0.03397758,0.0,-0.9996074,0.001244821,-0.02798699,0.0,-1.268751,1.585847,-0.5999174,1.0,1.0,1.0,0.1723013,0.177228,0.9689698,0.0003239755,-0.00233297,-0.01944958,95.34444,5913.0,0.175,0.104
25.0,0.2267785,0.213272,1.000075,0.1370638,0.1549174,1.000065,0.181921,0.1840945,1.00007,0.0278545,0.002148628,-0.9996098,0.0,-0.03406356,0.999419,0.001199022,0.0,-0.9990315,-0.03401686,-0.02791148,0.0,-0.5099709,-1.602627,-1.28695,1.0,0.02785448,-0.03406355,-0.9990314,0.0,0.002148625,0.9994189,-0.03401686,0.0,-0.9996096,0.001199024,-0.0279115,0.0,-1.268799,1.585867,-0.599914,1.0,1.0,1.0,0.1725857,0.1771765,0.9689286,0.0003242567,-0.002333054,-0.01944892,95.35556,5914.0,0.175,0.104
25.0,0.2259227,0.2131397,0.999981,0.1370542,0.154493,0.9999728,0.1814883,0.1838162,0.9999768,0.02762538,0.002074067,-0.9996162,0.0,-0.03500635,0.9993865,0.001106152,0.0,-0.9990053,-0.03496236,-0.02768099,0.0,-0.5088466,-1.60323,-1.286626,1.0,0.02762534,-0.03500634,-0.9990051,0.0,0.002074062,0.9993864,-0.03496236,0.0,-0.9996162,0.001106155,-0.02768104,0.0,-1.26875,1.585856,-0.6000082,1.0,1.0,1.0,0.1722092,0.1769474,0.9690375,0.0003242809,-0.002332306,-0.01944898,95.38889,5915.0,0.175,0.104
25.0,0.2259356,0.2131544,1.000051,0.1370647,0.1545032,1.000038,0.1814999,0.1838284,1.000044,0.02726811,0.002401089,-0.9996253,0.0,-0.03533248,0.9993746,0.001436675,0.0,-0.9990036,-0.03528006,-0.02733588,0.0,-0.5087125,-1.602934,-1.286993,1.0,0.0272681,-0.03533248,-0.9990035,0.0,0.002401088,0.9993746,-0.03528006,0.0,-0.9996253,0.001436676,-0.02733589,0.0,-1.26879,1.585807,-0.5999383,1.0,1.0,1.0,0.1722092,0.1769474,0.9690375,0.0003242809,-0.002332306,-0.01944898,95.4,5916.0,0.175,0.104
25.0,0.2250806,0.2129398,0.9999938,0.1372313,0.1543178,0.9999827,0.181156,0.1836287,0.9999882,0.02694321,0.00270264,-0.9996334,0.0,-0.03549372,0.9993684,0.001745254,0.0,-0.9990067,-0.03543369,-0.02702206,0.0,-0.5088753,-1.602605,-1.287288,1.0,0.02694315,-0.03549372,-0.9990066,0.0,0.002702633,0.9993684,-0.03543368,0.0,-0.9996331,0.001745258,-0.02702211,0.0,-1.268773,1.585777,-0.5999413,1.0,1.0,1.0,0.1719064,0.176783,0.9691212,0.0003242809,-0.002332932,-0.0194489,95.41111,5917.0,0.175,0.104
25.0,0.2251214,0.2149424,0.9999757,0.1385907,0.154316,0.999964,0.181856,0.1846292,0.9999697,0.02659941,0.003003582,-0.9996417,0.0,-0.0356175,0.9993634,0.002055001,0.0,-0.9990115,-0.03555008,-0.02668947,0.0,-0.5090916,-1.602325,-1.287552,1.0,0.02659942,-0.0356175,-0.9990114,0.0,0.003003581,0.9993634,-0.03555008,0.0,-0.9996417,0.002055002,-0.02668945,0.0,-1.268736,1.585818,-0.5999151,1.0,1.0,1.0,0.1725259,0.1776879,0.9688456,0.0003242567,-0.002334175,-0.01944858,95.42223,5918.0,0.175,0.104
25.0,0.224438,0.214806,1.000015,0.1393132,0.1535858,0.9999976,0.1818754,0.1841956,1.000006,0.02587587,0.003459493,-0.9996592,0.0,-0.03500634,0.9993838,0.002552411,0.0,-0.999052,-0.03492837,-0.02598101,0.0,-0.5109847,-1.601367,-1.287711,1.0,0.02587585,-0.03500634,-0.999052,0.0,0.003459491,0.9993839,-0.03492837,0.0,-0.9996592,0.002552412,-0.02598102,0.0,-1.26851,1.585779,-0.5998895,1.0,1.0,1.0,0.1725521,0.1772831,0.9689151,0.0003228523,-0.002334976,-0.01944843,95.44445,5919.0,0.175,0.104
25.0,0.2242057,0.2151537,1.000051,0.1393117,0.1535559,1.000014,0.1817585,0.1843544,1.000032,0.02538961,0.003510325,-0.9996715,0.0,-0.03455893,0.9993992,0.00263164,0.0,-0.9990801,-0.03448076,-0.02549571,0.0,-0.5122679,-1.601014,-1.287517,1.0,0.02538965,-0.03455892,-0.9990801,0.0,0.003510323,0.9993991,-0.03448075,0.0,-0.9996713,0.002631643,-0.02549567,0.0,-1.268467,1.585737,-0.599827,1.0,1.0,1.0,0.1724373,0.1774296,0.9689087,0.000320876,-0.002336281,-0.01944889,95.45556,5920.0,0.175,0.104
25.0,0.2232201,0.2123533,0.9999832,0.1394597,0.1532592,0.99997,0.1813396,0.182806,0.9999766,0.02501953,0.003515958,-0.9996808,0.0,-0.03353019,0.9994341,0.002675912,0.0,-0.9991246,-0.03345254,-0.02512324,0.0,-0.5144562,-1.600477,-1.287309,1.0,0.0250195,-0.03353019,-0.9991243,0.0,0.003515956,0.9994342,-0.03345253,0.0,-0.9996808,0.002675913,-0.02512326,0.0,-1.2684,1.585766,-0.5998871,1.0,1.0,1.0,0.1721054,0.1760268,0.9692236,0.000319954,-0.002338005,-0.01944837,95.47778,5921.0,0.175,0.104
25.0,0.2223204,0.2154212,0.9999896,0.1395036,0.1530963,0.9999636,0.1809119,0.1842583,0.9999766,0.02469939,0.003520885,-0.9996889,0.0,-0.03333844,0.9994405,0.002696313,0.0,-0.9991391,-0.03326146,-0.02480292,0.0,-0.5151092,-1.600329,-1.28708,1.0,0.02469935,-0.03333843,-0.9991387,0.0,0.003520881,0.9994406,-0.03326146,0.0,-0.9996886,0.002696315,-0.02480294,0.0,-1.268322,1.585732,-0.5998182,1.0,1.0,1.0,0.171669,0.1773765,0.9690548,0.000319954,-0.002338005,-0.01944805,95.48889,5922.0,0.175,0.104
25.0,0.2217124,0.2149472,0.9998545,0.139028,0.1531021,0.9998738,0.1803702,0.1840251,0.9998642,0.02487707,0.003589803,-0.9996842,0.0,-0.03314476,0.9994467,0.002764143,0.0,-0.999141,-0.03306552,-0.02498233,0.0,-0.5152295,-1.600187,-1.287198,1.0,0.02487711,-0.03314475,-0.9991407,0.0,0.003589801,0.9994467,-0.03306552,0.0,-0.999684,0.002764146,-0.02498228,0.0,-1.26823,1.585783,-0.5998549,1.0,1.0,1.0,0.1711928,0.1771958,0.9691721,0.0003208388,-0.002337929,-0.01944731,95.5,5923.0,0.175,0.104
25.0,0.2207627,0.2151885,0.9999788,0.1382723,0.1530054,0.9999729,0.1795175,0.1840968,0.9999759,0.02485377,0.003519977,-0.9996849,0.0,-0.03288152,0.9994556,0.002701686,0.0,-0.9991502,-0.03280402,-0.02495599,0.0,-0.5156134,-1.600094,-1.287044,1.0,0.02485378,-0.03288152,-0.9991503,0.0,0.003519981,0.9994556,-0.03280402,0.0,-0.9996849,0.002701683,-0.02495598,0.0,-1.268191,1.585746,-0.5997843,1.0,1.0,1.0,0.1703844,0.1772668,0.9693016,0.0003227089,-0.002336136,-0.01944656,95.51112,5924.0,0.175,0.104
25.0,0.220908,0.2163202,0.9999566,0.1391388,0.1530631,0.9999994,0.1800236,0.1846923,0.999978,0.02553326,0.003597463,-0.9996676,0.0,-0.03270178,0.9994614,0.002761459,0.0,-0.999139,-0.0326204,-0.02563715,0.0,-0.5149667,-1.599886,-1.287605,1.0,0.02553325,-0.03270178,-0.9991388,0.0,0.003597461,0.9994613,-0.0326204,0.0,-0.9996673,0.00276146,-0.02563714,0.0,-1.268273,1.585739,-0.5997227,1.0,1.0,1.0,0.1708284,0.1778006,0.9691257,0.0003291946,-0.002336136,-0.01944544,95.54445,5925.0,0.175,0.104
25.0,0.2207676,0.2149531,1.000024,0.1381888,0.1548229,1.000029,0.1794782,0.1848881,1.000027,0.02550691,0.003711553,-0.9996679,0.0,-0.0326664,0.9994622,0.002877289,0.0,-0.9991409,-0.03258216,-0.02561444,0.0,-0.5149781,-1.5997,-1.287818,1.0,0.0255069,-0.03266639,-0.9991406,0.0,0.003711548,0.9994621,-0.03258215,0.0,-0.9996675,0.002877294,-0.02561443,0.0,-1.268317,1.585723,-0.599644,1.0,1.0,1.0,0.17031,0.1779852,0.969183,0.0003313292,-0.002332001,-0.01944483,95.55556,5926.0,0.175,0.104
25.0,0.2213422,0.2169263,1.000005,0.1381855,0.1548521,1.000009,0.1797638,0.1858892,1.000007,0.02565253,0.003583522,-0.9996645,0.0,-0.03273225,0.9994604,0.002742844,0.0,-0.9991349,-0.0326509,-0.02575594,0.0,-0.5146608,-1.599886,-1.287695,1.0,0.02565249,-0.03273224,-0.999135,0.0,0.00358352,0.9994603,-0.03265091,0.0,-0.9996645,0.002742843,-0.02575598,0.0,-1.268327,1.585708,-0.5996192,1.0,1.0,1.0,0.1705459,0.1789011,0.9689729,0.000333244,-0.002331734,-0.0194448,95.56667,5927.0,0.175,0.104
25.0,0.2203051,0.2167839,1.000077,0.1384665,0.1576194,1.000082,0.1793857,0.1872018,1.000079,0.0257014,0.003595982,-0.9996632,0.0,-0.03288038,0.9994555,0.002749875,0.0,-0.9991288,-0.03279863,-0.02580565,0.0,-0.5143102,-1.599917,-1.287824,1.0,0.02570141,-0.03288038,-0.9991288,0.0,0.003595979,0.9994555,-0.03279864,0.0,-0.9996632,0.002749878,-0.02580564,0.0,-1.268418,1.585677,-0.5995703,1.0,1.0,1.0,0.1701449,0.1801073,0.9688199,0.0003363341,-0.002331482,-0.01944464,95.57778,5928.0,0.175,0.104
25.0,0.2202811,0.2162899,1.000043,0.1384737,0.1577549,1.000016,0.1793774,0.1870221,1.00003,0.02514583,0.003448425,-0.999678,0.0,-0.03249503,0.9994684,0.002630322,0.0,-0.9991556,-0.03241842,-0.02524453,0.0,-0.515595,-1.599969,-1.287345,1.0,0.02514584,-0.03249502,-0.9991554,0.0,0.003448422,0.9994684,-0.03241842,0.0,-0.9996777,0.002630324,-0.02524451,0.0,-1.268447,1.58575,-0.5995264,1.0,1.0,1.0,0.1701503,0.1799497,0.9688482,0.0003359839,-0.00233075,-0.0194446,95.60001,5929.0,0.175,0.104
25.0,0.2221043,0.2154729,1.000151,0.1379611,0.156989,1.000119,0.1800324,0.1862304,1.000135,0.02505398,0.003032638,-0.9996815,0.0,-0.03233752,0.9994745,0.002221568,0.0,-0.999163,-0.03227156,-0.02513885,0.0,-0.5159891,-1.600452,-1.286679,1.0,0.02505395,-0.03233752,-0.9991629,0.0,0.003032636,0.9994746,-0.03227156,0.0,-0.9996814,0.002221568,-0.02513888,0.0,-1.268488,1.585784,-0.5995519,1.0,1.0,1.0,0.1707625,0.1791853,0.9688823,0.0003346875,-0.002330719,-0.01944447,95.61111,5930.0,0.175,0.104
25.0,0.2220132,0.2154986,1.000302,0.137957,0.1568932,1.000255,0.1799848,0.1861954,1.000279,0.02427876,0.002471782,-0.9997023,0.0,-0.0320811,0.9994838,0.001692116,0.0,-0.9991904,-0.03203046,-0.02434552,0.0,-0.517325,-1.601008,-1.285637,1.0,0.02427875,-0.03208109,-0.9991903,0.0,0.002471777,0.9994838,-0.03203046,0.0,-0.999702,0.001692121,-0.02434552,0.0,-1.268736,1.585761,-0.5994866,1.0,1.0,1.0,0.1706996,0.1791304,0.9689035,0.0003320854,-0.002330429,-0.01944407,95.63334,5931.0,0.175,0.104
25.0,0.2207711,0.2156761,1.000158,0.1360366,0.154879,1.000117,0.1784036,0.1852767,1.000137,0.02385533,0.002379543,-0.9997126,0.0,-0.0320261,0.9994857,0.001614788,0.0,-0.9992023,-0.03197837,-0.02391922,0.0,-0.5179354,-1.601108,-1.285316,1.0,0.02385528,-0.0320261,-0.9992023,0.0,0.002379539,0.9994857,-0.03197837,0.0,-0.9997125,0.00161479,-0.02391927,0.0,-1.268781,1.585773,-0.5994669,1.0,1.0,1.0,0.1692967,0.178354,0.9692927,0.0003236458,-0.002330299,-0.01944379,95.64445,5932.0,0.175,0.104
25.0,0.2205126,0.2155313,1.000144,0.1366636,0.1546003,1.000113,0.1785878,0.1850652,1.000129,0.02341294,0.00197178,-0.9997241,0.0,-0.03225901,0.9994788,0.001215806,0.0,-0.9992054,-0.03222165,-0.02346432,0.0,-0.5181765,-1.60181,-1.284564,1.0,0.02341291,-0.03225901,-0.9992052,0.0,0.001971775,0.9994788,-0.03222164,0.0,-0.9997237,0.00121581,-0.02346434,0.0,-1.268918,1.585821,-0.599519,1.0,1.0,1.0,0.1694778,0.178155,0.9692978,0.000319656,-0.002329987,-0.01944355,95.66667,5933.0,0.175,0.104
25.0,0.220486,0.2155007,1.0,0.1366448,0.154583,1.0,0.1785654,0.1850418,1.0,0.02341294,0.00197178,-0.9997241,0.0,-0.03225901,0.9994788,0.001215806,0.0,-0.9992054,-0.03222165,-0.02346432,0.0,-0.5181765,-1.60181,-1.284564,1.0,0.02341291,-0.03225901,-0.9992052,0.0,0.001971775,0.9994788,-0.03222164,0.0,-0.9997237,0.00121581,-0.02346434,0.0,-1.268918,1.585821,-0.599519,1.0,1.0,1.0,0.1694778,0.178155,0.9692978,0.000319656,-0.002329987,-0.01944355,95.67778,5934.0,0.175,0.104
25.0,0.2204439,0.214327,1.000206,0.1359577,0.1545064,1.000149,0.1782006,0.1844159,1.000178,0.02309334,0.001466878,-0.9997323,0.0,-0.03184247,0.9994926,0.0007309765,0.0,-0.9992262,-0.03181706,-0.02312833,0.0,-0.5191613,-1.602199,-1.283633,1.0,0.02309334,-0.03184246,-0.999226,0.0,0.001466874,0.9994926,-0.03181706,0.0,-0.9997322,0.0007309802,-0.02312833,0.0,-1.26895,1.585793,-0.599425,1.0,1.0,1.0,0.169133,0.17756,0.9694671,0.0003177263,-0.002329987,-0.0194429,95.68889,5935.0,0.175,0.104
25.0,0.2201869,0.2135257,0.999954,0.1359128,0.1546539,0.9999423,0.1780499,0.1840897,0.9999482,0.02295947,0.001073844,-0.9997358,0.0,-0.03155685,0.9995019,0.0003488706,0.0,-0.9992383,-0.03154051,-0.02298194,0.0,-0.5197245,-1.602619,-1.28275,1.0,0.02295949,-0.03155686,-0.9992383,0.0,0.001073843,0.999502,-0.03154051,0.0,-0.9997359,0.0003488725,-0.02298192,0.0,-1.268758,1.585867,-0.5993561,1.0,1.0,1.0,0.169039,0.177302,0.9695307,0.0003177263,-0.002330467,-0.01944277,95.71111,5936.0,0.175,0.104
25.0,0.2203177,0.2149709,0.9999181,0.1355802,0.1553398,0.9999113,0.1779489,0.1851551,0.9999146,0.02308178,0.0007857168,-0.9997333,0.0,-0.03156448,0.9995017,5.677342e-05,0.0,-0.9992353,-0.03155475,-0.02309507,0.0,-0.5196215,-1.603147,-1.282235,1.0,0.02308177,-0.03156447,-0.999235,0.0,0.0007857137,0.9995018,-0.03155474,0.0,-0.9997333,5.677634e-05,-0.02309507,0.0,-1.268639,1.58602,-0.5994242,1.0,1.0,1.0,0.1689205,0.1782933,0.9693696,0.0003177263,-0.002332146,-0.01944257,95.72222,5937.0,0.175,0.104
25.0,0.2208546,0.2142713,0.9999557,0.1350138,0.155614,0.9999796,0.1779342,0.1849429,0.9999675,0.02337599,0.0004969034,-0.9997267,0.0,-0.03168448,0.9994979,-0.0002440717,0.0,-0.9992246,-0.03168152,-0.02338004,0.0,-0.5190193,-1.603628,-1.28188,1.0,0.02337603,-0.03168447,-0.9992244,0.0,0.0004969019,0.9994979,-0.03168152,0.0,-0.9997265,-0.0002440687,-0.02337999,0.0,-1.2686,1.586066,-0.5993925,1.0,1.0,1.0,0.1688996,0.1780914,0.9694104,0.0003234316,-0.002334091,-0.01944238,95.74445,5938.0,0.175,0.104
25.0,0.2226053,0.2145668,1.000023,0.1349929,0.1543119,1.00003,0.178799,0.1844395,1.000026,0.023646,0.0002196748,-0.9997205,0.0,-0.03159668,0.9995006,-0.0005277218,0.0,-0.9992211,-0.03160033,-0.02364117,0.0,-0.5188374,-1.603965,-1.281602,1.0,0.02364603,-0.03159668,-0.9992208,0.0,0.0002196718,0.9995006,-0.03160033,0.0,-0.9997203,-0.0005277175,-0.02364112,0.0,-1.268623,1.586094,-0.5994174,1.0,1.0,1.0,0.1696969,0.1775957,0.969362,0.0003305133,-0.002336022,-0.01944194,95.75555,5939.0,0.175,0.104
1.0,-0.1781015,-0.1514588,1.000158,-0.2028906,-0.1995921,1.000164,-0.1904962,-0.1755254,1.000161,0.03025931,-0.004483313,-0.999532,0.0,-0.02851137,0.9995792,-0.005346665,0.0,-0.9991354,-0.02865981,-0.03011876,0.0,-0.5125387,-1.609244,-1.286133,1.0,0.03025932,-0.02851136,-0.9991353,0.0,-0.004483315,0.9995791,-0.02865981,0.0,-0.999532,-0.005346663,-0.03011875,0.0,-1.277237,1.587077,-0.5969529,1.0,0.9136217,0.7284806,-0.1830508,-0.1633437,0.9694387,0.002114434,-0.003651055,-0.01990514,111.5,6931.0,-0.175,-0.246
1.0,-0.178348,-0.150845,1.00017,-0.2062211,-0.1998652,1.000175,-0.1922845,-0.175355,1.000172,0.03102446,-0.004548633,-0.9995083,0.0,-0.02856838,0.999577,-0.005435701,0.0,-0.9991103,-0.02872297,-0.0308814,0.0,-0.5114332,-1.609414,-1.286561,1.0,0.03102447,-0.02856838,-0.9991103,0.0,-0.004548634,0.9995771,-0.02872297,0.0,-0.9995083,-0.005435701,-0.03088139,0.0,-1.277382,1.587129,-0.5969362,1.0,0.9136217,0.7284806,-0.1846993,-0.163134,0.9691612,0.00211798,-0.003651009,-0.01990299,111.5222,6932.0,-0.175,-0.246
1.0,-0.1778824,-0.1567253,0.9999972,-0.206773,-0.1984553,1.000009,-0.1923279,-0.1775903,1.000003,0.0313186,-0.004464661,-0.9994995,0.0,-0.02878879,0.9995711,-0.005367057,0.0,-0.9990948,-0.02894247,-0.03117663,0.0,-0.5106786,-1.609431,-1.286767,1.0,0.03131859,-0.02878879,-0.9990948,0.0,-0.004464661,0.9995711,-0.02894247,0.0,-0.9994996,-0.005367057,-0.03117664,0.0,-1.277315,1.587133,-0.5969144,1.0,0.9196851,0.7296131,-0.1847083,-0.1652244,0.9688053,0.002122902,-0.003650925,-0.01990221,111.5333,6933.0,-0.175,-0.246
1.0,-0.1763478,-0.1530776,1.000156,-0.2065328,-0.1984593,1.000165,-0.1914403,-0.1757683,1.00016,0.03159094,-0.004442531,-0.9994912,0.0,-0.02914206,0.9995609,-0.005363939,0.0,-0.9990761,-0.02929668,-0.03144759,0.0,-0.509722,-1.609603,-1.28703,1.0,0.03159092,-0.02914206,-0.9990759,0.0,-0.004442535,0.9995609,-0.02929668,0.0,-0.9994909,-0.005363935,-0.0314476,0.0,-1.277423,1.587138,-0.5968809,1.0,0.9195695,0.73169,-0.1839206,-0.1635427,0.9692404,0.002123719,-0.003650925,-0.01990046,111.5444,6934.0,-0.175,-0.246
1.0,-0.1763385,-0.153204,1.000019,-0.2052147,-0.1982922,1.000014,-0.1907764,-0.1757482,1.000017,0.03189886,-0.004608852,-0.9994806,0.0,-0.02932299,0.9995546,-0.005545051,0.0,-0.999061,-0.02948463,-0.03174949,0.0,-0.508989,-1.60989,-1.286922,1.0,0.03189883,-0.02932299,-0.9990608,0.0,-0.004608853,0.9995546,-0.02948463,0.0,-0.9994803,-0.005545049,-0.0317495,0.0,-1.277436,1.587111,-0.596837,1.0,0.9054642,0.7251254,-0.1833359,-0.1635644,0.9693475,0.002123719,-0.003650978,-0.01990015,111.5667,6935.0,-0.175,-0.246
1.0,-0.1763898,-0.1530313,1.000053,-0.2065632,-0.1984726,1.00004,-0.1914764,-0.175752,1.000046,0.03190535,-0.004894121,-0.999479,0.0,-0.02908292,0.9995601,-0.005822904,0.0,-0.9990677,-0.02925355,-0.03174901,0.0,-0.5093396,-1.610133,-1.286685,1.0,0.03190538,-0.02908292,-0.9990677,0.0,-0.004894122,0.9995601,-0.02925355,0.0,-0.9994789,-0.005822902,-0.03174898,0.0,-1.277644,1.587119,-0.5968177,1.0,0.9236182,0.7277129,-0.1839734,-0.1635425,0.9692304,0.002123719,-0.003651734,-0.01990063,111.5889,6936.0,-0.175,-0.246
1.0,-0.1766936,-0.1531857,1.000041,-0.2041497,-0.2001079,1.000027,-0.1904215,-0.1766465,1.000034,0.03178233,-0.005120597,-0.9994818,0.0,-0.02891767,0.9995635,-0.006040568,0.0,-0.9990765,-0.02909466,-0.03162038,0.0,-0.5097562,-1.610352,-1.286362,1.0,0.03178232,-0.02891766,-0.9990762,0.0,-0.0051206,0.9995635,-0.02909466,0.0,-0.9994816,-0.006040562,-0.03162037,0.0,-1.27774,1.587138,-0.5968132,1.0,0.9265234,0.732572,-0.1829806,-0.1644021,0.969273,0.002122978,-0.003651886,-0.01990018,111.6,6937.0,-0.175,-0.246
1.0,-0.1774868,-0.1570857,1.000048,-0.2028482,-0.2001183,1.000038,-0.1901675,-0.1786021,1.000043,0.03170168,-0.0053071,-0.9994833,0.0,-0.02935237,0.9995497,-0.006238453,0.0,-0.9990664,-0.02953497,-0.03153163,0.0,-0.5091511,-1.610861,-1.286091,1.0,0.03170168,-0.02935237,-0.9990662,0.0,-0.005307099,0.9995496,-0.02953497,0.0,-0.9994832,-0.006238452,-0.03153163,0.0,-1.277835,1.587168,-0.5968049,1.0,0.9107288,0.7157624,-0.1826873,-0.1662131,0.9690194,0.002120347,-0.003653908,-0.01990002,111.6111,6938.0,-0.175,-0.246
1.0,-0.178568,-0.1568492,1.000104,-0.2033896,-0.2011467,1.000098,-0.1909785,-0.178998,1.000101,0.03149521,-0.005836135,-0.9994869,0.0,-0.02950956,0.9995416,-0.006766343,0.0,-0.9990682,-0.02970753,-0.03130859,0.0,-0.5091856,-1.611633,-1.285341,1.0,0.03149525,-0.02950956,-0.9990681,0.0,-0.005836136,0.9995416,-0.02970752,0.0,-0.9994869,-0.006766341,-0.03130855,0.0,-1.27805,1.587171,-0.5968308,1.0,0.9179696,0.7229411,-0.1834076,-0.166546,0.9688261,0.002116386,-0.003654946,-0.01989874,111.6333,6939.0,-0.175,-0.246
1.0,-0.1782021,-0.1568173,1.000077,-0.2035281,-0.2007969,1.000067,-0.1908649,-0.1788072,1.000072,0.03144568,-0.006026922,-0.9994874,0.0,-0.02937606,0.9995443,-0.006951491,0.0,-0.9990737,-0.02957959,-0.03125435,0.0,-0.5094393,-1.611827,-1.28513,1.0,0.03144572,-0.02937605,-0.9990735,0.0,-0.006026922,0.9995443,-0.02957959,0.0,-0.9994871,-0.006951489,-0.0312543,0.0,-1.278165,1.587194,-0.5968103,1.0,0.9134454,0.7153592,-0.1833069,-0.1663776,0.9688741,0.002108795,-0.003655854,-0.0198965,111.6444,6940.0,-0.175,-0.246
1.0,-0.1766332,-0.1569297,1.000153,-0.2027211,-0.2010838,1.000146,-0.1896771,-0.179007,1.000149,0.03162479,-0.00645218,-0.9994791,0.0,-0.0291121,0.999549,-0.007373778,0.0,-0.9990758,-0.02933013,-0.03142267,0.0,-0.5096266,-1.612269,-1.284885,1.0,0.03162477,-0.02911209,-0.9990757,0.0,-0.006452182,0.9995489,-0.02933012,0.0,-0.9994789,-0.007373773,-0.03142269,0.0,-1.278501,1.587231,-0.596818,1.0,0.9040501,0.7265722,-0.1821969,-0.166584,0.969048,0.002108085,-0.003656227,-0.01989526,111.6667,6941.0,-0.175,-0.246
1.0,-0.1770983,-0.1564537,1.000051,-0.2027455,-0.2013157,1.000035,-0.1899217,-0.1788849,1.000043,0.03161663,-0.006816279,-0.999477,0.0,-0.02885558,0.9995537,-0.007729601,0.0,-0.9990836,-0.02908487,-0.03140581,0.0,-0.510026,-1.612606,-1.284415,1.0,0.0316166,-0.02885558,-0.9990834,0.0,-0.006816282,0.9995537,-0.02908487,0.0,-0.9994767,-0.007729596,-0.03140583,0.0,-1.27861,1.587241,-0.596799,1.0,0.9202542,0.7226173,-0.1824424,-0.1664796,0.9690197,0.002106865,-0.003658035,-0.01989301,111.6778,6942.0,-0.175,-0.246
1.0,-0.1737963,-0.1566955,1.000121,-0.2028669,-0.201085,1.000119,-0.1883315,-0.1788903,1.00012,0.03181309,-0.007412745,-0.9994664,0.0,-0.02884647,0.9995492,-0.008331546,0.0,-0.9990775,-0.02909613,-0.03158492,0.0,-0.5097096,-1.613352,-1.28398,1.0,0.03181309,-0.02884647,-0.9990774,0.0,-0.007412747,0.9995492,-0.02909612,0.0,-0.9994663,-0.008331544,-0.03158491,0.0,-1.279039,1.587224,-0.596736,1.0,0.9315339,0.7305242,-0.1809679,-0.1665184,0.9692895,0.002106254,-0.003658035,-0.01989137,111.7,6943.0,-0.175,-0.246
1.0,-0.1722722,-0.1585852,1.000239,-0.2010729,-0.2012331,1.000242,-0.1866726,-0.179909,1.00024,0.03190202,-0.007410482,-0.9994637,0.0,-0.02877814,0.9995511,-0.008329706,0.0,-0.9990767,-0.02902843,-0.03167439,0.0,-0.5096447,-1.613364,-1.284256,1.0,0.03190196,-0.02877814,-0.9990765,0.0,-0.007410484,0.9995512,-0.02902843,0.0,-0.9994633,-0.008329703,-0.03167443,0.0,-1.279263,1.587276,-0.5966855,1.0,0.9315339,0.7305242,-0.1793939,-0.1674891,0.9694148,0.002105698,-0.00365831,-0.01988745,111.7111,6944.0,-0.175,-0.246
1.0,-0.1790788,-0.1594743,1.000018,-0.200764,-0.2014992,1.00002,-0.1899214,-0.1804868,1.000019,0.03229719,-0.007589286,-0.9994496,0.0,-0.028772,0.9995497,-0.008519816,0.0,-0.9990642,-0.02903133,-0.03206432,0.0,-0.5091171,-1.613596,-1.284264,1.0,0.03229722,-0.02877199,-0.999064,0.0,-0.007589287,0.9995497,-0.02903132,0.0,-0.9994494,-0.008519812,-0.03206428,0.0,-1.27936,1.587279,-0.5966644,1.0,0.9018024,0.7156191,-0.1823849,-0.1679657,0.9687741,0.002089211,-0.003656403,-0.01988416,111.7333,6945.0,-0.175,-0.246
1.0,-0.1793019,-0.1603857,1.000135,-0.2008377,-0.2017085,1.000135,-0.1900697,-0.1810471,1.000135,0.03249091,-0.007698024,-0.9994424,0.0,-0.0286656,0.9995518,-0.00863076,0.0,-0.9990609,-0.02893003,-0.03225571,0.0,-0.5089935,-1.613695,-1.28431,1.0,0.03249094,-0.0286656,-0.9990608,0.0,-0.007698026,0.9995519,-0.02893003,0.0,-0.9994423,-0.008630757,-0.03225568,0.0,-1.279478,1.587297,-0.596626,1.0,0.9105254,0.7272809,-0.1824856,-0.168461,0.9686691,0.002088675,-0.003656563,-0.01987966,111.7444,6946.0,-0.175,-0.246
1.0,-0.1797546,-0.1614226,1.000054,-0.2004783,-0.2022828,1.000056,-0.1901165,-0.1818525,1.000055,0.03256994,-0.007686686,-0.99944,0.0,-0.02857899,0.9995544,-0.008618906,0.0,-0.9990609,-0.0288437,-0.03233576,0.0,-0.5090099,-1.613647,-1.28441,1.0,0.03256995,-0.02857899,-0.9990607,0.0,-0.007686688,0.9995543,-0.0288437,0.0,-0.9994399,-0.008618903,-0.03233575,0.0,-1.279516,1.58731,-0.5966076,1.0,0.8977304,0.7293323,-0.1825181,-0.1692149,0.9685315,0.002087861,-0.003657486,-0.01987816,111.7556,6947.0,-0.175,-0.246
1.0,-0.1802592,-0.1696592,1.000141,-0.2009309,-0.2020842,1.000141,-0.190595,-0.1858716,1.000141,0.0328787,-0.007915793,-0.9994281,0.0,-0.02884445,0.9995446,-0.008865631,0.0,-0.9990432,-0.02911944,-0.03263539,0.0,-0.5081236,-1.614042,-1.284635,1.0,0.03287868,-0.02884444,-0.9990428,0.0,-0.007915796,0.9995446,-0.02911944,0.0,-0.9994279,-0.008865626,-0.03263538,0.0,-1.27997,1.587261,-0.5965618,1.0,0.9262481,0.7209674,-0.1828241,-0.1728889,0.9678248,0.002088225,-0.00365931,-0.01987589,111.7778,6948.0,-0.175,-0.246
