flag,xl,yl,zl,xr,yr,zr,xc,yc,zc,mat_00,mat_10,mat_20,mat_30,mat_01,mat_11,mat_21,mat_31,mat_02,mat_12,mat_22,mat_32,mat_03,mat_13,mat_23,mat_33,ctw_00,ctw_10,ctw_20,ctw_30,ctw_01,ctw_11,ctw_21,ctw_31,ctw_02,ctw_12,ctw_22,ctw_32,ctw_03,ctw_13,ctw_23,ctw_33,opennessl,opennessr,ray_x,ray_y,ray_z,eye_x,eye_y,eye_z,time,frame
0,-1.395746,-5.45959,10.89698,-1.650463,-5.024215,12.54719,-1.523806,-5.240654,11.72669,0.01038384,0.05915932,-0.9981946,0,-0.01993975,0.9980621,0.05894404,0,-0.9997473,-0.01929168,-0.01154339,0,11.32965,0.3637857,-28.43451,1,0.01038389,-0.01993975,-0.9997472,0,0.05915931,0.9980621,-0.01929168,0,-0.9981945,0.05894404,-0.01154334,0,-28.52234,1.538875,11.00557,1,0,0,-0.01088448,-0.1858482,0.9825182,-0.002073685,-0.003826447,-0.02332175,3.8,1
0,-0.5877686,0.9781411,8.620112,-0.8302231,1.315648,10.30942,-0.6325607,1.146867,9.465816,-0.06657863,-0.175198,-0.9822794,0,-0.03645425,0.9842337,-0.1730756,0,-0.997115,-0.02428513,0.07191563,0,9.130305,-6.265714,-28.545,1,-0.06657862,-0.03645426,-0.997115,0,-0.175198,0.9842336,-0.02428512,0,-0.9822796,-0.1730756,0.07191564,0,-28.52903,1.55932,11.00463,1,0.7480948,0.8412594,-0.01093636,-0.187818,0.9821429,-0.002071525,-0.003824036,-0.02332574,3.82,2
0,-0.70578,0.9304608,7.396269,-0.6911125,2.645562,9.187918,-0.6838589,1.786133,8.288644,-0.06886029,-0.1759503,-0.9819877,0,-0.03802367,0.9840718,-0.1736574,0,-0.9969015,-0.02538069,0.07445371,0,9.06584,-6.274551,-28.56265,1,-0.06886026,-0.03802368,-0.9969014,0,-0.1759503,0.9840718,-0.02538067,0,-0.9819877,-0.1736574,0.07445375,0,-28.52791,1.559208,11.00509,1,0.7512239,0.8212335,0.02801322,-0.164396,0.9859965,-0.002302787,-0.003912422,-0.02320763,3.84,3
0,-0.7791233,0.4092181,6.249604,-0.681675,1.358777,7.974975,-0.730463,0.8833541,7.111161,-0.07024348,-0.1762704,-0.9818323,0,-0.03878054,0.984002,-0.1738855,0,-0.9967757,-0.02586167,0.07595563,0,9.026515,-6.278028,-28.5734,1,-0.07024352,-0.03878055,-0.9967757,0,-0.1762704,0.9840019,-0.02586167,0,-0.9818323,-0.1738854,0.07595558,0,-28.52686,1.559147,11.00536,1,0.73903,0.812534,0.06967746,-0.1943206,0.9784603,-0.002478272,-0.003892357,-0.02330158,3.86,4
0,-24.91851,1.449974,10.3854,-0.6402607,0.7964731,7.949732,-0.7149029,0.7933077,7.196858,-0.07245231,-0.1766003,-0.9816124,0,-0.03915261,0.983944,-0.1741299,0,-0.9966031,-0.02581657,0.07820332,0,8.962754,-6.287319,-28.59064,1,-0.07245225,-0.0391526,-0.9966031,0,-0.1766003,0.9839441,-0.02581657,0,-0.9816124,-0.1741299,0.07820338,0,-28.52589,1.5588,11.00588,1,0.7425697,0.8149055,0.06453165,-0.1979271,0.9780902,-0.002470917,-0.003901283,-0.02331552,3.9,5
0,-24.91851,1.448453,10.38019,-0.6504803,0.8768727,7.910136,-0.7217617,0.8285731,7.155582,-0.0734489,-0.1761316,-0.9816227,0,-0.03920795,0.9840302,-0.1736299,0,-0.996528,-0.0257345,0.07918167,0,8.934031,-6.274604,-28.60197,1,-0.07344886,-0.03920795,-0.9965279,0,-0.1761316,0.9840302,-0.02573449,0,-0.9816225,-0.1736299,0.07918168,0,-28.5253,1.55853,11.00629,1,0.7454594,0.8255628,0.06499112,-0.1961658,0.9784147,-0.002468338,-0.003902619,-0.02331711,3.92,6
0,-24.91851,1.454793,10.37866,-0.639761,0.7968369,7.95507,-0.7190762,0.8136994,7.170934,-0.07431376,-0.1753171,-0.9817034,0,-0.03942063,0.9841723,-0.1727739,0,-0.9964556,-0.02585989,0.08004868,0,8.90935,-6.249753,-28.61431,1,-0.07431377,-0.03942063,-0.9964553,0,-0.1753171,0.9841723,-0.02585988,0,-0.9817032,-0.1727739,0.08004864,0,-28.52436,1.558241,11.00669,1,0.7611328,0.8228474,0.06361603,-0.1958812,0.9785619,-0.00246286,-0.00390863,-0.02331636,3.94,7
0,-24.91851,1.448851,10.37184,-0.6404247,0.7979299,7.949225,-0.720438,0.7920688,7.140238,-0.07496965,-0.1738153,-0.9819204,0,-0.03958841,0.9844341,-0.1712377,0,-0.9963996,-0.02603504,0.08068371,0,8.890744,-6.205022,-28.62901,1,-0.07496961,-0.03958841,-0.9963998,0,-0.1738153,0.9844341,-0.02603504,0,-0.9819205,-0.1712377,0.08068375,0,-28.52341,1.558039,11.00708,1,0.7476524,0.8255312,0.06409693,-0.195068,0.9786931,-0.002459168,-0.00391349,-0.0233158,3.96,8
0,-24.91851,1.45023,10.38183,-0.6395092,0.7824844,7.94631,-0.7167683,0.7900085,7.175495,-0.07519174,-0.1728149,-0.9820801,0,-0.03963506,0.9846078,-0.1702251,0,-0.9963812,-0.02612528,0.08088386,0,8.884527,-6.175518,-28.63702,1,-0.07519169,-0.03963505,-0.996381,0,-0.1728149,0.9846078,-0.02612528,0,-0.98208,-0.1702251,0.08088389,0,-28.52302,1.557863,11.00731,1,0.75712,0.8328044,0.06263093,-0.1941996,0.9789606,-0.002457275,-0.003915505,-0.02331369,3.98,9
0,-24.91851,1.433358,10.38131,-0.6286354,0.6700006,7.967305,-0.706831,0.66999,7.181171,-0.07513332,-0.169749,-0.9826191,0,-0.03913241,0.9851472,-0.1671936,0,-0.9964054,-0.02589044,0.0806601,0,8.886249,-6.091014,-28.65416,1,-0.07513334,-0.03913241,-0.9964052,0,-0.169749,0.9851472,-0.02589044,0,-0.982619,-0.1671936,0.08066006,0,-28.52241,1.557495,11.00785,1,0.7719638,0.8253412,0.06261095,-0.1953845,0.9787261,-0.002455307,-0.003915695,-0.02331358,4,10
0,-24.91851,1.420772,10.38348,-0.6192036,0.5991462,8.006467,-0.6978664,0.587003,7.206105,-0.07511067,-0.1663638,-0.9831997,0,-0.03853048,0.9857327,-0.1638489,0,-0.9964306,-0.02557635,0.08044922,0,8.886849,-5.998399,-28.67317,1,-0.07511076,-0.0385305,-0.9964305,0,-0.1663638,0.9857327,-0.02557635,0,-0.9831996,-0.1638489,0.08044911,0,-28.52187,1.557164,11.00844,1,0.7428048,0.8192326,0.06182855,-0.1950125,0.9788501,-0.002452476,-0.003919457,-0.02330932,4.02,11
0,-24.91851,1.415451,10.38617,-0.6098251,0.5095919,8.030426,-0.6908264,0.522055,7.225887,-0.07438493,-0.1637203,-0.9836984,0,-0.03804439,0.986179,-0.1612563,0,-0.9965036,-0.02542916,0.07958543,0,8.908216,-5.925023,-28.68142,1,-0.07438488,-0.03804437,-0.9965037,0,-0.1637203,0.986179,-0.02542917,0,-0.9836984,-0.1612563,0.0795855,0,-28.52128,1.556982,11.00903,1,0.7428756,0.8097612,0.06191651,-0.1947161,0.9789034,-0.002446937,-0.003919136,-0.02330383,4.04,12
0,-24.91851,1.398617,10.38867,-0.6129646,0.5321816,8.016616,-0.6867085,0.4683881,7.22516,-0.07322776,-0.1622996,-0.9840208,0,-0.03791873,0.9864092,-0.1598718,0,-0.9965943,-0.02560579,0.07838678,0,8.942688,-5.882833,-28.67912,1,-0.07322779,-0.03791876,-0.996594,0,-0.1622996,0.9864093,-0.02560576,0,-0.9840205,-0.1598717,0.07838672,0,-28.52077,1.556996,11.00966,1,0.7428321,0.8204885,0.06316673,-0.1951575,0.9787357,-0.002440674,-0.003911599,-0.02329946,4.06,13
0,-24.91851,1.396981,10.40375,-0.6107616,0.6068858,8.097408,-0.6795521,0.498993,7.321112,-0.07276273,-0.1621843,-0.9840742,0,-0.03776173,0.98643,-0.1597805,0,-0.9966342,-0.02553428,0.07789981,0,8.95649,-5.880371,-28.67524,1,-0.07276282,-0.03776175,-0.9966341,0,-0.1621843,0.9864301,-0.02553427,0,-0.984074,-0.1597805,0.07789969,0,-28.52056,1.557045,11.00998,1,0.7613136,0.8252245,0.06019453,-0.1941577,0.9791217,-0.002439072,-0.003910263,-0.02329633,4.08,14
0,-0.7388668,0.4342334,6.673949,-0.7128696,1.422949,7.711754,-0.7258778,0.9281131,7.192375,-0.07148814,-0.1628118,-0.9840639,0,-0.03726432,0.9863353,-0.1604805,0,-0.9967452,-0.02519803,0.07657838,0,8.993946,-5.901949,-28.65888,1,-0.07148816,-0.03726433,-0.9967451,0,-0.1628118,0.9863353,-0.02519801,0,-0.9840639,-0.1604805,0.07657834,0,-28.52012,1.557262,11.0106,1,0.7650315,0.8463976,0.06568459,-0.1796606,0.9815332,-0.002442154,-0.003877297,-0.02322312,4.1,15
0,-0.7403259,0.63793,6.81925,-0.7267857,1.58067,7.695724,-0.7335606,1.108882,7.257123,-0.07001042,-0.1640338,-0.9839672,0,-0.03651314,0.9861479,-0.1617994,0,-0.9968778,-0.0246001,0.07503009,0,9.037011,-5.9432,-28.63661,1,-0.07001048,-0.03651316,-0.9968777,0,-0.1640338,0.9861479,-0.02460009,0,-0.9839672,-0.1617994,0.07503001,0,-28.51968,1.557458,11.0112,1,0.7624444,0.8506884,0.06470305,-0.1747409,0.9824861,-0.002444589,-0.003867058,-0.02321316,4.12,16
0,-0.7554798,1.063176,7.000869,-0.7315273,1.657167,7.708139,-0.7435055,1.360076,7.354407,-0.06862676,-0.1653364,-0.9838468,0,-0.03563172,0.9859487,-0.1632043,0,-0.9970061,-0.02385599,0.07355368,0,9.077308,-5.988194,-28.61445,1,-0.06862673,-0.03563173,-0.9970058,0,-0.1653364,0.9859487,-0.02385596,0,-0.9838465,-0.1632042,0.07355366,0,-28.51935,1.557493,11.01197,1,0.791766,0.8699678,0.06241145,-0.1674792,0.9838981,-0.002447998,-0.003855187,-0.02320916,4.14,17
0,-0.6816425,0.8999918,7.615014,-0.7101269,1.689908,7.948992,-0.6958771,1.294754,7.781937,-0.06704319,-0.165957,-0.9838514,0,-0.03438576,0.9858685,-0.163954,0,-0.9971574,-0.02283849,0.07180226,0,9.123042,-6.0169,-28.5939,1,-0.06704312,-0.03438576,-0.9971573,0,-0.165957,0.9858685,-0.02283848,0,-0.9838514,-0.163954,0.07180233,0,-28.51906,1.557488,11.0128,1,0.7846571,0.8696538,0.04878956,-0.171179,0.9840311,-0.002391267,-0.00390593,-0.02323273,4.16,18
0,-0.8152447,-0.4942199,10.54011,-0.9055538,0.56637,10.92732,-0.8208065,0.0338588,10.73328,-0.06418371,-0.1648567,-0.9842271,0,-0.03236245,0.9860857,-0.1630576,0,-0.9974133,-0.02138638,0.06862581,0,9.20539,-6.001545,-28.57041,1,-0.0641837,-0.03236247,-0.9974132,0,-0.1648567,0.9860857,-0.02138636,0,-0.9842268,-0.1630576,0.0686258,0,-28.51832,1.557324,11.01389,1,0.806227,0.8673927,-0.05210896,-0.2182156,0.9745083,-0.001871888,-0.004166313,-0.02334996,4.2,19
0,-0.827795,-0.488345,10.59972,-0.8133869,0.5659688,10.50545,-0.7813625,0.03533685,10.55212,-0.0618856,-0.1624064,-0.9847813,0,-0.03074932,0.9865144,-0.1607599,0,-0.9976094,-0.02033263,0.06604493,0,9.271365,-5.943576,-28.5608,1,-0.0618856,-0.03074932,-0.9976095,0,-0.1624064,0.9865144,-0.02033264,0,-0.9847814,-0.1607599,0.06604493,0,-28.51766,1.557081,11.01465,1,0.7813185,0.857697,-0.04338857,-0.2155177,0.9755355,-0.001899589,-0.004190865,-0.02335236,4.22,20
0,-0.8324032,-0.4878815,10.62098,-0.8413296,0.6944563,10.58658,-0.7976704,0.09987813,10.6033,-0.05994439,-0.1572566,-0.9857368,0,-0.02908766,0.9873685,-0.1557481,0,-0.9977778,-0.01933657,0.06376135,0,9.326869,-5.808599,-28.57012,1,-0.05994431,-0.02908766,-0.9977779,0,-0.1572566,0.9873685,-0.01933655,0,-0.9857367,-0.1557481,0.06376143,0,-28.51696,1.556784,11.0155,1,0.7948776,0.8841425,-0.04341023,-0.2082383,0.9771143,-0.001910629,-0.004197617,-0.02335215,4.24,21
0,-0.8554325,-0.6137761,10.68055,-0.8499031,0.5003909,10.69653,-0.8130398,-0.06019263,10.68812,-0.05811024,-0.1494601,-0.9870588,0,-0.02714104,0.9886006,-0.1480957,0,-0.9979413,-0.01818394,0.06150436,0,9.378791,-5.600254,-28.5946,1,-0.05811027,-0.02714106,-0.9979411,0,-0.1494601,0.9886004,-0.01818392,0,-0.9870586,-0.1480957,0.0615043,0,-28.51655,1.556227,11.01634,1,0.8008434,0.8868428,-0.04452042,-0.2062469,0.9774867,-0.001916755,-0.004202782,-0.02335273,4.26,22
0,-0.867342,-0.6870214,10.70841,-0.8520489,0.5090266,10.70321,-0.8194218,-0.09287773,10.70544,-0.0573566,-0.1459804,-0.9876233,0,-0.02637489,0.9891282,-0.1446711,0,-0.9980053,-0.01775061,0.06058323,0,9.400141,-5.506408,-28.60575,1,-0.0573566,-0.02637489,-0.9980054,0,-0.1459805,0.9891283,-0.01775062,0,-0.9876234,-0.1446712,0.06058326,0,-28.51637,1.556045,11.01668,1,0.8185092,0.8829694,-0.04438553,-0.2039811,0.9779682,-0.001923737,-0.004203591,-0.02335615,4.28,23
0,-0.8432178,-0.2662496,10.75124,-0.8589306,0.7440075,10.64913,-0.8297253,0.2371567,10.70006,-0.05531049,-0.1390128,-0.9887449,0,-0.02472236,0.9901477,-0.1378271,0,-0.9981632,-0.01682084,0.05820227,0,9.458294,-5.319003,-28.62187,1,-0.05531046,-0.02472237,-0.9981629,0,-0.1390128,0.9901478,-0.01682082,0,-0.9887447,-0.137827,0.05820226,0,-28.51599,1.555562,11.01731,1,0.8203736,0.9018912,-0.04254014,-0.1854497,0.9817325,-0.00194934,-0.004170662,-0.02334712,4.3,24
0,-0.8561916,-0.4664663,10.7377,-0.8204021,0.2874138,10.63906,-0.8155537,-0.09147188,10.68824,-0.05326378,-0.1322838,-0.9897798,0,-0.02329391,0.9910817,-0.1312042,0,-0.9983088,-0.01606742,0.05587018,0,9.516756,-5.136239,-28.63576,1,-0.05326379,-0.02329392,-0.9983088,0,-0.1322838,0.9910817,-0.01606741,0,-0.9897797,-0.1312042,0.05587016,0,-28.51563,1.554982,11.01802,1,0.7588006,0.860651,-0.03981873,-0.1903504,0.9809083,-0.001952659,-0.004150689,-0.02334868,4.32,25
0,-0.8317051,-0.4474968,10.6325,-0.8027916,0.1755494,10.59917,-0.803339,-0.1371174,10.61568,-0.05127215,-0.1248286,-0.9908528,0,-0.02200881,0.9920579,-0.1238415,0,-0.9984423,-0.01545787,0.05361235,0,9.573778,-4.931331,-28.65276,1,-0.05127221,-0.02200882,-0.998442,0,-0.1248285,0.992058,-0.01545786,0,-0.9908524,-0.1238415,0.05361225,0,-28.51536,1.554472,11.01877,1,0.7116215,0.8363565,-0.03523669,-0.1845042,0.9821998,-0.001978386,-0.004051147,-0.02336691,4.34,26
0,-0.8548737,-0.7093498,10.64317,-0.803503,-0.1738254,10.60306,-0.8292217,-0.441874,10.62317,-0.04919255,-0.1174586,-0.9918587,0,-0.02098704,0.9929633,-0.1165486,0,-0.9985688,-0.01508286,0.05131149,0,9.633573,-4.726128,-28.6671,1,-0.04919254,-0.02098704,-0.9985688,0,-0.1174586,0.9929633,-0.01508286,0,-0.9918587,-0.1165486,0.0513115,0,-28.51494,1.553941,11.01945,1,0.6963349,0.8173085,-0.03319865,-0.1880216,0.9816037,-0.001985108,-0.004006051,-0.0233916,4.36,27
0,-0.8268089,-0.4171713,10.62111,-0.8334446,-0.2686309,10.70562,-0.8301239,-0.3428327,10.66338,-0.047791,-0.1137006,-0.9923649,0,-0.02053408,0.9934021,-0.1128305,0,-0.9986463,-0.01498502,0.04981041,0,9.67401,-4.620415,-28.67064,1,-0.04779099,-0.02053408,-0.9986462,0,-0.1137006,0.9934021,-0.01498502,0,-0.9923649,-0.1128305,0.04981041,0,-28.51475,1.553654,11.01977,1,0.675356,0.8068438,-0.03334861,-0.1808317,0.9829485,-0.001996606,-0.003967743,-0.0234056,4.38,28
0,-0.8840961,-0.6635615,10.79367,-0.820097,-0.1954773,10.67114,-0.8521347,-0.4297678,10.7325,-0.04553497,-0.1048996,-0.9934399,0,-0.01956151,0.9943743,-0.1041017,0,-0.9987713,-0.01469292,0.04733074,0,9.738883,-4.373539,-28.68706,1,-0.04553491,-0.01956151,-0.9987711,0,-0.1048996,0.9943743,-0.01469292,0,-0.9934398,-0.1041017,0.04733079,0,-28.51419,1.553071,11.02044,1,0.6769343,0.8066827,-0.03354954,-0.1752823,0.9839465,-0.001995735,-0.003910942,-0.02344754,4.4,29
0,-1.23167,-1.737882,11.99379,-1.091967,-1.304047,11.51215,-1.162025,-1.521546,11.75371,-0.04279923,-0.09548947,-0.9945101,0,-0.01833484,0.9953295,-0.09477912,0,-0.9989156,-0.01417772,0.04435015,0,9.817243,-4.111628,-28.6986,1,-0.04279925,-0.01833485,-0.9989153,0,-0.09548946,0.9953295,-0.01417771,0,-0.9945098,-0.0947791,0.04435011,0,-28.51348,1.552395,11.02109,1,0.6567053,0.8011402,-0.06692873,-0.2060457,0.9762508,-0.001850021,-0.004098717,-0.02341357,4.42,30
0,-1.590055,-3.497865,12.99361,-1.469883,-3.242677,12.53634,-1.530107,-3.370524,12.76551,-0.03976595,-0.08489233,-0.9955963,0,-0.01661587,0.9963028,-0.0842889,0,-0.9990709,-0.01319086,0.04102957,0,9.903507,-3.821014,-28.70864,1,-0.03976603,-0.01661587,-0.9990709,0,-0.08489233,0.9963028,-0.01319087,0,-0.9955962,-0.0842889,0.04102949,0,-28.51276,1.551623,11.0218,1,0.704817,0.8332365,-0.09931517,-0.262253,0.959875,-0.001675048,-0.004432946,-0.02347676,4.44,31
0,-1.976467,-5.902689,13.06364,-2.043074,-6.096436,13.1533,-2.009844,-5.999819,13.10851,-0.03632808,-0.07174719,-0.9967611,0,-0.01509237,0.9973451,-0.07123917,0,-0.999226,-0.01245551,0.03731453,0,10.00162,-3.45483,-28.72041,1,-0.03632814,-0.01509237,-0.9992259,0,-0.07174719,0.9973451,-0.0124555,0,-0.996761,-0.07123917,0.03731446,0,-28.51192,1.550588,11.02253,1,0.6500734,0.7427941,-0.1060052,-0.3418101,0.9337713,-0.00152211,-0.004781441,-0.02362427,4.46,32
0,-2.112997,-6.720217,12.78022,-2.072319,-6.455364,12.88831,-2.092661,-6.587793,12.83427,-0.03210998,-0.05593887,-0.9979177,0,-0.01348064,0.998366,-0.05553024,0,-0.9993934,-0.0116695,0.03281152,0,10.12213,-3.013025,-28.72746,1,-0.0321099,-0.01348064,-0.9993935,0,-0.05593887,0.998366,-0.01166949,0,-0.9979178,-0.05553024,0.0328116,0,-28.51116,1.549312,11.02342,1,0.5483299,0.7018165,-0.09186715,-0.3469353,0.933379,-0.001540885,-0.004762543,-0.02361012,4.48,33
0,-2.12405,-6.709947,12.84225,-2.113302,-6.590217,12.9261,-2.118666,-6.650042,12.88418,-0.02997375,-0.04736526,-0.9984278,0,-0.01317187,0.9988086,-0.0469879,0,-0.9994639,-0.01174276,0.03056192,0,10.18387,-2.767725,-28.73006,1,-0.02997375,-0.01317187,-0.999464,0,-0.04736526,0.9988086,-0.01174276,0,-0.9984278,-0.04698789,0.03056193,0,-28.51073,1.548603,11.02396,1,0.4666321,0.6483369,-0.09166132,-0.3411387,0.9355333,-0.001541665,-0.004749626,-0.02360653,4.5,34
0,-2.261732,-7.157661,12.97512,-2.045511,-6.083186,13.17918,-2.154043,-6.622393,13.07689,-0.02469051,-0.02974248,-0.9992526,0,-0.01199133,0.9994943,-0.02945338,0,-0.9996232,-0.01125515,0.02503467,0,10.33545,-2.270275,-28.7193,1,-0.0246905,-0.01199133,-0.9996232,0,-0.02974248,0.9994941,-0.01125514,0,-0.9992526,-0.02945338,0.02503467,0,-28.51017,1.547182,11.02499,1,0.4826387,0.6723893,-0.09398193,-0.323862,0.9414249,-0.001555061,-0.004704605,-0.02358977,4.52,35
0,-2.291779,-7.23807,13.02334,-1.964195,-5.741593,13.18647,-2.128973,-6.494153,13.10461,-0.02208936,-0.02042412,-0.9995474,0,-0.01126508,0.9997329,-0.02017896,0,-0.9996926,-0.01081424,0.02231359,0,10.40973,-2.009085,-28.71165,1,-0.02208941,-0.01126508,-0.9996924,0,-0.02042412,0.9997329,-0.01081424,0,-0.9995474,-0.02017896,0.02231354,0,-28.50975,1.546443,11.02546,1,0.4826387,0.6723893,-0.09282164,-0.3105394,0.9460177,-0.001571487,-0.004665413,-0.02357459,4.54,36
0,-2.451719,-7.846801,13.07916,-2.09486,-6.273479,13.19367,-2.27437,-7.064734,13.13627,-0.01645696,-0.001680374,-0.9998633,0,-0.009661605,0.9999522,-0.001521503,0,-0.999818,-0.009635244,0.01647234,0,10.57017,-1.486497,-28.68427,1,-0.01645689,-0.009661604,-0.9998178,0,-0.001680374,0.9999522,-0.009635243,0,-0.999863,-0.001521501,0.0164724,0,-28.50888,1.544908,11.02642,1,0.5315713,0.7010423,-0.08864059,-0.3128218,0.9456666,-0.001584998,-0.004618309,-0.02356868,4.56,37
0,-2.380598,-7.409668,13.23932,-2.238548,-6.615419,13.47159,-2.309677,-7.013086,13.35534,-0.01016259,0.01774503,-0.9997909,0,-0.008623028,0.9998038,0.01783291,0,-0.9999112,-0.008802453,0.01000762,0,10.75003,-0.9401102,-28.63983,1,-0.01016263,-0.008623027,-0.9999112,0,0.01774503,0.9998038,-0.008802454,0,-0.9997909,0.01783291,0.01000758,0,-28.50791,1.543355,11.02742,1,0.5315713,0.7010423,-0.0909891,-0.2928493,0.9518195,-0.001671662,-0.004543999,-0.02351506,4.58,38
0,-2.483168,-8.392795,12.61637,-25.25113,0.2873354,11.35346,-25.22015,0.2753299,11.28024,-0.003816128,0.03735071,-0.9992949,0,-0.007685989,0.9992716,0.03737919,0,-0.9999632,-0.007823217,0.003526211,0,10.93111,-0.3895729,-28.5831,1,-0.003816068,-0.007685995,-0.9999632,0,0.03735072,0.9992716,-0.007823215,0,-0.9992949,0.0373792,0.003526271,0,-28.50669,1.541719,11.02846,1,0.5635512,0.7172966,-0.07121306,-0.3209502,0.944415,-0.001650513,-0.004761749,-0.02361248,4.6,39
0,-25.21612,0.1533266,11.30409,-25.27316,0.2594305,11.35719,-25.21232,0.1937058,11.33356,0.002724826,0.05757496,-0.9983376,0,-0.007425027,0.9983148,0.05755338,0,-0.9999688,-0.00725585,-0.003147721,0,11.11837,0.1838244,-28.51203,1,0.002724818,-0.007425016,-0.9999686,0,0.05757495,0.9983148,-0.007255858,0,-0.9983374,0.05755338,-0.003147729,0,-28.50551,1.540003,11.02961,1,0.5681162,0.7313923,-0.07885594,-0.3207576,0.943873,-0.001772431,-0.004699814,-0.02356608,4.62,40
0,-25.54169,0.3192278,11.30373,-2.63415,-8.120253,13.61062,-25.27531,0.2667559,11.35755,0.01277173,0.09105679,-0.9957639,0,-0.00648161,0.9958317,0.09097986,0,-0.9998975,-0.005292181,-0.0133087,0,11.40423,1.123235,-28.37568,1,0.01277174,-0.006481609,-0.9998974,0,0.09105677,0.9958316,-0.005292183,0,-0.9957637,0.09097985,-0.01330868,0,-28.5034,1.53698,11.03136,1,0.6037982,0.7534919,-0.07841115,-0.2761769,0.9579029,-0.001826698,-0.004600281,-0.02353081,4.66,41
0,-25.21221,0.1348872,11.33209,-25.49222,0.3149827,11.39418,-25.54165,0.304387,11.34408,0.01965851,0.1167812,-0.9929633,0,-0.005791381,0.9931517,0.1166887,0,-0.9997901,-0.003456686,-0.02020019,0,11.59941,1.842494,-28.25743,1,0.01965849,-0.005791362,-0.9997899,0,0.1167811,0.9931517,-0.003456702,0,-0.992963,0.1166887,-0.0202002,0,-28.50178,1.534623,11.03253,1,0.6362352,0.7715722,-0.07536267,-0.2691725,0.9601389,-0.00184044,-0.004574593,-0.02352152,4.68,42
0,-25.55762,0.305524,11.24954,-25.54156,0.3024533,11.34464,-25.54959,0.3039878,11.29705,0.02640414,0.144044,-0.989219,0,-0.005138375,0.9895704,0.1439581,0,-0.9996382,-0.001281895,-0.02686888,0,11.79015,2.603403,-28.11705,1,0.02640411,-0.005138376,-0.9996381,0,0.144044,0.9895704,-0.001281888,0,-0.989219,0.1439581,-0.02686891,0,-28.50023,1.532007,11.03375,1,0.7578389,0.8644539,-0.05485447,-0.2434963,0.9683493,-0.001899536,-0.004439171,-0.02348042,4.7,43
0,-25.21996,0.1354176,11.28137,-25.53438,0.3192278,11.36988,-25.54145,0.296616,11.31182,0.03281265,0.1729322,-0.9843872,0,-0.004601553,0.9849331,0.1728747,0,-0.999451,0.0011428,-0.03311408,0,11.97104,3.409544,-27.95223,1,0.0328127,-0.004601531,-0.9994509,0,0.1729321,0.9849331,0.001142769,0,-0.9843869,0.1728747,-0.03311402,0,-28.49823,1.529146,11.03496,1,0.8237796,0.9378406,-0.0531566,-0.2156065,0.9750324,-0.001944839,-0.00437407,-0.02345895,4.72,44
0,-25.21817,0.1368857,11.29192,-25.33772,0.2740141,11.36809,-25.54812,0.3164557,11.30579,0.03612196,0.1880808,-0.9814891,0,-0.004265368,0.9821501,0.1880505,0,-0.9993383,0.002606347,-0.03627944,0,12.06413,3.830768,-27.85652,1,0.03612198,-0.004265365,-0.9993383,0,0.1880808,0.9821501,0.002606341,0,-0.9814892,0.1880505,-0.03627943,0,-28.49714,1.5275,11.03554,1,0.8280516,0.9778223,-0.04855357,-0.1955008,0.9795008,-0.001962129,-0.004272514,-0.02343898,4.74,45
0,-25.55163,0.188677,11.25156,-25.5357,0.2285575,11.34589,-25.54367,0.2085968,11.29871,0.04269373,0.2211265,-0.9743102,0,-0.003636554,0.9752273,0.2211753,0,-0.9990817,0.005899675,-0.04244024,0,12.24872,4.749683,-27.63137,1,0.04269373,-0.003636544,-0.9990815,0,0.2211265,0.9752273,0.005899664,0,-0.9743102,0.2211752,-0.04244023,0,-28.49475,1.523897,11.03677,1,0.8685744,0.9762601,-0.03950653,-0.1913376,0.9807289,-0.001988045,-0.004154022,-0.0234445,4.76,46
0,-25.53332,0.1015805,11.36001,-25.53008,0.1128865,11.41259,-25.53142,0.1071051,11.38633,0.04865015,0.2597057,-0.9644616,0,-0.003315404,0.9656416,0.2598562,0,-0.9988104,0.009444475,-0.04783964,0,12.41611,5.827874,-27.34683,1,0.04865016,-0.003315392,-0.9988104,0,0.2597056,0.9656416,0.00944446,0,-0.9644616,0.2598562,-0.04783964,0,-28.49255,1.51977,11.03804,1,1,1,-0.05937906,-0.1769113,0.982434,-0.001905861,-0.004209061,-0.0235063,4.78,47
0,-25.87314,0,11.44669,-25.73755,0,11.51995,-25.80678,0,11.48321,0.05392748,0.2995052,-0.9525694,0,-0.004452482,0.9540202,0.2997093,0,-0.9985349,0.01192127,-0.05278146,0,12.56626,6.956033,-27.01046,1,0.0539275,-0.004452486,-0.9985349,0,0.2995052,0.9540201,0.01192127,0,-0.9525694,0.2997093,-0.05278145,0,-28.49037,1.515042,11.03927,1,0.8379383,0.9626668,-0.09251419,-0.2015564,0.975098,-0.001758981,-0.004374558,-0.02351488,4.8,48
0,-26.26994,0,11.49497,-26.20476,0,11.52903,-26.23772,0,11.51216,0.05822939,0.3399848,-0.9386265,0,-0.007725269,0.9403471,0.3401288,0,-0.9982733,0.01255433,-0.05738235,0,12.69199,8.127274,-26.61989,1,0.05822942,-0.007725297,-0.9982734,0,0.3399848,0.9403471,0.01255435,0,-0.9386265,0.3401288,-0.05738231,0,-28.48833,1.509782,11.04053,1,0.7837081,0.9175618,-0.1177527,-0.2323286,0.9654831,-0.001658005,-0.00454065,-0.02354738,4.82,49
0,-26.54725,0,11.48025,-26.56879,0,11.57997,-26.55806,0,11.53018,0.0605166,0.3603562,-0.9308497,0,-0.009934396,0.9327302,0.3604383,0,-0.9981177,0.01256508,-0.06002557,0,12.75931,8.721127,-26.39787,1,0.0605166,-0.009934386,-0.9981178,0,0.3603561,0.9327301,0.01256507,0,-0.9308498,0.3604382,-0.06002558,0,-28.48732,1.507102,11.04117,1,0.7837081,0.9175618,-0.1409811,-0.2778651,0.9502186,-0.001452583,-0.004852631,-0.02367822,4.84,50
0,-26.93137,0,11.38182,-26.92226,0,11.4698,-26.92683,0,11.42578,0.06474763,0.3946967,-0.9165273,0,-0.01488371,0.9187343,0.3945957,0,-0.9977907,0.01190782,-0.06536043,0,12.88474,9.731175,-25.97859,1,0.06474765,-0.01488371,-0.9977907,0,0.3946967,0.9187343,0.01190781,0,-0.9165273,0.3945957,-0.06536042,0,-28.48521,1.502448,11.04243,1,0.7742239,0.9115196,-0.116104,-0.3406041,0.9330105,-0.001659667,-0.005055557,-0.02372094,4.86,51
0,-27.01494,0,11.34075,-26.92108,0,11.43258,-26.96906,0,11.38636,0.0691812,0.4179218,-0.9058451,0,-0.02207001,0.9084395,0.4174332,0,-0.9973599,0.008886531,-0.07207048,0,13.01807,10.44382,-25.6308,1,0.0691812,-0.02207,-0.9973599,0,0.4179218,0.9084396,0.008886526,0,-0.9058451,0.4174333,-0.07207048,0,-28.48284,1.498878,11.04367,1,0.7320346,0.8933695,-0.09284833,-0.3311138,0.9390116,-0.001740585,-0.00476078,-0.02361234,4.88,52
0,-27.05452,0,11.3231,-26.92365,0,11.46598,-26.99115,0,11.39331,0.07289851,0.4354821,-0.897241,0,-0.02995607,0.9001846,0.4344771,0,-0.9968895,0.004794955,-0.0786674,0,13.13154,11.00325,-25.33494,1,0.07289847,-0.02995601,-0.9968893,0,0.4354821,0.9001846,0.004794911,0,-0.8972408,0.434477,-0.07866743,0,-28.48053,1.495862,11.0449,1,0.6807411,0.8493166,-0.08898655,-0.3203031,0.9431263,-0.001734345,-0.004426437,-0.02350218,4.9,53
0,-26.94856,0,11.34463,-26.92672,0,11.41544,-26.9377,0,11.38002,0.07586199,0.4535249,-0.8880091,0,-0.03619149,0.891241,0.4520836,0,-0.9964613,0.002157584,-0.08402503,0,13.22136,11.56149,-25.03591,1,0.07586195,-0.03619148,-0.9964612,0,0.4535248,0.891241,0.002157587,0,-0.888009,0.4520836,-0.08402505,0,-28.47853,1.492754,11.04598,1,0.6762416,0.8360623,-0.07305244,-0.2858462,0.955487,-0.001786674,-0.004236962,-0.023457,4.92,54
0,-26.91511,0,11.34034,-26.86856,0,11.44604,-26.89209,0,11.39296,0.07840419,0.4854958,-0.8707163,0,-0.04139414,0.8742369,0.4837316,0,-0.996062,0.001884073,-0.08864051,0,13.2982,12.50334,-24.53556,1,0.07840417,-0.0413941,-0.9960617,0,0.4854958,0.874237,0.001884031,0,-0.870716,0.4837316,-0.0886405,0,-28.47646,1.488213,11.04742,1,0.6844656,0.8573934,-0.0703927,-0.2370631,0.9689406,-0.001899727,-0.004309273,-0.02348166,4.96,55
0,-26.962,0,11.30322,-26.87071,0,11.4288,-26.9173,0,11.36538,0.07961822,0.5034345,-0.8603574,0,-0.04313497,0.8640288,0.5015911,0,-0.9958918,0.002824381,-0.09050804,0,13.33418,13.02052,-24.24396,1,0.07961822,-0.04313489,-0.9958917,0,0.5034345,0.8640289,0.002824298,0,-0.8603571,0.5015911,-0.09050804,0,-28.47508,1.48562,11.04836,1,0.7025318,0.8664877,-0.05719748,-0.2249027,0.972701,-0.001915801,-0.004236115,-0.02347691,4.98,56
0,-26.89971,0,11.32495,-26.84389,0,11.42935,-26.87215,0,11.3769,0.07996798,0.5193889,-0.850788,0,-0.04373403,0.8545278,0.5175613,0,-0.9958376,0.004179895,-0.09104985,0,13.34513,13.47542,-23.98693,1,0.07996798,-0.04373408,-0.9958376,0,0.5193889,0.8545277,0.004179939,0,-0.8507881,0.5175613,-0.09104983,0,-28.47396,1.483226,11.04925,1,0.6705083,0.8546568,-0.0589182,-0.1929386,0.9794403,-0.001959022,-0.003939537,-0.02353518,5,57
0,-26.95049,0,11.30202,-26.8198,0,11.42354,-26.88691,0,11.362,0.07938224,0.5353951,-0.8408629,0,-0.04271625,0.8445771,0.5337274,0,-0.9959286,0.006449968,-0.0899145,0,13.32862,13.92233,-23.73861,1,0.07938225,-0.04271625,-0.9959286,0,0.5353952,0.8445771,0.006449966,0,-0.840863,0.5337273,-0.08991449,0,-28.47292,1.480811,11.05011,1,0.681959,0.8729206,-0.05395905,-0.1786568,0.9824308,-0.00196959,-0.003865898,-0.02360781,5.02,58
0,-26.98672,0,11.31196,-26.8544,0,11.40331,-26.92235,0,11.35727,0.07871503,0.5431888,-0.8359126,0,-0.04176316,0.8395751,0.541636,0,-0.996022,0.007724524,-0.08877248,0,13.3096,14.13833,-23.62095,1,0.07871503,-0.04176319,-0.9960219,0,0.5431888,0.839575,0.007724546,0,-0.8359125,0.541636,-0.08877245,0,-28.4725,1.479624,11.05055,1,0.7080005,0.8687625,-0.05472444,-0.1801598,0.9821139,-0.00199453,-0.00382499,-0.02358913,5.04,59
0,-26.95832,0,11.30359,-26.82203,0,11.41658,-26.89204,0,11.35942,0.07721496,0.557993,-0.8262456,0,-0.03979254,0.8297842,0.556664,0,-0.9962202,0.01010445,-0.0862757,0,13.26677,14.54929,-23.39328,1,0.07721498,-0.03979248,-0.9962201,0,0.5579929,0.8297842,0.01010437,0,-0.8262455,0.556664,-0.0862757,0,-28.47139,1.477343,11.05134,1,0.7239398,0.8704351,-0.0562624,-0.1530123,0.9866214,-0.00200669,-0.003800789,-0.02359224,5.06,60
0,-27.1845,0,11.10229,-27.14606,0,11.21116,-27.16548,0,11.1565,0.07512349,0.5721635,-0.8166918,0,-0.03754029,0.8200483,0.5710618,0,-0.9964674,0.0122413,-0.08308411,0,13.20733,14.9451,-23.17558,1,0.07512352,-0.03754031,-0.9964674,0,0.5721634,0.8200482,0.01224131,0,-0.8166918,0.5710618,-0.08308407,0,-28.47053,1.474793,11.05221,1,0.7828274,0.889435,0.02603671,-0.2291559,0.9730415,-0.002441711,-0.004475029,-0.02361432,5.08,61
0,-27.30471,0,11.07704,-27.25649,0,11.18384,-27.2809,0,11.13017,0.07244176,0.5858106,-0.8072039,0,-0.03513533,0.8103269,0.5849239,0,-0.9967536,0.01401153,-0.07928419,0,13.13127,15.32987,-22.96541,1,0.07244178,-0.03513535,-0.9967535,0,0.5858106,0.8103269,0.01401153,0,-0.8072039,0.5849238,-0.07928414,0,-28.46942,1.472182,11.05305,1,0.7994345,0.9063075,0.03312141,-0.2563758,0.9660095,-0.002486405,-0.004573792,-0.02365211,5.1,62
0,-27.37914,0.01,11.04715,-27.3465,0,11.14445,-27.35914,0,11.09576,0.06902158,0.5983846,-0.7982305,0,-0.03240895,0.8010613,0.5977044,0,-0.9970887,0.01538473,-0.07468355,0,13.03438,15.68767,-22.7769,1,0.0690216,-0.03240892,-0.9970885,0,0.5983846,0.8010613,0.01538468,0,-0.7982304,0.5977044,-0.07468352,0,-28.46812,1.469499,11.05402,1,0.7753119,0.906885,0.04567374,-0.2727838,0.9609905,-0.002535973,-0.004715721,-0.02368897,5.12,63
0,-27.3916,0.01000001,11.0566,-27.3003,0,11.16962,-27.34309,0,11.11272,0.06719798,0.6043962,-0.7938449,0,-0.03146225,0.7965313,0.6037782,0,-0.9972435,0.01559651,-0.072541,0,12.98324,15.86384,-22.6831,1,0.067198,-0.03146229,-0.9972435,0,0.6043961,0.7965313,0.01559652,0,-0.7938449,0.6037781,-0.07254095,0,-28.46735,1.467992,11.05457,1,0.7753119,0.906885,0.03539995,-0.2587394,0.9652983,-0.002507493,-0.004623543,-0.02365695,5.14,64
0,-27.39539,0.01,11.04203,-27.31648,0,11.15759,-27.35285,0,11.09942,0.06398511,0.616157,-0.7850201,0,-0.0291211,0.7874498,0.6156905,0,-0.9975259,0.01653436,-0.0683282,0,12.89225,16.20319,-22.49262,1,0.06398508,-0.0291211,-0.9975259,0,0.6161569,0.7874498,0.01653437,0,-0.7850201,0.6156905,-0.06832823,0,-28.46578,1.464731,11.05556,1,0.7641679,0.8967115,0.03899483,-0.248354,0.9678842,-0.002483025,-0.004526375,-0.02363109,5.16,65
0,-27.39558,0.01,11.04862,-27.32826,0,11.1409,-27.35863,0,11.09463,0.06156403,0.6283033,-0.7755287,0,-0.02670819,0.7777613,0.627992,0,-0.9977458,0.01794878,-0.06466299,0,12.82319,16.54938,-22.27727,1,0.06156406,-0.02670818,-0.9977457,0,0.6283033,0.7777613,0.01794876,0,-0.7755287,0.627992,-0.06466296,0,-28.46415,1.460961,11.05673,1,0.7662694,0.8708976,0.03865701,-0.2353963,0.9711304,-0.002426385,-0.004472984,-0.02362244,5.18,66
0,-27.38387,0.01,11.05351,-27.32616,0,11.17388,-27.35157,0,11.11343,0.05934864,0.6436887,-0.7629828,0,-0.02488101,0.7650464,0.6434944,0,-0.9979273,0.01920685,-0.06142002,0,12.76059,16.99407,-21.97429,1,0.05934866,-0.02488087,-0.9979271,0,0.6436887,0.7650464,0.01920673,0,-0.7629825,0.6434943,-0.06142007,0,-28.46221,1.456578,11.05807,1,0.7690534,0.8655906,0.02660323,-0.2123832,0.9768243,-0.002435546,-0.004467423,-0.02361342,5.2,67
0,-27.44157,0.01,11.05393,-27.35704,0,11.15665,-27.39642,0,11.10504,0.05840266,0.6644711,-0.7450284,0,-0.02306679,0.7470012,0.6644224,0,-0.9980267,0.02161857,-0.05895406,0,12.73338,17.58802,-21.51646,1,0.05840261,-0.02306681,-0.9980264,0,0.6644711,0.7470012,0.02161862,0,-0.7450283,0.6644225,-0.05895406,0,-28.46077,1.451468,11.05954,1,0.7722237,0.8667755,0.02886534,-0.2038575,0.9785749,-0.002382034,-0.004467713,-0.02361807,5.22,68
0,-27.40663,0,11.07668,-27.36948,0,11.17746,-27.38822,0,11.1269,0.05838704,0.6756374,-0.7349185,0,-0.02199998,0.7368664,0.6756803,0,-0.9980515,0.0232828,-0.05788743,0,12.73234,17.90358,-21.25455,1,0.05838703,-0.02199996,-0.9980516,0,0.6756374,0.7368665,0.02328278,0,-0.7349184,0.6756804,-0.05788746,0,-28.46009,1.448849,11.06031,1,0.780216,0.8730588,0.01664004,-0.1847537,0.982644,-0.002386619,-0.004529389,-0.02361896,5.24,69
0,-27.5175,0.01,11.04991,-27.427,0,11.17472,-27.46973,0,11.1118,0.05941761,0.6982967,-0.7133381,0,-0.0192391,0.7152691,0.6985843,0,-0.9980478,0.0277842,-0.05593419,0,12.75935,18.53306,-20.69001,1,0.0594176,-0.01923913,-0.9980477,0,0.6982967,0.7152691,0.02778422,0,-0.7133381,0.6985843,-0.05593417,0,-28.45868,1.443068,11.06223,1,0.7718701,0.8617523,0.02222998,-0.1893617,0.9816557,-0.002351861,-0.004588242,-0.02364301,5.26,70
0,-27.66323,0,11.06992,-27.58618,0,11.18064,-27.6254,0,11.12486,0.06149137,0.719041,-0.6922419,0,-0.01649433,0.6941917,0.7196012,0,-0.9979713,0.03283125,-0.05454689,0,12.81545,19.10077,-20.12959,1,0.0614914,-0.01649428,-0.9979712,0,0.719041,0.6941917,0.03283119,0,-0.6922418,0.7196011,-0.05454689,0,-28.45683,1.437059,11.06434,1,0.7341155,0.836099,0.009926687,-0.2333763,0.9723359,-0.00227272,-0.00494854,-0.02374902,5.28,71
0,-27.89968,0.01,11.04923,-27.86166,0,11.14901,-27.87885,0,11.099,0.06487775,0.7404571,-0.668965,0,-0.01440537,0.6710024,0.7413152,0,-0.9977892,0.03845817,-0.0541997,0,12.90874,19.68409,-19.49595,1,0.06487775,-0.01440538,-0.9977893,0,0.7404571,0.6710025,0.03845818,0,-0.668965,0.7413152,-0.05419968,0,-28.45482,1.430521,11.06652,1,0.6804125,0.8150977,0.01780717,-0.3369651,0.9413487,-0.002266969,-0.005426094,-0.0239224,5.3,72
0,-28.00327,0.01,11.039,-27.98593,0,11.13808,-27.99301,0,11.08845,0.06840616,0.7638361,-0.641775,0,-0.01242259,0.643884,0.7650223,0,-0.9975803,0.0443598,-0.05353439,0,13.00604,20.3257,-18.75717,1,0.06840616,-0.01242249,-0.9975802,0,0.763836,0.6438841,0.04435972,0,-0.6417748,0.7650222,-0.05353445,0,-28.45308,1.423826,11.06877,1,0.64117,0.8177149,0.02098619,-0.3684378,0.9294155,-0.00230545,-0.005692269,-0.02402866,5.32,73
0,-28.09377,0.01,11.02222,-28.05323,0,11.13132,-28.0724,0,11.07646,0.07011378,0.7754613,-0.6274902,0,-0.01148623,0.6296241,0.7768149,0,-0.9974729,0.04725793,-0.05305243,0,13.05316,20.64618,-18.36984,1,0.07011375,-0.01148621,-0.9974728,0,0.7754613,0.6296241,0.04725794,0,-0.6274902,0.776815,-0.05305246,0,-28.45241,1.420567,11.06992,1,0.5238792,0.7823812,0.02601233,-0.3982623,0.9169027,-0.002336181,-0.005905968,-0.02413622,5.34,74
0,-28.16514,0.01,11.02468,-28.13284,0,11.11106,-28.14806,0,11.06771,0.07362288,0.7967336,-0.5998294,0,-0.0103471,0.6020395,0.7983993,0,-0.9972325,0.05257395,-0.05256778,0,13.15098,21.23446,-17.6129,1,0.07362287,-0.01034712,-0.9972324,0,0.7967336,0.6020395,0.05257396,0,-0.5998293,0.7983993,-0.05256776,0,-28.45115,1.414213,11.07233,1,0.4534559,0.7052,0.02994377,-0.4122092,0.9105971,-0.002338439,-0.005929856,-0.02415369,5.36,75
0,-28.16195,0.01,11.0153,-28.10114,0,11.11338,-28.13091,0,11.06399,0.07620794,0.8135346,-0.5765013,0,-0.009709567,0.5787609,0.8154395,0,-0.9970446,0.05654538,-0.05200523,0,13.22379,21.70319,-16.97363,1,0.07620794,-0.009709572,-0.9970447,0,0.8135346,0.5787608,0.05654539,0,-0.5765014,0.8154396,-0.05200524,0,-28.44937,1.408414,11.07477,1,0.374391,0.6600363,0.03488662,-0.3764405,0.9257837,-0.002380409,-0.005508972,-0.02396298,5.38,76
0,-28.15061,0.01,11.01951,-28.10514,0,11.13099,-28.12703,0,11.07489,0.07765597,0.8268298,-0.5570657,0,-0.009637028,0.5593493,0.8288761,0,-0.9969337,0.05899876,-0.05140495,0,13.26592,22.08254,-16.44072,1,0.07765598,-0.009636957,-0.9969336,0,0.8268297,0.5593494,0.05899871,0,-0.5570655,0.828876,-0.05140499,0,-28.44724,1.403306,11.07726,1,0.4261859,0.6527078,0.02956212,-0.3528017,0.935231,-0.002406417,-0.005281296,-0.02387754,5.4,77
0,-28.13994,0.01,11.00987,-28.10132,0,11.12902,-28.11968,0,11.06905,0.07990849,0.8374997,-0.5405636,0,-0.009124935,0.5428896,0.8397546,0,-0.9967605,0.06217104,-0.0510236,0,13.32971,22.37461,-15.98598,1,0.07990858,-0.009124843,-0.9967603,0,0.8374996,0.5428896,0.06217089,0,-0.5405635,0.8397544,-0.0510236,0,-28.44531,1.398984,11.07981,1,0.4580646,0.6946304,0.03564341,-0.3310028,0.9429563,-0.002427406,-0.005099907,-0.02381052,5.42,78
0,-27.71277,0.009999999,11.00442,-28.07827,0,11.13504,-27.90467,0,11.07174,0.08160901,0.841825,-0.5335456,0,-0.008711994,0.5359132,0.8442283,0,-0.9966264,0.06424853,-0.05106926,0,13.37726,22.48433,-15.78994,1,0.0816091,-0.008711859,-0.9966264,0,0.8418248,0.5359132,0.06424838,0,-0.5335453,0.844228,-0.0510693,0,-28.44422,1.397203,11.08117,1,0.4580646,0.6946304,0.0446735,-0.1904104,0.9806876,-0.002327575,-0.005674759,-0.02411414,5.44,79
0,-28.09191,0.01,11.01128,-28.05637,0,11.12918,-28.07299,0,11.06986,0.08535057,0.8484756,-0.5223069,0,-0.007637888,0.5247616,0.8512151,0,-0.9963218,0.06866241,-0.05126923,0,13.48126,22.64003,-15.47407,1,0.08535059,-0.00763784,-0.9963216,0,0.8484755,0.5247616,0.06866235,0,-0.5223069,0.851215,-0.05126926,0,-28.44236,1.394105,11.08381,1,0.5136254,0.7173216,0.04000071,-0.2830215,0.9582791,-0.002473808,-0.004871903,-0.02373487,5.46,80
0,-28.03719,0.01,11.00888,-28.04667,0,11.14338,-28.04044,0,11.07597,0.08857387,0.8531732,-0.5140528,0,-0.00630188,0.5165508,0.8562334,0,-0.9960497,0.07260045,-0.05112946,0,13.57047,22.74086,-15.2445,1,0.08857388,-0.006301818,-0.9960496,0,0.853173,0.5165508,0.07260039,0,-0.5140527,0.8562334,-0.0511295,0,-28.44036,1.391558,11.08642,1,0.5510528,0.7524737,0.03883778,-0.2541756,0.966378,-0.002476951,-0.004816986,-0.0237162,5.48,81
0,-28.03754,0.01,11.01352,-27.99767,0,11.13204,-28.0163,0,11.07239,0.0905748,0.855844,-0.5092418,0,-0.004850835,0.5117167,0.8591405,0,-0.9958779,0.07534626,-0.05050015,0,13.62585,22.79191,-15.11603,1,0.09057481,-0.004850789,-0.9958779,0,0.855844,0.5117167,0.07534624,0,-0.5092418,0.8591406,-0.0505002,0,-28.43819,1.389895,11.08904,1,0.6352385,0.7767606,0.04341293,-0.2350376,0.9710163,-0.002479181,-0.004829399,-0.02373574,5.5,82
0,-28.03179,0.009999999,11.00648,-27.99957,0,11.1312,-28.01431,0,11.06842,0.0912745,0.8560714,-0.5087346,0,-0.003069758,0.5111065,0.859512,0,-0.9958212,0.0768899,-0.04927886,0,13.64489,22.78065,-15.11336,1,0.0912745,-0.003069662,-0.9958209,0,0.8560712,0.5111065,0.07688981,0,-0.5087345,0.8595119,-0.04927891,0,-28.43598,1.388665,11.0915,1,0.6728231,0.7983966,0.04632105,-0.2346468,0.9709764,-0.00252433,-0.004809456,-0.02372424,5.52,83
0,-27.98415,0.01,11.02209,-27.97962,0,11.12386,-27.98023,0,11.07279,0.09174174,0.8545017,-0.511283,0,0.00026685,0.5134273,0.8581331,0,-0.9957827,0.07886308,-0.04687464,0,13.6563,22.70847,-15.20758,1,0.09174174,0.000266901,-0.9957829,0,0.8545016,0.5134273,0.07886306,0,-0.5112831,0.8581331,-0.04687469,0,-28.43265,1.387342,11.095,1,0.6970087,0.8414145,0.04440938,-0.2177508,0.9749935,-0.002550735,-0.004842896,-0.02372792,5.56,84
0,-27.97981,0.01,11.0349,-27.98674,0,11.12549,-27.98161,0,11.08009,0.09129763,0.8535608,-0.5129315,0,0.002035737,0.5149216,0.8572349,0,-0.9958216,0.07930768,-0.04527348,0,13.64374,22.67345,-15.26905,1,0.0912976,0.002035731,-0.9958216,0,0.8535608,0.5149215,0.07930771,0,-0.5129315,0.8572348,-0.0452735,0,-28.43078,1.386339,11.09727,1,0.7065563,0.855522,0.03910137,-0.2209304,0.9745055,-0.002566011,-0.00495607,-0.02375599,5.58,85
0,-27.96343,0.009999999,10.99974,-27.93677,0,11.16671,-27.94847,0,11.08265,0.09053588,0.8534451,-0.513259,0,0.003328025,0.5151134,0.8571156,0,-0.9958877,0.07930791,-0.04379594,0,13.62316,22.66907,-15.2929,1,0.09053591,0.003328066,-0.9958876,0,0.8534451,0.5151134,0.07930784,0,-0.5132589,0.8571156,-0.04379595,0,-28.42941,1.385303,11.09953,1,0.7424927,0.8685259,0.03920832,-0.2009468,0.9788172,-0.002635055,-0.005276421,-0.02388778,5.6,86
0,-27.99832,0.01,11.01308,-27.9413,0,11.17139,-27.96855,0,11.09148,0.09019542,0.8542598,-0.5119619,0,0.004375547,0.5137122,0.8579514,0,-0.9959145,0.0796234,-0.04259664,0,13.61428,22.69013,-15.26902,1,0.09019541,0.004375546,-0.9959144,0,0.8542597,0.5137122,0.07962339,0,-0.5119618,0.8579513,-0.04259663,0,-28.42837,1.384312,11.10158,1,0.7594986,0.8738377,0.03249324,-0.2118516,0.9767615,-0.002641045,-0.00539756,-0.02391754,5.62,87
0,-27.9844,0.01,11.00901,-27.96906,0,11.13748,-27.97511,0,11.07289,0.0902645,0.8546927,-0.5112267,0,0.00514552,0.5129151,0.8584239,0,-0.9959045,0.08011571,-0.04190016,0,13.61613,22.69792,-15.25588,1,0.09026447,0.005145529,-0.9959046,0,0.8546927,0.5129151,0.08011575,0,-0.5112267,0.8584239,-0.04190019,0,-28.42801,1.383849,11.10268,1,0.770911,0.8812703,0.04465324,-0.2161872,0.9753303,-0.002601716,-0.005445725,-0.0239054,5.64,88
