flag,xl,yl,zl,xr,yr,zr,xc,yc,zc,mat_00,mat_10,mat_20,mat_30,mat_01,mat_11,mat_21,mat_31,mat_02,mat_12,mat_22,mat_32,mat_03,mat_13,mat_23,mat_33,ctw_00,ctw_10,ctw_20,ctw_30,ctw_01,ctw_11,ctw_21,ctw_31,ctw_02,ctw_12,ctw_22,ctw_32,ctw_03,ctw_13,ctw_23,ctw_33,opennessl,opennessr,ray_x,ray_y,ray_z,eye_x,eye_y,eye_z,time,frame
0,-24.91851,1.667339,10.37732,-0.7096729,-0.4091057,10.0877,-0.5863762,0.516188,8.271341,-0.1323463,-0.04437232,-0.99021,0,0.05198776,0.9973117,-0.05163897,0,-0.9898394,0.05831302,0.1296837,0,7.023859,-3.608087,-29.7674,1,-0.1323463,0.05198774,-0.9898391,0,-0.04437231,0.9973118,0.05831301,0,-0.9902096,-0.05163897,0.1296836,0,-28.70648,1.696075,11.02323,1,0,0,-0.03734301,-0.09132362,0.9951208,-0.002152465,-0.0003692093,-0.02239293,4.04,1
0,-25,1.59846,12.47597,-5.614367,-0.8041767,23.66926,-25,1.442499,12.78446,0.3922095,-0.07584499,-0.9167439,0,0.1029489,0.9939533,-0.03818823,0,-0.914097,0.07939999,-0.3976461,0,21.18549,-4.731779,-21.86793,1,0.3922094,0.1029489,-0.9140969,0,-0.07584497,0.9939534,0.0794,0,-0.9167438,-0.03818825,-0.397646,0,-28.71532,1.687047,11.0456,1,0,0,-0.03759564,-0.09353197,0.9949062,-0.002154457,-0.0003621751,-0.02236922,4.06,2
0,-25,1.608647,12.47057,-5.610147,-0.7969174,23.66315,-25,1.448428,12.78076,0.3911655,-0.07567622,-0.9172038,0,0.1005649,0.9941604,-0.03913718,0,-0.9148095,0.07692938,-0.3964916,0,21.16679,-4.700048,-21.89227,1,0.3911655,0.1005649,-0.9148093,0,-0.0756762,0.9941604,0.07692938,0,-0.9172037,-0.0391372,-0.3964916,0,-28.71507,1.687164,11.04505,1,1,1,-0.03789368,-0.09313083,0.9949325,-0.00215599,-0.000361908,-0.02236199,4.08,3
0,-25,1.614327,12.46773,-5.554121,-0.7295144,23.57774,-25,1.457044,12.77022,0.3900057,-0.0760982,-0.9176626,0,0.09902689,0.9942657,-0.04036427,0,-0.9154721,0.07513096,-0.3953051,0,21.1429,-4.692542,-21.91651,1,0.3900057,0.09902687,-0.9154721,0,-0.0760982,0.9942657,0.07513098,0,-0.9176626,-0.04036428,-0.395305,0,-28.71491,1.687274,11.04459,1,1,1,-0.03674792,-0.0925143,0.995033,-0.002159958,-0.0003614349,-0.022359,4.1,4
0,-25,1.621163,12.46096,-5.505339,-0.6961142,23.49946,-25,1.463638,12.75822,0.3870488,-0.07618608,-0.9189064,0,0.09551433,0.9945321,-0.04222496,0,-0.9170988,0.07142559,-0.3922094,0,21.08067,-4.654737,-21.98276,1,0.3870488,0.09551432,-0.9170988,0,-0.07618608,0.994532,0.07142559,0,-0.9189063,-0.04222496,-0.3922093,0,-28.71397,1.687559,11.04368,1,1,1,-0.03742277,-0.0929435,0.9949679,-0.002161919,-0.0003659516,-0.02234172,4.12,5
0,-25,1.621163,12.46096,-5.505339,-0.6961142,23.49946,-25,1.463638,12.75822,0.3870488,-0.07618608,-0.9189064,0,0.09551433,0.9945321,-0.04222496,0,-0.9170988,0.07142559,-0.3922094,0,21.08067,-4.654737,-21.98276,1,0.3870488,0.09551432,-0.9170988,0,-0.07618608,0.994532,0.07142559,0,-0.9189063,-0.04222496,-0.3922093,0,-28.71397,1.687559,11.04368,1,1,1,-0.03742277,-0.0929435,0.9949679,-0.002161919,-0.0003659516,-0.02234172,4.14,6
0,-25,1.619267,12.44215,-5.502333,-0.696523,23.49426,-25,1.46284,12.74762,0.3862399,-0.07570968,-0.9192861,0,0.09421002,0.9946519,-0.04233404,0,-0.9175747,0.07025485,-0.3913068,0,21.06447,-4.628348,-22.00319,1,0.3862398,0.09421001,-0.9175746,0,-0.07570966,0.9946519,0.07025485,0,-0.919286,-0.04233406,-0.3913068,0,-28.71357,1.687627,11.04338,1,1,1,-0.03608428,-0.09348527,0.9949666,-0.002146073,-0.0003871308,-0.02233298,4.18,7
0,-25,1.605808,12.41515,-5.495543,-0.6620905,23.48795,-25,1.458879,12.73209,0.3827282,-0.07358029,-0.9209263,0,0.09068774,0.9950013,-0.04180979,0,-0.9193992,0.06751493,-0.3874879,0,20.98846,-4.537309,-22.09293,1,0.3827281,0.09068774,-0.9193991,0,-0.07358028,0.9950014,0.06751494,0,-0.9209261,-0.0418098,-0.3874878,0,-28.71268,1.687532,11.04236,1,1,1,-0.03681051,-0.09401935,0.9948896,-0.002119332,-0.0004160004,-0.0222956,4.2,8
0,-25,1.608089,12.4285,-5.45927,-0.7662432,23.40988,-25,1.451982,12.7316,0.3808254,-0.07174421,-0.9218594,0,0.08746827,0.9953097,-0.04132687,0,-0.9205006,0.06489513,-0.3853146,0,20.95098,-4.456083,-22.1445,1,0.3808254,0.08746827,-0.9205005,0,-0.07174422,0.9953097,0.06489513,0,-0.9218594,-0.04132687,-0.3853145,0,-28.71248,1.687474,11.04197,1,1,1,-0.03895069,-0.09510502,0.9947049,-0.002092209,-0.0004165345,-0.02234679,4.24,9
0,-25,1.606469,12.43077,-5.500336,-0.8083682,23.47362,-25,1.447589,12.73926,0.3792256,-0.06965637,-0.9226787,0,0.08486143,0.9955782,-0.04028135,0,-0.9214047,0.06302411,-0.3834599,0,20.91919,-4.375808,-22.19015,1,0.3792256,0.08486142,-0.9214045,0,-0.06965637,0.9955782,0.0630241,0,-0.9226787,-0.04028135,-0.3834598,0,-28.71227,1.687378,11.04179,1,1,1,-0.04245465,-0.094845,0.9945863,-0.002080192,-0.0004122239,-0.02237571,4.28,10
0,-25,1.597606,12.41999,-5.504126,-0.8204102,23.47824,-25,1.442134,12.734,0.3779682,-0.06777244,-0.9233348,0,0.08327015,0.9957635,-0.03900195,0,-0.9220663,0.06214473,-0.3820103,0,20.89286,-4.312175,-22.22709,1,0.3779681,0.08327015,-0.9220662,0,-0.06777243,0.9957635,0.06214472,0,-0.9233346,-0.03900195,-0.3820103,0,-28.71212,1.687256,11.0416,1,1,1,-0.04277924,-0.09492771,0.9945646,-0.002065224,-0.0004109879,-0.02238538,4.3,11
0,-25,1.583156,12.40821,-5.476761,-0.8654563,23.42452,-25,1.431376,12.72255,0.3766631,-0.06621618,-0.9239807,0,0.08245888,0.9958791,-0.03775413,0,-0.922673,0.06196982,-0.3805711,0,20.86333,-4.265557,-22.26367,1,0.3766632,0.08245887,-0.922673,0,-0.06621618,0.9958791,0.06196982,0,-0.9239807,-0.03775413,-0.3805711,0,-28.7121,1.687067,11.04146,1,1,1,-0.0418814,-0.09643277,0.994458,-0.002033677,-0.0003838654,-0.02244448,4.32,12
0,-25,1.579668,12.4106,-5.499456,-0.8078941,23.47219,-25,1.433945,12.72834,0.3761715,-0.06564855,-0.9242215,0,0.0822401,0.9959155,-0.03726815,0,-0.9228931,0.06198884,-0.380034,0,20.85198,-4.249486,-22.2773,1,0.3761715,0.08224008,-0.922893,0,-0.06564855,0.9959155,0.06198885,0,-0.9242215,-0.03726815,-0.380034,0,-28.71205,1.687026,11.04144,1,1,1,-0.04364209,-0.09514161,0.9945067,-0.002024568,-0.0003802186,-0.02246356,4.34,13
0,-25,1.580574,12.42163,-5.48171,-0.8174996,23.44037,-25,1.433699,12.73099,0.3750821,-0.06534486,-0.9246857,0,0.08168337,0.995962,-0.03724837,0,-0.9233858,0.06156023,-0.3789051,0,20.82694,-4.236116,-22.30305,1,0.3750821,0.08168337,-0.9233858,0,-0.06534486,0.9959621,0.06156024,0,-0.9246855,-0.03724837,-0.3789051,0,-28.71193,1.687044,11.04134,1,1,1,-0.04541682,-0.09504444,0.9944364,-0.002014312,-0.0003755188,-0.02247153,4.36,14
0,-25,1.57173,12.44963,-5.431791,-0.7495106,23.36548,-25,1.434627,12.73794,0.3742759,-0.0652041,-0.9250222,0,0.08153529,0.9959754,-0.0372153,0,-0.9237259,0.06149316,-0.378086,0,20.80779,-4.231332,-22.32175,1,0.3742759,0.08153529,-0.9237259,0,-0.06520409,0.9959753,0.06149317,0,-0.9250221,-0.0372153,-0.3780861,0,-28.71186,1.687023,11.04135,1,1,1,-0.04779711,-0.09455086,0.994372,-0.001988541,-0.0003574753,-0.02250966,4.38,15
0,-25,1.555992,12.43942,-5.417253,-0.6598169,23.35443,-25,1.433759,12.73115,0.3734659,-0.06514203,-0.9253539,0,0.08188517,0.9959524,-0.0370637,0,-0.9240228,0.06193072,-0.3772884,0,20.78727,-4.234351,-22.3403,1,0.3734659,0.08188516,-0.9240227,0,-0.06514202,0.9959524,0.06193072,0,-0.9253538,-0.0370637,-0.3772884,0,-28.71185,1.687029,11.04141,1,1,1,-0.04718794,-0.09469426,0.9943874,-0.001976426,-0.0003468476,-0.02250948,4.4,16
0,-25,1.546815,12.45877,-5.412132,-0.6429516,23.34827,-25,1.430311,12.7406,0.3728541,-0.06505666,-0.9256065,0,0.08231922,0.9959249,-0.03683907,0,-0.9242312,0.06245961,-0.3766901,0,20.77129,-4.237647,-22.35408,1,0.3728541,0.08231922,-0.9242312,0,-0.06505666,0.9959249,0.06245961,0,-0.9256065,-0.03683907,-0.3766901,0,-28.71143,1.686999,11.04159,1,1,1,-0.05000153,-0.09499548,0.9942212,-0.00196965,-0.0003424988,-0.02249429,4.42,17
0,-25,1.546039,12.47774,-5.412912,-0.6572946,23.34739,-25,1.428695,12.75051,0.3726411,-0.06498636,-0.9256972,0,0.08220436,0.9959349,-0.0368257,0,-0.9243274,0.06237357,-0.3764685,0,20.7665,-4.234704,-22.35902,1,0.3726411,0.08220435,-0.9243273,0,-0.06498635,0.9959348,0.06237357,0,-0.9256972,-0.03682571,-0.3764684,0,-28.71133,1.687006,11.04171,1,1,1,-0.05242117,-0.09511783,0.9940848,-0.001960288,-0.0003399582,-0.02247077,4.44,18
0,-25,1.549838,12.50833,-5.405251,-0.6027933,23.34268,-25,1.434785,12.76589,0.3719536,-0.06455776,-0.9260038,0,0.08225614,0.9959465,-0.03639361,0,-0.9245997,0.06263275,-0.3757561,0,20.74984,-4.225239,-22.37631,1,0.3719535,0.08225612,-0.9245996,0,-0.06455775,0.9959464,0.06263275,0,-0.9260036,-0.0363936,-0.3757561,0,-28.71129,1.686955,11.0419,1,1,1,-0.05637178,-0.09277284,0.9940902,-0.001948152,-0.0003409043,-0.0224679,4.46,19
0,-25,1.506722,12.46211,-24.91851,1.26384,13.02641,-25,1.392143,12.71843,0.3714387,-0.06385634,-0.926259,0,0.08272313,0.9959405,-0.03548742,0,-0.9247649,0.06344163,-0.3752133,0,20.73605,-4.213984,-22.39088,1,0.3714387,0.08272312,-0.9247649,0,-0.06385634,0.9959404,0.06344164,0,-0.9262589,-0.03548742,-0.3752132,0,-28.71102,1.686931,11.04196,1,1,1,-0.0473334,-0.1032479,0.9935288,-0.001997857,-0.0003492585,-0.02272754,4.48,20
0,-25,1.344444,12.34973,-25,1.115233,12.83059,-25.44039,1.285473,12.40309,0.3707445,-0.06272438,-0.9266144,0,0.08330914,0.9959407,-0.03408468,0,-0.9249909,0.06455874,-0.374465,0,20.7177,-4.19361,-22.41143,1,0.3707445,0.08330914,-0.9249908,0,-0.06272437,0.9959406,0.06455874,0,-0.9266143,-0.03408468,-0.374465,0,-28.71077,1.686726,11.04212,1,1,1,-0.02161898,-0.1439062,0.9893552,-0.002283525,-0.0007054214,-0.02246246,4.5,21
0,-25,1.112598,12.28188,-25,0.8409075,12.67689,-25,0.9788427,12.47671,0.3700125,-0.0612602,-0.9270048,0,0.08361242,0.9959701,-0.03244393,0,-0.9252566,0.06550445,-0.3736435,0,20.6991,-4.161905,-22.43411,1,0.3700125,0.0836124,-0.9252566,0,-0.0612602,0.9959701,0.06550445,0,-0.9270049,-0.03244394,-0.3736435,0,-28.71041,1.68658,11.04225,1,1,1,-0.002748128,-0.2061024,0.9785266,-0.002362854,-0.0009527131,-0.02257607,4.52,22
0,-25,1.128041,12.28222,-25.44606,0.9448047,12.4948,-25,0.9889287,12.48244,0.3686917,-0.05967681,-0.9276342,0,0.08354886,0.9960254,-0.03086976,0,-0.9257894,0.06612134,-0.3722123,0,20.66721,-4.12313,-22.47012,1,0.3686917,0.08354884,-0.9257894,0,-0.05967681,0.9960254,0.06612135,0,-0.9276341,-0.03086977,-0.3722123,0,-28.70993,1.686373,11.04245,1,1,1,-0.005219964,-0.2018409,0.9794044,-0.002368828,-0.0009490433,-0.02257254,4.56,23
0,-25,1.121649,12.27903,-25.44534,0.9460273,12.49352,-25,0.9864645,12.47992,0.3678336,-0.05879521,-0.928031,0,0.08420604,0.9960049,-0.02972583,0,-0.9260712,0.06721165,-0.3713149,0,20.64461,-4.109684,-22.49305,1,0.3678336,0.08420603,-0.9260712,0,-0.05879519,0.9960049,0.06721166,0,-0.928031,-0.02972584,-0.371315,0,-28.70965,1.686241,11.04259,1,1,1,-0.005685806,-0.201298,0.9795136,-0.002366639,-0.0009433365,-0.02257199,4.58,24
0,-25,1.106225,12.27307,-25.63898,0.9949193,12.42305,-25,0.9822021,12.48464,0.3667876,-0.05765493,-0.9285164,0,0.08487572,0.9959891,-0.02831648,0,-0.9264248,0.06842236,-0.37021,0,20.6175,-4.090174,-22.52153,1,0.3667877,0.08487573,-0.9264249,0,-0.05765493,0.9959891,0.06842238,0,-0.9285163,-0.02831648,-0.37021,0,-28.70967,1.686113,11.04272,1,1,1,-0.008007942,-0.2006487,0.9796305,-0.002370598,-0.0009276734,-0.02257192,4.6,25
0,-25,1.102877,12.26643,-25.641,0.9921527,12.41658,-25,0.9785825,12.47796,0.3655698,-0.05670078,-0.9290553,0,0.08524895,0.9959872,-0.02724144,0,-0.9268719,0.06924234,-0.3689365,0,20.58686,-4.071826,-22.55257,1,0.3655697,0.08524893,-0.9268717,0,-0.05670076,0.9959871,0.06924233,0,-0.9290553,-0.02724145,-0.3689364,0,-28.70939,1.686114,11.04286,1,1,1,-0.007893703,-0.2005876,0.979644,-0.002368309,-0.000926506,-0.02257191,4.62,26
0,-25,1.103606,12.2624,-25.6428,0.9903424,12.41473,-25,0.9776514,12.47526,0.3651316,-0.05610827,-0.9292636,0,0.08511059,0.9960138,-0.02669645,0,-0.9270573,0.06934245,-0.3684515,0,20.57654,-4.055964,-22.56468,1,0.3651316,0.08511058,-0.9270572,0,-0.05610826,0.9960137,0.06934245,0,-0.9292636,-0.02669646,-0.3684515,0,-28.70925,1.686118,11.04289,1,1,1,-0.007746316,-0.2003363,0.9796966,-0.002365227,-0.000924736,-0.02257207,4.64,27
0,-25,1.103594,12.25758,-25.64489,0.9886658,12.41508,-25,0.9763955,12.47352,0.3640451,-0.05537745,-0.9297336,0,0.08522715,0.9960234,-0.02595443,0,-0.9274738,0.06978996,-0.3673171,0,20.54964,-4.039881,-22.59142,1,0.3640451,0.08522715,-0.9274737,0,-0.05537745,0.9960235,0.06978997,0,-0.9297335,-0.02595443,-0.3673171,0,-28.70872,1.686082,11.04298,1,1,1,-0.008565055,-0.1998818,0.9797825,-0.002362031,-0.0009232636,-0.02257224,4.66,28
0,-25,1.120071,12.25716,-25.63779,0.9950894,12.41817,-25,0.989517,12.47332,0.3630797,-0.05465703,-0.9301537,0,0.08555109,0.9960167,-0.02513289,0,-0.9278223,0.07045041,-0.3663095,0,20.5251,-4.02632,-22.61541,1,0.3630797,0.08555109,-0.9278222,0,-0.05465702,0.9960167,0.07045041,0,-0.9301534,-0.02513289,-0.3663094,0,-28.70811,1.685947,11.04306,1,1,1,-0.009343117,-0.1958785,0.9805837,-0.002355767,-0.0009148941,-0.02257268,4.68,29
0,-25,1.102281,12.24434,-25.6404,0.9924979,12.41567,-25,0.9786681,12.46589,0.3621168,-0.05342114,-0.9306007,0,0.08637878,0.9959837,-0.0235626,0,-0.9281219,0.07185175,-0.3652768,0,20.49934,-4.005988,-22.64194,1,0.3621167,0.0863788,-0.9281218,0,-0.05342112,0.9959838,0.07185175,0,-0.9306006,-0.0235626,-0.3652768,0,-28.70777,1.685688,11.04314,1,1,1,-0.009013264,-0.1970357,0.9803548,-0.002347016,-0.0009016114,-0.02257749,4.7,30
0,-25,1.105239,12.24008,-25,0.8380969,12.69305,-25,0.9740478,12.46293,0.3611034,-0.05079467,-0.9311414,0,0.086987,0.9959965,-0.02059839,0,-0.9284598,0.07355905,-0.3640762,0,20.47295,-3.94918,-22.67541,1,0.3611034,0.08698701,-0.9284599,0,-0.05079468,0.9959965,0.07355905,0,-0.9311414,-0.02059839,-0.3640762,0,-28.70746,1.685413,11.04323,1,1,1,-0.009590831,-0.1951881,0.9807189,-0.002339905,-0.0008870774,-0.02257793,4.72,31
0,-25,1.076956,12.2413,-25.44998,0.9248944,12.48901,-25,0.9515772,12.45905,0.3589224,-0.04377428,-0.9323404,0,0.08529348,0.9962584,-0.01393992,0,-0.9294621,0.07451919,-0.361313,0,20.4241,-3.758115,-22.75087,1,0.3589223,0.08529346,-0.9294621,0,-0.04377427,0.9962583,0.0745192,0,-0.9323403,-0.01393993,-0.361313,0,-28.70673,1.684866,11.04329,1,1,1,-0.01125843,-0.1938412,0.9809683,-0.002333931,-0.000882042,-0.02258149,4.76,32
0,-25,1.052655,12.22999,-25.54343,0.9243163,12.43772,-25.37099,1.001865,12.30679,0.3561743,-0.0367851,-0.9336953,0,0.08360084,0.9964721,-0.007367335,0,-0.9306723,0.07543364,-0.357993,0,20.36124,-3.56736,-22.83705,1,0.3561742,0.08360083,-0.9306722,0,-0.03678509,0.9964721,0.07543365,0,-0.9336951,-0.007367343,-0.3579929,0,-28.70622,1.68431,11.04324,1,0.9994307,0.9887877,-0.01170243,-0.1933997,0.9810502,-0.002331162,-0.000879921,-0.02258326,4.78,33
0,-25,0.9914274,11.9869,-25,0.6846813,12.31891,-25,0.8400846,12.15104,0.3527218,-0.02911642,-0.9352751,0,0.08266262,0.9965776,0.0001498312,0,-0.9320698,0.07736515,-0.3539214,0,20.279,-3.368052,-22.93959,1,0.3527218,0.08266262,-0.93207,0,-0.02911642,0.9965776,0.07736515,0,-0.9352752,0.000149838,-0.3539215,0,-28.70574,1.683647,11.0432,1,1,1,0.05216667,-0.2164918,0.9748897,-0.00287777,-0.001073883,-0.02265555,4.8,34
0,-2.071564,-4.472427,14.84335,-24.91851,0.5550396,11.91469,-2.415648,-5.213272,15.84081,0.3486494,-0.01952976,-0.9370498,0,0.08165123,0.9966146,0.009608898,0,-0.9336899,0.0798614,-0.3490637,0,20.1813,-3.119692,-23.05942,1,0.3486493,0.08165123,-0.9336898,0,-0.01952974,0.9966147,0.0798614,0,-0.9370496,0.009608892,-0.3490637,0,-28.70494,1.682879,11.04301,1,0.9910967,0.9634026,0.1493971,-0.2534947,0.9557306,-0.003472901,-0.00130645,-0.02281076,4.82,35
0,-1.704077,-5.06639,12.74581,-2.505796,-6.758424,14.53638,-2.10639,-5.915506,13.64429,0.3460637,-0.01399868,-0.9381066,0,0.08071771,0.9966255,0.01490452,0,-0.9347324,0.08087973,-0.3460259,0,20.11998,-2.971719,-23.13188,1,0.3460638,0.0807177,-0.9347323,0,-0.01399868,0.9966255,0.08087973,0,-0.9381065,0.01490451,-0.3460259,0,-28.70457,1.682421,11.04292,1,0.9883654,0.9352894,0.2216691,-0.2780984,0.9346251,-0.003953996,-0.001404244,-0.02295051,4.84,36
0,-1.672186,-5.632357,11.97079,-2.553766,-7.169198,14.29951,-2.113668,-6.401992,13.13696,0.339474,-0.0001772754,-0.9406155,0,0.07804462,0.9965572,0.02797898,0,-0.9373721,0.08290812,-0.3383191,0,19.96403,-2.596182,-23.31026,1,0.339474,0.07804462,-0.937372,0,-0.0001772613,0.9965572,0.0829081,0,-0.9406154,0.02797898,-0.3383191,0,-28.70372,1.681356,11.04266,1,0.9582235,0.8947175,0.2307673,-0.2827019,0.9310349,-0.003996758,-0.001399964,-0.02295895,4.86,37
0,-1.71752,-5.223855,12.63237,-2.56888,-7.428977,14.08001,-2.145763,-6.333141,13.36045,0.3316339,0.01462841,-0.9432947,0,0.07431194,0.9963679,0.04157729,0,-0.9404768,0.0838865,-0.3293424,0,19.77917,-2.180402,-23.50858,1,0.3316339,0.07431194,-0.9404768,0,0.01462841,0.9963681,0.0838865,0,-0.9432947,0.0415773,-0.3293424,0,-28.70307,1.680078,11.04238,1,0.9530082,0.90235,0.2166551,-0.2656211,0.939418,-0.003980492,-0.001329315,-0.02292121,4.88,38
0,-1.782982,-5.42079,12.71323,-2.543978,-7.021849,14.41845,-2.164722,-6.223973,13.56858,0.3273379,0.02171948,-0.9446577,0,0.07250027,0.9962113,0.04802721,0,-0.9421219,0.08420906,-0.324523,0,19.67677,-1.979596,-23.61143,1,0.3273379,0.07250027,-0.9421219,0,0.02171948,0.9962113,0.08420906,0,-0.9446577,0.04802721,-0.324523,0,-28.70268,1.679516,11.04216,1,0.9549315,0.9131079,0.2061892,-0.2545436,0.9448247,-0.003949364,-0.001226669,-0.02287522,4.9,39
0,-1.793737,-5.758389,12.3873,-2.519144,-6.949576,14.38506,-2.156939,-6.354805,13.38753,0.3181611,0.03561566,-0.9473674,0,0.06898807,0.995775,0.06060427,0,-0.9455233,0.08463898,-0.3143598,0,19.45619,-1.583749,-23.82185,1,0.3181611,0.06898807,-0.9455232,0,0.03561566,0.9957749,0.08463897,0,-0.9473674,0.06060426,-0.3143598,0,-28.70184,1.678519,11.04169,1,0.9520217,0.9158913,0.2038137,-0.246068,0.9475814,-0.003936738,-0.001180428,-0.02286237,4.92,40
0,-1.734268,-5.846371,12.01721,-2.576969,-7.101017,14.48152,-2.156012,-6.474286,13.25051,0.3074003,0.04961572,-0.9502859,0,0.06518231,0.9951962,0.07304585,0,-0.9493452,0.08439615,-0.3026896,0,19.19518,-1.177361,-24.05438,1,0.3074004,0.06518232,-0.9493452,0,0.04961573,0.9951963,0.08439615,0,-0.9502859,0.07304586,-0.3026896,0,-28.70073,1.677593,11.0412,1,0.9621554,0.9208407,0.1985422,-0.2370366,0.9509966,-0.003895386,-0.001067772,-0.02281646,4.94,41
0,-1.645878,-5.781285,11.68481,-2.594992,-7.497151,14.12379,-2.121662,-6.641462,12.90743,0.2947406,0.06397903,-0.9534332,0,0.06107551,0.9944548,0.08561239,0,-0.9536235,0.08346486,-0.2891986,0,18.88511,-0.7526177,-24.31372,1,0.2947406,0.06107552,-0.9536235,0,0.06397903,0.9944548,0.08346485,0,-0.953433,0.08561239,-0.2891986,0,-28.69956,1.676582,11.04061,1,0.9732323,0.9296156,0.1986527,-0.2296375,0.9527873,-0.003832566,-0.001008293,-0.02280007,4.96,42
0,-1.781958,-6.045062,12.01476,-2.574278,-7.492159,14.03451,-2.179209,-6.770626,13.02738,0.2803783,0.07899555,-0.9566335,0,0.05744035,0.9934412,0.0988701,0,-0.9581694,0.08267039,-0.2740018,0,18.52829,-0.3101249,-24.59466,1,0.2803783,0.05744034,-0.9581693,0,0.07899556,0.9934411,0.08267038,0,-0.9566336,0.0988701,-0.2740018,0,-28.69851,1.675497,11.03989,1,0.9830357,0.9457526,0.1808316,-0.2195362,0.958699,-0.003782242,-0.0009625398,-0.02276733,4.98,43
0,-1.833612,-6.201282,12.07767,-2.450867,-6.959304,14.06161,-2.142654,-6.580807,13.07096,0.2724183,0.0864857,-0.9582842,0,0.05578269,0.9928573,0.1054637,0,-0.9605606,0.08218591,-0.2656481,0,18.32851,-0.08832121,-24.74489,1,0.2724182,0.05578269,-0.9605604,0,0.08648571,0.9928573,0.08218589,0,-0.9582841,0.1054637,-0.265648,0,-28.69802,1.674964,11.03947,1,0.9830357,0.9457526,0.1729424,-0.2054169,0.963273,-0.003785804,-0.0009079438,-0.02274989,5,44
0,-1.778332,-6.301092,11.71362,-2.48081,-7.049891,14.09803,-2.130114,-6.676077,12.90767,0.2549728,0.1014177,-0.961615,0,0.05257924,0.9915589,0.1185172,0,-0.9655177,0.08077966,-0.2474881,0,17.88681,0.3588963,-25.06193,1,0.2549728,0.05257924,-0.9655175,0,0.1014177,0.9915589,0.08077963,0,-0.961615,0.1185172,-0.247488,0,-28.69698,1.673927,11.03851,1,0.9998705,0.9622601,0.1623101,-0.1945101,0.9673786,-0.003762917,-0.0008809358,-0.02273323,5.02,45
0,-1.974894,-8.365795,10.31904,-25.22507,0.1426364,11.25107,-25.37725,0.3185184,11.08032,0.2354563,0.1158299,-0.964958,0,0.04990369,0.990122,0.1310273,0,-0.9706029,0.07900618,-0.2273501,0,17.38615,0.7955184,-25.40036,1,0.2354563,0.04990371,-0.9706029,0,0.1158299,0.990122,0.07900617,0,-0.9649579,0.1310273,-0.2273501,0,-28.6961,1.672848,11.03742,1,0.97346,0.9379672,0.187437,-0.2638941,0.9461644,-0.003821785,-0.001323685,-0.02287827,5.04,46
0,-24.64273,0,10.75958,-25.5677,0.07328027,11.15638,-25.06653,0,10.9755,0.2137708,0.131631,-0.9679749,0,0.04712801,0.9883368,0.1448079,0,-0.9757464,0.07657443,-0.205074,0,16.82386,1.279749,-25.7551,1,0.2137707,0.04712801,-0.9757463,0,0.131631,0.9883368,0.07657442,0,-0.9679748,0.1448079,-0.205074,0,-28.6952,1.671844,11.03612,1,0.9551825,0.9090819,0.1891422,-0.2932047,0.9371532,-0.003817482,-0.001386131,-0.02290407,5.06,47
0,-24.91851,0.06111979,10.80328,-25.55868,0.1857167,11.20981,-24.97587,0,11.01928,0.18934,0.1481584,-0.9706696,0,0.04465715,0.9862287,0.1592441,0,-0.9808956,0.07349862,-0.1801162,0,16.18219,1.792699,-26.13112,1,0.18934,0.04465715,-0.9808955,0,0.1481584,0.9862286,0.07349861,0,-0.9706696,0.1592441,-0.1801162,0,-28.69422,1.670566,11.03464,1,0.9482926,0.934178,0.1581426,-0.267553,0.9504769,-0.003623185,-0.001260414,-0.02283139,5.08,48
0,-24.91851,0.06213117,10.6788,-25.58,0.07425626,11.09936,-25.12796,0,10.89837,0.1470157,0.1723803,-0.9739978,0,0.04243891,0.9826912,0.1803246,0,-0.9882234,0.06784597,-0.1371554,0,15.04944,2.557664,-26.73433,1,0.1470157,0.04243893,-0.9882233,0,0.1723802,0.9826912,0.06784593,0,-0.9739975,0.1803246,-0.1371554,0,-28.69257,1.668781,11.03192,1,0.9435858,0.9334987,0.1486646,-0.2609305,0.9538417,-0.003521615,-0.001178604,-0.02278665,5.12,49
0,-24.92274,0,10.62704,-25.4013,0.02694712,11.07486,-25.14473,0,10.86066,0.1160811,0.187966,-0.9752918,0,0.04179306,0.9801358,0.1938739,0,-0.9923602,0.06326552,-0.1059195,0,14.20646,3.060815,-27.13751,1,0.116081,0.04179306,-0.9923599,0,0.187966,0.9801358,0.0632655,0,-0.9752916,0.1938739,-0.1059195,0,-28.69141,1.667509,11.02989,1,0.94785,0.9537146,0.1301428,-0.2477524,0.9600425,-0.003438026,-0.001105736,-0.02274407,5.14,50
0,-24.88954,0.0842427,10.65278,-25.58245,0.1303444,11.10246,-25.02448,0,10.88562,0.08316261,0.203112,-0.9756175,0,0.04111882,0.9774756,0.2070039,0,-0.9956873,0.05733123,-0.07293767,0,13.29743,3.566538,-27.53157,1,0.08316258,0.04111884,-0.9956873,0,0.203112,0.9774757,0.05733123,0,-0.9756175,0.2070039,-0.0729377,0,-28.69053,1.666162,11.02752,1,0.9543903,0.9639881,0.0940039,-0.2199615,0.9709687,-0.003198044,-0.000970398,-0.02268607,5.16,51
0,-25.02536,0,10.39751,-25.30703,0,10.86939,-25.17082,0,10.64063,0.04693788,0.2187186,-0.9746585,0,0.04011848,0.9745338,0.2206227,0,-0.9980919,0.04945741,-0.03696793,0,12.28355,4.107109,-27.92231,1,0.04693792,0.0401185,-0.9980918,0,0.2187185,0.9745338,0.04945737,0,-0.9746583,0.2206226,-0.03696789,0,-28.68958,1.66498,11.02475,1,0.9543903,0.9639881,0.1233493,-0.2213896,0.9673529,-0.003491547,-0.001038376,-0.02273269,5.18,52
0,-26.76719,0.7738335,10.4694,-25.43151,0,10.4182,-25.26905,0,10.22391,0.02851343,0.2257605,-0.9737655,0,0.04012602,0.9731178,0.2267854,0,-0.9987878,0.04553978,-0.01868808,0,11.76123,4.355251,-28.10793,1,0.02851346,0.04012603,-0.9987877,0,0.2257606,0.9731179,0.04553976,0,-0.9737654,0.2267853,-0.01868806,0,-28.68913,1.664363,11.02335,1,0.9648952,0.958745,0.2131715,-0.2258548,0.9505512,-0.004082565,-0.001040955,-0.02283709,5.2,53
0,-26.80695,0.8185359,10.15826,-25.53854,0,9.99815,-25.27912,0,9.697783,-0.01050854,0.2388274,-0.9710052,0,0.03986175,0.970387,0.2382439,0,-0.9991499,0.03620236,0.01971745,0,10.64319,4.838533,-28.47007,1,-0.01050857,0.03986175,-0.9991499,0,0.2388274,0.970387,0.03620237,0,-0.9710052,0.2382439,0.01971743,0,-28.68831,1.663315,11.02033,1,0.9492667,0.9363981,0.3029429,-0.2096238,0.9296685,-0.004520255,-0.0009020921,-0.02294395,5.22,54
0,-26.67552,0.8500708,9.792929,-25.36785,0,9.522591,-26.80695,0.8103479,10.02538,-0.0520463,0.2503313,-0.9667603,0,0.03975702,0.9678243,0.2484665,0,-0.9978531,0.02550375,0.06032407,0,9.434133,5.291765,-28.81183,1,-0.05204627,0.03975702,-0.9978529,0,0.2503313,0.9678242,0.02550374,0,-0.9667603,0.2484665,0.06032409,0,-28.68781,1.662202,11.01696,1,0.9264357,0.9037918,0.3728988,-0.1634704,0.9133586,-0.004932746,-0.0007375717,-0.02306869,5.24,55
0,-26.64907,0.8500708,9.806497,-26.76719,0.7788946,10.19948,-26.79582,0.8500708,10.05161,-0.09624147,0.2600223,-0.9607945,0,0.03865629,0.9655234,0.25743,0,-0.9946072,0.01236532,0.1029749,0,8.128807,5.719172,-29.12473,1,-0.09624146,0.03865629,-0.994607,0,0.2600223,0.9655234,0.01236531,0,-0.9607944,0.25743,0.1029749,0,-28.68766,1.661355,11.01337,1,0.9108326,0.9221695,0.3258523,-0.1318857,0.9361765,-0.004683427,-0.0006138076,-0.02293961,5.26,56
0,-26.79017,0.8500708,9.819336,-25.12161,0,9.461017,-26.80695,0.819293,10.01967,-0.1431999,0.2680432,-0.952705,0,0.0370464,0.963403,0.2654847,0,-0.9890003,-0.002723083,0.1478893,0,6.718933,6.119792,-29.39998,1,-0.1431999,0.03704641,-0.9890001,0,0.2680432,0.9634031,-0.002723091,0,-0.9527049,0.2654847,0.1478893,0,-28.68772,1.660506,11.00963,1,0.9185715,0.9217731,0.295875,-0.1312595,0.9461653,-0.004509308,-0.0005640946,-0.0228667,5.28,57
0,-26.69812,0.8500708,9.775845,-25.11046,0,9.449,-26.80695,0.8391137,10.02315,-0.1666397,0.271947,-0.9477743,0,0.03651264,0.9622567,0.2696828,0,-0.9853417,-0.0103341,0.1702796,0,6.005192,6.317866,-29.51162,1,-0.1666396,0.03651263,-0.9853415,0,0.271947,0.9622567,-0.01033412,0,-0.9477742,0.2696828,0.1702796,0,-28.68777,1.660101,11.00768,1,0.9575033,0.9424363,0.2745003,-0.1164901,0.954505,-0.004389901,-0.0005256424,-0.022816,5.3,58
0,-26.77308,0.8500708,9.789791,-25.23474,0,9.411682,-26.80695,0.8082954,9.982134,-0.2147727,0.2792224,-0.9358994,0,0.03622621,0.9598793,0.2780635,0,-0.9759921,-0.02581631,0.216271,0,4.517846,6.701868,-29.69041,1,-0.2147727,0.03622626,-0.975992,0,0.2792225,0.9598795,-0.02581635,0,-0.9358993,0.2780635,0.216271,0,-28.68823,1.659168,11.00357,1,0.9648715,0.9862346,0.2434098,-0.113732,0.9632325,-0.004242134,-0.0004734574,-0.02275381,5.32,59
0,-26.66404,0.8500708,9.856559,-25.16969,0,9.449794,-26.80695,0.8380893,10.06107,-0.2641846,0.285329,-0.9213003,0,0.03647251,0.9575099,0.2860847,0,-0.9637824,-0.04197702,0.2633661,0,2.961211,7.059625,-29.80241,1,-0.2641846,0.03647253,-0.9637821,0,0.2853289,0.9575099,-0.04197702,0,-0.9212999,0.2860847,0.263366,0,-28.68897,1.658349,10.99924,1,1,1,0.1670602,-0.09150264,0.9816915,-0.003823699,-0.0004033814,-0.02262144,5.34,60
0,-26.80695,0.8162909,9.825788,-26.80695,0.8312316,10.14888,-26.80695,0.8239138,9.9904,-0.3164128,0.2887273,-0.9036149,0,0.03603107,0.955526,0.2926975,0,-0.9479373,-0.060055,0.3127439,0,1.284621,7.359843,-29.84838,1,-0.3164127,0.0360311,-0.9479368,0,0.2887273,0.9555261,-0.06005502,0,-0.9036145,0.2926974,0.3127437,0,-28.68994,1.657736,10.99463,1,1,1,0.1424928,-0.08314025,0.9862979,-0.003590668,-0.0003965072,-0.02239262,5.36,61
0,-26.71035,0.8500708,9.865473,-26.80695,0.8281673,10.13445,-26.78751,0.8500708,10.01763,-0.3699117,0.2906393,-0.8824367,0,0.03486905,0.9534833,0.2994223,0,-0.9284125,-0.07999005,0.362839,0,-0.4678717,7.637973,-29.80202,1,-0.3699116,0.03486908,-0.9284122,0,0.2906392,0.9534833,-0.07999006,0,-0.8824364,0.2994223,0.3628388,0,-28.69135,1.657023,10.98991,1,1,1,0.07519422,-0.05973456,0.9953781,-0.003162788,-0.0005220643,-0.02161626,5.38,62
0,-27.54099,1.050857,9.864126,-26.05756,0.1669942,8.933528,-26.07467,0.2320091,8.725404,-0.4500978,0.2909553,-0.8442496,0,0.03219314,0.9501024,0.3102724,0,-0.892399,-0.1124738,0.4370059,0,-3.167676,8.010855,-29.53829,1,-0.4500977,0.03219317,-0.8923987,0,0.2909552,0.9501024,-0.1124738,0,-0.8442491,0.3102723,0.4370056,0,-28.69424,1.655757,10.98258,1,1,1,0.2109102,-0.08932622,0.9734155,-0.004095138,-0.0005876618,-0.02252159,5.42,63
0,-26.98703,0.6023414,8.978915,-27.54565,0.9090967,9.887117,-27.50555,0.8999986,9.712696,-0.5024816,0.289345,-0.8147343,0,0.03031491,0.947655,0.317854,0,-0.8640565,-0.1350171,0.4849507,0,-4.984311,8.217256,-29.2298,1,-0.5024815,0.03031494,-0.8640562,0,0.2893449,0.9476549,-0.1350171,0,-0.8147341,0.3178539,0.4849505,0,-28.69666,1.654783,10.97775,1,0.9964988,0.9863921,0.2483009,-0.1038754,0.9630974,-0.004356285,-0.0006775055,-0.02260616,5.44,64
0,-26.90794,0,7.647979,-26.9532,0,8.402426,-26.93281,0,8.047139,-0.5531676,0.2864063,-0.7822898,0,0.02884068,0.9450653,0.3256069,0,-0.8325707,-0.1575534,0.5310397,0,-6.787366,8.385479,-28.81675,1,-0.5531675,0.02884071,-0.8325706,0,0.2864062,0.9450653,-0.1575534,0,-0.7822895,0.3256069,0.5310395,0,-28.69924,1.653857,10.97303,1,0.9723705,0.9613955,0.3707903,-0.1558204,0.9155515,-0.005095208,-0.0009277344,-0.02291277,5.46,65
0,-27.19889,0,7.535433,-27.25119,0,8.369853,-27.22819,0,7.982574,-0.6010461,0.2807412,-0.7482834,0,0.02794851,0.9430842,0.3313775,0,-0.7987256,-0.1782597,0.5746834,0,-8.536613,8.454047,-28.32855,1,-0.601046,0.02794852,-0.7987255,0,0.2807412,0.9430842,-0.1782597,0,-0.7482834,0.3313774,0.5746832,0,-28.70208,1.653151,10.96855,1,0.9723705,0.9613955,0.3898083,-0.1636493,0.9062386,-0.005110283,-0.0008997116,-0.0229304,5.48,66
0,-27.08042,0,7.484466,-27.1243,0,8.335083,-27.10522,0,7.940161,-0.623438,0.2774976,-0.7309721,0,0.02806502,0.9422387,0.3337641,0,-0.781369,-0.1875665,0.5952154,0,-9.372529,8.46469,-28.06052,1,-0.6234381,0.028065,-0.7813689,0,0.2774976,0.9422387,-0.1875665,0,-0.7309721,0.3337641,0.5952154,0,-28.70358,1.652875,10.96634,1,0.9557384,0.9317741,0.3469493,-0.1426677,0.9269693,-0.004773904,-0.0007984161,-0.02278511,5.5,67
0,-27.15426,0,7.646532,-27.11568,0,8.323722,-27.13483,0,8.003021,-0.6653174,0.271107,-0.695596,0,0.02870794,0.9403355,0.3390354,0,-0.7460086,-0.205597,0.6334046,0,-10.96848,8.482679,-27.47158,1,-0.6653173,0.02870799,-0.7460083,0,0.271107,0.9403356,-0.205597,0,-0.6955959,0.3390354,0.6334044,0,-28.70636,1.652155,10.96205,1,0.9653643,0.9435747,0.2977299,-0.1379485,0.9446307,-0.004494919,-0.0007073135,-0.0226657,5.52,68
0,-27.21331,0,7.517968,-27.07764,0,8.291333,-27.14252,0,7.926013,-0.7031986,0.2652591,-0.6596587,0,0.02984735,0.9379938,0.3453647,0,-0.7103669,-0.2231708,0.6675133,0,-12.45322,8.512065,-26.82322,1,-0.7031985,0.02984741,-0.7103667,0,0.265259,0.9379938,-0.2231708,0,-0.6596586,0.3453646,0.667513,0,-28.70915,1.65122,10.95813,1,0.993451,0.9925467,0.2640632,-0.1195383,0.9570691,-0.004157753,-0.0006714477,-0.02257942,5.54,69
0,-27.04422,0,7.5572,-27.02288,0,8.282954,-27.0341,0,7.942521,-0.7371759,0.2593374,-0.623952,0,0.03167471,0.935662,0.351473,0,-0.6749583,-0.2393339,0.697962,0,-13.82413,8.52357,-26.14074,1,-0.7371757,0.03167474,-0.6749581,0,0.2593373,0.9356621,-0.2393339,0,-0.6239518,0.351473,0.6979617,0,-28.71186,1.65046,10.95451,1,1,1,0.1944387,-0.1008305,0.9757186,-0.003732263,-0.0006042786,-0.02245742,5.56,70
0,-27.19583,0,7.676365,-27.0171,0,8.291486,-27.10321,0,7.99719,-0.7674394,0.2531053,-0.5890455,0,0.03357716,0.93338,0.3573154,0,-0.6402417,-0.2544394,0.7248112,0,-15.08096,8.514533,-25.44131,1,-0.7674394,0.03357714,-0.6402417,0,0.2531053,0.9333801,-0.2544394,0,-0.5890454,0.3573154,0.7248111,0,-28.71488,1.649649,10.95111,1,1,1,0.159793,-0.1007095,0.9819999,-0.003442291,-0.0005597992,-0.02229409,5.58,71
0,-27.00143,0,7.636599,-27.00983,0,8.24661,-27.0071,0,7.95854,-0.781513,0.2502848,-0.5714852,0,0.03478265,0.9320586,0.3606341,0,-0.6229189,-0.2619624,0.7371215,0,-15.67875,8.518453,-25.07675,1,-0.7815126,0.03478263,-0.6229188,0,0.2502848,0.9320586,-0.2619624,0,-0.571485,0.3606341,0.7371212,0,-28.71617,1.649182,10.94953,1,1,1,0.1232148,-0.08467855,0.9887606,-0.003186248,-0.0005742187,-0.02199705,5.6,72
0,-27.05902,0,7.675526,-27.03332,0,8.399019,-27.04679,0,8.062018,-0.8069527,0.2450132,-0.5373976,0,0.03654745,0.9288641,0.3686133,0,-0.5894845,-0.2778129,0.758504,0,-16.78224,8.546564,-24.34389,1,-0.8069525,0.03654747,-0.5894843,0,0.2450131,0.9288641,-0.2778129,0,-0.5373974,0.3686132,0.7585038,0,-28.71884,1.64823,10.94641,1,1,1,0.07849936,-0.08544228,0.993246,-0.002950928,-0.0002561951,-0.02287239,5.62,73
0,-27.24596,0,7.660922,-27.23388,0,8.182016,-27.24079,0,7.934338,-0.8296769,0.2396015,-0.5042101,0,0.03852791,0.92563,0.3764634,0,-0.5569132,-0.2929167,0.7772051,0,-17.79849,8.562672,-23.60765,1,-0.8296766,0.03852787,-0.556913,0,0.2396014,0.9256299,-0.2929167,0,-0.5042099,0.3764633,0.7772049,0,-28.72183,1.647288,10.94392,1,1,1,0.1029262,-0.07655997,0.9917383,-0.003085443,-0.000569191,-0.02203689,5.64,74
0,-27.77049,0,7.29307,-27.64551,0,7.952053,-27.70555,0,7.641837,-0.8498006,0.2326261,-0.4729948,0,0.04037807,0.9234385,0.3816163,0,-0.5255555,-0.3051991,0.7941315,0,-18.72588,8.500627,-22.90376,1,-0.8498006,0.04037808,-0.5255555,0,0.2326261,0.9234385,-0.3051991,0,-0.4729948,0.3816163,0.7941316,0,-28.72409,1.646759,10.9415,1,1,1,0.2094002,-0.07178667,0.9751914,-0.00377675,-0.0004139023,-0.02248689,5.66,75
0,-28.5288,0.744597,8.519321,-28.15268,0,7.57304,-28.24081,0,7.104006,-0.8677287,0.2247481,-0.4433233,0,0.0418397,0.9217923,0.3854198,0,-0.4952743,-0.3158913,0.8092691,0,-19.57741,8.393972,-22.22212,1,-0.8677284,0.04183971,-0.4952742,0,0.224748,0.9217924,-0.3158912,0,-0.4433231,0.3854198,0.8092688,0,-28.72598,1.646457,10.93906,1,1,1,0.3347369,-0.04660443,0.9411585,-0.004597329,-0.0003066101,-0.0227231,5.68,76
0,-28.58529,0.7327919,8.519321,-28.16721,0,7.56677,-28.45619,0.6025684,8.519321,-0.8913425,0.2126127,-0.4003806,0,0.04425969,0.9197923,0.3899015,0,-0.451165,-0.329815,0.8292601,0,-20.74609,8.201074,-21.2135,1,-0.8913423,0.04425969,-0.4511649,0,0.2126127,0.9197924,-0.329815,0,-0.4003805,0.3899015,0.8292599,0,-28.72899,1.646106,10.93644,1,1,1,0.3017147,-0.03908856,0.9525966,-0.004320029,-0.0002797776,-0.02263445,5.72,77
0,-28.60445,0.6836984,8.519321,-28.172,0,7.630298,-28.46414,0.5660394,8.519321,-0.9046596,0.2045836,-0.3738135,0,0.04593977,0.9189283,0.3917402,0,-0.4236514,-0.3372186,0.8407159,0,-21.43431,8.052828,-20.57818,1,-0.9046596,0.04593976,-0.4236514,0,0.2045836,0.9189282,-0.3372186,0,-0.3738135,0.3917402,0.8407158,0,-28.73063,1.646016,10.93529,1,1,1,0.2747236,-0.04583067,0.9604303,-0.004128784,-0.0002492141,-0.02256505,5.74,78
0,-28.56907,0.691301,8.519321,-28.11289,0,7.566868,-28.2622,0,7.202214,-0.9164138,0.196583,-0.348627,0,0.04747359,0.9183036,0.39302,0,-0.3974065,-0.3436184,0.8508786,0,-22.06319,7.893855,-19.96751,1,-0.9164139,0.04747358,-0.3974065,0,0.196583,0.9183036,-0.3436184,0,-0.3486271,0.3930201,0.8508787,0,-28.73203,1.646096,10.93435,1,1,1,0.2369836,-0.03309018,0.9709499,-0.003982369,-0.0002024841,-0.02251151,5.76,79
0,-28.54171,0.6880007,8.519321,-28.12793,0,7.612387,-28.24783,0,7.235901,-0.9266155,0.1892126,-0.3249349,0,0.04889812,0.917463,0.3948045,0,-0.3728177,-0.3499432,0.8593876,0,-22.62884,7.752957,-19.38264,1,-0.9266152,0.04889813,-0.3728176,0,0.1892125,0.917463,-0.3499432,0,-0.3249348,0.3948045,0.8593873,0,-28.73328,1.645808,10.93385,1,1,1,0.2078597,-0.03021238,0.9776919,-0.003725204,-0.0001916047,-0.02240521,5.78,80
0,-28.56515,0.6744153,8.519321,-28.05304,0,7.7573,-28.2262,0,7.343185,-0.9381921,0.1848809,-0.2926003,0,0.05461601,0.9138715,0.4023134,0,-0.3417791,-0.3614665,0.8674845,0,-23.31165,7.761867,-18.55459,1,-0.9381917,0.05461603,-0.341779,0,0.1848808,0.9138715,-0.3614665,0,-0.2926002,0.4023133,0.8674842,0,-28.7349,1.644599,10.93403,1,1,1,0.1656887,-0.02767251,0.9857898,-0.003418496,-9.869382E-05,-0.02278385,5.82,81
0,-28.48391,0.6604346,8.519321,-28.12183,0,7.584079,-28.20489,0,7.268324,-0.943529,0.1859534,-0.2741795,0,0.06038491,0.9102798,0.4095662,0,-0.3257403,-0.3698812,0.8701042,0,-23.6504,7.891827,-18.06623,1,-0.943529,0.06038496,-0.3257402,0,0.1859533,0.9102798,-0.3698812,0,-0.2741795,0.4095661,0.870104,0,-28.73574,1.643675,10.93465,1,1,1,0.146633,-0.01001668,0.9891403,-0.003303161,-0.0005716476,-0.02143292,5.84,82
0,-28.46005,0.6716782,8.519321,-28.06644,0,7.584401,-28.15362,0,7.247806,-0.9478378,0.1858083,-0.2589959,0,0.06435391,0.9073449,0.415432,0,-0.3121893,-0.3770947,0.8719734,0,-23.92893,7.972537,-17.66031,1,-0.9478377,0.06435391,-0.3121893,0,0.1858083,0.9073449,-0.3770947,0,-0.2589959,0.415432,0.8719732,0,-28.73605,1.642736,10.93536,1,1,1,0.1210822,0.00211837,0.9926402,-0.003031509,-0.0004356995,-0.02144554,5.86,83
0,-28.48355,0.6570255,8.519321,-28.06261,0,7.675405,-28.17285,0,7.324872,-0.9515827,0.1843631,-0.2459696,0,0.06648457,0.904677,0.4208793,0,-0.3001176,-0.3841482,0.8731322,0,-24.17165,8.013802,-17.30792,1,-0.9515822,0.06648457,-0.3001176,0,0.1843631,0.9046771,-0.3841481,0,-0.2459695,0.4208792,0.8731319,0,-28.73599,1.641684,10.93625,1,1,1,0.1096474,0.001534412,0.9939693,-0.002931,-0.0002499467,-0.02181401,5.88,84
0,-28.22698,0,6.885472,-28.00551,0,7.627761,-28.11009,0,7.282657,-0.9532328,0.1834963,-0.2401592,0,0.06697313,0.903093,0.4241906,0,-0.2947235,-0.3882681,0.8731471,0,-24.27856,8.037294,-17.14669,1,-0.9532326,0.06697315,-0.2947235,0,0.1834963,0.903093,-0.3882682,0,-0.2401592,0.4241906,0.8731471,0,-28.73587,1.641051,10.93674,1,1,1,0.09160385,0.01271369,0.9957144,-0.002867059,-0.0002510682,-0.02175626,5.9,85
0,-28.54316,0.5340894,8.519321,-28.2454,0,7.85239,-28.33745,0,7.617588,-0.9561719,0.1826738,-0.2288358,0,0.06853019,0.899435,0.4316484,0,-0.2846738,-0.3970478,0.8725331,0,-24.4746,8.11758,-16.82708,1,-0.9561717,0.06853019,-0.2846737,0,0.1826738,0.899435,-0.3970478,0,-0.2288358,0.4316483,0.872533,0,-28.73542,1.639394,10.93797,1,1,1,0.1216036,-0.02214949,0.9923316,-0.003241836,-0.0004942322,-0.02196726,5.92,86
0,-29.04635,0.4000068,8.819018,-28.73128,1.180083,10.28676,-28.95715,0,8.349067,-0.9589905,0.181047,-0.2180814,0,0.06899869,0.8953843,0.4399162,0,-0.2749121,-0.406828,0.8711569,0,-24.6619,8.186623,-16.51682,1,-0.9589903,0.0689987,-0.2749121,0,0.181047,0.8953843,-0.406828,0,-0.2180814,0.4399162,0.8711569,0,-28.7347,1.637482,10.93943,1,1,1,0.2638132,-0.1458986,0.9534758,-0.003978287,-0.001089493,-0.02236683,5.94,87
0,-29.17071,0.1581791,8.71369,-28.75388,1.179788,10.39963,-29.00496,0.1681242,8.948898,-0.9620196,0.1778976,-0.2070527,0,0.06797001,0.8907024,0.4494767,0,-0.2643832,-0.418332,0.8689649,0,-24.86111,8.231878,-16.19186,1,-0.9620195,0.06797,-0.2643832,0,0.1778976,0.8907025,-0.418332,0,-0.2070527,0.4494767,0.8689648,0,-28.73388,1.635518,10.94095,1,1,1,0.2755335,-0.2073269,0.9386677,-0.00412204,-0.001318573,-0.02245512,5.96,88
0,-29.19469,0,8.569232,-28.75081,1.179099,10.42281,-28.9965,0.1501566,9.002027,-0.9656388,0.173196,-0.1937653,0,0.06654492,0.885493,0.4598629,0,-0.2512242,-0.4311673,0.8665918,0,-25.10537,8.24789,-15.80146,1,-0.9656388,0.06654493,-0.2512242,0,0.1731959,0.8854931,-0.4311672,0,-0.1937653,0.4598628,0.8665916,0,-28.73299,1.633692,10.94256,1,0.9931543,0.9826597,0.2611643,-0.210311,0.9421054,-0.004116127,-0.001295349,-0.02242925,5.98,89
0,-29.1928,0,8.539026,-28.74827,1.179064,10.41951,-28.99127,0.1545844,8.988254,-0.9676708,0.1697362,-0.186555,0,0.06528098,0.883012,0.4647883,0,-0.2436217,-0.4375836,0.8655455,0,-25.24416,8.223845,-15.59113,1,-0.967671,0.06528099,-0.2436217,0,0.1697362,0.883012,-0.4375836,0,-0.186555,0.4647883,0.8655455,0,-28.73252,1.632786,10.94343,1,0.9931543,0.9826597,0.255093,-0.1980126,0.9464241,-0.00413138,-0.001237366,-0.02240656,6,90
0,-29.15599,0.1372258,8.728469,-28.735,1.165432,10.37613,-28.99548,0,8.720044,-0.9716748,0.1625104,-0.1715776,0,0.06337835,0.8786311,0.4732764,0,-0.2276658,-0.4489963,0.8640434,0,-25.5294,8.150548,-15.15864,1,-0.9716744,0.06337836,-0.2276656,0,0.1625104,0.8786312,-0.4489963,0,-0.1715775,0.4732763,0.864043,0,-28.7317,1.630912,10.94512,1,1,1,0.2375602,-0.1702794,0.9563316,-0.004108589,-0.001111832,-0.02235593,6.02,91
0,-29.17415,0,8.564116,-28.73735,1.173147,10.39671,-28.99429,0,8.755797,-0.9756581,0.1555841,-0.1545472,0,0.06303497,0.8739634,0.4818865,0,-0.2100425,-0.4604146,0.8624967,0,-25.83483,8.085867,-14.66691,1,-0.9756582,0.06303498,-0.2100425,0,0.1555841,0.8739634,-0.4604146,0,-0.1545473,0.4818864,0.8624967,0,-28.73073,1.629531,10.9466,1,1,1,0.2237266,-0.1647044,0.9606346,-0.004069031,-0.001029442,-0.02232119,6.04,92
