flag,xl,yl,zl,xr,yr,zr,xc,yc,zc,mat_00,mat_10,mat_20,mat_30,mat_01,mat_11,mat_21,mat_31,mat_02,mat_12,mat_22,mat_32,mat_03,mat_13,mat_23,mat_33,ctw_00,ctw_10,ctw_20,ctw_30,ctw_01,ctw_11,ctw_21,ctw_31,ctw_02,ctw_12,ctw_22,ctw_32,ctw_03,ctw_13,ctw_23,ctw_33,opennessl,opennessr,ray_x,ray_y,ray_z,eye_x,eye_y,eye_z,time,frame
0,-1.550924,-6.019866,4.8598,-0.9183102,-3.835082,7.540692,-1.161242,-4.940905,6.192613,-0.1491805,0.1524284,-0.9769908,0,0.1140146,0.9841084,0.1361296,0,-0.9822149,0.09108334,0.164189,0,6.214037,1.742362,-30.0621,1,-0.1491806,0.1140146,-0.9822146,0,0.1524284,0.9841084,0.09108333,0,-0.9769905,0.1361296,0.1641888,0,-28.70895,1.669175,10.88068,1,0,0,-0.008940961,-0.09513162,0.9954245,-0.001561973,0.001321663,-0.02745783,4.08,1
0,-0.8841534,-2.757398,7.037766,-0.6436214,-0.279992,9.832292,-0.6499348,-1.529136,8.427876,-0.08381653,0.02141586,-0.9962512,0,0.09045854,0.9958047,0.01379582,0,-0.992367,0.0889631,0.08540213,0,8.244224,-2.026065,-29.5616,1,-0.08381651,0.09045855,-0.9923669,0,0.02141587,0.9958048,0.0889631,0,-0.996251,0.01379581,0.08540212,0,-28.71638,1.679631,10.88616,1,0,0,-0.007103054,-0.09915121,0.995047,-0.001561401,0.001321358,-0.02745748,4.1,2
0,-0.842001,-2.239003,7.054453,-0.6825352,-0.7383455,9.843498,-0.6460648,-1.499328,8.443353,-0.08438694,0.02138351,-0.9962036,0,0.0900232,0.9958447,0.01375008,0,-0.9923581,0.08852111,0.08596134,0,8.228415,-2.022386,-29.56631,1,-0.08438698,0.0900232,-0.9923581,0,0.02138352,0.9958447,0.08852112,0,-0.9962035,0.01375007,0.08596131,0,-28.71645,1.679773,10.88612,1,1,1,-0.008079255,-0.09806035,0.9951477,-0.001566078,0.001334564,-0.02746942,4.12,3
0,-0.628828,1.291723,8.453602,-0.628828,1.291723,8.453602,-0.628828,1.291723,8.453602,-0.0847013,0.02140088,-0.9961767,0,0.08973588,0.9958705,0.0137644,0,-0.9923576,0.08822692,0.08627188,0,8.21982,-2.018767,-29.56888,1,-0.08470122,0.08973587,-0.9923573,0,0.02140088,0.9958705,0.08822691,0,-0.9961765,0.01376438,0.08627193,0,-28.71639,1.679815,10.88607,1,1,1,0,0,1,0,0,0,4.16,4
0,-26.37882,0,10.40027,-0.629755,1.299918,8.450721,-26.44612,0.8500708,10.55153,-0.0848285,0.02112701,-0.9961717,0,0.0898306,0.9958659,0.01347106,0,-0.9923381,0.08834396,0.08637571,0,8.215779,-2.02781,-29.56947,1,-0.08482852,0.0898306,-0.9923379,0,0.02112702,0.9958659,0.08834396,0,-0.9961713,0.01347104,0.08637564,0,-28.71648,1.67973,10.88606,1,0.7035056,0.8571877,0.02076717,-0.3290824,0.9440728,0.01389961,-0.0006318894,-0.01391303,4.18,5
0,-26.43318,0,10.49524,-0.6296997,1.293769,8.446448,-26.50094,0.8500708,10.59988,-0.08496273,0.02134349,-0.9961556,0,0.08967315,0.9958771,0.01368926,0,-0.9923407,0.08816533,0.08652639,0,8.21224,-2.01968,-29.57122,1,-0.08496273,0.08967315,-0.9923407,0,0.0213435,0.9958771,0.08816533,0,-0.9961554,0.01368925,0.08652637,0,-28.71669,1.679743,10.8861,1,0,0.1890686,0.003169527,-0.3354445,0.9420547,0.01377767,-0.0005032044,-0.01370731,4.2,6
0,-0.6288815,1.284305,8.447246,-0.6288815,1.284305,8.447246,-0.6288815,1.284305,8.447246,-0.08489668,0.02170248,-0.9961534,0,0.09004635,0.9958389,0.01402147,0,-0.9923126,0.0885096,0.08649766,0,8.213275,-2.012975,-29.57171,1,-0.08489669,0.09004635,-0.9923125,0,0.02170248,0.9958389,0.08850959,0,-0.9961534,0.01402147,0.08649763,0,-28.71699,1.679662,10.88619,1,0,0.05059874,0,0,1,0,0,0,4.22,7
0,-0.6282501,1.278256,8.448839,-0.6282501,1.278256,8.448839,-0.6282501,1.278256,8.448839,-0.08481681,0.02192385,-0.9961554,0,0.09022108,0.99582,0.01423468,0,-0.9923037,0.08866688,0.08644021,0,8.215201,-2.008272,-29.57159,1,-0.08481672,0.09022108,-0.9923034,0,0.02192385,0.99582,0.08866686,0,-0.9961552,0.01423467,0.08644026,0,-28.71708,1.679635,10.88621,1,0,0.06303983,0,0,1,0,0,0,4.24,8
0,-0.6275883,1.263726,8.444063,-0.6275883,1.263726,8.444063,-0.6275883,1.263726,8.444063,-0.08492291,0.02249614,-0.9961337,0,0.09076285,0.9957633,0.01475003,0,-0.9922452,0.08915931,0.08660495,0,8.210585,-1.997122,-29.57375,1,-0.0849229,0.09076284,-0.9922449,0,0.02249615,0.9957633,0.08915929,0,-0.9961334,0.01475002,0.08660491,0,-28.7172,1.679658,10.8862,1,0,0.1525064,0,0,1,0,0,0,4.26,9
0,-25.19291,0,10.64998,-0.627943,1.260025,8.437601,-0.9537258,-5.175217,8.840134,-0.08513713,0.02266473,-0.9961115,0,0.0909761,0.9957419,0.01488065,0,-0.9922072,0.08935544,0.08683658,0,8.203759,-1.994373,-29.57596,1,-0.08513714,0.0909761,-0.9922071,0,0.02266474,0.9957419,0.08935544,0,-0.9961113,0.01488065,0.08683654,0,-28.7173,1.679644,10.88631,1,0.0864276,0.5008369,-0.03384344,-0.2224116,0.9743654,0.01364646,0.0003710251,-0.01327369,4.28,10
0,-1.285849,-6.169641,9.604655,-0.7609539,-2.081414,9.713248,-0.9136238,-4.163354,9.653819,-0.08539414,0.02215429,-0.996101,0,0.09113358,0.9957355,0.01433344,0,-0.9921707,0.08955425,0.08704889,0,8.195785,-2.011121,-29.5773,1,-0.08539403,0.09113357,-0.9921705,0,0.02215429,0.9957355,0.08955425,0,-0.9961008,0.01433342,0.08704896,0,-28.71755,1.679578,10.88639,1,0.2632462,0.6450413,-0.05909746,-0.1866569,0.980646,-0.001625083,0.0008097916,-0.02775402,4.3,11
0,-1.54525,-5.266525,11.79613,-0.7481251,-1.728253,9.783146,-1.115025,-3.532493,10.80586,-0.08560288,0.02179125,-0.9960909,0,0.09102531,0.9957507,0.01396119,0,-0.9921625,0.08947437,0.0872227,0,8.189861,-2.02077,-29.57871,1,-0.0856029,0.09102531,-0.9921626,0,0.02179124,0.9957507,0.08947437,0,-0.996091,0.01396119,0.0872227,0,-28.71798,1.679652,10.88642,1,0.4703387,0.7398879,-0.09800667,-0.1634575,0.9816701,-0.001652413,0.0003969956,-0.02775186,4.32,12
0,-26.42295,0.8500708,10.58798,-0.7602272,-1.754733,9.828941,-0.9239368,-4.999312,8.718227,-0.0857501,0.02145527,-0.9960858,0,0.09106138,0.9957523,0.01360888,0,-0.9921466,0.08953796,0.08733964,0,8.18537,-2.031163,-29.57951,1,-0.08575012,0.09106136,-0.9921464,0,0.02145527,0.9957523,0.08953796,0,-0.9960855,0.01360888,0.08733959,0,-28.71824,1.679708,10.88641,1,0.738438,0.8675412,-0.02923661,-0.2178038,0.9755545,-0.001465661,0.001386955,-0.02756882,4.34,13
0,-24.94,1.20689,10.29532,-0.7170048,-1.572488,9.697426,-0.6862755,-1.704793,8.200455,-0.08584476,0.02096251,-0.996088,0,0.09126949,0.9957402,0.01308941,0,-0.9921193,0.08978879,0.08739233,0,8.182204,-2.047984,-29.57954,1,-0.08584476,0.09126948,-0.9921191,0,0.02096251,0.9957402,0.08978878,0,-0.9960879,0.01308941,0.08739229,0,-28.71849,1.679653,10.88663,1,1,1,-0.001719474,-0.1065463,0.9943063,-0.001487281,0.00133725,-0.02750283,4.38,14
0,-24.94,1.297493,10.2676,-0.6856098,-0.9694772,9.773361,-0.643425,-1.071936,8.134227,-0.08591914,0.02125726,-0.9960755,0,0.09118783,0.9957438,0.01338455,0,-0.9921204,0.08967996,0.08749175,0,8.180234,-2.038366,-29.58098,1,-0.08591901,0.09118782,-0.9921201,0,0.02125726,0.9957438,0.08967996,0,-0.9960752,0.01338454,0.08749183,0,-28.71871,1.67968,10.88667,1,1,1,0.002436282,-0.08428448,0.9964387,-0.001482354,0.001318695,-0.02749806,4.4,15
0,-2.009739,-9.188657,9.564086,-0.8069935,-1.594933,10.1013,-1.175726,-5.523092,9.818967,-0.08593869,0.02136599,-0.9960712,0,0.09144401,0.9957191,0.01346887,0,-0.992095,0.08992726,0.08752453,0,8.179043,-2.037866,-29.58169,1,-0.08593864,0.09144402,-0.9920951,0,0.02136599,0.9957191,0.08992726,0,-0.9960713,0.01346887,0.0875246,0,-28.71904,1.679649,10.88677,1,1,1,-0.06890661,-0.2342677,0.969727,-0.001346588,0.001027245,-0.02754034,4.42,16
0,-25.70612,0,10.85985,-0.8235817,-1.925067,10.05699,-1.797144,-7.502213,10.46486,-0.08579195,0.02186674,-0.9960731,0,0.09190133,0.9956705,0.01394242,0,-0.9920655,0.09034429,0.08743012,0,8.182188,-2.02803,-29.58166,1,-0.08579196,0.09190132,-0.9920654,0,0.02186674,0.9956705,0.09034429,0,-0.9960731,0.01394242,0.08743007,0,-28.71918,1.679736,10.88681,1,1,1,-0.09600282,-0.3017663,0.948536,-0.001326988,0.0009249573,-0.02754598,4.44,17
0,-26.25616,0,11.11105,-0.8481045,-2.297074,10.03372,-24.64093,0,11.0311,-0.0858351,0.02182791,-0.9960703,0,0.09196839,0.995665,0.01389376,0,-0.9920555,0.0904144,0.08747053,0,8.180836,-2.029829,-29.58195,1,-0.08583514,0.09196839,-0.9920555,0,0.02182791,0.995665,0.09041439,0,-0.9960701,0.01389376,0.08747047,0,-28.71918,1.679656,10.88692,1,1,1,-0.1455971,-0.354001,0.9238424,-0.001324601,0.0009404526,-0.02759171,4.46,18
0,-25.96151,0,11.5654,-0.8344593,-2.157147,10.02225,-2.656118,-8.045009,13.79483,-0.08556056,0.02190128,-0.9960924,0,0.09204395,0.9956567,0.01398548,0,-0.9920724,0.09048766,0.08720493,0,8.188797,-2.028594,-29.57978,1,-0.08556063,0.09204394,-0.992072,0,0.02190129,0.9956568,0.09048764,0,-0.9960921,0.01398548,0.08720479,0,-28.71911,1.679741,10.88694,1,1,1,-0.2146281,-0.3161077,0.924127,-0.001311432,0.0009742967,-0.02770014,4.48,19
0,-26.03809,0.8500708,10.5369,-0.8089314,-2.241776,9.874502,-0.8587589,-4.553996,8.704019,-0.08520532,0.02198961,-0.9961208,0,0.09199746,0.9956593,0.01411023,0,-0.9921071,0.09043831,0.08685839,0,8.199448,-2.025564,-29.57706,1,-0.08520525,0.09199744,-0.9921071,0,0.0219896,0.9956592,0.0904383,0,-0.9961207,0.01411022,0.08685844,0,-28.71914,1.679782,10.88694,1,1,1,-0.02722823,-0.2021095,0.9789843,-0.001308052,0.0008734818,-0.02741141,4.5,20
0,-25.53348,0,10.78334,-0.8044071,-2.124233,9.896626,-1.646646,-7.243451,10.06335,-0.08471537,0.02227415,-0.9961563,0,0.09193191,0.9956605,0.01444497,0,-0.9921553,0.09035483,0.0863955,0,8.214149,-2.016402,-29.57374,1,-0.0847154,0.09193189,-0.992155,0,0.02227416,0.9956604,0.09035482,0,-0.9961561,0.01444497,0.08639544,0,-28.71929,1.679701,10.88694,1,1,1,-0.0804157,-0.2927711,0.952795,-0.001312584,0.0009054032,-0.02753589,4.52,21
0,-25.66324,0,11.55688,-0.822794,-2.03217,10.01437,-2.400534,-7.297779,13.45496,-0.08443618,0.02280718,-0.996168,0,0.09159131,0.9956832,0.01503272,0,-0.9922106,0.08997102,0.08616066,0,8.223318,-1.996933,-29.57272,1,-0.08443619,0.09159131,-0.9922103,0,0.02280719,0.9956832,0.089971,0,-0.9961677,0.01503272,0.0861606,0,-28.7195,1.679687,10.88693,1,1,1,-0.2000293,-0.2900791,0.9358645,-0.001312088,0.0009152375,-0.02757706,4.54,22
0,-25.66357,0,11.5477,-0.8398609,-2.080555,10.07487,-2.403215,-7.319941,13.4426,-0.08466578,0.02303918,-0.9961432,0,0.09134702,0.9957021,0.01526509,0,-0.9922135,0.08970226,0.08640647,0,8.217249,-1.987332,-29.57524,1,-0.08466576,0.091347,-0.9922132,0,0.0230392,0.9957021,0.08970226,0,-0.9961429,0.01526507,0.08640642,0,-28.71966,1.679638,10.88702,1,1,1,-0.1997648,-0.2906836,0.9357334,-0.001308716,0.0009007874,-0.02753774,4.56,23
0,-25.31776,0,11.45532,-0.8203621,-2.029158,10.00431,-2.09498,-6.652914,12.77252,-0.08436692,0.0232575,-0.9961634,0,0.0910919,0.9957213,0.01553245,0,-0.9922624,0.08943199,0.08612454,0,8.226845,-1.978105,-29.57341,1,-0.08436691,0.09109189,-0.9922621,0,0.02325751,0.9957214,0.08943196,0,-0.9961631,0.01553244,0.08612449,0,-28.71986,1.67959,10.88709,1,1,1,-0.1741753,-0.2683253,0.9474517,-0.00130593,0.0008942871,-0.02753064,4.58,24
0,-1.797016,-8.633944,9.206523,-0.7971439,-2.4918,9.729452,-1.127913,-5.65309,9.455542,-0.08441091,0.02360643,-0.9961515,0,0.09103741,0.9957208,0.01588199,0,-0.9922637,0.08934643,0.08619881,0,8.225693,-1.967104,-29.5745,1,-0.08441093,0.09103741,-0.9922634,0,0.02360644,0.9957209,0.08934642,0,-0.9961511,0.01588198,0.08619875,0,-28.7199,1.679543,10.88709,1,1,1,-0.05503546,-0.2369115,0.9699712,-0.001436379,0.0008060227,-0.02758502,4.6,25
0,-26.75775,0.8500708,10.52138,-0.9399586,-4.209781,7.61735,-26.10872,0.8500708,10.50892,-0.08458471,0.02420511,-0.9961222,0,0.09101705,0.9957132,0.01646656,0,-0.9922507,0.08927128,0.08642519,0,8.220631,-1.949094,-29.57699,1,-0.08458471,0.09101704,-0.9922506,0,0.02420512,0.9957132,0.08927128,0,-0.9961223,0.01646655,0.08642519,0,-28.71978,1.679552,10.88712,1,1,1,0.02891915,-0.2853878,0.9579757,-0.001829247,0.0003950272,-0.02764788,4.62,26
0,-26.80695,0.8101821,10.60157,-24.9183,0.7817148,10.40713,-26.31639,0.8500708,10.56507,-0.08477712,0.02434158,-0.9961026,0,0.09092862,0.9957191,0.01659339,0,-0.9922424,0.08916749,0.08662748,0,8.215188,-1.944031,-29.57886,1,-0.08477704,0.09092861,-0.9922423,0,0.02434158,0.9957191,0.0891675,0,-0.9961025,0.01659338,0.08662754,0,-28.71979,1.679527,10.88715,1,1,1,0.01635414,-0.3075507,0.9513912,-0.001944862,0.0002086716,-0.02771134,4.64,27
0,-26.62893,0.8671517,10.43658,-24.91763,0.5115061,10.36949,-26.62356,0.9483715,10.52552,-0.08506155,0.02524724,-0.9960559,0,0.09137361,0.9956641,0.01743416,0,-0.9921772,0.08953024,0.08699965,0,8.20556,-1.921948,-29.58279,1,-0.08506154,0.09137361,-0.9921771,0,0.02524725,0.995664,0.08953023,0,-0.9960557,0.01743415,0.08699964,0,-28.71961,1.679594,10.88713,1,1,1,0.05082701,-0.3109732,0.9490587,-0.001994751,0.000150734,-0.02771426,4.66,28
0,-26.76719,0.7821341,10.45926,-1.366842,-6.040415,6.759665,-26.62368,0.8987697,10.51424,-0.08492398,0.02608566,-0.996046,0,0.09136114,0.9956499,0.01828576,0,-0.9921902,0.08944699,0.08693779,0,8.20968,-1.896853,-29.58319,1,-0.08492397,0.09136111,-0.9921898,0,0.02608567,0.9956499,0.08944697,0,-0.9960458,0.01828574,0.08693775,0,-28.71954,1.679507,10.88712,1,1,1,0.05346863,-0.3296755,0.942579,-0.00199321,0.000153244,-0.02772505,4.68,29
0,-26.76719,0.7726856,10.49498,-1.370621,-6.099404,6.862979,-26.62492,0.8916885,10.53749,-0.08476079,0.027102,-0.9960328,0,0.09127566,0.9956381,0.01932387,0,-0.9922121,0.08927564,0.08686483,0,8.214797,-1.865595,-29.58378,1,-0.08476077,0.09127565,-0.9922117,0,0.02710201,0.9956381,0.08927562,0,-0.9960326,0.01932386,0.0868648,0,-28.71955,1.679319,10.88716,1,1,1,0.04342379,-0.3311748,0.9425697,-0.001992684,0.0001551971,-0.02772582,4.7,30
0,-0.6143093,1.083297,8.435897,-24.91851,0.5779184,10.37095,-0.8130913,-2.659137,7.675011,-0.08461404,0.02885222,-0.9959961,0,0.09093551,0.9956329,0.02111634,0,-0.9922556,0.08878467,0.08686829,0,8.220078,-1.809821,-29.58568,1,-0.08461411,0.09093551,-0.9922556,0,0.02885222,0.9956328,0.08878466,0,-0.995996,0.02111634,0.0868682,0,-28.71947,1.679161,10.88716,1,1,1,0.01571787,-0.1335939,0.9909115,-0.01549295,-0.000202446,-0.01452866,4.72,31
0,-0.6087265,1.015156,8.438499,-24.91851,0.5764551,10.37858,-0.8130951,-2.697027,7.704737,-0.08429623,0.0312028,-0.9959521,0,0.09067062,0.9956032,0.02351762,0,-0.9923069,0.08832115,0.08675468,0,8.230221,-1.736996,-29.58692,1,-0.08429613,0.09067062,-0.9923069,0,0.03120279,0.9956032,0.08832115,0,-0.995952,0.02351761,0.08675477,0,-28.71917,1.678934,10.88712,1,1,1,0.01491734,-0.132447,0.9910778,-0.01549628,-0.0002007904,-0.0145284,4.74,32
0,-0.6054249,0.9791144,8.443373,-24.91851,0.5558443,10.39746,-0.8132191,-2.790121,7.776594,-0.08400786,0.03243127,-0.9959372,0,0.09051816,0.9955863,0.02478458,0,-0.9923453,0.08806831,0.08657277,0,8.239254,-1.698751,-29.58654,1,-0.08400793,0.09051817,-0.9923453,0,0.03243127,0.9955864,0.08806831,0,-0.9959372,0.02478459,0.0865727,0,-28.71909,1.678742,10.88718,1,1,1,0.01242476,-0.1342112,0.9908748,-0.01549768,-0.0001997528,-0.01452786,4.76,33
0,-26.10955,0,10.07728,-24.8822,0.5262741,10.40776,-25.13904,0,10.11901,-0.08375835,0.03620134,-0.9958284,0,0.09014981,0.9955173,0.0286076,0,-0.9923999,0.08737761,0.08664644,0,8.247713,-1.582572,-29.59024,1,-0.08375835,0.09014981,-0.9923999,0,0.03620134,0.9955173,0.08737761,0,-0.9958283,0.02860759,0.08664642,0,-28.71869,1.678454,10.8872,1,1,1,0.07727508,-0.3968822,0.914611,-0.001996956,0.0001584244,-0.02776629,4.78,34
0,-26.14357,0,10.09941,-1.413717,-6.496819,7.381784,-25.17469,0,10.14098,-0.0829947,0.04265597,-0.9956367,0,0.08978049,0.9953408,0.03515934,0,-0.9924976,0.08647071,0.0864377,0,8.271471,-1.386412,-29.59289,1,-0.08299471,0.08978049,-0.9924975,0,0.04265597,0.9953408,0.08647072,0,-0.9956365,0.03515934,0.08643767,0,-28.71814,1.677802,10.88724,1,1,1,0.07417763,-0.3942443,0.9160072,-0.002000221,0.0001605606,-0.02776701,4.8,35
0,-25.89256,0,10.53268,-26.57857,0.8500708,10.63076,-25.2823,0,10.45984,-0.08155763,0.05560737,-0.9951162,0,0.08951814,0.9948156,0.04825386,0,-0.9926403,0.08514547,0.08611262,0,8.314968,-0.9980334,-29.59532,1,-0.08155758,0.08951813,-0.9926403,0,0.05560737,0.9948156,0.08514547,0,-0.9951162,0.04825386,0.08611266,0,-28.71714,1.676607,10.88728,1,1,1,-0.001251224,-0.3903117,0.920682,-0.00107492,-0.000751976,-0.03210217,4.84,36
0,-0.9439526,-4.312813,7.658115,-26.25386,0.8500708,10.6061,-1.237558,-5.836107,7.56996,-0.07964861,0.06732199,-0.9945471,0,0.08925964,0.9941905,0.06014946,0,-0.9928187,0.08398209,0.08519506,0,8.372353,-0.6468774,-29.58826,1,-0.07964864,0.08925964,-0.9928186,0,0.06732199,0.9941905,0.08398208,0,-0.9945471,0.06014946,0.08519502,0,-28.71652,1.675524,10.88733,1,1,1,0.01519755,-0.2054124,0.9785575,-0.001879554,9.963226E-05,-0.02779614,4.86,37
0,-25.40543,0,10.3837,-26.40038,0.8500708,10.6167,-26.80538,0.8494391,10.62701,-0.0771811,0.08122757,-0.9937028,0,0.08846189,0.9933028,0.07432403,0,-0.9930849,0.08216842,0.08384967,0,8.447721,-0.2251651,-29.57226,1,-0.07718102,0.08846187,-0.9930848,0,0.08122756,0.9933028,0.08216841,0,-0.9937028,0.07432402,0.08384974,0,-28.71575,1.674286,10.88743,1,1,1,0.01887486,-0.322919,0.9462383,-0.001874085,0.0001400528,-0.02776518,4.88,38
0,-25.46651,0,10.39514,-26.45561,0.8500708,10.62585,-26.80695,0.832797,10.62891,-0.07576931,0.08841046,-0.9931982,0,0.08801518,0.9927665,0.08165753,0,-0.9932334,0.08122939,0.08300269,0,8.490829,-0.007091522,-29.56045,1,-0.07576928,0.08801518,-0.9932331,0,0.08841046,0.9927666,0.08122937,0,-0.993198,0.08165751,0.08300268,0,-28.71541,1.673552,10.88754,1,1,1,0.01887486,-0.322919,0.9462383,-0.001874085,0.0001400528,-0.02776518,4.9,39
0,-0.5993137,-1.098355,8.598458,-26.34059,0.8500708,10.61413,-0.9218616,-4.460127,7.995874,-0.07226551,0.104186,-0.991929,0,0.08760909,0.9913481,0.09774235,0,-0.9935303,0.0798386,0.08076787,0,8.595746,0.4648042,-29.52559,1,-0.07226545,0.0876091,-0.9935302,0,0.104186,0.9913481,0.0798386,0,-0.9919288,0.09774233,0.08076791,0,-28.71454,1.672052,10.88774,1,1,1,0.01198069,-0.1192857,0.9927877,-0.01544106,-0.0001758347,-0.01451717,4.92,40
0,-25.34495,0,10.34647,-26.64247,0.849816,10.67213,-26.80695,0.8187939,10.63057,-0.06791341,0.1202075,-0.9904232,0,0.08719924,0.9896313,0.1141322,0,-0.9938734,0.07861304,0.07769132,0,8.725683,0.942497,-29.47496,1,-0.06791348,0.08719925,-0.9938732,0,0.1202075,0.9896313,0.07861304,0,-0.990423,0.1141321,0.07769123,0,-28.71338,1.670442,10.88808,1,1,1,0.02539298,-0.2976661,0.9543322,-0.001898354,0.0002163849,-0.02761934,4.94,41
0,-25.96622,0,9.96432,-26.50717,0.8500708,10.66561,-25.27593,0,10.14096,-0.06213868,0.1370737,-0.98861,0,0.08746935,0.9874608,0.1314165,0,-0.9942274,0.07830704,0.07334924,0,8.89546,1.435275,-29.40305,1,-0.06213865,0.08746936,-0.9942272,0,0.1370737,0.9874608,0.07830701,0,-0.9886099,0.1314165,0.07334924,0,-28.71213,1.668688,10.88841,1,1,1,0.09839422,-0.3152983,0.9438779,-0.001933944,0.0003008042,-0.02767125,4.96,42
0,-0.6823025,-2.60817,8.949834,-26.47872,0.8258816,10.67408,-1.091133,-5.583702,8.437311,-0.05540383,0.1556131,-0.9862631,0,0.08787428,0.9847074,0.1504313,0,-0.9945896,0.07833269,0.06823099,0,9.092803,1.973395,-29.31006,1,-0.05540386,0.08787428,-0.9945896,0,0.1556131,0.9847073,0.07833268,0,-0.9862631,0.1504313,0.06823095,0,-28.71074,1.66691,10.88888,1,1,1,0.0099868,-0.1057972,0.9943376,-0.01544566,-5.490876E-05,-0.01449134,4.98,43
0,-0.6973495,-2.901237,9.028732,-26.49195,0.8500708,10.64002,-1.113398,-5.602478,8.258464,-0.05165184,0.1655036,-0.9848557,0,0.08841071,0.9830577,0.1605647,0,-0.9947441,0.07877835,0.06540906,0,9.201761,2.256228,-29.25489,1,-0.05165186,0.08841073,-0.9947439,0,0.1655036,0.9830577,0.07877832,0,-0.9848555,0.1605647,0.06540902,0,-28.70996,1.665764,10.88919,1,1,1,0.0196814,-0.09712787,0.9950773,-0.01544355,-3.083801E-05,-0.01449162,5,44
0,-0.7764912,-3.582496,9.237508,-1.847364,-8.631144,8.135258,-1.209131,-6.1756,8.669023,-0.04202318,0.1885715,-0.9811601,0,0.08968998,0.9787745,0.1842716,0,-0.9950829,0.08025657,0.0580442,0,9.480772,2.911509,-29.10619,1,-0.04202316,0.08968999,-0.9950826,0,0.1885715,0.9787745,0.08025653,0,-0.9811597,0.1842716,0.05804418,0,-28.70844,1.663403,10.88993,1,1,1,0.01278059,-0.09288067,0.9955953,-0.0154456,-1.403046E-05,-0.01449043,5.02,45
0,-26.41087,0,10.78617,-24.87031,0.08403134,10.50708,-25.75392,0,10.67979,-0.03092885,0.2156079,-0.9759902,0,0.09110069,0.973001,0.2120607,0,-0.9953614,0.08235461,0.04973578,0,9.801029,3.676708,-28.91146,1,-0.03092878,0.0911007,-0.9953611,0,0.2156079,0.9730009,0.08235458,0,-0.9759899,0.2120606,0.04973582,0,-28.70688,1.66066,10.89071,1,1,1,-0.008990616,-0.2914424,0.9565461,-0.001926262,0.0006000214,-0.02791319,5.04,46
0,-26.54131,0,10.45784,-24.91851,0.05836809,10.64723,-25.88218,0,10.53246,-0.02002776,0.243358,-0.9697298,0,0.0910527,0.9663376,0.2406263,0,-0.9956447,0.08347732,0.04151201,0,10.11825,4.474496,-28.68757,1,-0.02002778,0.09105273,-0.9956447,0,0.243358,0.9663377,0.0834773,0,-0.9697297,0.2406262,0.04151198,0,-28.70544,1.657813,10.89154,1,1,1,0.04570732,-0.2847581,0.957509,-0.001771943,0.000764267,-0.02828327,5.06,47
0,-27.19953,0.01,11.03342,-25.24115,0,10.93947,-26.53718,0,11.01192,-0.008655548,0.2693034,-0.9630165,0,0.08868513,0.9594643,0.2675129,0,-0.9960221,0.08308977,0.03218794,0,10.4539,5.236914,-28.4355,1,-0.00865559,0.08868514,-0.9960222,0,0.2693034,0.9594643,0.08308978,0,-0.9630165,0.2675129,0.0321879,0,-28.70368,1.655125,10.89246,1,1,1,-0.1028022,-0.3612021,0.9268035,-0.001146064,0.0009970552,-0.02943562,5.08,48
0,-1.433228,-6.318451,10.11412,-25.6681,0,11.25535,-24.91851,0.08017802,11.05553,-0.002973676,0.281815,-0.9594642,0,0.08716027,0.9558899,0.2804951,0,-0.99619,0.08279309,0.02740562,0,10.62204,5.606273,-28.30173,1,-0.0029737,0.08716031,-0.9961898,0,0.281815,0.95589,0.08279305,0,-0.9594641,0.2804951,0.02740558,0,-28.70284,1.653696,10.89303,1,1,1,-0.07180103,-0.1030725,0.992079,-0.01482712,-4.087067E-05,-0.01450036,5.1,49
0,-27.42418,0,10.78017,-25.88841,0,11.5219,-26.89315,0.01,11.04999,0.008293688,0.3067907,-0.9517409,0,0.08318633,0.9482629,0.3063945,0,-0.9964995,0.08171296,0.01765621,0,10.95655,6.349655,-28.01405,1,0.008293675,0.08318632,-0.9964994,0,0.3067907,0.9482629,0.08171296,0,-0.9517409,0.3063945,0.01765619,0,-28.701,1.650774,10.89397,1,1,1,-0.1118809,-0.400045,0.909641,-0.0003216332,0.0007179948,-0.02877922,5.12,50
0,-27.25688,0.009999996,10.98159,-26.07481,0,11.60742,-26.79209,0,11.23198,0.0190767,0.3290319,-0.9441261,0,0.07995832,0.9407713,0.3294783,0,-0.9966156,0.08177609,0.008362055,0,11.27376,7.001443,-27.72974,1,0.01907667,0.07995833,-0.9966157,0,0.3290319,0.9407714,0.0817761,0,-0.9441261,0.3294783,0.008362016,0,-28.69913,1.64816,10.89493,1,1,1,-0.1677763,-0.3487607,0.9220721,-0.0001474991,0.0007922974,-0.02895606,5.14,51
0,-27.3737,0,11.50195,-26.16315,0,11.57159,-26.91185,0,11.53508,0.03028941,0.3479788,-0.9370131,0,0.07708846,0.9338377,0.3492915,0,-0.9965642,0.08281276,-0.001460254,0,11.60089,7.546763,-27.44829,1,0.03028942,0.07708848,-0.996564,0,0.3479787,0.9338377,0.08281271,0,-0.9370129,0.3492914,-0.001460249,0,-28.6969,1.645707,10.89598,1,1,1,-0.279678,-0.3404554,0.8977028,-0.0001863334,0.0009674836,-0.02900701,5.16,52
0,-27.52615,0,11.51339,-26.17934,0,11.58455,-27.03364,0,11.54683,0.04204583,0.3633111,-0.9307187,0,0.07510321,0.9277576,0.3655481,0,-0.996289,0.08526976,-0.01172251,0,11.93975,7.971213,-27.17958,1,0.04204584,0.07510324,-0.9962889,0,0.3633111,0.9277576,0.08526972,0,-0.9307187,0.3655481,-0.01172251,0,-28.69459,1.643377,10.89712,1,1,1,-0.2857989,-0.3536295,0.8906544,-0.0002172925,0.001148605,-0.02931494,5.18,53
0,-27.59678,0,11.51634,-25.99511,0,11.62444,-27.04452,0,11.56221,0.04800314,0.3694071,-0.9280272,0,0.07450494,0.9251856,0.37213,0,-0.9960648,0.08700605,-0.01688915,0,12.10987,8.131922,-27.05528,1,0.04800314,0.07450497,-0.9960645,0,0.3694071,0.9251856,0.08700598,0,-0.9280268,0.3721299,-0.01688915,0,-28.69333,1.642296,10.89775,1,1,1,-0.2880669,-0.3489577,0.8917657,-0.0002605515,0.001240028,-0.0293288,5.2,54
0,-26.01912,0,11.30083,-25.99319,0,11.58921,-26.00625,0,11.44445,0.06102091,0.3781238,-0.9237419,0,0.0755565,0.9210612,0.3820177,0,-0.9952728,0.09310582,-0.02763426,0,12.47443,8.323174,-26.82834,1,0.06102091,0.07555656,-0.9952726,0,0.3781238,0.9210612,0.09310574,0,-0.9237416,0.3820176,-0.02763428,0,-28.69085,1.640223,10.89915,1,1,1,-0.1559929,-0.138502,0.9779997,-0.0003943173,0.001245949,-0.02856452,5.22,55
0,-26.97448,0,10.89449,-25.9842,0,11.6529,-26.5657,0,11.21326,0.07526696,0.3906874,-0.9174412,0,0.07598531,0.9151287,0.3959365,0,-0.9942642,0.09951301,-0.03919244,0,12.87299,8.624292,-26.54106,1,0.07526693,0.07598532,-0.9942639,0,0.3906873,0.9151286,0.09951296,0,-0.917441,0.3959364,-0.03919245,0,-28.68817,1.638078,10.90071,1,1,1,-0.1008576,-0.2346843,0.9668253,-0.0004813764,0.001149735,-0.02803796,5.24,56
0,-27.34242,0,11.17267,-26.15002,0,11.76977,-26.88032,0,11.41099,0.09043276,0.4074126,-0.9087557,0,0.07501413,0.9071158,0.4141423,0,-0.9930734,0.1056216,-0.05147129,0,13.29843,9.05179,-26.1844,1,0.09043279,0.07501417,-0.9930734,0,0.4074126,0.9071159,0.1056216,0,-0.9087556,0.4141423,-0.05147129,0,-28.68565,1.635476,10.90251,1,1,1,-0.1846366,-0.2764147,0.9431353,-3.549177E-05,0.0008154374,-0.02780806,5.26,57
0,-25.57617,0.1418699,11.1266,-26.74236,0,11.88903,-26.16323,0,11.59285,0.1065159,0.4233074,-0.899703,0,0.07421505,0.8989419,0.4317357,0,-0.9915375,0.1127583,-0.06433588,0,13.74617,9.444437,-25.80987,1,0.106516,0.0742151,-0.9915373,0,0.4233074,0.8989419,0.1127582,0,-0.8997027,0.4317356,-0.06433584,0,-28.68329,1.632866,10.90441,1,0.9264121,0.9878632,-0.1685381,-0.1045921,0.9801304,-0.01415324,-2.937317E-06,-0.01457335,5.28,58
0,-25.56824,0.1013072,11.15322,-26.93923,0,12.00832,-26.33105,0,11.68222,0.1150669,0.4305728,-0.895191,0,0.0737249,0.8949896,0.4399526,0,-0.9906182,0.1166219,-0.07123977,0,13.98317,9.617612,-25.61681,1,0.1150669,0.07372493,-0.9906181,0,0.4305728,0.8949896,0.1166218,0,-0.8951908,0.4399525,-0.07123977,0,-28.68201,1.631611,10.90542,1,0.8981354,0.9856497,-0.2033784,-0.1200739,0.9717095,-0.01390845,-7.583618E-06,-0.01465434,5.3,59
0,-25.56191,0.02039385,11.20837,-27.54565,0.5528595,11.69692,-26.38641,0,11.73686,0.1327508,0.4454249,-0.8854229,0,0.07239297,0.886586,0.4568638,0,-0.9885021,0.1247474,-0.0854494,0,14.47138,9.96962,-25.20568,1,0.1327508,0.07239295,-0.9885021,0,0.4454249,0.886586,0.1247474,0,-0.885423,0.4568639,-0.08544936,0,-28.67949,1.629011,10.9075,1,0.7822272,0.9741258,-0.2104214,-0.1085018,0.971571,-0.01390794,7.141114E-06,-0.01466103,5.32,60
0,-25.66851,0,11.25255,-27.54989,0.5593195,11.69578,-26.42731,0,11.74662,0.1499696,0.4597272,-0.8753058,0,0.06951535,0.878224,0.4731704,0,-0.9862438,0.1318084,-0.09974879,0,14.94726,10.31733,-24.78251,1,0.1499696,0.06951541,-0.9862437,0,0.4597273,0.878224,0.1318084,0,-0.8753056,0.4731703,-0.09974882,0,-28.67706,1.626353,10.9097,1,0.7571678,0.9547749,-0.201707,-0.09747887,0.9745831,-0.01392835,3.105164E-05,-0.0146467,5.34,61
0,-25.80724,0,11.28856,-27.53465,0.5858769,11.67407,-26.42613,0,11.74576,0.1665608,0.4741949,-0.8645211,0,0.06594455,0.8694484,0.4896026,0,-0.9838236,0.1385591,-0.1135454,0,15.40443,10.67353,-24.34576,1,0.1665608,0.06594457,-0.9838235,0,0.4741949,0.8694485,0.138559,0,-0.8645211,0.4896026,-0.1135454,0,-28.67453,1.623823,10.91197,1,0.8168128,0.9468599,-0.1853392,-0.07916345,0.9794807,-0.01396755,6.713867E-05,-0.01462241,5.36,62
0,-25.93178,0,11.32187,-27.5997,0.6011177,11.70003,-26.51864,0,11.78989,0.1831635,0.4875242,-0.8536811,0,0.06290507,0.86078,0.505075,0,-0.9810679,0.1462122,-0.1269957,0,15.85727,10.98698,-23.90956,1,0.1831635,0.0629051,-0.9810678,0,0.4875242,0.86078,0.1462121,0,-0.8536811,0.505075,-0.1269957,0,-28.67203,1.621244,10.91422,1,0.7502838,0.9471284,-0.1941971,-0.07653251,0.9779725,-0.01403838,0.0001068192,-0.01460312,5.38,63
0,-27.94513,0.009999997,10.98644,-27.58495,0.5869489,11.69971,-27.57373,0,11.42191,0.1915511,0.4939656,-0.8481193,0,0.06164622,0.8563592,0.5126878,0,-0.9795448,0.1504893,-0.1335855,0,16.08417,11.13242,-23.6886,1,0.1915511,0.06164625,-0.9795447,0,0.4939655,0.8563591,0.1504893,0,-0.8481191,0.5126877,-0.1335855,0,-28.67072,1.619976,10.9154,1,0.8018525,0.9592664,-0.1887939,-0.3761137,0.9071358,0.0007920451,0.001158493,-0.02936525,5.4,64
0,-26.82221,0,11.76285,-27.60348,0.5884979,11.70855,-26.90516,0,11.95485,0.2083629,0.505013,-0.837584,0,0.05882637,0.8483586,0.5261436,0,-0.976281,0.1589009,-0.1470584,0,16.53709,11.37063,-23.25761,1,0.2083628,0.05882644,-0.9762807,0,0.5050129,0.8483587,0.1589008,0,-0.8375838,0.5261436,-0.1470584,0,-28.66823,1.61765,10.91781,1,0.7733141,0.9781739,-0.2811252,-0.1207666,0.952042,0.0007754136,0.001136894,-0.02912454,5.42,65
0,-27.51648,0,11.7632,-27.57891,0.5139189,11.73569,-27.31341,0,11.91799,0.2255642,0.5152314,-0.8268359,0,0.0549009,0.8406373,0.5388088,0,-0.9726803,0.16693,-0.161331,0,16.9993,11.58868,-22.81087,1,0.2255642,0.05490094,-0.9726801,0,0.5152313,0.8406373,0.16693,0,-0.8268357,0.5388087,-0.161331,0,-28.66612,1.615537,10.92029,1,0.9024742,0.9698234,-0.319849,-0.210254,0.9238452,0.0007374575,0.001565384,-0.03011262,5.44,66
0,-27.28793,0,11.76148,-27.58976,0.5030416,11.74787,-27.19705,0,11.92705,0.2419997,0.5241807,-0.8164992,0,0.05065124,0.8335397,0.5501328,0,-0.9689534,0.1744887,-0.175166,0,17.43859,11.77418,-22.37862,1,0.2419997,0.05065129,-0.9689533,0,0.5241806,0.8335395,0.1744886,0,-0.8164991,0.5501327,-0.175166,0,-28.66405,1.613684,10.92275,1,0.8705352,0.9597021,-0.288309,-0.1656321,0.9431033,0.0006540148,0.001581635,-0.02997325,5.46,67
0,-27.82026,0,11.41402,-27.57605,0.5305369,11.72439,-27.50159,0,11.69931,0.2587141,0.5317863,-0.8063935,0,0.04692632,0.8269107,0.5603719,0,-0.9648135,0.1828172,-0.1889787,0,17.88032,11.91178,-21.95125,1,0.2587141,0.04692636,-0.9648134,0,0.5317862,0.8269106,0.1828172,0,-0.8063933,0.5603719,-0.1889787,0,-28.66175,1.61183,10.92518,1,1,1,-0.2421503,-0.2666815,0.9328688,0.0004663467,0.00146022,-0.02916945,5.48,68
0,-26.83753,0,11.79899,-27.59851,0.5719835,11.71453,-26.92283,0,11.96609,0.2835093,0.5408982,-0.791866,0,0.04080355,0.8181948,0.5734914,0,-0.9581011,0.1949011,-0.2098952,0,18.5303,12.05459,-21.32253,1,0.2835092,0.0408036,-0.9581011,0,0.5408982,0.8181948,0.1949011,0,-0.7918658,0.5734914,-0.2098952,0,-28.6584,1.609184,10.92895,1,1,1,-0.2173231,-0.06775842,0.9737451,0.0002490459,0.001233559,-0.02808592,5.52,69
0,-26.8083,0,11.75903,-27.69732,0.6858911,11.70929,-27.47604,0.532006,11.656,0.3001835,0.5465814,-0.7817538,0,0.03678662,0.8123069,0.582069,0,-0.953172,0.2034856,-0.2237342,0,18.96275,12.13301,-20.89226,1,0.3001834,0.03678666,-0.9531718,0,0.5465813,0.8123069,0.2034855,0,-0.7817536,0.5820689,-0.2237342,0,-28.65657,1.607432,10.93155,1,1,1,-0.2110357,-0.04608626,0.9763913,0.0001136623,0.001166733,-0.02789076,5.54,70
0,-27.02368,0,11.76802,-27.67014,0.6488972,11.71288,-27.00902,0,11.98808,0.3170385,0.5517283,-0.7714159,0,0.03307146,0.8064499,0.590377,0,-0.9478359,0.2126841,-0.2374291,0,19.39546,12.18926,-20.45661,1,0.3170385,0.03307154,-0.9478359,0,0.5517283,0.8064498,0.212684,0,-0.7714159,0.5903769,-0.2374291,0,-28.65483,1.605644,10.93426,1,1,1,-0.2074184,-0.06411272,0.9761491,8.927938E-05,0.001200554,-0.02776628,5.56,71
0,-26.8801,0,11.8083,-27.63856,0.5915257,11.72586,-26.9593,0,11.98895,0.3343891,0.5565295,-0.7605649,0,0.0293237,0.8004861,0.5986335,0,-0.9419788,0.2224791,-0.2513543,0,19.8367,12.22916,-20.00371,1,0.3343892,0.02932373,-0.9419789,0,0.5565295,0.8004862,0.2224791,0,-0.7605647,0.5986336,-0.2513543,0,-28.65318,1.60393,10.937,1,1,1,-0.1823065,-0.04193236,0.9823472,-3.484357E-05,0.001257111,-0.02773083,5.58,72
0,-26.83747,0,11.85236,-27.68929,0.6564395,11.7193,-27.4986,0.5319906,11.68036,0.3606459,0.5629702,-0.7436392,0,0.02262503,0.7917798,0.6103875,0,-0.9324284,0.2369587,-0.272815,0,20.49837,12.26905,-19.29836,1,0.3606459,0.02262506,-0.9324282,0,0.5629702,0.7917799,0.2369586,0,-0.7436391,0.6103876,-0.2728149,0,-28.65078,1.601315,10.94112,1,1,1,-0.1688186,-0.01360918,0.9855532,-0.0001601567,0.001146057,-0.02729258,5.62,73
0,-27.47978,0.402503,11.57985,-27.71071,0.6668606,11.72543,-27.48295,0.4241404,11.73888,0.3769102,0.5668087,-0.7325754,0,0.01767099,0.7863605,0.6175151,0,-0.9260812,0.2456931,-0.2863712,0,20.90472,12.29174,-18.84147,1,0.3769102,0.01767101,-0.9260812,0,0.5668086,0.7863604,0.2456931,0,-0.7325754,0.6175151,-0.2863712,0,-28.64906,1.599748,10.94382,1,1,1,-0.1702672,-0.03719115,0.9846959,-0.0002202298,0.001165642,-0.02726223,5.64,74
0,-27.07289,0,11.87825,-27.8378,0.7441653,11.75884,-27.62411,0.5435139,11.74321,0.3933928,0.5691901,-0.7219867,0,0.01258782,0.7818971,0.6232804,0,-0.9192844,0.2542823,-0.3004279,0,21.31252,12.27258,-18.39031,1,0.3933927,0.01258787,-0.9192842,0,0.5691901,0.7818972,0.2542822,0,-0.7219865,0.6232803,-0.3004278,0,-28.64717,1.598146,10.9466,1,1,1,-0.2020987,-0.02424082,0.9790652,0.0003293986,0.00145871,-0.02853724,5.66,75
0,-27.55134,0.445046,11.76202,-27.94231,0.7508088,11.81209,-27.77695,0.6242136,11.78361,0.410445,0.570194,-0.7116275,0,0.007145196,0.7783565,0.627782,0,-0.9118574,0.2627547,-0.3153983,0,21.73032,12.21368,-17.93371,1,0.4104449,0.007145239,-0.9118574,0,0.570194,0.7783564,0.2627546,0,-0.7116274,0.6277819,-0.3153983,0,-28.64539,1.596594,10.94949,1,1,1,-0.2611843,-0.02803775,0.9648817,0.0006426387,0.00168982,-0.02953658,5.68,76
0,-27.63518,0.5578353,11.74169,-27.96143,0.7827594,11.80745,-27.81695,0.6845515,11.77468,0.4188038,0.5708783,-0.706188,0,0.004241139,0.7764362,0.6301817,0,-0.9080669,0.2669176,-0.3227532,0,21.934,12.19058,-17.69968,1,0.4188037,0.004241219,-0.9080667,0,0.5708783,0.7764362,0.2669174,0,-0.7061878,0.6301817,-0.3227531,0,-28.64468,1.595776,10.95103,1,1,1,-0.2689126,-0.01091961,0.9631027,0.0004835129,0.001335518,-0.02809556,5.7,77
0,-27.61963,0.5369378,11.74423,-27.91827,0.6975506,11.82423,-27.78119,0.6243197,11.78585,0.4344485,0.5735004,-0.6945156,0,-0.001733959,0.7716182,0.6360837,0,-0.9006951,0.2751414,-0.3362227,0,22.31292,12.18286,-17.22425,1,0.4344483,-0.001733865,-0.9006948,0,0.5735003,0.7716181,0.2751412,0,-0.6945156,0.6360835,-0.3362227,0,-28.6432,1.594237,10.95394,1,1,1,-0.2381184,-0.01692402,0.9710886,0.0004441915,0.001396378,-0.02809958,5.72,78
0,-27.62483,0.5563242,11.73688,-27.98022,0.7932771,11.81295,-27.8238,0.6904916,11.77569,0.4490987,0.5773293,-0.68191,0,-0.00803417,0.7657835,0.6430483,0,-0.8934461,0.2833136,-0.3485507,0,22.66525,12.21204,-16.73648,1,0.4490987,-0.008034134,-0.893446,0,0.5773293,0.7657835,0.2833136,0,-0.68191,0.6430482,-0.3485507,0,-28.64207,1.592683,10.95682,1,1,1,-0.2388298,0.008090973,0.9710277,0.0002493439,0.001424423,-0.02842096,5.74,79
0,-27.62756,0.5597256,11.73658,-27.89772,0.6476502,11.83766,-27.76981,0.6057619,11.78941,0.4635351,0.5809771,-0.6690298,0,-0.01364142,0.7596352,0.6502063,0,-0.8859736,0.2922669,-0.3600429,0,23.00766,12.22791,-16.25031,1,0.4635351,-0.01364142,-0.8859736,0,0.580977,0.7596352,0.2922669,0,-0.6690296,0.6502064,-0.3600429,0,-28.64093,1.591159,10.95956,1,1,1,-0.2010402,-0.0008579673,0.9795826,0.0002707895,0.001462013,-0.02843366,5.76,80
0,-27.64943,0.5822353,11.73661,-27.95734,0.7306266,11.83026,-27.81692,0.6642951,11.78422,0.47697,0.5841842,-0.65668,0,-0.01931125,0.7539296,0.6566713,0,-0.8787075,0.3005312,-0.3708831,0,23.32365,12.23779,-15.78517,1,0.4769699,-0.01931122,-0.8787073,0,0.5841842,0.7539296,0.3005311,0,-0.6566798,0.6566713,-0.370883,0,-28.63961,1.589638,10.96237,1,1,1,-0.2061438,0.01889018,0.9783393,0.0001179427,0.001355789,-0.02811802,5.78,81
0,-27.62597,0.5567198,11.73729,-27.97166,0.7826667,11.81324,-27.8183,0.6840108,11.77566,0.4884863,0.5861285,-0.6464013,0,-0.02441695,0.7496921,0.6613362,0,-0.8722299,0.3072706,-0.3805258,0,23.59234,12.22574,-15.38968,1,0.4884863,-0.02441691,-0.8722298,0,0.5861285,0.7496921,0.3072705,0,-0.6464011,0.6613362,-0.3805257,0,-28.6383,1.588265,10.96516,1,1,1,-0.1904786,0.03381773,0.9811087,-7.850584E-05,0.001287476,-0.02752183,5.8,82
0,-27.6312,0.5688627,11.73376,-27.97358,0.8198702,11.7991,-27.82332,0.7115791,11.76582,0.4935296,0.5867335,-0.6420066,0,-0.026582,0.7479995,0.6631668,0,-0.8693227,0.3102267,-0.3847564,0,23.70927,12.21302,-15.219,1,0.4935296,-0.02658191,-0.8693227,0,0.5867336,0.7479996,0.3102266,0,-0.6420063,0.6631668,-0.3847564,0,-28.63771,1.587638,10.9666,1,1,1,-0.1838907,0.04734372,0.9818058,-0.0001974488,0.001126747,-0.02688229,5.82,83
0,-27.63426,0.5989869,11.71962,-27.97055,0.8360508,11.81674,-27.83521,0.7471004,11.7561,0.5030497,0.5883142,-0.6331093,0,-0.031066,0.7443826,0.6670304,0,-0.863699,0.3158813,-0.392738,0,23.92923,12.20142,-14.88025,1,0.5030497,-0.03106594,-0.863699,0,0.5883142,0.7443826,0.3158813,0,-0.6331093,0.6670303,-0.392738,0,-28.63668,1.586443,10.96941,1,1,1,-0.1750329,0.06600244,0.9823478,-0.000284561,0.000986908,-0.02637958,5.84,84
0,-27.67361,0.6301943,11.72456,-27.95554,0.7718785,11.80938,-27.82446,0.7063678,11.76882,0.5119088,0.5893928,-0.6249526,0,-0.03554872,0.7414123,0.6701075,0,-0.858304,0.3208177,-0.4004876,0,24.13278,12.18234,-14.56414,1,0.5119087,-0.03554868,-0.858304,0,0.5893927,0.7414123,0.3208176,0,-0.6249523,0.6701075,-0.4004877,0,-28.63586,1.585295,10.9722,1,1,1,-0.1618132,0.05527348,0.9852722,-0.0002750251,0.001242165,-0.02713693,5.86,85
0,-27.85332,0.6363751,11.81866,-27.70439,0.1582287,12.49693,-27.971,0.6802253,11.86623,0.5196012,0.5901262,-0.617872,0,-0.03974265,0.7390676,0.6724579,0,-0.8534842,0.3248541,-0.4074736,0,24.30871,12.16202,-14.28614,1,0.5196012,-0.03974259,-0.8534842,0,0.5901261,0.7390676,0.324854,0,-0.6178718,0.6724579,-0.4074735,0,-28.63496,1.584361,10.97499,1,1,1,-0.2604445,0.008257897,0.9654535,0.0003913725,0.001075172,-0.0276715,5.88,86
0,-27.86401,0.5639312,11.86292,-27.72316,0,12.58451,-27.92944,0.5169734,11.98869,0.5285749,0.5913378,-0.6090388,0,-0.04617897,0.7364237,0.6749426,0,-0.8476297,0.328633,-0.4165624,0,24.51435,12.15841,-13.93394,1,0.5285749,-0.04617891,-0.8476297,0,0.5913379,0.7364239,0.3286329,0,-0.6090388,0.6749426,-0.4165625,0,-28.63371,1.582908,10.97909,1,1,1,-0.2626338,-0.0228735,0.9646244,0.00042421,0.001123718,-0.02771855,5.92,87
0,-27.84444,0.601041,11.83233,-27.66435,0,12.62564,-27.93896,0.5950671,11.92969,0.533026,0.5921203,-0.6043814,0,-0.04985827,0.7350553,0.6761714,0,-0.8446286,0.3302835,-0.4213257,0,24.61664,12.16418,-13.74811,1,0.533026,-0.04985825,-0.8446286,0,0.5921202,0.7350553,0.3302835,0,-0.6043814,0.6761714,-0.4213256,0,-28.63307,1.582075,10.98186,1,1,1,-0.2445054,-0.001646726,0.9696465,0.0003927993,0.001113052,-0.02778674,5.94,88
0,-27.8295,0.5793498,11.83555,-27.65764,0,12.72505,-27.94674,0.6090857,11.93897,0.5361696,0.5933527,-0.6003789,0,-0.05330774,0.7336383,0.677446,0,-0.8424254,0.3312211,-0.4249848,0,24.68976,12.19073,-13.59333,1,0.5361695,-0.05330771,-0.8424253,0,0.5933526,0.7336383,0.3312211,0,-0.6003789,0.6774459,-0.4249848,0,-28.63245,1.581317,10.98449,1,1,1,-0.2479239,0.005546325,0.9687636,0.0002715606,0.001133408,-0.02789736,5.96,89
0,-27.82258,0.5457864,11.8494,-27.61209,0,12.79542,-27.94864,0.6201581,11.94082,0.5380571,0.5950149,-0.5970358,0,-0.05637053,0.7321196,0.6788396,0,-0.8410214,0.3315993,-0.4274635,0,24.73529,12.2358,-13.47095,1,0.5380571,-0.0563705,-0.8410214,0,0.5950149,0.7321196,0.3315993,0,-0.5970358,0.6788397,-0.4274634,0,-28.63213,1.580881,10.98718,1,1,1,-0.246411,0.01192427,0.9690921,0.0002075648,0.001136055,-0.02790672,5.98,90
0,-27.82926,0.5693941,11.84064,-27.62803,0,12.71058,-27.94519,0.6154265,11.92716,0.5388741,0.5964799,-0.5948331,0,-0.05907848,0.7311502,0.6796538,0,-0.8403121,0.3311061,-0.429237,0,24.75704,12.28347,-13.38818,1,0.5388741,-0.05907837,-0.840312,0,0.59648,0.7311502,0.3311059,0,-0.5948331,0.6796538,-0.429237,0,-28.63151,1.580874,10.98981,1,1,1,-0.2347904,0.008258875,0.972011,0.0002394868,0.001146217,-0.02786298,6,91
0,-27.83885,0.577825,11.84145,-27.63116,0,12.73387,-27.9488,0.6173472,11.9365,0.5388034,0.597019,-0.5943563,0,-0.0597856,0.7308443,0.6799209,0,-0.8403075,0.3308097,-0.4294745,0,24.75702,12.30193,-13.37151,1,0.5388033,-0.05978554,-0.8403074,0,0.5970189,0.7308443,0.3308097,0,-0.5943562,0.6799208,-0.4294744,0,-28.63108,1.580883,10.99119,1,1,1,-0.2399027,0.009559316,0.9707499,0.0001925807,0.001142426,-0.02780734,6.02,92
