flag,xl,yl,zl,xr,yr,zr,xc,yc,zc,mat_00,mat_10,mat_20,mat_30,mat_01,mat_11,mat_21,mat_31,mat_02,mat_12,mat_22,mat_32,mat_03,mat_13,mat_23,mat_33,ctw_00,ctw_10,ctw_20,ctw_30,ctw_01,ctw_11,ctw_21,ctw_31,ctw_02,ctw_12,ctw_22,ctw_32,ctw_03,ctw_13,ctw_23,ctw_33,opennessl,opennessr,ray_x,ray_y,ray_z,eye_x,eye_y,eye_z,time,frame
0,-11.14386,4.523071,-15.30928,-8.059669,3.806308,-11.9291,-24.91851,2.150629,6.349675,-0.787058,-0.01657101,-0.6166564,0,-0.01350712,0.9998624,-0.009629089,0,-0.6167312,-0.0007506008,0.7871735,0,-15.61352,-2.134737,-26.38637,1,-0.787058,-0.01350712,-0.6167311,0,-0.016571,0.9998623,-0.0007505998,0,-0.6166564,-0.009629088,0.7871735,0,-28.59545,1.669473,11.1397,1,0,0,0.008277594,0.07015085,0.9975021,0.003387032,-0.002609841,-0.02026368,4.04,1
0,-10.3715,2.959407,-14.6246,-7.332361,2.137091,-11.30736,-24.91851,1.82808,6.664093,-0.7679641,0.03997874,-0.6392441,0,0.01603294,0.9989372,0.04321281,0,-0.6402923,-0.02293693,0.767789,0,-14.84391,-0.2649921,-26.90603,1,-0.7679639,0.01603293,-0.6402922,0,0.03997874,0.9989372,-0.02293692,0,-0.639244,0.04321281,0.7677888,0,-28.58852,1.665387,11.14763,1,0,0,0.008864498,0.0712919,0.9974161,0.003392816,-0.002604645,-0.0202834,4.06,2
0,-10.37666,2.960692,-14.63025,-7.33066,2.143815,-11.30466,-24.91826,1.828825,6.663177,-0.7680485,0.04002701,-0.6391397,0,0.01602943,0.9989336,0.04329719,0,-0.6401913,-0.02300929,0.7678711,0,-14.84745,-0.2628099,-26.90347,1,-0.7680483,0.01602943,-0.640191,0,0.04002701,0.9989336,-0.02300929,0,-0.6391395,0.04329718,0.7678708,0,-28.5881,1.66537,11.14714,1,0.9602186,0.9593456,0.008803134,0.07150626,0.9974012,0.003392953,-0.002603806,-0.02028616,4.08,3
0,-10.36792,2.96609,-14.6198,-7.332335,2.108398,-11.31068,-24.91851,1.825895,6.664587,-0.7682344,0.0403203,-0.6388977,0,0.01604236,0.9989136,0.04375068,0,-0.6399677,-0.02336135,0.7680466,0,-14.85529,-0.250388,-26.89899,1,-0.7682343,0.01604236,-0.6399676,0,0.04032031,0.9989138,-0.02336135,0,-0.6388977,0.04375069,0.7680467,0,-28.58795,1.665279,11.14693,1,0.9535237,0.9608194,0.008382526,0.0714847,0.9974065,0.003392953,-0.002603607,-0.02028734,4.1,4
0,-10.37364,2.974317,-14.62526,-7.301424,2.054011,-11.28233,-24.91851,1.821385,6.669594,-0.7683336,0.04102221,-0.638734,0,0.01661609,0.998886,0.04416521,0,-0.6398342,-0.02332034,0.7681593,0,-14.86061,-0.2306559,-26.8961,1,-0.7683333,0.01661609,-0.639834,0,0.0410222,0.998886,-0.02332034,0,-0.6387337,0.0441652,0.768159,0,-28.58788,1.665196,11.14678,1,0.959532,0.9704026,0.007667724,0.07116412,0.9974351,0.003392953,-0.002601601,-0.02028906,4.12,5
0,-10.35062,2.955429,-14.60162,-7.306953,2.024103,-11.29203,-24.91851,1.816771,6.67281,-0.7686192,0.04151021,-0.6383587,0,0.01711158,0.9988695,0.04434968,0,-0.6394779,-0.02316468,0.7684605,0,-14.87356,-0.2184316,-26.88871,1,-0.7686189,0.01711158,-0.6394778,0,0.04151021,0.9988694,-0.02316468,0,-0.6383585,0.04434967,0.7684604,0,-28.58767,1.6652,11.14654,1,0.9508915,0.9629916,0.006865077,0.07057866,0.9974826,0.003388923,-0.002601669,-0.02026923,4.16,6
0,-10.35799,2.969591,-14.60825,-7.310152,1.986921,-11.29997,-24.91851,1.814706,6.670334,-0.768829,0.04121204,-0.6381252,0,0.01666022,0.9988732,0.04443761,0,-0.6392375,-0.02353361,0.7686492,0,-14.8814,-0.222948,-26.88408,1,-0.7688288,0.01666021,-0.6392374,0,0.04121205,0.9988732,-0.02353362,0,-0.6381251,0.04443761,0.7686492,0,-28.58747,1.665288,11.14644,1,0.9496792,0.9632664,0.006815863,0.07029221,0.9975032,0.003387414,-0.002599693,-0.02026442,4.18,7
0,-10.35229,2.969654,-14.60184,-7.300137,1.98693,-11.28872,-24.91851,1.814681,6.67381,-0.7687261,0.04069062,-0.6382827,0,0.01646483,0.9989024,0.04385052,0,-0.6393664,-0.02319982,0.7685524,0,-14.87667,-0.2416729,-26.88638,1,-0.768726,0.01646483,-0.6393661,0,0.04069062,0.9989023,-0.02319982,0,-0.6382825,0.0438505,0.7685521,0,-28.58735,1.665331,11.14634,1,0.9551448,0.9562501,0.006600027,0.06971183,0.9975454,0.003386155,-0.002587242,-0.02025705,4.2,8
0,-10.34773,3.035613,-14.589,-7.29685,2.047198,-11.27798,-24.91851,1.826384,6.676877,-0.7685555,0.04026244,-0.6385149,0,0.01630622,0.9989263,0.04336151,0,-0.6395752,-0.02291397,0.768387,0,-14.86919,-0.2571424,-26.89021,1,-0.7685556,0.01630622,-0.6395752,0,0.04026244,0.9989264,-0.02291396,0,-0.638515,0.04336151,0.7683869,0,-28.58725,1.665327,11.14623,1,0.9420706,0.9475081,0.006563277,0.0712493,0.997437,0.003386155,-0.002586815,-0.02025688,4.22,9
0,-10.32765,3.057442,-14.5639,-7.284361,2.01748,-11.26743,-24.91851,1.825521,6.683729,-0.7682662,0.04009019,-0.6388742,0,0.01623197,0.9989361,0.04316511,0,-0.6399251,-0.0227921,0.7680997,0,-14.85691,-0.2634696,-26.89691,1,-0.7682659,0.01623197,-0.6399246,0,0.04009018,0.9989361,-0.0227921,0,-0.6388739,0.04316509,0.7680991,0,-28.58723,1.665354,11.14619,1,0.9478896,0.9561355,0.006259767,0.07093126,0.9974616,0.003386155,-0.002582466,-0.02026219,4.24,10
0,-10.29339,3.057681,-14.52539,-7.284506,2.021122,-11.26717,-24.91851,1.82582,6.691052,-0.7679626,0.0400278,-0.6392428,0,0.01620047,0.9989399,0.0430885,0,-0.6402899,-0.02273432,0.767797,0,-14.84408,-0.265986,-26.90381,1,-0.7679625,0.01620047,-0.6402898,0,0.0400278,0.9989399,-0.02273432,0,-0.6392427,0.0430885,0.7677968,0,-28.58711,1.66543,11.1461,1,0.942443,0.9526649,0.005933798,0.07092655,0.9974639,0.003391448,-0.00258136,-0.02026454,4.26,11
0,-10.26193,3.051267,-14.4908,-7.274683,2.008296,-11.25763,-24.91851,1.823923,6.699644,-0.7676146,0.04030943,-0.639643,0,0.01641888,0.9989294,0.04324741,0,-0.6407015,-0.02269512,0.7674546,0,-14.82992,-0.2584039,-26.91165,1,-0.7676144,0.01641888,-0.6407014,0,0.04030943,0.9989295,-0.02269512,0,-0.639643,0.04324741,0.7674546,0,-28.58709,1.665477,11.14606,1,0.9467568,0.9706764,0.005525526,0.07078654,0.9974762,0.003393401,-0.002577706,-0.02027766,4.28,12
0,-10.2366,2.989772,-14.46955,-7.263563,1.961329,-11.25063,-24.91851,1.813712,6.706393,-0.7671556,0.04063625,-0.6401725,0,0.01643352,0.9989089,0.04371453,0,-0.6412504,-0.02301557,0.7669865,0,-14.81061,-0.2454345,-26.92214,1,-0.7671557,0.01643352,-0.6412504,0,0.04063625,0.9989089,-0.02301557,0,-0.6401725,0.04371453,0.7669864,0,-28.58689,1.665446,11.14596,1,0.9404899,0.9513412,0.005482887,0.06952138,0.9975654,0.003396118,-0.002574745,-0.02027402,4.3,13
0,-10.22955,2.949882,-14.4663,-7.289612,1.93725,-11.28271,-24.91851,1.807805,6.701547,-0.7663772,0.04122641,-0.6410666,0,0.01680178,0.9988835,0.04415123,0,-0.6421711,-0.02306544,0.7662143,0,-14.77858,-0.2278718,-26.93964,1,-0.7663772,0.01680178,-0.6421711,0,0.0412264,0.9988835,-0.02306544,0,-0.6410666,0.04415124,0.7662143,0,-28.58668,1.665342,11.14591,1,0.9470787,0.9617305,0.007231398,0.06890622,0.997597,0.003405693,-0.002567482,-0.02030001,4.32,14
0,-10.27474,2.862653,-14.52724,-7.412802,1.633348,-11.45659,-8.834845,2.244123,-12.98234,-0.7654338,0.04220409,-0.6421292,0,0.01710125,0.9988287,0.04526313,0,-0.6432874,-0.02366472,0.765259,0,-14.73968,-0.1930227,-26.96127,1,-0.7654338,0.01710125,-0.6432874,0,0.04220408,0.9988287,-0.02366472,0,-0.6421291,0.04526313,0.765259,0,-28.58671,1.665215,11.14594,1,0.9492078,0.9499784,0.01311022,0.06361287,0.9978886,0.003422302,-0.002407227,-0.02076378,4.36,15
0,-10.22153,2.797622,-14.47508,-7.536242,1.620686,-11.59671,-8.87129,2.205785,-13.02776,-0.7647762,0.04237223,-0.6429014,0,0.01679502,0.9988071,0.04585035,0,-0.6440773,-0.02426771,0.7645756,0,-14.71158,-0.1814502,-26.97659,1,-0.764776,0.01679502,-0.6440771,0,0.04237222,0.9988071,-0.02426771,0,-0.6429012,0.04585034,0.7645754,0,-28.58666,1.665201,11.14584,1,0.950227,0.9696282,0.01593453,0.06292125,0.9978912,0.003426918,-0.00240213,-0.02077623,4.38,16
0,-10.32666,2.92957,-14.57773,-7.509995,1.109838,-11.62694,-8.911934,2.015523,-13.09564,-0.7643005,0.04244971,-0.6434616,0,0.01676223,0.9988016,0.0459817,0,-0.6446424,-0.02435798,0.7640961,0,-14.69162,-0.178166,-26.98742,1,-0.7643005,0.01676222,-0.6446425,0,0.04244971,0.9988016,-0.02435798,0,-0.6434616,0.0459817,0.7640961,0,-28.58662,1.665144,11.1458,1,0.9503516,0.971757,0.01896281,0.05692875,0.9981982,0.0031185,-0.002978005,-0.01959388,4.4,17
0,-10.81303,0.7189539,-15.3824,-8.88069,-0.6299208,-13.22253,-9.813026,0.03915613,-14.33873,-0.7641135,0.0428059,-0.6436603,0,0.01697053,0.9987845,0.04627668,0,-0.6448588,-0.02443738,0.7639112,0,-14.68424,-0.1669755,-26.99153,1,-0.7641132,0.01697054,-0.6448585,0,0.04280588,0.9987845,-0.02443737,0,-0.64366,0.04627667,0.7639108,0,-28.58664,1.66505,11.14578,1,0.9410756,0.9817326,0.0649036,-0.006139887,0.9978727,0.00271582,-0.002794647,-0.0207342,4.42,18
0,-10.73619,0.7496185,-15.29251,-8.889982,-0.6929304,-13.2256,-9.776661,0.02272606,-14.29981,-0.7639741,0.04315403,-0.6438023,0,0.01690794,0.9987573,0.04688267,0,-0.6450254,-0.02493177,0.7637544,0,-14.67837,-0.1513528,-26.99477,1,-0.763974,0.01690794,-0.6450254,0,0.04315403,0.9987574,-0.02493177,0,-0.6438022,0.04688267,0.7637542,0,-28.58665,1.664932,11.14568,1,0.9587871,0.9962673,0.06346231,-0.006031333,0.997966,0.002719689,-0.002807419,-0.02067486,4.44,19
0,-10.76004,0.8939129,-15.30243,-8.857836,-0.5704859,-13.20381,-9.778421,0.1568964,-14.2861,-0.7639345,0.0432547,-0.6438426,0,0.01674838,0.9987438,0.04722536,0,-0.6450766,-0.02529375,0.7636993,0,-14.67642,-0.1443925,-26.99581,1,-0.7639344,0.01674838,-0.6450764,0,0.04325469,0.9987438,-0.02529375,0,-0.6438425,0.04722534,0.7636991,0,-28.58663,1.664904,11.14561,1,0.9527731,0.9955692,0.06340656,-0.001467263,0.9979867,0.002718278,-0.002813644,-0.02065507,4.46,20
0,-10.7467,1.080525,-15.26564,-8.865,-0.5612766,-13.21293,-9.776243,0.2550384,-14.27218,-0.7640959,0.04308974,-0.643662,0,0.01626056,0.9987361,0.04755704,0,-0.6448978,-0.02587183,0.7638308,0,-14.68245,-0.1425143,-26.99275,1,-0.7640957,0.01626055,-0.6448978,0,0.04308974,0.9987362,-0.02587183,0,-0.643662,0.04755704,0.7638309,0,-28.58686,1.664774,11.14553,1,0.9596127,0.9947587,0.0629262,0.001989455,0.9980162,0.00271853,-0.002818947,-0.02063574,4.48,21
0,-10.68032,1.364487,-15.15789,-8.905832,-0.4692455,-13.26955,-9.76882,0.4441169,-14.24174,-0.7645011,0.04236137,-0.6432291,0,0.01529746,0.9987497,0.04759343,0,-0.6444409,-0.02654546,0.7641932,0,-14.69758,-0.1557723,-26.98461,1,-0.7645012,0.01529746,-0.6444409,0,0.04236137,0.9987496,-0.02654546,0,-0.6432291,0.04759343,0.7641932,0,-28.587,1.664703,11.14559,1,1,1,0.06170645,0.008054526,0.9980619,0.002726601,-0.002864555,-0.02052058,4.5,22
0,-10.71689,1.466859,-15.187,-8.921721,-0.3356962,-13.303,-9.801521,0.5627468,-14.2646,-0.7647831,0.04206534,-0.6429132,0,0.01456826,0.9987403,0.04801706,0,-0.6441232,-0.02735651,0.7644325,0,-14.70819,-0.1551012,-26.97919,1,-0.764783,0.01456826,-0.6441231,0,0.04206534,0.9987403,-0.02735651,0,-0.6429132,0.04801705,0.7644324,0,-28.58732,1.664639,11.14564,1,1,1,0.06262586,0.01225554,0.9979618,0.002734634,-0.002901802,-0.02040491,4.52,23
0,-10.72509,1.481114,-15.19454,-8.915001,-0.269221,-13.30323,-9.805416,0.6033932,-14.26422,-0.7647594,0.0423509,-0.6429227,0,0.01473124,0.9987259,0.04826566,0,-0.6441477,-0.02744056,0.7644089,0,-14.70758,-0.1459583,-26.97964,1,-0.7647592,0.01473124,-0.6441475,0,0.0423509,0.9987259,-0.02744056,0,-0.6429226,0.04826565,0.7644088,0,-28.5874,1.664623,11.14561,1,1,1,0.06276471,0.01377292,0.9979333,0.002739281,-0.002901726,-0.02038706,4.54,24
0,-10.69578,1.485114,-15.16115,-8.920305,-0.1731673,-13.32041,-9.798157,0.6539409,-14.25016,-0.7650347,0.04292298,-0.6425573,0,0.01538139,0.9987096,0.04840081,0,-0.6438057,-0.02714487,0.7647077,0,-14.72038,-0.1328101,-26.9728,1,-0.7650344,0.01538139,-0.6438054,0,0.04292297,0.9987096,-0.02714487,0,-0.6425571,0.0484008,0.7647074,0,-28.58746,1.664564,11.14563,1,1,1,0.06188314,0.01547533,0.9979634,0.002740609,-0.002902893,-0.02038485,4.56,25
0,-10.64478,1.568499,-15.09413,-8.784121,-0.3691437,-13.14455,-9.695068,0.596805,-14.14106,-0.7650347,0.04338577,-0.6425262,0,0.01595925,0.9986989,0.04843374,0,-0.6437915,-0.02679925,0.7647316,0,-14.72152,-0.1234404,-26.97225,1,-0.7650344,0.01595925,-0.6437914,0,0.04338577,0.9986989,-0.02679925,0,-0.642526,0.04843373,0.7647315,0,-28.58749,1.664591,11.14563,1,1,1,0.05715362,0.01372904,0.998271,0.002741425,-0.002947624,-0.02014906,4.58,26
0,-10.6817,1.523091,-15.1409,-8.721588,-0.4044861,-13.07019,-9.680065,0.5559092,-14.12898,-0.7645881,0.04360173,-0.6430427,0,0.0158913,0.9986811,0.0488209,0,-0.6443232,-0.02710909,0.7642726,0,-14.70285,-0.1137892,-26.9826,1,-0.7645881,0.0158913,-0.6443233,0,0.04360173,0.9986811,-0.0271091,0,-0.6430427,0.04882091,0.7642727,0,-28.58763,1.664602,11.14559,1,1,1,0.05721271,0.01282408,0.9982797,0.002749299,-0.002945007,-0.02013849,4.6,27
0,-10.73334,1.489102,-15.20287,-8.708042,-0.4381763,-13.05103,-9.697187,0.5216951,-14.15222,-0.7642014,0.04407334,-0.6434703,0,0.01566859,0.9986367,0.04979142,0,-0.6447876,-0.0279684,0.7638502,0,-14.68629,-0.09063065,-26.99172,1,-0.7642012,0.01566859,-0.6447873,0,0.04407333,0.9986367,-0.02796839,0,-0.6434701,0.04979141,0.7638499,0,-28.58765,1.664576,11.14556,1,1,1,0.0586749,0.01270754,0.9981963,0.002759309,-0.002945541,-0.02012967,4.62,28
0,-10.76348,1.416243,-15.24524,-8.701509,-0.534471,-13.03244,-9.704084,0.436439,-14.16993,-0.7639164,0.04470707,-0.6437648,0,0.01552587,0.9985818,0.0509242,0,-0.6451285,-0.02890681,0.7635272,0,-14.67419,-0.06177199,-26.99854,1,-0.7639163,0.01552587,-0.6451284,0,0.04470708,0.9985819,-0.02890682,0,-0.6437647,0.0509242,0.763527,0,-28.5878,1.664393,11.14559,1,1,1,0.0595809,0.01115378,0.9981612,0.00277958,-0.002941406,-0.02010353,4.64,29
0,-10.7445,1.411337,-15.2245,-8.709249,-0.5074023,-13.0443,-9.699905,0.447773,-14.16391,-0.7638847,0.04509,-0.6437756,0,0.01556844,0.9985534,0.05146558,0,-0.6451649,-0.02929119,0.7634816,0,-14.67298,-0.04645562,-26.99926,1,-0.7638847,0.01556844,-0.645165,0,0.04509,0.9985534,-0.02929119,0,-0.6437756,0.05146557,0.7634816,0,-28.58783,1.664356,11.14559,1,1,1,0.05941332,0.0120517,0.9981607,0.002782867,-0.002941735,-0.0201027,4.66,30
0,-10.73745,1.367162,-15.22174,-8.711498,-0.5111551,-13.04638,-9.697289,0.4237826,-14.16378,-0.763779,0.04600388,-0.6438364,0,0.01607294,0.9985032,0.05227857,0,-0.6452778,-0.02958093,0.7633752,0,-14.66957,-0.01695168,-27.00108,1,-0.7637789,0.01607294,-0.6452777,0,0.04600388,0.9985031,-0.02958093,0,-0.6438364,0.05227857,0.7633752,0,-28.5878,1.664287,11.1455,1,1,1,0.05946401,0.0120787,0.9981574,0.002782867,-0.002940895,-0.02009901,4.68,31
0,-10.77234,1.305657,-15.26812,-8.72341,-0.4946038,-13.0617,-9.721287,0.4012696,-14.19337,-0.7640154,0.04674993,-0.643502,0,0.01604797,0.9984398,0.05348249,0,-0.6449983,-0.03053455,0.7635736,0,-14.67953,0.01522064,-26.99577,1,-0.7640154,0.01604797,-0.6449984,0,0.04674993,0.9984398,-0.03053455,0,-0.6435021,0.0534825,0.7635738,0,-28.58793,1.664181,11.14545,1,1,1,0.0602481,0.01257162,0.9981043,0.002782867,-0.002937782,-0.02010333,4.7,32
0,-10.80184,1.265337,-15.30597,-8.743429,-0.5222257,-13.08095,-9.744656,0.367108,-14.2236,-0.7641425,0.04827044,-0.6432388,0,0.01600697,0.9983081,0.05590018,0,-0.6448489,-0.03241939,0.7636223,0,-14.68483,0.08005989,-26.99268,1,-0.7641425,0.01600697,-0.6448488,0,0.04827044,0.9983081,-0.0324194,0,-0.6432389,0.05590017,0.7636222,0,-28.5879,1.66403,11.14531,1,1,1,0.0611933,0.01391008,0.998029,0.00278183,-0.002937462,-0.0201105,4.72,33
0,-10.77112,1.139292,-15.2862,-8.770443,-0.642826,-13.0972,-9.73704,0.2431168,-14.22954,-0.76446,0.05064391,-0.642679,0,0.01623728,0.9981059,0.05933792,0,-0.6444668,-0.0349261,0.7638342,0,-14.69866,0.1765815,-26.98474,1,-0.7644598,0.01623728,-0.6444668,0,0.0506439,0.9981059,-0.03492609,0,-0.6426789,0.05933792,0.7638342,0,-28.588,1.663638,11.14524,1,1,1,0.06053087,0.01345536,0.9980757,0.002774071,-0.002933769,-0.02011777,4.74,34
0,-10.75781,1.018592,-15.28536,-8.756159,-0.6457578,-13.08081,-9.722847,0.1811849,-14.22084,-0.7645203,0.05246351,-0.6424613,0,0.01657277,0.9979527,0.06177164,0,-0.6443868,-0.03657831,0.7638246,0,-14.70185,0.2474406,-26.98224,1,-0.7645201,0.01657276,-0.6443866,0,0.05246351,0.9979528,-0.03657831,0,-0.6424612,0.06177163,0.7638244,0,-28.58788,1.663453,11.14507,1,1,1,0.05985539,0.01393461,0.9981098,0.002767457,-0.00292923,-0.02012112,4.76,35
0,-10.76647,0.8155746,-15.31881,-8.799686,-0.8381416,-13.10721,-9.741219,-0.01775596,-14.26058,-0.7650467,0.05660643,-0.6414824,0,0.01681405,0.9975454,0.06797375,0,-0.6437556,-0.04121716,0.7641206,0,-14.7244,0.4188589,-26.96749,1,-0.7650464,0.01681405,-0.6437553,0,0.05660642,0.9975455,-0.04121717,0,-0.6414822,0.06797374,0.7641204,0,-28.58772,1.662827,11.14477,1,1,1,0.06011103,0.01389511,0.998095,0.002767235,-0.002924606,-0.0201277,4.78,36
0,-10.99754,1.164371,-15.53756,-8.789534,-0.8208381,-13.09783,-9.850607,0.1649868,-14.36623,-0.7655541,0.05914295,-0.6406475,0,0.01699845,0.9972776,0.0717535,0,-0.6431471,-0.04404116,0.7644752,0,-14.74602,0.523609,-26.95365,1,-0.7655539,0.01699845,-0.643147,0,0.05914294,0.9972775,-0.04404116,0,-0.6406474,0.07175349,0.7644751,0,-28.58763,1.662494,11.14459,1,0.9643283,0.9973639,0.06417059,0.02337755,0.997665,0.002837525,-0.002992157,-0.02008603,4.8,37
0,-10.19851,-0.8861603,-14.67267,-8.7241,-1.688451,-12.92292,-24.91851,1.092446,6.355323,-0.7665299,0.06550829,-0.6388592,0,0.01744932,0.9965411,0.08124841,0,-0.6419718,-0.05113166,0.7650216,0,-14.78799,0.786675,-26.92399,1,-0.7665296,0.01744932,-0.6419716,0,0.06550828,0.9965411,-0.05113166,0,-0.6388589,0.0812484,0.7650214,0,-28.58759,1.661618,11.14419,1,1,1,0.04090405,-0.01293881,0.9990793,0.003233285,-0.003318634,-0.02045868,4.82,38
0,-24.91679,0.5234532,6.376145,-7.794952,-4.371956,-11.56567,-8.626825,-4.292517,-12.50926,-0.7676361,0.0742875,-0.636566,0,0.01813704,0.9953796,0.09428969,0,-0.6406294,-0.06083475,0.7654365,0,-14.8359,1.14886,-26.88429,1,-0.7676359,0.01813704,-0.6406294,0,0.0742875,0.9953797,-0.06083474,0,-0.636566,0.0942897,0.7654366,0,-28.58754,1.660439,11.1438,1,0.9422666,0.9466809,-0.00891827,-0.09512483,0.9954254,0.003573531,-0.003687744,-0.0207515,4.84,39
0,-9.126448,-6.020909,-12.5759,-26.60963,0.8500708,9.119735,-8.394163,-6.458562,-11.59738,-0.7680709,0.08502851,-0.6346948,0,0.0191052,0.9937469,0.1100098,0,-0.6400799,-0.07236938,0.7648926,0,-14.85615,1.588589,-26.85012,1,-0.7680708,0.01910521,-0.6400797,0,0.08502849,0.9937468,-0.07236937,0,-0.6346946,0.1100098,0.7648923,0,-28.58728,1.658952,11.14329,1,0.9746257,0.9367785,-0.03532844,-0.1492273,0.9881716,0.003749833,-0.003857323,-0.02057404,4.86,40
0,-9.183477,-6.104718,-12.61007,-26.57218,0.8500708,9.078409,-8.414762,-6.417424,-11.63519,-0.7680025,0.09703067,-0.6330539,0,0.02032354,0.9916511,0.1273383,0,-0.6401243,-0.08493028,0.7635626,0,-14.85564,2.076737,-26.81629,1,-0.7680025,0.02032354,-0.6401243,0,0.09703065,0.9916511,-0.08493026,0,-0.6330538,0.1273383,0.7635624,0,-28.58683,1.657263,11.14283,1,0.9746257,0.9367785,-0.0342654,-0.1305301,0.9908521,0.003796119,-0.003793091,-0.02064701,4.88,41
0,-9.235424,-6.143583,-12.65455,-26.61045,0.8500708,9.109099,-26.61538,0.8500708,8.902153,-0.7675717,0.1034493,-0.6325598,0,0.02080224,0.9903904,0.1367269,0,-0.6406254,-0.09178907,0.7623476,0,-14.83847,2.339561,-26.80372,1,-0.7675717,0.02080223,-0.6406255,0,0.1034493,0.9903902,-0.09178906,0,-0.6325598,0.1367269,0.7623476,0,-28.58658,1.656385,11.1426,1,0.9527562,0.8942261,-0.0316062,-0.1238485,0.9917977,0.003819467,-0.003664291,-0.02068581,4.9,42
0,-9.342657,-5.988412,-12.83032,-26.56896,0.8500708,9.039515,-8.572531,-6.31404,-11.84925,-0.7661992,0.1168226,-0.6318952,0,0.02193706,0.9875183,0.1559694,0,-0.6422288,-0.1056417,0.7591985,0,-14.78294,2.882692,-26.78042,1,-0.7661991,0.02193709,-0.6422285,0,0.1168225,0.9875183,-0.1056416,0,-0.6318949,0.1559693,0.7591981,0,-28.58585,1.654508,11.14215,1,0.9497132,0.8930025,-0.02369751,-0.09828866,0.9948758,0.003842643,-0.003536308,-0.02072778,4.92,43
0,-9.156876,-6.228806,-12.53595,-26.69505,0.8500708,9.222672,-26.66908,0.8500708,8.986741,-0.7621946,0.1304983,-0.634058,0,0.02245256,0.9842101,0.1755746,0,-0.6469585,-0.1195858,0.7530897,0,-14.61599,3.436219,-26.80542,1,-0.7621946,0.02245257,-0.6469584,0,0.1304983,0.9842101,-0.1195858,0,-0.634058,0.1755746,0.7530896,0,-28.58484,1.652557,11.14187,1,0.9241852,0.8586059,-0.0291522,-0.09250924,0.9952849,0.003918885,-0.003314522,-0.02065237,4.94,44
0,-24.66065,0,6.414712,-26.78504,0.8500708,9.363618,-26.74607,0.8500708,9.120943,-0.7552893,0.1451916,-0.6391069,0,0.0224598,0.9803138,0.1961639,0,-0.6550066,-0.1338063,0.7436816,0,-14.32796,4.022891,-26.87764,1,-0.7552892,0.02245978,-0.6550066,0,0.1451916,0.980314,-0.1338063,0,-0.6391068,0.1961639,0.7436816,0,-28.58352,1.650531,11.14179,1,0.911784,0.8433585,-0.03002803,-0.08520368,0.9959109,0.003956382,-0.003278404,-0.02060323,4.96,45
0,-8.954929,-6.087649,-12.35946,-26.72549,0.8500708,9.30535,-26.66243,0.8500708,9.027908,-0.7468417,0.1628077,-0.6447644,0,0.02351606,0.9754272,0.2190634,0,-0.6645859,-0.1484433,0.7323183,0,-13.98022,4.699603,-26.94898,1,-0.7468417,0.02351606,-0.6645859,0,0.1628077,0.9754273,-0.1484433,0,-0.6447644,0.2190634,0.7323183,0,-28.58188,1.648173,11.1418,1,0.8978003,0.8295858,-0.01722698,-0.04994989,0.9986031,0.003992417,-0.003077988,-0.02069156,4.98,46
0,-24.61429,0,6.416334,-26.7993,0.8500708,9.406286,-26.74477,0.8500708,9.147797,-0.7417442,0.173324,-0.6479002,0,0.02462009,0.9724158,0.2319513,0,-0.670231,-0.1560971,0.7255509,0,-13.77261,5.091598,-26.98368,1,-0.7417439,0.02462006,-0.670231,0,0.173324,0.9724158,-0.1560971,0,-0.6479,0.2319513,0.7255509,0,-28.58097,1.646831,11.14199,1,0.8978003,0.8295858,-0.01722698,-0.04994989,0.9986031,0.003992417,-0.003077988,-0.02069156,5,47
0,-26.62854,0.6548499,9.090355,-26.05756,0.3919493,9.052191,-26.05756,0.3809562,8.790117,-0.7284547,0.1972045,-0.6560976,0,0.02718956,0.9652428,0.2599367,0,-0.6845542,-0.1715131,0.7084975,0,-13.23544,5.960199,-27.07223,1,-0.7284548,0.02718955,-0.6845542,0,0.1972045,0.9652429,-0.1715131,0,-0.6560977,0.2599367,0.7084976,0,-28.57882,1.643892,11.14248,1,0.8662845,0.7703015,-0.07179931,-0.08531818,0.9937634,0.004545746,-0.003248558,-0.02135374,5.02,48
0,-26.07862,0.06250903,8.844217,-25.88495,0,9.126655,-26.05756,0.07809287,9.049272,-0.7105594,0.2249359,-0.6667153,0,0.03054252,0.9564936,0.2901501,0,-0.7029741,-0.1858057,0.6865156,0,-12.52181,6.929087,-27.17828,1,-0.7105593,0.03054253,-0.7029741,0,0.2249359,0.9564937,-0.1858057,0,-0.6667153,0.29015,0.6865156,0,-28.57626,1.640598,11.14326,1,0.8362442,0.6908464,-0.1014556,-0.1466439,0.9839728,0.004877266,-0.0037193,-0.02088817,5.04,49
0,-27.17714,0.5339532,9.978869,-26.12857,0,9.749967,-27.00989,0.504007,10.06778,-0.6887168,0.2561523,-0.6782739,0,0.03412747,0.945927,0.3225795,0,-0.7242271,-0.1990181,0.6602176,0,-11.66368,7.988677,-27.26612,1,-0.6887166,0.03412749,-0.7242268,0,0.2561523,0.9459269,-0.1990181,0,-0.6782737,0.3225794,0.6602174,0,-28.57319,1.636838,11.14431,1,0.732462,0.4335898,-0.15276,-0.2029697,0.9671957,0.005069168,-0.004136299,-0.02092941,5.06,50
0,-26.8463,0,9.948002,-26.76855,0,10.37505,-26.80649,0,10.1698,-0.6634216,0.2887169,-0.6903002,0,0.03730039,0.934172,0.3548679,0,-0.7473155,-0.2096786,0.6305193,0,-10.6855,9.060134,-27.32888,1,-0.6634216,0.03730043,-0.7473155,0,0.2887169,0.9341721,-0.2096786,0,-0.6903001,0.3548679,0.6305192,0,-28.56994,1.632992,11.14566,1,0.7435336,0.3750426,-0.193944,-0.3088556,0.931125,0.005269479,-0.004637673,-0.02112486,5.08,51
0,-26.98449,0,10.17221,-26.8504,0,10.47095,-26.9165,0,10.32398,-0.649344,0.3035547,-0.6972855,0,0.0377461,0.9286182,0.3691117,0,-0.7595575,-0.2133607,0.6144507,0,-10.1458,9.535536,-27.37129,1,-0.6493439,0.03774612,-0.7595575,0,0.3035547,0.9286182,-0.2133606,0,-0.6972854,0.3691117,0.6144506,0,-28.56827,1.631155,11.14649,1,0.7531801,0.3348673,-0.2074403,-0.3356154,0.9188748,0.005432648,-0.00489148,-0.02123961,5.1,52
0,-27.05816,0,10.35987,-26.99534,0,10.65847,-27.0263,0,10.5129,-0.6209006,0.3308627,-0.7106422,0,0.03729784,0.9180019,0.3948181,0,-0.7830015,-0.2186373,0.5823284,0,-9.067545,10.39404,-27.4338,1,-0.6209005,0.03729783,-0.7830014,0,0.3308627,0.9180019,-0.2186373,0,-0.7106422,0.3948181,0.5823284,0,-28.56466,1.627807,11.14811,1,0.7726595,0.3152033,-0.2232846,-0.358607,0.9063912,0.005478806,-0.004906182,-0.02126488,5.12,53
0,-27.11991,0,10.47649,-27.18696,0,10.83892,-27.15646,0,10.66742,-0.5923972,0.356144,-0.7226528,0,0.03502719,0.9075229,0.4185395,0,-0.8048843,-0.2226291,0.5500888,0,-8.001803,11.17975,-27.4528,1,-0.5923972,0.03502721,-0.8048841,0,0.3561439,0.9075229,-0.2226291,0,-0.7226528,0.4185395,0.5500886,0,-28.56069,1.624487,11.14989,1,0.7753866,0.3100474,-0.2280008,-0.3883683,0.8928525,0.005535301,-0.004896782,-0.02128158,5.14,54
0,-27.28341,0,10.69795,-27.11261,0,10.93758,-27.19809,0,10.81765,-0.5619667,0.3830095,-0.7331423,0,0.03222796,0.8958021,0.4432833,0,-0.826532,-0.2254826,0.5157545,0,-6.88258,12.00001,-27.40644,1,-0.5619664,0.03222799,-0.8265318,0,0.3830094,0.895802,-0.2254826,0,-0.7331421,0.4432832,0.5157543,0,-28.55671,1.620998,11.15211,1,0.7663251,0.2847237,-0.2523046,-0.3942127,0.8837074,0.005580314,-0.004970345,-0.02133647,5.16,55
0,-27.19025,0,10.69276,-27.26276,0.01,11.02637,-27.22498,0,10.86668,-0.5286671,0.4082963,-0.7441808,0,0.02851057,0.8847611,0.465172,0,-0.8483503,-0.2247041,0.4793848,0,-5.677972,12.7332,-27.34837,1,-0.528667,0.02851058,-0.8483503,0,0.4082964,0.884761,-0.2247041,0,-0.7441809,0.4651721,0.4793849,0,-28.55281,1.617735,11.15469,1,0.7663251,0.2847237,-0.2389709,-0.3845777,0.8916237,0.00546486,-0.004921021,-0.02128378,5.18,56
0,-27.17872,0,10.64352,-27.1221,0,10.92939,-27.15009,0,10.78899,-0.5118541,0.4192844,-0.7498042,0,0.02602041,0.8799728,0.4743108,0,-0.8586784,-0.2232676,0.4613276,0,-5.076488,13.03938,-27.32091,1,-0.5118538,0.02602044,-0.8586782,0,0.4192843,0.8799728,-0.2232676,0,-0.7498041,0.4743108,0.4613275,0,-28.55095,1.616397,11.15609,1,0.7742183,0.2822473,-0.2052143,-0.3418198,0.9170858,0.005361434,-0.004788101,-0.02119324,5.2,57
0,-27.14038,0,10.62993,-27.12434,0,10.92114,-27.13248,0,10.77872,-0.4780493,0.4371451,-0.7618222,0,0.02099977,0.8727906,0.4876429,0,-0.8780819,-0.2171193,0.4264169,0,-3.882387,13.4941,-27.29405,1,-0.4780493,0.02099975,-0.8780819,0,0.4371451,0.8727906,-0.2171192,0,-0.7618222,0.4876429,0.4264168,0,-28.54806,1.613752,11.15941,1,0.7910711,0.3153193,-0.1734968,-0.3194111,0.9315983,0.005234308,-0.00454953,-0.02107955,5.22,58
0,-27.08099,0,10.57693,-27.07255,0,10.89604,-27.07697,0,10.74008,-0.4433521,0.4547547,-0.7724229,0,0.01649038,0.8657371,0.5002273,0,-0.8961958,-0.2090393,0.3913255,0,-2.677792,13.91896,-27.22224,1,-0.4433521,0.01649036,-0.8961958,0,0.4547547,0.865737,-0.2090393,0,-0.7724228,0.5002273,0.3913254,0,-28.544,1.611301,11.16254,1,0.8150103,0.3611485,-0.1354478,-0.2837045,0.9492975,0.004890702,-0.00430735,-0.02095298,5.24,59
0,-27.09301,0,10.57373,-27.14315,0.009999995,10.96979,-27.11497,0,10.77789,-0.4077011,0.4742253,-0.7803143,0,0.01084784,0.8570176,0.515173,0,-0.9130511,-0.2015719,0.3545513,0,-1.458266,14.40658,-27.05839,1,-0.407701,0.01084781,-0.9130509,0,0.4742253,0.8570176,-0.2015719,0,-0.780314,0.515173,0.3545513,0,-28.54055,1.608873,11.16608,1,0.807142,0.3826344,-0.112955,-0.2814714,0.9528981,0.004683288,-0.004292252,-0.02092954,5.26,60
0,-27.09751,0,10.65232,-27.15354,0.01,11.01972,-27.12239,0,10.84104,-0.3711864,0.4929352,-0.7869155,0,0.00488086,0.8484832,0.5291998,0,-0.9285458,-0.1925909,0.3173513,0,-0.2286673,14.85531,-26.85151,1,-0.3711862,0.004880915,-0.9285455,0,0.492935,0.8484832,-0.1925909,0,-0.7869152,0.5291998,0.3173513,0,-28.53744,1.606452,11.17003,1,0.8368099,0.4438175,-0.1062654,-0.2735831,0.9559602,0.004602982,-0.004321037,-0.02092495,5.28,61
0,-27.05832,0,10.62571,-27.13647,0.009999996,10.97912,-27.09463,0,10.80717,-0.3530334,0.5014002,-0.7899148,0,0.002084538,0.8446966,0.5352414,0,-0.9356084,-0.1873115,0.2992513,0,0.3752975,15.04446,-26.74326,1,-0.3530334,0.002084546,-0.9356083,0,0.5014002,0.8446966,-0.1873115,0,-0.7899147,0.5352414,0.2992513,0,-28.5357,1.605308,11.17209,1,0.8368099,0.4438175,-0.07935168,-0.2540592,0.963928,0.004472191,-0.004316864,-0.02089851,5.3,62
0,-27.04452,0,10.63566,-27.11415,0.009999996,10.98277,-27.0761,0,10.81308,-0.3156168,0.5163177,-0.7961168,0,-0.004049391,0.8382604,0.5452551,0,-0.948878,-0.1753155,0.2624784,0,1.606063,15.34702,-26.52277,1,-0.3156169,-0.004049422,-0.9488781,0,0.5163177,0.8382604,-0.1753155,0,-0.7961169,0.5452551,0.2624784,0,-28.53226,1.603377,11.17618,1,0.8346762,0.4857106,-0.05097831,-0.2366196,0.9702641,0.004388192,-0.004295822,-0.02088017,5.32,63
0,-27.20808,0,11.07983,-27.15832,0,11.3381,-27.18313,0,11.20935,-0.2772471,0.5304869,-0.801073,0,-0.01149011,0.831867,0.5548561,0,-0.9607301,-0.1630366,0.2245374,0,2.850305,15.62491,-26.25294,1,-0.277247,-0.01149003,-0.9607298,0,0.5304868,0.831867,-0.1630366,0,-0.8010728,0.554856,0.2245373,0,-28.52908,1.601504,11.18057,1,0.8067542,0.4740303,-0.183601,-0.2927771,0.9383881,0.005273941,-0.004703095,-0.02114139,5.34,64
0,-27.21893,0,11.13046,-27.26947,0,11.35737,-27.24487,0,11.24569,-0.2414118,0.5435858,-0.8038872,0,-0.0194048,0.8255191,0.5640405,0,-0.9702287,-0.1517653,0.1887418,0,3.996513,15.88316,-25.94521,1,-0.2414118,-0.01940485,-0.9702288,0,0.5435858,0.825519,-0.1517653,0,-0.8038874,0.5640405,0.1887419,0,-28.52608,1.599847,11.18499,1,0.806486,0.4259472,-0.1653811,-0.3037902,0.9382753,0.005157356,-0.004694435,-0.02112989,5.36,65
0,-27.1836,0.01000001,11.06062,-27.18815,0,11.33832,-27.18176,0,11.20057,-0.2098796,0.554844,-0.8050457,0,-0.02669334,0.8198262,0.57199,0,-0.9773628,-0.1415384,0.1572542,0,4.992081,16.09926,-25.63636,1,-0.2098797,-0.02669332,-0.9773628,0,0.554844,0.8198262,-0.1415384,0,-0.8050457,0.57199,0.1572542,0,-28.52328,1.598398,11.18916,1,0.8174432,0.4434691,-0.12096,-0.26735,0.9559773,0.004731691,-0.004586159,-0.02104067,5.38,66
0,-27.11505,0.01,11.03589,-27.21874,0,11.33563,-27.16428,0,11.18904,-0.1725142,0.5680484,-0.8047112,0,-0.03243789,0.8132403,0.5810233,0,-0.9844729,-0.1263378,0.1218693,0,6.152747,16.31653,-25.24183,1,-0.1725142,-0.0324378,-0.9844727,0,0.5680483,0.8132403,-0.1263379,0,-0.8047109,0.5810232,0.1218692,0,-28.51952,1.596405,11.19481,1,0.8397999,0.5100399,-0.08543659,-0.2475717,0.9650953,0.004235397,-0.004442559,-0.02093103,5.42,67
0,-27.13833,0.01,11.01287,-27.24064,0,11.33657,-27.18686,0,11.17816,-0.1533425,0.5770292,-0.8021992,0,-0.03448737,0.8081806,0.5879241,0,-0.9875712,-0.1178194,0.1040282,0,6.7412,16.48545,-24.97922,1,-0.1533425,-0.0344873,-0.9875711,0,0.5770292,0.8081806,-0.1178195,0,-0.8021991,0.587924,0.1040282,0,-28.51718,1.595145,11.19827,1,0.8197392,0.542726,-0.06352479,-0.2455198,0.9673079,0.004052002,-0.004415779,-0.02092323,5.44,68
0,-27.16138,0.009999998,10.99913,-27.23594,0,11.31004,-27.19537,0,11.15691,-0.1384948,0.5858395,-0.7985057,0,-0.0346593,0.8029146,0.5950856,0,-0.9897565,-0.1100919,0.09089482,0,7.192628,16.6589,-24.73606,1,-0.1384949,-0.03465926,-0.9897565,0,0.5858393,0.8029145,-0.1100919,0,-0.7985056,0.5950855,0.09089475,0,-28.51518,1.593693,11.20134,1,0.8347895,0.5916029,-0.04185483,-0.237961,0.9703725,0.00385756,-0.004387185,-0.02090213,5.46,69
0,-27.13965,0.009999998,10.99826,-27.22383,0,11.30438,-27.17854,0,11.1537,-0.1283678,0.5943481,-0.7938968,0,-0.03208721,0.7976116,0.6023174,0,-0.9912075,-0.102792,0.08331668,0,7.496294,16.82827,-24.52929,1,-0.1283678,-0.03208711,-0.9912074,0,0.5943481,0.7976115,-0.1027921,0,-0.7938969,0.6023173,0.08331666,0,-28.51329,1.59253,11.20389,1,0.8324569,0.6090942,-0.03535283,-0.2227693,0.9742299,0.003683449,-0.004383415,-0.02090481,5.48,70
0,-27.16669,0.009999996,10.97775,-27.26205,0,11.26559,-27.21149,0,11.12398,-0.1254369,0.5981839,-0.7914807,0,-0.0294947,0.7951807,0.6056548,0,-0.9916631,-0.09931597,0.08210182,0,7.581975,16.90255,-24.45117,1,-0.125437,-0.02949468,-0.9916631,0,0.5981839,0.7951807,-0.09931596,0,-0.7914807,0.6056548,0.08210174,0,-28.5124,1.592012,11.20494,1,0.8324569,0.6090942,-0.0190341,-0.2288873,0.9732669,0.003586396,-0.004332489,-0.02088294,5.5,71
0,-27.13011,0.009999994,10.96783,-27.26361,0,11.26535,-27.19488,0,11.11986,-0.1214931,0.605376,-0.7866127,0,-0.02357444,0.7904997,0.6120086,0,-0.9923124,-0.09289873,0.08176887,0,7.694289,17.04319,-24.31684,1,-0.121493,-0.0235744,-0.9923121,0,0.6053759,0.7904997,-0.09289876,0,-0.7866125,0.6120085,0.08176883,0,-28.51066,1.590866,11.20679,1,0.830784,0.6184357,-0.01898866,-0.2150897,0.9764096,0.003512245,-0.004320793,-0.02088836,5.52,72
0,-27.14094,0,10.94688,-27.26633,0,11.25044,-27.20558,0,11.10229,-0.1203998,0.6123343,-0.7813776,0,-0.01675326,0.7857379,0.6183327,0,-0.9925842,-0.08753768,0.08434415,0,7.719456,17.18919,-24.2047,1,-0.1203998,-0.01675316,-0.992584,0,0.6123341,0.7857379,-0.08753776,0,-0.7813774,0.6183327,0.0843441,0,-28.50911,1.589691,11.20844,1,0.8235794,0.6496459,-0.01368054,-0.2104256,0.9775141,0.003473464,-0.004308533,-0.02089926,5.54,73
0,-27.15643,0,10.9348,-27.28364,0,11.24497,-27.22205,0,11.09371,-0.1213377,0.6187232,-0.7761824,0,-0.01001453,0.781157,0.6242543,0,-0.9925609,-0.08351856,0.08858752,0,7.68324,17.3337,-24.11177,1,-0.1213376,-0.01001449,-0.9925606,0,0.618723,0.781157,-0.08351862,0,-0.7761822,0.6242542,0.08858751,0,-28.50762,1.588478,11.20977,1,0.820367,0.6540287,-0.01372062,-0.208791,0.977864,0.003466132,-0.004306633,-0.02089838,5.56,74
0,-27.16653,0,10.92213,-27.29243,0,11.21833,-27.23146,0,11.07381,-0.1232778,0.6237735,-0.7718221,0,-0.004367173,0.7774061,0.6289839,0,-0.9923626,-0.08091041,0.09311283,0,7.618077,17.4543,-24.04409,1,-0.1232778,-0.004367136,-0.9923625,0,0.6237733,0.777406,-0.08091041,0,-0.771822,0.6289839,0.09311276,0,-28.50615,1.587538,11.21094,1,0.8282325,0.6742244,-0.008540828,-0.2056421,0.97859,0.003471932,-0.004303406,-0.020897,5.58,75
0,-27.1453,0,10.90093,-27.29363,0,11.22193,-27.22215,0,11.06601,-0.1243685,0.6259093,-0.7699156,0,-0.001963258,0.7757832,0.6309965,0,-0.9922341,-0.07998767,0.09525418,0,7.582314,17.50736,-24.01619,1,-0.1243685,-0.001963284,-0.9922342,0,0.6259093,0.7757832,-0.07998767,0,-0.7699156,0.6309965,0.09525422,0,-28.50546,1.587101,11.21145,1,0.8282325,0.6742244,-0.007602426,-0.1994835,0.9798717,0.003523712,-0.004284668,-0.02088733,5.6,76
0,-27.15183,0,10.89611,-27.25774,0,11.20191,-27.21451,0.01,11.05331,-0.1286772,0.6288869,-0.7667747,0,0.002894104,0.7734375,0.633866,0,-0.9916823,-0.07934505,0.1013439,0,7.446542,17.58857,-23.99835,1,-0.1286773,0.002894066,-0.9916823,0,0.6288869,0.7734375,-0.079345,0,-0.7667746,0.633866,0.1013439,0,-28.50434,1.586527,11.21225,1,0.8290052,0.6895107,-0.007985096,-0.1897005,0.9818095,0.00356447,-0.004262245,-0.02087878,5.62,77
0,-27.15374,0,10.87771,-27.23753,0,11.17583,-27.20494,0.01,11.03064,-0.1335398,0.6298394,-0.7651598,0,0.008057743,0.7727394,0.6346723,0,-0.9910107,-0.07858852,0.1082666,0,7.292825,17.60785,-24.03034,1,-0.1335398,0.008057795,-0.9910107,0,0.6298394,0.7727394,-0.07858854,0,-0.7651597,0.6346723,0.1082665,0,-28.50328,1.586349,11.21272,1,0.8352243,0.6894598,-0.004452091,-0.1844488,0.982832,0.0035849,-0.004244873,-0.02087576,5.64,78
0,-27.11366,0,10.86098,-27.20898,0,11.15691,-27.17108,0.01,11.01317,-0.1394291,0.6290141,-0.764788,0,0.01356286,0.7734728,0.6336844,0,-0.9901391,-0.07798135,0.1163758,0,7.1069,17.57566,-24.10833,1,-0.1394291,0.01356282,-0.9901392,0,0.6290141,0.7734727,-0.07798133,0,-0.764788,0.6336844,0.1163758,0,-28.50219,1.586388,11.21302,1,0.8497365,0.7007257,-0.006085172,-0.1730881,0.9848875,0.003640839,-0.0042062,-0.02089763,5.66,79
0,-27.0835,0,10.83926,-27.20549,0,11.14784,-27.15506,0.009999998,10.99876,-0.1491923,0.6253356,-0.7659616,0,0.01928163,0.7763237,0.6300396,0,-0.9886203,-0.07922798,0.127879,0,6.802497,17.47928,-24.26461,1,-0.1491923,0.0192817,-0.9886202,0,0.6253355,0.7763236,-0.07922808,0,-0.7659615,0.6300395,0.127879,0,-28.50129,1.586922,11.21287,1,0.852818,0.691252,-0.01106467,-0.1716676,0.9850928,0.003704689,-0.004178482,-0.02076661,5.68,80
0,-27.07537,0,10.82859,-27.19797,0,11.1368,-27.14733,0.009999997,10.98804,-0.1561222,0.62271,-0.7667189,0,0.0229373,0.7783138,0.6274564,0,-0.9874713,-0.08037341,0.1357954,0,6.586114,17.41338,-24.37057,1,-0.1561222,0.02293732,-0.9874715,0,0.62271,0.7783137,-0.08037344,0,-0.7667191,0.6274565,0.1357954,0,-28.50063,1.58733,11.21258,1,0.8486331,0.7100266,-0.013952,-0.1718975,0.985016,0.003714073,-0.004172836,-0.02074092,5.7,81
0,-27.09539,0,10.80216,-27.15707,0,11.10519,-27.12696,0,10.95631,-0.1735387,0.6150542,-0.7691507,0,0.03146684,0.7840649,0.6198808,0,-0.9843243,-0.0833706,0.1554195,0,6.040037,17.21813,-24.64794,1,-0.1735387,0.03146684,-0.9843241,0,0.6150542,0.7840649,-0.08337054,0,-0.7691506,0.6198807,0.1554194,0,-28.49988,1.588589,11.21161,1,0.8625973,0.7123246,-0.01904554,-0.176004,0.9842052,0.003706916,-0.00412529,-0.0206883,5.72,82
0,-26.93406,0,10.70597,-27.00612,0.009999996,10.97731,-26.96606,0,10.843,-0.195117,0.604323,-0.7724786,0,0.04084563,0.7919401,0.6092311,0,-0.9799291,-0.08731902,0.1792049,0,5.35946,16.94225,-24.99269,1,-0.195117,0.0408456,-0.979929,0,0.604323,0.7919401,-0.08731896,0,-0.7724786,0.6092311,0.1792049,0,-28.49919,1.590169,11.21008,1,0.8580973,0.7265546,-0.003451087,-0.1314626,0.9913152,0.003426346,-0.003754578,-0.02077949,5.74,83
0,-26.7519,0,10.54402,-26.7527,0,10.82438,-26.75234,0,10.68545,-0.2238168,0.5911125,-0.7749143,0,0.04969153,0.8009714,0.5966369,0,-0.9733636,-0.0950307,0.2086442,0,4.451572,16.63573,-25.37235,1,-0.2238168,0.04969152,-0.9733637,0,0.5911125,0.8009714,-0.09503065,0,-0.7749142,0.5966369,0.2086441,0,-28.49865,1.592126,11.20769,1,0.8449293,0.723406,0.01434072,-0.07771017,0.9968729,0.003367737,-0.003686173,-0.021005,5.76,84
0,-26.79192,0,10.49081,-26.78356,0,10.79088,-26.78774,0,10.64241,-0.2599436,0.5752575,-0.7755697,0,0.06119481,0.8113792,0.581308,0,-0.9636829,-0.1036464,0.2461156,0,3.292181,16.26154,-25.78695,1,-0.2599435,0.06119485,-0.9636828,0,0.5752574,0.8113792,-0.1036464,0,-0.7755694,0.5813079,0.2461156,0,-28.49836,1.594417,11.20464,1,0.8350272,0.7336908,-0.001559363,-0.1020881,0.9947742,0.003360763,-0.003752053,-0.02081746,5.78,85
0,-26.75858,0,10.4825,-26.82065,0,10.77693,-26.79057,0,10.63284,-0.2982219,0.5583987,-0.7741153,0,0.07581116,0.8223144,0.5639607,0,-0.9514811,-0.1094989,0.287565,0,2.037793,15.82667,-26.18236,1,-0.2982219,0.07581113,-0.9514812,0,0.5583986,0.8223143,-0.1094989,0,-0.7741154,0.5639608,0.2875651,0,-28.49804,1.596843,11.20106,1,0.8778159,0.7865006,-0.03841106,-0.1209318,0.9919173,0.003561296,-0.004052208,-0.02067462,5.8,86
0,-26.79522,0,10.41,-26.8183,0,10.73449,-26.80723,0,10.57583,-0.3625824,0.5292736,-0.7670747,0,0.09759991,0.8401231,0.5335425,0,-0.9268271,-0.1185866,0.3562709,0,-0.1134777,15.06605,-26.70309,1,-0.3625823,0.09759995,-0.9268269,0,0.5292735,0.840123,-0.1185867,0,-0.7670746,0.5335424,0.3562708,0,-28.49847,1.600969,11.19499,1,0.9007996,0.7998965,-0.08210475,-0.1532007,0.9847783,0.003914299,-0.004162659,-0.02107051,5.84,87
0,-26.74114,0,10.27773,-26.76052,0.006547391,10.61897,-26.74763,0,10.45116,-0.4091364,0.5075958,-0.7582573,0,0.1127207,0.8527419,0.5100248,0,-0.9054843,-0.1231984,0.4061043,0,-1.707823,14.47677,-26.97228,1,-0.4091363,0.1127207,-0.9054841,0,0.5075957,0.8527419,-0.1231984,0,-0.7582571,0.5100248,0.4061042,0,-28.499,1.604091,11.19067,1,0.9047427,0.7770548,-0.09241106,-0.1529481,0.983904,0.004009408,-0.004194763,-0.02114893,5.86,88
0,-26.71672,0,10.17832,-26.77554,0,10.55941,-26.74774,0,10.37588,-0.4585104,0.4820276,-0.7466041,0,0.1278602,0.8671591,0.4813386,0,-0.879443,-0.1252377,0.4592335,0,-3.435691,13.74441,-27.18889,1,-0.4585103,0.1278602,-0.879443,0,0.4820276,0.8671591,-0.1252378,0,-0.7466041,0.4813386,0.4592336,0,-28.49982,1.607762,11.18588,1,0.9166131,0.7941758,-0.1186989,-0.1753101,0.9773315,0.004037018,-0.004212716,-0.0211564,5.88,89
0,-26.50967,0,9.792452,-26.55662,0,10.01329,-26.53389,0,9.904832,-0.4842906,0.4686733,-0.7387882,0,0.1354356,0.8743994,0.4659216,0,-0.8643609,-0.1255832,0.4869385,0,-4.353913,13.35425,-27.25121,1,-0.4842906,0.1354356,-0.8643609,0,0.4686732,0.8743993,-0.1255832,0,-0.7387881,0.4659216,0.4869384,0,-28.50021,1.609659,11.18338,1,0.9166131,0.7941758,-0.02394776,-0.1121941,0.9933977,0.003475006,-0.003873963,-0.02131014,5.9,90
