flag,xl,yl,zl,xr,yr,zr,xc,yc,zc,mat_00,mat_10,mat_20,mat_30,mat_01,mat_11,mat_21,mat_31,mat_02,mat_12,mat_22,mat_32,mat_03,mat_13,mat_23,mat_33,ctw_00,ctw_10,ctw_20,ctw_30,ctw_01,ctw_11,ctw_21,ctw_31,ctw_02,ctw_12,ctw_22,ctw_32,ctw_03,ctw_13,ctw_23,ctw_33,opennessl,opennessr,ray_x,ray_y,ray_z,eye_x,eye_y,eye_z,time,frame
0,-24.9173,1.786065,10.53741,-1.00271,1.922767,10.87805,-0.6428165,2.283872,9.092101,-0.07461154,0.01773362,-0.997055,0,-0.003068665,0.999833,0.01801267,0,-0.9972079,-0.004403579,0.07454467,0,8.900513,-1.104391,-29.27529,1,-0.07461154,-0.003068663,-0.9972079,0,0.01773362,0.999833,-0.00440358,0,-0.997055,0.01801267,0.07454467,0,-28.5054,1.658845,11.05311,1,0,0,-0.004629805,0.04040213,0.9991728,0.004172402,-0.001767906,-0.01613062,4.04,1
0,-0.844305,2.592541,7.308904,-0.9950523,1.867125,10.86325,-0.6402912,2.233241,9.077752,-0.07559764,0.01772068,-0.996981,0,-0.002914407,0.9998339,0.01799238,0,-0.9971342,-0.004265789,0.07553339,0,8.871459,-1.106148,-29.28369,1,-0.07559759,-0.002914407,-0.9971341,0,0.01772068,0.9998339,-0.004265789,0,-0.9969809,0.01799238,0.07553343,0,-28.50502,1.658703,11.05321,1,1,1,-0.005099192,0.03857458,0.9992427,0.004179215,-0.001768807,-0.0161079,4.08,2
0,-0.843008,2.578157,7.310702,-1.005417,1.853149,10.9158,-0.6391582,2.218932,9.105456,-0.07560885,0.01801861,-0.9969748,0,-0.003051709,0.9998279,0.01830161,0,-0.997133,-0.00442624,0.0755409,0,8.871542,-1.095864,-29.28398,1,-0.07560889,-0.003051707,-0.9971328,0,0.01801861,0.9998278,-0.00442624,0,-0.9969747,0.01830161,0.07554083,0,-28.50488,1.658692,11.05339,1,1,1,-0.006096907,0.0383694,0.999245,0.00418354,-0.001769615,-0.0161033,4.1,3
0,-0.8493748,2.570944,7.240997,-1.005438,1.886676,10.90367,-0.6415653,2.23238,9.064279,-0.07588685,0.01788169,-0.9969561,0,-0.003126558,0.99983,0.01817122,0,-0.9971116,-0.004495997,0.07581794,0,8.863757,-1.098992,-29.28625,1,-0.07588674,-0.003126558,-0.9971114,0,0.01788169,0.9998299,-0.004495998,0,-0.9969561,0.01817123,0.07581803,0,-28.50481,1.658685,11.05364,1,1,1,-0.004894162,0.03872317,0.999238,0.004195466,-0.001770325,-0.01608824,4.12,4
0,-0.8437805,2.580618,7.304822,-1.004663,1.901088,10.89487,-0.6397686,2.244543,9.091877,-0.07542396,0.01757249,-0.9969968,0,-0.002754429,0.9998372,0.01783093,0,-0.9971479,-0.004091034,0.07536328,0,8.877069,-1.112302,-29.28152,1,-0.07542393,-0.002754427,-0.9971476,0,0.01757249,0.9998372,-0.004091036,0,-0.9969966,0.01783093,0.07536325,0,-28.50449,1.658689,11.05395,1,1,1,-0.005401868,0.03881849,0.9992316,0.00420739,-0.001771469,-0.01607796,4.16,5
0,-0.8415375,2.555576,7.307715,-1.003469,1.827291,10.91629,-0.6369305,2.194457,9.104182,-0.07531297,0.01764706,-0.9970039,0,-0.00297342,0.999835,0.01792178,0,-0.9971556,-0.004314253,0.07524812,0,8.880826,-1.107712,-29.28037,1,-0.07531301,-0.002973418,-0.9971554,0,0.01764706,0.9998349,-0.004314253,0,-0.9970037,0.01792178,0.07524806,0,-28.50425,1.658692,11.05408,1,1,1,-0.005731233,0.03711575,0.9992946,0.004208986,-0.001768974,-0.01607399,4.18,6
0,-0.8450718,2.61129,7.315961,-1.00104,1.798259,10.91574,-0.6388016,2.207668,9.107924,-0.07559872,0.01747489,-0.9969852,0,-0.003452478,0.9998358,0.01778664,0,-0.9971323,-0.004786717,0.07552588,0,8.87342,-1.107286,-29.28263,1,-0.07559863,-0.00345248,-0.9971324,0,0.01747489,0.9998358,-0.004786717,0,-0.9969851,0.01778664,0.07552598,0,-28.50418,1.658579,11.05427,1,1,1,-0.006150043,0.03745427,0.9992794,0.004211427,-0.001768051,-0.01606532,4.2,7
0,-0.8393612,2.542127,7.319024,-0.9967976,1.766522,10.9079,-0.6342392,2.1568,9.105573,-0.0759517,0.01810816,-0.9969471,0,-0.003541588,0.9998239,0.01843022,0,-0.9971053,-0.004930581,0.07587421,0,8.863348,-1.087624,-29.28638,1,-0.07595171,-0.003541586,-0.9971052,0,0.01810815,0.9998238,-0.004930582,0,-0.996947,0.01843022,0.07587419,0,-28.50409,1.658577,11.05441,1,1,1,-0.006421881,0.0362746,0.9993213,0.004211609,-0.001768341,-0.01606049,4.22,8
0,-0.8393574,2.530314,7.309797,-0.9932537,1.73873,10.90177,-0.6309128,2.136785,9.097628,-0.07622266,0.0184306,-0.9969205,0,-0.003486547,0.9998181,0.01875075,0,-0.9970848,-0.004905039,0.07614446,0,8.855336,-1.078712,-29.28891,1,-0.07622258,-0.003486546,-0.9970847,0,0.0184306,0.9998181,-0.004905042,0,-0.9969203,0.01875075,0.07614452,0,-28.50386,1.658579,11.05442,1,1,1,-0.00641383,0.03587762,0.9993356,0.004211861,-0.001768784,-0.01605634,4.24,9
0,-0.8415241,2.531318,7.288777,-0.9829159,1.70709,10.86597,-0.6324196,2.121191,9.068898,-0.07698822,0.01879658,-0.9968548,0,-0.003187024,0.9998125,0.01909849,0,-0.9970269,-0.004647359,0.07691395,0,8.832419,-1.071082,-29.29595,1,-0.07698829,-0.003187023,-0.9970269,0,0.01879658,0.9998125,-0.004647359,0,-0.9968548,0.01909849,0.07691388,0,-28.50369,1.658539,11.05445,1,1,1,-0.006144084,0.03567173,0.9993447,0.004210411,-0.001770775,-0.01605036,4.26,10
0,-0.8452702,2.542535,7.25993,-0.9757977,1.747074,10.81881,-0.6382351,2.147072,9.030745,-0.07803094,0.01860038,-0.9967774,0,-0.003432432,0.999815,0.01892576,0,-0.996945,-0.004898167,0.07795274,0,8.802151,-1.073871,-29.30475,1,-0.07803101,-0.003432431,-0.996945,0,0.01860037,0.9998149,-0.004898165,0,-0.9967774,0.01892576,0.07795266,0,-28.50349,1.658499,11.05438,1,1,1,-0.00582209,0.03642749,0.9993194,0.004206688,-0.001778236,-0.01603954,4.28,11
0,-0.8481026,2.564329,7.248559,-0.9715633,1.778856,10.78785,-0.6424541,2.174092,9.009543,-0.07904017,0.01843705,-0.9967009,0,-0.003376702,0.9998183,0.01876249,0,-0.9968657,-0.004848552,0.07896352,0,8.772419,-1.079164,-29.31319,1,-0.07904013,-0.003376703,-0.9968657,0,0.01843704,0.9998182,-0.004848552,0,-0.9967009,0.01876249,0.07896354,0,-28.50321,1.658578,11.05437,1,1,1,-0.006068381,0.03722886,0.9992883,0.004201645,-0.001786171,-0.01602246,4.3,12
0,-0.8508282,2.570615,7.226138,-0.9595928,1.795022,10.72714,-0.6474972,2.185375,8.967732,-0.0798018,0.01809977,-0.9966465,0,-0.003495522,0.9998239,0.01843736,0,-0.9968047,-0.004955134,0.07972443,0,8.750387,-1.087594,-29.31942,1,-0.07980175,-0.003495522,-0.9968046,0,0.01809977,0.9998238,-0.004955133,0,-0.9966463,0.01843736,0.07972447,0,-28.50311,1.658562,11.05451,1,1,1,-0.005325084,0.03731132,0.9992895,0.004200462,-0.001787102,-0.01601754,4.32,13
0,-0.8536758,2.571825,7.198435,-0.957592,1.791979,10.71909,-0.6492119,2.184433,8.949751,-0.08000362,0.0183149,-0.9966263,0,-0.003484398,0.9998199,0.0186533,0,-0.9967884,-0.004964975,0.07992542,0,8.744475,-1.081312,-29.32159,1,-0.08000364,-0.003484398,-0.9967885,0,0.0183149,0.9998199,-0.004964974,0,-0.9966262,0.0186533,0.0799254,0,-28.50327,1.658531,11.05456,1,1,1,-0.004879526,0.03749628,0.9992848,0.004197082,-0.001788681,-0.01601447,4.34,14
0,-0.8470078,2.557338,7.254101,-0.9470158,1.781127,10.6746,-0.6476536,2.171597,8.955319,-0.080495,0.01871534,-0.9965793,0,-0.003820616,0.9998106,0.01908462,0,-0.9967478,-0.005343763,0.08040833,0,8.730606,-1.065759,-29.32635,1,-0.08049507,-0.003820613,-0.9967476,0,0.01871534,0.9998106,-0.005343763,0,-0.9965792,0.01908462,0.08040824,0,-28.50331,1.658596,11.0546,1,1,1,-0.005578496,0.03746105,0.9992825,0.004193169,-0.001790047,-0.01600892,4.36,15
0,-24.9176,1.786366,10.53956,-0.9239941,1.834481,10.54976,-0.6557293,2.241275,8.928864,-0.08083808,0.01897651,-0.9965466,0,-0.004491523,0.9998016,0.01940284,0,-0.9967172,-0.006044498,0.08073676,0,8.72166,-1.050474,-29.32969,1,-0.08083801,-0.004491522,-0.996717,0,0.01897651,0.9998017,-0.0060445,0,-0.9965465,0.01940284,0.08073682,0,-28.50342,1.658519,11.05466,1,1,1,-0.004978306,0.04027556,0.9991762,0.004195794,-0.001794418,-0.01600382,4.38,16
0,-24.91801,1.786777,10.54714,-0.9236965,1.82164,10.55309,-0.6523571,2.236344,8.958913,-0.08114982,0.01869836,-0.9965267,0,-0.004403152,0.9998075,0.01911848,0,-0.9966924,-0.005939316,0.08105183,0,8.712431,-1.059631,-29.33207,1,-0.08114975,-0.004403148,-0.9966919,0,0.01869835,0.9998075,-0.005939316,0,-0.9965264,0.01911848,0.08105184,0,-28.50336,1.658574,11.05474,1,1,1,-0.006366474,0.03980684,0.9991871,0.004196985,-0.001798081,-0.01599339,4.4,17
0,-24.91838,1.787149,10.55198,-0.9176235,1.789449,10.537,-0.6502323,2.22157,8.96865,-0.08118665,0.01833789,-0.9965304,0,-0.004360937,0.9998146,0.01875361,0,-0.9966895,-0.005868345,0.08109164,0,8.711386,-1.070721,-29.33189,1,-0.08118664,-0.004360933,-0.9966893,0,0.01833788,0.9998146,-0.005868347,0,-0.9965301,0.0187536,0.08109161,0,-28.50323,1.658591,11.05483,1,1,1,-0.006749583,0.03891149,0.9992199,0.004196633,-0.001801415,-0.01598297,4.42,18
0,-24.91851,1.790042,10.56037,-0.9250584,1.831291,10.55581,-0.6486721,2.253876,9.009681,-0.08127105,0.01872484,-0.9965162,0,-0.004849525,0.9998043,0.01918212,0,-0.9966803,-0.006391578,0.08116424,0,8.709826,-1.053954,-29.33294,1,-0.08127095,-0.004849523,-0.9966801,0,0.01872483,0.9998041,-0.00639158,0,-0.9965162,0.01918212,0.08116433,0,-28.50315,1.658654,11.05496,1,1,1,-0.008312435,0.04048229,0.9991457,0.004193611,-0.001807541,-0.0159779,4.46,19
0,-24.91851,1.78985,10.56591,-0.9290638,1.845298,10.56904,-0.6464539,2.260196,9.036974,-0.08108974,0.01854356,-0.9965343,0,-0.004717524,0.9998085,0.01898836,0,-0.9966957,-0.006240935,0.08098674,0,8.715096,-1.06083,-29.33119,1,-0.08108974,-0.004717523,-0.9966955,0,0.01854356,0.9998085,-0.006240934,0,-0.9965343,0.01898836,0.08098672,0,-28.50316,1.658692,11.05511,1,1,1,-0.009103023,0.0405104,0.9991376,0.004189514,-0.001810791,-0.01596812,4.48,20
0,-24.91851,1.826198,10.5546,-0.8920307,1.796779,10.41716,-0.6672459,2.375302,8.918353,-0.0805825,0.0184486,-0.9965771,0,-0.00412909,0.9998139,0.01884239,0,-0.9967394,-0.005633324,0.0804913,0,8.729101,-1.070368,-29.32663,1,-0.08058248,-0.004129091,-0.9967394,0,0.0184486,0.9998139,-0.005633324,0,-0.9965773,0.01884239,0.08049133,0,-28.5031,1.658795,11.05515,1,1,1,-0.004309235,0.04451354,0.9989994,0.004198838,-0.00188842,-0.01575177,4.5,21
0,-24.91851,1.824605,10.55527,-0.8992748,1.875533,10.42161,-0.6694126,2.409031,8.923056,-0.08066618,0.01804588,-0.9965778,0,-0.003838128,0.999823,0.01841532,0,-0.9967337,-0.005310487,0.08058262,0,8.726236,-1.085408,-29.32687,1,-0.08066616,-0.003838129,-0.9967339,0,0.01804588,0.999823,-0.005310487,0,-0.9965777,0.01841531,0.08058266,0,-28.50301,1.658772,11.05521,1,1,1,-0.00454957,0.04529605,0.9989632,0.004196693,-0.001888245,-0.01575165,4.52,22
0,-24.91851,1.825237,10.55576,-0.8684406,1.856714,10.2873,-0.6753635,2.401729,8.857484,-0.08057857,0.01792288,-0.9965872,0,-0.003721285,0.999826,0.01828201,0,-0.9967415,-0.00518172,0.08049774,0,8.728676,-1.090354,-29.32605,1,-0.08057844,-0.003721283,-0.9967411,0,0.01792288,0.9998259,-0.005181723,0,-0.9965871,0.01828201,0.08049782,0,-28.50307,1.658785,11.05526,1,1,1,-0.002099406,0.044912,0.9989888,0.004193183,-0.00188842,-0.01574725,4.54,23
0,-24.91851,1.826805,10.55362,-0.8691063,1.882214,10.28105,-0.6779957,2.420488,8.845736,-0.08067358,0.01742246,-0.9965883,0,-0.003381188,0.9998367,0.01775296,0,-0.9967348,-0.004801847,0.08060157,0,8.725504,-1.108846,-29.32645,1,-0.08067366,-0.003381187,-0.9967349,0,0.01742246,0.9998367,-0.004801848,0,-0.9965882,0.01775296,0.0806015,0,-28.50316,1.658799,11.05545,1,1,1,-0.001754931,0.04505706,0.9989829,0.004189674,-0.001889694,-0.0157469,4.56,24
0,-24.91851,1.824645,10.55378,-0.8368092,1.830469,10.15202,-0.6816921,2.385735,8.781309,-0.08051479,0.01695426,-0.9966092,0,-0.002751409,0.9998477,0.01723164,0,-0.9967496,-0.004129481,0.0804559,0,8.729282,-1.129686,-29.3246,1,-0.08051481,-0.002751408,-0.9967496,0,0.01695426,0.9998477,-0.004129481,0,-0.9966093,0.01723164,0.08045588,0,-28.50318,1.658842,11.05558,1,1,1,0.0007392209,0.04329899,0.9990619,0.004185929,-0.001889061,-0.01574775,4.58,25
0,-24.91851,1.820293,10.55342,-0.8388691,1.818066,10.16595,-0.6793919,2.362784,8.786392,-0.08022046,0.01730633,-0.9966269,0,-0.002408409,0.999843,0.01755603,0,-0.9967742,-0.003808638,0.08016622,0,8.737476,-1.123176,-29.32228,1,-0.08022051,-0.002408409,-0.9967744,0,0.01730633,0.999843,-0.003808639,0,-0.996627,0.01755603,0.08016621,0,-28.50301,1.658826,11.05567,1,1,1,0.0008609524,0.04280141,0.9990832,0.004182762,-0.001886238,-0.01575303,4.6,26
0,-24.91851,1.813296,10.55502,-0.8308697,1.734113,10.15994,-0.6737385,2.293719,8.788968,-0.08025193,0.01794626,-0.996613,0,-0.002672197,0.9998304,0.01821937,0,-0.996771,-0.004125286,0.08019042,0,8.73702,-1.101386,-29.32321,1,-0.08025198,-0.002672196,-0.996771,0,0.01794626,0.9998304,-0.004125286,0,-0.9966131,0.01821937,0.08019037,0,-28.50297,1.658796,11.05571,1,1,1,0.0007225195,0.04099139,0.9991592,0.004175194,-0.001884102,-0.01575848,4.62,27
0,-24.91851,1.812365,10.55434,-0.8291721,1.727442,10.15458,-0.6737423,2.28689,8.783568,-0.08044457,0.01818231,-0.9965932,0,-0.00274207,0.9998258,0.01846263,0,-0.9967554,-0.004217945,0.08038068,0,8.731506,-1.093581,-29.32522,1,-0.08044454,-0.002742068,-0.9967552,0,0.01818232,0.9998258,-0.004217946,0,-0.9965932,0.01846263,0.08038069,0,-28.50304,1.658754,11.05574,1,1,1,0.0007225195,0.04099139,0.9991592,0.004175194,-0.001884102,-0.01575848,4.64,28
0,-0.8859692,3.716551,7.772794,-0.9569378,2.289157,10.53496,-0.7108841,3.009759,9.145762,-0.08035421,0.01818191,-0.9966006,0,-0.00313175,0.9998241,0.01849322,0,-0.9967616,-0.004607109,0.08028316,0,8.734789,-1.0892,-29.32457,1,-0.08035423,-0.003131746,-0.9967614,0,0.0181819,0.999824,-0.004607111,0,-0.9966004,0.01849322,0.08028312,0,-28.5032,1.658669,11.05575,1,1,1,-0.01211143,0.06689043,0.9976868,0.004327035,-0.001699974,-0.01561808,4.66,29
0,-0.8957386,4.431929,8.236372,-24.91851,1.809077,11.06659,-0.8587494,3.630183,9.596795,-0.0804466,0.01841786,-0.9965889,0,-0.003132372,0.9998196,0.01873042,0,-0.9967541,-0.004628483,0.08037448,0,8.732016,-1.082238,-29.32561,1,-0.08044665,-0.003132368,-0.9967539,0,0.01841785,0.9998196,-0.004628484,0,-0.9965885,0.01873042,0.08037438,0,-28.50317,1.658675,11.05569,1,1,1,-0.02809932,0.08961935,0.9955796,0.00435382,-0.001546219,-0.01536927,4.68,30
0,-1.182928,6.227726,9.057327,-1.330563,4.165237,11.56227,-1.20508,5.197008,10.31577,-0.08079791,0.01893676,-0.9965507,0,-0.003282844,0.999809,0.01926484,0,-0.9967253,-0.004828078,0.08072042,0,8.72192,-1.065151,-29.32917,1,-0.08079799,-0.00328284,-0.9967249,0,0.01893676,0.999809,-0.004828078,0,-0.9965504,0.01926484,0.08072029,0,-28.50312,1.658602,11.05567,1,1,1,-0.05387223,0.147338,0.9876179,0.004503028,-0.001170418,-0.01509386,4.7,31
0,-1.404545,7.051706,8.803293,-1.541052,5.144574,11.91246,-1.434923,6.098593,10.36622,-0.08094943,0.01928249,-0.9965317,0,-0.00337115,0.9998018,0.01961961,0,-0.9967126,-0.004947654,0.08086836,0,8.7176,-1.0539,-29.33085,1,-0.0809494,-0.00337115,-0.9967124,0,0.01928249,0.9998019,-0.004947654,0,-0.9965316,0.01961961,0.08086836,0,-28.50311,1.65854,11.05566,1,1,1,-0.05549102,0.1808534,0.9819434,0.004520645,-0.0006940766,-0.01571244,4.72,32
0,-1.398436,7.045612,8.850125,-1.397823,5.051862,11.35964,-1.366817,6.050904,10.10736,-0.08092439,0.01925763,-0.9965341,0,-0.003306923,0.9998026,0.01958933,0,-0.9967147,-0.004880717,0.08084476,0,8.718234,-1.055283,-29.33069,1,-0.08092443,-0.003306923,-0.9967148,0,0.01925763,0.9998026,-0.004880718,0,-0.9965342,0.01958934,0.08084475,0,-28.5032,1.658474,11.05567,1,1,1,-0.04614089,0.1787466,0.9828127,0.004568588,-0.0006743317,-0.01592346,4.74,33
0,-1.398209,7.061902,8.891405,-1.382898,5.053774,11.28918,-1.365591,6.059372,10.09233,-0.08109999,0.01936443,-0.9965178,0,-0.003326091,0.9998004,0.01969891,0,-0.9967005,-0.00491209,0.0810194,0,8.713092,-1.051893,-29.33239,1,-0.08109999,-0.00332609,-0.9967003,0,0.01936444,0.9998004,-0.00491209,0,-0.9965179,0.01969891,0.08101939,0,-28.50325,1.65848,11.05567,1,1,1,-0.04577336,0.1791441,0.9827574,0.004567658,-0.0006914444,-0.01589212,4.76,34
0,-1.377344,6.978052,8.90029,-1.387327,5.005865,11.3627,-1.358599,5.992647,10.13448,-0.08118713,0.01934173,-0.9965113,0,-0.003167991,0.9998016,0.01966369,0,-0.9966939,-0.004753376,0.08110964,0,8.710221,-1.054345,-29.33303,1,-0.08118702,-0.003167992,-0.9966938,0,0.01934172,0.9998016,-0.004753376,0,-0.9965111,0.01966369,0.08110975,0,-28.50315,1.658526,11.05561,1,1,1,-0.04738424,0.1767236,0.9831192,0.004571342,-0.0007229004,-0.0158278,4.78,35
0,-1.382792,7.002386,8.903852,-1.397806,5.021585,11.39321,-1.367178,6.01238,10.15183,-0.08114493,0.01940824,-0.9965133,0,-0.003013989,0.999801,0.0197177,0,-0.9966977,-0.004603472,0.08107018,0,8.711165,-1.054193,-29.3327,1,-0.08114484,-0.003013992,-0.9966979,0,0.01940825,0.9998011,-0.004603473,0,-0.9965134,0.0197177,0.0810703,0,-28.50311,1.658612,11.05556,1,1,1,-0.04793631,0.1775292,0.9829473,0.004577827,-0.0007569733,-0.0157554,4.82,36
0,-1.390127,7.034554,8.907146,-1.395939,5.02642,11.37928,-1.37047,6.03096,10.14626,-0.08079243,0.01995024,-0.9965314,0,-0.003174472,0.9997894,0.02027283,0,-0.996726,-0.004801351,0.08071208,0,8.721764,-1.036516,-29.33029,1,-0.0807924,-0.003174471,-0.9967257,0,0.01995024,0.9997895,-0.004801351,0,-0.9965312,0.02027283,0.08071206,0,-28.50322,1.658593,11.05554,1,1,1,-0.04740501,0.1787442,0.9827529,0.004583786,-0.0007823182,-0.01571193,4.84,37
0,-1.424536,7.220824,9.007504,-1.395731,5.007853,11.39897,-1.403336,6.112681,10.20594,-0.08046019,0.01991601,-0.9965588,0,-0.002976122,0.9997911,0.0202209,0,-0.9967533,-0.00459286,0.08038414,0,8.73131,-1.039769,-29.32743,1,-0.08046022,-0.002976124,-0.9967534,0,0.01991602,0.9997912,-0.004592859,0,-0.9965589,0.0202209,0.08038411,0,-28.50328,1.658565,11.05565,1,1,1,-0.04915424,0.1817849,0.982109,0.004588158,-0.0008708649,-0.01550507,4.86,38
0,-1.493013,7.418261,9.165573,-1.418112,5.207147,11.27997,-1.4555,6.311131,10.22423,-0.08000183,0.01975599,-0.9965989,0,-0.00280889,0.9997951,0.02004483,0,-0.9967907,-0.00440296,0.07992995,0,8.744549,-1.046371,-29.32356,1,-0.08000184,-0.00280889,-0.9967908,0,0.01975599,0.9997951,-0.004402961,0,-0.996599,0.02004483,0.07992996,0,-28.50357,1.658505,11.05571,1,1,1,-0.04923995,0.1889327,0.9807548,0.004627746,-0.0009143295,-0.01531764,4.88,39
0,-1.72508,8.423089,9.111476,-1.740583,6.506856,11.31208,-1.732836,7.462215,10.21487,-0.0798986,0.01977971,-0.9966068,0,-0.002973509,0.9997939,0.02008136,0,-0.9967986,-0.004567892,0.07982337,0,8.747862,-1.043939,-29.32263,1,-0.07989865,-0.002973509,-0.9967986,0,0.01977971,0.9997939,-0.004567891,0,-0.9966066,0.02008136,0.07982332,0,-28.50354,1.658574,11.05572,1,1,1,-0.04823665,0.2310745,0.9717395,0.00465232,-0.0004895859,-0.01561993,4.9,40
0,-1.990984,9.529389,8.923406,-1.969294,7.239469,11.54517,-1.961912,8.385971,10.23716,-0.07936299,0.01947978,-0.9966554,0,-0.003405157,0.9997979,0.01981235,0,-0.9968399,-0.004966136,0.07928061,0,8.764328,-1.048094,-29.31766,1,-0.079363,-0.003405158,-0.99684,0,0.01947979,0.9997979,-0.004966136,0,-0.9966555,0.01981235,0.07928062,0,-28.50363,1.658578,11.05575,1,1,1,-0.04808746,0.2644189,0.9632083,0.004676651,-0.0002366562,-0.01567704,4.92,41
0,-2.054232,9.677673,8.900427,-1.984613,7.22841,11.62758,-1.985903,8.45932,10.2655,-0.07914007,0.01917406,-0.9966792,0,-0.003657231,0.9998027,0.01952455,0,-0.9968569,-0.005190256,0.07905436,0,8.771324,-1.054415,-29.31551,1,-0.07914008,-0.003657226,-0.9968567,0,0.01917406,0.9998026,-0.005190258,0,-0.9966789,0.01952454,0.07905431,0,-28.50377,1.658658,11.0558,1,1,1,-0.04891326,0.2668402,0.9624987,0.004670151,-0.0002923813,-0.01567983,4.94,42
0,-2.035265,9.63924,8.932262,-1.990286,7.227002,11.65512,-1.987125,8.436853,10.29606,-0.07851636,0.0189492,-0.9967328,0,-0.003233059,0.9998093,0.01926237,0,-0.9969077,-0.004734906,0.07844007,0,8.788932,-1.06597,-29.30999,1,-0.0785163,-0.003233059,-0.9969075,0,0.0189492,0.9998092,-0.004734906,0,-0.9967326,0.01926237,0.07844011,0,-28.50395,1.658762,11.05578,1,1,1,-0.04932275,0.2658543,0.9627506,0.004669327,-0.0003027038,-0.01567889,4.96,43
0,-2.037304,9.613736,9.112731,-2.00001,7.218915,11.70862,-2.007757,8.416367,10.4133,-0.0777874,0.01852842,-0.9967978,0,-0.00280724,0.9998193,0.01880365,0,-0.996966,-0.004260937,0.07772136,0,8.809628,-1.083414,-29.30333,1,-0.07778743,-0.002807239,-0.9969661,0,0.01852842,0.9998192,-0.004260938,0,-0.9967977,0.01880365,0.07772133,0,-28.50414,1.658958,11.05578,1,1,1,-0.05277062,0.2649194,0.9628255,0.004667733,-0.0003118592,-0.01567648,4.98,44
0,-2.051291,9.645626,9.115618,-2.004572,7.22858,11.71877,-2.014376,8.438018,10.41955,-0.07742214,0.0182418,-0.9968315,0,-0.002677992,0.9998252,0.01850458,0,-0.9969949,-0.00410217,0.0773598,0,8.820187,-1.093436,-29.3,1,-0.07742216,-0.00267799,-0.9969947,0,0.0182418,0.9998252,-0.004102171,0,-0.9968314,0.01850458,0.07735975,0,-28.50434,1.659049,11.05583,1,1,1,-0.05259567,0.2654324,0.9626938,0.004668891,-0.0003160477,-0.01567609,5,45
0,-0.5719719,1.165346,8.925953,-0.5719719,1.165346,8.925953,-0.5719719,1.165346,8.925953,-0.07607996,0.01739083,-0.9969501,0,-0.002482232,0.9998415,0.01763069,0,-0.9970986,-0.003816003,0.07602477,0,8.859433,-1.121152,-29.28786,1,-0.07608,-0.002482231,-0.9970987,0,0.01739083,0.9998415,-0.003816004,0,-0.99695,0.01763069,0.07602474,0,-28.50501,1.659331,11.05605,1,1,1,0,0,1,0,0,0,5.02,46
0,-0.5723801,1.223166,8.967264,-0.5723801,1.223166,8.967264,-0.5723801,1.223166,8.967264,-0.07461786,0.01533902,-0.9970942,0,-0.002718642,0.9998748,0.01558524,0,-0.9972085,-0.00387368,0.07456684,0,8.902848,-1.179497,-29.2733,1,-0.07461789,-0.002718642,-0.9972085,0,0.01533902,0.9998749,-0.00387368,0,-0.9970943,0.01558524,0.07456683,0,-28.50584,1.659784,11.05624,1,0.7932119,0.8604471,0,0,1,0,0,0,5.04,47
0,-0.5759621,1.314971,9.003306,-0.5759621,1.314971,9.003306,-0.5759621,1.314971,9.003306,-0.07334983,0.01206147,-0.9972333,0,-0.003250371,0.9999186,0.01233302,0,-0.9973009,-0.004146003,0.07330465,0,8.941031,-1.27059,-29.25891,1,-0.07334983,-0.00325037,-0.997301,0,0.01206147,0.9999186,-0.004146004,0,-0.9972333,0.01233302,0.07330467,0,-28.50681,1.660399,11.05645,1,0,0,0,0,1,0,0,0,5.06,48
0,-0.5804996,1.423303,9.042786,-0.5804996,1.423303,9.042786,-0.5804996,1.423303,9.042786,-0.07194865,0.008205931,-0.9973747,0,-0.003672105,0.9999572,0.008492078,0,-0.9974016,-0.004273457,0.07191539,0,8.982748,-1.379835,-29.24212,1,-0.07194859,-0.003672105,-0.9974016,0,0.008205931,0.9999572,-0.004273458,0,-0.9973745,0.008492077,0.07191543,0,-28.50772,1.661088,11.05647,1,0,0,0,0,1,0,0,0,5.08,49
0,-0.5821877,1.474234,9.065828,-0.5821877,1.474234,9.065828,-0.5821877,1.474234,9.065828,-0.0711292,0.006393918,-0.9974467,0,-0.003852008,0.9999703,0.006684787,0,-0.9974598,-0.004317655,0.0711025,0,9.007071,-1.431325,-29.23264,1,-0.07112923,-0.003852007,-0.9974596,0,0.006393916,0.9999702,-0.004317656,0,-0.9974465,0.006684786,0.07110245,0,-28.50818,1.661392,11.05652,1,0,0,0,0,1,0,0,0,5.1,50
0,-0.5851593,1.546211,9.103276,-0.5851593,1.546211,9.103276,-0.5851593,1.546211,9.103276,-0.06979883,0.003799843,-0.9975539,0,-0.004517826,0.9999813,0.004125201,0,-0.997551,-0.004794708,0.06978035,0,9.047126,-1.500311,-29.21795,1,-0.0697988,-0.004517824,-0.9975507,0,0.003799842,0.9999813,-0.004794708,0,-0.9975537,0.004125201,0.06978033,0,-28.5093,1.661686,11.05661,1,0,0,0,0,1,0,0,0,5.12,51
0,-0.5938396,1.580573,9.13051,-0.5938396,1.580573,9.13051,-0.5938396,1.580573,9.13051,-0.06884658,0.002544223,-0.9976242,0,-0.005176458,0.9999824,0.002907467,0,-0.997614,-0.005364328,0.06883228,0,9.076028,-1.530055,-29.20837,1,-0.06884664,-0.005176457,-0.9976137,0,0.002544221,0.9999824,-0.005364327,0,-0.9976238,0.002907468,0.06883217,0,-28.51022,1.661932,11.05664,1,0,0,0,0,1,0,0,0,5.14,52
0,-0.5958805,1.569657,9.143828,-0.5958805,1.569657,9.143828,-0.5958805,1.569657,9.143828,-0.06838369,0.002871493,-0.997655,0,-0.006189284,0.9999754,0.003302411,0,-0.99764,-0.006400601,0.06836426,0,9.091221,-1.509382,-29.20561,1,-0.0683837,-0.006189283,-0.9976398,0,0.002871491,0.9999754,-0.006400601,0,-0.9976549,0.003302412,0.06836423,0,-28.5111,1.662062,11.05672,1,0,0.08239666,0,0,1,0,0,0,5.16,53
0,-0.5921993,1.522641,9.144094,-0.5921993,1.522641,9.144094,-0.5921993,1.522641,9.144094,-0.06837904,0.004503483,-0.9976493,0,-0.006774158,0.9999647,0.004978237,0,-0.9976364,-0.00709864,0.06834614,0,9.092303,-1.45501,-29.20887,1,-0.06837905,-0.006774157,-0.9976364,0,0.004503482,0.9999647,-0.007098641,0,-0.9976491,0.004978237,0.06834612,0,-28.51193,1.66196,11.0568,1,0.2150203,0.2821011,0,0,1,0,0,0,5.18,54
0,-0.6654224,-0.633175,7.568528,-0.913332,-0.8074702,10.8751,-0.5462914,-0.7419355,9.218334,-0.06851244,0.006039255,-0.997632,0,-0.006982735,0.9999543,0.006532853,0,-0.9976258,-0.007413782,0.06846714,0,9.088706,-1.407642,-29.21254,1,-0.06851245,-0.006982736,-0.9976259,0,0.006039254,0.9999543,-0.007413783,0,-0.997632,0.006532853,0.06846714,0,-28.51218,1.661883,11.05679,1,0.4331608,0.5054583,-0.002449695,-0.07885119,0.9968835,0.003818108,-0.001766625,-0.0179866,5.2,55
0,-0.7216549,-1.134264,7.396744,-0.951149,-1.522302,10.78784,-0.5712032,-1.358354,9.085251,-0.06876731,0.008196812,-0.997599,0,-0.006505864,0.9999413,0.008664526,0,-0.9976115,-0.00708608,0.06870997,0,9.080368,-1.349517,-29.21832,1,-0.06876732,-0.006505863,-0.9976114,0,0.008196813,0.9999413,-0.007086079,0,-0.997599,0.008664526,0.06870994,0,-28.51267,1.661676,11.05671,1,0.6130098,0.6534261,0.002167742,-0.09843007,0.9951416,0.00382724,-0.002091782,-0.01719969,5.22,56
0,-0.6829453,-0.941421,7.63446,-0.8769321,-1.658278,10.39846,-0.5760612,-1.323708,9.009225,-0.06934011,0.008943882,-0.9975531,0,-0.005668096,0.9999402,0.009359274,0,-0.9975771,-0.006303198,0.06928527,0,9.062175,-1.336733,-29.22495,1,-0.0693401,-0.005668094,-0.9975769,0,0.008943879,0.9999401,-0.006303198,0,-0.9975528,0.009359273,0.06928524,0,-28.5131,1.661543,11.05665,1,0.7946075,0.8316009,0.004201071,-0.09650213,0.9953238,0.003808708,-0.002155212,-0.01713764,5.24,57
0,-0.6845684,-0.9256823,7.605755,-0.8880291,-1.738202,10.42016,-0.5789719,-1.35679,9.005906,-0.06967986,0.01027705,-0.9975165,0,-0.005462904,0.999928,0.0106835,0,-0.9975545,-0.006193762,0.0696187,0,9.051856,-1.299769,-29.23031,1,-0.06967985,-0.005462905,-0.9975544,0,0.01027705,0.9999281,-0.006193762,0,-0.9975165,0.0106835,0.06961869,0,-28.51363,1.661407,11.05664,1,0.8484975,0.8833389,0.003969994,-0.09635153,0.9953395,0.003816567,-0.002157578,-0.01714226,5.26,58
0,-0.7128582,-1.056024,7.423711,-0.8930817,-1.773806,10.43033,-0.5940838,-1.440206,8.919491,-0.0702908,0.01237277,-0.9974499,0,-0.005487498,0.9999031,0.0127899,0,-0.9975115,-0.006372516,0.07021606,0,9.034088,-1.237765,-29.23916,1,-0.07029076,-0.005487498,-0.9975114,0,0.01237277,0.9999032,-0.006372517,0,-0.9974498,0.0127899,0.07021609,0,-28.51427,1.661186,11.05678,1,0.9235691,0.9688584,0.006478623,-0.09719297,0.9952444,0.003825089,-0.002155594,-0.01718748,5.28,59
0,-0.7125874,-1.079112,7.44457,-0.8852177,-1.818828,10.37791,-0.5982647,-1.473562,8.903674,-0.07045519,0.0140077,-0.9974166,0,-0.005462904,0.999881,0.01442819,0,-0.9975,-0.006465332,0.07037032,0,9.029247,-1.189934,-29.24282,1,-0.07045522,-0.005462903,-0.9974999,0,0.0140077,0.999881,-0.006465332,0,-0.9974167,0.0144282,0.07037028,0,-28.51445,1.661039,11.05681,1,0.9235691,0.9688584,0.006888714,-0.09673708,0.9952862,0.003831223,-0.002163712,-0.01717501,5.3,60
0,-0.7146282,-1.168656,7.494372,-0.8779354,-1.992492,10.28129,-0.6108112,-1.60439,8.880289,-0.07054806,0.01888425,-0.9973296,0,-0.005023636,0.9998014,0.01928641,0,-0.9974958,-0.006370837,0.0704391,0,9.025871,-1.051457,-29.24933,1,-0.07054798,-0.005023635,-0.9974957,0,0.01888425,0.9998014,-0.00637084,0,-0.9973296,0.01928641,0.07043918,0,-28.51461,1.660705,11.05687,1,0.9478189,0.9921247,0.007630225,-0.09652226,0.9953015,0.003839737,-0.002174561,-0.01715717,5.32,61
0,-0.7250957,-1.36966,7.547031,-0.752821,-1.958434,9.720809,-0.6415653,-1.676278,8.627547,-0.06974673,0.02796119,-0.9971729,0,-0.004179781,0.9995902,0.02832132,0,-0.997556,-0.006143284,0.0696013,0,9.048114,-0.7941274,-29.2507,1,-0.06974674,-0.00417978,-0.9975559,0,0.02796118,0.99959,-0.006143282,0,-0.9971727,0.02832132,0.06960126,0,-28.51472,1.660039,11.05701,1,0.9667985,0.9908283,0.01736227,-0.09003568,0.9957873,0.003893692,-0.002198906,-0.01722427,5.34,62
0,-0.7575531,-1.765345,7.531439,-0.7857246,-2.364183,9.723649,-0.6736393,-2.078468,8.620977,-0.06918406,0.04310701,-0.9966723,0,-0.003890483,0.9990467,0.04347977,0,-0.9975965,-0.006885635,0.06895041,0,9.064294,-0.3519243,-29.25428,1,-0.06918404,-0.003890473,-0.9975961,0,0.043107,0.9990466,-0.006885641,0,-0.996672,0.04347976,0.06895038,0,-28.51465,1.658822,11.05717,1,0.9616036,0.9935609,0.0182479,-0.08912893,0.995853,0.003900209,-0.00221492,-0.01718703,5.36,63
0,-0.8076115,-2.395429,7.523023,-0.8388958,-2.978281,9.743387,-0.7219181,-2.70325,8.626238,-0.06838536,0.06634205,-0.9954507,0,-0.003692001,0.9977629,0.06674977,0,-0.9976521,-0.008239916,0.06798744,0,9.087505,0.3295296,-29.24706,1,-0.06838537,-0.003692004,-0.9976522,0,0.06634206,0.9977629,-0.008239914,0,-0.9954509,0.06674979,0.06798746,0,-28.51442,1.656993,11.05732,1,0.9610948,0.9849548,0.01900466,-0.08793094,0.9959453,0.003909509,-0.00223893,-0.01712535,5.38,64
0,-0.9028873,-3.45873,7.40022,-0.9461765,-4.327065,9.743244,-0.8226948,-3.91382,8.56379,-0.06848729,0.1146974,-0.991037,0,-0.003514115,0.9933354,0.1152063,0,-0.9976459,-0.01137277,0.06762779,0,9.084484,1.75431,-29.19638,1,-0.06848728,-0.003514106,-0.9976457,0,0.1146974,0.9933354,-0.01137278,0,-0.9910368,0.1152063,0.06762777,0,-28.51373,1.652913,11.05753,1,0.9439107,0.978621,0.02139508,-0.08187366,0.9964131,0.003936891,-0.002295716,-0.01703401,5.42,65
0,-0.9212341,-3.729422,7.428363,-1.303362,-5.549638,10.3739,-0.8522205,-4.703467,8.8871,-0.06906474,0.152281,-0.9859213,0,-0.003071964,0.9882439,0.1528549,0,-0.9976076,-0.01358558,0.06778502,0,9.066999,2.86212,-29.11343,1,-0.06906474,-0.003071945,-0.9976072,0,0.1522809,0.9882439,-0.01358559,0,-0.9859211,0.1528549,0.06778498,0,-28.51318,1.649511,11.05764,1,0.9327981,0.9685879,0.009500928,-0.07142635,0.9974006,0.003874382,-0.002303345,-0.01679875,5.44,66
0,-0.964056,-3.678072,6.957528,-1.140997,-4.849002,10.4091,-0.8431301,-4.310146,8.669615,-0.06985974,0.190846,-0.9791311,0,-0.001945496,0.981501,0.1914468,0,-0.997555,-0.01527929,0.06819606,0,9.041916,3.995282,-28.98667,1,-0.06985966,-0.001945478,-0.997555,0,0.190846,0.9815011,-0.01527932,0,-0.9791308,0.1914468,0.06819611,0,-28.51256,1.645621,11.05763,1,0.9327981,0.9685879,0.01607664,-0.01852605,0.9996991,0.003881782,-0.001985909,-0.01682595,5.46,67
0,-1.132715,-5.194147,7.08607,-1.39702,-6.202555,10.07713,-1.115021,-5.740349,8.572433,-0.07083821,0.2273054,-0.9712438,0,-4.94346E-05,0.9736889,0.2278813,0,-0.997488,-0.01619069,0.06896317,0,9.010133,5.061076,-28.82894,1,-0.07083821,-4.940603E-05,-0.9974877,0,0.2273054,0.9736889,-0.01619072,0,-0.9712435,0.2278813,0.06896313,0,-28.51207,1.642108,11.05757,1,0.9283127,0.9499034,0.01876362,-0.03223149,0.9993043,0.003739846,-0.001889679,-0.0171226,5.48,68
0,-1.47769,-6.580459,6.939044,-1.768204,-7.557623,10.27077,-1.443731,-7.129099,8.594751,-0.07171679,0.2454152,-0.9667618,0,0.000360705,0.9692638,0.2460236,0,-0.9974251,-0.01729526,0.06960106,0,8.983733,5.598547,-28.73718,1,-0.07171681,0.0003607536,-0.9974248,0,0.2454151,0.9692638,-0.0172953,0,-0.9667615,0.2460235,0.06960098,0,-28.51169,1.640313,11.05756,1,0.9257867,0.9228228,0.017789,-0.06342205,0.9978282,0.003738206,-0.002029289,-0.01704811,5.5,69
0,-1.879845,-8.25984,6.919216,-24.6613,0,10.97963,-1.87562,-8.956045,8.629533,-0.07350123,0.2833613,-0.9561925,0,0.001188993,0.95881,0.2840456,0,-0.9972945,-0.01974081,0.07081068,0,8.930068,6.728242,-28.5096,1,-0.07350125,0.001188995,-0.9972942,0,0.2833613,0.95881,-0.01974079,0,-0.9561924,0.2840456,0.07081062,0,-28.51081,1.636303,11.05751,1,0.9253147,0.9172351,0.01554253,-0.08888839,0.9959202,0.003725876,-0.002228966,-0.01695123,5.52,70
0,-26.10613,0.2901945,10.61579,-25.82456,0,10.97626,-25.70891,0,10.75968,-0.07579422,0.3236926,-0.9431218,0,0.001758888,0.9458843,0.3244994,0,-0.997122,-0.02293631,0.07226193,0,8.861854,7.938342,-28.21682,1,-0.07579421,0.001758911,-0.9971218,0,0.3236925,0.9458843,-0.02293632,0,-0.9431214,0.3244993,0.07226187,0,-28.50979,1.631997,11.05742,1,0.9377387,0.9626929,0.02388101,-0.1917536,0.9811525,0.003608078,-0.002956093,-0.01691771,5.54,71
0,-26.07895,0,10.5613,-26.25588,0,10.97606,-26.17045,0,10.77471,-0.0784812,0.3655837,-0.927464,0,0.001716852,0.9303816,0.3665885,0,-0.9969143,-0.02717794,0.07364511,0,8.782888,9.208778,-27.85176,1,-0.07848116,0.001716887,-0.9969139,0,0.3655836,0.9303817,-0.02717798,0,-0.9274637,0.3665885,0.07364509,0,-28.50879,1.627377,11.0572,1,0.9699302,0.9648024,0.03186742,-0.2252606,0.9737772,0.003585044,-0.003121872,-0.01696648,5.56,72
0,-26.3708,0.04910165,10.58582,-26.45671,0,10.99002,-26.38268,0,10.78678,-0.08183289,0.4074349,-0.9095606,0,0.001962468,0.9126854,0.4086582,0,-0.9966443,-0.0316567,0.07548738,0,8.68379,10.48435,-27.42731,1,-0.08183298,0.00196251,-0.996644,0,0.4074349,0.9126855,-0.03165669,0,-0.9095603,0.4086582,0.07548724,0,-28.50786,1.622434,11.05696,1,0.9954937,0.9280655,0.03277494,-0.2231644,0.9742297,0.003589789,-0.003126541,-0.01696517,5.58,73
0,-26.29077,0,10.56293,-26.36422,0,10.96896,-26.32815,0,10.76895,-0.08342159,0.4273235,-0.900242,0,0.002044722,0.9034623,0.4286627,0,-0.9965123,-0.03391895,0.07624197,0,8.636801,11.09314,-27.20094,1,-0.08342153,0.002044721,-0.9965122,0,0.4273235,0.9034624,-0.03391898,0,-0.9002419,0.4286626,0.07624201,0,-28.50729,1.620137,11.0568,1,0.9954937,0.9280655,0.03574279,-0.1892309,0.9812819,0.003579118,-0.003044335,-0.01692312,5.6,74
0,-26.22254,0,10.54363,-26.29403,0,10.96005,-26.25889,0,10.75478,-0.08631003,0.4640591,-0.8815892,0,0.00232178,0.8849827,0.4656181,0,-0.9962656,-0.03814061,0.07746029,0,8.551073,12.22053,-26.73925,1,-0.08630999,0.002321804,-0.9962657,0,0.4640592,0.8849828,-0.03814066,0,-0.8815894,0.4656181,0.07746034,0,-28.50605,1.61547,11.05647,1,1,1,0.03544322,-0.1330974,0.990469,0.003622681,-0.002662338,-0.0167155,5.62,75
0,-26.25101,0,10.55593,-26.39773,0,10.99353,-26.32652,0,10.78018,-0.08898807,0.4954555,-0.8640632,0,0.002551794,0.8676153,0.4972295,0,-0.9960296,-0.04204254,0.07847178,0,8.471751,13.19005,-26.29822,1,-0.08898809,0.002551865,-0.9960294,0,0.4954555,0.8676154,-0.04204258,0,-0.864063,0.4972295,0.0784717,0,-28.50452,1.610743,11.05632,1,0.9863447,0.968478,0.0268223,-0.1111106,0.993446,0.003649483,-0.002445335,-0.01670532,5.64,76
0,-26.25732,0,10.53178,-26.40066,0,10.97663,-26.33103,0,10.75959,-0.09229255,0.5243254,-0.8465016,0,0.001363665,0.8501958,0.5264649,0,-0.9957311,-0.04743446,0.07918179,0,8.376182,14.10394,-25.8485,1,-0.09229259,0.001363668,-0.9957309,0,0.5243253,0.8501958,-0.04743444,0,-0.8465016,0.5264648,0.07918174,0,-28.50279,1.605793,11.05616,1,0.9485751,0.9598657,0.0325547,-0.0768904,0.9965079,0.003691567,-0.002280945,-0.01671222,5.66,77
0,-26.43155,0,10.64653,-26.58716,0,11.05418,-26.51178,0,10.85568,-0.09477866,0.5535557,-0.8274015,0,0.00111711,0.8312016,0.5559701,0,-0.9954978,-0.05176979,0.07939851,0,8.303116,15.01884,-25.3494,1,-0.09477861,0.001117094,-0.9954977,0,0.5535556,0.8312015,-0.05176979,0,-0.8274014,0.5559701,0.07939855,0,-28.50093,1.600551,11.05596,1,0.9355316,0.9562548,0.002021355,-0.08404588,0.9964598,0.003854134,-0.002259964,-0.01698477,5.68,78
0,-27.18223,0,10.75331,-27.20316,0,11.08113,-27.19281,0,10.91856,-0.09753466,0.6011266,-0.7931798,0,0.00161317,0.797074,0.6038796,0,-0.995231,-0.0576196,0.07871211,0,8.220942,16.49975,-24.43564,1,-0.09753464,0.00161323,-0.9952306,0,0.6011264,0.797074,-0.05761963,0,-0.7931795,0.6038794,0.07871202,0,-28.49845,1.591399,11.05582,1,0.9593325,0.9581621,0.001315308,-0.227273,0.9738302,0.003962112,-0.003245758,-0.01696337,5.72,79
0,-27.40574,0,10.81745,-27.46656,0,11.08054,-27.43672,0,10.95079,-0.1001707,0.635257,-0.765777,0,0.001530647,0.7697456,0.6383489,0,-0.9949691,-0.06277177,0.07807839,0,8.143225,17.57703,-23.69743,1,-0.1001708,0.001530667,-0.9949691,0,0.6352571,0.7697456,-0.06277175,0,-0.7657769,0.638349,0.07807833,0,-28.49717,1.584924,11.05585,1,0.9414113,0.8876954,-0.0042435,-0.2784744,0.9604343,0.004053133,-0.003609581,-0.01706162,5.74,80
0,-27.68354,0,10.8015,-27.71326,0,11.07739,-27.69861,0,10.9408,-0.1034073,0.6674114,-0.7374747,0,0.001328439,0.7415415,0.6709057,0,-0.9946383,-0.06839678,0.07756734,0,8.047987,18.60407,-22.93185,1,-0.1034072,0.001328433,-0.9946381,0,0.6674115,0.7415416,-0.06839681,0,-0.7374746,0.6709056,0.07756738,0,-28.496,1.578723,11.05606,1,0.9002302,0.7877958,0.01464845,-0.3506227,0.9364023,0.003907898,-0.004039726,-0.01721687,5.76,81
0,-27.72104,0,10.81516,-27.74347,0,11.08436,-27.7324,0,10.95089,-0.1076924,0.6896131,-0.7161259,0,0.0006832778,0.7203662,0.6935936,0,-0.9941841,-0.07420537,0.07804918,0,7.922058,19.33725,-22.35964,1,-0.1076923,0.0006833509,-0.994184,0,0.689613,0.7203662,-0.07420541,0,-0.7161258,0.6935936,0.07804912,0,-28.49439,1.573195,11.05606,1,0.8723766,0.7496591,0.00990669,-0.3375226,0.9412652,0.003931061,-0.00395385,-0.01716448,5.78,82
0,-27.68423,0,10.77308,-27.70082,0,11.08336,-27.69263,0,10.92949,-0.1095401,0.6980021,-0.7076681,0,0.0005868375,0.7119976,0.7021817,0,-0.9939822,-0.07650173,0.07840192,0,7.867376,19.61592,-22.13348,1,-0.1095401,0.0005868809,-0.9939821,0,0.6980021,0.7119976,-0.07650176,0,-0.707668,0.7021817,0.07840189,0,-28.49331,1.570622,11.05599,1,0.8747068,0.7365711,0.01858288,-0.3063578,0.9517351,0.003984527,-0.003645028,-0.01706121,5.8,83
0,-27.67187,0,10.80206,-27.6861,0,11.08202,-27.67907,0,10.94303,-0.1134592,0.712656,-0.6922777,0,0.0001416802,0.6967887,0.7172765,0,-0.9935426,-0.08128357,0.07915807,0,7.751565,20.11206,-21.72179,1,-0.1134592,0.0001416628,-0.9935427,0,0.712656,0.6967887,-0.08128356,0,-0.6922777,0.7172765,0.07915809,0,-28.491,1.56557,11.05575,1,0.9149125,0.7794537,0.008800018,-0.2803057,0.9598705,0.003963112,-0.003445618,-0.01697851,5.82,84
0,-27.66427,0,10.79988,-27.67659,0,11.0974,-27.67051,0,10.94969,-0.1169099,0.7305024,-0.6728286,0,0.0001896322,0.6774908,0.7355312,0,-0.9931425,-0.08586326,0.07934391,0,7.6489,20.70359,-21.19356,1,-0.1169099,0.0001896606,-0.9931425,0,0.7305024,0.6774908,-0.08586327,0,-0.6728287,0.7355313,0.07934389,0,-28.48942,1.56058,11.0557,1,0.9610907,0.8693817,0.002980907,-0.2507109,0.9680575,0.003942092,-0.003415169,-0.0169583,5.84,85
0,-27.67127,0,10.80231,-27.70958,0,11.09833,-27.69072,0,10.95193,-0.1201296,0.7489287,-0.6516708,0,0.0001280308,0.6564361,0.7543817,0,-0.9927584,-0.09054008,0.07895339,0,7.553273,21.31521,-20.61188,1,-0.1201296,0.0001281325,-0.992758,0,0.7489287,0.6564361,-0.0905401,0,-0.6516707,0.7543816,0.07895327,0,-28.48836,1.55618,11.05583,1,1,1,0.001794055,-0.2326926,0.9725487,0.003961335,-0.003478135,-0.01697126,5.86,86
0,-27.62803,0,10.79926,-27.63711,0,11.081,-27.63263,0,10.94096,-0.1237128,0.7627583,-0.6347402,0,-0.0008983016,0.6395676,0.7687345,0,-0.9923178,-0.09567231,0.07843757,0,7.448112,21.79361,-20.14235,1,-0.1237127,-0.0008981569,-0.9923176,0,0.7627582,0.6395676,-0.09567244,0,-0.63474,0.7687343,0.07843746,0,-28.48698,1.552323,11.05586,1,1,1,0.00317913,-0.1824184,0.9832159,0.004021576,-0.00333461,-0.0168929,5.88,87
0,-27.59597,0,10.78875,-27.6353,0,11.09359,-27.61593,0,10.94277,-0.1299257,0.7771307,-0.6157821,0,-0.001996934,0.6208397,0.7839351,0,-0.9915219,-0.1030828,0.07911122,0,7.264132,22.31536,-19.628,1,-0.1299256,-0.001996787,-0.9915216,0,0.7771304,0.6208398,-0.103083,0,-0.6157818,0.7839349,0.07911115,0,-28.48472,1.54731,11.05567,1,1,1,-0.001036761,-0.1509045,0.9885477,0.004013191,-0.003098679,-0.01664552,5.92,88
0,-27.60285,0,10.78366,-27.60439,0,11.07197,-27.60365,0,10.92854,-0.1341077,0.7838336,-0.6063169,0,-0.002996653,0.6115202,0.7912233,0,-0.9909624,-0.1079259,0.07966065,0,7.140308,22.5743,-19.37307,1,-0.1341076,-0.00299661,-0.9909621,0,0.7838335,0.6115202,-0.107926,0,-0.6063167,0.7912231,0.07966066,0,-28.48313,1.54518,11.0554,1,1,1,0.004646027,-0.1327941,0.9911327,0.004044662,-0.002994148,-0.01675574,5.94,89
0,-27.56493,0,10.77419,-27.60688,0,11.09469,-27.58624,0,10.93625,-0.1393492,0.7875677,-0.6002659,0,-0.003613114,0.6057717,0.7956303,0,-0.9902368,-0.1130392,0.08156824,0,6.983907,22.74574,-19.22627,1,-0.1393491,-0.003613084,-0.9902366,0,0.7875675,0.6057718,-0.1130393,0,-0.6002657,0.7956303,0.08156823,0,-28.48148,1.543514,11.05513,1,1,1,-0.002998404,-0.1183462,0.9929678,0.003962296,-0.002967224,-0.01663707,5.96,90
