flag,xl,yl,zl,xr,yr,zr,xc,yc,zc,mat_00,mat_10,mat_20,mat_30,mat_01,mat_11,mat_21,mat_31,mat_02,mat_12,mat_22,mat_32,mat_03,mat_13,mat_23,mat_33,ctw_00,ctw_10,ctw_20,ctw_30,ctw_01,ctw_11,ctw_21,ctw_31,ctw_02,ctw_12,ctw_22,ctw_32,ctw_03,ctw_13,ctw_23,ctw_33,opennessl,opennessr,ray_x,ray_y,ray_z,eye_x,eye_y,eye_z,time,frame
0,-0.7796879,1.740476,7.289383,-0.7023182,1.168932,7.618356,-0.7410755,1.455269,7.453601,-0.1207846,0.02034152,-0.9924703,0,0.009364221,0.9997689,0.01935147,0,-0.9926345,0.00695635,0.1209472,0,7.502536,-0.9962777,-29.76095,1,-0.1207847,0.009364221,-0.9926346,0,0.02034152,0.9997688,0.00695635,0,-0.9924703,0.01935147,0.1209472,0,-28.6104,1.50171,11.05371,1,0,0,0.007301089,0.01757802,0.9998189,0.001598724,0.0009831162,-0.02783247,4.06,1
0,-0.7145786,1.887079,8.059039,-0.6352367,1.315277,8.407661,-0.6749878,1.601782,8.233046,-0.09286904,0.01364141,-0.9955848,0,-0.003246521,0.9998967,0.01400333,0,-0.9956731,-0.004532663,0.09281516,0,8.339284,-1.063396,-29.53668,1,-0.09286903,-0.00324652,-0.9956729,0,0.01364141,0.9998966,-0.004532662,0,-0.9955848,0.01400333,0.09281515,0,-28.6173,1.503971,11.03983,1,0,0,0.007034407,0.01745621,0.9998229,0.001599143,0.000984726,-0.02783786,4.08,2
0,-0.7098675,1.830337,8.061903,-0.6318645,1.2782,8.412456,-0.6709404,1.554848,8.236878,-0.09341419,0.01509561,-0.9955131,0,-0.003447622,0.9998742,0.01548525,0,-0.9956216,-0.004878691,0.09335041,0,8.323561,-1.017745,-29.54261,1,-0.09341419,-0.003447619,-0.9956213,0,0.01509561,0.9998742,-0.004878693,0,-0.9955127,0.01548525,0.09335036,0,-28.61715,1.503788,11.03996,1,0.9568611,0.9467934,0.006347762,0.01727262,0.9998307,0.001599473,0.0009859238,-0.02783919,4.1,3
0,-0.705225,1.793205,8.079415,-0.6288242,1.271087,8.437445,-0.6670971,1.532691,8.258122,-0.09388256,0.01597624,-0.9954551,0,-0.003542634,0.9998596,0.01638103,0,-0.9955771,-0.005064424,0.0938127,0,8.30994,-0.9903855,-29.54739,1,-0.09388247,-0.003542632,-0.9955769,0,0.01597624,0.9998596,-0.005064426,0,-0.995455,0.01638103,0.09381276,0,-28.61712,1.503702,11.04009,1,0.9661272,0.9276357,0.005119588,0.01737877,0.9998359,0.001601509,0.0009898987,-0.02784321,4.12,4
0,-0.699131,1.795056,8.142109,-0.6293964,1.275759,8.435369,-0.6643295,1.53595,8.2885,-0.09442055,0.01659785,-0.9953941,0,-0.00369009,0.9998483,0.01702215,0,-0.9955255,-0.005280336,0.09434497,0,8.294374,-0.9700829,-29.55251,1,-0.09442054,-0.003690091,-0.9955255,0,0.01659784,0.9998482,-0.005280335,0,-0.995394,0.01702215,0.09434497,0,-28.61713,1.50359,11.04027,1,0.9628935,0.9391651,0.003500415,0.018134,0.9998294,0.001604684,0.0009902192,-0.02784527,4.14,5
0,-0.6986637,1.783015,8.137348,-0.6374226,1.376232,8.4336,-0.6680965,1.580013,8.285248,-0.09451294,0.01656197,-0.9953859,0,-0.003735398,0.9998487,0.01699091,0,-0.9955167,-0.005324022,0.09443676,0,8.291733,-0.9705766,-29.55339,1,-0.09451292,-0.003735397,-0.9955166,0,0.01656197,0.9998487,-0.005324022,0,-0.9953858,0.01699091,0.09443676,0,-28.61728,1.503542,11.04032,1,0.9628935,0.9391651,0.003530912,0.01967204,0.9998002,0.00160781,0.0009905243,-0.02784191,4.16,6
0,-0.6989689,1.789913,8.139691,-0.6368237,1.408069,8.464568,-0.6679516,1.599353,8.301876,-0.09477234,0.01688442,-0.9953558,0,-0.003533985,0.9998441,0.01729704,0,-0.9954928,-0.005156854,0.09469783,0,8.283895,-0.9631501,-29.5561,1,-0.09477227,-0.003533987,-0.9954927,0,0.01688442,0.9998441,-0.005156855,0,-0.9953557,0.01729704,0.0946979,0,-28.61749,1.503508,11.04049,1,0.9588215,0.9356096,0.002684812,0.02066336,0.9997829,0.001611862,0.0009893647,-0.02783004,4.18,7
0,-0.6232281,1.308018,8.522715,-0.5373421,0.7959932,8.984009,-0.5803738,1.052572,8.752918,-0.09507287,0.01637637,-0.9953357,0,-0.003788202,0.9998515,0.01681251,0,-0.9954633,-0.005368945,0.09499669,0,8.275538,-0.9753252,-29.5584,1,-0.09507282,-0.003788201,-0.995463,0,0.01637637,0.9998515,-0.005368946,0,-0.9953355,0.01681251,0.09499669,0,-28.61777,1.503481,11.04071,1,0.959795,0.9295051,-0.01378575,0.0006983548,0.9999047,0.001758011,0.0009246522,-0.02801687,4.2,8
0,-0.5832253,1.155029,8.804721,-0.53298,0.2984288,9.318949,-0.5244579,0.7265799,9.059044,-0.09554148,0.0159017,-0.9952986,0,-0.003888759,0.9998588,0.01634785,0,-0.995418,-0.005432373,0.09546614,0,8.261958,-0.9881943,-29.56198,1,-0.09554144,-0.003888759,-0.9954177,0,0.0159017,0.9998589,-0.005432374,0,-0.9952983,0.01634785,0.09546612,0,-28.61791,1.503458,11.0409,1,0.9491252,0.94741,-0.02517863,-0.01135058,0.9996185,0.001788551,0.0008400651,-0.02797209,4.22,9
0,-0.5372982,0.5876337,8.820841,-0.5108166,0.2045814,9.251657,-0.5010433,0.3954246,9.034391,-0.0959636,0.01562027,-0.9952622,0,-0.004007847,0.9998627,0.01607891,0,-0.9953768,-0.005531847,0.09588778,0,8.249827,-0.9950771,-29.56537,1,-0.09596356,-0.004007846,-0.9953767,0,0.01562027,0.9998627,-0.005531848,0,-0.9952624,0.01607891,0.09588782,0,-28.61807,1.503383,11.04114,1,0.9495849,0.9429331,-0.0247211,-0.02330931,0.9994227,0.001782784,0.0007033234,-0.02786319,4.24,10
0,-0.5314159,0.2305491,8.599547,-0.4820385,0.1574049,9.137063,-0.501894,0.1938164,8.86748,-0.09690952,0.01574041,-0.9951689,0,-0.004275466,0.9998592,0.01623094,0,-0.9952841,-0.005827742,0.09682858,0,8.222532,-0.9883448,-29.57354,1,-0.0969095,-0.004275464,-0.9952839,0,0.0157404,0.9998591,-0.005827741,0,-0.9951686,0.01623094,0.09682856,0,-28.61826,1.503367,11.04156,1,0.9337394,0.9105026,-0.01971546,-0.03025714,0.9993477,0.001823021,0.000911171,-0.02852458,4.28,11
0,-0.5318012,0.2249322,8.591257,-0.4745007,0.1454411,9.104888,-0.5032063,0.1852657,8.847614,-0.0974679,0.01569356,-0.995115,0,-0.003914189,0.9998619,0.01615181,0,-0.995231,-0.00546935,0.09739304,0,8.205626,-0.9936637,-29.57814,1,-0.09746792,-0.003914188,-0.995231,0,0.01569356,0.9998619,-0.00546935,0,-0.9951149,0.01615181,0.09739301,0,-28.61827,1.503385,11.04176,1,0.9201127,0.8889842,-0.019579,-0.03063081,0.999339,0.001823876,0.0009123764,-0.02852125,4.3,12
0,-0.5263348,0.2192564,8.641801,-0.4742279,0.103303,9.121015,-0.4980259,0.1612825,8.880819,-0.09804428,0.01573942,-0.9950576,0,-0.003620008,0.9998627,0.01617211,0,-0.9951755,-0.0051877,0.09797394,0,8.18833,-0.9954308,-29.58314,1,-0.09804437,-0.003620006,-0.9951754,0,0.01573942,0.9998626,-0.005187699,0,-0.9950575,0.01617211,0.09797382,0,-28.61844,1.503358,11.04203,1,0.9319616,0.8971506,-0.02134274,-0.03145354,0.9992773,0.001824432,0.0009173203,-0.02852316,4.32,13
0,-0.5260201,0.2045265,8.633358,-0.4756565,0.0946971,9.05342,-0.5008793,0.1497216,8.843026,-0.09861088,0.01596432,-0.994998,0,-0.003625433,0.9998589,0.01640162,0,-0.9951195,-0.005224676,0.09853911,0,8.171769,-0.9885653,-29.58803,1,-0.09861092,-0.003625433,-0.9951196,0,0.01596432,0.9998589,-0.005224677,0,-0.994998,0.01640162,0.0985391,0,-28.61842,1.503344,11.0423,1,0.9244132,0.9032435,-0.02055847,-0.03162906,0.9992883,0.001825158,0.0009145432,-0.0285131,4.34,14
0,-0.4977436,0.003517859,8.759778,-0.4887791,0.02151328,8.864058,-0.4932632,0.01249715,8.811882,-0.09867179,0.0163946,-0.994985,0,-0.003637566,0.9998516,0.01683552,0,-0.9951134,-0.005280514,0.09859753,0,8.170137,-0.97569,-29.58883,1,-0.0986718,-0.003637565,-0.9951134,0,0.0163946,0.9998516,-0.005280515,0,-0.994985,0.01683552,0.09859753,0,-28.61829,1.503408,11.04245,1,0.9279758,0.9066617,-0.01951462,-0.03601931,0.9991605,0.001841828,0.0008588868,-0.02851949,4.36,15
0,-0.6636696,-1.312324,9.547976,-0.690588,-1.798517,9.494106,-0.6771183,-1.555097,9.521122,-0.09911382,0.01668132,-0.9949363,0,-0.003455052,0.9998477,0.01710785,0,-0.9950702,-0.00513318,0.0990411,0,8.15704,-0.9690663,-29.59273,1,-0.09911383,-0.003455051,-0.9950701,0,0.01668132,0.9998476,-0.00513318,0,-0.9949363,0.01710785,0.09904109,0,-28.61824,1.50337,11.04275,1,0.9200186,0.9035832,-0.04423903,-0.09173178,0.9948006,0.001890816,0.0006913148,-0.02849004,4.38,16
0,-0.7333794,-1.998046,9.617363,-0.6717682,-2.202937,9.260595,-0.7027073,-2.100116,9.439739,-0.09949374,0.01736954,-0.9948866,0,-0.003049267,0.9998376,0.01776092,0,-0.9950336,-0.004800773,0.0994246,0,8.145424,-0.9529837,-29.59662,1,-0.0994937,-0.003049265,-0.9950334,0,0.01736953,0.9998376,-0.004800774,0,-0.9948865,0.01776092,0.0994246,0,-28.61831,1.50333,11.04303,1,0.9374889,0.9284055,-0.04156497,-0.1102353,0.993036,0.001931733,0.0007859344,-0.02927362,4.4,17
0,-0.7736797,-2.127419,9.754762,-0.67626,-2.476772,8.907383,-0.6953964,-2.305295,9.331494,-0.09980059,0.01820995,-0.9948408,0,-0.002903103,0.9998229,0.01859238,0,-0.9950032,-0.004743657,0.09973001,0,8.136428,-0.9294226,-29.60003,1,-0.09980056,-0.002903105,-0.9950033,0,0.01820995,0.999823,-0.004743657,0,-0.9948409,0.01859238,0.09973005,0,-28.61837,1.503214,11.04338,1,0.9305269,0.9058501,-0.03801056,-0.1164786,0.9924656,0.001923691,0.0007325669,-0.02905319,4.42,18
0,-0.7671261,-2.196294,9.699657,-0.6650143,-2.530443,9.062615,-0.7111416,-2.363306,9.382451,-0.09962904,0.01985466,-0.9948267,0,-0.002590005,0.9997923,0.02021315,0,-0.9950215,-0.004590419,0.09955704,0,8.141408,-0.8838714,-29.60026,1,-0.09962913,-0.002589999,-0.9950211,0,0.01985466,0.9997923,-0.004590421,0,-0.9948264,0.02021315,0.0995569,0,-28.61845,1.503088,11.04373,1,0.9275203,0.8963522,-0.03961882,-0.1169694,0.992345,0.001932304,0.0007139511,-0.0290031,4.44,19
0,-0.8026733,-2.462057,9.765615,-0.6800327,-2.663861,9.016376,-0.7292976,-2.564231,9.392403,-0.09949017,0.02354968,-0.9947597,0,-0.002010892,0.9997131,0.02386806,0,-0.9950364,-0.004374993,0.09941423,0,8.145282,-0.7799582,-29.60216,1,-0.09949014,-0.002010894,-0.9950365,0,0.02354968,0.9997131,-0.004374993,0,-0.9947599,0.02386806,0.09941427,0,-28.6183,1.50266,11.04432,1,0.9282554,0.9090791,-0.03979697,-0.1203922,0.9919284,0.001926841,0.0007205887,-0.02902656,4.48,20
0,-0.8324986,-2.608548,9.848812,-0.6927357,-2.789662,8.987461,-0.7461796,-2.70112,9.419824,-0.09913218,0.02790238,-0.994683,0,-0.001334817,0.9996021,0.02817339,0,-0.9950734,-0.00412061,0.09905553,0,8.155319,-0.6576366,-29.6022,1,-0.09913219,-0.001334816,-0.9950733,0,0.02790237,0.9996022,-0.00412061,0,-0.9946829,0.0281734,0.09905548,0,-28.618,1.502255,11.04469,1,0.923905,0.897493,-0.04042243,-0.1209382,0.9918367,0.001923042,0.0007314072,-0.02905705,4.5,21
0,-0.8615646,-2.819912,9.904881,-0.7100105,-2.964561,8.95118,-0.7638226,-2.895333,9.429848,-0.09867156,0.03435659,-0.9945269,0,-0.0005926751,0.9994016,0.0345838,0,-0.9951199,-0.004001866,0.09859216,0,8.168385,-0.473267,-29.60188,1,-0.09867156,-0.0005926727,-0.9951198,0,0.03435659,0.9994016,-0.004001867,0,-0.9945268,0.03458379,0.09859214,0,-28.61761,1.50157,11.04514,1,0.9349155,0.906552,-0.04032994,-0.1213692,0.9917877,0.001919601,0.0007365189,-0.02906923,4.52,22
0,-0.8994045,-3.075682,9.984955,-0.7408772,-3.287636,8.894566,-0.7895679,-3.186192,9.44178,-0.09799671,0.04399917,-0.9942137,0,0.0005476978,0.9990244,0.04415809,0,-0.9951867,-0.003782814,0.09792519,0,8.187145,-0.1981798,-29.59959,1,-0.09799667,0.0005477013,-0.9951865,0,0.04399917,0.9990244,-0.003782819,0,-0.9942135,0.04415809,0.09792519,0,-28.61728,1.500564,11.04553,1,0.9272885,0.8974501,-0.04013119,-0.1220206,0.991716,0.00191632,0.0007476654,-0.02906731,4.54,23
0,-0.8923473,-3.0458,9.963545,-0.7331467,-3.109622,8.832518,-0.7721958,-3.084267,9.399364,-0.09765947,0.04915257,-0.9940055,0,0.0009964481,0.9987839,0.04929097,0,-0.9952195,-0.003823251,0.09758973,0,8.196643,-0.04934859,-29.59744,1,-0.09765948,0.0009964535,-0.9952192,0,0.04915257,0.998784,-0.003823254,0,-0.9940053,0.04929096,0.09758966,0,-28.61711,1.500007,11.04567,1,0.9167837,0.9059844,-0.03842474,-0.113245,0.9928238,0.001831231,0.0006754075,-0.02877316,4.56,24
0,-0.8913097,-3.977892,7.924301,-1.029707,-4.181378,6.692804,-0.9603939,-4.079478,7.309558,-0.09719956,0.06039054,-0.993431,0,0.001095153,0.9981633,0.06057106,0,-0.9952643,-0.004799519,0.09708714,0,8.210546,0.2850477,-29.5917,1,-0.09719954,0.001095154,-0.9952644,0,0.06039054,0.9981633,-0.004799522,0,-0.993431,0.06057106,0.09708719,0,-28.61646,1.498884,11.04601,1,0.9154906,0.8860487,0.03591181,-0.1362198,0.9900275,0.001430253,0.0005998611,-0.02876306,4.58,25
0,-1.113972,-4.604599,6.178027,-1.247366,-4.621815,4.850498,-1.180557,-4.613195,5.515352,-0.09727728,0.07228181,-0.9926291,0,0.002004955,0.9973714,0.07243066,0,-0.9952552,-0.005055685,0.09716642,0,8.207256,0.6304359,-29.58664,1,-0.09727719,0.002004945,-0.9952553,0,0.07228182,0.9973715,-0.00505568,0,-0.9926291,0.07243066,0.09716651,0,-28.61575,1.497746,11.04633,1,0.9079447,0.8613818,0.09843748,-0.1424387,0.9848967,0.0009794161,0.000571579,-0.02883173,4.6,26
0,-1.227747,-4.874841,5.365772,-26.44321,0.9811491,10.54306,-26.40454,0.9755345,10.54469,-0.09742296,0.08605138,-0.9915161,0,0.003936298,0.9962806,0.08607812,0,-0.9952354,-0.004483078,0.09739935,0,8.200285,1.021027,-29.57695,1,-0.09742295,0.003936304,-0.9952351,0,0.08605136,0.9962806,-0.00448308,0,-0.9915159,0.08607811,0.0973993,0,-28.61498,1.496419,11.04656,1,0.91124,0.8456997,0.1194531,-0.1389468,0.9830691,0.0008683326,0.0006062317,-0.02882393,4.62,27
0,-26.37153,0.9357943,10.54353,-26.51184,0.9646273,10.54797,-26.4364,0.9488047,10.54317,-0.09818888,0.1013747,-0.9899909,0,0.005818628,0.9948395,0.1012941,0,-0.9951508,-0.004185554,0.09827197,0,8.17481,1.45985,-29.56478,1,-0.0981888,0.005818626,-0.9951507,0,0.1013747,0.9948395,-0.004185561,0,-0.989991,0.1012941,0.09827203,0,-28.61418,1.494854,11.04667,1,0.9002492,0.854208,0.1215743,-0.1378054,0.9829697,0.0008612061,0.0006323853,-0.0288056,4.64,28
0,-26.47768,0.9625936,10.5474,-26.5171,0.9338996,10.54643,-26.48054,0.9437904,10.54271,-0.09881568,0.1095194,-0.9890608,0,0.006751228,0.9939761,0.1093892,0,-0.995083,-0.004131977,0.0989598,0,8.154816,1.69431,-29.55721,1,-0.09881564,0.006751242,-0.9950827,0,0.1095194,0.9939761,-0.004131992,0,-0.9890605,0.1093892,0.09895979,0,-28.61361,1.494081,11.04669,1,0.8898827,0.8508349,0.1250572,-0.1363321,0.9827381,0.0008581234,0.0006599351,-0.02879257,4.66,29
0,-26.42997,0.9612146,10.54661,-26.51478,0.9154526,10.54802,-26.46539,0.9359837,10.54503,-0.09986627,0.1278879,-0.986748,0,0.00834221,0.9917783,0.1276956,0,-0.9949661,-0.004520804,0.1001121,0,8.121193,2.229083,-29.52986,1,-0.09986623,0.008342231,-0.9949656,0,0.1278879,0.9917784,-0.004520824,0,-0.9867477,0.1276956,0.100112,0,-28.61256,1.492328,11.04668,1,0.8901976,0.863825,0.1212581,-0.1197025,0.9853769,0.0008627232,0.0006923676,-0.02871208,4.68,30
0,-26.49743,0.9696553,10.54747,-26.51149,0.9635916,10.54797,-26.50537,0.9668385,10.54786,-0.1010274,0.149363,-0.9836078,0,0.01066043,0.9887719,0.1490522,0,-0.9948266,-0.00457266,0.1014853,0,8.083179,2.850573,-29.48577,1,-0.1010273,0.01066044,-0.9948265,0,0.149363,0.9887719,-0.004572671,0,-0.9836078,0.1490522,0.1014853,0,-28.61158,1.490184,11.04677,1,0.8793671,0.8873113,0.1228666,-0.08929719,0.9883976,0.0008630212,0.0007854843,-0.02870623,4.7,31
0,-26.51052,0.9132423,10.54795,-26.60047,0.910938,10.54922,-26.55958,0.9129736,10.54877,-0.1020666,0.1754933,-0.9791756,0,0.01356017,0.98447,0.1750287,0,-0.9946853,-0.004586771,0.1028613,0,8.047709,3.607088,-29.41161,1,-0.1020666,0.0135602,-0.9946849,0,0.1754932,0.98447,-0.004586804,0,-0.9791753,0.1750287,0.1028612,0,-28.61074,1.487677,11.04679,1,0.8890616,0.8734319,0.1251666,-0.09222494,0.9878401,0.0008620145,0.0008358765,-0.02873667,4.72,32
0,-26.56438,0.908116,10.5482,-26.59213,0.880806,10.54806,-26.56206,0.8896982,10.54405,-0.1036719,0.2064389,-0.9729517,0,0.016477,0.9784451,0.2058488,0,-0.9944751,-0.00530941,0.1048387,0,7.995202,4.512386,-29.29992,1,-0.1036719,0.016477,-0.9944749,0,0.2064389,0.9784451,-0.005309409,0,-0.9729518,0.2058488,0.1048388,0,-28.61006,1.484495,11.04675,1,0.8922606,0.87402,0.1247777,-0.07093102,0.989646,0.0008583385,0.0009100189,-0.02873316,4.74,33
0,-26.74963,0.8500708,10.59095,-26.80695,0.8425109,10.59811,-26.78973,0.8500708,10.59689,-0.1073471,0.2634562,-0.9586802,0,0.0212362,0.9646395,0.262716,0,-0.9939948,-0.007843077,0.1091461,0,7.87779,6.197387,-29.02095,1,-0.1073471,0.02123621,-0.9939948,0,0.2634561,0.9646394,-0.007843088,0,-0.9586799,0.262716,0.1091461,0,-28.60888,1.478728,11.04661,1,0.8623958,0.8612166,0.11846,-0.06210148,0.991015,0.0008902512,0.0008739167,-0.02868217,4.78,34
0,-26.73798,0.6537662,10.61579,-26.76719,0.6101743,10.59791,-26.76719,0.6385164,10.61019,-0.1111223,0.3107625,-0.9439695,0,0.02469882,0.9504224,0.3099794,0,-0.9934998,-0.01113066,0.1132886,0,7.759015,7.612603,-28.71323,1,-0.1111223,0.02469886,-0.9934998,0,0.3107625,0.9504223,-0.01113067,0,-0.9439695,0.3099793,0.1132885,0,-28.60793,1.473682,11.04619,1,0.8654087,0.8644395,0.09875758,-0.1037368,0.9896896,0.000983499,0.0005720215,-0.02863305,4.8,35
0,-25.86691,0,10.43814,-26.76719,0.4247137,10.60768,-26.76049,0.4496997,10.61579,-0.1131959,0.3344353,-0.9355959,0,0.02672544,0.9423323,0.3336099,0,-0.9932132,-0.01275901,0.1156061,0,7.693528,8.321983,-28.5328,1,-0.1131959,0.02672547,-0.9932131,0,0.3344353,0.9423323,-0.01275905,0,-0.9355958,0.3336099,0.1156061,0,-28.60746,1.471137,11.04606,1,0.8654087,0.8644395,0.08704511,-0.1556531,0.9839691,0.001019958,0.0003264313,-0.02880109,4.82,36
0,-26.76614,0.1562588,10.61463,-26.76719,0.1018529,10.61295,-26.76678,0.1292972,10.61399,-0.1180723,0.3840066,-0.91575,0,0.03040941,0.9231664,0.3831958,0,-0.9925393,-0.01739739,0.1206778,0,7.540979,9.824295,-28.09063,1,-0.1180723,0.03040942,-0.9925392,0,0.3840066,0.9231664,-0.01739738,0,-0.9157497,0.3831958,0.1206778,0,-28.6062,1.465433,11.04555,1,0.8582023,0.8551383,0.07230763,-0.221843,0.9723976,0.001174942,-5.951693E-05,-0.02886825,4.84,37
0,-26.93485,0,10.65974,-26.96468,0,10.65685,-26.94985,0,10.65813,-0.1229326,0.4316065,-0.8936462,0,0.03494906,0.9018005,0.4307372,0,-0.9917995,-0.02171952,0.1259449,0,7.386914,11.26974,-27.58212,1,-0.1229325,0.03494905,-0.9917994,0,0.4316065,0.9018005,-0.02171952,0,-0.8936461,0.4307372,0.1259449,0,-28.60466,1.459418,11.04494,1,0.8631014,0.8514966,0.05643931,-0.2616188,0.9635198,0.00120926,-0.000183548,-0.02890126,4.86,38
0,-27.13809,0,10.70285,-27.19329,0,10.72655,-27.16604,0,10.71448,-0.128013,0.4775852,-0.8692096,0,0.03967877,0.8781848,0.4766729,0,-0.9909785,-0.0265311,0.1313691,0,7.225385,12.67751,-27.00556,1,-0.128013,0.03967885,-0.9909784,0,0.4775851,0.8781848,-0.02653117,0,-0.8692093,0.4766729,0.131369,0,-28.60313,1.452929,11.04424,1,0.8518371,0.7595516,0.03999126,-0.2767632,0.9601056,0.001285164,-0.0003073654,-0.02893747,4.88,39
0,-27.39433,0,10.75412,-27.42336,0,10.7813,-27.40897,0,10.76759,-0.1335971,0.522323,-0.8422178,0,0.04426204,0.8521326,0.5214509,0,-0.990047,-0.032386,0.1369616,0,7.048392,14.06444,-26.35547,1,-0.1335971,0.04426209,-0.9900467,0,0.5223229,0.8521326,-0.03238605,0,-0.8422175,0.5214508,0.1369615,0,-28.60157,1.446337,11.04341,1,0.8382757,0.7129469,0.0251542,-0.3122669,0.9496613,0.001384003,-0.0004005738,-0.02896663,4.9,40
0,-27.53926,0,10.79246,-27.59731,0,10.83443,-27.56875,0,10.81331,-0.1398777,0.5775238,-0.8043013,0,0.05208471,0.8154539,0.5764738,0,-0.988798,-0.03874403,0.1441439,0,6.843325,15.77235,-25.42134,1,-0.1398776,0.05208468,-0.9887978,0,0.5775239,0.815454,-0.03874402,0,-0.8043013,0.5764738,0.1441439,0,-28.59809,1.436678,11.04208,1,0.8490601,0.6745762,0.003241694,-0.3138285,0.9494742,0.00153389,-0.0003508682,-0.02894774,4.94,41
0,-27.60539,0,10.81286,-27.63187,0,10.8604,-27.61875,0,10.83658,-0.1421301,0.6097911,-0.779714,0,0.05813086,0.7914934,0.608407,0,-0.9881397,-0.0411475,0.1479428,0,6.762835,16.75999,-24.80018,1,-0.1421301,0.0581309,-0.9881395,0,0.609791,0.7914934,-0.04114752,0,-0.7797139,0.608407,0.1479427,0,-28.59594,1.430048,11.04126,1,0.8490601,0.6745762,-0.01206799,-0.2976694,0.9545928,0.001615707,-0.0002214127,-0.02890309,4.96,42
0,-27.56827,0,10.83694,-27.63786,0,10.8511,-27.60362,0,10.84366,-0.1451583,0.6464572,-0.7490141,0,0.06199715,0.7614876,0.6452078,0,-0.9874641,-0.0472205,0.1506147,0,6.663085,17.92211,-23.99913,1,-0.1451583,0.06199716,-0.9874641,0,0.6464571,0.7614874,-0.04722052,0,-0.7490141,0.6452077,0.1506147,0,-28.59437,1.423867,11.04047,1,0.8127814,0.6455063,-0.02224421,-0.2449534,0.9692796,0.001704811,-8.72041E-06,-0.02884477,4.98,43
0,-27.64746,0,10.8321,-27.6636,0,10.8786,-27.65558,0,10.85532,-0.1482592,0.6750492,-0.7227225,0,0.06451905,0.7358443,0.6740701,0,-0.9868417,-0.05330768,0.1526492,0,6.563875,18.84595,-23.30563,1,-0.1482591,0.06451905,-0.9868418,0,0.6750492,0.7358444,-0.05330771,0,-0.7227224,0.6740701,0.1526492,0,-28.59229,1.418451,11.03973,1,0.7777624,0.645746,-0.02885104,-0.2311449,0.9724915,0.001728043,0.0001038361,-0.02881137,5,44
0,-27.64845,0,10.82817,-27.68922,0,10.88634,-27.66908,0,10.85724,-0.1494317,0.6848766,-0.7131721,0,0.06582499,0.7265608,0.6839418,0,-0.9865786,-0.05525801,0.1536533,0,6.525595,19.16245,-23.05517,1,-0.1494317,0.06582505,-0.9865785,0,0.6848765,0.7265609,-0.05525805,0,-0.713172,0.6839418,0.1536532,0,-28.59108,1.416158,11.03939,1,0.7699198,0.6168344,-0.03069317,-0.2243507,0.9740251,0.001743712,0.0002193985,-0.02878201,5.02,45
0,-27.74005,0,10.84806,-27.76167,0,10.88345,-27.75094,0,10.86568,-0.151461,0.699262,-0.698636,0,0.06832415,0.7125058,0.6983318,0,-0.9860991,-0.0580363,0.1556934,0,6.458581,19.62539,-22.67722,1,-0.1514611,0.06832423,-0.9860991,0,0.699262,0.7125058,-0.05803633,0,-0.698636,0.6983317,0.1556933,0,-28.58819,1.411744,11.03848,1,0.7513409,0.639118,-0.03255222,-0.2446339,0.9690689,0.001764107,0.0002010269,-0.02879022,5.04,46
0,-27.89971,0,10.81913,-27.91672,0,10.88146,-27.90829,0,10.8503,-0.1521163,0.7158183,-0.6815167,0,0.07114005,0.6956823,0.7148184,0,-0.9857991,-0.06025231,0.1567481,0,6.432503,20.14802,-22.21731,1,-0.1521163,0.07114016,-0.985799,0,0.7158182,0.6956824,-0.06025237,0,-0.6815166,0.7148183,0.1567479,0,-28.58529,1.407103,11.03764,1,0.7671399,0.5994232,-0.01251241,-0.3017627,0.953301,0.001612961,-0.0001212921,-0.0288808,5.06,47
0,-27.9942,0,10.83737,-28.00533,0,10.86843,-27.9998,0,10.85285,-0.1526873,0.7381653,-0.6571139,0,0.07319286,0.6715306,0.7373531,0,-0.9855605,-0.06448832,0.1565626,0,6.410666,20.86928,-21.54486,1,-0.1526872,0.07319286,-0.9855604,0,0.7381653,0.6715305,-0.0644884,0,-0.6571139,0.737353,0.1565626,0,-28.58357,1.402593,11.03704,1,0.7859197,0.6411113,-0.007640988,-0.3201356,0.9473409,0.001644501,-0.0004243698,-0.02897814,5.08,48
0,-28.04704,0,10.85608,-28.07396,0,10.90867,-28.06064,0,10.88234,-0.1518058,0.75695,-0.6355956,0,0.07488623,0.6500081,0.7562284,0,-0.9855694,-0.06720248,0.1553601,0,6.433619,21.46748,-20.93866,1,-0.1518057,0.07488622,-0.9855694,0,0.7569499,0.6500081,-0.06720248,0,-0.6355955,0.7562284,0.1553601,0,-28.58167,1.398579,11.03648,1,0.8505834,0.6190423,-0.02199764,-0.3297266,0.9438201,0.001688835,-0.0006366425,-0.02905729,5.1,49
0,-28.09398,0,10.86866,-28.13006,0,10.92056,-28.11224,0,10.89456,-0.1509836,0.7638538,-0.6274802,0,0.07557219,0.6418183,0.763124,0,-0.9856433,-0.06779918,0.1546302,0,6.4571,21.68283,-20.70588,1,-0.1509836,0.0755722,-0.9856433,0,0.7638538,0.6418182,-0.06779913,0,-0.6274801,0.7631239,0.1546301,0,-28.58013,1.396741,11.03623,1,0.8505834,0.6190423,-0.02540133,-0.3508732,0.9360784,0.001710304,-0.0007589188,-0.02910562,5.12,50
0,-28.11398,0,10.87661,-28.15657,0,10.91544,-28.13555,0,10.8959,-0.1492209,0.7745919,-0.6146061,0,0.07627621,0.6287302,0.7738736,0,-0.9858577,-0.06859821,0.1529026,0,6.508953,22.0168,-20.3292,1,-0.1492208,0.07627621,-0.9858574,0,0.7745919,0.6287302,-0.06859831,0,-0.6146059,0.7738734,0.1529026,0,-28.57721,1.393126,11.0356,1,0.8650007,0.6224092,-0.02415484,-0.350228,0.936353,0.001671036,-0.0005834275,-0.02904373,5.14,51
0,-28.12993,0,10.87177,-28.13543,0,10.90849,-28.1327,0,10.89009,-0.146733,0.7867754,-0.599545,0,0.07675776,0.6133341,0.786085,0,-0.9861937,-0.06932485,0.1503875,0,6.583158,22.39455,-19.88364,1,-0.146733,0.0767578,-0.9861934,0,0.7867752,0.6133341,-0.0693249,0,-0.5995448,0.7860848,0.1503874,0,-28.57464,1.38958,11.03502,1,0.8551388,0.6010638,-0.02027911,-0.3309246,0.9434392,0.001680016,-0.0005953903,-0.02904514,5.16,52
0,-28.16151,0,10.88284,-28.15312,0,10.91591,-28.15731,0,10.89938,-0.1446406,0.8020655,-0.5794568,0,0.07645202,0.5929231,0.8016217,0,-0.9865264,-0.07164636,0.1470803,0,6.647189,22.88568,-19.29068,1,-0.1446406,0.07645204,-0.9865262,0,0.8020654,0.5929231,-0.07164635,0,-0.5794566,0.8016216,0.1470802,0,-28.57247,1.386184,11.03458,1,0.860319,0.6567053,-0.02317829,-0.323254,0.9460284,0.001670074,-0.0006153717,-0.02905168,5.18,53
0,-28.1599,0,10.8734,-28.15283,0,10.92506,-28.15637,0,10.89923,-0.1422198,0.8131133,-0.5644648,0,0.07631668,0.5775714,0.8127651,0,-0.9868888,-0.0725131,0.1441963,0,6.720636,23.23218,-18.84223,1,-0.1422197,0.0763168,-0.9868886,0,0.8131132,0.5775714,-0.07251319,0,-0.5644646,0.812765,0.1441962,0,-28.57035,1.383164,11.03413,1,0.8626574,0.6661988,-0.02229147,-0.3057996,0.951835,0.001642358,-0.0006464386,-0.02905444,5.2,54
0,-28.12757,0,10.87207,-28.16408,0,10.91967,-28.14602,0,10.89581,-0.1411934,0.8174478,-0.5584296,0,0.07639331,0.571395,0.8171119,0,-0.9870301,-0.07271051,0.1431248,0,6.751438,23.36651,-18.66215,1,-0.1411934,0.07639336,-0.9870301,0,0.8174477,0.571395,-0.07271051,0,-0.5584294,0.8171118,0.1431247,0,-28.56914,1.381788,11.03388,1,0.8941792,0.6998618,-0.02072474,-0.2927715,0.9559578,0.001639588,-0.0005404587,-0.02901495,5.22,55
0,-28.11508,0,10.86222,-28.15545,0,10.92451,-28.13551,0,10.89338,-0.1387331,0.8247752,-0.5481778,0,0.0768235,0.5608255,0.8243622,0,-0.9873456,-0.07225341,0.1411673,0,6.824533,23.58459,-18.35398,1,-0.1387332,0.07682357,-0.9873455,0,0.8247753,0.5608255,-0.07225341,0,-0.5481778,0.8243621,0.1411672,0,-28.56645,1.379196,11.03322,1,0.8941792,0.6998618,-0.01978893,-0.2754457,0.9611129,0.001612244,-0.0004532165,-0.02897901,5.24,56
0,-28.13547,0,10.86098,-28.11947,0,10.92807,-28.12747,0,10.89453,-0.1364578,0.8327044,-0.5366404,0,0.07734531,0.5490093,0.8322299,0,-0.987622,-0.07205757,0.1393224,0,6.891658,23.82457,-18.0117,1,-0.1364577,0.07734533,-0.9876217,0,0.8327042,0.5490094,-0.07205761,0,-0.5366402,0.8322297,0.1393223,0,-28.56421,1.376922,11.03253,1,0.8653334,0.7194732,-0.02123454,-0.2582051,0.9658567,0.001602273,-0.000447609,-0.02898093,5.26,57
0,-28.10064,0,10.85808,-28.11721,0,10.90676,-28.10898,0,10.88239,-0.1354064,0.839211,-0.5266783,0,0.07756153,0.538921,0.8387779,0,-0.9877497,-0.07272586,0.1380638,0,6.922534,24.03111,-17.71943,1,-0.1354063,0.07756151,-0.9877495,0,0.8392109,0.5389211,-0.0727259,0,-0.5266782,0.8387778,0.1380638,0,-28.56226,1.374872,11.03183,1,0.8617931,0.7291513,-0.0148252,-0.2354303,0.9717781,0.00158068,-0.0004400177,-0.02897272,5.28,58
0,-28.11303,0,10.84898,-28.13564,0,10.90792,-28.12442,0,10.87845,-0.1351198,0.8449333,-0.5175235,0,0.07792777,0.5297577,0.8445615,0,-0.9877601,-0.07378745,0.1374246,0,6.929984,24.21808,-17.4563,1,-0.1351197,0.07792786,-0.98776,0,0.8449332,0.5297577,-0.07378751,0,-0.5175232,0.8445613,0.1374245,0,-28.56032,1.373158,11.03108,1,0.8645343,0.7812431,-0.01132159,-0.2352684,0.9718645,0.001574448,-0.0004325638,-0.02896937,5.3,59
0,-28.10942,0,10.8563,-28.13713,0,10.90548,-28.12339,0,10.88085,-0.1349888,0.8472791,-0.5137085,0,0.07832131,0.5259557,0.8468982,0,-0.987747,-0.07408741,0.1373582,0,6.932923,24.29312,-17.34868,1,-0.1349888,0.07832137,-0.9877467,0,0.8472788,0.5259557,-0.07408743,0,-0.5137083,0.846898,0.1373581,0,-28.55935,1.372462,11.03077,1,0.86923,0.7793258,-0.01343245,-0.2310122,0.9728581,0.001564346,-0.0004176789,-0.02896683,5.32,60
0,-28.11274,0,10.85153,-28.16224,0,10.91226,-28.1378,0,10.88189,-0.1359036,0.8502373,-0.5085539,0,0.07981619,0.5210441,0.8497897,0,-0.9875018,-0.07489854,0.1386745,0,6.901532,24.3921,-17.21784,1,-0.1359035,0.07981626,-0.9875016,0,0.8502371,0.5210441,-0.07489863,0,-0.5085537,0.8497895,0.1386744,0,-28.55732,1.371324,11.02988,1,0.879705,0.8227536,-0.01488821,-0.235657,0.9717222,0.0015523,-0.0003950272,-0.02896389,5.34,61
0,-28.00671,0,10.63463,-28.0503,0,10.67416,-28.02871,0,10.65429,-0.1378264,0.8522425,-0.5046653,0,0.08139697,0.5175505,0.8517724,0,-0.9871063,-0.07631838,0.1407021,0,6.839324,24.46891,-17.13007,1,-0.1378263,0.08139704,-0.9871058,0,0.8522422,0.5175505,-0.07631849,0,-0.504665,0.8517722,0.140702,0,-28.55574,1.370318,11.0288,1,0.8645802,0.8408192,0.1197173,-0.1500394,0.9814051,0.0007224958,0.000109314,-0.02891007,5.36,62
0,-27.9,0,10.4057,-28.04925,0,10.50058,-27.97675,0,10.45357,-0.1413614,0.8538929,-0.5008833,0,0.08382648,0.5144717,0.8534003,0,-0.9864028,-0.07865039,0.1443053,0,6.726346,24.54515,-17.06233,1,-0.1413613,0.08382662,-0.9864025,0,0.8538928,0.5144717,-0.07865051,0,-0.5008832,0.8534001,0.1443052,0,-28.55432,1.369364,11.02756,1,0.8292696,0.7648284,0.2280099,-0.1027323,0.9682239,8.837879E-05,0.0003779145,-0.02897737,5.38,63
0,-28.18654,0.6912884,10.49972,-28.09849,0.3996766,10.40441,-28.1695,0.6082153,10.49221,-0.146292,0.855522,-0.4966699,0,0.08697003,0.5112501,0.8550202,0,-0.985411,-0.08188722,0.1491966,0,6.569296,24.63126,-16.99686,1,-0.146292,0.08697007,-0.9854109,0,0.8555218,0.5112502,-0.08188717,0,-0.4966697,0.8550202,0.1491966,0,-28.55337,1.368592,11.02631,1,0.7752174,0.7330006,0.3921154,-0.0165162,0.9197678,-0.0009134747,0.000462143,-0.02936764,5.4,64
0,-28.19911,0.7039835,10.48927,-27.87237,0,10.1215,-28.17506,0.6350551,10.49492,-0.1551507,0.857404,-0.4907005,0,0.09305206,0.5071905,0.8567959,0,-0.9834988,-0.08727166,0.1584742,0,6.285124,24.74869,-16.92942,1,-0.1551506,0.09305213,-0.9834985,0,0.8574038,0.5071905,-0.08727172,0,-0.4907003,0.8567957,0.1584741,0,-28.55175,1.367913,11.02415,1,0.8252068,0.8371263,0.3921739,-0.002834842,0.9198867,-0.0009360053,0.0003212509,-0.02940704,5.44,65
0,-28.20034,0.70432,10.49311,-27.84759,0,10.08679,-28.1751,0.6474908,10.49592,-0.1613032,0.8572898,-0.4889127,0,0.09765783,0.5068338,0.8564943,0,-0.9820613,-0.09040907,0.165475,0,6.085966,24.77986,-16.95423,1,-0.1613032,0.09765787,-0.9820611,0,0.8572897,0.5068338,-0.09040907,0,-0.4889126,0.8564942,0.1654749,0,-28.55097,1.367589,11.02262,1,0.8711219,0.9116092,0.3889735,0.004586811,0.9212375,-0.0009302069,0.0003117142,-0.02941201,5.46,66
0,-28.1769,0.6545206,10.44988,-28.09138,0.439778,10.3963,-28.18624,0.6523505,10.49658,-0.1675868,0.8570085,-0.4872896,0,0.1016912,0.5066707,0.8561213,0,-0.9805986,-0.09392157,0.1720616,0,5.883618,24.81032,-16.9793,1,-0.1675868,0.1016912,-0.9805986,0,0.8570085,0.5066708,-0.09392155,0,-0.4872896,0.8561213,0.1720616,0,-28.55047,1.367363,11.02118,1,0.9336401,0.9744135,0.3869541,-0.001174193,0.9220982,-0.000911911,0.0003004761,-0.02940476,5.48,67
0,-28.19362,0.7042756,10.49074,-27.84907,0,10.10471,-28.16889,0.6421617,10.49534,-0.1745534,0.8564699,-0.4857885,0,0.1050239,0.5067427,0.8556763,0,-0.9790308,-0.09834167,0.1784035,0,5.661497,24.84296,-17.00509,1,-0.1745533,0.105024,-0.9790305,0,0.8564699,0.5067428,-0.09834176,0,-0.4857885,0.8556762,0.1784034,0,-28.54989,1.367264,11.01965,1,0.9340714,0.9745871,0.3714719,0.01019606,0.9283882,-0.0008487469,0.0002391281,-0.02938259,5.5,68
0,-28.15997,0.6539906,10.44862,-27.84794,0,10.12555,-28.1628,0.6373175,10.49481,-0.1784147,0.8559225,-0.4853503,0,0.1066259,0.5071779,0.8552201,0,-0.9781611,-0.100833,0.1817515,0,5.538739,24.85397,-17.02869,1,-0.1784147,0.1066259,-0.978161,0,0.8559225,0.5071779,-0.1008329,0,-0.4853503,0.8552202,0.1817515,0,-28.54975,1.36732,11.01887,1,0.9103229,0.9871145,0.3643758,0.0135231,0.9311538,-0.0008284925,0.0002043686,-0.02937972,5.52,69
0,-28.15931,0.6539513,10.4484,-27.82017,0,10.08946,-28.16358,0.6538249,10.49615,-0.1866282,0.8538736,-0.4858701,0,0.1101751,0.5096302,0.8533103,0,-0.9762332,-0.105721,0.1891869,0,5.276737,24.84537,-17.1228,1,-0.1866282,0.1101751,-0.9762333,0,0.8538736,0.5096303,-0.105721,0,-0.4858702,0.8533104,0.189187,0,-28.54947,1.367746,11.01742,1,1,1,0.361857,0.02074037,0.9320029,-0.0008198554,0.0001985016,-0.02938071,5.54,70
0,-28.15685,0.6536351,10.44596,-27.83142,0,10.08753,-28.16713,0.6571348,10.49651,-0.1955688,0.8509058,-0.4875572,0,0.1146351,0.5135843,0.8503469,0,-0.9739669,-0.1104102,0.1979847,0,4.988673,24.80627,-17.2639,1,-0.1955688,0.1146351,-0.973967,0,0.8509059,0.5135843,-0.1104102,0,-0.4875573,0.850347,0.1979847,0,-28.54931,1.368317,11.01566,1,1,1,0.3545813,0.01727512,0.9348656,-0.000802787,0.0002067947,-0.02936351,5.56,71
0,-28.19271,0.70432,10.49249,-28.14572,0.6097969,10.49055,-28.17322,0.6650646,10.49729,-0.2083385,0.8463489,-0.4901927,0,0.1195469,0.5194682,0.8460859,0,-0.9707233,-0.1176712,0.2094035,0,4.579565,24.74736,-17.45936,1,-0.2083383,0.1195469,-0.9707232,0,0.8463488,0.5194682,-0.1176712,0,-0.4901926,0.8460858,0.2094035,0,-28.54925,1.369178,11.01359,1,1,1,0.3469392,0.01333216,0.9377928,-0.0007724613,0.0002038269,-0.02934644,5.58,72
0,-28.16038,0.6536598,10.44541,-28.15464,0.6157076,10.49245,-28.17907,0.6753255,10.49826,-0.2233828,0.8407271,-0.4932322,0,0.1252748,0.5265851,0.8408414,0,-0.9666469,-0.12604,0.222952,0,4.094866,24.66839,-17.68866,1,-0.2233829,0.1252748,-0.966647,0,0.840727,0.5265851,-0.12604,0,-0.4932323,0.8408415,0.222952,0,-28.54928,1.37037,11.01122,1,1,1,0.3377772,0.009999751,0.941173,-0.0007658154,0.0002197495,-0.02932603,5.6,73
0,-28.14561,0.6487788,10.40313,-28.165,0.6552563,10.4963,-28.18376,0.7035006,10.48921,-0.2315784,0.8374187,-0.4950774,0,0.1289337,0.5308425,0.8376051,0,-0.9642344,-0.1301389,0.2309031,0,3.827989,24.61263,-17.82472,1,-0.2315781,0.1289337,-0.964234,0,0.8374185,0.5308427,-0.130139,0,-0.4950772,0.8376051,0.230903,0,-28.54921,1.371082,11.00992,1,1,1,0.3497624,0.02019327,0.9366208,-0.0008534314,0.0002374344,-0.02936249,5.62,74
0,-28.14396,0.6406047,10.27988,-28.15919,0.64597,10.37597,-28.15523,0.6496441,10.33392,-0.2519265,0.8300728,-0.4975059,0,0.1377289,0.5396075,0.8305748,0,-0.9578954,-0.1407229,0.2502664,0,3.162098,24.50635,-18.09816,1,-0.2519266,0.1377289,-0.9578955,0,0.8300729,0.5396075,-0.1407229,0,-0.497506,0.8305749,0.2502665,0,-28.54938,1.372557,11.00693,1,1,1,0.4097884,0.02884156,0.9117246,-0.001171113,0.0003273011,-0.02950867,5.64,75
0,-28.13499,0.6506236,10.22809,-28.15689,0.649949,10.34522,-28.14158,0.6418911,10.27901,-0.275411,0.8218726,-0.4986728,0,0.1476821,0.5487481,0.82284,0,-0.9499153,-0.152974,0.2725072,0,2.386746,24.39341,-18.36637,1,-0.2754109,0.1476822,-0.949915,0,0.8218724,0.5487482,-0.1529741,0,-0.4986726,0.8228399,0.272507,0,-28.54974,1.374267,11.00373,1,1,1,0.4131146,0.03883189,0.9098508,-0.001266251,0.0003290558,-0.02954054,5.66,76
0,-28.14385,0.6474633,10.22496,-28.15902,0.6471993,10.32365,-28.14759,0.6399095,10.26731,-0.2990373,0.8135146,-0.4987694,0,0.156875,0.5574861,0.8152298,0,-0.9412583,-0.1655396,0.2943293,0,1.600746,24.28016,-18.59943,1,-0.2990372,0.156875,-0.9412581,0,0.8135144,0.5574861,-0.1655397,0,-0.4987692,0.8152296,0.2943292,0,-28.5504,1.375834,11.0004,1,1,1,0.3988498,0.03372764,0.9163958,-0.001191428,0.0002771225,-0.02950568,5.68,77
0,-28.14137,0.6483147,10.2261,-28.16027,0.647011,10.32434,-28.14698,0.6401372,10.2682,-0.3249552,0.8045798,-0.4970468,0,0.1659368,0.5659231,0.8075866,0,-0.931058,-0.1799511,0.3174092,0,0.7323132,24.1712,-18.79428,1,-0.3249552,0.1659368,-0.931058,0,0.8045797,0.5659232,-0.1799511,0,-0.4970466,0.8075864,0.317409,0,-28.55133,1.377446,10.99693,1,1,1,0.3733838,0.03417984,0.9270471,-0.001033341,0.0002259674,-0.02944123,5.7,78
0,-28.14524,0.648263,10.21468,-28.16598,0.6442354,10.31959,-28.15177,0.6384583,10.25997,-0.3630161,0.7923729,-0.4902696,0,0.178175,0.5754839,0.7981678,0,-0.9145889,-0.202394,0.350091,0,-0.5581846,24.05505,-18.94808,1,-0.3630162,0.1781751,-0.914589,0,0.7923731,0.5754839,-0.202394,0,-0.4902698,0.7981679,0.3500911,0,-28.55287,1.379908,10.99164,1,1,1,0.3428709,0.03410697,0.9387632,-0.0007850034,0.0001980286,-0.02935039,5.74,79
0,-28.15399,0.6492822,10.20848,-28.17322,0.6440891,10.33085,-28.15825,0.6358031,10.25988,-0.3866615,0.7854204,-0.4833299,0,0.1843701,0.579347,0.7939552,0,-0.9036043,-0.2178803,0.3688192,0,-1.366426,24.02091,-18.95055,1,-0.3866614,0.1843701,-0.9036041,0,0.7854204,0.579347,-0.2178803,0,-0.4833297,0.793955,0.3688192,0,-28.55422,1.381372,10.9883,1,1,1,0.3222412,0.03290858,0.9460854,-0.0006590197,0.0001645584,-0.02930891,5.76,80
0,-28.15284,0.6431525,10.23014,-28.1575,0.6491281,10.33521,-28.15073,0.6376081,10.27501,-0.4119343,0.7770978,-0.4758461,0,0.1874784,0.5833181,0.7903113,0,-0.8917187,-0.2363453,0.3859777,0,-2.226739,23.9801,-18.92071,1,-0.411934,0.1874784,-0.8917185,0,0.7770976,0.5833181,-0.2363454,0,-0.4758458,0.7903111,0.3859776,0,-28.55549,1.382687,10.98493,1,1,1,0.2884109,0.04190017,0.9565896,-0.0004086997,0.000196167,-0.02924068,5.78,81
0,-28.16479,0.641506,10.22376,-28.16253,0.6444561,10.31648,-28.15943,0.634784,10.26256,-0.4369603,0.7674454,-0.4691408,0,0.1880634,0.58799,0.7867019,0,-0.8796009,-0.2555293,0.4012568,0,-3.07891,23.90812,-18.89226,1,-0.4369603,0.1880635,-0.8796009,0,0.7674455,0.58799,-0.2555293,0,-0.4691408,0.7867019,0.4012567,0,-28.55667,1.383868,10.98166,1,1,1,0.2793557,0.04202265,0.9592677,-0.0003573913,0.0002597657,-0.02921851,5.8,82
0,-28.17603,0.648896,10.20008,-28.16357,0.6350341,10.29352,-28.16678,0.6360623,10.24124,-0.4490287,0.762061,-0.4665152,0,0.1878692,0.5909613,0.7845189,0,-0.8735437,-0.2646276,0.4085264,0,-3.491572,23.84992,-18.89424,1,-0.4490286,0.1878692,-0.8735436,0,0.7620609,0.5909614,-0.2646277,0,-0.4665151,0.7845189,0.4085263,0,-28.55735,1.384464,10.9801,1,1,1,0.2868299,0.04400479,0.9569703,-0.0003760681,0.0002834015,-0.02921678,5.82,83
0,-28.18797,0.6463586,10.17008,-28.17332,0.6280583,10.26794,-28.18217,0.640057,10.22208,-0.4732645,0.7506019,-0.4611048,0,0.1883546,0.5975519,0.7793936,0,-0.8605483,-0.2820081,0.4241793,0,-4.330777,23.70359,-18.90469,1,-0.4732644,0.1883545,-0.8605483,0,0.7506018,0.5975519,-0.2820081,0,-0.4611048,0.7793936,0.4241793,0,-28.5586,1.385795,10.97674,1,1,1,0.2870313,0.04286869,0.9569615,-0.0003630295,0.0002978897,-0.02921088,5.84,84
0,-28.18274,0.6466382,10.17768,-28.16734,0.6323041,10.25889,-28.17608,0.641383,10.22031,-0.4977953,0.7383596,-0.4550002,0,0.1889333,0.6043403,0.7740006,0,-0.8464658,-0.2993292,0.4403386,0,-5.190492,23.53382,-18.90049,1,-0.4977952,0.1889333,-0.8464655,0,0.7383595,0.6043404,-0.2993291,0,-0.455,0.7740005,0.4403383,0,-28.55995,1.387207,10.9734,1,1,1,0.2646247,0.04997099,0.9630558,-0.000278038,0.0003822861,-0.02917568,5.86,85
0,-28.18118,0.6469939,10.17329,-28.17238,0.6298102,10.26111,-28.17834,0.6412077,10.22018,-0.5203863,0.7270061,-0.4479513,0,0.1893974,0.6097736,0.7696134,0,-0.8326626,-0.3156554,0.4550109,0,-5.991388,23.38051,-18.85454,1,-0.5203862,0.1893974,-0.8326624,0,0.727006,0.6097737,-0.3156555,0,-0.4479513,0.7696134,0.4550108,0,-28.56152,1.38864,10.9704,1,1,1,0.2459228,0.05133351,0.9679291,-0.0001826631,0.0003597336,-0.0291472,5.88,86
0,-28.17719,0.6497671,10.15698,-28.17961,0.6326751,10.24675,-28.18112,0.6460335,10.207,-0.5432241,0.7138439,-0.4419668,0,0.1894238,0.6170405,0.7637929,0,-0.8179404,-0.3311916,0.4704103,0,-6.808713,23.16402,-18.84519,1,-0.5432239,0.1894238,-0.8179402,0,0.7138438,0.6170406,-0.3311916,0,-0.4419667,0.7637929,0.4704102,0,-28.5631,1.390418,10.96758,1,1,1,0.2361487,0.05600473,0.9701017,-7.447787E-05,0.0003459702,-0.0291189,5.9,87
0,-28.17723,0.6498235,10.15286,-28.17526,0.635334,10.23539,-28.17924,0.6479813,10.19983,-0.5550234,0.7063628,-0.4393187,0,0.1890371,0.6214194,0.7603309,0,-0.8100705,-0.3389538,0.4784312,0,-7.233326,23.02884,-18.853,1,-0.5550233,0.1890372,-0.8100703,0,0.7063626,0.6214194,-0.3389538,0,-0.4393185,0.7603307,0.478431,0,-28.56385,1.39132,10.96607,1,1,1,0.229349,0.05941238,0.9715293,7.400289E-06,0.0003741837,-0.02907642,5.92,88
0,-28.17673,0.6498744,10.15002,-28.17136,0.6372211,10.23196,-28.17693,0.6487185,10.19646,-0.5786281,0.6904392,-0.4341469,0,0.1881933,0.6309717,0.7526342,0,-0.7935824,-0.3537916,0.495034,0,-8.090768,22.72221,-18.87725,1,-0.5786279,0.1881933,-0.7935823,0,0.690439,0.6309717,-0.3537916,0,-0.4341466,0.7526339,0.4950338,0,-28.56534,1.393211,10.96311,1,1,1,0.2089294,0.05943033,0.9761232,9.592436E-05,0.0004085617,-0.02894097,5.94,89
0,-28.17222,0.6500618,10.14377,-28.15756,0.6394578,10.24302,-28.16823,0.6506883,10.19977,-0.6014347,0.6737497,-0.4293457,0,0.1879906,0.6416644,0.7435901,0,-0.7764894,-0.366508,0.5125778,0,-8.932966,22.36875,-18.92074,1,-0.6014346,0.1879905,-0.7764894,0,0.6737496,0.6416644,-0.366508,0,-0.4293457,0.7435902,0.5125778,0,-28.56707,1.395361,10.96032,1,1,1,0.1806741,0.05952711,0.98174,0.0002772445,0.0003099747,-0.02852728,5.96,90
