flag,xl,yl,zl,xr,yr,zr,xc,yc,zc,mat_00,mat_10,mat_20,mat_30,mat_01,mat_11,mat_21,mat_31,mat_02,mat_12,mat_22,mat_32,mat_03,mat_13,mat_23,mat_33,ctw_00,ctw_10,ctw_20,ctw_30,ctw_01,ctw_11,ctw_21,ctw_31,ctw_02,ctw_12,ctw_22,ctw_32,ctw_03,ctw_13,ctw_23,ctw_33,opennessl,opennessr,ray_x,ray_y,ray_z,eye_x,eye_y,eye_z,time,frame
0,-0.6059093,0.3717974,7.961558,-1.168039,0.04172567,12.32038,-0.7081203,0.1956272,10.15836,-0.01974046,0.09599397,-0.9951863,0,-0.03409908,0.9947364,0.09662697,0,-0.9992236,-0.03584239,0.01636326,0,10.44642,1.509674,-28.81047,1,-0.01974047,-0.03409907,-0.9992232,0,0.09599396,0.9947364,-0.03584239,0,-0.9951861,0.09662697,0.01636324,0,-28.61048,1.638354,10.96385,1,0,0,0.01075095,0.04557456,0.998903,0.00255603,-0.002514397,-0.01845891,3.78,1
0,-0.7651882,2.549576,8.070565,-1.345873,2.29005,12.31553,-0.8971558,2.422866,10.21252,-0.01682281,0.01920789,-0.999674,0,-0.03103394,0.9993237,0.01972341,0,-0.9993768,-0.03135563,0.01621544,0,10.52811,-0.7519783,-28.81949,1,-0.01682292,-0.03103394,-0.9993767,0,0.01920788,0.9993237,-0.03135563,0,-0.999674,0.0197234,0.01621534,0,-28.61853,1.646617,10.96529,1,1,1,0.009340636,0.04806548,0.9988005,0.002553253,-0.002548645,-0.01844811,3.8,2
0,-0.7560806,2.463111,8.094204,-1.344563,2.288467,12.31012,-0.895731,2.378958,10.22198,-0.016801,0.01971617,-0.9996645,0,-0.0304731,0.999331,0.02022174,0,-0.9993945,-0.03080262,0.01618898,0,10.5278,-0.7433289,-28.8198,1,-0.01680103,-0.03047309,-0.9993943,0,0.01971617,0.9993311,-0.03080262,0,-0.9996643,0.02022175,0.01618894,0,-28.61859,1.646433,10.96509,1,1,1,0.009077903,0.04697455,0.9988548,0.002552262,-0.002548645,-0.01846587,3.82,3
0,-0.760561,2.556796,8.122735,-1.287697,2.329007,12.03497,-0.873188,2.446137,10.09429,-0.016608,0.02035506,-0.9996548,0,-0.03101978,0.999301,0.02086321,0,-0.9993807,-0.03135557,0.01596498,0,10.53409,-0.7187085,-28.81852,1,-0.01660801,-0.03101978,-0.9993808,0,0.02035506,0.9993011,-0.03135557,0,-0.9996549,0.02086321,0.01596498,0,-28.61899,1.646218,10.96511,1,1,1,0.01374945,0.05016195,0.9986465,0.002578148,-0.002548767,-0.01859754,3.84,4
0,-0.764246,2.619189,8.134695,-1.290369,2.32591,12.04833,-0.8783054,2.475552,10.10701,-0.01648843,0.02029671,-0.999658,0,-0.03206608,0.9992689,0.02081771,0,-0.9993498,-0.03239837,0.01582551,0,10.53876,-0.7089249,-28.81728,1,-0.0164884,-0.03206608,-0.9993498,0,0.02029671,0.9992689,-0.03239837,0,-0.9996579,0.02081771,0.01582554,0,-28.61927,1.646253,10.96499,1,1,1,0.01334672,0.05118175,0.9986001,0.002577979,-0.002558716,-0.01858621,3.88,5
0,-0.7610493,2.617823,8.165732,-1.290419,2.306768,12.05553,-0.8817139,2.464987,10.12645,-0.0166223,0.02055259,-0.9996506,0,-0.032287,0.9992563,0.02108135,0,-0.9993404,-0.03262614,0.01594639,0,10.53512,-0.6989959,-28.81902,1,-0.01662233,-0.032287,-0.9993404,0,0.02055259,0.9992563,-0.03262614,0,-0.9996506,0.02108135,0.01594636,0,-28.61947,1.646168,10.96493,1,1,1,0.01252076,0.05104998,0.9986176,0.002578721,-0.002575302,-0.01851812,3.92,6
0,-0.7647495,2.638345,8.144711,-1.337927,2.270933,12.28613,-0.9046936,2.456944,10.23461,-0.01708734,0.02127326,-0.9996278,0,-0.03202946,0.9992489,0.0218127,0,-0.999341,-0.03239026,0.01639318,0,10.52134,-0.680902,-28.82485,1,-0.01708739,-0.03202946,-0.9993407,0,0.02127325,0.9992489,-0.03239026,0,-0.9996276,0.0218127,0.01639313,0,-28.61985,1.646131,10.96488,1,1,1,0.008203129,0.05138151,0.9986454,0.00255867,-0.002643471,-0.01826208,3.96,7
0,-0.7636585,2.620444,8.14159,-1.332632,2.227196,12.27782,-0.9009075,2.425846,10.2286,-0.01697648,0.02339419,-0.9995822,0,-0.03189656,0.9992048,0.02392707,0,-0.999347,-0.03228943,0.01621675,0,10.52435,-0.6211358,-28.82499,1,-0.01697645,-0.03189657,-0.999347,0,0.02339419,0.9992048,-0.03228943,0,-0.9995821,0.02392707,0.01621678,0,-28.61975,1.64603,10.96487,1,1,1,0.008566409,0.05238425,0.9985902,0.002559478,-0.002647927,-0.0182544,4,8
0,-0.761364,2.63457,8.175762,-1.330896,2.196834,12.28093,-0.9042892,2.417294,10.2472,-0.01663899,0.02452363,-0.9995608,0,-0.03196174,0.9991753,0.02504621,0,-0.9993506,-0.03236445,0.01584148,0,10.53417,-0.5877726,-28.82216,1,-0.01663902,-0.03196175,-0.9993506,0,0.02452363,0.9991752,-0.03236445,0,-0.9995608,0.02504621,0.01584145,0,-28.61981,1.645864,10.96489,1,1,1,0.008245439,0.05319459,0.9985502,0.002559776,-0.0026511,-0.01824939,4.02,9
0,-0.7581158,2.641579,8.213934,-1.31295,2.219013,12.19068,-0.8995495,2.431909,10.22018,-0.01603603,0.02521287,-0.9995536,0,-0.0321567,0.9991519,0.02571863,0,-0.9993543,-0.03255476,0.0152117,0,10.55175,-0.565838,-28.81633,1,-0.01603606,-0.03215669,-0.9993541,0,0.02521286,0.9991519,-0.03255476,0,-0.9995533,0.02571863,0.01521167,0,-28.61998,1.645784,10.96486,1,1,1,0.009791704,0.05443801,0.9984691,0.002571503,-0.002593468,-0.01845836,4.04,10
0,-24.91762,1.78639,10.58397,-1.29361,2.180981,12.11597,-0.9058609,2.449852,10.24254,-0.01594925,0.02579296,-0.9995401,0,-0.03221757,0.9991349,0.02629659,0,-0.9993536,-0.03262217,0.01510441,0,10.55442,-0.5484857,-28.81586,1,-0.0159492,-0.03221757,-0.9993536,0,0.02579297,0.9991349,-0.03262217,0,-0.99954,0.02629659,0.01510446,0,-28.62012,1.645808,10.96495,1,1,1,0.009059467,0.05564411,0.9984096,0.002580926,-0.002592018,-0.01844517,4.06,11
0,-0.6559238,1.83651,8.609011,-1.211477,1.187073,12.10199,-0.8591976,1.507967,10.37202,-0.01593387,0.02778574,-0.999487,0,-0.03246529,0.9990724,0.02829177,0,-0.999346,-0.03289942,0.01501703,0,10.55532,-0.4882016,-28.81656,1,-0.01593388,-0.03246528,-0.9993457,0,0.02778573,0.9990723,-0.03289942,0,-0.9994869,0.02829178,0.01501702,0,-28.62002,1.645702,10.9651,1,1,1,0.005478105,0.02361562,0.999706,0.002612739,-0.002922547,-0.01843666,4.08,12
0,-0.5257397,-0.3244298,9.276335,-1.32472,-0.9891093,12.69265,-0.9311161,-0.6617707,11.00961,-0.01627076,0.03048731,-0.9994028,0,-0.03274934,0.9989825,0.03100766,0,-0.9993313,-0.03323429,0.01525581,0,10.54605,-0.4067592,-28.82147,1,-0.0162708,-0.03274933,-0.999331,0,0.0304873,0.9989825,-0.03323429,0,-0.9994025,0.03100766,0.01525576,0,-28.62025,1.645408,10.96517,1,1,1,-0.01518586,-0.05244079,0.9985085,0.002828025,-0.004155747,-0.01756037,4.1,13
0,-0.7380714,-3.280614,9.171571,-1.537069,-3.839849,12.62641,-1.143461,-3.564456,10.92444,-0.01654303,0.03281683,-0.9993244,0,-0.03288002,0.9989029,0.03334728,0,-0.9993224,-0.03340947,0.01544583,0,10.53832,-0.3377909,-28.82538,1,-0.016543,-0.03288001,-0.9993224,0,0.03281682,0.9989028,-0.03340947,0,-0.9993245,0.03334728,0.01544586,0,-28.62049,1.645168,10.96513,1,1,1,-0.008763545,-0.1535238,0.9881061,0.00264621,-0.004601814,-0.01854385,4.12,14
0,-0.7445107,-3.443917,9.141566,-1.51837,-3.859517,12.5336,-1.136974,-3.654775,10.86182,-0.01623821,0.03554529,-0.999236,0,-0.03301231,0.998804,0.03606639,0,-0.999323,-0.03357274,0.01504529,0,10.54723,-0.257529,-28.82274,1,-0.01623814,-0.03301232,-0.9993231,0,0.0355453,0.998804,-0.03357275,0,-0.9992361,0.0360664,0.01504536,0,-28.6203,1.644942,10.96509,1,1,1,-0.006097151,-0.153831,0.9880783,0.002646157,-0.004592117,-0.01852592,4.14,15
0,-0.7884045,-3.501509,9.321569,-1.484369,-3.637733,12.45872,-1.140905,-3.570551,10.91049,-0.01622987,0.03856327,-0.9991243,0,-0.03338726,0.9986778,0.03908838,0,-0.9993107,-0.03399242,0.01492083,0,10.54809,-0.1660345,-28.82294,1,-0.01622981,-0.03338726,-0.9993107,0,0.03856327,0.9986778,-0.03399242,0,-0.9991243,0.03908838,0.01492089,0,-28.62011,1.644629,10.96524,1,1,1,-0.007853289,-0.1480008,0.9889561,0.002643655,-0.004582329,-0.01846356,4.16,16
0,-0.7872066,-3.503497,9.315372,-1.483492,-3.604919,12.46666,-1.13987,-3.554909,10.91146,-0.01606274,0.04046716,-0.9990517,0,-0.03395723,0.9985822,0.0409941,0,-0.9992942,-0.0345835,0.01466584,0,10.55377,-0.1046009,-28.82089,1,-0.01606277,-0.03395722,-0.9992942,0,0.04046716,0.9985822,-0.0345835,0,-0.9990517,0.0409941,0.01466581,0,-28.61981,1.644316,10.96539,1,1,1,-0.0076327,-0.1455549,0.9893208,0.002640602,-0.004584145,-0.01843227,4.18,17
0,-0.7872066,-3.503497,9.315372,-1.483492,-3.604919,12.46666,-1.13987,-3.554909,10.91146,-0.01606274,0.04046716,-0.9990517,0,-0.03395723,0.9985822,0.0409941,0,-0.9992942,-0.0345835,0.01466584,0,10.55377,-0.1046009,-28.82089,1,-0.01606277,-0.03395722,-0.9992942,0,0.04046716,0.9985822,-0.0345835,0,-0.9990517,0.0409941,0.01466581,0,-28.61981,1.644316,10.96539,1,1,1,-0.0076327,-0.1455549,0.9893208,0.002640602,-0.004584145,-0.01843227,4.2,18
0,-0.7545624,-3.376343,9.212198,-1.479891,-3.510826,12.48446,-1.122108,-3.444536,10.87034,-0.01600039,0.04192803,-0.9989925,0,-0.03381833,0.9985261,0.0424501,0,-0.9992999,-0.03446348,0.01455891,0,10.55558,-0.06380534,-28.8202,1,-0.01600043,-0.03381833,-0.9992999,0,0.04192802,0.998526,-0.03446347,0,-0.9989925,0.0424501,0.01455887,0,-28.61959,1.644104,10.96558,1,1,1,-0.006266572,-0.1401021,0.9901173,0.002638663,-0.004593262,-0.0183697,4.22,19
0,-0.7444248,-3.35186,9.174737,-1.451876,-3.383504,12.40256,-1.102814,-3.367921,10.80991,-0.0160017,0.04341079,-0.9989292,0,-0.03334591,0.9984782,0.04392535,0,-0.9993158,-0.03401307,0.01452971,0,10.55506,-0.02615881,-28.82027,1,-0.01600163,-0.0333459,-0.9993157,0,0.04341078,0.9984781,-0.03401307,0,-0.9989291,0.04392534,0.01452978,0,-28.61937,1.644027,10.9657,1,1,1,-0.004292664,-0.1357728,0.9907307,0.002638497,-0.004597519,-0.01833747,4.24,20
0,-0.733408,-3.296833,9.144319,-1.444227,-3.315567,12.3923,-1.093515,-3.306353,10.78975,-0.01586592,0.0450273,-0.9988597,0,-0.0321853,0.9984448,0.04551983,0,-0.999356,-0.03287081,0.01439202,0,10.55754,0.007759094,-28.81902,1,-0.01586591,-0.0321853,-0.999356,0,0.0450273,0.9984449,-0.03287081,0,-0.9988598,0.04551983,0.01439203,0,-28.619,1.643888,10.96576,1,1,1,-0.003721014,-0.1319541,0.9912488,0.002637086,-0.004602379,-0.01828268,4.26,21
0,-0.7646389,-3.437078,9.236223,-1.433668,-3.303027,12.3485,-1.103334,-3.369222,10.8118,-0.0157063,0.0458404,-0.9988254,0,-0.03137018,0.9984342,0.04631574,0,-0.9993845,-0.03206078,0.01424372,0,10.5612,0.02212024,-28.81759,1,-0.01570634,-0.03137018,-0.9993844,0,0.04584039,0.9984341,-0.03206078,0,-0.9988252,0.04631573,0.01424368,0,-28.61888,1.643929,10.96588,1,1,1,-0.004414935,-0.133438,0.9910473,0.002634902,-0.004604828,-0.01812998,4.28,22
0,-0.7595158,-3.338461,9.248684,-1.457163,-3.399857,12.4208,-1.112791,-3.369584,10.85499,-0.01544642,0.04661062,-0.9987937,0,-0.03087344,0.9984143,0.04707038,0,-0.999404,-0.03156327,0.01398289,0,10.56826,0.03876793,-28.81501,1,-0.01544641,-0.03087345,-0.999404,0,0.04661062,0.9984143,-0.03156327,0,-0.9987937,0.04707038,0.0139829,0,-28.61882,1.643906,10.9661,1,1,1,-0.005778611,-0.1328014,0.9911258,0.00262735,-0.004625222,-0.01797631,4.3,23
0,-0.7821331,-3.551211,9.274743,-1.502274,-3.511172,12.58682,-1.146963,-3.530945,10.95266,-0.01492059,0.04788051,-0.9987417,0,-0.0302429,0.9983742,0.04831471,0,-0.9994313,-0.03092572,0.01344836,0,10.58277,0.06822193,-28.8095,1,-0.01492066,-0.03024289,-0.9994311,0,0.04788051,0.9983742,-0.03092572,0,-0.9987416,0.0483147,0.01344829,0,-28.61862,1.643865,10.96629,1,1,1,-0.008665319,-0.1374949,0.9904646,0.002615007,-0.004649727,-0.01773204,4.32,24
0,-0.7888412,-3.536054,9.310987,-1.508429,-3.511378,12.61493,-1.153383,-3.523576,10.98474,-0.01448393,0.0492366,-0.9986821,0,-0.03013666,0.9983116,0.0496554,0,-0.9994409,-0.03081615,0.01297557,0,10.59533,0.1061423,-28.80448,1,-0.01448385,-0.03013666,-0.9994407,0,0.0492366,0.9983117,-0.03081615,0,-0.9986821,0.0496554,0.01297565,0,-28.61829,1.643643,10.96643,1,1,1,-0.009404453,-0.1359667,0.9906688,0.002613083,-0.004653969,-0.01767782,4.34,25
0,-0.7987347,-3.625409,9.323729,-1.505791,-3.473706,12.61657,-1.156893,-3.548571,10.99172,-0.01381588,0.05159167,-0.9985727,0,-0.03015488,0.9981923,0.05198923,0,-0.9994497,-0.03083012,0.01223516,0,10.61471,0.1741259,-28.7966,1,-0.01381588,-0.03015488,-0.9994498,0,0.05159166,0.9981923,-0.03083012,0,-0.9985726,0.05198923,0.01223516,0,-28.61783,1.643387,10.96657,1,1,1,-0.008960973,-0.134526,0.9908696,0.002614472,-0.004667336,-0.01760206,4.36,26
0,-0.8066235,-3.632318,9.357337,-1.488653,-3.386234,12.56997,-1.151995,-3.507696,10.98417,-0.01344717,0.055137,-0.9983882,0,-0.02970158,0.9980159,0.05551649,0,-0.9994684,-0.03040025,0.01178277,0,10.62497,0.2714939,-28.79155,1,-0.0134471,-0.02970158,-0.9994683,0,0.055137,0.9980159,-0.03040025,0,-0.9983882,0.05551649,0.01178283,0,-28.61724,1.643029,10.96682,1,1,1,-0.008450944,-0.1295387,0.9915383,0.002615937,-0.00467038,-0.01752617,4.38,27
0,-0.8181877,-3.664135,9.398694,-1.483509,-3.526122,12.49545,-1.154961,-3.594283,10.96621,-0.01286817,0.05918526,-0.998164,0,-0.02922825,0.9977979,0.05954035,0,-0.9994898,-0.02994077,0.01110995,0,10.64126,0.3831359,-28.78382,1,-0.01286817,-0.02922826,-0.99949,0,0.05918527,0.9977979,-0.02994077,0,-0.9981642,0.05954035,0.01110995,0,-28.61672,1.642532,10.96709,1,1,1,-0.00722286,-0.1285241,0.9916801,0.002613029,-0.004672211,-0.01747928,4.42,28
0,-0.8299961,-3.798189,9.403924,-1.489019,-3.55449,12.51034,-1.163588,-3.674822,10.97637,-0.0125531,0.0652975,-0.997787,0,-0.02883912,0.9974267,0.06563675,0,-0.9995054,-0.02959923,0.01063764,0,10.6501,0.5555297,-28.77733,1,-0.01255306,-0.02883911,-0.999505,0,0.06529749,0.9974267,-0.02959924,0,-0.9977867,0.06563675,0.01063767,0,-28.61623,1.64189,10.9674,1,1,1,-0.007250451,-0.1253074,0.9920915,0.002609115,-0.004670616,-0.01746055,4.44,29
0,-0.836359,-3.927195,9.386071,-1.491709,-3.683522,12.47565,-1.168066,-3.803853,10.94988,-0.01216233,0.07120945,-0.9973872,0,-0.02820028,0.9970399,0.07152852,0,-0.9995283,-0.02899655,0.01011813,0,10.66059,0.7192614,-28.76952,1,-0.01216226,-0.02820028,-0.9995283,0,0.07120944,0.9970397,-0.02899655,0,-0.9973872,0.07152852,0.0101182,0,-28.61591,1.641341,10.96751,1,1,1,-0.005901832,-0.1239075,0.9922763,0.002606819,-0.004665749,-0.01746612,4.46,30
0,-0.8371487,-3.907762,9.39676,-1.513384,-3.949631,12.47795,-1.179407,-3.928982,10.95622,-0.01148176,0.08133738,-0.9966205,0,-0.02765698,0.9962791,0.08162814,0,-0.9995515,-0.02850076,0.009189487,0,10.67961,1.005956,-28.75293,1,-0.01148176,-0.02765699,-0.9995516,0,0.08133738,0.9962791,-0.02850075,0,-0.9966205,0.08162814,0.009189494,0,-28.61496,1.640201,10.96771,1,1,1,-0.005429296,-0.1182334,0.9929711,0.002595925,-0.004654724,-0.01747053,4.48,31
0,-0.8554192,-4.102395,9.409509,-1.531748,-4.140394,12.49254,-1.19771,-4.121656,10.96983,-0.01116133,0.08817489,-0.9960425,0,-0.02749189,0.9957009,0.08845272,0,-0.9995598,-0.02837034,0.008689284,0,10.68872,1.201754,-28.74152,1,-0.01116136,-0.02749188,-0.9995596,0,0.08817487,0.9957009,-0.02837034,0,-0.9960423,0.08845271,0.008689247,0,-28.61444,1.639531,10.96785,1,1,1,-0.005429296,-0.1182334,0.9929711,0.002595925,-0.004654724,-0.01747053,4.5,32
0,-0.8658962,-4.477563,9.320798,-1.525412,-4.404085,12.36746,-1.199602,-4.440399,10.86236,-0.01029396,0.1042943,-0.9944933,0,-0.0275986,0.9941374,0.1045427,0,-0.9995661,-0.02852279,0.007355332,0,10.71419,1.668725,-28.70745,1,-0.01029406,-0.0275986,-0.999566,0,0.1042943,0.9941373,-0.02852278,0,-0.9944931,0.1045426,0.007355233,0,-28.61311,1.637907,10.96829,1,1,1,-0.0003969243,-0.1130373,0.9935907,0.00258825,-0.004646294,-0.01747684,4.52,33
0,-0.9606495,-5.053605,9.355914,-1.605021,-4.961083,12.40927,-1.286592,-5.006818,10.90038,-0.009543896,0.1258522,-0.9920031,0,-0.0281472,0.9916214,0.1260746,0,-0.9995583,-0.02912536,0.005921483,0,10.73682,2.298355,-28.65406,1,-0.009543834,-0.02814721,-0.9995582,0,0.1258522,0.9916214,-0.02912535,0,-0.9920031,0.1260746,0.005921543,0,-28.61169,1.635661,10.96869,1,1,1,-0.0002887481,-0.1116388,0.9937488,0.002587579,-0.004640976,-0.01747726,4.54,34
0,-1.113827,-5.659097,9.384378,-1.762579,-5.573951,12.44961,-1.441969,-5.616046,10.93476,-0.008523941,0.152724,-0.9882321,0,-0.02924399,0.9878073,0.1529105,0,-0.9995359,-0.03020325,0.003953695,0,10.76784,3.087781,-28.56627,1,-0.008523884,-0.029244,-0.999536,0,0.152724,0.9878072,-0.03020325,0,-0.9882322,0.1529105,0.003953754,0,-28.6099,1.632846,10.96905,1,1,1,0.0004297085,-0.1068282,0.9942774,0.002586785,-0.004636513,-0.01748385,4.56,35
0,-1.299376,-6.414631,9.394314,-1.962278,-6.314693,12.54078,-1.634729,-6.364093,10.98606,-0.008142352,0.1844595,-0.9828064,0,-0.03134171,0.982309,0.1846258,0,-0.9994755,-0.03230612,0.002217054,0,10.78175,4.030817,-28.44118,1,-0.008142376,-0.03134171,-0.9994757,0,0.1844595,0.9823089,-0.03230612,0,-0.9828064,0.1846258,0.002217032,0,-28.6079,1.629385,10.96937,1,1,1,0.0004140185,-0.1020454,0.9947796,0.002573654,-0.004605232,-0.0175038,4.58,36
0,-1.406843,-6.827395,9.42768,-2.068514,-6.733757,12.5615,-1.741545,-6.780051,11.01288,-0.008327603,0.20311,-0.9791206,0,-0.03257835,0.9785796,0.2032748,0,-0.9994346,-0.03359091,0.001532197,0,10.77811,4.586358,-28.35709,1,-0.00832756,-0.03257833,-0.9994343,0,0.2031099,0.9785796,-0.03359091,0,-0.9791204,0.2032748,0.001532235,0,-28.60678,1.627299,10.96952,1,1,1,0.0001519037,-0.09825424,0.9951614,0.002570464,-0.004585564,-0.01753876,4.6,37
0,-1.401241,-6.758282,9.478851,-2.316469,-7.69944,12.62365,-1.864038,-7.234295,11.06893,-0.009259582,0.2454829,-0.9693567,0,-0.03503366,0.9687235,0.2456572,0,-0.9993432,-0.03623478,0.0003697872,0,10.75456,5.847617,-28.13097,1,-0.009259555,-0.03503365,-0.9993432,0,0.2454829,0.9687235,-0.03623479,0,-0.9693568,0.2456572,0.0003698105,0,-28.60485,1.622623,10.96979,1,1,1,-0.001380432,-0.07147698,0.9974414,0.002515434,-0.004363953,-0.01776377,4.62,38
0,-1.574175,-7.595654,9.340056,-2.563658,-8.69843,12.64526,-2.074299,-8.153152,11.01051,-0.01104331,0.2872654,-0.9577874,0,-0.0375257,0.957052,0.2874775,0,-0.9992347,-0.03911635,-0.000210762,0,10.70655,7.097325,-27.85787,1,-0.01104336,-0.0375257,-0.9992347,0,0.2872654,0.9570521,-0.03911635,0,-0.9577873,0.2874775,-0.000210811,0,-28.60249,1.61777,10.9701,1,1,1,0.001089441,-0.06108437,0.9981321,0.00249865,-0.004281349,-0.01778497,4.64,39
0,-1.550856,-7.594108,9.234999,-2.143141,-7.458,12.0983,-1.850161,-7.52535,10.68192,-0.01269579,0.3154154,-0.9488689,0,-0.03891224,0.9480706,0.3156707,0,-0.9991621,-0.04093026,-0.0002370477,0,10.66075,7.939455,-27.64459,1,-0.01269574,-0.03891221,-0.9991618,0,0.3154153,0.9480706,-0.04093029,0,-0.9488686,0.3156706,-0.0002370128,0,-28.59996,1.614254,10.97023,1,1,1,0.01066134,-0.007500445,0.999915,0.002517838,-0.003717438,-0.01825136,4.66,40
0,-1.597773,-7.752955,9.273287,-2.392433,-8.072868,12.55647,-1.999517,-7.914755,10.93305,-0.01352584,0.3362809,-0.9416645,0,-0.03911258,0.940852,0.3365526,0,-0.9991432,-0.04138307,-0.0004270673,0,10.63727,8.554402,-27.46651,1,-0.01352578,-0.03911259,-0.9991434,0,0.336281,0.940852,-0.0413831,0,-0.9416646,0.3365526,-0.0004269992,0,-28.59705,1.61155,10.97043,1,1,1,0.00168718,-0.000487802,0.9999985,0.002501648,-0.003261933,-0.01820114,4.68,41
0,-1.501505,-7.340081,9.291353,-2.259237,-7.642814,12.42451,-1.884317,-7.493084,10.87418,-0.01502371,0.3538956,-0.9351643,0,-0.03887358,0.934356,0.3542143,0,-0.9991313,-0.04167472,0.000280261,0,10.59404,9.073583,-27.31341,1,-0.01502364,-0.03887352,-0.999131,0,0.3538956,0.934356,-0.04167479,0,-0.9351643,0.3542143,0.0002803004,0,-28.59446,1.608669,10.97063,1,1,1,0.00164269,0.0338259,0.9994264,0.002519622,-0.002789459,-0.01818137,4.7,42
0,-1.41073,-7.039323,9.209951,-2.059288,-7.441238,11.73297,-1.737703,-7.24201,10.48187,-0.01514924,0.3603786,-0.9326832,0,-0.03774484,0.9319192,0.3606964,0,-0.9991727,-0.04066817,0.0005153418,0,10.58915,9.252419,-27.25401,1,-0.01514912,-0.0377448,-0.9991725,0,0.3603785,0.9319192,-0.04066824,0,-0.9326831,0.3606964,0.0005154364,0,-28.59331,1.607603,10.97071,1,1,1,0.01459586,0.05136232,0.9985734,0.002580003,-0.002567063,-0.01868904,4.72,43
0,-1.205435,-6.293822,8.989372,-2.014437,-7.335937,11.64464,-1.601671,-6.82199,10.32579,-0.01556242,0.3719774,-0.9281114,0,-0.03429,0.9274791,0.372299,0,-0.9992908,-0.03761882,0.001678705,0,10.57328,9.558274,-27.15212,1,-0.01556241,-0.03429001,-0.9992907,0,0.3719774,0.9274793,-0.03761881,0,-0.9281112,0.372299,0.001678707,0,-28.5911,1.606164,10.97093,1,1,1,0.01805802,0.07947678,0.9966732,0.002608483,-0.002465523,-0.01855179,4.74,44
0,-1.264805,-6.543629,8.990952,-2.089687,-6.832445,12.54877,-1.671749,-6.692903,10.79014,-0.01569057,0.3823162,-0.9238983,0,-0.03001074,0.9234157,0.3826262,0,-0.9994265,-0.03373048,0.00301528,0,10.56455,9.818115,-27.06029,1,-0.01569052,-0.03001074,-0.9994264,0,0.3823162,0.9234156,-0.03373049,0,-0.9238983,0.3826262,0.00301532,0,-28.58881,1.604823,10.97125,1,1,1,0.0001824504,0.09356594,0.9956131,0.002544196,-0.002542931,-0.01806266,4.76,45
0,-1.270855,-6.483099,9.187628,-2.055122,-6.659883,12.58228,-1.667482,-6.572551,10.90435,-0.01541281,0.3914468,-0.9200717,0,-0.02769168,0.9196609,0.3917359,0,-0.9994978,-0.03151603,0.003334761,0,10.57,10.06148,-26.96695,1,-0.01541281,-0.02769163,-0.9994977,0,0.3914467,0.9196609,-0.03151608,0,-0.9200715,0.3917359,0.003334737,0,-28.58714,1.603472,10.97172,1,1,1,-0.004394467,0.1073845,0.9942078,0.002550865,-0.002537026,-0.01801456,4.78,46
0,-1.265432,-6.363079,9.296182,-2.061119,-6.604719,12.67105,-1.66765,-6.485275,11.00212,-0.01481354,0.3966553,-0.9178481,0,-0.02655634,0.917469,0.39692,0,-0.9995375,-0.0302545,0.003057241,0,10.586,10.20029,-26.90781,1,-0.01481354,-0.02655636,-0.9995376,0,0.3966553,0.9174689,-0.03025448,0,-0.9178482,0.39692,0.003057252,0,-28.58647,1.60292,10.97198,1,1,1,-0.007702309,0.1158546,0.9932363,0.002541032,-0.002584175,-0.0178347,4.8,47
0,-1.373302,-6.651224,9.469888,-2.144178,-6.815848,12.81673,-1.762896,-6.734466,11.16129,-0.01227582,0.407606,-0.9130754,0,-0.02456531,0.9127457,0.4077891,0,-0.9996229,-0.0274359,0.001191735,0,10.65673,10.49037,-26.76673,1,-0.01227581,-0.02456529,-0.9996228,0,0.407606,0.9127457,-0.02743592,0,-0.9130753,0.4077891,0.00119173,0,-28.58516,1.601925,10.97242,1,1,1,-0.01123681,0.118171,0.9929297,0.002547813,-0.002632202,-0.01768617,4.82,48
0,-1.420271,-6.710151,9.619472,-2.166693,-6.802619,12.9345,-1.797476,-6.756916,11.29468,-0.008841395,0.4162699,-0.9091983,0,-0.02369945,0.908891,0.4163598,0,-0.9996802,-0.02522865,-0.001829445,0,10.75472,10.72031,-26.63478,1,-0.008841427,-0.02369938,-0.9996799,0,0.4162699,0.9088911,-0.02522869,0,-0.9091979,0.4163597,-0.001829502,0,-28.58375,1.600934,10.97301,1,1,1,-0.01292338,0.1263716,0.9918987,0.002558296,-0.002642205,-0.01768544,4.84,49
0,-1.448019,-6.757452,9.693947,-2.187929,-6.819476,13.01302,-1.821905,-6.788825,11.37108,-0.005290508,0.4178503,-0.9085004,0,-0.02349564,0.9082104,0.4178538,0,-0.99971,-0.0235565,-0.005012751,0,10.85687,10.74821,-26.58189,1,-0.00529054,-0.02349567,-0.9997099,0,0.4178504,0.9082105,-0.02355646,0,-0.9085004,0.4178538,-0.005012769,0,-28.58336,1.600799,10.97366,1,1,1,-0.01226829,0.1267002,0.9918652,0.002560135,-0.002642571,-0.01767715,4.86,50
0,-1.46438,-6.760171,9.765852,-2.212,-6.878066,13.05814,-1.84202,-6.819757,11.42882,-0.002948403,0.4205118,-0.9072823,0,-0.02308914,0.9070157,0.4204633,0,-0.9997291,-0.02218807,-0.007034957,0,10.9237,10.81114,-26.52841,1,-0.002948451,-0.02308913,-0.9997291,0,0.4205118,0.9070158,-0.02218806,0,-0.9072822,0.4204633,-0.007035007,0,-28.58276,1.600563,10.97399,1,1,1,-0.01217875,0.1283111,0.9916592,0.002561524,-0.00264225,-0.01762389,4.88,51
0,-1.449705,-6.585421,9.892858,-2.167685,-6.62933,13.13165,-1.812326,-6.607624,11.5286,0.001746356,0.4241548,-0.905588,0,-0.02212967,0.905384,0.4240166,0,-0.9997536,-0.01929988,-0.01096749,0,11.0575,10.88607,-26.44129,1,0.001746324,-0.02212965,-0.9997535,0,0.4241548,0.9053839,-0.01929988,0,-0.905588,0.4240166,-0.01096753,0,-28.58161,1.600167,10.97488,1,1,1,-0.0116964,0.1397116,0.9901232,0.002565362,-0.002654183,-0.01758998,4.9,52
0,-1.100279,-5.171653,9.864074,-2.101084,-6.884025,12.54364,-1.602253,-6.030563,11.208,0.006960571,0.4286059,-0.9034647,0,-0.02126846,0.9033457,0.4283856,0,-0.9997496,-0.01623349,-0.01540357,0,11.20586,10.98286,-26.33756,1,0.006960556,-0.02126844,-0.9997495,0,0.4286059,0.9033457,-0.01623349,0,-0.9034647,0.4283856,-0.01540359,0,-28.58038,1.599637,10.97565,1,1,1,0.004100195,0.1664461,0.986042,0.002735298,-0.003072075,-0.01695647,4.92,53
0,-2.037573,-8.513502,10.44185,-25.53899,0.3069773,11.35982,-25.24493,0.2551952,11.1335,0.0121085,0.4347185,-0.900485,0,-0.02044168,0.9004704,0.4344366,0,-0.9997178,-0.01314704,-0.0197897,0,11.35199,11.12843,-26.21262,1,0.01210848,-0.02044166,-0.9997177,0,0.4347185,0.9004704,-0.01314705,0,-0.900485,0.4344366,-0.01978973,0,-28.57926,1.598955,10.97635,1,1,1,-0.02550442,0.06663764,0.9974512,0.002976876,-0.00357914,-0.01784886,4.94,54
0,-25.37043,0,10.97686,-25.60979,0,11.31371,-25.56962,0.03922144,11.14503,0.01472348,0.4385605,-0.8985811,0,-0.02011332,0.8986266,0.4382531,0,-0.9996893,-0.01162086,-0.02205181,0,11.42621,11.22461,-26.13878,1,0.01472346,-0.02011334,-0.9996892,0,0.4385604,0.8986265,-0.01162084,0,-0.898581,0.4382531,-0.02205181,0,-28.57871,1.598487,10.9767,1,1,1,-0.02803451,-0.02316359,0.9993386,0.003016777,-0.004470497,-0.01796847,4.96,55
0,-26.17939,0,10.9781,-26.27696,0,11.36425,-26.22883,0,11.17335,0.01956755,0.4483696,-0.8936341,0,-0.01936586,0.8938075,0.4480326,0,-0.9996211,-0.008539051,-0.02617264,0,11.56345,11.47945,-25.96616,1,0.01956752,-0.0193658,-0.9996208,0,0.4483695,0.8938074,-0.008539094,0,-0.893634,0.4480325,-0.02617268,0,-28.57755,1.597199,10.97748,1,1,1,-0.04255633,-0.129508,0.9906647,0.002995613,-0.005211159,-0.01797761,4.98,56
0,-26.828,0.009999997,10.98896,-26.82722,0,11.35628,-26.82205,0,11.17269,0.02469254,0.4635659,-0.8857184,0,-0.01896122,0.8860462,0.463209,0,-0.9995154,-0.005356461,-0.0306685,0,11.70877,11.89231,-25.71289,1,0.02469254,-0.01896118,-0.9995152,0,0.4635659,0.8860462,-0.005356498,0,-0.8857182,0.4632089,-0.0306685,0,-28.57636,1.595318,10.97821,1,1,1,-0.05167161,-0.2485434,0.9672416,0.002962006,-0.005957733,-0.01820967,5,57
0,-26.99386,0.01,11.01144,-27.04955,0,11.33831,-27.01701,0,11.17648,0.02955174,0.4832959,-0.8749582,0,-0.01854807,0.8754549,0.4829438,0,-0.9993911,-0.001956925,-0.03483546,0,11.84622,12.43738,-25.38869,1,0.02955179,-0.01854806,-0.9993912,0,0.4832958,0.8754549,-0.001956957,0,-0.8749581,0.4829438,-0.03483543,0,-28.57505,1.592664,10.97892,1,0.9661515,0.8345829,-0.05541936,-0.2821934,0.9577555,0.002980912,-0.006013207,-0.01822136,5.02,58
0,-27.04037,0.01,11.00853,-27.06913,0,11.33882,-27.04994,0,11.17449,0.03468472,0.5059355,-0.8618737,0,-0.0193729,0.8625709,0.5055652,0,-0.9992105,0.0008383691,-0.03971946,0,11.99282,13.07614,-24.99411,1,0.0346847,-0.01937292,-0.9992105,0,0.5059355,0.8625709,0.0008383953,0,-0.8618737,0.5055651,-0.03971946,0,-28.57342,1.589385,10.97963,1,0.884798,0.6969004,-0.05121901,-0.2668312,0.9623813,0.002952431,-0.005974877,-0.01820764,5.04,59
0,-27.06832,0.009999999,11.00355,-27.07273,0,11.33729,-27.06572,0,11.17053,0.03715688,0.5170456,-0.855151,0,-0.0205462,0.8559563,0.5166398,0,-0.9990982,0.001626611,-0.04242796,0,12.06441,13.3965,-24.78804,1,0.03715685,-0.02054619,-0.9990982,0,0.5170456,0.8559563,0.001626621,0,-0.8551509,0.5166398,-0.04242799,0,-28.57239,1.587544,10.98004,1,0.884798,0.6969004,-0.04728305,-0.2591868,0.9646691,0.002922272,-0.005940064,-0.01818971,5.06,60
0,-26.99944,0.009999998,10.99181,-27.02269,0,11.32598,-27.00608,0,11.1594,0.04369622,0.5383203,-0.8416067,0,-0.02288106,0.8427296,0.5378506,0,-0.9987829,0.004245192,-0.04914141,0,12.25212,13.99861,-24.35672,1,0.04369619,-0.02288103,-0.9987827,0,0.5383204,0.8427296,0.004245186,0,-0.8416068,0.5378505,-0.04914144,0,-28.56988,1.583574,10.98086,1,0.8896072,0.6905557,-0.03409638,-0.2162081,0.9757518,0.002939522,-0.005642708,-0.01807033,5.08,61
0,-27.0137,0.009999998,10.99853,-27.04511,0,11.3327,-27.0245,0,11.16625,0.05172306,0.5586276,-0.8278043,0,-0.02374831,0.8293674,0.5581986,0,-0.9983791,0.009212762,-0.05616391,0,12.47915,14.547,-23.91271,1,0.05172307,-0.02374835,-0.9983791,0,0.5586276,0.8293675,0.009212792,0,-0.8278043,0.5581987,-0.05616389,0,-28.56686,1.579597,10.98188,1,0.8896072,0.6905557,-0.03123016,-0.1977062,0.9797637,0.002923416,-0.005471588,-0.01801157,5.1,62
0,-27.01706,0.01,11.00908,-27.06409,0,11.31166,-27.03577,0,11.1613,0.06050229,0.5789034,-0.8131484,0,-0.02399939,0.8152489,0.5786132,0,-0.9978795,0.01549235,-0.06321776,0,12.72551,15.08135,-23.44356,1,0.06050229,-0.0239994,-0.9978795,0,0.5789034,0.815249,0.01549236,0,-0.8131483,0.5786133,-0.06321776,0,-28.56365,1.575105,10.98283,1,0.8718074,0.666871,-0.02287509,-0.1765042,0.9840341,0.002896545,-0.005279717,-0.01793599,5.12,63
0,-27.05614,0.009999997,10.98847,-27.11151,0,11.32582,-27.07918,0,11.15815,0.06969672,0.6010035,-0.7962017,0,-0.02382261,0.7989178,0.6009684,0,-0.9972837,0.0229179,-0.06999946,0,12.98187,15.65848,-22.91427,1,0.06969675,-0.02382265,-0.9972838,0,0.6010035,0.7989177,0.02291793,0,-0.7962017,0.6009683,-0.06999943,0,-28.55998,1.57018,10.98377,1,0.8783792,0.6804215,-0.0165498,-0.1628857,0.9865062,0.002812516,-0.005060723,-0.01773531,5.14,64
0,-27.06115,0.009999998,10.99797,-27.10365,0,11.33101,-27.07767,0,11.16515,0.07440412,0.6112127,-0.7879614,0,-0.02368948,0.7910118,0.6113421,0,-0.9969468,0.02682003,-0.07333386,0,13.11262,15.92046,-22.65564,1,0.07440417,-0.02368944,-0.9969468,0,0.6112127,0.7910118,0.02681997,0,-0.7879614,0.611342,-0.07333385,0,-28.55819,1.567698,10.98418,1,0.8678384,0.6737729,-0.0164771,-0.1491574,0.9886762,0.002800934,-0.005039452,-0.01770565,5.16,65
0,-27.06254,0.01,11.00779,-27.13643,0,11.31423,-27.09502,0,11.16231,0.08527446,0.6294717,-0.77233,0,-0.02249545,0.7761723,0.6301195,0,-0.9961035,0.03635919,-0.0803479,0,13.41236,16.36167,-22.1555,1,0.08527444,-0.02249543,-0.9961035,0,0.6294717,0.7761723,0.03635919,0,-0.7723299,0.6301195,-0.08034792,0,-28.5543,1.562858,10.98505,1,0.8632597,0.6644871,-0.00913361,-0.1308995,0.9913536,0.002778717,-0.00500174,-0.01741754,5.18,66
0,-27.1234,0.01,11.02844,-27.17597,0,11.32883,-27.14519,0,11.17945,0.09668982,0.6471874,-0.7561744,0,-0.02175778,0.7609268,0.6484729,0,-0.9950769,0.04624811,-0.08765519,0,13.7262,16.78368,-21.63626,1,0.0966898,-0.02175769,-0.9950766,0,0.6471874,0.7609268,0.04624803,0,-0.7561741,0.6484727,-0.08765522,0,-28.55015,1.558025,10.98588,1,0.8395774,0.6672023,-0.01209343,-0.1235299,0.9922671,0.002807708,-0.004966332,-0.01771954,5.2,67
0,-27.57714,0.01,11.03948,-27.67103,0,11.31763,-27.62155,0,11.18028,0.108106,0.6677942,-0.7364538,0,-0.02161193,0.7421988,0.6698312,0,-0.9939045,0.05649662,-0.09466845,0,14.03932,17.2897,-21.02297,1,0.108106,-0.02161188,-0.9939044,0,0.6677942,0.7421988,0.05649655,0,-0.7364538,0.6698312,-0.09466843,0,-28.54614,1.552857,10.98672,1,0.8274094,0.6538685,-0.03364762,-0.282611,0.9586443,0.00281633,-0.006042786,-0.01810182,5.22,68
0,-27.70873,0.01,11.04454,-27.76786,0,11.32263,-27.73571,0,11.18445,0.120515,0.6843005,-0.7191724,0,-0.02132672,0.7260701,0.6872899,0,-0.9924824,0.06749117,-0.1020962,0,14.37762,17.6659,-20.46877,1,0.120515,-0.02132669,-0.9924824,0,0.6843005,0.7260701,0.06749114,0,-0.7191724,0.6872899,-0.1020962,0,-28.54208,1.547928,10.98746,1,0.7836705,0.6278533,-0.03847039,-0.3118552,0.9493505,0.00283767,-0.006258599,-0.01818136,5.24,69
0,-27.73847,0.01,11.04548,-27.81864,0,11.31886,-27.77629,0,11.18347,0.1271248,0.6907535,-0.7118279,0,-0.0216594,0.7194124,0.6942454,0,-0.9916502,0.07283807,-0.1064165,0,14.55762,17.80181,-20.21931,1,0.1271248,-0.02165938,-0.9916502,0,0.6907535,0.7194124,0.07283803,0,-0.7118279,0.6942453,-0.1064165,0,-28.53996,1.545631,10.98775,1,0.7454128,0.58275,-0.03792127,-0.3222933,0.94588,0.002841759,-0.006065483,-0.01811768,5.26,70
0,-27.722,0.01,11.04882,-27.78638,0,11.32664,-27.75166,0,11.18857,0.1398551,0.7032904,-0.6970103,0,-0.02299958,0.7060459,0.7077926,0,-0.9899049,0.08295754,-0.1149194,0,14.90387,18.06948,-19.71758,1,0.1398551,-0.02299946,-0.9899047,0,0.7032904,0.7060457,0.08295742,0,-0.69701,0.7077924,-0.1149195,0,-28.53583,1.540849,10.98848,1,0.722565,0.5330079,-0.03176781,-0.2927158,0.9556717,0.002822823,-0.005802048,-0.01801783,5.28,71
0,-27.70415,0.01000001,11.05892,-27.78651,0,11.31337,-27.74293,0,11.18729,0.1515638,0.7161233,-0.6813192,0,-0.02590668,0.6919233,0.721506,0,-0.9881079,0.09170344,-0.1234229,0,15.22239,18.36159,-19.19151,1,0.1515638,-0.0259067,-0.9881079,0,0.7161233,0.6919234,0.09170344,0,-0.6813192,0.7215061,-0.1234229,0,-28.53187,1.536335,10.98887,1,0.7140532,0.496788,-0.02249194,-0.2703102,0.9625106,0.002774529,-0.005671837,-0.01797447,5.3,72
0,-27.68069,0.01000001,11.05618,-27.7379,0,11.3431,-27.70653,0,11.20011,0.1616635,0.7258102,-0.6686289,0,-0.02877691,0.6807203,0.7319779,0,-0.9864264,0.09909311,-0.1309342,0,15.49602,18.57329,-18.75711,1,0.1616635,-0.02877684,-0.9864262,0,0.7258101,0.6807204,0.09909306,0,-0.6686288,0.7319779,-0.1309342,0,-28.52737,1.532503,10.98925,1,0.7174954,0.489296,-0.01918833,-0.2382159,0.9710227,0.002709678,-0.005527893,-0.01793107,5.32,73
0,-27.67666,0,11.06967,-27.76246,0,11.35113,-27.71975,0,11.21095,0.171784,0.7325609,-0.6586689,0,-0.03142536,0.6723426,0.7395728,0,-0.9846333,0.1063478,-0.1385187,0,15.76848,18.69802,-18.39581,1,0.171784,-0.03142538,-0.9846333,0,0.7325609,0.6723426,0.1063479,0,-0.6586689,0.7395728,-0.1385187,0,-28.52296,1.529093,10.98951,1,0.7323171,0.5455022,-0.01972309,-0.2336886,0.9721114,0.002657853,-0.005417855,-0.01789623,5.34,74
0,-27.6822,0,11.08052,-27.77394,0,11.35096,-27.72832,0,11.21638,0.1774409,0.7353301,-0.6540676,0,-0.03259242,0.6686403,0.7428714,0,-0.9835916,0.1104982,-0.1426103,0,15.9198,18.73658,-18.22206,1,0.1774409,-0.03259239,-0.9835916,0,0.7353301,0.6686403,0.1104981,0,-0.6540676,0.7428714,-0.1426103,0,-28.52085,1.527483,10.98957,1,0.7323171,0.5455022,-0.02015323,-0.2330372,0.972259,0.002624596,-0.005251,-0.01784466,5.36,75
0,-27.66659,0,11.07127,-27.73218,0,11.34553,-27.69939,0,11.20842,0.1894364,0.7408102,-0.6444488,0,-0.03453597,0.6609539,0.7496314,0,-0.9812855,0.1197509,-0.1507933,0,16.23862,18.80178,-17.86307,1,0.1894364,-0.03453593,-0.9812855,0,0.7408101,0.660954,0.1197508,0,-0.6444488,0.7496315,-0.1507934,0,-28.51657,1.524422,10.98956,1,0.7263117,0.548637,-0.005630729,-0.2106957,0.9775355,0.002598061,-0.005221764,-0.01781528,5.38,76
0,-27.66291,0,11.07895,-27.74526,0,11.35707,-27.70416,0,11.21825,0.2020053,0.7439205,-0.6370056,0,-0.03680688,0.6557213,0.7541053,0,-0.9786925,0.1288871,-0.1598406,0,16.57113,18.79654,-17.55342,1,0.2020053,-0.03680692,-0.9786926,0,0.7439206,0.6557212,0.1288871,0,-0.6370056,0.7541053,-0.1598406,0,-28.51222,1.521767,10.98966,1,0.7263117,0.548637,-0.004025313,-0.206363,0.9784672,0.002583122,-0.005216378,-0.01780452,5.4,77
0,-27.65375,0,11.08207,-27.7348,0,11.3724,-27.69429,0,11.22729,0.2134433,0.7453494,-0.6315823,0,-0.04065868,0.6526971,0.7565272,0,-0.9761091,0.1357963,-0.1696187,0,16.87385,18.76433,-17.29067,1,0.2134432,-0.04065865,-0.976109,0,0.7453495,0.6526971,0.1357963,0,-0.6315823,0.7565271,-0.1696187,0,-28.50808,1.519505,10.98977,1,0.7186362,0.5450922,0.0006029864,-0.1979959,0.9802026,0.002568536,-0.005212372,-0.0177972,5.42,78
0,-27.6397,0,11.1003,-27.72046,0,11.37574,-27.68009,0,11.23805,0.223776,0.746387,-0.6267622,0,-0.04552576,0.6503728,0.7582497,0,-0.9735768,0.1411443,-0.1795177,0,17.14711,18.73695,-17.0429,1,0.223776,-0.04552578,-0.9735768,0,0.7463869,0.6503728,0.1411442,0,-0.6267622,0.7582498,-0.1795176,0,-28.50397,1.517408,10.98991,1,0.7131902,0.5455847,0.005283044,-0.1883911,0.9820799,0.002567451,-0.005195351,-0.01778518,5.44,79
0,-27.63633,0,11.10323,-27.70808,0,11.37681,-27.67216,0,11.23983,0.2289103,0.7468294,-0.6243765,0,-0.04831928,0.6493341,0.7589667,0,-0.9722475,0.1435658,-0.1847255,0,17.28263,18.72374,-16.91682,1,0.2289103,-0.04831928,-0.9722477,0,0.7468295,0.649334,0.1435659,0,-0.6243764,0.7589667,-0.1847255,0,-28.50208,1.51643,10.98994,1,0.7190587,0.540363,0.01005391,-0.1836551,0.9829394,0.002562715,-0.005179123,-0.01777403,5.46,80
0,-27.63753,0,11.11148,-27.70043,0,11.39761,-27.66886,0,11.25399,0.240851,0.7473925,-0.6191891,0,-0.05320093,0.6471769,0.7604812,0,-0.9691029,0.1502212,-0.1956352,0,17.59513,18.66814,-16.64752,1,0.240851,-0.05320095,-0.9691029,0,0.7473925,0.6471769,0.1502212,0,-0.6191891,0.7604812,-0.1956352,0,-28.4982,1.514619,10.9903,1,0.7195756,0.5461452,0.01261027,-0.1789849,0.983771,0.002548766,-0.005163826,-0.01774987,5.48,81
0,-27.5776,0,11.11918,-27.70783,0,11.39487,-27.64309,0,11.25772,0.2535307,0.7465781,-0.6150962,0,-0.05803436,0.6464658,0.7607326,0,-0.9655849,0.1571724,-0.2072261,0,17.92443,18.56816,-16.40027,1,0.2535307,-0.05803429,-0.9655848,0,0.7465782,0.6464657,0.1571724,0,-0.6150962,0.7607325,-0.2072261,0,-28.49472,1.512772,10.9906,1,0.7307684,0.5452229,0.02440493,-0.1663822,0.9857593,0.002509766,-0.005180886,-0.01768207,5.5,82
0,-27.49506,0.0921092,11.54654,-27.53919,0,11.78076,-27.48511,0,11.68323,0.2662477,0.7446507,-0.612052,0,-0.06356394,0.6471531,0.7597055,0,-0.9618066,0.1633654,-0.2196359,0,18.25335,18.44276,-16.17255,1,0.2662477,-0.06356388,-0.9618065,0,0.7446505,0.6471532,0.1633654,0,-0.6120519,0.7597055,-0.2196359,0,-28.49176,1.511336,10.99121,1,0.7030892,0.5220435,-0.1557045,-0.05649646,0.9861867,0.003853668,-0.00461467,-0.01774853,5.52,83
0,-27.29091,0.01106888,11.87622,-27.41183,0,12.07688,-27.34741,0,11.98045,0.2819504,0.7425787,-0.6075202,0,-0.07028741,0.6474957,0.7588208,0,-0.9568509,0.1712488,-0.2347556,0,18.65676,18.29492,-15.87327,1,0.2819504,-0.07028738,-0.9568509,0,0.7425788,0.6474957,0.1712488,0,-0.6075202,0.7588207,-0.2347556,0,-28.48903,1.510419,10.99242,1,0.6863666,0.4937932,-0.242249,0.02016675,0.9700044,0.00449073,-0.004488586,-0.017923,5.54,84
0,-27.29841,0.01024497,11.84181,-27.64517,0.368169,11.86696,-27.32959,0,11.99277,0.2907257,0.7412107,-0.60505,0,-0.07373801,0.64784,0.7581993,0,-0.953961,0.1758129,-0.2429991,0,18.88044,18.20458,-15.71011,1,0.2907257,-0.0737379,-0.9539607,0,0.7412106,0.64784,0.1758128,0,-0.6050499,0.7581992,-0.2429991,0,-28.48786,1.509941,10.99306,1,0.6560006,0.5342238,-0.2352773,0.02797434,0.9715257,0.004532845,-0.004572983,-0.01792913,5.56,85
0,-27.28041,0,11.84842,-27.41498,0,12.112,-27.34787,0,11.9805,0.30825,0.7379897,-0.6002943,0,-0.08002436,0.6489007,0.7566531,0,-0.9479336,0.1852002,-0.2590808,0,19.32372,18.00685,-15.39314,1,0.30825,-0.08002438,-0.9479336,0,0.7379897,0.6489007,0.1852002,0,-0.6002943,0.7566531,-0.2590808,0,-28.48582,1.508978,10.99467,1,0.7329448,0.6870918,-0.2174091,0.02227006,0.9758265,0.004495729,-0.004685043,-0.0179091,5.58,86
0,-27.27246,0,11.85574,-27.43659,0,12.05252,-27.35529,0,11.95483,0.3217046,0.7364199,-0.5951402,0,-0.0874421,0.6489753,0.7557678,0,-0.9427937,0.1910937,-0.2731724,0,19.6629,17.89625,-15.08795,1,0.3217046,-0.08744211,-0.9427937,0,0.7364199,0.6489753,0.1910937,0,-0.5951402,0.7557678,-0.2731725,0,-28.48424,1.508128,10.99658,1,0.8746656,0.8737368,-0.1935702,0.01904877,0.9809014,0.004307846,-0.004853188,-0.01772085,5.6,87
0,-27.29185,0,11.934,-27.45167,0,12.0626,-27.37274,0,11.99874,0.3325022,0.734925,-0.5910393,0,-0.09533849,0.6496796,0.7542062,0,-0.9382712,0.1944264,-0.2860866,0,19.9344,17.8151,-14.82485,1,0.3325023,-0.09533855,-0.9382712,0,0.734925,0.6496796,0.1944265,0,-0.5910394,0.7542062,-0.2860866,0,-28.48306,1.507402,10.99896,1,0.9098484,0.9069923,-0.2005967,0.01680936,0.9795297,0.004210335,-0.004924706,-0.01755776,5.62,88
0,-27.2982,0.01106888,11.85353,-27.4609,0,12.0569,-27.37596,0,11.95917,0.3430933,0.7331886,-0.5871299,0,-0.1029486,0.6506572,0.7523608,0,-0.9336427,0.1976857,-0.2987168,0,20.19882,17.72749,-14.57011,1,0.3430933,-0.1029486,-0.9336426,0,0.7331885,0.6506572,0.1976857,0,-0.5871299,0.7523608,-0.2987168,0,-28.48222,1.506896,11.00167,1,0.9317575,0.9527233,-0.1715355,0.01175141,0.9851079,0.004080773,-0.004986961,-0.01747861,5.64,89
0,-27.2439,0,11.87464,-27.43367,0,12.1023,-27.33956,0,11.98921,0.3580694,0.7281711,-0.5844254,0,-0.1111782,0.6547258,0.7476453,0,-0.9270521,0.2027335,-0.3153941,0,20.56963,17.52214,-14.30006,1,0.3580694,-0.1111783,-0.9270522,0,0.7281712,0.6547258,0.2027336,0,-0.5844254,0.7476453,-0.3153941,0,-28.4818,1.506072,11.00664,1,0.9349658,0.9907359,-0.1575495,0.02318416,0.9872389,0.004004594,-0.004924385,-0.01736845,5.68,90
