flag,xl,yl,zl,xr,yr,zr,xc,yc,zc,mat_00,mat_10,mat_20,mat_30,mat_01,mat_11,mat_21,mat_31,mat_02,mat_12,mat_22,mat_32,mat_03,mat_13,mat_23,mat_33,ctw_00,ctw_10,ctw_20,ctw_30,ctw_01,ctw_11,ctw_21,ctw_31,ctw_02,ctw_12,ctw_22,ctw_32,ctw_03,ctw_13,ctw_23,ctw_33,opennessl,opennessr,ray_x,ray_y,ray_z,eye_x,eye_y,eye_z,time,frame
0,-0.6370335,1.458323,8.501952,-0.8033237,1.564436,10.09561,-0.6244068,1.511024,9.295792,-0.05086529,-0.09378356,-0.9942925,0,-0.01621379,0.9955275,-0.0930706,0,-0.998574,-0.01138719,0.05215847,0,9.548992,-4.233329,-28.97441,1,-0.05086537,-0.0162138,-0.9985738,0,-0.09378355,0.9955275,-0.01138718,0,-0.9942923,-0.09307059,0.05215837,0,-28.72033,1.672556,10.99843,1,0,0,0.009712232,-0.09862533,0.9950773,0.0001250608,0.001860046,-0.02139859,3.78,1
0,-0.6201038,-0.5751314,9.617064,-0.9566269,-0.38609,11.22687,-0.7893009,-0.4800686,10.42645,-0.01381731,-0.02144168,-0.9996746,0,-0.02802361,0.9993857,-0.02104814,0,-0.9995118,-0.02772366,0.01440966,0,10.63959,-1.97649,-28.81663,1,-0.01381728,-0.0280236,-0.9995117,0,-0.02144167,0.9993857,-0.02772366,0,-0.9996745,-0.02104814,0.01440969,0,-28.70262,1.666899,10.99484,1,1,1,0.008653066,-0.0974291,0.9952049,9.707641E-05,0.00185614,-0.02138845,3.8,2
0,-0.5902462,-0.4498014,9.526021,-0.9713116,-0.464215,11.26565,-0.7820034,-0.4570644,10.40142,-0.01312435,-0.02174202,-0.9996774,0,-0.02773107,0.9993869,-0.02137163,0,-0.9995292,-0.02744164,0.01371932,0,10.65927,-1.988218,-28.80847,1,-0.01312444,-0.02773107,-0.9995292,0,-0.02174202,0.999387,-0.02744164,0,-0.9996775,-0.02137163,0.01371923,0,-28.70251,1.666908,10.99492,1,1,1,0.01018947,-0.09687462,0.9952445,7.729325E-05,0.00185614,-0.02133447,3.82,3
0,-0.5803127,-0.4747875,9.471449,-0.9543648,-0.3882047,11.21573,-0.7685184,-0.4312191,10.34909,-0.01349676,-0.02241255,-0.9996577,0,-0.02729408,0.9993845,-0.02203791,0,-0.9995363,-0.0269873,0.01410019,0,10.64792,-2.012459,-28.81086,1,-0.01349677,-0.02729409,-0.9995364,0,-0.02241254,0.9993845,-0.0269873,0,-0.9996576,-0.02203791,0.01410018,0,-28.70238,1.666914,10.99491,1,1,1,0.011615,-0.0965479,0.9952606,6.403308E-05,0.001852432,-0.02129536,3.84,4
0,-0.5281582,-0.3887669,9.263963,-0.9564381,-0.3512543,11.23869,-0.7438831,-0.3698741,10.25862,-0.01426065,-0.02321926,-0.9996287,0,-0.02677692,0.9993806,-0.0228315,0,-0.9995397,-0.02644138,0.0148735,0,10.6251,-2.041686,-28.81724,1,-0.0142606,-0.02677692,-0.9995397,0,-0.02321926,0.9993807,-0.02644139,0,-0.9996287,-0.02283151,0.01487356,0,-28.70243,1.666988,10.99484,1,1,1,0.01395637,-0.0950397,0.9953757,5.076546E-05,0.001850517,-0.02127812,3.86,5
0,-0.5204067,-0.3531194,9.241453,-0.9233532,-0.3008238,11.10557,-0.72328,-0.3267908,10.18,-0.0154593,-0.02431343,-0.9995849,0,-0.02624639,0.9993697,-0.02390227,0,-0.999536,-0.02586598,0.01608765,0,10.58966,-2.079497,-28.82745,1,-0.01545926,-0.02624639,-0.999536,0,-0.02431342,0.9993697,-0.02586598,0,-0.9995849,-0.02390227,0.0160877,0,-28.70233,1.667085,10.99473,1,1,1,0.01545828,-0.09449291,0.9954055,3.224146E-05,0.001848389,-0.02124895,3.88,6
0,-0.5070896,-0.3163877,9.193865,-0.9172459,-0.2924175,11.08067,-0.7136364,-0.30432,10.14404,-0.01667726,-0.02524661,-0.9995422,0,-0.02537172,0.99937,-0.02481893,0,-0.999539,-0.02494618,0.01730728,0,10.55311,-2.116519,-28.838,1,-0.01667724,-0.02537171,-0.999539,0,-0.0252466,0.99937,-0.02494619,0,-0.9995421,-0.02481893,0.0173073,0,-28.70223,1.667207,10.99455,1,1,1,0.01542575,-0.09460063,0.9953958,2.142321E-05,0.001849732,-0.02124006,3.9,7
0,-0.4942265,-0.1534066,9.194345,-0.892519,-0.2552999,10.98097,-0.6947842,-0.204733,10.09398,-0.01789629,-0.02651914,-0.9994881,0,-0.02521134,0.9993423,-0.02606385,0,-0.9995219,-0.02473199,0.01855302,0,10.51746,-2.155503,-28.84794,1,-0.01789621,-0.02521134,-0.999522,0,-0.02651914,0.9993423,-0.02473199,0,-0.9994882,-0.02606385,0.01855311,0,-28.70211,1.667357,10.99434,1,1,1,0.01586494,-0.09226555,0.9956081,9.666197E-06,0.001856239,-0.02124832,3.92,8
0,-0.4882526,-0.1899509,9.153666,-0.8845234,-0.2701364,10.93896,-0.6877918,-0.2303451,10.05263,-0.01934326,-0.02673896,-0.9994555,0,-0.02604326,0.9993166,-0.02623122,0,-0.9994738,-0.02552169,0.02002645,0,10.47649,-2.153073,-28.86281,1,-0.01934328,-0.02604327,-0.9994735,0,-0.02673896,0.9993166,-0.02552168,0,-0.999455,-0.02623121,0.0200264,0,-28.70201,1.667337,10.99404,1,1,1,0.01595006,-0.09330386,0.99551,7.056631E-06,0.001856239,-0.02124832,3.96,9
0,-0.4842949,-0.1923989,9.134654,-0.8857117,-0.3126271,10.92891,-0.6864491,-0.2529684,10.03823,-0.01984704,-0.02651762,-0.9994513,0,-0.02609431,0.9993214,-0.025996,0,-0.9994624,-0.02556405,0.02052557,0,10.46171,-2.146209,-28.86854,1,-0.01984708,-0.02609432,-0.9994625,0,-0.02651763,0.9993215,-0.02556406,0,-0.9994513,-0.025996,0.02052553,0,-28.70197,1.667278,10.99377,1,1,1,0.0159712,-0.09386159,0.9954572,8.04849E-06,0.00185878,-0.02126027,3.98,10
0,-0.4789906,-0.1696371,9.078763,-0.8995705,-0.3965825,10.9618,-0.6865368,-0.2843032,10.02723,-0.02036703,-0.02559634,-0.9994649,0,-0.0265466,0.9993336,-0.02505202,0,-0.9994401,-0.02602216,0.02103293,0,10.44708,-2.114797,-28.87595,1,-0.020367,-0.0265466,-0.99944,0,-0.02559634,0.9993336,-0.02602216,0,-0.9994648,-0.02505201,0.02103295,0,-28.70185,1.667321,10.99354,1,1,1,0.0158948,-0.09402616,0.9954429,1.676939E-05,0.001859962,-0.0212787,4,11
0,-0.4817772,-0.2388904,9.105133,-0.9112911,-0.4279676,11.00404,-0.6980629,-0.3341911,10.06182,-0.02011013,-0.02532592,-0.9994769,0,-0.02734036,0.9993192,-0.02477182,0,-0.9994238,-0.0268279,0.02078879,0,10.45532,-2.098101,-28.87387,1,-0.02011006,-0.02734037,-0.999424,0,-0.02532593,0.9993193,-0.0268279,0,-0.9994771,-0.02477182,0.02078886,0,-28.70165,1.667267,10.99327,1,0.9894831,0.9875403,0.01502751,-0.0955533,0.9953109,2.351403E-05,0.001859619,-0.02132606,4.02,12
0,-0.4968472,-0.3075849,9.150163,-0.9133701,-0.4664878,10.99951,-0.7066422,-0.3876486,10.08163,-0.02006137,-0.02509963,-0.9994836,0,-0.0277173,0.9993145,-0.02453905,0,-0.9994145,-0.0272107,0.02074325,0,10.45711,-2.087402,-28.8739,1,-0.02006131,-0.0277173,-0.9994144,0,-0.02509963,0.9993146,-0.0272107,0,-0.9994836,-0.02453905,0.02074332,0,-28.7016,1.667276,10.99313,1,1,1,0.01445453,-0.09724571,0.9951554,2.864096E-05,0.001856873,-0.02132283,4.04,13
0,-0.5233727,-0.3793347,9.245487,-0.9184361,-0.450823,11.02841,-0.7222672,-0.415341,10.1431,-0.01961732,-0.02447016,-0.9995081,0,-0.02843741,0.9993097,-0.02390717,0,-0.9994031,-0.02795443,0.02029955,0,10.47065,-2.06107,-28.87075,1,-0.01961723,-0.02843741,-0.999403,0,-0.02447016,0.9993096,-0.02795443,0,-0.999508,-0.02390716,0.02029964,0,-28.70157,1.667188,10.99285,1,0.9972208,0.972373,0.01279951,-0.09767739,0.9951358,3.39048E-05,0.001856232,-0.02132592,4.06,14
0,-0.5413551,-0.5335806,9.271621,-0.9119968,-0.4422555,11.00205,-0.7278576,-0.4876231,10.14235,-0.01910686,-0.02362732,-0.9995383,0,-0.02866752,0.9993227,-0.02307423,0,-0.9994065,-0.0282134,0.01977134,0,10.48542,-2.033953,-28.86721,1,-0.01910694,-0.02866752,-0.9994063,0,-0.02362733,0.9993227,-0.0282134,0,-0.9995382,-0.02307423,0.01977126,0,-28.7016,1.667077,10.99255,1,1,1,0.013418,-0.0993937,0.9949577,4.591327E-05,0.001857529,-0.02132842,4.08,15
0,-0.5613422,-0.5703088,9.34977,-0.9051914,-0.4179167,10.97975,-0.7342739,-0.4936568,10.16952,-0.01855564,-0.02278173,-0.9995683,0,-0.02932404,0.9993227,-0.02223177,0,-0.9993978,-0.02889886,0.01921105,0,10.50188,-2.002046,-28.86346,1,-0.01855557,-0.02932404,-0.9993976,0,-0.02278173,0.9993227,-0.02889885,0,-0.9995682,-0.02223177,0.01921112,0,-28.70174,1.666961,10.9922,1,1,1,0.01305104,-0.09878786,0.995023,5.631242E-05,0.001859016,-0.0213532,4.1,16
0,-0.5786514,-0.6172438,9.411924,-0.9120579,-0.4551882,10.99761,-0.7462921,-0.5357472,10.20923,-0.01795447,-0.02183139,-0.9996006,0,-0.03029208,0.9993145,-0.02128105,0,-0.9993799,-0.02989788,0.01860344,0,10.52019,-1.963664,-28.85933,1,-0.01795443,-0.03029207,-0.9993796,0,-0.02183139,0.9993144,-0.02989787,0,-0.9996004,-0.02128104,0.01860347,0,-28.70178,1.666839,10.99184,1,0.9996645,0.9805626,0.01235505,-0.09937309,0.9949735,5.651917E-05,0.001861038,-0.02135617,4.12,17
0,-0.5815163,-0.6410277,9.41637,-0.9083424,-0.4560045,10.98031,-0.7458267,-0.5479918,10.20264,-0.0179919,-0.02109883,-0.9996156,0,-0.03070248,0.9993175,-0.02053993,0,-0.9993666,-0.03032112,0.01862741,0,10.51954,-1.937913,-28.86124,1,-0.01799189,-0.03070248,-0.9993666,0,-0.02109883,0.9993175,-0.03032112,0,-0.9996154,-0.02053993,0.01862741,0,-28.70176,1.666759,10.99173,1,0.9996645,0.9805626,0.01259244,-0.0990529,0.9950024,5.765539E-05,0.00186335,-0.02135691,4.14,18
0,-0.6058102,-0.6607174,9.520444,-0.8873539,-0.4653793,10.88079,-0.7472324,-0.5625799,10.20377,-0.01774967,-0.01986295,-0.9996451,0,-0.03149675,0.9993175,-0.01929718,0,-0.9993462,-0.03114305,0.01836324,0,10.52727,-1.893345,-28.86079,1,-0.01774974,-0.03149675,-0.9993463,0,-0.01986296,0.9993175,-0.03114305,0,-0.9996453,-0.01929719,0.01836318,0,-28.7013,1.666696,10.9914,1,0.9915435,0.9987237,0.01286155,-0.09831921,0.9950718,5.841069E-05,0.001868073,-0.02137214,4.16,19
0,-0.7051411,-2.091177,8.31425,-0.6695881,-1.962216,9.338305,-0.649889,-2.031691,8.822968,-0.01776302,-0.01857958,-0.9996696,0,-0.03184786,0.9993305,-0.01800737,0,-0.9993349,-0.03151747,0.01834285,0,10.52705,-1.85231,-28.86332,1,-0.01776302,-0.03184786,-0.9993349,0,-0.01857957,0.9993304,-0.03151747,0,-0.9996695,-0.01800737,0.01834285,0,-28.7012,1.666581,10.99111,1,0.9962441,0.9839743,0.06290794,-0.1461443,0.9872611,-0.0002815016,0.001621071,-0.02141647,4.18,20
0,-1.134617,-4.105692,5.578668,-1.064219,-4.669272,6.72896,-1.099459,-4.387122,6.15312,-0.01820946,-0.01729056,-0.9996846,0,-0.03226199,0.99934,-0.01669694,0,-0.9993135,-0.03194777,0.01875532,0,10.51445,-1.810516,-28.87031,1,-0.01820951,-0.03226199,-0.9993136,0,-0.01729056,0.9993399,-0.03194778,0,-0.9996847,-0.01669694,0.01875527,0,-28.70104,1.666492,10.99086,1,1,1,0.1578223,-0.2221551,0.9621535,-0.000802245,0.001298943,-0.02155778,4.2,21
0,-1.346331,-4.746127,3.953195,-1.389673,-5.361627,4.904013,-1.363981,-5.055104,4.427975,-0.01892281,-0.01594796,-0.9996938,0,-0.03208217,0.9993676,-0.01533549,0,-0.9993061,-0.03178216,0.01942241,0,10.49332,-1.773677,-28.88,1,-0.01892273,-0.03208217,-0.9993061,0,-0.01594796,0.9993675,-0.03178216,0,-0.9996938,-0.01533549,0.01942248,0,-28.70088,1.666314,10.99058,1,1,1,0.2163176,-0.2401153,0.9463357,-0.0009871908,0.001222,-0.02163085,4.22,22
0,-1.363174,-4.814327,3.859281,-1.36215,-5.177881,4.740561,-1.362661,-4.996083,4.299875,-0.02068031,-0.01438779,-0.9996825,0,-0.03226525,0.9993852,-0.01371604,0,-0.9992653,-0.03197136,0.02113175,0,10.44239,-1.72674,-28.90087,1,-0.02068025,-0.03226525,-0.9992655,0,-0.01438779,0.9993852,-0.03197137,0,-0.9996827,-0.01371604,0.02113182,0,-28.70059,1.666199,10.99024,1,1,1,0.2189111,-0.236283,0.946704,-0.0009878073,0.001228455,-0.0216376,4.26,23
0,-1.378042,-4.866239,3.834212,-1.3473,-5.19143,4.922297,-1.362675,-5.028741,4.377966,-0.0221957,-0.01282496,-0.9996714,0,-0.03272583,0.9993912,-0.01209475,0,-0.9992179,-0.03244663,0.02260184,0,10.39878,-1.676599,-28.91895,1,-0.02219565,-0.03272583,-0.9992179,0,-0.01282496,0.9993911,-0.03244662,0,-0.9996713,-0.01209475,0.02260189,0,-28.70014,1.666119,10.98987,1,1,1,0.2149843,-0.2360003,0.9476738,-0.0009891596,0.001231422,-0.02163662,4.28,24
0,-1.390371,-4.903484,3.799476,-1.366486,-5.289167,4.963552,-1.378431,-5.096255,4.381309,-0.02412856,-0.01057639,-0.9996529,0,-0.03311183,0.9994038,-0.009774535,0,-0.9991603,-0.0328645,0.02446437,0,10.34296,-1.607332,-28.94226,1,-0.02412855,-0.03311184,-0.9991604,0,-0.01057639,0.999404,-0.0328645,0,-0.999653,-0.009774535,0.02446438,0,-28.69965,1.665952,10.9895,1,1,1,0.2132009,-0.2361121,0.9480488,-0.000992028,0.001231773,-0.02163567,4.3,25
0,-1.407104,-4.974125,3.800431,-1.383392,-5.356459,4.954785,-1.395252,-5.165226,4.377421,-0.02643597,-0.007795453,-0.9996201,0,-0.03358105,0.9994121,-0.006905747,0,-0.9990863,-0.03338574,0.02668214,0,10.2764,-1.521612,-28.97004,1,-0.0264359,-0.03358105,-0.9990863,0,-0.007795451,0.9994121,-0.03338574,0,-0.9996201,-0.006905746,0.02668221,0,-28.69923,1.66575,10.98919,1,1,1,0.2113289,-0.2357299,0.9485629,-0.000996354,0.001231339,-0.02163519,4.32,26
0,-1.408232,-4.991003,3.829576,-1.388462,-5.381862,4.964669,-1.398348,-5.186379,4.396976,-0.02767861,-0.006302219,-0.9995971,0,-0.03376439,0.9994154,-0.005366149,0,-0.9990466,-0.03360225,0.0278753,0,10.24039,-1.476298,-28.9848,1,-0.02767869,-0.03376438,-0.9990463,0,-0.006302225,0.9994155,-0.03360225,0,-0.999597,-0.005366146,0.02787521,0,-28.69898,1.665659,10.98897,1,1,1,0.2095546,-0.2350435,0.9491267,-0.001000763,0.001231079,-0.02163492,4.34,27
0,-1.425066,-5.070642,3.851109,-1.410089,-5.452952,4.917549,-1.417578,-5.26176,4.38423,-0.03023195,-0.003185002,-0.9995379,0,-0.03443826,0.9994045,-0.002142964,0,-0.9989495,-0.03435756,0.03032362,0,10.16696,-1.378342,-29.0148,1,-0.03023194,-0.03443826,-0.9989495,0,-0.003185005,0.9994044,-0.03435756,0,-0.9995378,-0.00214296,0.03032363,0,-28.69841,1.665476,10.98876,1,1,1,0.2078105,-0.2344909,0.9496467,-0.00100312,0.001230354,-0.02163534,4.36,28
0,-1.402826,-5.034945,3.989181,-1.410051,-5.480943,4.984959,-1.406441,-5.257992,4.487161,-0.03255796,2.544373E-05,-0.9994698,0,-0.0347456,0.9993955,0.001157289,0,-0.9988657,-0.03476486,0.03253734,0,10.09957,-1.281465,-29.04218,1,-0.03255791,-0.03474561,-0.9988658,0,2.544698E-05,0.9993956,-0.03476487,0,-0.9994699,0.001157288,0.0325374,0,-28.69793,1.665216,10.98852,1,1,1,0.202193,-0.2314676,0.9515991,-0.001007956,0.001239952,-0.02163181,4.38,29
0,-1.412806,-5.101969,4.049411,-1.431967,-5.57831,4.997919,-1.422392,-5.340235,4.523847,-0.03522253,0.003332378,-0.999374,0,-0.03541727,0.9993621,0.004580602,0,-0.9987518,-0.03555644,0.03508198,0,10.02287,-1.177542,-29.07253,1,-0.03522247,-0.03541727,-0.9987516,0,0.003332376,0.9993621,-0.03555643,0,-0.9993738,0.004580606,0.03508203,0,-28.69737,1.664944,10.98842,1,1,1,0.1986915,-0.2310735,0.952432,-0.001007956,0.001241997,-0.02163144,4.4,30
0,-1.420031,-5.119552,4.018943,-1.444857,-5.643565,5.024671,-1.432451,-5.381709,4.522082,-0.03880405,0.006696874,-0.9992246,0,-0.03594399,0.999321,0.008093371,0,-0.9986003,-0.03623017,0.03853703,0,9.919091,-1.07334,-29.11147,1,-0.03880407,-0.03594398,-0.9986001,0,0.006696866,0.999321,-0.03623017,0,-0.9992242,0.008093375,0.03853698,0,-28.6968,1.664753,10.98819,1,1,1,0.1955227,-0.2291636,0.9535486,-0.001005729,0.001242279,-0.02162728,4.42,31
0,-1.405005,-5.045114,3.991625,-1.470236,-5.734781,4.988019,-1.43767,-5.390399,4.490434,-0.04176652,0.00833094,-0.9990928,0,-0.03630846,0.9992921,0.009850456,0,-0.9984676,-0.03668694,0.04143453,0,9.833011,-1.021242,-29.14202,1,-0.04176657,-0.03630846,-0.9984674,0,0.008330936,0.9992921,-0.03668694,0,-0.9990925,0.009850456,0.04143446,0,-28.69638,1.664603,10.98796,1,1,1,0.1938664,-0.2277406,0.9542275,-0.001001984,0.001250771,-0.02162393,4.44,32
0,-1.449574,-5.120116,3.723265,-1.463699,-5.667556,4.892712,-1.456644,-5.394023,4.308369,-0.0513581,0.01296724,-0.9985961,0,-0.03648071,0.999224,0.01485161,0,-0.9980137,-0.03719224,0.05084527,0,9.552406,-0.882185,-29.23851,1,-0.05135819,-0.03648071,-0.9980139,0,0.01296724,0.9992239,-0.03719224,0,-0.9985962,0.01485161,0.0508452,0,-28.69543,1.664218,10.98726,1,1,1,0.1909096,-0.2229489,0.9559536,-0.0009962469,0.001289658,-0.02161325,4.46,33
0,-26.24991,1.028445,10.26496,-1.525251,-5.910023,4.854755,-1.532892,-5.624279,4.09343,-0.0665518,0.02149684,-0.9975514,0,-0.03799255,0.9989883,0.02406248,0,-0.9970594,-0.03950092,0.06566787,0,9.10746,-0.6110107,-29.38565,1,-0.06655192,-0.03799255,-0.9970594,0,0.02149683,0.9989883,-0.03950092,0,-0.9975514,0.02406248,0.06566776,0,-28.69444,1.6635,10.98623,1,1,1,0.1843877,-0.2217549,0.9575103,-0.001026299,0.001284317,-0.02161449,4.48,34
0,-26.25261,0.9975469,10.20036,-26.38148,0.9841449,10.44959,-1.664755,-5.945247,3.536661,-0.08966339,0.03555225,-0.9953374,0,-0.04073763,0.9983954,0.03933126,0,-0.9951386,-0.04407426,0.08807123,0,8.426311,-0.155454,-29.5922,1,-0.08966341,-0.04073763,-0.9951386,0,0.03555225,0.9983954,-0.04407426,0,-0.9953374,0.03933126,0.08807121,0,-28.69316,1.662371,10.98472,1,1,1,0.1822916,-0.2169691,0.959007,-0.001071915,0.001259926,-0.02162531,4.5,35
0,-26.25175,1.007429,10.1793,-26.41748,0.9841818,10.4326,-1.689236,-5.941738,3.282164,-0.1064321,0.04495875,-0.9933031,0,-0.04129348,0.9979156,0.04959211,0,-0.9934622,-0.04629513,0.1043538,0,7.926627,0.1403474,-29.72867,1,-0.1064321,-0.04129347,-0.9934621,0,0.04495875,0.9979155,-0.04629513,0,-0.9933031,0.0495921,0.1043537,0,-28.69224,1.66157,10.9836,1,1,1,0.1749159,-0.2067217,0.9626374,-0.001127579,0.001230431,-0.02163039,4.52,36
0,-26.25571,0.9620042,10.17965,-26.4371,0.984259,10.39612,-26.25708,0.9463179,10.26371,-0.1386886,0.06189105,-0.9884002,0,-0.04062084,0.9968498,0.0681199,0,-0.9895027,-0.04959709,0.1357375,0,6.954601,0.6655079,-29.96166,1,-0.1386885,-0.04062084,-0.9895025,0,0.06189105,0.9968499,-0.04959709,0,-0.9884002,0.06811991,0.1357376,0,-28.69078,1.660075,10.98153,1,1,1,0.1516135,-0.1981719,0.9683704,-0.001118203,0.001295204,-0.02161547,4.54,37
0,-26.25345,0.9879718,10.09969,-26.44391,0.9843743,10.34124,-26.25605,0.958186,10.19325,-0.1763246,0.07792456,-0.9812428,0,-0.03858139,0.9955484,0.08599351,0,-0.9835757,-0.05302048,0.1725332,0,5.803998,1.166558,-30.18803,1,-0.1763245,-0.03858139,-0.9835756,0,0.07792456,0.9955484,-0.05302048,0,-0.9812428,0.08599352,0.1725332,0,-28.6893,1.658536,10.97896,1,1,1,0.1391203,-0.1748631,0.9747145,-0.001027558,0.001371101,-0.02159214,4.56,38
0,-26.25826,0.9327896,9.97009,-26.0994,0.8500708,10.08134,-26.10751,0.8702757,9.997369,-0.2193784,0.09338382,-0.9711605,0,-0.03604914,0.9939532,0.1037188,0,-0.9749737,-0.05776315,0.2146854,0,4.467547,1.66616,-30.38907,1,-0.2193784,-0.03604915,-0.9749737,0,0.09338382,0.9939532,-0.05776315,0,-0.9711604,0.1037187,0.2146854,0,-28.68817,1.656883,10.97607,1,1,1,0.1444267,-0.1680191,0.9751464,-0.001165704,0.001480225,-0.02157957,4.58,39
0,-26.72891,0.8500708,9.279402,-26.71108,0.8500708,9.514715,-26.72001,0.8500708,9.397922,-0.2849569,0.1167158,-0.9514079,0,-0.03065959,0.9909414,0.1307485,0,-0.9580499,-0.06642747,0.2787971,0,2.387644,2.43757,-30.56777,1,-0.284957,-0.03065958,-0.9580499,0,0.1167158,0.9909413,-0.06642747,0,-0.9514079,0.1307485,0.2787971,0,-28.68655,1.654406,10.97161,1,1,1,0.3655518,-0.1742993,0.9143258,-0.002285667,0.001542435,-0.02190912,4.62,40
0,-27.43286,1.065104,9.595961,-26.72045,0.6827589,9.090355,-27.45222,1.058784,9.709435,-0.3288696,0.1324669,-0.9350389,0,-0.02475653,0.9885638,0.1487571,0,-0.944051,-0.07206998,0.3218292,0,0.9619818,2.956644,-30.59815,1,-0.3288695,-0.02475651,-0.9440507,0,0.1324669,0.9885639,-0.07206999,0,-0.9350384,0.1487571,0.3218291,0,-28.68574,1.652677,10.96862,1,0.9703062,0.9362509,0.425524,-0.1778527,0.887298,-0.002668153,0.001602501,-0.02207069,4.64,41
0,-27.4228,1.064446,9.51584,-26.7669,0.7533371,8.997019,-27.41592,1.059406,9.591617,-0.3709857,0.1480635,-0.9167589,0,-0.01724979,0.9859383,0.166217,0,-0.9284784,-0.07747801,0.363215,0,-0.4319668,3.469002,-30.55459,1,-0.3709857,-0.01724977,-0.9284784,0,0.1480635,0.9859383,-0.07747802,0,-0.9167588,0.166217,0.363215,0,-28.68507,1.651018,10.96558,1,0.9534239,0.8850151,0.4123159,-0.1465521,0.8991764,-0.002479561,0.001660683,-0.02199744,4.66,42
0,-26.67022,0.7477057,8.739957,-26.80695,0.8443443,9.151032,-26.80695,0.8266113,9.02109,-0.4108526,0.1634676,-0.8969272,0,-0.009524405,0.9829713,0.1835122,0,-0.911652,-0.08393915,0.4022994,0,-1.775217,3.988024,-30.44096,1,-0.4108526,-0.009524404,-0.911652,0,0.1634676,0.9829714,-0.08393914,0,-0.8969273,0.1835122,0.4022993,0,-28.68459,1.649265,10.96275,1,0.9824604,0.9088612,0.354541,-0.1196881,0.9273486,-0.002031349,0.001743309,-0.02180721,4.68,43
0,-26.80695,0.8274207,8.925819,-26.80695,0.8267654,9.205854,-26.80695,0.8269618,9.068004,-0.4298352,0.1709269,-0.8865809,0,-0.00592228,0.9813631,0.1920715,0,-0.9028879,-0.08780966,0.420812,0,-2.422958,4.247751,-30.36032,1,-0.4298351,-0.005922278,-0.9028879,0,0.1709269,0.9813631,-0.08780968,0,-0.8865809,0.1920715,0.4208121,0,-28.6844,1.648417,10.96132,1,0.9991919,0.9220864,0.3233841,-0.1141116,0.9393622,-0.001770005,0.001803268,-0.02171322,4.7,44
0,-27.3987,1.057702,9.545288,-26.70898,0.7372566,9.092649,-26.75201,0.7610444,8.998929,-0.4659455,0.1854289,-0.8651654,0,0.001100682,0.9779147,0.2090015,0,-0.8848129,-0.09643098,0.4558591,0,-3.670705,4.765448,-30.15632,1,-0.4659454,0.001100703,-0.8848127,0,0.1854289,0.9779147,-0.09643099,0,-0.8651652,0.2090014,0.4558589,0,-28.6842,1.646552,10.95868,1,0.9998442,0.9433753,0.2864926,-0.1100684,0.951739,-0.001607873,0.001863968,-0.02163786,4.72,45
0,-27.43475,1.060722,9.543405,-27.45446,1.057826,9.728228,-27.46165,1.06695,9.654981,-0.500267,0.1987974,-0.8427412,0,0.007484339,0.9742433,0.2253751,0,-0.8658389,-0.1064404,0.4888697,0,-4.87566,5.265883,-29.89973,1,-0.5002669,0.007484348,-0.8658388,0,0.1987974,0.9742434,-0.1064404,0,-0.842741,0.2253751,0.4888695,0,-28.6837,1.644895,10.95603,1,1,1,0.2699938,-0.096713,0.9579927,-0.001486107,0.001878929,-0.02159417,4.74,46
0,-27.45108,1.066563,9.614554,-26.80695,0.8151676,9.217083,-26.76719,0.774559,9.041788,-0.5331625,0.2107755,-0.8193361,0,0.01320072,0.9704223,0.2410527,0,-0.84591,-0.1177044,0.5201751,0,-6.048893,5.740552,-29.5952,1,-0.5331624,0.01320073,-0.8459098,0,0.2107755,0.9704222,-0.1177044,0,-0.8193361,0.2410526,0.520175,0,-28.68342,1.643091,10.95355,1,1,1,0.2043263,-0.07540032,0.9759946,-0.001161392,0.002030571,-0.02150401,4.76,47
0,-27.46775,1.042672,9.609179,-26.72658,0.7384546,9.092649,-27.46984,1.064361,9.714435,-0.5642812,0.2225987,-0.7950072,0,0.01835238,0.9661092,0.2574804,0,-0.8253787,-0.1307011,0.5492425,0,-7.176574,6.230507,-29.24072,1,-0.5642812,0.0183524,-0.8253787,0,0.2225987,0.9661092,-0.1307011,0,-0.7950072,0.2574804,0.5492425,0,-28.68309,1.641268,10.95119,1,1,1,0.1767762,-0.06914432,0.9818194,-0.0009975815,0.00209964,-0.02148267,4.78,48
0,-27.43918,1.062708,9.630836,-26.80695,0.8165165,9.251491,-26.76719,0.7770153,9.081874,-0.579121,0.2280268,-0.7827023,0,0.02046855,0.9638504,0.2656565,0,-0.8149848,-0.1378264,0.5628535,0,-7.720355,6.468694,-29.04916,1,-0.5791209,0.02046858,-0.8149845,0,0.2280267,0.9638504,-0.1378264,0,-0.7827022,0.2656564,0.5628532,0,-28.68289,1.640266,10.95,1,1,1,0.1398383,-0.04941267,0.9889407,-0.0008401573,0.002278023,-0.02199431,4.8,49
0,-27.45348,1.067805,9.627929,-26.76719,0.7733618,9.176317,-26.73347,0.7477057,9.015819,-0.6083385,0.2373372,-0.7573608,0,0.02426433,0.9593577,0.2811478,0,-0.7933067,-0.1526562,0.589373,0,-8.803582,6.906857,-28.63586,1,-0.6083385,0.02426432,-0.7933068,0,0.2373372,0.9593577,-0.1526562,0,-0.7573608,0.2811478,0.5893731,0,-28.68249,1.638377,10.94764,1,1,1,0.1121425,-0.03417131,0.9931045,-0.0007935259,0.002357369,-0.02227089,4.82,50
0,-26.74626,0,7.254985,-26.76719,0.0941222,7.886099,-26.69798,0,7.481209,-0.6362443,0.2456224,-0.7313432,0,0.02864123,0.9548315,0.2957642,0,-0.7709559,-0.1672317,0.6145409,0,-9.857364,7.312743,-28.18684,1,-0.6362442,0.02864122,-0.7709559,0,0.2456224,0.9548315,-0.1672318,0,-0.7313432,0.2957643,0.6145411,0,-28.68212,1.63655,10.9453,1,1,1,0.3144031,-0.11479,0.9423237,-0.001813332,0.001737854,-0.02184918,4.84,51
0,-27.33228,0,7.556142,-27.23695,0,7.89138,-27.28404,0,7.726632,-0.6624801,0.2532891,-0.7049575,0,0.03325593,0.9501151,0.3101215,0,-0.7483412,-0.1820052,0.6378556,0,-10.86634,7.703408,-27.70647,1,-0.6624798,0.03325595,-0.748341,0,0.2532891,0.9501151,-0.1820052,0,-0.7049573,0.3101214,0.6378555,0,-28.6818,1.634617,10.94306,1,1,1,0.3672503,-0.1581241,0.9165828,-0.00212899,0.001542984,-0.02200683,4.86,52
0,-27.61119,0,7.716486,-27.51884,0,8.018854,-27.56449,0,7.870211,-0.6870835,0.259341,-0.6787184,0,0.03765821,0.9455848,0.3231893,0,-0.725602,-0.1964987,0.659462,0,-11.82946,8.04425,-27.20964,1,-0.6870834,0.03765822,-0.7256019,0,0.2593409,0.9455847,-0.1964987,0,-0.6787183,0.3231893,0.6594619,0,-28.68171,1.632822,10.94093,1,1,1,0.3813803,-0.1775575,0.9072059,-0.002176316,0.001502739,-0.02203742,4.88,53
0,-27.43061,0,7.685092,-27.37257,0,7.995441,-27.40138,0,7.843381,-0.6986741,0.2616638,-0.6658729,0,0.04014347,0.9435894,0.3286753,0,-0.7143131,-0.2029065,0.6697656,0,-12.29022,8.184808,-26.96188,1,-0.6986738,0.04014347,-0.714313,0,0.2616638,0.9435894,-0.2029064,0,-0.6658729,0.3286753,0.6697655,0,-28.68171,1.631978,10.93982,1,1,1,0.3344884,-0.1542614,0.9296886,-0.001976104,0.001601852,-0.02192009,4.9,54
0,-27.49156,0,7.567361,-27.35585,0,7.926846,-27.42267,0,7.750531,-0.720058,0.2654293,-0.6411427,0,0.04544497,0.9400057,0.3381183,0,-0.6924242,-0.2143281,0.688921,0,-13.15289,8.424388,-26.47555,1,-0.720058,0.04544497,-0.6924242,0,0.2654293,0.9400057,-0.2143281,0,-0.6411425,0.3381183,0.688921,0,-28.68152,1.630628,10.93777,1,1,1,0.3218251,-0.1355364,0.9370478,-0.001818367,0.001700386,-0.0218563,4.92,55
0,-27.51736,0,7.688178,-27.38368,0,7.877609,-27.45021,0,7.783379,-0.7394325,0.2684347,-0.6173997,0,0.05049498,0.9366004,0.346742,0,-0.6713344,-0.2252167,0.7061074,0,-13.94853,8.636063,-25.99479,1,-0.7394326,0.05049503,-0.6713343,0,0.2684347,0.9366003,-0.2252167,0,-0.6173998,0.3467419,0.7061073,0,-28.68139,1.629274,10.93597,1,1,1,0.2979383,-0.1289843,0.9458308,-0.001682243,0.001775032,-0.02179684,4.94,56
0,-27.56639,0,7.751076,-27.40297,0,7.98924,-27.48406,0,7.871135,-0.7569965,0.2706615,-0.5947257,0,0.05425467,0.9330682,0.3555842,0,-0.6511626,-0.2369094,0.721014,0,-14.67988,8.834392,-25.52012,1,-0.7569965,0.05425467,-0.6511626,0,0.2706615,0.9330682,-0.2369094,0,-0.5947257,0.3555843,0.7210141,0,-28.68122,1.627916,10.93433,1,1,1,0.2713642,-0.1276174,0.9539786,-0.001553298,0.001810455,-0.02174241,4.96,57
0,-27.42462,0,7.699761,-27.29182,0,7.98066,-27.35744,0,7.842257,-0.7728527,0.2728099,-0.5729517,0,0.05716516,0.9291346,0.3652958,0,-0.6320056,-0.249567,0.7336793,0,-15.34946,9.041681,-25.04826,1,-0.7728525,0.05716518,-0.6320055,0,0.2728099,0.9291345,-0.2495669,0,-0.5729517,0.3652958,0.7336793,0,-28.68097,1.626542,10.93295,1,1,1,0.2232848,-0.1013539,0.9694696,-0.00129406,0.001857811,-0.02167543,4.98,58
0,-27.38411,0,7.658974,-27.22622,0,7.93076,-27.30433,0,7.796526,-0.7799412,0.2737871,-0.56279,0,0.05834907,0.9271301,0.3701691,0,-0.6231271,-0.2558718,0.7390822,0,-15.6519,9.142422,-24.82302,1,-0.7799409,0.05834906,-0.6231269,0,0.2737871,0.9271301,-0.2558718,0,-0.5627899,0.370169,0.739082,0,-28.68078,1.625772,10.93241,1,1,1,0.2063773,-0.0865446,0.9746376,-0.001170899,0.001888008,-0.02165554,5,59
0,-27.5086,0,7.829386,-27.39399,0,8.095433,-27.45064,0,7.964514,-0.7929993,0.2758624,-0.543187,0,0.0612001,0.9231682,0.3794932,0,-0.6061409,-0.2676947,0.7489545,0,-16.21727,9.338616,-24.38245,1,-0.7929993,0.06120013,-0.6061408,0,0.2758624,0.9231681,-0.2676947,0,-0.543187,0.3794932,0.7489544,0,-28.68069,1.62436,10.9313,1,1,1,0.2001265,-0.1015741,0.9744907,-0.001132079,0.001717651,-0.02168149,5.02,60
0,-28.00371,0,8.391364,-27.75984,0,8.668568,-27.88041,0,8.53159,-0.8041807,0.2789107,-0.5248829,0,0.06455259,0.9188284,0.3893423,0,-0.5908691,-0.279219,0.7569084,0,-16.71062,9.56002,-23.95879,1,-0.8041807,0.06455253,-0.5908692,0,0.2789107,0.9188283,-0.2792191,0,-0.5248831,0.3893423,0.7569087,0,-28.68032,1.622868,10.93017,1,1,1,0.221546,-0.198166,0.9548024,-0.001130532,0.001295105,-0.02178236,5.04,61
0,-28.04325,0,8.929153,-27.92742,0,9.112714,-27.98479,0,9.022082,-0.8136783,0.2825309,-0.5080392,0,0.06786201,0.9141382,0.3996826,0,-0.5773407,-0.2907365,0.7629875,0,-17.13639,9.798264,-23.5575,1,-0.8136784,0.06786206,-0.5773407,0,0.2825309,0.9141382,-0.2907364,0,-0.5080392,0.3996825,0.7629875,0,-28.67995,1.621466,10.92926,1,1,1,0.1627723,-0.2795991,0.9462185,-0.0009040311,0.0009400712,-0.0218196,5.06,62
0,-28.0688,0,8.982038,-27.95637,0,9.151173,-28.0121,0,9.06757,-0.8224928,0.2835421,-0.4930614,0,0.06978822,0.9106414,0.4072614,0,-0.5644779,-0.3005597,0.7687839,0,-17.53279,9.941049,-23.20238,1,-0.8224927,0.06978823,-0.5644778,0,0.2835421,0.9106414,-0.3005597,0,-0.4930613,0.4072614,0.7687839,0,-28.6795,1.620287,10.92862,1,1,1,0.1510629,-0.2824242,0.9473208,-0.0008127969,0.0009695969,-0.02179682,5.08,63
0,-28.04402,0,8.971807,-27.94161,0,9.12708,-27.99244,0,9.050247,-0.8271552,0.2828202,-0.4856206,0,0.07028685,0.9094126,0.4099129,0,-0.5575611,-0.3049287,0.7721039,0,-17.74273,9.970283,-23.02892,1,-0.8271549,0.07028683,-0.5575609,0,0.2828201,0.9094126,-0.3049287,0,-0.4856204,0.4099128,0.7721037,0,-28.67909,1.619829,10.92829,1,1,1,0.1410962,-0.2725951,0.9517267,-0.0007737195,0.001021881,-0.02176216,5.1,64
0,-28.08321,0,8.950584,-27.92144,0,9.123952,-28.00167,0,9.03804,-0.835784,0.2816086,-0.4713408,0,0.07235564,0.907456,0.4138699,0,-0.5442703,-0.3118016,0.7788132,0,-18.13871,10.01405,-22.69799,1,-0.8357837,0.07235567,-0.5442701,0,0.2816085,0.907456,-0.3118015,0,-0.4713406,0.4138697,0.7788128,0,-28.67856,1.619139,10.92752,1,1,1,0.1331751,-0.2656461,0.9548281,-0.000731186,0.001108185,-0.02172703,5.12,65
0,-27.98753,0,8.892909,-27.87418,0,9.068455,-27.93033,0,8.981805,-0.8430277,0.2810024,-0.4586309,0,0.07609811,0.9064138,0.4154794,0,-0.53246,-0.3153596,0.7855157,0,-18.4814,10.03724,-22.40837,1,-0.8430274,0.07609811,-0.5324599,0,0.2810023,0.9064138,-0.3153596,0,-0.4586307,0.4154793,0.7855154,0,-28.67798,1.618726,10.92686,1,1,1,0.1063317,-0.2424565,0.9643176,-0.000641915,0.001161949,-0.02169317,5.14,66
0,-28.00129,0,8.849977,-27.8671,0,9.012338,-27.93365,0,8.931953,-0.8502873,0.2783431,-0.4466951,0,0.07934686,0.9068077,0.4140095,0,-0.5203032,-0.3165832,0.7931328,0,-18.82753,9.973354,-22.14611,1,-0.8502874,0.07934685,-0.5203032,0,0.2783431,0.9068077,-0.3165832,0,-0.4466951,0.4140095,0.7931328,0,-28.67739,1.618688,10.92617,1,1,1,0.1029063,-0.2339962,0.9667761,-0.0005927049,0.001196503,-0.02168011,5.16,67
0,-28.00473,0,8.833364,-27.88204,0,8.99454,-27.94287,0,8.914824,-0.8582945,0.2741766,-0.4337717,0,0.08221401,0.9078503,0.4111552,0,-0.5065289,-0.3172302,0.8017441,0,-19.21234,9.858981,-21.86444,1,-0.8582944,0.08221402,-0.5065288,0,0.2741766,0.9078503,-0.3172301,0,-0.4337716,0.4111552,0.801744,0,-28.67712,1.618721,10.92564,1,1,1,0.09457345,-0.2334764,0.9677524,-0.0005752873,0.001226471,-0.02167024,5.18,68
0,-28.01854,0,8.799109,-27.9167,0,8.944958,-27.96726,0,8.872774,-0.8622992,0.2722832,-0.4269688,0,0.0840921,0.908432,0.4094873,0,-0.4993686,-0.3171957,0.806237,0,-19.40839,9.803198,-21.71562,1,-0.8622987,0.0840921,-0.4993685,0,0.2722832,0.9084321,-0.3171957,0,-0.4269686,0.4094872,0.8062367,0,-28.67697,1.618822,10.92553,1,1,1,0.1017345,-0.2298322,0.9678984,-0.0007824861,0.001270226,-0.0216722,5.2,69
0,-28.73032,0.3058771,8.519321,-28.53983,0.1955791,8.519321,-28.63673,0.2517853,8.519321,-0.8705481,0.2691755,-0.411935,0,0.08886776,0.9093597,0.406408,0,-0.4839922,-0.31719,0.8155624,0,-19.82075,9.712283,-21.38103,1,-0.8705481,0.08886775,-0.4839922,0,0.2691755,0.9093597,-0.31719,0,-0.411935,0.406408,0.8155625,0,-28.67682,1.618887,10.92511,1,1,1,0.362249,-0.1688188,0.9166657,-0.002168708,0.001464088,-0.02202339,5.22,70
0,-28.77714,1.17458,10.04205,-28.69092,0.2261192,8.519321,-28.81958,0,7.950513,-0.8788743,0.2667339,-0.3955162,0,0.09445731,0.9099656,0.4037827,0,-0.4676087,-0.3175148,0.8249403,0,-20.24787,9.644653,-21.00819,1,-0.8788742,0.09445734,-0.4676086,0,0.2667339,0.9099656,-0.3175148,0,-0.3955162,0.4037827,0.8249403,0,-28.67697,1.618999,10.92474,1,1,1,0.4004364,-0.1666319,0.9010463,-0.002510682,0.001389534,-0.02216949,5.24,71
0,-29.08381,0.6532403,9.00981,-29.11979,0,7.9858,-29.01332,0.6354616,9.062943,-0.8872454,0.2641765,-0.3781619,0,0.09996687,0.9104086,0.4014508,0,-0.4503358,-0.3183817,0.8341647,0,-20.68598,9.580048,-20.60744,1,-0.8872453,0.09996688,-0.4503357,0,0.2641765,0.9104086,-0.3183817,0,-0.378162,0.4014508,0.8341648,0,-28.67731,1.619028,10.92447,1,0.9318233,0.9108764,0.4835742,-0.1824615,0.8560746,-0.00299662,0.001292023,-0.0224709,5.26,72
0,-29.21337,0.6547868,8.961083,-29.2861,0,8.02472,-29.12635,0.6410903,9.061682,-0.8956176,0.2619263,-0.3595331,0,0.105779,0.9104789,0.3997987,0,-0.4320651,-0.3200356,0.8431473,0,-21.13548,9.533472,-20.16865,1,-0.8956172,0.105779,-0.4320649,0,0.2619263,0.9104789,-0.3200355,0,-0.359533,0.3997986,0.8431469,0,-28.67767,1.619064,10.92428,1,0.9549921,0.868148,0.509398,-0.1901935,0.8392498,-0.003167924,0.001222504,-0.02258939,5.28,73
0,-29.2464,0.6522731,8.930828,-29.26101,0,8.08626,-29.13448,0.6373163,9.063251,-0.907536,0.257151,-0.3320417,0,0.1123697,0.9104794,0.3979954,0,-0.404662,-0.3238838,0.8551888,0,-21.78786,9.438872,-19.50869,1,-0.9075361,0.1123697,-0.404662,0,0.257151,0.9104794,-0.3238838,0,-0.3320417,0.3979955,0.8551888,0,-28.67818,1.618768,10.92399,1,0.9724126,0.8767142,0.4875947,-0.1883935,0.8525017,-0.002979469,0.001201706,-0.0224914,5.32,74
0,-29.23712,0.6521032,8.965292,-29.28693,0,8.055263,-29.14024,0.6343295,9.06349,-0.9151474,0.2529616,-0.313872,0,0.1151993,0.9102463,0.3977195,0,-0.3863086,-0.3278142,0.8621505,0,-22.21173,9.362333,-19.06322,1,-0.9151475,0.1151993,-0.3863086,0,0.2529615,0.9102462,-0.3278141,0,-0.313872,0.3977195,0.8621505,0,-28.67872,1.618558,10.92389,1,0.9761971,0.8991454,0.4736854,-0.1856814,0.8608975,-0.002896592,0.001199158,-0.02244263,5.34,75
0,-29.18523,0.6546502,8.975073,-29.25429,0,8.020467,-29.10345,0.6387595,9.062841,-0.9224091,0.2491909,-0.295069,0,0.1188714,0.9100933,0.3969884,0,-0.3674663,-0.3311104,0.8691,0,-22.63234,9.290723,-18.59881,1,-0.9224088,0.1188714,-0.3674661,0,0.2491909,0.9100934,-0.3311103,0,-0.2950689,0.3969883,0.8690996,0,-28.67936,1.618422,10.92385,1,0.9935493,0.9178682,0.4437446,-0.1764559,0.8786092,-0.002801055,0.00123468,-0.02234638,5.36,76
0,-29.21064,0.6540132,8.981906,-29.2643,0,8.059444,-29.12235,0.6303245,9.063542,-0.9290911,0.2459079,-0.2762593,0,0.123108,0.9099728,0.395972,0,-0.3487611,-0.3338843,0.8757209,0,-23.03587,9.227338,-18.13015,1,-0.9290909,0.123108,-0.3487611,0,0.2459079,0.9099729,-0.3338843,0,-0.2762593,0.395972,0.8757207,0,-28.68011,1.618304,10.9238,1,0.9924687,0.9291855,0.4328788,-0.1784824,0.8836063,-0.002787857,0.001240059,-0.02232207,5.38,77
0,-29.18961,0.6505702,9.029829,-29.275,0,8.10122,-29.14859,0.5521781,8.959105,-0.932405,0.244055,-0.2665676,0,0.1251463,0.9099571,0.3953688,0,-0.3390568,-0.3352839,0.8789911,0,-23.24036,9.18962,-17.88702,1,-0.9324049,0.1251463,-0.3390567,0,0.244055,0.9099571,-0.3352838,0,-0.2665676,0.3953688,0.8789909,0,-28.68029,1.618254,10.92386,1,1,1,0.4217339,-0.185201,0.8876041,-0.002719406,0.001269005,-0.02228149,5.4,78
0,-29.15574,0.6478299,9.049791,-29.26745,0,8.139922,-29.35499,0,7.98067,-0.9388535,0.239489,-0.2473848,0,0.1282503,0.910013,0.3942437,0,-0.3195405,-0.3384099,0.8850834,0,-23.64432,9.093048,-17.40191,1,-0.9388534,0.1282503,-0.3195404,0,0.239489,0.910013,-0.3384099,0,-0.2473848,0.3942437,0.8850834,0,-28.68121,1.618192,10.924,1,1,1,0.396931,-0.1854276,0.8989229,-0.002660866,0.001283989,-0.02222756,5.42,79
0,-29.19927,0.6513555,9.022941,-29.06493,0.4497082,8.82122,-29.10479,0.6282534,9.063483,-0.9450618,0.2340776,-0.2281802,0,0.1305721,0.9102355,0.392966,0,-0.2996823,-0.3415831,0.8907928,0,-24.04389,8.972455,-16.91178,1,-0.9450614,0.1305721,-0.2996822,0,0.2340775,0.9102355,-0.341583,0,-0.2281802,0.3929659,0.8907925,0,-28.68213,1.618164,10.9242,1,1,1,0.3824604,-0.1684462,0.9084876,-0.002475242,0.001281754,-0.02216232,5.44,80
0,-29.19896,0.6500981,9.03315,-29.0516,0.4383679,8.823473,-29.10027,0.6197261,9.06384,-0.9504575,0.2287765,-0.2104574,0,0.1325805,0.9106987,0.3912164,0,-0.2811644,-0.3439319,0.8959117,0,-24.40492,8.845572,-16.45707,1,-0.9504571,0.1325805,-0.2811643,0,0.2287765,0.9106987,-0.3439319,0,-0.2104573,0.3912163,0.8959113,0,-28.683,1.618241,10.92456,1,1,1,0.3633043,-0.168431,0.9163192,-0.002401161,0.001301804,-0.02211432,5.46,81
0,-29.20033,0.6532503,9.00239,-29.24842,0,7.975788,-29.10946,0.638876,9.062898,-0.9553518,0.2223174,-0.1946234,0,0.1333891,0.9122552,0.3872954,0,-0.2636487,-0.3440427,0.9011794,0,-24.73859,8.659108,-16.05477,1,-0.9553514,0.133389,-0.2636487,0,0.2223174,0.9122553,-0.3440426,0,-0.1946234,0.3872953,0.901179,0,-28.68375,1.618477,10.92503,1,1,1,0.3548189,-0.1609494,0.9209771,-0.002289428,0.001311272,-0.02207217,5.48,82
0,-29.18457,0.6488734,9.042088,-29.22988,0,8.013762,-29.10281,0.6205308,9.063843,-0.9577057,0.2186248,-0.1870915,0,0.1335037,0.9135674,0.3841503,0,-0.2549055,-0.3429254,0.904116,0,-24.90211,8.538785,-15.86605,1,-0.9577054,0.1335037,-0.2549054,0,0.2186247,0.9135673,-0.3429254,0,-0.1870914,0.3841502,0.9041156,0,-28.68408,1.618715,10.92523,1,1,1,0.3423386,-0.1685286,0.9243389,-0.00221717,0.001344666,-0.02203551,5.5,83
0,-29.18855,0.6528912,9.006547,-29.05032,0.4614888,8.82303,-29.09127,0.6374698,9.0628,-0.962011,0.2105708,-0.1737664,0,0.1330679,0.9174125,0.3750296,0,-0.2383858,-0.3376598,0.9105812,0,-25.206,8.243512,-15.54055,1,-0.962011,0.1330679,-0.2383857,0,0.2105708,0.9174126,-0.3376598,0,-0.1737664,0.3750296,0.9105811,0,-28.68472,1.619572,10.92568,1,1,1,0.3262193,-0.1657201,0.9306545,-0.002144447,0.001400055,-0.02199304,5.52,84
0,-29.97849,0,5.640087,-29.58008,0,6.177482,-29.77226,0,5.919229,-0.9656855,0.2036722,-0.1611501,0,0.1331244,0.9209556,0.3662221,0,-0.2230014,-0.3322024,0.9164672,0,-25.48014,7.979636,-15.22969,1,-0.9656852,0.1331244,-0.2230013,0,0.2036722,0.9209557,-0.3322023,0,-0.1611501,0.3662221,0.9164671,0,-28.68529,1.62059,10.92626,1,1,1,0.3619606,-0.009785925,0.932142,-0.002341134,0.002268089,-0.02196567,5.54,85
0,-28.0029,0,6.736448,-29.73346,0.2161148,5.205012,-28.72638,0.8691128,8.519321,-0.9688277,0.196978,-0.1502424,0,0.1326797,0.924715,0.3567887,0,-0.2092109,-0.3257326,0.9220245,0,-25.72065,7.710236,-14.9634,1,-0.9688275,0.1326797,-0.2092109,0,0.196978,0.9247152,-0.3257326,0,-0.1502424,0.3567887,0.9220244,0,-28.68576,1.621606,10.92705,1,0.8952258,0.9434136,0.1812669,0.03133597,0.9829346,-0.01653423,0.0009509735,-0.01080312,5.56,86
0,-29.89912,0.2079114,5.207786,-29.66442,0.221459,5.20889,-29.78372,0.2124326,5.199358,-0.9716898,0.1895998,-0.1409642,0,0.1311052,0.9290707,0.3458889,0,-0.1965462,-0.3176156,0.927626,0,-25.93887,7.402133,-14.74205,1,-0.9716896,0.1311053,-0.1965462,0,0.1895998,0.9290707,-0.3176155,0,-0.1409642,0.3458889,0.927626,0,-28.68608,1.622727,10.92795,1,0.902282,0.9426121,0.333744,0.04961824,0.941357,-0.002253274,0.002304802,-0.02193987,5.58,87
0,-29.86712,0.3477669,5.208613,-29.66125,0.2324373,5.208986,-29.76649,0.2880827,5.198855,-0.9754982,0.1785808,-0.1284996,0,0.1280642,0.9358293,0.3283643,0,-0.1788933,-0.3038625,0.9357697,0,-26.23635,6.923638,-14.44719,1,-0.9754981,0.1280642,-0.1788932,0,0.1785808,0.9358293,-0.3038625,0,-0.1284996,0.3283642,0.9357696,0,-28.6864,1.624536,10.92957,1,0.9989067,0.995012,0.3180806,0.04923179,0.9467845,-0.002125961,0.002181381,-0.0219091,5.62,88
0,-29.88869,0.4201899,5.209236,-29.64679,0.2367341,5.209188,-29.7706,0.3265727,5.197882,-0.9776428,0.1717923,-0.121253,0,0.1259232,0.9401331,0.3166909,0,-0.168399,-0.294342,0.940747,0,-26.40993,6.617294,-14.27645,1,-0.9776425,0.1259232,-0.1683989,0,0.1717923,0.9401331,-0.294342,0,-0.1212529,0.3166909,0.9407467,0,-28.68733,1.625708,10.93086,1,1,1,0.310563,0.04632547,0.9494233,-0.002065957,0.002109451,-0.02189227,5.64,89
0,-29.94371,0.4109672,5.209459,-29.67957,0.2719759,5.208963,-29.81321,0.3408916,5.204736,-0.9795425,0.1644606,-0.1159716,0,0.1228499,0.9451424,0.3026778,0,-0.1593883,-0.2822386,0.9460111,0,-26.55781,6.265425,-14.16115,1,-0.9795423,0.1228499,-0.1593882,0,0.1644606,0.9451424,-0.2822386,0,-0.1159716,0.3026778,0.9460108,0,-28.68721,1.627169,10.93194,1,1,1,0.3100545,0.03559402,0.9500523,-0.001977806,0.002039307,-0.02188161,5.66,90
0,-29.88007,0.4869455,5.20937,-29.60626,0.2515713,5.209771,-29.74524,0.3689325,5.203543,-0.9810883,0.157169,-0.112977,0,0.1188602,0.9498543,0.2892216,0,-0.1527684,-0.2703234,0.950572,0,-26.66774,5.917267,-14.10485,1,-0.9810881,0.1188602,-0.1527684,0,0.157169,0.9498543,-0.2703234,0,-0.112977,0.2892215,0.9505719,0,-28.68693,1.628615,10.93326,1,1,1,0.2951492,0.03076111,0.9549558,-0.001879639,0.001997864,-0.02185297,5.68,91
