flag,xl,yl,zl,xr,yr,zr,xc,yc,zc,mat_00,mat_10,mat_20,mat_30,mat_01,mat_11,mat_21,mat_31,mat_02,mat_12,mat_22,mat_32,mat_03,mat_13,mat_23,mat_33,ctw_00,ctw_10,ctw_20,ctw_30,ctw_01,ctw_11,ctw_21,ctw_31,ctw_02,ctw_12,ctw_22,ctw_32,ctw_03,ctw_13,ctw_23,ctw_33,opennessl,opennessr,ray_x,ray_y,ray_z,eye_x,eye_y,eye_z,time,frame
0,-27.45092,2.306667,0.7734325,-27.45092,2.306667,0.7734325,-27.45092,2.306667,0.7734325,-0.9927915,-0.02060425,-0.1180707,0,-0.0134175,0.9980265,-0.06134304,0,-0.1191016,0.05931663,0.9911088,0,-27.12997,-2.913598,-14.01564,1,-0.9927913,-0.0134175,-0.1191016,0,-0.02060425,0.9980266,0.05931661,0,-0.1180707,-0.06134303,0.9911084,0,-28.64927,1.68407,10.83262,1,0,0,0,0,1,0,0,0,4.06,1
0,-27.45646,2.306133,0.7734325,-27.45646,2.306133,0.7734325,-27.45646,2.306133,0.7734325,-0.992849,-0.02084112,-0.1175454,0,-0.0136926,0.9980256,-0.06129796,0,-0.1185908,0.05925011,0.9911741,0,-27.13682,-2.919629,-14.0012,1,-0.9928486,-0.0136926,-0.1185908,0,-0.02084112,0.9980255,0.0592501,0,-0.1175454,-0.06129795,0.9911737,0,-28.64938,1.684046,10.83243,1,0,0,0,0,1,0,0,0,4.08,2
0,-27.46542,2.298648,0.7734325,-27.46542,2.298648,0.7734325,-27.46542,2.298648,0.7734325,-0.9929422,-0.02088134,-0.1167466,0,-0.01386552,0.9980666,-0.06058687,0,-0.117786,0.05854051,0.991312,0,-27.14861,-2.912995,-13.98027,1,-0.9929423,-0.01386552,-0.117786,0,-0.02088134,0.9980666,0.05854051,0,-0.1167466,-0.06058687,0.9913119,0,-28.64997,1.683913,10.83161,1,0.942986,0.5182692,0,0,1,0,0,0,4.12,3
0,-28.55445,1.763244,8.519321,-27.09941,1.78665,0.8379982,-27.59003,1.91725,0.6620146,-0.9930395,-0.02150272,-0.1158032,0,-0.01456341,0.9980656,-0.06043946,0,-0.1168788,0.05833228,0.9914317,0,-27.16059,-2.928504,-13.95446,1,-0.9930393,-0.01456341,-0.1168787,0,-0.02150271,0.9980657,0.05833227,0,-0.1158032,-0.06043946,0.9914316,0,-28.65048,1.683889,10.83122,1,0.9721693,0.6850021,0.0125242,-0.03706111,0.9992346,0.003702384,-0.003149811,-0.02477792,4.14,4
0,-28.5203,1.759814,8.519321,-27.05804,1.516325,0,-27.56355,1.778079,0.7472698,-0.9931145,-0.0227662,-0.1149145,0,-0.01591868,0.998062,-0.06015782,0,-0.1160614,0.05791431,0.9915521,0,-27.16947,-2.960148,-13.93021,1,-0.9931145,-0.01591867,-0.1160614,0,-0.0227662,0.9980619,0.05791432,0,-0.1149145,-0.06015782,0.9915522,0,-28.65057,1.683898,10.83064,1,1,1,0.008415344,-0.0503187,0.9986978,0.003693848,-0.003139031,-0.02482776,4.16,5
0,-28.62064,1.830656,8.519321,-27.08829,1.595417,0,-28.45821,1.746255,8.519321,-0.9931852,-0.02289713,-0.1142777,0,-0.01613954,0.9980851,-0.0597119,0,-0.1154261,0.05746057,0.991653,0,-27.17787,-2.959086,-13.91324,1,-0.9931847,-0.01613954,-0.1154261,0,-0.02289712,0.9980851,0.05746055,0,-0.1142776,-0.05971188,0.9916525,0,-28.65037,1.683996,10.8301,1,1,1,0.03035354,-0.03062133,0.9990701,0.003722793,-0.003267243,-0.02449824,4.18,6
0,-28.62168,1.814207,8.519321,-27.10854,1.554384,0,-28.46101,1.733572,8.519321,-0.9933012,-0.02220469,-0.1134008,0,-0.01551026,0.9981031,-0.05957821,0,-0.1145086,0.05742024,0.9917614,0,-27.19249,-2.938802,-13.88919,1,-0.9933012,-0.01551026,-0.1145086,0,-0.02220469,0.9981031,0.05742023,0,-0.1134008,-0.05957821,0.9917613,0,-28.65064,1.683972,10.82973,1,1,1,0.03060848,-0.03589523,0.9988868,0.003721092,-0.0032686,-0.0244888,4.2,7
0,-28.61576,1.79789,8.519321,-27.11404,1.595286,0,-28.45869,1.729732,8.519321,-0.9933536,-0.02217054,-0.1129492,0,-0.01550225,0.9981033,-0.05957792,0,-0.1140558,0.05743096,0.9918132,0,-27.19907,-2.937921,-13.87662,1,-0.9933532,-0.01550225,-0.1140558,0,-0.02217054,0.9981033,0.05743096,0,-0.1129491,-0.05957792,0.9918128,0,-28.65077,1.683962,10.82952,1,1,1,0.02913698,-0.03754921,0.9988699,0.003721092,-0.003281059,-0.02445178,4.22,8
0,-28.5875,1.790328,8.519321,-27.10149,1.583404,0,-27.66083,1.890701,9.536743E-07,-0.9935144,-0.0219203,-0.1115732,0,-0.01531432,0.9980974,-0.05972402,0,-0.1126701,0.05762801,0.9919599,0,-27.21941,-2.932775,-13.83814,1,-0.9935144,-0.01531432,-0.1126701,0,-0.0219203,0.9980975,0.05762801,0,-0.1115732,-0.05972401,0.9919599,0,-28.65113,1.68388,10.82907,1,1,1,0.02103983,-0.04000381,0.998978,0.00371914,-0.003279374,-0.02442669,4.24,9
0,-28.55837,1.778527,8.519321,-27.11462,1.587597,0,-27.59803,1.865399,0,-0.9936141,-0.02236503,-0.1105931,0,-0.0158183,0.9980896,-0.05972359,0,-0.1117175,0.0575928,0.9920697,0,-27.23223,-2.944954,-13.811,1,-0.9936141,-0.0158183,-0.1117175,0,-0.02236503,0.9980896,0.0575928,0,-0.1105931,-0.05972359,0.9920697,0,-28.6516,1.683718,10.82877,1,1,1,0.01433493,-0.04241833,0.9989971,0.003721893,-0.003291168,-0.0244009,4.26,10
0,-28.56429,1.773293,8.519321,-27.12272,1.584776,0,-27.61526,1.852037,0,-0.993711,-0.02280918,-0.1096292,0,-0.01636942,0.9981068,-0.05928646,0,-0.1107739,0.05711903,0.9922031,0,-27.24472,-2.952451,-13.78522,1,-0.9937106,-0.01636942,-0.1107739,0,-0.02280918,0.9981068,0.05711902,0,-0.1096291,-0.05928646,0.9922028,0,-28.65197,1.683604,10.82837,1,1,1,0.01493403,-0.0431743,0.998956,0.00372355,-0.003293381,-0.02440545,4.28,11
0,-28.56961,1.766019,8.519321,-27.11741,1.56623,0,-27.62431,1.826123,9.536743E-07,-0.9937427,-0.02310334,-0.1092779,0,-0.01676767,0.9981439,-0.05854531,0,-0.1104277,0.05634664,0.9922857,0,-27.24919,-2.952435,-13.77706,1,-0.9937428,-0.01676767,-0.1104277,0,-0.02310334,0.9981439,0.05634664,0,-0.1092779,-0.05854531,0.9922856,0,-28.65243,1.683468,10.82807,1,1,1,0.01540278,-0.0447803,0.9988781,0.003728706,-0.003298897,-0.02440551,4.3,12
0,-28.57042,1.758814,8.519321,-27.11564,1.569293,0,-27.70501,1.800654,0.8379983,-0.993785,-0.02337111,-0.1088353,0,-0.01713305,0.9981752,-0.05790306,0,-0.1099899,0.05567851,0.9923719,0,-27.25464,-2.952897,-13.76624,1,-0.993785,-0.01713305,-0.1099899,0,-0.02337111,0.9981751,0.05567851,0,-0.1088353,-0.05790306,0.992372,0,-28.65252,1.683446,10.8279,1,1,1,0.01505302,-0.04553619,0.9988493,0.003733276,-0.00329834,-0.02440682,4.32,13
0,-28.56829,1.748651,8.519321,-27.11906,1.529351,9.536743E-07,-27.6217,1.767166,0,-0.9938378,-0.0234229,-0.1083424,0,-0.0172701,0.9982028,-0.05738407,0,-0.1094918,0.05515936,0.9924562,0,-27.26144,-2.948807,-13.75354,1,-0.9938375,-0.0172701,-0.1094917,0,-0.0234229,0.9982028,0.05515935,0,-0.1083424,-0.05738406,0.9924558,0,-28.6526,1.683466,10.82753,1,1,1,0.01429146,-0.04903608,0.9986948,0.003741906,-0.003295388,-0.02440836,4.34,14
0,-28.5647,1.751256,8.519321,-27.13712,1.542907,0,-27.62172,1.779959,0,-0.9938719,-0.02352987,-0.1080055,0,-0.01739362,0.9981992,-0.05740882,0,-0.1091618,0.0551784,0.9924915,0,-27.26607,-2.952072,-13.74379,1,-0.9938717,-0.01739362,-0.1091618,0,-0.02352987,0.9981993,0.05517839,0,-0.1080054,-0.05740881,0.9924912,0,-28.65284,1.683486,10.82707,1,1,1,0.01391372,-0.04789473,0.9987555,0.003754119,-0.00329879,-0.02440836,4.36,15
0,-28.583,1.758554,8.519321,-27.17352,1.540749,0,-27.75745,1.787242,0.8379983,-0.993937,-0.02417152,-0.1072612,0,-0.0181129,0.9982039,-0.05710384,0,-0.1084488,0.0548148,0.9925896,0,-27.27488,-2.966356,-13.72385,1,-0.993937,-0.0181129,-0.1084488,0,-0.02417152,0.9982039,0.0548148,0,-0.1072612,-0.05710384,0.9925897,0,-28.65325,1.683317,10.82682,1,1,1,0.01862506,-0.04596912,0.9987692,0.003772897,-0.003293793,-0.02442304,4.38,16
0,-28.57533,1.755501,8.519321,-27.17569,1.514392,0,-27.67883,1.774785,0.1560843,-0.993987,-0.02453271,-0.1067156,0,-0.01859775,0.998243,-0.05625878,0,-0.1079083,0.05393581,0.9926968,0,-27.28164,-2.967159,-13.71045,1,-0.9939868,-0.01859775,-0.1079083,0,-0.02453271,0.998243,0.05393581,0,-0.1067156,-0.05625878,0.9926967,0,-28.6535,1.683236,10.82644,1,1,1,0.01649315,-0.04699962,0.9987588,0.003775254,-0.00329316,-0.02436724,4.4,17
0,-28.57535,1.757696,8.519321,-27.17737,1.505771,0,-27.67944,1.775674,0.1560843,-0.9939744,-0.0243236,-0.10688,0,-0.01845984,0.9982873,-0.05551395,0,-0.1080472,0.05320645,0.9927211,0,-27.28015,-2.953284,-13.71649,1,-0.9939743,-0.01845984,-0.1080472,0,-0.02432359,0.9982872,0.05320645,0,-0.1068799,-0.05551394,0.9927208,0,-28.65362,1.683182,10.82623,1,1,1,0.01667629,-0.0461668,0.9987946,0.003776253,-0.003293274,-0.02436585,4.42,18
0,-28.57885,1.765822,8.519321,-27.14839,1.531115,0,-27.73623,1.798809,0.8379983,-0.9940071,-0.02387838,-0.1066762,0,-0.0181606,0.9983621,-0.05425297,0,-0.1077969,0.05199053,0.9928126,0,-27.28438,-2.927372,-13.71331,1,-0.994007,-0.0181606,-0.1077969,0,-0.02387837,0.9983621,0.05199053,0,-0.1066762,-0.05425297,0.9928126,0,-28.65365,1.683088,10.82577,1,1,1,0.01579784,-0.04200553,0.9989925,0.003779786,-0.003294892,-0.02436022,4.44,19
0,-28.59177,1.784693,8.519321,-27.17962,1.566968,0,-28.45482,1.719743,8.519321,-0.9940188,-0.0239814,-0.1065448,0,-0.01840108,0.9984221,-0.0530533,0,-0.1076489,0.05077543,0.9928916,0,-27.28599,-2.917214,-13.71194,1,-0.9940186,-0.01840107,-0.1076489,0,-0.0239814,0.9984221,0.05077543,0,-0.1065447,-0.0530533,0.9928916,0,-28.65367,1.683056,10.82528,1,1,1,0.01971233,-0.03502287,0.9991921,0.003795433,-0.003309906,-0.02432213,4.46,20
0,-28.60482,1.785791,8.519321,-27.16436,1.585586,0,-28.45995,1.722232,8.519321,-0.9939729,-0.0242145,-0.1069201,0,-0.01880248,0.9985043,-0.05133859,0,-0.1080033,0.04901879,0.9929415,0,-27.28048,-2.904735,-13.72569,1,-0.9939726,-0.01880248,-0.1080033,0,-0.0242145,0.9985043,0.04901879,0,-0.1069201,-0.05133858,0.9929411,0,-28.65394,1.682793,10.8248,1,1,1,0.02207864,-0.03208712,0.9992412,0.00381125,-0.00330819,-0.02428742,4.48,21
0,-28.59351,1.776523,8.519321,-27.1601,1.55504,0,-28.45386,1.714216,8.519321,-0.9939497,-0.02401928,-0.107178,0,-0.01890404,0.9986448,-0.04849011,0,-0.1081974,0.04617063,0.9930567,0,-27.27771,-2.868238,-13.73866,1,-0.9939497,-0.01890404,-0.1081974,0,-0.02401928,0.9986447,0.04617063,0,-0.107178,-0.04849011,0.9930567,0,-28.65405,1.682503,10.82432,1,1,1,0.01967358,-0.03261574,0.9992743,0.003817261,-0.003307038,-0.02428626,4.5,22
0,-28.59796,1.776144,8.519321,-27.16786,1.538809,0,-28.45697,1.71224,8.519321,-0.9939326,-0.02379509,-0.1073881,0,-0.0188875,0.9987403,-0.0464876,0,-0.108359,0.04417724,0.99313,0,-27.27557,-2.840188,-13.74861,1,-0.9939322,-0.0188875,-0.1083589,0,-0.02379509,0.9987402,0.04417723,0,-0.107388,-0.04648758,0.9931294,0,-28.65409,1.682303,10.82407,1,1,1,0.02114652,-0.03136028,0.9992844,0.003825334,-0.003306068,-0.02428742,4.52,23
0,-28.60167,1.762129,8.519321,-27.16493,1.499091,9.536743E-07,-28.45858,1.700847,8.519321,-0.9938717,-0.0232371,-0.1080716,0,-0.01883726,0.9989586,-0.04155652,0,-0.1089247,0.03926607,0.9932745,0,-27.26783,-2.770948,-13.77748,1,-0.9938713,-0.01883726,-0.1089246,0,-0.02323709,0.9989586,0.03926606,0,-0.1080715,-0.04155651,0.9932739,0,-28.65405,1.681867,10.82347,1,1,1,0.02247632,-0.03113812,0.9992623,0.003831383,-0.003300354,-0.02428742,4.54,24
0,-28.58929,1.766371,8.519321,-27.21304,1.515767,0,-28.45749,1.704538,8.519321,-0.9938345,-0.02222865,-0.1086237,0,-0.01856481,0.9992279,-0.03462543,0,-0.1093095,0.03239537,0.9934798,0,-27.26311,-2.667459,-13.80662,1,-0.9938343,-0.01856481,-0.1093094,0,-0.02222865,0.9992279,0.03239537,0,-0.1086236,-0.03462543,0.9934796,0,-28.65403,1.681205,10.8229,1,1,1,0.02234041,-0.02241726,0.9994991,0.003848732,-0.00330513,-0.02441974,4.56,25
0,-28.48115,1.573752,8.519321,-27.39187,1.002606,1.751766,-27.43116,1.035452,9.536743E-07,-0.9938293,-0.02084968,-0.1089444,0,-0.01818316,0.9995117,-0.02541248,0,-0.109421,0.02327471,0.993723,0,-27.26247,-2.528818,-13.83334,1,-0.993829,-0.01818316,-0.109421,0,-0.02084968,0.9995117,0.02327471,0,-0.1089444,-0.02541248,0.9937229,0,-28.65402,1.680326,10.82228,1,1,1,-0.002128943,-0.08398897,0.9964645,0.00387059,-0.003579376,-0.02447753,4.58,26
0,-28.48718,1.426494,8.519321,-27.11602,0.219983,0,-27.61783,0.5700383,1.682196,-0.9938587,-0.01923849,-0.1089715,0,-0.01781057,0.9997425,-0.0140619,0,-0.109214,0.0120347,0.9939455,0,-27.26637,-2.360374,-13.855,1,-0.9938586,-0.01781057,-0.109214,0,-0.01923849,0.9997424,0.0120347,0,-0.1089715,-0.0140619,0.9939453,0,-28.65413,1.679309,10.82165,1,1,1,-0.001713337,-0.1329713,0.9911184,0.003889588,-0.003797798,-0.02462567,4.6,27
0,-28.48956,1.329606,8.519321,-27.10692,0.1277821,0,-27.4274,0.09505427,0,-0.9938862,-0.018343,-0.1088765,0,-0.01759772,0.9998147,-0.007802171,0,-0.1089995,0.005838489,0.9940249,0,-27.26991,-2.267157,-13.86332,1,-0.9938858,-0.01759772,-0.1089994,0,-0.018343,0.9998147,0.005838489,0,-0.1088765,-0.007802168,0.9940245,0,-28.65415,1.678685,10.82131,1,1,1,-0.001427921,-0.1509844,0.9885351,0.003886451,-0.003825447,-0.02460745,4.62,28
0,-28.47715,1.374723,8.519321,-27.09746,0.01758277,0,-27.39406,0.1474503,0,-0.9939272,-0.01612389,-0.1088518,0,-0.01712334,0.9998193,0.008253274,0,-0.1086991,-0.01006706,0.9940238,0,-27.27485,-2.030095,-13.88868,1,-0.9939272,-0.01712334,-0.108699,0,-0.01612389,0.9998193,-0.01006706,0,-0.1088518,0.008253273,0.9940237,0,-28.65375,1.677319,10.82049,1,1,1,-0.004858404,-0.1303622,0.9914545,0.003890488,-0.003818344,-0.02454394,4.64,29
0,-28.46242,1.35872,8.519321,-27.32542,0.08031669,1.448688,-27.37316,0.02124012,9.536743E-07,-0.9940779,-0.01391464,-0.107776,0,-0.01701142,0.9994668,0.02786755,0,-0.1073308,-0.02953594,0.9937847,0,-27.29412,-1.753729,-13.88715,1,-0.9940777,-0.01701142,-0.1073308,0,-0.01391464,0.999467,-0.02953593,0,-0.107776,0.02786755,0.9937844,0,-28.65359,1.675483,10.81953,1,1,1,-0.007907162,-0.1220407,0.9924936,0.003895715,-0.003818673,-0.02452866,4.66,30
0,-28.47087,1.337389,8.519321,-27.43367,0,1.618136,-27.50515,0,0.5526586,-0.9942499,-0.01162998,-0.1064526,0,-0.0172116,0.9985161,0.05166538,0,-0.1056937,-0.05320052,0.9929748,0,-27.31625,-1.42843,-13.87909,1,-0.9942496,-0.0172116,-0.1056937,0,-0.01162997,0.998516,-0.0532005,0,-0.1064525,0.05166537,0.9929744,0,-28.65324,1.673222,10.81843,1,1,1,-0.003008333,-0.1081355,0.9941316,0.003886391,-0.003790917,-0.02441563,4.68,31
0,-28.47771,1.296382,8.519321,-27.56369,0,2.415112,-27.64264,0,1.529398,-0.9944973,-0.00908572,-0.1043672,0,-0.01758062,0.9965781,0.08076535,0,-0.1032762,-0.08215576,0.991254,0,-27.34945,-1.036018,-13.84833,1,-0.9944974,-0.01758062,-0.1032762,0,-0.009085719,0.9965781,-0.08215577,0,-0.1043672,0.08076535,0.991254,0,-28.65367,1.670117,10.81755,1,1,1,-0.002180839,-0.09530241,0.995446,0.003884408,-0.003695152,-0.02450496,4.7,32
0,-28.49059,1.256801,8.519321,-27.54445,0,2.546873,-27.69893,0,2.002211,-0.9949956,-0.0049081,-0.09980027,0,-0.01794719,0.9913281,0.1301784,0,-0.0982959,-0.131318,0.9864552,0,-27.41797,-0.3709585,-13.74632,1,-0.9949952,-0.01794719,-0.09829585,0,-0.004908101,0.9913282,-0.131318,0,-0.09980023,0.1301783,0.9864547,0,-28.65445,1.66514,10.81634,1,1,1,-0.006447596,-0.05465959,0.9984842,0.003860955,-0.003534477,-0.02451294,4.74,33
0,-28.53176,1.06206,8.519321,-27.98853,0,4.41768,-28.46463,1.061348,8.519321,-0.99542,-0.002909468,-0.09555539,0,-0.01872573,0.9861083,0.1650448,0,-0.09374777,-0.1660782,0.9816463,0,-27.47833,0.07434721,-13.62924,1,-0.9954198,-0.01872573,-0.09374776,0,-0.002909469,0.9861084,-0.1660782,0,-0.09555538,0.1650448,0.9816462,0,-28.6546,1.661568,10.8154,1,1,1,0.01398505,-0.08627573,0.9961732,0.003758628,-0.00360949,-0.0246683,4.76,34
0,-28.79532,0,6.749396,-28.55343,0.7827542,8.519321,-28.6522,0.7507629,8.519321,-0.9956583,-0.002018197,-0.09306381,0,-0.01918146,0.9827571,0.1839037,0,-0.09108796,-0.1848903,0.9785289,0,-27.51329,0.310812,-13.55469,1,-0.9956579,-0.01918145,-0.09108794,0,-0.002018195,0.982757,-0.1848903,0,-0.09306379,0.1839036,0.9785287,0,-28.65465,1.659559,10.81499,1,1,1,0.08862493,-0.1863903,0.9784704,0.003238007,-0.004195587,-0.02463472,4.78,35
0,-28.84509,0.6610377,8.72748,-28.6665,0.5275905,8.519321,-28.81446,0,7.381524,-0.9961307,-0.0004483694,-0.0878846,0,-0.01974245,0.9755713,0.2187942,0,-0.0856396,-0.2196826,0.9718055,0,-27.58545,0.7474566,-13.38982,1,-0.9961305,-0.01974244,-0.08563956,0,-0.000448373,0.9755713,-0.2196826,0,-0.08788457,0.2187941,0.971805,0,-28.65513,1.655812,10.81409,1,1,1,0.1257133,-0.2232909,0.9666112,0.003014046,-0.004468743,-0.02474053,4.8,36
0,-28.93016,0.654555,8.981465,-28.78256,0,8.092205,-28.82208,0.6579615,9.090929,-0.9966378,0.0009287512,-0.08193029,0,-0.01969546,0.9679016,0.2505566,0,-0.07953317,-0.2513278,0.9646291,0,-27.66651,1.14503,-13.19232,1,-0.9966374,-0.01969545,-0.07953314,0,0.0009287492,0.9679016,-0.2513277,0,-0.08193027,0.2505565,0.9646287,0,-28.6554,1.652242,10.81307,1,1,1,0.1585245,-0.2602851,0.9524293,0.002855651,-0.004584359,-0.02480252,4.82,37
0,-28.94093,0.6566092,8.941612,-28.72982,0.3828015,8.519321,-28.82043,0.6744384,9.014496,-0.9971354,0.001492366,-0.07562526,0,-0.01959939,0.960561,0.2773776,0,-0.07305662,-0.2780652,0.9577801,0,-27.7516,1.465184,-12.98012,1,-0.9971349,-0.01959938,-0.0730566,0,0.001492366,0.960561,-0.2780651,0,-0.07562523,0.2773776,0.9577799,0,-28.6559,1.649082,10.81208,1,1,1,0.1502544,-0.2084945,0.9664128,0.002860595,-0.004198471,-0.02470036,4.84,38
0,-28.91705,0.6539985,8.990764,-28.7129,0.3649411,8.519321,-28.79907,0.6949723,9.090903,-0.9976004,0.001809222,-0.0692099,0,-0.01898075,0.9542099,0.2985351,0,-0.06658089,-0.2991324,0.9518859,0,-27.83679,1.714816,-12.76567,1,-0.9976005,-0.01898076,-0.0665809,0,0.001809224,0.9542099,-0.2991324,0,-0.06920991,0.2985351,0.9518859,0,-28.6566,1.646342,10.81102,1,1,1,0.1363474,-0.1953893,0.9712015,0.002887635,-0.004001175,-0.02464081,4.86,39
0,-28.92409,0.6569651,8.934021,-28.77639,0,7.935123,-28.81555,0.6763966,9.050866,-0.9978086,0.001945013,-0.0661411,0,-0.0185152,0.9514325,0.3073002,0,-0.0635265,-0.3078513,0.9493115,0,-27.87692,1.818488,-12.66347,1,-0.9978082,-0.0185152,-0.06352647,0,0.001945012,0.9514326,-0.3078513,0,-0.06614108,0.3073001,0.9493111,0,-28.65693,1.645172,10.81048,1,1,1,0.139899,-0.184731,0.9727809,0.00290892,-0.00390374,-0.02462519,4.88,40
0,-28.93675,0.6547324,8.979108,-28.81371,0,7.751348,-28.83798,0.6602877,8.988736,-0.9981896,0.002299225,-0.0601045,0,-0.01730918,0.9460178,0.3236521,0,-0.05760408,-0.3241065,0.9442654,0,-27.95464,2.015099,-12.46123,1,-0.9981893,-0.01730918,-0.05760406,0,0.002299223,0.9460178,-0.3241065,0,-0.06010449,0.3236521,0.9442651,0,-28.65763,1.642912,10.80951,1,1,1,0.1423761,-0.1600859,0.9767812,0.002950667,-0.003717369,-0.02459134,4.9,41
0,-28.91096,0.6565388,8.940931,-28.78904,0,7.692842,-28.80946,0.7138261,9.0531,-0.9985152,0.002231855,-0.05443128,0,-0.01628384,0.9412516,0.3373134,0,-0.05198636,-0.3376988,0.9398177,0,-28.02707,2.169498,-12.2715,1,-0.9985148,-0.01628384,-0.05198634,0,0.002231851,0.9412516,-0.3376988,0,-0.05443126,0.3373134,0.9398173,0,-28.65824,1.64091,10.80858,1,1,1,0.126264,-0.137322,0.9824459,0.003022637,-0.003523239,-0.02462811,4.92,42
0,-28.91026,0.6553899,8.961829,-28.81886,0,7.560857,-28.82682,0.6644166,8.932337,-0.9987811,0.001568411,-0.04933484,0,-0.01575386,0.9370918,0.3487273,0,-0.04677822,-0.3490794,0.9359249,0,-28.09251,2.281458,-12.10069,1,-0.998781,-0.01575386,-0.04677822,0,0.001568409,0.9370918,-0.3490794,0,-0.04933483,0.3487272,0.9359248,0,-28.65883,1.639341,10.80763,1,1,1,0.1249298,-0.1193366,0.9849626,0.00304969,-0.003401604,-0.02468617,4.94,43
0,-28.91235,0.6545461,8.977348,-28.83778,0,7.503042,-28.83399,0.6636589,8.923771,-0.9990002,0.0005218401,-0.04470284,0,-0.01554668,0.9334666,0.3583274,0,-0.0419156,-0.3586641,0.9325252,0,-28.1524,2.361962,-11.94563,1,-0.9990001,-0.01554668,-0.0419156,0,0.0005218388,0.9334666,-0.3586641,0,-0.04470284,0.3583274,0.9325251,0,-28.65949,1.637959,10.80673,1,1,1,0.1233517,-0.1073501,0.9865396,0.003074166,-0.003314202,-0.02476463,4.96,44
0,-28.90587,0.656988,8.932408,-28.81604,0,7.541697,-28.81219,0.7356961,9.050196,-0.9990946,-0.0002963194,-0.04254572,0,-0.01572112,0.9317784,0.362687,0,-0.03953572,-0.3630274,0.9309396,0,-28.1809,2.388854,-11.87328,1,-0.9990943,-0.01572111,-0.0395357,0,-0.0002963218,0.9317785,-0.3630273,0,-0.04254571,0.3626869,0.9309391,0,-28.65983,1.637365,10.80637,1,1,1,0.1161391,-0.09947442,0.9882391,0.00310714,-0.003240875,-0.02484573,4.98,45
0,-28.89972,0.6572562,8.925112,-28.81589,0,7.630916,-28.81038,0.7259869,9.051965,-0.9992626,-0.001519652,-0.03837061,0,-0.01565018,0.928584,0.3707921,0,-0.03506686,-0.3711191,0.9279231,0,-28.23481,2.447243,-11.73319,1,-0.9992623,-0.01565018,-0.03506685,0,-0.001519653,0.928584,-0.3711191,0,-0.03837059,0.370792,0.9279227,0,-28.66047,1.636224,10.80561,1,1,1,0.1108993,-0.0952386,0.9892578,0.003140465,-0.003200165,-0.02485941,5,46
0,-28.87873,0.8250821,9.076145,-28.80974,0,7.56887,-28.80579,0.7793394,9.050014,-0.9993843,-0.002681795,-0.03498368,0,-0.0157248,0.9255657,0.3782604,0,-0.03136527,-0.3785776,0.925038,0,-28.27865,2.500197,-11.61619,1,-0.9993843,-0.0157248,-0.03136527,0,-0.002681794,0.9255657,-0.3785776,0,-0.03498367,0.3782604,0.9250379,0,-28.66091,1.635171,10.80497,1,1,1,0.1060066,-0.06266905,0.9923887,0.003181451,-0.003141998,-0.02489539,5.02,47
0,-28.90834,0.6573002,8.701239,-28.81991,0,7.633144,-28.80418,0.7842052,9.072331,-0.9994817,-0.003608724,-0.03198916,0,-0.0156703,0.9225605,0.3855341,0,-0.02812065,-0.3858356,0.9221389,0,-28.31737,2.557837,-11.51003,1,-0.9994817,-0.0156703,-0.02812065,0,-0.003608725,0.9225606,-0.3858355,0,-0.03198916,0.3855341,0.9221389,0,-28.66166,1.634006,10.80444,1,1,1,0.1027529,-0.05718678,0.9930617,0.003206016,-0.003154976,-0.02482568,5.04,48
0,-28.88952,0.8269511,9.078781,-28.80933,0,7.544819,-28.80992,0.7902532,9.06586,-0.9995581,-0.004795128,-0.02933912,0,-0.01595025,0.919333,0.3931569,0,-0.02508718,-0.3934511,0.9190032,0,-28.35241,2.612241,-11.41186,1,-0.999558,-0.01595025,-0.02508718,0,-0.004795129,0.919333,-0.3934511,0,-0.02933911,0.3931569,0.9190031,0,-28.66216,1.632906,10.80404,1,1,1,0.1027378,-0.04430596,0.9937212,0.003222016,-0.003175324,-0.02477072,5.06,49
0,-28.97679,0.6560727,8.669947,-28.80025,0,7.695465,-28.82604,0.7895517,9.090934,-0.9996367,-0.00607795,-0.02626487,0,-0.01617201,0.9146883,0.4038362,0,-0.02156968,-0.4041142,0.9144542,0,-28.39483,2.699611,-11.29088,1,-0.9996364,-0.01617201,-0.02156967,0,-0.006077948,0.9146883,-0.4041142,0,-0.02626487,0.4038362,0.9144542,0,-28.66465,1.631163,10.80348,1,1,1,0.1075997,-0.03796243,0.9934692,0.003237708,-0.003158432,-0.02467966,5.1,50
0,-28.93555,0.8349192,9.07059,-28.80197,0,7.748933,-28.85554,0.6591147,8.846571,-0.9996741,-0.006195451,-0.02476924,0,-0.01584421,0.9112563,0.4115348,0,-0.02002148,-0.4117931,0.9110575,0,-28.41361,2.785858,-11.22309,1,-0.9996739,-0.01584421,-0.02002148,0,-0.006195451,0.9112563,-0.4117931,0,-0.02476924,0.4115348,0.9110574,0,-28.66507,1.629868,10.80319,1,1,1,0.1090483,-0.03363802,0.9934672,0.003249054,-0.003143082,-0.02469042,5.12,51
0,-29.22108,0,7.012309,-28.81709,0,7.560275,-28.87228,0.6575571,8.719021,-0.9997064,-0.005865104,-0.02351287,0,-0.01519459,0.9075583,0.4196512,0,-0.018878,-0.4198852,0.9073809,0,-28.4283,2.88976,-11.1597,1,-0.9997063,-0.01519459,-0.018878,0,-0.005865105,0.9075583,-0.4198852,0,-0.02351286,0.4196512,0.9073808,0,-28.6654,1.628601,10.8028,1,1,1,0.1104596,-0.0008621561,0.9938802,0.0032742,-0.0031063,-0.0247253,5.14,52
0,-29.2428,0,6.965579,-28.80584,0,7.583956,-28.87395,0.6574994,8.715306,-0.9997302,-0.005678094,-0.02252581,0,-0.0147532,0.9042037,0.4268467,0,-0.01794424,-0.4270639,0.9040436,0,-28.43998,2.979,-11.10617,1,-0.9997301,-0.0147532,-0.01794424,0,-0.005678094,0.9042037,-0.4270638,0,-0.0225258,0.4268467,0.9040433,0,-28.66556,1.627427,10.80234,1,1,1,0.1099774,0.00793833,0.9939023,0.003286377,-0.003066612,-0.02478142,5.16,53
0,-29.22915,0,6.950002,-28.80323,0,7.628224,-28.8684,0.6576701,8.726922,-0.9997437,-0.005613663,-0.0219337,0,-0.01450901,0.9025568,0.4303262,0,-0.01738071,-0.4305341,0.9024069,0,-28.44659,3.021266,-11.07663,1,-0.9997437,-0.01450901,-0.0173807,0,-0.005613662,0.9025568,-0.4305341,0,-0.0219337,0.4303262,0.9024069,0,-28.66529,1.626969,10.80197,1,1,1,0.1075373,0.009732112,0.9941534,0.00330767,-0.002944031,-0.02489397,5.18,54
0,-29.01087,0.6460872,8.564464,-28.8076,0,7.677149,-28.83633,0.8061776,9.090945,-0.9997634,-0.006145118,-0.02087306,0,-0.01463772,0.8997179,0.4362263,0,-0.01609921,-0.4364286,0.899595,0,-28.46118,3.075125,-11.02475,1,-0.9997631,-0.01463772,-0.0160992,0,-0.00614512,0.899718,-0.4364285,0,-0.02087305,0.4362262,0.8995947,0,-28.66566,1.625934,10.80168,1,1,1,0.1072293,0.006757209,0.9942113,0.003311334,-0.002922852,-0.02489918,5.2,55
0,-29.0172,0.6537259,8.623759,-28.80323,0,7.753472,-28.86844,0.6591948,8.827322,-0.9997828,-0.007214293,-0.01955913,0,-0.0151155,0.8969903,0.4417918,0,-0.01435713,-0.4419914,0.8969045,0,-28.48015,3.109744,-10.96645,1,-0.9997825,-0.0151155,-0.01435713,0,-0.007214292,0.8969902,-0.4419914,0,-0.01955913,0.4417917,0.8969043,0,-28.66601,1.624984,10.80144,1,1,1,0.1084562,0.004740372,0.9940899,0.003315399,-0.002877419,-0.02492376,5.22,56
0,-28.94646,0.8368086,9.07219,-28.8106,0,7.794045,-28.86452,0.6585582,8.8599,-0.9998112,-0.00793378,-0.01773599,0,-0.0150275,0.8943845,0.4470465,0,-0.01231602,-0.4472286,0.8943349,0,-28.5037,3.150697,-10.8944,1,-0.9998112,-0.0150275,-0.01231602,0,-0.007933779,0.8943844,-0.4472286,0,-0.01773599,0.4470465,0.8943349,0,-28.66654,1.624028,10.80127,1,0.9995834,0.965299,0.105844,0.004141569,0.9943741,0.003320725,-0.002813492,-0.02495284,5.24,57
0,-28.94828,0.8255814,9.09104,-28.81654,0,7.740582,-28.86714,0.658481,8.865263,-0.9998361,-0.008404329,-0.01604106,0,-0.01474519,0.8920498,0.4516965,0,-0.01051322,-0.451859,0.8920275,0,-28.52461,3.191549,-10.82786,1,-0.9998359,-0.01474519,-0.01051322,0,-0.008404328,0.8920498,-0.451859,0,-0.01604106,0.4516965,0.8920274,0,-28.66679,1.623286,10.80099,1,0.9932421,0.9774775,0.1054203,0.008427643,0.994392,0.003325455,-0.002805344,-0.02493845,5.26,58
0,-28.94746,0.8202115,9.088301,-28.81523,0,7.730738,-28.86566,0.6583979,8.866686,-0.9998471,-0.008607947,-0.01523984,0,-0.01458777,0.8909771,0.4538139,0,-0.009671947,-0.4539667,0.8909664,0,-28.53435,3.210518,-10.79659,1,-0.9998466,-0.01458777,-0.009671941,0,-0.008607945,0.8909771,-0.4539666,0,-0.01523984,0.4538138,0.890966,0,-28.66687,1.622893,10.80088,1,0.9932421,0.9774775,0.10397,0.01057693,0.9945242,0.003327454,-0.002786652,-0.02493678,5.28,59
0,-28.99463,0.6577507,8.753601,-28.81317,0,7.609598,-28.86572,0.6591061,8.835101,-0.9998635,-0.008741868,-0.01401686,0,-0.01418747,0.8890718,0.4575478,0,-0.008462174,-0.4576843,0.8890746,0,-28.54877,3.250428,-10.74664,1,-0.9998636,-0.01418747,-0.008462174,0,-0.008741868,0.8890718,-0.4576843,0,-0.01401686,0.4575478,0.8890745,0,-28.66709,1.622201,10.80064,1,0.979309,0.9683456,0.1014987,0.0215231,0.9946028,0.003331101,-0.002757019,-0.02493691,5.3,60
0,-28.99502,0.6577651,8.756257,-28.81585,0,7.491055,-28.83967,0.7988647,9.090948,-0.9998813,-0.008424744,-0.01291054,0,-0.01342792,0.8873408,0.4609185,0,-0.007572928,-0.4610371,0.8873487,0,-28.56007,3.299093,-10.70106,1,-0.9998811,-0.01342792,-0.007572926,0,-0.008424743,0.8873409,-0.4610371,0,-0.01291054,0.4609185,0.8873485,0,-28.66704,1.621396,10.80029,1,0.9772145,0.9595009,0.1001711,0.03234608,0.9944443,0.003334298,-0.002745491,-0.02492428,5.32,61
0,-28.99656,0.6577832,8.759707,-28.8186,0,7.516245,-28.86935,0.6594468,8.810084,-0.9998914,-0.00695838,-0.01300447,0,-0.01220189,0.8855779,0.4643307,0,-0.008285481,-0.4644389,0.8855666,0,-28.55467,3.381335,-10.68952,1,-0.999891,-0.01220189,-0.008285479,0,-0.006958381,0.8855779,-0.4644388,0,-0.01300447,0.4643306,0.8855663,0,-28.66704,1.620616,10.80011,1,0.9775523,0.9499965,0.1012421,0.03440795,0.9942666,0.003344346,-0.002736931,-0.02488432,5.34,62
0,-28.9822,0.6526421,8.608779,-28.82861,0,7.501124,-28.86287,0.6577803,8.736391,-0.9998869,-0.004774651,-0.01427187,0,-0.01089791,0.8837395,0.4678523,0,-0.01037879,-0.4679549,0.8836915,0,-28.53379,3.485378,-10.7108,1,-0.9998866,-0.01089791,-0.01037878,0,-0.00477465,0.8837395,-0.4679548,0,-0.01427187,0.4678523,0.8836914,0,-28.66678,1.619947,10.79989,1,0.978502,0.9587218,0.09723978,0.05149626,0.9939279,0.003370087,-0.002685051,-0.02486081,5.36,63
0,-28.76948,0,7.429986,-28.5961,0.3081317,8.519321,-28.67297,0.4178761,8.519321,-0.9998342,0.0003462266,-0.0182191,0,-0.008294848,0.8815806,0.4719607,0,-0.01622501,-0.4720335,0.8814315,0,-28.47269,3.680446,-10.80532,1,-0.9998337,-0.008294846,-0.016225,0,0.0003462272,0.8815805,-0.4720334,0,-0.01821909,0.4719607,0.8814312,0,-28.6661,1.618899,10.79947,1,0.9690977,0.9173301,0.01916981,0.007910271,0.9997849,0.003954514,-0.003075394,-0.02473982,5.4,64
0,-28.61205,0.3293353,8.519321,-28.38982,0,8.171282,-28.51804,0.2720408,8.519321,-0.9997349,0.004646671,-0.02255947,0,-0.00664016,0.8797121,0.4754604,0,-0.02205515,-0.475484,0.8794479,0,-28.40911,3.844566,-10.91332,1,-0.9997346,-0.006640159,-0.02205514,0,0.004646671,0.8797121,-0.475484,0,-0.02255946,0.4754603,0.8794478,0,-28.66563,1.6181,10.79916,1,1,1,-0.0346429,-0.03586613,0.998756,0.004377876,-0.003446762,-0.02453046,5.42,65
0,-28.37864,0,8.013163,-28.20713,0,8.355931,-28.29036,0,8.192427,-0.9995732,0.009358231,-0.02767551,0,-0.005045217,0.8777812,0.4790351,0,-0.02877597,-0.4789703,0.8773594,0,-28.33379,4.020952,-11.04257,1,-0.9995732,-0.005045217,-0.02877596,0,0.009358229,0.8777813,-0.4789703,0,-0.02767551,0.4790351,0.8773593,0,-28.66493,1.617313,10.79889,1,0.99562,0.9673203,-0.09501662,-0.05269397,0.9940801,0.004737938,-0.003579056,-0.0247245,5.44,66
0,-28.35776,0,7.934183,-28.19002,0,8.377293,-28.27075,0,8.16886,-0.9993308,0.01424886,-0.03369237,0,-0.003765414,0.8760638,0.4821805,0,-0.03638718,-0.4819847,0.8754239,0,-28.2459,4.197031,-11.19862,1,-0.9993306,-0.003765413,-0.03638718,0,0.01424886,0.8760639,-0.4819846,0,-0.03369236,0.4821805,0.8754237,0,-28.6641,1.616529,10.79865,1,0.9798207,0.9554442,-0.09438014,-0.04447098,0.9945425,0.004733887,-0.003568421,-0.02469333,5.46,67
0,-28.34884,0,7.985563,-28.18699,0,8.396415,-28.26516,0,8.202301,-0.9991664,0.01670566,-0.0372514,0,-0.003414508,0.8750558,0.48401,0,-0.04068276,-0.4837337,0.8742694,0,-28.19499,4.288227,-11.2908,1,-0.9991662,-0.003414506,-0.04068275,0,0.01670566,0.8750558,-0.4837336,0,-0.03725139,0.48401,0.8742691,0,-28.66372,1.616152,10.79851,1,0.9991695,0.9580721,-0.09386822,-0.04764879,0.9944438,0.004729172,-0.003560318,-0.02467144,5.48,68
0,-28.33651,0,7.938799,-28.17174,0,8.426791,-28.25076,0,8.198705,-0.9987513,0.02171174,-0.04499759,0,-0.002970382,0.8732424,0.487277,0,-0.04987344,-0.4868021,0.8720875,0,-28.08369,4.468378,-11.49397,1,-0.998751,-0.00297038,-0.04987343,0,0.02171174,0.8732424,-0.486802,0,-0.04499758,0.4872769,0.8720873,0,-28.66283,1.615348,10.79833,1,0.985936,0.9656019,-0.09052914,-0.04259645,0.9949824,0.004718338,-0.003537376,-0.02467382,5.5,69
0,-28.3416,0,8.109903,-28.15063,0,8.461218,-28.24306,0,8.293766,-0.9981828,0.02779075,-0.05346866,0,-0.002067885,0.8709848,0.4913056,0,-0.06022414,-0.4905233,0.8693446,0,-27.95589,4.687059,-11.71299,1,-0.9981827,-0.002067884,-0.06022413,0,0.02779075,0.8709849,-0.4905233,0,-0.05346865,0.4913056,0.8693445,0,-28.66162,1.614491,10.79812,1,0.9894401,0.9449785,-0.08845727,-0.0535947,0.9946371,0.0047099,-0.003535111,-0.02465283,5.52,70
0,-28.30472,0,8.091995,-28.13009,0,8.451359,-28.2147,0,8.280144,-0.9973874,0.03512639,-0.0631246,0,-0.0007943455,0.8684355,0.4958016,0,-0.07223536,-0.4945563,0.8661388,0,-27.80416,4.945655,-11.96181,1,-0.9973871,-0.0007943413,-0.07223534,0,0.03512638,0.8684354,-0.4945563,0,-0.06312458,0.4958014,0.8661385,0,-28.66032,1.613617,10.79805,1,0.9926119,0.9452581,-0.08724317,-0.04491893,0.9951738,0.004674064,-0.003488488,-0.02476307,5.54,71
0,-28.30883,0,8.280078,-28.10025,0,8.483283,-28.20265,0,8.384201,-0.9963062,0.04311221,-0.07426519,0,0.0001512486,0.8657167,0.5005342,0,-0.08587175,-0.4986741,0.8625255,0,-27.62601,5.223992,-12.24913,1,-0.9963062,0.0001512538,-0.08587175,0,0.04311221,0.8657168,-0.4986741,0,-0.07426518,0.5005342,0.8625254,0,-28.65887,1.612788,10.79796,1,0.9936386,0.9403639,-0.08508724,-0.05716211,0.9947325,0.004640914,-0.003473931,-0.02476016,5.56,72
0,-28.31643,0,8.191305,-28.09287,0,8.517416,-28.20118,0,8.36118,-0.9956975,0.04704582,-0.07983173,0,0.0005319528,0.8644164,0.5027764,0,-0.09266138,-0.5005708,0.8607222,0,-27.53505,5.359611,-12.39248,1,-0.9956976,0.0005319574,-0.09266139,0,0.04704582,0.8644163,-0.5005707,0,-0.07983174,0.5027764,0.8607223,0,-28.65804,1.612357,10.79791,1,0.9936386,0.9403639,-0.07865021,-0.04997695,0.9956487,0.004583419,-0.003462891,-0.02467289,5.58,73
0,-28.31689,0,8.055253,-28.07803,0,8.501256,-28.19234,0,8.290888,-0.9942892,0.05495895,-0.09148061,0,0.000988083,0.861905,0.5070688,0,-0.1067156,-0.5040826,0.8570372,0,-27.34211,5.629104,-12.69274,1,-0.9942891,0.0009880953,-0.1067155,0,0.05495894,0.8619052,-0.5040825,0,-0.09148059,0.5070688,0.857037,0,-28.65647,1.611356,10.79785,1,1,1,-0.06579383,-0.03163224,0.9973317,0.004531204,-0.003419792,-0.02471124,5.6,74
0,-28.29076,0,8.020457,-28.1765,0,8.448678,-28.23219,0,8.246222,-0.9926304,0.06273215,-0.1036816,0,0.00084153,0.8591301,0.5117565,0,-0.1211796,-0.5078977,0.8528515,0,-27.13657,5.898219,-13.00414,1,-0.9926301,0.0008415322,-0.1211796,0,0.06273214,0.8591301,-0.5078977,0,-0.1036816,0.5117564,0.8528512,0,-28.65487,1.610451,10.79789,1,1,1,-0.03779165,-0.01877732,0.9991092,0.004356293,-0.003410798,-0.02454922,5.62,75
0,-28.26335,0,8.001128,-28.08859,0,8.392704,-28.17323,0,8.206119,-0.9907123,0.07049771,-0.1162736,0,0.0002454333,0.8560295,0.5169268,0,-0.1359758,-0.5120972,0.8480963,0,-26.91926,6.171736,-13.32123,1,-0.9907119,0.0002454379,-0.1359758,0,0.07049769,0.8560296,-0.5120971,0,-0.1162736,0.5169269,0.8480961,0,-28.65323,1.609522,10.79785,1,1,1,-0.04106223,-0.004278631,0.9991475,0.004292702,-0.003423599,-0.02434451,5.64,76
0,-28.12854,0,8.596684,-27.98704,0,8.858109,-28.05634,0,8.731941,-0.9885296,0.07868484,-0.1289105,0,-0.000140585,0.8530782,0.521783,0,-0.1510271,-0.5158161,0.843282,0,-26.69199,6.451893,-13.63853,1,-0.9885297,-0.0001405979,-0.1510272,0,0.07868485,0.8530782,-0.5158161,0,-0.1289105,0.5217831,0.8432821,0,-28.65164,1.608632,10.7979,1,1,1,-0.1036505,-0.0944842,0.9901158,0.00462394,-0.003781372,-0.02449955,5.66,77
0,-27.87857,0,9.122626,-27.74773,0,9.288857,-27.81229,0,9.207634,-0.985009,0.09050095,-0.1468578,0,-0.000920672,0.8485595,0.5290993,0,-0.1725015,-0.5213026,0.8357555,0,-26.35562,6.857872,-14.08202,1,-0.9850087,-0.0009206854,-0.1725015,0,0.09050094,0.8485594,-0.5213025,0,-0.1468577,0.5290991,0.8357551,0,-28.64921,1.607206,10.79776,1,0.9714978,0.9833781,-0.227535,-0.1867125,0.9557019,0.005472297,-0.004472504,-0.02496771,5.7,78
0,-27.83947,0,9.230027,-27.68215,0,9.403367,-27.75958,0,9.318726,-0.9823624,0.09901892,-0.1586174,0,-0.001101937,0.845199,0.5344507,0,-0.186984,-0.525199,0.8301826,0,-26.12151,7.150167,-14.36651,1,-0.9823623,-0.001101936,-0.186984,0,0.09901892,0.8451989,-0.525199,0,-0.1586174,0.5344507,0.8301825,0,-28.64756,1.606095,10.79779,1,0.9348409,0.9637347,-0.2518315,-0.204972,0.9458157,0.005674531,-0.004661126,-0.02506401,5.72,79
0,-27.86288,0,9.310836,-27.69955,0,9.451982,-27.78024,0,9.382618,-0.9795101,0.1077766,-0.1701301,0,-0.001252659,0.8414805,0.5402861,0,-0.2013914,-0.5294287,0.8241036,0,-25.88237,7.453385,-14.63932,1,-0.9795101,-0.001252658,-0.2013914,0,0.1077766,0.8414806,-0.5294287,0,-0.1701301,0.5402861,0.8241036,0,-28.64593,1.605121,10.79787,1,0.8772789,0.8686419,-0.2428706,-0.2158791,0.9457325,0.00555098,-0.004584572,-0.02501613,5.74,80
0,-27.85329,0,9.259039,-27.72568,0,9.475727,-27.78836,0,9.370762,-0.9763167,0.116858,-0.1820718,0,-0.001481734,0.8379424,0.5457566,0,-0.2163417,-0.533101,0.817924,0,-25.62747,7.759401,-14.92274,1,-0.9763165,-0.001481721,-0.2163417,0,0.1168579,0.8379425,-0.533101,0,-0.1820718,0.5457566,0.8179239,0,-28.64428,1.604278,10.79792,1,0.884796,0.8641944,-0.2269347,-0.2050539,0.9520785,0.005508186,-0.004529121,-0.02498483,5.76,81
0,-27.85511,0,9.240193,-27.70062,0,9.45236,-27.77641,0,9.349312,-0.9745857,0.1214353,-0.1882464,0,-0.001619395,0.8364841,0.5479888,0,-0.2240103,-0.5343668,0.8150288,0,-25.49403,7.906814,-15.07158,1,-0.9745852,-0.001619402,-0.2240102,0,0.1214352,0.8364842,-0.5343667,0,-0.1882463,0.5479887,0.8150284,0,-28.64344,1.60385,10.79799,1,0.8851164,0.9126524,-0.2224452,-0.1945125,0.9553444,0.005507408,-0.004523514,-0.02498245,5.78,82
0,-27.85972,0,9.289584,-27.69907,0,9.478042,-27.77809,0,9.386034,-0.9705003,0.1318833,-0.2018319,0,-0.001459122,0.8339005,0.5519129,0,-0.2410958,-0.5359261,0.8091084,0,-25.19099,8.227484,-15.40245,1,-0.9705001,-0.001459102,-0.2410958,0,0.1318833,0.8339006,-0.535926,0,-0.2018318,0.5519128,0.809108,0,-28.64164,1.603152,10.79813,1,0.8905216,0.9106185,-0.2150566,-0.1982918,0.9562588,0.005468491,-0.004493653,-0.02496313,5.8,83
0,-27.84042,0,9.234797,-27.66997,0,9.391924,-27.75418,0,9.314634,-0.9655287,0.1437141,-0.2170277,0,-0.0008521602,0.8320185,0.5547473,0,-0.2602961,-0.5358093,0.8032153,0,-24.84027,8.568462,-15.778,1,-0.9655282,-0.0008521279,-0.260296,0,0.143714,0.8320185,-0.5358092,0,-0.2170276,0.5547472,0.8032148,0,-28.63965,1.602513,10.79836,1,0.9125358,0.9149743,-0.1985593,-0.1708024,0.965091,0.005380884,-0.004400887,-0.0249124,5.82,84
0,-27.8236,0,9.246293,-27.65323,0,9.392374,-27.73755,0,9.320318,-0.9596121,0.1561823,-0.2339914,0,-0.000433512,0.8309198,0.556392,0,-0.2813267,-0.5340219,0.7972931,0,-24.44061,8.907463,-16.20186,1,-0.9596118,-0.0004335213,-0.2813266,0,0.1561822,0.8309199,-0.5340218,0,-0.2339913,0.556392,0.7972928,0,-28.63577,1.602601,10.79861,1,0.9169306,0.9278256,-0.1891773,-0.1668649,0.9676611,0.005334472,-0.004361008,-0.02489523,5.84,85
0,-27.79857,0,9.215078,-27.61744,0,9.431443,-27.70642,0,9.325803,-0.9532506,0.1667024,-0.2520396,0,-0.001861423,0.8308117,0.5565505,0,-0.3021757,-0.5310012,0.7916615,0,-24.02826,9.175952,-16.65751,1,-0.9532502,-0.001861411,-0.3021756,0,0.1667024,0.8308117,-0.5310011,0,-0.2520394,0.5565504,0.7916611,0,-28.63295,1.602528,10.79879,1,0.9332801,0.928453,-0.1842778,-0.1633743,0.969201,0.005290841,-0.004323609,-0.02488003,5.86,86
0,-27.76468,0,9.173496,-27.63458,0,9.446439,-27.69828,0,9.314714,-0.9500446,0.170969,-0.2611225,0,-0.003359206,0.8309749,0.5562997,0,-0.3120963,-0.5293867,0.7888891,0,-23.82579,9.280325,-16.88705,1,-0.9500445,-0.003359197,-0.3120962,0,0.170969,0.8309749,-0.5293866,0,-0.2611224,0.5562997,0.7888888,0,-28.6318,1.602506,10.79894,1,0.9332801,0.928453,-0.1764776,-0.1591911,0.9713464,0.005230973,-0.004291336,-0.02486067,5.88,87
0,-27.76716,0,9.17774,-27.60953,0,9.422951,-27.68684,0,9.303727,-0.9435599,0.1791241,-0.2785849,0,-0.006344937,0.8312016,0.5559349,0,-0.3311415,-0.5263255,0.783152,0,-23.42747,9.480118,-17.32419,1,-0.9435597,-0.006344919,-0.3311414,0,0.179124,0.8312017,-0.5263253,0,-0.2785848,0.5559349,0.7831517,0,-28.62959,1.602585,10.79929,1,0.9512846,0.9152417,-0.1614894,-0.1542275,0.9747487,0.00513791,-0.004281517,-0.02484108,5.9,88
0,-27.74756,0,9.18159,-27.63882,0,9.405025,-27.69246,0,9.296192,-0.9369252,0.187135,-0.2952147,0,-0.008937351,0.8315024,0.5554492,0,-0.3494157,-0.5230528,0.7773831,0,-23.03367,9.673397,-17.73696,1,-0.9369251,-0.008937313,-0.3494157,0,0.187135,0.8315024,-0.5230528,0,-0.2952147,0.5554492,0.777383,0,-28.62726,1.60267,10.79979,1,0.9666299,0.9175478,-0.1413769,-0.1521161,0.9781989,0.004922837,-0.004261483,-0.02479516,5.92,89
0,-27.78201,0,9.199008,-27.6426,0,9.410478,-27.71131,0,9.307024,-0.9302274,0.1947601,-0.3110397,0,-0.01100442,0.8323722,0.5541077,0,-0.3668189,-0.5188689,0.7721523,0,-22.64874,9.844811,-18.13124,1,-0.9302272,-0.01100443,-0.3668188,0,0.19476,0.8323722,-0.5188688,0,-0.3110397,0.5541077,0.7721521,0,-28.62539,1.602877,10.80026,1,0.9656377,0.9349552,-0.1208487,-0.157268,0.9801339,0.004871207,-0.004261009,-0.02476171,5.94,90
0,-27.72807,0,9.433691,-28.02293,0.70432,10.1371,-27.64776,0,9.516899,-0.9240071,0.2009637,-0.3253072,0,-0.01311371,0.8335975,0.5522166,0,-0.3821507,-0.514518,0.7676146,0,-22.2999,9.97303,-18.48747,1,-0.9240069,-0.0131137,-0.3821507,0,0.2009637,0.8335975,-0.514518,0,-0.3253071,0.5522166,0.7676145,0,-28.62358,1.603159,10.80063,1,0.9715377,0.9304559,-0.1719721,-0.2068438,0.9631414,0.005075272,-0.004513077,-0.02487627,5.96,91
