flag,xl,yl,zl,xr,yr,zr,xc,yc,zc,mat_00,mat_10,mat_20,mat_30,mat_01,mat_11,mat_21,mat_31,mat_02,mat_12,mat_22,mat_32,mat_03,mat_13,mat_23,mat_33,ctw_00,ctw_10,ctw_20,ctw_30,ctw_01,ctw_11,ctw_21,ctw_31,ctw_02,ctw_12,ctw_22,ctw_32,ctw_03,ctw_13,ctw_23,ctw_33,opennessl,opennessr,ray_x,ray_y,ray_z,eye_x,eye_y,eye_z,time,frame
0,-0.5728245,1.341304,9.12146,-0.6027145,-0.2374979,7.888209,-0.5660782,0.5541174,8.505165,-0.1782674,0.03335936,-0.9834166,0,-0.03464067,0.9985929,0.04015361,0,-0.9833722,-0.04122428,0.1768609,0,5.993586,-0.1443204,-30.6833,1,-0.1782673,-0.03464067,-0.9833722,0,0.03335936,0.9985929,-0.04122428,0,-0.9834163,0.04015361,0.1768609,0,-29.10118,1.583784,11.31465,1,0,0,-0.07976248,0.001484544,0.9968128,0.001663011,-0.003109802,-0.01985848,3.78,1
0,-0.5651493,1.199572,9.137938,-0.6374626,-0.4411826,7.698869,-0.5612793,0.3805831,8.417158,-0.1744235,0.03387484,-0.984088,0,-0.03460236,0.9985799,0.04050675,0,-0.9840627,-0.04111708,0.1730037,0,6.113554,-0.1304297,-30.65978,1,-0.1744235,-0.03460235,-0.9840625,0,0.03387484,0.9985799,-0.04111708,0,-0.9840878,0.04050675,0.1730036,0,-29.10115,1.583716,11.31501,1,0,0,-0.07261551,-0.003910996,0.9973523,0.001633964,-0.003120308,-0.01978912,3.8,2
0,-0.598856,1.015848,8.53828,-0.6412334,-0.1947919,7.46746,-0.6049271,0.4115568,8.002664,-0.1575264,0.03523218,-0.9868862,0,-0.03121022,0.9986865,0.04063522,0,-0.9870216,-0.03720205,0.1562198,0,6.634875,-0.1354439,-30.55144,1,-0.1575263,-0.03121021,-0.9870213,0,0.03523217,0.9986864,-0.03720205,0,-0.9868859,0.04063521,0.1562198,0,-29.10085,1.583806,11.31646,1,1,1,-0.04117218,-0.001410035,0.9991511,0.001482346,-0.002942818,-0.02013928,3.84,3
0,-0.5902653,1.046413,8.648619,-0.6344719,-0.04545781,7.418118,-0.6087894,0.5019354,8.034854,-0.1523612,0.03433552,-0.9877284,0,-0.03001912,0.9987745,0.03935008,0,-0.987869,-0.03564615,0.1511437,0,6.793386,-0.1793215,-30.51647,1,-0.1523611,-0.03001911,-0.9878688,0,0.03433551,0.9987745,-0.03564615,0,-0.9877281,0.03935007,0.1511437,0,-29.10077,1.583859,11.31695,1,1,1,-0.03717633,0.0006128788,0.9993085,0.001438201,-0.002918488,-0.02019742,3.88,4
0,-0.6076164,1.104324,8.519692,-0.6227245,-0.07501059,7.559457,-0.6093445,0.51603,8.040294,-0.1473876,0.03209624,-0.9885579,0,-0.0283287,0.9989263,0.0366565,0,-0.9886731,-0.03340728,0.1463201,0,6.944991,-0.2701883,-30.48199,1,-0.1473876,-0.0283287,-0.9886729,0,0.03209623,0.9989263,-0.03340727,0,-0.9885579,0.0366565,0.1463201,0,-29.10093,1.584004,11.31743,1,1,1,-0.03239699,-0.001390515,0.999474,0.001386551,-0.002939492,-0.02010229,3.9,5
0,-0.6307392,1.338594,8.471193,-0.6100941,0.003484385,7.630241,-0.6204376,0.6730099,8.052055,-0.1443015,0.02849749,-0.9891234,0,-0.0278749,0.9990715,0.03285073,0,-0.9891412,-0.03231212,0.1433733,0,7.039868,-0.3879223,-30.45921,1,-0.1443016,-0.02787489,-0.9891409,0,0.02849749,0.9990715,-0.03231211,0,-0.9891233,0.03285072,0.1433731,0,-29.101,1.584405,11.31792,1,1,1,-0.02980069,0.0003331239,0.9995558,0.001349929,-0.002958252,-0.02006148,3.94,6
0,-0.5685692,1.060399,8.877735,-0.6210041,0.07361244,7.575686,-0.5947189,0.5681235,8.228264,-0.1428232,0.0264901,-0.9893937,0,-0.0279393,0.9991355,0.03078409,0,-0.9893539,-0.03203965,0.1419597,0,7.085531,-0.4498518,-30.44779,1,-0.1428232,-0.0279393,-0.9893538,0,0.0264901,0.9991355,-0.03203965,0,-0.9893936,0.03078409,0.1419596,0,-29.10096,1.584735,11.31804,1,1,1,-0.03438886,-0.005523835,0.9993933,0.001273887,-0.003009575,-0.01974295,3.96,7
0,-0.5671978,1.126167,8.943149,-0.6337566,0.1118518,7.477482,-0.6003933,0.6202266,8.21215,-0.1425202,0.02454375,-0.9894876,0,-0.02783396,0.9991978,0.02879366,0,-0.9894005,-0.03164503,0.1417227,0,7.094876,-0.5112684,-30.44475,1,-0.1425201,-0.02783396,-0.9894004,0,0.02454375,0.9991979,-0.03164504,0,-0.9894874,0.02879366,0.1417227,0,-29.10099,1.584953,11.31821,1,1,1,-0.03355416,-0.005683218,0.9994208,0.001263961,-0.003010445,-0.01974408,3.98,8
0,-0.5878963,1.180846,8.778046,-0.6487904,0.1212879,7.333752,-0.6182575,0.6523647,8.057741,-0.1425948,0.023719,-0.9894969,0,-0.0277777,0.9992232,0.02795514,0,-0.9893913,-0.0314722,0.1418252,0,7.09251,-0.5373313,-30.44489,1,-0.1425948,-0.02777769,-0.9893912,0,0.02371899,0.9992231,-0.0314722,0,-0.9894969,0.02795514,0.1418252,0,-29.10102,1.585018,11.31821,1,1,1,-0.02825274,-0.0052508,0.9995871,0.001244323,-0.003015709,-0.01974134,4,9
0,-0.5961971,1.19133,8.702812,-0.6591682,0.1441157,7.247347,-0.6275959,0.6689935,7.976927,-0.1434575,0.02225438,-0.9894063,0,-0.02760327,0.9992682,0.0264785,0,-0.9892715,-0.03110939,0.1427383,0,7.065768,-0.5842479,-30.4504,1,-0.1434576,-0.02760326,-0.9892714,0,0.02225438,0.9992682,-0.03110938,0,-0.9894061,0.0264785,0.1427382,0,-29.10117,1.585139,11.31822,1,1,1,-0.02631214,-0.006091652,0.9996352,0.001234031,-0.003017464,-0.01973628,4.02,10
0,-0.6294746,1.196221,8.372103,-0.6721554,0.05558092,7.047226,-0.6507549,0.6273146,7.711382,-0.1448724,0.02108997,-0.9892256,0,-0.02747431,0.9993016,0.02532841,0,-0.9890689,-0.03084767,0.1441919,0,7.021979,-0.621332,-30.45991,1,-0.1448725,-0.0274743,-0.9890688,0,0.02108997,0.9993016,-0.03084767,0,-0.9892254,0.02532841,0.1441918,0,-29.10132,1.585323,11.31812,1,1,1,-0.01843317,-0.00846423,0.9997943,0.001220574,-0.003016068,-0.01976881,4.04,11
0,-0.6379719,1.194521,8.285329,-0.6843014,0.09495649,6.956051,-0.6610737,0.6460509,7.622357,-0.1467961,0.02021844,-0.9889603,0,-0.02728617,0.9993278,0.02448061,0,-0.9887905,-0.03057859,0.1461457,0,6.962571,-0.6498606,-30.47283,1,-0.146796,-0.02728616,-0.9887902,0,0.02021843,0.9993278,-0.03057859,0,-0.98896,0.02448061,0.1461457,0,-29.10119,1.585399,11.31812,1,1,1,-0.01727831,-0.008625531,0.9998135,0.001212945,-0.003013863,-0.01983534,4.06,12
0,-0.6429348,1.27669,8.299977,-0.6986294,0.02715326,6.758793,-0.6706924,0.6537138,7.531689,-0.1487095,0.01993486,-0.9886801,0,-0.02713108,0.9993382,0.02423061,0,-0.9885088,-0.03042728,0.1480703,0,6.90344,-0.6599894,-30.48575,1,-0.1487096,-0.02713107,-0.9885085,0,0.01993486,0.9993382,-0.03042728,0,-0.9886799,0.02423061,0.1480702,0,-29.10089,1.585539,11.31806,1,1,1,-0.01605027,-0.008574419,0.9998344,0.001204194,-0.003022599,-0.01984214,4.08,13
0,-0.6438618,1.26126,8.278546,-0.6972904,-0.01299663,6.761117,-0.6694889,0.6259301,7.521977,-0.1495823,0.01971451,-0.9885528,0,-0.02717859,0.9993414,0.02404218,0,-0.9883758,-0.03046374,0.148948,0,6.87653,-0.6660133,-30.49166,1,-0.1495822,-0.02717858,-0.9883755,0,0.01971451,0.9993414,-0.03046375,0,-0.9885526,0.02404218,0.1489479,0,-29.10087,1.585555,11.31797,1,1,1,-0.01657671,-0.009742918,0.9998151,0.001200173,-0.003029526,-0.01984214,4.1,14
0,-0.6440125,1.185759,8.217729,-0.7290268,-0.2699016,6.643848,-0.6655903,0.4589928,7.430068,-0.1515901,0.0194647,-0.9882518,0,-0.02742019,0.9993385,0.0238891,0,-0.9880631,-0.0307194,0.150956,0,6.814833,-0.6703934,-30.50527,1,-0.15159,-0.02742019,-0.988063,0,0.0194647,0.9993384,-0.0307194,0,-0.9882517,0.0238891,0.1509561,0,-29.10077,1.585557,11.31785,1,1,1,-0.01528931,-0.01565216,0.9997606,0.001209861,-0.003038574,-0.01981464,4.12,15
0,-0.6418781,1.119589,8.187244,-0.7360878,-0.251923,6.558728,-0.6694298,0.4348221,7.372478,-0.1531413,0.0193496,-0.9880149,0,-0.02760813,0.9993343,0.0238505,0,-0.9878187,-0.03092973,0.152505,0,6.767049,-0.671321,-30.5158,1,-0.1531412,-0.02760812,-0.9878185,0,0.01934959,0.9993342,-0.03092973,0,-0.9880148,0.0238505,0.1525051,0,-29.10076,1.585517,11.31767,1,1,1,-0.01483052,-0.01651382,0.9997537,0.001215057,-0.00305539,-0.01978083,4.14,16
0,-0.6045189,1.131641,8.572285,-0.7402096,-0.2611383,6.524526,-0.6520138,0.4365447,7.54893,-0.1542741,0.01924703,-0.9878407,0,-0.02769093,0.9993333,0.02379552,0,-0.9876401,-0.03102526,0.1536384,0,6.732151,-0.6731995,-30.52337,1,-0.1542742,-0.02769092,-0.9876398,0,0.01924702,0.9993333,-0.03102526,0,-0.9878404,0.02379552,0.1536382,0,-29.10067,1.58549,11.31761,1,1,1,-0.02213617,-0.01672357,0.9996151,0.001215057,-0.003069504,-0.01974096,4.16,17
0,-0.5879993,1.089954,8.705622,-0.7400951,-0.2926292,6.550389,-0.6412373,0.3998129,7.628423,-0.1549115,0.01920845,-0.9877417,0,-0.02777354,0.9993311,0.02378967,0,-0.987538,-0.03111837,0.1542743,0,6.712507,-0.6732681,-30.52752,1,-0.1549114,-0.02777354,-0.9875378,0,0.01920845,0.9993311,-0.03111837,0,-0.9877415,0.02378966,0.1542744,0,-29.10052,1.585487,11.31752,1,1,1,-0.02553279,-0.01810438,0.99951,0.001225418,-0.003076424,-0.01971201,4.18,18
0,-0.5602608,1.074379,8.972249,-0.7409039,-0.3032498,6.550591,-0.6268826,0.3868204,7.762533,-0.1550244,0.01947364,-0.9877188,0,-0.02755453,0.9993315,0.02402733,0,-0.9875264,-0.03094094,0.1543843,0,6.70867,-0.6675445,-30.52841,1,-0.1550244,-0.02755452,-0.9875261,0,0.01947363,0.9993315,-0.03094093,0,-0.9877186,0.02402733,0.1543841,0,-29.10047,1.585469,11.31743,1,1,1,-0.03033297,-0.0184518,0.9993696,0.001232231,-0.003078331,-0.0197073,4.2,19
0,-0.5451469,1.008619,9.072568,-0.7432137,-0.3311192,6.549282,-0.6182919,0.3398049,7.811971,-0.1554083,0.0204673,-0.9876384,0,-0.02728457,0.999315,0.0250026,0,-0.9874735,-0.03083289,0.1547433,0,6.696465,-0.6396582,-30.53163,1,-0.1554082,-0.02728457,-0.9874734,0,0.0204673,0.999315,-0.0308329,0,-0.9876381,0.0250026,0.1547433,0,-29.10043,1.5853,11.31742,1,1,1,-0.03242712,-0.01915292,0.9992905,0.001246521,-0.003080231,-0.01969997,4.22,20
0,-0.5644627,0.9799167,9.21481,-0.7518291,-0.4925601,6.589423,-0.6019955,0.2437823,7.900406,-0.1554879,0.02165882,-0.9876004,0,-0.02726021,0.9992848,0.02620691,0,-0.9874617,-0.03099705,0.1547862,0,6.694107,-0.6027527,-30.53309,1,-0.1554878,-0.02726021,-0.9874615,0,0.02165881,0.9992848,-0.03099705,0,-0.9876002,0.02620691,0.1547862,0,-29.10058,1.584982,11.31759,1,1,1,-0.03552717,-0.02135477,0.9991405,0.001257698,-0.003041771,-0.01978947,4.24,21
0,-0.5770321,0.9609958,9.279266,-0.7509212,-0.4652309,6.577129,-0.5997295,0.2478621,7.926355,-0.1553741,0.02354033,-0.9875753,0,-0.02698816,0.9992417,0.02806444,0,-0.9874871,-0.03101332,0.154621,0,6.697326,-0.5475948,-30.53332,1,-0.1553741,-0.02698815,-0.9874868,0,0.02354033,0.9992418,-0.03101332,0,-0.987575,0.02806444,0.1546209,0,-29.10046,1.584828,11.31763,1,1,1,-0.03633136,-0.01936572,0.9991522,0.001267975,-0.003044884,-0.01980573,4.26,22
0,-0.5924549,0.9072297,9.369491,-0.7549686,-0.5250785,6.58343,-0.5905647,0.1903431,7.97333,-0.1550032,0.02530066,-0.9875901,0,-0.02687365,0.9991941,0.02981578,0,-0.9875485,-0.03116169,0.1541983,0,6.708633,-0.4944232,-30.53162,1,-0.1550031,-0.02687365,-0.9875482,0,0.02530066,0.9991941,-0.03116168,0,-0.9875898,0.02981578,0.1541983,0,-29.10035,1.584634,11.31762,1,1,1,-0.03756273,-0.01963198,0.9991014,0.001269821,-0.003044335,-0.01980819,4.28,23
0,-0.5994549,0.8914252,9.407302,-0.7547302,-0.5176919,6.580015,-0.5885277,0.1859695,7.990384,-0.1548895,0.02600621,-0.9875895,0,-0.02650883,0.9991841,0.03046907,0,-0.9875762,-0.03089918,0.1540736,0,6.711676,-0.4767298,-30.53112,1,-0.1548893,-0.02650883,-0.987576,0,0.02600621,0.9991842,-0.03089918,0,-0.9875894,0.03046907,0.1540737,0,-29.10025,1.584514,11.3176,1,1,1,-0.03805688,-0.01912684,0.9990926,0.001273621,-0.003044236,-0.01981222,4.3,24
0,-0.5937672,0.8687894,9.389513,-0.7625828,-0.5358962,6.515367,-0.5910244,0.1654902,7.949198,-0.1549511,0.02715319,-0.9875491,0,-0.02656447,0.9991462,0.03164015,0,-0.987565,-0.03113638,0.1540976,0,6.70985,-0.4404958,-30.53178,1,-0.1549511,-0.02656446,-0.9875649,0,0.02715318,0.9991462,-0.03113639,0,-0.9875488,0.03164015,0.1540975,0,-29.09996,1.584393,11.31757,1,1,1,-0.03666621,-0.01862385,0.999154,0.001275688,-0.003044236,-0.01981222,4.32,25
0,-0.8286495,-0.7976776,10.49091,-0.8375053,-2.062229,6.96082,-0.6142445,-1.447382,8.722451,-0.155123,0.02886578,-0.9874735,0,-0.02634016,0.9990968,0.03334335,0,-0.9875441,-0.03118253,0.1542226,0,6.704231,-0.3898917,-30.53359,1,-0.155123,-0.02634015,-0.9875439,0,0.02886577,0.9990968,-0.03118253,0,-0.9874732,0.03334335,0.1542225,0,-29.09987,1.584222,11.31753,1,1,1,-0.06175967,-0.07373407,0.9953638,0.001465973,-0.003383995,-0.01964265,4.34,26
0,-1.149971,-3.234073,11.0746,-1.005121,-5.183698,8.34377,-0.9322872,-4.228819,9.715425,-0.155399,0.03014007,-0.9873919,0,-0.02629364,0.9990541,0.03463423,0,-0.9875019,-0.03134425,0.1544595,0,6.69556,-0.3507898,-30.53582,1,-0.1553989,-0.02629364,-0.9875017,0,0.03014007,0.9990541,-0.03134425,0,-0.9873919,0.03463424,0.1544595,0,-29.09977,1.584093,11.31743,1,1,1,-0.09172752,-0.1701494,0.9811397,0.001642937,-0.003732743,-0.01991483,4.36,27
0,-1.46608,-5.047409,11.67714,-1.258265,-6.240255,8.329953,-1.254078,-5.664556,10.02051,-0.1556627,0.03139858,-0.9873113,0,-0.02657033,0.999,0.03595947,0,-0.987453,-0.03183072,0.1546726,0,6.687706,-0.3084861,-30.53769,1,-0.1556625,-0.02657032,-0.9874527,0,0.03139857,0.999,-0.03183072,0,-0.9873109,0.03595946,0.1546727,0,-29.09949,1.583991,11.31732,1,1,1,-0.09933662,-0.2193453,0.9705771,0.001652657,-0.003912743,-0.01990575,4.38,28
0,-1.483614,-5.159187,11.63317,-1.270796,-6.262509,8.257321,-1.258436,-5.735115,9.962065,-0.1572932,0.03315468,-0.9869954,0,-0.02770269,0.9988948,0.03796926,0,-0.9871635,-0.03331473,0.1562009,0,6.638697,-0.2403207,-30.54862,1,-0.1572931,-0.02770268,-0.9871631,0,0.03315467,0.9988949,-0.03331473,0,-0.9869952,0.03796926,0.1562008,0,-29.09915,1.583873,11.31719,1,1,1,-0.09849484,-0.2198141,0.9705569,0.001647629,-0.003888428,-0.0198961,4.42,29
0,-1.489275,-5.203483,11.60988,-1.286112,-6.320793,8.242933,-1.266867,-5.787102,9.942891,-0.1588262,0.0354693,-0.9866693,0,-0.02898891,0.9987561,0.04057021,0,-0.986881,-0.03504607,0.1576004,0,6.592838,-0.1529948,-30.55872,1,-0.1588262,-0.0289889,-0.9868808,0,0.03546931,0.9987562,-0.03504608,0,-0.9866692,0.04057021,0.1576004,0,-29.09881,1.583697,11.31705,1,1,1,-0.09889063,-0.2192023,0.9706549,0.001645874,-0.003883927,-0.01989377,4.44,30
0,-1.49802,-5.263389,11.58335,-1.306242,-6.39577,8.220166,-1.278036,-5.855646,9.917839,-0.1602032,0.03883404,-0.98632,0,-0.02944055,0.9985933,0.04409916,0,-0.9866451,-0.03610263,0.1588346,0,6.550707,-0.04243755,-30.56777,1,-0.1602032,-0.02944054,-0.9866448,0,0.03883403,0.9985932,-0.03610262,0,-0.9863198,0.04409916,0.1588345,0,-29.0985,1.583247,11.31691,1,1,1,-0.09910381,-0.2181476,0.9708708,0.001644684,-0.003885231,-0.01989482,4.46,31
0,-1.495867,-5.364451,11.46118,-1.333975,-6.513241,8.222786,-1.291164,-5.965576,9.855785,-0.1612436,0.04354265,-0.9859536,0,-0.02905319,0.9983838,0.04884297,0,-0.986487,-0.03652071,0.1597179,0,6.517922,0.100036,-30.57402,1,-0.1612436,-0.02905319,-0.9864869,0,0.04354264,0.9983839,-0.03652071,0,-0.9859536,0.04884298,0.1597179,0,-29.09795,1.582818,11.31672,1,1,1,-0.09785052,-0.2171263,0.9712268,0.001650437,-0.00388929,-0.01989777,4.48,32
0,-1.533972,-5.481927,11.50509,-1.396414,-6.781645,8.238057,-1.344358,-6.157624,9.885919,-0.1621696,0.05353188,-0.9853099,0,-0.02762277,0.9978898,0.0587617,0,-0.9863763,-0.03674634,0.1603487,0,6.487427,0.3948762,-30.5771,1,-0.1621695,-0.02762276,-0.9863761,0,0.05353187,0.9978899,-0.03674634,0,-0.9853097,0.0587617,0.1603486,0,-29.09699,1.58192,11.31655,1,1,1,-0.0996815,-0.2141326,0.9717051,0.001680665,-0.003885056,-0.01990217,4.52,33
0,-1.57202,-5.660187,11.4812,-1.435505,-6.955132,8.260714,-1.38682,-6.333239,9.88518,-0.1619737,0.06134037,-0.9848869,0,-0.02698117,0.9974177,0.06655812,0,-0.9864262,-0.03735406,0.1599004,0,6.492719,0.6304477,-30.57131,1,-0.1619737,-0.02698117,-0.9864261,0,0.06134035,0.9974177,-0.03735406,0,-0.9848865,0.06655811,0.1599004,0,-29.09629,1.58113,11.3165,1,1,1,-0.09921316,-0.2125561,0.9720991,0.001683144,-0.003885124,-0.01990336,4.54,34
0,-1.64068,-5.854753,11.57936,-1.474562,-7.211199,8.481488,-1.474485,-6.549043,10.04676,-0.1612753,0.07075262,-0.9843701,0,-0.0263353,0.9967632,0.07595806,0,-0.9865581,-0.03817383,0.15889,0,6.513557,0.9153011,-30.55878,1,-0.1612753,-0.02633529,-0.986558,0,0.07075261,0.9967632,-0.03817383,0,-0.98437,0.07595805,0.1588899,0,-29.09543,1.580383,11.31642,1,1,1,-0.103664,-0.2113974,0.9718874,0.001687455,-0.003879975,-0.01990328,4.56,35
0,-1.728617,-6.164744,11.63751,-1.510239,-7.382162,8.532391,-1.544868,-6.788192,10.10325,-0.1598749,0.08164549,-0.9837551,0,-0.02563247,0.9958943,0.08681863,0,-0.9868044,-0.0390962,0.1571258,0,6.556108,1.244956,-30.5368,1,-0.159875,-0.02563247,-0.9868044,0,0.0816455,0.9958944,-0.0390962,0,-0.9837551,0.08681864,0.1571258,0,-29.09422,1.579368,11.31639,1,1,1,-0.103846,-0.2092021,0.9723427,0.001687623,-0.003877236,-0.01989838,4.58,36
0,-1.763338,-6.306249,11.63922,-1.540186,-7.515635,8.551048,-1.580366,-6.925124,10.11363,-0.1592529,0.08749341,-0.9833533,0,-0.02551133,0.9953678,0.09269393,0,-0.9869083,-0.03984841,0.1562831,0,6.57524,1.424901,-30.52427,1,-0.1592529,-0.02551132,-0.9869081,0,0.08749339,0.9953678,-0.03984842,0,-0.9833529,0.09269392,0.1562831,0,-29.09367,1.578856,11.31636,1,1,1,-0.1033003,-0.208227,0.9726101,0.001690025,-0.003870911,-0.01989787,4.6,37
0,-25.54931,0.1141331,11.26531,-25.94707,0,10.97628,-25.63823,0,11.10494,-0.1575553,0.1010401,-0.9823275,0,-0.02488905,0.9940295,0.1062357,0,-0.9871964,-0.04118719,0.1540998,0,6.626956,1.837394,-30.48973,1,-0.1575553,-0.02488905,-0.9871966,0,0.1010401,0.9940294,-0.0411872,0,-0.9823274,0.1062357,0.1540999,0,-29.09244,1.577613,11.31625,1,1,1,-0.07798155,-0.3156574,0.9456634,0.001609567,-0.004354737,-0.02004486,4.62,38
0,-26.47461,0,11.25408,-26.64358,0.01,11.0303,-26.55297,0,11.13803,-0.1558642,0.1173509,-0.980783,0,-0.02381543,0.9921828,0.1224996,0,-0.9874914,-0.04245104,0.1518511,0,6.677996,2.330624,-30.44346,1,-0.1558642,-0.02381541,-0.9874914,0,0.1173508,0.9921828,-0.04245106,0,-0.9807828,0.1224995,0.151851,0,-29.09107,1.575945,11.31627,1,1,1,-0.06100687,-0.4165454,0.9070656,0.001533623,-0.00470781,-0.02017874,4.64,39
0,-26.76617,0,11.27779,-26.93318,0,11.07099,-26.85209,0,11.17066,-0.1546891,0.1270381,-0.9797616,0,-0.0232784,0.9909544,0.1321647,0,-0.987689,-0.0432517,0.1503326,0,6.713667,2.624276,-30.41083,1,-0.154689,-0.02327838,-0.9876888,0,0.1270381,0.9909543,-0.04325171,0,-0.9797614,0.1321647,0.1503326,0,-29.09021,1.574984,11.31625,1,1,1,-0.06066678,-0.4589993,0.8863629,0.001471909,-0.00493235,-0.02028966,4.66,40
0,-26.86429,0,11.25596,-26.98637,0,11.09785,-26.92666,0,11.17463,-0.1521326,0.1489075,-0.9770785,0,-0.02142132,0.9878564,0.1538854,0,-0.988128,-0.04434129,0.1470954,0,6.790217,3.279595,-30.32825,1,-0.1521326,-0.02142131,-0.9881278,0,0.1489075,0.9878565,-0.0443413,0,-0.9770783,0.1538854,0.1470954,0,-29.08842,1.572761,11.31617,1,1,1,-0.05822406,-0.4532233,0.8894935,0.001464867,-0.004976799,-0.02030708,4.68,41
0,-26.84808,0,11.27289,-27.12617,0,11.09261,-26.99457,0,11.1764,-0.1481979,0.1785651,-0.9727036,0,-0.01873943,0.9828805,0.1832884,0,-0.9887804,-0.04539084,0.1423147,0,6.908101,4.164505,-30.19093,1,-0.1481979,-0.0187394,-0.9887799,0,0.1785651,0.9828807,-0.04539085,0,-0.9727033,0.1832884,0.1423146,0,-29.08668,1.569889,11.31623,1,1,1,-0.05458374,-0.4394467,0.8966087,0.001487702,-0.004956749,-0.0202971,4.7,42
0,-26.98451,0,11.28138,-27.05247,0,11.12458,-27.01886,0,11.20189,-0.1424338,0.2102298,-0.967221,0,-0.01571233,0.9765805,0.214578,0,-0.9896798,-0.04576042,0.1357949,0,7.081458,5.10228,-30.00444,1,-0.1424337,-0.0157123,-0.9896795,0,0.2102297,0.9765804,-0.04576042,0,-0.9672206,0.214578,0.1357948,0,-29.08493,1.566771,11.3163,1,1,1,-0.06044249,-0.4156261,0.9075251,0.001439956,-0.004927254,-0.02026738,4.72,43
0,-26.97245,0,11.28543,-27.07,0,11.11444,-27.02203,0,11.19812,-0.1364318,0.2402056,-0.9610868,0,-0.01386652,0.9696001,0.2443018,0,-0.9905525,-0.04665744,0.1289535,0,7.263377,5.997796,-29.79253,1,-0.1364317,-0.0138665,-0.9905523,0,0.2402055,0.9696001,-0.04665745,0,-0.9610866,0.2443018,0.1289535,0,-29.08295,1.563621,11.31645,1,0.9828289,0.9981205,-0.05514502,-0.3878312,0.9200794,0.001448136,-0.004656342,-0.02016998,4.74,44
0,-26.94741,0,11.29842,-27.07038,0,11.11406,-27.01018,0,11.20377,-0.127407,0.2840662,-0.9503021,0,-0.01348853,0.9575253,0.2880338,0,-0.9917589,-0.04951566,0.1181637,0,7.53955,7.328239,-29.42005,1,-0.1274069,-0.01348851,-0.9917586,0,0.2840661,0.9575253,-0.04951568,0,-0.9503018,0.2880338,0.1181637,0,-29.07904,1.558692,11.31666,1,0.9841862,0.9938011,-0.05057846,-0.3428245,0.9380369,0.001406663,-0.004385429,-0.02005956,4.78,45
0,-27.07313,0,11.29743,-27.11316,0,11.1459,-27.09325,0,11.22114,-0.120164,0.315264,-0.9413657,0,-0.01312192,0.9476493,0.3190433,0,-0.9926674,-0.05069004,0.1097366,0,7.760454,8.266849,-29.10947,1,-0.1201641,-0.01312188,-0.9926673,0,0.3152639,0.9476493,-0.05069005,0,-0.9413655,0.3190433,0.1097365,0,-29.07637,1.554943,11.31697,1,0.9909679,0.9601172,-0.0488916,-0.3304682,0.9425499,0.001382569,-0.004302452,-0.02002666,4.8,46
0,-27.0756,0,11.27584,-27.0464,0,11.12425,-27.0611,0,11.20092,-0.1118898,0.3489954,-0.9304209,0,-0.01288234,0.9357121,0.3525294,0,-0.9936372,-0.0514304,0.1002009,0,8.012077,9.277419,-28.73134,1,-0.1118899,-0.01288226,-0.993637,0,0.3489954,0.935712,-0.05143044,0,-0.9304206,0.3525293,0.1002008,0,-29.07354,1.550862,11.31714,1,0.9631433,0.9040301,-0.0355574,-0.288401,0.9568493,0.001360825,-0.004171066,-0.019975,4.82,47
0,-27.0594,0,11.31192,-27.14567,0,11.16076,-27.10317,0,11.23484,-0.1036243,0.3807107,-0.9188696,0,-0.01365063,0.9232117,0.3840492,0,-0.9945228,-0.05233994,0.09047019,0,8.264019,10.23186,-28.32984,1,-0.1036242,-0.01365061,-0.9945228,0,0.3807108,0.9232118,-0.05233999,0,-0.9188696,0.3840492,0.09047026,0,-29.07046,1.546686,11.3173,1,0.9694732,0.8587112,-0.04047554,-0.2658682,0.9631593,0.001346772,-0.004110153,-0.01995761,4.84,48
0,-27.17708,0,11.32947,-27.19699,0,11.16211,-27.18705,0,11.24564,-0.09947419,0.3959595,-0.9128642,0,-0.01472259,0.9167283,0.3992399,0,-0.9949312,-0.05315375,0.08536124,0,8.39114,10.69566,-28.11865,1,-0.09947415,-0.01472256,-0.9949312,0,0.3959594,0.9167283,-0.05315378,0,-0.9128641,0.3992399,0.08536124,0,-29.06885,1.544607,11.31736,1,0.9630991,0.847456,-0.03847072,-0.2701948,0.9620368,0.001308853,-0.004070496,-0.01995275,4.86,49
0,-27.55676,0,11.3792,-27.60375,0,11.19251,-27.58044,0,11.28493,-0.09242237,0.4253899,-0.9002786,0,-0.01789874,0.9032926,0.4286515,0,-0.995559,-0.0557308,0.07587051,0,8.608348,11.60354,-27.68591,1,-0.09242236,-0.0178987,-0.995559,0,0.4253898,0.9032926,-0.05573083,0,-0.9002786,0.4286515,0.07587051,0,-29.06546,1.54029,11.31734,1,0.9319908,0.8579735,-0.03648448,-0.3492682,0.9363122,0.001281311,-0.004408928,-0.02007834,4.88,50
0,-27.8805,0,11.32626,-27.9206,0,11.28089,-27.90075,0,11.30305,-0.08676052,0.4574789,-0.8849779,0,-0.02236658,0.8872091,0.4608251,0,-0.9959782,-0.05977532,0.06674254,0,8.784519,12.6095,-27.18253,1,-0.08676054,-0.02236653,-0.995978,0,0.4574789,0.8872091,-0.05977535,0,-0.8849778,0.4608251,0.06674246,0,-29.06236,1.535603,11.31715,1,1,1,-0.02757774,-0.4250281,0.9047599,0.001159348,-0.004845398,-0.02024977,4.9,51
0,-28.17258,0,11.28683,-28.19468,0,11.22633,-28.1837,0,11.25625,-0.08290648,0.48992,-0.8678163,0,-0.02744251,0.8693615,0.4934142,0,-0.9961795,-0.06472225,0.05863106,0,8.906494,13.63872,-26.63756,1,-0.08290644,-0.02744249,-0.9961792,0,0.48992,0.8693615,-0.06472227,0,-0.8678161,0.4934141,0.05863106,0,-29.05998,1.530789,11.31698,1,0.9021993,0.9891796,0.01617093,-0.5013562,0.8650899,0.001078545,-0.005206841,-0.02045846,4.92,52
0,-28.15377,0,11.35214,-28.18228,0,11.25122,-28.16813,0,11.30116,-0.08113277,0.5177536,-0.8516741,0,-0.03277819,0.8526428,0.5214651,0,-0.9961643,-0.07022421,0.05220628,0,8.965707,14.53768,-26.13426,1,-0.08113277,-0.03277815,-0.9961641,0,0.5177536,0.8526429,-0.07022423,0,-0.851674,0.5214651,0.05220624,0,-29.05739,1.526536,11.31658,1,0.8756434,0.9631429,-0.004344911,-0.4684821,0.8834623,0.0009986265,-0.0051045,-0.02040192,4.94,53
0,-28.15892,0,11.29641,-28.17407,0,11.24242,-28.16653,0,11.26921,-0.08079636,0.5299731,-0.8441567,0,-0.03509535,0.8448877,0.5337912,0,-0.9961126,-0.07275431,0.04966426,0,8.978239,14.93416,-25.90362,1,-0.08079632,-0.03509531,-0.9961125,0,0.5299731,0.8448878,-0.07275436,0,-0.8441566,0.5337912,0.04966426,0,-29.05601,1.524525,11.31635,1,0.8756434,0.9631429,0.01550154,-0.4536855,0.891027,0.000974861,-0.005000671,-0.02035077,4.96,54
0,-28.13729,0,11.32437,-28.19996,0,11.22981,-28.16913,0,11.27589,-0.08075106,0.550578,-0.8308688,0,-0.03822938,0.8312669,0.5545573,0,-0.9960009,-0.0765447,0.04607749,0,8.982462,15.59788,-25.50418,1,-0.08075111,-0.03822935,-0.9960008,0,0.5505781,0.8312669,-0.07654468,0,-0.830869,0.5545573,0.04607743,0,-29.05314,1.52092,11.31564,1,0.8969007,0.9721652,0.01430616,-0.4334859,0.9010468,0.0009462042,-0.004779907,-0.02024681,4.98,55
0,-28.17564,0,11.32167,-28.17145,0,11.21848,-28.17354,0,11.27025,-0.08077383,0.571086,-0.8169066,0,-0.04020563,0.8170508,0.5751622,0,-0.9959213,-0.07930225,0.04303539,0,8.983223,16.24779,-25.09116,1,-0.08077375,-0.04020561,-0.9959211,0,0.5710859,0.8170506,-0.07930229,0,-0.8169066,0.5751622,0.04303544,0,-29.05041,1.517397,11.31488,1,0.9235732,0.9878829,0.01907081,-0.4130763,0.9104967,0.0008800821,-0.00453215,-0.0201639,5,56
0,-28.14114,0,11.32786,-28.1092,0,11.22204,-28.12529,0,11.27569,-0.08120596,0.5886282,-0.8043151,0,-0.04172084,0.8042654,0.5928041,0,-0.9958239,-0.0816958,0.04075313,0,8.971034,16.80489,-24.72264,1,-0.0812059,-0.04172071,-0.9958236,0,0.5886281,0.8042653,-0.0816959,0,-0.8043149,0.592804,0.04075307,0,-29.04811,1.514366,11.31398,1,0.9474251,0.9653345,0.01425132,-0.3725336,0.9279093,0.0008587651,-0.004507081,-0.02014652,5.02,57
0,-28.03876,0,11.28516,-28.11689,0,11.19804,-28.07855,0,11.24028,-0.08336949,0.6027373,-0.7935724,0,-0.04341558,0.7933917,0.6071612,0,-0.9955724,-0.08507213,0.03997648,0,8.906961,17.27015,-24.42016,1,-0.08336951,-0.04341558,-0.9955726,0,0.6027374,0.7933917,-0.08507213,0,-0.7935725,0.6071611,0.03997648,0,-29.04596,1.511674,11.31297,1,0.95715,0.9463485,0.03114714,-0.3340111,0.9420544,0.0008504028,-0.004306977,-0.02006824,5.04,58
0,-28.16991,0,11.23247,-28.15334,0,11.1629,-28.16165,0,11.19798,-0.08900011,0.6201771,-0.7793968,0,-0.04499087,0.7792002,0.6251583,0,-0.995015,-0.09070483,0.04144657,0,8.737917,17.86275,-24.04754,1,-0.08900005,-0.04499083,-0.995015,0,0.6201771,0.7792002,-0.09070489,0,-0.7793967,0.6251583,0.04144659,0,-29.04296,1.507986,11.31129,1,0.9630282,0.935733,0.05735785,-0.3471997,0.9360355,0.0007679285,-0.004492829,-0.02013676,5.08,59
0,-28.36228,0,11.18522,-28.43778,0,11.14849,-28.40081,0,11.16589,-0.09320855,0.6304814,-0.7705879,0,-0.04529807,0.7704703,0.6358644,0,-0.9946157,-0.09417403,0.04325485,0,8.610446,18.21498,-23.82554,1,-0.09320847,-0.04529797,-0.9946155,0,0.6304812,0.7704704,-0.09417412,0,-0.7705876,0.6358643,0.04325482,0,-29.04131,1.505743,11.31003,1,0.9792284,0.9188519,0.09121624,-0.4448674,0.8909392,0.0005945284,-0.004928719,-0.02036063,5.1,60
0,-28.46088,0,11.17607,-28.51948,0,11.15874,-28.49067,0,11.16677,-0.09790158,0.6406105,-0.7615994,0,-0.04576743,0.7615678,0.6464672,0,-0.9941432,-0.09814659,0.04523957,0,8.468393,18.56836,-23.60036,1,-0.09790153,-0.04576743,-0.9941431,0,0.6406105,0.7615678,-0.0981466,0,-0.7615993,0.6464672,0.04523959,0,-29.04003,1.50337,11.30889,1,0.9183536,0.9827142,0.09603476,-0.4770744,0.8736002,0.0005159751,-0.005132859,-0.02047611,5.12,61
0,-28.47259,0,11.17225,-28.53757,0,11.15613,-28.50568,0,11.16351,-0.1026568,0.6501354,-0.7528518,0,-0.04678348,0.7528571,0.6565193,0,-0.9936162,-0.1026171,0.04687035,0,8.324524,18.90932,-23.37762,1,-0.1026568,-0.04678341,-0.993616,0,0.6501353,0.7528571,-0.1026172,0,-0.7528515,0.6565192,0.04687033,0,-29.03892,1.501294,11.30752,1,0.8997647,0.9772654,0.09786104,-0.472836,0.8756993,0.0005344916,-0.005144226,-0.02047989,5.14,62
0,-28.46922,0,11.16697,-28.53743,0,11.1502,-28.50398,0,11.15787,-0.1052867,0.6540015,-0.7491307,0,-0.0471223,0.7491904,0.6606764,0,-0.9933249,-0.1048612,0.04806173,0,8.244763,19.05275,-23.28821,1,-0.1052867,-0.04712228,-0.9933248,0,0.6540015,0.7491904,-0.1048612,0,-0.7491307,0.6606764,0.04806174,0,-29.03838,1.500346,11.30689,1,0.906227,0.9953021,0.1002471,-0.4666902,0.8787211,0.0005545272,-0.005169556,-0.02048489,5.16,63
0,-28.47447,0,11.16086,-28.47429,0,11.15779,-28.47438,0,11.15932,-0.1099634,0.6605498,-0.7426858,0,-0.04782268,0.7428355,0.6677637,0,-0.9927846,-0.1089467,0.05009544,0,8.1025,19.29887,-23.1326,1,-0.1099633,-0.04782264,-0.9927844,0,0.6605498,0.7428356,-0.1089468,0,-0.7426857,0.6677637,0.05009547,0,-29.03714,1.49871,11.30542,1,0.9175927,0.9796178,0.09503198,-0.4438502,0.8910477,0.0005655745,-0.005113358,-0.02044533,5.18,64
0,-28.47243,0,11.15506,-28.48833,0,11.15165,-28.48042,0,11.15321,-0.1149195,0.6658053,-0.7372224,0,-0.04904342,0.7374314,0.6736391,0,-0.9921635,-0.1135702,0.05209184,0,7.95193,19.51229,-23.00373,1,-0.1149195,-0.04904343,-0.9921634,0,0.6658053,0.7374314,-0.1135702,0,-0.7372223,0.6736391,0.05209192,0,-29.03642,1.497223,11.30394,1,1,1,0.09783354,-0.4392931,0.8930006,0.0005739285,-0.005089417,-0.02044068,5.2,65
0,-28.46624,0,11.17353,-28.49093,0,11.14956,-28.47868,0,11.16128,-0.1200514,0.6701431,-0.7324588,0,-0.05074477,0.7326881,0.6786702,0,-0.99147,-0.1186437,0.05395401,0,7.796207,19.70315,-22.8927,1,-0.1200514,-0.05074473,-0.9914698,0,0.6701431,0.7326881,-0.1186437,0,-0.7324587,0.67867,0.05395395,0,-29.03594,1.495945,11.30251,1,0.96876,0.9959252,0.09172026,-0.4329623,0.8967335,0.0005761562,-0.0050626,-0.02042776,5.22,66
0,-28.43971,0,11.17527,-28.46488,0,11.13726,-28.45238,0,11.15597,-0.1242684,0.6732501,-0.7288977,0,-0.05197108,0.7291671,0.6823595,0,-0.9908867,-0.1226773,0.05562294,0,7.667604,19.84454,-22.81273,1,-0.1242684,-0.05197105,-0.9908866,0,0.67325,0.7291671,-0.1226773,0,-0.7288975,0.6823594,0.05562288,0,-29.03563,1.494984,11.30111,1,1,1,0.0912145,-0.4144588,0.9054853,0.0005767448,-0.005057564,-0.02042051,5.24,67
0,-28.43977,0,11.17733,-28.45672,0,11.14173,-28.44829,0,11.15934,-0.1261404,0.6743197,-0.7275862,0,-0.0524309,0.7278876,0.683689,0,-0.990626,-0.1243887,0.05646086,0,7.610379,19.89697,-22.78583,1,-0.1261403,-0.05243079,-0.9906257,0,0.6743197,0.7278876,-0.1243887,0,-0.7275861,0.6836889,0.05646081,0,-29.03559,1.494685,11.3005,1,1,1,0.08814281,-0.4110282,0.9073514,0.0005847011,-0.005038979,-0.02038814,5.26,68
0,-28.42639,0,11.18101,-28.46478,0,11.13958,-28.44579,0,11.15983,-0.129634,0.676144,-0.7252755,0,-0.05288947,0.7256911,0.6859848,0,-0.9901505,-0.1272863,0.05831337,0,7.502749,19.98622,-22.74249,1,-0.1296339,-0.05288941,-0.9901502,0,0.6761439,0.7256911,-0.1272864,0,-0.7252753,0.6859847,0.05831333,0,-29.03551,1.493996,11.29901,1,1,1,0.08582365,-0.4069138,0.9094259,0.0006066291,-0.0050364,-0.02038663,5.28,69
0,-28.4079,0,11.17641,-28.43513,0,11.12851,-28.42161,0,11.15213,-0.1331204,0.6774919,-0.7233837,0,-0.05358222,0.7238925,0.687829,0,-0.9896505,-0.1303245,0.06006336,0,7.395332,20.06256,-22.70955,1,-0.1331204,-0.05358218,-0.9896504,0,0.6774918,0.7238925,-0.1303246,0,-0.7233834,0.6878288,0.06006333,0,-29.03547,1.493405,11.29745,1,1,1,0.08639164,-0.3915122,0.9161084,0.0006244434,-0.005037796,-0.02038561,5.3,70
0,-28.40434,0,11.17249,-28.43633,0,11.12672,-28.42048,0,11.14923,-0.1372894,0.677555,-0.7225448,0,-0.05437839,0.7231964,0.6884984,0,-0.9890373,-0.1338143,0.0624429,0,7.266924,20.10498,-22.71308,1,-0.1372894,-0.05437832,-0.9890372,0,0.6775549,0.7231964,-0.1338143,0,-0.7225446,0.6884983,0.06244285,0,-29.03577,1.493231,11.29586,1,1,1,0.08614004,-0.3896351,0.916932,0.0006304169,-0.005043381,-0.02038297,5.32,71
0,-28.45517,0,11.20689,-28.38905,0,11.12248,-28.42262,0,11.16597,-0.1424407,0.6768215,-0.7222351,0,-0.05538413,0.7230821,0.6885383,0,-0.9882528,-0.1380762,0.06551123,0,7.108109,20.13208,-22.73896,1,-0.1424407,-0.05538403,-0.9882525,0,0.6768215,0.7230821,-0.1380762,0,-0.7222349,0.6885382,0.06551111,0,-29.03621,1.493171,11.29402,1,1,1,0.07407568,-0.3922744,0.9168607,0.0006507263,-0.004952232,-0.02033708,5.34,72
0,-28.34741,0,11.17069,-28.39993,0,11.17153,-28.37406,0,11.17072,-0.1506877,0.6754379,-0.7218565,0,-0.05599186,0.7231908,0.6883749,0,-0.9869946,-0.1441477,0.07115698,0,6.852203,20.16065,-22.79218,1,-0.1506877,-0.05599185,-0.9869944,0,0.675438,0.7231909,-0.1441477,0,-0.7218565,0.6883748,0.07115694,0,-29.03741,1.493232,11.29102,1,0.9485482,0.9473722,0.06145743,-0.3681983,0.9277139,0.0006548762,-0.005010147,-0.02035624,5.38,73
0,-28.36026,0,11.16305,-28.39737,0,11.14349,-28.37901,0,11.15292,-0.1563679,0.6735434,-0.7224186,0,-0.05567104,0.7242427,0.6872942,0,-0.9861289,-0.1476884,0.07575142,0,6.674658,20.1443,-22.85949,1,-0.1563678,-0.055671,-0.9861286,0,0.6735433,0.7242427,-0.1476885,0,-0.7224184,0.6872941,0.07575142,0,-29.03847,1.493419,11.28879,1,0.9319144,0.8805532,0.06847527,-0.3699699,0.9265169,0.0006766133,-0.005017899,-0.02036158,5.4,74
0,-28.34434,0,11.16207,-28.39995,0,11.12806,-28.37255,0,11.14446,-0.1624644,0.6707925,-0.7236319,0,-0.05500463,0.7260778,0.6854091,0,-0.9851801,-0.1511576,0.08106518,0,6.483453,20.10105,-22.95304,1,-0.1624644,-0.05500453,-0.98518,0,0.6707923,0.7260778,-0.1511576,0,-0.7236316,0.685409,0.08106507,0,-29.03984,1.493914,11.28648,1,0.9294756,0.8574372,0.06809629,-0.3679947,0.927331,0.0006946949,-0.005016358,-0.02035572,5.42,75
0,-28.35287,0,11.15255,-28.39569,0,11.11741,-28.37453,0,11.13452,-0.1690011,0.6677357,-0.7249606,0,-0.0541822,0.7281343,0.6832897,0,-0.9841255,-0.1547567,0.08687615,0,6.277737,20.05004,-23.05522,1,-0.1690011,-0.05418216,-0.9841254,0,0.6677356,0.7281342,-0.1547567,0,-0.7249605,0.6832896,0.08687609,0,-29.0413,1.494411,11.2839,1,0.9189235,0.9031697,0.06903087,-0.3703151,0.9263377,0.0006987313,-0.005016228,-0.02035625,5.44,76
0,-28.3485,0,11.14463,-28.39772,0,11.13633,-28.37346,0,11.14006,-0.1724842,0.6661599,-0.7255896,0,-0.05362198,0.7291874,0.6822099,0,-0.9835517,-0.1565779,0.09005249,0,6.167883,20.02338,-23.10835,1,-0.1724842,-0.05362197,-0.9835517,0,0.6661599,0.7291875,-0.1565779,0,-0.7255895,0.6822098,0.09005247,0,-29.04209,1.494677,11.28262,1,0.9342588,0.9063836,0.0628086,-0.371658,0.9262426,0.0007317895,-0.005023506,-0.02035737,5.46,77
0,-28.3778,0,11.14523,-28.40644,0,11.12212,-28.39224,0,11.13341,-0.1792198,0.6629456,-0.7269,0,-0.0521968,0.7314147,0.6799325,0,-0.9824235,-0.1597991,0.09648037,0,5.954525,19.96333,-23.21686,1,-0.1792197,-0.05219673,-0.9824233,0,0.6629456,0.7314147,-0.1597992,0,-0.7268999,0.6799324,0.09648036,0,-29.04377,1.495225,11.27996,1,0.9402258,0.9105759,0.06318366,-0.3828013,0.9216675,0.0007315911,-0.00500901,-0.02035211,5.48,78
0,-28.38486,0,11.14383,-28.40206,0,11.1157,-28.39351,0,11.12961,-0.1859701,0.6586836,-0.7290755,0,-0.05056256,0.734621,0.676591,0,-0.9812536,-0.1626896,0.1033127,0,5.739705,19.86775,-23.35347,1,-0.18597,-0.05056258,-0.9812536,0,0.6586836,0.734621,-0.1626896,0,-0.7290754,0.676591,0.1033128,0,-29.04559,1.495701,11.27709,1,0.9553818,0.9327669,0.05942162,-0.3868562,0.9202236,0.000736679,-0.005012115,-0.02035166,5.5,79
0,-28.37946,0,11.13562,-28.41877,0,11.10555,-28.39933,0,11.12019,-0.192735,0.6547592,-0.7308515,0,-0.0491381,0.7374414,0.6736214,0,-0.9800199,-0.165743,0.1099571,0,5.523891,19.78425,-23.4768,1,-0.1927348,-0.04913806,-0.9800196,0,0.654759,0.7374414,-0.165743,0,-0.7308512,0.6736212,0.1099571,0,-29.04732,1.496181,11.27406,1,0.9588246,0.9204555,0.0596287,-0.3920332,0.9180165,0.0007863855,-0.005003563,-0.02035242,5.52,80
0,-28.39855,0,11.14447,-28.41459,0,11.095,-28.4066,0,11.11961,-0.1996158,0.6510476,-0.7323189,0,-0.04790607,0.7399819,0.6709186,0,-0.9787027,-0.1690084,0.116523,0,5.303891,19.70962,-23.59062,1,-0.1996157,-0.04790597,-0.9787023,0,0.6510474,0.7399819,-0.1690084,0,-0.7323186,0.6709185,0.1165229,0,-29.049,1.496713,11.27087,1,0.9556925,0.9278105,0.05489595,-0.3986762,0.9154472,0.0008035433,-0.005009926,-0.02035675,5.54,81
0,-28.30138,0,11.08101,-28.35094,0.01,11.05094,-28.32406,0,11.06468,-0.2028382,0.6487523,-0.7334694,0,-0.04760981,0.7416204,0.6691282,0,-0.9780543,-0.170645,0.119542,0,5.200694,19.65902,-23.65599,1,-0.2028381,-0.04760972,-0.978054,0,0.6487522,0.7416204,-0.1706451,0,-0.7334691,0.6691282,0.1195419,0,-29.04987,1.49696,11.26916,1,0.9805515,0.9078875,0.07279526,-0.354104,0.9323686,0.0007703556,-0.004819595,-0.02027689,5.56,82
0,-28.08113,0.01,11.01001,-28.11095,0,10.93303,-28.09932,0.009999995,10.97238,-0.209504,0.6440139,-0.735768,0,-0.0471181,0.7449434,0.6654617,0,-0.9766721,-0.1740847,0.125724,0,4.987006,19.55525,-23.7881,1,-0.2095039,-0.04711798,-0.9766717,0,0.6440137,0.7449434,-0.1740848,0,-0.7357677,0.6654616,0.1257239,0,-29.05157,1.497492,11.26567,1,0.9424685,0.8753594,0.08645805,-0.2429089,0.9661885,0.0006693266,-0.004443497,-0.0201432,5.58,83
0,-27.39478,0.009999994,10.96663,-27.8424,0,10.83553,-27.63169,0,10.89357,-0.2162815,0.6394235,-0.7378076,0,-0.04747143,0.7479129,0.6620972,0,-0.9751763,-0.1782242,0.1314054,0,4.769888,19.46391,-23.90739,1,-0.2162815,-0.04747148,-0.9751763,0,0.6394234,0.7479129,-0.1782242,0,-0.7378075,0.6620972,0.1314054,0,-29.0531,1.498137,11.26198,1,0.9420208,0.8552359,0.06569922,-0.06810419,0.9955126,-0.01559951,-0.002306786,-0.01043134,5.6,84
0,-27.36908,0,10.94636,-27.55428,0,10.72581,-27.46441,0,10.8324,-0.2224171,0.6343739,-0.7403381,0,-0.04762951,0.7513821,0.6581463,0,-0.9737875,-0.1816449,0.1369053,0,4.572074,19.35058,-24.03837,1,-0.2224171,-0.04762949,-0.9737874,0,0.6343738,0.751382,-0.1816449,0,-0.7403381,0.6581463,0.1369053,0,-29.05511,1.498847,11.25814,1,0.9587557,0.9307032,0.06602356,-0.01673083,0.9976777,-0.01555898,-0.002337692,-0.009938241,5.62,85
0,-27.32927,0,10.79273,-27.52206,0,10.7293,-27.42873,0,10.75916,-0.2284372,0.6279988,-0.7439316,0,-0.04683307,0.7561631,0.6527052,0,-0.9724317,-0.1839426,0.1433246,0,4.376441,19.18381,-24.20851,1,-0.228437,-0.046833,-0.9724315,0,0.6279988,0.7561632,-0.1839427,0,-0.7439314,0.6527051,0.1433246,0,-29.05714,1.499889,11.25418,1,0.9873413,0.9888345,0.07815696,-0.007305324,0.9969143,0.0008143773,-0.00375428,-0.01952258,5.64,86
0,-27.31162,0,10.79409,-27.46829,0,10.70526,-27.39191,0,10.74797,-0.2368468,0.6152865,-0.7518817,0,-0.04499865,0.7661237,0.641116,0,-0.9705044,-0.1856799,0.1537669,0,4.101017,18.81803,-24.54196,1,-0.2368468,-0.04499866,-0.9705044,0,0.6152865,0.7661236,-0.1856799,0,-0.7518817,0.6411159,0.1537669,0,-29.05982,1.501843,11.24793,1,1,1,0.06766478,-0.01200812,0.9976358,0.0008359458,-0.003674195,-0.0197051,5.68,87
0,-27.26976,0,10.76238,-27.43727,0,10.6962,-27.35581,0,10.72769,-0.2428045,0.6046802,-0.7585564,0,-0.04390109,0.7743058,0.631287,0,-0.9690813,-0.1865808,0.1614588,0,3.905641,18.50702,-24.80924,1,-0.2428045,-0.04390109,-0.9690813,0,0.6046801,0.7743058,-0.1865808,0,-0.7585564,0.6312869,0.1614588,0,-29.06173,1.503124,11.24361,1,1,1,0.06418514,-0.01379309,0.9978427,0.0008455962,-0.003653458,-0.01978156,5.7,88
0,-27.22365,0,10.73919,-27.40282,0,10.66642,-27.31581,0,10.70103,-0.2497078,0.5930934,-0.7654321,0,-0.04244593,0.7830092,0.6205602,0,-0.9673905,-0.1874482,0.1703491,0,3.679039,18.16617,-25.09461,1,-0.2497078,-0.04244595,-0.9673905,0,0.5930934,0.7830092,-0.1874482,0,-0.7654321,0.6205602,0.1703491,0,-29.06377,1.5046,11.23913,1,1,1,0.06159367,-0.01545433,0.9979817,0.0008499986,-0.003645409,-0.01981218,5.72,89
0,-27.25403,0,10.74689,-27.42542,0,10.72955,-27.34232,0,10.73713,-0.2568107,0.5811464,-0.7722158,0,-0.0407005,0.7918012,0.6094213,0,-0.9656044,-0.1879355,0.1796901,0,3.444825,17.81031,-25.38163,1,-0.2568107,-0.04070047,-0.9656043,0,0.5811464,0.7918013,-0.1879354,0,-0.7722157,0.6094213,0.17969,0,-29.06582,1.506086,11.23435,1,1,1,0.04143166,-0.03969151,0.9983526,0.0009412086,-0.003713135,-0.02004183,5.74,90
0,-27.09237,0,10.61738,-27.29533,0,10.5004,-27.19683,0,10.55647,-0.2605416,0.575106,-0.7754815,0,-0.03984722,0.7961326,0.6038089,0,-0.9646401,-0.188218,0.1845093,0,3.321754,17.63094,-25.52308,1,-0.2605414,-0.03984715,-0.9646399,0,0.575106,0.7961327,-0.1882181,0,-0.7754811,0.6038088,0.1845092,0,-29.06687,1.506857,11.232,1,1,1,0.08898004,0.002664886,0.9960299,0.0007682797,-0.003741165,-0.01935284,5.76,91
0,-26.66839,0,10.20404,-26.97652,0,10.24939,-26.8297,0,10.22638,-0.2687566,0.5627053,-0.7817498,0,-0.03794366,0.8047954,0.5923383,0,-0.9624606,-0.1888572,0.1949431,0,3.050364,17.26348,-25.80655,1,-0.2687566,-0.03794356,-0.9624603,0,0.5627052,0.8047954,-0.1888572,0,-0.7817496,0.5923382,0.194943,0,-29.06871,1.508379,11.22699,1,1,1,0.1442591,0.08224182,0.9861165,0.0004324652,-0.003424385,-0.01919386,5.78,92
