mat_00,mat_10,mat_20,mat_30,mat_01,mat_11,mat_21,mat_31,mat_02,mat_12,mat_22,mat_32,mat_03,mat_13,mat_23,mat_33,ctw_00,ctw_10,ctw_20,ctw_30,ctw_01,ctw_11,ctw_21,ctw_31,ctw_02,ctw_12,ctw_22,ctw_32,ctw_03,ctw_13,ctw_23,ctw_33,opennessl,opennessr,eye_x,eye_y,eye_z,time,frame,ray_x,ray_y,ray_z,base_x,base_y,base_z
-0.1586289,0.01956186,-0.9871445,0,0.01785805,0.999697,0.01694091,0,-0.9871768,0.01494116,0.1589302,0,5.269813,-1.558027,-7.771977,1,-0.1586289,0.01785805,-0.9871767,0,0.01956186,0.9996969,0.01494115,0,-0.9871445,0.01694091,0.1589302,0,-6.805641,1.595111,6.460717,1,0.0,0.0,-0.0008200072,-0.002922485,-0.02745286,2.46,1,-0.012880183185311738,-0.12233548310178576,0.992405224923451,-0.012880183185311738,-0.12233548310178576,0.992405224923451
-0.1581231,0.01951394,-0.9872267,0,0.0177592,0.9996992,0.01691601,0,-0.9872598,0.01485755,0.1584221,0,5.273865,-1.557803,-7.768851,1,-0.1581231,0.0177592,-0.9872595,0,0.01951395,0.9996992,0.01485754,0,-0.9872265,0.01691601,0.1584221,0,-6.805297,1.595093,6.460576,1,0.0,0.0,-0.0008209841,-0.002924012,-0.02743733,2.48,2,-0.012645365324897172,-0.12168069787844814,0.9924887417495543,-0.012645365324897172,-0.12168069787844814,0.9924887417495543
-0.1581231,0.01951394,-0.9872267,0,0.0177592,0.9996992,0.01691601,0,-0.9872598,0.01485755,0.1584221,0,5.273865,-1.557803,-7.768851,1,-0.1581231,0.0177592,-0.9872595,0,0.01951395,0.9996992,0.01485754,0,-0.9872265,0.01691601,0.1584221,0,-6.805297,1.595093,6.460576,1,1.0,1.0,-0.0008209841,-0.002924012,-0.02743733,2.5,3,-0.012645365324897172,-0.12168069787844814,0.9924887417495543,-0.012645365324897172,-0.12168069787844814,0.9924887417495543
-0.1561196,0.01965704,-0.9875427,0,0.01751891,0.9996998,0.01712948,0,-0.987583,0.01462643,0.1564171,0,5.289841,-1.555297,-7.757514,1,-0.1561196,0.01751891,-0.9875826,0,0.01965704,0.9996998,0.01462642,0,-0.9875425,0.01712948,0.156417,0,-6.804454,1.59504,6.460311,1,1.0,1.0,-0.0008205557,-0.002919579,-0.02741894,2.54,4,-0.008959696367587335,-0.12398857250176953,0.9922431948519345,-0.008959696367587335,-0.12398857250176953,0.9922431948519345
-0.1551266,0.01941359,-0.987704,0,0.01792312,0.9996976,0.01683437,0,-0.9877321,0.01509127,0.1554276,0,5.29681,-1.560002,-7.751627,1,-0.1551265,0.01792311,-0.9877318,0,0.0194136,0.9996977,0.01509127,0,-0.9877037,0.01683437,0.1554276,0,-6.804351,1.595089,6.460186,1,1.0,1.0,-0.0008188626,-0.002903908,-0.02746136,2.56,5,-0.005998120680270644,-0.12535657425687266,0.9920936205010523,-0.005998120680270644,-0.12535657425687266,0.9920936205010523
-0.1541744,0.01865147,-0.9878676,0,0.0178546,0.9997112,0.01608856,0,-0.9878824,0.01515754,0.1544629,0,5.304331,-1.565695,-7.745027,1,-0.1541745,0.0178546,-0.9878823,0,0.01865147,0.9997112,0.01515754,0,-0.9878676,0.01608855,0.1544629,0,-6.804066,1.595142,6.460106,1,1.0,1.0,-0.0008181604,-0.002872101,-0.02748186,2.58,6,-0.004106172530947855,-0.1311709667379593,0.9913512580474064,-0.004106172530947855,-0.1311709667379593,0.9913512580474064
-0.1531469,0.01704401,-0.9880565,0,0.01748571,0.9997414,0.01453532,0,-0.9880488,0.01505083,0.1534053,0,5.312897,-1.576217,-7.736048,1,-0.1531469,0.01748571,-0.9880487,0,0.01704401,0.9997415,0.01505083,0,-0.9880564,0.01453532,0.1534053,0,-6.803133,1.595356,6.459875,1,1.0,1.0,-0.0008218465,-0.002860413,-0.02746765,2.62,7,-0.003985371452811033,-0.1416141969455455,0.9899139033460695,-0.003985371452811033,-0.1416141969455455,0.9899139033460695
-0.152523,0.01633322,-0.9881651,0,0.01793289,0.9997445,0.01375668,0,-0.9881373,0.01562244,0.1527771,0,5.31705,-1.584772,-7.730959,1,-0.1525231,0.01793289,-0.9881371,0,0.01633322,0.9997446,0.01562244,0,-0.9881648,0.01375668,0.1527769,0,-6.802605,1.595369,6.459844,1,1.0,1.0,-0.0008510351,-0.002824799,-0.0275246,2.64,8,-0.0079635377726564,-0.13280148852622295,0.9911106632013214,-0.0079635377726564,-0.13280148852622295,0.9911106632013214
-0.1518283,0.01597565,-0.9882779,0,0.01871339,0.9997366,0.01328597,0,-0.9882299,0.01647684,0.1520872,0,5.321116,-1.592673,-7.726254,1,-0.1518282,0.01871339,-0.9882296,0,0.01597565,0.9997367,0.01647684,0,-0.9882776,0.01328596,0.1520872,0,-6.802344,1.595328,6.459792,1,0.5206476,0.9929,-0.01601143,-0.002400055,-0.01399205,2.66,9,-9.645444828144329e-05,-0.12042039766431727,0.9927229817642519,-9.645444828144329e-05,-0.12042039766431727,0.9927229817642519
-0.1514026,0.01586314,-0.988345,0,0.01905669,0.9997323,0.01312666,0,-0.9882886,0.01684717,0.1516644,0,5.323793,-1.595922,-7.723496,1,-0.1514026,0.01905669,-0.9882884,0,0.01586314,0.9997323,0.01684717,0,-0.9883447,0.01312666,0.1516643,0,-6.802125,1.595425,6.459709,1,0.3055321,0.8218081,-0.0008553313,-0.002694344,-0.0276031,2.68,10,0.019595533894163367,-0.15287127110748977,0.9880518152006923,0.019595533894163367,-0.15287127110748977,0.9880518152006923
-0.1509061,0.01527316,-0.9884303,0,0.01925753,0.9997363,0.01250777,0,-0.9883607,0.01714722,0.1511605,0,5.327317,-1.601848,-7.719699,1,-0.1509061,0.01925753,-0.9883604,0,0.01527316,0.9997364,0.01714722,0,-0.9884299,0.01250776,0.1511604,0,-6.801992,1.595391,6.459689,1,0.3129992,0.8393176,-0.0008610459,-0.002714684,-0.02753102,2.7,11,0.023982716893684506,-0.14253963863516755,0.9894984995987378,0.023982716893684506,-0.14253963863516755,0.9894984995987378
-0.150045,0.01389942,-0.9885815,0,0.019345,0.999751,0.01112031,0,-0.9884899,0.01745556,0.1502765,0,5.333827,-1.613292,-7.712422,1,-0.150045,0.019345,-0.9884898,0,0.01389942,0.999751,0.01745556,0,-0.9885814,0.01112031,0.1502765,0,-6.80162,1.595472,6.459591,1,0.2876003,0.8220738,-0.0008604741,-0.002719421,-0.02750292,2.72,12,0.009135029433314162,-0.15744587120185163,0.9874853664124559,0.009135029433314162,-0.15744587120185163,0.9874853664124559
-0.1494838,0.01278451,-0.9886815,0,0.0192954,0.9997637,0.01001044,0,-0.9885759,0.01758061,0.1496952,0,5.338229,-1.621693,-7.70712,1,-0.1494838,0.0192954,-0.988576,0,0.01278451,0.9997637,0.01758061,0,-0.9886815,0.01001044,0.1496952,0,-6.801176,1.595458,6.459474,1,0.3787334,0.8304985,-0.0008621057,-0.002713867,-0.02749175,2.74,13,0.017912213639215684,-0.14441695576798927,0.9893547874697175,0.017912213639215684,-0.14441695576798927,0.9893547874697175
-0.1491891,0.01249021,-0.9887298,0,0.01933462,0.9997659,0.009712229,0,-0.9886197,0.01766776,0.1493957,0,5.340357,-1.624238,-7.704631,1,-0.1491891,0.01933462,-0.9886196,0,0.01249021,0.9997659,0.01766776,0,-0.9887298,0.009712229,0.1493957,0,-6.800788,1.595433,6.459316,1,0.3154812,0.8586978,-0.0008598799,-0.002716316,-0.0274906,2.76,14,0.015848580263475246,-0.1547863091083405,0.9878208445949345,0.015848580263475246,-0.1547863091083405,0.9878208445949345
-0.1490411,0.0124901,-0.9887522,0,0.0194183,0.9997644,0.009702167,0,-0.9886404,0.01775387,0.1492485,0,5.341312,-1.624833,-7.703295,1,-0.149041,0.0194183,-0.9886403,0,0.0124901,0.9997644,0.01775387,0,-0.988752,0.009702164,0.1492485,0,-6.800279,1.595469,6.459189,1,0.357806,0.8769829,-0.0008636322,-0.002717072,-0.02749056,2.78,15,0.008553596727384281,-0.15334525542020216,0.9881356529460609,0.008553596727384281,-0.15334525542020216,0.9881356529460609
-0.148958,0.01269087,-0.9887622,0,0.0191704,0.9997668,0.00994408,0,-0.9886578,0.01747371,0.1491666,0,5.342364,-1.621565,-7.702967,1,-0.148958,0.01917039,-0.9886575,0,0.01269087,0.9997668,0.01747371,0,-0.988762,0.009944079,0.1491665,0,-6.800034,1.595371,6.459128,1,0.357806,0.8769829,-0.0008673482,-0.002727402,-0.02748354,2.8,16,0.005194366027184536,-0.15377364611709513,0.9880924472545217,0.005194366027184536,-0.15377364611709513,0.9880924472545217
-0.1492845,0.01378804,-0.9886982,0,0.01861463,0.9997647,0.01113173,0,-0.9886191,0.01674246,0.1495061,0,5.340816,-1.609122,-7.706217,1,-0.1492845,0.01861463,-0.9886189,0,0.01378804,0.9997649,0.01674246,0,-0.9886981,0.01113173,0.149506,0,-6.799634,1.59511,6.459098,1,0.3406477,0.8682988,-0.000872842,-0.002728569,-0.02748441,2.82,17,0.004232530745279095,-0.15031627070415512,0.9886289012794869,0.004232530745279095,-0.15031627070415512,0.9886289012794869
-0.1494724,0.01640221,-0.9886299,0,0.01818272,0.9997389,0.01383745,0,-0.9885988,0.01590766,0.1497315,0,5.340103,-1.585627,-7.710977,1,-0.1494723,0.01818271,-0.9885986,0,0.01640221,0.9997389,0.01590766,0,-0.9886298,0.01383745,0.1497315,0,-6.799096,1.594816,6.459019,1,0.404402,0.8917028,-0.0008281553,-0.003256996,-0.02767128,2.84,18,0.01884435463536428,-0.1857838463249366,0.9824099209307126,0.01884435463536428,-0.1857838463249366,0.9824099209307126
-0.1497391,0.01956505,-0.9885321,0,0.01889694,0.9996782,0.01692322,0,-0.9885451,0.01614617,0.1500607,0,5.336755,-1.565385,-7.716597,1,-0.1497391,0.01889695,-0.9885449,0,0.01956505,0.9996783,0.01614617,0,-0.9885318,0.01692322,0.1500607,0,-6.798354,1.594622,6.458854,1,1.0,1.0,-0.0008665016,-0.003524208,-0.02765258,2.86,19,-0.028508026613242452,-0.23760913582905446,0.9709424241370795,-0.028508026613242452,-0.23760913582905446,0.9709424241370795
-0.1501462,0.02121739,-0.9884362,0,0.01949404,0.9996389,0.01849667,0,-0.9884717,0.01649141,0.1505057,0,5.332508,-1.556055,-7.720551,1,-0.1501462,0.01949404,-0.9884715,0,0.02121739,0.9996389,0.01649141,0,-0.988436,0.01849667,0.1505056,0,-6.797599,1.594345,6.45868,1,1.0,1.0,-0.0007893071,-0.003413521,-0.02761959,2.88,20,-0.011267629507132775,-0.25006611152424746,0.9681631992553904,-0.011267629507132775,-0.25006611152424746,0.9681631992553904
-0.1505215,0.02230135,-0.9883552,0,0.01914774,0.9996238,0.01963951,0,-0.9884214,0.0159686,0.1508919,0,5.329996,-1.545077,-7.723857,1,-0.1505215,0.01914774,-0.9884212,0,0.02230134,0.9996238,0.01596859,0,-0.988355,0.01963951,0.1508919,0,-6.797177,1.594131,6.45842,1,0.7699672,0.9970896,-0.0007826081,-0.003364357,-0.02761352,2.92,21,-0.013453119324369484,-0.22131907123297867,0.9751086515301852,-0.013453119324369484,-0.22131907123297867,0.9751086515301852
-0.1505069,0.02283547,-0.9883453,0,0.01839038,0.9996248,0.02029557,0,-0.988438,0.01512142,0.1508703,0,5.331314,-1.53588,-7.724227,1,-0.1505068,0.01839038,-0.9884378,0,0.02283547,0.9996248,0.01512142,0,-0.9883451,0.02029557,0.1508703,0,-6.796731,1.594026,6.458254,1,1.0,1.0,-0.000777252,-0.003347244,-0.02760749,2.94,22,-0.014855769070651692,-0.2250347196689978,0.974237486996274,-0.014855769070651692,-0.2250347196689978,0.974237486996274
-0.150368,0.02349594,-0.988351,0,0.01789042,0.9996185,0.02104196,0,-0.9884683,0.01451797,0.150731,0,5.333152,-1.527334,-7.723955,1,-0.1503679,0.01789041,-0.9884681,0,0.02349594,0.9996185,0.01451797,0,-0.9883507,0.02104195,0.1507309,0,-6.796154,1.593866,6.458064,1,1.0,1.0,-0.0007717591,-0.00333017,-0.02760671,2.96,23,-0.015255161000604828,-0.22742155601918576,0.9736769053031185,-0.015255161000604828,-0.22742155601918576,0.9736769053031185
-0.1500394,0.02443355,-0.9883781,0,0.0181619,0.999594,0.02195377,0,-0.9885133,0.0146569,0.1504223,0,5.335282,-1.52165,-7.723156,1,-0.1500394,0.01816191,-0.988513,0,0.02443354,0.999594,0.01465689,0,-0.988378,0.02195377,0.1504222,0,-6.795715,1.593686,6.458033,1,1.0,1.0,-0.0007730015,-0.00332444,-0.02760788,2.98,24,-0.01751085727516023,-0.22537979324884824,0.9741136066561207,-0.01751085727516023,-0.22537979324884824,0.9741136066561207
-0.1499074,0.02527598,-0.988377,0,0.01816025,0.9995749,0.02280799,0,-0.9885334,0.01453009,0.1503026,0,5.336416,-1.515019,-7.723444,1,-0.1499073,0.01816025,-0.988533,0,0.02527598,0.9995749,0.01453009,0,-0.9883767,0.02280798,0.1503026,0,-6.795412,1.593621,6.45809,1,1.0,1.0,-0.0007733759,-0.00332251,-0.0276075,3.0,25,-0.016447639725842216,-0.2260384412515011,0.9739795163267246,-0.016447639725842216,-0.2260384412515011,0.9739795163267246
-0.1495211,0.02761348,-0.9883729,0,0.01845009,0.9995138,0.02513361,0,-0.9885864,0.01447756,0.1499579,0,5.339006,-1.49846,-7.72422,1,-0.1495211,0.01845009,-0.9885865,0,0.02761349,0.9995139,0.01447756,0,-0.9883729,0.02513361,0.1499579,0,-6.794737,1.593364,6.458072,1,1.0,1.0,-0.0007739328,-0.003320412,-0.02760725,3.02,26,-0.01648212200061151,-0.22601321211341083,0.9739847881792277,-0.01648212200061151,-0.22601321211341083,0.9739847881792277
-0.1488224,0.02995159,-0.9884103,0,0.01923147,0.9994398,0.02739018,0,-0.988677,0.01493231,0.1493151,0,5.343204,-1.485085,-7.723453,1,-0.1488224,0.01923147,-0.9886769,0,0.02995159,0.9994397,0.01493231,0,-0.9884101,0.02739018,0.1493151,0,-6.794269,1.593042,6.458106,1,1.0,1.0,-0.0007784795,-0.003310402,-0.0276087,3.04,27,-0.018244421348496565,-0.21410951842117992,0.9766392656508897,-0.018244421348496565,-0.21410951842117992,0.9766392656508897
-0.1480327,0.03214442,-0.98846,0,0.02010457,0.9993629,0.0294881,0,-0.9887782,0.01550736,0.1485846,0,5.347923,-1.473608,-7.722003,1,-0.1480327,0.02010457,-0.9887781,0,0.03214442,0.9993629,0.01550736,0,-0.9884599,0.0294881,0.1485846,0,-6.793854,1.592859,6.458132,1,1.0,1.0,-0.0007818975,-0.003308098,-0.02760751,3.06,28,-0.019189129783446855,-0.20976242839997408,0.9775640648724254,-0.019189129783446855,-0.20976242839997408,0.9775640648724254
-0.1474277,0.03421657,-0.9884808,0,0.02067651,0.9992896,0.03150691,0,-0.9888567,0.01579334,0.1480305,0,5.351743,-1.46107,-7.721233,1,-0.1474278,0.02067651,-0.9888567,0,0.03421657,0.9992896,0.01579335,0,-0.9884808,0.03150691,0.1480304,0,-6.793303,1.592649,6.45816,1,1.0,1.0,-0.0007823939,-0.003304772,-0.02760605,3.08,29,-0.018474180892421123,-0.211635022328165,0.9771741512977669,-0.018474180892421123,-0.211635022328165,0.9771741512977669
-0.1474354,0.03540082,-0.988438,0,0.02081774,0.9992489,0.03268284,0,-0.9888526,0.01575844,0.1480616,0,5.351519,-1.452546,-7.72274,1,-0.1474354,0.02081774,-0.9888525,0,0.03540082,0.9992489,0.01575843,0,-0.988438,0.03268284,0.1480616,0,-6.793025,1.59245,6.458194,1,1.0,1.0,-0.0007823939,-0.003297783,-0.02760491,3.1,30,-0.019506098570136743,-0.20987655087034995,0.9775332963706851,-0.019506098570136743,-0.20987655087034995,0.9775332963706851
-0.1469227,0.03888231,-0.9883836,0,0.02170376,0.9991133,0.03607816,0,-0.9889099,0.01615093,0.1476363,0,5.354137,-1.430753,-7.724413,1,-0.1469227,0.02170376,-0.9889099,0,0.0388823,0.9991133,0.01615094,0,-0.9883834,0.03607816,0.1476363,0,-6.792407,1.591962,6.458271,1,0.7015538,0.993356,-0.0007825308,-0.003259491,-0.02760987,3.12,31,-0.02304364753953657,-0.18983792495716253,0.9815449824414734,-0.02304364753953657,-0.18983792495716253,0.9815449824414734
-0.1467468,0.04379449,-0.9882042,0,0.02305436,0.9988995,0.04084495,0,-0.9889055,0.01678856,0.1475949,0,5.353463,-1.400703,-7.729769,1,-0.1467468,0.02305436,-0.9889053,0,0.04379449,0.9988995,0.01678855,0,-0.988204,0.04084494,0.1475949,0,-6.791642,1.591462,6.458458,1,1.0,1.0,-0.000776642,-0.003234436,-0.02760418,3.14,32,-0.0169410492516203,-0.20059472691159755,0.9795278231809017,-0.0169410492516203,-0.20059472691159755,0.9795278231809017
-0.1464695,0.04920006,-0.987991,0,0.02421143,0.9986415,0.0461411,0,-0.9889189,0.01716241,0.1474618,0,5.353976,-1.365447,-7.735095,1,-0.1464695,0.02421143,-0.9889187,0,0.04920006,0.9986415,0.0171624,0,-0.9879907,0.0461411,0.1474617,0,-6.790829,1.59087,6.458712,1,1.0,1.0,-0.0007719798,-0.003232834,-0.02760416,3.16,33,-0.013529201130576887,-0.19147521073711693,0.9814042003119536,-0.013529201130576887,-0.19147521073711693,0.9814042003119536
-0.1464326,0.05587921,-0.9876412,0,0.02607702,0.9982744,0.05261451,0,-0.9888769,0.01805026,0.1476371,0,5.351329,-1.324515,-7.743307,1,-0.1464326,0.02607702,-0.9888768,0,0.0558792,0.9982743,0.01805025,0,-0.987641,0.05261451,0.1476371,0,-6.789985,1.590093,6.458912,1,1.0,1.0,-0.0007656021,-0.003228745,-0.02760598,3.18,34,-0.004765865762353049,-0.18360256557966173,0.9829890052468039,-0.004765865762353049,-0.18360256557966173,0.9829890052468039
-0.1465966,0.05956345,-0.9874015,0,0.02719326,0.9980509,0.05616856,0,-0.9888226,0.01861655,0.1479305,0,5.348284,-1.302387,-7.748852,1,-0.1465965,0.02719326,-0.9888226,0,0.05956344,0.9980509,0.01861654,0,-0.9874014,0.05616856,0.1479305,0,-6.789613,1.589653,6.459042,1,1.0,1.0,-0.0007612538,-0.00322287,-0.02760854,3.2,35,-0.0018195453563828907,-0.168652298188693,0.9856739276101242,-0.0018195453563828907,-0.168652298188693,0.9856739276101242
-0.147941,0.06866939,-0.9866094,0,0.03046595,0.9974295,0.06485415,0,-0.9885269,0.02046341,0.1496528,0,5.332451,-1.250534,-7.7674,1,-0.147941,0.03046596,-0.9885268,0,0.06866938,0.9974296,0.02046341,0,-0.9866093,0.06485416,0.1496528,0,-6.788627,1.58861,6.459274,1,1.0,1.0,-0.0007529063,-0.003211349,-0.02761035,3.22,36,-0.0008551425227807061,-0.15845685917613195,0.9873655313567014,-0.0008551425227807061,-0.15845685917613195,0.9873655313567014
-0.1502073,0.08067044,-0.9853579,0,0.03548982,0.9964631,0.07616957,0,-0.9880175,0.02352896,0.152539,0,5.306287,-1.18606,-7.794417,1,-0.1502073,0.03548983,-0.9880172,0,0.08067043,0.9964631,0.02352894,0,-0.9853578,0.07616956,0.152539,0,-6.787567,1.587243,6.459562,1,0.6428252,0.9957985,-0.0007448355,-0.003191742,-0.02761568,3.24,37,0.0036941272255996685,-0.1592394976576081,0.9872330706625431,0.0036941272255996685,-0.1592394976576081,0.9872330706625431
-0.1512054,0.08813144,-0.9845659,0,0.03863117,0.9957836,0.08320278,0,-0.9877473,0.02545422,0.1539725,0,5.293075,-1.145991,-7.808941,1,-0.1512054,0.03863117,-0.9877471,0,0.08813146,0.9957836,0.02545421,0,-0.9845657,0.08320277,0.1539725,0,-6.787077,1.586407,6.459752,1,0.6428252,0.9957985,-0.0007356331,-0.003162285,-0.02765111,3.26,38,0.00586871610564845,-0.1549628546345795,0.9879028655970047,0.00586871610564845,-0.1549628546345795,0.9879028655970047
-0.1530361,0.1075783,-0.9823477,0,0.04573872,0.9937628,0.1017029,0,-0.9871616,0.0293671,0.1570021,0,5.266157,-1.034154,-7.841632,1,-0.1530361,0.04573873,-0.9871616,0,0.1075783,0.9937628,0.0293671,0,-0.9823475,0.1017029,0.1570021,0,-6.786044,1.584353,6.460071,1,1.0,1.0,-0.0007221904,-0.003095673,-0.02787944,3.28,39,0.005627079842042106,-0.15304372995511686,0.9882033964189135,0.005627079842042106,-0.15304372995511686,0.9882033964189135
-0.1551496,0.1302345,-0.9792689,0,0.05272613,0.990951,0.1234345,0,-0.986483,0.03248224,0.1606123,0,5.236831,-0.8939425,-7.877237,1,-0.1551495,0.05272612,-0.9864829,0,0.1302345,0.990951,0.03248224,0,-0.9792689,0.1234345,0.1606124,0,-6.785019,1.582059,6.460263,1,0.5988563,0.9862463,-0.0006401977,-0.003038887,-0.02789594,3.3,40,-0.00752753554458993,-0.14115497245268602,0.9899588930660234,-0.00752753554458993,-0.14115497245268602,0.9899588930660234
-0.1578915,0.1518839,-0.9757058,0,0.05890303,0.9877891,0.144233,0,-0.9856982,0.03469887,0.16491,0,5.203815,-0.7540083,-7.912308,1,-0.1578915,0.05890304,-0.985698,0,0.1518839,0.987789,0.03469886,0,-0.9757056,0.144233,0.1649099,0,-6.783923,1.579496,6.460371,1,0.4173507,0.9232056,-0.000574722,-0.002950264,-0.02788363,3.32,41,0.0019685958178360654,-0.1348574834162196,0.9908630499706557,0.0019685958178360654,-0.1348574834162196,0.9908630499706557
-0.1605808,0.1719873,-0.9719231,0,0.06321041,0.9844723,0.1637643,0,-0.9849967,0.03513826,0.1689588,0,5.174892,-0.6128881,-7.942335,1,-0.1605808,0.06321041,-0.9849964,0,0.1719872,0.9844723,0.03513825,0,-0.9719228,0.1637643,0.1689586,0,-6.782939,1.576935,6.460712,1,0.3785297,0.8959264,-0.0005071936,-0.002785248,-0.02782647,3.34,42,-0.0034721532860990567,-0.1366414173892543,0.9906144897009198,-0.0034721532860990567,-0.1366414173892543,0.9906144897009198
-0.1616913,0.1807722,-0.970143,0,0.06504594,0.9828933,0.172307,0,-0.9846953,0.03524332,0.1706839,0,5.162793,-0.5504317,-7.954247,1,-0.1616914,0.06504595,-0.9846954,0,0.1807722,0.9828934,0.03524332,0,-0.970143,0.172307,0.1706838,0,-6.782475,1.575769,6.460839,1,0.3018397,0.8856658,-0.0004541632,-0.002695213,-0.02755595,3.36,43,-0.03661714424997571,-0.16270214211073755,0.9859955363486966,-0.03661714424997571,-0.16270214211073755,0.9859955363486966
-0.1632961,0.1956057,-0.9669917,0,0.06765052,0.9800611,0.1868252,0,-0.984255,0.03490966,0.173273,0,5.1455,-0.4415345,-7.971334,1,-0.1632961,0.06765051,-0.984255,0,0.1956057,0.980061,0.03490965,0,-0.9669917,0.1868252,0.173273,0,-6.781606,1.573881,6.461114,1,0.3018397,0.8856658,-0.0004181517,-0.00242926,-0.02796477,3.38,44,-0.014229727983710735,-0.13951763211075738,0.9901173390925527,-0.014229727983710735,-0.13951763211075738,0.9901173390925527
-0.1639218,0.209883,-0.9638875,0,0.06937502,0.9771377,0.2009701,0,-0.984031,0.03392633,0.1747348,0,5.13771,-0.3322757,-7.980983,1,-0.1639218,0.06937502,-0.9840307,0,0.209883,0.9771377,0.03392631,0,-0.9638872,0.2009701,0.1747348,0,-6.780846,1.572189,6.461493,1,0.008156036,0.8038533,-0.0003893198,-0.002274994,-0.02795214,3.4,45,-0.01090127172505307,-0.19024612941115698,0.9816758999378817,-0.01090127172505307,-0.19024612941115698,0.9816758999378817
-0.1637448,0.2245125,-0.9606154,0,0.07076253,0.9739231,0.2155607,0,-0.9839616,0.03267865,0.1753619,0,5.136898,-0.2183175,-7.984724,1,-0.1637447,0.07076253,-0.9839616,0,0.2245124,0.973923,0.03267863,0,-0.9606152,0.2155606,0.1753619,0,-6.780092,1.570317,6.461862,1,0.03657348,0.8277843,-0.0004027328,-0.002376778,-0.02815647,3.42,46,-0.06353105752735953,-0.1279812302407669,0.9897396675063171,-0.06353105752735953,-0.1279812302407669,0.9897396675063171
-0.1633096,0.2364475,-0.9578219,0,0.07199571,0.9711233,0.2274557,0,-0.9839445,0.03181336,0.1756169,0,5.138397,-0.1259636,-7.98539,1,-0.1633095,0.07199568,-0.9839444,0,0.2364474,0.9711233,0.03181336,0,-0.9578217,0.2274557,0.1756169,0,-6.779647,1.568706,6.462274,1,0.0,0.8179666,-0.0004572375,-0.002897949,-0.02790415,3.44,47,0.023016885908247985,-0.15993589314320633,0.9868590238973203,0.023016885908247985,-0.15993589314320633,0.9868590238973203
-0.162871,0.2419485,-0.9565219,0,0.07240277,0.9697838,0.2329747,0,-0.9839873,0.03131002,0.1754674,0,5.141213,-0.08284223,-7.983926,1,-0.162871,0.07240277,-0.9839872,0,0.2419484,0.9697838,0.03131,0,-0.9565218,0.2329747,0.1754674,0,-6.7794,1.568154,6.4624,1,0.007718643,0.8251134,-0.0004520649,-0.003220513,-0.02788944,3.46,48,-0.030471129079597443,-0.2259805892712111,0.9736551153079055,-0.030471129079597443,-0.2259805892712111,0.9736551153079055
-0.1617203,0.250767,-0.9544437,0,0.07265231,0.9675756,0.2419071,0,-0.9841588,0.03022127,0.1746954,0,5.150314,-0.01171386,-7.978187,1,-0.1617202,0.07265231,-0.9841585,0,0.2507669,0.9675756,0.03022125,0,-0.9544434,0.241907,0.1746953,0,-6.77888,1.567132,6.462831,1,0.3813874,0.8016443,-0.0004662089,-0.00330249,-0.02791785,3.48,49,-0.011515338286010557,-0.23397970622414876,0.9721732839671228,-0.011515338286010557,-0.23397970622414876,0.9721732839671228
-0.1601536,0.259935,-0.9522523,0,0.07290095,0.9651849,0.2512044,0,-0.9843964,0.02918881,0.1735274,0,5.162672,0.061643,-7.969664,1,-0.1601536,0.07290096,-0.9843965,0,0.259935,0.9651849,0.0291888,0,-0.9522524,0.2512044,0.1735274,0,-6.778334,1.566154,6.463272,1,0.5446343,0.7747616,-0.0005334169,-0.003386536,-0.02793556,3.5,50,-0.013543351039076668,-0.23723226511919648,0.9713585486467126,-0.013543351039076668,-0.23723226511919648,0.9713585486467126
-0.1578642,0.270665,-0.9496417,0,0.07368593,0.9622483,0.2620088,0,-0.9847077,0.02861343,0.1718488,0,5.179635,0.143728,-7.957203,1,-0.1578642,0.07368595,-0.9847076,0,0.2706649,0.9622482,0.02861341,0,-0.9496416,0.2620088,0.1718487,0,-6.777715,1.564889,6.463748,1,0.5602325,0.7941377,-0.0005440293,-0.00337944,-0.02793406,3.52,51,-0.030261135606012245,-0.24484053406417378,0.9690910052987824,-0.030261135606012245,-0.24484053406417378,0.9690910052987824
-0.1555468,0.2832468,-0.9463491,0,0.07517587,0.9586254,0.2745649,0,-0.984964,0.02843495,0.1704044,0,5.195352,0.2371392,-7.9444,1,-0.1555467,0.07517588,-0.9849636,0,0.2832468,0.9586254,0.02843492,0,-0.9463489,0.2745649,0.1704044,0,-6.777224,1.563361,6.46425,1,0.5343848,0.7971619,-0.0005666958,-0.003382103,-0.02793694,3.54,52,-0.02491478262151532,-0.2453990625359373,0.9691019315394052,-0.02491478262151532,-0.2453990625359373,0.9691019315394052
-0.1534026,0.2906859,-0.9444414,0,0.07655638,0.9563773,0.2819248,0,-0.9851938,0.02905506,0.1689646,0,5.209532,0.2878468,-7.933273,1,-0.1534026,0.07655641,-0.9851937,0,0.2906858,0.9563772,0.02905502,0,-0.9444412,0.2819248,0.1689646,0,-6.777028,1.562473,6.464477,1,0.5343848,0.7971619,-0.0005911095,-0.003382775,-0.02793994,3.56,53,-0.02694607701799451,-0.22951675859844678,0.9729316350370167,-0.02694607701799451,-0.22951675859844678,0.9729316350370167
-0.1488475,0.3073144,-0.9398949,0,0.08060354,0.9510908,0.2982103,0,-0.9855697,0.03137103,0.1663381,0,5.237338,0.3954899,-7.909605,1,-0.1488475,0.08060355,-0.9855697,0,0.3073144,0.9510908,0.03137101,0,-0.9398947,0.2982102,0.1663381,0,-6.776171,1.56043,6.465023,1,0.5778079,0.8175078,-0.0005951682,-0.003377381,-0.02793803,3.58,54,-0.019676861513890604,-0.2344063876857284,0.9719395385172327,-0.019676861513890604,-0.2344063876857284,0.9719395385172327
-0.1413563,0.3264399,-0.9345884,0,0.08579724,0.9445555,0.3169445,0,-0.9862339,0.03538299,0.1615266,0,5.285427,0.5112301,-7.870167,1,-0.1413563,0.08579724,-0.9862338,0,0.3264399,0.9445555,0.03538298,0,-0.9345884,0.3169445,0.1615265,0,-6.775124,1.558046,6.465818,1,0.5565267,0.808716,-0.0005936055,-0.003377037,-0.02793757,3.6,55,-0.019151969570712024,-0.23464174351112418,0.9718932319260292,-0.019151969570712024,-0.23464174351112418,0.9718932319260292
-0.1317123,0.3466943,-0.9286847,0,0.09010912,0.9371551,0.3370766,0,-0.9871841,0.03928587,0.1546752,0,5.351673,0.6367102,-7.8153,1,-0.1317123,0.09010918,-0.9871839,0,0.3466942,0.9371551,0.03928581,0,-0.9286844,0.3370766,0.1546752,0,-6.77381,1.555423,6.466904,1,0.563982,0.8105392,-0.0005497364,-0.003347565,-0.02792809,3.62,56,-0.01853607297449082,-0.2245062789865955,0.9742963331011142,-0.01853607297449082,-0.2245062789865955,0.9742963331011142
-0.1190044,0.3697257,-0.9214884,0,0.0924293,0.9281787,0.3604734,0,-0.9885823,0.04227464,0.1446308,0,5.444971,0.7896659,-7.735857,1,-0.1190043,0.0924293,-0.9885821,0,0.3697257,0.9281787,0.04227461,0,-0.9214885,0.3604733,0.1446308,0,-6.772488,1.552344,6.468262,1,0.4904311,0.7891153,-0.0005403068,-0.003175469,-0.02791405,3.64,57,-0.008213565257858312,-0.17144289382339498,0.985159820284615,-0.008213565257858312,-0.17144289382339498,0.985159820284615
-0.09496176,0.4069325,-0.9085088,0,0.09171344,0.9123279,0.3990569,0,-0.9912472,0.04542732,0.1239574,0,5.629305,1.049776,-7.570492,1,-0.0949617,0.09171341,-0.9912471,0,0.4069325,0.9123279,0.04542732,0,-0.9085087,0.3990569,0.1239575,0,-6.770477,1.547034,6.470762,1,0.3765337,0.7728906,-0.0002291715,-0.003505203,-0.02797752,3.68,58,-0.019016792497791507,-0.20872410383078113,0.9777896553365317,-0.019016792497791507,-0.20872410383078113,0.9777896553365317
-0.07719791,0.4300635,-0.8994921,0,0.09086214,0.9014647,0.4232086,0,-0.992867,0.049059,0.1086677,0,5.763644,1.202581,-7.445356,1,-0.07719791,0.09086218,-0.9928666,0,0.4300635,0.9014646,0.04905895,0,-0.8994918,0.4232085,0.1086676,0,-6.769282,1.543157,6.472602,1,0.6785403,0.7862678,7.201359e-05,-0.003828659,-0.02811015,3.7,59,-0.10734846634545972,-0.28891610092240005,0.951316873287274,-0.10734846634545972,-0.28891610092240005,0.951316873287274
-0.0585804,0.4546059,-0.8887643,0,0.08914763,0.8891184,0.4489111,0,-0.9942943,0.05293387,0.09261191,0,5.903929,1.365311,-7.305964,1,-0.05858034,0.08914765,-0.9942942,0,0.4546058,0.8891184,0.05293383,0,-0.8887641,0.4489111,0.09261193,0,-6.768103,1.539484,6.474591,1,0.8503292,0.7222752,0.0001795581,-0.004083817,-0.02822978,3.72,60,-0.1419653420296207,-0.33588360601883205,0.9311434072527167,-0.1419653420296207,-0.33588360601883205,0.9311434072527167
-0.04043138,0.4781789,-0.8773315,0,0.08521457,0.8765005,0.4737989,0,-0.995542,0.05560513,0.07618594,0,6.043313,1.529824,-7.157731,1,-0.04043135,0.08521462,-0.9955419,0,0.4781788,0.8765005,0.05560507,0,-0.8773312,0.4737988,0.07618591,0,-6.766891,1.535454,6.476623,1,0.8762438,0.67471,9.805989e-05,-0.003996124,-0.02818737,3.74,61,-0.1338693078465663,-0.34150376049301734,0.9302979038919788,-0.1338693078465663,-0.34150376049301734,0.9302979038919788
-0.03200996,0.4898143,-0.8712389,0,0.08268198,0.8699956,0.4860775,0,-0.9960618,0.05647646,0.06834733,0,6.108786,1.614357,-7.08303,1,-0.03200995,0.08268199,-0.9960617,0,0.4898143,0.8699956,0.05647644,0,-0.871239,0.4860775,0.06834734,0,-6.766205,1.533331,6.477662,1,0.9118885,0.6264016,-0.01539195,-0.003044579,-0.01422133,3.76,62,-0.04536218214217486,-0.19241534422622983,0.9802645600742699,-0.04536218214217486,-0.19241534422622983,0.9802645600742699
-0.01577103,0.5135087,-0.8579395,0,0.07794817,0.8560662,0.5109547,0,-0.9968328,0.05881657,0.05352819,0,6.233408,1.783594,-6.931942,1,-0.01577107,0.07794824,-0.9968325,0,0.5135087,0.8560663,0.05881653,0,-0.8579393,0.5109546,0.0535281,0,-6.764769,1.52915,6.479813,1,0.8585088,0.6567472,-0.0154238,-0.003015427,-0.01420663,3.78,63,-0.03414499286721354,-0.18092427586864923,0.9829041285209371,-0.03414499286721354,-0.18092427586864923,0.9829041285209371
3.004074e-05,0.5362189,-0.844079,0,0.07357268,0.8417902,0.5347676,0,-0.9972898,0.06211723,0.03942573,0,6.352394,1.9401,-6.780025,1,3.009082e-05,0.07357267,-0.9972899,0,0.5362188,0.8417901,0.06211721,0,-0.844079,0.5347675,0.03942577,0,-6.763386,1.525217,6.481972,1,0.7906603,0.6967584,-0.000226967,-0.003615898,-0.02802101,3.8,64,-0.07309750496811815,-0.25647948309523627,0.9637816295814298,-0.07309750496811815,-0.25647948309523627,0.9637816295814298
0.01510882,0.556464,-0.8307345,0,0.06857242,0.8282965,0.5560781,0,-0.9975318,0.06536718,0.02564347,0,6.465972,2.078871,-6.629532,1,0.01510885,0.06857242,-0.9975317,0,0.5564639,0.8282965,0.06536715,0,-0.8307343,0.556078,0.02564349,0,-6.761889,1.521228,6.484126,1,0.74788,0.6775058,-0.0003998717,-0.003505959,-0.02798683,3.82,65,-0.07319242976914288,-0.2282394413766718,0.9708499501079216,-0.07319242976914288,-0.2282394413766718,0.9708499501079216
0.0277983,0.5750505,-0.8176457,0,0.06251785,0.8153602,0.5755687,0,-0.9976568,0.06711736,0.0132854,0,6.5641,2.215173,-6.487036,1,0.02779826,0.06251798,-0.9976565,0,0.5750503,0.8153602,0.06711726,0,-0.8176454,0.5755686,0.01328529,0,-6.760402,1.517196,6.486222,1,0.5559584,0.710845,-0.0003601843,-0.003337777,-0.02793163,3.84,66,-0.041356995335120446,-0.25097414966838655,0.9671099085083771,-0.041356995335120446,-0.25097414966838655,0.9671099085083771
0.03305769,0.5846942,-0.81058,0,0.05952668,0.8084316,0.5855722,0,-0.9976792,0.06760883,0.008080006,0,6.60545,2.288828,-6.41903,1,0.03305773,0.0595267,-0.9976792,0,0.5846942,0.8084317,0.0676088,0,-0.81058,0.5855722,0.008080026,0,-6.759762,1.515244,6.487241,1,0.4512812,0.7165695,-0.0003601843,-0.003337777,-0.02793163,3.86,67,-0.041356995335120446,-0.25097414966838655,0.9671099085083771,-0.041356995335120446,-0.25097414966838655,0.9671099085083771
0.04082251,0.6023109,-0.7972171,0,0.05356571,0.7954156,0.6036927,0,-0.9977295,0.06734774,-0.000207603,0,6.669131,2.430941,-6.299226,1,0.04082246,0.05356573,-0.9977296,0,0.6023108,0.7954155,0.06734775,0,-0.7972171,0.6036927,-0.0002076483,0,-6.758283,1.511952,6.488963,1,0.3413494,0.7513682,-0.0005729897,-0.003158012,-0.02794565,3.88,68,-0.03075060224708059,-0.17331741870185768,0.9843858353491108,-0.03075060224708059,-0.17331741870185768,0.9843858353491108
0.04539496,0.6153671,-0.7869326,0,0.04843593,0.7854623,0.6170114,0,-0.9977943,0.06612507,-0.005850136,0,6.709805,2.543338,-6.210194,1,0.04539497,0.04843597,-0.9977942,0,0.6153669,0.7854621,0.06612499,0,-0.7869324,0.6170113,-0.005850156,0,-6.75668,1.509068,6.490496,1,0.2364493,0.7182737,-0.0006789397,-0.00295295,-0.02798523,3.9,69,-0.004408695021052186,-0.17275074533162685,0.9849557063114964,-0.004408695021052186,-0.17275074533162685,0.9849557063114964
0.04660404,0.6266164,-0.7779332,0,0.04454932,0.7767007,0.6282925,0,-0.9979196,0.06393743,-0.008282006,0,6.726057,2.647775,-6.147562,1,0.04660404,0.0445494,-0.9979195,0,0.6266164,0.7767007,0.06393736,0,-0.7779332,0.6282924,-0.008282054,0,-6.754993,1.506296,6.491857,1,0.1378291,0.7372717,-0.0007221755,-0.002859421,-0.02797949,3.92,70,0.009760634877921856,-0.15176020851877486,0.9883691461782474,0.009760634877921856,-0.15176020851877486,0.9883691461782474
0.04612809,0.6390109,-0.7678133,0,0.04215893,0.7667013,0.6406183,0,-0.9980456,0.0619207,-0.008426428,0,6.728642,2.761009,-6.093557,1,0.04612808,0.04215896,-0.9980454,0,0.6390108,0.7667013,0.06192068,0,-0.7678133,0.6406182,-0.008426451,0,-6.753407,1.503102,6.493179,1,0.005284802,0.6818448,-0.0007381057,-0.003148484,-0.02789086,3.94,71,-0.0006327790750803716,-0.21144222078814542,0.9773902940273241,-0.0006327790750803716,-0.21144222078814542,0.9773902940273241
0.0452435,0.6463633,-0.7616873,0,0.04165062,0.7605845,0.6479015,0,-0.9981073,0.06103814,-0.007490098,0,6.724509,2.826518,-6.067454,1,0.04524355,0.04165065,-0.9981073,0,0.6463634,0.7605846,0.06103808,0,-0.7616873,0.6479015,-0.007490074,0,-6.752701,1.501227,6.493811,1,0.005284802,0.6818448,-0.0007192241,-0.003290901,-0.02792937,3.96,72,0.017298194331212217,-0.2040239373537068,0.9788130595060378,0.017298194331212217,-0.2040239373537068,0.9788130595060378
0.04303348,0.6637391,-0.7467252,0,0.04171467,0.7455721,0.6651182,0,-0.9982024,0.05977178,-0.004396915,0,6.711442,2.976892,-6.008677,1,0.04303351,0.04171468,-0.9982023,0,0.6637391,0.745572,0.05977174,0,-0.7467251,0.6651182,-0.004396902,0,-6.751528,1.497027,6.495024,1,0.06619177,0.673724,-0.0007201154,-0.003935303,-0.02812791,3.98,73,-0.011807675888312245,-0.2693739161300725,0.9629632766096873,-0.011807675888312245,-0.2693739161300725,0.9629632766096873
0.04029661,0.6839776,-0.7283893,0,0.04157999,0.727202,0.685163,0,-0.9983223,0.05789626,-0.0008639097,0,6.695169,3.155957,-5.934104,1,0.04029661,0.04158011,-0.9983222,0,0.6839775,0.727202,0.05789617,0,-0.7283891,0.685163,-0.0008639925,0,-6.750734,1.492424,6.496091,1,0.7564395,0.4543253,-0.0006917333,-0.004360565,-0.02829611,4.0,74,-0.011837541666044275,-0.3359667312215458,0.9417994627942905,-0.011837541666044275,-0.3359667312215458,0.9417994627942905
0.03602189,0.7039231,-0.7093623,0,0.04020193,0.7082276,0.7048386,0,-0.9985421,0.05390742,0.002787352,0,6.670948,3.347625,-5.854806,1,0.03602196,0.04020197,-0.9985421,0,0.703923,0.7082276,0.05390735,0,-0.7093621,0.7048386,0.002787376,0,-6.749949,1.487628,6.49708,1,0.9262813,0.3742905,-0.0007328028,-0.004872246,-0.0285176,4.02,75,-0.04050553222079117,-0.3653787836146509,0.9299772289383157,-0.04050553222079117,-0.3653787836146509,0.9299772289383157
0.029553,0.721081,-0.6922204,0,0.03966856,0.6911311,0.7216401,0,-0.9987759,0.0487861,0.008179307,0,6.630915,3.524556,-5.795034,1,0.02955302,0.03966867,-0.9987757,0,0.721081,0.6911311,0.048786,0,-0.6922201,0.7216399,0.008179249,0,-6.748893,1.482958,6.498246,1,1.0,0.3754969,-0.0007543638,-0.004831551,-0.02849967,4.04,76,-0.010976065383323848,-0.3581275529823806,0.933608152162112,-0.010976065383323848,-0.3581275529823806,0.933608152162112
0.02612042,0.7286484,-0.6843899,0,0.03972197,0.6833261,0.7290319,0,-0.9988694,0.04622796,0.01109457,0,6.608795,3.60497,-5.770157,1,0.02612044,0.03972199,-0.9988692,0,0.7286481,0.6833263,0.04622793,0,-0.6843897,0.7290319,0.01109458,0,-6.748415,1.480744,6.498689,1,1.0,0.377768,-0.0007948298,-0.004663162,-0.02842682,4.06,77,0.0007073217052482022,-0.3543458823051364,0.9351141616879726,0.0007073217052482022,-0.3543458823051364,0.9351141616879726
0.01898015,0.7415804,-0.6705956,0,0.04143903,0.6695566,0.7416042,0,-0.9989608,0.0418646,0.01802206,0,6.559582,3.74292,-5.737284,1,0.01898018,0.04143901,-0.9989606,0,0.7415804,0.6695565,0.04186458,0,-0.6705954,0.7416041,0.01802208,0,-6.747574,1.476875,6.499466,1,1.0,0.3724028,-0.000796563,-0.004587807,-0.02840086,4.08,78,0.0018351863351899246,-0.3594896199273868,0.9331472795092842,0.0018351863351899246,-0.3594896199273868,0.9331472795092842
0.01109147,0.7516256,-0.6594968,0,0.04387808,0.6585362,0.7512687,0,-0.9989754,0.03727016,0.02567577,0,6.503578,3.85845,-5.723366,1,0.01109148,0.04387812,-0.9989753,0,0.7516254,0.6585363,0.03727013,0,-0.6594968,0.7512688,0.02567575,0,-6.746785,1.473493,6.500061,1,1.0,0.3918132,-0.0007080222,-0.004205917,-0.02823866,4.1,79,0.018469652547625243,-0.3443137726640871,0.9386729451137886,0.018469652547625243,-0.3443137726640871,0.9386729451137886
0.002390444,0.7598935,-0.6500431,0,0.04654211,0.649256,0.7591445,0,-0.9989134,0.03206903,0.03381503,0,6.441225,3.96305,-5.721134,1,0.002390422,0.04654207,-0.9989135,0,0.7598937,0.649256,0.03206907,0,-0.6500431,0.7591445,0.03381504,0,-6.745878,1.470346,6.500595,1,1.0,0.4835512,-0.0007724687,-0.004286713,-0.02824842,4.12,80,-0.009825946143135127,-0.30200176999280665,0.953256723922577,-0.009825946143135127,-0.30200176999280665,0.953256723922577
-0.006729722,0.7678609,-0.6405814,0,0.04930684,0.6400715,0.7667316,0,-0.9987611,0.02642515,0.04216838,0,6.37543,4.068547,-5.720106,1,-0.006729772,0.0493069,-0.9987609,0,0.7678607,0.6400715,0.02642515,0,-0.6405813,0.7667317,0.04216829,0,-6.745365,1.467273,6.501225,1,1.0,1.0,-0.0007469105,-0.004209618,-0.02821014,4.14,81,-0.016076724873651776,-0.2743092338607015,0.9615071414899069,-0.016076724873651776,-0.2743092338607015,0.9615071414899069
-0.01903236,0.7796571,-0.6259176,0,0.05156466,0.6259631,0.7781461,0,-0.9984884,0.01746532,0.05211639,0,6.288317,4.22944,-5.698627,1,-0.01903236,0.05156475,-0.9984881,0,0.7796569,0.6259632,0.01746526,0,-0.6259173,0.778146,0.05211629,0,-6.7447,1.462634,6.501933,1,1.0,1.0,-0.000705353,-0.004213753,-0.02821197,4.18,82,-0.02252363525896712,-0.2721784021718005,0.9619831616228668,-0.02252363525896712,-0.2721784021718005,0.9619831616228668
-0.0272665,0.7879321,-0.6151583,0,0.05214864,0.6156702,0.7862765,0,-0.9982671,0.01064077,0.05787671,0,6.231164,4.346661,-5.672756,1,-0.02726637,0.05214866,-0.9982669,0,0.7879321,0.6156702,0.01064065,0,-0.6151581,0.7862764,0.05787675,0,-6.744614,1.459298,6.502434,1,1.0,1.0,-0.0006211633,-0.004283684,-0.02823099,4.2,83,0.0005067193772103201,-0.25500497205317574,0.9669396090054599,0.0005067193772103201,-0.25500497205317574,0.9669396090054599
-0.03670228,0.7972234,-0.6025676,0,0.05248898,0.6036794,0.7954974,0,-0.9979468,0.002431601,0.06400192,0,6.165564,4.482365,-5.638495,1,-0.03670231,0.05248903,-0.9979468,0,0.7972236,0.6036794,0.002431598,0,-0.6025676,0.7954973,0.06400185,0,-6.74473,1.455872,6.50288,1,1.0,1.0,-0.0005842363,-0.004290123,-0.02823148,4.22,84,-0.021201199587555813,-0.23969871897869785,0.9706158010541658,-0.021201199587555813,-0.23969871897869785,0.9706158010541658
-0.04697907,0.8070675,-0.5885874,0,0.05280665,0.5904206,0.8053664,0,-0.9974992,-0.006753892,0.07035601,0,6.093318,4.630284,-5.597136,1,-0.04697899,0.05280679,-0.9974989,0,0.8070674,0.5904206,-0.006754037,0,-0.5885873,0.8053663,0.07035592,0,-6.745098,1.452162,6.503144,1,1.0,1.0,-0.0005843341,-0.004302544,-0.02823569,4.24,85,-0.013537570251637827,-0.2430419123622264,0.969921317956768,-0.013537570251637827,-0.2430419123622264,0.969921317956768
-0.05190277,0.8122727,-0.5809641,0,0.05320942,0.5831711,0.8106049,0,-0.9972336,-0.01115981,0.07348883,0,6.057942,4.705924,-5.572519,1,-0.05190275,0.05320952,-0.9972336,0,0.8122727,0.5831711,-0.01115987,0,-0.5809639,0.8106048,0.07348875,0,-6.745502,1.450412,6.503218,1,1.0,1.0,-0.0005751345,-0.004302544,-0.028235,4.26,86,-0.017381940226088365,-0.24137136708383325,0.9702771414941497,-0.017381940226088365,-0.24137136708383325,0.9702771414941497
-0.06073987,0.8218247,-0.5664935,0,0.05461249,0.5694274,0.8202255,0,-0.9966585,-0.01888272,0.07946885,0,5.992871,4.842988,-5.52563,1,-0.06073983,0.05461252,-0.9966584,0,0.8218247,0.5694274,-0.01888278,0,-0.5664935,0.8202255,0.07946884,0,-6.746315,1.447246,6.50341,1,1.0,1.0,-0.0005469518,-0.004263084,-0.0282238,4.28,87,-0.03057625636403935,-0.2332097504594582,0.9719456285396821,-0.03057625636403935,-0.2332097504594582,0.9719456285396821
-0.0690639,0.8295691,-0.5541168,0,0.05761972,0.5578328,0.8279508,0,-0.9959469,-0.02525339,0.08632565,0,5.927902,4.955732,-5.495997,1,-0.06906383,0.05761975,-0.9959468,0,0.829569,0.5578328,-0.02525346,0,-0.5541166,0.8279507,0.08632564,0,-6.747142,1.444381,6.50347,1,0.9048142,0.5375708,-0.0005328208,-0.004170937,-0.02818923,4.3,88,-0.03031433890900353,-0.21279465796279903,0.9766265787899722,-0.03031433890900353,-0.21279465796279903,0.9766265787899722
