mat_00,mat_10,mat_20,mat_30,mat_01,mat_11,mat_21,mat_31,mat_02,mat_12,mat_22,mat_32,mat_03,mat_13,mat_23,mat_33,ctw_00,ctw_10,ctw_20,ctw_30,ctw_01,ctw_11,ctw_21,ctw_31,ctw_02,ctw_12,ctw_22,ctw_32,ctw_03,ctw_13,ctw_23,ctw_33,opennessl,opennessr,eye_x,eye_y,eye_z,time,frame,ray_x,ray_y,ray_z,base_x,base_y,base_z
0.02449799,0.1921557,-0.9810588,0,0.0334744,0.9806452,0.1929106,0,-0.9991394,0.03756628,-0.01759154,0,6.489884,-0.5506665,-7.000552,1,0.02449798,0.03347441,-0.9991392,0,0.1921556,0.9806451,0.03756627,0,-0.9810585,0.1929105,-0.01759153,0,-6.921126,1.673243,6.381834,1,0.0,0.0,-0.002823783,-0.001921333,-0.02589973,2.68,1,0.0071337938945462195,0.03900611691947561,0.999213506627855,0.0071337938945462195,0.03900611691947561,0.999213506627855
-0.07084727,0.1339488,-0.9884526,0,0.03938319,0.9905455,0.1314097,0,-0.9967095,0.0296184,0.0754528,0,5.811201,-0.924989,-7.539499,1,-0.0708473,0.0393832,-0.9967093,0,0.1339488,0.9905455,0.0296184,0,-0.9884526,0.1314097,0.07545277,0,-6.916828,1.678143,6.388351,1,0.9717575,0.7358232,-0.002876861,-0.001868599,-0.02543653,2.7,2,-0.004052544373821974,0.08079847956556038,0.9967222193690637,-0.004052544373821974,0.08079847956556038,0.9967222193690637
-0.07092595,0.1335822,-0.9884965,0,0.03902996,0.9906049,0.1310667,0,-0.9967178,0.02928495,0.07547331,0,5.811275,-0.9255014,-7.539588,1,-0.07092594,0.03902996,-0.9967176,0,0.1335822,0.990605,0.02928494,0,-0.9884964,0.1310667,0.0754733,0,-6.917056,1.678182,6.38834,1,0.9838995,0.6961151,-0.002877494,-0.001993439,-0.02507546,2.72,3,-0.0036801697312308025,0.08783129230244098,0.9961285662218671,-0.0036801697312308025,0.08783129230244098,0.9961285662218671
-0.07091272,0.1331721,-0.9885527,0,0.03915815,0.9906554,0.1306464,0,-0.9967136,0.02944541,0.07546484,0,5.811126,-0.9294091,-7.539468,1,-0.07091271,0.03915815,-0.9967136,0,0.1331721,0.9906554,0.02944541,0,-0.9885527,0.1306464,0.07546485,0,-6.917307,1.678175,6.388361,1,0.9864584,0.7410396,-0.002879944,-0.001999184,-0.02505077,2.74,4,0.0006814693618118343,0.08692298346851031,0.9962148014080306,0.0006814693618118343,0.08692298346851031,0.9962148014080306
-0.07103968,0.1331934,-0.9885408,0,0.03938612,0.9906464,0.1306467,0,-0.9966956,0.02965369,0.07562113,0,5.809835,-0.9305731,-7.540596,1,-0.07103964,0.03938612,-0.9966956,0,0.1331934,0.9906462,0.02965368,0,-0.9885408,0.1306467,0.07562117,0,-6.917512,1.678196,6.388461,1,0.9862967,0.7514428,-0.002880807,-0.001917175,-0.02531286,2.76,5,-0.005444506021385771,0.08580950055536257,0.9962966862178266,-0.005444506021385771,0.08580950055536257,0.9962966862178266
-0.0716598,0.1332382,-0.98849,0,0.03981271,0.9906301,0.1306405,0,-0.9966342,0.02999279,0.07629299,0,5.8045,-0.9324694,-7.544582,1,-0.07165985,0.03981271,-0.9966342,0,0.1332382,0.9906302,0.02999279,0,-0.9884899,0.1306405,0.07629293,0,-6.917553,1.678268,6.388528,1,0.9843597,0.7852886,-0.002881302,-0.001922035,-0.02530086,2.78,6,-0.005430303423844541,0.08611751207180171,0.996270187207912,-0.005430303423844541,0.08611751207180171,0.996270187207912
-0.0719074,0.132939,-0.9885123,0,0.04024795,0.9906574,0.1302997,0,-0.996599,0.03041608,0.07658613,0,5.801847,-0.9372711,-7.545789,1,-0.07190739,0.04024796,-0.9965989,0,0.132939,0.9906574,0.03041607,0,-0.9885122,0.1302997,0.07658612,0,-6.917309,1.678216,6.388525,1,0.9963355,0.7318625,-0.002879776,-0.001966187,-0.02516001,2.8,7,-0.0035661644500720904,0.0866541281411381,0.9962320736390764,-0.0035661644500720904,0.0866541281411381,0.9962320736390764
-0.07207048,0.1326453,-0.9885398,0,0.04062362,0.9906852,0.1299715,0,-0.9965719,0.03079096,0.07678771,0,5.799885,-0.9417973,-7.546584,1,-0.07207049,0.04062362,-0.9965719,0,0.1326453,0.9906852,0.03079096,0,-0.9885399,0.1299715,0.0767877,0,-6.917174,1.678253,6.388487,1,1.0,0.7542559,-0.00287787,-0.001935433,-0.02525529,2.84,8,-0.004710342868191223,0.08692338368603973,0.9962038636938895,-0.004710342868191223,0.08692338368603973,0.9962038636938895
-0.07197428,0.1327522,-0.9885326,0,0.04086389,0.9906633,0.1300631,0,-0.9965691,0.03103409,0.07672715,0,5.800171,-0.942645,-7.546173,1,-0.07197436,0.04086391,-0.9965689,0,0.1327522,0.9906633,0.03103409,0,-0.9885324,0.1300631,0.07672704,0,-6.917035,1.678305,6.388519,1,1.0,1.0,-0.00287684,-0.001930901,-0.02527207,2.86,9,-0.005777487874537034,0.08765367405727532,0.9961342550370006,-0.005777487874537034,0.08765367405727532,0.9961342550370006
-0.07173419,0.1329442,-0.9885241,0,0.0409867,0.9906332,0.1302536,0,-0.9965813,0.0311727,0.07651126,0,5.801728,-0.9421279,-7.54492,1,-0.07173426,0.0409867,-0.9965814,0,0.1329442,0.9906331,0.03117271,0,-0.9885242,0.1302536,0.07651122,0,-6.916903,1.678262,6.388534,1,0.9925721,0.7627791,-0.002847497,-0.001762551,-0.02578944,2.88,10,-0.0015364551620504069,0.0804384096359232,0.9967583967846865,-0.0015364551620504069,0.0804384096359232,0.9967583967846865
-0.0717454,0.1327514,-0.9885492,0,0.04114869,0.9906535,0.1300476,0,-0.9965738,0.0313472,0.07653737,0,5.801388,-0.9446082,-7.544837,1,-0.0717454,0.0411487,-0.9965739,0,0.1327514,0.9906536,0.0313472,0,-0.9885494,0.1300476,0.07653739,0,-6.916822,1.678248,6.388585,1,0.9870933,0.798099,-0.002847497,-0.001762551,-0.02578944,2.9,11,-0.002234457378531012,0.07978398293179474,0.9968096725392277,-0.002234457378531012,0.07978398293179474,0.9968096725392277
-0.07173657,0.1325328,-0.9885793,0,0.04104743,0.9906854,0.1298365,0,-0.9965787,0.03126461,0.07650852,0,5.801624,-0.9456866,-7.544513,1,-0.0717366,0.04104743,-0.9965786,0,0.1325328,0.9906855,0.03126461,0,-0.9885793,0.1298365,0.07650851,0,-6.916825,1.67829,6.388561,1,0.9994357,0.7676089,-0.002871689,-0.001939469,-0.02524035,2.92,12,-0.006365733219529457,0.08798035047113038,0.9961018699769391,-0.006365733219529457,0.08798035047113038,0.9961018699769391
-0.07186103,0.1322436,-0.988609,0,0.04079882,0.9907317,0.1295619,0,-0.9965799,0.03102364,0.07659042,0,5.801178,-0.9461665,-7.544918,1,-0.07186107,0.04079883,-0.9965798,0,0.1322436,0.9907316,0.03102362,0,-0.9886089,0.1295619,0.07659037,0,-6.91697,1.678249,6.388558,1,0.9921995,0.7768562,-0.002871689,-0.001939469,-0.02523869,2.94,13,-0.006338531938172324,0.08748827561371321,0.9961453832865,-0.006338531938172324,0.08748827561371321,0.9961453832865
-0.07191145,0.131856,-0.9886571,0,0.04091733,0.9907789,0.1291628,0,-0.9965714,0.03116492,0.07664359,0,5.800508,-0.9497979,-7.544928,1,-0.07191149,0.04091733,-0.9965713,0,0.131856,0.9907789,0.03116492,0,-0.988657,0.1291628,0.07664353,0,-6.916986,1.678222,6.388491,1,1.0,0.7714552,-0.002874528,-0.001939163,-0.02524967,2.96,14,-0.006589715996168846,0.08554054695887012,0.996312897873488,-0.006589715996168846,0.08554054695887012,0.996312897873488
-0.07196224,0.1318702,-0.9886515,0,0.04058523,0.9907875,0.129201,0,-0.9965813,0.03082706,0.07665122,0,5.800714,-0.9475749,-7.545,1,-0.07196219,0.04058523,-0.9965814,0,0.1318702,0.9907876,0.03082705,0,-0.9886515,0.129201,0.07665128,0,-6.916986,1.678244,6.388428,1,0.996841,0.7552744,-0.002733062,-0.002055596,-0.02599422,2.98,15,-0.003899770304106727,0.021522016889537587,0.9997607686744774,-0.003899770304106727,0.021522016889537587,0.9997607686744774
-0.07231832,0.1323719,-0.9885584,0,0.03984231,0.990746,0.1297501,0,-0.9965855,0.03000315,0.07692301,0,5.799501,-0.9387956,-7.546853,1,-0.07231826,0.0398423,-0.9965855,0,0.1323718,0.9907458,0.03000314,0,-0.9885585,0.1297501,0.07692307,0,-6.916825,1.678247,6.388393,1,0.9789808,0.801305,-0.002560768,-0.001969879,-0.02767101,3.0,16,-0.016642848918848926,-0.08771698308372862,0.9960063988040204,-0.016642848918848926,-0.08771698308372862,0.9960063988040204
-0.07238507,0.1326189,-0.9885205,0,0.03956053,0.9907222,0.1300175,0,-0.9965919,0.02969508,0.07695997,0,5.799589,-0.9350256,-7.54719,1,-0.07238505,0.03956053,-0.9965918,0,0.1326189,0.9907221,0.02969506,0,-0.9885203,0.1300175,0.07695996,0,-6.916745,1.678182,6.388421,1,0.9789808,0.801305,-0.002589042,-0.002612366,-0.02667749,3.02,17,-0.03794125709564265,-0.14948067037490761,0.9880364316128583,-0.03794125709564265,-0.14948067037490761,0.9880364316128583
-0.07264352,0.1329327,-0.9884593,0,0.03930627,0.9906894,0.1303439,0,-0.9965831,0.02938401,0.07719219,0,5.798204,-0.9308757,-7.548608,1,-0.07264346,0.03930627,-0.9965833,0,0.1329326,0.9906894,0.02938402,0,-0.9884593,0.1303439,0.07719226,0,-6.916546,1.678218,6.388441,1,0.9749678,0.8864307,-0.002606957,-0.002733246,-0.02647789,3.04,18,-0.040075919462604095,-0.15726077296359423,0.9867436191666604,-0.040075919462604095,-0.15726077296359423,0.9867436191666604
-0.07310236,0.1324416,-0.9884915,0,0.03915761,0.9907601,0.1298498,0,-0.9965556,0.02921466,0.077613,0,5.79515,-0.9332793,-7.550661,1,-0.07310233,0.03915763,-0.9965553,0,0.1324416,0.9907602,0.02921464,0,-0.9884913,0.1298497,0.07761298,0,-6.916518,1.678183,6.388483,1,0.9634709,0.8843308,-0.0026157,-0.002753204,-0.02644686,3.06,19,-0.04011717813219772,-0.15741340992800565,0.9867176041773791,-0.04011717813219772,-0.15741340992800565,0.9867176041773791
-0.0733974,0.1319515,-0.9885351,0,0.03931101,0.9908211,0.1293378,0,-0.9965277,0.02936726,0.07791078,0,5.792719,-0.9377511,-7.552088,1,-0.07339733,0.03931101,-0.9965276,0,0.1319515,0.9908211,0.02936726,0,-0.9885351,0.1293378,0.07791083,0,-6.916596,1.678196,6.388533,1,0.9742217,0.9286603,-0.002613571,-0.002744675,-0.02649885,3.08,20,-0.03779499793671442,-0.15837495369851004,0.9866554171401274,-0.03779499793671442,-0.15837495369851004,0.9866554171401274
-0.07327986,0.1318418,-0.9885585,0,0.03976642,0.9908214,0.1291958,0,-0.9965183,0.02984399,0.0778501,0,5.792817,-0.9415608,-7.55166,1,-0.07327983,0.03976642,-0.9965183,0,0.1318418,0.9908214,0.02984398,0,-0.9885584,0.1291958,0.07785013,0,-6.916623,1.678202,6.388646,1,0.9801347,0.931356,-0.002596245,-0.002715759,-0.02663342,3.1,21,-0.03783711314805756,-0.15760160739057177,0.9867776275415495,-0.03783711314805756,-0.15760160739057177,0.9867776275415495
-0.07245433,0.1321282,-0.988581,0,0.04058707,0.9907557,0.1294442,0,-0.9965455,0.03074481,0.07714725,0,5.797481,-0.945181,-7.547721,1,-0.07245434,0.04058706,-0.9965456,0,0.1321282,0.9907557,0.03074481,0,-0.9885811,0.1294442,0.07714725,0,-6.916596,1.678149,6.388799,1,0.9902252,0.9574872,-0.00259243,-0.002702423,-0.02668838,3.14,22,-0.03599204331016106,-0.15803184361789016,0.9867778418778416,-0.03599204331016106,-0.15803184361789016,0.9867778418778416
-0.0715884,0.1319089,-0.9886734,0,0.0405478,0.9907821,0.1292543,0,-0.9966098,0.03083543,0.07627714,0,5.80409,-0.9473007,-7.542705,1,-0.07158841,0.0405478,-0.9966097,0,0.1319089,0.990782,0.03083542,0,-0.9886735,0.1292542,0.07627711,0,-6.916809,1.678152,6.388959,1,0.9940754,0.9335242,-0.00259417,-0.00270388,-0.02668812,3.16,23,-0.03722737964699401,-0.1580976506456684,0.9867214678240962,-0.03722737964699401,-0.1580976506456684,0.9867214678240962
-0.07085025,0.1316561,-0.9887604,0,0.04071177,0.9908071,0.1290114,0,-0.9966558,0.0311137,0.07555878,0,5.809385,-0.9508862,-7.538408,1,-0.07085014,0.04071176,-0.9966557,0,0.1316561,0.9908071,0.03111368,0,-0.9887603,0.1290114,0.07555888,0,-6.916893,1.678175,6.389135,1,1.0,1.0,-0.002597703,-0.002705185,-0.02668324,3.18,24,-0.037416762665586495,-0.1576371680223307,0.9867879757726715,-0.037416762665586495,-0.1576371680223307,0.9867879757726715
-0.0699712,0.1310977,-0.9888971,0,0.04076798,0.9908744,0.1284753,0,-0.9967157,0.03132578,0.07467723,0,5.815881,-0.9561834,-7.532917,1,-0.06997117,0.04076798,-0.9967155,0,0.1310978,0.9908744,0.03132576,0,-0.9888971,0.1284753,0.07467725,0,-6.916982,1.67815,6.38927,1,1.0,1.0,-0.002599037,-0.002706459,-0.02666714,3.2,25,-0.03741102937248428,-0.15846764403037694,0.9866551680687397,-0.03741102937248428,-0.15846764403037694,0.9866551680687397
-0.06994557,0.1309316,-0.9889209,0,0.04051084,0.9909039,0.1283288,0,-0.9967279,0.03108599,0.07461345,0,5.816574,-0.9558812,-7.532465,1,-0.06994552,0.04051084,-0.9967278,0,0.1309316,0.9909039,0.03108599,0,-0.9889208,0.1283288,0.07461348,0,-6.917014,1.678184,6.389278,1,0.9961088,0.973001,-0.002603936,-0.002706459,-0.02666714,3.22,26,-0.03706689276956433,-0.1564988343853634,0.9869823505496096,-0.03706689276956433,-0.1564988343853634,0.9869823505496096
-0.06963825,0.1304881,-0.9890013,0,0.03980132,0.9909821,0.1279469,0,-0.9967781,0.03045356,0.07420397,0,5.820325,-0.9550112,-7.529822,1,-0.06963836,0.03980134,-0.996778,0,0.1304881,0.990982,0.03045355,0,-0.9890011,0.1279469,0.07420384,0,-6.917067,1.67816,6.389397,1,1.0,1.0,-0.002606208,-0.00270781,-0.02666541,3.24,27,-0.03772703942961412,-0.1537346510618011,0.9873916788988971,-0.03772703942961412,-0.1537346510618011,0.9873916788988971
-0.06952572,0.1304832,-0.9890097,0,0.03998191,0.9909767,0.127932,0,-0.9967786,0.03064793,0.0741154,0,5.820825,-0.9563158,-7.529287,1,-0.06952578,0.03998192,-0.9967787,0,0.1304832,0.9909767,0.03064794,0,-0.9890097,0.127932,0.07411534,0,-6.917058,1.678196,6.389419,1,0.999469,0.9816315,-0.002617988,-0.002731148,-0.02659005,3.26,28,-0.03844433471156972,-0.14905989698997654,0.9880805535167274,-0.03844433471156972,-0.14905989698997654,0.9880805535167274
-0.0694927,0.130801,-0.9889701,0,0.04049342,0.9909196,0.1282134,0,-0.9967603,0.03113689,0.07415831,0,5.820158,-0.9571429,-7.529825,1,-0.06949275,0.04049342,-0.9967603,0,0.1308009,0.9909195,0.03113689,0,-0.9889701,0.1282134,0.07415825,0,-6.917118,1.678198,6.389503,1,1.0,1.0,-0.002623055,-0.002743752,-0.02655376,3.28,29,-0.03850043548518193,-0.14816611036628627,0.9882127909546491,-0.03850043548518193,-0.14816611036628627,0.9882127909546491
-0.06972218,0.1306646,-0.9889719,0,0.04082304,0.9909278,0.128045,0,-0.9967308,0.03144526,0.07442367,0,5.817977,-0.9600194,-7.531327,1,-0.06972208,0.04082302,-0.9967308,0,0.1306646,0.9909279,0.03144527,0,-0.9889721,0.128045,0.07442378,0,-6.91719,1.678152,6.389655,1,0.9762697,0.9610738,-0.002626769,-0.002749626,-0.02653074,3.3,30,-0.03937878150572847,-0.14768629632418648,0.9882500035138723,-0.03937878150572847,-0.14768629632418648,0.9882500035138723
-0.06956971,0.1307587,-0.9889704,0,0.04075475,0.9909171,0.1281492,0,-0.9967444,0.03138994,0.07426679,0,5.819319,-0.9589924,-7.530543,1,-0.06956962,0.04075475,-0.996744,0,0.1307587,0.9909172,0.03138992,0,-0.9889702,0.1281492,0.07426683,0,-6.917238,1.67815,6.389744,1,0.9762697,0.9610738,-0.002637207,-0.002764404,-0.02648221,3.32,31,-0.04058737934271765,-0.14520642816042137,0.9885685397882044,-0.04058737934271765,-0.14520642816042137,0.9885685397882044
-0.06922007,0.1305149,-0.9890271,0,0.04103006,0.9909386,0.1278955,0,-0.9967574,0.03172692,0.07394779,0,5.821468,-0.9626883,-7.528987,1,-0.06921997,0.04103006,-0.9967572,0,0.1305148,0.9909385,0.03172691,0,-0.9890268,0.1278955,0.07394785,0,-6.917764,1.678033,6.389885,1,0.9754282,0.961252,-0.00264196,-0.002765587,-0.02647736,3.34,32,-0.04074922210895093,-0.14536471680271557,0.9885386183687422,-0.04074922210895093,-0.14536471680271557,0.9885386183687422
-0.06874669,0.1306403,-0.9890435,0,0.04100462,0.9909212,0.1280382,0,-0.9967911,0.03175315,0.07347941,0,5.825084,-0.9619434,-7.526484,1,-0.06874669,0.04100462,-0.9967911,0,0.1306403,0.9909213,0.03175315,0,-0.9890435,0.1280382,0.07347941,0,-6.917896,1.678032,6.389978,1,0.9763845,0.9766507,-0.00222734,-0.002623962,-0.02676894,3.36,33,-0.10392659605526663,-0.15201740994282711,0.9828987586250375,-0.10392659605526663,-0.15201740994282711,0.9828987586250375
-0.06800485,0.1309038,-0.9890599,0,0.04107008,0.9908819,0.128321,0,-0.9968393,0.03189431,0.07276106,0,5.830636,-0.9609194,-7.522511,1,-0.06800491,0.04107008,-0.9968393,0,0.1309037,0.9908819,0.03189432,0,-0.98906,0.128321,0.072761,0,-6.917914,1.677989,6.3902,1,0.9380028,0.9401505,-0.001897957,-0.002541046,-0.02674768,3.38,34,-0.1566079332831322,-0.14112644440439195,0.9775261029366736,-0.1566079332831322,-0.14112644440439195,0.9775261029366736
-0.06732583,0.1316118,-0.9890124,0,0.04130126,0.9907795,0.1290354,0,-0.9968758,0.03216003,0.07214081,0,5.835302,-0.9574723,-7.519474,1,-0.06732585,0.04130125,-0.9968759,0,0.1316118,0.9907795,0.03216004,0,-0.9890124,0.1290354,0.07214079,0,-6.917971,1.677917,6.390325,1,0.9402621,0.8290796,-0.001120294,-0.002467636,-0.0267088,3.4,35,-0.28052970111924125,-0.1083605157536681,0.9537091199184099,-0.28052970111924125,-0.1083605157536681,0.9537091199184099
-0.06709039,0.1319011,-0.9889899,0,0.04127537,0.9907416,0.1293348,0,-0.9968928,0.03214381,0.07191348,0,5.837182,-0.9552096,-7.518508,1,-0.06709035,0.04127537,-0.9968927,0,0.1319011,0.9907416,0.03214381,0,-0.9889898,0.1293348,0.0719135,0,-6.918116,1.677838,6.39043,1,0.913812,0.6240109,-0.001068946,-0.002468971,-0.02672582,3.42,36,-0.2887320267545192,-0.10284789895172924,0.9518698053869775,-0.2887320267545192,-0.10284789895172924,0.9518698053869775
-0.06642294,0.1328257,-0.9889112,0,0.04145463,0.9906116,0.1302696,0,-0.9969301,0.03234207,0.07130551,0,5.841877,-0.9497176,-7.516019,1,-0.06642288,0.04145464,-0.9969301,0,0.1328256,0.9906116,0.03234206,0,-0.9889113,0.1302696,0.07130558,0,-6.918494,1.677737,6.390593,1,0.9348847,0.6180878,-0.00109018,-0.00247493,-0.02671918,3.44,37,-0.2874866684431093,-0.10673426844468252,0.9518188963280043,-0.2874866684431093,-0.10673426844468252,0.9518188963280043
-0.06584609,0.1329143,-0.9889379,0,0.04160178,0.9905927,0.1303667,0,-0.9969622,0.03255744,0.07075608,0,5.84593,-0.9503967,-7.512944,1,-0.06584603,0.04160178,-0.9969621,0,0.1329142,0.9905927,0.03255743,0,-0.9889377,0.1303667,0.07075611,0,-6.918581,1.677693,6.3907,1,0.9348847,0.6180878,-0.001083717,-0.002466172,-0.02672011,3.46,38,-0.2869845621258891,-0.10340291071099443,0.9523380172805797,-0.2869845621258891,-0.10340291071099443,0.9523380172805797
-0.06524575,0.1336203,-0.9888825,0,0.04165658,0.9904949,0.1310897,0,-0.9969994,0.03264042,0.07019174,0,5.850356,-0.9457482,-7.510406,1,-0.06524573,0.04165659,-0.9969994,0,0.1336203,0.990495,0.03264042,0,-0.9888824,0.1310897,0.07019175,0,-6.918827,1.67759,6.390839,1,0.9381011,0.6607839,-0.001084199,-0.002460304,-0.02671748,3.48,39,-0.2890343808491287,-0.10613385607709892,0.951417222506176,-0.2890343808491287,-0.10613385607709892,0.951417222506176
-0.06417394,0.134332,-0.9888563,0,0.04189997,0.9903876,0.1318209,0,-0.9970589,0.03297359,0.06918561,0,5.857903,-0.9427005,-7.504997,1,-0.06417395,0.04189998,-0.9970586,0,0.134332,0.9903877,0.03297358,0,-0.9888561,0.1318209,0.06918556,0,-6.918802,1.677508,6.390994,1,0.9575174,0.6798584,-0.001084914,-0.002451286,-0.02671761,3.5,40,-0.28732495919601475,-0.10592842574895696,0.9519577387895726,-0.28732495919601475,-0.10592842574895696,0.9519577387895726
-0.06292641,0.1360433,-0.9887024,0,0.04174225,0.9901577,0.1335868,0,-0.9971448,0.03286452,0.06798589,0,5.867503,-0.9295423,-7.499116,1,-0.06292649,0.04174225,-0.9971449,0,0.1360433,0.9901575,0.03286452,0,-0.9887024,0.1335868,0.06798583,0,-6.918715,1.677253,6.391133,1,0.9482173,0.6539383,-0.001085397,-0.002450424,-0.02671817,3.52,41,-0.28744209695642403,-0.10430388021405329,0.952101749536039,-0.28744209695642403,-0.10430388021405329,0.952101749536039
-0.06093335,0.1385465,-0.9884797,0,0.04161017,0.9898115,0.1361682,0,-0.9972743,0.03283364,0.06607747,0,5.882606,-0.9110734,-7.489551,1,-0.06093333,0.04161018,-0.997274,0,0.1385465,0.9898115,0.03283362,0,-0.9884796,0.1361682,0.06607746,0,-6.918594,1.676853,6.391374,1,0.9405203,0.6648951,-0.001084877,-0.002448921,-0.02671822,3.54,42,-0.28697547110071053,-0.10399405298634874,0.9522763863133422,-0.28697547110071053,-0.10399405298634874,0.9522763863133422
-0.05838645,0.1417896,-0.9881735,0,0.0410708,0.9893652,0.1395339,0,-0.9974489,0.0324382,0.06358886,0,5.902557,-0.8849387,-7.476825,1,-0.05838636,0.0410708,-0.9974487,0,0.1417896,0.9893652,0.03243819,0,-0.9881734,0.1395339,0.06358892,0,-6.918295,1.676376,6.391647,1,0.9383597,0.6792405,-0.001083978,-0.002446617,-0.02671879,3.56,43,-0.2867086522977282,-0.10380078421521824,0.9523778377796945,-0.2867086522977282,-0.10380078421521824,0.9523778377796945
-0.05703068,0.1437847,-0.9879643,0,0.04069288,0.9890873,0.1415991,0,-0.9975428,0.03212762,0.06225944,0,5.913322,-0.8683395,-7.470139,1,-0.05703077,0.04069289,-0.9975427,0,0.1437847,0.9890873,0.03212762,0,-0.9879642,0.1415991,0.06225933,0,-6.918135,1.675999,6.391775,1,0.9419353,0.6674546,-0.0010812,-0.002445954,-0.02672017,3.58,44,-0.28594559434033684,-0.10217506981359618,0.9527829617420424,-0.28594559434033684,-0.10217506981359618,0.9527829617420424
-0.0532788,0.1484216,-0.9874879,0,0.03998315,0.9884166,0.1464039,0,-0.9977789,0.03168266,0.05859601,0,5.942274,-0.831514,-7.450893,1,-0.05327881,0.03998315,-0.997779,0,0.1484216,0.9884165,0.03168265,0,-0.987488,0.1464039,0.05859601,0,-6.917656,1.675131,6.392013,1,0.9334007,0.686619,-0.00108088,-0.002444138,-0.02672025,3.6,45,-0.28607688724632124,-0.10115937664034454,0.9528519271645477,-0.28607688724632124,-0.10115937664034454,0.9528519271645477
-0.0492841,0.153891,-0.986858,0,0.03918609,0.9875959,0.1520491,0,-0.9980158,0.0311775,0.05470312,0,5.97313,-0.7879713,-7.43027,1,-0.04928406,0.03918609,-0.9980158,0,0.153891,0.9875959,0.0311775,0,-0.986858,0.1520491,0.05470316,0,-6.91698,1.673899,6.392304,1,0.9324427,0.6904479,-0.001081169,-0.002443604,-0.02672078,3.62,46,-0.28481779623418774,-0.1004088784932929,0.9533083866556614,-0.28481779623418774,-0.1004088784932929,0.9533083866556614
-0.04484975,0.1611518,-0.98591,0,0.03796094,0.9864653,0.1595157,0,-0.9982722,0.03027182,0.0503602,0,6.007874,-0.7289504,-7.407558,1,-0.04484976,0.03796093,-0.9982723,0,0.1611518,0.9864652,0.03027183,0,-0.9859101,0.1595157,0.05036021,0,-6.916263,1.672642,6.392607,1,0.9017076,0.6598539,-0.001082839,-0.002440819,-0.02672167,3.64,47,-0.2824984580970315,-0.09694972591143212,0.9543559984714813,-0.2824984580970315,-0.09694972591143212,0.9543559984714813
-0.04247856,0.165252,-0.9853361,0,0.0371978,0.9858041,0.1637269,0,-0.9984046,0.02969746,0.04802251,0,6.026586,-0.6952195,-7.395164,1,-0.04247852,0.03719781,-0.9984047,0,0.1652521,0.9858042,0.02969745,0,-0.9853363,0.1637269,0.04802256,0,-6.915836,1.671962,6.392752,1,0.9216728,0.6762023,-0.001091003,-0.002425247,-0.02671886,3.66,48,-0.28280854802390665,-0.09933746495056543,0.9540185497262644,-0.28280854802390665,-0.09933746495056543,0.9540185497262644
-0.0372411,0.1746509,-0.9839259,0,0.03610817,0.9842011,0.1733331,0,-0.9986538,0.02907264,0.04295909,0,6.066582,-0.6222492,-7.367821,1,-0.03724113,0.03610817,-0.9986537,0,0.1746509,0.9842011,0.02907265,0,-0.9839259,0.1733331,0.04295905,0,-6.914787,1.670453,6.393019,1,0.9254929,0.6959308,-0.00109729,-0.002415062,-0.02671903,3.68,49,-0.2804932079715553,-0.10120637616861942,0.9545055419978669,-0.2804932079715553,-0.10120637616861942,0.9545055419978669
-0.03174019,0.1854053,-0.9821494,0,0.03551883,0.982233,0.1842733,0,-0.9988648,0.02903593,0.03776169,0,6.107364,-0.5429565,-7.339351,1,-0.03174023,0.03551884,-0.9988648,0,0.1854053,0.982233,0.02903593,0,-0.9821494,0.1842733,0.03776164,0,-6.913822,1.668829,6.393342,1,0.9027947,0.6825451,-0.001109108,-0.002406693,-0.02671906,3.7,50,-0.2768664434749291,-0.09555436445420745,0.9561455620936054,-0.2768664434749291,-0.09555436445420745,0.9561455620936054
-0.02522254,0.1972977,-0.9800192,0,0.03488089,0.9799078,0.1963775,0,-0.9990732,0.02923081,0.03159761,0,6.155316,-0.4565322,-7.304127,1,-0.02522247,0.03488088,-0.999073,0,0.1972977,0.9799077,0.0292308,0,-0.980019,0.1963775,0.03159767,0,-6.912859,1.667023,6.393749,1,0.921618,0.6625633,-0.001149032,-0.00235022,-0.02673576,3.72,51,-0.2617948243811476,-0.06979504394530585,0.9625965519198151,-0.2617948243811476,-0.06979504394530585,0.9625965519198151
-0.0184077,0.2103752,-0.9774475,0,0.03422141,0.9771729,0.2096716,0,-0.9992448,0.02959004,0.0251869,0,6.205104,-0.3623983,-7.266192,1,-0.01840776,0.0342214,-0.9992447,0,0.2103751,0.9771728,0.02959006,0,-0.9774473,0.2096716,0.02518684,0,-6.911859,1.665292,6.394153,1,0.921618,0.6625633,-0.0009011757,-0.002754456,-0.02681283,3.74,52,-0.30632309075126773,-0.13310749601754843,0.9425754922426792,-0.30632309075126773,-0.13310749601754843,0.9425754922426792
-0.01109815,0.2230677,-0.9747398,0,0.03364328,0.9743312,0.2225912,0,-0.9993722,0.03032309,0.01831806,0,6.257957,-0.2731926,-7.223678,1,-0.0110982,0.03364329,-0.9993723,0,0.2230677,0.9743313,0.0303231,0,-0.9747397,0.2225912,0.018318,0,-6.910813,1.663569,6.394637,1,0.9011035,0.5210478,-0.0005140305,-0.003249718,-0.02703208,3.76,53,-0.38169312619383416,-0.23839402041544686,0.8930166003196901,-0.38169312619383416,-0.23839402041544686,0.8930166003196901
0.000393033,0.2403298,-0.9706912,0,0.03246297,0.9701766,0.2402155,0,-0.9994729,0.03160593,0.00742054,0,6.340897,-0.1532114,-7.153431,1,0.0003929982,0.03246297,-0.9994729,0,0.2403297,0.9701766,0.03160593,0,-0.9706911,0.2402155,0.007420506,0,-6.909443,1.661163,6.395479,1,0.8069441,0.5500787,-0.0005569905,-0.003138107,-0.02699227,3.8,54,-0.3730969469800525,-0.21695036513298172,0.902070511225608,-0.3730969469800525,-0.21695036513298172,0.902070511225608
0.008327246,0.2514537,-0.9678336,0,0.03219993,0.9672977,0.2515915,0,-0.9994468,0.03325924,4.184246e-05,0,6.396703,-0.08092618,-7.104107,1,0.008327267,0.03219993,-0.9994467,0,0.2514536,0.9672977,0.03325923,0,-0.9678334,0.2515915,4.186492e-05,0,-6.90851,1.659639,6.396152,1,0.7669474,0.5327336,-0.0005855244,-0.003091561,-0.02698313,3.82,55,-0.3751300646227936,-0.21243393292871018,0.9023021992417724,-0.3751300646227936,-0.21243393292871018,0.9023021992417724
0.01667535,0.2615195,-0.9650542,0,0.03246207,0.9645379,0.2619405,0,-0.9993339,0.0356956,-0.007594526,0,6.454046,-0.02126169,-7.052179,1,0.01667533,0.03246208,-0.9993338,0,0.2615195,0.9645379,0.0356956,0,-0.9650541,0.2619405,-0.007594545,0,-6.907797,1.658247,6.396948,1,0.7829155,0.5285922,-0.0006089397,-0.003056168,-0.02696426,3.84,56,-0.3633661838027473,-0.19229637862734955,0.9115849489956683,-0.3633661838027473,-0.19229637862734955,0.9115849489956683
0.02514189,0.2707007,-0.9623352,0,0.03326277,0.96188,0.2714416,0,-0.9991303,0.03883447,-0.01517922,0,6.510799,0.02742815,-6.999544,1,0.02514188,0.03326276,-0.9991304,0,0.2707007,0.9618799,0.03883449,0,-0.9623352,0.2714416,-0.01517923,0,-6.907027,1.657018,6.397825,1,0.7774931,0.4796446,-0.0006644279,-0.002989105,-0.02692967,3.86,57,-0.35020711683073175,-0.18422502802652319,0.9183768912433137,-0.35020711683073175,-0.18422502802652319,0.9183768912433137
0.02973711,0.2754969,-0.960842,0,0.0335248,0.9604513,0.2764224,0,-0.9989955,0.04043206,-0.01932508,0,6.541766,0.05328262,-6.970475,1,0.02973712,0.03352482,-0.9989954,0,0.2754968,0.9604513,0.04043204,0,-0.9608418,0.2764224,-0.01932507,0,-6.906736,1.656309,6.398335,1,0.7755316,0.5036892,-0.0006887969,-0.002953095,-0.02692291,3.88,58,-0.3515501939352532,-0.17614879362690156,0.9194476948950784,-0.3515501939352532,-0.17614879362690156,0.9194476948950784
0.03882343,0.2848124,-0.9577968,0,0.03424862,0.9575769,0.2861353,0,-0.998659,0.04391198,-0.02742195,0,6.602198,0.1010841,-6.912958,1,0.0388234,0.03424864,-0.998659,0,0.2848125,0.957577,0.04391197,0,-0.9577968,0.2861353,-0.02742199,0,-6.906319,1.655129,6.399339,1,0.7766796,0.4895527,-0.0007116012,-0.002939301,-0.02691447,3.9,59,-0.3478966282819022,-0.17232523775262432,0.9215595197617923,-0.3478966282819022,-0.17232523775262432,0.9215595197617923
0.04834515,0.2932514,-0.9548123,0,0.03495461,0.9548478,0.2950322,0,-0.9982189,0.04763848,-0.0359118,0,6.66497,0.1407911,-6.851869,1,0.04834518,0.03495462,-0.9982188,0,0.2932514,0.9548478,0.04763846,0,-0.9548122,0.2950322,-0.03591176,0,-6.905755,1.654116,6.400329,1,0.773346,0.4351047,-0.0007886197,-0.002929795,-0.02688976,3.92,60,-0.3480153308740069,-0.16069368379960605,0.9236140262379994,-0.3480153308740069,-0.16069368379960605,0.9236140262379994
0.05803889,0.3002791,-0.952084,0,0.03594449,0.9524447,0.3025841,0,-0.997667,0.05178379,-0.04448545,0,6.727923,0.1673704,-6.789786,1,0.05803888,0.03594446,-0.9976671,0,0.3002792,0.9524447,0.05178382,0,-0.9520841,0.3025841,-0.04448545,0,-6.905186,1.653239,6.401513,1,0.7621348,0.4106102,-0.0004783478,-0.003036331,-0.02699766,3.94,61,-0.3964798783250868,-0.15994878899986703,0.9040022627077878,-0.3964798783250868,-0.15994878899986703,0.9040022627077878
0.06840676,0.3071747,-0.9491913,0,0.03692052,0.9499888,0.3100936,0,-0.9969741,0.05625711,-0.0536446,0,6.794724,0.1911354,-6.72299,1,0.06840675,0.0369205,-0.9969741,0,0.3071747,0.9499889,0.05625713,0,-0.9491914,0.3100936,-0.05364461,0,-6.904922,1.652315,6.402758,1,0.6911849,0.4188258,-0.0003411099,-0.003070778,-0.02704699,3.96,62,-0.42103231787066736,-0.1583106267698198,0.8931234700533852,-0.42103231787066736,-0.1583106267698198,0.8931234700533852
0.07363367,0.3105756,-0.9476924,0,0.03744888,0.9487408,0.3138289,0,-0.996582,0.05859838,-0.05822855,0,6.828013,0.2019919,-6.689104,1,0.07363366,0.03744887,-0.996582,0,0.3105756,0.9487407,0.05859839,0,-0.9476925,0.3138289,-0.05822855,0,-6.904718,1.651894,6.403342,1,0.6293421,0.3710436,-0.0004112404,-0.00306205,-0.02702274,3.98,63,-0.4155496994500869,-0.16102788066021995,0.8952030322429769,-0.4155496994500869,-0.16102788066021995,0.8952030322429769
0.08457869,0.3181602,-0.9442567,0,0.03883587,0.9458796,0.3221856,0,-0.9956597,0.06392106,-0.06764525,0,6.896711,0.2256476,-6.618197,1,0.0845787,0.03883586,-0.9956596,0,0.3181601,0.9458796,0.06392106,0,-0.9442566,0.3221856,-0.06764523,0,-6.904384,1.651013,6.404664,1,0.6753729,0.3251969,-0.0004220493,-0.003058807,-0.02701777,4.0,64,-0.41426903308226226,-0.15904407822525302,0.8961507403392395,-0.41426903308226226,-0.15904407822525302,0.8961507403392395
0.09624183,0.3250448,-0.9407887,0,0.04008491,0.9431438,0.3299591,0,-0.9945505,0.06946731,-0.07774049,0,6.969579,0.242754,-6.541763,1,0.09624183,0.04008491,-0.9945505,0,0.3250448,0.9431437,0.06946731,0,-0.9407887,0.3299592,-0.07774049,0,-6.904088,1.650188,6.406175,1,0.6737491,0.2990414,-0.0004981384,-0.003000687,-0.0269893,4.02,65,-0.4074023664953654,-0.15114911535076747,0.9006537940311228,-0.4074023664953654,-0.15114911535076747,0.9006537940311228
0.1087334,0.3312439,-0.937259,0,0.04125679,0.9405332,0.3371873,0,-0.9932144,0.07533184,-0.08860129,0,7.047052,0.2529347,-6.45902,1,0.1087334,0.0412568,-0.9932144,0,0.3312439,0.9405332,0.07533183,0,-0.937259,0.3371873,-0.08860132,0,-6.903807,1.649267,6.407901,1,0.6737491,0.2990414,-0.0005339906,-0.002981659,-0.02696298,4.04,66,-0.39370143813587527,-0.1551582377087138,0.9060491702335308,-0.39370143813587527,-0.1551582377087138,0.9060491702335308
0.1227354,0.3374895,-0.9332936,0,0.04340655,0.9376782,0.3447833,0,-0.9914898,0.08282819,-0.100437,0,7.130942,0.2533948,-6.367528,1,0.1227353,0.04340659,-0.9914898,0,0.3374895,0.9376782,0.08282816,0,-0.9332935,0.3447833,-0.100437,0,-6.903509,1.648285,6.409732,1,0.6548463,0.3918951,-0.0005736984,-0.002963287,-0.0269546,4.06,67,-0.3800509991849119,-0.13699800343078103,0.9147637864905507,-0.3800509991849119,-0.13699800343078103,0.9147637864905507
0.1462653,0.347685,-0.9261326,0,0.04734294,0.9326681,0.3576155,0,-0.9881119,0.09615262,-0.1199566,0,7.268227,0.2477975,-6.212809,1,0.1462653,0.04734298,-0.9881119,0,0.347685,0.9326681,0.09615259,0,-0.9261326,0.3576155,-0.1199566,0,-6.90313,1.646584,6.412727,1,0.6977035,0.3943699,-0.0006678998,-0.002984154,-0.02693631,4.1,68,-0.3539050218154919,-0.12356823205138363,0.9270825893961506,-0.3539050218154919,-0.12356823205138363,0.9270825893961506
0.1631894,0.3559232,-0.9201565,0,0.04944915,0.928536,0.3679343,0,-0.9853548,0.1055439,-0.1339272,0,7.366253,0.2523091,-6.097989,1,0.1631894,0.04944915,-0.9853547,0,0.3559233,0.9285361,0.1055439,0,-0.9201564,0.3679343,-0.1339271,0,-6.903001,1.645127,6.415056,1,0.6680036,0.4028121,-0.0007097553,-0.003000649,-0.02693178,4.12,69,-0.3440857491463362,-0.1152989305436969,0.9318321489677657,-0.3440857491463362,-0.1152989305436969,0.9318321489677657
0.1820585,0.3650599,-0.9130093,0,0.05180928,0.923676,0.3796558,0,-0.9819219,0.1164219,-0.1492495,0,7.473151,0.254745,-5.968682,1,0.1820584,0.05180928,-0.9819219,0,0.3650599,0.923676,0.1164219,0,-0.9130093,0.3796558,-0.1492495,0,-6.90301,1.643565,6.417569,1,0.6834952,0.4082898,-0.0007670969,-0.003028793,-0.02693113,4.14,70,-0.3325350762722495,-0.10285124182545273,0.9374657567631852,-0.3325350762722495,-0.10285124182545273,0.9374657567631852
0.202893,0.374007,-0.9049605,0,0.05476499,0.9184017,0.3918406,0,-0.9776683,0.1290619,-0.1658548,0,7.587631,0.2453954,-5.825531,1,0.2028929,0.05476503,-0.9776682,0,0.374007,0.9184018,0.1290618,0,-0.9049602,0.3918405,-0.1658547,0,-6.903129,1.64177,6.420322,1,0.7083176,0.363764,-0.0006778874,-0.003262917,-0.02699468,4.16,71,-0.3452473693856278,-0.11974839323949081,0.9308407899575869,-0.3452473693856278,-0.11974839323949081,0.9308407899575869
0.2371008,0.3865073,-0.8912886,0,0.05849658,0.9101049,0.4102283,0,-0.9697223,0.1494028,-0.1931773,0,7.771169,0.2165861,-5.584476,1,0.2371008,0.05849659,-0.9697223,0,0.3865073,0.910105,0.1494028,0,-0.8912885,0.4102283,-0.1931773,0,-6.903642,1.639207,6.424724,1,0.6309819,0.4191131,-0.0002191477,-0.003905586,-0.02729297,4.2,72,-0.431917219723544,-0.22132010085561854,0.8743368505693574,-0.431917219723544,-0.22132010085561854,0.8743368505693574
0.2609169,0.3927563,-0.8818531,0,0.0596102,0.9051973,0.4207903,0,-0.9635191,0.1623587,-0.212769,0,7.896831,0.1854713,-5.409592,1,0.2609169,0.05961021,-0.963519,0,0.3927563,0.9051973,0.1623587,0,-0.8818532,0.4207903,-0.212769,0,-6.903726,1.637684,6.42764,1,0.6340862,0.2782166,-0.000240745,-0.00391893,-0.02728914,4.22,73,-0.4204425471294323,-0.24421592215558177,0.8738344510998716,-0.4204425471294323,-0.24421592215558177,0.8738344510998716
0.284422,0.3974431,-0.8724352,0,0.0603226,0.9007974,0.4300294,0,-0.9567995,0.1749374,-0.2322319,0,8.01772,0.1450605,-5.233433,1,0.284422,0.06032262,-0.9567994,0,0.397443,0.9007974,0.1749374,0,-0.8724351,0.4300294,-0.2322318,0,-6.9039,1.63621,6.430604,1,0.633952,0.1970732,-0.0004297644,-0.003858574,-0.02720733,4.24,74,-0.39524074208268517,-0.22451363801900495,0.8907179026725573,-0.39524074208268517,-0.22451363801900495,0.8907179026725573
0.3076734,0.4016556,-0.8625601,0,0.06172401,0.8961994,0.4393368,0,-0.9494879,0.1884129,-0.2509449,0,8.131932,0.09576774,-5.059033,1,0.3076734,0.06172404,-0.9494878,0,0.4016556,0.8961994,0.1884129,0,-0.86256,0.4393367,-0.2509449,0,-6.904165,1.634857,6.433588,1,0.6320462,0.1873131,-0.0005432647,-0.003822334,-0.02717714,4.26,75,-0.3854777550178324,-0.21541727665214427,0.8972192024840894,-0.3854777550178324,-0.21541727665214427,0.8972192024840894
0.3203344,0.4041895,-0.8567478,0,0.06235458,0.8934479,0.4448177,0,-0.9452501,0.1959126,-0.2609991,0,8.192681,0.07007313,-4.962755,1,0.3203344,0.06235457,-0.9452501,0,0.4041895,0.8934479,0.1959125,0,-0.8567477,0.4448176,-0.2609991,0,-6.90455,1.634063,6.435131,1,0.644042,0.2896317,-0.0006112512,-0.003820213,-0.02715182,4.28,76,-0.364292465058043,-0.20459537899703284,0.9085327351257053,-0.364292465058043,-0.20459537899703284,0.9085327351257053
0.3436616,0.4072792,-0.8461798,0,0.06307788,0.8890142,0.453514,0,-0.9369727,0.2092306,-0.2798297,0,8.30245,0.01375556,-4.781914,1,0.3436616,0.0630779,-0.9369727,0,0.4072792,0.8890141,0.2092306,0,-0.8461799,0.453514,-0.2798297,0,-6.905196,1.632735,6.438169,1,0.6670709,0.287073,-0.0007016603,-0.003834381,-0.0271386,4.3,77,-0.34893100238698904,-0.18050900569203757,0.9195997251180988,-0.34893100238698904,-0.18050900569203757,0.9195997251180988
0.3667188,0.4096301,-0.8352967,0,0.06300279,0.8848522,0.4615921,0,-0.9281961,0.2219005,-0.2986841,0,8.408433,-0.04394364,-4.597624,1,0.3667188,0.0630028,-0.9281961,0,0.4096301,0.8848522,0.2219005,0,-0.8352967,0.4615921,-0.2986841,0,-6.90591,1.631356,6.441189,1,0.67641,0.30836,-0.0008579697,-0.003807083,-0.02709886,4.32,78,-0.325829607789756,-0.17452182995294152,0.9291809283220628,-0.325829607789756,-0.17452182995294152,0.9291809283220628
0.3890723,0.4110314,-0.8244247,0,0.06242976,0.8811172,0.4687591,0,-0.9190894,0.2338498,-0.3171577,0,8.508108,-0.1046469,-4.414323,1,0.3890723,0.06242979,-0.9190893,0,0.4110314,0.8811172,0.2338497,0,-0.8244246,0.468759,-0.3171577,0,-6.906532,1.6303,6.444147,1,0.6680236,0.1564701,-0.0009789951,-0.003812043,-0.02706632,4.34,79,-0.3175979940841904,-0.16761295364140097,0.9332938507915415,-0.3175979940841904,-0.16761295364140097,0.9332938507915415
0.4109413,0.4125675,-0.812967,0,0.06288445,0.8767902,0.4767438,0,-0.9094904,0.2470367,-0.3343652,0,8.599328,-0.1713326,-4.236188,1,0.4109413,0.06288443,-0.9094903,0,0.4125676,0.8767902,0.2470367,0,-0.812967,0.4767437,-0.3343652,0,-6.907013,1.629035,6.446898,1,0.6924086,0.07658705,-0.001164651,-0.003812401,-0.02704893,4.36,80,-0.28650694729129783,-0.15476307698200847,0.9454957213847571,-0.28650694729129783,-0.15476307698200847,0.9454957213847571
0.4415576,0.4133362,-0.7963543,0,0.0629362,0.8711121,0.4870346,0,-0.8950229,0.2651733,-0.3586324,0,8.721788,-0.272686,-3.98068,1,0.4415576,0.06293619,-0.8950229,0,0.4133361,0.871112,0.2651733,0,-0.7963544,0.4870346,-0.3586324,0,-6.908493,1.627353,6.450909,1,0.677739,0.2808762,-0.001377359,-0.003827202,-0.02702126,4.4,81,-0.2560592047238476,-0.13818881533915495,0.9567327395837102,-0.2560592047238476,-0.13818881533915495,0.9567327395837102
0.46003,0.4128236,-0.7860975,0,0.06363308,0.867736,0.4929351,0,-0.8856203,0.2767868,-0.3729154,0,8.790332,-0.3451593,-3.826691,1,0.46003,0.06363314,-0.8856202,0,0.4128235,0.867736,0.2767867,0,-0.7860973,0.4929351,-0.3729154,0,-6.909478,1.626461,6.4534,1,0.6623356,0.3031809,-0.001598365,-0.003837517,-0.02695165,4.42,82,-0.24374940372133638,-0.1288725981119236,0.961237786211807,-0.24374940372133638,-0.1288725981119236,0.961237786211807
0.4771984,0.4118483,-0.7763135,0,0.06479275,0.8644905,0.4984557,0,-0.8764038,0.2881618,-0.3858487,0,8.850208,-0.4194942,-3.683882,1,0.4771984,0.06479275,-0.8764037,0,0.4118482,0.8644904,0.2881618,0,-0.7763135,0.4984557,-0.3858487,0,-6.910385,1.625471,6.455817,1,0.6522123,0.3332565,-0.001625718,-0.003839195,-0.02695842,4.44,83,-0.2323492001806999,-0.12501749481353408,0.9645643965883963,-0.2323492001806999,-0.12501749481353408,0.9645643965883963
0.4928095,0.4108257,-0.767047,0,0.06538655,0.8615474,0.5034488,0,-0.867677,0.2982589,-0.3977162,0,8.903315,-0.4864857,-3.550663,1,0.4928094,0.06538656,-0.867677,0,0.4108257,0.8615474,0.2982589,0,-0.7670469,0.5034488,-0.3977162,0,-6.911302,1.624551,6.458143,1,0.6360857,0.3366979,-0.001852097,-0.00393148,-0.02691795,4.46,84,-0.2300039383957403,-0.10617965380031325,0.967380002605643,-0.2300039383957403,-0.10617965380031325,0.967380002605643
0.5000513,0.4104536,-0.7625462,0,0.06547412,0.8601031,0.505901,0,-0.8635172,0.3029035,-0.4032216,0,8.927554,-0.5165429,-3.487692,1,0.5000513,0.06547414,-0.8635172,0,0.4104536,0.8601031,0.3029034,0,-0.7625461,0.5059009,-0.4032215,0,-6.911744,1.624183,6.459246,1,0.65042,0.3126833,-0.001867295,-0.003871445,-0.02688828,4.48,85,-0.2006763182413787,-0.11849870390984857,0.9724644324954876,-0.2006763182413787,-0.11849870390984857,0.9724644324954876
0.5138745,0.4100319,-0.7535295,0,0.06578575,0.8569558,0.5111742,0,-0.8553393,0.312251,-0.4133935,0,8.972093,-0.5741644,-3.367573,1,0.5138746,0.0657858,-0.8553392,0,0.4100319,0.8569558,0.3122509,0,-0.7535295,0.5111743,-0.4133934,0,-6.912671,1.623214,6.461333,1,0.6641014,0.3095466,-0.001999512,-0.003950852,-0.02672687,4.5,86,-0.19941416223469074,-0.104904493734285,0.9742838596089899,-0.19941416223469074,-0.104904493734285,0.9742838596089899
0.5271827,0.4100032,-0.7442955,0,0.0662923,0.853384,0.5170504,0,-0.8471621,0.3219212,-0.4227092,0,9.012871,-0.6302009,-3.252531,1,0.5271828,0.06629235,-0.8471621,0,0.4100032,0.853384,0.3219211,0,-0.7442954,0.5170504,-0.4227092,0,-6.913889,1.622042,6.463363,1,0.6755685,0.3234166,-0.002078133,-0.004036133,-0.02655212,4.52,87,-0.19203308748629383,-0.10104958547284644,0.9761722566157303,-0.19203308748629383,-0.10104958547284644,0.9761722566157303
0.5409,0.410197,-0.7342789,0,0.06609245,0.8495834,0.523297,0,-0.8384861,0.3315816,-0.4324288,0,9.05432,-0.6843309,-3.129909,1,0.5409001,0.06609244,-0.8384861,0,0.410197,0.8495835,0.3315817,0,-0.734279,0.523297,-0.4324288,0,-6.914999,1.620846,6.465371,1,0.6462346,0.3084114,-0.001294715,-0.004072594,-0.02706213,4.54,88,-0.2677287154175265,-0.12101109732101592,0.9558648697729427,-0.2677287154175265,-0.12101109732101592,0.9558648697729427
