mat_00,mat_10,mat_20,mat_30,mat_01,mat_11,mat_21,mat_31,mat_02,mat_12,mat_22,mat_32,mat_03,mat_13,mat_23,mat_33,ctw_00,ctw_10,ctw_20,ctw_30,ctw_01,ctw_11,ctw_21,ctw_31,ctw_02,ctw_12,ctw_22,ctw_32,ctw_03,ctw_13,ctw_23,ctw_33,opennessl,opennessr,eye_x,eye_y,eye_z,time,frame,ray_x,ray_y,ray_z,base_x,base_y,base_z
-0.3320735,-0.07165175,-0.9405283,0,0.0402788,0.995124,-0.09003228,0,-0.9423932,0.06778067,0.3275682,0,3.70258,-2.548787,-8.62107,1,-0.3320734,0.0402788,-0.9423931,0,-0.07165175,0.995124,0.06778067,0,-0.9405282,-0.09003228,0.3275682,0,-7.061456,1.611049,6.486032,1,0.0,0.0,0.0,0.0,0.0,2.62,1,0.011107266736622651,-0.02589634787613843,0.9996029250619066,0.011107266736622651,-0.02589634787613843,0.9996029250619066
-0.3322194,-0.07164275,-0.9404773,0,0.04037221,0.9951171,-0.09006634,0,-0.9423377,0.06789093,0.3277048,0,3.701021,-2.54946,-8.621659,1,-0.3322193,0.0403722,-0.9423377,0,-0.07164276,0.9951172,0.06789093,0,-0.9404773,-0.09006634,0.3277048,0,-7.061574,1.611072,6.486057,1,0.0,0.0,0.0,0.0,0.0,2.64,2,0.011107266736622651,-0.02589634787613843,0.9996029250619066,0.011107266736622651,-0.02589634787613843,0.9996029250619066
-0.332091,-0.07182477,-0.9405088,0,0.04013722,0.9951175,-0.09016747,0,-0.9423931,0.06769321,0.3275867,0,3.702659,-2.549424,-8.621187,1,-0.3320909,0.04013722,-0.9423929,0,-0.07182477,0.9951175,0.0676932,0,-0.9405087,-0.09016746,0.3275867,0,-7.061795,1.611012,6.486125,1,0.06964663,0.0,0.0,0.0,0.0,2.66,3,0.011107266736622651,-0.02589634787613843,0.9996029250619066,0.011107266736622651,-0.02589634787613843,0.9996029250619066
-0.3316407,-0.07225305,-0.9406349,0,0.03870976,0.995181,-0.09009085,0,-0.9426113,0.06628954,0.3272456,0,3.709517,-2.543546,-8.620268,1,-0.3316407,0.03870976,-0.9426113,0,-0.07225306,0.9951811,0.06628954,0,-0.9406348,-0.09009085,0.3272456,0,-7.062076,1.611087,6.486188,1,0.1424757,0.0,0.0,0.0,0.0,2.68,4,0.011107266736622651,-0.02589634787613843,0.9996029250619066,0.011107266736622651,-0.02589634787613843,0.9996029250619066
-0.331677,-0.07212136,-0.9406323,0,0.0388299,0.9951849,-0.08999592,0,-0.9425936,0.06637421,0.3272793,0,3.709004,-2.543127,-8.620933,1,-0.3316768,0.03882989,-0.9425936,0,-0.07212134,0.9951849,0.06637422,0,-0.940632,-0.08999592,0.3272794,0,-7.062349,1.611013,6.486335,1,0.4082447,0.3793442,0.0,0.0,0.0,2.7,5,0.011107266736622651,-0.02589634787613843,0.9996029250619066,0.011107266736622651,-0.02589634787613843,0.9996029250619066
-0.332049,-0.07188466,-0.9405192,0,0.03968665,0.9951443,-0.09007102,0,-0.942427,0.06723402,0.3275838,0,3.703965,-2.54699,-8.622151,1,-0.3320489,0.03968663,-0.9424267,0,-0.07188465,0.9951443,0.06723402,0,-0.9405189,-0.09007102,0.3275837,0,-7.062489,1.611019,6.486436,1,0.5447696,0.6184927,0.0,0.0,0.0,2.72,6,0.011107266736622651,-0.02589634787613843,0.9996029250619066,0.011107266736622651,-0.02589634787613843,0.9996029250619066
-0.3319507,-0.07161883,-0.940574,0,0.03982574,0.9951605,-0.0898307,0,-0.9424556,0.06727841,0.3274919,0,3.704688,-2.545469,-8.622572,1,-0.3319506,0.03982574,-0.9424556,0,-0.07161885,0.9951605,0.06727841,0,-0.940574,-0.0898307,0.3274919,0,-7.062697,1.611036,6.486581,1,0.8334928,0.8318239,0.0,0.0,0.0,2.74,7,0.011107266736622651,-0.02589634787613843,0.9996029250619066,0.011107266736622651,-0.02589634787613843,0.9996029250619066
-0.3318174,-0.07183574,-0.9406046,0,0.04000096,0.9951281,-0.09011097,0,-0.9424952,0.06752547,0.3273273,0,3.705632,-2.548557,-8.62151,1,-0.3318173,0.04000097,-0.9424951,0,-0.07183575,0.9951282,0.06752548,0,-0.9406045,-0.09011097,0.3273273,0,-7.062915,1.611019,6.486688,1,0.8334928,0.8318239,-0.0007223515,0.0005186615,-0.02067481,2.76,8,0.10308094628119714,-0.17090138691354845,0.9798811328241801,0.10308094628119714,-0.17090138691354845,0.9798811328241801
-0.3311837,-0.07186154,-0.9408259,0,0.04055561,0.9950901,-0.09028245,0,-0.9426944,0.06805583,0.3266431,0,3.710517,-2.552179,-8.618563,1,-0.3311836,0.04055561,-0.9426944,0,-0.07186155,0.9950901,0.06805583,0,-0.9408258,-0.09028245,0.3266432,0,-7.063108,1.611061,6.486769,1,0.9552906,0.8955145,-0.0007113572,0.0004726257,-0.02062926,2.78,9,0.11739105258086577,-0.15125132736545452,0.9815000645665515,0.11739105258086577,-0.15125132736545452,0.9815000645665515
-0.3306187,-0.07111307,-0.9410813,0,0.040752,0.9951513,-0.08951579,0,-0.9428841,0.06794654,0.3261176,0,3.715453,-2.546297,-8.618345,1,-0.3306187,0.040752,-0.9428842,0,-0.07111307,0.9951513,0.06794656,0,-0.9410815,-0.0895158,0.3261177,0,-7.063242,1.611061,6.486849,1,0.9624172,0.9332948,-0.0007108077,0.0004677124,-0.02071973,2.8,10,0.11770199929920906,-0.139613829435745,0.9831857494854447,0.11770199929920906,-0.139613829435745,0.9831857494854447
-0.3301518,-0.07086628,-0.941264,0,0.04087728,0.9951689,-0.08926256,0,-0.9430423,0.06794649,0.32566,0,3.719608,-2.544531,-8.617496,1,-0.3301518,0.04087728,-0.9430424,0,-0.07086627,0.995169,0.06794651,0,-0.9412638,-0.08926256,0.32566,0,-7.063623,1.610971,6.487013,1,0.9901323,0.9564142,-0.0007088929,0.0004476624,-0.0206657,2.82,11,0.11929609671860132,-0.1351919972672652,0.9836114909773035,0.11929609671860132,-0.1351919972672652,0.9836114909773035
-0.3299178,-0.07131732,-0.9413119,0,0.04103586,0.9951162,-0.08977628,0,-0.9431173,0.06824633,0.32538,0,3.721504,-2.549686,-8.615652,1,-0.3299178,0.04103586,-0.9431173,0,-0.07131732,0.9951162,0.06824633,0,-0.9413119,-0.08977627,0.32538,0,-7.064063,1.611038,6.487182,1,0.9938648,0.9700562,-0.0007066568,0.0004281235,-0.02064495,2.84,12,0.12109421856305044,-0.1308594410403916,0.983977640457953,0.12109421856305044,-0.1308594410403916,0.983977640457953
-0.3298473,-0.07197334,-0.9412867,0,0.04132848,0.9950326,-0.09056531,0,-0.9431292,0.06877467,0.3252343,0,3.721585,-2.557698,-8.613968,1,-0.3298473,0.04132848,-0.9431292,0,-0.07197334,0.9950325,0.06877467,0,-0.9412866,-0.09056529,0.3252343,0,-7.064744,1.611059,6.487398,1,1.0,1.0,-0.0007059705,0.0004166031,-0.0206319,2.88,13,0.12272830118375054,-0.12810556746769633,0.9841375552595938,0.12272830118375054,-0.12810556746769633,0.9841375552595938
-0.3300267,-0.07199996,-0.9412218,0,0.04170114,0.9950015,-0.09073585,0,-0.9430501,0.06919527,0.3253746,0,3.719292,-2.560601,-8.614344,1,-0.3300267,0.04170114,-0.94305,0,-0.07199996,0.9950016,0.06919528,0,-0.9412217,-0.09073586,0.3253746,0,-7.064905,1.611074,6.487549,1,1.0,1.0,-0.0007057041,0.0004153138,-0.0206118,2.9,14,0.1232013728941923,-0.12799458928235075,0.984092885266136,0.1232013728941923,-0.12799458928235075,0.984092885266136
-0.3301212,-0.07112781,-0.9412551,0,0.04254621,0.9950224,-0.09011284,0,-0.9429793,0.06979498,0.3254517,0,3.716873,-2.558321,-8.616398,1,-0.3301211,0.0425462,-0.9429792,0,-0.07112779,0.9950224,0.06979498,0,-0.9412549,-0.09011284,0.3254516,0,-7.065176,1.610999,6.487713,1,1.0,1.0,-0.0004976038,0.0002518616,-0.02095918,2.92,15,0.07898744008419306,-0.17606468201938094,0.9812044700542086,0.07898744008419306,-0.17606468201938094,0.9812044700542086
-0.3302368,-0.06968406,-0.9413224,0,0.04303223,0.9951227,-0.08876344,0,-0.9429167,0.06982014,0.3256274,0,3.714878,-2.548359,-8.620348,1,-0.3302367,0.04303221,-0.9429166,0,-0.06968405,0.9951227,0.06982015,0,-0.9413223,-0.08876345,0.3256274,0,-7.065317,1.610899,6.487769,1,1.0,1.0,-1.931004e-05,-0.0002250595,-0.02079809,2.94,16,0.0010409352018187824,-0.2597602419831021,0.9656725807119024,0.0010409352018187824,-0.2597602419831021,0.9656725807119024
-0.3302038,-0.0683696,-0.9414305,0,0.04314813,0.9952374,-0.0874113,0,-0.9429231,0.06948449,0.3256811,0,3.715025,-2.536955,-8.623698,1,-0.3302036,0.04314812,-0.9429228,0,-0.06836959,0.9952374,0.06948448,0,-0.9414303,-0.08741129,0.325681,0,-7.065346,1.610768,6.487835,1,1.0,1.0,0.000285767,-0.0006188965,-0.02088051,2.96,17,-0.046582545728808454,-0.3402485138311776,0.9391810343427398,-0.046582545728808454,-0.3402485138311776,0.9391810343427398
-0.3301717,-0.06544958,-0.9416493,0,0.04311132,0.9955066,-0.08430914,0,-0.942936,0.06843222,0.3258665,0,3.71541,-2.509638,-8.631697,1,-0.3301716,0.04311131,-0.9429358,0,-0.06544957,0.9955066,0.06843222,0,-0.941649,-0.08430913,0.3258664,0,-7.06556,1.610454,6.487913,1,1.0,1.0,0.0003030393,-0.000783226,-0.02094692,2.98,18,-0.045026922197520775,-0.3790539558147184,0.9242784617519939,-0.045026922197520775,-0.3790539558147184,0.9242784617519939
-0.3306562,-0.06137329,-0.9417538,0,0.04317934,0.9958544,-0.08005955,0,-0.9427631,0.06713647,0.3266354,0,3.710864,-2.472744,-8.644361,1,-0.3306561,0.04317933,-0.9427628,0,-0.06137327,0.9958544,0.06713647,0,-0.9417534,-0.08005954,0.3266352,0,-7.065597,1.610196,6.488029,1,1.0,1.0,0.0003132857,-0.0007922821,-0.02094726,3.0,19,-0.044780773707736254,-0.37930375725305615,0.9241879365366393,-0.044780773707736254,-0.37930375725305615,0.9241879365366393
-0.3318714,-0.05708382,-0.9415959,0,0.04319187,0.996201,-0.07561748,0,-0.9423353,0.06576457,0.3281451,0,3.699375,-2.433715,-8.660118,1,-0.3318715,0.04319186,-0.9423354,0,-0.05708381,0.9962009,0.06576458,0,-0.9415959,-0.07561748,0.3281451,0,-7.06554,1.60983,6.487879,1,1.0,1.0,0.0003092419,-0.000782219,-0.02094713,3.02,20,-0.04376017947713412,-0.38038727632269204,0.9237914086545366,-0.04376017947713412,-0.38038727632269204,0.9237914086545366
-0.334321,-0.05295475,-0.9409705,0,0.04311281,0.9965157,-0.07139837,0,-0.9414727,0.06443784,0.3308731,0,3.676546,-2.396116,-8.680244,1,-0.334321,0.0431128,-0.9414725,0,-0.05295474,0.9965158,0.06443784,0,-0.9409703,-0.07139837,0.330873,0,-7.065592,1.609506,6.487827,1,1.0,1.0,0.0003097607,-0.0007761917,-0.02094666,3.04,21,-0.04104445638625973,-0.3787001085553177,0.9246088796784006,-0.04104445638625973,-0.3787001085553177,0.9246088796784006
-0.3358343,-0.05034863,-0.9405745,0,0.04326373,0.9966919,-0.06879999,0,-0.940927,0.06379815,0.332545,0,3.661933,-2.373681,-8.692456,1,-0.3358343,0.04326373,-0.940927,0,-0.05034863,0.9966919,0.06379815,0,-0.9405745,-0.06879999,0.332545,0,-7.065612,1.609359,6.487681,1,1.0,1.0,0.0003064582,-0.0007703782,-0.02094553,3.06,22,-0.04190089970211027,-0.37873614653874504,0.9245557018963951,-0.04190089970211027,-0.37873614653874504,0.9245557018963951
-0.3399435,-0.04467026,-0.9393844,0,0.04322799,0.9970733,-0.06305682,0,-0.9394519,0.06204345,0.3370175,0,3.623182,-2.322316,-8.722193,1,-0.3399434,0.04322799,-0.9394518,0,-0.04467025,0.9970734,0.06204345,0,-0.9393843,-0.06305683,0.3370176,0,-7.065553,1.608902,6.487422,1,1.0,1.0,0.0003028717,-0.0007636033,-0.02094219,3.08,23,-0.04314151034273998,-0.3775907245778036,0.9249670560610018,-0.04314151034273998,-0.3775907245778036,0.9249670560610018
-0.3459767,-0.03864816,-0.9374469,0,0.04272495,0.9974658,-0.05689075,0,-0.93727,0.05973524,0.3434488,0,3.566935,-2.264997,-8.760109,1,-0.3459767,0.04272494,-0.9372697,0,-0.03864815,0.9974658,0.05973523,0,-0.9374467,-0.05689075,0.3434486,0,-7.065596,1.608491,6.487127,1,1.0,1.0,-4.919432e-05,-0.0007181092,-0.02093527,3.1,24,-0.002641790138859328,-0.36714516517230084,0.9301599048741385,-0.002641790138859328,-0.36714516517230084,0.9301599048741385
-0.3550028,-0.03345565,-0.9342665,0,0.04195871,0.9977822,-0.05167359,0,-0.9339233,0.05754488,0.3528117,0,3.48209,-2.214173,-8.806713,1,-0.3550027,0.0419587,-0.9339231,0,-0.03345564,0.9977822,0.05754488,0,-0.9342663,-0.05167359,0.3528116,0,-7.065741,1.608083,6.48653,1,1.0,1.0,-0.0008786926,-0.0006848908,-0.02098714,3.12,25,0.1227446928966421,-0.3758736355876892,0.9185057160604945,0.1227446928966421,-0.3758736355876892,0.9185057160604945
-0.3667938,-0.02883386,-0.9298553,0,0.04094812,0.9980505,-0.04710106,0,-0.9294007,0.0553522,0.364898,0,3.370191,-2.167394,-8.86126,1,-0.3667937,0.04094812,-0.9294007,0,-0.02883387,0.9980505,0.05535221,0,-0.9298554,-0.04710105,0.364898,0,-7.06602,1.607791,6.485683,1,1.0,1.0,-0.001532715,-0.0007851029,-0.02110401,3.14,26,0.26447239392778404,-0.372285181970849,0.8896393067614757,0.26447239392778404,-0.372285181970849,0.8896393067614757
-0.3729718,-0.02658791,-0.9274618,0,0.04054199,0.9981676,-0.04491851,0,-0.9269567,0.05435447,0.3712105,0,3.310897,-2.14508,-8.888679,1,-0.3729716,0.04054197,-0.9269563,0,-0.0265879,0.9981676,0.05435446,0,-0.9274616,-0.04491851,0.3712103,0,-7.066071,1.607653,6.48522,1,1.0,1.0,-0.002206397,-0.0008270493,-0.02136797,3.16,27,0.35434137915468134,-0.3809632703377429,0.8539960033116843,0.35434137915468134,-0.3809632703377429,0.8539960033116843
-0.3866478,-0.02135045,-0.9219803,0,0.03854572,0.9984843,-0.03928686,0,-0.9214216,0.05072857,0.3852389,0,3.180705,-2.084511,-8.949663,1,-0.3866479,0.03854572,-0.9214215,0,-0.02135045,0.9984843,0.05072857,0,-0.9219803,-0.03928685,0.3852388,0,-7.066105,1.607145,6.484271,1,1.0,1.0,-0.002685097,-0.0009341584,-0.02157581,3.18,28,0.4022443330541508,-0.38897078981075905,0.8287950417321618,0.4022443330541508,-0.38897078981075905,0.8287950417321618
-0.4010239,-0.01506651,-0.9159437,0,0.03540987,0.9988626,-0.03193382,0,-0.9153829,0.04523967,0.4000342,0,3.043986,-2.004543,-9.014263,1,-0.4010239,0.03540987,-0.9153831,0,-0.01506651,0.9988625,0.04523968,0,-0.9159437,-0.03193382,0.4000342,0,-7.066048,1.606616,6.483112,1,1.0,1.0,-0.002633194,-0.0009412919,-0.02155111,3.2,29,0.38970687972980844,-0.3928466117650895,0.8329466294522992,0.38970687972980844,-0.3928466117650895,0.8329466294522992
-0.4155831,-0.007568384,-0.9095238,0,0.03284308,0.9991884,-0.0233213,0,-0.9089621,0.0395635,0.4149973,0,2.902591,-1.914589,-9.079152,1,-0.4155831,0.03284308,-0.908962,0,-0.007568379,0.9991883,0.0395635,0,-0.9095236,-0.02332129,0.4149972,0,-7.065926,1.605967,6.481915,1,1.0,1.0,-0.002622521,-0.0009319916,-0.02154235,3.22,30,0.38744755638939843,-0.3912854022602946,0.834733565292473,0.38744755638939843,-0.3912854022602946,0.834733565292473
-0.43098,0.0005550757,-0.9023614,0,0.02824397,0.9995182,-0.01287486,0,-0.9019195,0.03103507,0.430788,0,2.754311,-1.801483,-9.146944,1,-0.43098,0.02824397,-0.9019193,0,0.0005550792,0.9995182,0.03103507,0,-0.9023612,-0.01287486,0.4307879,0,-7.065795,1.605057,6.480468,1,1.0,1.0,-0.002510605,-0.0009116364,-0.02149499,3.24,31,0.3821642099416926,-0.37221405840587424,0.8458174811179245,0.3821642099416926,-0.37221405840587424,0.8458174811179245
-0.4390033,0.005437927,-0.8984692,0,0.0248729,0.999672,-0.006102756,0,-0.8981412,0.02502666,0.4389946,0,2.677864,-1.727769,-9.183009,1,-0.4390032,0.02487289,-0.898141,0,0.005437929,0.9996721,0.02502665,0,-0.8984689,-0.006102758,0.4389945,0,-7.065661,1.604554,6.47963,1,1.0,1.0,-0.002433549,-0.0008843766,-0.0214442,3.26,32,0.36368340819956907,-0.3780112591950326,0.8513764540566832,0.36368340819956907,-0.3780112591950326,0.8513764540566832
-0.4559528,0.01632588,-0.8898542,0,0.01741662,0.999804,0.009418981,0,-0.8898336,0.01120364,0.4561477,0,2.514921,-1.560191,-9.256791,1,-0.4559528,0.01741662,-0.8898336,0,0.01632588,0.999804,0.01120364,0,-0.8898543,0.00941898,0.4561478,0,-7.065038,1.603273,6.477805,1,1.0,1.0,-0.002329552,-0.0008418503,-0.02141237,3.28,33,0.3683612341655244,-0.37064796072520756,0.8526019530673717,0.3683612341655244,-0.37064796072520756,0.8526019530673717
-0.4740089,0.02991951,-0.8800117,0,0.009003001,0.999535,0.02913381,0,-0.8804742,-0.005886937,0.4740579,0,2.338627,-1.351228,-9.33324,1,-0.4740088,0.009003003,-0.8804739,0,0.0299195,0.999535,-0.005886937,0,-0.8800115,0.0291338,0.4740577,0,-7.0644,1.601458,6.47564,1,1.0,1.0,-0.002241387,-0.0007857666,-0.02134784,3.3,34,0.3531031757238093,-0.36260469746593144,0.8624592631941529,0.3531031757238093,-0.36260469746593144,0.8624592631941529
-0.4938859,0.04774271,-0.8682152,0,0.001450989,0.9985353,0.05408356,0,-0.8695257,-0.02545132,0.4932318,0,2.137701,-1.094782,-9.412442,1,-0.4938857,0.001450996,-0.8695255,0,0.04774271,0.9985355,-0.02545133,0,-0.8682149,0.05408355,0.4932317,0,-7.063975,1.599135,6.473437,1,1.0,1.0,-0.002212921,-0.0007845307,-0.02131867,3.32,35,0.33732020904193677,-0.34137679490343953,0.8773123505760985,0.33732020904193677,-0.34137679490343953,0.8773123505760985
-0.5048834,0.05813865,-0.8612275,0,-0.001627686,0.9976633,0.06830319,0,-0.8631861,-0.03588695,0.5036091,0,2.022953,-0.9512843,-9.452052,1,-0.5048834,-0.001627678,-0.863186,0,0.05813865,0.9976634,-0.03588695,0,-0.8612273,0.06830319,0.5036089,0,-7.063704,1.59796,6.472184,1,1.0,1.0,-0.002180893,-0.0007542114,-0.02127087,3.34,36,0.31382636361029503,-0.3317804408778142,0.8896261869763402,0.31382636361029503,-0.3317804408778142,0.8896261869763402
-0.5266035,0.07414448,-0.8468717,0,-0.005861986,0.9958489,0.09083272,0,-0.8500909,-0.05279716,0.5239828,0,1.789665,-0.7240464,-9.51656,1,-0.5266033,-0.005861988,-0.8500909,0,0.07414449,0.995849,-0.05279717,0,-0.8468714,0.09083272,0.5239828,0,-7.063175,1.595947,6.469664,1,1.0,1.0,-0.002111564,-0.0006608735,-0.02122365,3.36,37,0.3125961785610499,-0.31768238668096443,0.895187986035176,0.3125961785610499,-0.31768238668096443,0.895187986035176
-0.549107,0.08778702,-0.8311288,0,-0.008220453,0.9938526,0.1104056,0,-0.8357117,-0.06745674,0.5450097,0,1.539574,-0.5281567,-9.570415,1,-0.5491069,-0.008220456,-0.8357117,0,0.08778701,0.9938526,-0.06745674,0,-0.8311287,0.1104056,0.5450097,0,-7.06249,1.594193,6.466981,1,1.0,1.0,-0.00192682,-0.0003380203,-0.02108076,3.38,38,0.2842936417600661,-0.29469654530196443,0.9123218025685269,0.2842936417600661,-0.29469654530196443,0.9123218025685269
-0.5729324,0.1008585,-0.8133733,0,-0.009750582,0.9914905,0.1298133,0,-0.8195447,-0.08230509,0.5670736,0,1.267304,-0.3346198,-9.616163,1,-0.5729324,-0.009750586,-0.8195447,0,0.1008585,0.9914905,-0.08230509,0,-0.8133732,0.1298133,0.5670736,0,-7.061701,1.592435,6.464144,1,1.0,1.0,-0.00183844,-0.0002486114,-0.02103601,3.4,39,0.27570471275840086,-0.2734945226888652,0.9215137858013831,0.27570471275840086,-0.2734945226888652,0.9215137858013831
-0.5851928,0.1076995,-0.8037103,0,-0.009912424,0.9901166,0.1398959,0,-0.8108337,-0.08983278,0.5783416,0,1.123614,-0.2347541,-9.635606,1,-0.5851927,-0.00991242,-0.8108335,0,0.1076995,0.9901165,-0.08983276,0,-0.8037102,0.1398959,0.5783414,0,-7.06142,1.591553,6.462646,1,1.0,1.0,-0.001944306,-0.00026828,-0.02106329,3.42,40,0.28804009907170053,-0.27868107828880273,0.9161712492381296,0.28804009907170053,-0.27868107828880273,0.9161712492381296
-0.6099359,0.1214222,-0.7830932,0,-0.009519026,0.9869976,0.1604527,0,-0.7923937,-0.1053201,0.6008495,0,0.8268328,-0.03107876,-9.665802,1,-0.6099359,-0.009519007,-0.7923936,0,0.1214222,0.9869976,-0.1053201,0,-0.7830931,0.1604527,0.6008494,0,-7.061134,1.589449,6.459595,1,1.0,1.0,-0.00246035,-0.0004045639,-0.02127921,3.44,41,0.3730723854265894,-0.29341837984280356,0.8801833045465804,0.3730723854265894,-0.29341837984280356,0.8801833045465804
-0.6341189,0.1341242,-0.7615143,0,-0.007861331,0.983672,0.1797987,0,-0.7731956,-0.1200002,0.6227107,0,0.5270782,0.1609316,-9.682735,1,-0.6341189,-0.007861324,-0.7731956,0,0.1341242,0.983672,-0.1200002,0,-0.7615142,0.1797987,0.6227106,0,-7.060894,1.586782,6.456388,1,1.0,1.0,-0.003308296,-0.0007809983,-0.02177985,3.46,42,0.4765135372105907,-0.35890990847216736,0.8025699511292156,0.4765135372105907,-0.35890990847216736,0.8025699511292156
-0.6577984,0.1404986,-0.7399742,0,-0.005853221,0.9814647,0.1915535,0,-0.7531716,-0.1303348,0.6447835,0,0.2251906,0.2788498,-9.689123,1,-0.6577981,-0.005853215,-0.7531713,0,0.1404985,0.9814647,-0.1303348,0,-0.7399739,0.1915535,0.6447834,0,-7.060745,1.583622,6.453337,1,1.0,1.0,-0.003361167,-0.0008731842,-0.02186034,3.48,43,0.48774176601659514,-0.36951534202001984,0.790927545161275,0.48774176601659514,-0.36951534202001984,0.790927545161275
-0.6813656,0.1407294,-0.7182871,0,-0.006282821,0.9801818,0.1980007,0,-0.7319164,-0.1394237,0.666978,0,-0.07970715,0.3444611,-9.686591,1,-0.6813655,-0.006282821,-0.7319162,0,0.1407294,0.9801818,-0.1394237,0,-0.718287,0.1980007,0.6669778,0,-7.060537,1.579816,6.450428,1,1.0,1.0,-0.003075195,-0.0007711411,-0.02169363,3.5,44,0.46922790262046854,-0.3480886410451007,0.8115783840010595,0.46922790262046854,-0.3480886410451007,0.8115783840010595
-0.7187991,0.1451569,-0.6798952,0,-0.01224136,0.9751655,0.2211386,0,-0.6951101,-0.1672771,0.6991712,0,-0.5742064,0.5680826,-9.656958,1,-0.718799,-0.01224135,-0.6951101,0,0.1451569,0.9751655,-0.1672771,0,-0.6798951,0.2211386,0.6991712,0,-7.060919,1.574523,6.447758,1,1.0,1.0,-0.002832878,-0.0007267228,-0.02153796,3.54,45,0.426959308637326,-0.32556037809238186,0.8436327334713144,0.426959308637326,-0.32556037809238186,0.8436327334713144
-0.7440422,0.1502773,-0.6510131,0,-0.016083,0.9700662,0.2423075,0,-0.6679392,-0.1907572,0.7193533,0,-0.9227567,0.7667469,-9.615938,1,-0.7440422,-0.01608295,-0.6679389,0,0.1502772,0.9700661,-0.1907572,0,-0.651013,0.2423074,0.7193531,0,-7.061895,1.571377,6.447172,1,1.0,1.0,-0.002762765,-0.0006957551,-0.02150838,3.56,46,0.42455981338121185,-0.31963219251955505,0.8471034330982568,0.42455981338121185,-0.31963219251955505,0.8471034330982568
-0.7689036,0.1539194,-0.6205611,0,-0.01572788,0.965743,0.2590233,0,-0.6391712,-0.2089241,0.7401425,0,-1.285131,0.9187423,-9.561991,1,-0.7689036,-0.0157279,-0.6391712,0,0.1539194,0.9657431,-0.2089241,0,-0.6205611,0.2590234,0.7401425,0,-7.063353,1.569298,6.447765,1,1.0,1.0,-0.002479478,-0.0004986954,-0.02133695,3.58,47,0.3899382401518718,-0.3003865728354726,0.8704688826876125,0.3899382401518718,-0.3003865728354726,0.8704688826876125
-0.791224,0.1556898,-0.5913758,0,-0.01106551,0.9632452,0.2683957,0,-0.6114263,-0.218905,0.76042,0,-1.629465,1.001082,-9.50251,1,-0.7912241,-0.01106553,-0.6114263,0,0.1556898,0.9632451,-0.218905,0,-0.5913758,0.2683957,0.7604199,0,-7.064684,1.568115,6.448742,1,1.0,1.0,-0.002396012,-0.0003574448,-0.02123901,3.6,48,0.35528954214419606,-0.2791482726891209,0.8921017784410297,0.35528954214419606,-0.2791482726891209,0.8921017784410297
-0.8012937,0.1556011,-0.577682,0,-0.006884448,0.9631237,0.2689708,0,-0.5982314,-0.2195017,0.7706738,0,-1.79241,1.005107,-9.473635,1,-0.8012938,-0.006884452,-0.5982315,0,0.1556012,0.9631237,-0.2195017,0,-0.5776821,0.2689708,0.7706739,0,-7.065392,1.56775,6.449429,1,1.0,1.0,-0.002217735,-0.0001781616,-0.02114524,3.62,49,0.3456729204953426,-0.26890527386102814,0.8989995471222141,0.3456729204953426,-0.26890527386102814,0.8989995471222141
-0.8199838,0.1511057,-0.5520813,0,0.000643149,0.9647674,0.2631035,0,-0.5723865,-0.2153855,0.7911909,0,-2.102905,0.9454761,-9.417871,1,-0.8199835,0.0006431422,-0.5723864,0,0.1511057,0.9647675,-0.2153855,0,-0.5520812,0.2631035,0.7911907,0,-7.066644,1.567062,6.4513,1,1.0,1.0,-0.002032196,-8.278654e-05,-0.0210632,3.64,50,0.3143977766646872,-0.25978758863778884,0.9130522694884803,0.3143977766646872,-0.25978758863778884,0.9130522694884803
-0.8380451,0.1455194,-0.5258368,0,0.00480289,0.965706,0.2595936,0,-0.5455797,-0.2150256,0.8100041,0,-2.409748,0.9036069,-9.350221,1,-0.8380452,0.004802909,-0.5455797,0,0.1455194,0.9657061,-0.2150256,0,-0.5258369,0.2595936,0.8100042,0,-7.06766,1.566213,6.453307,1,1.0,1.0,-0.001877296,-8.150484e-05,-0.02103323,3.66,51,0.3093321530324805,-0.25771887817613975,0.9153658279245092,0.3093321530324805,-0.25771887817613975,0.9153658279245092
-0.8557293,0.1396804,-0.4982137,0,0.005311944,0.9651942,0.2614805,0,-0.5173966,-0.22111,0.826687,0,-2.717022,0.903697,-9.267391,1,-0.8557292,0.005311974,-0.5173965,0,0.1396804,0.9651942,-0.22111,0,-0.4982136,0.2614805,0.8266867,0,-7.068404,1.565431,6.455268,1,1.0,1.0,-0.001609054,-0.0001528244,-0.02097181,3.68,52,0.2529139500188985,-0.2482941193550629,0.9350853245450558,0.2529139500188985,-0.2482941193550629,0.9350853245450558
-0.8730075,0.1359186,-0.4683848,0,0.004542828,0.962606,0.2708674,0,-0.4876859,-0.2343414,0.8409798,0,-3.029307,0.9678448,-9.164974,1,-0.8730073,0.004542881,-0.4876857,0,0.1359186,0.9626059,-0.2343414,0,-0.4683846,0.2708673,0.8409794,0,-7.068888,1.564601,6.457011,1,1.0,1.0,-0.001436645,-0.0001861267,-0.02094656,3.7,53,0.24150982496523637,-0.25285040188884206,0.936877622056324,0.24150982496523637,-0.25285040188884206,0.936877622056324
-0.8812654,0.1354193,-0.4528059,0,0.00513941,0.9607611,0.2773295,0,-0.4725941,-0.2420737,0.8473815,0,-3.185889,1.018,-9.106994,1,-0.8812651,0.005139412,-0.472594,0,0.1354193,0.9607611,-0.2420737,0,-0.4528058,0.2773295,0.8473813,0,-7.069169,1.563957,6.457895,1,1.0,1.0,-0.001279503,-0.0002417908,-0.02088154,3.72,54,0.24904792078295424,-0.24013367648783665,0.9382488745370932,0.24904792078295424,-0.24013367648783665,0.9382488745370932
-0.8969625,0.1383394,-0.4199053,0,0.008640088,0.9550866,0.2962008,0,-0.4420222,-0.262053,0.8578722,0,-3.499506,1.179096,-8.973045,1,-0.8969625,0.00864007,-0.4420222,0,0.1383394,0.9550866,-0.262053,0,-0.4199053,0.2962009,0.8578721,0,-7.06987,1.561921,6.459852,1,1.0,1.0,-0.001162041,-0.0002570191,-0.0208774,3.74,55,0.22320469421077604,-0.24320172004319132,0.9439452250264879,0.22320469421077604,-0.24320172004319132,0.9439452250264879
-0.9112028,0.1447829,-0.3856783,0,0.0154649,0.9475685,0.3191782,0,-0.4116682,-0.2848715,0.8656662,0,-3.80689,1.387272,-8.818531,1,-0.9112024,0.0154649,-0.411668,0,0.1447829,0.9475685,-0.2848715,0,-0.3856781,0.3191782,0.8656659,0,-7.070815,1.559021,6.461921,1,1.0,1.0,-0.0009992449,-0.0003337326,-0.02089762,3.76,56,0.17796068066913434,-0.23065580047278858,0.9566231744234693,0.17796068066913434,-0.23065580047278858,0.9566231744234693
-0.9234654,0.1541119,-0.351371,0,0.02543309,0.9383597,0.3447234,0,-0.3828384,-0.3094036,0.8704623,0,-4.09591,1.629744,-8.647413,1,-0.923465,0.0254331,-0.3828382,0,0.1541118,0.9383597,-0.3094035,0,-0.3513709,0.3447233,0.8704619,0,-7.072041,1.555851,6.463422,1,1.0,1.0,-0.0009581372,-0.0003111573,-0.02090293,3.78,57,0.15023509131881504,-0.2137148945773367,0.9652747594194231,0.15023509131881504,-0.2137148945773367,0.9652747594194231
-0.9341203,0.1607637,-0.3187073,0,0.03515289,0.9299316,0.3660484,0,-0.3552233,-0.3307297,0.8743194,0,-4.365795,1.831019,-8.474701,1,-0.9341202,0.03515288,-0.3552233,0,0.1607637,0.9299317,-0.3307297,0,-0.3187072,0.3660483,0.8743193,0,-7.073488,1.552898,6.464335,1,1.0,1.0,-0.002145653,-0.0006884537,-0.02124086,3.8,58,0.31912017933502473,-0.2932851590211729,0.9011915038653588,0.31912017933502473,-0.2932851590211729,0.9011915038653588
-0.948701,0.1515819,-0.2774696,0,0.0404013,0.9285079,0.369108,0,-0.3135828,-0.338963,0.8870006,0,-4.748128,1.823758,-8.269742,1,-0.9487009,0.04040132,-0.3135828,0,0.1515819,0.928508,-0.3389629,0,-0.2774696,0.369108,0.8870004,0,-7.075604,1.550884,6.46452,1,1.0,1.0,-0.002945024,-0.0004691849,-0.02154421,3.84,59,0.45770252674544143,-0.3328602185818709,0.8244467671696383,0.45770252674544143,-0.3328602185818709,0.8244467671696383
-0.9567989,0.1439558,-0.2526122,0,0.04176961,0.9278702,0.3705568,0,-0.2877351,-0.3439968,0.8937981,0,-4.976009,1.804359,-8.14048,1,-0.9567986,0.04176961,-0.287735,0,0.1439557,0.9278701,-0.3439967,0,-0.2526121,0.3705567,0.8937978,0,-7.07717,1.550145,6.464865,1,1.0,1.0,-0.003033393,-0.0004057999,-0.02157497,3.86,60,0.47381346538523145,-0.3303028236902309,0.8163337826415727,0.47381346538523145,-0.3303028236902309,0.8163337826415727
-0.9631308,0.1397705,-0.2298768,0,0.04497105,0.9260727,0.3746557,0,-0.2652484,-0.3505046,0.8982148,0,-5.172725,1.820609,-8.015431,1,-0.9631307,0.04497103,-0.2652484,0,0.1397705,0.9260728,-0.3505046,0,-0.2298768,0.3746557,0.8982148,0,-7.079038,1.549634,6.465653,1,1.0,1.0,-0.002913353,-0.0005717926,-0.02153727,3.88,61,0.4457633033767123,-0.3075776409990811,0.8406491968235749,0.4457633033767123,-0.3075776409990811,0.8406491968235749
-0.9678948,0.1372143,-0.2105991,0,0.0495841,0.9256185,0.3751957,0,-0.2464167,-0.3527076,0.902705,0,-5.33718,1.81787,-7.91022,1,-0.9678947,0.0495841,-0.2464166,0,0.1372143,0.9256184,-0.3527076,0,-0.2105991,0.3751957,0.9027049,0,-7.081151,1.549865,6.466601,1,1.0,1.0,-0.002824563,-0.0005683747,-0.0214856,3.9,62,0.42720230979390456,-0.30457988773645606,0.851310330310399,0.42720230979390456,-0.30457988773645606,0.851310330310399
-0.9701719,0.1344855,-0.2016935,0,0.05060227,0.9260256,0.3740534,0,-0.2370781,-0.3526899,0.9052093,0,-5.416283,1.797773,-7.862205,1,-0.9701717,0.05060228,-0.237078,0,0.1344855,0.9260257,-0.3526899,0,-0.2016934,0.3740533,0.9052092,0,-7.082253,1.550177,6.466915,1,1.0,1.0,-0.002685928,-0.0005098648,-0.02141692,3.92,63,0.41209049569997824,-0.29855022138215,0.8608421392255468,0.41209049569997824,-0.29855022138215,0.8608421392255468
-0.9745356,0.1269293,-0.1848503,0,0.05095378,0.9281526,0.3686958,0,-0.2183676,-0.3498883,0.9109852,0,-5.57075,1.72252,-7.773111,1,-0.9745353,0.05095379,-0.2183676,0,0.1269293,0.9281526,-0.3498883,0,-0.1848503,0.3686957,0.9109849,0,-7.084393,1.551003,6.467406,1,1.0,1.0,-0.002554329,-0.0004533463,-0.02136488,3.94,64,0.4110673774838676,-0.29634761914161456,0.8620914683475485,0.4110673774838676,-0.29634761914161456,0.8620914683475485
-0.978645,0.1172155,-0.1688638,0,0.04876863,0.9304289,0.3632131,0,-0.1996899,-0.3472213,0.916276,0,-5.719419,1.63251,-7.68641,1,-0.9786445,0.04876862,-0.1996899,0,0.1172155,0.9304289,-0.3472213,0,-0.1688637,0.363213,0.9162756,0,-7.086589,1.551798,6.467602,1,1.0,1.0,-0.00244529,-0.0004872437,-0.02131898,3.96,65,0.38215616699546867,-0.29536967818508286,0.8756217318204089,0.38215616699546867,-0.29536967818508286,0.8756217318204089
-0.9820559,0.1105456,-0.1527949,0,0.04867789,0.93132,0.3609344,0,-0.1822006,-0.34702,0.9199893,0,-5.858812,1.582452,-7.593491,1,-0.9820555,0.04867788,-0.1822005,0,0.1105456,0.9313199,-0.3470199,0,-0.1527948,0.3609343,0.919989,0,-7.088858,1.552177,6.467592,1,1.0,1.0,-0.002365479,-0.0005451966,-0.02128844,3.98,66,0.35941757583222284,-0.2962376580445789,0.8849080495391324,0.35941757583222284,-0.2962376580445789,0.8849080495391324
-0.9848479,0.1065787,-0.1368045,0,0.0503218,0.9305506,0.3626891,0,-0.1659584,-0.3503094,0.9218141,0,-5.988657,1.577065,-7.494865,1,-0.984848,0.0503218,-0.1659585,0,0.1065787,0.9305506,-0.3503093,0,-0.1368046,0.3626891,0.921814,0,-7.091331,1.552127,6.467464,1,1.0,1.0,-0.00232032,-0.0005745316,-0.02128186,4.0,67,0.35854698966476184,-0.29621336264194464,0.8852692810635016,0.35854698966476184,-0.29621336264194464,0.8852692810635016
-0.9861609,0.1047477,-0.1285097,0,0.05126365,0.9297971,0.3644851,0,-0.1576669,-0.3528531,0.9222993,0,-6.054326,1.582047,-7.441942,1,-0.9861608,0.05126366,-0.1576669,0,0.1047477,0.9297971,-0.352853,0,-0.1285097,0.3644851,0.9222992,0,-7.092616,1.551861,6.46736,1,1.0,1.0,-0.002230522,-0.0006062088,-0.02125523,4.02,68,0.3526658876800011,-0.29863819402971753,0.8868156520571485,0.3526658876800011,-0.29863819402971753,0.8868156520571485
-0.9885375,0.1011063,-0.1121218,0,0.05263685,0.9268538,0.371714,0,-0.1415031,-0.3615515,0.9215517,0,-6.180333,1.618341,-7.331668,1,-0.9885373,0.05263685,-0.1415031,0,0.1011063,0.9268539,-0.3615514,0,-0.1121218,0.371714,0.9215515,0,-7.095154,1.550631,6.467088,1,1.0,1.0,-0.002121872,-0.0007337952,-0.02125618,4.04,69,0.32433195396295494,-0.2927576091091299,0.8995008426606824,0.32433195396295494,-0.2927576091091299,0.8995008426606824
-0.9907571,0.09649719,-0.09533542,0,0.05336777,0.9234214,0.3800589,0,-0.1247094,-0.3714582,0.9200362,0,-6.308168,1.656463,-7.214762,1,-0.9907569,0.05336777,-0.1247094,0,0.09649717,0.9234215,-0.3714581,0,-0.09533539,0.3800589,0.920036,0,-7.097527,1.549074,6.46646,1,1.0,1.0,-0.00204271,-0.0007338257,-0.02123107,4.06,70,0.3160978372069976,-0.2791934605711123,0.9067155942672351,0.3160978372069976,-0.2791934605711123,0.9067155942672351
-0.9926815,0.09147646,-0.07883939,0,0.05390787,0.919856,0.3885344,0,-0.1080626,-0.3814408,0.9180554,0,-6.432598,1.692184,-7.096601,1,-0.9926814,0.05390787,-0.1080626,0,0.09147645,0.919856,-0.3814408,0,-0.07883937,0.3885343,0.9180551,0,-7.099807,1.547475,6.465415,1,1.0,1.0,-0.001975525,-0.0006931305,-0.02119207,4.08,71,0.30181648098998204,-0.2805154191165778,0.911162944505907,0.30181648098998204,-0.2805154191165778,0.911162944505907
-0.9942813,0.08710811,-0.06178286,0,0.05542806,0.9154255,0.3986527,0,-0.09128348,-0.3929483,0.9150187,0,-6.55706,1.743632,-6.969938,1,-0.9942811,0.05542806,-0.09128346,0,0.08710809,0.9154255,-0.3929483,0,-0.06178285,0.3986526,0.9150184,0,-7.102068,1.545863,6.464228,1,1.0,1.0,-0.001851524,-0.0005858613,-0.02113632,4.1,72,0.2887757394981188,-0.26667699211606477,0.9195063643897431,0.2887757394981188,-0.26667699211606477,0.9195063643897431
-0.9949174,0.08533485,-0.05345627,0,0.05663338,0.9131535,0.4036624,0,-0.08326025,-0.3985834,0.9133451,0,-6.616469,1.771579,-6.906881,1,-0.9949172,0.05663338,-0.08326024,0,0.08533485,0.9131535,-0.3985833,0,-0.05345625,0.4036624,0.9133449,0,-7.103232,1.545038,6.463597,1,1.0,1.0,-0.00176651,-0.0005500641,-0.0211119,4.12,73,0.2832703002065904,-0.2592933766919599,0.9233227397960854,0.2832703002065904,-0.2592933766919599,0.9233227397960854
-0.9958147,0.08308505,-0.03808516,0,0.06011865,0.9093019,0.4117715,0,-0.06884296,-0.4077584,0.9104912,0,-6.723486,1.821823,-6.789827,1,-0.9958143,0.06011865,-0.06884293,0,0.08308504,0.9093019,-0.4077583,0,-0.03808514,0.4117714,0.9104908,0,-7.105301,1.543476,6.462073,1,1.0,1.0,-0.001722442,-0.0005019074,-0.02108724,4.14,74,0.27386385777554484,-0.2530513596599997,0.9278812406652703,0.27386385777554484,-0.2530513596599997,0.9278812406652703
-0.9963127,0.08238696,-0.02395072,0,0.06487928,0.9061152,0.4180263,0,-0.05614203,-0.414931,0.9081192,0,-6.816889,1.867055,-6.680995,1,-0.9963123,0.06487928,-0.05614201,0,0.08238693,0.9061152,-0.4149309,0,-0.02395072,0.4180262,0.908119,0,-7.105587,1.543339,6.459123,1,1.0,1.0,-0.001325097,-0.0004417115,-0.02093904,4.16,75,0.24686447922011026,-0.2466421832016042,0.9371368962776625,0.24686447922011026,-0.2466421832016042,0.9371368962776625
-0.996635,0.08117156,-0.01139554,0,0.06866071,0.9026662,0.4248288,0,-0.04477039,-0.4226168,0.905202,0,-6.900133,1.913615,-6.580735,1,-0.996635,0.06866073,-0.04477039,0,0.08117156,0.9026662,-0.4226168,0,-0.01139554,0.4248287,0.905202,0,-7.107236,1.542098,6.456698,1,1.0,1.0,-0.0009120256,-0.0003137436,-0.02089039,4.18,76,0.15542662768919435,-0.23648374464886734,0.9591235592571031,0.15542662768919435,-0.23648374464886734,0.9591235592571031
-0.9968426,0.07940096,0.0003968496,0,0.0716778,0.8977093,0.4347186,0,-0.03416082,-0.4333745,0.9005662,0,-6.976525,1.978374,-6.479265,1,-0.9968428,0.07167782,-0.03416082,0,0.07940096,0.8977093,-0.4333745,0,0.000396849,0.4347186,0.9005663,0,-7.109013,1.540714,6.454062,1,1.0,1.0,-0.0008493345,-0.0003251114,-0.02088149,4.2,77,0.14146740594251994,-0.22759039380548488,0.9634259627513463,0.14146740594251994,-0.22759039380548488,0.9634259627513463
-0.9969056,0.07839343,0.005829504,0,0.07294318,0.8948497,0.4403673,0,-0.02930537,-0.4394298,0.8977989,0,-7.011256,2.014835,-6.429881,1,-0.9969054,0.07294317,-0.02930537,0,0.07839343,0.8948497,-0.4394298,0,0.005829501,0.4403673,0.8977987,0,-7.110025,1.539958,6.45265,1,1.0,1.0,-0.0007352596,-0.0003519516,-0.02083939,4.22,78,0.1392994633540884,-0.21958592263464358,0.9655970599012589,0.1392994633540884,-0.21958592263464358,0.9655970599012589
-0.9970404,0.07530252,0.01549965,0,0.07419128,0.889539,0.4507949,0,-0.02015844,-0.4506106,0.8924931,0,-7.074853,2.073338,-6.339515,1,-0.9970402,0.07419127,-0.02015844,0,0.07530252,0.8895391,-0.4506106,0,0.01549965,0.4507948,0.8924929,0,-7.11178,1.538398,6.449623,1,1.0,1.0,-0.0007106168,-0.0003444367,-0.02085013,4.24,79,0.13408141681818947,-0.2183376810593175,0.9666182445483151,0.13408141681818947,-0.2183376810593175,0.9666182445483151
-0.9971384,0.07149834,0.02456197,0,0.07478253,0.8852123,0.459137,0,-0.01108497,-0.4596598,0.888026,0,-7.136378,2.111423,-6.255174,1,-0.9971381,0.07478251,-0.01108498,0,0.07149833,0.8852123,-0.4596598,0,0.02456197,0.4591369,0.8880258,0,-7.113279,1.5366,6.446186,1,1.0,1.0,-0.0006076051,-0.0002316208,-0.02082939,4.26,80,0.1216047117970943,-0.2059278367413056,0.9709819875382818,0.1216047117970943,-0.2059278367413056,0.9709819875382818
-0.9971511,0.06801588,0.0326112,0,0.07536722,0.8807922,0.4674665,0,-0.003071452,-0.4685926,0.8834091,0,-7.190253,2.150959,-6.176641,1,-0.9971511,0.0753672,-0.003071452,0,0.06801587,0.8807921,-0.4685925,0,0.0326112,0.4674664,0.883409,0,-7.11464,1.534734,6.442339,1,1.0,1.0,-0.0005684663,-0.0001740189,-0.0208913,4.28,81,0.11377316280421342,-0.19970824455523084,0.9732277659839932,0.11377316280421342,-0.19970824455523084,0.9732277659839932
-0.9970635,0.0649671,0.0405474,0,0.07643615,0.8769002,0.4745561,0,0.004725493,-0.4762618,0.8792911,0,-7.242637,2.18466,-6.099754,1,-0.997063,0.07643614,0.004725485,0,0.06496709,0.8769003,-0.4762617,0,0.04054739,0.4745561,0.8792907,0,-7.115968,1.532545,6.438152,1,1.0,1.0,-0.0004952466,-0.0001427002,-0.02088743,4.3,82,0.09889093105788727,-0.1804825573725662,0.9785942112227941,0.09889093105788727,-0.1804825573725662,0.9785942112227941
-0.9968691,0.05873171,0.05294239,0,0.07708146,0.8710761,0.4850617,0,0.01762835,-0.4876238,0.872876,0,-7.32707,2.221892,-5.978902,1,-0.9968687,0.07708145,0.01762834,0,0.0587317,0.8710762,-0.4876238,0,0.05294237,0.4850616,0.8728757,0,-7.118085,1.52948,6.43145,1,1.0,1.0,-0.0004288629,-5.01938e-05,-0.02102417,4.34,83,0.08915201569563004,-0.1689587970955795,0.9815828253292848,0.08915201569563004,-0.1689587970955795,0.9815828253292848
-0.9965808,0.05468391,0.06193979,0,0.07817326,0.8667777,0.4925297,0,0.02675458,-0.4956876,0.868089,0,-7.386436,2.251195,-5.890308,1,-0.9965805,0.07817325,0.02675457,0,0.05468389,0.8667777,-0.4956875,0,0.06193976,0.4925295,0.8680885,0,-7.119439,1.527287,6.426819,1,1.0,1.0,-0.0004010927,1.50298e-06,-0.02106513,4.36,84,0.08573406002533612,-0.16343360701549214,0.9828220220617149,0.08573406002533612,-0.16343360701549214,0.9828220220617149
-0.9961194,0.05192428,0.07106481,0,0.08049571,0.8639938,0.4970263,0,0.03559183,-0.5008179,0.8648207,0,-7.444805,2.267916,-5.805738,1,-0.9961193,0.08049571,0.03559182,0,0.05192428,0.8639938,-0.5008178,0,0.0710648,0.4970262,0.8648205,0,-7.121089,1.525414,6.421709,1,1.0,1.0,-0.001542838,3.395847e-05,-0.02099503,4.38,85,0.2622340196749312,-0.12475806210220548,0.9569058181794224,0.2622340196749312,-0.12475806210220548,0.9569058181794224
-0.9955536,0.04945485,0.08017232,0,0.08302644,0.8627193,0.4988207,0,0.04449711,-0.5032591,0.8629893,0,-7.502925,2.266659,-5.726424,1,-0.9955533,0.08302642,0.0444971,0,0.04945484,0.8627193,-0.503259,0,0.0801723,0.4988206,0.8629891,0,-7.122559,1.523908,6.416416,1,1.0,1.0,-0.002028741,1.98441e-05,-0.02117681,4.4,86,0.3126733335137634,-0.09590873645812706,0.9450062966882266,0.3126733335137634,-0.09590873645812706,0.9450062966882266
-0.9952202,0.04922881,0.08434112,0,0.0849642,0.862265,0.4992797,0,0.04814546,-0.5040591,0.8623263,0,-7.527545,2.270134,-5.690443,1,-0.9952202,0.08496419,0.04814545,0,0.0492288,0.8622649,-0.5040591,0,0.08434112,0.4992796,0.8623261,0,-7.123382,1.523237,6.413716,1,1.0,1.0,-0.001970025,7.422635e-05,-0.02109701,4.42,87,0.3146123211339261,-0.10804212119742215,0.9430514235384435,0.3146123211339261,-0.10804212119742215,0.9430514235384435
-0.9944395,0.04780856,0.09383447,0,0.0886209,0.8612613,0.5003752,0,0.05689379,-0.5059084,0.8607091,0,-7.584738,2.272114,-5.608656,1,-0.9944391,0.08862088,0.05689377,0,0.04780856,0.8612614,-0.5059083,0,0.09383445,0.5003752,0.8607087,0,-7.124901,1.521714,6.408425,1,1.0,1.0,-0.001911926,2.373505e-05,-0.02109104,4.44,88,0.30634902872690284,-0.09986136665971722,0.9466667734989628,0.30634902872690284,-0.09986136665971722,0.9466667734989628
-0.9933794,0.04718427,0.1047432,0,0.09381038,0.8594556,0.5025292,0,0.06631065,-0.5090281,0.8581918,0,-7.64656,2.289173,-5.512496,1,-0.9933793,0.09381039,0.06631065,0,0.04718427,0.8594557,-0.5090282,0,0.1047432,0.5025293,0.8581918,0,-7.126551,1.520074,6.403081,1,1.0,1.0,-0.001855286,-5.73502e-05,-0.02109346,4.46,89,0.30050806164584176,-0.09945909447586929,0.9485793553582637,0.30050806164584176,-0.09945909447586929,0.9485793553582637
-0.9921477,0.04499517,0.1166986,0,0.09850506,0.8560616,0.5074005,0,0.07707062,-0.5149116,0.8537718,0,-7.714958,2.315063,-5.400792,1,-0.9921475,0.09850507,0.07707062,0,0.04499518,0.8560617,-0.5149115,0,0.1166986,0.5074005,0.8537717,0,-7.128278,1.51849,6.397693,1,1.0,1.0,-0.001706886,-0.0002041779,-0.02108749,4.48,90,0.2894163453853801,-0.1013941168757959,0.9518179511265523,0.2894163453853801,-0.1013941168757959,0.9518179511265523
