mat_00,mat_10,mat_20,mat_30,mat_01,mat_11,mat_21,mat_31,mat_02,mat_12,mat_22,mat_32,mat_03,mat_13,mat_23,mat_33,ctw_00,ctw_10,ctw_20,ctw_30,ctw_01,ctw_11,ctw_21,ctw_31,ctw_02,ctw_12,ctw_22,ctw_32,ctw_03,ctw_13,ctw_23,ctw_33,opennessl,opennessr,eye_x,eye_y,eye_z,time,frame,ray_x,ray_y,ray_z,base_x,base_y,base_z
-0.02408612,-0.02563765,-0.9993812,0,0.01201381,0.9995915,-0.02593259,0,-0.9996378,0.01263099,0.02376819,0,6.316389,-1.778509,-7.025074,1,-0.02408603,0.01201381,-0.9996376,0,-0.02563765,0.9995915,0.01263099,0,-0.9993809,-0.02593259,0.02376827,0,-6.914186,1.51972,6.503538,1,0.0,0.0,0.001402404,0.000643135,-0.02800212,2.62,1,0.009413002338661484,-0.06646715516207244,0.9977442120461704,0.009413002338661484,-0.06646715516207244,0.9977442120461704
-0.03986764,-0.02244874,-0.9989529,0,0.007372638,0.9997138,-0.02276008,0,-0.9991778,0.008272305,0.03969061,0,6.218904,-1.726979,-7.139132,1,-0.03986752,0.007372636,-0.9991776,0,-0.02244874,0.9997137,0.008272306,0,-0.9989526,-0.02276008,0.03969071,0,-6.922491,1.518147,6.511434,1,0.9782994,0.9769551,0.001401857,0.00064917,-0.02801004,2.64,2,0.008591297316704938,-0.06806869070256202,0.9976436452744311,0.008591297316704938,-0.06806869070256202,0.9976436452744311
-0.03934419,-0.0221798,-0.9989796,0,0.007458281,0.9997193,-0.02248996,0,-0.999198,0.008335515,0.03916764,0,6.222835,-1.725365,-7.136256,1,-0.0393441,0.007458277,-0.9991978,0,-0.0221798,0.9997192,0.008335519,0,-0.9989794,-0.02248996,0.03916772,0,-6.922409,1.517975,6.511735,1,0.9839562,0.9851987,0.001394867,0.000666565,-0.02801442,2.68,3,0.006047007740222203,-0.07004415315851749,0.9975255637354342,0.006047007740222203,-0.07004415315851749,0.9975255637354342
-0.03940141,-0.02150808,-0.9989921,0,0.007460995,0.9997341,-0.02181832,0,-0.9991957,0.008313146,0.03923047,0,6.22258,-1.720489,-7.137702,1,-0.03940141,0.007460994,-0.9991955,0,-0.02150807,0.9997341,0.008313145,0,-0.9989918,-0.02181832,0.03923045,0,-6.922332,1.517873,6.511893,1,0.9744057,0.9739084,0.00139476,0.0006684876,-0.02801658,2.7,4,0.00603365032722385,-0.07029350997912148,0.9975081039864006,0.00603365032722385,-0.07029350997912148,0.9975081039864006
-0.03937089,-0.02087801,-0.9990065,0,0.007565153,0.9997468,-0.02119163,0,-0.9991961,0.008391972,0.03920305,0,6.222647,-1.716598,-7.138384,1,-0.03937096,0.007565153,-0.999196,0,-0.02087801,0.9997469,0.008391971,0,-0.9990065,-0.02119163,0.03920298,0,-6.92214,1.517814,6.511895,1,0.9834964,0.9785876,0.001394722,0.0006702729,-0.02802081,2.72,5,0.00614332393915273,-0.06959348398240071,0.9975565179768865,0.00614332393915273,-0.06959348398240071,0.9975565179768865
-0.03949893,-0.02140399,-0.9989904,0,0.007356198,0.9997372,-0.02171085,0,-0.9991926,0.008206323,0.03933108,0,6.222022,-1.719115,-7.137872,1,-0.03949891,0.007356195,-0.9991925,0,-0.02140399,0.9997372,0.008206326,0,-0.9989904,-0.02171085,0.03933109,0,-6.921699,1.517924,6.511846,1,0.9659478,0.9788735,0.001398575,0.0006738816,-0.02802701,2.74,6,0.007313564919434546,-0.06886546883411113,0.9975991474387031,0.007313564919434546,-0.06886546883411113,0.9975991474387031
-0.03937209,-0.02229223,-0.998976,0,0.007495747,0.9997164,-0.02260418,0,-0.9991965,0.008378043,0.03919387,0,6.222625,-1.726489,-7.13519,1,-0.03937213,0.007495744,-0.9991965,0,-0.02229223,0.9997164,0.008378045,0,-0.9989759,-0.02260418,0.03919382,0,-6.921372,1.518071,6.511744,1,0.9744074,0.9610832,0.001398613,0.0006749573,-0.02803255,2.76,7,0.007882911626027778,-0.06691919710779062,0.9977272577025972,0.007882911626027778,-0.06691919710779062,0.9977272577025972
-0.04006958,-0.02359128,-0.9989184,0,0.007539349,0.9996856,-0.02391183,0,-0.9991685,0.008489331,0.0398792,0,6.217417,-1.736365,-7.136808,1,-0.04006966,0.007539347,-0.9991684,0,-0.02359128,0.9996856,0.00848933,0,-0.9989183,-0.02391183,0.03987912,0,-6.920922,1.518289,6.511597,1,0.9744074,0.9610832,0.001397721,0.0006764221,-0.02803433,2.78,8,0.008358174789678074,-0.06427345762695566,0.997897321150258,0.008358174789678074,-0.06427345762695566,0.997897321150258
-0.04181314,-0.02352852,-0.9988485,0,0.008344713,0.9996796,-0.02389742,0,-0.9990907,0.009334324,0.04160333,0,6.203401,-1.741475,-7.147185,1,-0.04181305,0.008344708,-0.9990904,0,-0.02352851,0.9996796,0.009334327,0,-0.9988483,-0.02389741,0.04160339,0,-6.920545,1.518352,6.511362,1,0.981672,0.9665801,0.001396804,0.0006822205,-0.02804682,2.8,9,0.008639658455179592,-0.0641925125133521,0.9979001341011039,0.008639658455179592,-0.0641925125133521,0.9979001341011039
-0.04461265,-0.02278972,-0.9987445,0,0.009197574,0.999688,-0.02322209,0,-0.9989622,0.01022202,0.04438913,0,6.181634,-1.742064,-7.165277,1,-0.04461265,0.009197568,-0.9989619,0,-0.02278971,0.999688,0.01022202,0,-0.9987442,-0.02322209,0.04438911,0,-6.920201,1.518271,6.511085,1,0.9690086,0.9735011,0.001384926,0.0007114792,-0.02804189,2.82,10,0.010712834452624278,-0.06878095014081244,0.9975742659450061,0.010712834452624278,-0.06878095014081244,0.9975742659450061
-0.04793012,-0.02141368,-0.9986213,0,0.01027848,0.9997067,-0.02193028,0,-0.998798,0.01131543,0.04769599,0,6.155593,-1.739595,-7.187739,1,-0.04793014,0.01027848,-0.9987977,0,-0.02141367,0.9997067,0.01131543,0,-0.9986209,-0.02193028,0.04769595,0,-6.92004,1.518185,6.510703,1,0.9580978,0.9610138,0.0013807,0.0007157288,-0.02802748,2.84,11,0.009268494900343897,-0.06766448229269241,0.9976650804946238,0.009268494900343897,-0.06766448229269241,0.9976650804946238
-0.04985905,-0.02049905,-0.9985459,0,0.01065868,0.9997215,-0.02105539,0,-0.9986994,0.01169298,0.04962659,0,6.140895,-1.735613,-7.201376,1,-0.04985897,0.01065868,-0.9986994,0,-0.02049906,0.9997215,0.01169298,0,-0.9985459,-0.02105539,0.04962667,0,-6.920304,1.518048,6.510583,1,0.9504037,0.9454982,0.001377099,0.0007372513,-0.02806466,2.86,12,0.006458286848307471,-0.058664848229047634,0.998256843759785,0.006458286848307471,-0.058664848229047634,0.998256843759785
-0.05363619,-0.01795602,-0.9983991,0,0.0112527,0.999764,-0.01858508,0,-0.9984972,0.01223152,0.05342138,0,6.112019,-1.721445,-7.22869,1,-0.05363609,0.0112527,-0.998497,0,-0.01795602,0.9997639,0.01223152,0,-0.9983991,-0.01858508,0.05342147,0,-6.920204,1.517916,6.510055,1,0.8918141,0.9115263,0.001371193,0.0007789918,-0.02808725,2.88,13,0.01159741843463676,-0.06574436600246619,0.997769100656352,0.01159741843463676,-0.06574436600246619,0.997769100656352
-0.05715728,-0.01619872,-0.9982339,0,0.0110735,0.9997966,-0.01685813,0,-0.9983039,0.0120175,0.0569663,0,6.086139,-1.707798,-7.253234,1,-0.05715729,0.01107349,-0.9983037,0,-0.01619872,0.9997966,0.0120175,0,-0.9982336,-0.01685813,0.05696626,0,-6.920218,1.51778,6.509528,1,0.8810463,0.8987468,0.001378769,0.0008104325,-0.02814863,2.9,14,0.006858804280521766,-0.06769597542800539,0.9976824202694425,0.006858804280521766,-0.06769597542800539,0.9976824202694425
-0.05961549,-0.01627031,-0.9980888,0,0.01050839,0.9998015,-0.01692589,0,-0.9981661,0.01149735,0.05943274,0,6.068529,-1.704841,-7.268287,1,-0.05961556,0.01050839,-0.9981661,0,-0.0162703,0.9998015,0.01149735,0,-0.9980888,-0.01692589,0.05943269,0,-6.920356,1.517709,6.508975,1,0.8672875,0.8870507,0.001413125,0.0008312454,-0.02813837,2.92,15,0.00335965376743387,-0.06631347257970638,0.9977931830198998,0.00335965376743387,-0.06631347257970638,0.9977931830198998
-0.06135809,-0.01618539,-0.9979845,0,0.009287588,0.9998159,-0.01678611,0,-0.9980725,0.01029883,0.06119645,0,6.057134,-1.696453,-7.279413,1,-0.06135806,0.009287588,-0.9980726,0,-0.01618539,0.9998159,0.01029883,0,-0.9979846,-0.01678611,0.06119648,0,-6.920546,1.517692,6.508406,1,0.8641497,0.8822209,0.001434028,0.0008529435,-0.02817632,2.94,16,-0.0010836940528999768,-0.055374661057734295,0.9984650582368623,-0.0010836940528999768,-0.055374661057734295,0.9984650582368623
-0.06277227,-0.01597752,-0.9979001,0,0.006277154,0.9998457,-0.01640353,0,-0.9980083,0.007293656,0.06266236,0,6.050496,-1.67549,-7.288932,1,-0.06277232,0.00627715,-0.998008,0,-0.01597751,0.9998457,0.007293657,0,-0.9978998,-0.01640353,0.06266228,0,-6.92059,1.517688,6.507405,1,0.8380426,0.8768641,0.001444962,0.0008543549,-0.02817058,2.98,17,-0.0008224839584582372,-0.052888756127853286,0.9986000715979279,-0.0008224839584582372,-0.052888756127853286,0.9986000715979279
-0.06338584,-0.01560415,-0.997867,0,0.004175219,0.9998649,-0.0159006,0,-0.9979803,0.005174187,0.06331217,0,6.048571,-1.659156,-7.293806,1,-0.0633859,0.004175218,-0.9979804,0,-0.01560415,0.9998649,0.005174187,0,-0.9978672,-0.0159006,0.06331214,0,-6.920745,1.517702,6.506727,1,0.8561932,0.8895031,0.001658615,0.0008596345,-0.0287048,3.0,18,-0.026433278060844227,-0.0960233862543483,0.9950280353352895,-0.026433278060844227,-0.0960233862543483,0.9950280353352895
-0.06418991,-0.01485499,-0.9978272,0,0.00191892,0.9998855,-0.01500908,0,-0.997936,0.002878182,0.06415403,0,6.045304,-1.63904,-7.300294,1,-0.06418987,0.00191892,-0.9979358,0,-0.01485499,0.9998855,0.002878182,0,-0.997827,-0.01500908,0.06415404,0,-6.920731,1.517681,6.505886,1,0.8590959,0.892092,0.001826432,0.0003267746,-0.02858022,3.02,19,-0.07093044606960597,-0.21733686588130857,0.9735160802725639,-0.07093044606960597,-0.21733686588130857,0.9735160802725639
-0.0649153,-0.01463436,-0.9977835,0,-0.0002888693,0.9998927,-0.0146465,0,-0.9978908,0.0006625508,0.06491256,0,6.042502,-1.623115,-7.305381,1,-0.06491528,-0.0002888713,-0.9978907,0,-0.01463436,0.9998927,0.0006625528,0,-0.9977834,-0.0146465,0.06491255,0,-6.920691,1.517688,6.505043,1,0.8590959,0.892092,0.001804931,9.347536e-05,-0.02843659,3.04,20,-0.058385468152694284,-0.24797077571540438,0.9670065312601002,-0.058385468152694284,-0.24797077571540438,0.9670065312601002
-0.06515825,-0.01476983,-0.9977657,0,-0.001031473,0.9998909,-0.01473393,0,-0.9978746,-6.913301e-05,0.06516647,0,6.041422,-1.619282,-7.306667,1,-0.06515832,-0.001031476,-0.9978743,0,-0.01476983,0.9998909,-6.913121e-05,0,-0.9977655,-0.01473393,0.06516636,0,-6.920608,1.517681,6.504616,1,0.8473839,0.870166,0.001791854,0.0001369019,-0.02856522,3.06,21,-0.058260948007579534,-0.2530231982218466,0.9657043663041223,-0.058260948007579534,-0.2530231982218466,0.9657043663041223
-0.06580698,-0.01432919,-0.9977296,0,-0.001617303,0.9998971,-0.01425365,0,-0.9978312,-0.0006756433,0.06582332,0,6.036798,-1.612232,-7.311606,1,-0.0658069,-0.001617304,-0.9978309,0,-0.01432919,0.9998971,-0.0006756409,0,-0.9977294,-0.01425365,0.06582337,0,-6.920844,1.517613,6.50389,1,0.8661955,0.8800079,0.001796479,0.0001401977,-0.0285616,3.08,22,-0.05506208833707668,-0.2518435441764026,0.9662002875618639,-0.05506208833707668,-0.2518435441764026,0.9662002875618639
-0.06694257,-0.01278277,-0.9976751,0,-0.00163787,0.999918,-0.01270161,0,-0.9977556,-0.0007837848,0.06695807,0,6.027701,-1.600724,-7.321091,1,-0.0669426,-0.001637872,-0.9977553,0,-0.01278277,0.999918,-0.0007837837,0,-0.9976747,-0.01270161,0.066958,0,-6.921019,1.517476,6.503122,1,0.8536266,0.8568854,0.001808717,0.0001256561,-0.02852088,3.1,23,-0.05563070583445869,-0.25635506699209587,0.9649804682975911,-0.05563070583445869,-0.25635506699209587,0.9649804682975911
-0.06765175,-0.01097627,-0.9976486,0,-0.001700133,0.9999393,-0.01088618,0,-0.9977075,-0.0009596655,0.06766629,0,6.021807,-1.586919,-7.328448,1,-0.06765173,-0.001700132,-0.9977076,0,-0.01097627,0.9999393,-0.0009596663,0,-0.9976486,-0.01088618,0.06766631,0,-6.921249,1.517282,6.502369,1,0.8758002,0.8838812,0.001813323,0.0001063614,-0.02848612,3.12,24,-0.05857857622097011,-0.2509087188021874,0.966236702489079,-0.05857857622097011,-0.2509087188021874,0.966236702489079
-0.06755316,-0.01064111,-0.997659,0,-0.001103214,0.9999433,-0.01059078,0,-0.9977151,-0.0003851922,0.06756103,0,6.020862,-1.588303,-7.328499,1,-0.06755312,-0.001103215,-0.997715,0,-0.01064111,0.9999433,-0.0003851907,0,-0.9976588,-0.01059078,0.06756107,0,-6.921515,1.517241,6.501614,1,0.8782813,0.855539,0.001827355,0.0001071854,-0.02847949,3.14,25,-0.05940405010403879,-0.253622513877614,0.9654774877156052,-0.05940405010403879,-0.253622513877614,0.9654774877156052
-0.06724632,-0.0103306,-0.9976829,0,-0.0009048269,0.9999466,-0.01029305,0,-0.9977359,-0.0002105604,0.06725204,0,6.022424,-1.587342,-7.327061,1,-0.06724629,-0.0009048264,-0.997736,0,-0.0103306,0.9999467,-0.0002105605,0,-0.997683,-0.01029305,0.06725208,0,-6.921496,1.517289,6.501215,1,0.8637773,0.8687785,0.001830949,0.0001123505,-0.02847749,3.16,26,-0.05998766912343934,-0.25239731327177967,0.9657624323850684,-0.05998766912343934,-0.25239731327177967,0.9657624323850684
-0.06667292,-0.009218924,-0.9977323,0,-0.001360975,0.9999572,-0.009148536,0,-0.9977739,-0.0007479289,0.06668258,0,6.026647,-1.575976,-7.325767,1,-0.06667288,-0.001360974,-0.9977739,0,-0.009218925,0.9999573,-0.0007479289,0,-0.9977323,-0.009148535,0.06668261,0,-6.921869,1.517091,6.500554,1,0.8896086,0.8725458,0.001832139,0.0001190185,-0.02847219,3.18,27,-0.05965563854025718,-0.2503695754888376,0.9663106542204185,-0.05965563854025718,-0.2503695754888376,0.9663106542204185
-0.0657295,-0.008545553,-0.9978009,0,-0.002662975,0.9999613,-0.008388634,0,-0.997834,-0.002105739,0.06574965,0,6.034913,-1.562378,-7.321515,1,-0.06572944,-0.002662975,-0.9978339,0,-0.008545552,0.9999613,-0.002105738,0,-0.9978009,-0.008388632,0.0657497,0,-6.922094,1.51697,6.499938,1,0.885196,0.8780984,0.001830537,0.0001180115,-0.02847067,3.2,28,-0.059885723187991666,-0.24800496808532488,0.9669060119594086,-0.059885723187991666,-0.24800496808532488,0.9669060119594086
-0.06388581,-0.009506659,-0.9979119,0,-0.003618002,0.9999503,-0.009294454,0,-0.9979507,-0.003016664,0.06391704,0,6.049183,-1.563274,-7.308882,1,-0.06388583,-0.003618002,-0.9979506,0,-0.009506659,0.9999502,-0.003016663,0,-0.997912,-0.009294454,0.06391703,0,-6.922026,1.51715,6.499232,1,0.9021168,0.8643273,0.001829408,0.0001181335,-0.02847035,3.22,29,-0.060020005294384754,-0.24626208960741966,0.9673430529996321,-0.060020005294384754,-0.24626208960741966,0.9673430529996321
-0.06224442,-0.009426209,-0.9980164,0,-0.004430747,0.9999481,-0.009168116,0,-0.998051,-0.003851294,0.06228292,0,6.061687,-1.557426,-7.29895,1,-0.06224439,-0.004430747,-0.9980512,0,-0.009426209,0.9999482,-0.003851294,0,-0.9980165,-0.009168117,0.06228296,0,-6.921847,1.517285,6.498477,1,0.8998328,0.8929344,0.00182547,0.0001262207,-0.02846394,3.24,30,-0.060761451942840106,-0.24530524653448502,0.9675398606674837,-0.060761451942840106,-0.24530524653448502,0.9675398606674837
-0.05968297,-0.006524842,-0.9981961,0,-0.006713761,0.9999586,-0.006134943,0,-0.9981948,-0.006335498,0.05972433,0,6.082922,-1.520956,-7.28795,1,-0.05968299,-0.006713762,-0.9981949,0,-0.006524842,0.9999587,-0.006335499,0,-0.998196,-0.006134942,0.0597243,0,-6.921679,1.517021,6.497573,1,0.9100947,0.8976074,0.001821496,0.0001274872,-0.02846216,3.28,31,-0.06035034068157787,-0.24428190353904397,0.9678244613476965,-0.06035034068157787,-0.24428190353904397,0.9678244613476965
-0.05814922,-0.005598157,-0.9982924,0,-0.007305294,0.9999599,-0.005181985,0,-0.9982813,-0.00699149,0.05818784,0,6.094416,-1.51015,-7.279894,1,-0.05814926,-0.007305293,-0.998281,0,-0.005598156,0.9999599,-0.006991488,0,-0.998292,-0.005181984,0.05818776,0,-6.921529,1.516886,6.496982,1,0.9142404,0.8752397,0.001820572,0.0001251297,-0.02846716,3.3,32,-0.059384278064596,-0.24157459456302693,0.96856348412505,-0.059384278064596,-0.24157459456302693,0.96856348412505
-0.05657613,-0.003900136,-0.9983908,0,-0.007951578,0.9999624,-0.003455681,0,-0.9983667,-0.007743273,0.0566051,0,6.106287,-1.493424,-7.272556,1,-0.05657621,-0.007951579,-0.9983665,0,-0.003900136,0.9999625,-0.007743272,0,-0.9983906,-0.003455681,0.056605,0,-6.921206,1.516791,6.496411,1,0.9159055,0.8934205,0.001818786,0.0001414948,-0.02845155,3.32,33,-0.05773148122936643,-0.24523333558021684,0.9677436061247132,-0.05773148122936643,-0.24523333558021684,0.9677436061247132
-0.0549593,-0.001641748,-0.9984874,0,-0.008560858,0.9999627,-0.001172963,0,-0.9984519,-0.008483442,0.05497134,0,6.118603,-1.472744,-7.265674,1,-0.05495932,-0.008560856,-0.9984518,0,-0.001641749,0.9999627,-0.008483442,0,-0.9984871,-0.001172962,0.05497129,0,-6.920825,1.516548,6.49604,1,0.912943,0.8944926,0.001816864,0.0001446991,-0.02845211,3.34,34,-0.05709543496073466,-0.24467199736613404,0.9679234086494193,-0.05709543496073466,-0.24467199736613404,0.9679234086494193
-0.05386925,-0.0001607505,-0.9985481,0,-0.008494306,0.9999639,0.0002972679,0,-0.998512,-0.008497986,0.05386865,0,6.12631,-1.462355,-7.260909,1,-0.05386923,-0.008494306,-0.9985119,0,-0.0001607512,0.9999639,-0.008497986,0,-0.9985479,0.0002972688,0.05386866,0,-6.92058,1.516499,6.495902,1,0.9216344,0.9013752,0.001811295,0.0001437149,-0.0284553,3.36,35,-0.05631174640529847,-0.24519316270199634,0.9678374347900465,-0.05631174640529847,-0.24519316270199634,0.9678374347900465
-0.05184329,0.001975582,-0.9986534,0,-0.008382091,0.999962,0.002413312,0,-0.9986201,-0.008495917,0.05182481,0,6.14059,-1.447364,-7.251164,1,-0.05184333,-0.00838209,-0.99862,0,0.001975582,0.999962,-0.008495917,0,-0.9986532,0.002413312,0.05182475,0,-6.92019,1.51628,6.495609,1,0.9215432,0.8896759,0.001787971,0.0001549454,-0.02844667,3.38,36,-0.05458852891192343,-0.24497336702199088,0.967991808829569,-0.05458852891192343,-0.24497336702199088,0.967991808829569
-0.04964101,0.005145857,-0.9987539,0,-0.008056149,0.9999521,0.005552445,0,-0.9987347,-0.008321739,0.04959714,0,6.155915,-1.426265,-7.241835,1,-0.04964097,-0.008056149,-0.9987345,0,0.005145857,0.9999522,-0.008321738,0,-0.9987538,0.005552445,0.04959717,0,-6.919885,1.516,6.49543,1,0.9168919,0.9020787,0.001785951,0.0001569748,-0.0284493,3.4,37,-0.052361601468863296,-0.2423398269142677,0.9687774104420369,-0.052361601468863296,-0.2423398269142677,0.9687774104420369
-0.04840875,0.006885591,-0.998804,0,-0.007859632,0.9999427,0.007274371,0,-0.9987968,-0.008202373,0.04835188,0,6.164423,-1.414846,-7.236588,1,-0.04840877,-0.007859631,-0.9987966,0,0.00688559,0.9999427,-0.008202374,0,-0.9988037,0.007274372,0.04835185,0,-6.919777,1.515857,6.495302,1,0.9175856,0.9038947,0.001798569,0.000151268,-0.02841817,3.42,38,-0.05624931990376687,-0.24032412852853963,0.9690615704161225,-0.05624931990376687,-0.24032412852853963,0.9690615704161225
-0.04609573,0.01049316,-0.998882,0,-0.006068122,0.9999234,0.01078413,0,-0.9989187,-0.006558439,0.04602849,0,6.178246,-1.400193,-7.22713,1,-0.04609568,-0.006068121,-0.9989184,0,0.01049316,0.9999235,-0.006558438,0,-0.9988818,0.01078413,0.04602851,0,-6.919566,1.515515,6.495034,1,0.9228362,0.8948772,0.00214901,1.126097e-05,-0.02852366,3.44,39,-0.12789268467438603,-0.2669811918607629,0.9551777344554179,-0.12789268467438603,-0.2669811918607629,0.9551777344554179
-0.04363108,0.01602578,-0.9989192,0,-0.004652419,0.9998572,0.01624404,0,-0.9990368,-0.005356135,0.04355025,0,6.193692,-1.369107,-7.219338,1,-0.04363104,-0.00465242,-0.999037,0,0.01602578,0.9998571,-0.005356136,0,-0.9989191,0.01624404,0.04355029,0,-6.919357,1.514999,6.494798,1,0.8605887,0.8482536,0.002612824,-0.0001864853,-0.02862512,3.46,40,-0.20754478322271566,-0.3068914277004205,0.9288394988161482,-0.20754478322271566,-0.3068914277004205,0.9288394988161482
-0.03967154,0.02418034,-0.9989203,0,-0.003795817,0.9996963,0.02434987,0,-0.9992056,-0.004757715,0.03956771,0,6.220741,-1.315627,-7.205473,1,-0.03967154,-0.003795817,-0.9992055,0,0.02418033,0.9996963,-0.004757715,0,-0.9989201,0.02434987,0.0395677,0,-6.919093,1.514293,6.494644,1,0.8801203,0.8414539,0.003438988,-0.0005264969,-0.02896187,3.48,41,-0.3653614497182727,-0.375584494353927,0.8517319406131644,-0.3653614497182727,-0.375584494353927,0.8517319406131644
-0.03481209,0.03408674,-0.9988125,0,-0.001956906,0.9994139,0.03417547,0,-0.9993921,-0.003144299,0.03472507,0,6.252791,-1.256252,-7.187865,1,-0.03481217,-0.0019569,-0.9993918,0,0.03408673,0.999414,-0.003144301,0,-0.9988123,0.03417547,0.03472498,0,-6.918833,1.513401,6.494637,1,0.8781272,0.7899175,0.003522209,-0.0005647507,-0.02899604,3.5,42,-0.36982221863826875,-0.37764700072454177,0.8488900219965049,-0.36982221863826875,-0.37764700072454177,0.8488900219965049
-0.03241837,0.03941189,-0.9986971,0,-0.0008266233,0.9992208,0.03945939,0,-0.9994741,-0.00210475,0.03236043,0,6.268182,-1.225454,-7.179443,1,-0.03241827,-0.0008266217,-0.999474,0,0.03941188,0.9992208,-0.002104755,0,-0.998697,0.03945938,0.03236053,0,-6.918587,1.512977,6.494636,1,0.8384644,0.6681478,0.003510285,-0.0005172653,-0.02897043,3.52,43,-0.36573808762426707,-0.376917364785682,0.8509811698175002,-0.36573808762426707,-0.376917364785682,0.8509811698175002
-0.02728212,0.05068089,-0.9983423,0,0.001470167,0.9987149,0.05065964,0,-0.9996268,8.563511e-05,0.02732158,0,6.301313,-1.15994,-7.160739,1,-0.02728212,0.001470175,-0.9996266,0,0.05068089,0.9987149,8.562773e-05,0,-0.9983421,0.05065964,0.02732156,0,-6.918168,1.511946,6.494703,1,0.8063598,0.6772706,0.003490401,-0.0004829407,-0.02895404,3.54,44,-0.36798967051993725,-0.3687209656937407,0.8535973593261071,-0.36798967051993725,-0.3687209656937407,0.8535973593261071
-0.0222013,0.06292245,-0.9977716,0,0.003397273,0.9980164,0.06286231,0,-0.9997478,0.00199409,0.02237105,0,6.334432,-1.085547,-7.142631,1,-0.02220132,0.003397288,-0.9997477,0,0.06292245,0.9980165,0.001994077,0,-0.9977713,0.06286231,0.02237102,0,-6.917774,1.510876,6.494786,1,0.8127235,0.7069188,0.003474838,-0.0004681625,-0.02894248,3.56,45,-0.3629914044632059,-0.3579054843872892,0.8603144219012774,-0.3629914044632059,-0.3579054843872892,0.8603144219012774
-0.01627016,0.07633285,-0.9969496,0,0.006271653,0.9970698,0.0762397,0,-0.9998479,0.005012088,0.01670122,0,6.371945,-1.009887,-7.119638,1,-0.01627016,0.00627165,-0.9998479,0,0.07633285,0.9970698,0.00501209,0,-0.9969497,0.07623971,0.01670122,0,-6.917161,1.509764,6.494944,1,0.8148236,0.7293641,0.00347548,-0.0004228668,-0.02892706,3.58,46,-0.35780213148732004,-0.35819167645215644,0.8623667187592087,-0.35780213148732004,-0.35819167645215644,0.8623667187592087
-0.006736517,0.08945268,-0.9959683,0,0.008669134,0.9959587,0.08939319,0,-0.9999397,0.008031979,0.007484794,0,6.435314,-0.9359467,-7.072176,1,-0.00673654,0.008669131,-0.9999397,0,0.08945269,0.9959587,0.008031984,0,-0.9959682,0.08939318,0.007484769,0,-6.916588,1.50858,6.495377,1,0.8280708,0.7162444,0.003452081,-0.0003494263,-0.02889226,3.6,47,-0.35425732686731515,-0.3386170680536061,0.871688148126154,-0.35425732686731515,-0.3386170680536061,0.871688148126154
0.009474218,0.1106418,-0.9938152,0,0.01094685,0.9937888,0.1107432,0,-0.9998953,0.01192836,-0.008204222,0,6.544541,-0.8095214,-6.986721,1,0.009474246,0.01094685,-0.9998951,0,0.1106418,0.9937888,0.01192835,0,-0.9938151,0.1107432,-0.008204191,0,-6.915946,1.506583,6.496191,1,0.8430489,0.7235456,0.003433312,-0.0002912598,-0.02886289,3.64,48,-0.3501629185882575,-0.3194855677134644,0.880519677502189,-0.3501629185882575,-0.3194855677134644,0.880519677502189
0.02087384,0.1215913,-0.9923608,0,0.01086882,0.9924908,0.1218358,0,-0.999723,0.01332897,-0.01939553,0,6.622914,-0.7400737,-6.91969,1,0.02087383,0.01086882,-0.999723,0,0.1215913,0.9924908,0.01332897,0,-0.9923608,0.1218358,-0.01939554,0,-6.915088,1.505599,6.496732,1,0.8591967,0.7255322,0.003386552,-0.000232544,-0.02883667,3.66,49,-0.34275506146847334,-0.30482459467986367,0.8885949213876929,-0.34275506146847334,-0.30482459467986367,0.8885949213876929
0.03173721,0.1305385,-0.9909351,0,0.01051812,0.991336,0.1309282,0,-0.999441,0.01457807,-0.0300892,0,6.697224,-0.6838745,-6.853055,1,0.03173719,0.01051813,-0.9994408,0,0.1305385,0.9913361,0.01457807,0,-0.9909351,0.1309282,-0.03008921,0,-6.914212,1.504765,6.497246,1,0.8594527,0.7338912,0.003298545,-8.325194e-05,-0.02878006,3.68,50,-0.34299772283953983,-0.2957048929413282,0.8915779149448734,-0.34299772283953983,-0.2957048929413282,0.8915779149448734
0.04080927,0.1406654,-0.9892159,0,0.01020585,0.9899302,0.1411881,0,-0.9991149,0.01585758,-0.03896272,0,6.758895,-0.6190658,-6.798202,1,0.04080927,0.01020586,-0.9991147,0,0.1406654,0.9899301,0.01585757,0,-0.9892157,0.141188,-0.03896271,0,-6.913632,1.503676,6.497851,1,0.8663465,0.7467217,0.003275535,-8.191678e-05,-0.02877352,3.7,51,-0.33958091999550555,-0.29226003067920414,0.8940183852932762,-0.33958091999550555,-0.29226003067920414,0.8940183852932762
0.0451476,0.1462137,-0.9882222,0,0.010023,0.9891149,0.1468037,0,-0.99893,0.01653278,-0.04319066,0,6.788233,-0.5834345,-6.771816,1,0.04514759,0.01002299,-0.9989302,0,0.1462137,0.9891149,0.01653279,0,-0.9882222,0.1468037,-0.04319067,0,-6.913226,1.503173,6.498137,1,0.8787187,0.7417077,0.003229477,-7.276153e-05,-0.0287498,3.72,52,-0.32410415109496327,-0.28731079928389724,0.9013373418747618,-0.32410415109496327,-0.28731079928389724,0.9013373418747618
0.05311108,0.1556794,-0.9863788,0,0.009908959,0.9876422,0.1564123,0,-0.9985394,0.0180812,-0.05091214,0,6.841468,-0.5250466,-6.722597,1,0.0531111,0.009908938,-0.9985394,0,0.1556794,0.9876421,0.01808121,0,-0.9863788,0.1564123,-0.05091212,0,-6.912646,1.502263,6.498708,1,0.8831439,0.7466894,0.003170341,-6.440736e-05,-0.02873474,3.74,53,-0.3282243762369832,-0.27086503683046054,0.904931428709754,-0.3282243762369832,-0.27086503683046054,0.904931428709754
0.06135923,0.1614343,-0.9849741,0,0.009673573,0.9866911,0.1623183,0,-0.9980689,0.01948794,-0.05898094,0,6.896386,-0.4925876,-6.668402,1,0.06135922,0.009673571,-0.9980689,0,0.1614342,0.9866909,0.01948794,0,-0.9849741,0.1623183,-0.05898095,0,-6.91184,1.501723,6.499359,1,0.8855453,0.7680398,0.003113953,6.0997e-05,-0.02869235,3.76,54,-0.30710490581797484,-0.255052318130437,0.9168614354627548,-0.30710490581797484,-0.255052318130437,0.9168614354627548
0.07060319,0.1661562,-0.9835686,0,0.009425342,0.9858742,0.1672222,0,-0.9974599,0.0210769,-0.06803983,0,6.95752,-0.4687523,-6.606346,1,0.07060324,0.009425335,-0.9974599,0,0.1661562,0.9858742,0.0210769,0,-0.9835687,0.1672222,-0.06803979,0,-6.911132,1.501282,6.500233,1,0.8789036,0.7788754,0.003100578,9.454344e-05,-0.02867126,3.78,55,-0.3019266601793573,-0.2597124402964977,0.9172729911145192,-0.3019266601793573,-0.2597124402964977,0.9172729911145192
0.08068222,0.1710839,-0.9819474,0,0.009143718,0.9849907,0.1723654,0,-0.9966979,0.02288547,-0.07790685,0,7.023571,-0.4447631,-6.538074,1,0.08068217,0.009143724,-0.9966979,0,0.1710839,0.9849907,0.02288547,0,-0.9819474,0.1723654,-0.07790688,0,-6.91063,1.500804,6.501196,1,0.8824818,0.7775481,0.003077056,0.0001105728,-0.02865816,3.8,56,-0.29110143128749016,-0.25727112892788107,0.9214507707536785,-0.29110143128749016,-0.25727112892788107,0.9214507707536785
0.08611012,0.1727074,-0.9812019,0,0.008806534,0.9846896,0.1740942,0,-0.9962468,0.02363228,-0.08327079,0,7.059233,-0.4378215,-6.500297,1,0.08611012,0.008806555,-0.9962466,0,0.1727075,0.9846897,0.02363226,0,-0.9812019,0.1740942,-0.08327077,0,-6.91036,1.500615,6.501799,1,0.8824818,0.7775481,0.00307228,0.0001105347,-0.0286566,3.82,57,-0.2899084908696399,-0.25314990691577305,0.9229670587568244,-0.2899084908696399,-0.25314990691577305,0.9229670587568244
0.09796143,0.1746114,-0.9797522,0,0.007839583,0.9843215,0.1762095,0,-0.9951593,0.02494258,-0.09505665,0,7.136876,-0.4325148,-6.416334,1,0.09796143,0.007839582,-0.9951593,0,0.1746114,0.9843215,0.02494259,0,-0.9797522,0.1762095,-0.09505665,0,-6.910034,1.500403,6.503201,1,0.8566507,0.7870554,0.003058458,0.0001219788,-0.02864875,3.84,58,-0.28607455525195197,-0.2415310062483816,0.9272670175618467,-0.28607455525195197,-0.2415310062483816,0.9272670175618467
0.1112952,0.1769211,-0.9779121,0,0.007444859,0.9838495,0.1788426,0,-0.9937595,0.02718474,-0.1081806,0,7.221958,-0.4303578,-6.32166,1,0.1112953,0.007444848,-0.9937596,0,0.1769212,0.9838496,0.02718475,0,-0.9779123,0.1788426,-0.1081806,0,-6.909659,1.500223,6.504708,1,0.8825757,0.7650359,0.003335298,7.646944e-05,-0.02874506,3.86,59,-0.3299069144954508,-0.23967996967835384,0.9130799197786986,-0.3299069144954508,-0.23967996967835384,0.9130799197786986
0.1247943,0.1798714,-0.9757422,0,0.007918432,0.9832181,0.1822623,0,-0.9921511,0.03047165,-0.1212757,0,7.305789,-0.4301952,-6.226106,1,0.1247943,0.007918439,-0.992151,0,0.1798714,0.9832181,0.03047165,0,-0.975742,0.1822623,-0.1212757,0,-6.909415,1.49991,6.506479,1,0.8829077,0.7895286,0.003294221,6.27136e-05,-0.02873407,3.88,60,-0.32048607735912826,-0.24879645418515237,0.9139961699065561,-0.32048607735912826,-0.24879645418515237,0.9139961699065561
0.1391002,0.1829988,-0.9732229,0,0.008110434,0.9825336,0.1859087,0,-0.9902451,0.03375321,-0.1351864,0,7.393856,-0.4287158,-6.122994,1,0.1391002,0.008110442,-0.9902451,0,0.1829987,0.9825335,0.03375319,0,-0.9732227,0.1859087,-0.1351864,0,-6.90907,1.499578,6.508454,1,0.8916552,0.7806517,0.003194549,3.620147e-05,-0.02871555,3.9,61,-0.316505652149704,-0.24191379836384286,0.9172251012256852,-0.316505652149704,-0.24191379836384286,0.9172251012256852
0.1641364,0.1874693,-0.9684598,0,0.01091373,0.9813698,0.1918181,0,-0.9863772,0.04205383,-0.1590325,0,7.540502,-0.4496434,-5.942537,1,0.1641364,0.01091372,-0.9863774,0,0.1874693,0.9813698,0.04205384,0,-0.9684599,0.1918181,-0.1590325,0,-6.908485,1.498857,6.511632,1,0.8956428,0.7970961,0.003078285,9.161377e-05,-0.02866704,3.94,62,-0.2901621672358472,-0.237625216344964,0.9270060265510712,-0.2901621672358472,-0.237625216344964,0.9270060265510712
0.1824087,0.1918577,-0.9643224,0,0.01439733,0.9801508,0.1977302,0,-0.9831175,0.04995139,-0.1760258,0,7.642513,-0.4685019,-5.811309,1,0.1824087,0.01439735,-0.9831173,0,0.1918577,0.9801507,0.04995137,0,-0.9643224,0.1977302,-0.1760258,0,-6.908151,1.498242,6.51395,1,0.905643,0.7891386,0.003049844,9.822083e-05,-0.02866,3.96,63,-0.29009497637046083,-0.23730690116243314,0.9271085909133325,-0.29009497637046083,-0.23730690116243314,0.9271085909133325
0.2010281,0.197647,-0.9594392,0,0.01701103,0.9785817,0.2051547,0,-0.9794378,0.05756292,-0.1933603,0,7.74566,-0.4750056,-5.675052,1,0.2010281,0.01701103,-0.9794377,0,0.197647,0.9785817,0.05756291,0,-0.959439,0.2051547,-0.1933602,0,-6.908077,1.497334,6.516405,1,0.8691934,0.8325872,0.0029021,9.137727e-05,-0.02862434,3.98,64,-0.2647943314814242,-0.22452086470324742,0.9378029341648552,-0.2647943314814242,-0.22452086470324742,0.9378029341648552
0.2201672,0.2038947,-0.9539149,0,0.0195368,0.9767927,0.2132939,0,-0.9752666,0.0655968,-0.2110743,0,7.8493,-0.4807568,-5.532807,1,0.2201672,0.01953684,-0.9752663,0,0.2038947,0.9767927,0.06559677,0,-0.9539146,0.2132939,-0.2110742,0,-6.90796,1.496363,6.518862,1,0.8638646,0.8351071,0.002844138,0.0001044236,-0.02860495,4.0,65,-0.25321496583912,-0.22009902451176017,0.9420395960277174,-0.25321496583912,-0.22009902451176017,0.9420395960277174
0.229925,0.2066515,-0.9510151,0,0.02123649,0.9758977,0.2171927,0,-0.9729767,0.07013426,-0.2199947,0,7.900429,-0.489615,-5.459988,1,0.2299249,0.02123652,-0.9729767,0,0.2066515,0.9758977,0.07013425,0,-0.951015,0.2171927,-0.2199947,0,-6.907856,1.495906,6.520103,1,0.8768913,0.8651954,0.002763069,0.0001301117,-0.02858558,4.02,66,-0.2376757757933703,-0.2182766143800638,0.9465017407357457,-0.2376757757933703,-0.2182766143800638,0.9465017407357457
0.2498481,0.211477,-0.9449093,0,0.0245795,0.9741589,0.2245224,0,-0.9679731,0.07932191,-0.2381938,0,8.002846,-0.5128596,-5.309325,1,0.2498481,0.02457951,-0.967973,0,0.2114769,0.9741589,0.07932191,0,-0.9449092,0.2245224,-0.2381937,0,-6.907867,1.494963,6.522572,1,0.8846133,0.82533,0.002675514,0.0001721725,-0.02855602,4.04,67,-0.22942825050379637,-0.2084681446098976,0.9507385079787577,-0.22942825050379637,-0.2084681446098976,0.9507385079787577
0.2697018,0.218273,-0.9378795,0,0.02678499,0.9718937,0.2338916,0,-0.9625713,0.0882021,-0.2562751,0,8.103806,-0.519758,-5.156046,1,0.2697018,0.02678502,-0.9625713,0,0.218273,0.9718936,0.08820208,0,-0.9378793,0.2338915,-0.2562751,0,-6.907911,1.494044,6.524968,1,0.8833624,0.8345607,0.002896348,4.216767e-05,-0.02863426,4.06,68,-0.26973108301348264,-0.24528009060719663,0.931172819624853,-0.26973108301348264,-0.24528009060719663,0.931172819624853
0.2894243,0.2263713,-0.9300483,0,0.02623439,0.9693922,0.2441115,0,-0.9568414,0.09505107,-0.2746269,0,8.206063,-0.5038048,-4.996868,1,0.2894242,0.02623442,-0.9568412,0,0.2263713,0.9693923,0.09505104,0,-0.930048,0.2441115,-0.2746269,0,-6.908314,1.492896,6.527513,1,0.8785416,0.8233396,0.003161552,-0.0001813812,-0.02875874,4.08,69,-0.3137060911237063,-0.2735377814721193,0.9092665013620571,-0.3137060911237063,-0.2735377814721193,0.9092665013620571
0.3106921,0.2324437,-0.9216509,0,0.02616212,0.9671791,0.2527454,0,-0.9501505,0.1026384,-0.2944137,0,8.312012,-0.507355,-4.82204,1,0.310692,0.02616213,-0.9501504,0,0.2324436,0.9671789,0.1026383,0,-0.9216509,0.2527454,-0.2944136,0,-6.908782,1.491991,6.530061,1,0.922802,0.8333939,0.003150558,-0.0002245789,-0.02876406,4.1,70,-0.3084271559754333,-0.2851573023879563,0.9075009654825329,-0.3084271559754333,-0.2851573023879563,0.9075009654825329
0.3212531,0.2349894,-0.9173748,0,0.02639085,0.9661257,0.2567189,0,-0.9466256,0.106682,-0.3041693,0,8.36294,-0.5142287,-4.734507,1,0.3212531,0.02639086,-0.9466256,0,0.2349894,0.9661257,0.106682,0,-0.9173747,0.2567189,-0.3041693,0,-6.909099,1.491542,6.53134,1,0.922802,0.8333939,0.003077355,-0.0001780624,-0.02873538,4.12,71,-0.30771470295383024,-0.29086033210452444,0.9059315254444354,-0.30771470295383024,-0.29086033210452444,0.9059315254444354
0.3414174,0.2390929,-0.9089933,0,0.02738205,0.9641643,0.2638893,0,-0.9395129,0.1149865,-0.3226356,0,8.456904,-0.5364785,-4.566215,1,0.3414174,0.02738206,-0.9395128,0,0.2390929,0.9641642,0.1149865,0,-0.9089932,0.2638893,-0.3226355,0,-6.909724,1.490661,6.533834,1,0.8955798,0.8397864,0.002998718,-0.0001222839,-0.02868982,4.14,72,-0.2872556579083354,-0.28271860181661496,0.9151799709273077,-0.2872556579083354,-0.28271860181661496,0.9151799709273077
0.3603753,0.2414465,-0.9010179,0,0.02749503,0.9627514,0.2689864,0,-0.9324021,0.1217096,-0.3403133,0,8.543645,-0.5616547,-4.402652,1,0.3603753,0.02749504,-0.9324021,0,0.2414465,0.9627514,0.1217096,0,-0.9010179,0.2689863,-0.3403132,0,-6.910177,1.490079,6.53619,1,0.8708951,0.8534534,0.002809197,-5.493924e-05,-0.02863602,4.16,73,-0.259332792501471,-0.26656433204912305,0.9282725675213039,-0.259332792501471,-0.26656433204912305,0.9282725675213039
0.3778426,0.2419532,-0.8936966,0,0.02841706,0.9617655,0.272396,0,-0.9254337,0.128319,-0.3565204,0,8.619665,-0.5997782,-4.250624,1,0.3778426,0.02841705,-0.9254336,0,0.2419532,0.9617655,0.128319,0,-0.8936967,0.272396,-0.3565204,0,-6.910527,1.489754,6.538457,1,0.8708951,0.8534534,0.002733444,3.246305e-05,-0.02860805,4.18,74,-0.24149873408474107,-0.26285929313007445,0.9341217016270551,-0.24149873408474107,-0.26285929313007445,0.9341217016270551
0.3938782,0.2409274,-0.8870254,0,0.03162,0.9609135,0.275037,0,-0.9186186,0.1363788,-0.3708647,0,8.683356,-0.6581504,-4.114243,1,0.3938781,0.03162001,-0.9186187,0,0.2409274,0.9609135,0.1363788,0,-0.8870253,0.275037,-0.3708647,0,-6.911055,1.489427,6.540624,1,0.9214814,0.8394885,0.002530983,3.415681e-05,-0.02857226,4.2,75,-0.2141445470861016,-0.24517112131574714,0.9455333067777506,-0.2141445470861016,-0.24517112131574714,0.9455333067777506
0.4158376,0.2376706,-0.8778336,0,0.03550253,0.9602693,0.2768077,0,-0.9087456,0.1462724,-0.3908783,0,8.767854,-0.7445341,-3.921694,1,0.4158376,0.03550253,-0.9087456,0,0.2376706,0.9602693,0.1462723,0,-0.8778335,0.2768077,-0.3908781,0,-6.911644,1.489227,6.543749,1,0.9019527,0.8672347,0.002377754,9.066009e-05,-0.02854863,4.24,76,-0.1824356619820876,-0.23668626208526053,0.9543043762748157,-0.1824356619820876,-0.23668626208526053,0.9543043762748157
0.4288678,0.2360643,-0.8719782,0,0.03912169,0.9594944,0.2789983,0,-0.9025198,0.1537667,-0.402261,0,8.813821,-0.8033327,-3.809701,1,0.4288678,0.03912172,-0.9025198,0,0.2360644,0.9594945,0.1537667,0,-0.8719782,0.2789983,-0.402261,0,-6.912302,1.488882,6.545679,1,0.8899664,0.8704251,0.002353013,8.27942e-05,-0.02854991,4.26,77,-0.17041427245772142,-0.2372962848887151,0.9563730699474549,-0.17041427245772142,-0.2372962848887151,0.9563730699474549
0.4412081,0.2350487,-0.866076,0,0.04301613,0.9584408,0.2820299,0,-0.8963733,0.1616891,-0.412761,0,8.855028,-0.8604984,-3.704307,1,0.4412081,0.04301615,-0.8963733,0,0.2350487,0.9584407,0.1616891,0,-0.8660758,0.2820299,-0.4127609,0,-6.912862,1.488553,6.54755,1,0.9193626,0.9084769,0.002241387,6.814578e-05,-0.02855432,4.28,78,-0.16062394661729895,-0.23610071951544354,0.9583613087021893,-0.16062394661729895,-0.23610071951544354,0.9583613087021893
0.4539156,0.2337122,-0.8598484,0,0.04597115,0.9575615,0.2845395,0,-0.8898581,0.1686851,-0.4239081,0,8.897665,-0.9141527,-3.591532,1,0.4539155,0.04597115,-0.8898579,0,0.2337122,0.9575614,0.1686851,0,-0.8598485,0.2845394,-0.423908,0,-6.913313,1.488254,6.549382,1,0.9272844,0.9204511,0.002197769,8.707427e-05,-0.02853336,4.3,79,-0.14855689983026646,-0.23492613888442707,0.9605938563106028,-0.14855689983026646,-0.23492613888442707,0.9605938563106028
0.4602032,0.2333131,-0.8566085,0,0.04744106,0.9570107,0.2861466,0,-0.8865452,0.172324,-0.4293507,0,8.918356,-0.9397379,-3.535819,1,0.4602032,0.04744106,-0.8865451,0,0.2333131,0.9570107,0.172324,0,-0.8566084,0.2861466,-0.4293508,0,-6.913814,1.488006,6.550358,1,0.9273252,0.9189669,0.002152672,0.0001175003,-0.02854959,4.32,80,-0.13833733154434158,-0.22018640824378785,0.9655986372846074,-0.13833733154434158,-0.22018640824378785,0.9655986372846074
0.4722872,0.2325025,-0.8502279,0,0.05070267,0.9558213,0.2895424,0,-0.8799853,0.179856,-0.4396337,0,8.955842,-0.9927061,-3.429154,1,0.4722872,0.05070268,-0.8799852,0,0.2325024,0.9558213,0.179856,0,-0.8502277,0.2895424,-0.4396337,0,-6.914485,1.48765,6.551981,1,0.9324347,0.9062095,0.002102127,0.0001286011,-0.02857139,4.34,81,-0.1301789258690544,-0.21771459949541672,0.967291993364015,-0.1301789258690544,-0.21771459949541672,0.967291993364015
0.4840289,0.2314509,-0.8438878,0,0.05354975,0.9547437,0.2925696,0,-0.873412,0.1868021,-0.4497294,0,8.991356,-1.04366,-3.323275,1,0.4840288,0.05354977,-0.873412,0,0.2314509,0.9547436,0.1868021,0,-0.8438876,0.2925696,-0.4497294,0,-6.91499,1.487232,6.553541,1,0.9163526,0.9073125,0.002012314,0.0001530228,-0.02856164,4.36,82,-0.11798537469771263,-0.22081641712276348,0.9681526539169875,-0.11798537469771263,-0.22081641712276348,0.9681526539169875
0.4955409,0.2313473,-0.8372083,0,0.05447204,0.9537017,0.2957799,0,-0.8668749,0.1921755,-0.4599962,0,9.028337,-1.077799,-3.214261,1,0.4955408,0.05447203,-0.8668748,0,0.2313473,0.9537017,0.1921755,0,-0.8372083,0.2957799,-0.4599962,0,-6.91557,1.486821,6.555016,1,0.9157342,0.913908,0.002209617,0.0001557617,-0.02856638,4.38,83,-0.14712409689033812,-0.21965586395358763,0.9644199300849218,-0.14712409689033812,-0.21965586395358763,0.9644199300849218
0.5069622,0.2319862,-0.8301637,0,0.05408395,0.9526437,0.2992406,0,-0.8602699,0.1966022,-0.4704075,0,9.066109,-1.100625,-3.102068,1,0.5069621,0.05408395,-0.8602699,0,0.2319862,0.9526437,0.1966022,0,-0.8301636,0.2992406,-0.4704076,0,-6.916069,1.486438,6.55645,1,0.8611931,0.8738599,0.002451942,0.000175415,-0.02856042,4.4,84,-0.1934678137317723,-0.2221083137882086,0.9556349208751252,-0.1934678137317723,-0.2221083137882086,0.9556349208751252
0.512779,0.232128,-0.8265436,0,0.0536407,0.9522096,0.3006984,0,-0.8568432,0.1985282,-0.4758216,0,9.085363,-1.111471,-3.04362,1,0.5127791,0.05364067,-0.8568433,0,0.2321279,0.9522096,0.1985282,0,-0.8265436,0.3006984,-0.4758216,0,-6.916466,1.48622,6.557171,1,0.8611931,0.8738599,0.002864776,0.0001799088,-0.02863884,4.42,85,-0.27606108141682506,-0.20179174889404106,0.9397182393703217,-0.27606108141682506,-0.20179174889404106,0.9397182393703217
0.524744,0.2314235,-0.819199,0,0.05226161,0.9517634,0.3023495,0,-0.8496544,0.2014688,-0.4873375,0,9.12443,-1.134874,-2.919427,1,0.5247439,0.05226162,-0.8496543,0,0.2314235,0.9517633,0.2014687,0,-0.8191989,0.3023494,-0.4873374,0,-6.916944,1.485961,6.558506,1,0.8093293,0.7952701,0.003433609,0.0001706238,-0.02880962,4.44,86,-0.3764780081969018,-0.22099235679559207,0.8996814367219228,-0.3764780081969018,-0.22099235679559207,0.8996814367219228
0.5357127,0.231083,-0.8121653,0,0.05070174,0.9512867,0.3041102,0,-0.8428767,0.2040939,-0.4979001,0,9.159474,-1.153719,-2.803837,1,0.5357128,0.05070175,-0.8428768,0,0.231083,0.9512867,0.2040939,0,-0.8121653,0.3041101,-0.4979001,0,-6.917422,1.485791,6.559745,1,0.8093293,0.7952701,0.003351754,0.0001834946,-0.0287932,4.46,87,-0.3705563676118174,-0.20685717924203295,0.9054822393721287,-0.3705563676118174,-0.20685717924203295,0.9054822393721287
