mat_00,mat_10,mat_20,mat_30,mat_01,mat_11,mat_21,mat_31,mat_02,mat_12,mat_22,mat_32,mat_03,mat_13,mat_23,mat_33,ctw_00,ctw_10,ctw_20,ctw_30,ctw_01,ctw_11,ctw_21,ctw_31,ctw_02,ctw_12,ctw_22,ctw_32,ctw_03,ctw_13,ctw_23,ctw_33,opennessl,opennessr,eye_x,eye_y,eye_z,time,frame,ray_x,ray_y,ray_z,base_x,base_y,base_z
-0.03431427,0.09528686,-0.9948582,0,-0.01637095,0.9952573,0.09588975,0,-0.9992769,-0.01957716,0.03259158,0,6.286579,-0.8590484,-7.311269,1,-0.03431426,-0.01637095,-0.9992772,0,0.09528686,0.9952573,-0.01957717,0,-0.9948583,0.09588975,0.03259161,0,-6.976101,1.658967,6.503503,1,0.0,0.0,0.004261949,-0.001527946,-0.01578387,2.62,1,-0.009313936593271021,-0.013751692686054473,0.9998620612531534,-0.009313936593271021,-0.013751692686054473,0.9998620612531534
-0.05695188,0.0145027,-0.9982716,0,0.003634918,0.9998909,0.01431885,0,-0.9983703,0.002813152,0.05699837,0,6.097181,-1.581069,-7.366706,1,-0.05695188,0.003634919,-0.9983703,0,0.0145027,0.9998908,0.002813151,0,-0.9982716,0.01431885,0.05699839,0,-6.983798,1.664216,6.511583,1,0.8579882,0.8764343,0.004262513,-0.001528244,-0.01579165,2.64,2,-0.011664841389995585,-0.013275141364477694,0.9998438388553982,-0.011664841389995585,-0.013275141364477694,0.9998438388553982
-0.05674279,0.01431264,-0.9982863,0,0.003874533,0.9998929,0.01411545,0,-0.9983814,0.003066944,0.05679214,0,6.098365,-1.584061,-7.365252,1,-0.05674275,0.003874533,-0.9983811,0,0.01431264,0.9998928,0.003066943,0,-0.9982861,0.01411544,0.05679215,0,-6.983918,1.664227,6.511639,1,0.8471763,0.8869511,0.004260216,-0.001519432,-0.01583877,2.66,3,-0.013503181871265603,-0.012236420399211198,0.9998339532618231,-0.013503181871265603,-0.012236420399211198,0.9998339532618231
-0.05621302,0.01415654,-0.9983186,0,0.004784776,0.9998918,0.01390944,0,-0.9984075,0.00399484,0.05627465,0,6.100884,-1.591275,-7.36224,1,-0.05621299,0.004784776,-0.9984072,0,0.01415654,0.9998918,0.003994838,0,-0.9983183,0.01390943,0.05627466,0,-6.984383,1.664316,6.511831,1,0.8559863,0.8730069,0.004256439,-0.001524506,-0.01587414,2.68,4,-0.01554643592835517,-0.010373475314647532,0.999825334415878,-0.01554643592835517,-0.010373475314647532,0.999825334415878
-0.05596912,0.01380561,-0.9983371,0,0.004438119,0.999898,0.01357839,0,-0.9984227,0.00367077,0.05602467,0,6.103453,-1.59161,-7.360688,1,-0.05596909,0.00443812,-0.9984225,0,0.01380561,0.999898,0.003670768,0,-0.9983369,0.01357839,0.05602467,0,-6.984869,1.664306,6.512047,1,0.8547308,0.8757482,0.004254784,-0.001526161,-0.01587689,2.7,5,-0.015983053988527705,-0.01064820601703687,0.9998155618381915,-0.015983053988527705,-0.01064820601703687,0.9998155618381915
-0.05562019,0.01340604,-0.9983619,0,0.004426495,0.9999033,0.01318013,0,-0.9984422,0.003686162,0.0556742,0,6.106085,-1.594548,-7.358095,1,-0.05562024,0.004426494,-0.9984422,0,0.01340604,0.9999033,0.003686163,0,-0.9983621,0.01318013,0.05567417,0,-6.985044,1.664346,6.512107,1,0.8547308,0.8757482,0.004251999,-0.001525627,-0.01587222,2.72,6,-0.017495005407754883,-0.013626126467550374,0.9997540964973702,-0.017495005407754883,-0.013626126467550374,0.9997540964973702
-0.05500996,0.01168827,-0.9984175,0,0.0047069,0.9999234,0.01144656,0,-0.9984748,0.004069777,0.05506074,0,6.110267,-1.609173,-7.352105,1,-0.05500993,0.0047069,-0.9984747,0,0.01168827,0.9999233,0.004069775,0,-0.9984173,0.01144656,0.05506076,0,-6.985535,1.664446,6.512308,1,0.8529545,0.8713115,0.004248275,-0.001530983,-0.01587352,2.74,7,-0.019437565479672358,-0.014546288804602944,0.9997052498262857,-0.019437565479672358,-0.014546288804602944,0.9997052498262857
-0.05420828,0.01064523,-0.998473,0,0.0052613,0.9999323,0.01037515,0,-0.9985159,0.004690847,0.05426061,0,6.115394,-1.620588,-7.345989,1,-0.05420826,0.005261301,-0.9985157,0,0.01064523,0.9999323,0.004690846,0,-0.9984728,0.01037515,0.05426061,0,-6.986014,1.664519,6.512516,1,0.8551098,0.8752511,0.004246407,-0.001535629,-0.01586759,2.76,8,-0.019972630845241326,-0.014427708111573977,0.9996964215479452,-0.019972630845241326,-0.014427708111573977,0.9996964215479452
-0.05339479,0.01033583,-0.9985201,0,0.005586741,0.9999339,0.01005172,0,-0.998558,0.005041765,0.05344903,0,6.120837,-1.625097,-7.340834,1,-0.05339481,0.005586743,-0.9985577,0,0.01033583,0.9999339,0.005041763,0,-0.9985199,0.01005172,0.05344899,0,-6.986351,1.664582,6.512562,1,0.85719,0.8791193,0.004245361,-0.001537743,-0.01586688,2.78,9,-0.020256295990971226,-0.015288597651942213,0.9996779187591188,-0.020256295990971226,-0.015288597651942213,0.9996779187591188
-0.05305195,0.01072619,-0.9985342,0,0.005347203,0.999931,0.0104571,0,-0.9985775,0.004784595,0.05310571,0,6.123755,-1.620718,-7.339569,1,-0.05305201,0.005347204,-0.9985775,0,0.01072619,0.999931,0.004784596,0,-0.9985341,0.0104571,0.05310564,0,-6.986548,1.664612,6.512571,1,0.8485013,0.8812127,0.00424163,-0.001545082,-0.01585979,2.8,10,-0.021381804932460932,-0.016427652968192784,0.9996364092187654,-0.021381804932460932,-0.016427652968192784,0.9996364092187654
-0.0527432,0.01003573,-0.9985577,0,0.004917411,0.99994,0.00978989,0,-0.998596,0.004393968,0.05278933,0,6.126561,-1.623113,-7.336945,1,-0.05274314,0.00491741,-0.998596,0,0.01003573,0.99994,0.004393968,0,-0.9985576,0.009789889,0.05278938,0,-6.986939,1.664717,6.512404,1,0.8500186,0.8751957,0.004240814,-0.001573044,-0.01580959,2.84,11,-0.020839581400825327,-0.014972355406644622,0.9996707159963302,-0.020839581400825327,-0.014972355406644622,0.9996707159963302
-0.05292618,0.009168362,-0.9985563,0,0.004485112,0.9999499,0.008943435,0,-0.9985884,0.004005295,0.05296457,0,6.125834,-1.626701,-7.336917,1,-0.05292609,0.004485111,-0.9985883,0,0.009168361,0.9999499,0.004005294,0,-0.9985564,0.008943435,0.05296465,0,-6.987195,1.664762,6.512299,1,0.8427015,0.8606212,0.004240769,-0.001584023,-0.01577721,2.86,12,-0.019671431007072034,-0.014370903786259043,0.9997032119216682,-0.019671431007072034,-0.014370903786259043,0.9997032119216682
-0.0534209,0.008582391,-0.9985352,0,0.004295423,0.9999558,0.008364799,0,-0.9985629,0.003842277,0.05345535,0,6.122405,-1.629785,-7.339171,1,-0.05342085,0.004295423,-0.9985629,0,0.008582392,0.9999558,0.003842276,0,-0.9985352,0.008364799,0.05345541,0,-6.98737,1.664806,6.512186,1,0.8284853,0.863516,0.004264176,-0.001600243,-0.01567521,2.88,13,-0.01156478583861405,-0.015937999735896685,0.9998060991476925,-0.01156478583861405,-0.015937999735896685,0.9998060991476925
-0.05439258,0.008429648,-0.998484,0,0.00404387,0.999958,0.008221801,0,-0.9985114,0.003590535,0.05442429,0,6.115575,-1.629221,-7.345108,1,-0.05439248,0.00404387,-0.9985115,0,0.008429647,0.999958,0.003590535,0,-0.9984841,0.008221802,0.05442438,0,-6.987598,1.664812,6.512074,1,0.8426644,0.8621931,0.004262192,-0.001599716,-0.01567294,2.9,14,-0.011400110358811952,-0.016204504921540595,0.9998037064864557,-0.011400110358811952,-0.016204504921540595,0.9998037064864557
-0.05484104,0.00849715,-0.998459,0,0.004182554,0.999957,0.008280169,0,-0.9984864,0.003722015,0.0548743,0,6.111927,-1.629587,-7.348047,1,-0.05484112,0.004182554,-0.9984863,0,0.00849715,0.999957,0.003722015,0,-0.9984589,0.008280168,0.05487422,0,-6.987691,1.664796,6.511959,1,0.838891,0.865789,0.004259125,-0.001598847,-0.01566677,2.92,15,-0.009446605893975828,-0.016479847047492575,0.9998195718620312,-0.009446605893975828,-0.016479847047492575,0.9998195718620312
-0.05585444,0.0084037,-0.9984036,0,0.003936546,0.9999586,0.008196564,0,-0.9984313,0.003472447,0.0558852,0,6.104624,-1.62868,-7.354156,1,-0.05585441,0.003936545,-0.998431,0,0.0084037,0.9999586,0.003472446,0,-0.9984035,0.008196564,0.0558852,0,-6.987758,1.664861,6.51169,1,0.8304926,0.8682591,0.004257684,-0.001599411,-0.01566492,2.94,16,-0.009921834653214102,-0.016481313063277787,0.9998149446356682,-0.009921834653214102,-0.016481313063277787,0.9998149446356682
-0.05670416,0.007960426,-0.9983593,0,0.003370758,0.9999641,0.007781772,0,-0.9983853,0.002923968,0.05672896,0,6.099105,-1.628259,-7.358615,1,-0.05670416,0.003370757,-0.9983853,0,0.007960426,0.999964,0.002923968,0,-0.9983593,0.007781771,0.05672896,0,-6.987735,1.664904,6.511464,1,0.8390768,0.8743858,0.003984933,-0.00188427,-0.0163102,2.96,17,0.011125417874079302,-0.0950947127609448,0.995406058190345,0.011125417874079302,-0.0950947127609448,0.995406058190345
-0.05744696,0.00736999,-0.9983213,0,0.003105355,0.9999692,0.007203463,0,-0.9983437,0.002686325,0.05746818,0,6.094023,-1.630789,-7.362482,1,-0.05744707,0.003105356,-0.9983438,0,0.007369991,0.9999692,0.002686326,0,-0.9983214,0.007203463,0.05746809,0,-6.988021,1.66485,6.511419,1,0.8857596,0.8993194,0.003658066,-0.002200584,-0.01617938,2.98,18,0.03480929177717738,-0.17363887675546283,0.9841940122176484,0.03480929177717738,-0.17363887675546283,0.9841940122176484
-0.05761611,0.006864142,-0.9983153,0,0.002990054,0.9999731,0.006702974,0,-0.9983344,0.002598817,0.05763519,0,6.092902,-1.633736,-7.362831,1,-0.05761621,0.002990055,-0.9983343,0,0.00686414,0.999973,0.002598817,0,-0.9983151,0.006702974,0.05763508,0,-6.988161,1.664827,6.511356,1,0.9279742,0.9409178,0.003508537,-0.002467911,-0.01601608,3.0,19,0.06658734374286328,-0.21769267451730231,0.9737433055558193,0.06658734374286328,-0.21769267451730231,0.9737433055558193
-0.05690539,0.007220394,-0.9983534,0,0.003141513,0.9999702,0.007053023,0,-0.9983746,0.002734985,0.05692637,0,6.097757,-1.632104,-7.359351,1,-0.05690538,0.003141513,-0.9983746,0,0.007220395,0.9999702,0.002734985,0,-0.9983535,0.007053024,0.05692637,0,-6.988454,1.664805,6.51125,1,0.9579267,0.9534996,0.003506874,-0.002503876,-0.01602503,3.04,20,0.0660908486796272,-0.21296791589348113,0.9748213510796702,0.0660908486796272,-0.21296791589348113,0.9748213510796702
-0.0564096,0.007592549,-0.9983789,0,0.003190727,0.9999673,0.00742435,0,-0.9984027,0.00276675,0.05643201,0,6.101326,-1.629677,-7.357082,1,-0.05640963,0.003190727,-0.9984027,0,0.007592549,0.9999673,0.002766749,0,-0.9983788,0.007424348,0.05643198,0,-6.988607,1.664778,6.511263,1,0.9498034,0.9580886,0.003507355,-0.002512306,-0.01602539,3.06,21,0.06716512643087187,-0.21351663569027185,0.9746278736394896,0.06716512643087187,-0.21351663569027185,0.9746278736394896
-0.05568552,0.007844751,-0.9984176,0,0.00305494,0.9999658,0.00768653,0,-0.9984437,0.002622078,0.05570757,0,6.106794,-1.626995,-7.353074,1,-0.05568551,0.003054941,-0.9984437,0,0.00784475,0.9999657,0.002622077,0,-0.9984175,0.007686529,0.05570757,0,-6.988614,1.664803,6.511178,1,0.9456351,0.9614237,0.003502212,-0.00253225,-0.01601778,3.08,22,0.0672948420444116,-0.21521645316034851,0.9742449807534537,0.0672948420444116,-0.21521645316034851,0.9742449807534537
-0.05509198,0.00794513,-0.9984499,0,0.003270724,0.9999644,0.007776713,0,-0.9984761,0.00283722,0.05511606,0,6.110775,-1.627689,-7.349603,1,-0.05509201,0.003270724,-0.9984757,0,0.007945129,0.9999644,0.002837218,0,-0.9984495,0.007776711,0.05511598,0,-6.98862,1.6648,6.511158,1,0.9559562,0.9642369,0.003500862,-0.002545265,-0.01599832,3.1,23,0.06655998686645777,-0.21504162167956928,0.9743340644223408,0.06655998686645777,-0.21504162167956928,0.9743340644223408
-0.0547291,0.007626564,-0.9984722,0,0.003610897,0.9999658,0.007440049,0,-0.9984948,0.003198193,0.05475473,0,6.112842,-1.632215,-7.346828,1,-0.05472906,0.003610897,-0.9984946,0,0.007626563,0.9999658,0.003198193,0,-0.9984721,0.007440049,0.05475476,0,-6.988605,1.664747,6.511134,1,0.9549715,0.9695249,0.003498802,-0.002552666,-0.01599265,3.12,24,0.06706946695337215,-0.21524067941370456,0.9742551701315818,0.06706946695337215,-0.21524067941370456,0.9742551701315818
-0.05393124,0.007398687,-0.9985173,0,0.003630591,0.9999674,0.00721334,0,-0.9985382,0.003236183,0.05395639,0,6.118668,-1.634093,-7.341403,1,-0.05393127,0.003630591,-0.9985379,0,0.007398687,0.9999674,0.003236182,0,-0.9985172,0.007213339,0.05395633,0,-6.988439,1.664781,6.511125,1,0.9589887,0.9588783,0.003498345,-0.00255928,-0.01598193,3.14,25,0.07308031682118667,-0.21608999212584257,0.9736346247932889,0.07308031682118667,-0.21608999212584257,0.9736346247932889
-0.05332494,0.006888858,-0.9985536,0,0.00340385,0.9999716,0.006716869,0,-0.9985716,0.00304075,0.05334687,0,6.123489,-1.636356,-7.336809,1,-0.05332492,0.00340385,-0.9985713,0,0.006888858,0.9999716,0.003040749,0,-0.9985533,0.006716868,0.05334686,0,-6.988388,1.664747,6.511112,1,0.9515955,0.9694884,0.00349826,-0.00255928,-0.01598363,3.16,26,0.07308051999914962,-0.2168887482512911,0.9734569885098375,0.07308051999914962,-0.2168887482512911,0.9734569885098375
-0.05288088,0.007005117,-0.9985763,0,0.00301759,0.9999719,0.006855108,0,-0.9985963,0.002650789,0.05290055,0,6.127341,-1.633052,-7.334078,1,-0.05288089,0.00301759,-0.9985963,0,0.007005118,0.999972,0.002650789,0,-0.9985763,0.006855108,0.05290054,0,-6.988177,1.664792,6.511045,1,0.9628974,0.964838,0.003493957,-0.00255928,-0.0159871,3.18,27,0.07618186030191658,-0.2180474805239481,0.9729602357743597,0.07618186030191658,-0.2180474805239481,0.9729602357743597
-0.05232048,0.00691325,-0.9986064,0,0.002376383,0.9999741,0.006798211,0,-0.9986275,0.002017386,0.0523355,0,6.132399,-1.629548,-7.330401,1,-0.05232044,0.002376383,-0.9986277,0,0.00691325,0.9999741,0.002017386,0,-0.9986065,0.006798211,0.05233556,0,-6.988071,1.664767,6.510911,1,0.9587296,0.9586992,0.00348777,-0.002559235,-0.01599117,3.2,28,0.08026880134135245,-0.21653982135426542,0.972968357809793,0.08026880134135245,-0.21653982135426542,0.972968357809793
-0.05213892,0.007014071,-0.9986153,0,0.002050741,0.999974,0.006916543,0,-0.9986378,0.001687281,0.05215192,0,6.134196,-1.626629,-7.329403,1,-0.05213889,0.002050742,-0.9986377,0,0.007014071,0.999974,0.00168728,0,-0.9986151,0.006916543,0.05215195,0,-6.988013,1.664701,6.510827,1,0.9528927,0.9636152,0.003482361,-0.002552368,-0.01600146,3.22,29,0.07960637874210787,-0.21792781499563296,0.9727128517269612,0.07960637874210787,-0.21792781499563296,0.9727128517269612
-0.05189192,0.007980867,-0.9986209,0,0.001228512,0.9999678,0.007927794,0,-0.998652,0.0008154302,0.05190003,0,6.137255,-1.614032,-7.329431,1,-0.05189189,0.001228513,-0.9986519,0,0.007980866,0.9999679,0.0008154296,0,-0.9986207,0.007927794,0.05190005,0,-6.987966,1.664547,6.510696,1,0.9501568,0.9608495,0.003476579,-0.002549393,-0.0160135,3.24,30,0.07938265994744882,-0.21722121015620557,0.972889171055954,0.07938265994744882,-0.21722121015620557,0.972889171055954
-0.05182445,0.008978209,-0.9986159,0,0.0007630852,0.9999596,0.008950688,0,-0.9986559,0.0002981643,0.05182922,0,6.138319,-1.603613,-7.330345,1,-0.05182446,0.0007630851,-0.9986559,0,0.008978207,0.9999596,0.0002981645,0,-0.9986159,0.008950689,0.05182921,0,-6.987686,1.664476,6.510473,1,0.9679762,0.9526415,0.003462044,-0.002544182,-0.01603309,3.26,31,0.07764301143016061,-0.2179302786346314,0.9728709865291945,0.07764301143016061,-0.2179302786346314,0.9728709865291945
-0.05174708,0.009196099,-0.998618,0,6.529456e-05,0.9999576,0.009205053,0,-0.9986603,-0.0004111296,0.05174553,0,6.139881,-1.597443,-7.329901,1,-0.05174711,6.529565e-05,-0.9986601,0,0.009196097,0.9999576,-0.0004111302,0,-0.9986177,0.009205052,0.05174547,0,-6.987358,1.664447,6.510287,1,0.956757,0.9485775,0.003457336,-0.002542061,-0.01603455,3.28,32,0.07705408103599369,-0.2177978290551136,0.9729474673663414,0.07705408103599369,-0.2177978290551136,0.9729474673663414
-0.05144382,0.00907661,-0.9986347,0,0.0001006657,0.9999588,0.009083459,0,-0.9986759,-0.0003667586,0.05144262,0,6.141866,-1.59852,-7.327754,1,-0.05144383,0.0001006668,-0.9986758,0,0.00907661,0.9999586,-0.0003667594,0,-0.9986346,0.009083458,0.0514426,0,-6.987278,1.664397,6.510105,1,0.9618301,0.9452403,0.003449921,-0.002539292,-0.0160379,3.3,33,0.076509143749364,-0.2172972973887684,0.9731023766645914,0.076509143749364,-0.2172972973887684,0.9731023766645914
-0.05100334,0.009619929,-0.9986523,0,0.0005714521,0.9999537,0.009603282,0,-0.9986984,8.08835e-05,0.05100644,0,6.143879,-1.597576,-7.325744,1,-0.05100329,0.0005714527,-0.9986982,0,0.009619927,0.9999537,8.088248e-05,0,-0.998652,0.009603281,0.05100646,0,-6.987143,1.664342,6.50967,1,0.9690945,0.94111,0.003447213,-0.002525902,-0.01603638,3.34,34,0.07776882416160649,-0.21815946243248915,0.9728095697204507,0.07776882416160649,-0.21815946243248915,0.9728095697204507
-0.05138707,0.01126523,-0.9986153,0,-0.0005377894,0.9999359,0.0113078,0,-0.9986787,-0.00111812,0.05137777,0,6.142667,-1.578151,-7.330625,1,-0.05138712,-0.000537789,-0.9986786,0,0.01126523,0.9999359,-0.001118119,0,-0.9986153,0.0113078,0.05137772,0,-6.987041,1.664247,6.509416,1,0.952381,0.9449155,0.003446679,-0.002513207,-0.01603063,3.36,35,0.07782560421754575,-0.21803588156203532,0.9728327346875414,0.07782560421754575,-0.21803588156203532,0.9728327346875414
-0.05142832,0.01174449,-0.9986076,0,-0.001414363,0.999929,0.01183286,0,-0.9986757,-0.002020938,0.05140805,0,6.143703,-1.568822,-7.331531,1,-0.05142831,-0.001414363,-0.9986756,0,0.01174448,0.999929,-0.002020938,0,-0.9986076,0.01183286,0.05140805,0,-6.986937,1.664153,6.509296,1,0.952381,0.9449155,0.003776024,-0.002586434,-0.01607842,3.38,36,0.041710081613734115,-0.2335939077169016,0.9714392185666189,0.041710081613734115,-0.2335939077169016,0.9714392185666189
-0.05161464,0.01249268,-0.9985889,0,-0.002480775,0.9999171,0.01263752,0,-0.998664,-0.003129555,0.05157936,0,6.143872,-1.556341,-7.333426,1,-0.05161463,-0.002480774,-0.998664,0,0.01249268,0.999917,-0.003129556,0,-0.998589,0.01263752,0.05157937,0,-6.986522,1.66413,6.509047,1,0.9296231,0.9408753,0.004262017,-0.002725517,-0.01613524,3.4,37,-0.01854187128876337,-0.2683179105308563,0.9631519599198594,-0.01854187128876337,-0.2683179105308563,0.9631519599198594
-0.05128706,0.01316328,-0.9985972,0,-0.002949382,0.9999068,0.01333202,0,-0.9986796,-0.003629004,0.05124342,0,6.146798,-1.548336,-7.332001,1,-0.05128703,-0.002949382,-0.9986796,0,0.01316328,0.9999068,-0.003629005,0,-0.9985972,0.01333202,0.05124345,0,-6.986083,1.664071,6.50878,1,0.9211026,0.9575924,0.004257927,-0.002726997,-0.01613159,3.42,38,-0.017888063245231147,-0.2699323033550869,0.9627131290258548,-0.017888063245231147,-0.2699323033550869,0.9627131290258548
-0.05100214,0.01456895,-0.9985923,0,-0.003433684,0.9998851,0.01476318,0,-0.9986927,-0.004181805,0.05094624,0,6.149478,-1.534682,-7.332369,1,-0.05100212,-0.003433685,-0.9986926,0,0.01456895,0.9998851,-0.004181804,0,-0.9985921,0.01476318,0.05094625,0,-6.986052,1.66387,6.508577,1,0.9345419,0.9577441,0.00425618,-0.002735947,-0.01612257,3.44,39,-0.018902037010426396,-0.27040124920684994,0.962562142110436,-0.018902037010426396,-0.27040124920684994,0.962562142110436
-0.05076623,0.01621706,-0.998579,0,-0.004370777,0.999855,0.01645999,0,-0.998701,-0.005200178,0.05068803,0,6.152444,-1.516355,-7.333037,1,-0.05076626,-0.004370777,-0.998701,0,0.01621706,0.9998549,-0.005200177,0,-0.9985788,0.01645999,0.05068798,0,-6.985688,1.663728,6.508263,1,0.9335673,0.9542792,0.004256653,-0.002744011,-0.01611704,3.46,40,-0.01782454014627438,-0.2698183565200984,0.9627462491505056,-0.01782454014627438,-0.2698183565200984,0.9627462491505056
-0.05057836,0.01682553,-0.9985783,0,-0.004880876,0.999842,0.01709404,0,-0.9987081,-0.005738526,0.05048823,0,6.154508,-1.508518,-7.332668,1,-0.05057835,-0.004880876,-0.9987081,0,0.01682553,0.9998419,-0.005738525,0,-0.9985784,0.01709404,0.05048824,0,-6.985578,1.663664,6.508114,1,0.9365346,0.9642295,0.004255997,-0.002750481,-0.01611067,3.48,41,-0.01794985760382601,-0.2684849596769708,0.9631166227613651,-0.01794985760382601,-0.2684849596769708,0.9631166227613651
-0.05016506,0.01721831,-0.9985926,0,-0.005656761,0.9998304,0.01752383,0,-0.998725,-0.006527881,0.0500592,0,6.158601,-1.500541,-7.330376,1,-0.05016509,-0.005656757,-0.9987248,0,0.01721831,0.9998305,-0.006527882,0,-0.9985924,0.01752383,0.05005914,0,-6.985274,1.663581,6.507905,1,0.921232,0.9498591,0.004253274,-0.002752732,-0.01610783,3.5,42,-0.017692295358416432,-0.2678090548129254,0.9633095519328966,-0.017692295358416432,-0.2678090548129254,0.9633095519328966
-0.0499084,0.01809078,-0.9985901,0,-0.005918642,0.999813,0.01840875,0,-0.9987364,-0.006829047,0.04979205,0,6.160705,-1.4924,-7.32983,1,-0.04990844,-0.00591864,-0.9987362,0,0.01809078,0.999813,-0.006829047,0,-0.9985898,0.01840875,0.04979198,0,-6.985023,1.663517,6.507694,1,0.9387825,0.9553448,0.004249397,-0.002750221,-0.01610117,3.52,43,-0.01675660937952101,-0.26660985041477203,0.9636588627226519,-0.01675660937952101,-0.26660985041477203,0.9636588627226519
-0.04930782,0.01946052,-0.998594,0,-0.006556014,0.9997823,0.01980739,0,-0.9987621,-0.007523456,0.04916954,0,6.165833,-1.478127,-7.327722,1,-0.04930786,-0.006556014,-0.9987621,0,0.01946052,0.9997823,-0.007523456,0,-0.9985941,0.01980739,0.0491695,0,-6.98463,1.663372,6.50738,1,0.9308085,0.9562786,0.004246904,-0.002750237,-0.01609554,3.54,44,-0.016281473466242462,-0.26634781638576144,0.9637394639259642,-0.016281473466242462,-0.26634781638576144,0.9637394639259642
-0.04863906,0.02182846,-0.998578,0,-0.007117445,0.9997282,0.02220028,0,-0.9987911,-0.008187124,0.0484705,0,6.171396,-1.456928,-7.326671,1,-0.04863907,-0.007117444,-0.998791,0,0.02182845,0.9997282,-0.008187124,0,-0.9985778,0.02220028,0.04847047,0,-6.984278,1.663111,6.507134,1,0.9360471,0.9445139,0.004242172,-0.002752014,-0.0160836,3.56,45,-0.016869345291359885,-0.2666218656354283,0.9636535715466032,-0.016869345291359885,-0.2666218656354283,0.9636535715466032
-0.048576,0.02313103,-0.9985517,0,-0.007149632,0.9996982,0.02350539,0,-0.9987939,-0.008281074,0.04839599,0,6.171809,-1.447046,-7.327961,1,-0.04857603,-0.00714963,-0.9987938,0,0.02313103,0.999698,-0.008281073,0,-0.9985516,0.02350539,0.04839595,0,-6.984074,1.662982,6.507026,1,0.9360471,0.9445139,0.004235817,-0.002753159,-0.01608108,3.58,46,-0.01773318950165808,-0.26514826770370664,0.9640445685360308,-0.01773318950165808,-0.26514826770370664,0.9640445685360308
-0.04797113,0.02616,-0.9985061,0,-0.007515188,0.9996192,0.02655021,0,-0.9988204,-0.008777607,0.04775631,0,6.176589,-1.422286,-7.328082,1,-0.04797118,-0.00751519,-0.9988205,0,0.02616,0.9996192,-0.008777605,0,-0.9985062,0.02655021,0.04775627,0,-6.98363,1.662725,6.506781,1,0.9414223,0.9538772,0.004231491,-0.00275438,-0.01607615,3.6,47,-0.0193098992684647,-0.26525466443956675,0.9639850054763791,-0.0193098992684647,-0.26525466443956675,0.9639850054763791
-0.04726505,0.02984491,-0.9984365,0,-0.00841355,0.9995062,0.03027518,0,-0.9988471,-0.009831349,0.04699063,0,6.182977,-1.389144,-7.32835,1,-0.04726506,-0.008413545,-0.9988468,0,0.02984491,0.9995062,-0.009831351,0,-0.9984363,0.03027518,0.0469906,0,-6.983193,1.662346,6.506553,1,0.93125,0.9624121,0.00422647,-0.0027519,-0.01606244,3.62,48,-0.020572338658961364,-0.2652606883808922,0.9639572324962328,-0.020572338658961364,-0.2652606883808922,0.9639572324962328
-0.0466131,0.03431175,-0.9983236,0,-0.009515795,0.9993493,0.03479131,0,-0.9988678,-0.01112157,0.0462563,0,6.189322,-1.348929,-7.329831,1,-0.04661313,-0.009515792,-0.9988676,0,0.03431174,0.9993493,-0.01112157,0,-0.9983235,0.0347913,0.04625626,0,-6.982755,1.661962,6.506362,1,0.9408178,0.9489205,0.004223106,-0.002751358,-0.01605891,3.64,49,-0.02127843635407785,-0.265235432778754,0.963948854112599,-0.02127843635407785,-0.265235432778754,0.963948854112599
-0.04591477,0.03940864,-0.9981678,0,-0.01052998,0.9991469,0.03993166,0,-0.99889,-0.01234414,0.04546058,0,6.195899,-1.304485,-7.331567,1,-0.04591471,-0.01052998,-0.9988897,0,0.03940863,0.9991469,-0.01234414,0,-0.9981676,0.03993166,0.04546062,0,-6.982242,1.661377,6.506214,1,0.9129143,0.9385455,0.00421991,-0.002742905,-0.01605209,3.66,50,-0.020716899892870427,-0.26003211182310043,0.96537770374069,-0.020716899892870427,-0.26003211182310043,0.96537770374069
-0.04419899,0.0484371,-0.9978479,0,-0.0116048,0.9987317,0.04899403,0,-0.9989553,-0.01374531,0.04358077,0,6.209823,-1.23074,-7.331384,1,-0.04419893,-0.0116048,-0.9989554,0,0.0484371,0.9987316,-0.01374531,0,-0.9978477,0.04899402,0.04358082,0,-6.981524,1.660437,6.505927,1,0.9230478,0.9369864,0.004217064,-0.002730835,-0.01605737,3.7,51,-0.021479040443058334,-0.2583504305574155,0.9658124589445113,-0.021479040443058334,-0.2583504305574155,0.9658124589445113
-0.04328895,0.05541798,-0.9975244,0,-0.01299414,0.9983447,0.05602746,0,-0.9989781,-0.01538734,0.04249716,0,6.218441,-1.170087,-7.333207,1,-0.04328893,-0.01299414,-0.9989781,0,0.05541798,0.9983447,-0.01538734,0,-0.9975243,0.05602745,0.04249718,0,-6.981019,1.659814,6.505722,1,0.9192852,0.94264,0.00421354,-0.002721764,-0.01605562,3.72,52,-0.021774507127479987,-0.2563663351695536,0.966334400210966,-0.021774507127479987,-0.2563663351695536,0.966334400210966
-0.04249942,0.0639804,-0.9970458,0,-0.01449527,0.9978029,0.06464685,0,-0.9989913,-0.01719991,0.04147863,0,6.226375,-1.096843,-7.33694,1,-0.04249942,-0.01449528,-0.9989913,0,0.0639804,0.9978029,-0.01719991,0,-0.9970458,0.06464685,0.04147863,0,-6.980472,1.658996,6.505555,1,0.9172553,0.9332605,0.004209983,-0.00270591,-0.01604012,3.74,53,-0.020448537969215492,-0.25129592885370133,0.9676942768439198,-0.020448537969215492,-0.25129592885370133,0.9676942768439198
-0.04193974,0.07561291,-0.9962549,0,-0.01597031,0.9969541,0.07633829,0,-0.9989926,-0.0191121,0.04060447,0,6.232474,-1.000851,-7.344171,1,-0.04193977,-0.0159703,-0.9989924,0,0.07561291,0.9969541,-0.0191121,0,-0.9962547,0.07633828,0.04060442,0,-6.979599,1.657978,6.505271,1,0.9125105,0.9135373,0.004209123,-0.002686996,-0.01603497,3.76,54,-0.017734420606991333,-0.2460952952495424,0.9690833792722765,-0.017734420606991333,-0.2460952952495424,0.9690833792722765
-0.04170156,0.08257622,-0.995712,0,-0.01682245,0.9963795,0.08333612,0,-0.9989886,-0.02022555,0.04016149,0,6.23547,-0.9434923,-7.348651,1,-0.0417016,-0.01682243,-0.9989884,0,0.0825762,0.9963796,-0.02022555,0,-0.9957117,0.08333612,0.04016144,0,-6.979199,1.65738,6.505212,1,0.9237295,0.9250858,0.004206115,-0.002714028,-0.01604542,3.78,55,-0.024204420573419726,-0.2534337927300332,0.9670498739605811,-0.024204420573419726,-0.2534337927300332,0.9670498739605811
-0.04154217,0.1000318,-0.9941166,0,-0.01787384,0.9947419,0.1008417,0,-0.9989769,-0.02195787,0.03953588,0,6.238053,-0.8061967,-7.361421,1,-0.04154227,-0.01787384,-0.9989768,0,0.1000318,0.9947419,-0.02195786,0,-0.9941167,0.1008416,0.03953579,0,-6.978323,1.655793,6.505007,1,0.9183999,0.9140308,0.004189408,-0.002869286,-0.01606622,3.8,56,-0.009425757689006721,-0.2723293992727651,0.9621579149930238,-0.009425757689006721,-0.2723293992727651,0.9621579149930238
-0.04197454,0.1216951,-0.9916797,0,-0.01934714,0.9922693,0.1225864,0,-0.9989315,-0.02433166,0.03929567,0,6.236883,-0.633647,-7.377507,1,-0.04197461,-0.01934712,-0.9989312,0,0.1216951,0.9922692,-0.02433167,0,-0.9916795,0.1225864,0.03929559,0,-6.977219,1.653796,6.504703,1,0.9574628,0.9132008,0.004181901,-0.003194672,-0.01616265,3.82,57,-0.010835384974001543,-0.3260249202919051,0.9452990774252993,-0.010835384974001543,-0.3260249202919051,0.9452990774252993
-0.04321468,0.1496956,-0.9877874,0,-0.02115636,0.9883521,0.1507068,0,-0.9988419,-0.02741072,0.03954434,0,6.230338,-0.4094367,-7.396883,1,-0.04321471,-0.02115634,-0.9988417,0,0.1496956,0.9883521,-0.02741073,0,-0.9877872,0.1507068,0.0395443,0,-6.976015,1.651239,6.504403,1,0.9841145,0.9330531,0.004075402,-0.003394898,-0.01622231,3.84,58,-0.009216980705519016,-0.3479533185157076,0.9374665516169526,-0.009216980705519016,-0.3479533185157076,0.9374665516169526
-0.04493606,0.1826963,-0.9821422,0,-0.02309637,0.9826823,0.1838535,0,-0.998723,-0.03094553,0.03993821,0,6.220385,-0.144079,-7.412922,1,-0.044936,-0.02309634,-0.9987227,0,0.1826962,0.9826822,-0.03094556,0,-0.9821417,0.1838534,0.03993824,0,-6.974698,1.648143,6.50404,1,0.9788243,0.9102203,0.004072587,-0.003534447,-0.01627478,3.86,59,-0.00931636854222365,-0.38756167158048566,0.9217966999284198,-0.00931636854222365,-0.38756167158048566,0.9217966999284198
-0.04615724,0.2019375,-0.9783102,0,-0.02406552,0.9788449,0.2031833,0,-0.9986443,-0.03292191,0.04032099,0,6.212724,0.01100469,-7.419536,1,-0.04615717,-0.02406551,-0.9986442,0,0.2019375,0.9788449,-0.03292192,0,-0.9783101,0.2031833,0.04032104,0,-6.974068,1.646266,6.503827,1,0.9788243,0.9102203,0.004088845,-0.0035513,-0.01627602,3.88,60,-0.005533068543874471,-0.3913795980051874,0.9202126903155525,-0.005533068543874471,-0.3913795980051874,0.9202126903155525
-0.04887378,0.2410885,-0.9692718,0,-0.02532648,0.9698203,0.242502,0,-0.9984839,-0.03640023,0.04129279,0,6.194322,0.3251995,-7.425383,1,-0.0488737,-0.0253265,-0.9984837,0,0.2410885,0.9698203,-0.03640023,0,-0.9692717,0.242502,0.04129285,0,-6.972876,1.642165,6.503382,1,0.9843258,0.9017824,0.004044921,-0.003404495,-0.016234,3.9,61,-0.01605489486048909,-0.33255393539396183,0.9429475703372948,-0.01605489486048909,-0.33255393539396183,0.9429475703372948
-0.05185306,0.2778343,-0.9592286,0,-0.02600801,0.9598192,0.2794113,0,-0.9983161,-0.03943596,0.04254365,0,6.173072,0.6208673,-7.421406,1,-0.05185306,-0.02600801,-0.9983159,0,0.2778343,0.9598192,-0.03943596,0,-0.9592285,0.2794113,0.04254364,0,-6.97123,1.638254,6.502895,1,0.9746221,0.9035003,0.004078621,-0.003216499,-0.01616906,3.92,62,-0.007973811141186851,-0.32025203985350537,0.9472988173251107,-0.007973811141186851,-0.32025203985350537,0.9472988173251107
-0.05457008,0.3124468,-0.9483665,0,-0.02683358,0.9489799,0.3141929,0,-0.9981493,-0.0425936,0.04340184,0,6.153951,0.9033948,-7.405432,1,-0.05457008,-0.02683358,-0.9981494,0,0.3124468,0.9489799,-0.0425936,0,-0.9483666,0.3141929,0.04340184,0,-6.969505,1.634563,6.50245,1,0.9688269,0.9209831,0.004073182,-0.003127716,-0.01615373,3.94,63,-0.013821666755359764,-0.3014746331878012,0.953374012165417,-0.013821666755359764,-0.3014746331878012,0.953374012165417
-0.05737901,0.3482322,-0.9356506,0,-0.02722357,0.9363004,0.3501436,0,-0.9979813,-0.04556267,0.04424393,0,6.133439,1.195908,-7.37787,1,-0.05737908,-0.02722357,-0.9979811,0,0.3482322,0.9363003,-0.04556263,0,-0.9356505,0.3501435,0.04424386,0,-6.96763,1.630558,6.501971,1,0.9502722,0.8990251,0.004069177,-0.00290287,-0.01617794,3.96,64,-0.016682183767223517,-0.26497957644498094,0.964109707871358,-0.016682183767223517,-0.26497957644498094,0.964109707871358
-0.05911171,0.3665402,-0.9285225,0,-0.02741438,0.9292021,0.3685538,0,-0.9978749,-0.04724072,0.04487824,0,6.12075,1.347689,-7.360698,1,-0.0591117,-0.02741439,-0.9978749,0,0.3665402,0.9292021,-0.04724071,0,-0.9285225,0.3685538,0.04487825,0,-6.966748,1.628334,6.501744,1,0.9057904,0.8892252,0.004033119,-0.003149994,-0.01618344,3.98,65,-0.019030161711053876,-0.3254716886187152,0.9453602661699577,-0.019030161711053876,-0.3254716886187152,0.9453602661699577
-0.06220973,0.4042427,-0.9125337,0,-0.02741572,0.9132675,0.4064368,0,-0.9976864,-0.05030212,0.04573154,0,6.097546,1.65973,-7.313312,1,-0.06220977,-0.02741574,-0.9976865,0,0.4042427,0.9132675,-0.05030209,0,-0.9125338,0.4064368,0.04573151,0,-6.965251,1.62379,6.501376,1,0.9353312,0.8789327,0.004089257,-0.003350899,-0.01621383,4.0,66,0.01310804351636824,-0.3583906669567578,0.9334796778899171,0.01310804351636824,-0.3583906669567578,0.9334796778899171
-0.06501341,0.4411671,-0.8950669,0,-0.02663071,0.8958781,0.4435012,0,-0.997529,-0.05266979,0.04649544,0,6.075263,1.963773,-7.253352,1,-0.06501336,-0.02663073,-0.997529,0,0.4411671,0.8958781,-0.05266979,0,-0.8950671,0.4435012,0.0464955,0,-6.963615,1.619358,6.50093,1,0.9535072,0.8575618,0.004015176,-0.003569367,-0.01630795,4.02,67,0.010908259232268454,-0.4008438235797546,0.9160814587024912,0.010908259232268454,-0.4008438235797546,0.9160814587024912
-0.06759703,0.473822,-0.8780224,0,-0.02600798,0.8788994,0.4762976,0,-0.9973737,-0.05503187,0.04708779,0,6.054799,2.237008,-7.188004,1,-0.06759697,-0.02600798,-0.9973737,0,0.473822,0.8788994,-0.05503189,0,-0.8780224,0.4762976,0.04708784,0,-6.961886,1.614997,6.500472,1,0.9640777,0.8291733,0.0039486,-0.003588631,-0.01631811,4.04,68,0.03335108202363187,-0.41970927964495935,0.907045658116372,0.03335108202363187,-0.41970927964495935,0.907045658116372
-0.0703063,0.5029958,-0.8614246,0,-0.02535306,0.8623815,0.5056238,0,-0.9972032,-0.05738823,0.04787838,0,6.033296,2.484784,-7.120932,1,-0.07030629,-0.02535301,-0.9972032,0,0.5029958,0.8623815,-0.05738829,0,-0.8614246,0.5056238,0.04787837,0,-6.959803,1.610643,6.499959,1,0.9614171,0.8388759,0.003879174,-0.003603493,-0.01633176,4.06,69,0.03719694399188003,-0.4163502709262886,0.9084430853153493,0.03719694399188003,-0.4163502709262886,0.9084430853153493
-0.07181263,0.5162014,-0.8534513,0,-0.02524504,0.8544456,0.5189271,0,-0.9970986,-0.0588109,0.0483284,0,6.021692,2.599987,-7.087791,1,-0.07181256,-0.02524506,-0.9970987,0,0.5162014,0.8544456,-0.05881094,0,-0.8534513,0.518927,0.04832847,0,-6.958768,1.608517,6.499671,1,0.9692311,0.8151581,0.003803041,-0.003518227,-0.01630526,4.08,70,0.03855850618430649,-0.40918523591176137,0.9116362675500963,0.03855850618430649,-0.40918523591176137,0.9116362675500963
-0.07470906,0.5401781,-0.838228,0,-0.02443042,0.8393334,0.5430678,0,-0.996906,-0.06105034,0.04950905,0,5.998562,2.807783,-7.024292,1,-0.07470907,-0.02443041,-0.9969061,0,0.5401781,0.8393334,-0.06105036,0,-0.838228,0.5430678,0.04950903,0,-6.956514,1.604548,6.499185,1,0.9636122,0.8426584,0.003849655,-0.00338369,-0.0162588,4.1,71,0.045778468574326055,-0.37574899250581684,0.9255900963417083,0.045778468574326055,-0.37574899250581684,0.9255900963417083
-0.07694793,0.5602818,-0.8247201,0,-0.02255696,0.8259827,0.563244,0,-0.9967799,-0.06194365,0.05091941,0,5.978723,2.976402,-6.967544,1,-0.07694796,-0.02255696,-0.99678,0,0.5602818,0.8259826,-0.06194364,0,-0.8247202,0.563244,0.05091941,0,-6.953847,1.600833,6.498623,1,0.9636122,0.8426584,0.003868224,-0.003105583,-0.01615767,4.12,72,0.035841455779302235,-0.33206304359603683,0.942576004959471,0.035841455779302235,-0.33206304359603683,0.942576004959471
-0.07818162,0.5780438,-0.8122518,0,-0.0207462,0.8136258,0.5810186,0,-0.9967233,-0.06227615,0.05161834,0,5.966391,3.123495,-6.90948,1,-0.07818162,-0.02074626,-0.9967232,0,0.5780438,0.8136259,-0.06227611,0,-0.8122517,0.5810186,0.05161838,0,-6.951292,1.59696,6.498015,1,0.98587,0.8729809,0.003900619,-0.002995629,-0.01611692,4.14,73,0.03158098981473652,-0.2991751617748578,0.9536754498566633,0.03158098981473652,-0.2991751617748578,0.9536754498566633
-0.07996035,0.5966903,-0.7984781,0,-0.01938462,0.7999606,0.5997394,0,-0.9966096,-0.0634335,0.05239856,0,5.950734,3.284199,-6.844346,1,-0.07996033,-0.01938454,-0.9966094,0,0.5966902,0.7999606,-0.06343356,0,-0.7984778,0.5997394,0.0523985,0,-6.948885,1.592946,6.497519,1,0.978946,0.8979416,0.003865227,-0.002951935,-0.01613167,4.16,74,0.014896288843316322,-0.27006420396703934,0.9627270777922193,0.014896288843316322,-0.27006420396703934,0.9627270777922193
-0.08324707,0.6298398,-0.7722512,0,-0.01751137,0.7738968,0.6330696,0,-0.9963752,-0.06622428,0.05339527,0,5.922797,3.576849,-6.715089,1,-0.08324698,-0.01751131,-0.9963749,0,0.6298397,0.7738968,-0.06622434,0,-0.7722511,0.6330695,0.05339527,0,-6.945521,1.586722,6.496756,1,0.9483107,0.8963958,0.003858993,-0.003506806,-0.01629178,4.2,75,0.045213893352589685,-0.3533661877177758,0.9343918028459508,0.045213893352589685,-0.3533661877177758,0.9343918028459508
-0.08644819,0.6513244,-0.753859,0,-0.01651192,0.7556511,0.6547662,0,-0.9961196,-0.06905094,0.05457008,0,5.896976,3.775197,-6.624822,1,-0.08644814,-0.01651185,-0.9961194,0,0.6513243,0.7556511,-0.069051,0,-0.7538589,0.6547662,0.05457004,0,-6.943275,1.582348,6.49629,1,0.9702108,0.877436,0.003839441,-0.003855705,-0.01642703,4.22,76,0.03943896283621043,-0.4191068047350347,0.907079960331609,0.03943896283621043,-0.4191068047350347,0.907079960331609
-0.08968496,0.6703623,-0.7365944,0,-0.01538557,0.7385539,0.674019,0,-0.9958515,-0.07178223,0.05592334,0,5.870512,3.95379,-6.539763,1,-0.08968495,-0.01538548,-0.9958512,0,0.6703621,0.7385538,-0.07178226,0,-0.7365941,0.6740188,0.05592326,0,-6.941126,1.578158,6.495693,1,0.901404,0.7795689,0.003796936,-0.004057778,-0.01652887,4.24,77,0.04172739831703283,-0.4607901746784222,0.8865276302234021,0.04172739831703283,-0.4607901746784222,0.8865276302234021
-0.09230113,0.6864981,-0.7212497,0,-0.01327568,0.7234288,0.6902713,0,-0.9956428,-0.07328784,0.05765963,0,5.847228,4.100629,-6.466116,1,-0.09230112,-0.01327561,-0.9956425,0,0.6864979,0.7234288,-0.07328788,0,-0.7212495,0.6902712,0.05765956,0,-6.93905,1.574486,6.495109,1,0.8678693,0.7396119,0.003632766,-0.004149452,-0.01660085,4.26,78,0.055442689002162114,-0.5110905156172725,0.8577369020173261,0.055442689002162114,-0.5110905156172725,0.8577369020173261
-0.0934031,0.6930833,-0.7147808,0,-0.01227069,0.7170632,0.6969001,0,-0.9955529,-0.07386336,0.05847132,0,5.837184,4.160352,-6.435099,1,-0.09340299,-0.01227061,-0.9955526,0,0.6930833,0.7170633,-0.07386345,0,-0.7147804,0.6969,0.0584713,0,-6.937943,1.57301,6.494791,1,0.8623294,0.7287387,0.003617844,-0.004151329,-0.0166089,4.28,79,0.05846805890129584,-0.503138613172956,0.8622256212979925,0.05846805890129584,-0.503138613172956,0.8622256212979925
-0.09552157,0.7033738,-0.7043728,0,-0.01081079,0.7068336,0.7072972,0,-0.9953687,-0.07517692,0.05991387,0,5.818469,4.256527,-6.38476,1,-0.09552156,-0.01081073,-0.9953686,0,0.7033737,0.7068336,-0.07517696,0,-0.7043727,0.7072973,0.05991382,0,-6.935391,1.570169,6.494049,1,0.868947,0.7080663,0.003626023,-0.004076859,-0.01655904,4.3,80,0.061863883085365924,-0.4749341330288761,0.8778441941789613,0.061863883085365924,-0.4749341330288761,0.8778441941789613
-0.09781766,0.7114856,-0.6958593,0,-0.009847671,0.6984861,0.7155558,0,-0.9951557,-0.07684651,0.0613178,0,5.799155,4.336517,-6.344312,1,-0.09781759,-0.009847625,-0.9951556,0,0.7114855,0.6984861,-0.07684658,0,-0.6958591,0.7155557,0.06131778,0,-6.932857,1.567819,6.493327,1,0.9106904,0.7806532,0.003650245,-0.004015167,-0.01652726,4.32,81,0.06034537313361967,-0.4591809993870904,0.8862907230380092,0.06034537313361967,-0.4591809993870904,0.8862907230380092
-0.09958708,0.7193817,-0.687439,0,-0.008998245,0.6901941,0.7235683,0,-0.9949881,-0.07824382,0.06226122,0,5.783878,4.413208,-6.301375,1,-0.09958709,-0.008998272,-0.9949882,0,0.7193816,0.6901941,-0.0782438,0,-0.6874391,0.7235684,0.06226125,0,-6.930593,1.56555,6.492529,1,0.9522489,0.8154224,0.003711731,-0.003955116,-0.01650343,4.34,82,0.06278719383238666,-0.44286620928788056,0.8943865433701681,0.06278719383238666,-0.44286620928788056,0.8943865433701681
-0.1016093,0.7276903,-0.6783381,0,-0.009134293,0.6811559,0.7320814,0,-0.9947825,-0.08058241,0.06256497,0,5.768139,4.500085,-6.250697,1,-0.1016094,-0.009134194,-0.9947823,0,0.7276903,0.6811559,-0.08058243,0,-0.6783379,0.7320814,0.06256486,0,-6.928656,1.563447,6.491744,1,0.9661069,0.8419104,0.00371264,-0.003973961,-0.01650958,4.36,83,0.062028862534618985,-0.4357914057072557,0.8979077184902441,0.062028862534618985,-0.4357914057072557,0.8979077184902441
-0.1026297,0.7315753,-0.6739916,0,-0.009424627,0.6768239,0.7360846,0,-0.994675,-0.08189631,0.06256735,0,5.760571,4.542357,-6.225475,1,-0.1026297,-0.009424694,-0.994675,0,0.7315754,0.6768239,-0.08189625,0,-0.6739917,0.7360847,0.06256738,0,-6.927789,1.562392,6.49141,1,0.9868922,0.8651811,0.003716408,-0.003978142,-0.01651102,4.38,84,0.06330225639044407,-0.4337913664498088,0.8987868906083833,0.06330225639044407,-0.4337913664498088,0.8987868906083833
-0.1053796,0.7394031,-0.664965,0,-0.01098299,0.6677819,0.744276,0,-0.9943715,-0.0857347,0.06224978,0,5.741395,4.635515,-6.170784,1,-0.1053795,-0.01098289,-0.9943714,0,0.7394029,0.6677819,-0.08573477,0,-0.6649647,0.7442758,0.0622497,0,-6.925842,1.560309,6.490633,1,0.9971519,0.8816602,0.003719749,-0.004002983,-0.01651661,4.4,85,0.06173211347942596,-0.42830860548987365,0.9015214277146623,0.06173211347942596,-0.42830860548987365,0.9015214277146623
-0.1085272,0.7470503,-0.6558489,0,-0.01289159,0.6586325,0.7523543,0,-0.9940099,-0.0901058,0.06184888,0,5.719726,4.731329,-6.114693,1,-0.1085272,-0.01289157,-0.99401,0,0.7470503,0.6586326,-0.09010583,0,-0.6558489,0.7523543,0.06184888,0,-6.924109,1.557945,6.489972,1,1.0,1.0,0.003746079,-0.004033386,-0.01651536,4.42,86,0.06298597462104764,-0.41916129674517666,0.9057243368221585,0.06298597462104764,-0.41916129674517666,0.9057243368221585
