mat_00,mat_10,mat_20,mat_30,mat_01,mat_11,mat_21,mat_31,mat_02,mat_12,mat_22,mat_32,mat_03,mat_13,mat_23,mat_33,ctw_00,ctw_10,ctw_20,ctw_30,ctw_01,ctw_11,ctw_21,ctw_31,ctw_02,ctw_12,ctw_22,ctw_32,ctw_03,ctw_13,ctw_23,ctw_33,opennessl,opennessr,eye_x,eye_y,eye_z,time,frame,ray_x,ray_y,ray_z,base_x,base_y,base_z
-0.07513595,0.04737104,-0.9960475,0,0.008963669,0.9988627,0.04682876,0,-0.997133,0.005409719,0.0754751,0,5.816437,-1.377081,-7.307991,1,-0.07513592,0.008963671,-0.9971329,0,0.04737104,0.9988627,0.005409716,0,-0.9960476,0.04682877,0.0754751,0,-6.776849,1.665603,6.358781,1,0.0,0.0,0.003757897,-0.002655548,-0.01997618,2.26,1,-0.007533490233886641,-0.024107063116344907,0.9996809971349864,0.010280890155114124,0.03358182087045442,0.9993830920145905
-0.07471788,0.04802276,-0.9960477,0,0.009161146,0.9988307,0.04746972,0,-0.9971627,0.005578103,0.07507038,0,5.819136,-1.373667,-7.306435,1,-0.0747178,0.009161142,-0.9971625,0,0.04802276,0.9988306,0.005578102,0,-0.9960478,0.04746972,0.07507044,0,-6.776798,1.665585,6.358784,1,0.0,0.0,0.003758698,-0.002651474,-0.01997637,2.28,2,-0.0077443144554423535,-0.024777809839013388,0.9996629860774064,0.010069778469165905,0.032911368549367354,0.9994075451895437
-0.07451713,0.04794336,-0.9960666,0,0.009003419,0.9988353,0.04740307,0,-0.997179,0.005435664,0.074862,0,5.820917,-1.373173,-7.305223,1,-0.07451715,0.00900342,-0.9971792,0,0.04794337,0.9988353,0.005435665,0,-0.9960666,0.04740307,0.074862,0,-6.776895,1.665455,6.358845,1,1.0,1.0,0.003760147,-0.002643654,-0.01997698,2.3,3,-0.007514089412048783,-0.025046601715546218,0.9996580446346693,0.010299878909123171,0.03264250250346793,0.9994140180749761
-0.07402551,0.04825943,-0.996088,0,0.00900775,0.99882,0.04772237,0,-0.9972157,0.005439838,0.07437289,0,5.824542,-1.371095,-7.30271,1,-0.07402552,0.009007749,-0.9972155,0,0.04825943,0.99882,0.005439838,0,-0.9960879,0.04772237,0.07437285,0,-6.776808,1.665514,6.358905,1,1.0,1.0,0.00376072,-0.002641487,-0.01997727,2.32,4,-0.007498816457080069,-0.025158222074813077,0.999655356417289,0.010315101538233352,0.03253089720933243,0.9994175000504102
-0.07406771,0.04782954,-0.9961056,0,0.008227026,0.9988445,0.04734931,0,-0.9972192,0.00468793,0.07437563,0,5.825598,-1.369276,-7.302105,1,-0.07406773,0.008227025,-0.9972193,0,0.04782954,0.9988445,0.004687931,0,-0.9961056,0.04734932,0.07437562,0,-6.776687,1.665516,6.358917,1,1.0,1.0,0.003760773,-0.002638733,-0.01997509,2.34,5,-0.007177009828794768,-0.022768333492942765,0.9997150061491881,0.010637919964450527,0.03491991718200657,0.9993334949068963
-0.07420146,0.04771171,-0.9961013,0,0.007933879,0.9988515,0.04725242,0,-0.9972117,0.004396746,0.07449484,0,5.825104,-1.368245,-7.302789,1,-0.07420151,0.007933879,-0.9972116,0,0.0477117,0.9988514,0.004396747,0,-0.9961013,0.04725243,0.07449478,0,-6.776804,1.665532,6.358898,1,1.0,1.0,0.003760773,-0.002637459,-0.01997508,2.36,6,-0.006012271254010645,-0.022852560536549892,0.9997207675502651,0.011802576276920962,0.034834965637279176,0.9993233832760429
-0.07425094,0.04764975,-0.9961007,0,0.007630829,0.9988557,0.04721273,0,-0.9972105,0.004095491,0.07452953,0,5.825232,-1.366775,-7.30295,1,-0.07425087,0.007630833,-0.9972103,0,0.04764975,0.9988557,0.004095483,0,-0.9961004,0.04721273,0.07452957,0,-6.776816,1.665551,6.358865,1,1.0,1.0,0.003758552,-0.002633385,-0.01997304,2.38,7,-0.006376137977001536,-0.022492467140630176,0.9997266795411761,0.011438872669544776,0.0351951745469533,0.9993149913218851
-0.07420516,0.04759721,-0.9961064,0,0.008013336,0.9988565,0.04713166,0,-0.9972108,0.004484724,0.07450175,0,5.824789,-1.369603,-7.302769,1,-0.0742052,0.008013339,-0.9972109,0,0.04759721,0.9988566,0.004484724,0,-0.9961064,0.04713167,0.07450174,0,-6.776917,1.665553,6.358754,1,1.0,1.0,0.003753412,-0.00262986,-0.01996909,2.4,8,-0.006994540715202769,-0.022474602528502672,0.9997229459412087,0.010820501585779622,0.035213429614971356,0.9993212351992644
-0.07451034,0.04716104,-0.9961045,0,0.007939311,0.9988775,0.04669845,0,-0.9971887,0.004428871,0.07480109,0,5.822603,-1.372367,-7.303986,1,-0.0745103,0.007939315,-0.9971886,0,0.04716104,0.9988776,0.004428866,0,-0.9961044,0.04669845,0.07480112,0,-6.776966,1.665684,6.358657,1,1.0,1.0,0.003745209,-0.002627586,-0.01995599,2.42,9,-0.006953373718117612,-0.021946125017397945,0.9997349739759317,0.010861876372806507,0.03574167885156949,0.9993020324379077
-0.07459605,0.04674969,-0.9961174,0,0.007338965,0.9988992,0.04633065,0,-0.9971868,0.003854387,0.07485712,0,5.822981,-1.371579,-7.303614,1,-0.07459613,0.007338968,-0.9971868,0,0.04674968,0.9988992,0.003854388,0,-0.9961174,0.04633065,0.07485703,0,-6.776764,1.665716,6.358614,1,1.0,1.0,0.003745209,-0.002626396,-0.01995432,2.44,10,-0.0068258158192245,-0.021576823451481368,0.9997438916683339,0.010989572922694108,0.03611074893144525,0.9992873676268438
-0.07462513,0.04636238,-0.9961334,0,0.007209882,0.9989176,0.04595184,0,-0.9971856,0.003752848,0.07487857,0,5.822972,-1.373676,-7.30324,1,-0.07462507,0.007209885,-0.9971855,0,0.04636238,0.9989176,0.003752842,0,-0.9961332,0.04595184,0.07487862,0,-6.776773,1.665804,6.358595,1,1.0,1.0,0.003745209,-0.002625397,-0.01995422,2.46,11,-0.0067081241893270195,-0.021477954484580272,0.9997468172197491,0.011107297996867469,0.036209501105932934,0.9992824925719794
-0.07456791,0.04621428,-0.9961445,0,0.007120134,0.9989248,0.04581027,0,-0.9971906,0.003676711,0.07481682,0,5.823509,-1.374242,-7.302682,1,-0.07456794,0.007120138,-0.9971904,0,0.04621427,0.9989247,0.003676706,0,-0.9961445,0.04581026,0.07481678,0,-6.776769,1.665838,6.358563,1,1.0,1.0,0.003745209,-0.002625305,-0.01995191,2.48,12,-0.005711813741423539,-0.022307418336927894,0.9997348419810745,0.01210323687670958,0.03537970337873369,0.9993006495774627
-0.07459223,0.04616336,-0.9961451,0,0.006910669,0.9989279,0.04577484,0,-0.9971902,0.003469581,0.07483125,0,5.82361,-1.373268,-7.302945,1,-0.0745922,0.006910668,-0.9971903,0,0.04616335,0.9989278,0.003469582,0,-0.996145,0.04577484,0.07483128,0,-6.777001,1.665842,6.358501,1,1.0,1.0,0.003745209,-0.002625107,-0.01995118,2.5,13,-0.005432249658383591,-0.021559816993059276,0.999752801923993,0.012383076599602107,0.03612680883470978,0.9992704904565874
-0.07467508,0.04661385,-0.9961179,0,0.006635308,0.998908,0.04624699,0,-0.9971859,0.003156055,0.07490277,0,5.823414,-1.36815,-7.304126,1,-0.07467502,0.006635308,-0.9971858,0,0.04661384,0.9989079,0.003156051,0,-0.9961178,0.04624699,0.07490283,0,-6.777132,1.66581,6.358443,1,1.0,1.0,0.003746292,-0.002614716,-0.01996832,2.52,14,-0.004193434979317597,-0.020685577669860695,0.9997772361779088,0.013622129984502598,0.03699972910684915,0.9992224265000786
-0.07479405,0.04727672,-0.9960777,0,0.0062549,0.9988781,0.04693997,0,-0.9971794,0.002719533,0.07500589,0,5.823154,-1.360723,-7.305726,1,-0.0747941,0.006254899,-0.9971794,0,0.04727672,0.9988781,0.002719536,0,-0.9960778,0.04693997,0.07500585,0,-6.777203,1.665704,6.358402,1,1.0,1.0,0.00374794,-0.002612503,-0.01996888,2.54,15,-0.006024580619040862,-0.020919392259216706,0.9997630136466689,0.011791021643871637,0.03676736523744158,0.9992542882880665
-0.07490873,0.04812984,-0.9960282,0,0.006047091,0.9988381,0.04781084,0,-0.9971721,0.002441624,0.0751127,0,5.822595,-1.353001,-7.307511,1,-0.07490868,0.006047089,-0.9971721,0,0.04812984,0.998838,0.002441623,0,-0.9960281,0.04781083,0.07511274,0,-6.777204,1.665597,6.35832,1,1.0,1.0,0.003661758,-0.003061279,-0.02068092,2.56,16,-0.00333698466559554,-0.11123909023293437,0.9937880706355305,0.014371724167084841,-0.05374929463659633,0.9984510337871023
-0.07505119,0.05068174,-0.9958909,0,0.005846953,0.9987128,0.05038472,0,-0.9971625,0.002041491,0.07525098,0,5.821687,-1.332762,-7.311572,1,-0.07505126,0.005846953,-0.9971625,0,0.05068174,0.9987128,0.002041495,0,-0.9958909,0.05038472,0.07525091,0,-6.777056,1.665398,6.358091,1,0.9974322,0.9589157,0.003595353,-0.00388649,-0.02003945,2.6,17,0.013988533144591654,-0.2860338771100036,0.9581173947308763,0.031058880142328247,-0.2303277389423719,0.9726173341237545
-0.07554018,0.05357813,-0.9957023,0,0.005867111,0.998562,0.0532869,0,-0.9971256,0.001816599,0.07574582,0,5.818098,-1.311057,-7.318437,1,-0.07554009,0.005867111,-0.9971254,0,0.05357813,0.998562,0.001816594,0,-0.9957023,0.0532869,0.0757459,0,-6.777241,1.665013,6.358097,1,1.0,1.0,0.003589394,-0.00389035,-0.02012279,2.62,18,0.019718770908062063,-0.3103132148433138,0.9504298389505048,0.03665122457759853,-0.25501581890081715,0.966242008943571
-0.07582188,0.05802282,-0.9954319,0,0.006098671,0.9983138,0.05772628,0,-0.9971029,0.001693903,0.0760479,0,5.815542,-1.279362,-7.325786,1,-0.07582187,0.006098676,-0.9971027,0,0.05802281,0.9983137,0.001693896,0,-0.9954317,0.05772626,0.07604787,0,-6.777142,1.664627,6.35797,1,1.0,1.0,0.00359565,-0.003867416,-0.02010835,2.64,19,0.01513898756055833,-0.2972076228984926,0.9546928511027348,0.032148130409362694,-0.24168152857607728,0.9698229407764665
-0.0774256,0.06339692,-0.9949805,0,0.006722484,0.9979867,0.06306535,0,-0.9969755,0.001805868,0.07769597,0,5.802671,-1.242564,-7.342055,1,-0.07742565,0.006722487,-0.9969754,0,0.06339691,0.9979867,0.001805868,0,-0.9949804,0.06306534,0.0776959,0,-6.777151,1.664083,6.357812,1,1.0,1.0,0.003597213,-0.00386425,-0.02009926,2.66,20,0.012283237591144901,-0.29296096493274076,0.9560454984465732,0.029316936488746045,-0.23736101057707082,0.9709790254648893
-0.07839453,0.06596606,-0.9947377,0,0.007143443,0.99782,0.0656075,0,-0.996897,0.001962591,0.07869482,0,5.794821,-1.225597,-7.350933,1,-0.07839447,0.007143449,-0.9968966,0,0.06596606,0.99782,0.001962583,0,-0.9947374,0.0656075,0.07869482,0,-6.777118,1.663806,6.357723,1,1.0,1.0,0.003595382,-0.003853966,-0.02010336,2.68,21,0.01136736699533117,-0.29255264021603433,0.9561818528241481,0.028403640985197372,-0.23694456214909887,0.9711078764209237
-0.07999885,0.07058355,-0.9942928,0,0.008046806,0.997503,0.07016401,0,-0.9967625,0.00238784,0.08036709,0,5.781329,-1.196064,-7.365887,1,-0.07999886,0.008046807,-0.9967624,0,0.07058355,0.997503,0.00238784,0,-0.9942927,0.07016401,0.08036707,0,-6.776926,1.663377,6.357442,1,1.0,1.0,0.003595321,-0.003764893,-0.02018926,2.7,22,0.009450228079725028,-0.2844727199068138,0.9586375565447353,0.026530564312995667,-0.22873452410554948,0.973127251000321
-0.08199418,0.0738223,-0.9938951,0,0.008567154,0.9972683,0.07336609,0,-0.9965961,0.002499264,0.08240271,0,5.765694,-1.174188,-7.381196,1,-0.08199424,0.008567163,-0.9965959,0,0.07382231,0.9972683,0.00249926,0,-0.9938949,0.07336608,0.08240263,0,-6.776699,1.663114,6.357232,1,1.0,1.0,0.003596275,-0.00365609,-0.02038307,2.72,23,0.006778938148640901,-0.2761950897196779,0.9610776859402761,0.023903178843997706,-0.22032722826563808,0.975133093749737
-0.08355451,0.07575966,-0.9936192,0,0.008052498,0.9971247,0.07534979,0,-0.9964707,0.001705308,0.08392429,0,5.755043,-1.155529,-7.392175,1,-0.08355449,0.008052502,-0.9964707,0,0.07575966,0.9971246,0.001705302,0,-0.9936192,0.07534979,0.08392432,0,-6.776605,1.662863,6.357085,1,1.0,1.0,0.003595292,-0.003608635,-0.02042159,2.74,24,0.004644962966875787,-0.27625918190902143,0.9610719477385625,0.021769440222312968,-0.2203893518042147,0.9751690238536729
-0.08491826,0.07744206,-0.993374,0,0.007193398,0.9969967,0.07710956,0,-0.9963621,0.0005977266,0.08522034,0,5.746506,-1.136656,-7.401743,1,-0.08491829,0.007193404,-0.9963619,0,0.07744205,0.9969966,0.0005977242,0,-0.9933738,0.07710956,0.08522028,0,-6.776689,1.66265,6.357058,1,1.0,1.0,0.003627221,-0.003557549,-0.02031718,2.76,25,0.0071741654919088805,-0.26753158807403865,0.9635223820607788,0.024341905156439157,-0.21153759094490507,0.9770666913115915
-0.08557665,0.07857518,-0.9932285,0,0.007315688,0.996908,0.07823596,0,-0.9963048,0.0005709827,0.08588696,0,5.741431,-1.128557,-7.406657,1,-0.08557671,0.007315699,-0.9963048,0,0.07857517,0.996908,0.0005709777,0,-0.9932283,0.07823595,0.08588687,0,-6.776491,1.662532,6.356994,1,1.0,1.0,0.003639146,-0.003548188,-0.02022148,2.8,26,0.002828099396732624,-0.26347519184105117,0.9646620263792512,0.020016836252612233,-0.20741776824004152,0.9780476448950514
-0.08544946,0.07913196,-0.9931951,0,0.008157652,0.9968632,0.07872237,0,-0.9963091,0.001375355,0.08582699,0,5.740994,-1.129857,-7.406808,1,-0.08544951,0.008157654,-0.9963091,0,0.07913196,0.9968632,0.001375356,0,-0.9931952,0.07872237,0.08582695,0,-6.776433,1.662562,6.357062,1,1.0,1.0,0.003659775,-0.003549225,-0.02020802,2.82,27,0.005004127645325067,-0.259524444050732,0.9657235741384114,0.02221143459616257,-0.20341462318855225,0.9788407139296157
-0.08467531,0.07928449,-0.9932492,0,0.009296346,0.9968488,0.0787793,0,-0.9963652,0.002562929,0.08514559,0,5.744945,-1.136285,-7.403053,1,-0.08467536,0.009296352,-0.9963652,0,0.07928449,0.9968487,0.002562927,0,-0.9932492,0.07877929,0.08514553,0,-6.776532,1.662505,6.357312,1,1.0,1.0,0.003669723,-0.003548722,-0.02016077,2.84,28,0.006274738977209354,-0.26045620728863134,0.9654652721540995,0.023477241545698982,-0.20436103497791971,0.978614013036886
-0.08370674,0.07985304,-0.9932858,0,0.01042431,0.9967997,0.07925706,0,-0.9964359,0.003719974,0.08427131,0,5.750294,-1.139788,-7.39836,1,-0.08370677,0.01042432,-0.9964359,0,0.07985304,0.9967996,0.003719972,0,-0.9932857,0.07925705,0.08427126,0,-6.776331,1.66257,6.357508,1,1.0,1.0,0.003701172,-0.003647919,-0.02009952,2.86,29,0.005563792575977923,-0.26545295310624345,0.9641077605223111,0.022742218699103776,-0.20942700789492075,0.9775597781480286
-0.08282483,0.08033365,-0.9933211,0,0.01109743,0.9967582,0.07968631,0,-0.9965024,0.004423309,0.08344781,0,5.755699,-1.140918,-7.394068,1,-0.0828248,0.01109743,-0.9965023,0,0.08033365,0.9967582,0.004423303,0,-0.9933209,0.0796863,0.08344781,0,-6.776314,1.662552,6.357632,1,1.0,1.0,0.003691482,-0.00369503,-0.02008302,2.88,30,0.006050909180727291,-0.2775175482012235,0.9607015129260847,0.023168562486752847,-0.22166842769161915,0.9748468217504855
-0.08097422,0.0814923,-0.9933792,0,0.01188487,0.9966601,0.08079267,0,-0.9966455,0.005264074,0.08167231,0,5.768119,-1.138136,-7.384946,1,-0.08097421,0.01188488,-0.9966452,0,0.0814923,0.9966601,0.005264061,0,-0.9933791,0.08079267,0.08167228,0,-6.776233,1.662431,6.357905,1,1.0,1.0,0.003692383,-0.003695702,-0.02009402,2.9,31,0.005270937077136947,-0.2818214394544256,0.9594523925063526,0.02236645630567833,-0.226036378400415,0.973862052485849
-0.07893968,0.08361435,-0.9933666,0,0.01304508,0.9964775,0.08283955,0,-0.9967941,0.006419223,0.07975233,0,5.781199,-1.13063,-7.375843,1,-0.07893964,0.01304508,-0.996794,0,0.08361435,0.9964776,0.006419216,0,-0.9933667,0.08283956,0.07975237,0,-6.776013,1.662243,6.358164,1,1.0,1.0,0.003694343,-0.003699379,-0.02009428,2.92,32,0.006586299886971709,-0.28097960289045587,0.9596911395930048,0.0236858644801057,-0.22518352846933198,0.9740284176192866
-0.07663167,0.08696943,-0.9932593,0,0.01377203,0.9961858,0.08616315,0,-0.9969645,0.007076379,0.07753706,0,5.797051,-1.111306,-7.366402,1,-0.07663158,0.01377203,-0.9969642,0,0.08696943,0.9961858,0.007076365,0,-0.9932591,0.08616314,0.0775371,0,-6.77586,1.661943,6.358486,1,1.0,1.0,0.003693161,-0.00371093,-0.02007785,2.94,33,0.008743626330150807,-0.27646824484702337,0.9609832769563708,0.02586587283335554,-0.22060739126195403,0.9750196590547104
-0.07473695,0.09143528,-0.9930025,0,0.01437022,0.9957828,0.09060973,0,-0.9970998,0.007497769,0.07573569,0,5.810115,-1.082548,-7.360506,1,-0.07473693,0.01437022,-0.9970998,0,0.09143528,0.9957828,0.007497768,0,-0.9930025,0.09060973,0.07573571,0,-6.775788,1.661424,6.358834,1,1.0,1.0,0.003689942,-0.00371843,-0.02007385,2.96,34,0.008887819616244899,-0.2766159255886986,0.9609394551027535,0.026009262370226938,-0.22075750114475212,0.9749818685284777
-0.07360756,0.09403703,-0.992844,0,0.01481806,0.9955378,0.09319359,0,-0.9971773,0.007852282,0.07467258,0,5.817698,-1.066505,-7.356814,1,-0.07360756,0.01481807,-0.997177,0,0.094037,0.9955377,0.00785227,0,-0.9928437,0.09319356,0.07467253,0,-6.77565,1.661147,6.359001,1,1.0,1.0,0.003686158,-0.003721619,-0.02007291,2.98,35,0.009021581388068042,-0.27590272366879537,0.9611432245723832,0.02614663384627452,-0.220033874370882,0.9751417577295354
-0.07155085,0.09908995,-0.9925027,0,0.01572135,0.9950415,0.09821004,0,-0.997313,0.008576468,0.07275391,0,5.831313,-1.035506,-7.35035,1,-0.07155086,0.01572135,-0.997313,0,0.09908994,0.9950415,0.008576468,0,-0.9925027,0.09821005,0.07275388,0,-6.775399,1.660574,6.359292,1,1.0,1.0,0.003678949,-0.003721169,-0.02007593,3.0,36,0.010440626985906202,-0.27403650375818817,0.9616626164701055,0.027574709120135106,-0.21814227061642208,0.9755273369758797
-0.06947327,0.1053866,-0.9920017,0,0.01675054,0.9943873,0.1044669,0,-0.9974433,0.00935892,0.07084858,0,5.845067,-0.996132,-7.344867,1,-0.06947321,0.01675055,-0.9974431,0,0.1053865,0.9943873,0.009358902,0,-0.9920014,0.1044669,0.07084861,0,-6.775064,1.659928,6.359818,1,1.0,1.0,0.003669618,-0.003721169,-0.02007439,3.02,37,0.013124263735985598,-0.27215608621829795,0.9621636131322606,0.03026684698653144,-0.21623885299877116,0.9758712396762544
-0.06865561,0.1092886,-0.9916362,0,0.01719882,0.9939635,0.1083544,0,-0.9974921,0.009615835,0.07012081,0,5.850417,-0.9702649,-7.344011,1,-0.06865561,0.01719882,-0.9974922,0,0.1092887,0.9939636,0.009615832,0,-0.9916362,0.1083544,0.07012082,0,-6.774885,1.659544,6.360043,1,1.0,1.0,0.003664833,-0.003721169,-0.02007654,3.04,38,0.014494054901621856,-0.2687104466075989,0.9631119448207738,0.03165331887000905,-0.21274567500978145,0.9765947701934237
-0.06634068,0.1186576,-0.9907166,0,0.01827375,0.9928818,0.1176933,0,-0.9976298,0.01029627,0.06803679,0,5.865644,-0.9084786,-7.339404,1,-0.06634068,0.01827376,-0.9976295,0,0.1186576,0.9928818,0.01029625,0,-0.9907165,0.1176933,0.06803676,0,-6.77434,1.658623,6.360444,1,1.0,1.0,0.003649055,-0.003694298,-0.02009363,3.06,39,0.014691352083726315,-0.266691674407249,0.9636699201364592,0.03186052721632723,-0.21069829269341822,0.9770317990022517
-0.0640136,0.1320219,-0.9891778,0,0.0198256,0.9911832,0.1310066,0,-0.9977522,0.01122484,0.06606662,0,5.880182,-0.8197743,-7.338012,1,-0.06401358,0.01982561,-0.997752,0,0.1320219,0.9911833,0.01122484,0,-0.9891775,0.1310066,0.06606661,0,-6.773957,1.657296,6.360962,1,1.0,1.0,0.003629158,-0.003654793,-0.02012182,3.08,40,0.02076633905297713,-0.25927006505796146,0.9655815825331264,0.0379686133291542,-0.2031850517613917,0.9784039141083715
-0.0614754,0.1496936,-0.9868194,0,0.02241651,0.9886471,0.1485744,0,-0.9978568,0.01298737,0.06413317,0,5.894444,-0.705339,-7.338243,1,-0.06147549,0.02241652,-0.9978569,0,0.1496936,0.9886472,0.01298738,0,-0.9868194,0.1485744,0.06413309,0,-6.773571,1.655473,6.361597,1,1.0,1.0,0.003619538,-0.003638741,-0.02012481,3.1,41,0.020810860449560462,-0.25368632041199635,0.9670626447770438,0.03803951851061472,-0.19752524824238132,0.9795594782034761
-0.05810535,0.1725538,-0.9832849,0,0.02590045,0.9848779,0.1713029,0,-0.9979746,0.01551394,0.06169593,0,5.913024,-0.5582094,-7.335295,1,-0.05810536,0.02590048,-0.9979742,0,0.1725538,0.9848779,0.01551391,0,-0.9832846,0.1713029,0.06169588,0,-6.772784,1.653175,6.362263,1,1.0,1.0,0.003773705,-0.00364608,-0.02014504,3.12,42,0.016896982829149306,-0.2461214929325706,0.9690916895154524,0.034162417572770755,-0.18985199488432244,0.9812181965618183
-0.05578375,0.1859163,-0.9809808,0,0.02829856,0.9824104,0.1845781,0,-0.9980417,0.0174639,0.06006372,0,5.925658,-0.4747919,-7.33064,1,-0.05578377,0.02829858,-0.9980417,0,0.1859163,0.9824103,0.01746389,0,-0.9809808,0.1845781,0.0600637,0,-6.77239,1.651828,6.362651,1,1.0,1.0,0.003938729,-0.003660744,-0.02053783,3.14,43,-0.02077098264626436,-0.25813215142239265,0.9658863073270866,-0.0035566836948553717,-0.20198877832388848,0.9793813779280865
-0.05028546,0.2165915,-0.9749665,0,0.03376586,0.9760121,0.2150823,0,-0.998164,0.0221051,0.05639255,0,5.955701,-0.2831326,-7.31571,1,-0.05028538,0.03376587,-0.9981639,0,0.2165914,0.9760119,0.02210507,0,-0.9749663,0.2150822,0.0563926,0,-6.771762,1.64872,6.363576,1,0.881703,0.6314196,0.004432433,-0.004029778,-0.02029099,3.16,44,-0.09480254728015951,-0.330897212553526,0.9388927051338186,-0.07805748988764166,-0.27611310396581323,0.9579501981266066
-0.04271352,0.2476218,-0.9679148,0,0.03953423,0.9684591,0.2460164,0,-0.9983049,0.02775755,0.05115581,0,5.999659,-0.09347141,-7.284321,1,-0.04271349,0.03953423,-0.9983047,0,0.2476218,0.9684591,0.02775753,0,-0.9679148,0.2460164,0.05115583,0,-6.771191,1.645394,6.364718,1,0.8548957,0.5159855,0.004637695,-0.004293114,-0.02035222,3.18,45,-0.10767215459279311,-0.35161553945884916,0.9299318359624041,-0.09108472646029582,-0.2973004049074018,0.950429398665439
-0.03278959,0.2747754,-0.9609492,0,0.04528534,0.9608872,0.2732125,0,-0.9984359,0.03455837,0.04395044,0,6.059734,0.06210172,-7.23464,1,-0.03278963,0.04528534,-0.9984358,0,0.2747754,0.9608872,0.03455839,0,-0.9609491,0.2732125,0.04395039,0,-6.770488,1.642504,6.366074,1,0.8154717,0.39311,0.004959893,-0.004674477,-0.02053321,3.2,46,-0.15739749994300795,-0.4614864400455836,0.8730729022628894,-0.1418153388519616,-0.41021581223165704,0.9008947757987197
-0.02148628,0.2981968,-0.9542626,0,0.0515204,0.953545,0.2968125,0,-0.9984408,0.04278661,0.03585136,0,6.127722,0.1826737,-7.174951,1,-0.02148629,0.05152042,-0.9984408,0,0.2981968,0.953545,0.04278659,0,-0.9542626,0.2968125,0.03585135,0,-6.769598,1.639725,6.367583,1,0.8111989,0.3830712,0.004975136,-0.004847069,-0.02063305,3.22,47,-0.20094877192431215,-0.4759157842856598,0.8562264638107585,-0.18565988072970835,-0.4255477459328708,0.8856859063002434
-0.01530373,0.3080466,-0.9512482,0,0.05441016,0.9502065,0.3068339,0,-0.9984014,0.04706185,0.03130257,0,6.16551,0.2286825,-7.141148,1,-0.01530374,0.05441014,-0.9984013,0,0.3080465,0.9502065,0.04706186,0,-0.9512482,0.3068339,0.03130257,0,-6.769094,1.638384,6.368428,1,0.8316767,0.3829226,0.004993241,-0.00491285,-0.02066998,3.24,48,-0.22651685858297657,-0.4817668001780325,0.8465169006132833,-0.21139692140852157,-0.43192259873928496,0.8767862968348115
-0.002182007,0.3219237,-0.9467632,0,0.05817798,0.9452026,0.321259,0,-0.9983039,0.05437979,0.02079129,0,6.249414,0.2855897,-7.065854,1,-0.002181983,0.05817799,-0.9983038,0,0.3219237,0.9452026,0.05437977,0,-0.9467631,0.321259,0.02079131,0,-6.767992,1.636451,6.370192,1,0.8508761,0.3662021,0.005078713,-0.004729683,-0.02060502,3.26,49,-0.18822163131220734,-0.4758864643520859,0.859130194180511,-0.1728830195985985,-0.4253641256604998,0.8883562473104747
0.01120704,0.3319346,-0.9432359,0,0.05964991,0.9413933,0.3319949,0,-0.9981564,0.05998462,0.009249687,0,6.338738,0.3247502,-6.984275,1,0.01120699,0.05964994,-0.9981565,0,0.3319346,0.9413933,0.05998462,0,-0.9432358,0.3319949,0.009249631,0,-6.766652,1.63492,6.372175,1,0.8790047,0.3967397,0.005027229,-0.004452805,-0.02047676,3.28,50,-0.1950096799871862,-0.47169464876552525,0.8599275452253307,-0.17965578265082707,-0.421126336046027,0.8890311630356765
0.02582568,0.3418145,-0.9394125,0,0.06214051,0.9373597,0.3427759,0,-0.9977332,0.06722797,-0.002967417,0,6.433201,0.3529952,-6.89655,1,0.02582567,0.06214049,-0.9977331,0,0.3418146,0.9373598,0.06722799,0,-0.9394125,0.3427759,-0.002967422,0,-6.765506,1.633326,6.374421,1,0.8760586,0.4297817,0.004988968,-0.004257881,-0.02041876,3.3,51,-0.16371769067372274,-0.4235136223124119,0.8909729117522501,-0.14781556821795427,-0.3712675908409786,0.9166847515823197
0.04266518,0.3531719,-0.9345852,0,0.06522509,0.9324567,0.3553452,0,-0.9969581,0.07611929,-0.01674777,0,6.539786,0.3824544,-6.795257,1,0.04266519,0.06522511,-0.996958,0,0.3531719,0.9324567,0.07611927,0,-0.9345851,0.3553452,-0.01674776,0,-6.764839,1.631482,6.376975,1,0.8760586,0.4297817,0.004959,-0.004312584,-0.0204294,3.32,52,-0.15401680403289683,-0.4162805000518631,0.89609674106765,-0.13802492093254798,-0.36376103757670436,0.9212095465976693
0.052028,0.3581612,-0.9322091,0,0.06607984,0.9301928,0.3610746,0,-0.9964571,0.08038625,-0.02472883,0,6.599859,0.3931806,-6.737048,1,0.05202801,0.06607988,-0.9964569,0,0.3581612,0.9301928,0.08038621,0,-0.9322088,0.3610745,-0.02472883,0,-6.764535,1.630725,6.37827,1,0.8921478,0.449731,0.00491166,-0.004308022,-0.02042239,3.34,53,-0.1555730846042515,-0.41959543762519186,0.8942799808062584,-0.13961332702768298,-0.36717361249549924,0.9196149505109549
0.0710361,0.365859,-0.9279554,0,0.06658155,0.9264915,0.3703787,0,-0.9952492,0.08809499,-0.04145491,0,6.7227,0.4026618,-6.615484,1,0.07103613,0.06658156,-0.995249,0,0.3658589,0.9264914,0.08809496,0,-0.9279553,0.3703787,-0.04145488,0,-6.763745,1.629564,6.381044,1,0.9026858,0.495883,0.004869431,-0.004262673,-0.02040213,3.36,54,-0.1453906918035406,-0.40585178863096905,0.9023003227318115,-0.12928963745293875,-0.3530008509889619,0.9266469602002462
0.08163041,0.3673337,-0.9265002,0,0.06577465,0.9255904,0.3727681,0,-0.99449,0.09136945,-0.05139506,0,6.792428,0.3933702,-6.545642,1,0.08163038,0.06577466,-0.9944898,0,0.3673337,0.9255905,0.09136943,0,-0.9265,0.3727681,-0.05139507,0,-6.763504,1.629138,6.382645,1,0.9184887,0.4966069,0.004796386,-0.004102272,-0.02035393,3.38,55,-0.12245547639520585,-0.3928818646119777,0.9113991972565253,-0.10619593178826259,-0.339551443907423,0.9345732935473852
0.1069856,0.3740104,-0.9212331,0,0.06604949,0.9218307,0.3819236,0,-0.9920644,0.1017073,-0.07391942,0,6.951598,0.3791964,-6.379673,1,0.1069856,0.06604948,-0.9920642,0,0.3740104,0.9218307,0.1017073,0,-0.9212331,0.3819236,-0.07391944,0,-6.762709,1.627843,6.386282,1,0.9318197,0.515371,0.005043495,-0.004114342,-0.02037923,3.4,56,-0.14996884687753947,-0.3765486464728938,0.9141774782861657,-0.13365542818557877,-0.32305694129384255,0.9368940384047689
0.1423984,0.3783243,-0.9146549,0,0.06442513,0.9185696,0.3899736,0,-0.9877107,0.1144584,-0.1064292,0,7.170452,0.3325357,-6.13908,1,0.1423984,0.06442515,-0.9877104,0,0.3783243,0.9185695,0.1144583,0,-0.9146549,0.3899735,-0.1064292,0,-6.762006,1.626664,6.390892,1,0.8776445,0.456084,0.006411018,-0.004123703,-0.02069116,3.42,57,-0.43828065741036276,-0.3274449657978474,0.8370721950426896,-0.4232953927523651,-0.2781845594959825,0.8622263979562718
0.1868984,0.3796645,-0.9060485,0,0.05960141,0.9162188,0.3962207,0,-0.9805696,0.1280548,-0.1486112,0,7.439212,0.258564,-5.820035,1,0.1868983,0.05960145,-0.9805696,0,0.3796645,0.9162187,0.1280548,0,-0.9060484,0.3962207,-0.1486112,0,-6.761777,1.62573,6.396632,1,0.7806767,0.3912501,0.006757119,-0.00408561,-0.02062391,3.46,58,-0.302356916799895,-0.22135730832259046,0.9271360401340457,-0.2857883967504352,-0.16722009981892286,0.9435901814343796
0.2163203,0.3789871,-0.8997635,0,0.05691426,0.9151221,0.3991395,0,-0.9746621,0.1375514,-0.1763897,0,7.60855,0.1948707,-5.603698,1,0.2163203,0.05691427,-0.9746621,0,0.378987,0.915122,0.1375513,0,-0.8997635,0.3991395,-0.1763898,0,-6.76174,1.625291,6.400525,1,0.8085668,0.4430836,0.006596833,-0.004022675,-0.02065293,3.48,59,-0.38385562906214116,-0.26735665836315997,0.8838412036481398,-0.36804563457418604,-0.2155555048260395,0.9044767742789619
0.2458474,0.3774685,-0.8927916,0,0.0556991,0.9140369,0.4017888,0,-0.967707,0.1485064,-0.2036889,0,7.76946,0.1160502,-5.385303,1,0.2458473,0.05569912,-0.9677068,0,0.3774684,0.9140369,0.1485064,0,-0.8927914,0.4017887,-0.2036889,0,-6.761859,1.624928,6.404398,1,0.8825606,0.6151049,0.006469888,-0.004007729,-0.02067578,3.5,60,-0.4255196298317991,-0.2502888280043681,0.8696485193479078,-0.409955917983306,-0.19929160748214997,0.890066851701402
0.2745147,0.3749509,-0.885468,0,0.05474751,0.913256,0.4036906,0,-0.9600232,0.1592962,-0.2301746,0,7.91924,0.03098369,-5.168421,1,0.2745147,0.05474751,-0.960023,0,0.3749509,0.913256,0.1592962,0,-0.8854679,0.4036907,-0.2301746,0,-6.762036,1.624589,6.408079,1,0.914802,0.6836736,0.006176415,-0.004015183,-0.02059594,3.52,61,-0.3822527816771618,-0.2767426429830416,0.8816441007883128,-0.3664821915582196,-0.2250541998686404,0.9027964390670637
0.3150206,0.3690597,-0.8743895,0,0.05193295,0.9132142,0.404157,0,-0.9476629,0.1727274,-0.2685149,0,8.123953,-0.09540677,-4.847504,1,0.3150206,0.05193295,-0.9476629,0,0.3690598,0.9132141,0.1727274,0,-0.8743895,0.4041569,-0.268515,0,-6.762609,1.624378,6.413621,1,0.9394479,0.7601699,0.005899201,-0.003938873,-0.02051241,3.56,62,-0.32637046204407993,-0.25913164815945994,0.9090286631494605,-0.3101207823674064,-0.20595095970752395,0.928121383515851
0.3419003,0.3638707,-0.8664309,0,0.05055913,0.9135357,0.4036041,0,-0.9383753,0.1817984,-0.2939411,0,8.252136,-0.1894712,-4.629237,1,0.3419002,0.05055921,-0.9383751,0,0.3638706,0.9135357,0.1817983,0,-0.8664307,0.4036041,-0.2939411,0,-6.763377,1.624246,6.417322,1,0.9988073,0.7816082,0.005751862,-0.003911995,-0.02049813,3.58,63,-0.3009223448774357,-0.25423544086932054,0.9191355084857986,-0.2844966130149996,-0.20050629615895668,0.9374747475978275
0.367843,0.3582638,-0.8581018,0,0.04978172,0.9138908,0.4028961,0,-0.9285545,0.1909203,-0.3183333,0,8.369249,-0.2870448,-4.414712,1,0.3678429,0.04978173,-0.9285544,0,0.3582638,0.9138909,0.1909203,0,-0.8581017,0.4028961,-0.3183333,0,-6.764003,1.624362,6.420756,1,1.0,1.0,0.005563323,-0.003896309,-0.02051033,3.6,64,-0.27004987768906813,-0.2543551022722605,0.9286423130076439,-0.25345964690597284,-0.20010932581407256,0.9464219276372123
0.3912777,0.3526202,-0.8500357,0,0.04899003,0.9143872,0.4018657,0,-0.9189678,0.1988843,-0.3405044,0,8.470892,-0.3775258,-4.215587,1,0.3912777,0.04899004,-0.9189678,0,0.3526203,0.9143873,0.1988843,0,-0.8500358,0.4018657,-0.3405044,0,-6.764748,1.624315,6.424135,1,1.0,1.0,0.005421151,-0.003861023,-0.02063918,3.62,65,-0.239134412346453,-0.24893607304294582,0.9385337310771913,-0.22237283609119754,-0.1941607500113361,0.9554328468939054
0.4021216,0.3499008,-0.8460897,0,0.04823093,0.9147177,0.4012048,0,-0.914315,0.2021408,-0.3509517,0,8.517201,-0.4175899,-4.120406,1,0.4021216,0.04823096,-0.914315,0,0.3499009,0.9147178,0.2021408,0,-0.8460896,0.4012048,-0.3509517,0,-6.765068,1.62431,6.425753,1,1.0,1.0,0.00527011,-0.0037118,-0.02104475,3.64,66,-0.20974079566229922,-0.2566501203672507,0.9434720527659636,-0.19289589088649695,-0.20160742328772585,0.9602841361567879
0.4228009,0.3443721,-0.8382407,0,0.04616226,0.915598,0.3994364,0,-0.9050462,0.2075772,-0.3712186,0,8.60392,-0.4918356,-3.933712,1,0.4228008,0.04616229,-0.9050461,0,0.344372,0.9155979,0.2075771,0,-0.8382406,0.3994364,-0.3712186,0,-6.765768,1.624415,6.428771,1,1.0,1.0,0.005109184,-0.003613731,-0.0212321,3.66,67,-0.18593943782567582,-0.25477450480674274,0.9489554663742396,-0.1690006037327053,-0.19944321673454551,0.9652259835067425
0.4427238,0.3388999,-0.8301461,0,0.04424278,0.9164382,0.3977229,0,-0.8955659,0.2128093,-0.3907351,0,8.683576,-0.5644195,-3.7501,1,0.4427237,0.04424278,-0.8955659,0,0.3388999,0.9164383,0.2128093,0,-0.8301461,0.3977229,-0.3907351,0,-6.766274,1.624571,6.431532,1,1.0,1.0,0.005587365,-0.003632057,-0.02104438,3.68,68,-0.25685341344363005,-0.22771616141172515,0.9392399447607966,-0.24007644003780976,-0.1729172252019799,0.955229258433398
0.4608451,0.3343702,-0.8220818,0,0.04249392,0.9169334,0.3967712,0,-0.8864627,0.2177835,-0.4083556,0,8.753038,-0.6282542,-3.58011,1,0.4608451,0.04249394,-0.8864626,0,0.3343702,0.9169334,0.2177835,0,-0.8220817,0.3967711,-0.4083555,0,-6.766868,1.6246,6.434108,1,1.0,1.0,0.005794891,-0.003759087,-0.02076706,3.7,69,-0.3468172418219652,-0.22238909472928461,0.9111865293783122,-0.33052586510308557,-0.16912412166907045,0.9285201580835618
0.4775518,0.3304092,-0.8141093,0,0.04059769,0.9173066,0.3961065,0,-0.8776652,0.2222124,-0.4246476,0,8.815174,-0.6844738,-3.419851,1,0.4775518,0.04059768,-0.8776651,0,0.3304092,0.9173066,0.2222123,0,-0.8141093,0.3961066,-0.4246475,0,-6.767678,1.624622,6.436638,1,1.0,1.0,0.005652046,-0.003745667,-0.02076081,3.72,70,-0.3247176215962585,-0.21971562388360769,0.9199366884988911,-0.3082738356686818,-0.16597328030758796,0.9367070579781372
0.4855555,0.3284568,-0.8101555,0,0.0397004,0.9174922,0.3957675,0,-0.8733039,0.2243306,-0.4324535,0,8.843967,-0.7117896,-3.342102,1,0.4855555,0.03970037,-0.8733039,0,0.3284568,0.9174923,0.2243306,0,-0.8101555,0.3957675,-0.4324536,0,-6.768067,1.624648,6.437843,1,1.0,1.0,0.005589172,-0.003733139,-0.02084112,3.74,71,-0.2958025923185313,-0.21772403358348807,0.9301059464264128,-0.2791821925203614,-0.16342836372237682,0.9462285523648875
0.5003144,0.3248183,-0.8026074,0,0.03801395,0.9178313,0.3951463,0,-0.8650089,0.2282077,-0.4468566,0,8.895771,-0.7620556,-3.196998,1,0.5003144,0.03801397,-0.8650089,0,0.3248183,0.9178313,0.2282076,0,-0.8026074,0.3951463,-0.4468566,0,-6.769086,1.624557,6.440228,1,1.0,1.0,0.005432335,-0.003575088,-0.02116606,3.76,72,-0.24694924498836998,-0.22611987853976429,0.9422769608394531,-0.23011972786355755,-0.1711586637269207,0.957992496149744
0.5128899,0.3218885,-0.7958214,0,0.03634769,0.9180657,0.3947584,0,-0.8576846,0.2313938,-0.4591668,0,8.938674,-0.8030348,-3.070742,1,0.5128899,0.03634768,-0.8576845,0,0.3218885,0.9180657,0.2313938,0,-0.7958215,0.3947584,-0.4591667,0,-6.76983,1.62454,6.442397,1,1.0,1.0,0.005375535,-0.0034701,-0.02152159,3.78,73,-0.222827379961678,-0.2258372858167139,0.9483382724926552,-0.2058936869168753,-0.17055183696092532,0.9635973539798818
0.5230328,0.318827,-0.7904341,0,0.03523631,0.9185178,0.3938064,0,-0.851584,0.2338256,-0.4691806,0,8.971674,-0.8404717,-2.967754,1,0.5230327,0.03523632,-0.8515838,0,0.318827,0.9185178,0.2338256,0,-0.7904341,0.3938063,-0.4691805,0,-6.770328,1.62458,6.444243,1,1.0,1.0,0.005263474,-0.003443756,-0.021539,3.8,74,-0.2091315653081759,-0.2285411949277409,0.9508064527614188,-0.1921560665494389,-0.17312300601037328,0.9659733282436839
0.5301037,0.3157334,-0.7869577,0,0.03481811,0.9192017,0.3922446,0,-0.8472177,0.2353307,-0.476279,0,8.993557,-0.8725932,-2.895498,1,0.5301037,0.03481815,-0.8472176,0,0.3157335,0.9192018,0.2353307,0,-0.7869578,0.3922446,-0.476279,0,-6.770646,1.624694,6.445783,1,1.0,1.0,0.005036759,-0.00373861,-0.02092811,3.82,75,-0.19498782592947445,-0.1946666026129862,0.9612932235100872,-0.1778277103632686,-0.13871466122796583,0.9742358791316239
0.5339532,0.3105062,-0.7864349,0,0.03689988,0.9206825,0.3885642,0,-0.8447085,0.2364944,-0.4801437,0,9.001841,-0.9185817,-2.86057,1,0.5339532,0.0368999,-0.8447084,0,0.3105062,0.9206825,0.2364945,0,-0.7864349,0.3885641,-0.4801437,0,-6.770988,1.62507,6.447685,1,1.0,1.0,0.004834709,-0.003446159,-0.02104308,3.86,76,-0.17585684029954787,-0.24174532873836663,0.954271223370504,-0.1588248862315944,-0.18613958135709313,0.9696013158848988
0.5309032,0.3071531,-0.7898093,0,0.0401836,0.9218298,0.3855064,0,-0.8464793,0.236404,-0.4770598,0,8.987578,-0.9432342,-2.897918,1,0.5309031,0.04018364,-0.8464792,0,0.3071531,0.9218298,0.2364039,0,-0.7898092,0.3855064,-0.4770598,0,-6.770618,1.625514,6.448302,1,1.0,1.0,0.004685974,-0.003544449,-0.0205835,3.88,77,-0.18073128940804953,-0.25289494019674413,0.9504632293002127,-0.16376641557630947,-0.1974851952314173,0.9665299575252162
0.5248786,0.302922,-0.7954501,0,0.04493897,0.9233639,0.3812869,0,-0.84999,0.2358761,-0.4710409,0,8.961942,-0.9714203,-2.967836,1,0.5248786,0.044939,-0.8499899,0,0.302922,0.9233638,0.235876,0,-0.79545,0.3812869,-0.4710408,0,-6.770432,1.625831,6.448723,1,1.0,1.0,0.004681786,-0.003319245,-0.02144479,3.9,78,-0.15085682035983944,-0.24999579372643593,0.9564226695713608,-0.13379049917400862,-0.19427795438673712,0.9717799024316538
0.5161494,0.2987631,-0.8027019,0,0.04941326,0.9252421,0.3761455,0,-0.855072,0.2338114,-0.4628003,0,8.928091,-0.9900241,-3.061425,1,0.5161495,0.04941325,-0.8550721,0,0.298763,0.925242,0.2338115,0,-0.802702,0.3761455,-0.4628004,0,-6.769859,1.626387,6.448812,1,1.0,1.0,0.004652038,-0.00340947,-0.02108972,3.92,79,-0.15869339245361547,-0.2532576045159948,0.9542939761658263,-0.14166375797390623,-0.19764902326270595,0.9699825994727993
0.5098842,0.2970577,-0.8073258,0,0.05142682,0.9262812,0.3733074,0,-0.8587045,0.2318618,-0.4570194,0,8.905532,-0.9911237,-3.125186,1,0.5098842,0.05142687,-0.8587045,0,0.2970577,0.9262812,0.2318618,0,-0.8073257,0.3733074,-0.4570194,0,-6.769413,1.626731,6.448753,1,1.0,1.0,0.004657676,-0.003421898,-0.02107263,3.94,80,-0.15752066100398748,-0.25262045100113895,0.9546570845559404,-0.14048474253657572,-0.19699319857713096,0.9702874403128092
0.4942873,0.2944263,-0.8179201,0,0.05503256,0.9284109,0.367457,0,-0.8675549,0.2266416,-0.4426986,0,8.85026,-0.9795606,-3.279211,1,0.4942872,0.05503255,-0.8675549,0,0.2944264,0.9284109,0.2266416,0,-0.81792,0.3674571,-0.4426986,0,-6.768294,1.627352,6.448393,1,1.0,1.0,0.004440628,-0.003370293,-0.0209464,3.96,81,-0.14632203466681476,-0.24595581748084014,0.9581730522292385,-0.12922524362421173,-0.19014843538949266,0.9732134446919602
0.4735909,0.2934052,-0.8304367,0,0.05899408,0.9301946,0.3622949,0,-0.878767,0.2205704,-0.4232225,0,8.774652,-0.9511242,-3.480537,1,0.4735909,0.0589941,-0.878767,0,0.2934052,0.9301947,0.2205705,0,-0.8304368,0.3622949,-0.4232225,0,-6.766896,1.628059,6.447623,1,1.0,1.0,0.003868203,-0.003319512,-0.02086515,3.98,82,-0.07336563614620882,-0.23456590501192837,0.9693277668770235,-0.056081663897631064,-0.17820927303698683,0.9823931504128589
0.4485781,0.2918985,-0.8447325,0,0.06438728,0.9321514,0.3562978,0,-0.8914213,0.2142174,-0.3993481,0,8.676489,-0.9242735,-3.72091,1,0.4485781,0.06438728,-0.8914213,0,0.2918985,0.9321514,0.2142174,0,-0.8447325,0.3562977,-0.3993481,0,-6.765462,1.628659,6.446464,1,1.0,1.0,0.002687134,-0.003057068,-0.0215772,4.0,83,0.08646506155235203,-0.21792749403947215,0.9721272552873021,0.10377354141410426,-0.16160137534294403,0.9813847602187656
0.4209776,0.2905707,-0.8592709,0,0.07019164,0.9340267,0.3502387,0,-0.9043511,0.2077563,-0.3728087,0,8.561741,-0.8953896,-3.979817,1,0.4209776,0.07019162,-0.9043512,0,0.2905708,0.9340268,0.2077563,0,-0.8592709,0.3502387,-0.3728087,0,-6.763868,1.629241,6.445133,1,1.0,1.0,0.002376937,-0.003094551,-0.0216302,4.02,84,0.16714632809322308,-0.2253876001806712,0.9598242207246858,0.1842227721438466,-0.16984135920604357,0.9680991080084105
0.4063894,0.2897278,-0.866548,0,0.07335424,0.9349877,0.3470117,0,-0.9107507,0.2045868,-0.3587164,0,8.498125,-0.8826241,-4.114266,1,0.4063894,0.07335423,-0.9107506,0,0.2897278,0.9349878,0.2045868,0,-0.8665481,0.3470117,-0.3587163,0,-6.763037,1.629568,6.444392,1,1.0,1.0,0.002436065,-0.003109017,-0.02161881,4.04,85,0.1602917933118088,-0.23735900611829455,0.9581060709605276,0.17733871016277064,-0.18188486599773068,0.9671964006337039
0.3757495,0.288509,-0.8806673,0,0.07891521,0.9368912,0.3405984,0,-0.9233552,0.1974778,-0.3292686,0,8.361067,-0.8488922,-4.388459,1,0.3757495,0.07891524,-0.923355,0,0.288509,0.9368912,0.1974777,0,-0.8806673,0.3405984,-0.3292686,0,-6.761525,1.630207,6.442888,1,1.0,1.0,0.002544715,-0.003127991,-0.02162511,4.06,86,0.12758311152749194,-0.2368153570136104,0.963141233846563,0.1447249423971868,-0.18101818601522085,0.9727728960964579
0.34139,0.2866592,-0.8951421,0,0.08381587,0.9392796,0.3327595,0,-0.9361772,0.1886279,-0.2966341,0,8.201107,-0.8091257,-4.682979,1,0.34139,0.08381587,-0.9361773,0,0.2866592,0.9392795,0.1886279,0,-0.895142,0.3327594,-0.2966341,0,-6.759765,1.630918,6.441182,1,1.0,1.0,0.002931939,-0.003230728,-0.02145759,4.08,87,0.06917004198239905,-0.2448959577480509,0.9670788360680933,0.08639131063233987,-0.188798274417986,0.9782084404788264
0.3043118,0.2826193,-0.9096817,0,0.09052894,0.9420708,0.3229662,0,-0.948261,0.1806349,-0.261098,0,8.014919,-0.7906828,-4.993164,1,0.3043118,0.09052894,-0.9482609,0,0.2826192,0.9420708,0.1806349,0,-0.9096816,0.3229661,-0.261098,0,-6.757761,1.63192,6.439354,1,1.0,1.0,0.003082711,-0.00330423,-0.02116026,4.1,88,0.04253405312914005,-0.24764472304346588,0.9679168071033442,0.0597744824346193,-0.19146677740875698,0.9796772348066372
0.2652643,0.2758825,-0.9238635,0,0.09875879,0.9453759,0.3106626,0,-0.9591046,0.1736473,-0.2235286,0,7.804905,-0.7977421,-5.309772,1,0.2652643,0.09875881,-0.9591045,0,0.2758825,0.9453759,0.1736473,0,-0.9238635,0.3106625,-0.2235286,0,-6.755785,1.63291,6.437359,1,1.0,1.0,0.003154785,-0.003360725,-0.02096554,4.12,89,0.04141498873455683,-0.24728184356871213,0.9680581018458425,0.05865811342481801,-0.19109520493378016,0.9798172525429208
