mat_00,mat_10,mat_20,mat_30,mat_01,mat_11,mat_21,mat_31,mat_02,mat_12,mat_22,mat_32,mat_03,mat_13,mat_23,mat_33,ctw_00,ctw_10,ctw_20,ctw_30,ctw_01,ctw_11,ctw_21,ctw_31,ctw_02,ctw_12,ctw_22,ctw_32,ctw_03,ctw_13,ctw_23,ctw_33,opennessl,opennessr,eye_x,eye_y,eye_z,time,frame,ray_x,ray_y,ray_z,base_x,base_y,base_z
0.0006237626,0.02929935,-0.9995705,0,-0.03257315,0.9990408,0.02926349,0,-0.9994692,-0.03254091,-0.001577556,0,6.37502,-1.232791,-7.02723,1,0.0006237822,-0.03257316,-0.9994691,0,0.02929935,0.9990409,-0.03254091,0,-0.9995705,0.0292635,-0.001577536,0,-6.992068,1.644904,6.320433,1,0.0,0.0,0.002180733,-0.00221019,-0.01805535,2.06,1,-0.036173434706237705,-0.09817971901158098,0.994511048403365,-0.018446629829133105,-0.04063622820011656,0.9990037131090229
0.0009991527,0.02986457,-0.9995536,0,-0.0329045,0.9990137,0.02981555,0,-0.9994581,-0.03286001,-0.001980841,0,6.37809,-1.226737,-7.025773,1,0.0009991481,-0.03290449,-0.9994579,0,0.02986456,0.9990137,-0.03286001,0,-0.9995534,0.02981554,-0.001980845,0,-6.992372,1.644872,6.320405,1,0.0,0.0,0.002168915,-0.002260597,-0.01796144,2.08,2,-0.03800087889980055,-0.09285329009339385,0.9949543706731854,-0.020265884380598995,-0.03529122405065514,0.9991715685683208
0.000408709,0.03123354,-0.999512,0,-0.03465246,0.9989123,0.03120063,0,-0.9993994,-0.0346228,-0.001490593,0,6.376253,-1.205936,-7.031948,1,0.0004087184,-0.03465246,-0.9993993,0,0.03123354,0.9989123,-0.0346228,0,-0.999512,0.03120063,-0.001490583,0,-6.993456,1.644979,6.320188,1,1.0,1.0,0.002144264,-0.002329598,-0.01781747,2.12,3,-0.038211526477872244,-0.08678217876953272,0.9954942152982323,-0.020466879094014914,-0.029198872787855202,0.9993640641368237
-0.001339555,0.03197502,-0.9994878,0,-0.03522766,0.9988668,0.03200236,0,-0.9993785,-0.03525248,0.0002115965,0,6.364442,-1.196608,-7.044675,1,-0.001339519,-0.03522765,-0.9993783,0,0.03197502,0.9988668,-0.03525247,0,-0.9994878,0.03200236,0.000211632,0,-6.994279,1.644902,6.319792,1,1.0,1.0,0.002476579,-0.002376679,-0.0178411,2.14,4,-0.08852215066404077,-0.09748322673429846,0.9912925145219659,-0.07084438508461449,-0.040072680873649784,0.9966821225193022
-0.001912594,0.03246403,-0.9994712,0,-0.03515206,0.998853,0.03251122,0,-0.9993802,-0.03519564,0.0007692575,0,6.36013,-1.193529,-7.048883,1,-0.001912628,-0.03515205,-0.99938,0,0.03246402,0.998853,-0.03519564,0,-0.9994709,0.03251122,0.0007692226,0,-6.994242,1.644899,6.319602,1,1.0,1.0,0.002476189,-0.002387276,-0.01786673,2.2,5,-0.08989200716868215,-0.09508098627184296,0.9914025585486247,-0.07221206323894958,-0.0376666855370023,0.9966778008581463
-0.001663089,0.03162444,-0.9994985,0,-0.03486475,0.9988903,0.03166321,0,-0.9993907,-0.03489992,0.0005586147,0,6.36137,-1.201293,-7.045843,1,-0.001663038,-0.03486475,-0.9993906,0,0.03162444,0.9988904,-0.03489992,0,-0.9994984,0.03166321,0.0005586653,0,-6.993739,1.644841,6.319505,1,1.0,1.0,0.00247786,-0.002389519,-0.01785733,2.22,6,-0.0895124346358609,-0.09330347433087115,0.9916057612394902,-0.07182893012830101,-0.035880805257339506,0.9967713742933775
-0.001194477,0.03107043,-0.9995165,0,-0.03453107,0.9989198,0.03109315,0,-0.9994029,-0.03455152,0.0001202822,0,6.364064,-1.207458,-7.042121,1,-0.001194468,-0.03453108,-0.999403,0,0.03107043,0.9989198,-0.03455152,0,-0.9995165,0.03109314,0.0001202918,0,-6.993599,1.644873,6.319392,1,1.0,1.0,0.002482033,-0.002279121,-0.01802333,2.26,7,-0.08953025187437515,-0.10475278689818117,0.9904600888659649,-0.07186715912345278,-0.0473771041767005,0.9962883726308134
-0.0003970861,0.03471462,-0.9993972,0,-0.03575585,0.9987577,0.03470661,0,-0.9993604,-0.03574807,-0.0008446574,0,6.371569,-1.173735,-7.041375,1,-0.0003970864,-0.03575584,-0.9993605,0,0.03471462,0.9987577,-0.03574808,0,-0.9993972,0.03470661,-0.0008446579,0,-6.993854,1.64448,6.319588,1,0.9501037,0.9085969,0.002518989,-0.002246727,-0.01816621,2.3,8,-0.08264936889869982,-0.09942389403135009,0.9916067623389269,-0.0649669361923106,-0.04199803393772612,0.9970032408909961
-0.0002082586,0.03592791,-0.9993544,0,-0.0357189,0.9987164,0.03591242,0,-0.9993619,-0.03570331,-0.001075327,0,6.37292,-1.165354,-7.041624,1,-0.0002082453,-0.0357189,-0.9993618,0,0.03592791,0.9987164,-0.03570331,0,-0.9993543,0.03591242,-0.001075314,0,-6.993881,1.644374,6.319674,1,0.9334776,0.8547964,0.002518989,-0.002226242,-0.01829785,2.32,9,-0.08329774576943136,-0.09412256741756275,0.9920697696495228,-0.06560695985470885,-0.03667816688529315,0.997171218443732
0.0003278255,0.03615649,-0.9993461,0,-0.03440087,0.998755,0.03612382,0,-0.9994081,-0.03436653,-0.001571238,0,6.374804,-1.172312,-7.038508,1,0.0003278313,-0.03440087,-0.999408,0,0.03615649,0.998755,-0.03436653,0,-0.9993461,0.03612382,-0.001571232,0,-6.993608,1.644409,6.319683,1,0.9430191,0.8416986,0.002517959,-0.002193565,-0.01830895,2.34,10,-0.0834020305139836,-0.09785660251770485,0.9916996453815218,-0.06571782323780248,-0.040427221728533684,0.9970189604276324
0.0009329915,0.03662198,-0.9993288,0,-0.0337319,0.9987617,0.0365697,0,-0.9994305,-0.03367514,-0.002167165,0,6.378115,-1.173473,-7.035208,1,0.0009329916,-0.0337319,-0.9994305,0,0.03662197,0.9987617,-0.03367514,0,-0.9993287,0.0365697,-0.002167165,0,-6.993461,1.644441,6.319719,1,0.9495957,0.8468922,0.002481133,-0.002248879,-0.01833201,2.36,11,-0.07840972631077964,-0.09301482926796799,0.9925724942572807,-0.060710758476554605,-0.035548308318266685,0.9975221910217893
0.00145936,0.03726945,-0.9993042,0,-0.03357956,0.9987435,0.0371995,0,-0.999435,-0.0335019,-0.002709031,0,6.38166,-1.169915,-7.032587,1,0.001459373,-0.03357956,-0.999435,0,0.03726945,0.9987435,-0.0335019,0,-0.9993042,0.0371995,-0.002709018,0,-6.993405,1.644347,6.319808,1,1.0,1.0,0.002155257,-0.003004601,-0.01839622,2.4,12,-0.03724381807896886,-0.1900363509530336,0.9810703763397179,-0.019756340827639468,-0.13311387217627096,0.990903821786626
0.00195241,0.03935944,-0.9992233,0,-0.0329964,0.9986835,0.03927371,0,-0.9994536,-0.03289409,-0.003248572,0,6.384317,-1.158859,-7.03192,1,0.001952423,-0.0329964,-0.9994536,0,0.03935944,0.9986835,-0.03289409,0,-0.9992232,0.03927371,-0.003248559,0,-6.99331,1.644162,6.319866,1,1.0,1.0,0.002009048,-0.004169907,-0.01840331,2.42,13,-0.037368384993232015,-0.3607807425428077,0.9319017435401962,-0.020757017370553663,-0.3064090147434977,0.9516736110210251
0.00267452,0.04191056,-0.9991179,0,-0.03251082,0.9985968,0.04180167,0,-0.9994679,-0.03237034,-0.004033327,0,6.388708,-1.143802,-7.030381,1,0.002674533,-0.03251081,-0.9994677,0,0.04191054,0.9985968,-0.03237034,0,-0.9991177,0.04180168,-0.004033313,0,-6.993327,1.643781,6.319926,1,1.0,1.0,0.002008575,-0.004176804,-0.01837454,2.44,14,-0.04221795334149562,-0.353048160391499,0.9346521496577395,-0.025556806634292082,-0.2985257311120699,0.9540593469479042
0.003366411,0.04390191,-0.9990301,0,-0.03131948,0.9985504,0.04377528,0,-0.9995037,-0.03114174,-0.004736543,0,6.391881,-1.137442,-7.028331,1,0.003366438,-0.03131948,-0.9995037,0,0.04390191,0.9985504,-0.03114174,0,-0.9990302,0.04377528,-0.004736516,0,-6.993097,1.643651,6.319997,1,1.0,1.0,0.002005058,-0.004176628,-0.01835843,2.46,15,-0.04178135744790029,-0.3448875896039713,0.9377136389681944,-0.025065727782760845,-0.2902026662376302,0.9566368808483662
0.003832936,0.04633275,-0.9989188,0,-0.03128529,0.9984426,0.04619062,0,-0.9995033,-0.03107441,-0.005276501,0,6.395135,-1.120474,-7.027863,1,0.003832937,-0.03128529,-0.999503,0,0.04633275,0.9984426,-0.03107441,0,-0.9989187,0.04619063,-0.0052765,0,-6.992861,1.643424,6.320056,1,1.0,1.0,0.002005074,-0.004172936,-0.01835257,2.48,16,-0.039409167399644215,-0.3389778924536849,0.9399685664704563,-0.02265373410708458,-0.2841752239365565,0.9585046950493323
0.00481081,0.04865975,-0.9988039,0,-0.03099463,0.9983428,0.048488,0,-0.999508,-0.03072428,-0.006311059,0,6.401618,-1.105992,-7.02417,1,0.004810841,-0.03099462,-0.9995079,0,0.04865975,0.9983427,-0.03072428,0,-0.9988038,0.048488,-0.006311027,0,-6.992747,1.643163,6.320158,1,1.0,1.0,0.002003082,-0.004170426,-0.01834206,2.5,17,-0.03875984591272653,-0.33826811659357353,0.9402512194307744,-0.02199947915610503,-0.28345099892805087,0.9587343501322723
0.005859613,0.05062381,-0.9987007,0,-0.03079278,0.9982533,0.05042047,0,-0.9995087,-0.03045732,-0.007408202,0,6.408674,-1.093581,-7.019472,1,0.005859588,-0.03079277,-0.9995085,0,0.0506238,0.9982533,-0.03045732,0,-0.9987004,0.05042046,-0.007408224,0,-6.992541,1.642937,6.320214,1,1.0,1.0,0.00200312,-0.004167404,-0.01830219,2.52,18,-0.037470536958606554,-0.3296406071553837,0.9433626179652571,-0.02065493330224041,-0.27465977099173783,0.961319605505394
0.006424725,0.05076996,-0.9986898,0,-0.0304382,0.9982575,0.05055216,0,-0.9995161,-0.03007352,-0.007958889,0,6.412167,-1.095044,-7.016032,1,0.006424738,-0.03043818,-0.9995159,0,0.05076995,0.9982575,-0.03007353,0,-0.9986895,0.05055217,-0.007958874,0,-6.992439,1.642986,6.320291,1,1.0,1.0,0.002001885,-0.004165703,-0.01828306,2.54,19,-0.036719050913351675,-0.32850601076384545,0.9437878533823408,-0.019895989355393384,-0.27350331620718027,0.9616652669360817
0.00696516,0.04967564,-0.9987411,0,-0.03135062,0.9982852,0.04943432,0,-0.9994842,-0.03096684,-0.00851059,0,6.417315,-1.097185,-7.011231,1,0.00696517,-0.03135062,-0.9994842,0,0.04967563,0.9982852,-0.03096684,0,-0.9987411,0.04943432,-0.008510578,0,-6.992599,1.643086,6.320358,1,1.0,1.0,0.001997827,-0.004165734,-0.01820174,2.56,20,-0.03481615846377155,-0.3250882667616863,0.9450425672548873,-0.017971041443867374,-0.270020869393204,0.9626867464349768
0.006687284,0.04960607,-0.9987466,0,-0.03224593,0.9982601,0.049366,0,-0.9994577,-0.03187538,-0.008275211,0,6.416756,-1.091972,-7.012894,1,0.00668725,-0.03224592,-0.9994574,0,0.04960606,0.99826,-0.03187538,0,-0.9987463,0.04936599,-0.008275239,0,-6.992844,1.643185,6.320434,1,1.0,1.0,0.001997284,-0.00416745,-0.01813363,2.6,21,-0.03730093248217023,-0.3254564196989707,0.9448210197242056,-0.020459368684401222,-0.27039863061979047,0.9625310357551998
0.006512403,0.04962592,-0.9987468,0,-0.03231665,0.9982566,0.04939084,0,-0.9994565,-0.03195449,-0.008104801,0,6.415738,-1.091446,-7.013923,1,0.006512411,-0.03231664,-0.9994563,0,0.0496259,0.9982565,-0.03195449,0,-0.9987465,0.04939084,-0.008104791,0,-6.992749,1.643302,6.320527,1,1.0,1.0,0.001995576,-0.004167977,-0.01807748,2.62,22,-0.038483192775783034,-0.32711248536225535,0.9442014963946572,-0.021652480476941897,-0.27208644670705767,0.9620291760687526
0.006437004,0.04830247,-0.9988121,0,-0.03189372,0.9983345,0.04807383,0,-0.9994706,-0.03154638,-0.007966876,0,6.414743,-1.103396,-7.013052,1,0.006437052,-0.03189372,-0.9994705,0,0.04830246,0.9983344,-0.03154638,0,-0.998812,0.04807383,-0.007966828,0,-6.992715,1.643293,6.320667,1,1.0,1.0,0.001992196,-0.004192589,-0.01786411,2.64,23,-0.03600728494888326,-0.3321199903096224,0.9425496206923782,-0.01920640030261119,-0.2771834084843707,0.9606250424845286
0.006099999,0.04805211,-0.9988263,0,-0.03139454,0.9983616,0.04783802,0,-0.9994885,-0.03106588,-0.007598579,0,6.411751,-1.108246,-7.014904,1,0.006099999,-0.03139453,-0.9994884,0,0.0480521,0.9983616,-0.03106588,0,-0.9988262,0.04783802,-0.007598578,0,-6.992528,1.643303,6.320739,1,1.0,1.0,0.001992889,-0.004205864,-0.01781616,2.66,24,-0.035543329085423306,-0.3320446591150323,0.9425937704603755,-0.018741731401880176,-0.27710613376316856,0.9606565141271299
0.006187916,0.04843632,-0.9988071,0,-0.03099396,0.9983556,0.04822241,0,-0.9995005,-0.03065859,-0.007678986,0,6.411771,-1.10803,-7.014846,1,0.006187927,-0.03099396,-0.9995004,0,0.04843631,0.9983556,-0.03065859,0,-0.998807,0.04822241,-0.007678973,0,-6.992485,1.643207,6.320731,1,1.0,1.0,0.001641853,-0.003837052,-0.0176884,2.68,25,0.007391303501588273,-0.2776470917771466,0.9606547043866698,0.02450790991981507,-0.221801832006094,0.9747837245615576
0.006194174,0.04952369,-0.9987538,0,-0.03054867,0.9983161,0.04931253,0,-0.9995142,-0.03020515,-0.007696629,0,6.411237,-1.103141,-7.016145,1,0.006194175,-0.03054867,-0.999514,0,0.04952369,0.9983162,-0.03020515,0,-0.9987537,0.04931253,-0.007696625,0,-6.992482,1.643122,6.3208,1,1.0,1.0,0.001644813,-0.00386879,-0.01765904,2.7,26,0.010667672000224912,-0.27625948318961224,0.9610238804118781,0.027790336532948105,-0.22039861298529276,0.9750139222542131
0.006816745,0.05119376,-0.9986655,0,-0.03047618,0.9982354,0.05096368,0,-0.9995123,-0.03008811,-0.008364856,0,6.415434,-1.091967,-7.013821,1,0.006816694,-0.03047618,-0.9995122,0,0.05119375,0.9982353,-0.0300881,0,-0.9986654,0.05096368,-0.008364906,0,-6.99229,1.643008,6.32078,1,1.0,1.0,0.001645118,-0.003859711,-0.01776876,2.72,27,0.008678349378568621,-0.2768202101621282,0.96088254094757,0.025798811244004533,-0.22096451213207385,0.974940565222635
0.007354379,0.05274178,-0.9985812,0,-0.03060376,0.9981522,0.05249373,0,-0.9995046,-0.03017427,-0.008954883,0,6.419333,-1.080318,-7.011902,1,0.007354373,-0.03060375,-0.9995044,0,0.05274177,0.9981522,-0.03017428,0,-0.9985809,0.05249373,-0.008954884,0,-6.992184,1.642859,6.320763,1,1.0,1.0,0.001645028,-0.003860825,-0.01776997,2.74,28,0.00966928830270421,-0.27765104577351546,0.9606333336110049,0.026785152245333708,-0.22180935248009992,0.974722097200814
0.007561505,0.05366731,-0.9985302,0,-0.0308999,0.9980945,0.0534099,0,-0.9994939,-0.03045062,-0.009205401,0,6.421226,-1.071965,-7.011384,1,0.007561496,-0.03089989,-0.9994938,0,0.05366731,0.9980944,-0.03045062,0,-0.9985303,0.0534099,-0.00920541,0,-6.992105,1.642815,6.32079,1,1.0,1.0,0.001645698,-0.003861603,-0.01777014,2.76,29,0.009616410243988183,-0.27703007756424763,0.9608131247952256,0.026735486257478226,-0.22117899670492847,0.9748666909845557
0.007691741,0.05581509,-0.9984115,0,-0.03198854,0.9979438,0.05554251,0,-0.9994586,-0.0315105,-0.009461403,0,6.423678,-1.049712,-7.01222,1,0.007691776,-0.03198854,-0.9994586,0,0.0558151,0.9979438,-0.03151051,0,-0.9984115,0.0555425,-0.009461368,0,-6.991901,1.642514,6.320778,1,1.0,1.0,0.001646043,-0.003860817,-0.01775127,2.8,30,0.008408312036720733,-0.2767360989899038,0.9609091693831124,0.025529291264212158,-0.22087872807169837,0.9749670983027969
0.007458329,0.05665005,-0.9983664,0,-0.03172357,0.9979049,0.05638687,0,-0.9994689,-0.03125118,-0.009239852,0,6.421762,-1.045346,-7.014653,1,0.007458336,-0.03172356,-0.9994689,0,0.05665002,0.9979048,-0.03125119,0,-0.9983661,0.05638686,-0.009239844,0,-6.991868,1.642412,6.320869,1,1.0,1.0,0.001646027,-0.003872871,-0.01763722,2.82,31,0.007404391536459717,-0.280112887892372,0.9599385110633754,0.0245082341220134,-0.22430483324007663,0.9742108027759505
0.0069803,0.05761587,-0.9983144,0,-0.03109245,0.9978685,0.05737273,0,-0.9994921,-0.03063956,-0.008756876,0,6.417544,-1.042284,-7.018935,1,0.006980336,-0.03109245,-0.9994922,0,0.05761586,0.9978685,-0.03063956,0,-0.9983144,0.05737273,-0.008756841,0,-6.991848,1.642295,6.320886,1,1.0,1.0,0.001650711,-0.00388543,-0.01760383,2.84,32,0.008672362847514893,-0.2750846834887823,0.9613808855144341,0.025801705599767286,-0.219203133342857,0.9753380225956624
0.006309092,0.0589607,-0.9982404,0,-0.03139227,0.9977799,0.05873509,0,-0.9994872,-0.03096646,-0.008145988,0,6.413313,-1.030525,-7.024373,1,0.006309085,-0.03139226,-0.9994872,0,0.0589607,0.9977798,-0.03096646,0,-0.9982404,0.05873509,-0.008145995,0,-6.991714,1.642143,6.320891,1,1.0,1.0,0.001647147,-0.003881775,-0.01758244,2.86,33,0.008129087780898641,-0.2741739669801559,0.9616457527396535,0.02526323642247239,-0.2182781021110181,0.9755595517569772
0.006074607,0.05975443,-0.9981946,0,-0.03130167,0.9977353,0.05953645,0,-0.9994915,-0.0308835,-0.007931292,0,6.411505,-1.025443,-7.026481,1,0.006074635,-0.03130167,-0.9994915,0,0.05975443,0.9977352,-0.0308835,0,-0.9981947,0.05953644,-0.007931263,0,-6.991468,1.642143,6.320846,1,1.0,1.0,0.001647384,-0.003874443,-0.01757671,2.88,34,0.008080378327668405,-0.2733505991395087,0.9618805317897607,0.025218718199814437,-0.21744251725669894,0.9757472869249642
0.005308092,0.06094194,-0.9981273,0,-0.03118597,0.9976658,0.06074792,0,-0.9994996,-0.0308051,-0.007196248,0,6.405947,-1.017424,-7.032243,1,0.005308103,-0.03118596,-0.9994994,0,0.06094193,0.9976659,-0.0308051,0,-0.9981271,0.06074792,-0.007196234,0,-6.991073,1.642019,6.320792,1,1.0,1.0,0.001647384,-0.003873268,-0.01757615,2.9,35,0.008450183166678947,-0.27254721913437846,0.9621052997185736,0.025592469435596593,-0.21662789426978277,0.9759187368487336
0.005097568,0.0628057,-0.9980128,0,-0.03098618,0.9975564,0.06261872,0,-0.9995069,-0.03060539,-0.007031202,0,6.404109,-1.005349,-7.035361,1,0.00509755,-0.03098617,-0.9995067,0,0.0628057,0.9975564,-0.0306054,0,-0.9980127,0.06261871,-0.007031219,0,-6.990883,1.641876,6.320714,1,1.0,1.0,0.001174087,-0.003878647,-0.01763515,2.92,36,0.06819776721992361,-0.2802663734851262,0.9574966446101588,0.08524844642633889,-0.22466133058212379,0.9707007720832231
0.004624844,0.06525084,-0.9978582,0,-0.03081792,0.9974042,0.06507831,0,-0.9995143,-0.03045094,-0.006623685,0,6.400546,-0.9888659,-7.040448,1,0.004624797,-0.03081792,-0.9995143,0,0.06525084,0.9974042,-0.03045094,0,-0.9978582,0.06507832,-0.006623734,0,-6.990446,1.641731,6.320691,1,1.0,1.0,0.001109496,-0.00387722,-0.01763849,2.94,37,0.09305870845635594,-0.27834450953038176,0.9559625572137884,0.11007810482317996,-0.2228566664332914,0.968616393142702
0.004374027,0.0679099,-0.9976819,0,-0.03123175,0.997214,0.06774112,0,-0.9995026,-0.03086305,-0.00648278,0,6.399458,-0.9671729,-7.044169,1,0.004374021,-0.03123175,-0.9995025,0,0.0679099,0.997214,-0.03086305,0,-0.9976819,0.06774112,-0.006482786,0,-6.99015,1.641524,6.320759,1,1.0,1.0,0.001117896,-0.003876145,-0.01764142,2.96,38,0.09057204207063212,-0.27945991108866963,0.9558759664775908,0.10759029029315408,-0.22397264922242213,0.9686385196939695
0.004468501,0.06835517,-0.9976511,0,-0.03133846,0.9971805,0.06818256,0,-0.9994988,-0.03096017,-0.006598055,0,6.400215,-0.9633808,-7.043743,1,0.004468509,-0.03133846,-0.9994988,0,0.06835515,0.9971805,-0.03096017,0,-0.997651,0.06818256,-0.006598047,0,-6.989944,1.641498,6.320706,1,1.0,1.0,0.001120178,-0.003875397,-0.01763556,2.98,39,0.0895879071870798,-0.27665716427077647,0.9567835807242366,0.10662248431834087,-0.22112122298925296,0.9694003561901153
0.004188955,0.06783485,-0.9976879,0,-0.03125161,0.9972181,0.0676717,0,-0.9995029,-0.03089587,-0.006297231,0,6.398105,-0.9674426,-7.044803,1,0.004188935,-0.0312516,-0.9995027,0,0.06783483,0.997218,-0.03089587,0,-0.9976876,0.06767169,-0.006297248,0,-6.989687,1.641436,6.32067,1,1.0,1.0,0.001121184,-0.00385923,-0.01763354,3.0,40,0.08723709703838489,-0.2762115603265176,0.9571294911569205,0.10427821113712132,-0.22065399996683105,0.9697617578460596
0.004095376,0.06701493,-0.9977437,0,-0.03154042,0.9972642,0.06685327,0,-0.9994941,-0.03119546,-0.00619787,0,6.397835,-0.9714656,-7.044295,1,0.004095394,-0.03154042,-0.999494,0,0.06701491,0.9972641,-0.03119546,0,-0.9977435,0.06685326,-0.006197849,0,-6.989498,1.641532,6.320632,1,1.0,1.0,0.001121247,-0.003853378,-0.01763628,3.02,41,0.08718926075009104,-0.2757880696302458,0.9572559602632282,0.10423263598011438,-0.22022387276001218,0.969864425300371
0.003975093,0.06642573,-0.9977835,0,-0.03187089,0.9972929,0.0662661,0,-0.9994842,-0.03153683,-0.006081402,0,6.397555,-0.9734461,-7.044344,1,0.003975115,-0.03187088,-0.9994839,0,0.06642573,0.9972929,-0.03153683,0,-0.9977834,0.0662661,-0.006081379,0,-6.989499,1.641508,6.320714,1,1.0,1.0,0.001121804,-0.003844338,-0.01763766,3.04,42,0.08696686422254794,-0.27381187047862354,0.9578433191875874,0.10402074083364679,-0.21821686712732644,0.9703407053079626
0.003783941,0.06664158,-0.9977698,0,-0.03232159,0.9972638,0.06648521,0,-0.9994703,-0.03199793,-0.005927563,0,6.396887,-0.9689472,-7.045679,1,0.003783955,-0.03232159,-0.9994704,0,0.06664159,0.9972638,-0.03199793,0,-0.9977698,0.06648522,-0.00592755,0,-6.989599,1.641487,6.320732,1,1.0,1.0,0.001122307,-0.003818489,-0.01764661,3.06,43,0.08499487908963278,-0.27071805456099435,0.9588991633447435,0.10206788273840835,-0.2150652942425873,0.9712512890728372
0.00377351,0.06733068,-0.9977236,0,-0.03275311,0.9972037,0.06717172,0,-0.9994564,-0.03242507,-0.005968273,0,6.39742,-0.9613496,-7.046059,1,0.003773536,-0.0327531,-0.9994562,0,0.06733069,0.9972037,-0.03242507,0,-0.9977236,0.06717172,-0.005968247,0,-6.989432,1.641493,6.320717,1,1.0,1.0,0.00112243,-0.003801506,-0.01764315,3.08,44,0.08459163355604596,-0.27309161012301236,0.9582615655512539,0.1016533399562802,-0.21747124883956537,0.9707589064252219
0.003527701,0.06877337,-0.9976261,0,-0.03318616,0.9970908,0.06861912,0,-0.9994429,-0.03286532,-0.005799711,0,6.396353,-0.9482126,-7.048457,1,0.003527649,-0.03318616,-0.999443,0,0.06877337,0.9970909,-0.03286531,0,-0.9976261,0.06861912,-0.005799762,0,-6.989076,1.641384,6.320747,1,1.0,1.0,0.001122504,-0.003798187,-0.01764772,3.1,45,0.0840132609355732,-0.27219267221237337,0.9585681619899851,0.10108052236489116,-0.2165555344556067,0.971023392352155
0.003480971,0.06945944,-0.9975787,0,-0.03292195,0.997052,0.06930789,0,-0.9994519,-0.03260098,-0.005757451,0,6.395703,-0.9449469,-7.049383,1,0.003480973,-0.03292194,-0.9994518,0,0.06945943,0.9970519,-0.03260097,0,-0.9975786,0.06930787,-0.005757448,0,-6.988942,1.641298,6.320804,1,1.0,1.0,0.001120767,-0.003793045,-0.01767687,3.12,46,0.08373045150306033,-0.27021643373052673,0.9591518599434865,0.10080815867077014,-0.21454863856797554,0.9714970904918023
0.003112793,0.07303506,-0.9973245,0,-0.0332074,0.9967868,0.07289205,0,-0.9994436,-0.03289165,-0.005528092,0,6.393561,-0.9174101,-7.054668,1,0.00311279,-0.0332074,-0.9994437,0,0.07303508,0.9967869,-0.03289166,0,-0.9973245,0.07289205,-0.005528095,0,-6.988692,1.641005,6.32083,1,1.0,1.0,0.00112085,-0.003786522,-0.01771484,3.16,47,0.08374458426920428,-0.2688518075166435,0.9595340276408189,0.10082909898904717,-0.21316426234429459,0.971799614147006
0.003054917,0.07620232,-0.9970878,0,-0.03345465,0.996542,0.07605811,0,-0.9994356,-0.03312486,-0.005593657,0,6.393508,-0.8930928,-7.057704,1,0.003054899,-0.03345465,-0.9994355,0,0.07620232,0.996542,-0.03312487,0,-0.9970877,0.0760581,-0.005593674,0,-6.988626,1.640693,6.320837,1,1.0,1.0,0.00112127,-0.003783219,-0.01772355,3.18,48,0.0843814338751535,-0.26955335360038873,0.9592813785224626,0.10146134556181291,-0.21387986292344396,0.9715765536449688
0.002929389,0.07920376,-0.9968541,0,-0.03388145,0.996294,0.07905969,0,-0.9994215,-0.03354326,-0.005602062,0,6.393289,-0.8687799,-7.060769,1,0.00292938,-0.03388145,-0.9994216,0,0.07920377,0.996294,-0.03354327,0,-0.9968541,0.07905969,-0.005602072,0,-6.988475,1.640396,6.320894,1,1.0,1.0,0.00112127,-0.00377327,-0.0177384,3.2,49,0.08448430485221425,-0.2673091101279966,0.9599001207814365,0.10157522549318405,-0.211603783750338,0.9720629157974029
0.003178596,0.08426222,-0.9964385,0,-0.03477766,0.9958501,0.08410152,0,-0.99939,-0.03438647,-0.006095827,0,6.396345,-0.8268397,-7.063055,1,0.003178575,-0.03477765,-0.99939,0,0.08426223,0.9958501,-0.03438647,0,-0.9964387,0.08410153,-0.006095849,0,-6.988561,1.639872,6.320956,1,1.0,1.0,0.002281503,-0.003850739,-0.01764655,3.24,50,-0.05530333556884549,-0.27920662250278655,0.9586371592138216,-0.03821272558016952,-0.22341067350843893,0.9739750810807433
0.003261626,0.08928756,-0.9960006,0,-0.03569743,0.9953814,0.08911517,0,-0.9993575,-0.03526399,-0.006433904,0,6.398307,-0.7849989,-7.065811,1,0.003261632,-0.03569741,-0.9993572,0,0.08928756,0.9953814,-0.03526399,0,-0.9960005,0.08911516,-0.006433896,0,-6.988329,1.639447,6.321052,1,1.0,1.0,0.002308366,-0.003836586,-0.01773183,3.26,51,-0.05138437624646052,-0.27236953980108597,0.9608196915479544,-0.03425549820880868,-0.21646315273253552,0.9756896352588548
0.003540993,0.09373627,-0.9955907,0,-0.03613707,0.9949587,0.09354823,0,-0.9993406,-0.03564648,-0.006910503,0,6.40099,-0.7503427,-7.066958,1,0.003541,-0.03613707,-0.9993406,0,0.09373627,0.9949587,-0.03564648,0,-0.9955907,0.09354823,-0.006910495,0,-6.98813,1.638975,6.321186,1,1.0,1.0,0.002299583,-0.003844841,-0.01770718,3.28,52,-0.05209482146520686,-0.2704996281615651,0.9613095655099677,-0.03495710163138366,-0.21456737713921747,0.9760834194438146
0.003971756,0.09715821,-0.9952611,0,-0.03573163,0.9946471,0.09695569,0,-0.9993535,-0.03517722,-0.00742209,0,6.403677,-0.7286859,-7.066685,1,0.003971728,-0.03573162,-0.9993535,0,0.09715821,0.9946471,-0.03517721,0,-0.995261,0.09695568,-0.007422116,0,-6.987831,1.638754,6.321454,1,1.0,1.0,0.002297416,-0.003830231,-0.01770191,3.3,53,-0.048839147789901366,-0.2657982951995683,0.9627907373423152,-0.03167555204874705,-0.20979181020474486,0.9772328564745576
0.004703224,0.1009875,-0.9948766,0,-0.0348212,0.9943008,0.1007645,0,-0.9993825,-0.03416888,-0.008192897,0,6.407662,-0.7073685,-7.065053,1,0.004703195,-0.03482119,-0.9993825,0,0.1009875,0.9943008,-0.03416888,0,-0.9948765,0.1007645,-0.008192925,0,-6.987556,1.638366,6.321652,1,1.0,1.0,0.002296745,-0.003814141,-0.01770781,3.32,54,-0.04812220365411255,-0.2629776273633711,0.9636010694378684,-0.030944282540090896,-0.20692985001944073,0.9778662937994185
0.005027294,0.1033869,-0.9946285,0,-0.03433434,0.9940725,0.1031556,0,-0.9993978,-0.03363132,-0.008547246,0,6.409317,-0.6934751,-7.064918,1,0.005027324,-0.03433434,-0.9993978,0,0.1033869,0.9940724,-0.03363131,0,-0.9946284,0.1031556,-0.008547216,0,-6.987494,1.63821,6.321749,1,1.0,1.0,0.002295646,-0.003797653,-0.01770927,3.34,55,-0.0475493362859572,-0.2631530628381266,0.9635816136361661,-0.03037185280568347,-0.20710670401372977,0.9778467997133903
0.006075978,0.1090572,-0.994017,0,-0.03364084,0.9934949,0.1087943,0,-0.9994156,-0.03277852,-0.009705245,0,6.415765,-0.657816,-7.062172,1,0.006075994,-0.03364082,-0.9994154,0,0.1090572,0.9934949,-0.03277853,0,-0.9940168,0.1087943,-0.009705228,0,-6.98716,1.637693,6.321912,1,1.0,1.0,0.002294784,-0.003789421,-0.01771133,3.36,56,-0.04762761026864059,-0.2638193988375548,0.9633955239345308,-0.030453430268849883,-0.20778258047569867,0.9777008682801298
0.007122517,0.1175951,-0.9930361,0,-0.03290261,0.9925511,0.1173017,0,-0.9994332,-0.03183799,-0.01093864,0,6.422255,-0.6018565,-7.061037,1,0.007122515,-0.0329026,-0.9994331,0,0.1175951,0.9925511,-0.03183799,0,-0.9930361,0.1173017,-0.01093865,0,-6.986831,1.636954,6.322214,1,1.0,1.0,0.002284775,-0.003741722,-0.01771153,3.38,57,-0.04626759769074384,-0.2524448895931334,0.9665044682370785,-0.029038235748363155,-0.19624913850062367,0.9801240005746137
0.008383155,0.1301103,-0.9914641,0,-0.03272713,0.9910035,0.1297732,0,-0.9994292,-0.03135986,-0.01256591,0,6.430979,-0.5136921,-7.059944,1,0.00838319,-0.03272712,-0.999429,0,0.1301103,0.9910035,-0.03135986,0,-0.991464,0.1297732,-0.01256587,0,-6.986756,1.635729,6.322483,1,1.0,1.0,0.002281861,-0.003731797,-0.01771442,3.4,58,-0.04496909891666902,-0.251107757060206,0.9669139953929797,-0.02773264582460612,-0.19489195247204455,0.9804325714791412
0.009780943,0.1477533,-0.9889759,0,-0.03325983,0.988524,0.1473568,0,-0.9993988,-0.03145187,-0.01458299,0,6.441743,-0.3842884,-7.058167,1,0.00978099,-0.03325983,-0.9993989,0,0.1477533,0.988524,-0.03145188,0,-0.9889759,0.1473568,-0.01458295,0,-6.986584,1.634199,6.322856,1,1.0,1.0,0.002266471,-0.003701248,-0.01774712,3.42,59,-0.04599997743816123,-0.24337505494775682,0.9688408459106505,-0.028729026378772858,-0.18705995885729026,0.9819283145095861
0.01050693,0.1582718,-0.9873397,0,-0.03383863,0.986885,0.1578388,0,-0.9993721,-0.03175182,-0.01572484,0,6.447703,-0.3052948,-7.056323,1,0.01050694,-0.03383863,-0.9993721,0,0.1582718,0.9868849,-0.03175182,0,-0.9873396,0.1578388,-0.01572483,0,-6.986413,1.633234,6.323001,1,1.0,1.0,0.002266471,-0.003701248,-0.01774712,3.44,60,-0.04599997743816123,-0.24337505494775682,0.9688408459106505,-0.028729026378772858,-0.18705995885729026,0.9819283145095861
0.0119558,0.1814746,-0.983323,0,-0.03621054,0.9828268,0.1809427,0,-0.9992727,-0.03344334,-0.01832175,0,6.46126,-0.1239256,-7.04872,1,0.01195578,-0.03621054,-0.9992726,0,0.1814746,0.9828268,-0.03344334,0,-0.983323,0.1809428,-0.01832177,0,-6.985929,1.631178,6.323271,1,1.0,1.0,0.002233016,-0.003649193,-0.0177197,3.46,61,-0.04307455460827753,-0.23016502718321888,0.9721978414947476,-0.025744250151173407,-0.17368135916881983,0.9844653468057802
0.01323408,0.2004313,-0.9796184,0,-0.03828066,0.9790875,0.1998055,0,-0.9991794,-0.0348562,-0.02062994,0,6.473025,0.02532578,-7.037975,1,0.01323406,-0.03828065,-0.9991793,0,0.2004313,0.9790874,-0.03485619,0,-0.9796184,0.1998055,-0.02062996,0,-6.98527,1.629222,6.323402,1,1.0,1.0,0.002209999,-0.003413262,-0.01799851,3.48,62,-0.04148545995498656,-0.21701316350093128,0.9752867493612539,-0.024100366952963144,-0.1603749113506348,0.9867619065012637
0.01451159,0.2142355,-0.9766743,0,-0.03943766,0.9761397,0.2135322,0,-0.9991167,-0.03541905,-0.02261424,0,6.483545,0.1312999,-7.026307,1,0.01451155,-0.03943765,-0.9991166,0,0.2142355,0.9761397,-0.03541905,0,-0.9766743,0.2135323,-0.02261428,0,-6.984628,1.627872,6.323573,1,1.0,1.0,0.002202964,-0.003028114,-0.01832217,3.5,63,-0.03772542786557046,-0.1914250598545121,0.9807819526031544,-0.02024301353436542,-0.13451640541251186,0.9907045760861027
0.01496762,0.2249719,-0.9742503,0,-0.03986716,0.9737189,0.2242367,0,-0.9990929,-0.03548431,-0.02354324,0,6.487291,0.2117605,-7.020096,1,0.01496762,-0.03986716,-0.9990929,0,0.2249719,0.973719,-0.0354843,0,-0.9742504,0.2242367,-0.02354325,0,-6.984071,1.626598,6.323645,1,1.0,1.0,0.002180299,-0.002860726,-0.01809378,3.52,64,-0.03918175715665526,-0.18154701738376647,0.9826013791895344,-0.021666691482797346,-0.12454839856406719,0.9919769407074519
0.01474577,0.2329226,-0.9723834,0,-0.03857886,0.9718976,0.2322212,0,-0.9991468,-0.03408918,-0.02331728,0,6.483897,0.2621264,-7.020119,1,0.01474577,-0.03857887,-0.9991467,0,0.2329227,0.9718976,-0.03408916,0,-0.9723834,0.2322212,-0.02331727,0,-6.982913,1.625602,6.32361,1,1.0,1.0,0.002168336,-0.002711777,-0.01820084,3.56,65,-0.03984304605956128,-0.1718716314149452,0.9843133007307483,-0.02229737088880478,-0.11478972660590177,0.9931395400029088
0.01396626,0.2358995,-0.9716771,0,-0.03703193,0.9712272,0.235258,0,-0.9992165,-0.03269739,-0.02230024,0,6.476258,0.2752529,-7.025952,1,0.01396628,-0.03703192,-0.9992164,0,0.2358994,0.9712272,-0.03269741,0,-0.9716771,0.235258,-0.02230023,0,-6.982338,1.625406,6.323503,1,1.0,1.0,0.002155175,-0.00258165,-0.01828636,3.58,66,-0.03700020461662211,-0.16494326530958203,0.985608798706333,-0.019431896491773275,-0.10780111441891983,0.9939825557467153
0.0128507,0.2395231,-0.9708058,0,-0.03521017,0.9703921,0.2389549,0,-0.9992974,-0.03111147,-0.02090389,0,6.466053,0.2921306,-7.034263,1,0.01285072,-0.03521015,-0.9992973,0,0.239523,0.9703921,-0.03111149,0,-0.9708055,0.2389549,-0.02090386,0,-6.981967,1.625061,6.323554,1,1.0,1.0,0.003610466,-0.003964615,-0.01823203,3.6,67,-0.2344370524934616,-0.2949981310218962,0.9262911913171613,-0.21789437023868705,-0.24085687538923553,0.9457853926742685
0.01254922,0.2453217,-0.9693605,0,-0.03399018,0.9689813,0.2447857,0,-0.9993435,-0.02987686,-0.02049851,0,6.462238,0.3275602,-7.03607,1,0.01254925,-0.03399017,-0.9993433,0,0.2453217,0.9689811,-0.02987687,0,-0.9693604,0.2447857,-0.02049849,0,-6.981941,1.624582,6.323552,1,1.0,1.0,0.004341141,-0.004550926,-0.01855846,3.62,68,-0.38655147800526396,-0.3885140653372758,0.8364417349027061,-0.3715856604052317,-0.3392415350899674,0.8641986333309087
0.01239151,0.2477415,-0.9687468,0,-0.03321964,0.9683885,0.2472249,0,-0.9993712,-0.02911793,-0.0202297,0,6.460059,0.340817,-7.03733,1,0.01239153,-0.03321965,-0.9993713,0,0.2477415,0.9683885,-0.02911793,0,-0.968747,0.2472249,-0.02022968,0,-6.981876,1.624361,6.323559,1,1.0,1.0,0.004664147,-0.004635842,-0.01871003,3.64,69,-0.4400040566238405,-0.40071917901669446,0.803629622228269,-0.42561442715395,-0.353263336826092,0.8331010588475506
0.01309764,0.2511,-0.9678726,0,-0.03142601,0.9675807,0.2505991,0,-0.9994203,-0.02713413,-0.02056408,0,6.462537,0.3532892,-7.034358,1,0.01309762,-0.03142601,-0.9994202,0,0.2511,0.9675808,-0.02713411,0,-0.9678724,0.2505991,-0.0205641,0,-6.981716,1.624059,6.323721,1,0.9549195,0.9307968,0.004686249,-0.00462999,-0.01869169,3.66,70,-0.4307914767552584,-0.394954314026102,0.8114368696252314,-0.41626419363885137,-0.3470673712330113,0.8403977397159063
0.01435232,0.2528019,-0.9674118,0,-0.03036786,0.9671752,0.2522895,0,-0.9994359,-0.02575725,-0.02155823,0,6.469815,0.3572047,-7.027266,1,0.01435229,-0.03036782,-0.9994356,0,0.2528018,0.9671752,-0.02575728,0,-0.9674115,0.2522895,-0.02155825,0,-6.981417,1.6239,6.323868,1,0.9189029,0.9089398,0.004695732,-0.004594399,-0.01869621,3.68,71,-0.4366286082364149,-0.3796030249035025,0.8156328843012901,-0.4220256301325067,-0.3314936920564474,0.8438046572744462
0.01618361,0.254302,-0.9669895,0,-0.0299579,0.9668052,0.2537522,0,-0.9994201,-0.02486233,-0.02326477,0,6.481997,0.362649,-7.015426,1,0.01618363,-0.02995789,-0.9994202,0,0.254302,0.9668052,-0.02486235,0,-0.9669895,0.2537521,-0.02326476,0,-6.980967,1.623755,6.324043,1,0.9269612,0.8990616,0.004719003,-0.004563301,-0.01868533,3.7,72,-0.42977687604704756,-0.3692541792295421,0.8239800895268998,-0.415026248030456,-0.3206878148844191,0.85141795778009
0.01806855,0.2552342,-0.9667106,0,-0.02993075,0.966573,0.2546385,0,-0.9993888,-0.02433338,-0.02510393,0,6.495095,0.3663729,-7.003103,1,0.01806856,-0.02993071,-0.9993885,0,0.2552341,0.9665731,-0.02433342,0,-0.9667103,0.2546385,-0.02510392,0,-6.980839,1.623536,6.324233,1,0.9321463,0.9059007,0.004722816,-0.004564758,-0.01868501,3.72,73,-0.4283944990285622,-0.3678408980561737,0.8253309802250819,-0.41362001914628016,-0.3192004146627565,0.8526602928719942
0.0190599,0.2558156,-0.9665377,0,-0.02987339,0.9664274,0.2551973,0,-0.999372,-0.0240097,-0.02606207,0,6.501871,0.368636,-6.996624,1,0.01905989,-0.02987337,-0.9993719,0,0.2558156,0.9664274,-0.02400973,0,-0.9665377,0.2551973,-0.02606208,0,-6.980728,1.623492,6.324291,1,0.9212541,0.9214646,0.004726417,-0.004564697,-0.01868628,3.74,74,-0.4270148160107949,-0.3671724447077102,0.8263429934080825,-0.4122225222490064,-0.3184761394224721,0.8536073692097705
0.02093309,0.2573575,-0.9660896,0,-0.029613,0.9660369,0.2567018,0,-0.9993423,-0.02323521,-0.02784324,0,6.514387,0.3751024,-6.984154,1,0.02093307,-0.02961295,-0.9993421,0,0.2573574,0.9660369,-0.02323524,0,-0.9660895,0.2567018,-0.02784326,0,-6.980219,1.623392,6.324356,1,0.9074648,0.9039382,0.004728402,-0.004563301,-0.01868407,3.76,75,-0.4257671252995448,-0.36604230112906144,0.8274873949482874,-0.41095463769127233,-0.3172831732354378,0.8546623156204363
0.02319825,0.2595252,-0.9654577,0,-0.02956212,0.9654734,0.258819,0,-0.9992937,-0.02253683,-0.03006941,0,6.529911,0.3868594,-6.968567,1,0.02319825,-0.02956212,-0.9992937,0,0.2595252,0.9654734,-0.02253683,0,-0.9654577,0.2588191,-0.0300694,0,-6.979738,1.623134,6.324477,1,0.9173524,0.9198504,0.004737664,-0.004534088,-0.0186675,3.78,76,-0.4245354580733866,-0.3632617462334019,0.8293434442749752,-0.4096900933162227,-0.3144014927119989,0.8563327208620557
0.02599078,0.2624794,-0.9645875,0,-0.02944131,0.9646959,0.2617155,0,-0.9992285,-0.02159654,-0.03280091,0,6.54893,0.4028915,-6.949438,1,0.02599076,-0.02944131,-0.9992285,0,0.2624793,0.9646958,-0.02159653,0,-0.9645875,0.2617155,-0.03280094,0,-6.979303,1.622917,6.32463,1,0.9173524,0.9198504,0.005032738,-0.004285279,-0.0187194,3.8,77,-0.47206663290535417,-0.3306358651795559,0.8172105106729649,-0.4574299168373983,-0.28248064357886565,0.8431859564683231
0.02929068,0.2664032,-0.9634165,0,-0.02864628,0.9636579,0.265599,0,-0.9991603,-0.01981872,-0.03585768,0,6.570433,0.4210271,-6.927813,1,0.02929071,-0.02864628,-0.9991604,0,0.2664032,0.9636579,-0.01981873,0,-0.9634165,0.265599,-0.03585766,0,-6.978985,1.622513,6.324845,1,0.8859206,0.8208767,0.005141549,-0.004211136,-0.01875968,3.82,78,-0.49658039557316397,-0.3021653303675579,0.8136977472355841,-0.4820023809584218,-0.25423484373865585,0.8384738212845967
0.03566867,0.2748348,-0.9608296,0,-0.02840178,0.9613318,0.2739241,0,-0.99896,-0.01751877,-0.04209524,0,6.613885,0.4698347,-6.883135,1,0.03566869,-0.02840179,-0.9989599,0,0.2748348,0.961332,-0.01751877,0,-0.9608297,0.2739241,-0.04209523,0,-6.978556,1.621636,6.32549,1,0.8822035,0.7761439,0.005149674,-0.004204514,-0.01875854,3.86,79,-0.4956041964636009,-0.3031910655467813,0.8139113331440199,-0.48102253097943376,-0.2552475597642837,0.8387288047542651
0.04133642,0.2825306,-0.9583672,0,-0.02839494,0.9591318,0.2815312,0,-0.9987417,-0.01557529,-0.04766953,0,6.652555,0.515437,-6.842505,1,0.04133644,-0.02839495,-0.9987418,0,0.2825306,0.9591318,-0.01557529,0,-0.9583673,0.2815313,-0.04766952,0,-6.978252,1.620906,6.326034,1,0.8909843,0.789669,0.005149803,-0.004199463,-0.01875417,3.88,80,-0.49166139040849816,-0.3036729349621726,0.8161199824492978,-0.47704099528659205,-0.2556053293966058,0.840891077607576
0.04897583,0.2902142,-0.9557077,0,-0.02914169,0.9568638,0.2890719,0,-0.9983749,-0.01369341,-0.0553205,0,6.705595,0.5614463,-6.787149,1,0.04897579,-0.02914168,-0.9983746,0,0.2902142,0.9568638,-0.01369341,0,-0.9557076,0.2890719,-0.05532051,0,-6.977881,1.620158,6.326915,1,0.8978254,0.8131403,0.005153342,-0.004150994,-0.01872746,3.9,81,-0.4851143254746456,-0.2942907492219092,0.8234421935641182,-0.47036449630380206,-0.24582329091643695,0.8475424179708548
0.05871177,0.2976123,-0.9528798,0,-0.03117982,0.9546074,0.2962307,0,-0.997788,-0.0123184,-0.06532621,0,6.774221,0.6084977,-6.715077,1,0.05871179,-0.03117983,-0.9977878,0,0.2976122,0.9546072,-0.01231839,0,-0.9528797,0.2962307,-0.06532618,0,-6.977484,1.619555,6.32806,1,0.8945446,0.8124523,0.005159104,-0.004118263,-0.01870311,3.92,82,-0.4786302114344442,-0.2910592532378443,0.8283704677297757,-0.4637935954679143,-0.2423196744310159,0.8521600062116217
0.06487495,0.3014075,-0.951286,0,-0.03251965,0.9534263,0.2998679,0,-0.9973635,-0.01148154,-0.07165515,0,6.817293,0.6318575,-6.669471,1,0.06487495,-0.03251962,-0.9973633,0,0.3014074,0.9534262,-0.01148157,0,-0.9512857,0.2998679,-0.07165512,0,-6.97729,1.619226,6.328671,1,0.9122304,0.8074899,0.005156059,-0.004053352,-0.01868575,3.94,83,-0.4712379597900633,-0.2866881089844769,0.8341131298689665,-0.4563001897393505,-0.23763228235461992,0.8575086210801423
0.07908952,0.3088085,-0.9478303,0,-0.03433836,0.9510883,0.3070047,0,-0.996276,-0.008266047,-0.08582509,0,6.913964,0.6675527,-6.566505,1,0.07908951,-0.03433832,-0.9962759,0,0.3088085,0.9510883,-0.008266078,0,-0.9478302,0.3070047,-0.08582509,0,-6.9769,1.61846,6.330163,1,0.9042842,0.8052023,0.005135658,-0.004023758,-0.01866753,3.96,84,-0.4645872617218399,-0.28118304426647533,0.8396992151138644,-0.4495510098745912,-0.23182112302356672,0.862648744530952
0.0971936,0.3135775,-0.9445753,0,-0.03642404,0.9495536,0.3114823,0,-0.9945987,-0.004131168,-0.1037123,0,7.03458,0.6775339,-6.437117,1,0.09719362,-0.03642406,-0.9945987,0,0.3135775,0.9495536,-0.004131165,0,-0.9445753,0.3114823,-0.1037123,0,-6.976518,1.617921,6.331775,1,0.9098727,0.8147867,0.00505947,-0.003929298,-0.01861698,3.98,85,-0.4523065885061905,-0.2695978372279283,0.8501386687805202,-0.4370862671918534,-0.21966588295414896,0.8721826041020688
0.1179286,0.3158472,-0.9414529,0,-0.03921328,0.94881,0.3134035,0,-0.9922476,4.181266e-05,-0.1242772,0,7.17066,0.6682692,-6.287538,1,0.1179286,-0.03921325,-0.9922475,0,0.3158472,0.9488101,4.177408e-05,0,-0.9414527,0.3134035,-0.1242772,0,-6.976116,1.617661,6.333643,1,0.9245248,0.8321478,0.00509543,-0.00387146,-0.01861234,4.0,86,-0.43390548186307887,-0.2725605292557474,0.8587413992005952,-0.4185347911447029,-0.22214652477042632,0.8806131671363325
0.139466,0.3182434,-0.9376942,0,-0.0425715,0.9480003,0.3154094,0,-0.9893113,0.004069835,-0.1457619,0,7.309602,0.6609715,-6.127843,1,0.139466,-0.04257151,-0.9893113,0,0.3182434,0.9480003,0.004069837,0,-0.9376941,0.3154095,-0.1457619,0,-6.975833,1.617359,6.335575,1,0.9296296,0.879623,0.004938904,-0.003820854,-0.01856438,4.02,87,-0.4394941629703119,-0.2578469920546079,0.8604416362562982,-0.4240922886439781,-0.2073536965446013,0.881561214687898
0.1503849,0.3194015,-0.9356105,0,-0.04402556,0.9475979,0.3164174,0,-0.9876468,0.006393626,-0.1565662,0,7.378665,0.6553022,-6.046593,1,0.1503849,-0.04402553,-0.9876467,0,0.3194015,0.9475979,0.006393627,0,-0.9356105,0.3164174,-0.1565662,0,-6.9762,1.617134,6.336632,1,0.9296296,0.879623,0.004840744,-0.003802407,-0.01852824,4.04,88,-0.4287721466579794,-0.2527956536892109,0.8673227794345957,-0.41324936046566524,-0.20192501982261116,0.8879477757415447
